0,1,2,3,4,5,6,7,8,9,10,11,12,13,14,15,16,17,18,19,20,21,22,23,24,25,26,27,28,29,30,31,32,33,34,35,36,37,38,39,40,41,42,43,44,45,46,47,48,49,50,51,52,53,54,55,56,57,58,59,60,61,62,63,64,65,66,67,68,69,70,71,72,73,74,75,76,77,78,79,80,81,82,83,84,85,86,87,88,89,90,91,92,93,94,95,96,97,98,99
0.9148869,-0.004460865,0.053203985,-0.11177662,-0.16054592,-0.09416609,0.40818852,-0.05083824,0.017575728,-0.19177407,-0.117022775,-0.19391203,0.18570146,-0.017335415,0.07060103,0.1687909,0.2171906,0.109570175,0.09702899,0.56582,0.1433797,-0.23888993,0.018755263,-0.7400242,-0.39763802,-0.63543975,0.34193558,-0.71424407,-0.20052354,-0.6007266,-0.15299442,0.15970623,0.47094035,0.10032146,-0.11803375,0.11413476,0.18216947,0.64922225,-0.39734077,-0.26205653,0.8364594,-0.14490475,-0.2972142,0.35347274,0.77587646,0.2835307,0.27331173,0.75751007,0.8359536,0.7884797,0.6847583,0.014677565,0.33017105,-0.15198746,-0.11477557,0.07756576,0.04851328,-0.12821825,-0.05747792,-0.1329185,-0.044075884,0.26689267,-0.016412305,0.10702374,0.050343454,0.17672646,0.8082692,0.30637652,0.16591214,0.10021069,0.12622291,0.048716947,0.20548181,0.35503304,-0.23963246,-0.48076892,-0.18243958,-0.67837685,0.15049951,0.35325766,-0.274346,0.45533115,0.32719958,-0.3821587,-0.102632694,0.21704641,0.17180264,-0.08918893,0.584879,0.07271012,0.6768284,0.59029883,0.010280586,0.13307771,-0.04859998,0.5062359,0.5362103,0.6446918,0.83819616,0.7185656
-0.004460865,0.9416465,0.89720947,0.76288116,0.60558224,0.85388136,0.45678705,0.90103424,0.8061116,-0.020419225,0.13071732,0.16630723,-0.1408071,-0.036588877,-0.10788362,0.6791768,0.13989478,0.78177476,-0.007283194,0.4991869,0.0758629,0.5526886,0.47487473,0.22802922,0.21803492,0.36302418,0.03494163,-0.11640148,0.23834734,0.012571022,-0.16986006,-0.25226182,-0.19383317,0.5035807,0.5718638,0.037174825,-0.46754843,-0.2805206,0.10229518,0.45155573,-0.09847914,0.2577495,0.40822273,-0.59347117,-0.21975943,-0.447977,0.27448663,0.11339784,0.014797538,-0.32432142,-0.07336199,0.8844385,0.60585153,0.8524163,0.8683895,0.7569431,0.8637732,0.86976385,0.10848422,0.117475666,0.20236495,-0.20165735,0.06537501,0.051466305,0.19466014,-0.076191224,-0.3074695,0.1003983,0.6281825,0.85889685,0.36741528,0.7038952,0.8055506,-0.37745216,0.34893405,0.4021464,0.3386922,0.31062686,-0.23642719,-0.18182246,0.008117782,-0.14512634,-0.48295015,0.21278168,-0.51052773,0.00021403655,-0.46249118,-0.38643375,0.07803483,-0.5398176,-0.34568512,-0.29976392,-0.4985761,-0.10621281,0.38833335,-0.44054952,-0.55579615,-0.39641216,0.018319717,-0.36851746
0.053203985,0.89720947,0.9617307,0.70636374,0.5117038,0.9268304,0.51317143,0.9427635,0.91429293,0.012246916,0.2164916,0.24481654,-0.026641786,0.04951842,-0.015200943,0.65021515,0.2326292,0.7979601,0.083996646,0.6294038,0.16374224,0.46359873,0.49377304,0.10447705,0.26115167,0.31381774,0.04365079,-0.22021618,0.32773596,-0.04205352,-0.3373369,-0.38246322,-0.25095335,0.44870642,0.47457147,0.03936802,-0.4958272,-0.22061828,0.021950344,0.26809803,-0.03760646,0.22467771,0.3018424,-0.5292033,-0.15895902,-0.4671948,0.22288984,0.13672552,0.15303129,-0.22061493,-0.08368258,0.90667826,0.62587816,0.8039899,0.92842764,0.8730658,0.902109,0.9271556,0.18407166,0.1991632,0.31212902,-0.095124416,0.17922172,0.1729884,0.29852623,0.031838857,-0.22576058,0.2076968,0.6398938,0.88425946,0.46264008,0.62514436,0.8317136,-0.41156077,0.38001215,0.40314475,0.46498436,0.26114386,-0.3176818,-0.25488955,-0.09898402,-0.18265286,-0.5078449,0.08682561,-0.5747396,-0.123077035,-0.45653856,-0.5003643,0.19870482,-0.60046494,-0.34046102,-0.27905387,-0.5902712,-0.24327132,0.25010654,-0.36316004,-0.5334952,-0.35229188,0.1470378,-0.29507282
-0.11177662,0.76288116,0.70636374,0.8936155,0.3053186,0.6895819,0.57063913,0.7866368,0.6364795,0.30700585,0.4413069,0.49311256,0.119679496,0.23879227,0.17702167,0.782037,0.37014994,0.81492263,0.26186416,0.4349522,0.34034938,0.7073617,0.68432117,0.36361128,0.5030161,0.62728655,0.052372076,-0.016272964,0.48987257,0.3248508,-0.19740771,-0.28389734,-0.16174966,0.5869986,0.6608778,-0.28920442,-0.71777785,-0.32853228,0.35151356,0.46690217,-0.18683526,0.5632453,0.63177145,-0.673306,-0.34492505,-0.38307756,0.32635093,-0.061856374,-0.07664643,-0.4782271,-0.3096987,0.82070935,0.6927787,0.86695945,0.71174943,0.6664058,0.8107295,0.72494847,0.40979877,0.4383887,0.47462314,0.035806865,0.30659515,0.2908287,0.4364196,0.1642558,-0.43356782,0.28127557,0.7196707,0.8019703,0.5712441,0.7310364,0.7109386,-0.56865716,0.62332976,0.6250428,0.44060194,0.5438357,-0.44668776,-0.36398202,-0.13736537,-0.3652829,-0.7010832,0.13747373,-0.6556886,-0.16033562,-0.71654,-0.594643,-0.19058354,-0.7022075,-0.53302324,-0.43349606,-0.46432355,0.06447606,0.5046482,-0.6409598,-0.654191,-0.5978999,-0.13263741,-0.5817799
-0.16054592,0.60558224,0.5117038,0.3053186,0.92161256,0.48698723,-0.14140445,0.45124835,0.40605146,-0.41792014,-0.49077255,-0.4497836,-0.7145593,-0.5932051,-0.6811404,0.15280858,-0.5002184,0.21289168,-0.6134747,-0.031811647,-0.584955,0.17519294,-0.17641607,0.30602983,-0.2469098,0.012948764,-0.21295503,0.096937746,-0.34245443,-0.25013554,0.29856348,0.10262039,-0.22158694,0.12754901,0.2599583,0.51260304,0.17131612,-0.29841226,-0.152299,0.49523035,-0.23904583,-0.22162497,0.05064914,-0.26459104,-0.20511001,-0.37176645,-0.053376324,0.020794753,-0.22987828,-0.25104696,0.18299192,0.37482283,0.028220154,0.43837565,0.4959107,0.2320242,0.32130885,0.48291326,-0.48717093,-0.49723434,-0.46301347,-0.7149457,-0.5509511,-0.57910335,-0.47806668,-0.65701675,-0.27284575,-0.5219927,0.043823242,0.34420788,-0.34220576,0.3486607,0.3539133,0.077511206,-0.1575473,0.01403932,-0.07087468,0.030402673,0.33810312,0.2076369,0.47117966,0.11717227,0.035601072,0.5068745,0.07873285,0.28640276,0.13212046,0.30045596,0.1272141,0.06040348,-0.061764866,-0.08974916,-0.20252068,-0.13934068,0.17927444,-0.1206447,-0.26626784,-0.13484034,-0.17130697,-0.14560346
-0.09416609,0.85388136,0.9268304,0.6895819,0.48698723,0.9712302,0.43228006,0.93337107,0.93022764,0.042444956,0.26026338,0.30852214,-0.015958875,0.093409844,0.010965187,0.5694691,0.20017052,0.729885,0.10244284,0.53404325,0.16292724,0.4356348,0.47063792,0.18561067,0.33902422,0.4060897,-0.013555557,-0.09294884,0.3727415,0.07377953,-0.3670634,-0.41658372,-0.36063474,0.35846812,0.42263648,-0.0070876684,-0.521732,-0.29838043,0.0685986,0.22979902,-0.19017816,0.251805,0.31193095,-0.5351192,-0.28501767,-0.49369138,0.13625756,-0.031195793,0.025800562,-0.32871503,-0.20789325,0.8701116,0.51938456,0.7834189,0.9636564,0.88910085,0.8629583,0.9545942,0.23096101,0.26664245,0.35536343,-0.09762126,0.21380135,0.19151643,0.31778303,0.043320753,-0.35611677,0.18188244,0.56657743,0.82218385,0.45485243,0.5285012,0.7441741,-0.4943902,0.39940554,0.4706438,0.53012085,0.3711126,-0.35488302,-0.32887104,-0.10977501,-0.3144074,-0.57560194,0.073821194,-0.5557865,-0.2554003,-0.47231,-0.5051464,0.09510085,-0.6270962,-0.46504503,-0.36339846,-0.60394645,-0.34828603,0.19705433,-0.40485424,-0.5974951,-0.45958516,0.034745842,-0.40132406
0.40818852,0.45678705,0.51317143,0.57063913,-0.14140445,0.43228006,0.86299866,0.5412555,0.4644393,0.37267035,0.53081745,0.50850284,0.48972386,0.44837242,0.476733,0.7463694,0.668411,0.73435855,0.539377,0.73110604,0.6354752,0.43424106,0.7031617,-0.14101319,0.34349215,0.22888473,0.3125627,-0.49233258,0.4820574,0.063072905,-0.40395176,-0.22807418,0.20026869,0.5253819,0.41482753,-0.35720122,-0.6260708,0.17639813,0.18322775,0.119758666,0.35628253,0.5064716,0.37225938,-0.37343067,0.14165092,-0.059761547,0.4444391,0.35014606,0.40691447,0.07293358,0.012029784,0.62720466,0.81992006,0.49534923,0.4304945,0.5871999,0.6626251,0.4392622,0.5626246,0.5096315,0.5938312,0.44608763,0.5227368,0.577677,0.63862526,0.52233624,0.14428636,0.6372137,0.7514318,0.67883235,0.73762107,0.55701995,0.623394,-0.29366702,0.49956608,0.30737898,0.3213789,0.13145675,-0.46286803,-0.22511223,-0.409573,-0.06713852,-0.43433315,-0.24452572,-0.64878076,-0.0862583,-0.5933508,-0.7159474,0.13870028,-0.5728548,-0.06260618,-0.016757106,-0.2523391,0.19578281,0.3693632,-0.27334663,-0.19313642,-0.12214254,0.35272318,-0.07798848
-0.05083824,0.90103424,0.9427635,0.7866368,0.45124835,0.93337107,0.5412555,0.9774034,0.9075463,0.12597021,0.34377998,0.3763082,0.058115527,0.15726793,0.08512738,0.69831276,0.30280524,0.835477,0.18026227,0.58794665,0.25313726,0.5482913,0.581766,0.21110702,0.39062017,0.46477002,0.04561928,-0.11761016,0.43624437,0.13068523,-0.355362,-0.3993098,-0.27797985,0.47524536,0.5246895,-0.10154554,-0.61705446,-0.28636804,0.15592156,0.31588888,-0.1459957,0.36519223,0.42766735,-0.60967255,-0.28286493,-0.46458554,0.248743,0.011456093,0.04162538,-0.3531429,-0.21444751,0.9468296,0.65544784,0.86268926,0.93897724,0.88695776,0.9411751,0.9495544,0.3131672,0.33229887,0.41853723,-0.028000474,0.28162044,0.25735638,0.3929521,0.1151865,-0.3555112,0.26274922,0.6834541,0.91022426,0.5397192,0.6483177,0.81117713,-0.527192,0.48485786,0.5143818,0.52816516,0.41856515,-0.4115806,-0.34492695,-0.14963935,-0.31094253,-0.633448,0.06992467,-0.6311989,-0.21272145,-0.5788355,-0.58099,0.04442364,-0.6920187,-0.4677503,-0.3700398,-0.5784089,-0.21349895,0.32664686,-0.4876519,-0.6195346,-0.49397212,0.02814853,-0.44140103
0.017575728,0.8061116,0.91429293,0.6364795,0.40605146,0.93022764,0.4644393,0.9075463,0.9357583,0.030889563,0.2997524,0.31777024,0.07144034,0.12986891,0.075390115,0.55231655,0.260845,0.7201891,0.16383538,0.61460555,0.22101805,0.36441898,0.47222388,0.060689177,0.31057507,0.3232081,0.037255615,-0.18947144,0.3740106,0.011552606,-0.42925882,-0.41325217,-0.30814075,0.31549013,0.35010374,-0.029032554,-0.5090591,-0.19014797,0.007712103,0.121887416,-0.08551916,0.23144946,0.2352232,-0.4575537,-0.19403568,-0.4354372,0.14510891,0.042459346,0.14497179,-0.21119428,-0.13805334,0.8510176,0.53348243,0.7259582,0.9234982,0.9028482,0.8557065,0.91640246,0.25958094,0.28819418,0.38744134,-0.006830646,0.2757855,0.2556197,0.36828816,0.12182084,-0.24103972,0.25549215,0.5669422,0.8145,0.50127876,0.4759619,0.73196095,-0.4583306,0.3725295,0.4053669,0.5391838,0.28954625,-0.38275373,-0.3058095,-0.18747231,-0.28007883,-0.555861,-0.04191391,-0.56909573,-0.28061253,-0.4484225,-0.5497961,0.16979891,-0.63081443,-0.3816624,-0.27910307,-0.5882799,-0.37868425,0.13619137,-0.3193798,-0.51516455,-0.37676898,0.15005308,-0.30046996
-0.19177407,-0.020419225,0.012246916,0.30700585,-0.41792014,0.042444956,0.37267035,0.12597021,0.030889563,0.8206793,0.59932554,0.7046868,0.4107731,0.43772745,0.44024014,0.30869436,0.42737895,0.28207728,0.42514452,0.09758741,0.5206885,0.38919288,0.47627604,0.3234468,0.70758796,0.54278594,-0.1409975,-0.026616728,0.5856856,0.4006346,-0.26262736,-0.4264629,-0.17150867,0.309754,0.29032955,-0.4174804,-0.53034866,-0.29099518,0.35587752,0.08310272,-0.17232764,0.492661,0.3810696,-0.41397026,-0.32867238,-0.20993936,0.04826191,-0.19635004,-0.14366198,-0.302967,-0.51560026,0.14897272,0.29421723,0.16028415,0.060315706,0.14583227,0.1883699,0.08309465,0.7086602,0.6401404,0.638522,0.3340128,0.4513266,0.474316,0.50980234,0.38661236,-0.21669002,0.34383708,0.37614805,0.1664972,0.49509752,0.24334385,0.14387178,-0.34277925,0.6542815,0.6322546,0.3490131,0.41682068,-0.54936355,-0.6045245,-0.08611966,-0.23392099,-0.4304059,0.06628169,-0.46206838,-0.17786935,-0.45219672,-0.45165828,-0.19974187,-0.31829244,-0.3625968,-0.39205608,-0.10960333,0.24679486,0.28276348,-0.43152052,-0.3947782,-0.32096535,-0.20341885,-0.38206446
-0.117022775,0.13071732,0.2164916,0.4413069,-0.49077255,0.26026338,0.53081745,0.34377998,0.2997524,0.59932554,0.89808434,0.8811805,0.743654,0.7950124,0.7771816,0.41887766,0.7150235,0.45240152,0.78770864,0.31523883,0.80093014,0.3761358,0.6985066,0.07786769,0.68573016,0.5740794,0.23520064,0.004761723,0.74613035,0.5945731,-0.48363647,-0.36623773,-0.014404117,0.2602553,0.23928303,-0.74295795,-0.7831951,-0.027217569,0.50216657,-0.07204576,-0.090556204,0.6958214,0.4884737,-0.3231639,-0.21308261,0.034599487,0.26941916,-0.2314386,0.0019860063,-0.27474156,-0.5324154,0.39355016,0.45394713,0.34254408,0.26898336,0.44476724,0.42885032,0.30381483,0.8284869,0.9041535,0.8841156,0.6823388,0.819626,0.8090558,0.8441708,0.74412185,-0.2534318,0.6910854,0.48550132,0.36845213,0.77980036,0.20560983,0.22347851,-0.6135316,0.63736534,0.55677307,0.47724003,0.5539172,-0.68901885,-0.5185568,-0.5928935,-0.52945805,-0.6615406,-0.37805223,-0.58008564,-0.52163756,-0.72938925,-0.7966604,-0.3593067,-0.6766228,-0.5012757,-0.31949878,-0.178391,0.030716889,0.25078163,-0.44501743,-0.3489357,-0.48038346,-0.05372923,-0.4442301
-0.19391203,0.16630723,0.24481654,0.49311256,-0.4497836,0.30852214,0.50850284,0.3763082,0.31777024,0.7046868,0.8811805,0.9486694,0.65231395,0.70349413,0.6813446,0.43400118,0.650935,0.47083673,0.69272923,0.28986374,0.7294841,0.42916125,0.68206835,0.19703463,0.8068707,0.6589238,0.06083505,0.010103968,0.7937998,0.5884648,-0.495149,-0.5020507,-0.17874311,0.28981793,0.28605148,-0.67494094,-0.80120707,-0.18869306,0.4731893,-0.051916055,-0.19991212,0.6964917,0.4794839,-0.42066377,-0.3424853,-0.14489022,0.15770353,-0.31102037,-0.046301343,-0.3577887,-0.62220347,0.40608037,0.4478051,0.37886786,0.31093368,0.4648038,0.44607037,0.3368958,0.84910715,0.9181215,0.9133512,0.5467582,0.75076383,0.73710763,0.7918857,0.6472107,-0.33968195,0.5946352,0.50962454,0.38844943,0.7625439,0.24930596,0.26937485,-0.6592749,0.74148893,0.6981299,0.5756757,0.5975635,-0.74164915,-0.6702847,-0.4747753,-0.56644714,-0.72596186,-0.25852638,-0.66012657,-0.54514146,-0.7304739,-0.798018,-0.32308748,-0.6948099,-0.5878165,-0.44878277,-0.30478585,0.013360882,0.23105317,-0.5235283,-0.48867023,-0.55049586,-0.117803276,-0.5206739
0.18570146,-0.1408071,-0.026641786,0.119679496,-0.7145593,-0.015958875,0.48972386,0.058115527,0.07144034,0.4107731,0.743654,0.65231395,0.9318595,0.85654414,0.89462364,0.27232504,0.8096807,0.26243508,0.87530196,0.37746173,0.8530358,0.13858494,0.58647025,-0.2839011,0.34587288,0.2101196,0.5028862,-0.14170496,0.6062481,0.38597786,-0.49762297,-0.21006605,0.31560558,0.18246299,0.0587212,-0.69359833,-0.5407784,0.3054884,0.38161623,-0.32029492,0.2899242,0.4975777,0.27425218,-0.040204052,0.19060041,0.3639024,0.39700556,0.08590762,0.2931806,0.106332675,-0.25576615,0.14187227,0.38202387,0.018912977,-0.019934319,0.23765588,0.19057904,-0.00094449986,0.6578397,0.73023236,0.7189177,0.9138081,0.8493857,0.87876284,0.8348578,0.90620434,0.12608801,0.8494245,0.37146068,0.16028932,0.72643185,0.014895126,0.07143805,-0.382667,0.37290478,0.1696162,0.27545857,0.191573,-0.5798011,-0.2693345,-0.7185792,-0.24041303,-0.35332704,-0.60072064,-0.3761149,-0.36993617,-0.5109394,-0.6673535,-0.19795735,-0.45574194,-0.1301432,-0.016924623,0.031114863,0.13638584,0.07391871,-0.15220249,0.06358269,-0.10315906,0.21789515,-0.06460408
-0.017335415,-0.036588877,0.04951842,0.23879227,-0.5932051,0.093409844,0.44837242,0.15726793,0.12986891,0.43772745,0.7950124,0.70349413,0.85654414,0.940184,0.9273974,0.31903362,0.8051679,0.3257681,0.92670095,0.28894413,0.87690425,0.28261214,0.6574122,-0.08331045,0.45190313,0.41232428,0.503423,0.06685889,0.6785517,0.58804846,-0.46016562,-0.20901683,0.2520796,0.22500187,0.16034451,-0.7639091,-0.65470743,0.16020437,0.5704725,-0.1597171,0.099120796,0.6133348,0.44593668,-0.17532,-0.0038772798,0.31828606,0.4426434,-0.09031123,0.08103946,-0.12460529,-0.4339956,0.23869896,0.38054365,0.16161628,0.092118725,0.29656187,0.27143285,0.112927824,0.67406034,0.76674354,0.73790884,0.84076947,0.8895188,0.8923784,0.8836312,0.9008231,-0.11172345,0.82239974,0.40948313,0.2312583,0.75774485,0.1066019,0.08593551,-0.5209496,0.45059615,0.3023754,0.32464856,0.41114485,-0.6483285,-0.34132195,-0.69401515,-0.3798298,-0.50313723,-0.51035297,-0.39170808,-0.41554797,-0.6462189,-0.6831988,-0.4010231,-0.5479163,-0.33395964,-0.1782392,0.021659289,0.13694613,0.1790104,-0.3417551,-0.10816623,-0.32524505,-0.0025449195,-0.29099983
0.07060103,-0.10788362,-0.015200943,0.17702167,-0.6811404,0.010965187,0.476733,0.08512738,0.075390115,0.44024014,0.7771816,0.6813446,0.89462364,0.9273974,0.96188414,0.2872743,0.8235778,0.28267568,0.93896365,0.31576797,0.8931575,0.21481982,0.63552773,-0.1814527,0.39754382,0.32077205,0.53122467,-0.011258284,0.6476178,0.51503575,-0.47437286,-0.18175226,0.3100794,0.20982002,0.1087355,-0.76085293,-0.6055743,0.23621136,0.51380867,-0.23465401,0.19508885,0.574233,0.38031685,-0.09101567,0.10072765,0.37187827,0.4417421,-0.019777708,0.17348827,-0.016083874,-0.34880763,0.17550471,0.38193497,0.08267419,0.010822084,0.24712011,0.21075852,0.032732286,0.6765276,0.75680935,0.7286232,0.89645505,0.8813143,0.9051031,0.8744645,0.93587434,-0.0047361525,0.85617244,0.38306808,0.175129,0.7470881,0.052674167,0.05086693,-0.46170485,0.40951952,0.22787128,0.28372824,0.3094142,-0.6103177,-0.29632968,-0.73049843,-0.31638366,-0.42595476,-0.56630206,-0.37435615,-0.39486247,-0.5923329,-0.67113256,-0.3325656,-0.5004431,-0.2357009,-0.09377506,0.058897886,0.17188117,0.14435375,-0.25937375,-0.014646213,-0.22806756,0.08967663,-0.18656063
0.1687909,0.6791768,0.65021515,0.782037,0.15280858,0.5694691,0.7463694,0.69831276,0.55231655,0.30869436,0.41887766,0.43400118,0.27232504,0.31903362,0.2872743,0.932675,0.5649543,0.89708686,0.3824392,0.6122853,0.48667142,0.7616176,0.80880266,0.1520876,0.36902207,0.47438735,0.2688885,-0.2101103,0.4869424,0.20215753,-0.29145882,-0.26202166,0.10536453,0.7893945,0.75567174,-0.30531925,-0.6998258,-0.16400874,0.344136,0.4389339,0.13684988,0.5427272,0.63793445,-0.67110515,-0.074334875,-0.237355,0.5674669,0.26046556,0.15158194,-0.25467113,-0.1530652,0.78202665,0.8707279,0.7416233,0.5899097,0.6164715,0.7859447,0.5967991,0.42532432,0.39093056,0.46849978,0.21056229,0.3789506,0.39697158,0.528829,0.3065393,-0.17168924,0.4840237,0.886478,0.8278457,0.68250513,0.8444963,0.80645764,-0.46485853,0.599603,0.47766268,0.3434614,0.35445613,-0.49560606,-0.29421136,-0.20684364,-0.105030686,-0.5770837,0.0819266,-0.67601454,0.047885023,-0.71105427,-0.61664975,-0.049131744,-0.6495848,-0.301131,-0.30715573,-0.37610197,0.2838866,0.5413245,-0.59715134,-0.48923343,-0.36458063,0.08284901,-0.36955845
0.2171906,0.13989478,0.2326292,0.37014994,-0.5002184,0.20017052,0.668411,0.30280524,0.260845,0.42737895,0.7150235,0.650935,0.8096807,0.8051679,0.8235778,0.5649543,0.9107002,0.55496836,0.85010874,0.54500747,0.8743336,0.4281112,0.8005066,-0.175002,0.403368,0.3510043,0.5297407,-0.15180662,0.6979877,0.37079898,-0.5423424,-0.29654828,0.2923658,0.4988562,0.37358207,-0.6242695,-0.6822598,0.14017296,0.43476886,-0.08713334,0.3033401,0.5684624,0.4570011,-0.29642007,0.15690295,0.17504607,0.56882286,0.20487776,0.29647118,-0.006850788,-0.27017903,0.40135777,0.6233084,0.27454972,0.20078804,0.42686492,0.4346463,0.21918598,0.6571897,0.6785234,0.72126263,0.77792287,0.8188749,0.85119855,0.8729078,0.8385514,0.036685742,0.8865632,0.6584629,0.43113953,0.8646926,0.35176718,0.39284694,-0.51071227,0.52681744,0.31325424,0.38719958,0.28109586,-0.6833365,-0.35279614,-0.61495733,-0.19206937,-0.50230575,-0.4001666,-0.55584407,-0.24407485,-0.65983355,-0.7472559,-0.1521008,-0.60804015,-0.22120532,-0.18754423,-0.15180019,0.20077722,0.20398027,-0.36932278,-0.16453579,-0.19895592,0.21583089,-0.18894088
0.109570175,0.78177476,0.7979601,0.81492263,0.21289168,0.729885,0.73435855,0.835477,0.7201891,0.28207728,0.45240152,0.47083673,0.26243508,0.3257681,0.28267568,0.89708686,0.55496836,0.9629543,0.37612632,0.6810255,0.47666982,0.7119673,0.8013313,0.15620202,0.41793343,0.49860728,0.22028598,-0.20960215,0.5472996,0.18357886,-0.40017796,-0.37976408,-0.0418078,0.71830225,0.70512676,-0.26710397,-0.73173535,-0.21185817,0.2780528,0.3562395,0.053364195,0.5016802,0.5755354,-0.6900527,-0.1384922,-0.3418243,0.4738033,0.19183165,0.15337911,-0.28749615,-0.20604846,0.8924249,0.8570176,0.80947757,0.7402641,0.7685095,0.90118766,0.7520895,0.44171,0.4227594,0.52116644,0.17601371,0.41668928,0.4207942,0.5566046,0.314326,-0.23605625,0.48316306,0.89468384,0.92402935,0.7220961,0.80298376,0.8766467,-0.549595,0.6248206,0.52815634,0.49937445,0.399188,-0.54422504,-0.36811134,-0.22936592,-0.20671168,-0.65208304,0.051080838,-0.72170115,-0.09125361,-0.71278477,-0.68467164,-0.0015769508,-0.7325044,-0.38571012,-0.3713314,-0.514041,0.06787537,0.42991313,-0.5892234,-0.5693615,-0.4268957,0.09671167,-0.4126771
0.09702899,-0.007283194,0.083996646,0.26186416,-0.6134747,0.10244284,0.539377,0.18026227,0.16383538,0.42514452,0.78770864,0.69272923,0.87530196,0.92670095,0.93896365,0.3824392,0.85010874,0.37612632,0.9479955,0.38708138,0.90837353,0.27740878,0.6954558,-0.15988785,0.40823153,0.34576935,0.55075365,-0.045807615,0.67059267,0.50768673,-0.4937827,-0.21318924,0.30459452,0.2713168,0.17958024,-0.7515415,-0.6577028,0.22157429,0.5128699,-0.17640105,0.1995965,0.59896433,0.42833185,-0.1691193,0.09877667,0.33266896,0.48505765,0.020416873,0.19025147,-0.039330006,-0.35045278,0.2749567,0.4643221,0.17070255,0.09648288,0.33189577,0.3092792,0.1247125,0.68231094,0.7570415,0.75086176,0.87022185,0.88984245,0.9086464,0.90367794,0.932109,-0.016796608,0.87750906,0.46840757,0.27364486,0.79842794,0.14131118,0.15791282,-0.4961251,0.4501692,0.26779878,0.32010305,0.33331573,-0.64496386,-0.3101045,-0.7300441,-0.3295412,-0.48263174,-0.54809076,-0.42775524,-0.38772523,-0.6492267,-0.7209429,-0.3159415,-0.56270605,-0.257384,-0.12754291,-0.002931321,0.14572486,0.18902265,-0.30766883,-0.06525972,-0.25849748,0.11195245,-0.2197092
0.56582,0.4991869,0.6294038,0.4349522,-0.031811647,0.53404325,0.73110604,0.58794665,0.61460555,0.09758741,0.31523883,0.28986374,0.37746173,0.28894413,0.31576797,0.6122853,0.54500747,0.6810255,0.38708138,0.90292,0.4766665,0.2345793,0.54547286,-0.40369314,0.115548626,-0.036781322,0.3084882,-0.60270303,0.36149123,-0.23937906,-0.55184066,-0.3070238,0.12952803,0.41756976,0.26759076,-0.0944792,-0.41970485,0.24532928,-0.114189684,-0.099615544,0.49526966,0.21396029,0.091508225,-0.21349257,0.33846143,-0.1150884,0.36970937,0.51067215,0.63616216,0.29935765,0.19706237,0.6292209,0.71493423,0.40497637,0.50928986,0.6899973,0.6626763,0.5099976,0.35570765,0.2958501,0.44992507,0.34560537,0.38850772,0.45469323,0.51073253,0.3994549,0.31974965,0.5824544,0.66115224,0.67968345,0.6439446,0.4249617,0.6995925,-0.2300018,0.29565892,0.114468165,0.369712,-0.11120731,-0.3825748,-0.15519243,-0.40128982,0.057156242,-0.30242094,-0.30983117,-0.5929725,-0.10269246,-0.36165452,-0.62328535,0.43291444,-0.5101945,0.08158014,0.06560135,-0.41754076,-0.08755695,0.075407,-0.0442528,-0.10024043,0.08975266,0.6208273,0.15589452
0.1433797,0.0758629,0.16374224,0.34034938,-0.584955,0.16292724,0.6354752,0.25313726,0.22101805,0.5206885,0.80093014,0.7294841,0.8530358,0.87690425,0.8931575,0.48667142,0.8743336,0.47666982,0.90837353,0.4766665,0.9293367,0.3600133,0.75855076,-0.13414168,0.47432113,0.38594133,0.47820085,-0.13330448,0.71868384,0.45422927,-0.5339919,-0.2905796,0.25921023,0.37942046,0.2714144,-0.7062056,-0.7067213,0.16219687,0.48475426,-0.1215179,0.22324605,0.6274211,0.44829005,-0.24341932,0.0754488,0.21511379,0.48643357,0.07871656,0.23814747,-0.04170105,-0.33932897,0.3493971,0.56097794,0.23526877,0.15702611,0.39187694,0.38124943,0.18056038,0.7334814,0.77757156,0.7864909,0.8253385,0.8671838,0.90102744,0.90956396,0.89057714,-0.0036942204,0.8757394,0.5726104,0.36225826,0.85005605,0.25770974,0.26934236,-0.4980474,0.5425124,0.3444445,0.39639872,0.32538614,-0.69009244,-0.38381258,-0.66115856,-0.2818355,-0.5113333,-0.45860934,-0.53435946,-0.3316865,-0.67791796,-0.7681289,-0.2255339,-0.5957991,-0.25934422,-0.17255071,-0.0829027,0.20421678,0.23668122,-0.35084713,-0.13929367,-0.25278777,0.14252615,-0.22319384
-0.23888993,0.5526886,0.46359873,0.7073617,0.17519294,0.4356348,0.43424106,0.5482913,0.36441898,0.38919288,0.3761358,0.42916125,0.13858494,0.28261214,0.21481982,0.7616176,0.4281112,0.7119673,0.27740878,0.2345793,0.3600133,0.9473084,0.74135464,0.51024175,0.47849166,0.72667485,0.14757736,0.20602952,0.50701654,0.44198215,-0.13120133,-0.31134415,-0.01033345,0.82905877,0.91132,-0.30645472,-0.65246284,-0.50103974,0.56549805,0.6011961,-0.18466106,0.55231386,0.81210035,-0.80126756,-0.35560036,-0.29349604,0.50745857,0.0012562107,-0.24577379,-0.578843,-0.46279177,0.5974159,0.59151065,0.6722945,0.47303945,0.39844936,0.58184516,0.48521227,0.35751653,0.34915966,0.3704516,0.059535027,0.30209467,0.27969182,0.41216755,0.18147436,-0.49726796,0.293734,0.738907,0.6150371,0.52025574,0.81797135,0.6232555,-0.55379224,0.6525662,0.64434326,0.32177317,0.5777495,-0.5263256,-0.4333602,0.028789628,-0.18217975,-0.6056142,0.37867704,-0.52299565,0.10012275,-0.6901485,-0.4099239,-0.36567605,-0.5374982,-0.53237945,-0.62034166,-0.30296156,0.39236614,0.57455814,-0.83233917,-0.6621411,-0.5615137,-0.3357187,-0.65125376
0.018755263,0.47487473,0.49377304,0.68432117,-0.17641607,0.47063792,0.7031617,0.581766,0.47222388,0.47627604,0.6985066,0.68206835,0.58647025,0.6574122,0.63552773,0.80880266,0.8005066,0.8013313,0.6954558,0.54547286,0.75855076,0.74135464,0.9425968,0.16599149,0.5565655,0.6328044,0.3896786,-0.03732281,0.7334136,0.4759104,-0.46152014,-0.37111136,0.115595594,0.7112019,0.674789,-0.57418525,-0.85769224,-0.16020592,0.5531099,0.24628708,0.060768064,0.69329077,0.7129525,-0.63724494,-0.14314494,-0.08852641,0.5935778,0.07798546,0.08366378,-0.3248003,-0.421798,0.66693056,0.77548563,0.61863935,0.47999564,0.587984,0.6830189,0.4973152,0.6566757,0.66165143,0.7116592,0.5085339,0.7002313,0.6988559,0.8014116,0.62563944,-0.27280328,0.71820325,0.8507545,0.69691586,0.8705616,0.6638584,0.6255007,-0.66938734,0.72790515,0.579042,0.49746853,0.52941024,-0.7340889,-0.4793696,-0.42486998,-0.31684345,-0.7232877,-0.10893509,-0.6965382,-0.20642565,-0.8484112,-0.7832001,-0.27274162,-0.7679393,-0.4749834,-0.43377745,-0.3350945,0.24791937,0.43486723,-0.68088204,-0.49693364,-0.4961555,-0.020126432,-0.4993894
-0.7400242,0.22802922,0.10447705,0.36361128,0.30602983,0.18561067,-0.14101319,0.21110702,0.060689177,0.3234468,0.07786769,0.19703463,-0.2839011,-0.08331045,-0.1814527,0.1520876,-0.175002,0.15620202,-0.15988785,-0.40369314,-0.13414168,0.51024175,0.16599149,0.91506726,0.43837428,0.70309365,-0.37239385,0.5329715,0.20204315,0.50697696,0.24561356,-0.14965588,-0.40763974,0.23656496,0.4259998,-0.056330338,-0.27036262,-0.71892464,0.42699653,0.58650345,-0.7353071,0.26194763,0.48115066,-0.5902853,-0.7726065,-0.4259795,-0.112932935,-0.56111646,-0.8111598,-0.83353627,-0.5805818,0.17662528,-0.019480696,0.37116975,0.23143539,0.004352196,0.14691484,0.24166486,0.10461206,0.105219945,0.046414554,-0.36971107,-0.07596813,-0.16410016,-0.059567165,-0.26933843,-0.7818141,-0.3099742,0.12425341,0.13942045,-0.035461303,0.3396594,0.079869285,-0.31994832,0.39790964,0.5954233,0.16124715,0.67391014,-0.14395273,-0.33829337,0.42424506,-0.29637516,-0.3628547,0.6220286,-0.07003638,0.032619562,-0.27639794,0.05859863,-0.49055457,-0.12098116,-0.6113642,-0.59985983,-0.056580268,0.11204101,0.34095293,-0.6571783,-0.6522014,-0.64673173,-0.8287967,-0.7550208
-0.39763802,0.21803492,0.26115167,0.5030161,-0.2469098,0.33902422,0.34349215,0.39062017,0.31057507,0.70758796,0.68573016,0.8068707,0.34587288,0.45190313,0.39754382,0.36902207,0.403368,0.41793343,0.40823153,0.115548626,0.47432113,0.47849166,0.5565655,0.43837428,0.880809,0.7549345,-0.23401618,0.113248385,0.69053125,0.5416534,-0.36487168,-0.59712654,-0.42468792,0.28830612,0.3477406,-0.44950813,-0.68520296,-0.47887242,0.39257047,0.10060451,-0.42334706,0.57561004,0.45663276,-0.54187745,-0.55982924,-0.39482272,-0.018720472,-0.41736227,-0.23653877,-0.52168465,-0.7183496,0.37639314,0.30697474,0.40461576,0.3492938,0.40902394,0.40050983,0.3789488,0.7130097,0.72749716,0.7386588,0.23368919,0.49403578,0.47914916,0.5657668,0.35159415,-0.49974212,0.3060909,0.42806762,0.35013223,0.56830037,0.2919157,0.27909496,-0.6200875,0.7742984,0.8421251,0.5811619,0.6477338,-0.66869295,-0.78009725,-0.15130767,-0.53980917,-0.7071096,0.052785628,-0.59927106,-0.4376024,-0.61966,-0.602082,-0.30739933,-0.57153064,-0.6831201,-0.63213927,-0.38396907,-0.02386668,0.20849547,-0.6159637,-0.66560966,-0.6157023,-0.3088299,-0.63277316
-0.63543975,0.36302418,0.31381774,0.62728655,0.012948764,0.4060897,0.22888473,0.46477002,0.3232081,0.54278594,0.5740794,0.6589238,0.2101196,0.41232428,0.32077205,0.47438735,0.3510043,0.49860728,0.34576935,-0.036781322,0.38594133,0.72667485,0.6328044,0.70309365,0.7549345,0.969424,-0.070983395,0.4660971,0.644073,0.77016735,-0.17697461,-0.42184073,-0.33637416,0.44916055,0.6007962,-0.47307092,-0.7448094,-0.6446428,0.6556133,0.4213304,-0.6066762,0.6389014,0.74139607,-0.7453353,-0.71305037,-0.3550899,0.17222448,-0.5307328,-0.5459674,-0.84433454,-0.8186718,0.468408,0.33008707,0.5896889,0.43257892,0.36511755,0.46508136,0.45669657,0.52885926,0.5811659,0.55379367,0.09615244,0.43585074,0.35319334,0.48133093,0.2433285,-0.8120611,0.21164542,0.4852838,0.43084705,0.499704,0.4797248,0.3287065,-0.74450743,0.7527596,0.8504683,0.50456786,0.893594,-0.6151818,-0.6447651,-0.06408818,-0.60870486,-0.79277885,0.26185405,-0.4652609,-0.31855673,-0.73185843,-0.48540688,-0.6249145,-0.61385655,-0.874943,-0.7873188,-0.31142262,0.09335382,0.40472442,-0.8798014,-0.8083895,-0.8674679,-0.6244766,-0.92345476
0.34193558,0.03494163,0.04365079,0.052372076,-0.21295503,-0.013555557,0.3125627,0.04561928,0.037255615,-0.1409975,0.23520064,0.06083505,0.5028862,0.503423,0.53122467,0.2688885,0.5297407,0.22028598,0.55075365,0.3084882,0.47820085,0.14757736,0.3896786,-0.37239385,-0.23401618,-0.070983395,0.8703185,-0.012997659,0.14771816,0.17181075,-0.15869038,0.24410836,0.7018682,0.25202784,0.1495298,-0.37150502,-0.20499793,0.48198134,0.37668884,0.008781887,0.5207015,0.27322194,0.31306893,0.08015868,0.46836883,0.62927204,0.7223256,0.3998512,0.3048972,0.22958626,0.14896765,0.16400881,0.3318533,0.05917531,-0.0122682415,0.116439,0.15400572,-0.01900451,0.09229931,0.17059113,0.14975134,0.60060686,0.4498209,0.48007998,0.45360133,0.5521558,0.24449989,0.6037711,0.27319613,0.17406337,0.37816316,0.15619306,0.09224287,-0.097760074,-0.07563318,-0.27599937,-0.14354292,-0.045366768,-0.17625074,0.25069398,-0.55094445,0.096955635,-0.052208297,-0.44420582,-0.041979637,0.07630676,-0.31509805,-0.24771738,-0.18128288,-0.21457142,0.1641323,0.24107422,0.2550125,0.275625,0.19819552,-0.029927563,0.33405298,0.09785299,0.24749824,0.12855168
-0.71424407,-0.11640148,-0.22021618,-0.016272964,0.096937746,-0.09294884,-0.49233258,-0.11761016,-0.18947144,-0.026616728,0.004761723,0.010103968,-0.14170496,0.06685889,-0.011258284,-0.2101103,-0.15180662,-0.20960215,-0.045807615,-0.60270303,-0.13330448,0.20602952,-0.03732281,0.5329715,0.113248385,0.4660971,-0.012997659,0.8746423,0.043925896,0.58505344,0.2515339,0.06868157,-0.10547396,-0.07116279,0.11997771,-0.15127158,-0.06438418,-0.41606778,0.4653465,0.22984132,-0.58512855,0.091280945,0.3351859,-0.20587803,-0.4780685,0.057627097,-0.017389271,-0.54529506,-0.7072208,-0.6218153,-0.5297721,-0.154829,-0.37117326,0.030977333,-0.065531835,-0.23858821,-0.19068344,-0.054708414,-0.12931816,-0.00819036,-0.110713884,-0.14112946,0.014938757,-0.10163664,-0.07233023,-0.09358031,-0.6604261,-0.23111823,-0.21515805,-0.21364744,-0.18019043,-0.08253644,-0.3066638,-0.28300908,0.04915351,0.21542984,-0.022334013,0.5414938,-0.038727116,-0.09032963,0.1560387,-0.32615197,-0.1884569,0.26511914,0.28503096,-0.09714383,-0.13016956,0.19946021,-0.67498714,0.019884797,-0.50325865,-0.4248799,0.14792389,0.00037326303,0.048670426,-0.41283065,-0.27590626,-0.5042046,-0.7375846,-0.56976914
-0.20052354,0.23834734,0.32773596,0.48987257,-0.34245443,0.3727415,0.4820574,0.43624437,0.3740106,0.5856856,0.74613035,0.7937998,0.6062481,0.6785517,0.6476178,0.4869424,0.6979877,0.5472996,0.67059267,0.36149123,0.71868384,0.50701654,0.7334136,0.20204315,0.69053125,0.644073,0.14771816,0.043925896,0.8208914,0.532003,-0.50651336,-0.53330094,-0.17750826,0.39843237,0.38700503,-0.5321615,-0.7570329,-0.2631911,0.44342422,-0.0100656375,-0.15548818,0.55697274,0.4927433,-0.5080002,-0.30790183,-0.18193862,0.24157438,-0.18955281,-0.046570517,-0.3644552,-0.60757977,0.46056378,0.4884938,0.41572362,0.38730526,0.5154631,0.50107336,0.4065807,0.73581696,0.75125504,0.79790974,0.51540685,0.7476672,0.71799004,0.79044986,0.6350686,-0.34065855,0.61522293,0.59475654,0.46492946,0.7884178,0.334457,0.37817243,-0.6720998,0.73727596,0.6521636,0.6319796,0.5843674,-0.74700826,-0.640187,-0.37389785,-0.45218349,-0.7000242,-0.13208547,-0.5920368,-0.4342602,-0.6725579,-0.7319459,-0.25152814,-0.67294025,-0.5696244,-0.5207919,-0.34335524,-0.034566946,0.15204127,-0.5730583,-0.5261698,-0.51655173,-0.12740372,-0.51332057
-0.6007266,0.012571022,-0.04205352,0.3248508,-0.25013554,0.07377953,0.063072905,0.13068523,0.011552606,0.4006346,0.5945731,0.5884648,0.38597786,0.58804846,0.51503575,0.20215753,0.37079898,0.18357886,0.50768673,-0.23937906,0.45422927,0.44198215,0.4759104,0.50697696,0.5416534,0.77016735,0.17181075,0.58505344,0.532003,0.929008,-0.057181202,-0.0877132,-0.039499946,0.15246156,0.2945879,-0.65344024,-0.59985626,-0.29252946,0.74491334,0.2266337,-0.49601126,0.6345057,0.6440761,-0.38127565,-0.5080148,0.10385744,0.20075989,-0.5948073,-0.5378373,-0.68129396,-0.7125579,0.16379437,0.09491463,0.29064995,0.09576338,0.08339621,0.15940857,0.12865317,0.45898834,0.59546673,0.4912305,0.34410223,0.52930486,0.45347303,0.50532806,0.42632478,-0.6821095,0.29255712,0.19603655,0.10398992,0.40239483,0.13415727,-0.080023125,-0.6134509,0.49562114,0.5419188,0.26327062,0.8131403,-0.46507248,-0.3569887,-0.2977187,-0.6397859,-0.61624134,-0.056663267,-0.1904058,-0.40647382,-0.6392782,-0.38581795,-0.828926,-0.4579929,-0.7098047,-0.47884202,0.052669197,0.1378024,0.31267506,-0.6470049,-0.4258098,-0.7568224,-0.6200831,-0.7719203
-0.15299442,-0.16986006,-0.3373369,-0.19740771,0.29856348,-0.3670634,-0.40395176,-0.355362,-0.42925882,-0.26262736,-0.48363647,-0.495149,-0.49762297,-0.46016562,-0.47437286,-0.29145882,-0.5423424,-0.40017796,-0.4937827,-0.55184066,-0.5339919,-0.13120133,-0.46152014,0.24561356,-0.36487168,-0.17697461,-0.15869038,0.2515339,-0.50651336,-0.057181202,0.7249243,0.5101753,0.11238197,-0.17697611,-0.088471115,0.26735923,0.46415278,-0.046961516,-0.04912828,0.29811877,-0.17111568,-0.22608557,-0.07244546,0.16692969,-0.06936903,0.11098808,-0.14826398,-0.112293765,-0.36979213,-0.099966094,0.24361736,-0.36493292,-0.3639878,-0.18344,-0.33430293,-0.5321205,-0.40830946,-0.3362372,-0.4782384,-0.48160776,-0.577315,-0.43245584,-0.5599491,-0.57816446,-0.5949249,-0.5174609,-0.08053112,-0.556875,-0.41674167,-0.3801685,-0.6235311,-0.10709371,-0.35588282,0.3896288,-0.38173833,-0.27630332,-0.4881207,-0.11498831,0.5851341,0.4511222,0.41885197,0.21402097,0.41262013,0.35296398,0.507734,0.35439458,0.37083238,0.6285678,-0.15715623,0.51741976,0.21212636,0.19578514,0.34821177,0.23427865,0.1357732,0.14044893,0.21096125,0.115263715,-0.31981975,0.06639867
0.15970623,-0.25226182,-0.38246322,-0.28389734,0.10262039,-0.41658372,-0.22807418,-0.3993098,-0.41325217,-0.4264629,-0.36623773,-0.5020507,-0.21006605,-0.20901683,-0.18175226,-0.26202166,-0.29654828,-0.37976408,-0.21318924,-0.3070238,-0.2905796,-0.31134415,-0.37111136,-0.14965588,-0.59712654,-0.42184073,0.24410836,0.06868157,-0.53330094,-0.0877132,0.5101753,0.85869735,0.48395854,-0.28065076,-0.2612795,0.05901876,0.4157971,0.4687081,-0.018967643,0.13431908,0.17949772,-0.13793232,-0.12670752,0.41476524,0.29439965,0.5236472,0.08866082,0.08436753,-0.049305502,0.20282882,0.49099886,-0.3488869,-0.2132693,-0.25896826,-0.40716323,-0.47511512,-0.37058574,-0.40818638,-0.46283776,-0.38564765,-0.4964888,-0.06440055,-0.32527804,-0.31844503,-0.37158084,-0.17455947,0.20815007,-0.23905739,-0.3997122,-0.3481058,-0.45375988,-0.21657903,-0.40804148,0.44728935,-0.5449853,-0.60270894,-0.6094098,-0.26725817,0.60243976,0.7715856,-0.029354338,0.20046517,0.45527405,-0.12863623,0.536236,0.26043332,0.2759289,0.4369195,-0.14498775,0.41316003,0.42752814,0.5728731,0.5365546,0.20934838,0.112423725,0.34366852,0.5654146,0.25846994,-0.0129490495,0.29288745
0.47094035,-0.19383317,-0.25095335,-0.16174966,-0.22158694,-0.36063474,0.20026869,-0.27797985,-0.30814075,-0.17150867,-0.014404117,-0.17874311,0.31560558,0.2520796,0.3100794,0.10536453,0.2923658,-0.0418078,0.30459452,0.12952803,0.25921023,-0.01033345,0.115595594,-0.40763974,-0.42468792,-0.33637416,0.7018682,-0.10547396,-0.17750826,-0.039499946,0.11238197,0.48395854,0.9226678,0.17352314,0.047280967,-0.23685125,0.102004826,0.61220556,0.24914245,0.084223166,0.6592747,0.1359759,0.17020738,0.29000872,0.62257934,0.74905926,0.65332687,0.537421,0.33665803,0.41947073,0.40286177,-0.14765963,0.1758103,-0.18892641,-0.3463763,-0.25133553,-0.15508354,-0.35560533,-0.08228631,-0.061043166,-0.12474652,0.4553702,0.13434772,0.2077353,0.135485,0.3305756,0.47690076,0.36655724,0.049793817,-0.10834856,0.05461619,0.08045415,-0.114888735,0.28287935,-0.30506584,-0.50065726,-0.5124695,-0.34002042,0.13205436,0.48875958,-0.33330354,0.38813606,0.31951153,-0.31387925,0.18162729,0.37786788,-0.029686183,0.08762859,-0.08716218,0.1551814,0.49562478,0.49193305,0.5107142,0.56464857,0.30791962,0.20430288,0.60618174,0.3884706,0.29712796,0.38573587
0.10032146,0.5035807,0.44870642,0.5869986,0.12754901,0.35846812,0.5253819,0.47524536,0.31549013,0.309754,0.2602553,0.28981793,0.18246299,0.22500187,0.20982002,0.7893945,0.4988562,0.71830225,0.2713168,0.41756976,0.37942046,0.82905877,0.7112019,0.23656496,0.28830612,0.44916055,0.25202784,-0.07116279,0.39843237,0.15246156,-0.17697611,-0.28065076,0.17352314,0.9215172,0.86664283,-0.19411018,-0.51397693,-0.2964522,0.37692064,0.48520648,0.15241793,0.39253116,0.6494198,-0.6765413,-0.049911022,-0.2009978,0.598333,0.35395098,0.05658468,-0.25728622,-0.19870378,0.545175,0.6767949,0.5364734,0.3851117,0.36681336,0.54265404,0.38099796,0.29413402,0.21118814,0.2896378,0.12575196,0.2588312,0.28327084,0.38860887,0.21638623,-0.14724854,0.3819817,0.7957021,0.6119435,0.52470016,0.8363311,0.6992694,-0.33868325,0.5300803,0.43259442,0.21975064,0.26390043,-0.4659012,-0.31101567,0.039422467,0.11714712,-0.38834757,0.32461208,-0.501017,0.3058263,-0.5384999,-0.35577312,-0.08139514,-0.40738252,-0.20877674,-0.4099211,-0.25594527,0.47834963,0.50832784,-0.6146468,-0.43789905,-0.22722559,-0.03211026,-0.3272034
-0.11803375,0.5718638,0.47457147,0.6608778,0.2599583,0.42263648,0.41482753,0.5246895,0.35010374,0.29032955,0.23928303,0.28605148,0.0587212,0.16034451,0.1087355,0.75567174,0.37358207,0.70512676,0.17958024,0.26759076,0.2714144,0.91132,0.674789,0.4259998,0.3477406,0.6007962,0.1495298,0.11997771,0.38700503,0.2945879,-0.088471115,-0.2612795,0.047280967,0.86664283,0.9427303,-0.18485266,-0.541863,-0.4603715,0.46481985,0.61157453,-0.07074699,0.43503058,0.7421149,-0.755579,-0.25121358,-0.29004383,0.5371729,0.14401351,-0.15833598,-0.46902364,-0.32133853,0.5805278,0.60136807,0.6369906,0.4591459,0.37011382,0.55916137,0.45686758,0.24489006,0.19956273,0.24725725,-0.011522711,0.19509543,0.18010855,0.3109904,0.08774519,-0.37631637,0.24029303,0.73780525,0.61779165,0.44172865,0.85627186,0.6594383,-0.43133897,0.5572386,0.5318086,0.23267971,0.4408882,-0.4326254,-0.3406665,0.1090036,-0.018065967,-0.48326024,0.42628396,-0.47677216,0.24754831,-0.5818743,-0.3145611,-0.23566595,-0.4415797,-0.38857508,-0.53181404,-0.28309348,0.43192458,0.55847406,-0.7428327,-0.5848917,-0.4204169,-0.24231474,-0.51605344
0.11413476,0.037174825,0.03936802,-0.28920442,0.51260304,-0.0070876684,-0.35720122,-0.10154554,-0.029032554,-0.4174804,-0.74295795,-0.67494094,-0.69359833,-0.7639091,-0.76085293,-0.30531925,-0.6242695,-0.26710397,-0.7515415,-0.0944792,-0.7062056,-0.30645472,-0.57418525,-0.056330338,-0.44950813,-0.47307092,-0.37150502,-0.15127158,-0.5321615,-0.65344024,0.26735923,0.05901876,-0.23685125,-0.19411018,-0.18485266,0.84026045,0.6495679,-0.11861007,-0.60664463,0.009124338,0.023498155,-0.6963587,-0.51836324,0.18175717,0.11702153,-0.31618208,-0.36508495,0.22335622,0.046790287,0.23115556,0.41411602,-0.18907216,-0.3090344,-0.19139273,-0.017164392,-0.16288646,-0.20318827,-0.05144454,-0.5915736,-0.7396312,-0.65307665,-0.67686707,-0.69938684,-0.6916795,-0.7157306,-0.7036294,0.22501667,-0.6018046,-0.30820352,-0.15690145,-0.59138143,-0.11465742,0.017478697,0.49272016,-0.41095537,-0.33702102,-0.17882916,-0.4721161,0.50450593,0.280829,0.6198312,0.44454044,0.512257,0.40953594,0.34662646,0.37948212,0.6759839,0.5923983,0.53772014,0.5208504,0.3868063,0.17614819,-0.069058664,-0.25827143,-0.31154057,0.40295327,0.13073935,0.42958048,0.1322349,0.39527977
0.18216947,-0.46754843,-0.4958272,-0.71777785,0.17131612,-0.521732,-0.6260708,-0.61705446,-0.5090591,-0.53034866,-0.7831951,-0.80120707,-0.5407784,-0.65470743,-0.6055743,-0.6998258,-0.6822598,-0.73173535,-0.6577028,-0.41970485,-0.7067213,-0.65246284,-0.85769224,-0.27036262,-0.68520296,-0.7448094,-0.20499793,-0.06438418,-0.7570329,-0.59985626,0.46415278,0.4157971,0.102004826,-0.51397693,-0.541863,0.6495679,0.9418054,0.24049404,-0.5543481,-0.21043128,0.1863236,-0.7750445,-0.686939,0.61450076,0.34930074,0.17736337,-0.3844493,0.2044251,0.06820957,0.46951497,0.56329316,-0.6770911,-0.65727305,-0.65592504,-0.5348288,-0.62526417,-0.6913303,-0.5617627,-0.7064543,-0.7823968,-0.7893049,-0.44483423,-0.69806707,-0.6740514,-0.7881604,-0.57879454,0.45103085,-0.60300285,-0.7142403,-0.65456015,-0.82589114,-0.53618634,-0.51899207,0.75214416,-0.7587072,-0.6950072,-0.55571365,-0.67030203,0.745122,0.5623622,0.46592087,0.561778,0.84043455,0.16651174,0.7246194,0.43105644,0.9067285,0.8332719,0.3911906,0.83771014,0.6535051,0.4962799,0.3905478,-0.06130759,-0.40807784,0.7018214,0.6034372,0.6771138,0.15279014,0.6401504
0.64922225,-0.2805206,-0.22061828,-0.32853228,-0.29841226,-0.29838043,0.17639813,-0.28636804,-0.19014797,-0.29099518,-0.027217569,-0.18869306,0.3054884,0.16020437,0.23621136,-0.16400874,0.14017296,-0.21185817,0.22157429,0.24532928,0.16219687,-0.50103974,-0.16020592,-0.71892464,-0.47887242,-0.6446428,0.48198134,-0.41606778,-0.2631911,-0.29252946,-0.046961516,0.4687081,0.61220556,-0.2964522,-0.4603715,-0.11861007,0.24049404,0.91813904,-0.1957559,-0.3634731,0.66266143,-0.0743899,-0.31787765,0.6192353,0.69278276,0.660153,0.21380584,0.4263866,0.57298416,0.6993151,0.6135889,-0.21114317,0.035566576,-0.34514964,-0.3224826,-0.13446343,-0.19345656,-0.32400733,-0.07647761,-0.039543033,-0.06940757,0.4388715,0.09290597,0.17405626,0.063591,0.295267,0.685707,0.28941715,-0.19781092,-0.19603029,-0.019894026,-0.33025828,-0.2537958,0.39124542,-0.4674855,-0.6617755,-0.3885483,-0.5477023,0.2707228,0.55520666,-0.5060032,0.23618078,0.3820327,-0.6821889,0.19906723,0.009169394,0.18908697,-0.0008482201,0.23334292,0.17623055,0.6241225,0.7892765,0.37988782,0.078618124,-0.06716555,0.6108313,0.7757673,0.5391119,0.60292625,0.656863
-0.39734077,0.10229518,0.021950344,0.35151356,-0.152299,0.0685986,0.18322775,0.15592156,0.007712103,0.35587752,0.50216657,0.4731893,0.38161623,0.5704725,0.51380867,0.344136,0.43476886,0.2780528,0.5128699,-0.114189684,0.48475426,0.56549805,0.5531099,0.42699653,0.39257047,0.6556133,0.37668884,0.4653465,0.44342422,0.74491334,-0.04912828,-0.018967643,0.24914245,0.37692064,0.46481985,-0.60664463,-0.5543481,-0.1957559,0.86921495,0.397942,-0.21763821,0.63328683,0.76430625,-0.40700388,-0.30793518,0.23184484,0.50436664,-0.2338759,-0.41617644,-0.53884757,-0.5468032,0.22112343,0.23388506,0.31691393,0.107645,0.07311743,0.20972842,0.12586536,0.3890322,0.4884426,0.38095188,0.38600832,0.4862724,0.44411123,0.49915725,0.43289155,-0.4801185,0.3708896,0.31436953,0.18699178,0.39878854,0.33778107,0.048940223,-0.444639,0.402343,0.4218741,0.054982677,0.6157099,-0.4400575,-0.2404235,-0.24549046,-0.31053975,-0.456657,0.027117178,-0.15798524,-0.05088702,-0.6346842,-0.30023944,-0.73212695,-0.34977698,-0.48487163,-0.37947935,0.18400908,0.43094623,0.5366981,-0.6449028,-0.2874496,-0.54229516,-0.5085641,-0.6060257
-0.26205653,0.45155573,0.26809803,0.46690217,0.49523035,0.22979902,0.119758666,0.31588888,0.121887416,0.08310272,-0.07204576,-0.051916055,-0.32029492,-0.1597171,-0.23465401,0.4389339,-0.08713334,0.3562395,-0.17640105,-0.099615544,-0.1215179,0.6011961,0.24628708,0.58650345,0.10060451,0.4213304,0.008781887,0.22984132,-0.0100656375,0.2266337,0.29811877,0.13431908,0.084223166,0.48520648,0.61157453,0.009124338,-0.21043128,-0.3634731,0.397942,0.86503786,-0.23859224,0.274621,0.5831665,-0.5493425,-0.34358823,-0.16611966,0.30083296,-0.024835072,-0.44461966,-0.51862943,-0.13286255,0.33991146,0.28671736,0.4904403,0.28426957,0.0491079,0.3012097,0.283542,-0.074873894,-0.10120599,-0.15188465,-0.32922316,-0.19694532,-0.2139976,-0.110511154,-0.28106934,-0.42320332,-0.19613202,0.3216256,0.34351718,-0.032047506,0.6252167,0.3144214,-0.0785424,0.19740745,0.29533818,-0.15206125,0.3388059,0.022294622,0.024304973,0.3452105,0.06652678,-0.1647144,0.5564723,-0.059314556,0.40384904,-0.29379874,0.106163174,-0.31356376,-0.056866392,-0.22278863,-0.24482727,0.07179006,0.45404834,0.64365244,-0.53576076,-0.35941598,-0.36088163,-0.47550625,-0.45496756
0.8364594,-0.09847914,-0.03760646,-0.18683526,-0.23904583,-0.19017816,0.35628253,-0.1459957,-0.08551916,-0.17232764,-0.090556204,-0.19991212,0.2899242,0.099120796,0.19508885,0.13684988,0.3033401,0.053364195,0.1995965,0.49526966,0.22324605,-0.18466106,0.060768064,-0.7353071,-0.42334706,-0.6066762,0.5207015,-0.58512855,-0.15548818,-0.49601126,-0.17111568,0.17949772,0.6592747,0.15241793,-0.07074699,0.023498155,0.1863236,0.66266143,-0.21763821,-0.23859224,0.94001347,-0.10888632,-0.19190612,0.3443418,0.836274,0.44937336,0.4475217,0.8333531,0.7665008,0.77817523,0.60896295,-0.059366696,0.28342965,-0.23951218,-0.20931593,-0.010190606,-0.038119365,-0.22717279,-0.041491635,-0.12318538,-0.054871365,0.3852969,0.08186917,0.19291466,0.11252168,0.28249753,0.81906676,0.39725876,0.15046498,0.016722592,0.13416868,0.03771647,0.13456143,0.36414385,-0.28425464,-0.5223515,-0.27731153,-0.67507,0.08176367,0.34717625,-0.30133978,0.5402777,0.3760628,-0.382999,-0.022452973,0.3198747,0.15397066,-0.039140463,0.46160448,0.12951532,0.6944921,0.5566844,0.16233039,0.29957163,0.014566328,0.4594144,0.60224533,0.6850445,0.76083046,0.7143878
-0.14490475,0.2577495,0.22467771,0.5632453,-0.22162497,0.251805,0.5064716,0.36519223,0.23144946,0.492661,0.6958214,0.6964917,0.4975777,0.6133348,0.574233,0.5427272,0.5684624,0.5016802,0.59896433,0.21396029,0.6274211,0.55231386,0.69329077,0.26194763,0.57561004,0.6389014,0.27322194,0.091280945,0.55697274,0.6345057,-0.22608557,-0.13793232,0.1359759,0.39253116,0.43503058,-0.6963587,-0.7750445,-0.0743899,0.63328683,0.274621,-0.10888632,0.8298366,0.6982721,-0.4340467,-0.253124,0.072782606,0.41507822,-0.19487381,-0.12170556,-0.40711576,-0.45502445,0.441331,0.5175668,0.48630744,0.27265698,0.33800587,0.45323324,0.31093892,0.623009,0.70402133,0.6500397,0.46022558,0.58789074,0.5703549,0.653278,0.52770334,-0.35021707,0.4988613,0.5175482,0.4174514,0.6290888,0.41661224,0.25792167,-0.5421392,0.59275025,0.53748417,0.2466805,0.59019023,-0.544678,-0.34511405,-0.44670472,-0.468389,-0.6509067,-0.18364394,-0.49860752,-0.2894379,-0.8098805,-0.6385696,-0.5149482,-0.62203634,-0.49348018,-0.29702395,-0.06499247,0.28328708,0.54393625,-0.5850344,-0.36990896,-0.5763471,-0.20281798,-0.55019104
-0.2972142,0.40822273,0.3018424,0.63177145,0.05064914,0.31193095,0.37225938,0.42766735,0.2352232,0.3810696,0.4884737,0.4794839,0.27425218,0.44593668,0.38031685,0.63793445,0.4570011,0.5755354,0.42833185,0.091508225,0.44829005,0.81210035,0.7129525,0.48115066,0.45663276,0.74139607,0.31306893,0.3351859,0.4927433,0.6440761,-0.07244546,-0.12670752,0.17020738,0.6494198,0.7421149,-0.51836324,-0.686939,-0.31787765,0.76430625,0.5831665,-0.19190612,0.6982721,0.91142005,-0.6485741,-0.34080827,-0.012981682,0.5824139,-0.11868618,-0.3240907,-0.5995342,-0.49659932,0.49484363,0.49557263,0.59193087,0.3502171,0.293805,0.47588623,0.36520323,0.39018303,0.45211267,0.40682954,0.22736044,0.4135213,0.38230425,0.49369574,0.32051027,-0.5238739,0.353602,0.5864384,0.48183894,0.5058949,0.66335344,0.39597064,-0.54643714,0.55325955,0.56545573,0.17299035,0.6524812,-0.49459124,-0.31756645,-0.16889651,-0.2922631,-0.6024674,0.1729986,-0.40211844,0.017123094,-0.76481164,-0.41597614,-0.6100495,-0.527144,-0.5468809,-0.49178845,-0.061682805,0.4697555,0.65959543,-0.7943506,-0.5074587,-0.61928344,-0.42361033,-0.68189514
0.35347274,-0.59347117,-0.5292033,-0.673306,-0.26459104,-0.5351192,-0.37343067,-0.60967255,-0.4575537,-0.41397026,-0.3231639,-0.42066377,-0.040204052,-0.17532,-0.09101567,-0.67110515,-0.29642007,-0.6900527,-0.1691193,-0.21349257,-0.24341932,-0.80126756,-0.63724494,-0.5902853,-0.54187745,-0.7453353,0.08015868,-0.20587803,-0.5080002,-0.38127565,0.16692969,0.41476524,0.29000872,-0.6765413,-0.755579,0.18175717,0.61450076,0.6192353,-0.40700388,-0.5493425,0.3443418,-0.4340467,-0.6485741,0.8437355,0.500589,0.5021721,-0.26382655,0.1552826,0.3057174,0.6396345,0.5013038,-0.6207347,-0.51600724,-0.6791092,-0.5590409,-0.46572858,-0.609391,-0.56654835,-0.34265795,-0.30209517,-0.35611218,0.08965175,-0.22462234,-0.18001506,-0.333306,-0.053939782,0.5685504,-0.16469668,-0.6643299,-0.6308756,-0.46575734,-0.7240368,-0.6201866,0.53542745,-0.68387306,-0.7075479,-0.45625335,-0.6049173,0.501305,0.5034814,-0.1448312,0.25650373,0.611922,-0.4385597,0.51611114,-0.015148206,0.6000582,0.39515963,0.24876052,0.5199279,0.6174493,0.67652404,0.39680502,-0.14767817,-0.4105435,0.79790044,0.7737139,0.61268276,0.38792694,0.68925494
0.77587646,-0.21975943,-0.15895902,-0.34492505,-0.20511001,-0.28501767,0.14165092,-0.28286493,-0.19403568,-0.32867238,-0.21308261,-0.3424853,0.19060041,-0.0038772798,0.10072765,-0.074334875,0.15690295,-0.1384922,0.09877667,0.33846143,0.0754488,-0.35560036,-0.14314494,-0.7726065,-0.55982924,-0.71305037,0.46836883,-0.4780685,-0.30790183,-0.5080148,-0.06936903,0.29439965,0.62257934,-0.049911022,-0.25121358,0.11702153,0.34930074,0.69278276,-0.30793518,-0.34358823,0.836274,-0.253124,-0.34080827,0.500589,0.86535835,0.51644725,0.33011848,0.7285347,0.7113154,0.8099612,0.6663262,-0.21920261,0.08016613,-0.36460268,-0.30894572,-0.14083791,-0.19620067,-0.33752286,-0.20134038,-0.24400325,-0.21012886,0.313405,-0.027797127,0.06781614,-0.028739473,0.17432548,0.8065897,0.2643125,-0.055911783,-0.14109412,-0.044554196,-0.15651253,-0.05676898,0.42688906,-0.457215,-0.66787934,-0.3493584,-0.7204452,0.22680531,0.4576427,-0.26881826,0.5239724,0.478792,-0.42543513,0.15333626,0.26842755,0.31393975,0.108469784,0.44600123,0.25483543,0.73028815,0.62737507,0.21506745,0.15978359,-0.15256175,0.5774846,0.707827,0.7272889,0.71766746,0.7798491
0.2835307,-0.447977,-0.4671948,-0.38307756,-0.37176645,-0.49369138,-0.059761547,-0.46458554,-0.4354372,-0.20993936,0.034599487,-0.14489022,0.3639024,0.31828606,0.37187827,-0.237355,0.17504607,-0.3418243,0.33266896,-0.1150884,0.21511379,-0.29349604,-0.08852641,-0.4259795,-0.39482272,-0.3550899,0.62927204,0.057627097,-0.18193862,0.10385744,0.11098808,0.5236472,0.74905926,-0.2009978,-0.29004383,-0.31618208,0.17736337,0.660153,0.23184484,-0.16611966,0.44937336,0.072782606,-0.012981682,0.5021721,0.51644725,0.90905994,0.38768363,0.21592897,0.17922036,0.37631673,0.2784286,-0.3720768,-0.14602448,-0.40058035,-0.49278766,-0.3742236,-0.3777302,-0.48804167,-0.096135765,0.005497421,-0.10760768,0.5059227,0.1913827,0.2208454,0.106740296,0.36846486,0.37748545,0.28615528,-0.2739101,-0.37946647,-0.066186145,-0.32094562,-0.46640325,0.26045573,-0.434902,-0.5538533,-0.50378233,-0.2654621,0.18127552,0.4887851,-0.4516245,0.1560848,0.32536858,-0.5159993,0.36199856,0.0881898,0.064787105,0.11939466,-0.23927328,0.22473355,0.3914949,0.5239996,0.60515106,0.32540017,0.0722067,0.3272108,0.6869742,0.3129297,0.17412674,0.3535906
0.27331173,0.27448663,0.22288984,0.32635093,-0.053376324,0.13625756,0.4444391,0.248743,0.14510891,0.04826191,0.26941916,0.15770353,0.39700556,0.4426434,0.4417421,0.5674669,0.56882286,0.4738033,0.48505765,0.36970937,0.48643357,0.50745857,0.5935778,-0.112932935,-0.018720472,0.17222448,0.7223256,-0.017389271,0.24157438,0.20075989,-0.14826398,0.08866082,0.65332687,0.598333,0.5371729,-0.36508495,-0.3844493,0.21380584,0.50436664,0.30083296,0.4475217,0.41507822,0.5824139,-0.26382655,0.33011848,0.38768363,0.89438266,0.46584815,0.20653741,0.025094068,0.01451226,0.36031535,0.52823913,0.30593964,0.1595411,0.21341208,0.34731025,0.15868679,0.17207399,0.2014231,0.20318452,0.44648626,0.3919394,0.42800182,0.45861977,0.456582,0.09402723,0.5608976,0.5378526,0.38798434,0.4639851,0.5193694,0.37187386,-0.19269568,0.15164024,0.018220777,-0.09969425,0.07754547,-0.30474287,0.06876744,-0.34250382,0.15416238,-0.1816903,-0.108768836,-0.21604578,0.25808108,-0.48044825,-0.2940105,-0.22573346,-0.29974487,0.03469941,-0.0011399749,0.12281077,0.5474335,0.4894837,-0.32265803,0.04897254,-0.04079906,0.12627992,-0.0733311
0.75751007,0.11339784,0.13672552,-0.061856374,0.020794753,-0.031195793,0.35014606,0.011456093,0.042459346,-0.19635004,-0.2314386,-0.31102037,0.08590762,-0.09031123,-0.019777708,0.26046556,0.20487776,0.19183165,0.020416873,0.51067215,0.07871656,0.0012562107,0.07798546,-0.56111646,-0.41736227,-0.5307328,0.3998512,-0.54529506,-0.18955281,-0.5948073,-0.112293765,0.08436753,0.537421,0.35395098,0.14401351,0.22335622,0.2044251,0.4263866,-0.2338759,-0.024835072,0.8333531,-0.19487381,-0.11868618,0.1552826,0.7285347,0.21592897,0.46584815,0.9321043,0.67582345,0.65358585,0.5860033,0.07494436,0.35112828,-0.08020404,-0.041970752,0.06384778,0.08380212,-0.066133976,-0.15240014,-0.28426445,-0.17442095,0.14964426,-0.08115658,0.027434744,-0.011788763,0.06953672,0.7109232,0.26529574,0.27204812,0.16891739,0.08104055,0.25868264,0.3297001,0.36464036,-0.23171541,-0.4260869,-0.24597748,-0.6583023,0.09845188,0.28596824,-0.047504216,0.6628322,0.37641257,-0.07981716,-0.07229704,0.5108862,0.17752337,0.051949453,0.54220307,0.15151766,0.64633954,0.40232933,0.04335753,0.33772913,0.0851095,0.32307488,0.41164082,0.64242446,0.6695913,0.6313199
0.8359536,0.014797538,0.15303129,-0.07664643,-0.22987828,0.025800562,0.40691447,0.04162538,0.14497179,-0.14366198,0.0019860063,-0.046301343,0.2931806,0.08103946,0.17348827,0.15158194,0.29647118,0.15337911,0.19025147,0.63616216,0.23814747,-0.24577379,0.08366378,-0.8111598,-0.23653877,-0.5459674,0.3048972,-0.7072208,-0.046570517,-0.5378373,-0.36979213,-0.049305502,0.33665803,0.05658468,-0.15833598,0.046790287,0.06820957,0.57298416,-0.41617644,-0.44461966,0.7665008,-0.12170556,-0.3240907,0.3057174,0.7113154,0.17922036,0.20653741,0.67582345,0.9437069,0.7684047,0.53106916,0.09001828,0.316215,-0.12494989,-0.005518852,0.2345767,0.12385857,-0.015742702,0.079688095,0.012176528,0.122861475,0.3323244,0.13226387,0.23189159,0.1754821,0.27316493,0.7525355,0.39654917,0.19789633,0.1486144,0.24453554,-0.025964208,0.24654599,0.18372226,-0.16084196,-0.357516,-0.0053136004,-0.5952866,-0.03353824,0.14427218,-0.3823765,0.30912194,0.17412803,-0.49642354,-0.24324268,0.0023477352,0.098882884,-0.25491476,0.6003467,-0.07930301,0.51873034,0.44976848,-0.1730833,-0.046931975,-0.18568477,0.47016057,0.40280604,0.56364346,0.93245244,0.6591239
0.7884797,-0.32432142,-0.22061493,-0.4782271,-0.25104696,-0.32871503,0.07293358,-0.3531429,-0.21119428,-0.302967,-0.27474156,-0.3577887,0.106332675,-0.12460529,-0.016083874,-0.25467113,-0.006850788,-0.28749615,-0.039330006,0.29935765,-0.04170105,-0.578843,-0.3248003,-0.83353627,-0.52168465,-0.84433454,0.22958626,-0.6218153,-0.3644552,-0.68129396,-0.099966094,0.20282882,0.41947073,-0.25728622,-0.46902364,0.23115556,0.46951497,0.6993151,-0.53884757,-0.51862943,0.77817523,-0.40711576,-0.5995342,0.6396345,0.8099612,0.37631673,0.025094068,0.65358585,0.7684047,0.9481916,0.702338,-0.32707462,-0.066211455,-0.5098566,-0.3626212,-0.17298499,-0.29821464,-0.38159654,-0.20853968,-0.2817837,-0.21691853,0.20223218,-0.13330285,-0.025183355,-0.14890271,0.0763123,0.9135574,0.12769055,-0.22334014,-0.26965785,-0.15635677,-0.35008806,-0.14243585,0.55182356,-0.5071966,-0.6751696,-0.31542504,-0.8445636,0.3108814,0.4170496,-0.18643513,0.52992713,0.5876346,-0.43358237,0.18067338,0.19599448,0.48721266,0.17063339,0.63493824,0.36558396,0.8057953,0.6911811,0.180093,-0.010338372,-0.32482022,0.7789095,0.7390437,0.8453743,0.81275153,0.9168019
0.6847583,-0.07336199,-0.08368258,-0.3096987,0.18299192,-0.20789325,0.012029784,-0.21444751,-0.13805334,-0.51560026,-0.5324154,-0.62220347,-0.25576615,-0.4339956,-0.34880763,-0.1530652,-0.27017903,-0.20604846,-0.35045278,0.19706237,-0.33932897,-0.46279177,-0.421798,-0.5805818,-0.7183496,-0.8186718,0.14896765,-0.5297721,-0.60757977,-0.7125579,0.24361736,0.49099886,0.40286177,-0.19870378,-0.32133853,0.41411602,0.56329316,0.6135889,-0.5468032,-0.13286255,0.60896295,-0.45502445,-0.49659932,0.5013038,0.6663262,0.2784286,0.01451226,0.5860033,0.53106916,0.702338,0.8974264,-0.19072898,-0.018208982,-0.27548072,-0.22297785,-0.19228235,-0.19139302,-0.23638177,-0.4969426,-0.5560066,-0.507728,-0.1460234,-0.44712317,-0.3636963,-0.43070668,-0.26006436,0.7053672,-0.17894271,-0.2172519,-0.1381282,-0.37361407,-0.1453,-0.052243218,0.64939946,-0.60707444,-0.740487,-0.47790366,-0.76627815,0.5935017,0.6956779,0.04622834,0.54988,0.6204214,-0.1730482,0.31315935,0.38043556,0.50820464,0.35922945,0.5569695,0.4340891,0.7899281,0.7519922,0.21799564,0.023150505,-0.119206846,0.6815634,0.6549691,0.69462126,0.5950428,0.7603308
0.014677565,0.8844385,0.90667826,0.82070935,0.37482283,0.8701116,0.62720466,0.9468296,0.8510176,0.14897272,0.39355016,0.40608037,0.14187227,0.23869896,0.17550471,0.78202665,0.40135777,0.8924249,0.2749567,0.6292209,0.3493971,0.5974159,0.66693056,0.17662528,0.37639314,0.468408,0.16400881,-0.154829,0.46056378,0.16379437,-0.36493292,-0.3488869,-0.14765963,0.545175,0.5805278,-0.18907216,-0.6770911,-0.21114317,0.22112343,0.33991146,-0.059366696,0.441331,0.49484363,-0.6207347,-0.21920261,-0.3720768,0.36031535,0.07494436,0.09001828,-0.32707462,-0.19072898,0.9708085,0.74377716,0.8764155,0.8785148,0.857312,0.9638158,0.89309555,0.35188285,0.37516677,0.45707738,0.068611264,0.34004983,0.3270244,0.469171,0.20578703,-0.31542015,0.3563562,0.76098835,0.94495857,0.6138766,0.7043439,0.8363959,-0.54207355,0.5126039,0.50148284,0.4887734,0.41577047,-0.44658655,-0.30930758,-0.22915885,-0.2967503,-0.64956605,0.019990519,-0.6550367,-0.18752271,-0.65460974,-0.63675535,-0.0011158884,-0.7269975,-0.4400174,-0.33617836,-0.5365399,-0.10936407,0.39377332,-0.5202247,-0.57781756,-0.48723894,0.059857212,-0.43320572
0.33017105,0.60585153,0.62587816,0.6927787,0.028220154,0.51938456,0.81992006,0.65544784,0.53348243,0.29421723,0.45394713,0.4478051,0.38202387,0.38054365,0.38193497,0.8707279,0.6233084,0.8570176,0.4643221,0.71493423,0.56097794,0.59151065,0.77548563,-0.019480696,0.30697474,0.33008707,0.3318533,-0.37117326,0.4884938,0.09491463,-0.3639878,-0.2132693,0.1758103,0.6767949,0.60136807,-0.3090344,-0.65727305,0.035566576,0.23388506,0.28671736,0.28342965,0.5175668,0.49557263,-0.51600724,0.08016613,-0.14602448,0.52823913,0.35112828,0.316215,-0.066211455,-0.018208982,0.74377716,0.904009,0.63833,0.53084445,0.6288868,0.7584603,0.54303503,0.4598511,0.43163943,0.512071,0.3337872,0.43355376,0.4838363,0.5890119,0.4179505,0.005230414,0.58240354,0.8463527,0.79014504,0.72937506,0.7192417,0.7573287,-0.3799429,0.52839327,0.36402118,0.34465674,0.2092227,-0.4694562,-0.21720609,-0.32580692,-0.06952529,-0.50474,-0.09462753,-0.6747546,-0.017938187,-0.6540277,-0.670388,0.06623329,-0.6209681,-0.16216552,-0.14616573,-0.34057492,0.22213003,0.44125748,-0.41817427,-0.32965833,-0.22454286,0.25931555,-0.2082012
-0.15198746,0.8524163,0.8039899,0.86695945,0.43837565,0.7834189,0.49534923,0.86268926,0.7259582,0.16028415,0.34254408,0.37886786,0.018912977,0.16161628,0.08267419,0.7416233,0.27454972,0.80947757,0.17070255,0.40497637,0.23526877,0.6722945,0.61863935,0.37116975,0.40461576,0.5896889,0.05917531,0.030977333,0.41572362,0.29064995,-0.18344,-0.25896826,-0.18892641,0.5364734,0.6369906,-0.19139273,-0.65592504,-0.34514964,0.31691393,0.4904403,-0.23951218,0.48630744,0.59193087,-0.6791092,-0.36460268,-0.40058035,0.30593964,-0.08020404,-0.12494989,-0.5098566,-0.27548072,0.8764155,0.63833,0.9259619,0.8048399,0.72123253,0.85516024,0.818323,0.2914494,0.33330357,0.3814456,-0.063212216,0.23294824,0.20693353,0.36730736,0.08065902,-0.48862147,0.20277014,0.6729697,0.8358482,0.49594024,0.71128345,0.73418987,-0.5641866,0.52383286,0.5733006,0.42503488,0.5403532,-0.3849742,-0.30494756,-0.106045365,-0.36391997,-0.67759264,0.16340631,-0.58908415,-0.15800826,-0.6616783,-0.522905,-0.181012,-0.68037295,-0.5433558,-0.4334811,-0.48625368,-0.030117024,0.4690536,-0.6213312,-0.6624916,-0.6104859,-0.15394776,-0.58697313
-0.11477557,0.8683895,0.92842764,0.71174943,0.4959107,0.9636564,0.4304945,0.93897724,0.9234982,0.060315706,0.26898336,0.31093368,-0.019934319,0.092118725,0.010822084,0.5899097,0.20078804,0.7402641,0.09648288,0.50928986,0.15702611,0.47303945,0.47999564,0.23143539,0.3492938,0.43257892,-0.0122682415,-0.065531835,0.38730526,0.09576338,-0.33430293,-0.40716323,-0.3463763,0.3851117,0.4591459,-0.017164392,-0.5348288,-0.3224826,0.107645,0.28426957,-0.20931593,0.27265698,0.3502171,-0.5590409,-0.30894572,-0.49278766,0.1595411,-0.041970752,-0.005518852,-0.3626212,-0.22297785,0.8785148,0.53084445,0.8048399,0.97233695,0.8769664,0.8683434,0.9575007,0.23790467,0.25872734,0.35396641,-0.10717666,0.21214071,0.17901781,0.31348503,0.03578928,-0.38331002,0.17224786,0.5809053,0.8310858,0.45125794,0.5603037,0.7509149,-0.50034237,0.42435718,0.49067634,0.5284823,0.4002223,-0.3631717,-0.3328287,-0.088617146,-0.3175964,-0.58870625,0.10764517,-0.55065596,-0.2287462,-0.49112815,-0.49947262,0.05989499,-0.62897515,-0.47971785,-0.387612,-0.58575594,-0.30552915,0.24491322,-0.4429685,-0.6168052,-0.48475736,-0.0018420517,-0.4346733
0.07756576,0.7569431,0.8730658,0.6664058,0.2320242,0.88910085,0.5871999,0.88695776,0.9028482,0.14583227,0.44476724,0.4648038,0.23765588,0.29656187,0.24712011,0.6164715,0.42686492,0.7685095,0.33189577,0.6899973,0.39187694,0.39844936,0.587984,0.004352196,0.40902394,0.36511755,0.116439,-0.23858821,0.5154631,0.08339621,-0.5321205,-0.47511512,-0.25133553,0.36681336,0.37011382,-0.16288646,-0.62526417,-0.13446343,0.07311743,0.0491079,-0.010190606,0.33800587,0.293805,-0.46572858,-0.14083791,-0.3742236,0.21341208,0.06384778,0.2345767,-0.17298499,-0.19228235,0.857312,0.6288868,0.72123253,0.8769664,0.9411225,0.87049675,0.87884426,0.4098021,0.44294465,0.5420545,0.15696844,0.42455256,0.41876966,0.52244675,0.28778213,-0.19590145,0.41902715,0.6458914,0.82914245,0.6443175,0.47951636,0.7467576,-0.54238385,0.47966963,0.45275325,0.6057884,0.32376337,-0.50051296,-0.38509548,-0.32934833,-0.33858654,-0.6258892,-0.15209934,-0.66427124,-0.3628583,-0.5564232,-0.698933,0.14467488,-0.7330084,-0.4032285,-0.28695104,-0.61034757,-0.33784327,0.14733295,-0.35404837,-0.50579566,-0.38718304,0.21472853,-0.30530325
0.04851328,0.8637732,0.902109,0.8107295,0.32130885,0.8629583,0.6626251,0.9411751,0.8557065,0.1883699,0.42885032,0.44607037,0.19057904,0.27143285,0.21075852,0.7859447,0.4346463,0.90118766,0.3092792,0.6626763,0.38124943,0.58184516,0.6830189,0.14691484,0.40050983,0.46508136,0.15400572,-0.19068344,0.50107336,0.15940857,-0.40830946,-0.37058574,-0.15508354,0.54265404,0.55916137,-0.20318827,-0.6913303,-0.19345656,0.20972842,0.3012097,-0.038119365,0.45323324,0.47588623,-0.609391,-0.19620067,-0.3777302,0.34731025,0.08380212,0.12385857,-0.29821464,-0.19139302,0.9638158,0.7584603,0.85516024,0.8683434,0.87049675,0.9742411,0.8845011,0.39500615,0.4111106,0.5001744,0.10892314,0.3772823,0.3702888,0.5037092,0.24215862,-0.283045,0.39532435,0.76895124,0.9457656,0.6470419,0.6879275,0.8353965,-0.5449034,0.53550714,0.5050969,0.52193534,0.40392944,-0.47251493,-0.33388913,-0.2574172,-0.30121922,-0.6576146,-0.017287824,-0.6902039,-0.21535029,-0.6603332,-0.6745093,0.028137311,-0.7422787,-0.42979527,-0.32757363,-0.54628205,-0.12347169,0.36802608,-0.49966526,-0.5714727,-0.46900633,0.094107196,-0.4133448
-0.12821825,0.86976385,0.9271556,0.72494847,0.48291326,0.9545942,0.4392622,0.9495544,0.91640246,0.08309465,0.30381483,0.3368958,-0.00094449986,0.112927824,0.032732286,0.5967991,0.21918598,0.7520895,0.1247125,0.5099976,0.18056038,0.48521227,0.4973152,0.24166486,0.3789488,0.45669657,-0.01900451,-0.054708414,0.4065807,0.12865317,-0.3362372,-0.40818638,-0.35560533,0.38099796,0.45686758,-0.05144454,-0.5617627,-0.32400733,0.12586536,0.283542,-0.22717279,0.31093892,0.36520323,-0.56654835,-0.33752286,-0.48804167,0.15868679,-0.066133976,-0.015742702,-0.38159654,-0.23638177,0.89309555,0.54303503,0.818323,0.9575007,0.87884426,0.8845011,0.96801424,0.26521307,0.29588568,0.37573475,-0.08867796,0.23621178,0.20419124,0.33765018,0.05720696,-0.39934456,0.18763137,0.5876126,0.8440859,0.47058576,0.56786025,0.74889845,-0.51368463,0.4441328,0.51104945,0.53898895,0.42610502,-0.37934262,-0.34378114,-0.10657948,-0.34015778,-0.6106441,0.09124823,-0.5687587,-0.24439648,-0.5162367,-0.5233695,0.036500443,-0.6495557,-0.49922532,-0.3894602,-0.57926816,-0.29758877,0.25995517,-0.45667428,-0.6251848,-0.5069059,-0.0200834,-0.454856
-0.05747792,0.10848422,0.18407166,0.40979877,-0.48717093,0.23096101,0.5626246,0.3131672,0.25958094,0.7086602,0.8284869,0.84910715,0.6578397,0.67406034,0.6765276,0.42532432,0.6571897,0.44171,0.68231094,0.35570765,0.7334814,0.35751653,0.6566757,0.10461206,0.7130097,0.52885926,0.09229931,-0.12931816,0.73581696,0.45898834,-0.4782384,-0.46283776,-0.08228631,0.29413402,0.24489006,-0.5915736,-0.7064543,-0.07647761,0.3890322,-0.074873894,-0.041491635,0.623009,0.39018303,-0.34265795,-0.20134038,-0.096135765,0.17207399,-0.15240014,0.079688095,-0.20853968,-0.4969426,0.35188285,0.4598511,0.2914494,0.23790467,0.4098021,0.39500615,0.26521307,0.84289795,0.82816815,0.8412571,0.57632446,0.7051984,0.72718537,0.7644037,0.6573736,-0.15955114,0.6117672,0.49276948,0.3458895,0.7436611,0.23636451,0.26898834,-0.51443523,0.6793926,0.59171295,0.49952936,0.43257433,-0.6886238,-0.59096223,-0.4469759,-0.404972,-0.59604746,-0.26815942,-0.61805904,-0.42012084,-0.6459069,-0.7458867,-0.19534722,-0.57893556,-0.41685155,-0.32934558,-0.22526968,0.07536511,0.21932232,-0.40518922,-0.3604298,-0.38439316,-0.008075989,-0.36373854
-0.1329185,0.117475666,0.1991632,0.4383887,-0.49723434,0.26664245,0.5096315,0.33229887,0.28819418,0.6401404,0.9041535,0.9181215,0.73023236,0.76674354,0.75680935,0.39093056,0.6785234,0.4227594,0.7570415,0.2958501,0.77757156,0.34915966,0.66165143,0.105219945,0.72749716,0.5811659,0.17059113,-0.00819036,0.75125504,0.59546673,-0.48160776,-0.38564765,-0.061043166,0.21118814,0.19956273,-0.7396312,-0.7823968,-0.039543033,0.4884426,-0.10120599,-0.12318538,0.70402133,0.45211267,-0.30209517,-0.24400325,0.005497421,0.2014231,-0.28426445,0.012176528,-0.2817837,-0.5560066,0.37516677,0.43163943,0.33330357,0.25872734,0.44294465,0.4111106,0.29588568,0.82816815,0.9453585,0.90899485,0.64495087,0.79869044,0.78419805,0.8236008,0.7206497,-0.26479858,0.64498943,0.45262206,0.3440737,0.7636105,0.17566034,0.20102313,-0.62054116,0.66051275,0.58747005,0.49906886,0.553575,-0.69941914,-0.5608866,-0.58881694,-0.57813066,-0.68726355,-0.39254624,-0.5960735,-0.5729735,-0.7279147,-0.8039807,-0.35927027,-0.6785214,-0.5203924,-0.32733187,-0.20057245,0.007574371,0.23200954,-0.43158072,-0.36096567,-0.5032762,-0.06194345,-0.45510805
-0.044075884,0.20236495,0.31212902,0.47462314,-0.46301347,0.35536343,0.5938312,0.41853723,0.38744134,0.638522,0.8841156,0.9133512,0.7189177,0.73790884,0.7286232,0.46849978,0.72126263,0.52116644,0.75086176,0.44992507,0.7864909,0.3704516,0.7116592,0.046414554,0.7386588,0.55379367,0.14975134,-0.110713884,0.79790974,0.4912305,-0.577315,-0.4964888,-0.12474652,0.2896378,0.24725725,-0.65307665,-0.7893049,-0.06940757,0.38095188,-0.15188465,-0.054871365,0.6500397,0.40682954,-0.35611218,-0.21012886,-0.10760768,0.20318452,-0.17442095,0.122861475,-0.21691853,-0.507728,0.45707738,0.512071,0.3814456,0.35396641,0.5420545,0.5001744,0.37573475,0.8412571,0.90899485,0.9417298,0.6280049,0.80007046,0.802567,0.8422134,0.7150377,-0.20262754,0.6916894,0.5464592,0.44432884,0.826299,0.2396807,0.33400607,-0.6357696,0.7013451,0.6040747,0.60257,0.4862978,-0.7482593,-0.61448157,-0.56561524,-0.51880467,-0.70104,-0.37670735,-0.6956984,-0.56451267,-0.7129798,-0.8623229,-0.20077136,-0.72404575,-0.4943941,-0.35105106,-0.33969918,-0.05929867,0.16581076,-0.4255802,-0.4051866,-0.4526825,0.048862338,-0.39834094
0.26689267,-0.20165735,-0.095124416,0.035806865,-0.7149457,-0.09762126,0.44608763,-0.028000474,-0.006830646,0.3340128,0.6823388,0.5467582,0.9138081,0.84076947,0.89645505,0.21056229,0.77792287,0.17601371,0.87022185,0.34560537,0.8253385,0.059535027,0.5085339,-0.36971107,0.23368919,0.09615244,0.60060686,-0.14112946,0.51540685,0.34410223,-0.43245584,-0.06440055,0.4553702,0.12575196,-0.011522711,-0.67686707,-0.44483423,0.4388715,0.38600832,-0.32922316,0.3852969,0.46022558,0.22736044,0.08965175,0.313405,0.5059227,0.44648626,0.14964426,0.3323244,0.20223218,-0.1460234,0.068611264,0.3337872,-0.063212216,-0.10717666,0.15696844,0.10892314,-0.08867796,0.57632446,0.64495087,0.6280049,0.9522974,0.81279624,0.84203887,0.7811773,0.9058814,0.22084768,0.8390757,0.29671058,0.08057343,0.6535318,-0.03910394,-0.011978712,-0.2743815,0.23460177,0.02245327,0.14922503,0.09878543,-0.4792394,-0.13315687,-0.7484791,-0.15538555,-0.23185506,-0.6606697,-0.26701778,-0.29289308,-0.4394366,-0.5734179,-0.19012007,-0.36641473,-0.007269136,0.114496335,0.16074733,0.20231667,0.074609295,-0.04471428,0.20827557,-0.0018163803,0.26784945,0.04144989
-0.016412305,0.06537501,0.17922172,0.30659515,-0.5509511,0.21380135,0.5227368,0.28162044,0.2757855,0.4513266,0.819626,0.75076383,0.8493857,0.8895188,0.8813143,0.3789506,0.8188749,0.41668928,0.88984245,0.38850772,0.8671838,0.30209467,0.7002313,-0.07596813,0.49403578,0.43585074,0.4498209,0.014938757,0.7476672,0.52930486,-0.5599491,-0.32527804,0.13434772,0.2588312,0.19509543,-0.69938684,-0.69806707,0.09290597,0.4862724,-0.19694532,0.08186917,0.58789074,0.4135213,-0.22462234,-0.027797127,0.1913827,0.3919394,-0.08115658,0.13226387,-0.13330285,-0.44712317,0.34004983,0.43355376,0.23294824,0.21214071,0.42455256,0.3772823,0.23621178,0.7051984,0.79869044,0.80007046,0.81279624,0.92069584,0.9039613,0.9078577,0.8767013,-0.12606648,0.8381913,0.47778317,0.3297645,0.81961226,0.137485,0.2079134,-0.5901381,0.5211426,0.37605965,0.46217188,0.4149889,-0.698078,-0.42375308,-0.68042076,-0.41061532,-0.56249464,-0.49178493,-0.47948456,-0.47549772,-0.6570543,-0.75336885,-0.30037808,-0.61786807,-0.38243952,-0.24254376,-0.13015631,0.020039415,0.112488665,-0.362033,-0.19165245,-0.34399205,0.050411988,-0.31479934
0.10702374,0.051466305,0.1729884,0.2908287,-0.57910335,0.19151643,0.577677,0.25735638,0.2556197,0.474316,0.8090558,0.73710763,0.87876284,0.8923784,0.9051031,0.39697158,0.85119855,0.4207942,0.9086464,0.45469323,0.90102744,0.27969182,0.6988559,-0.16410016,0.47914916,0.35319334,0.48007998,-0.10163664,0.71799004,0.45347303,-0.57816446,-0.31844503,0.2077353,0.28327084,0.18010855,-0.6916795,-0.6740514,0.17405626,0.44411123,-0.2139976,0.19291466,0.5703549,0.38230425,-0.18001506,0.06781614,0.2208454,0.42800182,0.027434744,0.23189159,-0.025183355,-0.3636963,0.3270244,0.4838363,0.20693353,0.17901781,0.41876966,0.3702888,0.20419124,0.72718537,0.78419805,0.802567,0.84203887,0.9039613,0.941005,0.9242822,0.9028326,-0.006281819,0.8765241,0.50524896,0.33383337,0.8343903,0.15704948,0.22775316,-0.5100613,0.4909773,0.3190334,0.4111315,0.3248214,-0.68824315,-0.39272717,-0.6967138,-0.3198288,-0.50292945,-0.5162802,-0.491741,-0.40402836,-0.63280714,-0.7635006,-0.21511512,-0.5906234,-0.2752068,-0.16645342,-0.092879124,0.07617173,0.14369619,-0.29703295,-0.1247191,-0.24406663,0.15472938,-0.20793092
0.050343454,0.19466014,0.29852623,0.4364196,-0.47806668,0.31778303,0.63862526,0.3929521,0.36828816,0.50980234,0.8441708,0.7918857,0.8348578,0.8836312,0.8744645,0.528829,0.8729078,0.5566046,0.90367794,0.51073253,0.90956396,0.41216755,0.8014116,-0.059567165,0.5657668,0.48133093,0.45360133,-0.07233023,0.79044986,0.50532806,-0.5949249,-0.37158084,0.135485,0.38860887,0.3109904,-0.7157306,-0.7881604,0.063591,0.49915725,-0.110511154,0.11252168,0.653278,0.49369574,-0.333306,-0.028739473,0.106740296,0.45861977,-0.011788763,0.1754821,-0.14890271,-0.43070668,0.469171,0.5890119,0.36730736,0.31348503,0.52244675,0.5037092,0.33765018,0.7644037,0.8236008,0.8422134,0.7811773,0.9078577,0.9242822,0.9556155,0.8715389,-0.12103683,0.8712295,0.61660457,0.46598524,0.8957538,0.2922725,0.35443357,-0.6162847,0.6064708,0.43960795,0.49578714,0.43636417,-0.7484579,-0.4609094,-0.67665786,-0.39970046,-0.6279049,-0.44567162,-0.59941363,-0.43429744,-0.74789166,-0.84346414,-0.2579331,-0.7090672,-0.39304352,-0.26336214,-0.19406575,0.08281089,0.22601765,-0.42744523,-0.270858,-0.37545216,0.09429462,-0.33886573
0.17672646,-0.076191224,0.031838857,0.1642558,-0.65701675,0.043320753,0.52233624,0.1151865,0.12182084,0.38661236,0.74412185,0.6472107,0.90620434,0.9008231,0.93587434,0.3065393,0.8385514,0.314326,0.932109,0.3994549,0.89057714,0.18147436,0.62563944,-0.26933843,0.35159415,0.2433285,0.5521558,-0.09358031,0.6350686,0.42632478,-0.5174609,-0.17455947,0.3305756,0.21638623,0.08774519,-0.7036294,-0.57879454,0.295267,0.43289155,-0.28106934,0.28249753,0.52770334,0.32051027,-0.053939782,0.17432548,0.36846486,0.456582,0.06953672,0.27316493,0.0763123,-0.26006436,0.20578703,0.4179505,0.08065902,0.03578928,0.28778213,0.24215862,0.05720696,0.6573736,0.7206497,0.7150377,0.9058814,0.8767013,0.9028326,0.8715389,0.94356185,0.08640078,0.8816855,0.40849042,0.21167073,0.76050556,0.058551725,0.097881444,-0.42272192,0.37235194,0.17014977,0.28841788,0.23054016,-0.59673494,-0.26008064,-0.7476084,-0.25734577,-0.3906976,-0.6017959,-0.39070958,-0.37370825,-0.5544458,-0.6817508,-0.2219848,-0.49893647,-0.16718763,-0.032080717,0.028656766,0.13684404,0.10295163,-0.19313817,0.028079078,-0.14573342,0.19807069,-0.10065195
0.8082692,-0.3074695,-0.22576058,-0.43356782,-0.27284575,-0.35611677,0.14428636,-0.3555112,-0.24103972,-0.21669002,-0.2534318,-0.33968195,0.12608801,-0.11172345,-0.0047361525,-0.17168924,0.036685742,-0.23605625,-0.016796608,0.31974965,-0.0036942204,-0.49726796,-0.27280328,-0.7818141,-0.49974212,-0.8120611,0.24449989,-0.6604261,-0.34065855,-0.6821095,-0.08053112,0.20815007,0.47690076,-0.14724854,-0.37631637,0.22501667,0.45103085,0.685707,-0.4801185,-0.42320332,0.81906676,-0.35021707,-0.5238739,0.5685504,0.8065897,0.37748545,0.09402723,0.7109232,0.7525355,0.9135574,0.7053672,-0.31542015,0.005230414,-0.48862147,-0.38331002,-0.19590145,-0.283045,-0.39934456,-0.15955114,-0.26479858,-0.20262754,0.22084768,-0.12606648,-0.006281819,-0.12103683,0.08640078,0.94397664,0.15754546,-0.14103824,-0.23513192,-0.12107373,-0.25540546,-0.107393675,0.56974435,-0.4620516,-0.6420181,-0.3492628,-0.85021573,0.2843976,0.4002605,-0.15073186,0.59663475,0.59093547,-0.36747503,0.14245391,0.27999306,0.44976842,0.16322261,0.62742424,0.37257737,0.8326801,0.6858936,0.20959368,0.12781623,-0.21778134,0.7137976,0.7239161,0.85099256,0.78513443,0.90110403
0.30637652,0.1003983,0.2076968,0.28127557,-0.5219927,0.18188244,0.6372137,0.26274922,0.25549215,0.34383708,0.6910854,0.5946352,0.8494245,0.82239974,0.85617244,0.4840237,0.8865632,0.48316306,0.87750906,0.5824544,0.8757394,0.293734,0.71820325,-0.3099742,0.3060909,0.21164542,0.6037711,-0.23111823,0.61522293,0.29255712,-0.556875,-0.23905739,0.36655724,0.3819817,0.24029303,-0.6018046,-0.60300285,0.28941715,0.3708896,-0.19613202,0.39725876,0.4988613,0.353602,-0.16469668,0.2643125,0.28615528,0.5608976,0.26529574,0.39654917,0.12769055,-0.17894271,0.3563562,0.58240354,0.20277014,0.17224786,0.41902715,0.39532435,0.18763137,0.6117672,0.64498943,0.6916894,0.8390757,0.8381913,0.8765241,0.8712295,0.8816855,0.15754546,0.93069047,0.57421315,0.38678858,0.8284341,0.24640873,0.32431227,-0.41367975,0.4097122,0.17869279,0.3279918,0.16520342,-0.62092423,-0.2561927,-0.69466746,-0.14799714,-0.41014695,-0.5188588,-0.475771,-0.2519578,-0.58310395,-0.7223879,-0.08813906,-0.5518662,-0.10632561,-0.046303935,-0.08725505,0.17130634,0.15621616,-0.21980783,-0.012617393,-0.09482134,0.31281054,-0.058579564
0.16591214,0.6281825,0.6398938,0.7196707,0.043823242,0.56657743,0.7514318,0.6834541,0.5669422,0.37614805,0.48550132,0.50962454,0.37146068,0.40948313,0.38306808,0.886478,0.6584629,0.89468384,0.46840757,0.66115224,0.5726104,0.738907,0.8507545,0.12425341,0.42806762,0.4852838,0.27319613,-0.21515805,0.59475654,0.19603655,-0.41674167,-0.3997122,0.049793817,0.7957021,0.73780525,-0.30820352,-0.7142403,-0.19781092,0.31436953,0.3216256,0.15046498,0.5175482,0.5864384,-0.6643299,-0.055911783,-0.2739101,0.5378526,0.27204812,0.19789633,-0.22334014,-0.2172519,0.76098835,0.8463527,0.6729697,0.5809053,0.6458914,0.76895124,0.5876126,0.49276948,0.45262206,0.5464592,0.29671058,0.47778317,0.50524896,0.61660457,0.40849042,-0.14103824,0.57421315,0.9255446,0.80587536,0.76535153,0.7873466,0.81691945,-0.5065494,0.65666425,0.51349074,0.45776498,0.33975005,-0.60349524,-0.40260565,-0.23678747,-0.11142966,-0.5978823,0.05100703,-0.7140094,-0.009395309,-0.6965031,-0.67480844,-0.003956355,-0.66752076,-0.31794977,-0.37735948,-0.43651095,0.22563432,0.41535643,-0.5866294,-0.5075109,-0.3348459,0.11863516,-0.35576308
0.10021069,0.85889685,0.88425946,0.8019703,0.34420788,0.82218385,0.67883235,0.91022426,0.8145,0.1664972,0.36845213,0.38844943,0.16028932,0.2312583,0.175129,0.8278457,0.43113953,0.92402935,0.27364486,0.67968345,0.36225826,0.6150371,0.69691586,0.13942045,0.35013223,0.43084705,0.17406337,-0.21364744,0.46492946,0.10398992,-0.3801685,-0.3481058,-0.10834856,0.6119435,0.61779165,-0.15690145,-0.65456015,-0.19603029,0.18699178,0.34351718,0.016722592,0.4174514,0.48183894,-0.6308756,-0.14109412,-0.37946647,0.38798434,0.16891739,0.1486144,-0.26965785,-0.1381282,0.94495857,0.79014504,0.8358482,0.8310858,0.82914245,0.9457656,0.8440859,0.3458895,0.3440737,0.44432884,0.08057343,0.3297645,0.33383337,0.46598524,0.21167073,-0.23513192,0.38678858,0.80587536,0.95913965,0.631981,0.74376535,0.87415683,-0.4939171,0.5207802,0.4729,0.48019958,0.3495707,-0.44951093,-0.30124038,-0.20102066,-0.20922676,-0.60595787,0.047268994,-0.67343843,-0.11099455,-0.62839496,-0.62394893,0.06971145,-0.6960595,-0.36798277,-0.31794015,-0.5287297,-0.043740846,0.38383746,-0.4992761,-0.5512681,-0.40919158,0.121139064,-0.3755268
0.12622291,0.36741528,0.46264008,0.5712441,-0.34220576,0.45485243,0.73762107,0.5397192,0.50127876,0.49509752,0.77980036,0.7625439,0.72643185,0.75774485,0.7470881,0.68250513,0.8646926,0.7220961,0.79842794,0.6439446,0.85005605,0.52025574,0.8705616,-0.035461303,0.56830037,0.499704,0.37816316,-0.18019043,0.7884178,0.40239483,-0.6235311,-0.45375988,0.05461619,0.52470016,0.44172865,-0.59138143,-0.82589114,-0.019894026,0.39878854,-0.032047506,0.13416868,0.6290888,0.5058949,-0.46575734,-0.044554196,-0.066186145,0.4639851,0.08104055,0.24453554,-0.15635677,-0.37361407,0.6138766,0.72937506,0.49594024,0.45125794,0.6443175,0.6470419,0.47058576,0.7436611,0.7636105,0.826299,0.6535318,0.81961226,0.8343903,0.8957538,0.76050556,-0.12107373,0.8284341,0.76535153,0.631981,0.95117724,0.456522,0.558944,-0.6434815,0.69044626,0.50949156,0.5854657,0.42493665,-0.7632097,-0.5049254,-0.5816533,-0.3609686,-0.68701947,-0.33048788,-0.714144,-0.38279048,-0.7706027,-0.88820267,-0.12273668,-0.77929354,-0.4038257,-0.32394195,-0.3690736,0.050761376,0.23890403,-0.49030703,-0.38849884,-0.3820576,0.16142175,-0.34876555
0.048716947,0.7038952,0.62514436,0.7310364,0.3486607,0.5285012,0.55701995,0.6483177,0.4759619,0.24334385,0.20560983,0.24930596,0.014895126,0.1066019,0.052674167,0.8444963,0.35176718,0.80298376,0.14131118,0.4249617,0.25770974,0.81797135,0.6638584,0.3396594,0.2919157,0.4797248,0.15619306,-0.08253644,0.334457,0.13415727,-0.10709371,-0.21657903,0.08045415,0.8363311,0.85627186,-0.11465742,-0.53618634,-0.33025828,0.33778107,0.6252167,0.03771647,0.41661224,0.66335344,-0.7240368,-0.15651253,-0.32094562,0.5193694,0.25868264,-0.025964208,-0.35008806,-0.1453,0.7043439,0.7192417,0.71128345,0.5603037,0.47951636,0.6879275,0.56786025,0.23636451,0.17566034,0.2396807,-0.03910394,0.137485,0.15704948,0.2922725,0.058551725,-0.25540546,0.24640873,0.7873466,0.74376535,0.456522,0.9208225,0.7715832,-0.3426705,0.5028838,0.4650894,0.2042363,0.31775805,-0.35537463,-0.24947935,0.07697002,0.037020523,-0.440387,0.36552304,-0.53431475,0.2586,-0.5699564,-0.36381847,-0.07965991,-0.45189142,-0.2758157,-0.37989253,-0.30685773,0.39292768,0.6067106,-0.62989616,-0.5274202,-0.338112,-0.082184106,-0.40704817
0.20548181,0.8055506,0.8317136,0.7109386,0.3539133,0.7441741,0.623394,0.81117713,0.73196095,0.14387178,0.22347851,0.26937485,0.07143805,0.08593551,0.05086693,0.80645764,0.39284694,0.8766467,0.15791282,0.6995925,0.26934236,0.6232555,0.6255007,0.079869285,0.27909496,0.3287065,0.09224287,-0.3066638,0.37817243,-0.080023125,-0.35588282,-0.40804148,-0.114888735,0.6992694,0.6594383,0.017478697,-0.51899207,-0.2537958,0.048940223,0.3144214,0.13456143,0.25792167,0.39597064,-0.6201866,-0.05676898,-0.46640325,0.37187386,0.3297001,0.24654599,-0.14243585,-0.052243218,0.8363959,0.7573287,0.73418987,0.7509149,0.7467576,0.8353965,0.74889845,0.26898834,0.20102313,0.33400607,-0.011978712,0.2079134,0.22775316,0.35443357,0.097881444,-0.107393675,0.32431227,0.81691945,0.87415683,0.558944,0.7715832,0.933436,-0.38756615,0.49161935,0.42001736,0.4516225,0.18695903,-0.4114736,-0.32232976,-0.031847592,-0.005484653,-0.48224685,0.17650244,-0.6603403,0.051600788,-0.48073444,-0.51253015,0.2488465,-0.57346976,-0.2390461,-0.32496244,-0.5897367,0.02055049,0.2979694,-0.44115293,-0.52738386,-0.24569002,0.21244115,-0.23656443
0.35503304,-0.37745216,-0.41156077,-0.56865716,0.077511206,-0.4943902,-0.29366702,-0.527192,-0.4583306,-0.34277925,-0.6135316,-0.6592749,-0.382667,-0.5209496,-0.46170485,-0.46485853,-0.51071227,-0.549595,-0.4961251,-0.2300018,-0.4980474,-0.55379224,-0.66938734,-0.31994832,-0.6200875,-0.74450743,-0.097760074,-0.28300908,-0.6720998,-0.6134509,0.3896288,0.44728935,0.28287935,-0.33868325,-0.43133897,0.49272016,0.75214416,0.39124542,-0.444639,-0.0785424,0.36414385,-0.5421392,-0.54643714,0.53542745,0.42688906,0.26045573,-0.19269568,0.36464036,0.18372226,0.55182356,0.64939946,-0.54207355,-0.3799429,-0.5641866,-0.50034237,-0.54238385,-0.5449034,-0.51368463,-0.51443523,-0.62054116,-0.6357696,-0.2743815,-0.5901381,-0.5100613,-0.6162847,-0.42272192,0.56974435,-0.41367975,-0.5065494,-0.4939171,-0.6434815,-0.3426705,-0.38756615,0.8511088,-0.67187965,-0.66710186,-0.62584955,-0.71872544,0.6639588,0.5731788,0.34531274,0.65680456,0.8202009,0.09201172,0.54103756,0.5235504,0.7204359,0.67515635,0.41737545,0.77340174,0.77388024,0.6272286,0.47753313,0.16942418,-0.11651175,0.6647394,0.6611047,0.72620225,0.26057726,0.69774055
-0.23963246,0.34893405,0.38001215,0.62332976,-0.1575473,0.39940554,0.49956608,0.48485786,0.3725295,0.6542815,0.63736534,0.74148893,0.37290478,0.45059615,0.40951952,0.599603,0.52681744,0.6248206,0.4501692,0.29565892,0.5425124,0.6525662,0.72790515,0.39790964,0.7742984,0.7527596,-0.07563318,0.04915351,0.73727596,0.49562114,-0.38173833,-0.5449853,-0.30506584,0.5300803,0.5572386,-0.41095537,-0.7587072,-0.4674855,0.402343,0.19740745,-0.28425464,0.59275025,0.55325955,-0.68387306,-0.457215,-0.434902,0.15164024,-0.23171541,-0.16084196,-0.5071966,-0.60707444,0.5126039,0.52839327,0.52383286,0.42435718,0.47966963,0.53550714,0.4441328,0.6793926,0.66051275,0.7013451,0.23460177,0.5211426,0.4909773,0.6064708,0.37235194,-0.4620516,0.4097122,0.65666425,0.5207802,0.69044626,0.5028838,0.49161935,-0.67187965,0.86022305,0.7959893,0.62446046,0.63370967,-0.6905491,-0.70174015,-0.15796691,-0.44352698,-0.74942553,0.11781803,-0.67540604,-0.32813466,-0.68821347,-0.66136354,-0.24754265,-0.65979016,-0.64088476,-0.63305515,-0.45838094,0.050735235,0.2585402,-0.7013943,-0.7185757,-0.5989599,-0.22589529,-0.63400203
-0.48076892,0.4021464,0.40314475,0.6250428,0.01403932,0.4706438,0.30737898,0.5143818,0.4053669,0.6322546,0.55677307,0.6981299,0.1696162,0.3023754,0.22787128,0.47766268,0.31325424,0.52815634,0.26779878,0.114468165,0.3444445,0.64434326,0.579042,0.5954233,0.8421251,0.8504683,-0.27599937,0.21542984,0.6521636,0.5419188,-0.27630332,-0.60270894,-0.50065726,0.43259442,0.5318086,-0.33702102,-0.6950072,-0.6617755,0.4218741,0.29533818,-0.5223515,0.53748417,0.56545573,-0.7075479,-0.66787934,-0.5538533,0.018220777,-0.4260869,-0.357516,-0.6751696,-0.740487,0.50148284,0.36402118,0.5733006,0.49067634,0.45275325,0.5050969,0.51104945,0.59171295,0.58747005,0.6040747,0.02245327,0.37605965,0.3190334,0.43960795,0.17014977,-0.6420181,0.17869279,0.51349074,0.4729,0.50949156,0.4650894,0.42001736,-0.66710186,0.7959893,0.93062717,0.597466,0.7301067,-0.6319146,-0.7775903,0.013043495,-0.51643735,-0.7482488,0.27180624,-0.6092863,-0.3272545,-0.63553154,-0.5311208,-0.33011967,-0.59913003,-0.7751406,-0.760421,-0.4691866,-0.018572442,0.29358652,-0.74520403,-0.834339,-0.7168238,-0.41970265,-0.75884235
-0.18243958,0.3386922,0.46498436,0.44060194,-0.07087468,0.53012085,0.3213789,0.52816516,0.5391838,0.3490131,0.47724003,0.5756757,0.27545857,0.32464856,0.28372824,0.3434614,0.38719958,0.49937445,0.32010305,0.369712,0.39639872,0.32177317,0.49746853,0.16124715,0.5811619,0.50456786,-0.14354292,-0.022334013,0.6319796,0.26327062,-0.4881207,-0.6094098,-0.5124695,0.21975064,0.23267971,-0.17882916,-0.55571365,-0.3885483,0.054982677,-0.15206125,-0.27731153,0.2466805,0.17299035,-0.45625335,-0.3493584,-0.50378233,-0.09969425,-0.24597748,-0.0053136004,-0.31542504,-0.47790366,0.4887734,0.34465674,0.42503488,0.5284823,0.6057884,0.52193534,0.53898895,0.49952936,0.49906886,0.60257,0.14922503,0.46217188,0.4111315,0.49578714,0.28841788,-0.3492628,0.3279918,0.45776498,0.48019958,0.5854657,0.2042363,0.4516225,-0.62584955,0.62446046,0.597466,0.81711876,0.4641533,-0.5709107,-0.6179073,-0.18860006,-0.47659963,-0.65085065,-0.05066977,-0.5508541,-0.53376114,-0.44443887,-0.61806685,0.025726994,-0.61921096,-0.5741211,-0.51497734,-0.6188326,-0.43764782,-0.18468934,-0.41862738,-0.6278945,-0.4670957,-0.020617576,-0.42818034
-0.67837685,0.31062686,0.26114386,0.5438357,0.030402673,0.3711126,0.13145675,0.41856515,0.28954625,0.41682068,0.5539172,0.5975635,0.191573,0.41114485,0.3094142,0.35445613,0.28109586,0.399188,0.33331573,-0.11120731,0.32538614,0.5777495,0.52941024,0.67391014,0.6477338,0.893594,-0.045366768,0.5414938,0.5843674,0.8131403,-0.11498831,-0.26725817,-0.34002042,0.26390043,0.4408882,-0.4721161,-0.67030203,-0.5477023,0.6157099,0.3388059,-0.67507,0.59019023,0.6524812,-0.6049173,-0.7204452,-0.2654621,0.07754547,-0.6583023,-0.5952866,-0.8445636,-0.76627815,0.41577047,0.2092227,0.5403532,0.4002223,0.32376337,0.40392944,0.42610502,0.43257433,0.553575,0.4862978,0.09878543,0.4149889,0.3248214,0.43636417,0.23054016,-0.85021573,0.16520342,0.33975005,0.3495707,0.42493665,0.31775805,0.18695903,-0.71872544,0.63370967,0.7301067,0.4641533,0.93110466,-0.5124532,-0.5007378,-0.13102835,-0.71315527,-0.7651806,0.1426305,-0.3561893,-0.44165105,-0.6806636,-0.44972116,-0.68374246,-0.579131,-0.879308,-0.6704096,-0.25001165,-0.038552344,0.2985111,-0.7863431,-0.7186301,-0.9073773,-0.66061336,-0.91900647
0.15049951,-0.23642719,-0.3176818,-0.44668776,0.33810312,-0.35488302,-0.46286803,-0.4115806,-0.38275373,-0.54936355,-0.68901885,-0.74164915,-0.5798011,-0.6483285,-0.6103177,-0.49560606,-0.6833365,-0.54422504,-0.64496386,-0.3825748,-0.69009244,-0.5263256,-0.7340889,-0.14395273,-0.66869295,-0.6151818,-0.17625074,-0.038727116,-0.74700826,-0.46507248,0.5851341,0.60243976,0.13205436,-0.4659012,-0.4326254,0.50450593,0.745122,0.2707228,-0.4400575,0.022294622,0.08176367,-0.544678,-0.49459124,0.501305,0.22680531,0.18127552,-0.30474287,0.09845188,-0.03353824,0.3108814,0.5935017,-0.44658655,-0.4694562,-0.3849742,-0.3631717,-0.50051296,-0.47251493,-0.37934262,-0.6886238,-0.69941914,-0.7482593,-0.4792394,-0.698078,-0.68824315,-0.7484579,-0.59673494,0.2843976,-0.62092423,-0.60349524,-0.44951093,-0.7632097,-0.35537463,-0.4114736,0.6639588,-0.6905491,-0.6319146,-0.5709107,-0.5124532,0.8450171,0.688472,0.36094642,0.37679893,0.6574929,0.11472982,0.612172,0.35071144,0.66501343,0.7094461,0.21929273,0.66048276,0.54040265,0.54206014,0.36208132,-0.04642532,-0.14843506,0.57007927,0.50717765,0.44817543,0.055934645,0.4716705
0.35325766,-0.18182246,-0.25488955,-0.36398202,0.2076369,-0.32887104,-0.22511223,-0.34492695,-0.3058095,-0.6045245,-0.5185568,-0.6702847,-0.2693345,-0.34132195,-0.29632968,-0.29421136,-0.35279614,-0.36811134,-0.3101045,-0.15519243,-0.38381258,-0.4333602,-0.4793696,-0.33829337,-0.78009725,-0.6447651,0.25069398,-0.09032963,-0.640187,-0.3569887,0.4511222,0.7715856,0.48875958,-0.31101567,-0.3406665,0.280829,0.5623622,0.55520666,-0.2404235,0.024304973,0.34717625,-0.34511405,-0.31756645,0.5034814,0.4576427,0.4887851,0.06876744,0.28596824,0.14427218,0.4170496,0.6956779,-0.30930758,-0.21720609,-0.30494756,-0.3328287,-0.38509548,-0.33388913,-0.34378114,-0.59096223,-0.5608866,-0.61448157,-0.13315687,-0.42375308,-0.39272717,-0.4609094,-0.26008064,0.4002605,-0.2561927,-0.40260565,-0.30124038,-0.5049254,-0.24947935,-0.32232976,0.5731788,-0.70174015,-0.7775903,-0.6179073,-0.5007378,0.688472,0.8948098,0.02177956,0.38062555,0.58781034,-0.14900143,0.56280345,0.34219837,0.45501882,0.5105576,0.13452065,0.49069494,0.6134619,0.69931245,0.47952294,0.11112912,-0.033411004,0.52713764,0.6687445,0.46734062,0.20565727,0.50965583
-0.274346,0.008117782,-0.09898402,-0.13736537,0.47117966,-0.10977501,-0.409573,-0.14963935,-0.18747231,-0.08611966,-0.5928935,-0.4747753,-0.7185792,-0.69401515,-0.73049843,-0.20684364,-0.61495733,-0.22936592,-0.7300441,-0.40128982,-0.66115856,0.028789628,-0.42486998,0.42424506,-0.15130767,-0.06408818,-0.55094445,0.1560387,-0.37389785,-0.2977187,0.41885197,-0.029354338,-0.33330354,0.039422467,0.1090036,0.6198312,0.46592087,-0.5060032,-0.24549046,0.3452105,-0.30133978,-0.44670472,-0.16889651,-0.1448312,-0.26881826,-0.4516245,-0.34250382,-0.047504216,-0.3823765,-0.18643513,0.04622834,-0.22915885,-0.32580692,-0.106045365,-0.088617146,-0.32934833,-0.2574172,-0.10657948,-0.4469759,-0.58881694,-0.56561524,-0.7484791,-0.68042076,-0.6967138,-0.67665786,-0.7476084,-0.15073186,-0.69466746,-0.23678747,-0.20102066,-0.5816533,0.07697002,-0.031847592,0.34531274,-0.15796691,0.013043495,-0.18860006,-0.13102835,0.36094642,0.02177956,0.92501456,0.36270523,0.34688383,0.8114297,0.292772,0.49829257,0.46684808,0.6326498,0.17418604,0.5095775,0.092820674,-0.1852794,0.0118207615,0.0798039,-0.028245509,-0.00907941,-0.17099929,0.1212914,-0.33647475,-0.0043134736
0.45533115,-0.14512634,-0.18265286,-0.3652829,0.11717227,-0.3144074,-0.06713852,-0.31094253,-0.28007883,-0.23392099,-0.52945805,-0.56644714,-0.24041303,-0.3798298,-0.31638366,-0.105030686,-0.19206937,-0.20671168,-0.3295412,0.057156242,-0.2818355,-0.18217975,-0.31684345,-0.29637516,-0.53980917,-0.60870486,0.096955635,-0.32615197,-0.45218349,-0.6397859,0.21402097,0.20046517,0.38813606,0.11714712,-0.018065967,0.44454044,0.561778,0.23618078,-0.31053975,0.06652678,0.5402777,-0.468389,-0.2922631,0.25650373,0.5239724,0.1560848,0.15416238,0.6628322,0.30912194,0.52992713,0.54988,-0.2967503,-0.06952529,-0.36391997,-0.3175964,-0.33858654,-0.30121922,-0.34015778,-0.404972,-0.57813066,-0.51880467,-0.15538555,-0.41061532,-0.3198288,-0.39970046,-0.25734577,0.59663475,-0.14799714,-0.11142966,-0.20922676,-0.3609686,0.037020523,-0.005484653,0.65680456,-0.44352698,-0.51643735,-0.47659963,-0.71315527,0.37679893,0.38062555,0.36270523,0.8772073,0.69408566,0.23425105,0.31215763,0.7396544,0.521956,0.5030349,0.46298027,0.5969242,0.72207624,0.39034593,0.29978287,0.36826158,0.021308867,0.42936063,0.48140818,0.7283082,0.33567518,0.636315
0.32719958,-0.48295015,-0.5078449,-0.7010832,0.035601072,-0.57560194,-0.43433315,-0.633448,-0.555861,-0.4304059,-0.6615406,-0.72596186,-0.35332704,-0.50313723,-0.42595476,-0.5770837,-0.50230575,-0.65208304,-0.48263174,-0.30242094,-0.5113333,-0.6056142,-0.7232877,-0.3628547,-0.7071096,-0.79277885,-0.052208297,-0.1884569,-0.7000242,-0.61624134,0.41262013,0.45527405,0.31951153,-0.38834757,-0.48326024,0.512257,0.84043455,0.3820327,-0.456657,-0.1647144,0.3760628,-0.6509067,-0.6024674,0.611922,0.478792,0.32536858,-0.1816903,0.37641257,0.17412803,0.5876346,0.6204214,-0.64956605,-0.50474,-0.67759264,-0.58870625,-0.6258892,-0.6576146,-0.6106441,-0.59604746,-0.68726355,-0.70104,-0.23185506,-0.56249464,-0.50292945,-0.6279049,-0.3906976,0.59093547,-0.41014695,-0.5978823,-0.60595787,-0.68701947,-0.440387,-0.48224685,0.8202009,-0.74942553,-0.7482488,-0.65085065,-0.7651806,0.6574929,0.58781034,0.34688383,0.69408566,0.90892935,0.060599413,0.64891064,0.545764,0.79862714,0.74661756,0.38805783,0.8400393,0.7918806,0.6066841,0.5204817,0.14357744,-0.24402317,0.70772064,0.7154259,0.7765843,0.24030715,0.734843
-0.3821587,0.21278168,0.08682561,0.13747373,0.5068745,0.073821194,-0.24452572,0.06992467,-0.04191391,0.06628169,-0.37805223,-0.25852638,-0.60072064,-0.51035297,-0.56630206,0.0819266,-0.4001666,0.051080838,-0.54809076,-0.30983117,-0.45860934,0.37867704,-0.10893509,0.6220286,0.052785628,0.26185405,-0.44420582,0.26511914,-0.13208547,-0.056663267,0.35296398,-0.12863623,-0.31387925,0.32461208,0.42628396,0.40953594,0.16651174,-0.6821889,0.027117178,0.5564723,-0.382999,-0.18364394,0.1729986,-0.4385597,-0.42543513,-0.5159993,-0.108768836,-0.07981716,-0.49642354,-0.43358237,-0.1730482,0.019990519,-0.09462753,0.16340631,0.10764517,-0.15209934,-0.017287824,0.09124823,-0.26815942,-0.39254624,-0.37670735,-0.6606697,-0.49178493,-0.5162802,-0.44567162,-0.6017959,-0.36747503,-0.5188588,0.05100703,0.047268994,-0.33048788,0.36552304,0.17650244,0.09201172,0.11781803,0.27180624,-0.05066977,0.1426305,0.11472982,-0.14900143,0.8114297,0.23425105,0.060599413,0.93257403,0.07030167,0.4752472,0.14204757,0.41559654,-0.024962204,0.25786898,-0.1586878,-0.42073318,-0.080434896,0.20062569,0.188517,-0.3432964,-0.42972997,-0.14168295,-0.49002415,-0.28920728
-0.102632694,-0.51052773,-0.5747396,-0.6556886,0.07873285,-0.5557865,-0.64878076,-0.6311989,-0.56909573,-0.46206838,-0.58008564,-0.66012657,-0.3761149,-0.39170808,-0.37435615,-0.67601454,-0.55584407,-0.72170115,-0.42775524,-0.5929725,-0.53435946,-0.52299565,-0.6965382,-0.07003638,-0.59927106,-0.4652609,-0.041979637,0.28503096,-0.5920368,-0.1904058,0.507734,0.536236,0.18162729,-0.501017,-0.47677216,0.34662646,0.7246194,0.19906723,-0.15798524,-0.059314556,-0.022452973,-0.49860752,-0.40211844,0.51611114,0.15333626,0.36199856,-0.21604578,-0.07229704,-0.24324268,0.18067338,0.31315935,-0.6550367,-0.6747546,-0.58908415,-0.55065596,-0.66427124,-0.6902039,-0.5687587,-0.61805904,-0.5960735,-0.6956984,-0.26701778,-0.47948456,-0.491741,-0.59941363,-0.39070958,0.14245391,-0.475771,-0.7140094,-0.67343843,-0.714144,-0.53431475,-0.6603403,0.54103756,-0.67540604,-0.6092863,-0.5508541,-0.3561893,0.612172,0.56280345,0.292772,0.31215763,0.64891064,0.07030167,0.82625043,0.276297,0.6397034,0.75303566,-0.043429226,0.7033049,0.39400977,0.38426727,0.5471946,-0.012315859,-0.27034283,0.46152171,0.5194755,0.36131072,-0.175928,0.33501315
0.21704641,0.00021403655,-0.123077035,-0.16033562,0.28640276,-0.2554003,-0.0862583,-0.21272145,-0.28061253,-0.17786935,-0.52163756,-0.54514146,-0.36993617,-0.41554797,-0.39486247,0.047885023,-0.24407485,-0.09125361,-0.38772523,-0.10269246,-0.3316865,0.10012275,-0.20642565,0.032619562,-0.4376024,-0.31855673,0.07630676,-0.09714383,-0.4342602,-0.40647382,0.35439458,0.26043332,0.37786788,0.3058263,0.24754831,0.37948212,0.43105644,0.009169394,-0.05088702,0.40384904,0.3198747,-0.2894379,0.017123094,-0.015148206,0.26842755,0.0881898,0.25808108,0.5108862,0.0023477352,0.19599448,0.38043556,-0.18752271,-0.017938187,-0.15800826,-0.2287462,-0.3628583,-0.21535029,-0.24439648,-0.42012084,-0.5729735,-0.56451267,-0.29289308,-0.47549772,-0.40402836,-0.43429744,-0.37370825,0.27999306,-0.2519578,-0.009395309,-0.11099455,-0.38279048,0.2586,0.051600788,0.5235504,-0.32813466,-0.3272545,-0.53376114,-0.44165105,0.35071144,0.34219837,0.49829257,0.7396544,0.545764,0.4752472,0.276297,0.9006647,0.346207,0.54866374,0.18751448,0.5384497,0.50415504,0.19728655,0.3269288,0.5623195,0.294683,0.120885864,0.25775364,0.45079088,0.017693946,0.3224127
0.17180264,-0.46249118,-0.45653856,-0.71654,0.13212046,-0.47231,-0.5933508,-0.5788355,-0.4484225,-0.45219672,-0.72938925,-0.7304739,-0.5109394,-0.6462189,-0.5923329,-0.71105427,-0.65983355,-0.71278477,-0.6492267,-0.36165452,-0.67791796,-0.6901485,-0.8484112,-0.27639794,-0.61966,-0.73185843,-0.31509805,-0.13016956,-0.6725579,-0.6392782,0.37083238,0.2759289,-0.029686183,-0.5384999,-0.5818743,0.6759839,0.9067285,0.18908697,-0.6346842,-0.29379874,0.15397066,-0.8098805,-0.76481164,0.6000582,0.31393975,0.064787105,-0.48044825,0.17752337,0.098882884,0.48721266,0.50820464,-0.65460974,-0.6540277,-0.6616783,-0.49112815,-0.5564232,-0.6603332,-0.5162367,-0.6459069,-0.7279147,-0.7129798,-0.4394366,-0.6570543,-0.63280714,-0.74789166,-0.5544458,0.44976842,-0.58310395,-0.6965031,-0.62839496,-0.7706027,-0.5699564,-0.48073444,0.7204359,-0.68821347,-0.63553154,-0.44443887,-0.6806636,0.66501343,0.45501882,0.46684808,0.521956,0.79862714,0.14204757,0.6397034,0.346207,0.9399441,0.7620156,0.46943152,0.7992091,0.6164229,0.44025075,0.27561343,-0.19944698,-0.52158225,0.71070033,0.5362803,0.6693238,0.18574965,0.6451828
-0.08918893,-0.38643375,-0.5003643,-0.594643,0.30045596,-0.5051464,-0.7159474,-0.58099,-0.5497961,-0.45165828,-0.7966604,-0.798018,-0.6673535,-0.6831988,-0.67113256,-0.61664975,-0.7472559,-0.68467164,-0.7209429,-0.62328535,-0.7681289,-0.4099239,-0.7832001,0.05859863,-0.602082,-0.48540688,-0.24771738,0.19946021,-0.7319459,-0.38581795,0.6285678,0.4369195,0.08762859,-0.35577312,-0.3145611,0.5923983,0.8332719,-0.0008482201,-0.30023944,0.106163174,-0.039140463,-0.6385696,-0.41597614,0.39515963,0.108469784,0.11939466,-0.2940105,0.051949453,-0.25491476,0.17063339,0.35922945,-0.63675535,-0.670388,-0.522905,-0.49947262,-0.698933,-0.6745093,-0.5233695,-0.7458867,-0.8039807,-0.8623229,-0.5734179,-0.75336885,-0.7635006,-0.84346414,-0.6817508,0.16322261,-0.7223879,-0.67480844,-0.62394893,-0.88820267,-0.36381847,-0.51253015,0.67515635,-0.66136354,-0.5311208,-0.61806685,-0.44972116,0.7094461,0.5105576,0.6326498,0.5030349,0.74661756,0.41559654,0.75303566,0.54866374,0.7620156,0.94723934,0.10910863,0.83711827,0.45620587,0.29895565,0.45370728,0.10488407,-0.17394756,0.42543668,0.40654653,0.43826276,-0.18728049,0.36807638
0.584879,0.07803483,0.19870482,-0.19058354,0.1272141,0.09510085,0.13870028,0.04442364,0.16979891,-0.19974187,-0.3593067,-0.32308748,-0.19795735,-0.4010231,-0.3325656,-0.049131744,-0.1521008,-0.0015769508,-0.3159415,0.43291444,-0.2255339,-0.36567605,-0.27274162,-0.49055457,-0.30739933,-0.6249145,-0.18128288,-0.67498714,-0.25152814,-0.828926,-0.15715623,-0.14498775,-0.08716218,-0.08139514,-0.23566595,0.53772014,0.3911906,0.23334292,-0.73212695,-0.31356376,0.46160448,-0.5149482,-0.6100495,0.24876052,0.44600123,-0.23927328,-0.22573346,0.54220307,0.6003467,0.63493824,0.5569695,-0.0011158884,0.06623329,-0.181012,0.05989499,0.14467488,0.028137311,0.036500443,-0.19534722,-0.35927027,-0.20077136,-0.19012007,-0.30037808,-0.21511512,-0.2579331,-0.2219848,0.62742424,-0.08813906,-0.003956355,0.06971145,-0.12273668,-0.07965991,0.2488465,0.41737545,-0.24754265,-0.33011967,0.025726994,-0.68374246,0.21929273,0.13452065,0.17418604,0.46298027,0.38805783,-0.024962204,-0.043429226,0.18751448,0.46943152,0.10910863,0.91230863,0.24557975,0.5609114,0.3518448,-0.23652433,-0.27095383,-0.34790918,0.5516561,0.26233917,0.6292831,0.66843295,0.6625452
0.07271012,-0.5398176,-0.60046494,-0.7022075,0.06040348,-0.6270962,-0.5728548,-0.6920187,-0.63081443,-0.31829244,-0.6766228,-0.6948099,-0.45574194,-0.5479163,-0.5004431,-0.6495848,-0.60804015,-0.7325044,-0.56270605,-0.5101945,-0.5957991,-0.5374982,-0.7679393,-0.12098116,-0.57153064,-0.61385655,-0.21457142,0.019884797,-0.67294025,-0.4579929,0.51741976,0.41316003,0.1551814,-0.40738252,-0.4415797,0.5208504,0.83771014,0.17623055,-0.34977698,-0.056866392,0.12951532,-0.62203634,-0.527144,0.5199279,0.25483543,0.22473355,-0.29974487,0.15151766,-0.07930301,0.36558396,0.4340891,-0.7269975,-0.6209681,-0.68037295,-0.62897515,-0.7330084,-0.7422787,-0.6495557,-0.57893556,-0.6785214,-0.72404575,-0.36641473,-0.61786807,-0.5906234,-0.7090672,-0.49893647,0.37257737,-0.5518662,-0.66752076,-0.6960595,-0.77929354,-0.45189142,-0.57346976,0.77340174,-0.65979016,-0.59913003,-0.61921096,-0.579131,0.66048276,0.49069494,0.5095775,0.5969242,0.8400393,0.25786898,0.7033049,0.5384497,0.7992091,0.83711827,0.24557975,0.9198754,0.6207243,0.44051522,0.54323316,0.15297171,-0.22542265,0.5701437,0.5684824,0.61642224,-0.013191012,0.5418327
0.6768284,-0.34568512,-0.34046102,-0.53302324,-0.061764866,-0.46504503,-0.06260618,-0.4677503,-0.3816624,-0.3625968,-0.5012757,-0.5878165,-0.1301432,-0.33395964,-0.2357009,-0.301131,-0.22120532,-0.38571012,-0.257384,0.08158014,-0.25934422,-0.53237945,-0.4749834,-0.6113642,-0.6831201,-0.874943,0.1641323,-0.50325865,-0.5696244,-0.7098047,0.21212636,0.42752814,0.49562478,-0.20877674,-0.38857508,0.3868063,0.6535051,0.6241225,-0.48487163,-0.22278863,0.6944921,-0.49348018,-0.5468809,0.6174493,0.73028815,0.3914949,0.03469941,0.64633954,0.51873034,0.8057953,0.7899281,-0.4400174,-0.16216552,-0.5433558,-0.47971785,-0.4032285,-0.42979527,-0.49922532,-0.41685155,-0.5203924,-0.4943941,-0.007269136,-0.38243952,-0.2752068,-0.39304352,-0.16718763,0.8326801,-0.10632561,-0.31794977,-0.36798277,-0.4038257,-0.2758157,-0.2390461,0.77388024,-0.64088476,-0.7751406,-0.5741211,-0.879308,0.54040265,0.6134619,0.092820674,0.72207624,0.7918806,-0.1586878,0.39400977,0.50415504,0.6164229,0.45620587,0.5609114,0.6207243,0.9284681,0.74456036,0.40646058,0.21351036,-0.15720974,0.74793285,0.78385305,0.8748744,0.57817686,0.88053215
0.59029883,-0.29976392,-0.27905387,-0.43349606,-0.08974916,-0.36339846,-0.016757106,-0.3700398,-0.27910307,-0.39205608,-0.31949878,-0.44878277,-0.016924623,-0.1782392,-0.09377506,-0.30715573,-0.18754423,-0.3713314,-0.12754291,0.06560135,-0.17255071,-0.62034166,-0.43377745,-0.59985983,-0.63213927,-0.7873188,0.24107422,-0.4248799,-0.5207919,-0.47884202,0.19578514,0.5728731,0.49193305,-0.4099211,-0.53181404,0.17614819,0.4962799,0.7892765,-0.37947935,-0.24482727,0.5566844,-0.29702395,-0.49178845,0.67652404,0.62737507,0.5239996,-0.0011399749,0.40232933,0.44976848,0.6911811,0.7519922,-0.33617836,-0.14616573,-0.4334811,-0.387612,-0.28695104,-0.32757363,-0.3894602,-0.32934558,-0.32733187,-0.35105106,0.114496335,-0.24254376,-0.16645342,-0.26336214,-0.032080717,0.6858936,-0.046303935,-0.37735948,-0.31794015,-0.32394195,-0.37989253,-0.32496244,0.6272286,-0.63305515,-0.760421,-0.51497734,-0.6704096,0.54206014,0.69931245,-0.1852794,0.39034593,0.6066841,-0.42073318,0.38426727,0.19728655,0.44025075,0.29895565,0.3518448,0.44051522,0.74456036,0.8839125,0.43708175,0.0320786,-0.11724,0.7283184,0.80336934,0.6482061,0.5149139,0.7291434
0.010280586,-0.4985761,-0.5902712,-0.46432355,-0.20252068,-0.60394645,-0.2523391,-0.5784089,-0.5882799,-0.10960333,-0.178391,-0.30478585,0.031114863,0.021659289,0.058897886,-0.37610197,-0.15180019,-0.514041,-0.002931321,-0.41754076,-0.0829027,-0.30296156,-0.3350945,-0.056580268,-0.38396907,-0.31142262,0.2550125,0.14792389,-0.34335524,0.052669197,0.34821177,0.5365546,0.5107142,-0.25594527,-0.28309348,-0.069058664,0.3905478,0.37988782,0.18400908,0.07179006,0.16233039,-0.06499247,-0.061682805,0.39680502,0.21506745,0.60515106,0.12281077,0.04335753,-0.1730833,0.180093,0.21799564,-0.5365399,-0.34057492,-0.48625368,-0.58575594,-0.61034757,-0.54628205,-0.57926816,-0.22526968,-0.20057245,-0.33969918,0.16074733,-0.13015631,-0.092879124,-0.19406575,0.028656766,0.20959368,-0.08725505,-0.43651095,-0.5287297,-0.3690736,-0.30685773,-0.5897367,0.47753313,-0.45838094,-0.4691866,-0.6188326,-0.25001165,0.36208132,0.47952294,0.0118207615,0.29978287,0.5204817,-0.080434896,0.5471946,0.3269288,0.27561343,0.45370728,-0.23652433,0.54323316,0.40646058,0.43708175,0.8330631,0.40710577,0.15942004,0.2781008,0.5869226,0.30719277,-0.16088189,0.27053022
0.13307771,-0.10621281,-0.24327132,0.06447606,-0.13934068,-0.34828603,0.19578281,-0.21349895,-0.37868425,0.24679486,0.030716889,0.013360882,0.13638584,0.13694613,0.17188117,0.2838866,0.20077722,0.06787537,0.14572486,-0.08755695,0.20421678,0.39236614,0.24791937,0.11204101,-0.02386668,0.09335382,0.275625,0.00037326303,-0.034566946,0.1378024,0.23427865,0.20934838,0.56464857,0.47834963,0.43192458,-0.25827143,-0.06130759,0.078618124,0.43094623,0.45404834,0.29957163,0.28328708,0.4697555,-0.14767817,0.15978359,0.32540017,0.5474335,0.33772913,-0.046931975,-0.010338372,0.023150505,-0.10936407,0.22213003,-0.030117024,-0.30552915,-0.33784327,-0.12347169,-0.29758877,0.07536511,0.007574371,-0.05929867,0.20231667,0.020039415,0.07617173,0.08281089,0.13684404,0.12781623,0.17130634,0.22563432,-0.043740846,0.050761376,0.39292768,0.02055049,0.16942418,0.050735235,-0.018572442,-0.43764782,-0.038552344,-0.04642532,0.11112912,0.0798039,0.36826158,0.14357744,0.20062569,-0.012315859,0.5623195,-0.19944698,0.10488407,-0.27095383,0.15297171,0.21351036,0.0320786,0.40710577,0.8526532,0.5660403,-0.21903212,0.13625816,0.12647504,-0.12229145,0.00072347955
-0.04859998,0.38833335,0.25010654,0.5046482,0.17927444,0.19705433,0.3693632,0.32664686,0.13619137,0.28276348,0.25078163,0.23105317,0.07391871,0.1790104,0.14435375,0.5413245,0.20398027,0.42991313,0.18902265,0.075407,0.23668122,0.57455814,0.43486723,0.34095293,0.20849547,0.40472442,0.19819552,0.048670426,0.15204127,0.31267506,0.1357732,0.112423725,0.30791962,0.50832784,0.55847406,-0.31154057,-0.40807784,-0.06716555,0.5366981,0.64365244,0.014566328,0.54393625,0.65959543,-0.4105435,-0.15256175,0.0722067,0.4894837,0.0851095,-0.18568477,-0.32482022,-0.119206846,0.39377332,0.44125748,0.4690536,0.24491322,0.14733295,0.36802608,0.25995517,0.21932232,0.23200954,0.16581076,0.074609295,0.112488665,0.14369619,0.22601765,0.10295163,-0.21778134,0.15621616,0.41535643,0.38383746,0.23890403,0.6067106,0.2979694,-0.11651175,0.2585402,0.29358652,-0.18468934,0.2985111,-0.14843506,-0.033411004,-0.028245509,0.021308867,-0.24402317,0.188517,-0.27034283,0.294683,-0.52158225,-0.17394756,-0.34790918,-0.22542265,-0.15720974,-0.11724,0.15942004,0.5660403,0.8462602,-0.4706045,-0.21352436,-0.29419994,-0.23985042,-0.35227403
0.5062359,-0.44054952,-0.36316004,-0.6409598,-0.1206447,-0.40485424,-0.27334663,-0.4876519,-0.3193798,-0.43152052,-0.44501743,-0.5235283,-0.15220249,-0.3417551,-0.25937375,-0.59715134,-0.36932278,-0.5892234,-0.30766883,-0.0442528,-0.35084713,-0.83233917,-0.68088204,-0.6571783,-0.6159637,-0.8798014,-0.029927563,-0.41283065,-0.5730583,-0.6470049,0.14044893,0.34366852,0.20430288,-0.6146468,-0.7428327,0.40295327,0.7018214,0.6108313,-0.6449028,-0.53576076,0.4594144,-0.5850344,-0.7943506,0.79790044,0.5774846,0.3272108,-0.32265803,0.32307488,0.47016057,0.7789095,0.6815634,-0.5202247,-0.41817427,-0.6213312,-0.4429685,-0.35404837,-0.49966526,-0.45667428,-0.40518922,-0.43158072,-0.4255802,-0.04471428,-0.362033,-0.29703295,-0.42744523,-0.19313817,0.7137976,-0.21980783,-0.5866294,-0.4992761,-0.49030703,-0.62989616,-0.44115293,0.6647394,-0.7013943,-0.74520403,-0.41862738,-0.7863431,0.57007927,0.52713764,-0.00907941,0.42936063,0.70772064,-0.3432964,0.46152171,0.120885864,0.71070033,0.42543668,0.5516561,0.5701437,0.74793285,0.7283184,0.2781008,-0.21903212,-0.4706045,0.92381734,0.7600893,0.76110196,0.55814064,0.84222794
0.5362103,-0.55579615,-0.5334952,-0.654191,-0.26626784,-0.5974951,-0.19313642,-0.6195346,-0.51516455,-0.3947782,-0.3489357,-0.48867023,0.06358269,-0.10816623,-0.014646213,-0.48923343,-0.16453579,-0.5693615,-0.06525972,-0.10024043,-0.13929367,-0.6621411,-0.49693364,-0.6522014,-0.66560966,-0.8083895,0.33405298,-0.27590626,-0.5261698,-0.4258098,0.21096125,0.5654146,0.60618174,-0.43789905,-0.5848917,0.13073935,0.6034372,0.7757673,-0.2874496,-0.35941598,0.60224533,-0.36990896,-0.5074587,0.7737139,0.707827,0.6869742,0.04897254,0.41164082,0.40280604,0.7390437,0.6549691,-0.57781756,-0.32965833,-0.6624916,-0.6168052,-0.50579566,-0.5714727,-0.6251848,-0.3604298,-0.36096567,-0.4051866,0.20827557,-0.19165245,-0.1247191,-0.270858,0.028079078,0.7239161,-0.012617393,-0.5075109,-0.5512681,-0.38849884,-0.5274202,-0.52738386,0.6611047,-0.7185757,-0.834339,-0.6278945,-0.7186301,0.50717765,0.6687445,-0.17099929,0.48140818,0.7154259,-0.42972997,0.5194755,0.25775364,0.5362803,0.40654653,0.26233917,0.5684824,0.78385305,0.80336934,0.5869226,0.13625816,-0.21352436,0.7600893,0.9344467,0.73439646,0.45916873,0.7848368
0.6446918,-0.39641216,-0.35229188,-0.5978999,-0.13484034,-0.45958516,-0.12214254,-0.49397212,-0.37676898,-0.32096535,-0.48038346,-0.55049586,-0.10315906,-0.32524505,-0.22806756,-0.36458063,-0.19895592,-0.4268957,-0.25849748,0.08975266,-0.25278777,-0.5615137,-0.4961555,-0.64673173,-0.6157023,-0.8674679,0.09785299,-0.5042046,-0.51655173,-0.7568224,0.115263715,0.25846994,0.3884706,-0.22722559,-0.4204169,0.42958048,0.6771138,0.5391119,-0.54229516,-0.36088163,0.6850445,-0.5763471,-0.61928344,0.61268276,0.7272889,0.3129297,-0.04079906,0.64242446,0.56364346,0.8453743,0.69462126,-0.48723894,-0.22454286,-0.6104859,-0.48475736,-0.38718304,-0.46900633,-0.5069059,-0.38439316,-0.5032762,-0.4526825,-0.0018163803,-0.34399205,-0.24406663,-0.37545216,-0.14573342,0.85099256,-0.09482134,-0.3348459,-0.40919158,-0.3820576,-0.338112,-0.24569002,0.72620225,-0.5989599,-0.7168238,-0.4670957,-0.9073773,0.44817543,0.46734062,0.1212914,0.7283082,0.7765843,-0.14168295,0.36131072,0.45079088,0.6693238,0.43826276,0.6292831,0.61642224,0.8748744,0.6482061,0.30719277,0.12647504,-0.29419994,0.76110196,0.73439646,0.93453974,0.6121402,0.9115534
0.83819616,0.018319717,0.1470378,-0.13263741,-0.17130697,0.034745842,0.35272318,0.02814853,0.15005308,-0.20341885,-0.05372923,-0.117803276,0.21789515,-0.0025449195,0.08967663,0.08284901,0.21583089,0.09671167,0.11195245,0.6208273,0.14252615,-0.3357187,-0.020126432,-0.8287967,-0.3088299,-0.6244766,0.24749824,-0.7375846,-0.12740372,-0.6200831,-0.31981975,-0.0129490495,0.29712796,-0.03211026,-0.24231474,0.1322349,0.15279014,0.60292625,-0.5085641,-0.47550625,0.76083046,-0.20281798,-0.42361033,0.38792694,0.71766746,0.17412674,0.12627992,0.6695913,0.93245244,0.81275153,0.5950428,0.059857212,0.25931555,-0.15394776,-0.0018420517,0.21472853,0.094107196,-0.0200834,-0.008075989,-0.06194345,0.048862338,0.26784945,0.050411988,0.15472938,0.09429462,0.19807069,0.78513443,0.31281054,0.11863516,0.121139064,0.16142175,-0.082184106,0.21244115,0.26057726,-0.22589529,-0.41970265,-0.020617576,-0.66061336,0.055934645,0.20565727,-0.33647475,0.33567518,0.24030715,-0.49002415,-0.175928,0.017693946,0.18574965,-0.18728049,0.66843295,-0.013191012,0.57817686,0.5149139,-0.16088189,-0.12229145,-0.23985042,0.55814064,0.45916873,0.6121402,0.9685114,0.719474
0.7185656,-0.36851746,-0.29507282,-0.5817799,-0.14560346,-0.40132406,-0.07798848,-0.44140103,-0.30046996,-0.38206446,-0.4442301,-0.5206739,-0.06460408,-0.29099983,-0.18656063,-0.36955845,-0.18894088,-0.4126771,-0.2197092,0.15589452,-0.22319384,-0.65125376,-0.4993894,-0.7550208,-0.63277316,-0.92345476,0.12855168,-0.56976914,-0.51332057,-0.7719203,0.06639867,0.29288745,0.38573587,-0.3272034,-0.51605344,0.39527977,0.6401504,0.656863,-0.6060257,-0.45496756,0.7143878,-0.55019104,-0.68189514,0.68925494,0.7798491,0.3535906,-0.0733311,0.6313199,0.6591239,0.9168019,0.7603308,-0.43320572,-0.2082012,-0.58697313,-0.4346733,-0.30530325,-0.4133448,-0.454856,-0.36373854,-0.45510805,-0.39834094,0.04144989,-0.31479934,-0.20793092,-0.33886573,-0.10065195,0.90110403,-0.058579564,-0.35576308,-0.3755268,-0.34876555,-0.40704817,-0.23656443,0.69774055,-0.63400203,-0.75884235,-0.42818034,-0.91900647,0.4716705,0.50965583,-0.0043134736,0.636315,0.734843,-0.28920728,0.33501315,0.3224127,0.6451828,0.36807638,0.6625452,0.5418327,0.88053215,0.7291434,0.27053022,0.00072347955,-0.35227403,0.84222794,0.7848368,0.9115534,0.719474,0.97019374
