0,1,2,3,4,5,6,7,8,9,10,11,12,13,14,15,16,17,18,19,20,21,22,23,24,25,26,27,28,29,30,31,32,33,34,35,36,37,38,39,40,41,42,43,44,45,46,47,48,49,50,51,52,53,54,55,56,57,58,59,60,61,62,63,64,65,66,67,68,69,70,71,72,73,74,75,76,77,78,79,80,81,82,83,84,85,86,87,88,89,90,91,92,93,94,95,96,97,98,99
0.90412635,-0.12823556,-0.02294951,-0.21737684,-0.3213705,0.015087397,0.4948787,0.29786596,0.25143766,0.2722977,0.3312485,0.26035574,0.26007792,0.383274,0.41238576,0.358553,0.19974267,0.5106564,0.40641463,0.02383681,0.38390326,-0.20352456,-0.2329146,-0.17118153,0.25317177,0.1317704,-0.43009996,-0.42625928,0.1354264,-0.017805688,-0.1134439,0.1834085,-0.22747648,-0.078563765,-0.21569952,0.07744895,-0.2683899,0.1287581,-0.20450857,-0.1570146,-0.14090402,-0.2933347,-0.36871517,-0.10658543,-0.24670653,-0.29606122,-0.16701579,-0.21223158,0.08999884,-0.07324042,0.66797423,0.25079268,0.43530914,-0.28651276,-0.18621059,0.193197,0.37539768,0.2166206,0.31046933,0.28690016,0.28026277,0.29396033,0.37436157,0.43939716,0.373805,0.4089173,0.40131962,0.29309338,0.23970002,0.38212365,0.34198892,-0.06699911,-0.15270877,0.13385394,0.15864241,0.14901176,0.2114838,0.07447763,-0.23002324,0.18825494,-0.007052651,-0.24873486,-0.3035046,-0.32214966,-0.0897039,-0.3144575,-0.27092522,-0.38567558,-0.06929063,-0.25024712,-0.18266642,0.28552556,-0.23538879,-0.16981503,-0.44215894,-0.14968543,-0.2538402,-0.2272301,0.12783128,-0.10188022
-0.12823556,0.8654346,0.5192054,0.7373415,0.72179717,0.33132988,-0.20543623,0.008402626,-0.22566049,-0.64318025,-0.6456941,-0.6203422,-0.47543514,-0.5762942,-0.6153072,-0.3292815,-0.5016042,0.020758126,-0.5406159,0.257672,-0.6565121,0.50061345,0.5775519,-0.32103017,-0.6717981,-0.5440771,0.13852255,0.2873984,-0.46416575,-0.26935095,0.2956888,-0.4959265,0.46202156,0.46793044,0.58659744,0.22215948,0.39107296,-0.45728388,-0.15316719,-0.27343917,0.41329998,0.06970618,0.30236498,0.110266425,0.44737208,0.25643468,0.40493283,0.41367006,0.32728186,0.22813809,-0.36419392,0.14180622,-0.3275976,0.7487749,0.7195848,0.18803519,0.0317202,-0.17769521,-0.65182436,-0.5950388,-0.60731137,-0.5264958,-0.57345796,-0.5984194,-0.6272208,-0.6172126,0.19030514,-0.5674865,-0.34409985,0.084020294,-0.6085946,-0.16615495,0.4751824,-0.5607549,-0.51281124,-0.524848,-0.5310733,-0.5215274,0.111678034,-0.54920423,-0.3326613,0.50448245,0.5202184,0.5685629,-0.21021205,0.56119204,0.35211766,0.29188085,0.3763836,0.333439,0.20439953,-0.67210346,-0.50851566,0.0660214,0.08711049,0.11938515,0.2885277,0.45029455,0.30959892,0.3049006
-0.02294951,0.5192054,0.9621538,0.2210238,0.24761403,0.83433497,0.05576359,0.5568984,0.49377573,-0.07509369,-0.04018021,-0.038908415,0.13372207,0.0046296357,-0.061271764,0.10606222,0.027981061,0.1997823,-0.0433146,-0.17599952,-0.09719822,0.017507352,0.016242586,-0.04423153,-0.13009788,-0.01594352,-0.20209208,-0.17718661,-0.30127943,0.2281791,-0.14307423,-0.13534129,-0.15316175,-0.15163362,-0.037332978,-0.029491164,-0.21016589,-0.1108534,0.049162798,-0.07026314,-0.09463533,-0.14798921,0.06563724,-0.2209827,-0.083842926,-0.041007377,-0.056821544,-0.1791208,-0.034942076,-0.13753293,-0.21826804,0.59263116,0.13029654,0.25398368,0.7000668,0.7927363,0.4261949,0.5322275,-0.08748914,0.024838682,-0.0065214094,0.08774091,0.035161734,-0.013875964,-0.02961041,-0.044556923,-0.12761217,0.015621934,-0.039789636,0.15177506,-0.090958804,0.04831378,-0.091159105,-0.42759198,-0.006221862,-0.039033685,-0.087572925,-0.040119916,-0.28499538,-0.23706488,-0.09451797,-0.09000697,-0.0669255,-0.02930088,-0.24532434,-0.050399978,-0.21350348,-0.26045775,-0.14057547,-0.18150714,-0.18400426,-0.18163612,-0.22047561,-0.23649918,-0.08336941,-0.22018182,-0.16685948,-0.120783724,-0.034088045,-0.15486541
-0.21737684,0.7373415,0.2210238,0.90420496,0.9002068,0.14600798,-0.407705,-0.43588942,-0.53367114,-0.8824655,-0.8811923,-0.8696665,-0.7851507,-0.8020601,-0.8031522,-0.7019079,-0.80538756,-0.34306908,-0.830066,0.63946605,-0.8570585,0.5502058,0.7961261,-0.53390217,-0.87636346,-0.793283,0.48066846,0.60678846,-0.34624916,-0.54606545,0.597767,-0.6850897,0.7274035,0.608896,0.7851583,0.5563201,0.7628461,-0.5146271,-0.20501557,-0.26576984,0.72177166,0.28598645,0.39227116,0.47934097,0.7798693,0.50675523,0.693354,0.76831555,0.63871217,0.5759624,-0.5155319,-0.29650453,-0.6977479,0.9020394,0.666136,-0.05648587,-0.39166713,-0.5553055,-0.87882113,-0.8342867,-0.86165905,-0.8109015,-0.8624228,-0.8249804,-0.87144804,-0.81949186,0.45383728,-0.8532575,-0.67690754,-0.26481768,-0.8115287,-0.4991946,0.70576286,-0.28199467,-0.77373946,-0.7780812,-0.6871473,-0.7443338,0.4574074,-0.68711287,-0.55143094,0.7858248,0.8214692,0.76511,-0.22032177,0.820994,0.72301614,0.67200565,0.7374413,0.71885896,0.54972535,-0.802724,-0.503103,0.3820625,0.2577759,0.4988851,0.6673956,0.7848226,0.62391496,0.67360437
-0.3213705,0.72179717,0.24761403,0.9002068,0.9423375,0.21411139,-0.4686947,-0.4649651,-0.5148892,-0.89914846,-0.8950499,-0.8800378,-0.79829043,-0.8265808,-0.827068,-0.7594838,-0.8189348,-0.44512653,-0.88277924,0.6574073,-0.8777522,0.5112136,0.7944087,-0.52244306,-0.8871145,-0.78964245,0.5604912,0.65648997,-0.31818366,-0.5315972,0.6148026,-0.70451456,0.71887565,0.55738854,0.76785505,0.5871696,0.7871697,-0.49759957,-0.16185348,-0.21948613,0.73238504,0.3364327,0.42585406,0.52110314,0.8042291,0.5511303,0.70773023,0.7870791,0.6532726,0.6047883,-0.61238,-0.33852243,-0.7646882,0.9242791,0.7158272,0.00028220098,-0.44483268,-0.5433421,-0.9005456,-0.83551234,-0.87043923,-0.8253331,-0.8944253,-0.8534955,-0.89786327,-0.8430487,0.4320523,-0.873317,-0.74108636,-0.37256417,-0.832165,-0.5380092,0.68987477,-0.22033072,-0.7770848,-0.783789,-0.68865657,-0.7373457,0.495283,-0.7013413,-0.57386076,0.79039687,0.8423681,0.76116836,-0.22366372,0.8301208,0.75118184,0.7198745,0.75685877,0.7598735,0.5831914,-0.81098485,-0.43817163,0.4286629,0.32826245,0.54948056,0.7140337,0.8028418,0.6398548,0.69989747
0.015087397,0.33132988,0.83433497,0.14600798,0.21411139,0.9584114,0.046387933,0.40768704,0.55304456,-0.076832116,-0.020939495,-0.043404315,0.11648823,0.05993127,0.017834548,-0.037692733,-0.049600825,-0.0086912215,-0.09104643,0.0017175865,-0.05760196,-0.15522805,-0.0053120926,-0.15159851,-0.12401732,-0.05750189,-0.11557582,-0.13977401,-0.1533448,0.21006024,-0.033767402,-0.15021078,-0.15949865,-0.2857682,-0.10564633,0.17479937,-0.12348696,0.0031622224,0.09795096,0.022510506,0.00060893595,-0.066646926,0.037116744,-0.022340218,0.00033022463,0.062462103,0.036663875,-0.096884474,0.12151897,0.037143707,-0.22743736,0.40169045,0.0061953296,0.20334499,0.62470996,0.87986755,0.252715,0.501417,-0.07337248,0.057971634,0.0004588049,0.09709592,0.024153871,0.038855396,0.0033289718,0.03098793,-0.034101106,-0.012733466,-0.2147069,-0.10175507,-0.079529405,-0.18274659,-0.13854966,-0.14209571,-0.055454817,-0.099058345,-0.070648834,-0.07639159,-0.14743249,-0.22070342,-0.22240016,-0.07760349,-0.03802919,-0.12376097,-0.30248067,-0.068363026,-0.1297025,-0.18682666,-0.023610035,-0.043196503,-0.02631692,-0.104222864,-0.11189471,-0.097664595,-0.039165247,-0.025097884,-0.023521822,-0.05624094,0.12059963,-0.0010762094
0.4948787,-0.20543623,0.05576359,-0.407705,-0.4686947,0.046387933,0.8784402,0.43384778,0.36128044,0.41453826,0.47899616,0.37919262,0.6252636,0.67044175,0.6402832,0.52357465,0.27319017,0.3488706,0.6058248,-0.2747642,0.380318,-0.047754914,-0.28032276,-0.17047253,0.350264,0.20874107,-0.65746796,-0.54047656,-0.33622408,0.57545483,0.015108605,0.58032805,-0.25185227,-0.24630728,-0.34720683,-0.08062035,-0.4781359,0.6709313,0.48108256,0.48402432,-0.14291835,0.13950464,0.14083546,-0.06327128,-0.32369262,0.03907694,-0.086746536,-0.4357346,-0.09860445,-0.03590644,0.49761415,0.30695835,0.512884,-0.42671028,-0.28163153,0.13660741,0.5218359,0.3377163,0.42039844,0.43440393,0.39204246,0.6274723,0.53468144,0.6590452,0.556876,0.63667977,-0.013462823,0.412735,0.28686148,0.22624725,0.24647129,0.09411423,-0.55404496,0.22599539,0.1719656,0.16198556,-0.004248281,0.09207052,-0.0038816966,0.5357274,-0.13953978,-0.4004271,-0.50487965,-0.5572205,-0.5069237,-0.48246518,-0.5776719,-0.574571,-0.38869536,-0.3845138,-0.020737693,0.63853526,0.28557757,0.06795071,0.049911335,-0.12426941,-0.2855385,-0.51954055,-0.15390219,-0.19232987
0.29786596,0.008402626,0.5568984,-0.43588942,-0.4649651,0.40768704,0.43384778,0.897264,0.705286,0.5983582,0.6080032,0.61907816,0.6808847,0.5720556,0.52437544,0.7334236,0.64659095,0.62292063,0.63335204,-0.6606221,0.5618777,-0.3210463,-0.589937,0.3660775,0.53727293,0.5833068,-0.6077813,-0.6587115,-0.050673414,0.5361783,-0.5850253,0.4190737,-0.6533894,-0.4687987,-0.58991194,-0.5189693,-0.76870406,0.2183711,0.09269127,0.044972986,-0.6453849,-0.40047532,-0.27421394,-0.60014665,-0.6926846,-0.48026156,-0.6035247,-0.74525756,-0.5493462,-0.60226685,0.36405456,0.84767467,0.75812566,-0.4226917,0.028862923,0.54912525,0.8198943,0.80693996,0.5841709,0.62079424,0.6362519,0.6643816,0.68078256,0.58813924,0.6269,0.55702573,-0.40335083,0.67676795,0.58053887,0.53645337,0.5489508,0.49493563,-0.5756664,-0.27123472,0.5970285,0.572342,0.43762785,0.52801603,-0.6203344,0.34003085,0.38439503,-0.68774664,-0.6958399,-0.57778895,0.0101328045,-0.6714598,-0.7508523,-0.77282405,-0.69769895,-0.7577988,-0.62479645,0.42007005,0.06014751,-0.5411156,-0.34613043,-0.62745035,-0.7038883,-0.72027606,-0.54763055,-0.6827845
0.25143766,-0.22566049,0.49377573,-0.53367114,-0.5148892,0.55304456,0.36128044,0.705286,0.87809855,0.63638496,0.6728991,0.6568997,0.6948138,0.6565111,0.62665343,0.5681125,0.61569715,0.3443781,0.5984322,-0.51205236,0.640221,-0.55660594,-0.65174043,0.30670005,0.59561914,0.593541,-0.47643453,-0.6031682,0.15926275,0.5446665,-0.52730453,0.40623692,-0.71755564,-0.6813309,-0.7069938,-0.33298403,-0.71360517,0.34186572,0.15761955,0.14486164,-0.5985702,-0.32910532,-0.32710734,-0.427365,-0.6374035,-0.40191284,-0.5545672,-0.69776946,-0.42390823,-0.4598775,0.27311182,0.61160195,0.6064851,-0.51109725,-0.013396129,0.70434594,0.5687448,0.84295654,0.6351768,0.7014976,0.682413,0.7008432,0.7007314,0.66332793,0.68464714,0.65108883,-0.34928316,0.6793596,0.4066571,0.213431,0.5993911,0.27188396,-0.64699477,0.041406043,0.58665615,0.55947465,0.50934744,0.54378337,-0.5160771,0.349257,0.29241216,-0.70308673,-0.68897426,-0.69029295,-0.023018083,-0.71602774,-0.68050516,-0.6957203,-0.60906124,-0.63442403,-0.50030905,0.5212356,0.21557075,-0.41899896,-0.29764152,-0.44810843,-0.5732127,-0.67513883,-0.40934908,-0.5585309
0.2722977,-0.64318025,-0.07509369,-0.8824655,-0.89914846,-0.076832116,0.41453826,0.5983582,0.63638496,0.98023117,0.9549919,0.9660493,0.841536,0.8169203,0.8090366,0.81514794,0.92038316,0.4916619,0.8912976,-0.75930965,0.9285225,-0.6140184,-0.89426285,0.6371621,0.9602549,0.8983922,-0.54673666,-0.6907865,0.36975214,0.5848975,-0.72635376,0.70179826,-0.8495068,-0.67282546,-0.87064505,-0.67140365,-0.87796104,0.44539365,0.13393065,0.17592767,-0.8536228,-0.41374272,-0.48361504,-0.6111688,-0.89289844,-0.6297975,-0.82261395,-0.88405097,-0.74869967,-0.71259737,0.5784439,0.49094576,0.8244675,-0.8906338,-0.59892315,0.14301805,0.5470378,0.6865218,0.97149754,0.92809176,0.96473944,0.8618635,0.9322121,0.8442697,0.9218001,0.8320941,-0.5553439,0.9578602,0.78296554,0.41276574,0.90202004,0.61188996,-0.7666553,0.137912,0.89220977,0.8908038,0.7839368,0.85100114,-0.6057446,0.6907731,0.6596571,-0.9043429,-0.916831,-0.8244599,0.29019693,-0.92266214,-0.8265897,-0.78565997,-0.849647,-0.8561336,-0.70367503,0.7903714,0.4215597,-0.52441585,-0.3688401,-0.63291943,-0.80029345,-0.88673896,-0.7322453,-0.80980766
0.3312485,-0.6456941,-0.04018021,-0.8811923,-0.8950499,-0.020939495,0.47899616,0.6080032,0.6728991,0.9549919,0.97001934,0.95791286,0.8686201,0.8558864,0.84965897,0.79933125,0.89081496,0.46859503,0.8939496,-0.71569335,0.92323065,-0.63521016,-0.88674545,0.5644782,0.9381765,0.87127054,-0.5663196,-0.7052628,0.35033357,0.61344534,-0.67260534,0.71799,-0.8501918,-0.7066071,-0.88590133,-0.60194063,-0.87138677,0.5073799,0.17938212,0.21872196,-0.8155683,-0.370146,-0.45695508,-0.54995143,-0.8656734,-0.5764418,-0.7786035,-0.8766916,-0.6851053,-0.64936864,0.59269005,0.4834519,0.81224775,-0.8878965,-0.581079,0.2004522,0.56053185,0.7045586,0.95002544,0.9465567,0.9625329,0.89058244,0.9379381,0.8778508,0.93698853,0.8703234,-0.5057582,0.9491572,0.734236,0.3709827,0.8814101,0.53919506,-0.79904985,0.20050085,0.8591453,0.8518399,0.7511628,0.81583226,-0.56107605,0.7057446,0.5826386,-0.9091824,-0.9204196,-0.8660158,0.21391259,-0.93756187,-0.8309885,-0.79613185,-0.82386076,-0.83044577,-0.6492511,0.8246789,0.440399,-0.4717222,-0.3485322,-0.57878995,-0.7619842,-0.8885969,-0.672989,-0.7608774
0.26035574,-0.6203422,-0.038908415,-0.8696665,-0.8800378,-0.043404315,0.37919262,0.61907816,0.6568997,0.9660493,0.95791286,0.98234844,0.839731,0.8016811,0.7928514,0.8147795,0.9425631,0.49229586,0.8761425,-0.77529013,0.92750514,-0.64547884,-0.91836107,0.67370236,0.9589964,0.93156874,-0.5216889,-0.6833446,0.3955886,0.5824363,-0.75432146,0.6944598,-0.8842845,-0.7025775,-0.894374,-0.68436897,-0.8897526,0.4219352,0.1159449,0.1522709,-0.8883726,-0.42746267,-0.50223196,-0.6250919,-0.91008604,-0.648687,-0.8563081,-0.9031611,-0.76620126,-0.73673034,0.57064486,0.51963663,0.82608426,-0.8744426,-0.56422156,0.17397444,0.55861306,0.71461844,0.95423305,0.94497,0.97873086,0.85861003,0.92772317,0.82931507,0.91247165,0.8185524,-0.57823116,0.97003615,0.7849742,0.414516,0.91109097,0.6223577,-0.77495,0.12407576,0.9267033,0.92299557,0.8121301,0.88664055,-0.6285161,0.6846083,0.68369055,-0.92792165,-0.92672807,-0.83165836,0.32184702,-0.9371364,-0.82941055,-0.787333,-0.8581841,-0.8699672,-0.7321885,0.77405,0.4110043,-0.5434009,-0.3818017,-0.64486027,-0.81148946,-0.8982395,-0.744861,-0.83042645
0.26007792,-0.47543514,0.13372207,-0.7851507,-0.79829043,0.11648823,0.6252636,0.6808847,0.6948138,0.841536,0.8686201,0.839731,0.9554575,0.8786839,0.84042376,0.7992743,0.7798695,0.4432238,0.8669902,-0.732189,0.7823432,-0.4534471,-0.7567548,0.42664975,0.7974123,0.7445731,-0.6638459,-0.7159103,0.042554814,0.78355175,-0.5374553,0.7578141,-0.7376188,-0.6545168,-0.7945641,-0.5570418,-0.87045664,0.6371095,0.40652382,0.41772556,-0.6934217,-0.19230509,-0.19546616,-0.49122876,-0.78831017,-0.38873708,-0.63121843,-0.86242074,-0.6308341,-0.5516298,0.48805335,0.54981124,0.78634405,-0.77717173,-0.43454444,0.27858868,0.6453402,0.73071086,0.83096564,0.8490877,0.84547323,0.9542651,0.890419,0.8744272,0.8888457,0.86024094,-0.5319878,0.85794014,0.6584556,0.33687627,0.70673114,0.5151271,-0.8419386,0.14495623,0.71646667,0.7041168,0.53511155,0.66734934,-0.4436187,0.7089505,0.4112458,-0.8390608,-0.88403773,-0.84173614,-0.05252911,-0.87208194,-0.88082266,-0.8239709,-0.83519876,-0.79937524,-0.51981425,0.82415754,0.5018152,-0.35323563,-0.15473378,-0.5268533,-0.7021738,-0.8955449,-0.655833,-0.6993606
0.383274,-0.5762942,0.0046296357,-0.8020601,-0.8265808,0.05993127,0.67044175,0.5720556,0.6565111,0.8169203,0.8558864,0.8016811,0.8786839,0.9537516,0.93671453,0.7194107,0.69626653,0.3891332,0.8663869,-0.5728386,0.8061247,-0.48963934,-0.718107,0.30144528,0.7755988,0.6640075,-0.64175344,-0.69799846,0.12806891,0.67870003,-0.44424504,0.7026105,-0.68330574,-0.6303533,-0.7609371,-0.40592444,-0.7716689,0.66217303,0.35078913,0.39016178,-0.59160244,-0.19112271,-0.25342304,-0.3696022,-0.6983688,-0.354672,-0.54323894,-0.75567985,-0.4915166,-0.42702067,0.5470065,0.4150498,0.73219,-0.8068153,-0.5173471,0.24603233,0.55318326,0.64230263,0.82555616,0.8173634,0.80866015,0.9037353,0.88995695,0.948006,0.9184799,0.9469645,-0.35046095,0.81199753,0.5769373,0.25960213,0.7080444,0.36418197,-0.7840599,0.2895025,0.6359178,0.62362653,0.5215752,0.5852622,-0.3644805,0.6758995,0.31784767,-0.76988834,-0.81804603,-0.8415309,-0.084277235,-0.83434415,-0.782066,-0.7573788,-0.70881784,-0.6896081,-0.41506392,0.8520119,0.4713772,-0.28016573,-0.20060849,-0.40805733,-0.6032748,-0.79787946,-0.5079738,-0.56979465
0.41238576,-0.6153072,-0.061271764,-0.8031522,-0.827068,0.017834548,0.6402832,0.52437544,0.62665343,0.8090366,0.84965897,0.7928514,0.84042376,0.93671453,0.94730264,0.6860434,0.6852592,0.36982673,0.8516116,-0.52529466,0.8133887,-0.52215606,-0.72016275,0.2884565,0.7786985,0.65497816,-0.59814656,-0.6690611,0.18831988,0.6241099,-0.43025386,0.68128216,-0.67654264,-0.6252589,-0.7576226,-0.3723829,-0.73758733,0.64080244,0.30834764,0.35575205,-0.5784927,-0.19830638,-0.29284066,-0.33764112,-0.67754364,-0.36003548,-0.5367618,-0.72092974,-0.4623797,-0.40395308,0.56664634,0.36342114,0.7061347,-0.81011796,-0.5485996,0.20695335,0.5059593,0.603498,0.82398474,0.811031,0.80133855,0.872067,0.8741106,0.9400841,0.90881693,0.9499924,-0.31155258,0.8011948,0.55809367,0.23549627,0.71838856,0.3247218,-0.7601236,0.33460134,0.6306844,0.62168133,0.5379043,0.5847126,-0.3489297,0.6670949,0.31899887,-0.75624067,-0.7965363,-0.83327377,-0.048617125,-0.82445574,-0.74233705,-0.7188661,-0.6699637,-0.65664095,-0.399268,0.84613633,0.45765018,-0.26664764,-0.22069132,-0.37609035,-0.5755761,-0.76574135,-0.47141245,-0.5420958
0.358553,-0.3292815,0.10606222,-0.7019079,-0.7594838,-0.037692733,0.52357465,0.7334236,0.5681125,0.81514794,0.79933125,0.8147795,0.7992743,0.7194107,0.6860434,0.9341943,0.845026,0.7222749,0.8656949,-0.8159472,0.7633519,-0.33000374,-0.73380214,0.55313194,0.7772532,0.76881254,-0.7074024,-0.74635243,0.06644449,0.5772971,-0.7039217,0.6600634,-0.71310407,-0.44614792,-0.68858635,-0.73826694,-0.8934542,0.34685102,0.121396534,0.11054647,-0.79530793,-0.4327239,-0.36004037,-0.72321296,-0.8742249,-0.620926,-0.76203024,-0.87710845,-0.746124,-0.7574538,0.60698724,0.680056,0.91507447,-0.718658,-0.42630407,0.1495705,0.74548477,0.6776823,0.8000035,0.7600523,0.8103374,0.7943275,0.85581696,0.7469791,0.8053367,0.7143205,-0.4940256,0.8588859,0.8474871,0.67087376,0.7469301,0.71477914,-0.65669817,-0.1591629,0.7799289,0.7754755,0.60380805,0.7103853,-0.6577432,0.6156254,0.6113,-0.80529916,-0.8666842,-0.674069,0.17617312,-0.80416405,-0.87278575,-0.85590947,-0.859692,-0.91163826,-0.73356795,0.6450317,0.22880259,-0.5899811,-0.38262302,-0.757323,-0.8676147,-0.8772267,-0.74396396,-0.8421061
0.19974267,-0.5016042,0.027981061,-0.80538756,-0.8189348,-0.049600825,0.27319017,0.64659095,0.61569715,0.92038316,0.89081496,0.9425631,0.7798695,0.69626653,0.6852592,0.845026,0.97549725,0.56604093,0.82571626,-0.84768856,0.8734721,-0.569337,-0.8936523,0.7762193,0.9130699,0.9508214,-0.5040141,-0.6582322,0.38417923,0.5232429,-0.84899986,0.6379975,-0.8616367,-0.6181458,-0.8381428,-0.7898499,-0.9018214,0.27574462,0.019665893,0.04410369,-0.9501078,-0.50946254,-0.5300031,-0.7487769,-0.9506248,-0.733984,-0.9254401,-0.9219961,-0.85001254,-0.8542385,0.53929406,0.5949489,0.8469334,-0.8069602,-0.49210253,0.15829456,0.5853934,0.7164302,0.8984059,0.8739557,0.9326675,0.78825915,0.88428664,0.72918886,0.8421072,0.7168989,-0.6277311,0.94984764,0.84809566,0.5286567,0.8960708,0.74622697,-0.6876987,-0.04370942,0.96060807,0.9582069,0.8325411,0.9223014,-0.72659266,0.6203563,0.7937252,-0.90319765,-0.9076601,-0.7308556,0.4461596,-0.88159335,-0.82477415,-0.7796303,-0.8860863,-0.92171746,-0.8368303,0.66347295,0.32836705,-0.6533379,-0.42668128,-0.7592483,-0.8829571,-0.89463985,-0.8202539,-0.9166913
0.5106564,0.020758126,0.1997823,-0.34306908,-0.44512653,-0.0086912215,0.3488706,0.62292063,0.3443781,0.4916619,0.46859503,0.49229586,0.4432238,0.3891332,0.36982673,0.7222749,0.56604093,0.8893787,0.58818495,-0.5328363,0.49153358,-0.09758717,-0.4339934,0.33361277,0.44326732,0.45701998,-0.60070074,-0.58484375,0.025093954,0.15154326,-0.5969645,0.2631845,-0.4295187,-0.07496959,-0.32836285,-0.5419166,-0.6060621,-0.080913424,-0.27574062,-0.29947668,-0.5689535,-0.6016938,-0.45203394,-0.6800764,-0.63221323,-0.65837467,-0.5829247,-0.56650466,-0.48706567,-0.6422576,0.561445,0.6691109,0.7657851,-0.3906188,-0.15584183,0.16406426,0.6740973,0.475788,0.48954207,0.41609228,0.4913491,0.43697953,0.5701301,0.44259024,0.49114805,0.3973086,-0.12568218,0.55291873,0.70463324,0.83689743,0.52339166,0.55259675,-0.22525585,-0.4335669,0.51276904,0.50775045,0.4259859,0.42274183,-0.68458724,0.21704984,0.49396703,-0.47484785,-0.53682816,-0.29356426,0.23539004,-0.46264935,-0.56391597,-0.640507,-0.5314247,-0.68866956,-0.68149424,0.22390327,-0.2610994,-0.65842897,-0.5937501,-0.7090255,-0.72041434,-0.52552843,-0.45218325,-0.63624954
0.40641463,-0.5406159,-0.0433146,-0.830066,-0.88277924,-0.09104643,0.6058248,0.63335204,0.5984322,0.8912976,0.8939496,0.8761425,0.8669902,0.8663869,0.8516116,0.8656949,0.82571626,0.58818495,0.9398982,-0.7239771,0.86015254,-0.44332886,-0.7810402,0.48195735,0.8518735,0.77688324,-0.692572,-0.7531457,0.16865617,0.611936,-0.62303334,0.7193809,-0.7275622,-0.5472565,-0.765661,-0.6155833,-0.86623764,0.50825757,0.19638237,0.22887954,-0.74206936,-0.36336082,-0.37566727,-0.5802047,-0.8392129,-0.5536959,-0.7076011,-0.84948695,-0.6663976,-0.6373204,0.652709,0.5259255,0.87038404,-0.85144997,-0.5883956,0.12609488,0.6370098,0.65013987,0.88863546,0.8405789,0.8741745,0.88289213,0.93151367,0.89266956,0.9213349,0.87313324,-0.42784637,0.8949655,0.7785407,0.50078136,0.8054906,0.58212066,-0.7326789,0.09422876,0.7691075,0.76511776,0.6367824,0.70766425,-0.54699814,0.6916883,0.52936137,-0.8289377,-0.8888013,-0.789252,0.11840335,-0.86502945,-0.8501038,-0.8290057,-0.8180754,-0.84012806,-0.6195481,0.79665667,0.3669651,-0.47387427,-0.3453214,-0.6141155,-0.7813909,-0.87186503,-0.66632855,-0.74874705
0.02383681,0.257672,-0.17599952,0.63946605,0.6574073,0.0017175865,-0.2747642,-0.6606221,-0.51205236,-0.75930965,-0.71569335,-0.77529013,-0.732189,-0.5728386,-0.52529466,-0.8159472,-0.84768856,-0.5328363,-0.7239771,0.920106,-0.6562242,0.2859686,0.70571923,-0.71504694,-0.72784245,-0.8019788,0.5077249,0.59139055,-0.042125028,-0.60533464,0.7370095,-0.60556275,0.68807703,0.44756025,0.65904903,0.84562993,0.8485997,-0.26461866,-0.18229936,-0.15499114,0.831161,0.35066003,0.2452941,0.74382174,0.85064733,0.5623125,0.78434587,0.8606706,0.8751635,0.813395,-0.32147035,-0.63350976,-0.77096754,0.6264369,0.31727523,-0.12987196,-0.61132824,-0.6597707,-0.72014856,-0.6971536,-0.7593092,-0.7093005,-0.7431469,-0.5851812,-0.6882869,-0.5623207,0.7318439,-0.80563915,-0.8014408,-0.52524173,-0.6728995,-0.8103832,0.62764585,0.23949656,-0.80605173,-0.80252963,-0.5826207,-0.7635784,0.6330202,-0.54889905,-0.6879245,0.7679916,0.8003428,0.5767804,-0.27379778,0.7281172,0.8080757,0.7357679,0.90351534,0.8735813,0.7398439,-0.5287353,-0.33564734,0.5751374,0.2173776,0.75701475,0.8271681,0.8430852,0.8784989,0.89000106
0.38390326,-0.6565121,-0.09719822,-0.8570585,-0.8777522,-0.05760196,0.380318,0.5618777,0.640221,0.9285225,0.92323065,0.92750514,0.7823432,0.8061247,0.8133887,0.7633519,0.8734721,0.49153358,0.86015254,-0.6562242,0.9568247,-0.6811227,-0.8847686,0.5751731,0.9218497,0.85670805,-0.51650023,-0.68325335,0.48614758,0.47139958,-0.7198918,0.6161225,-0.84411913,-0.6664467,-0.8557009,-0.57578325,-0.8235767,0.37905806,0.00898757,0.06883088,-0.82062596,-0.49505055,-0.60302484,-0.57382166,-0.8537531,-0.6746731,-0.80698603,-0.8242183,-0.6637401,-0.67074573,0.6210239,0.45917922,0.80198634,-0.8701432,-0.5847134,0.18591632,0.5111825,0.6685953,0.93416893,0.8957825,0.92838335,0.81540155,0.91699064,0.8451227,0.9109027,0.8352286,-0.41866642,0.9258596,0.7342955,0.40455234,0.935567,0.5208413,-0.69727135,0.17828041,0.85985076,0.8560138,0.82692134,0.8213818,-0.62274027,0.618543,0.6375929,-0.8677242,-0.8717519,-0.80645776,0.33871436,-0.8940965,-0.7597747,-0.75060654,-0.75694776,-0.80254614,-0.6931963,0.7500757,0.32797214,-0.54713213,-0.47766426,-0.5954608,-0.76277363,-0.8182833,-0.62865865,-0.7495949
-0.20352456,0.50061345,0.017507352,0.5502058,0.5112136,-0.15522805,-0.047754914,-0.3210463,-0.55660594,-0.6140184,-0.63521016,-0.64547884,-0.4534471,-0.48963934,-0.52215606,-0.33000374,-0.569337,-0.09758717,-0.44332886,0.2859686,-0.6811227,0.84502155,0.71967787,-0.38180977,-0.6430943,-0.62986076,0.0902577,0.3433359,-0.63361955,-0.22660458,0.47983295,-0.3036769,0.7407644,0.7263572,0.7525816,0.19915864,0.4868124,-0.21686181,0.081026085,0.006888183,0.5752478,0.322569,0.53193235,0.22609392,0.5217378,0.4315304,0.5667999,0.5157957,0.33934087,0.35241926,-0.30045575,-0.22247544,-0.39050484,0.5359697,0.260198,-0.31481594,-0.19105625,-0.51798344,-0.6216843,-0.6713462,-0.6566179,-0.49369016,-0.568493,-0.51875675,-0.5878548,-0.534707,0.21952173,-0.62131244,-0.28479287,0.0146360565,-0.6864338,-0.13367148,0.5172634,-0.36725038,-0.6188644,-0.60287714,-0.70037186,-0.62735903,0.3768453,-0.32961735,-0.37784955,0.6489604,0.5589991,0.6440878,-0.30103567,0.6634147,0.3988763,0.39384335,0.39420736,0.43081662,0.41706884,-0.4878424,-0.25408825,0.28686947,0.32075804,0.2275289,0.3812632,0.48837093,0.28757808,0.40484524
-0.2329146,0.5775519,0.016242586,0.7961261,0.7944087,-0.0053120926,-0.28032276,-0.589937,-0.65174043,-0.89426285,-0.88674545,-0.91836107,-0.7567548,-0.718107,-0.72016275,-0.73380214,-0.8936523,-0.4339934,-0.7810402,0.70571923,-0.8847686,0.71967787,0.92596483,-0.6682465,-0.90083826,-0.90311015,0.4123652,0.61956596,-0.49085397,-0.5106308,0.7441609,-0.61968994,0.8951225,0.7447226,0.8990787,0.62809783,0.8265324,-0.3535887,-0.046206526,-0.09153366,0.8726766,0.4370559,0.5387097,0.5778686,0.8607571,0.6400787,0.8469437,0.8490367,0.7223064,0.70312977,-0.51281404,-0.49441046,-0.750435,0.80019474,0.4851272,-0.22159903,-0.5021874,-0.7030397,-0.8831148,-0.89262444,-0.91608346,-0.77849525,-0.8559277,-0.74767625,-0.8399262,-0.7446027,0.53072834,-0.91428006,-0.69848704,-0.34518743,-0.88744897,-0.5588067,0.72720975,-0.16027395,-0.8996619,-0.8920648,-0.83107805,-0.8762355,0.6141983,-0.6138531,-0.6678885,0.8978628,0.8676367,0.8060607,-0.37172374,0.8942107,0.75568426,0.72135055,0.786973,0.8071774,0.7165847,-0.70320284,-0.38474938,0.52514267,0.3834307,0.5932741,0.74850315,0.8294375,0.6881851,0.7801125
-0.17118153,-0.32103017,-0.04423153,-0.53390217,-0.52244306,-0.15159851,-0.17047253,0.3660775,0.30670005,0.6371621,0.5644782,0.67370236,0.42664975,0.30144528,0.2884565,0.55313194,0.7762193,0.33361277,0.48195735,-0.71504694,0.5751731,-0.38180977,-0.6682465,0.86412215,0.66056037,0.7837912,-0.14482406,-0.30555674,0.3908761,0.23926234,-0.7879288,0.3486131,-0.6293547,-0.36925542,-0.56526256,-0.76330507,-0.6135038,-0.051138222,-0.12854345,-0.12803985,-0.8204107,-0.45086932,-0.44187003,-0.69206256,-0.7350904,-0.6515387,-0.8163638,-0.6624042,-0.8111074,-0.8092103,0.19486901,0.37775874,0.5481968,-0.52792275,-0.3167561,-0.04438301,0.28081045,0.44307232,0.6031512,0.56203043,0.6521971,0.42544296,0.550907,0.32810375,0.485789,0.32131982,-0.6358199,0.6769278,0.69408506,0.3968922,0.66604614,0.7201404,-0.3609733,-0.20223716,0.81299055,0.8212912,0.7091241,0.8130207,-0.631907,0.35101816,0.8350729,-0.62262785,-0.590369,-0.36600205,0.6461332,-0.5580443,-0.50225854,-0.4339915,-0.67667437,-0.6908746,-0.75205207,0.30309528,0.22138295,-0.60848093,-0.30534428,-0.6728153,-0.69109356,-0.59772635,-0.76295304,-0.7955891
0.25317177,-0.6717981,-0.13009788,-0.87636346,-0.8871145,-0.12401732,0.350264,0.53727293,0.59561914,0.9602549,0.9381765,0.9589964,0.7974123,0.7755988,0.7786985,0.7772532,0.9130699,0.44326732,0.8518735,-0.72784245,0.9218497,-0.6430943,-0.90083826,0.66056037,0.9605026,0.91132057,-0.47308266,-0.6343699,0.45007858,0.5429922,-0.7291716,0.68606716,-0.8465189,-0.67809516,-0.87284434,-0.6505929,-0.8404294,0.4211111,0.100151315,0.16204566,-0.855839,-0.4056409,-0.5047445,-0.5836314,-0.8777746,-0.62795436,-0.8302605,-0.85901666,-0.7418836,-0.69988245,0.56601155,0.44161266,0.7863356,-0.88253117,-0.62267226,0.09735515,0.48493448,0.64728504,0.9494432,0.9159473,0.95362496,0.8225745,0.90096605,0.80081284,0.8941625,0.79815054,-0.5390277,0.9427331,0.761613,0.37355408,0.9075235,0.6016804,-0.7407508,0.18631026,0.9037983,0.9015916,0.81389564,0.8727996,-0.5853205,0.68685704,0.6795484,-0.8914661,-0.89411604,-0.80600905,0.35204807,-0.905157,-0.77590454,-0.73058665,-0.81438696,-0.823366,-0.6956133,0.7700996,0.43524748,-0.5061769,-0.35928488,-0.60064405,-0.76902294,-0.8579509,-0.7206204,-0.78973496
0.1317704,-0.5440771,-0.01594352,-0.793283,-0.78964245,-0.05750189,0.20874107,0.5833068,0.593541,0.8983922,0.87127054,0.93156874,0.7445731,0.6640075,0.65497816,0.76881254,0.9508214,0.45701998,0.77688324,-0.8019788,0.85670805,-0.62986076,-0.90311015,0.7837912,0.91132057,0.96605796,-0.4047782,-0.59203625,0.44008654,0.51043403,-0.8083978,0.6288519,-0.87339115,-0.668875,-0.86023396,-0.74426025,-0.85014653,0.29192835,0.049337573,0.075059555,-0.93452764,-0.44448796,-0.5073296,-0.67051023,-0.9074879,-0.67823696,-0.90630925,-0.8858997,-0.82225645,-0.8012774,0.478424,0.5176436,0.76983786,-0.7891309,-0.49155495,0.135068,0.5032368,0.6814935,0.8759762,0.87534016,0.92283654,0.75499725,0.83751106,0.69212025,0.8088102,0.6846818,-0.6450906,0.9296206,0.78275466,0.41772023,0.87947315,0.6859983,-0.70400226,0.04409772,0.9630083,0.9601525,0.8376517,0.93940544,-0.658786,0.6236897,0.7743181,-0.8995942,-0.8748448,-0.7373307,0.45219195,-0.8748909,-0.7702496,-0.7134788,-0.8456764,-0.8593993,-0.78536403,0.6593469,0.38652712,-0.57996714,-0.35948262,-0.67687273,-0.80908537,-0.8593269,-0.7911072,-0.86651945
-0.43009996,0.13852255,-0.20209208,0.48066846,0.5604912,-0.11557582,-0.65746796,-0.6077813,-0.47643453,-0.54673666,-0.5663196,-0.5216889,-0.6638459,-0.64175344,-0.59814656,-0.7074024,-0.5040141,-0.60070074,-0.692572,0.5077249,-0.51650023,0.0902577,0.4123652,-0.14482406,-0.47308266,-0.4047782,0.79672354,0.694953,0.2080766,-0.4969341,0.3758549,-0.48737752,0.40664306,0.23087013,0.4127844,0.38981768,0.6752291,-0.38332325,-0.20013112,-0.18283382,0.43193406,0.25389013,0.13708524,0.46176225,0.5768481,0.33701682,0.3909663,0.60753757,0.38780028,0.41365153,-0.48220283,-0.5354665,-0.70548666,0.5071685,0.2382772,-0.2587762,-0.6387316,-0.5324134,-0.54898465,-0.5052095,-0.526499,-0.65544623,-0.6623781,-0.66160315,-0.6307911,-0.6194458,0.16709438,-0.57291216,-0.55192643,-0.49522823,-0.44896603,-0.37617403,0.487517,0.10787906,-0.40595227,-0.39550683,-0.25177217,-0.32480475,0.42218906,-0.41989377,-0.2038749,0.5215761,0.6276159,0.51298934,0.1821303,0.55533844,0.7045896,0.7446482,0.5845035,0.63741314,0.409885,-0.50783706,-0.09588229,0.3590422,0.26369643,0.51183474,0.60556513,0.6372187,0.40425676,0.516298
-0.42625928,0.2873984,-0.17718661,0.60678846,0.65648997,-0.13977401,-0.54047656,-0.6587115,-0.6031682,-0.6907865,-0.7052628,-0.6833446,-0.7159103,-0.69799846,-0.6690611,-0.74635243,-0.6582322,-0.58484375,-0.7531457,0.59139055,-0.68325335,0.3433359,0.61956596,-0.30555674,-0.6343699,-0.59203625,0.694953,0.7822648,-0.061197806,-0.4994157,0.55424887,-0.5181751,0.6183829,0.4432791,0.6084064,0.47361684,0.7730037,-0.3543501,-0.1053538,-0.10972212,0.6121842,0.3926564,0.34292847,0.5508543,0.7188099,0.50242954,0.58463126,0.7287462,0.5048585,0.54955596,-0.5134553,-0.57925236,-0.77175784,0.6265805,0.2901535,-0.3122896,-0.6399049,-0.65134454,-0.69429827,-0.66172713,-0.6888658,-0.7214618,-0.77192795,-0.7211865,-0.7375002,-0.6913347,0.2784384,-0.71862125,-0.62243545,-0.47917655,-0.6415025,-0.44250578,0.58040565,0.055412434,-0.5910466,-0.57864445,-0.48758268,-0.5324873,0.55838937,-0.46475255,-0.38217586,0.6790123,0.74759245,0.63771546,0.0005914187,0.70784223,0.76432633,0.81024677,0.67552733,0.7414446,0.56492347,-0.5772151,-0.15013482,0.4873376,0.38699847,0.58932006,0.70563245,0.7320409,0.49842957,0.63710475
0.1354264,-0.46416575,-0.30127943,-0.34624916,-0.31818366,-0.1533448,-0.33622408,-0.050673414,0.15926275,0.36975214,0.35033357,0.3955886,0.042554814,0.12806891,0.18831988,0.06644449,0.38417923,0.025093954,0.16865617,-0.042125028,0.48614758,-0.63361955,-0.49085397,0.3908761,0.45007858,0.44008654,0.2080766,-0.061197806,0.88954616,-0.26277655,-0.44123864,-0.023196483,-0.45699018,-0.3398791,-0.41756028,-0.12323051,-0.15492871,-0.20454454,-0.47327265,-0.38345596,-0.42798492,-0.451963,-0.6989089,-0.1792742,-0.31253844,-0.5165848,-0.48459154,-0.18709993,-0.21802294,-0.3076506,0.23981448,-0.06101109,0.1586134,-0.35164982,-0.29815638,-0.015980368,-0.1411866,0.13075829,0.39062786,0.36727864,0.3979116,0.09763844,0.27763352,0.18786366,0.27568138,0.20054913,-0.019256605,0.36198905,0.21268865,0.013724265,0.5703429,0.053113963,-0.069846615,0.22901672,0.47639382,0.48707473,0.6912811,0.5036445,-0.3510236,0.06480218,0.48203653,-0.32310003,-0.2287836,-0.23657252,0.64022684,-0.31829417,-0.01514379,-0.0486177,-0.08933652,-0.18058313,-0.38340926,0.13209948,-0.024036966,-0.3303237,-0.4560783,-0.15982929,-0.2190651,-0.1275883,-0.12485363,-0.24811605
-0.017805688,-0.26935095,0.2281791,-0.54606545,-0.5315972,0.21006024,0.57545483,0.5361783,0.5446665,0.5848975,0.61344534,0.5824363,0.78355175,0.67870003,0.6241099,0.5772971,0.5232429,0.15154326,0.611936,-0.60533464,0.47139958,-0.22660458,-0.5106308,0.23926234,0.5429922,0.51043403,-0.4969341,-0.4994157,-0.26277655,0.88818944,-0.23417877,0.71013796,-0.49840656,-0.5570845,-0.60358834,-0.38411248,-0.6723435,0.73897684,0.7097689,0.6897513,-0.42976335,0.19604763,0.21596743,-0.24247867,-0.5294866,-0.012827953,-0.3386672,-0.67763853,-0.45214516,-0.29065305,0.1879623,0.39578265,0.5105436,-0.5149923,-0.22301623,0.24590556,0.49619824,0.5733505,0.5565277,0.62371916,0.5886412,0.76436085,0.6185445,0.64316094,0.6361794,0.6378409,-0.5435639,0.5982548,0.37391216,0.06496572,0.36643013,0.34970063,-0.79936785,0.20859246,0.4570626,0.44408196,0.19277765,0.41662338,-0.116711676,0.6461043,0.12324871,-0.6379969,-0.6776967,-0.69078314,-0.33293456,-0.66070735,-0.73539877,-0.6191573,-0.6891613,-0.5642834,-0.2024765,0.71770215,0.6380293,-0.024592845,0.2560556,-0.27127957,-0.42977786,-0.74089336,-0.52053803,-0.46629336
-0.1134439,0.2956888,-0.14307423,0.597767,0.6148026,-0.033767402,0.015108605,-0.5850253,-0.52730453,-0.72635376,-0.67260534,-0.75432146,-0.5374553,-0.44424504,-0.43025386,-0.7039217,-0.84899986,-0.5969645,-0.62303334,0.7370095,-0.7198918,0.47983295,0.7441609,-0.7879288,-0.7291716,-0.8083978,0.3758549,0.55424887,-0.44123864,-0.23417877,0.9389827,-0.32322708,0.7345083,0.4192562,0.63546014,0.7678461,0.74814045,0.103746414,0.29086977,0.29668826,0.8946361,0.73295957,0.6693163,0.8576546,0.8524471,0.8653578,0.9075784,0.7540505,0.7990211,0.91047096,-0.36725447,-0.5992072,-0.7300144,0.5977018,0.27214545,-0.22574708,-0.48786956,-0.64734334,-0.71230453,-0.6546218,-0.7450457,-0.5369554,-0.7006698,-0.49171898,-0.6265017,-0.46948045,0.52753067,-0.776912,-0.78971124,-0.59224266,-0.8033272,-0.71807,0.39991486,0.3155869,-0.85723495,-0.85487944,-0.8120329,-0.8196343,0.87975574,-0.29935724,-0.85911,0.7100336,0.7013358,0.46160454,-0.6208378,0.66185904,0.63128865,0.64957345,0.73012847,0.82176495,0.9112513,-0.32504383,-0.014017519,0.84492505,0.6149969,0.8509866,0.86603093,0.6824922,0.73312414,0.8869805
0.1834085,-0.4959265,-0.13534129,-0.6850897,-0.70451456,-0.15021078,0.58032805,0.4190737,0.40623692,0.70179826,0.71799,0.6944598,0.7578141,0.7026105,0.68128216,0.6600634,0.6379975,0.2631845,0.7193809,-0.60556275,0.6161225,-0.3036769,-0.61968994,0.3486131,0.68606716,0.6288519,-0.48737752,-0.5181751,-0.023196483,0.71013796,-0.32322708,0.8964516,-0.5536624,-0.5190593,-0.6654939,-0.45465302,-0.6904727,0.71537733,0.5288255,0.56470543,-0.53037405,0.091429375,0.016143039,-0.28882438,-0.6270096,-0.1707139,-0.46401146,-0.7086692,-0.51455164,-0.37392318,0.47771814,0.284164,0.59873724,-0.6934549,-0.5381719,-0.028312284,0.4375705,0.44536012,0.67903996,0.6990167,0.687554,0.75765246,0.69018555,0.69568276,0.7107132,0.68999964,-0.44678187,0.69716585,0.52978057,0.18705651,0.534636,0.43374145,-0.7732675,0.34258112,0.5831255,0.5821078,0.37051794,0.5484803,-0.17415717,0.8712183,0.2937497,-0.70237523,-0.7548144,-0.73203886,-0.10906668,-0.731745,-0.7277959,-0.61692965,-0.6926516,-0.6213044,-0.3021899,0.8176781,0.6317959,-0.077323675,0.115812585,-0.32213852,-0.5056114,-0.7765182,-0.5571798,-0.5274378
-0.22747648,0.46202156,-0.15316175,0.7274035,0.71887565,-0.15949865,-0.25185227,-0.6533894,-0.71755564,-0.8495068,-0.8501918,-0.8842845,-0.7376188,-0.68330574,-0.67654264,-0.71310407,-0.8616367,-0.4295187,-0.7275622,0.68807703,-0.84411913,0.7407644,0.8951225,-0.6293547,-0.8465189,-0.87339115,0.40664306,0.6183829,-0.45699018,-0.49840656,0.7345083,-0.5536624,0.9204744,0.770229,0.89517975,0.58004236,0.82145715,-0.29696733,-0.024373008,-0.054592803,0.8550186,0.4533559,0.5347624,0.5746144,0.8417963,0.62982625,0.82918787,0.84299785,0.6840016,0.6889164,-0.45507234,-0.57560265,-0.7360675,0.71198153,0.3359872,-0.35327008,-0.546562,-0.7686749,-0.83859956,-0.87754536,-0.8898093,-0.7554704,-0.82257223,-0.7089309,-0.8032571,-0.7045586,0.52273756,-0.88871866,-0.6429937,-0.3361323,-0.8496063,-0.5056766,0.730132,-0.09894266,-0.87310195,-0.8572203,-0.80222106,-0.84624505,0.63064206,-0.5390433,-0.62316287,0.89980984,0.84697986,0.7960012,-0.33487853,0.8896818,0.7475925,0.72286487,0.7654966,0.79465634,0.712078,-0.63597965,-0.32011014,0.5421098,0.39293882,0.5807008,0.73195267,0.8209311,0.6511327,0.7656522
-0.078563765,0.46793044,-0.15163362,0.608896,0.55738854,-0.2857682,-0.24630728,-0.4687987,-0.6813309,-0.67282546,-0.7066071,-0.7025775,-0.6545168,-0.6303533,-0.6252589,-0.44614792,-0.6181458,-0.07496959,-0.5472565,0.44756025,-0.6664467,0.7263572,0.7447226,-0.36925542,-0.67809516,-0.668875,0.23087013,0.4432791,-0.3398791,-0.5570845,0.4192562,-0.5190593,0.770229,0.8695462,0.83454955,0.27025265,0.6249941,-0.4935707,-0.28817302,-0.32097253,0.58649576,0.09894938,0.25957114,0.22561035,0.5811576,0.26584613,0.5369458,0.655195,0.4234591,0.34625477,-0.24407305,-0.33247182,-0.45939657,0.56987643,0.22516583,-0.40422148,-0.33786458,-0.6539024,-0.6626402,-0.7646929,-0.71797514,-0.6755053,-0.6470137,-0.6283794,-0.6717762,-0.63996315,0.43434817,-0.6910721,-0.32254016,0.05481112,-0.62257826,-0.1926819,0.75590134,-0.39180464,-0.63190615,-0.61032647,-0.5644587,-0.63008994,0.2891756,-0.51310927,-0.2918293,0.75371623,0.6847004,0.7904845,-0.05046434,0.77027977,0.58867353,0.5368575,0.56412315,0.5227895,0.35678148,-0.6532376,-0.50543046,0.18045837,0.06751766,0.23812601,0.41950798,0.6656034,0.4189865,0.46722227
-0.21569952,0.58659744,-0.037332978,0.7851583,0.76785505,-0.10564633,-0.34720683,-0.58991194,-0.7069938,-0.87064505,-0.88590133,-0.894374,-0.7945641,-0.7609371,-0.7576226,-0.68858635,-0.8381428,-0.32836285,-0.765661,0.65904903,-0.8557009,0.7525816,0.8990787,-0.56526256,-0.87284434,-0.86023396,0.4127844,0.6084064,-0.41756028,-0.60358834,0.63546014,-0.6654939,0.89517975,0.83454955,0.9394256,0.5252145,0.81368774,-0.48786715,-0.19966298,-0.23971991,0.7983313,0.29598445,0.4236998,0.4665004,0.80291927,0.50779617,0.7574722,0.83806914,0.64219487,0.59208924,-0.47139332,-0.46823764,-0.7029096,0.7735603,0.43795514,-0.29179394,-0.49672148,-0.72776765,-0.859655,-0.90816426,-0.8996502,-0.81474006,-0.83968794,-0.77378243,-0.8448007,-0.77494085,0.538154,-0.88848424,-0.6014683,-0.21451673,-0.8290342,-0.45406088,0.82265174,-0.28220057,-0.8378688,-0.8254063,-0.74965423,-0.8177122,0.50152314,-0.6566377,-0.5347303,0.90662825,0.8655179,0.87331295,-0.21834996,0.91692615,0.762932,0.71460176,0.7622545,0.7557871,0.60211694,-0.7684667,-0.48644215,0.39696667,0.25993854,0.48446083,0.66829425,0.83928525,0.6272809,0.70094514
