0,1,2,3,4,5,6,7,8,9,10,11,12,13,14,15,16,17,18,19,20,21,22,23,24,25,26,27,28,29,30,31,32,33,34,35,36,37,38,39,40,41,42,43,44,45,46,47,48,49,50,51,52,53,54,55,56,57,58,59,60,61,62,63,64,65,66,67,68,69,70,71,72,73,74,75,76,77,78,79,80,81,82,83,84,85,86,87,88,89,90,91,92,93,94,95,96,97,98,99
0.86173856,0.24867612,0.13518465,-0.1247367,-0.00912713,0.16623941,0.012062777,-0.19721109,-0.29280534,-0.46711832,-0.22639197,-0.31552282,-0.19279945,-0.15023269,-0.14286417,-0.3379166,-0.29805365,-0.08964606,-0.25085458,0.39095265,-0.27503082,-0.2570526,-0.14130858,-0.25845456,0.02624289,-0.18418431,0.12485272,-0.05705577,-0.19406967,-0.054492753,0.40711692,0.40223914,0.31535333,-0.21149889,0.03396149,0.26310003,0.022316536,-0.15584925,-0.35199353,-0.12007968,0.07951133,0.10193682,-0.049270533,0.17391193,0.19349827,0.13224185,0.035324994,0.22911777,0.38347036,0.19279681,0.38343072,0.006953212,-0.18550545,-0.0804535,0.075769015,0.03186497,-0.14328374,-0.29048425,-0.474549,-0.1346485,-0.20388803,-0.23441252,-0.23290041,-0.12800133,-0.012012711,-0.061224356,0.08769217,-0.34397382,-0.29264405,-0.028867252,0.09907699,-0.40523678,-0.11294791,-0.0457164,-0.27109924,-0.10902465,-0.17224297,-0.13310876,0.36165214,0.31522757,-0.05669591,0.12423295,0.19358386,-0.11297091,0.12275297,0.06078253,0.13111079,0.048393987,0.24319044,0.17215905,0.040031753,-0.37914383,-0.3593668,0.27464202,-0.15578751,0.1815939,0.22773921,0.2798974,0.49430025,0.26010606
0.24867612,0.8177882,0.21395704,0.46882278,0.5514837,0.2457725,0.5161237,0.3085284,0.17463303,-0.32963037,-0.31697142,-0.4422261,-0.39470348,-0.4961142,-0.47798777,-0.22079307,-0.5331792,-0.038640022,-0.5418651,0.5381528,-0.43282485,-0.4478988,-0.38415667,-0.38883436,-0.04497002,-0.3287664,-0.07043608,-0.22837602,-0.28342184,-0.35158393,-0.08206068,-0.15336946,-0.33978957,-0.37785485,-0.22580285,0.10985044,-0.004302152,-0.5061499,-0.41227347,0.025239699,0.082747556,-0.18161261,-0.2177197,-0.041075394,-0.029828643,-0.107749246,-0.21758775,-0.13755299,0.37765992,0.07534087,-0.047628127,0.49779624,0.3560809,0.52076846,0.18361264,0.14376472,0.41715533,0.21230638,-0.19775115,-0.33541524,-0.39233065,-0.43950862,-0.47332722,-0.38463336,-0.40956956,-0.46795556,0.47482365,-0.48890728,-0.35805607,0.17439269,-0.28332347,-0.43806124,-0.41393143,0.291414,-0.46258515,-0.2618186,-0.37137204,-0.34590906,0.120357275,-0.22912565,-0.28731617,0.09477118,0.047642548,-0.16564305,-0.070521444,0.04297877,0.020323101,-0.21452971,0.10967563,0.08225574,0.095401675,-0.27942097,-0.34074575,-0.083928354,-0.053351145,0.05771871,0.09329445,0.16331315,0.573288,0.17659815
0.13518465,0.21395704,0.84961885,-0.18316239,-0.24886471,0.7737611,0.23174286,0.4671431,0.48675966,0.22659539,0.43298173,0.2918632,0.3107043,0.42441398,0.3520587,0.3578167,0.37698114,0.6279764,0.35846734,0.0048228432,0.42273158,0.34801602,0.32977033,0.19794422,-0.046723366,0.15687415,-0.31623748,-0.092120804,0.34438747,0.1307379,-0.30731314,0.18222654,0.1653264,0.33531934,-0.124949984,-0.26034045,-0.3883512,0.23814616,0.13141657,0.09764306,-0.41753244,-0.15392417,-0.17792769,-0.43833023,-0.39851627,-0.34136865,-0.030465076,-0.16536467,-0.22393878,-0.42830807,0.52560544,0.45403945,0.11697533,-0.16369209,0.49065006,0.70374006,0.24180207,0.49694893,0.36284915,0.45928854,0.2780674,0.29441097,0.40140057,0.51358116,0.4878777,0.37030065,-0.34803677,0.40144002,0.49536765,0.5678475,0.50109226,0.3823777,0.3351456,-0.40107292,0.4582293,0.19279419,0.345766,0.19299464,-0.44231233,0.23892799,-0.10900139,-0.493277,-0.4792552,-0.1627749,-0.3565815,-0.40373033,-0.33275473,-0.11687313,-0.22229795,-0.46863535,0.02703629,0.33498293,0.2175507,-0.26766902,-0.26981652,-0.48341668,-0.50997233,-0.48863304,-0.019871157,-0.36966333
-0.1247367,0.46882278,-0.18316239,0.9354602,0.87278605,-0.07894279,0.6266409,0.46451807,0.2948537,-0.1915565,-0.47785604,-0.6438957,-0.6138532,-0.53347003,-0.66389716,-0.15295368,-0.52959114,-0.048469745,-0.5769979,0.3243053,-0.39996508,-0.68864536,-0.7048323,-0.6715647,-0.1985713,-0.65606034,-0.42866504,-0.59158635,-0.60229033,-0.7362809,-0.43229884,-0.68824,-0.7338841,-0.5170661,-0.64348054,-0.30826402,-0.26079345,-0.7247179,-0.6004091,-0.3793161,-0.1455228,-0.6003138,-0.5870044,-0.31511086,-0.34778723,-0.4568137,-0.6699472,-0.5988053,0.014935895,-0.20499037,-0.43594128,0.49343875,0.7414712,0.89027417,-0.4359017,0.07741206,0.7039812,0.31800354,-0.0708737,-0.6077126,-0.6673516,-0.62173694,-0.61336863,-0.36906332,-0.46513504,-0.67652607,0.42716908,-0.4455604,-0.2584559,0.19444491,-0.4027087,-0.5166851,-0.7280416,0.25425702,-0.6355083,-0.65299106,-0.69254607,-0.72284317,-0.10434267,-0.6414106,-0.6048992,-0.07110141,-0.19978666,-0.44432864,-0.41282767,-0.20160489,-0.31247398,-0.6335602,-0.31567144,-0.16092113,0.43249482,-0.08029547,-0.48288196,-0.5032654,-0.29056007,-0.19009557,-0.16374499,-0.077912584,0.17853428,-0.1385071
-0.00912713,0.5514837,-0.24886471,0.87278605,0.94428724,-0.15276377,0.5689055,0.33837974,0.1619005,-0.3763526,-0.62379473,-0.7353649,-0.69281596,-0.67486763,-0.7538986,-0.27463466,-0.6767132,-0.17959955,-0.70331275,0.47101143,-0.5595583,-0.77839005,-0.74541426,-0.71360546,-0.20352098,-0.6663753,-0.24953365,-0.49042755,-0.6596415,-0.694132,-0.23770605,-0.5727748,-0.73708624,-0.6195382,-0.52135396,-0.10687338,-0.10897942,-0.8117746,-0.6685214,-0.34152883,0.0004704715,-0.4648412,-0.46792185,-0.14410178,-0.15524319,-0.28388238,-0.5728468,-0.44555813,0.19681355,-0.03018892,-0.43445435,0.4296698,0.6393894,0.898649,-0.35955083,-0.061655197,0.6058351,0.19251245,-0.27111542,-0.7303943,-0.73948115,-0.7153931,-0.72868705,-0.533165,-0.5963113,-0.762764,0.53922,-0.6150441,-0.4220819,0.0951079,-0.5046192,-0.6321424,-0.76448226,0.3666901,-0.7751956,-0.64786047,-0.74516964,-0.70538163,0.097493,-0.5690298,-0.5337099,0.086460575,-0.0041459063,-0.3686179,-0.2313112,-0.0450028,-0.14973956,-0.50510913,-0.14089537,0.007158492,0.36261266,-0.2522669,-0.5962919,-0.3170538,-0.19110547,-0.012826383,0.029529097,0.11541566,0.3492905,0.038400203
0.16623941,0.2457725,0.7737611,-0.07894279,-0.15276377,0.83147675,0.29253006,0.5317385,0.54431665,0.14915244,0.31487745,0.17465958,0.28312856,0.44174942,0.33308122,0.38165793,0.37366852,0.6482209,0.34425125,0.09158207,0.44849473,0.25961316,0.27806708,0.05899167,-0.15972747,0.023866333,-0.39191434,-0.2039968,0.26254714,0.053981427,-0.3901419,0.13752997,0.09759789,0.2512387,-0.23269649,-0.3141058,-0.45815843,0.18182397,0.04682817,-0.016818346,-0.4871118,-0.28118438,-0.29597154,-0.50983286,-0.4699137,-0.4208318,-0.12271888,-0.23353927,-0.23800007,-0.4846292,0.5376241,0.4787519,0.21263388,-0.08458264,0.39552194,0.74619496,0.32135922,0.5362849,0.30887198,0.36832654,0.1795727,0.26702642,0.38543868,0.55337256,0.52053785,0.36643004,-0.3730354,0.3914779,0.4747994,0.597778,0.54201806,0.31690383,0.28859454,-0.42234892,0.36303958,0.05487986,0.26807952,0.101765566,-0.49923384,0.2366687,-0.2536318,-0.55921936,-0.5439963,-0.2785405,-0.44481307,-0.4556868,-0.4049533,-0.2133562,-0.28915608,-0.5268611,0.07537952,0.3508118,0.19180453,-0.35460508,-0.38850278,-0.5417325,-0.5467505,-0.51895535,-0.011991551,-0.41346705
0.012062777,0.5161237,0.23174286,0.6266409,0.5689055,0.29253006,0.8351847,0.6108309,0.45726743,0.02717972,-0.15997696,-0.45714873,-0.39400542,-0.2932988,-0.4311511,0.047448523,-0.32624552,0.25747406,-0.3799797,0.31993264,-0.1512183,-0.40427047,-0.4737759,-0.506872,-0.10145264,-0.52844197,-0.553015,-0.6366714,-0.33914584,-0.6427146,-0.49318343,-0.5206299,-0.41845602,-0.15600327,-0.6082331,-0.38785902,-0.40454617,-0.44629022,-0.40714717,-0.1844323,-0.25156265,-0.5566328,-0.60006815,-0.50351715,-0.4831623,-0.5643684,-0.5495516,-0.5656479,-0.023163306,-0.33957174,-0.10427472,0.6633426,0.67558944,0.59942603,-0.17648116,0.42796528,0.7249111,0.49220884,0.12466565,-0.25244927,-0.4439107,-0.3962422,-0.36253378,-0.09483087,-0.17864919,-0.41170728,0.2925452,-0.22351977,0.03926926,0.47085777,-0.09278089,-0.27765775,-0.48413,0.15435714,-0.32696193,-0.50518197,-0.4518406,-0.59180224,-0.21934786,-0.4799953,-0.5123231,-0.20393299,-0.35797095,-0.3778391,-0.5441089,-0.26669517,-0.43822473,-0.6637094,-0.31870854,-0.29248452,0.4828241,0.12715879,-0.23104239,-0.53522766,-0.3668626,-0.3870806,-0.3468345,-0.22454397,0.2313253,-0.22052649
-0.19721109,0.3085284,0.4671431,0.46451807,0.33837974,0.5317385,0.6108309,0.93610156,0.8556855,0.14787027,0.00945608,-0.19673164,-0.14642046,0.12298615,-0.10427618,0.38619483,0.0914408,0.63949037,0.030351322,0.10647804,0.23025338,-0.18934008,-0.2207204,-0.36115772,-0.4076355,-0.42914063,-0.7522857,-0.6331301,-0.19549035,-0.47314304,-0.75584066,-0.367144,-0.5124294,-0.05851894,-0.7300621,-0.67221475,-0.71097094,-0.2746429,-0.2939152,-0.38224345,-0.68437207,-0.7407363,-0.70714176,-0.8049506,-0.77335215,-0.8069707,-0.6710311,-0.77404195,-0.46087003,-0.74386156,0.17430983,0.7749928,0.78679657,0.48206136,-0.051327303,0.70803523,0.8419973,0.8630483,0.3795828,-0.06281507,-0.2790137,-0.14843845,0.0025053616,0.33431068,0.22297075,-0.08658098,-0.21117641,0.17206502,0.4376978,0.73929906,0.2546942,0.086046696,-0.21156028,-0.3207825,-0.008314283,-0.4313522,-0.21924266,-0.4091938,-0.6455172,-0.19089814,-0.68447304,-0.6793246,-0.7379168,-0.638981,-0.7922505,-0.6917105,-0.7296247,-0.7076988,-0.67935634,-0.7379766,0.47007388,0.48925862,-0.08807041,-0.8121991,-0.5913157,-0.7639532,-0.7586807,-0.6989863,-0.18463796,-0.6741995
-0.29280534,0.17463303,0.48675966,0.2948537,0.1619005,0.54431665,0.45726743,0.8556855,0.89914036,0.21370295,0.11161156,-0.0070628882,0.08190058,0.32946226,0.13150157,0.5199967,0.31193,0.70128465,0.25609812,0.008809875,0.42228526,0.01986183,0.011513006,-0.19048768,-0.44455674,-0.26302764,-0.65692335,-0.47504073,0.007568769,-0.25603232,-0.75609803,-0.27667534,-0.4236325,0.08378884,-0.58312935,-0.6190038,-0.6522989,-0.07988117,-0.114233986,-0.30234683,-0.68386215,-0.6445048,-0.5788114,-0.7660577,-0.723853,-0.7169641,-0.5149554,-0.6533758,-0.5101683,-0.72788405,0.24406032,0.6372491,0.64201885,0.31417102,0.06235802,0.69363946,0.7043475,0.8489901,0.42364985,0.07544081,-0.09911911,0.07830051,0.2248849,0.5021837,0.39030117,0.13400862,-0.35851127,0.38381308,0.5511117,0.7094525,0.38689128,0.29381955,0.01701485,-0.40132856,0.16343167,-0.2781278,-0.004607533,-0.1931904,-0.72607267,-0.063721776,-0.57539594,-0.72211576,-0.7422071,-0.5402976,-0.71652865,-0.66914606,-0.6681435,-0.55451465,-0.6379447,-0.749709,0.3328569,0.5667187,0.08009835,-0.74879813,-0.5350053,-0.75867593,-0.76261723,-0.73623306,-0.28644866,-0.6841184
-0.46711832,-0.32963037,0.22659539,-0.1915565,-0.3763526,0.14915244,0.02717972,0.14787027,0.21370295,0.9175081,0.7453991,0.58609045,0.34095144,0.3126793,0.294563,0.21400449,0.4168599,0.2014625,0.36707062,-0.7124969,0.39021125,0.52576786,0.28240973,0.5199305,0.4154836,0.42505264,-0.2728094,0.019991757,0.3992213,0.098106846,-0.3534869,-0.21335018,0.18105313,0.49610287,0.022416746,-0.41812506,-0.1580729,0.4980107,0.5743481,0.36309692,-0.11506671,0.0464416,0.07233409,-0.24166912,-0.32486075,-0.1837482,0.09451741,-0.17445718,-0.46975482,-0.27545622,-0.12000258,0.009826684,-0.019922178,-0.28947604,-0.02365429,0.2616796,0.019988637,0.29886764,0.8238487,0.6341623,0.5236554,0.41072232,0.39794493,0.3148142,0.2256046,0.25021374,-0.15995753,0.46538067,0.45801926,0.1187423,0.09953886,0.47903967,0.2390053,-0.06378762,0.6649641,0.37614202,0.3606443,0.22450899,-0.39380622,-0.2016213,0.24245223,-0.1643883,-0.3375644,0.19819908,-0.21783358,-0.1397399,-0.23960027,-0.048153073,-0.2604164,-0.21684322,-0.014845604,0.5187235,0.61601466,-0.2332153,0.15523176,-0.2573094,-0.3688963,-0.39747477,-0.51547974,-0.30773643
-0.22639197,-0.31697142,0.43298173,-0.47785604,-0.62379473,0.31487745,-0.15997696,0.00945608,0.11161156,0.7453991,0.9179987,0.79604197,0.5855371,0.5009335,0.545732,0.24807996,0.56774545,0.24971426,0.5506035,-0.6462271,0.50310606,0.74518734,0.5711166,0.7435058,0.45239592,0.6821166,-0.074931845,0.28112525,0.6437399,0.4174661,-0.17467183,0.101802155,0.448377,0.62330365,0.2652036,-0.18966815,-0.040042665,0.6697308,0.6535877,0.45966387,-0.059906073,0.26223725,0.26009512,-0.0901614,-0.18314028,-0.0036429444,0.3377838,0.10086834,-0.3407797,-0.15404862,0.12799773,-0.10921112,-0.31343925,-0.5667461,0.30759972,0.29156524,-0.22311527,0.17277095,0.702613,0.8754405,0.78732777,0.6435011,0.61770815,0.4569319,0.4189833,0.51058835,-0.32935652,0.5792774,0.46448672,0.0816562,0.29158118,0.5994426,0.5323137,-0.22335167,0.854462,0.6539667,0.6460762,0.5281879,-0.36312836,0.096327215,0.41144747,-0.15849678,-0.27309215,0.29873002,-0.039436646,-0.09443967,-0.06258414,0.23006341,-0.06338761,-0.15152737,-0.28429836,0.38881075,0.6364151,-0.010331739,0.1957968,-0.16126245,-0.2782457,-0.3375416,-0.39207822,-0.19251831
-0.31552282,-0.4422261,0.2918632,-0.6438957,-0.7353649,0.17465958,-0.45714873,-0.19673164,-0.0070628882,0.58609045,0.79604197,0.9519921,0.7678642,0.59932506,0.7203723,0.29559928,0.6912274,0.12705891,0.69010293,-0.6338673,0.5606885,0.8726828,0.784423,0.91254604,0.36572084,0.87421834,0.23377915,0.6057741,0.798138,0.7236842,0.0038163578,0.28821403,0.47587407,0.6135144,0.5325949,0.070168346,0.20840096,0.78126764,0.80281353,0.5411097,0.08564474,0.463107,0.53107446,0.16387214,0.07834949,0.27908182,0.5859976,0.35992447,-0.243667,0.04459062,0.13018705,-0.35140336,-0.53433764,-0.6957223,0.47873956,0.058510028,-0.48128584,0.003362948,0.5344626,0.8282832,0.9053054,0.8033024,0.75917256,0.45532918,0.43881625,0.6616204,-0.4107475,0.6623802,0.38769203,-0.12247459,0.29947966,0.7135695,0.74698544,-0.25171524,0.87798,0.8334949,0.83385503,0.80615675,-0.2773504,0.28346425,0.58382404,-0.05632613,-0.06638953,0.45687437,0.24057692,0.070247196,0.19710755,0.5435082,0.12913813,0.0060512163,-0.5394614,0.28659242,0.7202064,0.22556168,0.37045735,0.04908045,-0.061896227,-0.18063478,-0.43115985,-0.047785044
-0.19279945,-0.39470348,0.3107043,-0.6138532,-0.69281596,0.28312856,-0.39400542,-0.14642046,0.08190058,0.34095144,0.5855371,0.7678642,0.927508,0.7760087,0.8779247,0.45670933,0.80817974,0.25896522,0.8141983,-0.33660454,0.7356249,0.85511535,0.881639,0.70760775,0.08458327,0.67878133,0.21527347,0.5299361,0.8353971,0.7767279,-0.032668218,0.3581099,0.4818492,0.59634316,0.46976846,0.10955453,0.14081666,0.77696043,0.70872056,0.37845778,-0.023621049,0.3227998,0.41377157,0.08414066,0.0651856,0.23193768,0.5630038,0.38544202,-0.15053219,0.0007709651,0.31807125,-0.3352049,-0.47004658,-0.66978276,0.51384485,0.14681052,-0.45529276,0.01183947,0.29091215,0.6924844,0.80244446,0.91544354,0.8782653,0.63449156,0.63553536,0.83429486,-0.51445866,0.77571845,0.4396656,-0.02219848,0.53848493,0.7266717,0.860291,-0.36382717,0.75356835,0.6489706,0.88027984,0.79794633,-0.32703936,0.40505743,0.41550332,-0.15701652,-0.11100483,0.335923,0.17168954,0.017698372,0.16289593,0.49881184,0.13332766,-0.07392499,-0.45729774,0.30388302,0.66369617,0.1932756,0.13974905,-0.0340125,-0.08725647,-0.18297535,-0.2907983,-0.048854973
-0.15023269,-0.4961142,0.42441398,-0.53347003,-0.67486763,0.44174942,-0.2932988,0.12298615,0.32946226,0.3126793,0.5009335,0.59932506,0.7760087,0.9750157,0.8954529,0.6297003,0.9145636,0.56682694,0.91713536,-0.3396297,0.91295767,0.71236855,0.7504703,0.44999462,-0.21154517,0.374367,-0.14372188,0.1812117,0.64294815,0.5437438,-0.2511344,0.33136228,0.38880664,0.5765134,0.10689883,-0.23508567,-0.26992768,0.6840863,0.4971034,0.00691274,-0.4489287,-0.027010966,0.04092581,-0.30336258,-0.26751065,-0.1449665,0.2150896,0.050412543,-0.45834345,-0.39602673,0.56176484,-0.14587265,-0.18415211,-0.5730525,0.3304069,0.432954,-0.18858966,0.24288525,0.33420646,0.6030429,0.582601,0.77400374,0.9008653,0.9197085,0.91563827,0.906638,-0.8110163,0.8871788,0.70526826,0.28855488,0.82579076,0.7559073,0.77934825,-0.6750479,0.7226301,0.3493389,0.7225417,0.5585562,-0.55365765,0.4986581,0.06972074,-0.54078156,-0.4436196,-0.0343936,-0.21063066,-0.3683316,-0.23542577,0.15299666,-0.24588728,-0.46984437,-0.17579728,0.5502696,0.53956103,-0.14930072,-0.27018496,-0.43126205,-0.45425564,-0.52505076,-0.48465985,-0.42470482
-0.14286417,-0.47798777,0.3520587,-0.66389716,-0.7538986,0.33308122,-0.4311511,-0.10427618,0.13150157,0.294563,0.545732,0.7203723,0.8779247,0.8954529,0.95723385,0.52406967,0.87683296,0.36729932,0.89168394,-0.33564326,0.8211647,0.8267392,0.88428175,0.6350534,-0.042391278,0.5917186,0.13825685,0.45298967,0.78684354,0.75661206,-0.04339821,0.43089357,0.5071527,0.60338837,0.39144072,0.03094693,0.014174827,0.77861416,0.6486892,0.24918745,-0.16860437,0.2453283,0.32371342,-0.019451119,-0.003236712,0.1423097,0.48903018,0.32475832,-0.24693677,-0.11903186,0.46372664,-0.32003093,-0.42794704,-0.70374113,0.4841991,0.22685295,-0.42604977,0.04257311,0.25850767,0.67028654,0.73797977,0.87438893,0.9307684,0.7674155,0.7833401,0.9337199,-0.6690996,0.82900447,0.541639,0.06586474,0.6918762,0.7598719,0.89520967,-0.5084213,0.75639343,0.56837296,0.86241305,0.76234865,-0.37057233,0.5221843,0.32920164,-0.28771284,-0.19203602,0.21821138,0.08257559,-0.10169101,0.05195248,0.42758065,0.03010257,-0.19816136,-0.39015904,0.37520194,0.6233681,0.12794223,0.0020873388,-0.15314764,-0.18795384,-0.280274,-0.35922492,-0.16463928
-0.3379166,-0.22079307,0.3578167,-0.15295368,-0.27463466,0.38165793,0.047448523,0.38619483,0.5199967,0.21400449,0.24807996,0.29559928,0.45670933,0.6297003,0.52406967,0.8144761,0.65139806,0.6778564,0.6277744,-0.07382792,0.6802801,0.43842918,0.44224167,0.16330698,-0.4293452,0.07234727,-0.2773419,-0.058753323,0.3855,0.21151786,-0.40786305,-0.002237739,-0.017406262,0.4970857,-0.120920934,-0.2928753,-0.36055678,0.2733272,0.22058712,-0.086988166,-0.47229132,-0.2512195,-0.1686492,-0.49599344,-0.35897458,-0.3339238,-0.053326353,-0.20118669,-0.39219797,-0.4698156,0.37039274,0.1972991,0.18721148,-0.16963775,0.23827708,0.4695997,0.18625212,0.4433468,0.26283443,0.301914,0.23105392,0.4548335,0.5948216,0.6600774,0.6080383,0.52347875,-0.53973514,0.6662917,0.72329843,0.53060836,0.5997083,0.6641154,0.48160994,-0.4568671,0.44078884,0.052306794,0.41095966,0.25246704,-0.5073372,0.17614703,-0.11924312,-0.5227182,-0.44902125,-0.12730187,-0.3571659,-0.38560337,-0.3523461,-0.11623049,-0.31163615,-0.51775086,0.10937047,0.5032965,0.2935329,-0.3372867,-0.3235073,-0.5487851,-0.5244518,-0.5262164,-0.31917605,-0.45252353
-0.29805365,-0.5331792,0.37698114,-0.52959114,-0.6767132,0.37366852,-0.32624552,0.0914408,0.31193,0.4168599,0.56774545,0.6912274,0.80817974,0.9145636,0.87683296,0.65139806,0.9687182,0.51651245,0.95658135,-0.43542197,0.8950497,0.7765026,0.7760062,0.5521679,-0.14869285,0.46985954,-0.10519658,0.2649038,0.70067066,0.5842412,-0.27127796,0.25989816,0.34876758,0.63652587,0.16436908,-0.21748814,-0.19957536,0.70913434,0.5894203,0.09050794,-0.38030314,0.027496537,0.11417517,-0.25752124,-0.24611166,-0.10289846,0.26111147,0.06566775,-0.48372388,-0.35442898,0.43881565,-0.17939243,-0.20174065,-0.5729532,0.35138625,0.364572,-0.21652603,0.2299208,0.41418415,0.646639,0.649694,0.8189883,0.9095629,0.84231323,0.8090659,0.855623,-0.76341546,0.93885636,0.71682316,0.23390101,0.7102146,0.83245003,0.79487205,-0.60382473,0.7768867,0.43351856,0.7678014,0.61724687,-0.5650327,0.4129248,0.16477007,-0.4813795,-0.4135877,0.05132314,-0.15910271,-0.31773275,-0.18306912,0.2051779,-0.22387962,-0.42230397,-0.2189846,0.5550799,0.61364365,-0.13098757,-0.15384261,-0.3815658,-0.4272084,-0.513258,-0.554708,-0.40414202
-0.08964606,-0.038640022,0.6279764,-0.048469745,-0.17959955,0.6482209,0.25747406,0.63949037,0.70128465,0.2014625,0.24971426,0.12705891,0.25896522,0.56682694,0.36729932,0.6778564,0.51651245,0.90283126,0.48193675,0.0034156379,0.6082907,0.24279052,0.23682575,-0.038453255,-0.45682806,-0.13802668,-0.5754901,-0.36199567,0.17849773,-0.042818792,-0.52884305,0.03442417,-0.032284476,0.37553483,-0.4194214,-0.53783226,-0.6786816,0.13996553,-0.009350305,-0.27325833,-0.7296034,-0.48759758,-0.46780792,-0.7563025,-0.63183224,-0.63385206,-0.33371335,-0.45959163,-0.5150749,-0.7293576,0.586124,0.49972442,0.4023031,-0.039605793,0.19926026,0.7602235,0.44170672,0.6528948,0.35683858,0.27644798,0.06597094,0.2559769,0.44780582,0.6991993,0.6568053,0.41177246,-0.5960534,0.5458388,0.76105726,0.8020821,0.6837169,0.49046063,0.29232395,-0.6157708,0.3786794,-0.13090889,0.2112218,0.0014133845,-0.6209322,0.23786101,-0.39028665,-0.76006985,-0.6979284,-0.44460756,-0.64969254,-0.6706374,-0.64221203,-0.40879476,-0.55265516,-0.76259404,0.3050416,0.5787266,0.13822566,-0.56983685,-0.5892916,-0.7990397,-0.77175415,-0.7367244,-0.29269564,-0.67407143
-0.25085458,-0.5418651,0.35846734,-0.5769979,-0.70331275,0.34425125,-0.3799797,0.030351322,0.25609812,0.36707062,0.5506035,0.69010293,0.8141983,0.91713536,0.89168394,0.6277744,0.95658135,0.48193675,0.9633463,-0.40890783,0.88279456,0.785442,0.79990464,0.56557834,-0.13695088,0.4914414,-0.035085715,0.30464175,0.70119,0.62539095,-0.19377685,0.32403284,0.40094984,0.6276702,0.22043198,-0.15912876,-0.15158011,0.72326577,0.5910818,0.1092383,-0.33274043,0.080592245,0.17086762,-0.19630873,-0.17574629,-0.03705234,0.31135392,0.13255039,-0.4354367,-0.29885453,0.45114025,-0.23270296,-0.27022937,-0.614542,0.3626571,0.31781328,-0.28021348,0.17256466,0.36349556,0.6400953,0.66435874,0.8248186,0.9122956,0.83022356,0.81455123,0.8760303,-0.7647182,0.9176706,0.67656064,0.19014663,0.7152802,0.8173522,0.8160299,-0.6066772,0.7730768,0.45465615,0.77545357,0.6478143,-0.5046026,0.46647084,0.19805825,-0.44189882,-0.3549502,0.08757059,-0.098868474,-0.26982924,-0.12885429,0.26257604,-0.1649012,-0.37273633,-0.26272982,0.5110232,0.59789234,-0.06705357,-0.12498036,-0.3271212,-0.36651105,-0.45681328,-0.5270094,-0.35402045
0.39095265,0.5381528,0.0048228432,0.3243053,0.47101143,0.09158207,0.31993264,0.10647804,0.008809875,-0.7124969,-0.6462271,-0.6338673,-0.33660454,-0.3396297,-0.33564326,-0.07382792,-0.43542197,0.0034156379,-0.40890783,0.8956829,-0.33303097,-0.49071807,-0.30229947,-0.57751393,-0.40150166,-0.49849623,0.108424515,-0.18242872,-0.3251382,-0.2285167,0.15886018,0.05422725,-0.2297698,-0.3471214,-0.13081025,0.31218833,0.055949926,-0.5230457,-0.5443336,-0.20934561,0.080441676,-0.15594599,-0.19722235,0.055682212,0.1827828,0.02782828,-0.13711733,0.05146216,0.52692026,0.1851432,0.14791958,0.2755227,0.22065756,0.39754686,0.11801203,-0.008733583,0.22952352,-0.04571087,-0.66039836,-0.5596144,-0.5467809,-0.40718955,-0.39190078,-0.27622363,-0.21649384,-0.2862695,0.31602532,-0.4422309,-0.32063615,0.14920473,-0.055012323,-0.4070832,-0.26801598,0.1819868,-0.64329624,-0.42783254,-0.364608,-0.3110752,0.3056253,0.027609657,-0.30699587,0.13290302,0.2292544,-0.17457733,0.06255677,0.12361503,0.12709643,-0.11682014,0.24393004,0.14951938,0.16376533,-0.3906604,-0.51539207,0.09988707,-0.19928426,0.12710446,0.24076974,0.33084515,0.68086183,0.2951963
-0.27503082,-0.43282485,0.42273158,-0.39996508,-0.5595583,0.44849473,-0.1512183,0.23025338,0.42228526,0.39021125,0.50310606,0.5606885,0.7356249,0.91295767,0.8211647,0.6802801,0.8950497,0.6082907,0.88279456,-0.33303097,0.9271427,0.6785228,0.6813246,0.39858398,-0.22476524,0.30948013,-0.24535707,0.088261135,0.60993147,0.4365893,-0.38771075,0.15211117,0.28345832,0.5948662,0.011961507,-0.32206386,-0.32524127,0.6192873,0.4779873,-0.0024245097,-0.47119063,-0.1315799,-0.049872536,-0.39782685,-0.36572367,-0.2474511,0.12090679,-0.062240265,-0.4899032,-0.45375222,0.4552511,-0.041682884,-0.053388372,-0.45249492,0.26270697,0.49005696,-0.056984633,0.33564278,0.4028203,0.57799494,0.5336486,0.7438711,0.86300886,0.8922726,0.85070145,0.81813955,-0.7323312,0.8978084,0.7461486,0.3553437,0.76818764,0.75924575,0.70046616,-0.6102356,0.69028795,0.2752993,0.66437817,0.46991375,-0.62746024,0.33331937,0.011477211,-0.55467916,-0.51500714,-0.071952105,-0.30843344,-0.40290105,-0.30769283,0.037828393,-0.3118084,-0.51332796,-0.065069094,0.6015605,0.5455285,-0.2663921,-0.30107117,-0.4997102,-0.52569956,-0.57800615,-0.49100494,-0.46922618
-0.2570526,-0.4478988,0.34801602,-0.68864536,-0.77839005,0.25961316,-0.40427047,-0.18934008,0.01986183,0.52576786,0.74518734,0.8726828,0.85511535,0.71236855,0.8267392,0.43842918,0.7765026,0.24279052,0.785442,-0.49071807,0.6785228,0.9450837,0.8715364,0.8410108,0.24578664,0.7922037,0.22250912,0.56942916,0.8757318,0.7659517,0.006355332,0.32455957,0.55455095,0.7387763,0.53228444,0.093728796,0.16944052,0.8263255,0.80398333,0.5186452,0.041437436,0.4300006,0.49114132,0.102953926,0.082340896,0.25457647,0.6158676,0.39874914,-0.19005859,0.021499077,0.26362705,-0.33779922,-0.5298035,-0.75675887,0.5228986,0.13374917,-0.49016207,-0.0041902084,0.43428475,0.8219641,0.8791896,0.87641895,0.855971,0.56817156,0.56967837,0.7816231,-0.45998442,0.75474197,0.48831636,-0.030472739,0.46118098,0.78832346,0.85289425,-0.28396556,0.86662436,0.76610816,0.90425134,0.8268625,-0.2750363,0.33683997,0.56280136,-0.08776981,-0.073354855,0.45686775,0.20905349,0.07067115,0.17631063,0.52524745,0.15413028,-0.026040979,-0.4724554,0.3257382,0.7398644,0.23183745,0.26837873,-0.009908805,-0.08257779,-0.17602313,-0.34523875,-0.035798527
-0.14130858,-0.38415667,0.32977033,-0.7048323,-0.74541426,0.27806708,-0.4737759,-0.2207204,0.011513006,0.28240973,0.5711166,0.784423,0.881639,0.7504703,0.88428175,0.44224167,0.7760062,0.23682575,0.79990464,-0.30229947,0.6813246,0.8715364,0.94680876,0.75873226,0.0805544,0.7331159,0.32396808,0.6318039,0.859812,0.86614317,0.0914015,0.458906,0.53334135,0.6135919,0.57220364,0.21716313,0.21396613,0.77408814,0.71319914,0.43219396,0.031141423,0.42881143,0.51310736,0.1683756,0.17384899,0.32825923,0.65018696,0.48440412,-0.08758933,0.07207021,0.36952782,-0.36378157,-0.5634923,-0.7329669,0.6233709,0.08848493,-0.53663355,-0.05670434,0.22838157,0.69249636,0.8090669,0.8725431,0.8744905,0.58670056,0.6128218,0.84660745,-0.5150106,0.72408104,0.41233844,-0.04910744,0.5303694,0.74642956,0.92591405,-0.35550588,0.75841653,0.722165,0.92302805,0.88603604,-0.22917283,0.48534673,0.5025377,-0.105172336,-0.012881818,0.4020622,0.27952436,0.08543451,0.24815542,0.60353595,0.22098717,-0.009318715,-0.5406309,0.22852428,0.6324626,0.30783212,0.21479452,0.035905715,-0.010750933,-0.11354211,-0.24326831,0.014826137
-0.25845456,-0.38883436,0.19794422,-0.6715647,-0.71360546,0.05899167,-0.506872,-0.36115772,-0.19048768,0.5199305,0.7435058,0.91254604,0.70760775,0.44999462,0.6350534,0.16330698,0.5521679,-0.038453255,0.56557834,-0.57751393,0.39858398,0.8410108,0.75873226,0.9607084,0.47531933,0.94125044,0.41137785,0.7284626,0.7903496,0.7715837,0.17874,0.31264752,0.5153381,0.5857413,0.6844022,0.25848076,0.39460582,0.74113417,0.80221575,0.6599335,0.28776386,0.6362229,0.6803541,0.35717294,0.27193722,0.46115816,0.7149943,0.5162946,-0.058364272,0.25306764,0.029579034,-0.43969887,-0.66470313,-0.71411633,0.52217317,-0.11389419,-0.6039549,-0.15726201,0.41717085,0.7901,0.9047667,0.7414811,0.6514324,0.27120817,0.28035194,0.5678779,-0.24374548,0.5122907,0.22138143,-0.26965278,0.15189019,0.62721676,0.7086525,-0.079827875,0.7991904,0.9078079,0.81088156,0.8396975,-0.08001968,0.24530435,0.7288903,0.16048366,0.14182664,0.6222728,0.43267345,0.27034956,0.38718796,0.6831665,0.324179,0.21536452,-0.6351707,0.105986595,0.6739572,0.41603118,0.54713595,0.25837177,0.14565854,0.03200763,-0.28539345,0.16267252
0.02624289,-0.04497002,-0.046723366,-0.1985713,-0.20352098,-0.15972747,-0.10145264,-0.4076355,-0.44455674,0.4154836,0.45239592,0.36572084,0.08458327,-0.21154517,-0.042391278,-0.4293452,-0.14869285,-0.45682806,-0.13695088,-0.40150166,-0.22476524,0.24578664,0.0805544,0.47531933,0.85726124,0.51166743,0.28354034,0.34055373,0.24024855,0.15631106,0.24297863,-0.037784167,0.34309864,0.14812809,0.41944468,0.22120771,0.43720704,0.28147674,0.3816084,0.56899774,0.54225004,0.5208478,0.44513404,0.4557671,0.28845686,0.40401095,0.42761552,0.35096407,0.2086173,0.44169456,-0.33528262,-0.28867298,-0.44413137,-0.290418,0.02313725,-0.25667632,-0.38103107,-0.31649315,0.270698,0.40624863,0.42410743,0.13215192,-0.035049073,-0.29844573,-0.29856867,-0.08569597,0.3696832,-0.1270684,-0.27877757,-0.4464134,-0.37122458,-0.07107984,0.0067427875,0.41542926,0.24977419,0.5048182,0.17759198,0.22563714,0.2522432,-0.23299603,0.5668254,0.5144005,0.31892103,0.5311351,0.4001118,0.46020588,0.3959052,0.3552662,0.37936038,0.5007739,-0.30529094,-0.18366724,0.30484402,0.38561797,0.5668866,0.47974825,0.37538135,0.34551752,0.071551085,0.41193995
-0.18418431,-0.3287664,0.15687415,-0.65606034,-0.6663753,0.023866333,-0.52844197,-0.42914063,-0.26302764,0.42505264,0.6821166,0.87421834,0.67878133,0.374367,0.5917186,0.07234727,0.46985954,-0.13802668,0.4914414,-0.49849623,0.30948013,0.7922037,0.7331159,0.94125044,0.51166743,0.9629046,0.5094129,0.79544574,0.7706849,0.79002345,0.26325318,0.3443542,0.5261094,0.5078422,0.74657935,0.3695534,0.49845377,0.6972381,0.77159476,0.6958158,0.38902152,0.69993854,0.74704313,0.46895155,0.37022328,0.5572145,0.7610936,0.5990796,0.055110797,0.36280847,0.004243761,-0.47748315,-0.7203735,-0.6912421,0.5575322,-0.19822095,-0.6564628,-0.23813152,0.32691193,0.73268116,0.8842872,0.70196676,0.5894586,0.18139064,0.20157816,0.5224474,-0.15875219,0.42506057,0.09656338,-0.35361278,0.07874742,0.5415891,0.6797116,-0.0146481395,0.7272579,0.93428326,0.79533386,0.8556509,0.011661821,0.24780539,0.76762056,0.25202352,0.24016264,0.66429746,0.53138155,0.35551855,0.49498284,0.7585385,0.42604154,0.3214984,-0.70034045,-0.004120272,0.6163786,0.5044302,0.6080999,0.37099516,0.26339772,0.14307171,-0.1811372,0.2676944
0.12485272,-0.07043608,-0.31623748,-0.42866504,-0.24953365,-0.39191434,-0.553015,-0.7522857,-0.65692335,-0.2728094,-0.074931845,0.23377915,0.21527347,-0.14372188,0.13825685,-0.2773419,-0.10519658,-0.5754901,-0.035085715,0.108424515,-0.24535707,0.22250912,0.32396808,0.41137785,0.28354034,0.5094129,0.94775945,0.80232275,0.31027275,0.614769,0.7481779,0.43608725,0.36122364,0.029205322,0.8604701,0.8787956,0.8594122,0.22397721,0.32969403,0.54433286,0.76921105,0.819716,0.84977186,0.8790993,0.9081338,0.93296707,0.7921016,0.8724911,0.631176,0.8524305,-0.1384758,-0.59398776,-0.7486194,-0.38943994,0.42457289,-0.70014304,-0.7581489,-0.6804024,-0.4452743,0.041278988,0.3119201,0.18599586,0.03655598,-0.3735526,-0.26410222,0.10675785,0.2822773,-0.19673768,-0.47366774,-0.6606302,-0.2678731,-0.009659633,0.3041157,0.4023832,-0.014022255,0.5263605,0.32113692,0.54564273,0.641876,0.23825328,0.71447027,0.7145412,0.8403663,0.719953,0.936636,0.7885121,0.88677645,0.8602129,0.83885634,0.8041471,-0.6490345,-0.56122017,0.1160246,0.896794,0.722942,0.8366976,0.8543571,0.7723601,0.34977067,0.7808831
-0.05705577,-0.22837602,-0.092120804,-0.59158635,-0.49042755,-0.2039968,-0.6366714,-0.6331301,-0.47504073,0.019991757,0.28112525,0.6057741,0.5299361,0.1812117,0.45298967,-0.058753323,0.2649038,-0.36199567,0.30464175,-0.18242872,0.088261135,0.56942916,0.6318039,0.7284626,0.34055373,0.79544574,0.80232275,0.93732476,0.6064875,0.8282095,0.5238745,0.43749642,0.437495,0.27141976,0.8808604,0.69410336,0.74666387,0.49353525,0.58259916,0.6214632,0.59944165,0.8023553,0.8673393,0.7386452,0.6856756,0.81793547,0.8448272,0.80780363,0.3561517,0.6520326,-0.059782777,-0.609629,-0.80275315,-0.582256,0.5639376,-0.49866694,-0.7815317,-0.4920023,-0.100189954,0.39106184,0.6519032,0.52093995,0.3894034,-0.056881204,0.009117616,0.39309496,-0.0005568968,0.17059857,-0.1949509,-0.55288255,-0.0640866,0.32823867,0.5892341,0.14068326,0.383294,0.7906881,0.6403621,0.8157666,0.30754864,0.30572033,0.773364,0.48121977,0.5593821,0.7276211,0.8030075,0.5931716,0.7675223,0.9246999,0.6789203,0.58447826,-0.7818208,-0.31885022,0.38262612,0.7514298,0.6961932,0.65111214,0.5971954,0.4729265,0.061104544,0.5498848
-0.19406967,-0.28342184,0.34438747,-0.60229033,-0.6596415,0.26254714,-0.33914584,-0.19549035,0.007568769,0.3992213,0.6437399,0.798138,0.8353971,0.64294815,0.78684354,0.3855,0.70067066,0.17849773,0.70119,-0.3251382,0.60993147,0.8757318,0.859812,0.7903496,0.24024855,0.7706849,0.31027275,0.6064875,0.8913861,0.7787342,0.038692385,0.3067196,0.50256854,0.63838154,0.575103,0.21344261,0.26673517,0.7484358,0.74375117,0.55342376,0.14710715,0.45137668,0.52637875,0.19180557,0.16331914,0.33433497,0.65350294,0.46753415,-0.031327408,0.13775665,0.2193869,-0.30927378,-0.53226715,-0.67117465,0.58444524,0.08940902,-0.48375326,-0.030509727,0.32288083,0.738824,0.8409951,0.8488358,0.80257016,0.4896735,0.49097657,0.7371408,-0.346003,0.66910696,0.35621893,-0.0698803,0.40140364,0.6931814,0.824118,-0.20185658,0.75868785,0.75038755,0.88718885,0.82734907,-0.21498099,0.29751727,0.55383,0.0020751953,0.008545551,0.48781037,0.2872364,0.1630382,0.2821085,0.5747533,0.26885125,0.07633292,-0.51502454,0.20151055,0.66906023,0.2983967,0.30779058,0.09282206,0.02825439,-0.05836217,-0.18186936,0.08853725
-0.054492753,-0.35158393,0.1307379,-0.7362809,-0.694132,0.053981427,-0.6427146,-0.47314304,-0.25603232,0.098106846,0.4174661,0.7236842,0.7767279,0.5437438,0.75661206,0.21151786,0.5842412,-0.042818792,0.62539095,-0.2285167,0.4365893,0.7659517,0.86614317,0.7715837,0.15631106,0.79002345,0.614769,0.8282095,0.7787342,0.9524054,0.36047027,0.5542488,0.5456507,0.46120727,0.7850355,0.50249493,0.49314022,0.68977904,0.67850894,0.51218545,0.30500925,0.655054,0.73234093,0.47651166,0.4713778,0.6173723,0.80683076,0.7170874,0.13987722,0.373397,0.2442034,-0.5481025,-0.7601401,-0.73834026,0.6407736,-0.20464212,-0.7369267,-0.31585616,0.0016003381,0.5618469,0.7619263,0.7583013,0.70510006,0.33004916,0.38768965,0.7128363,-0.33283564,0.502558,0.13006884,-0.3151099,0.31003302,0.5782231,0.84554946,-0.16409242,0.5971534,0.78245187,0.8498318,0.92926,0.049866233,0.50959873,0.6565958,0.17044343,0.29688805,0.57391894,0.58251244,0.34108642,0.5336008,0.8281751,0.48268628,0.2873512,-0.6989415,-0.04389098,0.53161997,0.5740257,0.4376929,0.35399383,0.3125785,0.19107468,-0.085446805,0.28871173
0.40711692,-0.08206068,-0.30731314,-0.43229884,-0.23770605,-0.3901419,-0.49318343,-0.75584066,-0.75609803,-0.3534869,-0.17467183,0.0038163578,-0.032668218,-0.2511344,-0.04339821,-0.40786305,-0.27127796,-0.52884305,-0.19377685,0.15886018,-0.38771075,0.006355332,0.0914015,0.17874,0.24297863,0.26325318,0.7481779,0.5238745,0.038692385,0.36047027,0.8968938,0.5332006,0.45933673,-0.057971895,0.65759957,0.7326833,0.6415317,0.09293124,0.08028272,0.31838807,0.6316893,0.7026067,0.6270853,0.7447895,0.8046036,0.7620467,0.58682424,0.7405112,0.5790129,0.7273644,0.041070063,-0.51709497,-0.6742525,-0.38076562,0.17680566,-0.6113199,-0.68012315,-0.75065625,-0.53097427,-0.065631956,0.081116945,-0.056097776,-0.16442224,-0.41827255,-0.26800507,-0.020560937,0.2683919,-0.37076414,-0.46595946,-0.5573356,-0.22966224,-0.2021152,0.103332885,0.3390386,-0.14525004,0.2952469,0.0646466,0.2740402,0.7766676,0.34432435,0.56674695,0.6470625,0.78967977,0.52912307,0.77144235,0.66458917,0.69533,0.62791157,0.7116527,0.7183001,-0.36060283,-0.5630423,-0.094685666,0.83217955,0.521822,0.72534674,0.76821554,0.7373829,0.4011718,0.69798523
0.40223914,-0.15336946,0.18222654,-0.68824,-0.5727748,0.13752997,-0.5206299,-0.367144,-0.27667534,-0.21335018,0.101802155,0.28821403,0.3581099,0.33136228,0.43089357,-0.002237739,0.25989816,0.03442417,0.32403284,0.05422725,0.15211117,0.32455957,0.458906,0.31264752,-0.037784167,0.3443542,0.43608725,0.43749642,0.3067196,0.5542488,0.5332006,0.90779555,0.550033,0.14225006,0.4900626,0.4094885,0.21737221,0.40607226,0.2365443,0.16128697,0.102177985,0.4614179,0.42180175,0.32511774,0.39008665,0.42441416,0.49166298,0.5524005,0.18790397,0.24046463,0.57864726,-0.3003012,-0.58561164,-0.59197426,0.42880976,-0.08016512,-0.53707045,-0.3122235,-0.24349049,0.26141858,0.31417495,0.32235354,0.33237332,0.2210797,0.34404486,0.47219658,-0.32461622,0.1552589,0.04219015,-0.12912264,0.3500897,0.2157436,0.49009758,-0.2175234,0.26549578,0.37298435,0.40390244,0.48131895,0.24066219,0.817405,0.32806736,0.047639772,0.26173073,0.20376217,0.39386007,0.16456205,0.31187642,0.51886904,0.34592488,0.16892743,-0.30028754,-0.09050757,0.1535353,0.504507,0.14710446,0.22503662,0.2456722,0.18270865,0.12369191,0.2081345
0.31535333,-0.33978957,0.1653264,-0.7338841,-0.73708624,0.09759789,-0.41845602,-0.5124294,-0.4236325,0.18105313,0.448377,0.47587407,0.4818492,0.38880664,0.5071527,-0.017406262,0.34876758,-0.032284476,0.40094984,-0.2297698,0.28345832,0.55455095,0.53334135,0.5153381,0.34309864,0.5261094,0.36122364,0.437495,0.50256854,0.5456507,0.45933673,0.550033,0.8450645,0.45965284,0.5604006,0.30492157,0.26467082,0.6404903,0.48673105,0.3880708,0.23344576,0.5761335,0.478168,0.33022112,0.34039646,0.4332422,0.6187822,0.58265316,0.13361172,0.2815863,0.39936358,-0.43838277,-0.7102562,-0.80279016,0.25638938,-0.04789314,-0.66856086,-0.3991313,0.001528942,0.5502617,0.54787505,0.48811883,0.44498706,0.25533366,0.36991566,0.53381693,-0.2191048,0.29785675,0.14220296,-0.21090412,0.33882576,0.30321392,0.5471872,-0.08022196,0.4873396,0.534099,0.53053933,0.52736354,0.22460544,0.46569246,0.56249094,0.19503297,0.24546131,0.4408546,0.38351923,0.2928971,0.3220879,0.5133995,0.37908375,0.268453,-0.27667323,0.014881087,0.40391248,0.5252404,0.24422826,0.25298148,0.23376325,0.20438512,0.034208678,0.27139014
-0.21149889,-0.37785485,0.33531934,-0.5170661,-0.6195382,0.2512387,-0.15600327,-0.05851894,0.08378884,0.49610287,0.62330365,0.6135144,0.59634316,0.5765134,0.60338837,0.4970857,0.63652587,0.37553483,0.6276702,-0.3471214,0.5948662,0.7387763,0.6135919,0.5857413,0.14812809,0.5078422,0.029205322,0.27141976,0.63838154,0.46120727,-0.057971895,0.14225006,0.45965284,0.8232438,0.30474204,-0.055510387,-0.011517733,0.6073322,0.57190603,0.3667068,-0.056887943,0.24839619,0.26153257,-0.10288261,-0.043466173,0.060304485,0.3926866,0.19627914,-0.21186008,-0.099833876,0.27327684,-0.12318689,-0.29299203,-0.5936578,0.2999902,0.23657432,-0.26768786,0.071914636,0.40512085,0.66347027,0.60973525,0.6253749,0.66242254,0.50205886,0.5007353,0.5930001,-0.36421198,0.63044834,0.58757585,0.19163975,0.4500302,0.7000431,0.6287259,-0.23633519,0.7144139,0.48956728,0.6390714,0.5275148,-0.21914634,0.16721277,0.42394227,-0.12357339,-0.13495424,0.34518498,0.017683323,0.0057923878,-0.0037738194,0.25082392,0.042260714,-0.105727136,-0.14673845,0.34885636,0.5403301,0.09284674,0.11810498,-0.16910547,-0.1983673,-0.22270487,-0.26715997,-0.10491642
0.03396149,-0.22580285,-0.124949984,-0.64348054,-0.52135396,-0.23269649,-0.6082331,-0.7300621,-0.58312935,0.022416746,0.2652036,0.5325949,0.46976846,0.10689883,0.39144072,-0.120920934,0.16436908,-0.4194214,0.22043198,-0.13081025,0.011961507,0.53228444,0.57220364,0.6844022,0.41944468,0.74657935,0.8604701,0.8808604,0.575103,0.7850355,0.65759957,0.4900626,0.5604006,0.30474204,0.95269245,0.7579366,0.7892407,0.51579714,0.59582305,0.6990164,0.6894872,0.8873147,0.92281586,0.7889785,0.7874646,0.8890029,0.9141996,0.89217985,0.46361506,0.7375655,-0.032237224,-0.62373424,-0.8732965,-0.640165,0.5322398,-0.5382968,-0.8483728,-0.59628856,-0.17045057,0.37101334,0.60289204,0.45573127,0.31617644,-0.13710934,-0.038194098,0.3522178,0.10234065,0.07848194,-0.23194303,-0.5818195,-0.0858456,0.25942406,0.54368955,0.26025623,0.32809293,0.74897224,0.58420116,0.75556946,0.46540168,0.3129592,0.85120815,0.5994897,0.68485343,0.80939674,0.864679,0.71585953,0.8118186,0.91989195,0.771786,0.69199365,-0.7119291,-0.3479923,0.39251325,0.85907495,0.7500497,0.71554637,0.69459915,0.5965372,0.16895133,0.65874815
