0,1,2,3,4,5,6,7,8,9,10,11,12,13,14,15,16,17,18,19,20,21,22,23,24,25,26,27,28,29,30,31,32,33,34,35,36,37,38,39,40,41,42,43,44,45,46,47,48,49,50,51,52,53,54,55,56,57,58,59,60,61,62,63,64,65,66,67,68,69,70,71,72,73,74,75,76,77,78,79,80,81,82,83,84,85,86,87,88,89,90,91,92,93,94,95,96,97,98,99
1.6871568121,-0.0000000000,0.0000000000,-0.0000000000,-0.0000000000,-0.0000000000,0.0000000000,0.0000000000,0.0000000000,-0.1152049123,-0.1322640697,0.1153438949,0.0000000000,0.1941397883,-0.0000000000,-0.1250398594,-0.0000000000,-0.0062193881,0.0000000000,0.0000000000,-0.0000000000,-0.0000000000,0.0000000000,0.0000000000,-0.0192634794,-0.0000000000,0.3921488172,0.0000000000,-0.0815805125,0.2837677719,-0.0000000000,0.0000000000,-0.0000000000,-0.1066633329,-0.0000000000,0.0000000000,-0.0000000000,-0.1271514831,0.0000000000,-0.0000000000,-0.0000000000,0.0000000000,-0.2501206329,-0.0000000000,-0.0000000000,0.1497619241,0.0000000000,0.0000000000,-0.0672249726,-0.0000000000,-0.1225398441,-0.0000000000,0.0000000000,-0.0000000000,0.0000000000,-0.0000000000,-0.0000000000,0.0000000000,0.0000000000,-0.1878959282,-0.0000000000,0.0000000000,0.0000000000,0.0000000000,0.1006593606,-0.0000000000,-0.0000000000,0.0000000000,0.0000000000,-0.0000000000,-0.0000000000,0.0065604752,0.0000000000,0.0000000000,-0.0072355232,-0.0352124009,-0.0000000000,-0.0000000000,-0.0337265746,-0.0000000000,0.0000000000,-0.0000000000,-0.0071985243,0.0368109939,-0.0000000000,0.0000000000,-0.0285509996,-0.0000000000,-0.0000000000,0.0000000000,-0.0000000000,0.2085774367,0.1395584087,-0.0000000000,0.0748723980,0.0000000000,0.1519646390,0.0000000000,-0.2828979937,-0.0000000000
-0.0000000000,3.9917488436,-0.3082960071,-0.0000000000,-0.4503770393,-0.2329845516,-0.0000000000,-0.0000000000,-0.1030626767,-0.0000000000,0.0000000000,-0.0000000000,0.0000000000,-0.0000000000,-0.0000000000,-0.5898608952,-0.0000000000,-0.1621651642,-0.0000000000,-0.2075440405,-0.0000000000,-0.0000000000,-0.0556052306,-0.0000000000,-0.0000000000,-0.0000000000,-0.0000000000,-0.0000000000,0.0000000000,-0.0000000000,-0.0000000000,-0.0000000000,-0.0000000000,-0.0000000000,-0.0000000000,-0.0000000000,-0.0000000000,-0.0000000000,0.0000000000,0.0000000000,-0.0000000000,-0.0000000000,0.0000000000,0.0000000000,0.0000000000,0.4139033540,-0.0000000000,0.0000000000,-0.0000000000,0.0000000000,-0.0000000000,-1.0266763442,-0.2676889710,-0.0000000000,-0.2226017463,-0.0000000000,-0.1587211760,-0.0000000000,-0.0000000000,0.0410856084,0.0000000000,0.0000000000,0.0000000000,0.0000000000,-0.0346150575,-0.0714353318,-0.0000000000,0.0000000000,0.0000000000,-0.0000000000,-0.1552473485,-0.0000000000,-0.2302429209,-0.0000000000,-0.0000000000,-0.0000000000,-0.0000000000,-0.0000000000,-0.0315275610,-0.0000000000,0.0000000000,0.0000000000,0.0000000000,0.0000000000,-0.0000000000,-0.0000000000,-0.0000000000,-0.0000000000,-0.1756268644,-0.0000000000,-0.0000000000,-0.0000000000,-0.0000000000,-0.0000000000,0.0000000000,0.0000000000,0.0248467249,0.0000000000,-0.0000000000,0.0000000000
0.0000000000,-0.3082960071,3.0429749431,0.0000000000,-0.0000000000,-0.3366736173,-0.0000000000,-0.0000000000,-0.1280558485,-0.0000000000,0.0000000000,0.0000000000,-0.0000000000,-0.1754324895,-0.1378945393,0.0000000000,0.0000000000,-0.0000000000,-0.0000000000,-0.0000000000,-0.0000000000,-0.0000000000,-0.0000000000,0.0000000000,0.0000000000,-0.0000000000,-0.0000000000,0.0000000000,0.0516058083,-0.0541546397,-0.0000000000,-0.0036799211,-0.0000000000,0.0000000000,-0.0000000000,0.0000000000,0.1670069277,0.0000000000,-0.0000000000,0.0882849757,0.0000000000,0.0000000000,-0.0000000000,-0.0000000000,-0.0000000000,-0.0000000000,-0.0000000000,0.0894808719,0.0000000000,0.0000000000,0.0000000000,-0.4626002546,0.0000000000,0.0000000000,-0.0000000000,-0.9085805596,-0.0000000000,0.0000000000,0.0000000000,0.0000000000,0.0000000000,-0.0000000000,-0.0000000000,-0.0000000000,-0.0609320092,-0.5872819414,0.0000000000,-0.0000000000,0.0000000000,0.1051860243,-0.0000000000,-0.0000000000,-0.2112189243,-0.0000000000,0.0000000000,-0.0000000000,-0.0000000000,-0.0000000000,0.0000000000,0.0000000000,0.0000000000,0.0652357937,0.1089771384,-0.0000000000,-0.0000000000,-0.0000000000,-0.0000000000,-0.0000000000,0.0000000000,0.0000000000,0.0000000000,-0.0000000000,-0.0000000000,0.0000000000,-0.0000000000,-0.0000000000,0.0000000000,0.0000000000,-0.0000000000,-0.0000000000
-0.0000000000,-0.0000000000,0.0000000000,4.1592585109,-0.9104997730,0.0000000000,-0.2329121208,-0.8636627143,-0.0000000000,0.0000000000,-0.0000000000,-0.0000000000,-0.0000000000,0.0000000000,-0.0000000000,-0.3640521580,-0.3072413818,-0.0000000000,-0.0000000000,-0.0000000000,-0.0000000000,-0.0000000000,-0.0000000000,0.0000000000,0.0000000000,0.0000000000,-0.0000000000,-0.0000000000,-0.0000000000,-0.0000000000,-0.0000000000,-0.0000000000,-0.0814822188,-0.0000000000,-0.0000000000,0.0000000000,-0.0000000000,-0.5095491687,0.0000000000,0.0000000000,-0.0411256613,-0.0000000000,0.0000000000,0.0654301492,-0.0000000000,-0.0000000000,-0.0000000000,0.0000000000,0.0000000000,-0.0000000000,0.1195677991,0.0000000000,-0.0000000000,-1.1926271810,0.0000000000,0.0000000000,-0.1417418376,-0.0916597325,0.0000000000,0.0000000000,-0.0000000000,-0.0838591076,-0.0000000000,-0.0993692112,-0.0000000000,-0.0000000000,-0.0000000000,-0.0000000000,-0.0000000000,-0.0000000000,-0.0000000000,0.0000000000,0.0000000000,0.0000000000,0.0000000000,-0.0000000000,-0.0000000000,0.0000000000,-0.0000000000,0.0000000000,-0.0000000000,-0.0000000000,0.0000000000,0.0000000000,0.0000000000,-0.0429358221,0.0000000000,0.0000000000,0.0000000000,0.0000000000,0.0000000000,0.0000000000,0.0000000000,-0.0000000000,0.0000000000,0.0000000000,0.0000000000,0.0272735313,0.0000000000,0.0000000000
-0.0000000000,-0.4503770393,-0.0000000000,-0.9104997730,3.0594541502,-0.3033945718,-0.0000000000,-0.0000000000,-0.1801910151,-0.0000000000,0.0000000000,0.0000000000,0.0000000000,0.0000000000,0.0000000000,-0.0000000000,0.0000000000,0.0000000000,0.0000000000,-0.0000000000,-0.0000000000,-0.0000000000,-0.0000000000,-0.0000000000,-0.0000000000,0.0000000000,-0.0000000000,0.0000000000,0.0000000000,-0.0186470983,0.0000000000,-0.0361665146,-0.3005987904,0.0000000000,0.0000000000,0.0000000000,0.0000000000,-0.0000000000,0.0000000000,0.1741522268,-0.0075160860,-0.0707994059,0.0000000000,0.1279933925,0.0000000000,-0.0000000000,-0.0000000000,0.0000000000,0.0000000000,0.0000000000,0.0664959119,0.0000000000,0.0000000000,-0.3137084782,-0.4353516122,0.0000000000,-0.0000000000,-0.0301141371,-0.0000000000,0.0000000000,-0.0000000000,0.0000000000,-0.0000000000,-0.0000000000,-0.0000000000,-0.0000000000,-0.0000000000,0.0000000000,0.0000000000,0.0000000000,-0.0000000000,0.0746377558,-0.0000000000,-0.0000000000,-0.0000000000,-0.0000000000,-0.0000000000,-0.0000000000,-0.0000000000,0.0000000000,-0.0000000000,0.0000000000,0.0000000000,0.1688823954,-0.0000000000,-0.2119632066,0.0000000000,0.0000000000,0.0000000000,-0.0000000000,-0.0000000000,-0.0000000000,-0.0000000000,-0.0000000000,-0.0000000000,0.2516045107,0.0000000000,0.0000000000,0.0000000000,0.0000000000
-0.0000000000,-0.2329845516,-0.3366736173,0.0000000000,-0.3033945718,2.8753781545,-0.0000000000,-0.0000000000,-0.4579504601,-0.0578826497,-0.0000000000,0.0000000000,0.0060336255,0.0000000000,0.0000000000,0.0000000000,0.3318493707,0.0000000000,0.0000000000,-0.0000000000,0.0000000000,-0.0000000000,-0.0000000000,-0.0000000000,-0.0750907918,-0.0000000000,-0.0000000000,-0.0000000000,0.0000000000,0.0000000000,-0.0000000000,-0.0913211330,-0.0000000000,0.0000000000,0.0000000000,-0.0000000000,0.0000000000,0.0000000000,0.0000000000,0.1261029114,0.0000000000,-0.0000000000,0.0000000000,-0.0000000000,0.0000000000,0.0000000000,-0.0000000000,0.0000000000,-0.0000000000,0.0000000000,0.0000000000,-0.0464077210,0.0000000000,-0.0000000000,-0.8649406678,-0.5102600858,-0.0000000000,-0.0000000000,-0.0000000000,0.0000000000,-0.0000000000,0.1134971824,0.0000000000,0.0430127041,-0.0000000000,-0.0000000000,0.0000000000,0.0000000000,0.0176601705,0.0539209196,-0.0000000000,-0.0000000000,-0.0000000000,0.0000000000,-0.0000000000,-0.1263536360,-0.0000000000,-0.0000000000,-0.0000000000,-0.0000000000,0.0000000000,0.0000000000,0.0000000000,0.2358390116,-0.0000000000,0.0831418735,-0.0000000000,-0.0000000000,-0.0000000000,0.0041724690,0.0000000000,-0.0983868857,-0.0000000000,-0.0000000000,-0.0000000000,0.0000000000,0.1143677952,0.0667051379,-0.0496745950,0.0000000000
0.0000000000,-0.0000000000,-0.0000000000,-0.2329121208,-0.0000000000,-0.0000000000,3.6756749601,-0.0158064513,-0.0000000000,-0.1295238429,-0.0000000000,-0.0572542257,-0.0000000000,-0.0000000000,0.0000000000,-0.3240176110,-0.0535594947,-0.0000000000,-0.7855259230,-0.3392081399,-0.0000000000,-0.0000000000,-0.2349495449,0.0000000000,0.0000000000,0.0000000000,0.0000000000,-0.0000000000,0.0000000000,-0.0000000000,-0.0000000000,-0.0000000000,-0.0000000000,-0.0000000000,-0.0000000000,0.0000000000,0.0000000000,-0.6808444800,-0.0000000000,-0.0000000000,-0.0000000000,0.0000000000,0.0000000000,0.0000000000,-0.0000000000,0.0000000000,0.0000000000,0.0000000000,-0.0000000000,-0.2299428441,-0.0000000000,-0.2051139618,-0.0000000000,-0.0000000000,-0.0000000000,-0.0000000000,-0.0054078531,-0.0391826639,-0.0000000000,0.0000000000,-0.0000000000,-0.3735656055,-0.0000000000,-0.0000000000,-0.0000000000,-0.0000000000,-0.6255982176,-0.0000000000,0.0000000000,-0.0000000000,-0.0000000000,-0.0000000000,-0.0000000000,-0.3653696880,0.0000000000,0.0000000000,0.0000000000,0.0000000000,-0.0000000000,-0.0000000000,0.0000000000,0.1751178915,0.0000000000,0.0000000000,0.0000000000,-0.0000000000,-0.0000000000,-0.0000000000,0.0000000000,0.0000000000,0.0000000000,-0.0000000000,-0.0000000000,-0.0000000000,0.0000000000,0.0000000000,0.0000000000,0.0000000000,-0.0000000000,-0.0000000000
0.0000000000,-0.0000000000,-0.0000000000,-0.8636627143,-0.0000000000,-0.0000000000,-0.0158064513,3.2567333778,-0.1241684828,0.0667768683,-0.0000000000,0.0819920592,-0.0000000000,-0.0000000000,0.0000000000,-0.0000000000,-0.0000000000,-0.0000000000,-0.0000000000,-0.0000000000,-0.0000000000,0.0000000000,-0.0000000000,0.0000000000,0.0000000000,0.0000000000,-0.2038260806,-0.1443871433,0.0000000000,-0.0000000000,-0.0000000000,-0.0444563693,0.0583783031,0.0000000000,-0.0000000000,0.0000000000,0.0000000000,-0.0000000000,0.1889789883,0.2113146254,0.0000000000,0.0000000000,0.0000000000,0.1164575651,0.0000000000,-0.0000000000,0.0000000000,0.1410558680,0.0000000000,0.0000000000,0.0000000000,-0.0000000000,-0.0000000000,-0.1456175125,0.0000000000,0.0435498692,-1.2999319812,-0.4458688663,0.0000000000,0.0000000000,-0.0000000000,-0.0000000000,-0.0339141085,-0.0000000000,-0.0000000000,0.0000000000,-0.0000000000,-0.0000000000,0.0000000000,-0.0000000000,-0.0000000000,0.0000000000,0.0000000000,0.0000000000,-0.0000000000,0.2091435506,0.0000000000,0.0000000000,-0.0000000000,-0.0000000000,-0.0000000000,0.0000000000,0.0235228322,-0.0000000000,0.0099391892,0.0000000000,0.0233113986,0.0000000000,0.0000000000,0.0000000000,0.0000000000,-0.0000000000,-0.0000000000,-0.0000000000,0.1030754844,0.0000000000,0.0000000000,0.0000000000,0.0499293937,0.0000000000
0.0000000000,-0.1030626767,-0.1280558485,-0.0000000000,-0.1801910151,-0.4579504601,-0.0000000000,-0.1241684828,3.1067342318,-0.0000000000,0.1408627759,0.1316687544,-0.0000000000,-0.0002691274,-0.0000000000,-0.0000000000,0.0000000000,-0.0000000000,-0.0000000000,-0.0985858805,-0.4181924894,0.0000000000,-0.0000000000,-0.0000000000,0.0000000000,0.0000000000,-0.0000000000,-0.0000000000,-0.1942219978,0.0000000000,-0.0000000000,-0.0000000000,-0.0000000000,-0.0000000000,-0.0000000000,-0.0000000000,-0.0000000000,-0.0493023823,0.0000000000,0.0000000000,-0.0000000000,-0.0746954671,-0.0000000000,-0.0000000000,0.0000000000,0.0000000000,0.0000000000,0.0000000000,0.0000000000,-0.0000000000,0.0000000000,-0.3033642149,0.0000000000,-0.0000000000,-0.3891771019,-0.0000000000,-0.0000000000,-0.9061354903,-0.0000000000,0.0000000000,-0.0000000000,-0.0000000000,-0.0000000000,-0.0000000000,-0.0662260747,-0.0000000000,0.0000000000,0.0000000000,0.0000000000,0.0000000000,-0.0000000000,0.0000000000,0.0000000000,-0.0000000000,0.0000000000,-0.0000000000,-0.0000000000,-0.0000000000,-0.0000000000,-0.0000000000,0.0000000000,0.0000000000,0.0000000000,0.0000000000,-0.2268603122,0.0000000000,-0.0000000000,-0.0000000000,-0.0000000000,0.0000000000,0.0000000000,-0.0000000000,-0.0000000000,-0.0857482553,0.0000000000,-0.0000000000,0.0000000000,0.1986995999,-0.0000000000,-0.0000000000
-0.1152049123,-0.0000000000,-0.0000000000,0.0000000000,-0.0000000000,-0.0578826497,-0.1295238429,0.0667768683,-0.0000000000,2.8208861776,-0.2056805928,-0.4704008626,-0.2441526253,-0.0500273814,-0.0268358391,-0.3726426553,-0.0974972429,-0.0000000000,-0.0000000000,0.0000000000,-0.0000000000,0.0000000000,-0.1469316566,-0.0520752600,-0.0764202740,0.0000000000,0.0475154153,0.4326968639,-0.0000000000,0.0000000000,-0.0000000000,-0.0000000000,-0.0000000000,0.0000000000,0.1598257830,0.0000000000,-0.0000000000,-0.0097341707,-0.0000000000,-0.1646733632,-0.0000000000,-0.0000000000,-0.0000000000,-0.0000000000,0.0000000000,0.0855248579,-0.0000000000,0.0000000000,-0.0000000000,-0.0000000000,0.0000000000,-0.0000000000,-0.0000000000,-0.0000000000,-0.0000000000,-0.3209368966,-0.0000000000,-0.0000000000,-0.6565590633,-0.0000000000,-0.0816307659,0.0000000000,-0.0000000000,-0.0000000000,-0.0000000000,-0.0405088292,-0.0346407855,-0.0000000000,0.0000000000,-0.0905173644,-0.0000000000,-0.0000000000,-0.0000000000,0.0000000000,-0.0432489953,-0.0000000000,-0.0000000000,0.0000000000,-0.0000000000,0.0000000000,0.0000000000,-0.0000000000,0.0000000000,0.0000000000,-0.0000000000,0.0000000000,-0.0000000000,-0.0000000000,-0.0000000000,-0.0000000000,0.0000000000,-0.0000000000,0.0000000000,-0.0000000000,-0.0000000000,-0.0000000000,-0.0000000000,-0.0000000000,-0.3609562420,-0.0000000000
-0.1322640697,0.0000000000,0.0000000000,-0.0000000000,0.0000000000,-0.0000000000,-0.0000000000,-0.0000000000,0.1408627759,-0.2056805928,1.5140092393,-0.3533688130,-0.0000000000,-0.0000000000,-0.0890845569,0.0000000000,-0.0720384612,0.0000000000,0.0000000000,-0.0000000000,-0.0000000000,0.0854184028,0.0722941962,0.0000000000,-0.0000000000,-0.0000000000,0.0000000000,0.0000000000,0.0000000000,0.1490252619,-0.0000000000,-0.0000000000,0.0000000000,0.0546828433,0.0000000000,0.0000000000,-0.0000000000,0.1139314069,0.0000000000,0.0000000000,-0.0000000000,-0.0000000000,-0.0000000000,0.0000000000,-0.0000000000,-0.0000000000,-0.0000000000,0.0777102237,-0.0890972135,-0.0031045183,0.0000000000,0.0000000000,-0.0000000000,-0.1342006543,0.0000000000,-0.0000000000,-0.0000000000,0.0000000000,-0.0000000000,-0.0000000000,-0.0000000000,-0.0000000000,-0.1861392344,0.0000000000,0.0330448596,-0.0771847489,-0.0000000000,0.0000000000,0.0585173259,0.0226570239,-0.0762311836,0.1224558168,0.0000000000,0.0000000000,-0.0291163726,-0.0000000000,-0.0000000000,0.0000000000,-0.0000000000,-0.0000000000,-0.0000000000,-0.0494238636,0.1487758167,0.0000000000,0.0578721462,0.0076311104,-0.1797817785,-0.0000000000,-0.0000000000,0.0000000000,0.0000000000,0.0783762669,0.1632686685,0.0716017612,-0.0000000000,-0.0587159774,-0.0000000000,-0.0000000000,-0.0000000000,-0.0000000000
0.1153438949,-0.0000000000,0.0000000000,-0.0000000000,0.0000000000,0.0000000000,-0.0572542257,0.0819920592,0.1316687544,-0.4704008626,-0.3533688130,1.7458555451,-0.0505595187,-0.2366523552,-0.0000000000,-0.0420967558,-0.0000000000,0.0000000000,-0.0000000000,-0.0000000000,0.0000000000,-0.0000000000,-0.0000000000,-0.0000000000,-0.0000000000,-0.2883226469,0.0379166923,0.0196846102,0.1517398004,-0.0000000000,0.0680104213,0.0000000000,0.0000000000,0.2143651722,0.1903769928,-0.0000000000,-0.0424406486,0.0000000000,-0.0000000000,-0.1261196517,-0.0000000000,-0.0373753053,0.0545053748,0.0000000000,0.0000000000,0.0000000000,-0.0000000000,-0.0000000000,-0.0000000000,-0.0000000000,0.0000000000,-0.0000000000,-0.0683945037,-0.0000000000,-0.0000000000,-0.0000000000,0.0000000000,0.0000000000,-0.0000000000,-0.0000000000,0.0000000000,0.0000000000,-0.0000000000,-0.2076482977,-0.0000000000,-0.0256013040,-0.0308002470,0.0000000000,-0.0000000000,-0.0987635610,0.0000000000,-0.1075649092,-0.0949729869,-0.0000000000,0.0000000000,-0.0000000000,0.0000000000,0.0324999112,0.1752523746,0.0000000000,0.0000000000,0.0000000000,-0.0000000000,0.0824106742,0.0712275422,0.0000000000,-0.0000000000,0.0000000000,-0.0000000000,-0.0000000000,-0.0000000000,-0.1246480724,0.0000000000,0.0000000000,-0.0000000000,-0.0000000000,-0.1342475897,-0.0074187732,-0.0000000000,-0.0000000000
0.0000000000,0.0000000000,-0.0000000000,-0.0000000000,0.0000000000,0.0060336255,-0.0000000000,-0.0000000000,-0.0000000000,-0.2441526253,-0.0000000000,-0.0505595187,2.5965541938,-0.3220949210,-0.1507651579,-0.0000000000,-0.2438196412,-0.0000000000,-0.0000000000,-0.0000000000,-0.5201576775,0.0000000000,-0.0000000000,-0.0000000000,0.0000000000,0.0083059807,0.0000000000,0.0022950928,-0.0000000000,-0.0000000000,0.0000000000,0.0000000000,-0.2935372260,0.0374158289,0.0000000000,0.0000000000,0.0000000000,-0.0000000000,-0.0000000000,-0.0000000000,-0.0000000000,-0.0000000000,-0.0000000000,0.0000000000,-0.0000000000,-0.0000000000,0.1112958306,0.0000000000,0.0000000000,-0.0000000000,-0.0000000000,-0.0000000000,-0.0000000000,0.0000000000,0.0000000000,0.0000000000,-0.0893833158,-0.0584815865,-0.0000000000,-0.0368535840,-0.1590470689,-0.7043688289,-0.0593223149,-0.0317834342,0.0000000000,-0.0000000000,-0.0000000000,-0.0000000000,0.0000000000,0.0000000000,-0.0000000000,0.0000000000,0.0000000000,-0.0000000000,0.0000000000,0.0000000000,0.0000000000,0.1357216638,0.0406585008,0.0000000000,0.0483676413,0.1128811715,0.0000000000,0.0000000000,0.0000000000,-0.0000000000,0.0000000000,0.1368674319,0.0000000000,0.0000000000,0.0000000000,0.0000000000,-0.0000000000,0.0000000000,0.0000000000,0.0000000000,-0.2531612457,0.0000000000,0.0000000000,0.0243356256
0.1941397883,-0.0000000000,-0.1754324895,0.0000000000,0.0000000000,0.0000000000,-0.0000000000,-0.0000000000,-0.0002691274,-0.0500273814,-0.0000000000,-0.2366523552,-0.3220949210,2.9646941468,-0.3972741858,-0.0000000000,-0.0000000000,-0.0000000000,-1.0831902282,-0.1113233033,-0.0000000000,0.0837476757,-0.0000000000,0.0688265509,0.0323313770,0.0000000000,-0.0000000000,0.0000000000,0.0000000000,-0.0000000000,-0.0000000000,0.0000000000,0.0718707685,0.0000000000,0.0277917730,-0.0007890881,-0.0000000000,0.0000000000,0.0000000000,-0.0000000000,-0.0000000000,0.0000000000,0.0000000000,-0.0000000000,-0.0000000000,-0.1015365771,0.0935589762,0.0000000000,-0.1116421370,-0.1751402963,-0.0000000000,-0.4228477928,-0.0000000000,0.0000000000,-0.0000000000,-0.0000000000,-0.0599957025,-0.0000000000,-0.0000000000,-0.0000000000,0.0000000000,-0.0000000000,-0.0000000000,-0.2550638178,-0.0828883756,-0.0000000000,-0.0000000000,-0.0000000000,0.0000000000,-0.0000000000,-0.0000000000,-0.0000000000,-0.0000000000,-0.0000000000,0.0000000000,0.0572820358,0.0000000000,-0.0000000000,0.0000000000,0.0000000000,0.0000000000,0.0000000000,0.0000000000,-0.0000000000,0.0000000000,0.0000000000,-0.0000000000,-0.0000000000,-0.0000000000,0.0000000000,-0.0000000000,-0.0653340720,-0.0000000000,-0.0000000000,0.0000000000,-0.0685263494,-0.0482266434,0.0000000000,-0.0000000000,-0.0000000000
-0.0000000000,-0.0000000000,-0.1378945393,-0.0000000000,0.0000000000,0.0000000000,0.0000000000,0.0000000000,-0.0000000000,-0.0268358391,-0.0890845569,-0.0000000000,-0.1507651579,-0.3972741858,3.0856237038,-0.0000000000,-0.0000000000,-0.0000000000,-0.0000000000,-0.0000000000,-0.0000000000,-0.0000000000,-0.0000000000,0.0000000000,0.1714466238,-0.0000000000,-0.0000000000,-0.0000000000,0.0000000000,-0.0409467738,-0.0000000000,0.0000000000,0.0000000000,0.0485872105,0.0000000000,0.0000000000,-0.0000000000,0.0000000000,0.0000000000,0.0000000000,0.0000000000,0.0000000000,-0.0000000000,-0.0000000000,-0.0000000000,-0.0000000000,0.0000000000,0.0000000000,-0.0000000000,0.0000000000,0.0000000000,-0.0000000000,-0.0000000000,0.0000000000,-0.0000000000,-0.0000000000,-0.0000000000,0.0000000000,0.0000000000,0.0000000000,0.0000000000,-0.0000000000,-0.0000000000,-0.1159642546,-0.1696473316,-1.6165339700,0.0000000000,0.0000000000,0.0504628425,0.0000000000,-0.2241819846,0.0000000000,-0.0673531766,0.0000000000,0.0000000000,0.0011524267,-0.0000000000,-0.0000000000,0.0000000000,0.1115593959,0.0000000000,-0.0000000000,0.0343646537,0.0000000000,-0.0000000000,0.0100072615,-0.0267261834,-0.0000000000,-0.0000000000,-0.0000000000,0.0000000000,0.0595677474,0.0000000000,0.0787938020,0.0894527715,-0.1449118003,-0.0000000000,-0.0000000000,-0.0000000000,0.0000000000
-0.1250398594,-0.5898608952,0.0000000000,-0.3640521580,-0.0000000000,0.0000000000,-0.3240176110,-0.0000000000,-0.0000000000,-0.3726426553,0.0000000000,-0.0420967558,-0.0000000000,-0.0000000000,-0.0000000000,3.1468415763,-0.4135234576,-0.5233207973,-0.0000000000,-0.0000000000,-0.0000000000,-0.2475602276,-0.0000000000,0.0000000000,0.0000000000,-0.0000000000,0.3847800715,0.0000000000,-0.0000000000,-0.0000000000,-0.0000000000,0.0000000000,-0.1594238203,-0.0000000000,-0.0000000000,0.0650642013,-0.0000000000,-0.0300669763,0.0000000000,-0.0000000000,-0.0000000000,-0.0000000000,-0.0000000000,-0.0000000000,0.0000000000,0.0440967096,-0.0000000000,0.0000000000,0.0000000000,0.0000000000,-0.0000000000,-0.0000000000,-0.1065812016,-0.0933485997,-0.0000000000,-0.0000000000,-0.0000000000,-0.0419111922,-0.0000000000,0.0000000000,-0.0588193362,-0.0000000000,-0.0000000000,0.0000000000,-0.0000000000,-0.0000000000,-0.0000000000,0.0000000000,-0.0000000000,-0.0786474551,-0.0000000000,-0.0000000000,-0.2439789753,-0.0000000000,-0.0000000000,-0.1666031159,-0.0000000000,-0.0000000000,-0.0000000000,0.0000000000,0.0000000000,-0.0000000000,-0.0000000000,0.0000000000,0.0000000000,-0.0000000000,-0.0000000000,-0.0000000000,-0.0000000000,-0.0000000000,-0.0000000000,0.0000000000,-0.0000000000,0.0000000000,0.0000000000,0.0000000000,0.0000000000,-0.0000000000,-0.0000000000,0.0000000000
-0.0000000000,-0.0000000000,0.0000000000,-0.3072413818,0.0000000000,0.3318493707,-0.0535594947,-0.0000000000,0.0000000000,-0.0974972429,-0.0720384612,-0.0000000000,-0.2438196412,-0.0000000000,-0.0000000000,-0.4135234576,2.6448469036,-0.1643878245,-0.1190599620,-0.0000000000,-0.0000000000,-0.0000000000,-0.0000000000,-0.0851433341,0.2158693908,0.0000000000,0.0000000000,0.0000000000,-0.0878538794,-0.0000000000,-0.0000000000,0.0000000000,0.0000000000,-0.0000000000,-0.0000000000,0.3556984454,-0.0000000000,-0.0000000000,-0.0000000000,-0.0609976662,-0.0000000000,-0.0000000000,-0.0000000000,0.0000000000,-0.0000000000,-0.0000000000,0.0000000000,0.0000000000,0.0000000000,-0.0000000000,-0.0000000000,0.0000000000,-0.0000000000,-0.0000000000,0.0000000000,0.0000000000,-0.0000000000,-0.0000000000,-0.0000000000,0.0000000000,-0.0000000000,-0.1431323888,-0.0000000000,-0.0000000000,0.0000000000,-0.0000000000,-0.6273145138,-0.2101468710,-0.1188086312,-0.2264020983,-0.0000000000,-0.0000000000,-0.0000000000,-0.1245712952,-0.0000000000,0.0089202102,-0.0000000000,0.0000000000,-0.0020216439,0.0000000000,-0.0000000000,-0.0953400781,0.0000000000,-0.1196632632,0.0000000000,-0.0000000000,-0.0000000000,-0.0000000000,-0.0000000000,-0.0000000000,0.0000000000,0.0000000000,0.0000000000,-0.0000000000,0.0000000000,-0.0000000000,-0.0078269389,-0.0323607525,0.0000000000,0.0000000000
-0.0062193881,-0.1621651642,-0.0000000000,-0.0000000000,0.0000000000,0.0000000000,-0.0000000000,-0.0000000000,-0.0000000000,-0.0000000000,0.0000000000,0.0000000000,-0.0000000000,-0.0000000000,-0.0000000000,-0.5233207973,-0.1643878245,3.5503345027,-0.2101000873,-0.0000000000,-0.3824490059,-0.0000000000,-0.3091607936,0.0000000000,0.0000000000,0.4259123932,0.0000000000,0.0000000000,-0.0000000000,-0.0000000000,-0.0000000000,0.0000000000,-0.0000000000,-0.9153736617,-0.0000000000,0.0000000000,-0.0000000000,0.0000000000,0.0000000000,0.0000000000,-0.0000000000,0.1967200653,-0.0000000000,-0.0000000000,-0.0000000000,0.0000000000,0.0000000000,0.0000000000,-0.2173851053,-0.0000000000,-0.0984362319,-0.0000000000,-0.4050544354,-0.0000000000,-0.0000000000,-0.0000000000,-0.0049707840,-0.0000000000,-0.0000000000,-0.0000000000,-0.0000000000,-0.0000000000,-0.0000000000,0.0418523894,-0.0000000000,0.0000000000,-0.0000000000,-0.0000000000,-0.1716588504,-0.4532351684,-0.0217427063,-0.0000000000,0.0000000000,-0.0000000000,-0.1834343639,-0.0000000000,0.0000000000,-0.0000000000,-0.0000000000,0.0629402695,0.0000000000,-0.0000000000,0.0000000000,-0.0000000000,0.0000000000,-0.0000000000,-0.0243887393,-0.0000000000,-0.0000000000,0.0000000000,0.0000000000,0.1729284739,0.0000000000,-0.0000000000,0.0000000000,0.0000000000,0.0829651048,0.0000000000,-0.0000000000,-0.0000000000
0.0000000000,-0.0000000000,-0.0000000000,-0.0000000000,0.0000000000,0.0000000000,-0.7855259230,-0.0000000000,-0.0000000000,-0.0000000000,0.0000000000,-0.0000000000,-0.0000000000,-1.0831902282,-0.0000000000,-0.0000000000,-0.1190599620,-0.2101000873,3.2474056324,-0.0000000000,-0.4055453246,-0.0000000000,-0.0000000000,0.0054827170,0.0000000000,-0.0000000000,0.0000000000,0.0000000000,0.0000000000,0.0000000000,-0.0000000000,0.0000000000,0.0000000000,-0.0731991788,-0.0180770684,0.0000000000,-0.0000000000,-0.0000000000,-0.0000000000,-0.0000000000,-0.0000000000,0.0000000000,0.0000000000,-0.0000000000,-0.0000000000,-0.0000000000,-0.0000000000,-0.0000000000,-0.0000000000,-0.1171453285,-0.0000000000,-0.0000000000,-0.0000000000,0.0000000000,0.0000000000,0.0000000000,-0.1850632174,-0.0000000000,0.1666688817,0.0000000000,0.0000000000,-0.0964692320,0.0000000000,-0.0000000000,-0.1796493468,0.0000000000,-0.0000000000,-0.2844657518,-0.0857252932,-0.2567661700,0.0000000000,-0.0000000000,-0.0000000000,-0.0000000000,0.0000000000,0.0149693142,0.0000000000,0.0000000000,0.0000000000,0.0980158189,0.0000000000,0.0000000000,0.0000000000,-0.0000000000,0.0000000000,-0.0000000000,-0.0000000000,-0.0000000000,0.0000000000,0.2909212817,-0.0000000000,-0.0000000000,0.0000000000,-0.0000000000,0.0000000000,0.0000000000,0.0000000000,0.0000000000,-0.0000000000,-0.0000000000
0.0000000000,-0.2075440405,-0.0000000000,-0.0000000000,-0.0000000000,-0.0000000000,-0.3392081399,-0.0000000000,-0.0985858805,0.0000000000,-0.0000000000,-0.0000000000,-0.0000000000,-0.1113233033,-0.0000000000,-0.0000000000,-0.0000000000,-0.0000000000,-0.0000000000,3.2571748822,-0.0000000000,0.0000000000,-0.1382669294,-0.0000000000,0.1078702244,0.0000000000,-0.0562891947,-0.0687267414,-0.0579487912,-0.0000000000,-0.0000000000,0.0000000000,0.0000000000,-0.0000000000,-0.0000000000,-0.4040479297,-0.0000000000,0.0000000000,0.0000000000,0.0000000000,-0.0327690816,0.0000000000,0.0000000000,0.0155057013,-0.0000000000,-0.0000000000,-0.0000000000,-0.0000000000,-0.1371522525,-0.2330497708,0.0000000000,-0.0763607964,-0.0318622475,-0.0256452278,-0.4963267670,-0.0000000000,-0.0000000000,-0.0000000000,0.0000000000,0.1736147917,0.0000000000,-0.0000000000,-0.0000000000,0.0000000000,-0.0000000000,-0.0000000000,-0.0000000000,0.0000000000,0.0000000000,-0.0000000000,-0.4900565669,0.0077407575,0.0000000000,-0.1024440446,0.0000000000,0.0000000000,-0.0000000000,-0.0000000000,-0.0000000000,0.0000000000,-0.0000000000,-0.0000000000,0.0000000000,0.0000000000,-0.0000000000,0.0000000000,-0.3200872199,-0.0000000000,-0.3768559366,0.0000000000,-0.0000000000,-0.0000000000,-0.0000000000,0.0000000000,0.3081442257,0.0000000000,0.0000000000,0.0000000000,-0.0000000000,-0.0000000000
-0.0000000000,-0.0000000000,-0.0000000000,-0.0000000000,-0.0000000000,0.0000000000,-0.0000000000,-0.0000000000,-0.4181924894,-0.0000000000,-0.0000000000,0.0000000000,-0.5201576775,-0.0000000000,-0.0000000000,-0.0000000000,-0.0000000000,-0.3824490059,-0.4055453246,-0.0000000000,3.8034112289,0.0000000000,-0.4810167777,-0.0000000000,0.0000000000,0.0000000000,-0.0000000000,-0.0000000000,-0.3814819073,-0.0000000000,0.0000000000,0.0000000000,0.0000000000,-0.0000000000,-0.0000000000,0.0000000000,-0.0000000000,0.0000000000,0.0251304128,0.0000000000,0.0000000000,0.0000000000,-0.0000000000,0.0065361070,0.0000000000,-0.0000000000,0.0000000000,0.0000000000,0.0000000000,-0.0000000000,0.0000000000,-0.0000000000,-0.0000000000,0.0000000000,-0.0446114209,-0.0000000000,-0.0000000000,-0.0000000000,0.0000000000,0.0000000000,-0.1753189793,-0.0000000000,-0.0000000000,0.0000000000,-0.0000000000,-0.0000000000,-0.0000000000,-0.0026561924,-0.0000000000,-0.0000000000,-0.7981133405,0.1960437470,-0.0000000000,-0.0000000000,-0.0000000000,0.0000000000,-0.0000000000,-0.0000000000,0.0000000000,0.3851793654,0.0000000000,0.0000000000,0.0000000000,0.0000000000,-0.0458115666,-0.0000000000,-0.0000000000,-0.0000000000,-0.0000000000,0.0000000000,0.3888292929,0.3290000015,-0.0000000000,0.0000000000,0.3360371859,0.0160890579,-0.0000000000,-0.0000000000,-0.0000000000,0.0000000000
-0.0000000000,-0.0000000000,-0.0000000000,-0.0000000000,-0.0000000000,-0.0000000000,-0.0000000000,0.0000000000,0.0000000000,0.0000000000,0.0854184028,-0.0000000000,0.0000000000,0.0837476757,-0.0000000000,-0.2475602276,-0.0000000000,-0.0000000000,-0.0000000000,0.0000000000,0.0000000000,2.5821148744,-0.0000000000,-0.0203294221,-0.0501330298,-0.4753331138,-0.0000000000,-0.0000000000,-0.0000000000,-0.0705474496,0.0000000000,0.0537558865,-0.1345056602,-0.0000000000,-0.6447749296,0.1485388468,-0.0000000000,-0.0000000000,0.0000000000,0.0000000000,-0.0000000000,0.0000000000,0.0000000000,-0.0000000000,-0.0000000000,0.0000000000,-0.7217284297,-0.1428084371,0.0000000000,0.0000000000,-0.0000000000,0.0000000000,0.0000000000,0.1461702439,0.0000000000,0.0000000000,0.0000000000,0.0000000000,0.0000000000,-0.0000000000,0.0000000000,-0.0000000000,0.0000000000,-0.0000000000,-0.1127886234,-0.0456270457,0.0000000000,-0.0000000000,-0.3748176375,-0.0000000000,-0.0000000000,-0.3635154542,-0.0000000000,0.0000000000,-0.0032205688,-0.0000000000,-0.0000000000,-0.0000000000,0.0000000000,0.0000000000,-0.0000000000,0.0000000000,0.0000000000,0.0000000000,0.0000000000,-0.0000000000,-0.0000000000,-0.0000000000,0.0000000000,-0.0000000000,0.0159045411,0.2076351474,0.1582991856,-0.0000000000,-0.0000000000,0.1143480144,0.0000000000,0.0000000000,-0.0000000000,0.0255305812
0.0000000000,-0.0556052306,-0.0000000000,-0.0000000000,-0.0000000000,-0.0000000000,-0.2349495449,-0.0000000000,-0.0000000000,-0.1469316566,0.0722941962,-0.0000000000,-0.0000000000,-0.0000000000,-0.0000000000,-0.0000000000,-0.0000000000,-0.3091607936,-0.0000000000,-0.1382669294,-0.4810167777,-0.0000000000,2.8269527919,-0.1428386172,0.0000000000,0.0000000000,-0.1012748079,-0.0000000000,0.0000000000,-0.5535764763,0.0000000000,0.0000000000,0.0000000000,0.0000000000,0.0000000000,0.0000000000,0.0000000000,0.0000000000,0.0000000000,0.0000000000,-0.0000000000,0.0000000000,-0.0000000000,0.1438847951,0.0000000000,0.0000000000,-0.0000000000,-0.2764731574,-0.0000000000,0.0000000000,-0.0000000000,-0.0000000000,-0.0000000000,-0.0000000000,-0.2119868287,-0.0000000000,-0.0000000000,-0.0000000000,-0.0000000000,0.0008493555,-0.0000000000,0.0000000000,-0.0000000000,0.0488174342,-0.0000000000,0.0000000000,-0.0501784911,-0.0000000000,-0.0000000000,-0.0598452459,-0.0000000000,0.0000000000,-0.3184195789,-0.0000000000,-0.0000000000,0.0000000000,-0.0000000000,-0.0000000000,0.0000000000,0.3096305073,0.0000000000,0.0000000000,0.2559955401,0.1836320550,-0.0000000000,-0.0000000000,-0.0000000000,0.0000000000,-0.0000000000,-0.0000000000,0.0564290243,0.0000000000,0.0000000000,0.0000000000,0.0000000000,0.0806312617,0.0000000000,-0.2636798958,-0.0000000000,0.0000000000
0.0000000000,-0.0000000000,0.0000000000,0.0000000000,-0.0000000000,-0.0000000000,0.0000000000,0.0000000000,-0.0000000000,-0.0520752600,0.0000000000,-0.0000000000,-0.0000000000,0.0688265509,0.0000000000,0.0000000000,-0.0851433341,0.0000000000,0.0054827170,-0.0000000000,-0.0000000000,-0.0203294221,-0.1428386172,1.8894472694,-0.1583314888,-0.0111738828,-0.1622149149,0.0000000000,-0.0000000000,-0.0000000000,0.0000000000,-0.0000000000,0.0000000000,0.0157905229,-0.0000000000,0.0009252569,0.1035184682,-0.0000000000,-0.0000000000,-0.1125541477,0.0000000000,-0.0028476705,-0.0091028351,0.0366559131,0.0000000000,0.0272982719,-0.0160107500,0.0000000000,0.1804888248,0.0000000000,-0.0000000000,-0.0000000000,0.0000000000,0.2307107935,-0.0000000000,0.0000000000,0.0000000000,0.0000000000,0.0000000000,0.0000000000,-0.1699324677,0.0000000000,0.0000000000,0.0404992519,0.0000000000,0.0000000000,-0.0862492661,-0.0000000000,0.0000000000,0.0000000000,-0.0011678901,0.0000000000,-0.0891955815,-0.0000000000,-0.4188463965,-0.0000000000,-0.3335956815,-0.0000000000,0.0000000000,-0.1031017733,-0.0938079885,0.0000000000,0.0501203555,0.0000000000,-0.0574148776,-0.0000000000,0.0034449266,0.0000000000,-0.0000000000,-0.5626845987,0.0000000000,-0.0220340550,-0.0000000000,-0.0000000000,-0.0000000000,0.0245604075,-0.0000000000,0.0000000000,0.0000000000,0.0000000000
-0.0192634794,-0.0000000000,0.0000000000,0.0000000000,-0.0000000000,-0.0750907918,0.0000000000,0.0000000000,0.0000000000,-0.0764202740,-0.0000000000,-0.0000000000,0.0000000000,0.0323313770,0.1714466238,0.0000000000,0.2158693908,0.0000000000,0.0000000000,0.1078702244,0.0000000000,-0.0501330298,0.0000000000,-0.1583314888,2.0338581027,-0.1546672834,-0.0000000000,0.2504227985,0.0000000000,0.0000000000,-0.0000000000,-0.0000000000,0.0000000000,0.0000000000,0.0000000000,-0.0000000000,-0.0000000000,-0.0000000000,0.0000000000,-0.0000000000,0.0000000000,-0.0000000000,0.0188953593,0.0000000000,-0.0000000000,0.4165989430,-0.3220175010,0.0000000000,0.0292022988,0.0000000000,0.1453149305,0.0000000000,0.0000000000,0.0000000000,0.0000000000,0.0459063328,0.0000000000,0.2047041809,-0.0051775577,-0.0000000000,0.0000000000,0.1296870257,0.0000000000,-0.0000000000,-0.0000000000,0.0000000000,0.0000000000,-0.0000000000,-0.0000000000,-0.0100583815,0.0000000000,-0.0437255582,-0.0000000000,0.0449743182,-0.1401349394,-0.1339879808,0.0000000000,0.0000000000,0.1377937288,-0.0000000000,0.0000000000,0.0000000000,0.0000000000,0.3442479721,0.0000000000,0.0000000000,0.0000000000,0.0000000000,0.0000000000,0.0000000000,-0.0000000000,-0.3479043835,0.0171815076,-0.2889985907,-0.0000000000,0.0000000000,0.0000000000,0.1418824640,0.0000000000,0.0000000000
-0.0000000000,-0.0000000000,-0.0000000000,0.0000000000,0.0000000000,-0.0000000000,0.0000000000,0.0000000000,0.0000000000,0.0000000000,-0.0000000000,-0.2883226469,0.0083059807,0.0000000000,-0.0000000000,-0.0000000000,0.0000000000,0.4259123932,-0.0000000000,0.0000000000,0.0000000000,-0.4753331138,0.0000000000,-0.0111738828,-0.1546672834,2.3260589972,-0.0000000000,-0.0000000000,0.0000000000,-0.0000000000,-0.0000000000,-0.0000000000,-0.0000000000,0.0000000000,-0.4393100411,0.0000000000,-0.0000000000,-0.0000000000,-0.0000000000,0.0000000000,0.1489051177,-0.3659966697,0.0073918585,-0.0712989469,0.0000000000,0.2511896997,-0.3958175820,-0.0000000000,0.0000000000,0.0132905810,-0.0000000000,-0.0000000000,0.0000000000,0.0000000000,0.0000000000,-0.0000000000,0.0443581780,0.1198529000,0.2395880413,0.0000000000,0.0947752828,0.0000000000,0.1928253906,-0.0000000000,-0.0000000000,-0.1128563220,0.1120568732,0.0000000000,-0.0000000000,0.0000000000,-0.0000000000,-0.0111435604,-0.0960151555,0.0000000000,-0.0000000000,-0.1469592182,-0.0000000000,-0.0000000000,0.0000000000,-0.1733247566,0.0000000000,0.0000000000,-0.0351715526,0.0000000000,0.0000000000,0.0000000000,-0.0000000000,-0.0755039770,0.0000000000,0.0000000000,-0.0000000000,-0.0000000000,0.0000000000,0.0000000000,-0.0000000000,0.0000000000,0.0000000000,0.0000000000,-0.0000000000,0.0147281850
0.3921488172,-0.0000000000,-0.0000000000,-0.0000000000,-0.0000000000,-0.0000000000,0.0000000000,-0.2038260806,-0.0000000000,0.0475154153,0.0000000000,0.0379166923,0.0000000000,-0.0000000000,-0.0000000000,0.3847800715,0.0000000000,0.0000000000,0.0000000000,-0.0562891947,-0.0000000000,-0.0000000000,-0.1012748079,-0.1622149149,-0.0000000000,-0.0000000000,1.8141647344,-0.0582624783,-0.0217472456,-0.0000000000,-0.0000000000,-0.0000000000,0.0000000000,0.0102085436,-0.0000000000,-0.0279546355,-0.0000000000,0.0335388904,-0.0000000000,0.0684323949,0.0000000000,-0.0000000000,0.0000000000,0.0000000000,-0.3668041150,-0.0000000000,-0.0000000000,-0.1064529390,0.0000000000,0.1965328815,0.0323799049,-0.0000000000,0.0000000000,0.0000000000,0.0000000000,0.0000000000,-0.1105476752,-0.0000000000,0.0000000000,0.0000000000,0.1525616593,-0.0000000000,0.0000000000,0.0000000000,-0.0000000000,-0.0000000000,0.0000000000,0.0000000000,-0.0000000000,0.0000000000,-0.0000000000,0.0000000000,-0.0000000000,0.0542456587,0.0000000000,0.0000000000,-0.1927132958,-0.0000000000,-0.0000000000,0.0000000000,-0.1185652710,-0.0000000000,0.0294012757,0.0000000000,-0.2104128208,-0.0000000000,0.0000000000,0.0000000000,-0.0000000000,-0.0000000000,-0.0000000000,-0.0000000000,-0.0000000000,-0.0000000000,0.0000000000,-0.0093196426,-0.2987902756,-0.0000000000,0.0000000000,0.0000000000
0.0000000000,-0.0000000000,0.0000000000,-0.0000000000,0.0000000000,-0.0000000000,-0.0000000000,-0.1443871433,-0.0000000000,0.4326968639,0.0000000000,0.0196846102,0.0022950928,0.0000000000,-0.0000000000,0.0000000000,0.0000000000,0.0000000000,0.0000000000,-0.0687267414,-0.0000000000,-0.0000000000,-0.0000000000,0.0000000000,0.2504227985,-0.0000000000,-0.0582624783,2.0713429982,-0.0000000000,-0.1974943967,0.0951713368,0.0000000000,0.0000000000,-0.0000000000,-0.0664158724,-0.0000000000,-0.0000000000,0.0579460933,0.0000000000,0.1073713581,0.0480809649,-0.0000000000,0.0240907688,-0.0000000000,0.0000000000,0.0000000000,0.0000000000,-0.0000000000,-0.0000000000,0.0000000000,-0.0000000000,-0.0000000000,0.0000000000,-0.0000000000,-0.1958721630,0.0000000000,0.0000000000,-0.0000000000,0.0000000000,0.0000000000,-0.0000000000,0.0000000000,-0.0000000000,0.0000000000,-0.0000000000,0.0000000000,0.0109972176,0.0000000000,0.0395399033,0.0000000000,-0.0000000000,0.0000000000,0.0000000000,-0.0000000000,0.0000000000,0.0000000000,-0.0000000000,-0.2165350002,-0.0000000000,0.0000000000,-0.2273940958,0.0000000000,0.0000000000,-0.0000000000,-0.0000000000,0.0388927952,-0.0000000000,-0.9091112663,-0.1316538895,-0.0000000000,0.0000000000,0.0000000000,-0.0893072256,-0.0000000000,0.0000000000,0.0000000000,0.0000000000,-0.0000000000,0.0000000000,-0.0000000000
-0.0815805125,0.0000000000,0.0516058083,-0.0000000000,0.0000000000,0.0000000000,0.0000000000,0.0000000000,-0.1942219978,-0.0000000000,0.0000000000,0.1517398004,-0.0000000000,0.0000000000,0.0000000000,-0.0000000000,-0.0878538794,-0.0000000000,0.0000000000,-0.0579487912,-0.3814819073,-0.0000000000,0.0000000000,-0.0000000000,0.0000000000,0.0000000000,-0.0217472456,-0.0000000000,2.4451350960,0.1430087625,0.0000000000,0.1331769916,-0.0000000000,-0.1819829888,-0.0753391235,0.0000000000,-0.2420404546,-0.0000000000,-0.0000000000,0.0000000000,-0.0000000000,-0.1322510883,-0.0000000000,-0.0000000000,-0.0230235958,0.0000000000,0.0000000000,0.0000000000,-0.0000000000,-0.0000000000,0.0000000000,-0.0000000000,0.0000000000,0.0199789421,-0.0000000000,0.0000000000,0.0000000000,-0.0000000000,0.0000000000,-0.1140580255,-0.2104547909,-0.1660326136,-0.0000000000,0.0000000000,0.0442216738,0.0000000000,0.0000000000,-0.0000000000,-0.0000000000,-0.0000000000,-0.0050400452,0.0000000000,0.0891366582,-0.0000000000,-0.0000000000,-0.0000000000,-0.9930306693,-0.0000000000,-0.0000000000,0.0000000000,-0.1206797516,-0.0437647969,-0.0000000000,-0.0000000000,-0.0799061637,-0.0000000000,-0.0000000000,-0.0164833236,-0.0709028270,-0.0000000000,0.0000000000,0.0490268186,-0.0000000000,-0.0378580745,0.0000000000,-0.0000000000,-0.0141989313,0.0000000000,-0.0000000000,0.0000000000
