0,1,2,3,4,5,6,7,8,9,10,11,12,13,14,15,16,17,18,19,20,21,22,23,24,25,26,27,28,29,30,31,32,33,34,35,36,37,38,39,40,41,42,43,44,45,46,47,48,49,50,51,52,53,54,55,56,57,58,59,60,61,62,63,64,65,66,67,68,69,70,71,72,73,74,75,76,77,78,79,80,81,82,83,84,85,86,87,88,89,90,91,92,93,94,95,96,97,98,99
2.2121854270,-0.0000000000,-0.0000000000,-0.0000000000,-0.0000000000,-0.0000000000,-0.0280813009,-0.0000000000,-0.0000000000,-0.0149145778,-0.0602255234,-0.0000000000,0.0000000000,-0.0313581963,-0.0000000000,-0.4262570889,0.0000000000,-0.0000000000,-0.0000000000,-0.0000000000,0.0000000000,0.0000000000,-0.0000000000,0.0000000000,-0.0000000000,0.0000000000,-0.0000000000,0.0000000000,-0.0000000000,0.0362174745,-0.0000000000,-0.1177720267,-0.0000000000,-0.0000000000,-0.0000000000,-0.0000000000,-0.0000000000,-0.0000000000,0.0000000000,-0.0000000000,-0.0000000000,-0.0000000000,-0.0000000000,-0.0000000000,-0.0000000000,-0.0000000000,0.0000000000,-0.0000000000,-0.5244499395,-0.0000000000,-0.5765397934,-0.0000000000,0.0000000000,0.0000000000,-0.0995219816,-0.0000000000,-0.0000000000,0.0000000000,-0.0000000000,-0.0008769549,-0.0000000000,-0.0000000000,-0.0000000000,-0.0000000000,-0.0000000000,-0.0000000000,-0.0187641014,0.0000000000,0.0000000000,-0.0000000000,-0.0000000000,0.0000000000,-0.0000000000,-0.0000000000,0.0000000000,-0.0000000000,-0.0869136291,0.0000000000,-0.0000000000,-0.0000000000,0.2261064103,0.0000000000,0.0000000000,0.0000000000,0.1151697127,0.0000000000,-0.0000000000,0.0000000000,-0.0000000000,0.0000000000,0.0000000000,-0.0000000000,0.0000000000,-0.0246833624,0.0822594422,-0.0000000000,0.0000000000,-0.0000000000,-0.2580643031,-0.0000000000
-0.0000000000,3.7355009799,-0.0000000000,-0.6352461377,-0.4631643917,-0.0000000000,-0.0000000000,-0.5448584300,-0.0000000000,-0.0000000000,0.0000000000,0.0000000000,0.0000000000,0.0000000000,0.0000000000,-0.1378658155,0.0000000000,-0.0000000000,-0.0000000000,0.0000000000,0.0000000000,-0.0000000000,0.0000000000,0.0000000000,-0.0000000000,0.0000000000,-0.0000000000,0.0000000000,0.0000000000,0.0000000000,-0.0000000000,0.0000000000,-0.1514188742,-0.0000000000,0.0000000000,-0.0000000000,0.0000000000,0.0000000000,-0.0000000000,-0.0000000000,0.0000000000,-0.0000000000,-0.0000000000,-0.0000000000,-0.0000000000,-0.0000000000,0.0000000000,0.0000000000,-0.0000000000,0.0000000000,-0.0000000000,-1.2002029451,-0.0000000000,-0.0000000000,-0.5920448850,-0.0000000000,-0.2521067268,-0.0548711039,-0.0000000000,0.0000000000,-0.0000000000,-0.0000000000,-0.0000000000,0.0000000000,-0.0000000000,0.0000000000,0.0000000000,-0.0000000000,-0.0000000000,-0.0000000000,0.0000000000,-0.0000000000,-0.0000000000,0.0000000000,0.0000000000,-0.0000000000,0.0000000000,0.0000000000,-0.0000000000,0.0000000000,0.0000000000,0.0000000000,-0.0000000000,-0.0840325199,-0.0000000000,-0.0000000000,-0.0000000000,0.0000000000,-0.0000000000,0.0000000000,-0.0000000000,-0.0000000000,0.0000000000,-0.0000000000,-0.0000000000,-0.0000000000,-0.0000000000,0.0000000000,0.0000000000,0.0000000000
-0.0000000000,-0.0000000000,2.8384792569,0.0000000000,0.0000000000,-1.0845008426,-0.0000000000,-0.3294324757,-0.3768375735,0.0000000000,-0.0000000000,0.0000000000,0.0000000000,0.0000000000,0.0108808664,-0.0000000000,0.0573411681,-0.0000000000,0.0000000000,0.0000000000,0.2938130497,-0.0000000000,-0.0000000000,0.0000000000,-0.0879241161,-0.0000000000,-0.0000000000,0.0000000000,-0.0000000000,-0.0000000000,0.0000000000,0.0000000000,-0.0000000000,0.0000000000,0.0000000000,-0.1300739178,0.0000000000,0.0270940978,-0.0000000000,-0.0000000000,0.2330824171,-0.0000000000,-0.0000000000,0.0000000000,0.0000000000,0.0000000000,0.0000000000,0.0000000000,-0.0000000000,0.0000000000,-0.0000000000,-0.2698569766,0.0000000000,0.1006205663,-0.0000000000,-0.3672090204,-0.0000000000,-0.0000000000,0.0000000000,-0.0000000000,-0.0000000000,-0.0000000000,-0.0000000000,0.0000000000,-0.0000000000,0.1434994035,0.0000000000,-0.0000000000,-0.0000000000,-0.0000000000,0.0000000000,-0.0000000000,-0.0000000000,-0.0000000000,-0.0000000000,-0.0000000000,-0.0000000000,-0.0000000000,-0.0000000000,0.0000000000,-0.0000000000,0.0000000000,-0.0000000000,-0.1094046878,-0.0000000000,-0.0000000000,0.0000000000,-0.0000000000,-0.0000000000,0.0000000000,0.0000000000,-0.0000000000,0.0000000000,0.0000000000,-0.0000000000,-0.0000000000,0.0000000000,0.0000000000,0.0000000000,0.0000000000
-0.0000000000,-0.6352461377,0.0000000000,3.6584685396,-0.0000000000,0.1905529219,-0.0450448131,-0.0813291971,0.0000000000,-0.0382263244,0.0000000000,-0.0000000000,-0.0000000000,-0.0000000000,-0.0000000000,-0.0620806493,-0.0000000000,-0.0000000000,-0.0000000000,-0.0000000000,0.0000000000,0.0000000000,0.1861578021,0.0449527788,0.0000000000,0.0000000000,-0.0000000000,0.0000000000,0.0000000000,-0.0000000000,-0.0000000000,0.0000000000,0.0000000000,0.0000000000,0.0460363518,-0.0000000000,-0.0000000000,-0.0882652651,-0.0000000000,-0.0000000000,0.0000000000,0.0000000000,0.0000000000,-0.0000000000,-0.0000000000,-0.0000000000,0.0000000000,0.0000000000,0.0000000000,-0.0000000000,-0.0000000000,-0.1551861370,-0.1429172812,-1.9101008839,-0.0000000000,0.0000000000,-0.5939728536,-0.0000000000,-0.0000000000,0.0000000000,0.0000000000,-0.0000000000,-0.0000000000,-0.0000000000,-0.0527792370,-0.0293208209,-0.0000000000,-0.0000000000,0.0000000000,-0.0000000000,0.0000000000,-0.0000000000,-0.0000000000,-0.0000000000,0.0000000000,0.0000000000,0.0000000000,-0.0000000000,-0.0392117992,0.0000000000,0.0040443296,0.0000000000,-0.0000000000,0.0000000000,-0.0000000000,0.0000000000,-0.2072280603,0.0000000000,-0.0917221952,0.0000000000,-0.0212601564,-0.0000000000,-0.0000000000,0.0000000000,0.0000000000,-0.0242586806,-0.0000000000,-0.0000000000,0.0000000000,-0.0000000000
-0.0000000000,-0.4631643917,0.0000000000,-0.0000000000,2.3699029215,-0.0000000000,0.0124209104,-0.0000000000,0.0000000000,-0.0000000000,0.0000000000,-0.0000000000,0.0000000000,0.0939771944,-0.0000000000,-0.2633105151,0.0000000000,-0.0000000000,0.0000000000,-0.0000000000,-0.0000000000,-0.0000000000,-0.0000000000,-0.0000000000,-0.1903433945,-0.0000000000,-0.0000000000,-0.0000000000,-0.1389733824,-0.0000000000,-0.0000000000,0.0000000000,-0.0000000000,-0.0000000000,-0.0000000000,-0.0000000000,0.0000000000,0.0000000000,0.0000000000,-0.0000000000,0.0000000000,0.0000000000,-0.0000000000,0.0545306408,0.0000000000,0.0000000000,0.0000000000,0.0000000000,0.0000000000,0.0000000000,-0.0000000000,0.0000000000,0.0000000000,-0.5750669667,-0.7721280827,0.0000000000,-0.0000000000,0.0000000000,-0.0000000000,-0.0000000000,-0.0000000000,0.0000000000,0.0765220366,0.0291928631,0.0000000000,0.0000000000,0.0000000000,0.0000000000,-0.0000000000,-0.0000000000,0.0000000000,-0.0334894481,-0.0000000000,0.0000000000,0.0000000000,-0.0000000000,-0.0000000000,0.0000000000,-0.0000000000,0.0000000000,0.0000000000,0.0000000000,0.0000000000,-0.0226587750,-0.0000000000,-0.0454051354,-0.0000000000,0.0000000000,-0.0000000000,0.0000000000,-0.0000000000,-0.0000000000,0.0000000000,0.0000000000,0.0000000000,0.0000000000,0.0654831538,-0.0000000000,0.0000000000,0.0775107652
-0.0000000000,-0.0000000000,-1.0845008426,0.1905529219,-0.0000000000,3.8203027350,-0.0000000000,-0.0000000000,-0.4898673152,0.0000000000,-0.0000000000,0.0000000000,0.0000000000,0.0046992339,0.0000000000,-0.1291890050,0.0000000000,-0.0289415626,0.0427704539,0.0000000000,0.0000000000,-0.0000000000,-0.1109376689,-0.0000000000,-0.0000000000,-0.0453136760,-0.0000000000,-0.0000000000,-0.0000000000,-0.0000000000,-0.0000000000,0.0000000000,-0.0000000000,-0.0000000000,-0.0000000000,-0.0672736498,0.0000000000,0.0000000000,0.0000000000,-0.0000000000,0.0000000000,-0.0000000000,-0.0000000000,-0.0000000000,0.0000000000,0.0000000000,0.0000000000,0.0000000000,-0.0000000000,0.0000000000,-0.0000000000,-0.0000000000,-0.0000000000,0.0000000000,-0.8755922490,-0.6768414248,-0.0000000000,-0.0000000000,0.0000000000,-0.0000000000,-0.0000000000,0.0000000000,-0.0000000000,0.2439036420,0.0000000000,0.0000000000,-0.0000000000,0.0000000000,-0.0000000000,-0.0000000000,-0.0000000000,-0.1557828908,-0.5036564215,-0.0000000000,-0.0000000000,-0.3000688366,-0.2022194320,-0.0000000000,-0.0000000000,0.0000000000,-0.0000000000,0.0000000000,0.0000000000,-0.0000000000,-0.0000000000,-0.0000000000,0.0000000000,-0.0000000000,-0.0000000000,0.0000000000,0.0462461091,0.0000000000,0.1394420251,0.0000000000,-0.0000000000,-0.0000000000,0.0000000000,-0.0000000000,-0.0000000000,0.1183471426
-0.0280813009,-0.0000000000,-0.0000000000,-0.0450448131,0.0124209104,-0.0000000000,2.7127029939,-0.0350602489,-0.0000000000,-0.0000000000,-0.0000000000,0.0000000000,0.0000000000,-0.0000000000,-0.0000000000,-0.4922908775,0.0000000000,-0.0000000000,-0.0000000000,-0.0000000000,-0.0000000000,0.0000000000,0.0000000000,0.0000000000,0.0000000000,0.0000000000,-0.0000000000,0.0000000000,0.0000000000,0.0000000000,-0.0000000000,0.0000000000,-0.0000000000,-0.0000000000,0.0000000000,-0.0000000000,-0.0000000000,-0.0848665554,-0.0198084936,-0.2253280725,-0.2771858097,-0.0000000000,0.0000000000,-0.1796427888,-0.0000000000,-0.2604598732,-0.0000000000,-0.0000000000,-0.0000000000,-0.4333168209,-0.0000000000,-0.0000000000,-0.5067175664,0.0000000000,-0.0000000000,-0.0000000000,-0.2614843374,-0.1166305348,-0.0000000000,-0.0000000000,0.0000000000,-0.0000000000,-0.0000000000,-0.0000000000,-0.1558682198,-0.1743616582,-0.4929670730,-0.1341225610,0.0000000000,-0.0000000000,-0.0000000000,0.0000000000,-0.0000000000,-0.0000000000,-0.0000000000,0.0000000000,-0.0000000000,0.0000000000,-0.0000000000,-0.0000000000,0.0560667997,0.0000000000,0.0000000000,0.0000000000,0.0000000000,0.1591886037,-0.0000000000,0.0484942162,-0.0000000000,0.0000000000,-0.0000000000,-0.0000000000,-0.0000000000,0.0000000000,0.0000000000,-0.0000000000,-0.0000000000,0.0000000000,-0.0000000000,-0.0470475023
-0.0000000000,-0.5448584300,-0.3294324757,-0.0813291971,-0.0000000000,-0.0000000000,-0.0350602489,4.3300789628,-0.5527156407,-0.0000000000,0.0000000000,0.0000000000,0.0000000000,-0.0000000000,-0.0000000000,-0.0000000000,0.0000000000,-0.0000000000,0.0000000000,0.0000000000,0.2392459821,0.0000000000,0.0000000000,0.1009399428,0.0000000000,-0.0000000000,0.0000000000,0.0000000000,0.0000000000,0.0000000000,0.0335470455,0.0000000000,-0.0000000000,0.0000000000,0.0000000000,-0.0437941660,0.0000000000,-0.0000000000,-0.0000000000,-0.0436363198,0.0565017104,0.0000000000,0.0000000000,-0.0000000000,0.0000000000,0.0000000000,0.1196910952,0.0000000000,-0.0000000000,0.0000000000,-0.0000000000,-0.0233995113,-0.0000000000,-0.0395335480,-0.0000000000,-0.0405163225,-1.4326030856,-0.9150965841,0.0000000000,-0.0000000000,-0.0000000000,0.0000000000,-0.0750125589,0.0000000000,-0.0000000000,-0.0000000000,-0.0000000000,0.0000000000,0.0000000000,-0.3732870437,0.0000000000,-0.0000000000,-0.0000000000,-0.0000000000,0.0000000000,-0.0000000000,-0.0000000000,-0.0000000000,0.0000000000,0.0000000000,0.0000000000,0.0000000000,-0.0000000000,-0.0000000000,-0.0000000000,0.0000000000,-0.0000000000,0.0000000000,-0.0000000000,0.0000000000,0.0000000000,0.0000000000,-0.0000000000,0.0000000000,0.0000000000,-0.0000000000,0.0000000000,0.0000000000,0.0000000000,0.0000000000
-0.0000000000,-0.0000000000,-0.3768375735,0.0000000000,0.0000000000,-0.4898673152,-0.0000000000,-0.5527156407,3.7969560891,0.0000000000,0.0000000000,0.0000000000,0.0000000000,0.0000000000,0.0000000000,-0.0000000000,0.0421967699,-0.0000000000,0.0000000000,0.0000000000,0.0000000000,0.0000000000,0.0000000000,0.0000000000,0.0000000000,-0.0604289463,0.0000000000,-0.0000000000,0.0000000000,0.0000000000,0.0000000000,0.0000000000,-0.0000000000,0.0455909344,0.0000000000,-0.3512636437,0.0000000000,0.0000000000,-0.0000000000,-0.0000000000,0.0471434002,-0.0000000000,-0.0000000000,-0.0660044672,-0.0000000000,0.0000000000,0.0000000000,0.0000000000,0.0000000000,0.0000000000,0.0000000000,-0.0000000000,-0.0000000000,0.0000000000,-0.0000000000,-0.8916187798,-0.0000000000,-1.2474678547,0.0000000000,-0.0000000000,-0.0000000000,0.0000000000,-0.1137568944,0.0000000000,-0.0000000000,0.0000000000,0.0000000000,0.0000000000,0.0000000000,-0.0000000000,0.0000000000,-0.0000000000,-0.0000000000,-0.0000000000,-0.0000000000,-0.0715765106,-0.0000000000,-0.0144695850,0.0000000000,0.0000000000,0.0000000000,0.0000000000,-0.0000000000,-0.0000000000,-0.0679553810,0.0000000000,-0.0000000000,-0.0000000000,0.0000000000,0.0000000000,0.0000000000,0.0000000000,0.0000000000,0.0000000000,-0.0000000000,-0.0000000000,0.0000000000,0.1551680475,0.0000000000,0.0775812963
-0.0149145778,-0.0000000000,0.0000000000,-0.0382263244,-0.0000000000,0.0000000000,-0.0000000000,-0.0000000000,0.0000000000,3.4276145505,-0.5499929863,-0.9687983329,-0.0000000000,-0.0000000000,-0.0619129586,0.0000000000,-0.0000000000,-0.0000000000,-0.0000000000,-0.0000000000,-0.0000000000,-0.0000000000,-0.0000000000,-0.0000000000,-0.0000000000,-0.0000000000,-0.0000000000,-0.1129642501,-0.0000000000,-0.0000000000,0.0441728730,-0.0000000000,0.0000000000,0.0000000000,-0.0000000000,-0.0000000000,-0.0000000000,-0.0185577012,-0.0000000000,-0.0000000000,-0.0000000000,-0.0000000000,-0.0000000000,-0.0000000000,-0.0000000000,-0.0000000000,-0.0000000000,-0.0000000000,0.0000000000,-0.0000000000,-0.0629755677,-0.0000000000,0.0000000000,-0.0000000000,-0.0123661485,0.0000000000,0.0000000000,0.0000000000,-1.0308202483,-0.5266984494,-0.0000000000,-0.0000000000,0.0000000000,-0.0000000000,-0.0000000000,-0.1896780634,-0.0000000000,-0.0000000000,0.0000000000,0.0000000000,-0.0000000000,-0.0000000000,0.0000000000,-0.0000000000,0.0000000000,-0.0000000000,-0.0000000000,-0.0000000000,0.0000000000,-0.0000000000,0.0000000000,-0.0000000000,-0.0000000000,-0.0000000000,-0.0000000000,-0.0000000000,-0.0000000000,-0.0000000000,-0.0000000000,-0.0000000000,-0.0000000000,-0.1283426844,-0.0000000000,-0.0000000000,0.0000000000,-0.0000000000,0.0000000000,-0.0000000000,-0.0000000000,-0.0000000000
-0.0602255234,0.0000000000,-0.0000000000,0.0000000000,0.0000000000,-0.0000000000,-0.0000000000,0.0000000000,0.0000000000,-0.5499929863,2.2812414172,-0.0000000000,0.0000000000,-0.0000000000,-0.0000000000,0.0000000000,0.0000000000,0.0000000000,0.0000000000,0.0056963272,0.0000000000,-0.1201767097,-0.0000000000,-0.1158169386,-0.1807212146,-0.0092989864,0.0000000000,-0.0000000000,-0.0000000000,-0.0000000000,0.0000000000,-0.0000000000,0.0000000000,-0.0000000000,-0.0000000000,-0.0000000000,-0.0000000000,-0.0000000000,-0.0000000000,-0.0860935542,-0.0000000000,-0.3420506679,-0.0097253342,0.0000000000,0.0000000000,-0.0000000000,-0.1842727265,-0.0000000000,0.0000000000,-0.0000000000,-0.0000000000,0.0000000000,0.0000000000,0.3153305458,-0.0000000000,0.0000000000,0.0000000000,0.0000000000,-0.2119327611,-0.5041043890,-0.0000000000,-0.0000000000,0.0000000000,-0.0000000000,-0.0187432640,-0.0000000000,-0.0000000000,-0.0000000000,0.0000000000,0.0000000000,0.0000000000,0.0000000000,0.0000000000,-0.0499873898,-0.0000000000,-0.0000000000,0.0000000000,0.0000000000,0.0000000000,-0.0230811315,-0.0000000000,-0.0000000000,0.1413686400,0.0000000000,0.0199459218,-0.0000000000,0.0000000000,-0.0000000000,0.0000000000,-0.0000000000,0.0000000000,-0.0023317021,-0.0000000000,-0.0440992735,-0.0000000000,0.0000000000,0.0000000000,0.0000000000,0.0000000000,0.0000000000
-0.0000000000,0.0000000000,0.0000000000,-0.0000000000,-0.0000000000,0.0000000000,0.0000000000,0.0000000000,0.0000000000,-0.9687983329,-0.0000000000,3.9068178668,-0.3877380920,-0.1898576499,-0.1542994124,0.0000000000,-0.5849750527,0.0000000000,-0.0000000000,0.0000000000,-0.0000000000,-0.0000000000,0.0000000000,-0.0000000000,-0.0195711490,-0.2932712941,-0.0000000000,-0.0024985805,-0.0000000000,-0.0462040132,0.0000000000,-0.0000000000,0.0000000000,0.0000000000,-0.0000000000,0.0000000000,-0.0000000000,0.0000000000,-0.0000000000,-0.0000000000,0.0000000000,-0.0000000000,-0.0000000000,0.0000000000,0.0000000000,-0.0000000000,0.0000000000,0.0000000000,0.0000000000,0.0000000000,-0.0000000000,0.0000000000,0.0000000000,-0.0000000000,-0.0000000000,0.0000000000,0.0000000000,0.0000000000,-0.3923409870,-0.4907752777,-0.5016022978,-0.0000000000,-0.0000000000,-0.0000000000,-0.0000000000,-0.0000000000,0.0000000000,-0.0000000000,0.0000000000,0.0067574327,0.0000000000,-0.0000000000,0.0000000000,-0.0234406805,-0.0000000000,-0.1878945283,-0.0000000000,-0.0799456389,0.0000000000,-0.0000000000,-0.0000000000,-0.0000000000,-0.0487065409,-0.0000000000,0.0000000000,0.0000000000,-0.1046114789,-0.0750882879,-0.0000000000,-0.0000000000,0.0000000000,-0.0000000000,-0.0000000000,-0.0000000000,-0.0000000000,-0.0000000000,0.0000000000,-0.0000000000,0.0000000000,0.0000000000
0.0000000000,0.0000000000,0.0000000000,-0.0000000000,0.0000000000,0.0000000000,0.0000000000,0.0000000000,0.0000000000,-0.0000000000,0.0000000000,-0.3877380920,3.3029417095,-0.2170357808,0.0000000000,0.0000000000,-0.4183447398,0.0000000000,-0.0000000000,-0.0000000000,0.0000000000,-0.0780294261,-0.0000000000,-0.0000000000,0.0000000000,-0.0000000000,-0.0879514852,-0.0000000000,-0.0000000000,-0.2761865421,0.0000000000,-0.0000000000,0.0000000000,0.0000000000,-0.0000000000,0.0000000000,-0.0000000000,0.0681910318,-0.0000000000,-0.0429346463,-0.0000000000,0.0000000000,-0.0000000000,-0.0000000000,-0.0000000000,-0.0731810802,-0.0000000000,-0.0000000000,0.0000000000,-0.0000000000,0.0000000000,0.0000000000,0.0591924765,-0.0000000000,-0.0000000000,0.0000000000,0.0507087728,0.0000000000,-0.0000000000,-0.0000000000,-0.0000000000,-1.8371156148,-0.0000000000,-0.0000000000,-0.0000000000,-0.0000000000,-0.0000000000,-0.0000000000,0.0000000000,0.0866721815,0.0000000000,-0.0000000000,0.0000000000,-0.0783620900,-0.0000000000,0.0000000000,-0.0000000000,-0.0000000000,0.0000000000,-0.0000000000,-0.0000000000,0.0000000000,-0.0000000000,0.0000000000,-0.0000000000,0.0000000000,-0.0000000000,-0.0000000000,-0.0000000000,0.0000000000,0.0000000000,-0.0000000000,-0.0000000000,0.0000000000,0.0000000000,-0.0000000000,-0.0000000000,-0.0000000000,0.0000000000,-0.0000000000
-0.0313581963,0.0000000000,0.0000000000,-0.0000000000,0.0939771944,0.0046992339,-0.0000000000,-0.0000000000,0.0000000000,-0.0000000000,-0.0000000000,-0.1898576499,-0.2170357808,3.2852532604,-0.3371423117,0.0000000000,-0.2550330326,-0.0000000000,-1.2727332099,-0.0000000000,0.0000000000,0.0000000000,0.0000000000,0.1880086581,0.0000000000,0.0000000000,0.0000000000,0.0000000000,0.0989787957,-0.0000000000,0.0000000000,-0.0000000000,-0.0000000000,0.0000000000,0.0000000000,0.0000000000,0.0000000000,-0.0000000000,-0.0000000000,0.0000000000,-0.0000000000,0.0000000000,-0.0000000000,-0.0000000000,-0.0000000000,-0.1205345557,0.0000000000,-0.0000000000,-0.0000000000,-0.0000000000,-0.0870837888,0.0000000000,-0.0000000000,-0.0000000000,0.0000000000,-0.0000000000,0.0000000000,0.0000000000,-0.0000000000,-0.0985880686,0.0000000000,-0.0382161644,-0.0623514245,-0.0000000000,-0.7671545970,-0.0000000000,-0.0000000000,-0.0000000000,0.0000000000,-0.0000000000,0.0000000000,-0.0000000000,0.0000000000,-0.0000000000,0.0071278692,0.0000000000,0.0000000000,0.0000000000,0.0000000000,-0.0000000000,0.0604419203,-0.0000000000,-0.0000000000,0.0000000000,0.1921800747,0.0000000000,-0.0000000000,0.0000000000,-0.0000000000,0.0000000000,-0.0000000000,-0.2337144606,-0.0000000000,0.0000000000,0.0000000000,-0.0000000000,-0.0000000000,0.0000000000,-0.0000000000,-0.0091437384
-0.0000000000,0.0000000000,0.0108808664,-0.0000000000,-0.0000000000,0.0000000000,-0.0000000000,-0.0000000000,0.0000000000,-0.0619129586,-0.0000000000,-0.1542994124,0.0000000000,-0.3371423117,3.3067150230,-0.0000000000,-0.0000000000,0.0000000000,-0.0000000000,-0.0000000000,-0.7414876208,-0.0000000000,-0.0000000000,-0.0000000000,0.0000000000,-0.0000000000,-0.0000000000,-0.0000000000,-0.0000000000,-0.1404457976,0.0000000000,-0.0000000000,-0.0000000000,-0.0000000000,-0.0000000000,0.0000000000,-0.0000000000,-0.3147171198,0.0000000000,0.0000000000,-0.0000000000,0.0000000000,-0.0000000000,0.0000000000,-0.0000000000,-0.0000000000,-0.0000000000,-0.0000000000,0.0000000000,0.0000000000,0.0000000000,0.0000000000,0.0000000000,-0.0353619300,0.0000000000,0.0000000000,0.0000000000,0.0000000000,-0.0619306472,-0.0000000000,0.0000000000,0.0203333761,-0.0000000000,-0.0000000000,-0.0000000000,-1.7126789620,-0.0000000000,0.0000000000,0.0000000000,0.0000000000,-0.0000000000,0.0000000000,-0.0000000000,-0.0000000000,0.0000000000,0.0000000000,-0.0000000000,-0.1200258808,0.0000000000,0.0000000000,0.0000000000,-0.0000000000,-0.1063340543,-0.0000000000,-0.0000000000,-0.0000000000,-0.1507538482,-0.0000000000,-0.0000000000,-0.0000000000,-0.0142841706,-0.0000000000,-0.0000000000,-0.0000000000,0.0000000000,-0.0000000000,-0.0000000000,-0.0123696397,0.0000000000,-0.0000000000
-0.4262570889,-0.1378658155,-0.0000000000,-0.0620806493,-0.2633105151,-0.1291890050,-0.4922908775,-0.0000000000,-0.0000000000,0.0000000000,0.0000000000,0.0000000000,0.0000000000,0.0000000000,-0.0000000000,2.7817788126,0.0000000000,-0.5457449312,-0.0000000000,-0.0226553626,-0.0000000000,-0.0168974259,-0.1040504309,-0.0000000000,0.0000000000,0.0000000000,-0.0000000000,-0.0000000000,-0.1854133571,0.0000000000,-0.1536452149,-0.0000000000,-0.0000000000,-0.2121493166,-0.0000000000,0.0000000000,0.0000000000,0.0000000000,0.0686080612,-0.0000000000,-0.0000000000,-0.0000000000,0.0000000000,-0.0000000000,-0.0000000000,0.0000000000,0.0000000000,-0.0000000000,-0.0000000000,0.0000000000,-0.1089111790,-0.0000000000,-0.0000000000,-0.0000000000,-0.0000000000,-0.0000000000,-0.2055844796,-0.0000000000,-0.0000000000,0.0000000000,0.0000000000,-0.0000000000,-0.0000000000,0.0000000000,0.0000000000,-0.0000000000,-0.1112345794,-0.0000000000,-0.1963764624,-0.0000000000,-0.0000000000,-0.0000000000,-0.0000000000,-0.0000000000,-0.0000000000,0.0000000000,-0.2029173281,-0.0000000000,-0.0000000000,0.0000000000,-0.0000000000,0.0000000000,0.0000000000,-0.0000000000,-0.0000000000,0.0000000000,-0.0000000000,0.0000000000,0.0000000000,0.0000000000,0.0000000000,0.0389582123,0.0000000000,-0.0000000000,0.0000000000,0.0000000000,0.2425371899,-0.0000000000,-0.0000000000,0.0000000000
0.0000000000,0.0000000000,0.0573411681,-0.0000000000,0.0000000000,0.0000000000,0.0000000000,0.0000000000,0.0421967699,-0.0000000000,0.0000000000,-0.5849750527,-0.4183447398,-0.2550330326,-0.0000000000,0.0000000000,3.3409682402,-0.0000000000,-0.5465904642,-0.0000000000,-0.0000000000,-0.0000000000,-0.0000000000,-0.0000000000,0.0000000000,-0.0000000000,0.0000000000,-0.0000000000,0.0000000000,-0.0000000000,-0.0000000000,-0.0000000000,0.0000000000,-0.0000000000,-0.0000000000,0.0000000000,0.0000000000,-0.0000000000,0.0000000000,-0.0000000000,-0.0000000000,-0.0000000000,-0.0000000000,-0.0000000000,0.0000000000,-0.0000000000,0.0000000000,-0.0000000000,0.0000000000,0.0000000000,-0.0000000000,0.0000000000,-0.0000000000,-0.0000000000,0.0000000000,0.0000000000,0.0000000000,0.0000000000,-0.0000000000,-0.0000000000,-0.0000000000,-0.4237145561,-0.3886286176,-0.0000000000,-0.0000000000,-0.0335814742,0.0000000000,-0.5347320029,-0.0000000000,0.0000000000,-0.0000000000,-0.3560053808,-0.0000000000,-0.0000000000,-0.1859509492,-0.0000000000,-0.0000000000,-0.0497193809,-0.0000000000,0.0000000000,-0.0249799721,-0.0000000000,-0.0000000000,-0.0000000000,-0.0000000000,0.0000000000,-0.0000000000,-0.0000000000,-0.0000000000,0.0000000000,-0.0000000000,-0.0000000000,-0.0000000000,-0.0000000000,-0.0081453352,-0.0000000000,-0.0000000000,-0.0000000000,0.0000000000,-0.0000000000
-0.0000000000,-0.0000000000,-0.0000000000,-0.0000000000,-0.0000000000,-0.0289415626,-0.0000000000,-0.0000000000,-0.0000000000,-0.0000000000,0.0000000000,0.0000000000,0.0000000000,-0.0000000000,0.0000000000,-0.5457449312,-0.0000000000,4.2239373073,-0.0000000000,-0.6132545614,0.0000000000,-0.0000000000,-0.0000000000,0.0000000000,0.0000000000,0.0000000000,0.0000000000,0.0000000000,-0.0000000000,-0.0000000000,0.0000000000,-0.0000000000,0.0000000000,-0.6137864586,-0.0000000000,-0.2682671869,0.0872375981,-0.0000000000,0.0000000000,-0.0000000000,-0.0000000000,0.2236676202,0.0000000000,0.0000000000,0.0000000000,0.3393931849,0.0187386435,0.0000000000,-0.0385875815,0.0000000000,-0.0000000000,0.0000000000,-0.0000000000,-0.0000000000,0.0000000000,-0.0000000000,-0.2205793643,0.0000000000,0.0000000000,0.0149730453,0.0000000000,-0.0000000000,-0.0000000000,-0.0000000000,-0.0000000000,-0.0000000000,-0.4345854256,-0.0000000000,-0.0000000000,-1.2825369607,-0.0000000000,-0.0000000000,-0.6801787439,0.0000000000,0.0000000000,0.0000000000,-0.0000000000,-0.0000000000,-0.0000000000,0.0000000000,0.0000000000,-0.0000000000,0.2276898520,-0.0000000000,-0.0000000000,-0.0000000000,0.0000000000,0.0000000000,-0.0000000000,0.0132434171,-0.0000000000,0.0000000000,0.0000000000,0.0000000000,0.0000000000,0.0000000000,0.0000000000,-0.0000000000,-0.0000000000,0.0000000000
-0.0000000000,-0.0000000000,0.0000000000,-0.0000000000,0.0000000000,0.0427704539,-0.0000000000,0.0000000000,0.0000000000,-0.0000000000,0.0000000000,-0.0000000000,-0.0000000000,-1.2727332099,-0.0000000000,-0.0000000000,-0.5465904642,-0.0000000000,3.2474212165,-0.0000000000,-0.0000000000,-0.0000000000,0.0000000000,0.0000000000,0.0000000000,0.0000000000,0.0000000000,0.2128345166,0.3378495127,-0.0000000000,-0.0000000000,-0.0000000000,0.0000000000,-0.1545462634,0.0000000000,0.0000000000,0.0000000000,-0.0000000000,0.0000000000,0.0000000000,-0.0000000000,0.0000000000,0.0000000000,0.0000000000,0.0000000000,0.0000000000,0.0000000000,-0.0000000000,-0.0000000000,-0.0000000000,-0.0000000000,0.0000000000,-0.0000000000,-0.0000000000,0.0000000000,0.0000000000,0.0000000000,-0.0000000000,0.0000000000,-0.0000000000,-0.0000000000,-0.0000000000,-0.0000000000,-0.4341179335,-0.1486153988,-0.0000000000,-0.0000000000,-0.5454167198,-0.0000000000,-0.0000000000,-0.0000000000,-0.0000000000,-0.0000000000,-0.0000000000,0.0000000000,0.0000000000,0.0000000000,0.0000000000,-0.0000000000,-0.0000000000,0.0000000000,-0.0000000000,-0.0000000000,-0.0000000000,0.2054309220,0.0000000000,-0.0000000000,0.0000000000,-0.0000000000,0.0000000000,-0.0000000000,-0.0000000000,0.0000000000,0.0000000000,0.0000000000,-0.0000000000,-0.0000000000,0.0000000000,-0.0000000000,-0.0015943103
-0.0000000000,0.0000000000,0.0000000000,-0.0000000000,-0.0000000000,0.0000000000,-0.0000000000,0.0000000000,0.0000000000,-0.0000000000,0.0056963272,0.0000000000,-0.0000000000,-0.0000000000,-0.0000000000,-0.0226553626,-0.0000000000,-0.6132545614,-0.0000000000,2.6989971483,-0.0000000000,0.0000000000,-0.0000000000,-0.0000000000,0.0263814638,0.0170987413,-0.0000000000,0.0000000000,-0.6570604169,0.0712814858,0.1200351717,0.0000000000,0.0000000000,-0.0000000000,0.0000000000,-0.0226617126,-0.0000000000,0.0000000000,0.0000000000,-0.0000000000,-0.1949202743,0.0941309250,0.3402191925,-0.0000000000,-0.0000000000,0.0000000000,0.0000000000,0.0000000000,-0.0000000000,-0.0513692941,-0.0000000000,0.1734290267,-0.0000000000,-0.0000000000,0.0000000000,0.0000000000,0.0000000000,0.0299292602,0.0000000000,0.0000000000,0.0000000000,-0.0000000000,0.0000000000,-0.0000000000,-0.0000000000,-0.0000000000,-0.3398349572,-0.0000000000,-0.0000000000,0.0000000000,-0.4991037226,0.0000000000,-0.0000000000,-0.0000000000,-0.0000000000,0.0000000000,-0.5081483930,0.0000000000,0.0000000000,0.0000000000,0.0000000000,0.0000000000,0.1444684019,0.2969259963,-0.0000000000,0.0450700207,-0.0000000000,0.0000000000,-0.2815211503,-0.0000000000,-0.0000000000,0.0000000000,-0.0000000000,0.0000000000,0.1995661729,0.0000000000,0.0000000000,-0.0000000000,-0.0219443969,-0.0000000000
0.0000000000,0.0000000000,0.2938130497,0.0000000000,-0.0000000000,0.0000000000,-0.0000000000,0.2392459821,0.0000000000,-0.0000000000,0.0000000000,-0.0000000000,0.0000000000,0.0000000000,-0.7414876208,-0.0000000000,-0.0000000000,0.0000000000,-0.0000000000,-0.0000000000,2.9058121275,-0.0000000000,-0.3456688438,-0.1426860842,-0.0000000000,-0.0000000000,-0.1140312114,-0.2386328346,-0.1808636806,-0.0000000000,-0.0000000000,-0.0414390299,0.0000000000,-0.0000000000,-0.0000000000,0.0000000000,-0.0000000000,-0.0000000000,0.0000000000,0.0000000000,-0.0000000000,0.0000000000,0.0000000000,-0.0000000000,-0.1132752361,-0.0000000000,-0.0000000000,-0.0000000000,0.0000000000,0.0000000000,-0.0000000000,0.0000000000,-0.1158195973,-0.0000000000,0.0000000000,0.0000000000,0.2496354020,0.0000000000,-0.0000000000,0.0000000000,0.0000000000,0.0000000000,0.0826676775,-0.0000000000,0.0000000000,-0.1285826281,0.0000000000,-0.0000000000,-0.0000000000,0.0000000000,-1.1311930905,0.2498103823,-0.0000000000,0.0000000000,-0.0000000000,0.0000000000,-0.0000000000,-0.0000000000,0.0254603181,-0.0000000000,0.0000000000,0.0000000000,0.0000000000,0.0571862265,0.0000000000,0.0000000000,0.0000000000,0.0000000000,0.2186787616,0.0000000000,-0.0000000000,-0.0000000000,0.0181738767,0.0105987891,0.0631787975,0.1351583591,0.0000000000,0.0000000000,0.0000000000,0.0000000000
0.0000000000,-0.0000000000,-0.0000000000,0.0000000000,-0.0000000000,-0.0000000000,0.0000000000,0.0000000000,0.0000000000,-0.0000000000,-0.1201767097,-0.0000000000,-0.0780294261,0.0000000000,-0.0000000000,-0.0168974259,-0.0000000000,-0.0000000000,-0.0000000000,0.0000000000,-0.0000000000,3.3642253014,-0.9643865371,-0.4545166828,-0.0000000000,-0.0000000000,-0.0000000000,-0.0000000000,-0.0000000000,-0.2425949521,-0.0000000000,0.0000000000,-0.0000000000,-0.2954706639,-0.6794866400,0.1473868276,0.0923697098,0.0000000000,0.0000000000,-0.0000000000,0.0000000000,0.0000000000,-0.0000000000,0.1696488498,0.0000000000,0.0000000000,-0.1018413328,-0.2550713968,0.0000000000,0.1452906807,0.0110952946,0.0000000000,0.0000000000,0.0000000000,-0.0000000000,0.0000000000,0.0000000000,0.0000000000,-0.0000000000,0.0000000000,0.0000000000,-0.0000000000,-0.0000000000,-0.0000000000,-0.0000000000,-0.0000000000,-0.0000000000,-0.1987495921,-0.0248140295,0.0000000000,-0.0000000000,-0.2792715640,-0.0000000000,-0.0000000000,-0.0000000000,-0.0000000000,0.0000000000,-0.0000000000,0.0000000000,0.0000000000,-0.1217304066,0.0000000000,0.0000000000,-0.0000000000,-0.0000000000,-0.0000000000,0.0000000000,-0.0000000000,0.0000000000,0.0000000000,0.0000000000,0.0000000000,0.0000000000,-0.0000000000,0.0000000000,0.0760287722,0.0000000000,-0.0000000000,0.0000000000,0.0950814007
-0.0000000000,0.0000000000,-0.0000000000,0.1861578021,-0.0000000000,-0.1109376689,0.0000000000,0.0000000000,0.0000000000,-0.0000000000,-0.0000000000,0.0000000000,-0.0000000000,0.0000000000,-0.0000000000,-0.1040504309,-0.0000000000,-0.0000000000,0.0000000000,-0.0000000000,-0.3456688438,-0.9643865371,3.5083370259,-0.0000000000,-0.0000000000,-0.0000000000,-0.2283423861,-0.1221299071,-0.2448635362,-0.2410573616,-0.0000000000,0.0000000000,0.0000000000,-0.1106275693,-0.3472024727,0.0000000000,0.0000000000,0.0178638982,0.0829601555,0.0000000000,-0.0000000000,0.0000000000,0.0000000000,0.0000000000,-0.0000000000,0.0000000000,-0.0000000000,-0.2513907542,-0.0000000000,0.0000000000,0.0000000000,0.0314321137,0.0000000000,0.0000000000,-0.0000000000,0.0000000000,0.0000000000,0.2109038552,0.0000000000,0.1058571285,0.0000000000,0.0000000000,0.0000000000,0.0000000000,0.0000000000,-0.0699507672,-0.0886778966,-0.0000000000,-0.0000000000,0.0000000000,-0.2511197059,-0.0000000000,-0.7553444187,-0.0000000000,-0.0000000000,0.0000000000,-0.0000000000,-0.0000000000,0.0000000000,0.0000000000,-0.0000000000,0.0000000000,0.0000000000,-0.0000000000,-0.0000000000,-0.0000000000,0.0000000000,-0.0000000000,0.0000000000,0.0000000000,0.0000000000,0.0900744010,0.0538681120,0.0000000000,0.1277457328,0.1368439526,0.0000000000,-0.2405052449,-0.0000000000,0.0000000000
0.0000000000,0.0000000000,0.0000000000,0.0449527788,-0.0000000000,-0.0000000000,0.0000000000,0.1009399428,0.0000000000,-0.0000000000,-0.1158169386,-0.0000000000,-0.0000000000,0.1880086581,-0.0000000000,-0.0000000000,-0.0000000000,0.0000000000,0.0000000000,-0.0000000000,-0.1426860842,-0.4545166828,-0.0000000000,3.5640364539,-0.0952968541,-0.0894713240,-0.2568022886,-0.1353920012,-0.6083852223,0.0000000000,-0.0000000000,0.0000000000,0.0472185648,0.0000000000,-0.0000000000,0.0000000000,-0.0000000000,0.0000000000,0.0000000000,-0.6046297738,-0.0000000000,-0.0000000000,-0.0000000000,0.0000000000,0.0000000000,-0.0000000000,-0.0000000000,0.0000000000,0.0317100569,0.0000000000,0.0000000000,0.0000000000,0.0000000000,0.0766407248,-0.0000000000,0.3342177010,0.0000000000,0.0000000000,-0.0000000000,-0.0000000000,-0.0000000000,-0.0000000000,0.0000000000,0.0000000000,0.0000000000,-0.0000000000,0.0000000000,-0.0000000000,-0.0000000000,0.2994972207,-0.0000000000,-0.0000000000,0.0000000000,-0.1699812728,-0.9762821560,-0.0000000000,-0.1656045193,-0.0000000000,0.0000000000,0.0000000000,-0.2200965203,0.0621793649,0.0000000000,-0.0000000000,-0.0839895605,0.0000000000,0.0000000000,-0.0000000000,0.0000000000,-0.0000000000,0.3050163729,0.0000000000,0.0000000000,-0.0000000000,-0.0790374990,0.0000000000,0.0000000000,0.0000000000,0.0000000000,0.0000000000
-0.0000000000,-0.0000000000,-0.0879241161,0.0000000000,-0.1903433945,-0.0000000000,0.0000000000,0.0000000000,0.0000000000,-0.0000000000,-0.1807212146,-0.0195711490,0.0000000000,0.0000000000,0.0000000000,0.0000000000,0.0000000000,0.0000000000,0.0000000000,0.0263814638,-0.0000000000,-0.0000000000,-0.0000000000,-0.0952968541,2.2001989471,-0.2732739290,-0.0000000000,-0.1465943049,-0.0702951991,-0.0000000000,-0.0000000000,-0.3268561946,0.0000000000,0.0000000000,-0.0000000000,0.0000000000,0.0000000000,-0.0000000000,-0.0000000000,-0.0000000000,0.0000000000,-0.1120126233,-0.0000000000,0.0000000000,0.0985767801,0.0000000000,0.0000000000,0.0000000000,0.0000000000,0.0036722974,-0.0845485886,-0.0000000000,0.0000000000,0.0000000000,-0.0000000000,0.0000000000,-0.0000000000,0.0000000000,-0.3601982390,-0.0000000000,-0.0000000000,0.0000000000,0.1537523572,0.0000000000,0.0000000000,0.0585861500,0.0000000000,0.0000000000,-0.0000000000,0.0000000000,0.0000000000,-0.0000000000,-0.0000000000,-0.0000000000,-0.0000000000,-0.4630286077,-0.0000000000,-0.0000000000,-0.0000000000,-0.0000000000,0.0000000000,0.0000000000,-0.0000000000,-0.0000000000,0.0000000000,-0.0000000000,0.0000000000,-0.0000000000,0.0000000000,0.0000000000,0.0000000000,-0.3208385345,0.0000000000,-0.0000000000,-0.0000000000,0.0000000000,0.0000000000,0.0000000000,0.0179779751,0.1277888691
0.0000000000,0.0000000000,-0.0000000000,0.0000000000,-0.0000000000,-0.0453136760,0.0000000000,-0.0000000000,-0.0604289463,-0.0000000000,-0.0092989864,-0.2932712941,-0.0000000000,0.0000000000,-0.0000000000,0.0000000000,-0.0000000000,0.0000000000,0.0000000000,0.0170987413,-0.0000000000,-0.0000000000,-0.0000000000,-0.0894713240,-0.2732739290,4.3139203142,-0.0000000000,-0.8539791719,-0.0000000000,-0.0000000000,0.0000000000,-0.0000000000,0.0202933278,0.0239919255,-0.0000000000,0.0000000000,-0.0000000000,0.0000000000,-0.0000000000,-0.0000000000,0.3303936919,-0.6166907775,-0.0000000000,-0.0000000000,0.0000000000,-0.0000000000,0.0000000000,0.0498443114,0.0000000000,0.1727303607,0.0000000000,-0.0000000000,0.0000000000,0.0000000000,-0.0000000000,-0.0000000000,0.0000000000,-0.0000000000,-0.0000000000,-0.0000000000,-0.0000000000,-0.0000000000,-0.0000000000,0.0000000000,0.0000000000,-0.0000000000,0.0000000000,0.0000000000,0.0000000000,0.0000000000,-0.0000000000,-0.0000000000,-0.0000000000,-0.0000000000,-0.0000000000,-1.1768806805,-0.0000000000,-0.6494606432,0.2565366501,0.0000000000,-0.0000000000,0.0000000000,-0.0000000000,-0.0000000000,-0.0000000000,0.0000000000,-0.0000000000,-0.4219847323,0.0000000000,0.0000000000,0.2148428430,-0.0000000000,0.0000000000,0.0000000000,-0.0000000000,-0.0000000000,0.0000000000,0.0000000000,0.0000000000,0.0000000000
-0.0000000000,-0.0000000000,-0.0000000000,-0.0000000000,-0.0000000000,-0.0000000000,-0.0000000000,0.0000000000,0.0000000000,-0.0000000000,0.0000000000,-0.0000000000,-0.0879514852,0.0000000000,-0.0000000000,-0.0000000000,0.0000000000,0.0000000000,0.0000000000,-0.0000000000,-0.1140312114,-0.0000000000,-0.2283423861,-0.2568022886,-0.0000000000,-0.0000000000,2.6294238851,-0.6342102487,-0.1165150584,-0.0000000000,-0.0000000000,0.0000000000,0.0000000000,0.0000000000,-0.0850345729,0.0000000000,-0.2359290367,0.0317311916,-0.0000000000,-0.0000000000,0.0000000000,0.0000000000,-0.0000000000,-0.0000000000,-0.5983624681,-0.2624906205,-0.0000000000,0.0000000000,0.0000000000,-0.0000000000,-0.0000000000,-0.0000000000,-0.0000000000,0.0000000000,-0.0866057497,0.0000000000,0.0000000000,0.0000000000,-0.0000000000,0.0069862722,0.0000000000,-0.0000000000,0.0000000000,0.0000000000,0.0000000000,-0.0000000000,0.0000000000,0.0000000000,0.0000000000,0.0000000000,-0.0000000000,-0.0000000000,-0.0000000000,0.0000000000,0.0000000000,0.0000000000,-0.2936758830,-0.0000000000,0.0000000000,0.0728712656,0.0000000000,0.0094263002,-0.0000000000,-0.0000000000,-0.4702733747,0.0000000000,-0.0000000000,-0.0000000000,0.0000000000,0.0000000000,0.1222128447,-0.0000000000,0.0000000000,0.0000000000,0.0200491540,-0.0000000000,-0.0000000000,-0.0000000000,-0.0000000000,-0.0000000000
0.0000000000,0.0000000000,0.0000000000,0.0000000000,-0.0000000000,-0.0000000000,0.0000000000,0.0000000000,-0.0000000000,-0.1129642501,-0.0000000000,-0.0024985805,-0.0000000000,0.0000000000,-0.0000000000,-0.0000000000,-0.0000000000,0.0000000000,0.2128345166,0.0000000000,-0.2386328346,-0.0000000000,-0.1221299071,-0.1353920012,-0.1465943049,-0.8539791719,-0.6342102487,3.6863959250,-0.1163969998,-0.5331446939,-0.0631618932,0.0000000000,0.0000000000,0.0000000000,-0.0020914762,0.0000000000,-0.0000000000,0.0000000000,-0.0000000000,-0.0000000000,0.0000000000,-0.0000000000,-0.0000000000,-0.0000000000,-0.0000000000,-0.0000000000,-0.0000000000,0.0000000000,0.0862404750,0.0653264017,0.0000000000,-0.0000000000,0.0000000000,0.0000000000,-0.0213757502,-0.0000000000,0.0000000000,0.0000000000,-0.0000000000,-0.0000000000,-0.0000000000,0.0000000000,0.0000000000,0.0000000000,0.0000000000,-0.0000000000,0.0000000000,0.0000000000,0.0000000000,0.1750116350,-0.0000000000,0.0000000000,-0.0000000000,-0.0000000000,-0.0000000000,-0.0000000000,-0.0000000000,-0.0000000000,0.0000000000,0.0000000000,-0.0000000000,0.0000000000,-0.0000000000,0.0000000000,-0.0576218148,-0.0000000000,-0.0000000000,-1.1175222560,0.0000000000,0.0000000000,0.0119540214,-0.0000000000,0.0000000000,0.0000000000,0.0000000000,-0.0000000000,0.0000000000,-0.0000000000,0.0000000000,0.1140225213
-0.0000000000,0.0000000000,-0.0000000000,0.0000000000,-0.1389733824,-0.0000000000,0.0000000000,0.0000000000,0.0000000000,-0.0000000000,-0.0000000000,-0.0000000000,-0.0000000000,0.0989787957,-0.0000000000,-0.1854133571,0.0000000000,-0.0000000000,0.3378495127,-0.6570604169,-0.1808636806,-0.0000000000,-0.2448635362,-0.6083852223,-0.0702951991,-0.0000000000,-0.1165150584,-0.1163969998,3.4296852832,0.0000000000,-0.0000000000,-0.0000000000,-0.0000000000,0.0000000000,-0.3800987045,-0.0000000000,-0.1399098188,0.0000000000,0.0000000000,-0.0000000000,-0.0000000000,0.0000000000,-0.0000000000,0.0000000000,-0.0000000000,0.0000000000,-0.0000000000,0.0000000000,0.0000000000,0.0000000000,-0.0000000000,0.0000000000,0.0000000000,0.0000000000,-0.0000000000,0.0000000000,0.0000000000,0.0000000000,-0.0000000000,0.0000000000,-0.0000000000,-0.0000000000,0.0402920716,0.3587534271,0.0000000000,-0.0000000000,0.0000000000,0.0000000000,0.0000000000,0.0000000000,-0.0000000000,0.0000000000,0.0000000000,-0.0000000000,-0.0000000000,-0.0000000000,-1.3248100718,0.0000000000,0.0000000000,0.0000000000,-0.0000000000,0.2279474860,-0.0000000000,0.0000000000,-0.0000000000,0.0000000000,-0.0000000000,-0.0000000000,0.0000000000,-0.0000000000,0.0000000000,0.0000000000,0.0000000000,-0.0000000000,0.0000000000,0.0000000000,0.1572956435,-0.0000000000,0.0000000000,0.0090329707
