0,1,2,3,4,5,6,7,8,9,10,11,12,13,14,15,16,17,18,19,20,21,22,23,24,25,26,27,28,29,30,31,32,33,34,35,36,37,38,39,40,41,42,43,44,45,46,47,48,49,50,51,52,53,54,55,56,57,58,59,60,61,62,63,64,65,66,67,68,69,70,71,72,73,74,75,76,77,78,79,80,81,82,83,84,85,86,87,88,89,90,91,92,93,94,95,96,97,98,99
1.8734865347,0.0000000000,-0.0169111210,-0.0000000000,-0.0000000000,0.0000000000,0.0000000000,-0.0000000000,-0.0000000000,-0.0000000000,0.0000000000,-0.0000000000,0.1315674376,0.2248001976,0.0000000000,0.0000000000,0.0000000000,0.0000000000,0.0000000000,-0.0000000000,0.0000000000,0.1232316265,0.0000000000,0.0000000000,-0.0000000000,0.0000000000,0.0000000000,0.0000000000,0.1259842421,0.0000000000,0.0000000000,-0.5663680542,0.0000000000,-0.0000000000,0.0000000000,0.0000000000,0.0000000000,0.0000000000,-0.0059472867,-0.0000000000,-0.0000000000,0.0063774127,0.0000000000,0.0000000000,-0.0010102352,0.1812800279,0.0000000000,0.2623578770,0.0000000000,-0.0000000000,-0.8098803031,0.0000000000,0.0000000000,-0.0000000000,0.0000000000,-0.0000000000,-0.0000000000,0.0000000000,0.0000000000,0.0000000000,-0.0000000000,-0.0000000000,0.0000000000,-0.0000000000,0.0276981268,0.3887698827,-0.0000000000,0.0041339604,0.0000000000,0.0000000000,0.0000000000,0.0000000000,-0.0000000000,-0.0000000000,-0.0000000000,-0.0000000000,0.0000000000,0.0000000000,0.0000000000,-0.2332885722,-0.0000000000,-0.0054852673,-0.0000000000,-0.0000000000,-0.0356991209,-0.0538719100,-0.0000000000,-0.0000000000,-0.0000000000,-0.0000000000,-0.0000000000,-0.0000000000,-0.0086353503,-0.0000000000,-0.0000000000,0.0394780148,0.0000000000,-0.1100674302,-0.1747850068,-0.0000000000
0.0000000000,4.0760898563,-0.0819094758,-0.4939457916,-0.0000000000,-0.5868898369,-0.0000000000,-0.0000000000,-0.0000000000,-0.0000000000,-0.0000000000,0.0000000000,0.0000000000,-0.0000000000,-0.0000000000,-0.4028455673,-0.0000000000,-0.0000000000,0.0120771682,0.0000000000,-0.0000000000,-0.0000000000,-0.1441050386,0.0000000000,0.2316304572,-0.0000000000,-0.0000000000,-0.0000000000,0.0000000000,-0.0000000000,-0.0000000000,0.0000000000,0.0000000000,0.0000000000,0.0000000000,-0.0000000000,-0.0000000000,-0.0000000000,-0.0000000000,0.0000000000,-0.0000000000,0.0000000000,-0.0000000000,0.0000000000,-0.0000000000,-0.0000000000,-0.0000000000,-0.0000000000,-0.1477572804,0.0000000000,-0.0000000000,-1.5155930039,-0.2886627574,-0.1713685313,-0.1286868848,-0.0000000000,-0.0121006632,-0.4492947923,-0.0000000000,0.0000000000,-0.0000000000,0.0000000000,-0.0000000000,-0.0803681339,-0.0000000000,-0.0000000000,0.0000000000,-0.0000000000,0.0000000000,-0.0000000000,-0.0000000000,-0.0000000000,-0.0000000000,-0.0000000000,0.0000000000,-0.0000000000,0.0000000000,0.0000000000,0.1262269284,0.0000000000,-0.0000000000,0.0000000000,-0.0000000000,-0.0000000000,-0.0000000000,0.0000000000,-0.0000000000,0.0000000000,-0.0000000000,0.0000000000,0.0000000000,0.0000000000,-0.0000000000,0.0000000000,-0.0000000000,0.2064434229,0.0000000000,0.0000000000,0.0000000000,0.1445408449
-0.0169111210,-0.0819094758,1.6966582324,-0.0000000000,0.0000000000,-0.1554254504,-0.0000000000,-0.0000000000,-0.0000000000,-0.0000000000,0.0000000000,0.0000000000,-0.0000000000,-0.0000000000,-0.0000000000,-0.1677841652,0.0000000000,-0.0000000000,0.0000000000,0.0000000000,-0.0000000000,-0.0000000000,-0.1337190847,0.0792322574,0.1701198610,-0.0000000000,0.0000000000,0.0000000000,0.2730940191,0.0000000000,0.0000000000,0.0021510653,-0.0000000000,-0.0000000000,0.0000000000,-0.3041836236,-0.0000000000,0.0000000000,-0.1260646800,0.0000000000,0.0000000000,0.0000000000,0.0000000000,0.0000000000,0.0000000000,0.0000000000,0.0000000000,0.0000000000,-0.0234724461,0.0000000000,-0.0000000000,-0.2781037608,-0.0000000000,-0.0000000000,-0.1638498909,-0.1871095070,0.0000000000,-0.0000000000,0.0000000000,0.0000000000,0.0000000000,-0.1213358346,-0.0000000000,-0.0000000000,-0.0000000000,0.0000000000,0.0000000000,-0.0000000000,0.0000000000,0.0000000000,0.0000000000,-0.0000000000,0.0000000000,-0.0000000000,0.0000000000,0.0000000000,0.0337702284,0.0000000000,0.0000000000,0.0000000000,0.0000000000,0.0000000000,-0.0000000000,-0.0000000000,-0.0000000000,0.0000000000,-0.0000000000,-0.0000000000,-0.0000000000,0.0000000000,0.0000000000,0.0000000000,-0.0000000000,0.0000000000,0.0000000000,0.0000000000,0.0000000000,0.0221738636,-0.0000000000,0.0000000000
-0.0000000000,-0.4939457916,-0.0000000000,3.1167573862,-0.8898528478,-0.0000000000,-0.0000000000,-0.3381474366,-0.0000000000,-0.0000000000,0.0803054545,0.0000000000,-0.0000000000,-0.0000000000,-0.0000000000,-0.0319136385,-0.0000000000,0.0000000000,0.0000000000,0.0000000000,-0.0000000000,0.0000000000,-0.0000000000,0.0000000000,0.1824397010,0.0000000000,0.0000000000,-0.0726045110,0.0000000000,-0.0000000000,0.0000000000,-0.0000000000,-0.0000000000,0.0866036197,0.0000000000,0.2127396967,0.0000000000,-0.0000000000,0.0000000000,-0.0000000000,-0.0000000000,0.0000000000,0.0000000000,0.1316457170,-0.0000000000,-0.0000000000,0.0000000000,0.0000000000,-0.0000000000,0.0000000000,0.0000000000,-0.0000000000,-0.0000000000,-0.8132578726,-0.0000000000,0.0000000000,-0.0000000000,-0.3163245746,0.1711898326,-0.0000000000,-0.0000000000,-0.0000000000,-0.0000000000,-0.1087590645,-0.0068436189,0.0000000000,0.0000000000,-0.0000000000,0.0000000000,-0.0000000000,0.0000000000,0.0000000000,0.0000000000,0.0000000000,0.0000000000,-0.0000000000,0.0000000000,-0.0000000000,0.3290208412,0.0000000000,-0.0000000000,0.0000000000,0.0000000000,0.0000000000,-0.1873202569,0.0000000000,0.0000000000,-0.0000000000,0.0000000000,0.0000000000,0.1984827990,0.0000000000,-0.0000000000,0.0000000000,-0.0000000000,0.0461403584,-0.0000000000,-0.0000000000,0.1161258456,0.0000000000
-0.0000000000,-0.0000000000,0.0000000000,-0.8898528478,3.6460004878,-0.0000000000,-0.2131000077,-0.7190874323,-0.1061142186,-0.0000000000,0.0000000000,-0.0000000000,-0.0000000000,0.0000000000,-0.0000000000,-0.0000000000,-0.0000000000,-0.0000000000,0.0000000000,0.0000000000,0.0000000000,0.0941142307,-0.0000000000,-0.0000000000,-0.0000000000,-0.0000000000,0.0000000000,-0.0000000000,0.0000000000,-0.0000000000,0.0000000000,-0.0000000000,-0.0000000000,-0.0000000000,-0.0000000000,0.0000000000,0.0000000000,0.0000000000,0.0000000000,-0.0000000000,-0.3405288900,-0.0000000000,-0.0000000000,-0.0000000000,-0.0000000000,-0.0000000000,-0.0000000000,0.0000000000,-0.0000000000,-0.0000000000,-0.0000000000,-0.0000000000,-0.0000000000,-0.8572001344,-0.1302484302,0.0000000000,-0.2619834515,-0.6379413302,0.0000000000,-0.1049176956,-0.0000000000,0.0000000000,-0.1752802424,-0.0016258254,-0.0000000000,-0.0000000000,0.0000000000,-0.0000000000,-0.0000000000,-0.0000000000,0.0000000000,0.0000000000,0.0000000000,0.0000000000,0.0000000000,-0.0000000000,0.0000000000,0.0000000000,-0.0000000000,-0.0451966443,-0.0000000000,0.0000000000,-0.0000000000,0.0000000000,-0.0000000000,0.0000000000,0.0000000000,-0.0000000000,0.1198728454,0.0000000000,0.0000000000,-0.0000000000,-0.0000000000,-0.0000000000,-0.0000000000,0.0000000000,-0.0000000000,-0.0000000000,0.0000000000,0.0000000000
0.0000000000,-0.5868898369,-0.1554254504,-0.0000000000,-0.0000000000,4.0561558235,-0.0000000000,0.0000000000,-0.1731055612,-0.0000000000,-0.0000000000,0.0000000000,-0.0000000000,-0.0000000000,-0.0000000000,-0.0000000000,-0.0000000000,-0.0421487366,0.0000000000,0.0000000000,-0.0000000000,-0.0000000000,-0.0000000000,0.0000000000,0.0000000000,0.0000000000,-0.0000000000,0.0000000000,0.0000000000,-0.0000000000,-0.0000000000,0.0000000000,-0.0000000000,-0.0000000000,-0.0000000000,-0.0000000000,0.0000000000,-0.0000000000,0.0000000000,0.0000000000,0.0000000000,-0.0000000000,-0.0000000000,0.0000000000,-0.0000000000,-0.0000000000,-0.2794715704,0.0000000000,-0.1641111072,-0.0000000000,-0.0000000000,-0.0194319492,-0.0000000000,-0.0000000000,-1.1864566714,-1.3211650322,-0.0000000000,-0.1423538649,0.0000000000,0.3307970688,-0.0000000000,0.0000000000,-0.0000000000,-0.0993524556,-0.0000000000,-0.0000000000,-0.0000000000,0.0000000000,0.0000000000,-0.0000000000,-0.0000000000,0.0000000000,-0.0000000000,-0.0000000000,0.0346610834,0.0000000000,0.0000000000,0.0000000000,0.0000000000,0.0000000000,0.0000000000,0.0000000000,0.0000000000,-0.0000000000,0.0000000000,-0.0000000000,0.0000000000,0.4265618774,-0.0000000000,0.0000000000,0.0000000000,0.0128118061,-0.0000000000,0.0000000000,-0.0000000000,0.1288683343,0.0000000000,0.0000000000,0.0000000000,0.0685996709
0.0000000000,-0.0000000000,-0.0000000000,-0.0000000000,-0.2131000077,-0.0000000000,2.4166405251,-0.5200692532,-0.0000000000,-0.0000000000,-0.0013184543,0.0000000000,0.0000000000,0.0000000000,-0.0000000000,-0.3669053008,-0.0000000000,-0.0000000000,-0.2229309452,-0.0000000000,-0.0000000000,0.0000000000,-0.0000000000,-0.0000000000,0.0000000000,0.0000000000,0.2051913171,0.0000000000,-0.0000000000,0.0000000000,-0.0000000000,0.0000000000,-0.0000000000,0.0000000000,0.0000000000,0.0000000000,0.0000000000,-0.1247827156,-0.0000000000,-0.2472341073,-0.2486522144,-0.0000000000,-0.0000000000,0.0062070168,0.0000000000,-0.0000000000,-0.0000000000,-0.0000000000,-0.0000000000,-0.1260604184,0.0000000000,-0.0000000000,-0.0000000000,-0.1741212813,-0.1332919122,-0.0000000000,-0.0000000000,-0.0000000000,0.0000000000,0.0000000000,0.0000000000,0.0054684248,-0.0000000000,-0.0083718724,0.0000000000,-0.0000000000,-0.2056088772,-0.2948765578,0.0000000000,-0.0000000000,-0.0000000000,0.0000000000,0.0000000000,-0.3428451381,0.0000000000,0.0000000000,-0.0000000000,0.0023544652,0.0094631633,-0.0000000000,0.0000000000,0.0000000000,0.0000000000,0.0203553028,0.0000000000,0.0000000000,0.0000000000,0.0000000000,0.0000000000,-0.0000000000,0.0000000000,-0.0000000000,-0.0000000000,-0.0000000000,-0.0000000000,0.0000000000,-0.0000000000,0.0000000000,-0.0000000000,-0.0000000000
-0.0000000000,-0.0000000000,-0.0000000000,-0.3381474366,-0.7190874323,0.0000000000,-0.5200692532,2.8307755834,-0.4637994021,0.0000000000,0.0000000000,0.0000000000,-0.0000000000,0.0457182166,0.0000000000,-0.3601415652,-0.0000000000,-0.0000000000,-0.0000000000,0.0000000000,0.0000000000,0.0000000000,-0.0000000000,-0.0000000000,-0.0000000000,-0.0000000000,0.0000000000,0.0000000000,0.0000000000,0.0000000000,0.0086911087,-0.0000000000,-0.0000000000,0.0426644969,-0.0000000000,0.1473277011,0.0000000000,-0.0000000000,0.0000000000,-0.0000000000,-0.0000000000,-0.0000000000,-0.0000000000,0.0000000000,-0.0000000000,0.0000000000,-0.0000000000,0.2470828546,0.0000000000,0.0000000000,0.0000000000,-0.0000000000,-0.0000000000,-0.0000000000,-0.0000000000,0.0000000000,-0.2620171640,-0.0000000000,0.0000000000,-0.0000000000,0.0000000000,-0.0000000000,-0.0000000000,-0.0000000000,0.2221112622,0.0000000000,0.0000000000,-0.0901635587,-0.0000000000,-0.0000000000,0.0000000000,0.0000000000,0.0000000000,0.0000000000,-0.0000000000,-0.2932005026,0.0000000000,0.0000000000,0.0000000000,-0.0000000000,-0.0000000000,0.0192084273,0.0000000000,0.0373750916,0.0000000000,0.0235279907,0.0000000000,-0.0000000000,0.0908200351,0.0000000000,0.1894903236,-0.3690908314,0.0000000000,-0.0000000000,-0.0000000000,0.0000000000,0.0000000000,0.0490921958,0.1568982530,0.2533698603
-0.0000000000,-0.0000000000,-0.0000000000,-0.0000000000,-0.1061142186,-0.1731055612,-0.0000000000,-0.4637994021,3.1114604834,-0.0000000000,-0.0000000000,-0.0000000000,-0.0000000000,0.0000000000,-0.0000000000,-0.0000000000,-0.0000000000,-0.2637490479,0.0000000000,0.0000000000,-0.0000000000,0.0000000000,-0.0000000000,0.0000000000,-0.2503509155,-0.0000000000,-0.0000000000,0.0000000000,0.0000000000,-0.0000000000,0.0000000000,-0.0000000000,-0.0000000000,-0.0000000000,-0.0000000000,0.0000000000,-0.0000000000,-0.0000000000,-0.0000000000,0.0000000000,-0.0000000000,-0.0000000000,0.0000000000,-0.0000000000,0.0000000000,0.0000000000,-0.0000000000,0.1250890966,-0.0000000000,0.0000000000,-0.0000000000,-0.0000000000,-0.0000000000,-0.0000000000,-0.0000000000,-0.7654569214,-0.9114816287,-0.3776145933,-0.0000000000,0.0000000000,-0.0059153332,0.0000000000,-0.2713026728,-0.0000000000,0.0000000000,-0.0000000000,-0.0000000000,-0.0000000000,-0.0000000000,-0.0000000000,0.0000000000,0.0000000000,-0.0000000000,0.0861597312,0.0410300509,0.0000000000,0.0000000000,0.0000000000,-0.0000000000,-0.0251455678,0.0000000000,0.0000000000,0.0504724335,0.0000000000,0.0280384774,0.0000000000,0.0000000000,0.1821103385,0.0000000000,0.0060011524,0.0000000000,-0.0000000000,-0.0000000000,-0.0000000000,-0.0000000000,0.0000000000,0.0000000000,0.0434090337,-0.0000000000,0.0000000000
-0.0000000000,-0.0000000000,-0.0000000000,-0.0000000000,-0.0000000000,-0.0000000000,-0.0000000000,0.0000000000,-0.0000000000,2.3884554452,0.0000000000,-0.0000000000,0.0000000000,0.0000000000,-0.2841593744,-0.0000000000,-0.0000000000,0.0000000000,-0.0000000000,0.0000000000,-0.0000000000,0.0000000000,0.0372186549,-0.3820497351,-0.3915172719,-0.0000000000,-0.0000000000,0.0000000000,-0.0000000000,-0.0000000000,-0.0000000000,-0.0730507157,-0.1381772910,-0.0000000000,0.0000000000,0.0901603625,0.0000000000,0.0000000000,-0.2023381120,-0.5827672065,-0.0000000000,-0.0000000000,-0.0000000000,0.0000000000,-0.0000000000,-0.0000000000,0.0000000000,0.0000000000,0.0000000000,0.0000000000,0.0000000000,-0.0000000000,0.0000000000,0.0000000000,-0.0466448709,-0.0000000000,-0.0000000000,-0.0000000000,-0.0184495422,-0.0000000000,-0.6578702304,0.0000000000,-0.0000000000,-0.0501541399,-0.0000000000,-0.0000000000,-0.0000000000,-0.0000000000,0.0000000000,0.0000000000,0.0000000000,-0.0000000000,0.0000000000,-0.0000000000,-0.0000000000,0.0000000000,0.0000000000,-0.0000000000,0.0000000000,-0.0000000000,-0.0000000000,0.0000000000,0.0967723364,0.0000000000,-0.0702078704,-0.0000000000,0.0000000000,-0.0000000000,0.0000000000,-0.0000000000,0.0247036096,0.0911675738,-0.0000000000,-0.0000000000,-0.2212555154,0.0000000000,-0.0000000000,0.0415594947,0.0000000000,0.0335565475
0.0000000000,-0.0000000000,0.0000000000,0.0803054545,0.0000000000,-0.0000000000,-0.0013184543,0.0000000000,-0.0000000000,0.0000000000,1.5231356114,-0.2815862697,-0.0000000000,0.0000000000,-0.0000000000,0.0000000000,0.0000000000,-0.0000000000,0.0000000000,0.0000000000,0.3411581154,-0.0000000000,0.0000000000,-0.0000000000,0.0000000000,-0.0000000000,0.1709834265,-0.0297903265,0.0000000000,-0.0000000000,-0.0000000000,0.1319878268,0.0262474898,-0.0000000000,0.0000000000,-0.0113186125,-0.0172999446,-0.0000000000,0.0000000000,0.0000000000,-0.3223357823,-0.0000000000,-0.0759447729,0.0000000000,0.0860976556,0.0000000000,-0.0000000000,-0.0065385563,-0.0000000000,-0.1512671366,-0.0000000000,-0.0015200481,-0.0000000000,0.0347863390,-0.0000000000,-0.0000000000,-0.0000000000,-0.0000000000,-0.1145870845,-0.0000000000,0.0000000000,0.0000000000,0.1752358864,0.0000000000,0.0000000000,-0.0000000000,-0.0630906046,0.0000000000,0.0000000000,-0.0000000000,0.0000000000,-0.0000000000,0.0000000000,-0.0000000000,0.0000000000,-0.0000000000,0.0000000000,0.1296592854,0.0000000000,0.0000000000,0.0000000000,-0.3720592818,-0.0000000000,-0.0000000000,0.1775803580,0.0000000000,-0.0074669299,-0.0000000000,-0.0000000000,-0.0000000000,-0.0000000000,-0.0000000000,-0.0000000000,-0.0000000000,-0.0000000000,-0.0000000000,0.0000000000,-0.0000000000,-0.0000000000,-0.0000000000
-0.0000000000,0.0000000000,0.0000000000,0.0000000000,-0.0000000000,0.0000000000,0.0000000000,0.0000000000,-0.0000000000,-0.0000000000,-0.2815862697,2.8218751249,-0.3806028204,0.0000000000,-0.0000000000,0.0000000000,-0.0000000000,0.0000000000,0.0000000000,0.0000000000,0.0000000000,-0.0695922546,0.0000000000,-0.1209975945,-0.1539770228,-0.3148631213,-0.0000000000,-0.2584110978,-0.0000000000,-0.0000000000,0.0000000000,-0.0000000000,0.2081948795,-0.0122731533,-0.1850282723,-0.0000000000,-0.0186884124,-0.0000000000,0.0000000000,-0.0000000000,-0.0000000000,-0.1573591835,-0.0000000000,-0.3590524196,-0.0000000000,-0.0000000000,-0.0000000000,0.0000000000,-0.0000000000,-0.3626622775,-0.0000000000,0.0000000000,0.0083938211,0.0000000000,-0.0000000000,0.0000000000,-0.0473972195,-0.0000000000,-0.0000000000,-0.0000000000,-0.5138409154,-0.0000000000,-0.1208590793,0.0000000000,0.0000000000,0.0000000000,-0.0000000000,0.0000000000,0.0000000000,0.0000000000,0.0000000000,0.0000000000,-0.0000000000,0.0000000000,-0.0000000000,-0.0000000000,-0.0000000000,-0.0000000000,-0.0000000000,-0.0000000000,-0.0000000000,-0.0000000000,-0.0000000000,0.0000000000,0.0000000000,-0.0000000000,0.0000000000,-0.0000000000,0.0000000000,-0.0000000000,0.0000000000,-0.0000000000,0.0000000000,-0.1434181644,-0.0000000000,-0.0000000000,-0.0000000000,-0.0000000000,-0.0000000000,-0.0000000000
0.1315674376,0.0000000000,-0.0000000000,-0.0000000000,-0.0000000000,-0.0000000000,0.0000000000,-0.0000000000,-0.0000000000,0.0000000000,-0.0000000000,-0.3806028204,2.6535962769,-0.0000000000,-0.0000000000,0.0000000000,0.0000000000,0.0000000000,0.0000000000,0.0000000000,0.0000000000,-0.0000000000,-0.0000000000,0.0000000000,0.0000000000,-0.0000000000,0.1894023937,-0.0000000000,-0.0141709837,-0.0000000000,-0.0000000000,0.0000000000,0.0000000000,-0.0000000000,-0.0000000000,-0.0060293647,-0.1652980771,-0.0000000000,0.0000000000,-0.0000000000,-0.0000000000,-0.3423578995,-0.0000000000,-0.1916431151,-0.0000000000,-0.0000000000,-0.0000000000,-0.0000000000,-0.0000000000,-0.1030691403,0.0000000000,-0.0000000000,0.0000000000,-0.0000000000,-0.0000000000,0.0000000000,-0.0000000000,-0.0000000000,-0.0000000000,-0.1455702413,-0.0000000000,-0.6230481588,-0.5083326800,0.0000000000,-0.0000000000,-0.0000000000,0.0000000000,0.0000000000,0.0000000000,0.0000000000,0.0000000000,0.0000000000,0.0000000000,0.0831304964,0.0000000000,-0.0000000000,0.0000000000,-0.0000000000,-0.4280417502,-0.0071820407,0.1779446650,-0.0000000000,-0.0000000000,0.0000000000,0.1602781846,0.0000000000,0.0000000000,-0.1851157753,0.0000000000,0.0000000000,0.0000000000,0.0000000000,0.0000000000,-0.0000000000,0.0000000000,-0.1906564402,-0.0000000000,-0.0000000000,0.0000000000,-0.0000000000
0.2248001976,-0.0000000000,-0.0000000000,-0.0000000000,0.0000000000,-0.0000000000,0.0000000000,0.0457182166,0.0000000000,0.0000000000,0.0000000000,0.0000000000,-0.0000000000,3.0397758552,-0.2317942254,-0.0000000000,-0.3242139670,-0.0000000000,-0.7745812695,-0.0000000000,-0.0163621221,-0.0000000000,-0.2608632598,-0.0000000000,0.1335979706,0.0000000000,-0.0000000000,-0.0000000000,-0.0000000000,-0.0000000000,-0.4989956442,-0.0000000000,-0.0000000000,-0.0000000000,-0.0000000000,-0.0000000000,-0.0000000000,-0.0394535434,0.0000000000,0.0000000000,0.0000000000,-0.0000000000,-0.0000000000,0.0000000000,-0.0000000000,-0.0000000000,-0.0000000000,-0.0977508867,-0.0000000000,-0.0000000000,0.0000000000,-0.0000000000,-0.0000000000,-0.1379541356,-0.1204085476,-0.0000000000,0.0000000000,-0.0000000000,0.0000000000,-0.0000000000,0.0000000000,-0.0000000000,0.0000000000,-0.1009633595,-0.6371804534,-0.0000000000,0.0000000000,-0.0000000000,-0.0000000000,-0.0000000000,-0.0000000000,-0.0954607225,0.0000000000,0.0000000000,0.0000000000,0.0436161199,0.0000000000,-0.1705295297,-0.0000000000,0.0000000000,0.0000000000,0.0000000000,-0.0000000000,-0.0000000000,0.0000000000,-0.0000000000,-0.0000000000,-0.0000000000,-0.0000000000,0.0000000000,-0.0000000000,0.2607874447,0.0000000000,-0.0000000000,0.0000000000,0.0000000000,-0.0000000000,-0.0000000000,0.0000000000,-0.0000000000
0.0000000000,-0.0000000000,-0.0000000000,-0.0000000000,-0.0000000000,-0.0000000000,-0.0000000000,0.0000000000,-0.0000000000,-0.2841593744,-0.0000000000,-0.0000000000,-0.0000000000,-0.2317942254,4.1379713528,-0.0000000000,-0.0000000000,-0.0000000000,-0.0000000000,-0.0000000000,-0.0918446092,-0.0000000000,-0.0000000000,-0.0000000000,-0.0000000000,0.0000000000,-0.0000000000,-0.1995310189,-0.2823125991,-0.2078267613,-0.0000000000,0.0000000000,-0.0000000000,-0.0000000000,0.0000000000,0.0000000000,-0.1922866373,0.0000000000,-0.1345862686,-0.0000000000,-0.0000000000,-0.0000000000,-0.0000000000,-0.0000000000,0.0000000000,-0.0259723015,-0.0000000000,-0.0000000000,-0.0000000000,-0.0000000000,-0.0000000000,-0.1490653079,-0.0000000000,-0.0000000000,-0.0000000000,-0.0000000000,-0.0000000000,-0.0000000000,-0.0810812352,-0.0000000000,-0.0000000000,0.0000000000,0.0000000000,-0.2437895601,-0.1264319880,-2.0278345657,-0.0000000000,-0.0000000000,-0.0000000000,-0.0000000000,-0.0000000000,-0.0000000000,-0.0000000000,-0.0000000000,0.0000000000,0.0000000000,-0.0000000000,-0.0777385102,0.0000000000,-0.0000000000,0.0000000000,0.0000000000,0.0000000000,-0.0000000000,-0.0000000000,-0.0000000000,-0.0059848246,0.0000000000,0.0000000000,-0.0000000000,-0.0000000000,-0.0000000000,-0.0000000000,-0.0000000000,-0.0226852218,-0.0000000000,-0.1619356907,-0.0000000000,0.0000000000,0.0000000000
0.0000000000,-0.4028455673,-0.1677841652,-0.0319136385,-0.0000000000,-0.0000000000,-0.3669053008,-0.3601415652,-0.0000000000,-0.0000000000,0.0000000000,0.0000000000,0.0000000000,-0.0000000000,-0.0000000000,3.2820348225,-0.1968047832,-0.0511839605,-0.2914464553,-0.0000000000,-0.2661046274,-0.0138370030,-0.0000000000,-0.2461964886,-0.0000000000,-0.0000000000,-0.0000000000,0.0000000000,0.0000000000,0.0000000000,-0.0000000000,-0.0000000000,-0.2976925518,0.0000000000,0.0000000000,-0.0000000000,0.0000000000,-0.0000000000,-0.0000000000,0.0000000000,0.0000000000,-0.0000000000,-0.0000000000,0.5906863608,-0.0000000000,0.0000000000,0.0000000000,0.0000000000,-0.0000000000,0.0977501209,-0.0000000000,-0.2688317349,-0.5616344020,-0.0000000000,-0.0583352819,-0.0000000000,-0.0000000000,-0.0000000000,0.0000000000,0.0000000000,-0.0000000000,-0.0000000000,0.0000000000,-0.0807916841,0.0000000000,-0.0000000000,0.0000000000,-0.0337882517,-0.0000000000,-0.0000000000,-0.0643556493,-0.2192574108,0.0000000000,-0.0264724390,-0.2304763708,-0.0000000000,-0.0000000000,-0.0000000000,0.0000000000,0.0000000000,-0.0000000000,0.0000000000,-0.0000000000,-0.0000000000,-0.0478775670,0.0000000000,0.0000000000,-0.0000000000,-0.0000000000,0.0000000000,0.0000000000,0.0000000000,0.0000000000,0.0000000000,-0.0000000000,0.0000000000,0.0000000000,0.0000000000,-0.0000000000,0.0000000000
0.0000000000,-0.0000000000,0.0000000000,-0.0000000000,-0.0000000000,-0.0000000000,-0.0000000000,-0.0000000000,-0.0000000000,-0.0000000000,0.0000000000,-0.0000000000,0.0000000000,-0.3242139670,-0.0000000000,-0.1968047832,3.0882256932,-0.7619486917,-0.7830045005,-0.0000000000,-0.1452125146,-0.0000000000,0.0000000000,-0.4578165436,-0.0000000000,0.0000000000,-0.0000000000,-0.0000000000,-0.3362835212,-0.0000000000,-0.0000000000,-0.2291217605,-0.0000000000,-0.1364534603,-0.1531957648,-0.0000000000,0.0000000000,-0.0000000000,0.0000000000,0.0000000000,-0.0000000000,-0.1986335879,-0.0000000000,0.0000000000,-0.0000000000,-0.0000000000,-0.0000000000,0.0000000000,-0.0000000000,-0.0000000000,-0.0000000000,-0.0000000000,-0.0000000000,-0.0000000000,-0.0000000000,0.0000000000,-0.0000000000,-0.0000000000,-0.0000000000,-0.0000000000,-0.0000000000,-0.0000000000,0.0000000000,-0.0000000000,0.0000000000,-0.0000000000,-0.0000000000,-0.0000000000,-0.0000000000,-0.0000000000,-0.0000000000,-0.0484246043,-0.0000000000,-0.0000000000,-0.0000000000,0.0000000000,-0.0000000000,-0.0000000000,-0.0000000000,0.0000000000,-0.0000000000,-0.0000000000,-0.0000000000,-0.0000000000,0.0000000000,-0.0000000000,0.0000000000,0.0000000000,-0.0000000000,-0.0000000000,0.0000000000,0.0000000000,0.0000000000,-0.0000000000,-0.0000000000,0.0000000000,0.0000000000,0.0000000000,-0.0000000000,-0.0000000000
0.0000000000,-0.0000000000,-0.0000000000,0.0000000000,-0.0000000000,-0.0421487366,-0.0000000000,-0.0000000000,-0.2637490479,0.0000000000,-0.0000000000,0.0000000000,0.0000000000,-0.0000000000,-0.0000000000,-0.0511839605,-0.7619486917,3.8438877819,-0.0000000000,-0.2193987160,-0.0000000000,-0.0000000000,-0.0000000000,-0.0000000000,-0.0000000000,0.0000000000,-0.0000000000,-0.0000000000,-0.0000000000,-0.0000000000,-0.0000000000,0.0000000000,-0.0000000000,-0.6332730689,-0.2141032155,-0.2188995500,0.0000000000,0.0000000000,0.0000000000,0.1691475073,-0.0000000000,-0.0000000000,0.0000000000,0.0000000000,-0.0000000000,0.0000000000,-0.0000000000,-0.0000000000,-0.0000000000,0.0000000000,-0.2440635423,-0.0000000000,-0.1460967511,-0.0000000000,-0.0000000000,-0.1951152216,-0.0000000000,-0.0000000000,-0.0000000000,0.0173244878,-0.0000000000,0.0000000000,0.0000000000,-0.0000000000,0.0000000000,-0.0000000000,-0.0000000000,0.0000000000,-0.0000000000,-1.2112761858,-0.0296364302,0.0000000000,-0.0364753551,-0.0000000000,-0.0000000000,0.0000000000,-0.0000000000,0.0000000000,-0.0000000000,-0.0000000000,-0.0000000000,-0.0000000000,-0.0000000000,-0.0000000000,0.0000000000,-0.0000000000,0.0000000000,0.0207814444,-0.1538542138,0.0000000000,-0.0000000000,0.0000000000,0.0000000000,0.0000000000,-0.0000000000,0.0000000000,0.0000000000,0.0000000000,-0.0000000000,0.0000000000
0.0000000000,0.0120771682,0.0000000000,0.0000000000,0.0000000000,0.0000000000,-0.2229309452,-0.0000000000,0.0000000000,-0.0000000000,0.0000000000,0.0000000000,0.0000000000,-0.7745812695,-0.0000000000,-0.2914464553,-0.7830045005,-0.0000000000,2.5210546651,-0.0365605955,-0.3688994139,-0.0000000000,0.0000000000,-0.0000000000,-0.0000000000,0.0000000000,0.0000000000,0.1815316375,-0.0000000000,0.0100385505,-0.0000000000,-0.0000000000,-0.0134628906,0.0000000000,-0.0000000000,0.0000000000,0.0000000000,-0.1759994221,0.0196813575,0.0000000000,0.0000000000,-0.0000000000,-0.0000000000,0.0000000000,-0.0000000000,0.0877008340,0.0000000000,0.0483858951,-0.0000000000,-0.0000000000,0.0000000000,0.3570171071,-0.0000000000,-0.0000000000,-0.0000000000,0.0000000000,0.0000000000,0.0000000000,0.0000000000,-0.0000000000,0.0000000000,-0.0000000000,0.0449500124,-0.0000000000,0.0000000000,-0.0000000000,0.0000000000,-0.3880587558,-0.0000000000,0.0000000000,-0.0000000000,-0.0000000000,0.0000000000,-0.0000000000,-0.0000000000,0.0000000000,-0.0000000000,0.0000000000,-0.0000000000,0.0000000000,0.0000000000,0.0000000000,0.0000000000,-0.0000000000,0.0000000000,0.0000000000,0.0000000000,0.0000000000,0.0000000000,-0.0000000000,0.0000000000,0.0000000000,0.0000000000,-0.0000000000,0.0000000000,0.0373408150,0.0000000000,0.0603665111,-0.0000000000,-0.0582389220
-0.0000000000,0.0000000000,0.0000000000,0.0000000000,0.0000000000,0.0000000000,-0.0000000000,0.0000000000,0.0000000000,0.0000000000,0.0000000000,0.0000000000,0.0000000000,-0.0000000000,-0.0000000000,-0.0000000000,-0.0000000000,-0.2193987160,-0.0365605955,3.7236233108,-0.6915853832,-0.0000000000,-0.0103629975,-0.0000000000,0.0000000000,0.0000000000,0.0000000000,-0.0000000000,-0.2830609411,0.0000000000,-0.0000000000,0.0000000000,0.0000000000,-0.0000000000,-0.0000000000,-0.0000000000,-0.0000000000,-0.0000000000,-0.0000000000,-0.0000000000,-0.0000000000,-0.0000000000,0.0000000000,-0.0000000000,-0.1409487785,0.0000000000,-0.0000000000,-0.0000000000,-0.0215799088,-0.0000000000,-0.0000000000,0.0000000000,-0.0000000000,0.0000000000,0.0000000000,0.0000000000,0.1520535684,0.0000000000,0.0000000000,-0.0000000000,-0.0000000000,0.0000000000,0.0000000000,-0.0000000000,-0.0000000000,-0.0000000000,-0.0000000000,-0.0000000000,-0.0000000000,-0.0000000000,-1.1765291275,-0.0000000000,-0.0000000000,-0.4218881695,-0.0000000000,0.0000000000,-0.0681249616,-0.0000000000,-0.0000000000,0.0000000000,-0.0000000000,-0.0000000000,-0.0000000000,-0.0071283503,-0.0000000000,-0.0000000000,-0.0000000000,-0.0000000000,-0.5311220994,-0.3075204700,-0.0000000000,-0.0000000000,-0.0000000000,-0.0000000000,-0.0000000000,-0.0000000000,-0.1144134363,-0.0000000000,-0.0000000000,-0.1919184505
0.0000000000,-0.0000000000,-0.0000000000,-0.0000000000,0.0000000000,-0.0000000000,-0.0000000000,0.0000000000,-0.0000000000,-0.0000000000,0.3411581154,0.0000000000,0.0000000000,-0.0163621221,-0.0918446092,-0.2661046274,-0.1452125146,-0.0000000000,-0.3688994139,-0.6915853832,2.7175863660,-0.0000000000,-0.0000000000,-0.0176070328,0.0000000000,0.0682013950,-0.0000000000,0.0000000000,-0.2550187111,0.0000000000,-0.0000000000,0.0000000000,-0.0000000000,0.0000000000,0.0720035445,0.0000000000,0.0000000000,0.0000000000,0.0000000000,0.0000000000,0.0000000000,0.0000000000,0.3119789740,0.0000000000,-0.0000000000,0.0000000000,0.0000000000,0.0000000000,-0.0000000000,0.0354829353,0.0132147628,0.0000000000,-0.0000000000,-0.0000000000,-0.0000000000,-0.0000000000,0.0000000000,-0.0000000000,0.0000000000,0.0000000000,-0.0000000000,0.0000000000,0.0000000000,-0.4461448897,-0.0599861916,-0.0000000000,0.0000000000,-0.0572314683,-0.0000000000,-0.0000000000,-0.3509174287,-0.0000000000,0.0000000000,-0.0000000000,-0.0000000000,0.0000699923,-0.0855169962,-0.0000000000,0.0000000000,0.0324419048,-0.0000000000,0.0000000000,0.3156589115,-0.0000000000,-0.0448747177,-0.0000000000,0.0000000000,0.0000000000,-0.0000000000,-0.0000000000,0.0000000000,0.0536274999,-0.0000000000,0.0000000000,-0.0000000000,0.0084396412,-0.0000000000,0.0000000000,-0.0000000000,0.0000000000
0.1232316265,-0.0000000000,-0.0000000000,0.0000000000,0.0941142307,-0.0000000000,0.0000000000,0.0000000000,0.0000000000,0.0000000000,-0.0000000000,-0.0695922546,-0.0000000000,-0.0000000000,-0.0000000000,-0.0138370030,-0.0000000000,-0.0000000000,-0.0000000000,-0.0000000000,-0.0000000000,2.2796890060,0.0000000000,-0.1105855572,0.2883077372,-0.2461550470,-0.0000000000,-0.0080122684,-0.0000000000,0.0000000000,-0.0000000000,-0.0000000000,0.1087940094,-0.0000000000,-0.0527535060,-0.0460368872,-0.0808147974,-0.3927756724,0.0000000000,0.0000000000,0.0000000000,-0.0000000000,-0.5841505802,0.0000000000,-0.1101631667,-0.0000000000,-0.0000000000,0.0000000000,-0.0000000000,0.0000000000,0.0000000000,-0.0019225719,-0.0000000000,0.0000000000,-0.0000000000,0.0000000000,-0.0000000000,-0.0000000000,0.0000000000,0.1975940929,-0.0000000000,0.0000000000,0.0000000000,0.0000000000,-0.0000000000,-0.0000000000,0.0000000000,-0.0000000000,-0.0000000000,-0.0000000000,-0.0905204050,-0.1648920687,-0.0000000000,0.0000000000,-0.0000000000,-0.0000000000,-0.0469532063,-0.0752310974,0.0000000000,0.2194173440,-0.1310675867,-0.0000000000,-0.2717574380,-0.0606275601,-0.0000000000,-0.0000000000,-0.0000000000,-0.2316137304,-0.0000000000,0.0000000000,0.0000000000,0.2228970215,0.0000000000,-0.0000000000,-0.0000000000,0.0000000000,0.0000000000,-0.0000000000,0.0000000000,0.0000000000
0.0000000000,-0.1441050386,-0.1337190847,-0.0000000000,-0.0000000000,-0.0000000000,-0.0000000000,-0.0000000000,-0.0000000000,0.0372186549,0.0000000000,0.0000000000,-0.0000000000,-0.2608632598,-0.0000000000,-0.0000000000,0.0000000000,-0.0000000000,0.0000000000,-0.0103629975,-0.0000000000,0.0000000000,2.5631521066,0.0000000000,0.0000000000,0.1952341670,-0.2782495943,-0.0000000000,-0.0000000000,-0.0000000000,-0.0000000000,0.0000000000,-0.0000000000,-0.0000000000,-0.0000000000,-0.0000000000,-0.0000000000,-0.0000000000,-0.2565615003,-0.0000000000,-0.0000000000,-0.0000000000,-0.0000000000,-0.0000000000,-0.0000000000,-0.0000000000,-0.4942145058,-0.6775517892,-0.0000000000,-0.0000000000,-0.0000000000,-0.0000000000,-0.0000000000,-0.0000000000,-0.0395196711,-0.0000000000,-0.0000000000,-0.0000000000,0.0000000000,0.0000000000,0.0064356589,0.1200128207,-0.0000000000,-0.0352974642,-0.0000000000,-0.2783696845,-0.0000000000,-0.0000000000,0.0000000000,-0.0000000000,-0.0000000000,0.0000000000,-0.1452322598,-0.0000000000,0.0116601007,0.0017813411,0.0000000000,-0.1823909040,0.0000000000,0.0000000000,0.0000000000,0.0000000000,0.0000000000,-0.0000000000,0.0000000000,-0.0000000000,-0.0000000000,0.0000000000,0.0000000000,0.0000000000,-0.0000000000,-0.0000000000,-0.0000000000,0.0000000000,0.0000000000,-0.0000000000,-0.0000000000,-0.0000000000,-0.0000000000,-0.0000000000
0.0000000000,0.0000000000,0.0792322574,0.0000000000,-0.0000000000,0.0000000000,-0.0000000000,-0.0000000000,0.0000000000,-0.3820497351,-0.0000000000,-0.1209975945,0.0000000000,-0.0000000000,-0.0000000000,-0.2461964886,-0.4578165436,-0.0000000000,-0.0000000000,-0.0000000000,-0.0176070328,-0.1105855572,0.0000000000,2.2811650974,-0.1776140487,-0.0000000000,-0.0159982624,-0.0000000000,-0.0326853967,0.0000000000,0.0000000000,-0.0000000000,-0.0462192954,-0.1813710688,-0.0000000000,0.0000000000,0.2167189810,0.0000000000,-0.3367019021,0.0000000000,-0.0000000000,-0.0000000000,-0.0000000000,0.0000000000,0.0000000000,0.0000000000,0.0000000000,-0.0000000000,0.0640822984,0.0925059182,0.0000000000,-0.0000000000,0.0000000000,0.0000000000,0.0000000000,0.0000000000,-0.0000000000,0.0000000000,-0.0000000000,-0.1145098105,-0.0000000000,0.0000000000,0.0000000000,-0.0000000000,0.0000000000,-0.0000000000,0.0261482071,-0.0000000000,-0.0000000000,0.0000000000,-0.0000000000,-0.0000000000,-0.0000000000,-0.0000000000,-0.7354472258,-0.0000000000,-0.0000000000,-0.0544076166,-0.0000000000,0.0000000000,-0.0990165627,0.0209327853,0.0066249192,0.0000000000,-0.0000000000,-0.0000000000,0.0000000000,-0.0000000000,0.0000000000,0.0000000000,0.1328257187,0.1537907069,0.0297956339,0.0000000000,-0.0000000000,0.0000000000,0.0000000000,0.0153529183,0.0000000000,0.0000000000
-0.0000000000,0.2316304572,0.1701198610,0.1824397010,-0.0000000000,0.0000000000,0.0000000000,-0.0000000000,-0.2503509155,-0.3915172719,0.0000000000,-0.1539770228,0.0000000000,0.1335979706,-0.0000000000,-0.0000000000,-0.0000000000,-0.0000000000,-0.0000000000,0.0000000000,0.0000000000,0.2883077372,0.0000000000,-0.1776140487,1.7994239508,-0.0000000000,-0.0000000000,0.0000000000,0.0000000000,-0.0000000000,0.0000000000,-0.0349262499,-0.0000000000,-0.0976014607,-0.0000000000,0.0000000000,0.0000000000,0.0000000000,-0.0000000000,-0.0325801064,-0.0000000000,-0.3464297122,0.0000000000,-0.0000000000,0.0000000000,0.1210411162,0.0000000000,0.0000000000,0.0000000000,0.0000000000,-0.0000000000,0.0000000000,0.0000000000,0.0000000000,0.0000000000,-0.0000000000,-0.0000000000,0.0000000000,-0.2311128884,0.0000000000,-0.0000000000,0.0000000000,-0.0000000000,0.0000000000,0.1619881307,-0.0000000000,-0.0000000000,0.0000000000,0.0000000000,0.0000000000,0.0000000000,0.0000000000,0.0000000000,0.0000000000,-0.0000000000,-0.1413194766,0.1910607569,0.0000000000,-0.0000000000,-0.0458625056,0.0000000000,0.0000000000,0.0829188137,0.0000000000,0.0000000000,0.0000000000,0.0658441499,0.1644558845,0.0000000000,0.0000000000,0.0000000000,-0.1045887087,0.0000000000,-0.0324953970,0.0000000000,0.0000000000,0.0000769605,0.0000000000,-0.0000000000,0.0000000000
0.0000000000,-0.0000000000,-0.0000000000,0.0000000000,-0.0000000000,0.0000000000,0.0000000000,-0.0000000000,-0.0000000000,-0.0000000000,-0.0000000000,-0.3148631213,-0.0000000000,0.0000000000,0.0000000000,-0.0000000000,0.0000000000,0.0000000000,0.0000000000,0.0000000000,0.0682013950,-0.2461550470,0.1952341670,-0.0000000000,-0.0000000000,3.0436162821,0.0000000000,-0.0000000000,0.0000000000,-0.0000000000,0.3195825796,-0.0000000000,0.1523383659,0.0000000000,-0.0461198699,-0.0000000000,-0.0000000000,0.0000000000,-0.0000000000,-0.0000000000,0.0000000000,-0.0000000000,-0.2122235201,-0.3095828341,-0.0000000000,0.0000000000,0.0000000000,0.0000000000,-0.0000000000,0.0000000000,-0.0000000000,-0.0000000000,-0.0000000000,0.0000000000,-0.0000000000,0.0000000000,-0.3320488184,-0.0000000000,-0.0000000000,-0.0000000000,-0.5212085084,-0.0000000000,-0.0000000000,0.0460684602,0.1746604022,0.0000000000,-0.0000000000,-0.0000000000,-0.0000000000,0.0000000000,0.0000000000,-0.5008944162,-0.0000000000,0.0000000000,-0.0197149952,-0.5862753237,-0.0000000000,0.0000000000,0.0000000000,-0.0000000000,-0.0138880428,-0.0000000000,-0.5464749812,-0.0000000000,-0.0000000000,0.0000000000,0.0000000000,-0.0000000000,0.0000000000,-0.0000000000,0.0000000000,-0.0000000000,0.0000000000,-0.0000000000,-0.0000000000,-0.0185874962,0.0000000000,-0.0000000000,0.0000000000,0.1792658719
0.0000000000,-0.0000000000,0.0000000000,0.0000000000,0.0000000000,-0.0000000000,0.2051913171,0.0000000000,-0.0000000000,-0.0000000000,0.1709834265,-0.0000000000,0.1894023937,-0.0000000000,-0.0000000000,-0.0000000000,-0.0000000000,-0.0000000000,0.0000000000,0.0000000000,-0.0000000000,-0.0000000000,-0.2782495943,-0.0159982624,-0.0000000000,0.0000000000,2.9664320924,-0.0000000000,-0.0000000000,-0.9170849981,-0.0000000000,-0.3151070112,0.0000000000,-0.0000000000,-0.1682393479,0.0000000000,0.0000000000,0.0000000000,-0.1389097917,-0.0000000000,0.0000000000,-0.0000000000,-0.0000000000,0.0000000000,-0.4568155397,-0.0000000000,-0.1978436826,-0.0000000000,0.2263980805,0.0000000000,-0.0000000000,-0.0000000000,0.0000000000,0.0000000000,-0.0000000000,-0.0000000000,-0.0000000000,0.0000000000,-0.0000000000,0.2314033071,-0.0000000000,0.0000000000,0.0000000000,-0.1025366519,-0.0000000000,-0.0000000000,0.0000000000,0.0000000000,0.0000000000,0.0000000000,-0.0000000000,-0.0000000000,-0.0941145576,0.0000000000,-0.0000000000,0.0000000000,0.0000000000,-0.7714076365,0.0000000000,0.0000000000,0.0000000000,0.0000000000,0.0000000000,0.0907091803,-0.0000000000,-0.0014823017,0.2001583686,0.0000000000,-0.0000000000,0.0000000000,0.0000000000,0.0000000000,-0.0000000000,-0.0000000000,-0.0882878955,0.0000000000,-0.0000000000,0.0000000000,0.0000000000,0.0195997838
0.0000000000,-0.0000000000,0.0000000000,-0.0726045110,-0.0000000000,0.0000000000,0.0000000000,0.0000000000,0.0000000000,0.0000000000,-0.0297903265,-0.2584110978,-0.0000000000,-0.0000000000,-0.1995310189,0.0000000000,-0.0000000000,-0.0000000000,0.1815316375,-0.0000000000,0.0000000000,-0.0080122684,-0.0000000000,-0.0000000000,0.0000000000,-0.0000000000,-0.0000000000,2.5122606552,-0.0058517948,-0.0000000000,0.0000000000,-0.0000000000,0.0000000000,-0.0059913701,-0.0000000000,-0.0000000000,-0.2459280160,0.0000000000,-0.0000000000,0.0000000000,-0.0000000000,-0.0000000000,-0.0000000000,-0.0000000000,-0.0000000000,-0.2618229121,-0.0000000000,-0.0000000000,0.0000000000,-0.0000000000,-0.0000000000,-0.0000000000,0.0000000000,-0.0000000000,-0.0000000000,0.0000000000,-0.0000000000,-0.0000000000,-0.0000000000,-0.2268814500,-0.0000000000,-0.0973342231,-0.0000000000,-0.0000000000,-0.0259469701,-0.0000000000,0.0000000000,0.0000000000,-0.0000000000,0.0000000000,0.0000000000,-0.1900060721,-0.0000000000,0.0000000000,-0.0000000000,-0.0000000000,0.0000000000,-0.4806420310,0.0000000000,-0.0000000000,-0.0000000000,-0.0000000000,-0.0000000000,-0.0000000000,-0.0000000000,-0.0000000000,-0.0000000000,-0.7061757542,0.0000000000,0.0000000000,-0.0000000000,0.0000000000,0.0000000000,-0.0000000000,-0.0000000000,-0.1162337862,-0.0000000000,-0.1044525641,0.0000000000,-0.0000000000
0.1259842421,0.0000000000,0.2730940191,0.0000000000,0.0000000000,0.0000000000,-0.0000000000,0.0000000000,0.0000000000,-0.0000000000,0.0000000000,-0.0000000000,-0.0141709837,-0.0000000000,-0.2823125991,0.0000000000,-0.3362835212,-0.0000000000,-0.0000000000,-0.2830609411,-0.2550187111,-0.0000000000,-0.0000000000,-0.0326853967,0.0000000000,0.0000000000,-0.0000000000,-0.0058517948,2.6306824956,0.0000000000,-0.1609978642,-0.0000000000,-0.0000000000,-0.0000000000,-0.0000000000,0.0000000000,-0.2161463448,-0.0172047514,0.0000000000,0.0000000000,-0.0000000000,-0.0000000000,-0.0000000000,-0.0000000000,-0.0000000000,-0.0000000000,-0.0145863360,-0.0000000000,0.0000000000,-0.0000000000,0.0000000000,0.0000000000,0.0000000000,-0.0301628305,0.0000000000,0.0000000000,0.0000000000,0.0000000000,-0.0000000000,-0.0000000000,-0.0000000000,-0.0000000000,-0.0000000000,-0.0000000000,-0.0000000000,-0.0000000000,0.0000000000,-0.0000000000,-0.0000000000,0.0000000000,-0.0357693608,0.0000000000,-0.0000000000,0.0000000000,-0.0000000000,0.0000000000,-0.8224053100,-0.2167627240,-0.0000000000,0.0000000000,0.0000000000,0.0000000000,0.0285882928,0.0191454092,0.0000000000,-0.0000000000,-0.0878456343,-0.0000000000,-0.0000000000,-0.0000000000,0.0000000000,-0.0000000000,0.0000000000,-0.0000000000,-0.0000000000,-0.0000000000,-0.1229236482,0.0000000000,0.0000000000,-0.0820285947
