0,1,2,3,4,5,6,7,8,9,10,11,12,13,14,15,16,17,18,19,20,21,22,23,24,25,26,27,28,29,30,31,32,33,34,35,36,37,38,39,40,41,42,43,44,45,46,47,48,49,50,51,52,53,54,55,56,57,58,59,60,61,62,63,64,65,66,67,68,69,70,71,72,73,74,75,76,77,78,79,80,81,82,83,84,85,86,87,88,89,90,91,92,93,94,95,96,97,98,99
1.5276140087,0.0000000000,-0.2962302029,0.1324956760,0.0000000000,0.0000000000,0.0000000000,-0.0000000000,0.0000000000,-0.0000000000,-0.0000000000,-0.0000000000,0.0000000000,-0.0548754911,-0.0000000000,-0.1433306694,0.0000000000,-0.1757285223,-0.0000000000,-0.1196658844,-0.0000000000,0.0000000000,-0.0000000000,0.0000000000,-0.1151163422,-0.0000000000,-0.0000000000,0.0770666343,0.0000000000,-0.0000000000,-0.0000000000,-0.0538827349,-0.0507749821,-0.0000000000,-0.0000000000,-0.0226051654,0.0000000000,-0.0000000000,0.0000000000,0.0095788347,-0.0110659657,-0.1142263894,0.0000000000,0.0000000000,-0.0000000000,-0.0000000000,-0.0000000000,-0.1390965945,-0.0620549285,-0.0000000000,-0.4052747154,-0.0000000000,-0.0000000000,0.0130708624,0.0815572493,-0.0000000000,-0.0000000000,0.0000000000,-0.0000000000,0.0000000000,-0.1343739201,-0.0000000000,-0.0000000000,-0.0000000000,-0.0000000000,-0.1327993673,0.0000000000,0.0000000000,0.0000000000,-0.0000000000,-0.0000000000,0.0000000000,0.0000000000,0.0000000000,0.0000000000,0.0000000000,-0.0000000000,0.2114320615,0.0000000000,0.0000000000,0.0000000000,0.0000000000,0.0000000000,0.0000000000,-0.0000000000,0.0261826255,-0.0000000000,0.0647694985,-0.0000000000,0.0000000000,0.0000000000,-0.0000000000,-0.0000000000,0.0000000000,0.0000000000,-0.0000000000,-0.0000000000,-0.0000000000,-0.0000000000,-0.0000000000
0.0000000000,2.4584194562,-0.0834211191,-0.6421614382,-0.6018671144,0.0000000000,-0.0000000000,-0.5616151285,-0.0000000000,0.0000000000,-0.0000000000,-0.0000000000,0.0000000000,-0.0000000000,-0.0000000000,-0.3858268159,-0.0391691836,-0.0000000000,-0.0000000000,0.0000000000,-0.0000000000,-0.0000000000,-0.0000000000,-0.0000000000,-0.0000000000,-0.0000000000,-0.0000000000,-0.0000000000,-0.0000000000,0.0000000000,-0.0000000000,-0.1297284982,0.0000000000,0.0000000000,0.0000000000,-0.1468679543,-0.0000000000,-0.0000000000,-0.0000000000,-0.0000000000,-0.0000000000,-0.0410970728,-0.0000000000,-0.0000000000,0.0000000000,0.0000000000,0.0000000000,0.0014961738,0.0000000000,0.0000000000,-0.0198579572,-0.2533816736,0.0000000000,-0.1140846405,0.0000000000,0.0004597836,-0.1014553660,0.0000000000,0.0000000000,-0.0000000000,-0.0000000000,0.0000000000,-0.0000000000,-0.0000000000,0.0164225432,-0.0000000000,0.0000000000,-0.0000000000,-0.0000000000,-0.0000000000,0.0000000000,-0.0000000000,-0.0000000000,0.0000000000,0.0000000000,-0.0000000000,-0.0000000000,-0.0000000000,-0.0463423934,-0.0000000000,-0.0000000000,0.0000000000,-0.0000000000,-0.0000000000,-0.0000000000,0.0000000000,0.0000000000,-0.0000000000,0.0000000000,-0.0000000000,0.0000000000,-0.1672711468,0.0000000000,-0.1899405228,-0.0000000000,-0.0000000000,0.0230340625,0.2058484793,0.0000000000,-0.0000000000
-0.2962302029,-0.0834211191,2.2017054813,0.0049676765,-0.0000000000,-0.5782163606,-0.0000000000,-0.1873584420,-0.1085240825,0.0000000000,-0.2639312459,-0.0000000000,-0.0000000000,0.0000000000,-0.0222682808,-0.0000000000,0.0000000000,-0.0000000000,0.0000000000,-0.0241352938,-0.0000000000,0.0000000000,0.0000000000,-0.0000000000,-0.0140902050,-0.0000000000,-0.0000000000,0.0652591598,-0.1476106622,-0.0000000000,-0.0000000000,0.0000000000,0.0000000000,0.0000000000,0.1077736649,-0.0000000000,-0.0000000000,0.0000000000,0.0000000000,-0.0000000000,-0.0000000000,-0.0236900865,0.0000000000,-0.0000000000,0.0270809563,0.0000000000,0.0000000000,0.0000000000,-0.0000000000,0.0000000000,-0.2382981843,-0.3349177732,0.0000000000,0.0000000000,-0.0000000000,-0.0255336619,-0.1482482994,-0.0000000000,0.0000000000,-0.0463607074,-0.0000000000,-0.0000000000,-0.1048480845,0.0000000000,-0.0000000000,-0.0603200998,0.0000000000,0.1576007491,0.0000000000,-0.0000000000,-0.0000000000,0.0000000000,-0.0000000000,0.0000000000,0.0000000000,0.0000000000,-0.0000000000,-0.0000000000,-0.0000000000,0.2586297016,-0.0000000000,-0.0000000000,0.0000000000,0.0000000000,-0.0000000000,0.1337748582,-0.0000000000,0.0000000000,-0.0000000000,-0.0411423367,0.0000000000,0.0000000000,0.0254740603,0.0000000000,-0.0003021822,-0.0000000000,-0.0000000000,-0.0000000000,-0.0000000000,0.0000000000
0.1324956760,-0.6421614382,0.0049676765,2.3535869527,-0.0506903502,0.3429213447,-0.0005503547,-0.3849512111,0.0868739385,0.0000000000,0.0000000000,-0.0000000000,0.0000000000,-0.0000000000,-0.0000000000,-0.0000000000,-0.0000000000,-0.0000000000,0.0000000000,0.0541917549,-0.0863394616,0.0000000000,-0.0000000000,0.0038258386,-0.0000000000,0.0000000000,0.1087047055,0.0000000000,-0.0000000000,0.3037271885,-0.0000000000,-0.0000000000,0.0000000000,0.0000000000,0.0000000000,0.0000000000,-0.0000000000,-0.0000000000,0.0000000000,-0.0000000000,-0.0000000000,0.0063140266,0.0000000000,-0.0342378093,0.0000000000,-0.0000000000,0.0000000000,-0.0000000000,0.0000000000,-0.0000000000,0.0843367312,-0.0000000000,-0.0114667761,-0.9411624186,0.0000000000,0.0000000000,-0.0161639935,0.0000000000,-0.0000000000,0.0000000000,0.0169885412,0.0353150859,0.0925658699,0.0000000000,0.0537435238,0.0000000000,-0.0119183163,-0.0000000000,-0.0000000000,-0.0000000000,0.0000000000,-0.0000000000,-0.0000000000,-0.0000000000,0.0220115099,0.0000000000,0.0000000000,0.0181657548,-0.0000000000,-0.0000000000,0.0000000000,-0.0000000000,-0.0258379236,-0.0000000000,0.0000000000,-0.0000000000,0.0000000000,0.0000000000,0.0000000000,0.0000000000,-0.0000000000,-0.1931633216,-0.0612086375,-0.0214166633,0.0395221120,-0.0000000000,0.0000000000,0.0000000000,0.0000000000,-0.0000000000
0.0000000000,-0.6018671144,-0.0000000000,-0.0506903502,2.4288329616,-0.0565097225,-0.0000000000,-0.1562007656,-0.0000000000,0.0000000000,-0.0000000000,-0.1444368537,0.0000000000,-0.0000000000,-0.0000000000,0.0000000000,-0.0090099375,-0.0000000000,-0.0000000000,0.0000000000,0.0000000000,-0.0000000000,-0.0000000000,-0.0243363148,-0.0000000000,-0.0000000000,0.0000000000,-0.0000000000,-0.0000000000,0.0000000000,0.0000000000,0.0000000000,0.1472395500,-0.0000000000,0.0000000000,-0.1306346840,-0.0510081731,0.0000000000,-0.0000000000,-0.0000000000,-0.0000000000,0.0000000000,0.0000000000,-0.0000000000,-0.0000000000,0.0000000000,0.0000000000,0.0000000000,-0.0000000000,-0.0000000000,-0.0000000000,0.0000000000,0.4375174037,-0.1998982422,-1.0363263716,0.0000000000,0.0000000000,0.0000000000,0.0400032029,0.0000000000,0.0000000000,0.0513615925,-0.0000000000,0.1321076318,0.0000000000,0.0000000000,0.0233821351,-0.0000000000,-0.0017043235,-0.0000000000,0.2231711999,-0.0112278912,0.0000000000,0.0000000000,-0.0000000000,0.0000000000,-0.0000000000,-0.0000000000,-0.0000000000,0.3739563417,-0.1192703178,-0.0000000000,-0.0406185356,-0.0000000000,-0.0000000000,0.0000000000,-0.0503002167,-0.0759551541,0.0000000000,-0.0000000000,0.0000000000,0.0000000000,-0.0000000000,-0.0000000000,0.0000000000,-0.0000000000,0.0000000000,0.0000000000,0.0000000000,0.0000000000
0.0000000000,0.0000000000,-0.5782163606,0.3429213447,-0.0565097225,3.8692453676,-0.0000000000,0.0000000000,-0.8617521741,0.0000000000,-0.0000000000,0.0000000000,-0.0000000000,0.0000000000,-0.0000000000,0.0163580183,0.0000000000,0.0000000000,0.0513514985,-0.0000000000,0.0000000000,0.0000000000,0.0060568181,-0.0000000000,-0.0460277330,0.0000000000,0.0000000000,-0.0000000000,-0.0000000000,0.0000000000,0.0000000000,0.0000000000,0.0552134584,0.0000000000,0.0000000000,-0.0000000000,-0.0000000000,0.0000000000,0.0000000000,-0.0000000000,0.0000000000,0.0000000000,0.0000000000,0.0000000000,-0.0000000000,0.0000000000,0.0000000000,0.0919594416,-0.4140380427,0.0000000000,-0.0000000000,0.0000000000,0.0709379577,0.0000000000,-1.2531740333,-0.5014569003,0.0000000000,-0.0000000000,0.0000000000,-0.0000000000,0.0000000000,-0.0000000000,-0.0004792621,-0.0000000000,-0.0000000000,-0.0000000000,0.0000000000,0.0000000000,0.0000000000,0.0304584103,-0.0000000000,0.0000000000,-0.0000000000,0.0000000000,-0.0000000000,-0.0000000000,-0.1440934648,-0.0453726446,-0.0000000000,0.0227418853,-0.0000000000,-0.0000000000,-0.0000000000,0.0000000000,-0.0000000000,0.0000000000,-0.1513215581,-0.0000000000,-0.0000000000,-0.0000000000,0.0000000000,0.0000000000,0.1382482166,-0.0000000000,0.0000000000,0.0000000000,-0.0000000000,-0.0744059794,-0.2536170445,0.0000000000
0.0000000000,-0.0000000000,-0.0000000000,-0.0005503547,-0.0000000000,-0.0000000000,2.0132014504,-0.1379286352,-0.0000000000,0.0183216082,0.0000000000,-0.0000000000,0.0000000000,-0.0000000000,0.1895721178,-0.0000000000,-0.0000000000,-0.0000000000,-0.0000000000,-0.0000000000,0.0000000000,0.0000000000,-0.0799438181,-0.0000000000,-0.1096236236,0.0000000000,-0.0000000000,0.0000000000,-0.3234048128,-0.0000000000,-0.0000000000,0.0000000000,0.0000000000,-0.0000000000,0.0000000000,-0.1217586893,-0.0000000000,0.0000000000,0.0000000000,-0.0000000000,-0.0000000000,0.0000000000,0.0000000000,0.0000000000,-0.0000000000,0.0000000000,0.0000000000,0.0000000000,-0.0000000000,-0.0000000000,-0.0000000000,-0.1711883964,-0.7313868693,-0.2378597634,0.0000000000,-0.0000000000,-0.0000000000,-0.1107201827,0.0000000000,0.0000000000,-0.0000000000,-0.0000000000,0.0000000000,0.0000000000,0.0000000000,0.0837558593,-0.6706992708,-0.1187712741,0.0000000000,0.0000000000,0.0000000000,-0.0000000000,0.0000000000,0.0566848790,-0.0000000000,0.0000000000,0.0000000000,-0.0000000000,-0.0000000000,-0.0000000000,-0.0158045539,0.0000000000,-0.0000000000,-0.0000000000,-0.0000000000,0.0000000000,-0.0000000000,0.1014843588,-0.0000000000,-0.0000000000,0.0159419483,-0.0000000000,0.1749173156,0.0000000000,0.0000000000,0.0000000000,0.0000000000,0.0000000000,-0.0000000000,-0.0000000000
-0.0000000000,-0.5616151285,-0.1873584420,-0.3849512111,-0.1562007656,0.0000000000,-0.1379286352,2.9322370802,-0.0000000000,0.0000000000,-0.0000000000,0.0000000000,-0.0000000000,0.0000000000,-0.0000000000,-0.0000000000,0.0000000000,-0.8135209231,-0.0000000000,-0.0000000000,-0.0000000000,-0.0000000000,-0.0000000000,0.0121157146,-0.0000000000,-0.0000000000,0.0000000000,0.0000000000,-0.0000000000,0.0000000000,-0.0000000000,0.0000000000,0.0392089472,0.1045344046,0.0000000000,-0.0000000000,0.0000000000,0.0000000000,0.0000000000,0.0881969615,0.0000000000,-0.0000000000,0.0000000000,-0.0000000000,0.0000000000,0.0000000000,0.0640400296,0.0000000000,-0.0000000000,0.0451767639,-0.0000000000,-0.0000000000,-0.0000000000,-0.0000000000,-0.0000000000,0.0000000000,-0.6619205324,-0.4759376130,-0.0257755690,-0.0000000000,0.0000000000,0.0000000000,-0.0000000000,-0.0000000000,0.0000000000,-0.0000000000,0.0266383924,-0.0000000000,-0.0000000000,-0.0000000000,0.0000000000,-0.1689517757,-0.0000000000,0.0000000000,-0.0000000000,0.0000000000,-0.0000000000,0.0000000000,-0.0000000000,0.0000000000,-0.0000000000,0.0000000000,-0.0000000000,-0.0000000000,0.0000000000,0.0000000000,0.0031432998,0.0034344575,0.0000000000,0.0273503950,0.0070441769,-0.0000000000,0.0000000000,0.0000000000,-0.0000000000,0.0000000000,0.0000000000,0.1112616819,0.0000000000,0.0000000000
0.0000000000,-0.0000000000,-0.1085240825,0.0868739385,-0.0000000000,-0.8617521741,-0.0000000000,-0.0000000000,3.1004584017,-0.0371811915,-0.0000000000,0.0000000000,-0.0000000000,-0.0000000000,-0.0000000000,0.0000000000,0.0000000000,0.0000000000,0.0000000000,-0.0000000000,-0.0000000000,0.0000000000,0.0000000000,0.0000000000,0.0000000000,0.0000000000,0.0000000000,-0.0000000000,-0.0000000000,-0.0000000000,0.0000000000,0.0000000000,0.0000000000,0.0000000000,0.0000000000,-0.2398440067,-0.0000000000,0.0000000000,-0.0000000000,-0.0210831190,0.0000000000,-0.0081791721,0.0000000000,0.0000000000,0.0000000000,0.2294058181,-0.0000000000,0.0000000000,-0.0176321340,0.0000000000,-0.0000000000,-0.0000000000,0.0000000000,0.0000000000,-0.1426719968,-0.5149629434,-0.0000000000,-0.9451674631,-0.0000000000,-0.0211016589,-0.0000000000,-0.0000000000,-0.1291435449,-0.0787378287,-0.0000000000,-0.0000000000,0.0000000000,0.0000000000,0.0000000000,-0.0000000000,-0.0000000000,0.0000000000,-0.0000000000,-0.0000000000,-0.0000000000,-0.0000000000,-0.1450999623,-0.1517369929,-0.0000000000,0.0000000000,0.0000000000,0.0000000000,-0.0000000000,-0.0000000000,-0.0000000000,-0.0000000000,0.0000000000,0.0000000000,-0.0000000000,0.0000000000,0.0000000000,0.0000000000,0.0000000000,0.0000000000,-0.0000000000,0.0000000000,0.0000000000,-0.0000000000,-0.0571163324,0.0000000000
-0.0000000000,0.0000000000,0.0000000000,0.0000000000,0.0000000000,0.0000000000,0.0183216082,0.0000000000,-0.0371811915,2.2353870077,-0.1861549635,-0.0000000000,0.0000000000,-0.0652771084,-0.0000000000,0.0000000000,0.0000000000,0.0000000000,-0.0000000000,-0.0000000000,-0.0000000000,-0.0000000000,0.0000000000,-0.0000000000,-0.0000000000,0.0000000000,-0.0000000000,-0.1548321943,-0.0000000000,-0.0000000000,0.0000000000,-0.0000000000,-0.0000000000,-0.0000000000,-0.0000000000,-0.0000000000,-0.0000000000,-0.0000000000,-0.0000000000,-0.2659301942,0.0000000000,-0.0400037347,0.0000000000,-0.0000000000,0.0000000000,0.0000000000,0.0000000000,-0.0000000000,-0.0000000000,-0.0000000000,0.2075052189,-0.0000000000,-0.0000000000,0.1003651865,-0.0000000000,0.0000000000,0.0000000000,0.0000000000,-0.8061254647,-0.1780156446,-0.0724572362,0.0000000000,-0.0000000000,-0.0000000000,0.0000000000,-0.0000000000,0.0000000000,0.0000000000,0.0000000000,0.0000000000,-0.0000000000,0.0000000000,-0.0000000000,-0.4032278125,-0.0934772261,-0.1465064342,-0.0000000000,-0.0000000000,0.0000000000,-0.0000000000,0.0000000000,0.0000000000,0.0993084897,0.0000000000,-0.0509066091,-0.0000000000,-0.0000000000,0.0000000000,-0.0000000000,-0.0000000000,0.0000000000,-0.0221255545,-0.0081844731,0.1777077413,0.0000000000,0.0000000000,0.0000000000,-0.0000000000,-0.0000000000,-0.0000000000
-0.0000000000,-0.0000000000,-0.2639312459,0.0000000000,-0.0000000000,-0.0000000000,0.0000000000,-0.0000000000,-0.0000000000,-0.1861549635,2.3394362218,-0.6167762230,-0.0000000000,-0.0000000000,-0.0000000000,0.0000000000,0.1769720535,0.0502163254,0.0000000000,0.0000000000,0.0000000000,0.0000000000,0.1648967878,0.0000000000,-0.0244457357,-0.2467151599,0.0000000000,0.0000000000,0.0000000000,-0.0000000000,0.1310814880,-0.0000000000,0.0000000000,0.1685231448,0.0000000000,0.0000000000,-0.0000000000,-0.0000000000,0.0000000000,0.0000000000,0.0000000000,-0.0004368885,-0.0000000000,-0.1377385302,0.0000000000,-0.0000000000,0.0000000000,0.0815554007,-0.0000000000,0.0000000000,0.0000000000,-0.0000000000,0.1703871639,-0.0000000000,-0.0000000000,-0.0000000000,-0.0000000000,-0.0000000000,0.0000000000,-0.7054629040,-0.0000000000,-0.0000000000,-0.0000000000,-0.0000000000,-0.0000000000,-0.2301282471,0.0000000000,0.0000000000,0.0000000000,0.0000000000,0.0000000000,0.0000000000,-0.0000000000,0.0000000000,-0.0000000000,-0.0711301285,-0.0000000000,-0.0000000000,0.0000000000,0.0000000000,0.0000000000,0.0000000000,0.0000000000,0.0000000000,-0.0000000000,0.0000000000,-0.0000000000,0.0000000000,-0.0000000000,0.0000000000,0.0000000000,0.0000000000,0.0000000000,0.0000000000,-0.0000000000,-0.0000000000,0.0000000000,0.0000000000,-0.0000000000,0.0000000000
-0.0000000000,-0.0000000000,-0.0000000000,-0.0000000000,-0.1444368537,0.0000000000,-0.0000000000,0.0000000000,0.0000000000,-0.0000000000,-0.6167762230,2.2617125776,-0.1050553406,-0.0407639628,0.0000000000,0.0000000000,-0.4100488997,0.0000000000,0.0000000000,0.0000000000,-0.0000000000,-0.0000000000,0.0000000000,-0.2495802186,-0.0000000000,-0.3206051701,0.0000000000,-0.0000000000,-0.0000000000,-0.0000000000,0.0000000000,-0.0149296081,0.0000000000,0.0000000000,0.0280942884,-0.0000000000,-0.0000000000,-0.0000000000,0.0000000000,-0.0730868181,0.0000000000,0.0000000000,-0.0000000000,-0.0000000000,0.0693443891,0.0000000000,0.0000000000,0.0000000000,-0.0000000000,-0.0000000000,0.0000000000,0.0000000000,0.0517106770,-0.0548918300,0.0000000000,0.0000000000,0.0000000000,0.0149842253,0.0000000000,-0.2720265856,-0.2569602765,-0.0000000000,-0.0000000000,-0.0000000000,-0.0000000000,-0.0000000000,0.0000000000,-0.0000000000,-0.0000000000,0.0000000000,0.0000000000,-0.0000000000,0.0000000000,0.0000000000,-0.2612861574,-0.0000000000,-0.0000000000,-0.1628180646,0.0991120069,-0.0000000000,-0.0000000000,-0.0000000000,-0.0000000000,0.0000000000,-0.0000000000,0.0000000000,-0.0889561869,-0.0000000000,0.0000000000,-0.0000000000,0.0000000000,-0.0000000000,-0.0412330266,0.0000000000,0.0000000000,-0.0338837662,0.0000000000,0.0000000000,-0.0000000000,0.0000000000
0.0000000000,0.0000000000,-0.0000000000,0.0000000000,0.0000000000,-0.0000000000,0.0000000000,-0.0000000000,-0.0000000000,0.0000000000,-0.0000000000,-0.1050553406,2.5437531566,-0.0000000000,-0.0000000000,0.0000000000,-0.0000000000,0.0000000000,0.0000000000,-0.0000000000,0.0000000000,-0.0187175360,0.0000000000,-0.0000000000,-0.0000000000,-0.0000000000,-0.0000000000,-0.0000000000,-0.0976325848,-0.1431249957,-0.0000000000,-0.0000000000,0.0000000000,-0.0000000000,-0.0000000000,-0.0000000000,-0.0000000000,0.0000000000,0.0000000000,0.0000000000,0.0000000000,0.1550553172,0.0000000000,-0.0000000000,0.0000000000,-0.0000000000,-0.0000000000,-0.0000000000,-0.0000000000,0.0000000000,0.0000000000,-0.0000000000,0.0000000000,0.0615092904,-0.0000000000,-0.0000000000,0.0000000000,-0.0000000000,-0.0000000000,-0.1719779120,-0.0801157727,-1.4457005242,-0.3864467171,-0.0000000000,-0.0000000000,-0.0000000000,-0.0000000000,0.0000000000,0.0000000000,0.0000000000,-0.0078883339,-0.0219212439,-0.0000000000,0.0000000000,0.0000000000,-0.0696044436,-0.0284233710,-0.0077841984,0.0000000000,-0.0000000000,-0.0000000000,0.0000000000,-0.0000000000,-0.0000000000,-0.0000000000,0.0000000000,-0.0000000000,-0.0000000000,-0.0000000000,0.0000000000,0.0524054674,0.0000000000,0.0000000000,0.0000000000,-0.0000000000,-0.0000000000,-0.0000000000,-0.0000000000,-0.0000000000,0.0000000000
-0.0548754911,-0.0000000000,0.0000000000,-0.0000000000,-0.0000000000,0.0000000000,-0.0000000000,0.0000000000,-0.0000000000,-0.0652771084,-0.0000000000,-0.0407639628,-0.0000000000,1.9193308944,-0.2851810061,0.0000000000,-0.3751106390,0.0000000000,-0.0000000000,-0.0000000000,-0.5358032376,0.0000000000,-0.2071584941,0.0000000000,0.0000000000,0.0000000000,0.0846376872,0.0000000000,0.0268783412,-0.0286283998,0.0000000000,-0.0280089250,-0.0000000000,0.0000000000,0.0000000000,-0.0000000000,-0.0000000000,-0.0000000000,-0.0000000000,-0.0000000000,0.0000000000,0.0000000000,0.0000000000,-0.0000000000,0.0000000000,-0.0000000000,-0.0000000000,-0.0000000000,-0.2664784213,-0.0536336853,-0.0000000000,-0.0000000000,0.0000000000,-0.0000000000,0.0000000000,-0.0000000000,0.0000000000,0.0000000000,0.0000000000,0.0000000000,0.0000000000,-0.0778076996,-0.0000000000,-0.0000000000,-0.0000000000,-0.1905693782,-0.0000000000,-0.0000000000,0.0000000000,0.0000000000,-0.0000000000,0.0000000000,0.0000000000,-0.0000000000,-0.0000000000,0.1032551929,-0.0000000000,-0.0000000000,0.1493222224,0.0000000000,0.2428676891,-0.0000000000,0.0000000000,0.0000000000,0.0000000000,-0.0000000000,-0.0000000000,0.0000000000,-0.0000000000,0.0000000000,0.0000000000,-0.0000000000,-0.0375246361,0.0000000000,0.0000000000,-0.0000000000,-0.0000000000,-0.0000000000,-0.0000000000,-0.2023620704
-0.0000000000,-0.0000000000,-0.0222682808,-0.0000000000,-0.0000000000,-0.0000000000,0.1895721178,-0.0000000000,-0.0000000000,-0.0000000000,-0.0000000000,0.0000000000,-0.0000000000,-0.2851810061,3.1752087091,0.2226418219,0.0412174611,-0.0000000000,0.0000000000,-0.0000000000,-0.0756173889,-0.0000000000,-0.0000000000,0.0000000000,0.0000000000,0.0000000000,0.0000000000,-0.0000000000,-0.2734620312,-0.0000000000,0.0000000000,0.0000000000,-0.0000000000,0.0000000000,-0.0000000000,0.0000000000,0.0000000000,0.0000000000,0.0000000000,0.0000000000,0.0000000000,0.0000000000,0.0000000000,0.0000000000,-0.0000000000,-0.0000000000,-0.0000000000,-0.1418912034,-0.0000000000,0.0000000000,-0.0000000000,-0.1246743001,0.0000000000,0.0000000000,-0.0000000000,-0.0000000000,-0.0000000000,-0.0000000000,-0.0000000000,-0.0000000000,0.0000000000,-0.0967925894,-0.0126394041,-0.0000000000,-0.0000000000,-1.6971348690,0.0000000000,0.0142927555,-0.0000000000,0.0000000000,-0.4410238221,-0.0000000000,-0.0000000000,-0.0000000000,0.0000000000,0.0674033726,-0.3643121650,-0.0000000000,0.0972828710,0.0000000000,0.0752730632,-0.0000000000,-0.0000000000,-0.0000000000,0.0000000000,-0.0000000000,-0.0000000000,-0.0000000000,0.0000000000,0.0000000000,0.0000000000,0.0000000000,-0.0000000000,0.0000000000,0.0000000000,0.0000000000,-0.0000000000,-0.0000000000,-0.0000000000,0.0000000000
-0.1433306694,-0.3858268159,-0.0000000000,-0.0000000000,0.0000000000,0.0163580183,-0.0000000000,-0.0000000000,0.0000000000,0.0000000000,0.0000000000,0.0000000000,0.0000000000,0.0000000000,0.2226418219,2.0872742015,-0.0000000000,-0.5117836278,-0.0870342770,0.0000000000,-0.0000000000,-0.0000000000,-0.0000000000,-0.0000000000,-0.0000000000,0.0000000000,0.0000000000,0.0000000000,0.0000000000,0.0000000000,-0.1784665165,-0.0000000000,-0.4760532579,-0.0000000000,0.0000000000,0.0000000000,0.0000000000,-0.3217838683,-0.0000000000,-0.0000000000,-0.0000000000,-0.0000000000,-0.0000000000,-0.0000000000,0.0000000000,-0.0000000000,-0.0000000000,0.0000000000,0.1111249499,-0.0000000000,-0.3140491451,-0.0000000000,-0.1663158977,0.2094095905,0.0474260343,0.0373288699,-0.0000000000,0.1534272160,0.0000000000,-0.0000000000,-0.0000000000,0.0690035040,-0.0000000000,-0.0000000000,0.0000000000,0.0000000000,0.0000000000,0.0000000000,-0.1141952204,-0.0000000000,0.0000000000,-0.0000000000,-0.1605622374,0.0000000000,0.0000000000,-0.0000000000,0.0000000000,0.0000000000,-0.0000000000,-0.0000000000,-0.0000000000,0.0000000000,0.0566978698,0.0000000000,0.0000000000,0.0000000000,0.1296551394,0.0000000000,0.0000000000,-0.0000000000,-0.0000000000,-0.0307344049,0.0000000000,-0.0000000000,-0.0000000000,-0.0329357376,0.0000000000,0.0000000000,0.0000000000,-0.0000000000
0.0000000000,-0.0391691836,0.0000000000,-0.0000000000,-0.0090099375,0.0000000000,-0.0000000000,0.0000000000,0.0000000000,0.0000000000,0.1769720535,-0.4100488997,-0.0000000000,-0.3751106390,0.0412174611,-0.0000000000,1.9916070410,-0.0000000000,-0.2821317313,-0.0000000000,-0.0000000000,-0.0113226934,-0.2616494611,-0.4799356834,0.0000000000,-0.0000000000,-0.1293100459,-0.0000000000,0.0000000000,-0.0000000000,0.0000000000,-0.0838772756,-0.0000000000,-0.2459939990,0.0000000000,-0.0000000000,-0.0000000000,-0.0000000000,-0.0000000000,-0.0000000000,-0.0000000000,0.0000000000,0.0000000000,0.0000000000,0.0000000000,0.0000000000,-0.0000000000,-0.0000000000,0.0000000000,-0.0000000000,0.0000000000,0.0000000000,-0.0000000000,-0.0000000000,0.0000000000,0.0000000000,0.0381850230,0.1563343847,0.1583075603,0.1187921283,-0.0000000000,0.0000000000,0.0000000000,0.0555565526,-0.0000000000,0.1649196698,-0.0000000000,-0.2970536510,-0.0000000000,0.0000000000,0.0630495629,-0.0000000000,0.0000000000,-0.0000000000,0.0000000000,0.0000000000,0.0000000000,-0.0000000000,0.0000000000,0.0000000000,-0.0000000000,-0.0321924379,0.0000000000,0.0000000000,-0.0000000000,0.0000000000,-0.0242710465,-0.0000000000,0.0000000000,-0.0820082720,0.0000000000,-0.0000000000,-0.0030743453,0.0000000000,0.0000000000,-0.0000000000,0.0000000000,0.0000000000,0.0000000000,-0.0000000000
-0.1757285223,-0.0000000000,-0.0000000000,-0.0000000000,-0.0000000000,0.0000000000,-0.0000000000,-0.8135209231,0.0000000000,0.0000000000,0.0502163254,0.0000000000,0.0000000000,0.0000000000,-0.0000000000,-0.5117836278,-0.0000000000,3.3280913071,-0.5442936488,-0.0322337599,-0.0000000000,-0.2031936962,-0.4416519388,0.0000000000,0.0000000000,-0.0000000000,-0.0697558705,-0.0000000000,0.0000000000,0.0000000000,-0.0401274534,-0.0000000000,-0.0000000000,-0.0622787904,-0.0000000000,-0.0000000000,0.0000000000,0.0407728574,0.0000000000,0.1102133935,-0.0000000000,-0.1113511024,-0.0000000000,-0.0000000000,-0.0000000000,-0.0000000000,-0.0000000000,-0.0000000000,0.0000000000,-0.0000000000,-0.0000000000,-0.0000000000,-0.0000000000,-0.0000000000,-0.0000000000,0.0000000000,-0.0654160263,-0.0000000000,-0.0000000000,0.0000000000,0.0000000000,0.0000000000,-0.0000000000,0.0000000000,0.0000000000,-0.0000000000,0.3281460333,0.0000000000,-0.1947504246,-0.8714289757,0.0000000000,-0.0000000000,-0.0000000000,0.0000000000,0.0000000000,0.0000000000,0.0000000000,0.0000000000,-0.0000000000,0.0000000000,-0.0000000000,-0.0000000000,0.0000000000,-0.0000000000,0.0000000000,0.0000000000,0.0000000000,0.0000000000,0.0000000000,0.0000000000,0.0000000000,-0.0000000000,0.0000000000,0.0000000000,0.0000000000,-0.0000000000,0.0000000000,0.0000000000,0.0000000000,-0.0000000000
-0.0000000000,-0.0000000000,0.0000000000,0.0000000000,-0.0000000000,0.0513514985,-0.0000000000,-0.0000000000,0.0000000000,-0.0000000000,0.0000000000,0.0000000000,0.0000000000,-0.0000000000,0.0000000000,-0.0870342770,-0.2821317313,-0.5442936488,2.5436914085,0.0000000000,-0.0000000000,-0.0000000000,-0.0000000000,0.0000000000,-0.0000000000,0.0000000000,-0.1029616233,-0.0000000000,-0.0000000000,0.0000000000,0.0000000000,-0.0302161508,-0.0000000000,-0.8471949510,-0.0696897219,-0.0039050194,0.0000000000,0.0000000000,0.0000000000,0.0000000000,-0.0000000000,-0.0000000000,0.0000000000,0.0681886674,0.0000000000,0.0000000000,0.0000000000,0.0000000000,0.0386187632,-0.0000000000,0.0000000000,-0.0000000000,-0.3801301467,-0.0000000000,0.0000000000,0.1635093173,0.0000000000,0.0000000000,-0.0000000000,0.1121781382,-0.0000000000,0.0000000000,0.0000000000,0.0000000000,0.0082816079,0.0000000000,-0.0000000000,-0.0000000000,-0.2738216704,0.0000000000,0.1307459518,-0.0632803383,-0.0000000000,-0.0000000000,-0.0000000000,0.0000000000,0.0521516633,0.0000000000,0.0042966578,0.0000000000,-0.0646911047,0.0000000000,0.2494333989,-0.0000000000,0.0000000000,-0.0000000000,0.0000000000,0.0802767077,0.0000000000,0.0000000000,0.0705539804,0.0056027339,0.0000000000,0.0068264184,0.0000000000,0.0000000000,0.0000000000,0.0000000000,0.0000000000,-0.0000000000
-0.1196658844,0.0000000000,-0.0241352938,0.0541917549,0.0000000000,-0.0000000000,-0.0000000000,-0.0000000000,-0.0000000000,-0.0000000000,0.0000000000,0.0000000000,-0.0000000000,-0.0000000000,-0.0000000000,0.0000000000,-0.0000000000,-0.0322337599,0.0000000000,2.3276898381,-0.0000000000,-0.0000000000,-0.0821281167,-0.0000000000,-0.0000000000,-0.0000000000,-0.0050203653,-0.0000000000,-0.0563855447,-0.0000000000,-0.0000000000,0.0000000000,0.0000000000,-0.0000000000,0.0000000000,-0.0000000000,0.0000000000,0.0797272047,0.0833228304,0.0000000000,-0.0000000000,-0.0933695259,0.0000000000,-0.0000000000,0.0000000000,-0.0000000000,0.0000000000,-0.1796623001,-0.0000000000,-0.0000000000,-0.0000000000,-0.0000000000,-0.1317636308,0.0000000000,-0.0000000000,-0.0000000000,-0.0000000000,-0.1079825861,-0.0000000000,0.0000000000,-0.0000000000,-0.0000000000,-0.0000000000,0.0000000000,0.0000000000,0.0000000000,-0.0000000000,0.0000000000,0.0000000000,-0.2173292869,-0.5687912110,-0.0000000000,-0.0000000000,0.0000000000,-0.0000000000,-0.0000000000,-0.2475631083,-0.0000000000,0.0000000000,0.0000000000,-0.0191377514,0.0000000000,0.0341245063,0.0000000000,-0.1801597632,0.2676847349,0.0000000000,-0.0000000000,-0.8592581655,-0.0000000000,0.0000000000,-0.0000000000,0.0869613295,0.0825792598,0.0172183068,0.0000000000,0.0000000000,-0.0000000000,-0.0000000000,-0.0000000000
-0.0000000000,-0.0000000000,-0.0000000000,-0.0863394616,0.0000000000,0.0000000000,0.0000000000,-0.0000000000,-0.0000000000,-0.0000000000,0.0000000000,-0.0000000000,0.0000000000,-0.5358032376,-0.0756173889,-0.0000000000,-0.0000000000,-0.0000000000,-0.0000000000,-0.0000000000,1.8288614728,0.0000000000,-0.2965539787,0.0000000000,0.0000000000,0.0000000000,0.0000000000,-0.0000000000,0.0000000000,-0.0000000000,-0.0000000000,0.0000000000,0.0000000000,0.0000000000,0.0000000000,0.0000000000,0.0000000000,-0.0000000000,0.0000000000,-0.0000000000,0.0000000000,0.0000000000,0.0000000000,-0.0103320901,0.0000000000,-0.0000000000,0.0000000000,0.0000000000,-0.0000000000,-0.0000000000,0.0000000000,-0.0000000000,-0.0000000000,-0.0000000000,0.0000000000,0.0000000000,-0.0000000000,0.0000000000,-0.0000000000,0.0000000000,-0.0000000000,0.0000000000,0.0000000000,-0.0134103510,-0.2229786215,-0.0000000000,-0.0000000000,-0.0000000000,-0.0000000000,-0.0000000000,-0.4952392707,0.0000000000,-0.0067224970,-0.0234327228,-0.0000000000,-0.0000000000,-0.0000000000,-0.0227542867,0.0000000000,0.0801022010,0.0000000000,0.0000000000,0.0000000000,0.1614932835,-0.0000000000,0.0000000000,0.0000000000,0.0000000000,0.0000000000,-0.0000000000,0.0000000000,-0.0021643881,-0.0000000000,0.0000000000,0.0000000000,-0.0000000000,-0.0000000000,-0.0000000000,0.0000000000,0.0000000000
0.0000000000,-0.0000000000,0.0000000000,0.0000000000,-0.0000000000,0.0000000000,0.0000000000,-0.0000000000,0.0000000000,-0.0000000000,0.0000000000,-0.0000000000,-0.0187175360,0.0000000000,-0.0000000000,-0.0000000000,-0.0113226934,-0.2031936962,-0.0000000000,-0.0000000000,0.0000000000,2.6337090283,-0.0549953008,-0.0740202387,0.0000000000,-0.0472587460,-0.0000000000,-0.2149129967,-0.0000000000,-0.2236485446,-0.0000000000,-0.0106327907,-0.0000000000,-0.0000000000,-1.0755075452,0.1368250076,0.0000000000,0.0000000000,-0.0000000000,0.0000000000,0.0000000000,-0.0000000000,-0.3386379764,0.0000000000,-0.0000000000,0.0000000000,-0.0832602430,-0.0000000000,0.1171032845,0.0060534803,0.0000000000,-0.0000000000,-0.0000000000,-0.0000000000,-0.0000000000,0.0000000000,-0.0000000000,0.0000000000,-0.0000000000,-0.0000000000,-0.0000000000,-0.0000000000,-0.0486010503,-0.0000000000,0.0000000000,-0.0100640407,0.0000000000,-0.0000000000,-0.0000000000,-0.0000000000,0.0000000000,-0.5579779668,-0.0000000000,-0.0000000000,0.0000000000,-0.0000000000,-0.0000000000,-0.0000000000,-0.0000000000,-0.0000000000,-0.0000000000,-0.0000000000,0.0000000000,-0.0000000000,0.0000000000,-0.0000000000,0.0482610262,0.0000000000,0.4128582019,-0.0000000000,0.0000000000,-0.0000000000,-0.0000000000,-0.0000000000,0.0000000000,0.0000000000,0.0000000000,0.0000000000,0.0000000000,0.0000000000
-0.0000000000,-0.0000000000,0.0000000000,-0.0000000000,-0.0000000000,0.0060568181,-0.0799438181,-0.0000000000,0.0000000000,0.0000000000,0.1648967878,0.0000000000,0.0000000000,-0.2071584941,-0.0000000000,-0.0000000000,-0.2616494611,-0.4416519388,-0.0000000000,-0.0821281167,-0.2965539787,-0.0549953008,1.9866597654,-0.0000000000,0.0689053440,-0.0000000000,-0.0000000000,0.0000000000,-0.0000000000,-0.0510014836,0.0000000000,-0.0000000000,0.0000000000,-0.0000000000,0.0000000000,0.0000000000,0.1513695394,-0.0000000000,-0.0000000000,-0.0000000000,0.0000000000,0.0000000000,0.0000000000,0.0000000000,0.0000000000,-0.0000000000,0.0000000000,-0.0000000000,0.0000000000,-0.0000000000,0.0000000000,-0.0000000000,-0.0727311875,-0.0082750421,0.0000000000,-0.0000000000,-0.0000000000,-0.0000000000,0.0000000000,0.0839965395,0.0000000000,0.0000000000,-0.0000000000,-0.0000000000,-0.0379491062,-0.0000000000,-0.0000000000,-0.1241604433,-0.0000000000,-0.0000000000,-0.0000000000,-0.0624908236,-0.6112200789,-0.0000000000,0.0539770793,0.0000000000,0.0000000000,-0.0804729539,0.0000000000,0.0000000000,0.0000000000,0.0000000000,-0.0000000000,0.0000000000,-0.0000000000,0.0000000000,0.0000000000,0.0095404497,0.0000000000,0.0000000000,0.0000000000,-0.0000000000,0.0000000000,0.0000000000,0.1483739355,-0.0000000000,0.0000000000,-0.0000000000,0.0000000000,-0.0000000000
0.0000000000,-0.0000000000,-0.0000000000,0.0038258386,-0.0243363148,-0.0000000000,-0.0000000000,0.0121157146,0.0000000000,-0.0000000000,0.0000000000,-0.2495802186,-0.0000000000,0.0000000000,0.0000000000,-0.0000000000,-0.4799356834,0.0000000000,0.0000000000,-0.0000000000,0.0000000000,-0.0740202387,-0.0000000000,2.4823116907,-0.0000000000,-0.2828813744,-0.0002946488,-0.0000000000,-0.0000000000,-0.2322737223,-0.0000000000,0.0000000000,-0.0000000000,-0.0000000000,-0.0000000000,0.0000000000,-0.0441228935,0.0000000000,-0.0000000000,-0.0961265923,-0.0000000000,0.0931796920,-0.0000000000,0.0529643315,0.0000000000,0.0920901132,0.0000000000,0.0000000000,0.1483773309,0.0000000000,0.0000000000,0.0000000000,0.0000000000,0.0000000000,-0.0000000000,0.0000000000,0.1046376195,0.2807190319,0.0000000000,0.0000000000,-0.0012755210,0.0251194308,-0.0000000000,0.0000000000,0.0000000000,0.0000000000,0.0000000000,0.0000000000,-0.0000000000,0.0821807898,0.0000000000,-0.0000000000,0.0000000000,-0.0000000000,-0.1196031597,-0.0000000000,-0.1019092919,-0.0397717723,0.0000000000,0.0000000000,-0.9529232052,-0.0000000000,0.0000000000,-0.0000000000,-0.1606904532,0.1654306282,-0.0000000000,-0.0000000000,0.0000000000,-0.1792913137,-0.0000000000,-0.0074710913,-0.0000000000,0.0000000000,-0.0000000000,0.0856131779,0.0000000000,0.0000000000,0.0000000000,0.0873170033
-0.1151163422,-0.0000000000,-0.0140902050,-0.0000000000,-0.0000000000,-0.0460277330,-0.1096236236,-0.0000000000,0.0000000000,-0.0000000000,-0.0244457357,-0.0000000000,-0.0000000000,0.0000000000,0.0000000000,-0.0000000000,0.0000000000,0.0000000000,-0.0000000000,-0.0000000000,0.0000000000,0.0000000000,0.0689053440,-0.0000000000,1.4372848092,-0.0000000000,0.0000000000,0.0044386512,-0.1002460184,0.0436849106,-0.0547188009,-0.0000000000,0.0412356778,-0.0000000000,0.0000000000,-0.0000000000,-0.0000000000,-0.0000000000,-0.0000000000,-0.0000000000,0.0000000000,-0.0113722826,0.0000000000,0.0000000000,0.0528790358,0.0000000000,0.1457093998,0.0685352074,-0.0000000000,0.0000000000,-0.0000000000,0.0000000000,-0.0000000000,0.0000000000,-0.0000000000,-0.0000000000,0.0000000000,0.0000000000,-0.1392770387,-0.0000000000,-0.0052614167,0.0000000000,0.0000000000,0.0000000000,0.0000000000,0.1021349533,-0.0000000000,0.0000000000,0.0096565113,0.1899215031,-0.0000000000,0.0000000000,-0.0000000000,0.0000000000,-0.0506178211,-0.4172251232,0.0000000000,0.0863749437,-0.0000000000,-0.0000000000,-0.1239364785,0.0000000000,0.0000000000,0.0000000000,-0.0000000000,0.0241263755,-0.0426679171,0.0000000000,-0.0000000000,0.0000000000,-0.0000000000,-0.0000000000,0.0000000000,-0.0000000000,0.2378257144,0.0000000000,0.0000000000,0.0000000000,-0.0000000000,-0.0000000000
-0.0000000000,-0.0000000000,-0.0000000000,0.0000000000,-0.0000000000,0.0000000000,0.0000000000,-0.0000000000,0.0000000000,0.0000000000,-0.2467151599,-0.3206051701,-0.0000000000,0.0000000000,0.0000000000,0.0000000000,-0.0000000000,-0.0000000000,0.0000000000,-0.0000000000,0.0000000000,-0.0472587460,-0.0000000000,-0.2828813744,-0.0000000000,2.2203148130,-0.3123411390,-0.0000000000,0.0000000000,-0.0569510005,0.0000000000,0.0084812392,-0.0000000000,0.0000000000,-0.0000000000,0.0000000000,0.0330473940,0.0157446373,0.0000000000,0.0000000000,0.0000000000,-0.2588320613,-0.0429204705,-0.0026457789,0.0000000000,-0.0000000000,0.0000000000,0.0000000000,0.0665298598,0.0000000000,-0.0000000000,-0.0000000000,0.0000000000,-0.0000000000,-0.0000000000,0.0000000000,0.0000000000,0.0000000000,0.0000000000,-0.0000000000,-0.2769754654,0.0000000000,-0.0000000000,0.0000000000,0.0000000000,-0.0000000000,0.2946334684,0.0000000000,-0.0000000000,-0.0000000000,0.0000000000,-0.1524854848,-0.0000000000,0.0000000000,-0.0336601640,-0.1953711624,0.0000000000,-0.2494819913,0.0000000000,0.0000000000,-0.0000000000,0.1208640079,0.0000000000,-0.0000000000,-0.0000000000,0.0340762873,0.0000000000,-0.0000000000,0.0000000000,-0.0000000000,0.1503834250,-0.0000000000,0.0000000000,0.0772702778,-0.2382897334,-0.0000000000,0.0137788348,0.0000000000,0.0000000000,0.0000000000
-0.0000000000,-0.0000000000,-0.0000000000,0.1087047055,0.0000000000,0.0000000000,-0.0000000000,0.0000000000,0.0000000000,-0.0000000000,0.0000000000,0.0000000000,-0.0000000000,0.0846376872,0.0000000000,0.0000000000,-0.1293100459,-0.0697558705,-0.1029616233,-0.0050203653,0.0000000000,-0.0000000000,-0.0000000000,-0.0002946488,0.0000000000,-0.3123411390,2.3084028130,-0.0620647189,-0.0000000000,-0.0000000000,0.0000000000,-0.0000000000,-0.0000000000,-0.0000000000,-0.0383693073,-0.0000000000,0.0000000000,0.0000000000,0.0000000000,-0.0000000000,-0.0000000000,-0.0000000000,-0.0279144340,0.0000000000,-0.1926452419,-0.0000000000,-0.0000000000,-0.3485050101,0.0000000000,-0.0000000000,0.0000000000,-0.1850822632,-0.0000000000,-0.0156100263,-0.0000000000,0.0000000000,0.0000000000,-0.0000000000,-0.0000000000,0.0000000000,-0.0000000000,0.0000000000,0.0000000000,0.3213777599,0.0000000000,0.0157380397,0.0000000000,0.0000000000,-0.0000000000,0.0000000000,0.0000000000,0.0000000000,-0.0000000000,0.0000000000,-0.0000000000,-0.0000000000,-0.0000000000,-0.0788682606,0.0432303017,-0.0000000000,-0.1235357579,-0.0000000000,0.0000000000,0.0000000000,-0.8605939472,0.0000000000,-0.0000000000,-0.0000000000,-0.0000000000,-0.0000000000,0.2339113172,0.0000000000,0.1212346538,0.0000000000,-0.0418407470,0.0000000000,-0.0000000000,-0.0180004623,-0.0000000000,-0.0000000000
0.0770666343,-0.0000000000,0.0652591598,0.0000000000,-0.0000000000,-0.0000000000,0.0000000000,0.0000000000,-0.0000000000,-0.1548321943,0.0000000000,-0.0000000000,-0.0000000000,0.0000000000,-0.0000000000,0.0000000000,-0.0000000000,-0.0000000000,-0.0000000000,-0.0000000000,-0.0000000000,-0.2149129967,0.0000000000,-0.0000000000,0.0044386512,-0.0000000000,-0.0620647189,2.1380036722,-0.1505722048,-0.0000000000,-0.0000000000,-0.0000000000,-0.0757563152,-0.0000000000,-0.0579666798,-0.0000000000,-0.0000000000,0.1891988669,0.0000000000,-0.0000000000,0.0000000000,-0.0637053655,-0.0000000000,-0.0842716495,-0.2412531685,0.0000000000,0.0000000000,-0.0643685678,0.0000000000,0.0000000000,0.0000000000,-0.0000000000,-0.0000000000,-0.0000000000,-0.0000000000,0.0000000000,0.0000000000,0.0000000000,-0.0000000000,0.0000000000,-0.0000000000,-0.0000000000,0.0000000000,0.0000000000,0.0196252267,0.0000000000,0.0000000000,0.0000000000,0.0000000000,0.0607372039,0.0000000000,-0.0000000000,0.0000000000,0.0000000000,-0.0000000000,-0.4722718617,-0.0000000000,-0.4020443283,0.0000000000,-0.0220759279,-0.0000000000,0.0000000000,-0.0000000000,-0.0093433090,-0.2357014006,-0.0000000000,0.0000000000,-0.5328547675,0.0000000000,0.0000000000,0.0000000000,-0.0000000000,0.0884081118,-0.0000000000,0.0000000000,0.0000000000,0.0305845939,0.0000000000,0.0000000000,0.0893303061
0.0000000000,-0.0000000000,-0.1476106622,-0.0000000000,-0.0000000000,-0.0000000000,-0.3234048128,-0.0000000000,-0.0000000000,-0.0000000000,0.0000000000,-0.0000000000,-0.0976325848,0.0268783412,-0.2734620312,0.0000000000,0.0000000000,0.0000000000,-0.0000000000,-0.0563855447,0.0000000000,-0.0000000000,-0.0000000000,-0.0000000000,-0.1002460184,0.0000000000,-0.0000000000,-0.1505722048,1.8232731707,0.0000000000,0.0000000000,0.0328755800,0.0000000000,-0.0000000000,-0.0000000000,0.0000000000,-0.0000000000,0.0939846022,0.0000000000,-0.0000000000,0.0000000000,0.0000000000,0.0000000000,0.0000000000,-0.0000000000,-0.0000000000,0.0000000000,-0.0352843091,0.0000000000,0.0000000000,0.0000000000,-0.0000000000,-0.0000000000,-0.0000000000,-0.0000000000,-0.2169164327,-0.0055492235,-0.0144628664,-0.0000000000,-0.0000000000,0.0000000000,-0.0582916442,-0.0000000000,0.0000000000,0.0787302735,0.0000000000,-0.0000000000,0.2472386513,0.0000000000,0.0528775354,-0.0408304195,-0.0000000000,-0.0000000000,-0.0000000000,0.0000000000,-0.0525304116,-0.4815804823,-0.0000000000,0.0000000000,0.0000000000,-0.0407647508,0.0000000000,-0.0198100388,-0.0890460598,-0.0000000000,-0.0000000000,-0.0000000000,-0.0647250128,-0.0000000000,-0.0000000000,0.0135420092,0.0370266876,0.0000000000,-0.0000000000,0.0000000000,0.0516031476,0.0000000000,-0.0000000000,-0.0000000000,0.0000000000
