0,1,2,3,4,5,6,7,8,9,10,11,12,13,14,15,16,17,18,19,20,21,22,23,24,25,26,27,28,29,30,31,32,33,34,35,36,37,38,39,40,41,42,43,44,45,46,47,48,49,50,51,52,53,54,55,56,57,58,59,60,61,62,63,64,65,66,67,68,69,70,71,72,73,74,75,76,77,78,79,80,81,82,83,84,85,86,87,88,89,90,91,92,93,94,95,96,97,98,99
2.2625900256,-0.1413147889,-0.0000000000,0.0000000000,-0.0000000000,-0.0000000000,-0.0000000000,0.0000000000,0.0000000000,-0.0000000000,0.0000000000,-0.0000000000,-0.0000000000,0.0000000000,-0.0000000000,-0.0000000000,-0.1075312082,0.0000000000,0.0062141691,0.0000000000,0.0000000000,-0.0000000000,-0.0212844172,-0.0000000000,-0.0921459997,-0.1960275530,-0.0000000000,-0.0000000000,-0.1964527051,0.0000000000,-0.0271420894,-0.0000000000,-0.0000000000,0.0000000000,-0.2915531536,-0.0083760775,-0.0000000000,-0.0000000000,-0.0000000000,0.0000000000,-0.0020317197,-0.0000000000,-0.1012327799,-0.0000000000,-0.0000000000,-0.0000000000,-0.0511901177,-0.1666904025,-0.0000000000,-0.0000000000,-0.9638272390,0.0000000000,0.0000000000,0.0800745176,-0.0000000000,-0.0000000000,0.0893188153,0.0000000000,-0.0000000000,-0.2994217412,-0.0000000000,0.0000000000,-0.0000000000,0.0000000000,0.0000000000,0.0000000000,-0.0000000000,0.0108973453,0.0340304455,0.2865923515,0.1275183983,-0.0000000000,0.0000000000,-0.0000000000,0.0000000000,-0.0824689891,0.0000000000,0.1759724647,-0.0338230194,0.0000000000,0.0000000000,0.0000000000,-0.0000000000,0.0000000000,0.0000000000,-0.0000000000,-0.0375892945,0.0000000000,0.0000000000,0.0000000000,-0.0000000000,-0.1370612491,-0.0000000000,0.0000000000,-0.0000000000,-0.0000000000,-0.0000000000,-0.0000000000,-0.2234173711,-0.0000000000
-0.1413147889,4.4087556033,-0.0437151824,-0.0000000000,-0.0000000000,-0.5989557167,-0.3194108348,-0.0000000000,-0.0000000000,-0.2548106748,0.0000000000,-0.0000000000,-0.1150215246,-0.0000000000,-0.0530984409,-0.1984400085,-0.0700817463,-0.0000000000,-0.0000000000,-0.0000000000,-0.0000000000,-0.0000000000,-0.0000000000,-0.0000000000,0.0000000000,0.0000000000,-0.0000000000,-0.0890665952,-0.0000000000,-0.0000000000,-0.0000000000,-0.0000000000,-0.1340407029,-0.0000000000,-0.0000000000,0.0000000000,0.0000000000,-0.0000000000,0.0000000000,0.0000000000,-0.0000000000,0.0000000000,0.0000000000,-0.0000000000,-0.1571555697,-0.0000000000,-0.0000000000,-0.0841613205,-0.0000000000,-0.0000000000,-0.0000000000,-0.7626787251,-0.0000000000,-0.0000000000,-0.7345949225,-0.0000000000,-0.0000000000,-0.0000000000,-0.0000000000,-0.0000000000,-0.0000000000,-0.0000000000,-0.0000000000,-0.0000000000,-0.1279021627,-0.1921421269,-0.0000000000,-0.0000000000,-0.0000000000,-0.0000000000,-0.0000000000,-0.5304509901,-0.0113368644,-0.0000000000,-0.0000000000,-0.0000000000,-0.0000000000,0.0000000000,-0.0000000000,0.0000000000,0.0000000000,-0.0000000000,-0.3757289008,-0.0806832019,-0.0540730695,-0.0000000000,-0.0000000000,-0.0000000000,-0.0000000000,-0.0000000000,0.0000000000,-0.0000000000,-0.0000000000,-0.0000000000,-0.0000000000,-0.0000000000,-0.0000000000,-0.0000000000,-0.0000000000,-0.0000000000
-0.0000000000,-0.0437151824,1.9723946374,0.0000000000,0.0000000000,-0.1887381788,-0.0000000000,0.0000000000,-0.0000000000,-0.5605661207,-0.1438338274,-0.0000000000,0.1407351322,-0.0719559396,-0.0000000000,-0.0419639073,-0.0000000000,-0.0000000000,0.0000000000,0.0000000000,-0.0000000000,-0.0000000000,-0.1588883932,0.0000000000,-0.0000000000,0.0000000000,0.0000000000,0.0000000000,0.0000000000,0.0000000000,0.0000000000,-0.0000000000,-0.0000000000,-0.0000000000,-0.0000000000,0.0000000000,0.0000000000,-0.0000000000,0.0000000000,0.0000000000,0.0000000000,0.1575002565,0.0000000000,-0.0000000000,0.0000000000,0.0000000000,0.1982009050,-0.0000000000,-0.0000000000,-0.0000000000,0.0000000000,-0.0000000000,0.0000000000,0.0046451889,-0.2623712190,-0.0000000000,-0.0000000000,-0.0000000000,-0.1079586081,-0.1486199281,-0.0000000000,0.0868292896,0.0000000000,-0.0000000000,-0.0000000000,-0.0000000000,-0.0000000000,-0.0000000000,-0.0000000000,-0.0000000000,-0.0000000000,-0.0000000000,-0.0000000000,-0.0000000000,-0.2013793830,-0.0000000000,-0.0000000000,0.0000000000,-0.0000000000,-0.0000000000,0.0000000000,0.0000000000,-0.0000000000,-0.0000000000,-0.0000000000,0.0000000000,-0.0000000000,0.0373567389,0.0000000000,-0.0000000000,0.1238075415,-0.0094275671,-0.0000000000,-0.0000000000,-0.0000000000,0.0000000000,0.0000000000,-0.0000000000,-0.0000000000,-0.0000000000
0.0000000000,-0.0000000000,0.0000000000,2.5149166377,-0.6297269895,0.0000000000,-0.2413662420,-0.8025980140,-0.0000000000,-0.0000000000,0.0000000000,0.0348510033,-0.0000000000,0.1075921818,0.1304616684,-0.0000000000,-0.0000000000,0.0000000000,-0.0048631021,0.0647438304,0.0000000000,0.1023035912,0.0000000000,-0.0000000000,0.0000000000,0.0000000000,0.0000000000,0.0000000000,0.0000000000,0.0000000000,0.0000000000,0.0000000000,-0.0628681028,-0.0000000000,0.0000000000,0.0930673515,0.0000000000,-0.0770420163,0.0000000000,0.0594151702,-0.0000000000,0.1078625422,0.0000000000,0.0002524220,0.0000000000,0.0000000000,-0.0000000000,-0.0000000000,0.0000000000,-0.0000000000,-0.1296301825,-0.0000000000,-0.0000000000,-0.7534734872,0.0000000000,0.0000000000,-0.0000000000,-0.0000000000,-0.0000000000,0.1228948791,0.0000000000,-0.0000000000,-0.0000000000,0.0000000000,0.0000000000,-0.0000000000,0.0000000000,-0.0000000000,0.0000000000,0.0000000000,-0.0000000000,0.0000000000,0.0000000000,0.0000000000,-0.0000000000,0.0000000000,0.0000000000,-0.0000000000,0.0474112085,-0.0000000000,-0.0000000000,0.0000000000,0.0000000000,-0.0000000000,0.0000000000,-0.0000000000,0.0000000000,0.0000000000,0.1578582726,0.0000000000,-0.0000000000,0.0000000000,0.0000000000,-0.0000000000,0.0000000000,0.1786625839,-0.0000000000,0.0000000000,0.0000000000,0.0000000000
-0.0000000000,-0.0000000000,0.0000000000,-0.6297269895,3.4762165976,-0.0000000000,-0.2447825565,-0.2910868096,-0.1541360056,-0.1687520007,-0.0000000000,-0.0000000000,-0.0713851213,-0.0000000000,-0.0000000000,-0.0000000000,0.0000000000,0.0000000000,-0.0000000000,0.0000000000,-0.0000000000,0.0000000000,0.0000000000,-0.0000000000,0.0000000000,0.0000000000,-0.0000000000,0.0000000000,-0.0000000000,-0.0000000000,0.0000000000,-0.0000000000,-0.0000000000,-0.0000000000,-0.0000000000,0.0000000000,0.0000000000,-0.0000000000,-0.0000000000,0.0000000000,-0.0000000000,0.0000000000,-0.0000000000,0.0000000000,-0.0000000000,0.0000000000,-0.0611411762,0.0000000000,0.0000000000,-0.0000000000,-0.0000000000,-0.0000000000,-0.4725120888,-0.8641367890,-0.0000000000,-0.0000000000,-0.0000000000,-0.2242808212,-0.2200805807,-0.0000000000,-0.0000000000,-0.1391960789,-0.0000000000,0.0000000000,0.0000000000,-0.0000000000,0.0000000000,-0.0000000000,-0.0000000000,0.0000000000,0.0000000000,0.0000000000,-0.0000000000,-0.0000000000,-0.0000000000,0.0000000000,-0.0000000000,-0.0000000000,0.0000000000,-0.0000000000,-0.0000000000,-0.0000000000,-0.1573810933,-0.0000000000,-0.2132195210,-0.0000000000,-0.0000000000,-0.0000000000,0.0000000000,-0.0000000000,-0.0000000000,0.0000000000,-0.0000000000,-0.0000000000,-0.0000000000,0.0000000000,-0.0000000000,0.0000000000,0.0000000000,0.0000000000
-0.0000000000,-0.5989557167,-0.1887381788,0.0000000000,-0.0000000000,3.5501385213,-0.1918689233,-0.0000000000,-0.0776750831,-0.0000000000,-0.0000000000,-0.0000000000,-0.0000000000,-0.0386007304,-0.0000000000,-0.0000000000,0.0000000000,-0.0000000000,0.0000000000,-0.0000000000,-0.0000000000,-0.0000000000,-0.0440838640,-0.0000000000,-0.0000000000,-0.0435955373,-0.0000000000,-0.0000000000,-0.0000000000,-0.0000000000,0.0000000000,-0.1450338863,-0.0000000000,0.0000000000,0.0000000000,0.0000000000,0.0000000000,-0.0000000000,-0.0000000000,-0.1744500986,0.0000000000,-0.0855420224,0.0000000000,-0.0000000000,-0.0000000000,0.0000000000,0.0000000000,-0.0000000000,-0.5176082310,-0.0000000000,-0.0000000000,-0.0000000000,-0.0000000000,0.0000000000,-0.9873916973,-0.3343241675,-0.0000000000,-0.0000000000,-0.0000000000,-0.2223379928,-0.0000000000,0.0000000000,0.0000000000,-0.1401732871,-0.0000000000,-0.0000000000,-0.0000000000,-0.0000000000,-0.0000000000,-0.0000000000,-0.0000000000,-0.0000000000,-0.2172405769,-0.0885017331,0.0000000000,-0.0000000000,-0.0000000000,0.0000000000,0.0000000000,-0.0000000000,0.0000000000,0.0529374229,0.0000000000,-0.0000000000,-0.0000000000,0.0000000000,-0.0000000000,0.0000000000,-0.0000000000,0.0000000000,0.0569558026,-0.1063671804,-0.0048585253,-0.0000000000,-0.0000000000,-0.0000000000,0.0000000000,0.0000000000,-0.0000000000,-0.0000000000
-0.0000000000,-0.3194108348,-0.0000000000,-0.2413662420,-0.2447825565,-0.1918689233,3.5070162703,-0.1724448008,-0.8534980021,-0.0000000000,-0.0000000000,-0.0000000000,-0.0000000000,-0.0000000000,-0.0000000000,-0.0000000000,-0.0000000000,-0.0000000000,-0.0000000000,-0.0849677719,-0.0000000000,-0.0000000000,-0.0000000000,0.0000000000,0.0000000000,0.0000000000,0.0000000000,-0.0000000000,-0.0000000000,-0.0000000000,0.0898187126,-0.0297593822,-0.0000000000,-0.0000000000,0.0000000000,-0.0000000000,-0.0000000000,-0.0150078843,0.0000000000,-0.0000000000,-0.2328466900,0.1608459792,0.0000000000,0.0000000000,-0.0000000000,0.0000000000,0.0000000000,-0.0000000000,-0.0000000000,-0.0000000000,-0.0848791475,-0.2506516748,-0.0000000000,-0.0022672512,-0.0000000000,-0.0113715536,-0.0000000000,-0.0000000000,-0.0000000000,-0.0000000000,-0.0000000000,-0.0000000000,-0.0316318773,-0.0000000000,-0.0000000000,-0.0000000000,-0.5929267681,-0.0000000000,0.0000000000,-0.0000000000,-0.3707676856,-0.0000000000,-0.0000000000,-0.0656554868,-0.0000000000,0.0000000000,-0.0913779199,-0.1217211406,0.0755598661,-0.0000000000,0.0000000000,0.0000000000,0.0000000000,0.0000000000,-0.0000000000,-0.0000000000,-0.0000000000,0.0000000000,-0.0000000000,-0.0000000000,-0.0000000000,-0.0580201147,-0.0000000000,0.0000000000,0.0000000000,0.0000000000,-0.0000000000,-0.0000000000,-0.0000000000,-0.0000000000
0.0000000000,-0.0000000000,0.0000000000,-0.8025980140,-0.2910868096,-0.0000000000,-0.1724448008,4.9709592288,-0.0000000000,-0.0000000000,0.0000000000,-0.0000000000,-0.0000000000,-0.0000000000,0.0000000000,-0.0000000000,-0.0000000000,-0.5957136427,-0.0647772317,-0.0000000000,-0.0000000000,0.0000000000,-0.0000000000,-0.0000000000,0.0000000000,0.0000000000,-0.0000000000,-0.0000000000,-0.0000000000,-0.0000000000,0.0000000000,-0.0000000000,-0.0000000000,-0.0000000000,-0.0000000000,0.0371380180,0.0000000000,-0.0000000000,0.0000000000,0.0000000000,0.0000000000,0.0000000000,0.0000000000,0.0000000000,-0.0000000000,0.0000000000,0.0000000000,0.0000000000,0.0000000000,0.0000000000,-0.0000000000,-0.0000000000,-0.0000000000,-0.2478760492,-0.0000000000,-0.0000000000,-1.5279094700,-1.0476082487,0.0000000000,0.0000000000,-0.0000000000,-0.0000000000,-0.0515201152,-0.0000000000,-0.0000000000,-0.0000000000,-0.0000000000,-0.0126715477,-0.0000000000,-0.0000000000,-0.0941882010,-0.0000000000,-0.0000000000,0.0000000000,-0.0000000000,-0.0000000000,-0.0000000000,-0.0000000000,0.4857777992,0.0000000000,-0.0000000000,0.0000000000,0.0000000000,-0.0000000000,-0.0000000000,0.0000000000,0.0000000000,-0.0000000000,0.0000000000,0.0000000000,0.0000000000,0.0000000000,0.0000000000,0.0000000000,-0.0000000000,0.0000000000,0.0000000000,0.0000000000,0.0000000000,0.0908076220
0.0000000000,-0.0000000000,-0.0000000000,-0.0000000000,-0.1541360056,-0.0776750831,-0.8534980021,-0.0000000000,2.5885688980,-0.0000000000,-0.0000000000,-0.0000000000,0.0000000000,-0.0000000000,0.0000000000,0.0000000000,0.0000000000,0.0000000000,-0.0000000000,-0.0000000000,0.0000000000,0.0000000000,-0.0000000000,0.0000000000,-0.0000000000,0.0000000000,0.0595040344,0.0000000000,0.0000000000,0.0000000000,0.3744992109,-0.0000000000,0.0000000000,0.0000000000,0.0000000000,-0.3613757158,-0.0000000000,-0.0000000000,0.0000000000,-0.0000000000,0.0000000000,-0.0000000000,0.0000000000,0.0000000000,0.0000000000,0.0452418061,0.0000000000,0.2400319986,-0.0000000000,-0.0000000000,-0.0051794781,-0.0000000000,-0.0479552839,-0.0000000000,-0.0000000000,-0.3514893090,-0.0000000000,-0.3702589525,-0.0000000000,-0.0000000000,0.0000000000,-0.0000000000,-0.0000000000,-0.0000000000,-0.0000000000,-0.0000000000,-0.0000000000,0.0000000000,0.0000000000,0.0000000000,-0.0000000000,0.0000000000,-0.0000000000,-0.0541449205,-0.0000000000,0.0000000000,-0.0000000000,-0.0642208526,0.1315445930,-0.0000000000,-0.0000000000,-0.0000000000,0.0000000000,0.0000000000,-0.0000000000,0.0000000000,-0.0000000000,0.0000000000,-0.0000000000,-0.0000000000,-0.0715968765,-0.0000000000,-0.0000000000,-0.0000000000,-0.0000000000,0.0000000000,-0.0000000000,0.0000000000,-0.0000000000,0.0000000000
-0.0000000000,-0.2548106748,-0.5605661207,-0.0000000000,-0.1687520007,-0.0000000000,-0.0000000000,-0.0000000000,-0.0000000000,3.4644294528,-0.1784613892,-0.0000000000,-0.0000000000,-0.0000000000,-0.4593367793,-0.0030350075,0.0000000000,0.0000000000,0.0000000000,0.0000000000,-0.0000000000,0.0000000000,0.0000000000,0.0000000000,-0.0000000000,0.0000000000,0.0000000000,-0.0000000000,-0.0000000000,0.0000000000,-0.0000000000,-0.0278487563,-0.0624963324,0.0000000000,0.0000000000,0.0000000000,-0.0000000000,-0.3541485214,0.0000000000,0.0000000000,0.1818408004,0.0000000000,0.0422171949,-0.0000000000,-0.0000000000,0.0000000000,0.0000000000,0.0823755673,-0.1046673872,-0.0000000000,-0.0000000000,-0.1395134526,-0.0000000000,0.0000000000,-0.0000000000,-0.3083241582,0.0000000000,-0.0000000000,-0.7502800905,-0.2239291364,-0.2127281893,0.0000000000,-0.0000000000,0.0000000000,0.0000000000,-0.0000000000,0.0000000000,-0.0608833511,-0.0000000000,0.0000000000,-0.0000000000,-0.0000000000,-0.0000000000,-0.0000000000,-0.0000000000,-0.0000000000,-0.0000000000,-0.0000000000,0.0000000000,-0.0000000000,0.0000000000,0.0000000000,-0.1925094561,-0.0193125437,-0.0000000000,-0.0000000000,-0.1055209098,-0.0000000000,-0.0000000000,0.0000000000,0.0000000000,-0.0000000000,-0.0000000000,-0.0000000000,-0.1160131521,-0.0000000000,-0.0000000000,-0.0000000000,-0.0000000000,-0.0000000000
0.0000000000,0.0000000000,-0.1438338274,0.0000000000,-0.0000000000,-0.0000000000,-0.0000000000,0.0000000000,-0.0000000000,-0.1784613892,1.9768226242,-0.8525310209,0.0000000000,-0.1679579173,-0.0000000000,0.0000000000,0.1223703974,0.0000000000,0.0000000000,0.0000000000,0.0000000000,0.0000000000,0.2264324635,0.0000000000,-0.3005884127,0.1866049956,-0.0000000000,-0.0000000000,-0.0000000000,-0.0000000000,-0.0000000000,-0.0000000000,0.0000000000,0.2213917670,0.0754002843,0.0000000000,0.0000000000,-0.0000000000,0.0000000000,0.0000000000,0.0000000000,0.0000000000,0.0000000000,-0.0000000000,0.0000000000,0.0000000000,0.0000000000,0.1571071920,-0.0000000000,-0.0000000000,0.0000000000,-0.0000000000,-0.0000000000,0.0000000000,-0.0000000000,-0.0000000000,0.0000000000,-0.0000000000,-0.0000000000,-0.0499008786,-0.0000000000,-0.0000000000,-0.0000000000,0.0000000000,-0.0000000000,-0.1029616486,-0.0000000000,-0.0000000000,-0.0000000000,0.1880051191,0.0000000000,0.0000000000,0.0000000000,-0.0000000000,-0.0000000000,-0.0000000000,0.0000000000,-0.0000000000,-0.0000000000,-0.0081589404,0.0000000000,0.0000000000,-0.0000000000,-0.0000000000,-0.0000000000,0.0000000000,0.0000000000,-0.0000000000,-0.0000000000,-0.0000000000,-0.0193853805,-0.0000000000,-0.1580255514,-0.1013549236,-0.0000000000,-0.2304043051,-0.0000000000,0.0000000000,0.0000000000,-0.0000000000
-0.0000000000,-0.0000000000,-0.0000000000,0.0348510033,-0.0000000000,-0.0000000000,-0.0000000000,-0.0000000000,-0.0000000000,-0.0000000000,-0.8525310209,3.2434823936,-0.2899393065,-0.0000000000,-0.3003847607,0.0000000000,-0.0000000000,0.0000000000,0.0000000000,-0.0000000000,-0.0000000000,-0.0000000000,-0.0000000000,-0.0000000000,-0.0000000000,-0.3673929352,-0.0201543082,-0.0000000000,-0.0000000000,-0.0229435950,-0.0000000000,-0.0000000000,0.0278738582,0.0000000000,-0.0000000000,0.0000000000,0.0000000000,0.0000000000,0.0000000000,-0.0000000000,0.0000000000,-0.0852802817,-0.0000000000,-0.0000000000,-0.0000000000,0.0000000000,0.0000000000,0.2844021264,0.0000000000,0.0000000000,-0.0000000000,-0.0000000000,-0.0000000000,0.0000000000,-0.3878759995,-0.0000000000,0.0000000000,-0.0000000000,-0.0000000000,-0.3296859280,-0.6955494883,-0.0000000000,-0.0000000000,-0.0000000000,-0.0000000000,-0.1393722460,0.0000000000,-0.0000000000,-0.0000000000,0.0000000000,-0.0000000000,-0.0362821881,-0.0000000000,-0.0000000000,-0.0349378506,-0.1830434251,-0.0000000000,-0.0000000000,-0.0000000000,0.0000000000,-0.0000000000,0.0000000000,-0.0000000000,-0.0000000000,-0.0000000000,0.0000000000,-0.0000000000,-0.0000000000,-0.0000000000,-0.0000000000,0.0000000000,-0.0000000000,-0.2129111317,-0.0000000000,-0.0121018516,-0.0018170158,0.0000000000,0.0000000000,-0.0000000000,0.0000000000
-0.0000000000,-0.1150215246,0.1407351322,-0.0000000000,-0.0713851213,-0.0000000000,-0.0000000000,-0.0000000000,0.0000000000,-0.0000000000,0.0000000000,-0.2899393065,2.4913231810,-0.0000000000,-0.0000000000,-0.0000000000,-0.0000000000,0.0000000000,0.0000000000,-0.0000000000,0.0000000000,-0.0421452629,-0.0000000000,-0.0000000000,0.0613129177,-0.3274932340,-0.0000000000,-0.0261005410,-0.2058945763,-0.0000000000,-0.0693026049,-0.0000000000,-0.0000000000,0.0000000000,0.0000000000,0.0000000000,0.0000000000,0.0000000000,0.0000000000,0.0000000000,-0.0000000000,-0.0000000000,0.0000000000,-0.0000000000,-0.0868441564,-0.0026431075,0.0000000000,0.0000000000,-0.0000000000,-0.0000000000,-0.1632221735,-0.0000000000,-0.0000000000,-0.0000000000,-0.0000000000,-0.0000000000,0.0000000000,-0.0000000000,-0.0000000000,-0.0397459261,-0.0000000000,-1.1855633377,-0.0000000000,0.0000000000,-0.0000000000,-0.0000000000,0.0000000000,-0.1179233619,0.0000000000,0.0000000000,-0.0000000000,-0.0000000000,-0.0000000000,-0.0000000000,0.0000000000,-0.0000000000,-0.0000000000,-0.3195238630,-0.0000000000,-0.0000000000,0.0000000000,0.0603028282,-0.0599009549,0.0000000000,-0.0000000000,0.0000000000,0.0000000000,-0.0889963350,-0.0000000000,0.0000000000,-0.0000000000,-0.0000000000,-0.0000000000,0.0955331908,0.1511574782,-0.1478683863,-0.0000000000,0.0000000000,-0.0123321277,0.0000000000
0.0000000000,-0.0000000000,-0.0719559396,0.1075921818,-0.0000000000,-0.0386007304,-0.0000000000,-0.0000000000,-0.0000000000,-0.0000000000,-0.1679579173,-0.0000000000,-0.0000000000,2.9833704074,-0.1717110619,-0.0000000000,0.0000000000,-0.0000000000,-0.0000000000,-0.0000000000,-0.2615398168,-0.0000000000,-0.0521902130,-0.0000000000,0.0000000000,0.0000000000,-0.0405767365,-0.0000000000,-0.0000000000,-0.0561742447,0.0000000000,-0.0000000000,0.0000000000,0.0000000000,0.0000000000,0.0000000000,-0.0000000000,-0.0000000000,-0.0000000000,-0.0000000000,0.0000000000,-0.0000000000,0.0000000000,-0.0859695635,-0.0000000000,-0.0174134453,0.0000000000,0.0000000000,-0.0000000000,-0.0000000000,0.1402640397,-0.1799125616,-0.0000000000,0.0000000000,-0.2554930518,-0.0307882807,0.0000000000,-0.0000000000,-0.0000000000,-0.0000000000,-0.0000000000,-0.0000000000,-0.2358901993,-0.4131251723,-0.0213384971,-0.4662533039,-0.0000000000,-0.0000000000,0.0000000000,0.0000000000,-0.0000000000,-0.0000000000,-0.0000000000,-0.0000000000,-0.0000000000,0.0000000000,-0.4010111546,-0.2482186264,-0.0000000000,-0.0000000000,0.0000000000,0.0000000000,-0.0000000000,0.0000000000,-0.0000000000,-0.0000000000,-0.0000000000,-0.0000000000,-0.0000000000,-0.0000000000,0.0000000000,-0.0000000000,-0.1868946020,0.0000000000,-0.0000000000,-0.0000000000,-0.0000000000,-0.0000000000,0.0000000000,0.0000000000
-0.0000000000,-0.0530984409,-0.0000000000,0.1304616684,-0.0000000000,-0.0000000000,-0.0000000000,0.0000000000,0.0000000000,-0.4593367793,-0.0000000000,-0.3003847607,-0.0000000000,-0.1717110619,3.2820921244,-0.0000000000,-0.0000000000,-0.0000000000,0.0000000000,-0.0000000000,-0.4125580277,-0.0000000000,-0.0000000000,-0.0000000000,0.0000000000,0.0000000000,-0.0000000000,-0.0000000000,-0.4638935386,-0.0000000000,-0.0000000000,-0.0000000000,-0.0000000000,-0.0000000000,-0.0000000000,0.1375794682,-0.0000000000,0.0000000000,-0.0000000000,0.0000000000,0.0000000000,0.0000000000,0.0000000000,-0.0000000000,-0.0000000000,0.0000000000,-0.0000000000,0.0000000000,-0.0000000000,-0.0000000000,0.0000000000,-0.0000000000,0.0000000000,0.0000000000,-0.1764809899,-0.0000000000,0.0000000000,-0.0000000000,-0.0000000000,-0.0000000000,-0.1789111564,-0.0000000000,-0.0219735096,-0.1483698044,-0.0000000000,-0.6777041664,0.0000000000,-0.0937070388,-0.0000000000,0.0000000000,-0.0000000000,-0.0481020268,-0.0000000000,-0.0000000000,-0.0000000000,-0.0000000000,-0.3507271129,-0.0000000000,-0.0000000000,0.0000000000,0.0000000000,0.0000000000,-0.0000000000,-0.0000000000,-0.0000000000,0.0000000000,-0.0000000000,0.0000000000,-0.0000000000,-0.0000000000,0.0000000000,-0.0090630173,-0.0000000000,0.0693440218,-0.0000000000,0.0000000000,0.0000000000,0.0000000000,-0.0000000000,-0.0000000000
-0.0000000000,-0.1984400085,-0.0419639073,-0.0000000000,-0.0000000000,-0.0000000000,-0.0000000000,-0.0000000000,0.0000000000,-0.0030350075,0.0000000000,0.0000000000,-0.0000000000,-0.0000000000,-0.0000000000,4.1074876762,-0.1406351432,-0.0000000000,-0.0000000000,-0.0000000000,-0.0000000000,-0.1159856550,-0.0000000000,-0.0000000000,0.0000000000,0.0895805635,-0.0000000000,-0.0000000000,-0.2102869280,0.0000000000,-0.0000000000,-0.0000000000,-0.1006828298,-1.2368289174,-0.0000000000,0.0000000000,-0.0000000000,-0.0000000000,-0.0000000000,-0.0000000000,-0.0000000000,-0.0000000000,-0.0000000000,0.0000000000,-0.1158312814,-0.0000000000,-0.0000000000,-0.0838943680,-0.0000000000,-0.0000000000,0.0000000000,-0.3697516774,-0.1619684795,-0.0000000000,-0.0000000000,-0.4018422145,-0.1257151665,-0.0000000000,-0.0000000000,-0.0000000000,-0.0000000000,0.0000000000,-0.0000000000,-0.0000000000,-0.0000000000,-0.0000000000,-0.4782746288,-0.5076326311,-0.0000000000,-0.0000000000,-0.0000000000,-0.0000000000,-0.0000000000,0.0000000000,-0.3057185282,-0.0000000000,-0.0000000000,0.0000000000,0.0000000000,-0.0000000000,-0.0000000000,0.0000000000,0.0000000000,-0.0581188234,-0.0000000000,-0.0000000000,-0.0568492756,-0.0000000000,0.0000000000,0.0000000000,0.0415183290,0.0000000000,0.0000000000,-0.0000000000,-0.0000000000,0.0000000000,0.0000000000,-0.0000000000,-0.0000000000,-0.0000000000
-0.1075312082,-0.0700817463,-0.0000000000,-0.0000000000,0.0000000000,0.0000000000,-0.0000000000,-0.0000000000,0.0000000000,0.0000000000,0.1223703974,-0.0000000000,-0.0000000000,0.0000000000,-0.0000000000,-0.1406351432,2.4619659038,-0.5767402788,-0.0934652131,-0.0000000000,0.0000000000,-0.3137534243,-0.0000000000,-0.1406209191,0.0000000000,0.0000000000,-0.0000000000,-0.0787663478,-0.0000000000,0.0000000000,-0.1104594265,-0.0000000000,-0.0000000000,-0.3369175348,-0.2339638920,0.0000000000,0.0000000000,-0.0000000000,0.0000000000,-0.0000000000,0.0000000000,0.0000000000,0.0000000000,0.0000000000,-0.0000000000,-0.0000000000,0.0000000000,-0.0988386743,0.0000000000,0.0000000000,-0.0000000000,-0.0000000000,0.0000000000,0.0000000000,-0.0000000000,-0.0000000000,-0.0000000000,-0.0000000000,0.0000000000,0.0000000000,-0.0000000000,0.0000000000,-0.0000000000,-0.0000000000,0.0000000000,0.0000000000,-0.0000000000,-0.0000000000,-0.0000000000,-0.0000000000,0.0000000000,-0.3976333400,-0.0000000000,0.0475501258,-0.0757016094,-0.0000000000,0.0000000000,0.0000000000,0.0000000000,0.0000000000,-0.0000000000,0.0000000000,0.0000000000,-0.0000000000,0.0000000000,0.0000000000,0.0000000000,0.0000000000,0.0000000000,0.4144220158,0.0928068217,0.0000000000,0.0000000000,0.0000000000,-0.0000000000,0.0046390781,0.0000000000,0.0000000000,-0.0000000000,0.0000000000
0.0000000000,-0.0000000000,-0.0000000000,0.0000000000,0.0000000000,-0.0000000000,-0.0000000000,-0.5957136427,0.0000000000,0.0000000000,0.0000000000,0.0000000000,0.0000000000,-0.0000000000,-0.0000000000,-0.0000000000,-0.5767402788,5.1719510129,-0.0000000000,-0.2694745253,-0.0000000000,-0.0000000000,-0.0000000000,-0.0000000000,0.0000000000,0.0000000000,-0.0000000000,-0.1030148839,-0.0000000000,0.0000000000,0.0000000000,0.0000000000,0.0000000000,-0.7041207424,-0.0000000000,0.0000000000,0.0000000000,0.0000000000,0.0000000000,0.0000000000,0.0000000000,0.0000000000,-0.0000000000,0.0000000000,-0.0835016975,0.0000000000,0.0000000000,-0.0000000000,0.0000000000,0.0000000000,0.0000000000,-0.0000000000,-0.0000000000,-0.0000000000,-0.0000000000,0.0000000000,-0.5419227984,-0.0000000000,0.0162843400,0.0000000000,-0.0000000000,0.0000000000,-0.0000000000,-0.0000000000,-0.1146135755,-0.0000000000,-0.0000000000,-0.0000000000,-0.0000000000,-1.6332758570,-0.4744723175,-0.3100787678,-0.1870248044,0.0000000000,-0.0000000000,-0.0000000000,-0.0000000000,0.0000000000,0.0000000000,0.0000000000,-0.0000000000,0.0000000000,0.0000000000,-0.0000000000,-0.0000000000,0.0000000000,0.0000000000,-0.0000000000,-0.0000000000,0.0000000000,0.0179732134,0.0496652330,0.0000000000,0.0000000000,0.0000000000,0.0000000000,0.0000000000,0.0000000000,-0.0000000000,0.0207141926
0.0062141691,-0.0000000000,0.0000000000,-0.0048631021,-0.0000000000,0.0000000000,-0.0000000000,-0.0647772317,-0.0000000000,0.0000000000,0.0000000000,0.0000000000,0.0000000000,-0.0000000000,0.0000000000,-0.0000000000,-0.0934652131,-0.0000000000,2.0911209401,-0.0000000000,-0.2353743776,0.0000000000,-0.2032251558,-0.0000000000,0.2714532361,0.2197791231,-0.1530819374,-0.0000000000,-0.1274914185,0.0000000000,0.0000000000,0.0000000000,-0.0000000000,-0.0000000000,-0.0000000000,-0.0000000000,-0.0000000000,-0.0000000000,-0.0000000000,0.0000000000,-0.0280565618,0.0000000000,-0.0000000000,0.0000000000,-0.0000000000,-0.1000655230,-0.0000000000,-0.0000000000,-0.0000000000,-0.0498540737,0.0530305477,-0.0000000000,-0.0000000000,-0.1008084974,-0.0000000000,-0.0000000000,-0.0000000000,-0.0352835516,0.2323352556,0.2678061489,0.0312752336,0.0000000000,-0.0000000000,-0.1226330656,-0.2777111388,0.0000000000,-0.0000000000,-0.2421557164,-0.0000000000,-0.0000000000,-0.0000000000,0.0000000000,0.0000000000,0.0000000000,-0.0000000000,0.0000000000,-0.0000000000,-0.3107915378,0.0000000000,0.0000000000,0.0667429741,0.0000000000,0.0000000000,0.0000000000,-0.0000000000,-0.0000000000,0.0000000000,-0.1308496599,0.0000000000,0.0000000000,-0.0000000000,0.1249230746,0.0779775021,0.0000000000,0.0000000000,0.0000000000,-0.0000000000,-0.0000000000,-0.0000000000,-0.0000000000
0.0000000000,-0.0000000000,0.0000000000,0.0647438304,0.0000000000,-0.0000000000,-0.0849677719,-0.0000000000,-0.0000000000,0.0000000000,0.0000000000,-0.0000000000,-0.0000000000,-0.0000000000,-0.0000000000,-0.0000000000,-0.0000000000,-0.2694745253,-0.0000000000,3.2206786727,-0.3392041997,-0.0000000000,-0.3885483183,-0.0000000000,0.0000000000,-0.0000000000,-0.0000000000,-0.0000000000,-0.0807982384,0.0000000000,0.0000000000,-0.0000000000,0.0000000000,-0.0000000000,-0.0000000000,-0.0780927173,-0.0990197340,0.0000000000,0.0000000000,-0.1583068077,-0.0000000000,-0.0000000000,-0.0000000000,-0.0000000000,-0.0882265593,-0.0000000000,0.0415468694,-0.0000000000,-0.0000000000,-0.1084783736,0.0000000000,-0.0000000000,-0.0000000000,-0.0000000000,-0.0000000000,-0.0000000000,-0.0000000000,-0.0000000000,0.0000000000,-0.0000000000,0.0000000000,0.0000000000,0.0000000000,-0.0000000000,-0.0000000000,-0.0000000000,-0.8034935482,-0.0000000000,-0.0000000000,-0.0000000000,-0.5250206916,0.0000000000,-0.0000000000,-0.0396885385,0.0000000000,-0.0000000000,-0.0000000000,-0.0000000000,0.0000000000,0.0000000000,0.0000000000,0.0000000000,0.0108868556,0.1584134700,-0.0000000000,0.0000000000,-0.0000000000,0.0000000000,-0.6300069636,-0.0000000000,0.0000000000,-0.0000000000,0.0000000000,0.0000000000,0.0000000000,-0.1084706926,-0.0000000000,-0.0370765074,-0.0000000000,-0.0000000000
0.0000000000,-0.0000000000,-0.0000000000,0.0000000000,-0.0000000000,-0.0000000000,-0.0000000000,-0.0000000000,0.0000000000,-0.0000000000,0.0000000000,-0.0000000000,0.0000000000,-0.2615398168,-0.4125580277,-0.0000000000,0.0000000000,-0.0000000000,-0.2353743776,-0.3392041997,2.5076353361,0.0000000000,-0.1021571915,-0.0000000000,0.0827337889,0.0000000000,-0.0000000000,-0.0000000000,-0.0000000000,0.0000000000,0.0000000000,0.0000000000,0.0000000000,-0.0000000000,-0.0000000000,-0.0000000000,-0.0000000000,0.0000000000,0.0000000000,0.0000000000,-0.0000000000,0.0337567925,-0.0000000000,0.0000000000,-0.0000000000,0.0000000000,0.1170242607,0.0000000000,-0.0000000000,-0.0000000000,0.1664654159,-0.0000000000,-0.1455005238,-0.0000000000,-0.0000000000,0.0000000000,-0.0000000000,-0.0000000000,-0.0000000000,-0.0000000000,0.0000000000,0.0000000000,-0.0000000000,-0.0000000000,-0.0000000000,-0.0000000000,-0.0000000000,-0.0000000000,-0.0000000000,-0.0000000000,-0.4307996313,-0.0000000000,-0.0000000000,-0.1737579633,-0.1034822263,0.0000000000,-0.1467912185,-0.0000000000,0.0000000000,0.1449240240,0.0000000000,-0.0000000000,0.0000000000,-0.0000000000,-0.0042183071,-0.0000000000,-0.0968583039,-0.0000000000,-0.0000000000,0.0000000000,-0.0000000000,0.0000000000,0.0000000000,0.2220623374,0.0000000000,0.0000000000,0.0000000000,-0.2261682236,-0.0000000000,-0.0000000000
-0.0000000000,-0.0000000000,-0.0000000000,0.1023035912,0.0000000000,-0.0000000000,-0.0000000000,0.0000000000,0.0000000000,0.0000000000,0.0000000000,-0.0000000000,-0.0421452629,-0.0000000000,-0.0000000000,-0.1159856550,-0.3137534243,-0.0000000000,0.0000000000,-0.0000000000,0.0000000000,2.4992952146,-0.3030105317,-0.0000000000,-0.0000000000,-0.0061213306,-0.1457923203,-0.2944818015,-0.0000000000,-0.2521774491,0.0000000000,-0.0748317153,0.0000000000,-0.0953482457,-0.6665343764,0.0000000000,0.0000000000,-0.0000000000,-0.0499138345,-0.0000000000,0.0000000000,-0.0000000000,-0.0000000000,0.0000000000,0.0000000000,-0.0000000000,0.0000000000,-0.0000000000,0.0000000000,0.0000000000,-0.0000000000,-0.0000000000,0.0000000000,0.1513808222,-0.0000000000,-0.0000000000,0.0000000000,-0.0000000000,0.0213716543,-0.0000000000,-0.0000000000,0.0000000000,-0.0000000000,-0.0000000000,-0.0000000000,-0.0000000000,-0.0000000000,-0.0000000000,-0.0000000000,-0.0000000000,0.0000000000,-0.2299304839,-0.0822697641,-0.0000000000,-0.0000000000,-0.0239061089,-0.0000000000,0.0000000000,-0.0000000000,-0.0000000000,-0.0000000000,0.0000000000,0.0000000000,-0.0000000000,-0.0000000000,-0.0000000000,0.0000000000,-0.0000000000,0.0000000000,0.0775535897,0.2412935544,-0.0000000000,-0.0000000000,0.0000000000,-0.0000000000,0.0000000000,0.0000000000,0.0000000000,0.0000000000,0.0141296512
-0.0212844172,-0.0000000000,-0.1588883932,0.0000000000,0.0000000000,-0.0440838640,-0.0000000000,-0.0000000000,-0.0000000000,0.0000000000,0.2264324635,-0.0000000000,-0.0000000000,-0.0521902130,-0.0000000000,-0.0000000000,-0.0000000000,-0.0000000000,-0.2032251558,-0.3885483183,-0.1021571915,-0.3030105317,2.7647380412,-0.0000000000,0.0000000000,-0.0719595488,-0.0000000000,-0.0734354163,-0.0000000000,0.0000000000,0.0345455102,-0.0000000000,0.0000000000,-0.0000000000,-0.2794030565,-0.0000000000,0.0000000000,0.0000000000,-0.0000000000,-0.0000000000,-0.0000000000,0.0000000000,-0.0000000000,0.0000000000,-0.0000000000,-0.0000000000,0.0000000000,-0.1925435532,-0.0000000000,-0.0000000000,-0.0000000000,-0.0000000000,0.0000000000,0.0000000000,-0.1309050068,-0.0000000000,-0.0000000000,-0.0000000000,0.0000000000,0.0000000000,0.0000000000,0.0000000000,0.0000000000,-0.0892234207,-0.4693810938,-0.0000000000,-0.0312645279,0.0000000000,-0.0000000000,-0.0000000000,-0.1195198300,-0.0000000000,-0.3789553465,-0.0000000000,-0.0000000000,-0.0000000000,-0.0000000000,-0.0000000000,-0.0000000000,0.0000000000,0.0000000000,0.0332925436,0.0000000000,0.0000000000,0.0000000000,0.0000000000,0.0000000000,0.0000000000,-0.0000000000,0.0000000000,0.0000000000,-0.2399512007,0.0000000000,0.0000000000,0.0000000000,0.0000000000,0.0000000000,-0.0226126253,-0.0000000000,-0.0000000000
-0.0000000000,-0.0000000000,0.0000000000,-0.0000000000,-0.0000000000,-0.0000000000,0.0000000000,-0.0000000000,0.0000000000,0.0000000000,0.0000000000,-0.0000000000,-0.0000000000,-0.0000000000,-0.0000000000,-0.0000000000,-0.1406209191,-0.0000000000,-0.0000000000,-0.0000000000,-0.0000000000,-0.0000000000,-0.0000000000,3.3536523677,-0.0000000000,-0.3399366758,-0.0000000000,-0.0000000000,-0.0380498695,-0.0000000000,0.0000000000,0.0000000000,0.0428501043,-0.4222454074,-0.5264323686,0.0000000000,-0.0000000000,0.0000000000,-0.0000000000,-0.1287056301,0.0000000000,-0.0000000000,-0.5563245835,0.0000000000,-0.0000000000,-0.0000000000,-0.0404965747,-0.0000000000,0.0000000000,0.0000000000,0.0000000000,-0.0000000000,-0.0000000000,-0.0000000000,-0.1267722203,-0.0000000000,-0.0000000000,-0.0000000000,-0.0000000000,0.0000000000,-0.0437655266,-0.0000000000,-0.0000000000,-0.0957346880,0.0000000000,-0.0000000000,-0.0000000000,-0.0000000000,-0.0000000000,-0.0000000000,-0.0000000000,-0.0000000000,-0.0000000000,-0.0000000000,-0.4545973078,-0.2496631227,-0.1251129520,0.0000000000,0.0000000000,0.2266554726,-0.6376184098,0.0000000000,-0.0000000000,-0.0000000000,-0.0000000000,0.0000000000,-0.0398892411,-0.0000000000,0.0000000000,-0.0000000000,0.0707948634,-0.0000000000,-0.0000000000,-0.0000000000,-0.1471926987,0.0000000000,0.0000000000,0.0000000000,0.0000000000,0.0498296687
-0.0921459997,0.0000000000,-0.0000000000,0.0000000000,0.0000000000,-0.0000000000,0.0000000000,0.0000000000,-0.0000000000,-0.0000000000,-0.3005884127,-0.0000000000,0.0613129177,0.0000000000,0.0000000000,0.0000000000,0.0000000000,0.0000000000,0.2714532361,0.0000000000,0.0827337889,-0.0000000000,0.0000000000,-0.0000000000,2.0307787556,-0.0000000000,0.0000000000,-0.0000000000,-0.0000000000,0.0000000000,-0.0000000000,-0.1080867907,0.0000000000,0.0000000000,0.0000000000,-0.0000000000,-0.0000000000,-0.0000000000,0.0000000000,0.0000000000,0.0831117545,-0.0000000000,-0.0000000000,-0.0000000000,0.0000000000,0.0000000000,0.0000000000,0.0000000000,-0.1241405721,-0.0000000000,-0.2324813542,-0.0000000000,-0.0000000000,0.0354804069,-0.0000000000,-0.0000000000,0.0940013758,0.0000000000,-0.0000000000,-0.0000000000,-0.0000000000,0.0000000000,0.0000000000,0.0000000000,0.0439611670,0.0000000000,-0.0000000000,0.0600437769,0.1164510310,0.0000000000,0.0000000000,-0.0000000000,0.0000000000,0.0000000000,0.0000000000,-0.7951160031,0.0000000000,0.0121106884,-0.0000000000,-0.0000000000,0.0000000000,0.0000000000,-0.0000000000,-0.0000000000,0.0000000000,-0.0000000000,-0.0000000000,0.0000000000,-0.0000000000,-0.0000000000,0.0000000000,-0.0276137704,-0.0000000000,-0.2945349769,-0.0000000000,-0.1241854067,-0.0000000000,-0.0000000000,-0.0000000000,-0.0000000000
-0.1960275530,0.0000000000,0.0000000000,0.0000000000,0.0000000000,-0.0435955373,0.0000000000,0.0000000000,0.0000000000,0.0000000000,0.1866049956,-0.3673929352,-0.3274932340,0.0000000000,0.0000000000,0.0895805635,0.0000000000,0.0000000000,0.2197791231,-0.0000000000,0.0000000000,-0.0061213306,-0.0719595488,-0.3399366758,-0.0000000000,2.2472763333,-0.0000000000,-0.0000000000,0.0000000000,-0.0000000000,0.0000000000,0.0000000000,0.0000000000,0.1791567876,-0.0000000000,-0.0000000000,0.0000000000,0.7746708092,0.0000000000,-0.0000000000,0.0000000000,-0.5066285560,-0.0247573591,-0.0000000000,-0.0000000000,0.0000000000,-0.0000000000,-0.0000000000,0.0000000000,0.2021216615,-0.0301927365,0.0000000000,0.0743734851,0.0218685306,-0.0000000000,0.0000000000,0.0000000000,0.0000000000,-0.0000000000,0.0000000000,-0.0000000000,-0.0000000000,0.0000000000,-0.0000000000,-0.0000000000,0.0000000000,0.0000000000,0.2157522698,0.0000000000,0.0000000000,0.0000000000,-0.0000000000,-0.0000000000,-0.1010122924,0.0000000000,-0.1102805221,0.0000000000,0.0000000000,-0.0037816037,0.0289342543,-0.0000000000,0.0234876953,-0.1708703204,0.0000000000,-0.0000000000,0.2821230185,0.0000000000,-0.0000000000,0.0000000000,-0.2221688369,0.0014618811,-0.0000000000,0.0000000000,-0.0000000000,-0.0247487762,-0.2582069233,0.0000000000,0.0000000000,-0.0000000000,0.0000000000
-0.0000000000,-0.0000000000,0.0000000000,0.0000000000,-0.0000000000,-0.0000000000,0.0000000000,-0.0000000000,0.0595040344,0.0000000000,-0.0000000000,-0.0201543082,-0.0000000000,-0.0405767365,-0.0000000000,-0.0000000000,-0.0000000000,-0.0000000000,-0.1530819374,-0.0000000000,-0.0000000000,-0.1457923203,-0.0000000000,-0.0000000000,0.0000000000,-0.0000000000,3.0405929093,-0.0000000000,-0.2576540935,-0.4050945456,-0.0000000000,0.0000000000,0.1250645205,-0.0000000000,-0.3644102609,0.0000000000,-0.0474829283,-0.0000000000,-0.2551735366,-0.0000000000,-0.0000000000,-0.1545385036,-0.2894467030,-0.0000000000,-0.1958955297,-0.8417642014,-0.0000000000,0.0000000000,0.0000000000,-0.0000000000,0.0000000000,-0.0000000000,-0.0211634938,-0.0000000000,-0.1157291181,0.0000000000,-0.0000000000,-0.0000000000,0.1856103470,0.0000000000,0.0000000000,0.0000000000,0.0000000000,-0.0000000000,-0.0000000000,0.0000000000,0.0000000000,0.0000000000,-0.0000000000,-0.0000000000,0.0000000000,-0.0000000000,-0.0000000000,-0.0000000000,0.0000000000,-0.0000000000,0.0000000000,-0.0000000000,-0.0636107195,0.0000000000,0.0000000000,-0.0000000000,-0.0000000000,-0.0000000000,-0.2076839821,-0.0000000000,-0.0000000000,-0.2902362097,-0.0000000000,0.0000000000,0.0000000000,0.0000000000,-0.0000000000,0.0000000000,-0.0000000000,-0.1156023154,-0.0000000000,-0.0000000000,0.0000000000,0.0000000000
-0.0000000000,-0.0890665952,0.0000000000,0.0000000000,0.0000000000,-0.0000000000,-0.0000000000,-0.0000000000,0.0000000000,-0.0000000000,-0.0000000000,-0.0000000000,-0.0261005410,-0.0000000000,-0.0000000000,-0.0000000000,-0.0787663478,-0.1030148839,-0.0000000000,-0.0000000000,-0.0000000000,-0.2944818015,-0.0734354163,-0.0000000000,-0.0000000000,-0.0000000000,-0.0000000000,2.3012593068,-0.0000000000,-0.2113164954,-0.0000000000,-0.0000000000,-0.0000000000,-0.0000000000,-0.0000000000,0.0000000000,0.0000000000,0.0000000000,0.0000000000,0.0000000000,0.0000000000,-0.0000000000,0.0000000000,0.0000000000,-0.0000000000,-0.0000000000,0.0000000000,-0.0000000000,0.0000000000,0.0000000000,-0.1392172717,-0.0000000000,-0.0000000000,0.0128720981,-0.0000000000,-0.0000000000,-0.0000000000,-0.0000000000,0.0000000000,-0.0000000000,-0.0000000000,0.0000000000,-0.1348669372,-0.0000000000,-0.0000000000,-0.0000000000,-0.0000000000,-0.0000000000,-0.0000000000,-0.0000000000,-0.2213520226,-0.3807188684,-0.0000000000,0.0000000000,-0.0000000000,-0.3483371683,-0.0000000000,-0.0816106818,0.0000000000,-0.0000000000,-0.0000000000,0.0428128596,-0.0000000000,-0.0009809883,-0.0000000000,-0.0000000000,0.0000000000,-0.3186342610,0.0000000000,0.0000000000,-0.0000000000,0.0000000000,-0.0000000000,-0.0000000000,-0.0000000000,0.0000000000,-0.0000000000,-0.1069014923,-0.0000000000,0.0000000000
-0.1964527051,-0.0000000000,0.0000000000,0.0000000000,-0.0000000000,-0.0000000000,-0.0000000000,-0.0000000000,0.0000000000,-0.0000000000,-0.0000000000,-0.0000000000,-0.2058945763,-0.0000000000,-0.4638935386,-0.2102869280,-0.0000000000,-0.0000000000,-0.1274914185,-0.0807982384,-0.0000000000,-0.0000000000,-0.0000000000,-0.0380498695,-0.0000000000,0.0000000000,-0.2576540935,-0.0000000000,3.1313179709,-0.0000000000,-0.0000000000,-0.0000000000,0.0000000000,-0.0000000000,-0.0000000000,-0.0000000000,-0.7767847413,-0.0000000000,-0.0000000000,-0.0000000000,-0.0000000000,-0.0000000000,-0.0000000000,-0.0000000000,-0.0496708561,-0.0000000000,-0.0000000000,-0.0000000000,-0.0000000000,-0.0334664124,-0.0000000000,-0.0000000000,-0.0736379157,-0.0000000000,-0.0000000000,-0.2583909651,0.0000000000,-0.0000000000,0.0000000000,-0.0000000000,-0.0000000000,-0.0000000000,-0.0000000000,-0.0396651022,-0.0000000000,-0.0000000000,-0.0000000000,-0.1823563317,-0.0000000000,-0.0000000000,-0.0000000000,0.0000000000,0.0000000000,-0.0000000000,-0.0000000000,-0.3104462954,-0.2197899410,-0.0219599957,0.0000000000,0.0000000000,0.0000000000,0.1428897886,0.0000000000,0.0000000000,0.0000000000,0.0000000000,-0.2603764386,-0.0000000000,-0.0000000000,0.0000000000,0.0000000000,-0.0000000000,-0.0000000000,0.0000000000,0.0000000000,-0.0029729685,-0.0000000000,-0.0000000000,-0.0760130791,-0.0000000000
