0,1,2,3,4,5,6,7,8,9,10,11,12,13,14,15,16,17,18,19,20,21,22,23,24,25,26,27,28,29,30,31,32,33,34,35,36,37,38,39,40,41,42,43,44,45,46,47,48,49,50,51,52,53,54,55,56,57,58,59,60,61,62,63,64,65,66,67,68,69,70,71,72,73,74,75,76,77,78,79,80,81,82,83,84,85,86,87,88,89,90,91,92,93,94,95,96,97,98,99
1.9546523733,-0.0000000000,-0.0000000000,-0.0000000000,-0.0000000000,-0.0000000000,0.0926994034,0.0000000000,0.0000000000,-0.0905802868,-0.0000000000,-0.0000000000,0.0000000000,-0.0000000000,0.0000000000,-0.3402155627,0.0387181355,-0.0000000000,0.0000000000,-0.0000000000,0.0000000000,-0.0000000000,-0.0000000000,0.0000000000,-0.0000000000,0.0000000000,0.0042388368,0.0000000000,0.1066588647,0.0000000000,-0.0000000000,-0.1291184186,-0.4832713128,0.0000000000,-0.0000000000,-0.0582619942,-0.0000000000,-0.0000000000,-0.0000000000,-0.0000000000,-0.0000000000,0.0382013283,0.0000000000,0.0000000000,0.0000000000,0.0000000000,-0.0000000000,-0.0000000000,-0.4813210747,-0.0308389041,-0.3785228267,-0.0000000000,0.1862351446,-0.0000000000,0.0000000000,0.0000000000,-0.0000000000,-0.0000000000,0.0000000000,-0.0000000000,-0.0000000000,0.0000000000,-0.0754627349,-0.0000000000,-0.0000000000,0.0000000000,-0.0000000000,0.0000000000,0.0000000000,0.0000000000,0.0000000000,0.0000000000,0.0000000000,0.0000000000,-0.0000000000,0.0000000000,0.0781678571,0.0332664544,0.0000000000,-0.0000000000,0.0034164495,0.0000000000,0.0000000000,0.0000000000,0.1237833233,0.0000000000,0.0000000000,0.0000000000,-0.0000000000,0.1243861760,-0.0000000000,0.0000000000,0.0000000000,-0.0000000000,0.0000000000,-0.0000000000,0.0000000000,-0.0000000000,-0.2582531600,0.0000000000
-0.0000000000,2.7148767474,-0.6075776057,-0.2673993230,-0.4258916220,-0.0000000000,-0.0000000000,-0.4260831546,-0.0496360218,-0.0000000000,-0.0000000000,-0.0000000000,-0.0000000000,-0.0000000000,0.0000000000,-0.0036382964,-0.0000000000,-0.0000000000,-0.0000000000,-0.0000000000,0.0280044343,-0.0000000000,0.0000000000,0.0000000000,0.0000000000,0.0000000000,-0.0000000000,0.0000000000,0.0000000000,-0.0000000000,-0.0000000000,0.0269294084,-0.0000000000,0.0000000000,-0.0080036159,-0.0000000000,0.0000000000,0.0000000000,0.0000000000,0.0082153612,0.0000000000,-0.0000000000,-0.0421744595,0.0000000000,-0.0191888729,0.0000000000,-0.0000000000,-0.0000000000,-0.0000000000,0.0000000000,-0.0000000000,-1.0316366884,-0.0000000000,-0.0000000000,-0.0000000000,-0.0000000000,-0.0000000000,-0.0000000000,-0.0000000000,0.0000000000,0.0000000000,-0.0000000000,-0.0171272055,-0.0000000000,-0.0000000000,-0.0000000000,-0.0000000000,0.0000000000,0.0000000000,0.0000000000,0.0000000000,-0.0086432779,-0.0000000000,-0.0000000000,-0.0000000000,-0.0000000000,0.0000000000,-0.0026825482,-0.0000000000,0.0000000000,-0.0000000000,-0.0000000000,0.0000000000,-0.0777108961,-0.0000000000,-0.0000000000,0.0000000000,-0.0667710609,-0.0000000000,0.0000000000,0.0000000000,0.0843266090,0.0000000000,-0.2074858846,-0.0000000000,0.0000000000,-0.0000000000,-0.0000000000,0.0000000000,0.0000000000
-0.0000000000,-0.6075776057,4.0299375156,0.0281483810,-0.0000000000,-1.3371087754,0.0000000000,-0.2386525855,-0.5444204825,-0.0000000000,-0.0000000000,-0.0000000000,-0.0000000000,0.0000000000,0.0000000000,-0.0000000000,0.0000000000,-0.0000000000,-0.0000000000,-0.0000000000,0.0000000000,0.0000000000,0.0000000000,0.0000000000,0.0000000000,0.0000000000,-0.0000000000,0.0455693044,0.0124373728,0.0000000000,0.0000000000,0.0000000000,0.0000000000,0.0000000000,0.0000000000,-0.4533921097,-0.0000000000,-0.0000000000,0.0000000000,0.0000000000,0.0000000000,-0.0000000000,-0.0000000000,0.0000000000,-0.0000000000,0.0000000000,0.0000000000,0.0000000000,-0.0000000000,-0.0000000000,-0.2309608458,-0.3438841917,0.0000000000,0.0000000000,-0.3128062751,-0.1081100706,0.0000000000,-0.0000000000,-0.0000000000,-0.0000000000,0.0000000000,-0.0000000000,0.0000000000,0.0000000000,-0.0000000000,0.0000000000,0.0000000000,-0.0000000000,0.0000000000,0.0000000000,-0.0000000000,-0.0000000000,-0.0000000000,0.0000000000,-0.0000000000,-0.0528670186,0.0000000000,-0.0000000000,0.0000000000,-0.0000000000,0.0000000000,0.0000000000,0.0000000000,0.0000000000,-0.0000000000,-0.0000000000,-0.0000000000,-0.0000000000,-0.0000000000,0.0000000000,0.0000000000,-0.0000000000,0.0000000000,-0.0000000000,-0.0000000000,-0.0000000000,0.0000000000,-0.0000000000,-0.0481419979,-0.0000000000
-0.0000000000,-0.2673993230,0.0281483810,2.7149965000,-0.0000000000,0.0000477228,-0.0000000000,-0.0000000000,0.0160038592,0.0000000000,-0.0000000000,0.0000000000,0.0000000000,-0.0151650260,-0.0117013628,-0.4111691842,0.0000000000,-0.0000000000,0.0000000000,0.0000000000,0.0000000000,-0.0495034119,-0.0000000000,-0.0000000000,-0.0000000000,0.0000000000,0.0000000000,0.0111249894,-0.0000000000,0.0000000000,-0.0000000000,-0.0000000000,-0.0000000000,-0.0000000000,-0.0000000000,0.0000000000,-0.0000000000,-0.0000000000,-0.0682597951,-0.0000000000,-0.0000000000,-0.0000000000,-0.1211395461,-0.0000000000,0.0000000000,-0.0000000000,-0.0000000000,-0.0000000000,0.0000000000,-0.0000000000,0.0000000000,-0.0000000000,-0.0913850667,-1.6871586090,0.0486697574,0.1504043311,-0.0000000000,-0.0000000000,0.0000000000,-0.0000000000,0.0000000000,0.0000000000,-0.0000000000,-0.0000000000,0.0000000000,-0.1299088147,0.0000000000,0.0525005697,0.0000000000,-0.0000000000,0.1048509456,-0.0552674182,0.0000000000,0.0000000000,0.1879440639,0.0000000000,0.0000000000,0.0000000000,-0.1286174794,0.0000000000,0.0000000000,0.0000000000,-0.0000000000,-0.0000000000,0.2119287332,0.0000000000,0.0000000000,-0.0000000000,0.0625964147,0.0000000000,-0.0000000000,0.0000000000,-0.0000000000,-0.2384093674,-0.0000000000,-0.0000000000,-0.0000000000,0.0000000000,0.0000000000,0.0058570494
-0.0000000000,-0.4258916220,-0.0000000000,-0.0000000000,2.2209931806,-0.0000000000,0.0000000000,0.0000000000,0.0000000000,0.0000000000,-0.0000000000,0.0000000000,0.0000000000,-0.0482501293,-0.0000000000,-0.0000000000,0.0000000000,0.0000000000,-0.0049948075,0.0000000000,0.0000000000,0.0000000000,0.0000000000,0.0000000000,0.0000000000,0.0243760064,-0.0000000000,0.0000000000,-0.0000000000,0.0000000000,0.0000000000,0.0000000000,-0.0000000000,0.0000000000,-0.0000000000,0.0000000000,-0.0000000000,0.0000000000,-0.0000000000,-0.0000000000,0.0000000000,0.0991702546,-0.0200025971,0.0000000000,-0.0000000000,0.0000000000,-0.0000000000,0.0000000000,0.0000000000,0.0000000000,0.0000000000,-0.0000000000,0.0000000000,-1.0585155993,-0.6628214040,0.0000000000,0.1790243908,0.0000000000,-0.0000000000,0.0000000000,0.0000000000,0.0042796676,0.0000000000,-0.0000000000,-0.0000000000,-0.0000000000,0.0000000000,0.2378524182,0.0000000000,0.1695673545,0.0299903833,-0.0000000000,0.0000000000,-0.0000000000,-0.0256738110,-0.0000000000,-0.0000000000,-0.0000000000,0.0000000000,0.0770633271,-0.0000000000,0.0000000000,0.0000000000,-0.0000000000,0.0611520990,0.0000000000,0.0000000000,0.0000000000,0.0000000000,0.0000000000,0.0000000000,0.1121232662,0.0000000000,-0.0000000000,-0.0546374649,0.0118107406,0.0000000000,-0.0000000000,0.0000000000,0.0000000000
-0.0000000000,-0.0000000000,-1.3371087754,0.0000477228,-0.0000000000,5.2184796279,-0.0000000000,0.0000000000,-0.4715901819,-0.0735976755,-0.0000000000,-0.0791023423,-0.0000000000,0.0000000000,-0.0000000000,-0.0000000000,0.0000000000,0.0000000000,-0.0000000000,-0.0000000000,-0.0000000000,0.0000000000,0.0233633379,0.0000000000,0.0000000000,0.0000000000,-0.0000000000,0.0000000000,0.0000000000,0.0000000000,0.0000000000,0.0000000000,0.0000000000,0.0000000000,0.0000000000,-0.0000000000,-0.0000000000,0.0000000000,0.0969519150,0.0169901223,-0.0000000000,0.0000000000,0.0000000000,-0.0000000000,-0.0000000000,0.0000000000,0.0000000000,0.0000000000,-0.4170283806,-0.0000000000,-0.0000000000,-0.0000000000,0.0000000000,0.0000000000,-1.3001131251,-1.4508829065,0.0000000000,-0.0000000000,-0.0000000000,-0.0000000000,-0.0000000000,-0.0000000000,-0.0000000000,0.0045322530,0.0000000000,0.0000000000,-0.0000000000,0.0000000000,0.1998750872,0.0000000000,-0.0000000000,0.0000000000,0.0000000000,-0.0000000000,-0.0000000000,-0.0139952605,-0.0000000000,-0.0000000000,0.0000000000,-0.0000000000,0.0000000000,0.0000000000,0.0000000000,0.0000000000,-0.0000000000,0.0000000000,-0.0000000000,-0.0000000000,-0.0000000000,-0.0000000000,0.0000000000,0.0000000000,0.0000000000,-0.0000000000,0.0000000000,-0.0000000000,-0.0000000000,-0.0000000000,-0.3492960771,-0.0000000000
0.0926994034,-0.0000000000,0.0000000000,-0.0000000000,0.0000000000,-0.0000000000,2.4745556687,-0.4480876477,-0.5078492644,-0.0000000000,-0.0000000000,-0.0000000000,-0.0000000000,0.0000000000,-0.0000000000,-0.1293719640,-0.0000000000,0.0000000000,-0.2041008166,-0.0000000000,-0.0000000000,0.0000000000,0.0000000000,0.0000000000,-0.0000000000,0.0000000000,0.0000000000,0.0000000000,0.0000000000,0.0505149057,-0.0157292009,-0.0000000000,0.0000000000,0.0000000000,-0.0000000000,0.0000000000,0.0000000000,0.0000000000,0.0094242987,-0.0000000000,0.0000000000,-0.0000000000,0.0000000000,-0.0000000000,0.0000000000,0.0059684537,0.0640354090,0.0000000000,0.0000000000,0.0000000000,-0.0471900372,-0.0163612146,-0.9501451161,-0.0000000000,-0.0000000000,-0.0000000000,-0.0000000000,-0.0000000000,-0.0000000000,-0.0000000000,0.0000000000,-0.0000000000,-0.0397069227,-0.0000000000,-0.0478882560,-0.0000000000,-0.4559744238,-0.1010197753,0.0000000000,0.0663187108,-0.0000000000,0.0000000000,-0.0000000000,-0.0000000000,-0.0000000000,0.0000000000,-0.0000000000,-0.0000000000,-0.0000000000,-0.0000000000,-0.0000000000,0.0000000000,0.0000000000,-0.0000000000,-0.0000000000,0.0000000000,-0.0000000000,-0.0000000000,0.0000000000,0.0000000000,0.0000000000,-0.0000000000,0.0000000000,-0.0000000000,0.0000000000,-0.0435711077,0.0000000000,-0.0000000000,0.0000000000,0.0000000000
0.0000000000,-0.4260831546,-0.2386525855,-0.0000000000,0.0000000000,0.0000000000,-0.4480876477,3.1299752323,-0.5403981249,-0.0000000000,-0.0000000000,0.0000000000,-0.0000000000,0.0000000000,0.0000000000,-0.0000000000,-0.0000000000,-0.2499220728,-0.0000000000,-0.0357347656,0.0000000000,-0.0000000000,0.0000000000,0.0000000000,0.0000000000,0.0000000000,0.0000000000,0.0000000000,0.0284075926,0.0000000000,-0.0000000000,-0.0000000000,0.1023913952,0.0000000000,0.0000000000,-0.0590325249,0.0000000000,-0.0000000000,0.1317738882,0.0000000000,0.0000000000,-0.0000000000,0.0000000000,0.0000000000,0.0000000000,0.1052010281,0.0000000000,0.2564734335,0.0000000000,0.0667904961,-0.0000000000,-0.6198576503,-0.0000000000,0.0000000000,-0.0000000000,-0.0000000000,-0.2100251311,-0.0000000000,0.0000000000,0.0000000000,0.0442187546,0.0000000000,0.0000000000,0.0000000000,-0.0000000000,0.0000000000,0.0000000000,-0.0000000000,-0.0000000000,-0.2616604565,-0.1066277477,-0.0572700490,-0.0000000000,0.0000000000,-0.0000000000,-0.0000000000,-0.0000000000,-0.0000000000,0.0000000000,-0.0000000000,-0.0000000000,0.0000000000,0.0000000000,-0.0000000000,-0.0000000000,-0.0000000000,0.0000000000,-0.0341404493,-0.0000000000,0.0000000000,0.1966999155,-0.0000000000,0.0560303069,-0.0000000000,0.0000000000,0.0000000000,0.0064185582,0.0000000000,0.0000000000,0.0000000000
0.0000000000,-0.0496360218,-0.5444204825,0.0160038592,0.0000000000,-0.4715901819,-0.5078492644,-0.5403981249,3.8189636986,-0.0000000000,-0.0000000000,-0.0000000000,-0.0000000000,-0.0000000000,-0.0342455265,-0.0000000000,-0.0000000000,0.0000000000,-0.0593914751,-0.0000000000,-0.0000000000,0.0000000000,0.0000000000,0.0000000000,0.0000000000,0.0000000000,-0.0000000000,0.0284581332,0.0000000000,0.0000000000,0.0000000000,0.0000000000,0.0000000000,0.0000000000,0.0000000000,-0.0000000000,-0.0000000000,0.0000000000,0.0000000000,0.0576021031,0.0000000000,-0.0000000000,0.0000000000,0.0000000000,-0.0000000000,0.0000000000,0.0000000000,0.0000000000,-0.0000000000,-0.0000000000,-0.0000000000,-0.0705478772,-0.0000000000,0.2094059932,-0.3332201052,-1.0032054742,0.0000000000,-0.1818378641,0.0000000000,-0.0000000000,0.0755833240,-0.0000000000,-0.0000000000,0.0000000000,-0.0000000000,-0.0000000000,-0.0000000000,-0.0000000000,0.0000000000,-0.0000000000,-0.2366526836,-0.0000000000,-0.0000000000,-0.0000000000,-0.0000000000,-0.0000000000,-0.0000000000,-0.2623262671,-0.0000000000,-0.0000000000,0.0000000000,-0.0000000000,0.0000000000,-0.0000000000,-0.0633102985,-0.0117486229,-0.0000000000,-0.0089475999,-0.0431252292,-0.0000000000,0.0000000000,-0.0000000000,0.0000000000,-0.0000000000,0.0000000000,-0.0000000000,-0.0000000000,-0.0000000000,-0.0000000000,-0.0000000000
-0.0905802868,-0.0000000000,-0.0000000000,0.0000000000,0.0000000000,-0.0735976755,-0.0000000000,-0.0000000000,-0.0000000000,2.8946945925,-0.2345505287,-0.0971279029,0.0000000000,0.0000000000,-0.0000000000,-0.0000000000,0.0000000000,0.0000000000,0.0000000000,-0.0000000000,-0.0000000000,0.0000000000,0.0000000000,-0.0000000000,-0.2703092002,0.0000000000,0.0648265746,-0.0533368291,-0.0000000000,0.0190590720,-0.0000000000,-0.0000000000,0.0000000000,0.0000000000,0.0000000000,-0.0014558936,0.0000000000,-0.0000000000,0.0000000000,-0.1506159305,0.0000000000,0.0000000000,0.0000000000,0.0000000000,-0.0000000000,0.0000000000,0.0160330522,0.0000000000,-0.1340475719,-0.0000000000,-0.0501052372,-0.0000000000,-0.0123525566,0.0827302556,-0.0000000000,-0.0000000000,-0.0000000000,-0.0000000000,-1.6330575171,-0.0000000000,-0.0000000000,0.0818114604,0.0000000000,0.0477285630,0.0000000000,0.0000000000,-0.0000000000,0.2089788674,-0.0000000000,0.0000000000,-0.0280502574,0.0289162490,0.0000000000,-0.0628763788,-0.0000000000,-0.0000000000,-0.0000000000,-0.0000000000,-0.0000000000,-0.0000000000,0.0000000000,0.0000000000,-0.0000000000,-0.0000000000,0.0000000000,0.0000000000,0.0000000000,-0.0000000000,-0.0544774545,0.0000000000,-0.1891541716,-0.0000000000,-0.2501299343,-0.0000000000,0.0000000000,0.0000000000,0.0000000000,0.0000000000,-0.0000000000,-0.0000000000
-0.0000000000,-0.0000000000,-0.0000000000,-0.0000000000,-0.0000000000,-0.0000000000,-0.0000000000,-0.0000000000,-0.0000000000,-0.2345505287,1.8826104550,-0.1076450112,0.0000000000,-0.2890788764,-0.0000000000,0.0000000000,0.0000000000,-0.0000000000,-0.0000000000,-0.0000000000,-0.0000000000,0.0000000000,-0.0000000000,-0.0000000000,-0.3208455787,0.0000000000,0.0040484368,0.0542862211,-0.0000000000,0.0000000000,-0.0698885018,-0.0000000000,-0.0000000000,0.0000000000,0.0000000000,-0.0000000000,0.0226784474,0.0000000000,0.0000000000,0.0000000000,-0.0000000000,0.0000000000,0.0995648961,0.0000000000,0.0000000000,0.0000000000,0.0000000000,-0.0134825317,-0.0000000000,0.0000000000,-0.0530162635,-0.0000000000,-0.0000000000,0.0000000000,-0.0000000000,-0.0000000000,0.0000000000,0.0000000000,-0.2750463774,-0.6660546002,-0.0000000000,0.0032207760,-0.0000000000,-0.0000000000,-0.0343961777,-0.0000000000,0.0000000000,0.0000000000,-0.0000000000,-0.0000000000,-0.0000000000,0.0061464405,-0.0000000000,0.0701884759,-0.0000000000,-0.0000000000,-0.0000000000,0.0000000000,-0.0000000000,-0.0000000000,-0.0000000000,0.0000000000,0.0000000000,-0.0385699048,0.1507503268,0.0000000000,0.0000000000,-0.0000000000,0.0000000000,0.0000000000,-0.0000000000,0.0000000000,0.0000000000,-0.0000000000,0.0952369310,0.0000000000,0.0000000000,-0.0000000000,-0.0000000000,-0.0000000000
-0.0000000000,-0.0000000000,-0.0000000000,0.0000000000,0.0000000000,-0.0791023423,-0.0000000000,0.0000000000,-0.0000000000,-0.0971279029,-0.1076450112,2.5082957885,-0.4143627526,-0.0000000000,0.0000000000,0.0000000000,-0.3538817669,0.0000000000,-0.0000000000,0.0000000000,0.0000000000,0.0000000000,0.0000000000,-0.0000000000,-0.0034299620,-0.0250070601,-0.0000000000,0.0000000000,-0.0000000000,-0.0000000000,-0.0000000000,-0.0000000000,-0.0000000000,0.0000000000,0.0144939106,-0.0000000000,-0.0000000000,-0.0000000000,-0.0000000000,-0.0000000000,-0.0000000000,-0.0000000000,-0.0000000000,-0.0000000000,0.0000000000,-0.0000000000,0.0000000000,-0.0000000000,-0.0000000000,-0.0000000000,-0.0000000000,-0.0000000000,0.0000000000,0.1071675737,-0.0000000000,-0.0000000000,0.0000000000,0.0000000000,-0.1188927145,-0.1420782658,-1.1582829085,-0.0000000000,-0.2921543673,-0.0000000000,0.0000000000,0.1284756140,-0.0000000000,-0.0000000000,0.0000000000,0.2882968546,0.0541717660,-0.0000000000,0.0000000000,0.0000000000,-0.0776788466,-0.1274061898,0.0000000000,-0.0000000000,-0.0000000000,-0.0701857904,0.0000000000,0.0000000000,0.0000000000,0.0000000000,0.0000000000,0.0000000000,-0.0000000000,0.0000000000,0.0000000000,-0.0000000000,-0.0000000000,-0.0000000000,-0.0000000000,0.0000000000,-0.0000000000,-0.0000000000,-0.0000000000,-0.0000000000,-0.0000000000,-0.0000000000
0.0000000000,-0.0000000000,-0.0000000000,0.0000000000,0.0000000000,-0.0000000000,-0.0000000000,-0.0000000000,-0.0000000000,0.0000000000,0.0000000000,-0.4143627526,4.1215055623,-0.0000000000,0.0000000000,0.0000000000,-0.0000000000,-0.0000000000,0.0000000000,-0.0000000000,-0.0000000000,-0.0000000000,0.0000000000,0.0000000000,-0.0000000000,0.0000000000,-0.0000000000,0.0000000000,0.0000000000,-0.0000000000,0.0000000000,-0.0000000000,0.0000000000,0.0000000000,0.0000000000,-0.0000000000,-0.0000000000,-0.0661688236,0.0000000000,0.0447873595,-0.0000000000,-0.1856186441,-0.0000000000,-0.2931569755,-0.0000000000,-0.0000000000,0.0000000000,0.0000000000,-0.0000000000,-0.0000000000,-0.0000000000,-0.0000000000,0.0000000000,0.0000000000,-0.0000000000,-0.0000000000,-0.0000000000,-0.0000000000,0.0000000000,-0.0000000000,-0.2225598912,-2.8066844797,-0.3613621590,0.1328371173,0.0000000000,0.0000000000,0.0000000000,-0.0000000000,0.0000000000,0.0000000000,0.0000000000,-0.0114278280,0.0000000000,0.1772577937,0.0000000000,-0.0000000000,0.1520680207,-0.0000000000,-0.0000000000,-0.0000000000,0.0000000000,-0.0000000000,-0.0000000000,-0.0000000000,-0.0000000000,-0.0000000000,0.0000000000,0.0000000000,0.0000000000,-0.0000000000,0.0000000000,-0.0000000000,0.0000000000,-0.0000000000,-0.0000000000,-0.0000000000,-0.0979454475,-0.0000000000,-0.0000000000,-0.0000000000
-0.0000000000,-0.0000000000,0.0000000000,-0.0151650260,-0.0482501293,0.0000000000,0.0000000000,0.0000000000,-0.0000000000,0.0000000000,-0.2890788764,-0.0000000000,-0.0000000000,2.3855229542,-0.3598673639,-0.0000000000,-0.4126722768,-0.0000000000,-0.6582440429,0.0000000000,-0.0868350895,-0.0000000000,-0.0498641278,0.0746901019,0.0000000000,0.0000000000,-0.0000000000,0.0000000000,0.0000000000,-0.1345020013,0.0000000000,-0.0000000000,-0.0000000000,-0.0000000000,-0.0000000000,0.0000000000,0.1675457902,-0.0000000000,-0.0000000000,0.0233548359,0.0000000000,0.0000000000,0.0000000000,0.0000000000,-0.0000000000,-0.1488893194,-0.0000000000,-0.0000000000,0.0000000000,0.0000000000,-0.0000000000,0.0000000000,0.0000000000,-0.1695723098,0.0000000000,0.0000000000,0.0000000000,0.0000000000,0.0000000000,0.0000000000,0.0000000000,-0.0000000000,-0.1951309145,-0.0000000000,-0.0268840348,-0.0000000000,0.0000000000,0.0000000000,0.0000000000,0.0000000000,0.0000000000,0.0000000000,-0.0000000000,0.1674336296,0.0000000000,0.5417491721,0.0000000000,-0.0000000000,-0.0000000000,0.0000000000,0.0101206274,0.0000000000,0.0000000000,0.0000000000,-0.0000000000,0.0000000000,0.0000000000,0.0146849069,0.1239069398,0.0000000000,0.0000000000,0.0000000000,-0.0000000000,0.0000000000,0.0901564880,0.0000000000,-0.0000000000,-0.0000000000,0.0000000000,0.0632616740
0.0000000000,0.0000000000,0.0000000000,-0.0117013628,-0.0000000000,-0.0000000000,-0.0000000000,0.0000000000,-0.0342455265,-0.0000000000,-0.0000000000,0.0000000000,0.0000000000,-0.3598673639,3.1877074737,-0.0012455355,0.0000000000,-0.0000000000,0.0000000000,-0.0000000000,-0.8968333002,-0.0000000000,-0.0000000000,0.0000000000,0.1316269398,0.0269381366,0.0000000000,0.1557075990,-0.0881604330,-0.0000000000,0.0227545137,0.0000000000,0.0000000000,-0.0000000000,0.0000000000,-0.0000000000,0.0000000000,0.0000000000,-0.0000000000,-0.0000000000,0.0000000000,0.0000000000,0.0000000000,0.0000000000,-0.0000000000,0.0000000000,0.0000000000,-0.0000000000,-0.0000000000,0.0000000000,0.0000000000,0.0000000000,0.0000000000,-0.0315806158,-0.0000000000,-0.0431993318,-0.0000000000,-0.0000000000,0.0000000000,0.0000000000,0.0000000000,0.0000000000,-0.0000000000,0.0000000000,0.0000000000,-1.7869078188,-0.0000000000,0.0836585745,0.0232795324,0.0000000000,-0.0000000000,0.0000000000,-0.0000000000,-0.0000000000,0.0000000000,0.0000000000,-0.0000000000,-0.0000000000,-0.0000000000,0.0233493831,0.0876819425,0.0000000000,0.0000000000,0.0674582932,-0.0000000000,0.0000000000,0.0000000000,0.0000000000,0.0000000000,0.0000000000,0.0000000000,0.0000000000,-0.0598668750,0.0000000000,0.0000000000,0.0000000000,-0.0000000000,0.0000000000,-0.0000000000,0.0000000000
-0.3402155627,-0.0036382964,-0.0000000000,-0.4111691842,-0.0000000000,-0.0000000000,-0.1293719640,-0.0000000000,-0.0000000000,-0.0000000000,0.0000000000,0.0000000000,0.0000000000,-0.0000000000,-0.0012455355,2.2070331423,0.0000000000,-0.5705714633,-0.0000000000,-0.0000000000,-0.0000000000,-0.0000000000,-0.0000000000,-0.0000000000,0.0000000000,-0.0000000000,0.0000000000,0.0000000000,-0.0000000000,0.0000000000,0.0000000000,-0.0000000000,-0.4030437585,-0.1425815423,-0.2611966896,-0.1141941734,-0.0000000000,-0.0000000000,-0.0000000000,-0.3643818142,-0.0000000000,0.1201522237,0.0000000000,0.0000000000,0.0000000000,0.0000000000,-0.0000000000,-0.0000000000,-0.0000000000,-0.0000000000,-0.2200858616,-0.0000000000,-0.2875127806,-0.0000000000,-0.0000000000,-0.0000000000,-0.0000000000,-0.0000000000,0.0000000000,-0.0350383370,0.0000000000,0.0000000000,-0.0392949896,-0.0015806117,-0.0000000000,-0.0000000000,-0.0000000000,-0.0000000000,-0.0000000000,-0.0000000000,-0.0000000000,0.0000000000,0.0000000000,-0.0000000000,-0.0000000000,0.0000000000,-0.0000000000,0.0000000000,-0.0000000000,-0.0000000000,0.0000000000,0.0000000000,0.0000000000,-0.0000000000,0.0000000000,0.0000000000,-0.0000000000,-0.0000000000,-0.0000000000,0.1585105674,-0.0000000000,0.0000000000,0.0000000000,-0.0000000000,0.0000000000,-0.0000000000,0.0000000000,-0.0000000000,-0.0000000000,0.0000000000
0.0387181355,-0.0000000000,0.0000000000,0.0000000000,0.0000000000,0.0000000000,-0.0000000000,-0.0000000000,-0.0000000000,0.0000000000,0.0000000000,-0.3538817669,-0.0000000000,-0.4126722768,0.0000000000,0.0000000000,2.8923763209,-0.0000000000,-1.5116811716,0.0951118907,-0.0000000000,-0.3332117705,0.0000000000,-0.0000000000,0.0000000000,0.0000000000,-0.0000000000,0.0641386411,0.0000000000,-0.0000000000,-0.0208227089,0.0000000000,-0.0000000000,-0.0000000000,0.0000000000,0.0606352038,0.0000000000,-0.0000000000,-0.0000000000,0.0000000000,0.0369873894,-0.0000000000,-0.0000000000,-0.0000000000,-0.0000000000,-0.1116462323,0.0000000000,0.0000000000,0.0000000000,-0.0000000000,0.0000000000,0.0000000000,0.0000000000,0.0000000000,-0.0000000000,0.0000000000,0.0648120632,0.0000000000,0.0577237466,0.0352767777,0.0000000000,0.0000000000,-0.0000000000,-0.0870719277,-0.0897816361,0.0000000000,-0.0000000000,-0.2932499509,0.0000000000,0.0000000000,0.0000000000,-0.1549669994,0.0000000000,0.0000000000,-0.0000000000,0.0256190495,0.0000000000,-0.0000000000,-0.1205190220,-0.0000000000,0.0297065672,-0.0000000000,-0.0000000000,0.0000000000,-0.0000000000,0.0000000000,-0.0000000000,0.0000000000,0.0000000000,0.0000000000,-0.0000000000,-0.0000000000,-0.0000000000,0.0000000000,0.0000000000,-0.0000000000,-0.0000000000,-0.0000000000,-0.0000000000,-0.0000000000
-0.0000000000,-0.0000000000,-0.0000000000,-0.0000000000,0.0000000000,0.0000000000,0.0000000000,-0.2499220728,0.0000000000,0.0000000000,-0.0000000000,0.0000000000,-0.0000000000,-0.0000000000,-0.0000000000,-0.5705714633,-0.0000000000,3.8612064446,-0.1256531372,-0.0000000000,-0.0000000000,-0.3862574215,-0.4169341699,0.0000000000,-0.0000000000,-0.0000000000,0.0000000000,0.0000000000,0.0000000000,0.0000000000,-0.0000000000,-0.0486025355,-0.0000000000,-1.1655924828,-0.0000000000,-0.5950611602,-0.0000000000,-0.0000000000,-0.0000000000,0.0000000000,0.0000000000,-0.0000000000,0.0000000000,0.0611845592,0.0000000000,0.0000000000,-0.0000000000,-0.0000000000,-0.0000000000,-0.0000000000,-0.0000000000,0.0000000000,0.0000000000,-0.0000000000,0.0000000000,0.0000000000,-0.0000000000,0.0000000000,0.0000000000,-0.0000000000,0.0197595472,-0.0000000000,0.0000000000,-0.0000000000,-0.0000000000,-0.0000000000,0.1187654799,-0.0000000000,-0.2890387393,-0.6076319754,-0.0000000000,-0.0000000000,0.0000000000,0.1890814665,0.0000000000,0.0118589537,0.0000000000,0.0444031280,-0.0000000000,-0.0000000000,0.0101886306,0.0000000000,-0.0000000000,-0.0645770003,0.0000000000,-0.0000000000,-0.0000000000,0.0000000000,-0.0000000000,0.3149200264,0.0000000000,0.0000000000,0.0704109415,0.0000000000,0.0000000000,0.0000000000,0.1243656444,0.0000000000,-0.0000000000,0.0000000000
0.0000000000,-0.0000000000,-0.0000000000,0.0000000000,-0.0049948075,-0.0000000000,-0.2041008166,-0.0000000000,-0.0593914751,0.0000000000,-0.0000000000,-0.0000000000,0.0000000000,-0.6582440429,0.0000000000,-0.0000000000,-1.5116811716,-0.1256531372,3.6948447871,0.0000000000,-0.5878684015,-0.0000000000,-0.0000000000,-0.0000000000,-0.0000000000,0.0000000000,-0.0000000000,0.0147865257,0.0000000000,-0.0000000000,-0.0000000000,-0.0000000000,-0.0000000000,-0.1488726571,0.0000000000,0.1191303592,0.0000000000,-0.0000000000,-0.0000000000,0.0000000000,0.1564851535,-0.0000000000,0.0000000000,0.0000000000,-0.0000000000,-0.0000000000,0.0000000000,0.0000000000,0.0000000000,0.0000000000,-0.0000000000,0.0000000000,-0.0000000000,-0.0000000000,-0.0000000000,0.0000000000,0.0000000000,0.0000000000,0.0000000000,0.0418472158,0.2165403447,0.0000000000,0.0000000000,-0.0000000000,-0.4491742778,0.0000000000,0.0000000000,-0.2776009142,-0.0000000000,0.0000000000,-0.0000000000,-0.0000000000,-0.0000000000,0.0000000000,-0.0451991513,0.1443011700,-0.0000000000,-0.0000000000,0.0000000000,-0.0000000000,0.0000000000,0.0000000000,0.0000000000,0.0000000000,-0.0000000000,0.0000000000,0.0000000000,0.0720715446,0.1487108405,0.0000000000,0.0000000000,-0.0000000000,0.0000000000,0.0000000000,0.0000000000,-0.0000000000,0.0000000000,-0.0000000000,-0.0000000000,0.0000000000
-0.0000000000,-0.0000000000,-0.0000000000,0.0000000000,0.0000000000,-0.0000000000,-0.0000000000,-0.0357347656,-0.0000000000,-0.0000000000,-0.0000000000,0.0000000000,-0.0000000000,0.0000000000,-0.0000000000,-0.0000000000,0.0951118907,-0.0000000000,0.0000000000,2.8722136034,-0.0000000000,0.0117175611,-0.1591454540,-0.0000000000,-0.0000000000,0.0000000000,-0.1758838539,0.0000000000,-0.1005038562,0.0000000000,0.0000000000,-0.0000000000,-0.0000000000,-0.0000000000,0.0000000000,-0.8112887695,-0.0000000000,0.0000000000,0.0000000000,-0.0000000000,-0.0000000000,-0.0000000000,0.0000000000,-0.0000000000,-0.0000000000,0.0000000000,0.0000000000,-0.0384595309,-0.2482881460,-0.1212717457,-0.0004875661,-0.0000000000,0.0000000000,-0.0000000000,-0.0000000000,-0.0962849851,-0.0000000000,-0.0118851844,0.0000000000,-0.0000000000,0.0000000000,-0.0000000000,0.1258880832,0.0354132121,-0.0000000000,-0.0000000000,0.0000000000,-0.0000000000,-0.0000000000,-0.0000000000,-1.0625913754,0.0000000000,-0.0000000000,0.0000000000,-0.0857510826,-0.0000000000,-0.0748409856,0.0000000000,-0.0000000000,0.0000000000,-0.0000000000,0.0000000000,0.0000000000,-0.0000000000,-0.0000000000,0.0000000000,-0.0000000000,-0.0000000000,-0.3751536138,0.0000000000,0.0000000000,0.0000000000,0.0000000000,-0.0000000000,0.0000000000,-0.0000000000,0.0000000000,-0.0000000000,-0.0000000000,-0.0000000000
0.0000000000,0.0280044343,0.0000000000,0.0000000000,0.0000000000,-0.0000000000,-0.0000000000,0.0000000000,-0.0000000000,-0.0000000000,-0.0000000000,0.0000000000,-0.0000000000,-0.0868350895,-0.8968333002,-0.0000000000,-0.0000000000,-0.0000000000,-0.5878684015,-0.0000000000,2.7165099053,0.0000000000,-0.2297078713,-0.1683049118,0.0000000000,0.0364387520,-0.0865017750,0.0000000000,-0.0000000000,-0.0143960947,-0.0000000000,-0.0000000000,-0.0000000000,-0.0000000000,0.0000000000,0.0000000000,0.0737571304,-0.0802939105,-0.0165134933,-0.0000000000,0.0000000000,-0.0155830726,-0.0000000000,-0.0000000000,-0.0000000000,-0.0000000000,0.1566820130,-0.0000000000,-0.0000000000,-0.0000000000,-0.0000000000,0.0000000000,0.0000000000,-0.0000000000,-0.0000000000,-0.0000000000,0.0000000000,-0.0000000000,0.0000000000,0.0881846830,0.0000000000,-0.0000000000,0.1947583637,0.0000000000,-0.4646445684,-0.0000000000,-0.0000000000,-0.0000000000,0.0000000000,0.1086750356,-0.5609967335,0.1147167279,-0.0000000000,0.0000000000,-0.0000000000,0.0570819139,0.0000000000,-0.0000000000,-0.2114235065,0.0000000000,0.2701798053,0.0000000000,-0.0000000000,0.1296955229,-0.0038016675,0.0000000000,0.0000000000,0.0000000000,0.0000000000,-0.0000000000,-0.0000000000,-0.0000000000,-0.0000000000,-0.0000000000,-0.0000000000,-0.0169403987,-0.0000000000,-0.0000000000,-0.0000000000,-0.0000000000
-0.0000000000,-0.0000000000,0.0000000000,-0.0495034119,0.0000000000,0.0000000000,0.0000000000,-0.0000000000,0.0000000000,0.0000000000,0.0000000000,0.0000000000,-0.0000000000,-0.0000000000,-0.0000000000,-0.0000000000,-0.3332117705,-0.3862574215,-0.0000000000,0.0117175611,0.0000000000,2.6134685251,-0.3747280563,-0.0909981738,0.0000000000,-0.0000000000,0.0000000000,0.0000000000,0.0000000000,-0.2850531227,-0.0000000000,0.0000000000,-0.0000000000,-0.2645651024,-0.4959272597,0.0000000000,-0.0000000000,0.0000000000,-0.0540429766,0.0000000000,0.0000000000,0.0000000000,-0.2284756857,0.0000000000,-0.0000000000,0.0000000000,-0.0000000000,-0.0000000000,0.0000000000,0.0000000000,0.0000000000,0.0000000000,0.0000000000,-0.0000000000,0.0000000000,0.2470750777,0.0000000000,0.0551580044,0.0285059323,0.0000000000,0.0000000000,0.0000000000,-0.0733848802,-0.0000000000,0.0000000000,-0.0000000000,0.0000000000,-0.0000000000,-0.0000000000,-0.0000000000,0.0000000000,-0.6317622848,-0.0000000000,0.0144275750,0.0000000000,0.0582658431,0.0236081458,-0.0000000000,-0.0000000000,0.0000000000,0.0699692722,0.0000000000,-0.0000000000,-0.0978943146,0.2208560802,-0.0000000000,-0.0000000000,0.0000000000,0.0000000000,0.0597258340,0.0000000000,0.0000000000,0.0000000000,-0.0000000000,-0.0000000000,0.0000000000,0.0000000000,0.0000000000,0.0000000000,0.0000000000
-0.0000000000,0.0000000000,0.0000000000,-0.0000000000,0.0000000000,0.0233633379,0.0000000000,0.0000000000,0.0000000000,0.0000000000,-0.0000000000,0.0000000000,0.0000000000,-0.0498641278,-0.0000000000,-0.0000000000,0.0000000000,-0.4169341699,-0.0000000000,-0.1591454540,-0.2297078713,-0.3747280563,2.7587724148,-0.0151411375,-0.0000000000,-0.0033565814,-0.0661722279,0.0000000000,0.0000000000,-0.0065605013,0.0000000000,-0.0000000000,-0.0000000000,-0.4496305179,-0.0005327026,-0.0000000000,0.0000000000,-0.0000000000,-0.0000000000,-0.0706660752,0.0000000000,-0.0000000000,0.0000000000,0.0000000000,0.0000000000,0.0000000000,-0.0317628204,-0.1834685794,-0.0000000000,-0.0000000000,-0.0000000000,0.0223173500,0.0000000000,0.0000000000,0.0296737651,0.0000000000,0.0000000000,0.0000000000,0.0000000000,-0.0000000000,0.0000000000,-0.0000000000,0.0000000000,-0.0204534476,-0.0000000000,-0.0354776025,0.0000000000,-0.1141281671,-0.0000000000,-0.0000000000,-0.0000000000,-0.0000000000,-1.0439757065,0.0000000000,-0.0000000000,0.0000000000,0.0000000000,-0.0000000000,-0.0000000000,-0.0000000000,0.0000000000,0.0000000000,0.0000000000,-0.0000000000,-0.0000000000,-0.0000000000,0.0000000000,0.0083728118,0.0000000000,0.0000000000,-0.0000000000,0.0000000000,0.0000000000,0.0000000000,0.1970918958,0.0000000000,0.0000000000,-0.0000000000,0.0000000000,0.0000000000
0.0000000000,0.0000000000,0.0000000000,-0.0000000000,0.0000000000,0.0000000000,0.0000000000,0.0000000000,0.0000000000,-0.0000000000,-0.0000000000,-0.0000000000,0.0000000000,0.0746901019,0.0000000000,-0.0000000000,-0.0000000000,0.0000000000,-0.0000000000,-0.0000000000,-0.1683049118,-0.0909981738,-0.0151411375,2.0502768165,-0.0000000000,-0.3954744940,-0.0000000000,-0.0000000000,-0.1534995068,-0.0301468835,-0.0000000000,-0.0000000000,-0.1819343560,-0.1257728378,-0.0000000000,0.0000000000,-0.0000000000,-0.0000000000,-0.0000000000,-0.4106759708,-0.0000000000,-0.0523719011,-0.1957395692,-0.0000000000,-0.0000000000,0.0000000000,0.0000000000,0.0000000000,0.0000000000,-0.0000000000,0.0000000000,0.0000000000,0.0000000000,0.0000000000,0.0000000000,0.0267234061,0.0000000000,0.0060217664,-0.0000000000,-0.0000000000,0.0000000000,0.1374499496,0.1082009668,0.0000000000,-0.0000000000,0.0000000000,-0.0000000000,-0.0000000000,-0.0000000000,0.0000000000,-0.0000000000,-0.0000000000,0.0000000000,-0.0000000000,-0.6450153891,-0.0401619429,-0.0000000000,-0.2520862810,-0.0000000000,0.0000000000,-0.0000000000,0.0000000000,-0.0000000000,0.0000000000,0.0000000000,0.0000000000,-0.0000000000,0.0000000000,0.0337656052,-0.0000000000,-0.0000000000,0.0000000000,0.0000000000,-0.0000000000,-0.2354672742,-0.0000000000,-0.0000000000,0.0351213394,-0.0000000000,-0.0000000000
-0.0000000000,0.0000000000,0.0000000000,-0.0000000000,0.0000000000,0.0000000000,-0.0000000000,0.0000000000,0.0000000000,-0.2703092002,-0.3208455787,-0.0034299620,-0.0000000000,0.0000000000,0.1316269398,0.0000000000,0.0000000000,-0.0000000000,-0.0000000000,-0.0000000000,0.0000000000,0.0000000000,-0.0000000000,-0.0000000000,2.1494472529,-0.2305589085,0.0000000000,-0.0000000000,-0.0000000000,0.1026406969,-0.2608059298,-0.1678864258,-0.0000000000,0.0000000000,0.0000000000,0.0000000000,0.0000000000,-0.0000000000,0.1062503880,-0.0000000000,-0.0000000000,-0.2871290724,0.0000000000,-0.0000000000,0.0000000000,0.0000000000,0.0000000000,-0.0000000000,-0.0000000000,-0.0000000000,-0.2755138771,0.0000000000,-0.0000000000,0.0000000000,0.0000000000,0.0000000000,-0.0985208421,-0.0000000000,-0.0139751675,-0.0000000000,-0.4711738947,0.0000000000,0.0000000000,-0.0000000000,-0.0000000000,0.0000000000,0.0000000000,-0.0647313384,-0.0225848987,-0.0000000000,0.0000000000,0.0000000000,0.0000000000,0.1615990345,-0.0000000000,-0.2432706321,0.0000000000,0.0000000000,-0.0000000000,-0.1830225418,-0.0000000000,0.0635182833,0.0725169839,-0.0362359415,0.1718700443,0.1106912518,0.0000000000,-0.0000000000,0.0000000000,0.0000000000,-0.0000000000,-0.0000000000,0.0000000000,-0.0000000000,0.0355653303,0.0000000000,0.0029957811,-0.0000000000,-0.0000000000,-0.0000000000
0.0000000000,0.0000000000,0.0000000000,0.0000000000,0.0243760064,0.0000000000,0.0000000000,0.0000000000,0.0000000000,0.0000000000,0.0000000000,-0.0250070601,0.0000000000,0.0000000000,0.0269381366,-0.0000000000,0.0000000000,-0.0000000000,0.0000000000,0.0000000000,0.0364387520,-0.0000000000,-0.0033565814,-0.3954744940,-0.2305589085,2.1886450233,-0.1803313922,-0.4645578196,-0.1598817717,-0.2475154732,0.0000000000,-0.0227304765,-0.0000000000,-0.0000000000,-0.3159364294,-0.0000000000,-0.0000000000,0.0000000000,-0.0000000000,-0.0000000000,-0.0000000000,-0.0000000000,-0.0100107859,0.0000000000,0.0000000000,0.0000000000,-0.0000000000,0.0000000000,0.0000000000,0.0000000000,-0.0000000000,0.0000000000,0.0000000000,0.0304697181,0.0000000000,0.0000000000,-0.0000000000,0.0000000000,-0.0000000000,-0.0000000000,-0.0000000000,0.0000000000,-0.0000000000,-0.0073382802,0.0000000000,0.0000000000,0.0000000000,-0.0000000000,-0.0000000000,-0.0000000000,-0.0000000000,0.0000000000,0.0000000000,-0.0000000000,-0.0000000000,-0.5737343499,-0.1000800435,-0.0000000000,0.0000000000,-0.0000000000,-0.0000000000,0.0245570581,0.2925478697,0.0000000000,0.0000000000,0.0000000000,-0.0000000000,-0.0000000000,0.0000000000,0.0000000000,0.0000000000,0.0765535835,0.1044370887,0.0000000000,0.0000000000,0.0000000000,0.3193516613,0.0191914745,0.0000000000,0.3846707887
0.0042388368,-0.0000000000,-0.0000000000,0.0000000000,-0.0000000000,-0.0000000000,0.0000000000,0.0000000000,-0.0000000000,0.0648265746,0.0040484368,-0.0000000000,-0.0000000000,-0.0000000000,0.0000000000,0.0000000000,-0.0000000000,0.0000000000,-0.0000000000,-0.1758838539,-0.0865017750,0.0000000000,-0.0661722279,-0.0000000000,0.0000000000,-0.1803313922,2.4457143573,-0.0000000000,-0.1174186291,-0.0237014416,0.0000000000,-0.0000000000,0.0000000000,-0.0000000000,-0.0011309325,0.0000000000,0.0000000000,-0.0000000000,0.0000000000,0.0000000000,-0.0025013468,-0.2345347276,-0.0000000000,-0.0000000000,-0.5890729673,-0.5112314828,-0.2252231150,-0.0000000000,0.0497770519,-0.0000000000,-0.0000000000,-0.0000000000,0.0000000000,0.0000000000,-0.0000000000,-0.0000000000,-0.0000000000,-0.0000000000,0.0000000000,0.0000000000,-0.0000000000,-0.0198368367,0.1265755108,0.0000000000,-0.0801075487,0.0908095257,0.0000000000,-0.0000000000,-0.0000000000,0.0000000000,-0.0000000000,0.0000000000,-0.0000000000,0.0000000000,-0.0000000000,-0.0000000000,-0.0000000000,-0.0000000000,0.0000000000,-0.0000000000,-0.0000000000,0.0000000000,-0.0000000000,-0.0000000000,-0.9230198896,-0.0000000000,0.0000000000,-0.0000000000,0.0000000000,-0.0000000000,0.0000000000,0.0000000000,0.0000000000,0.0000000000,0.0000000000,0.0000000000,-0.0000000000,0.0000000000,0.2492259016,0.0000000000
0.0000000000,0.0000000000,0.0455693044,0.0111249894,0.0000000000,0.0000000000,0.0000000000,0.0000000000,0.0284581332,-0.0533368291,0.0542862211,0.0000000000,0.0000000000,0.0000000000,0.1557075990,0.0000000000,0.0641386411,0.0000000000,0.0147865257,0.0000000000,0.0000000000,0.0000000000,0.0000000000,-0.0000000000,-0.0000000000,-0.4645578196,-0.0000000000,1.7476018924,-0.0000000000,-0.3032362091,0.0000000000,0.0000000000,-0.0000000000,-0.0000000000,-0.1852257016,0.0000000000,-0.0000000000,-0.0000000000,-0.0000000000,-0.0000000000,-0.0000000000,-0.0000000000,-0.0590249192,0.0000000000,-0.2317141294,0.0000000000,-0.0000000000,0.0000000000,0.0000000000,0.0000000000,0.0000000000,0.0000000000,-0.0000000000,0.0000000000,0.0000000000,0.1624397229,-0.1381237286,-0.0000000000,-0.0000000000,0.0000000000,0.0000000000,0.0000000000,-0.0000000000,-0.0000000000,-0.0000000000,0.0289904773,-0.0000000000,0.0675647765,-0.0000000000,0.0000000000,-0.0000000000,0.0932003963,0.1544254878,-0.0144549529,-0.0000000000,-0.0000000000,-0.0000000000,-0.0361166167,-0.0000000000,0.0000000000,-0.0000000000,0.0000000000,-0.0442085578,-0.0000000000,0.0000000000,0.0000000000,0.0000000000,-0.4501930604,0.0000000000,-0.0000000000,-0.0000000000,0.0000000000,-0.0000000000,0.0543785311,0.0000000000,0.0257930778,0.0000000000,0.0000000000,0.1006657494,0.0000000000
0.1066588647,0.0000000000,0.0124373728,-0.0000000000,-0.0000000000,0.0000000000,0.0000000000,0.0284075926,0.0000000000,-0.0000000000,-0.0000000000,-0.0000000000,0.0000000000,0.0000000000,-0.0881604330,-0.0000000000,0.0000000000,0.0000000000,0.0000000000,-0.1005038562,-0.0000000000,0.0000000000,0.0000000000,-0.1534995068,-0.0000000000,-0.1598817717,-0.1174186291,-0.0000000000,2.4906754812,0.0000000000,-0.0000000000,0.0000000000,0.0000000000,-0.0000000000,-0.0000000000,0.0000000000,-0.2171046407,0.0000000000,0.0000000000,-0.1823358210,-0.0000000000,-0.0000000000,0.0000000000,-0.0000000000,-0.0000000000,0.0000000000,0.0000000000,-0.0000000000,0.0000000000,-0.0000000000,0.0357102252,0.0000000000,0.0000000000,-0.0000000000,-0.0000000000,-0.0000000000,0.0000000000,-0.0000000000,-0.0000000000,-0.0858491892,-0.0000000000,0.0000000000,-0.0000000000,-0.0000000000,-0.0000000000,-0.1523054208,-0.0000000000,0.0000000000,-0.0000000000,0.2087123301,-0.0000000000,0.0000000000,0.0240788889,-0.1139580280,-0.1793399778,-0.0000000000,-1.4449682435,-0.0000000000,-0.1327183550,0.1249147643,-0.0375393139,0.0000000000,0.0000000000,-0.0000000000,-0.0000000000,0.2858799519,-0.0000000000,0.0000000000,0.0000000000,0.0000000000,0.0000000000,0.0770985715,0.0000000000,0.0000000000,0.0000000000,0.0000000000,0.0000000000,0.0000000000,0.0000000000,0.0000000000
