0,1,2,3,4,5,6,7,8,9,10,11,12,13,14,15,16,17,18,19,20,21,22,23,24,25,26,27,28,29,30,31,32,33,34,35,36,37,38,39,40,41,42,43,44,45,46,47,48,49,50,51,52,53,54,55,56,57,58,59,60,61,62,63,64,65,66,67,68,69,70,71,72,73,74,75,76,77,78,79,80,81,82,83,84,85,86,87,88,89,90,91,92,93,94,95,96,97,98,99
1.6434124112,0.0000000000,-0.0000000000,0.0000000000,0.0000000000,0.0000000000,0.0000000000,0.0000000000,0.0000000000,0.0000000000,-0.0000000000,-0.0000000000,-0.0000000000,-0.0000000000,-0.0000000000,-0.2277629795,-0.0000000000,-0.0000000000,0.0000000000,-0.0209289788,-0.0000000000,-0.1243418025,-0.0000000000,0.0000000000,-0.0000000000,-0.0000000000,-0.0000000000,0.0000000000,0.0000000000,-0.0000000000,-0.0000000000,-0.1918395095,0.0000000000,0.0000000000,-0.0000000000,-0.0000000000,-0.0000000000,-0.0000000000,0.0000000000,0.0000000000,-0.0000000000,-0.0000000000,-0.0000000000,-0.0000000000,0.1246334961,0.0000000000,0.0000000000,-0.0000000000,-0.0041116192,-0.0000000000,-0.2963283609,0.1179311257,0.0000000000,0.1001383428,-0.0000000000,0.0000000000,0.1149063760,0.0000000000,0.0000000000,0.1631067362,0.0000000000,-0.0081308554,0.0000000000,-0.0000000000,0.0000000000,-0.0000000000,-0.0712944166,-0.0000000000,0.0332414520,-0.0000000000,-0.0000000000,-0.0000000000,0.0000000000,0.0084731836,-0.0000000000,0.0901606595,0.0000000000,0.0001113767,-0.3913991174,-0.0000000000,0.0000000000,-0.0185417136,0.0000000000,0.2792916319,0.0000000000,0.0000000000,-0.0000000000,0.0000000000,-0.0266161500,0.0000000000,-0.1666334378,-0.0000000000,0.0000000000,0.0000000000,-0.0000000000,0.0000000000,0.0546958524,-0.0000000000,-0.1279575135,-0.0000000000
0.0000000000,3.4340576319,-0.8897042537,-0.4453140893,-0.0000000000,-0.0000000000,-0.0000000000,-0.3782988367,-0.0000000000,0.0000000000,-0.0000000000,0.0000000000,0.0245434122,-0.0000000000,-0.0000000000,-0.3651696619,0.0000000000,-0.0000000000,0.0904589979,0.0000000000,0.0000000000,-0.0000000000,-0.0000000000,0.0000000000,0.0000000000,0.0000000000,-0.0000000000,-0.0000000000,-0.0000000000,-0.0000000000,-0.0000000000,-0.0000000000,-0.0168552689,0.0000000000,-0.0022240364,0.0000000000,-0.0000000000,-0.0000000000,-0.0000000000,-0.0000000000,0.0000000000,-0.0703512628,-0.0000000000,0.0000000000,0.0000000000,-0.0000000000,-0.0000000000,0.0000000000,0.0000000000,0.0000000000,-0.0000000000,-0.7897593400,-0.0000000000,-0.0000000000,-0.2471771435,-0.0000000000,-0.0000000000,-0.5713885402,0.0000000000,0.0266598128,0.4141440373,0.0000000000,0.0000000000,-0.0000000000,0.0000000000,0.0000000000,-0.0000000000,0.0000000000,0.0000000000,0.0000000000,-0.0000000000,-0.0009133299,-0.0034649891,0.0000000000,0.0000000000,0.0000000000,-0.0000000000,-0.0000000000,-0.0000000000,-0.0000000000,-0.0000000000,0.0000000000,0.0000000000,0.0000000000,0.0000000000,-0.0000000000,-0.0000000000,-0.0000000000,0.0000000000,-0.0000000000,-0.0000000000,-0.0000000000,-0.0000000000,-0.0000000000,-0.0000000000,0.0000000000,-0.0000000000,0.0000000000,0.0000000000,0.0000000000
-0.0000000000,-0.8897042537,2.6951386482,0.0000000000,0.0000000000,-0.0571415196,-0.0402681257,-0.0000000000,-0.0000000000,0.0000000000,-0.0245002822,0.0000000000,0.0373328161,-0.0000000000,-0.0000000000,-0.0000000000,0.0000000000,0.0000000000,0.0000000000,-0.0000000000,-0.0000000000,-0.0732917227,-0.0000000000,0.0000000000,0.0000000000,-0.0000000000,0.0000000000,0.0000000000,0.0000000000,-0.0000000000,0.0000000000,0.0000000000,0.0000000000,0.0700859614,-0.0000000000,0.0000000000,0.0000000000,-0.0000000000,-0.0486170201,-0.0003689025,0.0000000000,-0.0000000000,-0.0000000000,0.0000000000,0.0000000000,0.0000000000,-0.0082393947,0.0000000000,-0.0320686167,-0.0000000000,-0.0000000000,-0.6650999468,-0.0000000000,0.0000000000,-0.0000000000,-0.7220217129,-0.0000000000,-0.0000000000,0.0000000000,0.0000000000,0.0000000000,0.0000000000,0.0000000000,-0.0000000000,-0.0000000000,-0.0000000000,-0.0000000000,-0.0000000000,0.0000000000,0.0000000000,-0.0000000000,-0.0000000000,-0.1156814071,0.0000000000,-0.0000000000,0.0000000000,-0.0000000000,-0.0000000000,0.0000000000,-0.0000000000,-0.0890839379,0.0000000000,0.0364159267,0.0000000000,0.0000000000,-0.0000000000,0.0000000000,0.0000000000,0.0000000000,-0.0000000000,0.0000000000,-0.1057404836,-0.0229655762,-0.0000000000,-0.0167485016,-0.0000000000,0.0000000000,-0.0000000000,-0.0000000000,-0.0000000000
0.0000000000,-0.4453140893,0.0000000000,2.2149475300,-0.7202021360,0.0000000000,0.0000000000,-0.0000000000,0.0000000000,-0.0116571185,-0.0918545530,0.0000000000,0.0000000000,-0.0067748061,-0.0000000000,-0.0050363695,-0.0000000000,-0.0792391307,0.0000000000,0.0000000000,0.0000000000,0.0000000000,-0.0000000000,0.0000000000,-0.0000000000,0.0000000000,0.0000000000,-0.0000000000,0.0000000000,-0.0000000000,-0.0155129728,0.0000000000,-0.0190894038,-0.0000000000,-0.0000000000,0.0000000000,0.0000000000,-0.0000000000,-0.0000000000,0.0000000000,0.0000000000,-0.0000000000,-0.0000000000,0.0000000000,-0.0000000000,0.0000000000,0.0000000000,0.0000000000,0.2079828600,0.2020529248,0.0000000000,-0.2232747769,-0.0000000000,-0.5802512324,-0.0000000000,0.0000000000,-0.2061311196,-0.0000000000,0.0000000000,-0.0000000000,0.0561688396,-0.0000000000,-0.0000000000,-0.0000000000,0.0000000000,-0.0000000000,0.0130486533,0.0000000000,-0.0000000000,-0.0000000000,-0.0000000000,-0.0834520915,-0.0000000000,0.0000000000,0.0000000000,0.0000000000,-0.0000000000,-0.0000000000,-0.0000000000,0.0000000000,-0.0000000000,-0.0000000000,-0.0000000000,-0.0245944629,0.0000000000,-0.0000000000,0.0000000000,0.0000000000,0.0000000000,-0.0000000000,-0.0000000000,-0.0000000000,-0.0000000000,-0.0926655010,-0.0000000000,0.0000000000,0.0277666724,0.0319503019,0.0000000000,0.0000000000
0.0000000000,-0.0000000000,0.0000000000,-0.7202021360,3.1364053485,0.0000000000,0.0212528225,0.0378754498,-0.0000000000,0.0000000000,0.0000000000,0.0000000000,-0.0000000000,0.0000000000,0.0000000000,-0.0000000000,0.0000000000,-0.0000000000,0.0000000000,-0.0859596387,0.0788146735,-0.0000000000,-0.0639816912,-0.0000000000,0.0000000000,0.0000000000,-0.0000000000,-0.0000000000,-0.0000000000,-0.0000000000,-0.0000000000,0.0000000000,-0.0000000000,-0.6072707844,-0.0000000000,-0.0000000000,-0.0496247470,0.0000000000,0.4114527645,0.0000000000,-0.0000000000,-0.0000000000,0.0000000000,0.0000000000,-0.0000000000,0.0000000000,-0.0000000000,-0.0000000000,0.0000000000,0.0000000000,-0.0000000000,-0.0000000000,0.0004370044,-0.4673972139,-1.1813380591,0.0000000000,0.0662267148,-0.1950997913,0.0000000000,0.0000000000,0.0000000000,-0.1788737728,-0.1610107744,-0.0000000000,0.0000000000,0.0651546545,-0.0000000000,0.1227903490,-0.0000000000,0.0000000000,0.0000000000,-0.0000000000,-0.0000000000,0.0701932927,0.0000000000,0.0000000000,-0.0000000000,-0.0012300085,-0.0000000000,0.0000000000,-0.0000000000,-0.0000000000,-0.1058862213,-0.0000000000,-0.0000000000,-0.0576131721,-0.0307258720,-0.1489092785,-0.0000000000,-0.0000000000,-0.0375644716,0.0000000000,0.0000000000,-0.0000000000,-0.0000000000,0.0000000000,0.0000000000,-0.0000000000,0.0000000000,-0.0000000000
0.0000000000,-0.0000000000,-0.0571415196,0.0000000000,0.0000000000,3.0201012935,-0.1027726783,-0.0000000000,-0.7968588936,0.0000000000,0.0000000000,0.0000000000,-0.0000000000,0.0000000000,-0.0000000000,-0.0000000000,-0.0000000000,0.0000000000,0.0665855916,0.0000000000,0.0000000000,0.0000000000,0.0000000000,0.0814164470,-0.0000000000,0.1111155216,-0.0000000000,-0.0000000000,-0.0000000000,-0.0000000000,0.0000000000,-0.0000000000,0.0000000000,0.0353494640,0.0000000000,-0.0000000000,-0.0000000000,0.0000000000,0.0000000000,0.0000000000,0.0000000000,-0.0000000000,0.0000000000,0.0000000000,0.0231612373,0.0000000000,0.0000000000,-0.0000000000,-0.2949577004,0.0000000000,-0.0844255071,-0.0000000000,-0.0000000000,0.0000000000,-0.7652852908,-1.0580456211,-0.0000000000,-0.0000000000,0.0000000000,0.0000000000,0.0000000000,-0.0000000000,-0.0000000000,-0.0000000000,0.0000000000,0.0000000000,-0.0000000000,-0.0000000000,-0.0000000000,-0.0000000000,0.0000000000,-0.0000000000,-0.0000000000,0.0000000000,-0.0000000000,0.0000000000,-0.0000000000,-0.0000000000,-0.0000000000,-0.0000000000,-0.0000000000,0.0000000000,-0.0000000000,0.0000000000,-0.0000000000,-0.0000000000,-0.0000000000,-0.0000000000,-0.0000000000,0.0000000000,-0.0000000000,0.0000000000,-0.0000000000,0.0000000000,0.0000000000,-0.0000000000,-0.0000000000,-0.0000000000,-0.0000000000,-0.0000000000
0.0000000000,-0.0000000000,-0.0402681257,0.0000000000,0.0212528225,-0.1027726783,2.5911175803,-0.4540823558,-0.0000000000,-0.0000000000,-0.0000000000,-0.0000000000,0.0000000000,-0.0000000000,-0.0153057023,-0.3471701207,-0.0000000000,-0.0000000000,-0.0000000000,-0.0000000000,-0.0000000000,-0.0000000000,0.0000000000,-0.1263667347,-0.0000000000,0.0000000000,-0.0000000000,0.0000000000,-0.0422337850,-0.0000000000,0.0000000000,-0.0000000000,-0.0000000000,0.0000000000,-0.0000000000,-0.0000000000,-0.0000000000,0.0151228698,-0.0000000000,-0.6558778595,-0.0000000000,-0.0000000000,0.0000000000,0.0000000000,0.0000000000,0.0000000000,0.0000000000,0.0000000000,-0.0779011331,-0.0000000000,-0.0346919989,-0.0602042190,-0.2094603408,0.0000000000,-0.0000000000,-0.0370533707,-0.0000000000,-0.0000000000,0.0000000000,0.0883132242,0.0000000000,0.0000000000,0.0000000000,-0.0067966236,-0.0857945665,-0.0000000000,-0.4024780806,-0.0590398759,-0.0000000000,-0.0000000000,-0.0000000000,-0.0000000000,-0.0000000000,0.0000000000,-0.0000000000,0.0000000000,-0.2005960624,-0.0000000000,0.0000000000,0.0000000000,-0.0000000000,0.0000000000,0.0000000000,0.0000000000,-0.0000000000,0.0000000000,0.0000000000,0.0000000000,-0.0000000000,-0.0000000000,0.0000000000,0.0000000000,-0.0000000000,-0.0000000000,-0.0000000000,0.0000000000,0.0000000000,0.0000000000,-0.0000000000,0.0000000000
0.0000000000,-0.3782988367,-0.0000000000,-0.0000000000,0.0378754498,-0.0000000000,-0.4540823558,3.8478677065,-0.2013974455,-0.0000000000,-0.0000000000,0.0000000000,0.0000000000,-0.0000000000,-0.0370923744,-0.0000000000,-0.0000000000,-0.4305969578,0.0000000000,0.0000000000,-0.0000000000,-0.0000000000,0.0000000000,0.0000000000,-0.0000000000,0.0000000000,0.0000000000,0.0000000000,0.0000000000,-0.0000000000,-0.0000000000,-0.0000000000,0.0000000000,0.0000000000,-0.0000000000,0.0000000000,0.0000000000,-0.0000000000,-0.0000000000,-0.0000000000,0.0000000000,-0.0000000000,-0.0000000000,0.0000000000,0.0971039851,0.0000000000,0.0000000000,0.1975103375,0.0000000000,0.0000000000,0.0000000000,-0.0989729473,-0.0000000000,0.0000000000,-0.0000000000,-0.0732498936,-1.5802749560,-0.5640110626,0.0000000000,0.0000000000,0.0000000000,0.2534316030,0.0000000000,-0.0000000000,-0.0000000000,-0.0000000000,-0.0000000000,-0.0000000000,-0.0000000000,-0.2461586133,-0.0000000000,-0.0000000000,-0.0000000000,-0.0000000000,-0.0000000000,-0.0000000000,-0.0092599979,-0.0000000000,-0.0000000000,0.0000000000,-0.0000000000,0.0000000000,0.0000000000,0.0000000000,0.0000000000,0.0000000000,0.0000000000,0.0000000000,0.0000000000,0.0000000000,-0.0000000000,-0.0000000000,-0.0000000000,-0.0098748659,-0.0000000000,0.0000000000,0.0000000000,0.0792553772,0.0000000000,0.0000000000
0.0000000000,-0.0000000000,-0.0000000000,0.0000000000,-0.0000000000,-0.7968588936,-0.0000000000,-0.2013974455,3.3637789452,-0.0000000000,-0.0000000000,0.0000000000,-0.0000000000,0.0000000000,-0.0000000000,0.0000000000,0.0000000000,-0.0000000000,0.0258689764,-0.0000000000,0.0000000000,0.0000000000,0.1417738809,0.0112617598,-0.0000000000,0.0000000000,-0.0000000000,-0.0000000000,-0.0000000000,-0.0000000000,-0.0000000000,-0.0000000000,0.0000000000,0.0000000000,-0.0000000000,-0.3099289730,-0.0000000000,-0.0000000000,0.0000000000,0.0000000000,-0.0000000000,-0.0000000000,0.0000000000,0.0000000000,0.0000000000,-0.0000000000,0.0000000000,-0.0000000000,-0.1770385088,-0.1617056759,-0.0000000000,-0.0000000000,-0.0000000000,-0.0000000000,-0.4937939324,-0.4495843501,-0.0000000000,-0.9496133156,0.0000000000,-0.0000000000,-0.0000000000,-0.0000000000,-0.0000000000,-0.0000000000,-0.0000000000,-0.0000000000,-0.0000000000,0.0000000000,-0.0000000000,-0.0308742841,0.0000000000,0.0000000000,0.0000000000,-0.0000000000,-0.0000000000,-0.0000000000,-0.0000000000,-0.0000000000,-0.0000000000,-0.0000000000,0.0000000000,-0.0000000000,-0.0000000000,0.0335941028,0.0000000000,0.0000000000,-0.0632086908,0.0000000000,-0.0237021489,-0.0000000000,-0.0000000000,0.0000000000,0.0000000000,0.0000000000,0.0000000000,0.0000000000,-0.0000000000,0.0000000000,-0.0009861597,-0.1347957258
0.0000000000,0.0000000000,0.0000000000,-0.0116571185,0.0000000000,0.0000000000,-0.0000000000,-0.0000000000,-0.0000000000,2.7769926690,-0.3323387829,-0.4635953687,-0.0000000000,-0.0000000000,-0.0426393342,-0.0707321659,-0.0000000000,-0.0000000000,-0.0000000000,0.0000000000,0.0000000000,0.2715103744,0.0053861278,-0.3322177892,-0.3569239450,-0.0000000000,-0.0000000000,0.0000000000,-0.0000000000,0.0000000000,-0.0000000000,-0.0000000000,-0.1058904822,0.0000000000,-0.0000000000,0.0000000000,0.0000000000,-0.1198097163,-0.0000000000,-0.0260079837,-0.0000000000,-0.0000000000,0.0000000000,-0.0531257960,-0.0000000000,0.0000000000,0.1635255414,0.0000000000,0.0000000000,0.0000000000,0.0000000000,-0.0000000000,-0.0342297152,-0.0000000000,0.0000000000,-0.0000000000,-0.0000000000,-0.0000000000,-0.4268603204,-0.0000000000,-0.0000000000,0.0000000000,-0.0000000000,-0.3436121057,-0.0000000000,-0.0000000000,-0.0518009743,-0.0000000000,-0.0000000000,-0.0000000000,-0.0000000000,0.0000000000,0.0000000000,-0.3745235981,-0.0955925201,-0.0000000000,-0.1385751916,-0.0000000000,-0.0763874430,0.0000000000,0.0000000000,0.0000000000,-0.0904570567,0.0000000000,-0.0000000000,0.0000000000,0.0000000000,0.0084351798,-0.0000000000,-0.0000000000,-0.0000000000,-0.0000000000,-0.0000000000,0.0000000000,0.0000000000,-0.0000000000,0.0000000000,0.0000000000,-0.0000000000,0.0000000000
-0.0000000000,-0.0000000000,-0.0245002822,-0.0918545530,0.0000000000,0.0000000000,-0.0000000000,-0.0000000000,-0.0000000000,-0.3323387829,2.1381890595,-0.5290998580,0.0000000000,-0.0327247572,-0.2302991775,-0.0775738725,-0.0000000000,0.0000000000,-0.0000000000,-0.0000000000,-0.0000000000,0.0000000000,0.0000000000,-0.0000000000,-0.0000000000,-0.0937794952,0.0000000000,0.0000000000,0.0000000000,-0.0000000000,0.0000000000,-0.0000000000,-0.0000000000,0.0000000000,-0.0000000000,-0.0000000000,0.0000000000,-0.0235519542,-0.0000000000,-0.2031473249,-0.0000000000,-0.0000000000,0.0000000000,-0.0000000000,-0.0000000000,0.0000000000,0.0000000000,0.0000000000,-0.0000000000,0.0000000000,-0.0768452386,-0.0309743906,-0.0000000000,-0.0000000000,0.0000000000,-0.0691367969,-0.0000000000,-0.0167140927,-0.0000000000,-0.0641462128,0.0000000000,0.0000000000,-0.0000000000,-0.0047899714,-0.0982569419,-0.0000000000,-0.0010585216,-0.0000000000,-0.0000000000,-0.0000000000,-0.1652388021,0.1889815882,0.0000000000,-0.0482081292,-0.0000000000,-0.0000000000,0.0000000000,-0.0000000000,0.0000000000,-0.1220607398,0.0000000000,-0.0000000000,0.0000000000,0.0000000000,0.0000000000,0.0000000000,-0.0000000000,0.0000000000,-0.0000000000,-0.0000000000,0.0000000000,-0.0000000000,-0.0000000000,-0.0000000000,0.0000000000,-0.0000000000,0.0000000000,0.0000000000,-0.1116117133,0.0000000000
-0.0000000000,0.0000000000,0.0000000000,0.0000000000,0.0000000000,0.0000000000,-0.0000000000,0.0000000000,0.0000000000,-0.4635953687,-0.5290998580,2.7910763197,-0.3365808630,-0.0000000000,-0.0000000000,0.0000000000,-0.4228654405,0.0000000000,-0.0955143934,0.0000000000,0.0000000000,0.0000000000,0.1996216390,-0.0000000000,0.0000000000,-0.1518913081,-0.0000000000,-0.0000000000,0.0000000000,-0.0000000000,-0.0000000000,-0.0000000000,0.0000000000,0.0000000000,-0.0642971207,-0.0000000000,0.0000000000,-0.0000000000,-0.0000000000,-0.0000000000,-0.0000000000,-0.0000000000,-0.0000000000,-0.0000000000,-0.0000000000,0.0000000000,0.0000000000,0.0000000000,0.0000000000,-0.0000000000,-0.0000000000,-0.0000000000,-0.0000000000,0.0000000000,0.1419170185,-0.0000000000,0.0000000000,0.0000000000,-0.0000000000,-0.2071025188,-0.3765735445,-0.0000000000,-0.0632234647,-0.0000000000,-0.0000000000,-0.0000000000,-0.0000000000,-0.0000000000,-0.0000000000,0.0000000000,-0.0000000000,0.0000000000,0.0000000000,-0.0000000000,-0.5365887977,-0.0000000000,0.0000000000,-0.0000000000,-0.0000000000,0.0000000000,0.0000000000,-0.0000000000,-0.0000000000,-0.0000000000,-0.0000000000,0.1114321996,0.0000000000,0.0000000000,-0.0000000000,-0.3256109755,0.0000000000,-0.0000000000,0.0000000000,0.0000000000,0.0000000000,-0.1427444717,0.0000000000,0.0000000000,-0.0000000000,0.0000000000
-0.0000000000,0.0245434122,0.0373328161,0.0000000000,-0.0000000000,-0.0000000000,0.0000000000,0.0000000000,-0.0000000000,-0.0000000000,0.0000000000,-0.3365808630,2.8320158064,-0.0000000000,0.0000000000,0.0000000000,-0.4597016531,-0.0000000000,-0.0000000000,0.0000000000,0.0000000000,0.0000000000,0.0000000000,0.0000000000,-0.0000000000,0.0000000000,-0.0000000000,-0.1216014827,0.0000000000,-0.0000000000,-0.0311993598,-0.0000000000,0.0000000000,0.0000000000,-0.0000000000,-0.0478003961,-0.0000000000,-0.0000000000,0.0000000000,0.0000000000,-0.0000000000,-0.0000000000,0.1157574119,-0.0000000000,0.0000000000,-0.0000000000,0.0000000000,-0.0000000000,-0.0000000000,-0.0000000000,-0.0000000000,0.0000000000,0.0000000000,0.0000000000,-0.0000000000,-0.0000000000,0.0000000000,0.0000000000,-0.0000000000,-0.0000000000,-0.0000000000,-1.4212397639,-0.2065970360,-0.0000000000,0.0000000000,0.0000000000,-0.0000000000,-0.0000000000,-0.0000000000,-0.0000000000,0.0000000000,0.0000000000,0.0056498499,-0.0315043674,-0.0000000000,0.0000000000,-0.0000000000,-0.0000000000,-0.2396313844,-0.0000000000,0.0000000000,-0.0000000000,-0.0000000000,0.0000000000,-0.0000000000,0.0000000000,-0.0000000000,-0.0000000000,-0.3881140876,-0.0000000000,-0.0270495444,0.0000000000,0.0505214492,0.0271353837,0.1375130757,-0.0000000000,-0.0000000000,-0.0000000000,-0.0000000000,-0.0000000000
-0.0000000000,-0.0000000000,-0.0000000000,-0.0067748061,0.0000000000,0.0000000000,-0.0000000000,-0.0000000000,0.0000000000,-0.0000000000,-0.0327247572,-0.0000000000,-0.0000000000,3.0096356493,-0.8658066472,-0.0000000000,-0.3045983871,0.0000000000,-0.3482758834,0.0000000000,-0.0000000000,0.0000000000,-0.2107351965,0.0000000000,0.0000000000,0.3085349615,-0.0000000000,0.0000000000,-0.0000000000,-0.4924963209,-0.0000000000,-0.0000000000,0.0000000000,0.0000000000,0.0000000000,0.0644136755,0.0000000000,-0.1922198710,-0.1886004901,-0.0000000000,0.0000000000,0.0979310819,0.0000000000,-0.0000000000,0.0000000000,-0.1009961274,0.0000000000,-0.0000000000,-0.0000000000,0.0000000000,-0.0000000000,-0.0000000000,-0.0000000000,-0.0000000000,0.0000000000,-0.0000000000,-0.0000000000,0.0000000000,0.0000000000,0.0000000000,-0.0000000000,0.0000000000,0.0000000000,-0.2167181175,-0.1487233754,-0.4219951344,-0.0000000000,-0.0000000000,-0.0000000000,-0.0000000000,-0.0000000000,-0.0000000000,-0.0000000000,-0.0000000000,-0.0000000000,0.0000000000,-0.0000000000,0.0000000000,-0.0000000000,0.0000000000,0.0000000000,-0.0000000000,0.0000000000,0.0516721662,-0.0000000000,0.0000000000,0.0000000000,0.1368831146,-0.0000000000,-0.0000000000,-0.0000000000,-0.0000000000,-0.0000000000,0.0000000000,0.0000000000,-0.0000000000,-0.0000000000,-0.0000000000,-0.0000000000,0.0000000000
-0.0000000000,-0.0000000000,-0.0000000000,-0.0000000000,0.0000000000,-0.0000000000,-0.0153057023,-0.0370923744,-0.0000000000,-0.0426393342,-0.2302991775,-0.0000000000,0.0000000000,-0.8658066472,4.5616854554,-0.0000000000,-0.0000000000,-0.0000000000,-0.0000000000,-0.0000000000,-0.2501631992,-0.0000000000,-0.0000000000,-0.0000000000,-0.0000000000,0.0000000000,-0.0000000000,0.0000000000,-0.0000000000,-0.2977947405,0.0000000000,-0.0000000000,0.0000000000,0.0000000000,-0.0000000000,0.0000000000,0.0000000000,-0.0000000000,-0.0000000000,-0.0000000000,0.0000000000,0.0000000000,0.0000000000,-0.0000000000,0.0000000000,-0.0000000000,0.0000000000,0.0000000000,-0.0000000000,0.0000000000,-0.0000000000,-0.0000000000,-0.0000000000,0.0000000000,0.0000000000,-0.0000000000,-0.0000000000,-0.0000000000,0.0000000000,0.1038341856,-0.0000000000,0.0000000000,0.0000000000,-0.3835117423,-0.4888451594,-1.8265891051,-0.0000000000,-0.0000000000,-0.0000000000,-0.0000000000,-0.2059355932,-0.0000000000,-0.0000000000,-0.0000000000,-0.0000000000,0.0000000000,-0.2885749889,-0.0000000000,-0.0000000000,0.0000000000,-0.0000000000,-0.0000000000,0.1250026584,0.0000000000,-0.0000000000,0.0694323846,0.0000000000,0.0000000000,-0.0000000000,-0.0000000000,0.0000000000,-0.0000000000,-0.0000000000,0.0000000000,-0.0000000000,-0.0000000000,-0.0000000000,0.0000000000,-0.0000000000,0.0000000000
-0.2277629795,-0.3651696619,-0.0000000000,-0.0050363695,-0.0000000000,-0.0000000000,-0.3471701207,-0.0000000000,0.0000000000,-0.0707321659,-0.0775738725,0.0000000000,0.0000000000,-0.0000000000,-0.0000000000,2.3512391121,-0.0000890462,-0.1755335134,-0.0000000000,-0.0000000000,-0.0000000000,-0.0674361812,-0.0190052329,-0.0990456970,-0.0000000000,-0.0000000000,-0.0000000000,0.0000000000,-0.0000000000,-0.0000000000,-0.0000000000,-0.0000000000,-0.3620719805,-0.0000000000,-0.0653751545,0.0000000000,0.0000000000,-0.0000000000,-0.0000000000,-0.1793286035,0.0000000000,-0.2611613480,-0.0000000000,0.0000000000,-0.0000000000,0.0000000000,0.0000000000,-0.0000000000,0.0000000000,0.0511787607,-0.0871471326,-0.0000000000,-0.4817167178,-0.0350122881,-0.0000000000,-0.0000000000,-0.0000000000,-0.0000000000,-0.0000000000,0.0000000000,0.0000000000,0.0000000000,-0.0000000000,-0.0000000000,0.0000000000,-0.0000000000,-0.0128948458,-0.0000000000,-0.0000000000,-0.0271521298,-0.0485419657,-0.0000000000,-0.1788088524,0.0000000000,-0.0000000000,0.0000000000,-0.0000000000,-0.0000000000,-0.0970018940,0.0000000000,0.0000000000,0.0000000000,-0.0000000000,-0.0000000000,0.0000000000,-0.0000000000,0.0000000000,-0.0000000000,0.0000000000,0.0000000000,-0.0000000000,0.0000000000,0.0000000000,0.0000000000,-0.0000000000,0.0000000000,0.0000000000,-0.0000000000,-0.0000000000,0.0000000000
-0.0000000000,0.0000000000,0.0000000000,-0.0000000000,0.0000000000,-0.0000000000,-0.0000000000,-0.0000000000,0.0000000000,-0.0000000000,-0.0000000000,-0.4228654405,-0.4597016531,-0.3045983871,-0.0000000000,-0.0000890462,2.5481527249,-0.0000000000,-0.4029565716,0.0000000000,-0.0000000000,-0.0000000000,-0.0000000000,-0.0000000000,-0.0000000000,0.0000000000,-0.0000000000,-0.0551580115,0.0000000000,-0.3147539545,-0.2190941145,-0.1044332054,-0.0000000000,-0.0000000000,-0.0000000000,-0.0000000000,0.0000000000,-0.0229015910,-0.0000000000,-0.0000000000,0.0321297900,-0.0000000000,0.2167336467,-0.0000000000,0.0036567410,0.0000000000,0.3253866443,0.0000000000,0.0000000000,0.0988264745,-0.0000000000,-0.0000000000,-0.0000000000,0.0000000000,0.0000000000,-0.0000000000,-0.0032619846,-0.0000000000,-0.0000000000,-0.0000000000,-0.0000000000,-0.0000000000,-0.0000000000,-0.0000000000,-0.0000000000,-0.0000000000,-0.0000000000,-0.2668405434,-0.0000000000,-0.0700008423,-0.0107240506,0.0000000000,-0.0000000000,-0.0000000000,-0.1969129860,0.0000000000,-0.0000000000,-0.0000000000,-0.0000000000,-0.0000000000,0.2846383382,0.0000000000,0.0000000000,0.0000000000,0.0000000000,0.0000000000,0.0000000000,0.0000000000,-0.0000000000,0.0000000000,0.0630487685,0.0000000000,0.0505011804,0.0000000000,0.0000000000,0.0000000000,0.0000000000,0.0000000000,0.0000000000,0.0000000000
-0.0000000000,-0.0000000000,0.0000000000,-0.0792391307,-0.0000000000,0.0000000000,-0.0000000000,-0.4305969578,-0.0000000000,-0.0000000000,0.0000000000,0.0000000000,-0.0000000000,0.0000000000,-0.0000000000,-0.1755335134,-0.0000000000,3.0844916404,-0.2437603766,-0.0661550346,-0.2131597894,-0.0027305069,-0.0350963815,-0.0000000000,-0.0342630334,-0.0000000000,0.0000000000,0.0000000000,0.0000000000,-0.0000000000,-0.0441847494,0.0000000000,0.0000000000,-0.5403343293,-0.0000000000,-0.0000000000,0.0000000000,0.0000000000,0.0000000000,-0.0000000000,0.0000000000,-0.0000000000,-0.0000000000,0.0000000000,0.1410377801,0.2085023019,0.0000000000,0.0000000000,0.0000000000,0.1738584913,-0.0715837219,-0.0000000000,0.0000000000,-0.0000000000,-0.0000000000,0.0000000000,-0.0000000000,-0.0733647150,-0.0000000000,0.0000000000,-0.0000000000,0.0000000000,0.0962988106,0.0000000000,0.0000000000,0.0000000000,-0.0000000000,0.0000000000,-0.0000000000,-1.3328667748,-0.0000000000,-0.0000000000,-0.0000000000,0.0000000000,-0.0000000000,-0.0000000000,-0.0355364574,0.0000000000,-0.1427244977,0.0000000000,0.0000000000,0.0000000000,-0.0000000000,-0.0000000000,0.0000000000,0.0000000000,0.0000000000,0.0000000000,-0.1662918423,0.0000000000,-0.0000000000,-0.0000000000,0.2643177686,-0.0000000000,-0.0010878732,0.1324334396,0.0712682342,0.0000000000,0.0000000000,0.0000000000
0.0000000000,0.0904589979,0.0000000000,0.0000000000,0.0000000000,0.0665855916,-0.0000000000,0.0000000000,0.0258689764,-0.0000000000,-0.0000000000,-0.0955143934,-0.0000000000,-0.3482758834,-0.0000000000,-0.0000000000,-0.4029565716,-0.2437603766,2.4113715289,-0.0000000000,-0.4510758223,-0.0000000000,-0.1972130832,-0.1985503315,-0.0000000000,-0.0000000000,-0.0000000000,-0.0000000000,-0.0000000000,-0.0000000000,-0.0000000000,0.0000000000,0.0000000000,-0.1531601618,-0.0316585006,0.0000000000,0.0764086581,0.0000000000,0.0000000000,-0.0000000000,0.0000000000,0.0000000000,0.0000000000,0.0000000000,0.0000000000,0.0000000000,0.0000000000,-0.0000000000,0.0000000000,0.1306769072,-0.0983044842,-0.0000000000,-0.0000000000,0.0000000000,0.0181872030,0.0000000000,-0.0000000000,0.0000000000,-0.0713628898,0.0000000000,-0.0000000000,0.0000000000,0.0000000000,0.0000000000,-0.0000000000,-0.0000000000,-0.1543630240,-0.2261302636,-0.1915241566,-0.0000000000,-0.0000000000,0.0000000000,-0.0544534410,-0.0333022204,-0.0000000000,0.0000000000,-0.0000000000,-0.0000000000,-0.0000000000,0.0000000000,0.0000000000,0.0000000000,-0.0000000000,-0.0000000000,-0.0000000000,0.0000000000,0.0000000000,0.0000000000,-0.0000000000,0.0000000000,-0.0000000000,0.0000000000,0.0000000000,0.0000000000,0.0000000000,0.0000000000,0.0000000000,-0.0049678015,0.0000000000,0.0000000000
-0.0209289788,0.0000000000,-0.0000000000,0.0000000000,-0.0859596387,0.0000000000,-0.0000000000,0.0000000000,-0.0000000000,0.0000000000,-0.0000000000,0.0000000000,0.0000000000,0.0000000000,-0.0000000000,-0.0000000000,0.0000000000,-0.0661550346,-0.0000000000,2.3265268164,-0.2103626320,-0.0000000000,-0.0029586848,-0.0589506215,0.0000000000,-0.0000000000,-0.0000000000,0.0241098046,-0.1628903994,0.0000000000,0.0000000000,0.0000000000,0.0000000000,-0.2411706427,-0.0567096522,-0.0530014691,0.0000000000,0.0207325933,0.0000000000,-0.0000000000,-0.2880934847,0.0000000000,-0.0000000000,0.0000000000,-0.0000000000,0.0000000000,-0.0184686865,-0.0368969771,-0.0930481658,-0.0000000000,-0.0000000000,0.0000000000,0.0000000000,-0.0000000000,-0.0000000000,0.0000000000,0.1439883861,-0.0000000000,-0.0000000000,0.0000000000,-0.0000000000,0.0000000000,0.0000000000,-0.0000000000,-0.0000000000,0.0000000000,-0.4890288733,0.0000000000,-0.0000000000,-0.0000000000,-0.3099394953,0.0791263058,-0.1497855210,0.0000000000,-0.0000000000,-0.0000000000,-0.0000000000,-0.0000000000,-0.0000000000,0.0000000000,-0.0318034591,-0.1128229937,-0.0000000000,0.0000000000,-0.0111084925,0.0000000000,-0.0000000000,0.0000000000,-0.4375800454,-0.0000000000,-0.0000000000,-0.0000000000,0.0000000000,0.0000000000,-0.0000000000,-0.0000000000,0.0707309532,-0.1214764334,-0.1958901091,-0.0000000000
-0.0000000000,0.0000000000,-0.0000000000,0.0000000000,0.0788146735,0.0000000000,-0.0000000000,-0.0000000000,0.0000000000,0.0000000000,-0.0000000000,0.0000000000,0.0000000000,-0.0000000000,-0.2501631992,-0.0000000000,-0.0000000000,-0.2131597894,-0.4510758223,-0.2103626320,3.5040176825,-0.0000000000,-0.0661865250,-0.0000000000,0.0000000000,-0.0000000000,-0.0000000000,0.0000000000,-0.0000000000,-0.0000000000,0.0000000000,-0.0000000000,0.0940239121,0.0000000000,-0.0000000000,0.0000000000,0.1517728181,0.0000000000,-0.0000000000,-0.0000000000,0.3101847756,0.1076097631,0.0000000000,0.0141215927,0.0523318591,0.0000000000,0.0000000000,0.1044574644,0.0000000000,0.0514836509,-0.0000000000,-0.0000000000,-0.0000000000,0.0000000000,0.0294257780,-0.0000000000,-0.0000000000,0.0000000000,0.0000000000,0.0183253316,-0.0000000000,0.4806859802,0.1669635706,0.0000000000,-0.0000000000,-0.0000000000,-0.0000000000,-0.0000000000,-0.0000000000,-0.0000000000,-1.8244395902,0.0000000000,-0.1897835704,-0.0000000000,-0.0000000000,0.0000000000,-0.0000000000,-0.0000000000,0.0000000000,-0.0000000000,-0.0000000000,0.0000000000,0.0906449425,-0.0000000000,-0.0000000000,0.0000000000,0.0405083468,0.0125264509,-0.0000000000,0.0000000000,0.0000000000,-0.0000000000,-0.0000000000,0.0000000000,-0.0000000000,0.0000000000,0.0000000000,-0.0000000000,0.0000000000,0.0000000000
-0.1243418025,-0.0000000000,-0.0732917227,0.0000000000,-0.0000000000,0.0000000000,-0.0000000000,-0.0000000000,0.0000000000,0.2715103744,0.0000000000,0.0000000000,0.0000000000,0.0000000000,-0.0000000000,-0.0674361812,-0.0000000000,-0.0027305069,-0.0000000000,-0.0000000000,-0.0000000000,2.9344155620,-0.1859216977,0.0000000000,0.0000000000,-0.0253793452,-0.0000000000,0.0000000000,0.0984455589,-0.0000000000,0.0000000000,-0.0000000000,0.0000000000,-0.0000000000,-0.9489626045,0.0000000000,-0.0000000000,0.0000000000,-0.0000000000,-0.0000000000,-0.0000000000,-0.0000000000,-0.9092620396,0.0000000000,0.0000000000,-0.0000000000,-0.2977299007,-0.0123858634,-0.0000000000,0.0000000000,0.0000000000,-0.0000000000,0.0000000000,0.0000000000,-0.0000000000,0.0451410482,0.0000000000,0.0000000000,0.0000000000,0.0000000000,-0.1058251684,0.0000000000,0.0000000000,0.0000000000,0.0000000000,-0.0000000000,0.0000000000,-0.0000000000,-0.0000000000,-0.0553329085,-0.0000000000,-0.7648518858,-0.0514571179,0.0000000000,-0.0000000000,-0.0000000000,0.0000000000,0.0000000000,0.0000000000,0.0589160884,-0.0000000000,0.0000000000,0.0030210136,-0.0407512893,0.1642079270,-0.0000000000,0.0000000000,-0.0000000000,0.0000000000,0.1540804664,-0.0000000000,-0.0000000000,0.0000000000,0.0000000000,-0.0000000000,0.0997378496,-0.0000000000,0.0000000000,0.0000000000,0.0000000000
-0.0000000000,-0.0000000000,-0.0000000000,-0.0000000000,-0.0639816912,0.0000000000,0.0000000000,0.0000000000,0.1417738809,0.0053861278,0.0000000000,0.1996216390,0.0000000000,-0.2107351965,-0.0000000000,-0.0190052329,-0.0000000000,-0.0350963815,-0.1972130832,-0.0029586848,-0.0661865250,-0.1859216977,2.2138467825,0.0000000000,-0.0000000000,0.0000000000,-0.0000000000,0.0000000000,-0.0000000000,-0.4305112203,-0.0000000000,0.0000000000,-0.0000000000,-0.0000000000,-0.0000000000,0.0055564479,0.1594697736,0.0000000000,0.0000000000,0.0000000000,0.0000000000,0.0000000000,0.0000000000,0.0000000000,0.0000000000,-0.0000000000,-0.0013417527,-0.2111101639,0.0000000000,0.0547755588,0.0000000000,-0.0000000000,0.0000000000,-0.0000000000,-0.0000000000,0.0244359946,0.0000000000,0.0000000000,0.0000000000,0.0745364671,-0.0000000000,-0.0000000000,0.0000000000,-0.0000000000,-0.0000000000,-0.1789760281,-0.0000000000,-0.0000000000,-0.0000000000,-0.0000000000,-0.0000000000,-0.0000000000,-0.8110005021,0.0000000000,0.0000000000,0.0000000000,-0.0000000000,-0.0000000000,0.0000000000,0.0952893032,0.0000000000,0.0000000000,0.0000000000,0.0000000000,-0.0000000000,0.0000000000,0.0048409763,0.0000000000,-0.0000000000,0.0772564253,0.0000000000,0.0000000000,0.0041283805,0.0000000000,-0.0000000000,0.0701022901,0.0000000000,-0.2945244887,0.0000000000,0.0215405853
0.0000000000,0.0000000000,0.0000000000,0.0000000000,-0.0000000000,0.0814164470,-0.1263667347,0.0000000000,0.0112617598,-0.3322177892,-0.0000000000,-0.0000000000,0.0000000000,0.0000000000,-0.0000000000,-0.0990456970,-0.0000000000,-0.0000000000,-0.1985503315,-0.0589506215,-0.0000000000,0.0000000000,0.0000000000,2.2753823134,-0.0000000000,-0.0000000000,-0.4008757228,-0.0000000000,-0.1088162383,0.0000000000,-0.0000000000,-0.0000000000,-0.0000000000,-0.4556029317,-0.0678962648,-0.0000000000,-0.0000000000,0.2986439181,0.0000000000,-0.3844903950,-0.0000000000,-0.0000000000,0.0000000000,-0.0000000000,-0.0000000000,0.0000000000,-0.0000000000,0.0000000000,0.0523439855,0.0000000000,-0.0000000000,-0.0000000000,0.0232993015,0.0922114113,0.0000000000,0.0000000000,0.0000000000,-0.0671644496,-0.0000000000,0.0000000000,0.0000000000,0.0367737446,0.0000000000,-0.0000000000,-0.0000000000,0.0000000000,-0.0000000000,0.0000000000,-0.0564489673,0.0000000000,-0.0000000000,0.0306295727,-0.0000000000,0.0000000000,-0.2507620518,-0.0000000000,-0.0979724382,-0.1446416771,0.0000000000,0.0000000000,-0.0607467196,0.0000000000,0.0000000000,-0.0000000000,-0.0259846649,0.0358761638,-0.0000000000,-0.0000000000,-0.0000000000,-0.0000000000,0.2569621455,0.0000000000,0.0000000000,-0.0000000000,0.0000000000,-0.0203151960,0.0000000000,0.2365396029,0.1068101522,0.0556560288
-0.0000000000,0.0000000000,0.0000000000,-0.0000000000,0.0000000000,-0.0000000000,-0.0000000000,-0.0000000000,-0.0000000000,-0.3569239450,-0.0000000000,0.0000000000,-0.0000000000,0.0000000000,-0.0000000000,-0.0000000000,-0.0000000000,-0.0342630334,-0.0000000000,0.0000000000,0.0000000000,0.0000000000,-0.0000000000,-0.0000000000,1.8097817184,-0.0000000000,0.0000000000,0.0000000000,0.0000000000,-0.0000000000,-0.0000000000,0.0000000000,-0.0000000000,-0.0000000000,-0.0640541538,-0.0000000000,-0.0000000000,-0.0604196432,0.0000000000,-0.0000000000,0.0000000000,-0.1526996436,0.0000000000,-0.1617917347,-0.0000000000,0.0000000000,0.0001754425,0.0000000000,-0.0000000000,0.0000000000,-0.0000000000,-0.0000000000,-0.0000000000,-0.0000000000,0.0000000000,-0.0000000000,-0.0222072857,-0.0000000000,-0.5395147892,-0.0000000000,0.0000000000,-0.0000000000,-0.0000000000,-0.0000000000,0.0000000000,-0.0000000000,-0.1440500724,-0.0000000000,-0.0000000000,-0.0000000000,0.0000000000,0.0000000000,-0.0000000000,-0.0000000000,-0.0000000000,-0.3309326994,-0.0000000000,-0.0000000000,-0.0000000000,0.0000000000,0.0000000000,0.0878677294,-0.0000000000,0.0000000000,0.0000000000,0.0000000000,-0.0291453721,0.0847564908,0.0000000000,0.1986605639,0.0000000000,-0.0000000000,0.0000000000,0.0000000000,0.3308656592,-0.0000000000,0.0000000000,0.0000000000,0.0000000000,0.0000000000
-0.0000000000,0.0000000000,-0.0000000000,0.0000000000,0.0000000000,0.1111155216,0.0000000000,0.0000000000,0.0000000000,-0.0000000000,-0.0937794952,-0.1518913081,0.0000000000,0.3085349615,0.0000000000,-0.0000000000,0.0000000000,-0.0000000000,-0.0000000000,-0.0000000000,-0.0000000000,-0.0253793452,0.0000000000,-0.0000000000,-0.0000000000,1.8224750499,0.0000000000,0.1282575224,-0.0000000000,-0.0000000000,0.2102602187,-0.0000000000,0.0000000000,-0.0000000000,-0.0897572642,-0.0000000000,0.0000000000,0.0141478979,-0.0000000000,-0.0305687304,-0.0000000000,-0.1837311103,-0.0748139585,-0.0000000000,-0.0000000000,0.0000000000,-0.0000000000,0.0434387663,0.0000000000,0.0000000000,-0.0000000000,-0.0000000000,0.0000000000,0.0000000000,0.0000000000,0.0000000000,0.0000000000,-0.0000000000,0.0000000000,-0.0000000000,-0.0000000000,0.0000000000,0.0000000000,0.0000000000,-0.0000000000,-0.0000000000,-0.0000000000,-0.0000000000,-0.0000000000,-0.0000000000,-0.2204774379,0.0000000000,-0.0000000000,0.0000000000,-0.1296097117,-0.6504219533,-0.0000000000,-0.0120797442,0.0363523822,0.0000000000,-0.0000000000,0.0000000000,-0.0000000000,-0.1321691143,0.0000000000,0.0000000000,0.0000000000,0.0000000000,0.0000000000,0.0233972287,0.0000000000,0.0000000000,-0.0000000000,-0.0000000000,-0.0000000000,-0.0000000000,0.0931012630,0.0000000000,0.0000000000,0.0000000000
-0.0000000000,-0.0000000000,0.0000000000,0.0000000000,-0.0000000000,-0.0000000000,-0.0000000000,0.0000000000,-0.0000000000,-0.0000000000,0.0000000000,-0.0000000000,-0.0000000000,-0.0000000000,-0.0000000000,-0.0000000000,-0.0000000000,0.0000000000,-0.0000000000,-0.0000000000,-0.0000000000,-0.0000000000,-0.0000000000,-0.4008757228,0.0000000000,0.0000000000,2.9614249778,-0.5672346594,-0.6140834307,-0.0000000000,-0.0000000000,0.0000000000,-0.0000000000,-0.0000000000,-0.4171049415,-0.0000000000,-0.0000000000,0.0000000000,0.1417307490,0.0000000000,-0.0000000000,-0.0000000000,0.0000000000,-0.0000000000,-0.0589844693,-0.4621111758,-0.0000000000,-0.0000000000,0.0000000000,0.0000000000,0.0000000000,0.0000000000,0.0425949785,0.0421676286,-0.0000000000,0.0000000000,0.1081929179,-0.0736162590,-0.0000000000,0.0881707363,-0.0000000000,0.0000000000,-0.1356035226,-0.0000000000,-0.0000000000,-0.0000000000,-0.0000000000,0.0000000000,0.0000000000,0.0000000000,-0.0000000000,0.0000000000,-0.0000000000,-0.0000000000,-0.0000000000,0.0000000000,-0.0000000000,-0.0000000000,-0.0000000000,0.0000000000,-0.0000000000,0.0000000000,-0.0000000000,0.0000000000,-0.9577116995,0.0000000000,-0.0000000000,-0.0000000000,-0.0000000000,-0.0000000000,0.0000000000,0.0000000000,-0.0000000000,0.0000000000,0.0000000000,-0.0000000000,-0.0000000000,-0.0000000000,0.0000000000,0.0000000000
0.0000000000,-0.0000000000,0.0000000000,-0.0000000000,-0.0000000000,-0.0000000000,0.0000000000,0.0000000000,-0.0000000000,0.0000000000,0.0000000000,-0.0000000000,-0.1216014827,0.0000000000,0.0000000000,0.0000000000,-0.0551580115,0.0000000000,-0.0000000000,0.0241098046,0.0000000000,0.0000000000,0.0000000000,-0.0000000000,0.0000000000,0.1282575224,-0.5672346594,2.3301064483,0.0000000000,-0.2616739094,-0.0055084670,0.0000000000,-0.0000000000,0.0000000000,-0.0764243697,-0.0000000000,-0.0000000000,-0.0000000000,0.2152624094,0.0000000000,0.1633382002,0.0000000000,0.0000000000,0.0000000000,0.0000000000,-0.0000000000,0.0000000000,0.0000000000,0.2527708576,0.0442981234,0.0000000000,0.0000000000,0.0329035095,0.0000000000,-0.0000000000,0.0000000000,0.0000000000,-0.0000000000,0.0674178407,0.0000000000,0.0000000000,0.0000000000,-0.0234207616,0.0000000000,0.0000000000,0.0000000000,0.0000000000,-0.0000000000,-0.0000000000,0.0000000000,0.0000000000,0.0000000000,0.0000000000,0.0000000000,0.0000000000,0.0846062743,0.0000000000,-0.1917158624,-0.0000000000,-0.0000000000,0.0000000000,0.0421800279,0.0000000000,0.0000000000,-0.1577167459,0.0000000000,-0.0000000000,-0.5652670104,-0.0000000000,0.0000000000,0.0000000000,0.0465833133,0.2246959119,0.0880435661,0.0304497473,0.0000000000,-0.0613892871,0.0000000000,0.0000000000,0.0000000000
0.0000000000,-0.0000000000,0.0000000000,0.0000000000,-0.0000000000,-0.0000000000,-0.0422337850,0.0000000000,-0.0000000000,-0.0000000000,0.0000000000,0.0000000000,0.0000000000,-0.0000000000,-0.0000000000,-0.0000000000,0.0000000000,0.0000000000,-0.0000000000,-0.1628903994,-0.0000000000,0.0984455589,-0.0000000000,-0.1088162383,0.0000000000,-0.0000000000,-0.6140834307,0.0000000000,2.1455235659,-0.0140355443,0.0000000000,0.0000000000,0.0000000000,-0.0198151830,0.0000000000,-0.0000000000,-0.0000000000,0.0000000000,0.0000000000,-0.0000000000,-0.0000000000,0.0000000000,0.0000000000,-0.0000000000,-0.1588135458,-0.0000000000,-0.0000000000,0.0000000000,0.0000000000,-0.0000000000,0.0000000000,0.0000000000,0.0000000000,-0.0000000000,-0.0000000000,0.0000000000,0.0000000000,-0.0000000000,-0.0000000000,0.0141744093,0.0000000000,0.0000000000,-0.0000000000,-0.0000000000,-0.0347524226,-0.0000000000,-0.0000000000,0.0000000000,0.0000000000,0.1592756116,-0.0000000000,0.0026258147,-0.0000000000,0.0000000000,0.0000000000,-0.0000000000,-0.6261569301,-0.2141749233,0.0000000000,0.1455812242,-0.0736205372,0.0000000000,0.0000000000,0.1872932022,-0.0000000000,0.0000000000,-0.3371636823,0.0000000000,-0.0000000000,-0.0000000000,0.0000000000,0.0955921750,0.0000000000,0.0000000000,0.0000000000,-0.0000000000,-0.0000000000,-0.0000000000,0.0000000000,-0.0000000000
