0,1,2,3,4,5,6,7,8,9,10,11,12,13,14,15,16,17,18,19,20,21,22,23,24,25,26,27,28,29,30,31,32,33,34,35,36,37,38,39,40,41,42,43,44,45,46,47,48,49,50,51,52,53,54,55,56,57,58,59,60,61,62,63,64,65,66,67,68,69,70,71,72,73,74,75,76,77,78,79,80,81,82,83,84,85,86,87,88,89,90,91,92,93,94,95,96,97,98,99
4.0786864883,-0.0000000000,-0.3308257159,0.0000000000,-0.0000000000,0.0000000000,-0.0000000000,-0.0000000000,-0.0000000000,0.0000000000,-0.0000000000,0.0000000000,0.0000000000,0.0000000000,-0.0000000000,-0.0584907240,0.2690330229,-0.0000000000,-0.0000000000,0.0868699707,0.0000000000,-0.0000000000,0.0000000000,-0.0000000000,-0.0000000000,-0.0000000000,0.0000000000,0.0000000000,0.0000000000,0.3401853819,-0.4592122433,-0.0000000000,-0.1296740412,-0.0000000000,0.0000000000,0.0000000000,0.0000000000,-0.0000000000,0.0037648036,0.0000000000,-0.0000000000,-0.3625375667,0.0000000000,-0.0000000000,0.0000000000,0.0000000000,0.0000000000,-0.0000000000,-0.0000000000,0.2432311645,-2.3774644456,-0.0000000000,0.0000000000,0.0303882466,0.1297765127,-0.1364695456,0.0000000000,-0.0000000000,0.0000000000,-0.0000000000,0.0000000000,0.0336183011,0.0377418798,0.0000000000,0.0000000000,0.0000000000,-0.0000000000,0.0875695279,0.0000000000,0.0000000000,0.0000000000,0.0236916230,-0.0000000000,0.0887019235,-0.0000000000,0.0000000000,-0.0000000000,0.0190020231,0.0000000000,0.0000000000,-0.0000000000,0.0000000000,0.0000000000,0.0000000000,0.0000000000,0.0000000000,0.0000000000,0.0000000000,0.0000000000,0.0000000000,-0.0000000000,-0.0000000000,-0.0000000000,-0.0000000000,0.1649568764,-0.1476715922,0.0000000000,0.0000000000,0.0000000000,0.0000000000
-0.0000000000,1.9554615642,-0.0000000000,-0.0014667967,-0.2261523671,0.0000000000,0.0000000000,-0.0000000000,0.0000000000,-0.0385434713,-0.3541202730,-0.0000000000,-0.0000000000,-0.0000000000,-0.0000000000,-0.0660569779,-0.0000000000,-0.0000000000,0.0000000000,-0.0000000000,-0.0000000000,0.0000000000,-0.0000000000,-0.0000000000,0.0000000000,0.0000000000,0.0000000000,0.0000000000,-0.0000000000,-0.0000000000,-0.0819382203,0.0000000000,0.0728696157,-0.1586828574,0.0001086784,0.0000000000,0.1541386045,-0.0000000000,-0.0000000000,0.0000000000,0.1284103942,0.0000000000,0.0000000000,0.0000000000,0.0000000000,0.0000000000,0.0000000000,0.0000000000,-0.0000000000,0.0000000000,-0.0000000000,-0.8186789100,-0.0000000000,-0.1462095882,-0.0307038467,-0.0000000000,-0.0000000000,-0.0362768054,0.0000000000,-0.0437677665,0.0000000000,0.0000000000,0.0000000000,0.0287646169,-0.0000000000,-0.0000000000,0.0000000000,0.0000000000,-0.0000000000,-0.0000000000,-0.0453201576,-0.0000000000,-0.0000000000,0.0000000000,-0.1053043691,0.0000000000,0.0000000000,-0.3438846228,0.0000000000,-0.0000000000,-0.0000000000,0.0000000000,-0.0000000000,-0.0000000000,0.0000000000,0.0000000000,0.0000000000,-0.0000000000,-0.0000000000,0.0000000000,0.0000000000,0.0000000000,0.0000000000,0.0000000000,0.0000000000,0.0347708599,0.0000000000,0.0000000000,-0.0000000000,0.0000000000
-0.3308257159,-0.0000000000,2.4764001921,0.2070112819,-0.0000000000,-0.0000000000,0.0000000000,-0.0000000000,-0.0000000000,0.0000000000,0.0066430888,-0.0000000000,0.2492273350,0.0000000000,0.0000000000,-0.0000000000,0.0000000000,-0.0000000000,-0.0000000000,-0.0000000000,0.0662182987,0.0000000000,0.0000000000,0.0000000000,-0.0000000000,0.0000000000,-0.0000000000,-0.0000000000,0.0000000000,-0.0000000000,-0.0000000000,0.0000000000,-0.1346975050,0.0000000000,0.0000000000,0.0000000000,-0.0000000000,-0.1998366778,-0.0000000000,0.0000000000,0.0596178067,-0.0809723605,0.0000000000,-0.0779867982,0.0000000000,0.0000000000,0.0000000000,0.0000000000,-0.0000000000,-0.0000000000,-0.0000000000,-0.1989574203,0.0000000000,0.0000000000,-0.5407541418,-0.7150437379,0.0000000000,-0.0000000000,0.0000000000,-0.0000000000,0.0000000000,0.0000000000,0.0000000000,0.2158569728,0.0000000000,0.1089759825,0.0000000000,0.0000000000,0.0000000000,0.0000000000,0.0758484472,0.2437622206,0.0000000000,0.0000000000,-0.0000000000,0.0000000000,-0.0172134250,0.0000000000,0.0000000000,0.0000000000,0.0000000000,0.0000000000,0.0000000000,0.2194017623,0.0000000000,0.0000000000,-0.1029571215,0.0000000000,-0.0000000000,0.0000000000,0.0000000000,0.0000000000,-0.0000000000,-0.0000000000,0.0000000000,-0.1247096363,0.0237927210,0.0939599078,0.0000000000,0.0000000000
0.0000000000,-0.0014667967,0.2070112819,2.6112348484,-0.1014277343,0.0000000000,-0.0000000000,-0.2670956433,-0.0000000000,0.0000000000,0.0000000000,-0.0940455679,-0.2584209914,-0.0000000000,-0.0590832182,0.0000000000,0.0000000000,0.0623636814,0.0000000000,-0.0000000000,0.0000000000,0.0000000000,-0.0000000000,0.0000000000,0.0000000000,-0.0000000000,0.0000000000,0.0000000000,-0.0000000000,-0.0000000000,-0.0171345916,-0.0000000000,0.0674732083,0.0000000000,0.0000000000,0.0000000000,0.0000000000,-0.0000000000,0.0000000000,0.0000000000,0.0967181598,0.0245345072,0.1491082084,-0.0000000000,-0.0000000000,-0.0000000000,0.0000000000,0.0000000000,0.0000000000,0.0000000000,0.0000000000,-0.0000000000,-0.0000000000,-1.3498748408,-0.0000000000,0.0000000000,-0.0000000000,-0.3180944724,0.0000000000,0.0000000000,0.0000000000,-0.0000000000,-0.0000000000,-0.0000000000,0.0000000000,-0.0000000000,0.0000000000,0.0000000000,0.0000000000,-0.0000000000,-0.0000000000,0.0000000000,-0.0000000000,0.0000000000,0.0000000000,-0.0000000000,0.0000000000,-0.1667539066,-0.0000000000,-0.0000000000,0.0000000000,-0.0000000000,-0.0728290120,0.0000000000,-0.1896058575,0.0000000000,0.0000000000,-0.0133142582,-0.0000000000,0.0000000000,0.0000000000,0.0000000000,-0.0000000000,-0.0000000000,-0.0000000000,-0.0000000000,-0.0000000000,-0.0000000000,-0.0601236792,0.0000000000
-0.0000000000,-0.2261523671,-0.0000000000,-0.1014277343,2.2541670999,0.0000000000,-0.0000000000,-0.2470436952,-0.0000000000,-0.0000000000,-0.0000000000,-0.0000000000,-0.0110402059,-0.0857617725,-0.0136825702,-0.0000000000,0.0000000000,0.0000000000,-0.0000000000,0.2796636854,0.0000000000,-0.0008920137,-0.0000000000,0.0000000000,0.0000000000,0.0000000000,0.0000000000,-0.0000000000,0.0000000000,0.0000000000,0.0000000000,-0.0000000000,-0.0000000000,-0.0000000000,0.1759327291,0.0701315669,-0.0756601950,-0.0223941876,-0.4061553534,-0.2095792946,0.0000000000,-0.0000000000,-0.0000000000,0.0000000000,-0.0000000000,-0.0000000000,0.1200717353,-0.0000000000,0.0000000000,0.0000000000,-0.0000000000,-0.0000000000,0.0000000000,-0.5399456781,-0.4003531851,0.0000000000,-0.0000000000,-0.2306943145,0.0000000000,-0.0000000000,-0.0000000000,-0.0000000000,-0.2791154796,-0.0127575138,-0.0000000000,0.0000000000,-0.0000000000,-0.0000000000,0.0000000000,0.0000000000,0.0000000000,-0.0000000000,0.0000000000,0.0000000000,-0.0000000000,0.0000000000,-0.0969428213,-0.0000000000,0.2629110524,-0.0000000000,0.0000000000,-0.0000000000,0.0000000000,0.0000000000,0.0000000000,0.0000000000,-0.0000000000,-0.0000000000,0.0115356465,-0.0000000000,-0.0000000000,-0.0000000000,0.0000000000,0.0280892312,-0.0000000000,0.0000000000,-0.0980000769,-0.0000000000,0.0000000000,0.0000000000
0.0000000000,0.0000000000,-0.0000000000,0.0000000000,0.0000000000,2.7777335031,-0.0077964175,-0.0000000000,-0.0000000000,-0.0000000000,0.0000000000,-0.0000000000,0.0000000000,-0.0000000000,-0.0000000000,-0.0000000000,-0.0000000000,-0.0000000000,-0.0394379692,-0.3752795507,-0.0000000000,0.0889261589,0.0000000000,0.0000000000,0.1347529812,-0.0405510825,0.0000000000,0.0000000000,-0.1676026666,-0.0000000000,0.0097092254,0.0000000000,-0.0000000000,0.0000000000,0.0000000000,-0.0000000000,-0.0000000000,0.0000000000,-0.0000000000,-0.0000000000,0.0000000000,0.0000000000,0.0000000000,-0.0179861364,0.0000000000,-0.0000000000,-0.0000000000,0.0000000000,-0.7689224770,-0.3877989972,0.0000000000,-0.0000000000,-0.0000000000,0.1059996592,-0.8657982594,-0.7384399883,-0.0000000000,0.0000000000,-0.0000000000,-0.0000000000,-0.0000000000,0.0000000000,0.0000000000,-0.0128889565,-0.0000000000,-0.0000000000,-0.2424899504,-0.0000000000,-0.0000000000,-0.0000000000,-0.0000000000,0.0000000000,0.0000000000,-0.0000000000,-0.0000000000,-0.0053888590,-0.0000000000,0.0000000000,-0.0000000000,-0.1037728219,0.0000000000,0.0000000000,0.0398424305,0.0000000000,0.0000000000,-0.0000000000,-0.0000000000,0.0000000000,-0.0000000000,0.0000000000,-0.0000000000,0.0000000000,-0.1504750663,-0.0000000000,0.0000000000,-0.0000000000,-0.0000000000,-0.0000000000,-0.0224322127,-0.0000000000
-0.0000000000,0.0000000000,0.0000000000,-0.0000000000,-0.0000000000,-0.0077964175,3.4569845640,-0.0000000000,-0.0000000000,0.0000000000,-0.0000000000,-0.0000000000,0.0000000000,0.0000000000,0.0000000000,-0.4789781330,0.0000000000,-0.0000000000,-0.0000000000,0.0000000000,0.0000000000,-0.0000000000,-0.0000000000,0.0000000000,0.3875985199,-0.0000000000,-0.0000000000,0.0000000000,0.0000000000,0.0000000000,-0.0159648242,-0.0000000000,-0.1128952843,0.0000000000,0.0000000000,-0.0000000000,-0.0207936612,-0.0000000000,0.0000000000,-0.3226385537,-0.1187195669,-0.0000000000,-0.0077194990,-0.1631351230,-0.0698941782,-0.5753063750,-0.3128689465,-0.1535855767,-0.7158371140,-0.0000000000,-0.0000000000,0.0000000000,0.0000000000,-0.0000000000,-0.0000000000,-0.0000000000,-0.0000000000,0.0000000000,0.0000000000,-0.0394885307,-0.0000000000,-0.0000000000,0.0000000000,-0.0874988929,0.0000000000,0.0183516067,-0.7867706963,0.0000000000,0.0768989165,0.2214752742,0.1717656953,0.0000000000,0.0000000000,-0.0000000000,-0.3232772664,0.0000000000,0.0000000000,0.0000000000,0.0000000000,-0.0000000000,0.0000000000,0.0000000000,0.0000000000,0.1296902672,0.3753011534,-0.0000000000,0.0298955183,-0.0000000000,0.1118114648,0.0000000000,0.0000000000,0.0000000000,-0.0000000000,-0.0000000000,0.0000000000,-0.0000000000,-0.0000000000,-0.0000000000,-0.0000000000,-0.0000000000
-0.0000000000,-0.0000000000,-0.0000000000,-0.2670956433,-0.2470436952,-0.0000000000,-0.0000000000,2.8115096743,-0.0000000000,0.0000000000,-0.0000000000,-0.2118021605,-0.0000000000,0.0000000000,-0.0000000000,-0.1419929150,0.1672046319,-0.5089725991,-0.0000000000,-0.0000000000,-0.0000000000,-0.1950883905,-0.1394605513,-0.0000000000,0.0000000000,-0.0000000000,-0.0000000000,0.0000000000,0.0000000000,0.0000000000,-0.0000000000,-0.0000000000,0.0000000000,-0.0000000000,-0.0000000000,0.0000000000,-0.0000000000,0.0000000000,0.0000000000,0.0000000000,0.0000000000,0.0575327001,0.0000000000,-0.0000000000,-0.0000000000,0.0000000000,0.0000000000,-0.0000000000,-0.0000000000,0.0013251049,-0.0000000000,-0.0189319271,0.0000000000,-0.0000000000,-0.0000000000,-0.0000000000,-0.8389286406,-0.7980987117,0.0000000000,-0.0000000000,-0.0000000000,-0.0000000000,-0.0000000000,-0.1142579083,-0.0000000000,0.0000000000,0.0000000000,-0.0000000000,0.0000000000,-0.0000000000,-0.0000000000,0.0000000000,-0.1755641128,0.0000000000,-0.0491730025,0.0000000000,-0.0691806903,-0.0196849040,-0.0000000000,-0.0232958262,0.0000000000,-0.0000000000,0.0000000000,0.0000000000,-0.0000000000,0.0030677098,-0.0000000000,-0.0000000000,-0.0000000000,0.0000000000,0.0499462429,0.1196872807,0.0000000000,0.0000000000,0.0000000000,0.0000000000,0.0000000000,-0.0000000000,-0.0000000000,0.0000000000
-0.0000000000,0.0000000000,-0.0000000000,-0.0000000000,-0.0000000000,-0.0000000000,-0.0000000000,-0.0000000000,1.6634888763,0.0000000000,0.0000000000,-0.0010352823,-0.0000000000,-0.0000000000,-0.1357991266,0.0000000000,0.1442453397,0.2979404938,-0.1444952390,0.0000000000,-0.0000000000,-0.0000000000,0.2058455150,0.0000000000,0.0000000000,-0.1009119233,0.0000000000,0.0000000000,-0.1060538726,0.0000000000,-0.0000000000,0.0000000000,0.0000000000,0.0000000000,0.0000000000,-0.2131509619,-0.0032336553,-0.0000000000,-0.0000000000,-0.0156641219,-0.0000000000,-0.0000000000,0.0000000000,-0.0000000000,0.0000000000,-0.0000000000,0.3082740878,0.0136816196,-0.0000000000,-0.0074793275,-0.0441929528,-0.0000000000,0.1562220073,0.0000000000,-0.0000000000,-0.4622711978,0.0000000000,-0.3474893167,-0.0000000000,-0.0000000000,-0.0297377309,0.0000000000,-0.0000000000,-0.0231568177,0.0000000000,0.0000000000,-0.0470474317,0.0000000000,0.0000000000,0.0000000000,-0.0000000000,0.0000000000,0.0000000000,-0.0000000000,-0.0000000000,0.0000000000,-0.0000000000,-0.0000000000,0.0000000000,-0.0000000000,0.0143277484,-0.0000000000,-0.0000000000,-0.0000000000,-0.0000000000,0.0000000000,-0.0000000000,-0.2045640946,-0.0535278218,0.0000000000,-0.0000000000,0.0000000000,-0.0870131271,-0.0000000000,0.0000000000,-0.0452238628,-0.0000000000,-0.0805993306,-0.0000000000,-0.0000000000
0.0000000000,-0.0385434713,0.0000000000,0.0000000000,-0.0000000000,-0.0000000000,0.0000000000,0.0000000000,0.0000000000,3.9097211161,-0.0000000000,-0.0599546561,0.0000000000,-0.0000000000,-0.0000000000,-0.0000000000,-0.0000000000,-0.0000000000,0.0214401285,-0.0697050464,-0.1725381368,0.0000000000,0.0000000000,-0.0000000000,-0.0000000000,-0.3879659657,0.0000000000,0.0000000000,-0.0000000000,0.0012730501,0.1918877278,0.0429200794,0.0134776591,-0.0000000000,-0.0000000000,0.0000000000,-0.0000000000,0.0000000000,-0.0545707345,-0.0000000000,0.0000000000,0.0000000000,-0.0000000000,0.0000000000,0.0000000000,0.0273239562,0.1284232263,0.0000000000,0.0000000000,0.0000000000,0.0000000000,-0.0000000000,-0.0000000000,-0.0000000000,-0.0000000000,0.0000000000,0.0000000000,-0.0000000000,-1.7192831159,-0.3123133296,-0.1745462834,0.0000000000,-0.0000000000,0.0000000000,-0.0294173800,0.0000000000,-0.0000000000,0.0000000000,-0.0000000000,-0.0000000000,-0.0000000000,0.0000000000,0.0000000000,-0.7419967626,-0.0992588002,-0.5730669419,-0.0000000000,0.0000000000,0.0000000000,-0.0000000000,-0.0108216199,-0.0000000000,0.0000000000,-0.0000000000,-0.0000000000,0.0045547645,-0.0453269496,-0.0000000000,0.0000000000,-0.0000000000,0.0000000000,0.0000000000,-0.0000000000,0.0000000000,0.0000000000,0.0000000000,0.0000000000,0.0000000000,-0.0000000000,0.0000000000
-0.0000000000,-0.3541202730,0.0066430888,0.0000000000,-0.0000000000,0.0000000000,-0.0000000000,-0.0000000000,0.0000000000,-0.0000000000,2.1470138370,-0.1679192465,-0.0000000000,0.0000000000,0.0000000000,-0.0000000000,0.0000000000,-0.0407203848,0.0737753407,0.0000000000,-0.0000000000,0.0000000000,-0.0016196118,0.1165418648,-0.0000000000,0.0000000000,0.1042685615,0.0000000000,0.2925773258,0.0000000000,-0.0000000000,0.0000000000,-0.0000000000,0.0000000000,0.0000000000,0.0000000000,0.2861055818,-0.0000000000,-0.0000000000,-0.2519057876,-0.0000000000,0.1902330587,0.0000000000,0.0000000000,0.0000000000,0.0000000000,0.2055652700,0.0000000000,0.0000000000,0.0875824712,-0.0000000000,-0.0000000000,-0.0000000000,-0.0000000000,-0.0000000000,0.0000000000,-0.0000000000,-0.0000000000,-0.0000000000,-0.8271195696,-0.0000000000,-0.0000000000,0.0000000000,-0.0000000000,-0.0000000000,-0.0000000000,-0.3555722774,0.0000000000,0.0000000000,-0.0860982985,-0.0000000000,-0.0380127495,-0.0000000000,-0.1594629487,-0.0000000000,0.0000000000,0.0303282896,0.0426608620,0.0000000000,-0.0000000000,0.0000000000,0.0000000000,-0.0000000000,-0.0000000000,0.0000000000,0.0000000000,0.0827894100,-0.0000000000,0.0000000000,-0.0000000000,0.0000000000,0.0000000000,-0.0000000000,0.0000000000,0.0000000000,0.0000000000,-0.0000000000,0.0000000000,0.0000000000,-0.0000000000
0.0000000000,-0.0000000000,-0.0000000000,-0.0940455679,-0.0000000000,-0.0000000000,-0.0000000000,-0.2118021605,-0.0010352823,-0.0599546561,-0.1679192465,1.8784508916,-0.2861806424,0.0000000000,0.0000000000,-0.0441339754,-0.0000000000,-0.0000000000,0.0000000000,-0.0000000000,0.1841674118,-0.0000000000,-0.2132062826,-0.0691467610,0.0000000000,-0.0529565757,0.0000000000,-0.0000000000,-0.0000000000,0.0000000000,-0.0000000000,-0.0000000000,0.0000000000,-0.0000000000,-0.0000000000,-0.0000000000,-0.0000000000,0.0000000000,-0.0000000000,-0.1035997671,0.0000000000,0.0000000000,0.0000000000,0.0000000000,-0.0348669686,0.0000000000,0.0293943071,0.1267873458,0.0244496621,-0.0000000000,-0.0000000000,-0.0515949898,0.0000000000,-0.0000000000,-0.0000000000,0.0000000000,-0.0000000000,-0.0000000000,-0.0000000000,-0.1124657309,-0.2488911928,-0.2373058513,-0.0000000000,0.0000000000,0.0000000000,0.0000000000,-0.0000000000,-0.0000000000,0.2681428426,-0.0000000000,0.0000000000,-0.0000000000,-0.0000000000,-0.0000000000,-0.0344279854,-0.0000000000,-0.0000000000,-0.1307650408,-0.1250777562,-0.0000000000,-0.0000000000,0.0000000000,-0.0000000000,0.0000000000,-0.1131271245,0.0000000000,-0.0000000000,-0.0795503372,-0.0000000000,-0.2179595046,0.0000000000,-0.0000000000,-0.2468257006,0.0000000000,-0.0000000000,-0.0000000000,0.0000000000,0.1077125979,-0.0059532540,-0.0000000000
0.0000000000,-0.0000000000,0.2492273350,-0.2584209914,-0.0110402059,0.0000000000,0.0000000000,-0.0000000000,-0.0000000000,0.0000000000,-0.0000000000,-0.2861806424,2.7537846146,-0.4199991066,-0.0000000000,0.0000000000,-0.5246273589,-0.0000000000,-0.0000000000,0.0000000000,0.0000000000,-0.0000000000,-0.0162807633,-0.0000000000,0.0000000000,-0.0000000000,0.0000000000,-0.0000000000,-0.0000000000,0.0000000000,-0.0283582189,-0.1598574753,0.0000000000,-0.0000000000,-0.0000000000,-0.0000000000,-0.0000000000,-0.0000000000,0.0000000000,-0.0000000000,-0.0000000000,0.0000000000,-0.0000000000,0.0000000000,-0.0000000000,0.0000000000,-0.0000000000,0.0000000000,0.0000000000,0.0000000000,-0.0000000000,-0.0000000000,-0.0000000000,-0.0000000000,0.0000000000,0.1151524720,-0.2288197857,-0.0000000000,0.1097303782,0.0000000000,-0.3165063605,-0.8097455172,-0.0774829381,-0.0000000000,-0.0000000000,-0.0000000000,0.0000000000,-0.4117309282,-0.0000000000,-0.0000000000,0.0000000000,-0.0000000000,-0.0000000000,-0.0000000000,0.0000000000,0.0458134950,-0.0000000000,-0.0000000000,-0.0621465597,-0.1248062389,0.0000000000,0.0000000000,-0.0000000000,0.0000000000,0.0000000000,0.0000000000,-0.0000000000,-0.0000000000,-0.0000000000,-0.0000000000,-0.0000000000,-0.0000000000,0.0000000000,0.0000000000,0.0574933956,0.0000000000,0.0000000000,0.0000000000,0.0000000000,-0.0000000000
0.0000000000,-0.0000000000,0.0000000000,-0.0000000000,-0.0857617725,-0.0000000000,0.0000000000,0.0000000000,-0.0000000000,-0.0000000000,0.0000000000,0.0000000000,-0.4199991066,2.8684137500,-0.0000000000,0.0000000000,-0.6003974030,0.0113366369,-0.7496488368,0.0000000000,-0.2777445464,0.0000000000,-0.0000000000,0.0000000000,0.0000000000,-0.0000000000,0.0000000000,0.0000000000,-0.3511635971,-0.0960631096,-0.0000000000,0.0000000000,0.0000000000,-0.0681464837,0.0420572171,0.0000000000,0.0000000000,-0.0370670970,-0.0081781046,-0.0000000000,0.0408249440,0.0000000000,0.0000000000,0.0000000000,0.0000000000,-0.0000000000,-0.0000000000,0.0000000000,0.0000000000,0.0000000000,-0.0000000000,-0.0000000000,-0.1647469800,0.0000000000,-0.0000000000,-0.0000000000,0.0000000000,-0.0000000000,0.0000000000,0.0000000000,0.0000000000,0.0000000000,-0.0000000000,-0.0000000000,-0.2814178220,-0.0000000000,0.1009243661,-0.0000000000,-0.0174251587,-0.0699292419,0.0000000000,0.0000000000,0.0000000000,-0.0000000000,0.0028546940,0.0000000000,-0.0000000000,0.0000000000,-0.0000000000,-0.3622546959,0.1483679983,0.0000000000,-0.0946397463,0.0000000000,0.0000000000,0.3305658043,0.0000000000,0.0000000000,0.0000000000,0.0584126038,-0.3077108994,-0.0000000000,-0.0000000000,-0.0000000000,0.0000000000,-0.0000000000,-0.0000000000,-0.0000000000,0.0000000000,0.0432346159
-0.0000000000,-0.0000000000,0.0000000000,-0.0590832182,-0.0136825702,-0.0000000000,0.0000000000,-0.0000000000,-0.1357991266,-0.0000000000,0.0000000000,0.0000000000,-0.0000000000,-0.0000000000,2.7883478576,-0.0000000000,0.0000000000,0.0000000000,-0.0769063701,-0.0000000000,-0.5621210127,-0.0725409516,-0.0250279028,0.0000000000,-0.0000000000,-0.1814105896,-0.0000000000,0.0000000000,-0.4732699614,-0.0000000000,0.0000000000,-0.0000000000,-0.0000000000,-0.0000000000,-0.0000000000,-0.0000000000,-0.0000000000,-0.0000000000,-0.0000000000,0.0000000000,-0.0000000000,-0.0000000000,-0.0000000000,-0.0000000000,0.0186661542,-0.0000000000,-0.0000000000,-0.0000000000,0.0000000000,0.0000000000,-0.0000000000,-0.0000000000,0.0000000000,-0.0000000000,-0.0000000000,-0.0000000000,-0.0000000000,-0.0000000000,-0.0615370247,-0.0000000000,0.0000000000,0.0000000000,0.0000000000,-0.0000000000,-0.0000000000,-0.6989485890,-0.0000000000,0.0000000000,0.0000000000,-0.0000000000,-0.5865054372,-0.0000000000,-0.0000000000,-0.0000000000,-0.0000000000,-0.0000000000,-0.0000000000,-0.0000000000,0.5101913884,-0.0000000000,0.0000000000,-0.0000000000,0.0373760018,-0.0000000000,0.3345582660,0.0000000000,0.0277187609,0.0775098636,-0.0000000000,0.0000000000,0.0000000000,-0.0000000000,-0.0907945864,-0.0000000000,0.0000000000,0.0000000000,0.0000000000,-0.0000000000,0.0000000000,0.0000000000
-0.0584907240,-0.0660569779,-0.0000000000,0.0000000000,-0.0000000000,-0.0000000000,-0.4789781330,-0.1419929150,0.0000000000,-0.0000000000,-0.0000000000,-0.0441339754,0.0000000000,0.0000000000,-0.0000000000,2.2231090923,0.0000000000,-0.1000594671,-0.0000000000,-0.0000000000,-0.0000000000,-0.0000000000,-0.2517267528,-0.0000000000,0.0000000000,-0.1126469742,-0.0000000000,0.1802669173,-0.0000000000,-0.0000000000,-0.0000000000,-0.0000000000,-0.4626128661,-0.0726482308,0.0000000000,0.0000000000,-0.0000000000,-0.3123681602,-0.3590204842,-0.0720546731,-0.0000000000,-0.0000000000,-0.0000000000,0.0000000000,-0.0000000000,-0.0000000000,-0.0000000000,-0.0000000000,-0.0000000000,0.0000000000,-0.2523679503,-0.1549068168,-0.3627747357,-0.0000000000,-0.0000000000,-0.0000000000,-0.2380741883,-0.0638652714,0.0000000000,-0.0000000000,0.0000000000,-0.0000000000,0.0000000000,0.0000000000,0.0000000000,0.1335430520,0.0000000000,0.0000000000,0.0000000000,-0.0000000000,0.0000000000,0.0000000000,0.0000000000,-0.0000000000,-0.0000000000,-0.0000000000,-0.0000000000,0.0000000000,0.0000000000,-0.0000000000,0.0000000000,0.0000000000,0.0000000000,0.0000000000,0.0000000000,0.0000000000,0.0605758411,0.0000000000,-0.0000000000,0.0000000000,-0.0000000000,-0.0000000000,-0.0000000000,0.0000000000,0.0000000000,0.3054746679,0.0000000000,0.0240258630,-0.0000000000,0.0000000000
0.2690330229,-0.0000000000,0.0000000000,0.0000000000,0.0000000000,-0.0000000000,0.0000000000,0.1672046319,0.1442453397,-0.0000000000,0.0000000000,-0.0000000000,-0.5246273589,-0.6003974030,0.0000000000,0.0000000000,2.5771208611,0.0000000000,-0.0000000000,0.0000000000,0.0000000000,0.0410503224,-0.0000000000,-0.5409756717,0.0049819745,0.0000000000,0.0000000000,-0.2430751045,-0.2131541913,-0.0000000000,-0.0000000000,0.0000000000,0.0000000000,-0.0573331938,0.0000000000,-0.0000000000,-0.0000000000,0.0000000000,0.0000000000,-0.0000000000,0.0000000000,0.0000000000,0.0000000000,0.0000000000,0.0000000000,-0.0000000000,-0.1799586756,0.0000000000,0.0000000000,-0.1192448697,0.0000000000,0.0000000000,-0.0000000000,0.1806075319,-0.0000000000,-0.0000000000,0.0000000000,0.0000000000,0.0000000000,-0.0000000000,0.0000000000,-0.0000000000,-0.0000000000,0.0000000000,-0.0000000000,-0.0000000000,0.0000000000,-0.2860592178,-0.1852637285,-0.0000000000,0.0000000000,-0.0000000000,0.0000000000,-0.0239652536,0.0000000000,0.1603924665,-0.0000000000,0.0000000000,-0.0000000000,0.0000000000,0.0000000000,0.0000000000,-0.0000000000,0.1361797872,0.0000000000,0.0000000000,-0.0201795928,0.0324292189,-0.0000000000,-0.0000000000,-0.0000000000,-0.3244765386,0.0000000000,-0.0000000000,0.0000000000,0.0000000000,-0.0000000000,0.2121219401,0.0000000000,-0.1846704662
-0.0000000000,-0.0000000000,-0.0000000000,0.0623636814,0.0000000000,-0.0000000000,-0.0000000000,-0.5089725991,0.2979404938,-0.0000000000,-0.0407203848,-0.0000000000,-0.0000000000,0.0113366369,0.0000000000,-0.1000594671,0.0000000000,2.6887371551,0.0000000000,-0.3774443897,-0.0000000000,-0.0000000000,-0.3215659355,-0.0000000000,-0.0000000000,0.0000000000,0.0000000000,0.0000000000,0.2442349730,0.0227336534,-0.0000000000,-0.0000000000,0.0000000000,-0.8853685831,-0.3910272626,-0.0000000000,0.0000000000,0.0000000000,0.0000000000,0.0000000000,-0.0000000000,0.0593600834,-0.0000000000,0.0000000000,-0.0000000000,0.1880209747,-0.0000000000,-0.2656845135,-0.0000000000,0.0000000000,0.0000000000,-0.0000000000,-0.0000000000,0.0000000000,0.0000000000,-0.0000000000,-0.1531415795,0.0000000000,-0.0000000000,0.0000000000,0.0000000000,-0.0000000000,-0.0000000000,-0.0000000000,-0.0000000000,-0.0000000000,-0.0000000000,-0.0000000000,-0.0000000000,-0.3344360073,-0.0000000000,-0.0000000000,-0.1177439281,-0.0083300995,-0.0000000000,0.0000000000,-0.0000000000,0.0000000000,-0.0593646278,-0.0000000000,-0.0000000000,0.0000000000,0.0000000000,-0.0000000000,0.0000000000,0.0000000000,0.0000000000,0.0302054320,-0.0763039898,0.0000000000,0.0061949486,0.0000000000,0.0626663938,0.0000000000,0.0000000000,0.0070976116,0.1715563428,0.0000000000,-0.0000000000,0.0000000000
-0.0000000000,0.0000000000,-0.0000000000,0.0000000000,-0.0000000000,-0.0394379692,-0.0000000000,-0.0000000000,-0.1444952390,0.0214401285,0.0737753407,0.0000000000,-0.0000000000,-0.7496488368,-0.0769063701,-0.0000000000,-0.0000000000,0.0000000000,2.4832498047,0.1991276098,-0.0000000000,-0.0423684050,-0.0000000000,0.0000000000,0.0000000000,-0.0000000000,-0.0000000000,0.1209261135,-0.3760458714,0.0000000000,0.0000000000,-0.0000000000,-0.1216477781,-0.2968835653,0.0000000000,-0.0000000000,-0.0000000000,-0.0000000000,-0.0000000000,-0.0000000000,-0.0000000000,-0.0000000000,-0.0000000000,-0.0000000000,0.0000000000,-0.2037411389,-0.0001044000,-0.0000000000,-0.0000000000,-0.0000000000,-0.0117803575,-0.0000000000,0.0000000000,0.2731290889,-0.0000000000,-0.0994047585,0.0000000000,-0.0000000000,0.0931026720,0.0000000000,0.0000000000,0.0000000000,0.0000000000,-0.4731821793,-0.0000000000,-0.0000000000,0.0000000000,-0.2434246724,-0.1851823563,-0.0772229001,0.0000000000,-0.0000000000,0.0000000000,0.0000000000,0.0000000000,0.0000000000,-0.0000000000,0.0000000000,0.0000000000,-0.0000000000,0.4069352973,0.0000000000,-0.0000000000,-0.0000000000,0.0000000000,0.0000000000,-0.0000000000,0.0000000000,0.0000000000,0.0973857597,-0.0073810220,-0.2394522335,-0.0161214108,-0.0000000000,-0.0000000000,-0.0000000000,-0.1308649013,-0.0236094604,0.0000000000,0.0000000000
0.0868699707,-0.0000000000,-0.0000000000,-0.0000000000,0.2796636854,-0.3752795507,0.0000000000,-0.0000000000,0.0000000000,-0.0697050464,0.0000000000,-0.0000000000,0.0000000000,0.0000000000,-0.0000000000,-0.0000000000,0.0000000000,-0.3774443897,0.1991276098,2.2631885853,-0.1697462145,0.0000000000,-0.0000000000,-0.0000000000,-0.0000000000,-0.0088506008,-0.0000000000,-0.0000000000,-0.0000000000,-0.1179066795,0.2313311248,0.0000000000,0.0000000000,-0.0000000000,-0.0000000000,-0.0000000000,-0.0000000000,0.0000000000,-0.0000000000,0.0800699804,-0.0000000000,0.0000000000,0.0000000000,0.0000000000,0.0000000000,0.1039539274,0.0000000000,0.0000000000,-0.0000000000,-0.0000000000,0.0338051732,-0.0000000000,-0.0126976135,-0.0691571807,-0.0000000000,-0.0085066673,-0.0000000000,-0.0000000000,-0.0000000000,0.0000000000,0.0000000000,0.0000000000,-0.0000000000,0.0276337583,0.0000000000,-0.0000000000,0.0000000000,-0.0000000000,-0.0000000000,-0.0000000000,-0.3054539927,0.1320303479,0.0000000000,-0.0491418172,-0.0000000000,-0.0954476285,0.0000000000,-0.0000000000,-0.0000000000,-0.0000000000,-0.3470223901,-0.1350147970,0.0000000000,0.0000000000,-0.0000000000,0.0000000000,-0.0000000000,0.0000000000,-0.5343572178,-0.0000000000,0.1370405768,0.0000000000,-0.0000000000,0.0000000000,0.0000000000,0.2486623228,0.0666508222,0.0000000000,-0.0000000000,0.0000000000
0.0000000000,-0.0000000000,0.0662182987,0.0000000000,0.0000000000,-0.0000000000,0.0000000000,-0.0000000000,-0.0000000000,-0.1725381368,-0.0000000000,0.1841674118,0.0000000000,-0.2777445464,-0.5621210127,-0.0000000000,0.0000000000,-0.0000000000,-0.0000000000,-0.1697462145,2.9749022375,0.0000000000,-0.0338365573,0.0000000000,-0.0000000000,-0.0000000000,-0.0000000000,0.2305655405,-0.1014418977,-0.0000000000,0.1305180030,0.3391296050,0.0000000000,-0.0472271667,0.0000000000,0.0000000000,0.0000000000,-0.0000000000,-0.0625157403,0.0000000000,0.0000000000,-0.0000000000,-0.0000000000,0.0000000000,0.0000000000,-0.0000000000,0.0000000000,-0.0000000000,0.0000000000,0.0000000000,-0.0000000000,-0.0000000000,-0.0000000000,-0.0000000000,-0.0000000000,-0.0000000000,-0.0000000000,-0.0000000000,-0.0073075513,-0.0000000000,0.0000000000,0.0350480840,0.0000000000,-0.0000000000,-0.0239443398,-0.0000000000,0.0000000000,0.0000000000,-0.0000000000,-0.1937429462,-1.1676005502,0.0000000000,0.0000000000,-0.0382986806,0.0000000000,-0.0000000000,-0.0000000000,0.0000000000,0.0085044069,-0.1253861033,0.0000000000,0.0000000000,-0.0000000000,-0.0000000000,0.0000000000,0.2032716174,0.0000000000,0.1069630159,-0.0000000000,0.0000000000,0.0000000000,-0.0000000000,-0.0000000000,0.0000000000,0.0000000000,0.0000000000,-0.0000000000,-0.0000000000,-0.0000000000,0.0964543853
-0.0000000000,0.0000000000,0.0000000000,0.0000000000,-0.0008920137,0.0889261589,-0.0000000000,-0.1950883905,-0.0000000000,0.0000000000,0.0000000000,-0.0000000000,-0.0000000000,0.0000000000,-0.0725409516,-0.0000000000,0.0410503224,-0.0000000000,-0.0423684050,0.0000000000,0.0000000000,2.6994941829,-0.0000000000,-0.0000000000,-0.0000000000,-0.0000000000,-0.0000000000,-0.0000000000,-0.0000000000,0.0000000000,0.0000000000,-0.1075800697,-0.0000000000,-0.0000000000,-0.4256158785,-0.0000000000,-0.0000000000,0.0000000000,-0.0000000000,0.0000000000,-0.5529959272,-0.3433470998,-0.4248389523,-0.0000000000,0.0000000000,0.0000000000,0.0000000000,-0.7576383621,0.3016330197,0.0000000000,-0.0000000000,-0.0000000000,0.0262914240,0.0000000000,0.2536111356,0.0000000000,-0.0000000000,0.0000000000,0.0000000000,0.0000000000,-0.0000000000,0.0000000000,-0.0000000000,0.0000000000,-0.0000000000,0.0000000000,0.0000000000,-0.1396575490,0.0000000000,0.0000000000,0.0000000000,-0.0202111364,-0.1028990151,0.2986467715,0.0000000000,-0.0000000000,-0.3908280825,-0.0000000000,0.1046831569,-0.0000000000,-0.0000000000,-0.0000000000,0.0490031488,-0.0000000000,0.0000000000,-0.0000000000,-0.0000000000,-0.0000000000,-0.0000000000,-0.0000000000,-0.0000000000,0.0000000000,0.0000000000,-0.0000000000,-0.0000000000,0.0000000000,0.0000000000,-0.0000000000,0.0505519143,0.0340020778
0.0000000000,-0.0000000000,0.0000000000,-0.0000000000,-0.0000000000,0.0000000000,-0.0000000000,-0.1394605513,0.2058455150,0.0000000000,-0.0016196118,-0.2132062826,-0.0162807633,-0.0000000000,-0.0250279028,-0.2517267528,-0.0000000000,-0.3215659355,-0.0000000000,-0.0000000000,-0.0338365573,-0.0000000000,1.9505918780,-0.0000000000,0.0000000000,0.0000000000,-0.0021298814,-0.0000000000,-0.0000000000,-0.5175179267,0.0000000000,0.0000000000,-0.0000000000,-0.0000000000,-0.0822760373,-0.0000000000,-0.0000000000,0.0000000000,0.0000000000,-0.0519394804,-0.0000000000,0.0000000000,-0.0000000000,0.0000000000,-0.0000000000,-0.0000000000,-0.0000000000,-0.2234046573,0.0000000000,0.0000000000,0.0000000000,0.0000000000,0.0000000000,-0.0427344072,0.0000000000,0.0418349904,-0.0480673868,-0.0000000000,0.2191008879,-0.0000000000,0.0000000000,-0.3535820637,-0.0000000000,0.0000000000,0.0330280022,-0.0312007076,0.0000000000,-0.0000000000,0.0096087513,-0.0000000000,-0.0000000000,0.0000000000,-0.2983583543,-0.0000000000,0.0000000000,0.0000000000,0.0000000000,-0.0000000000,0.0000000000,-0.0000000000,0.0000000000,0.0000000000,0.0000000000,0.3417285595,-0.0000000000,-0.0000000000,0.1461361747,0.0000000000,-0.0000000000,-0.0000000000,0.0060607539,0.0000000000,-0.0000000000,0.0518004569,0.0000000000,0.1133275883,-0.0938151398,0.0000000000,-0.0000000000,0.0000000000
-0.0000000000,-0.0000000000,0.0000000000,0.0000000000,0.0000000000,0.0000000000,0.0000000000,-0.0000000000,0.0000000000,-0.0000000000,0.1165418648,-0.0691467610,-0.0000000000,0.0000000000,0.0000000000,-0.0000000000,-0.5409756717,-0.0000000000,0.0000000000,-0.0000000000,0.0000000000,-0.0000000000,-0.0000000000,2.8668079649,0.0000000000,-0.0000000000,0.0000000000,-0.0000000000,-0.0056728741,0.0000000000,-0.0575501263,-0.0000000000,0.3566571961,-0.0628682205,-0.0000000000,0.0180083363,-0.3334233834,0.0000000000,0.1825515567,0.0000000000,-0.0000000000,-0.0000000000,0.0000000000,0.0000000000,0.0000000000,0.0000000000,0.0000000000,0.0212072163,0.0000000000,-0.0000000000,-0.0000000000,-0.0000000000,-0.0000000000,0.0823984764,0.0000000000,0.0000000000,-0.0000000000,0.0000000000,0.0000000000,0.0000000000,-0.0000000000,-0.0000000000,-0.0000000000,0.0705048250,-0.0000000000,0.0000000000,0.0334993779,-0.0000000000,-0.0000000000,0.0000000000,-0.0000000000,-0.0000000000,-0.0000000000,-0.0000000000,-0.4974270065,-0.0000000000,-0.1042025774,-0.1016125184,-0.0000000000,0.0000000000,-0.6933297488,0.0000000000,-0.0000000000,0.0000000000,-0.0000000000,0.3488803424,-0.2755178010,0.0000000000,-0.0000000000,-0.4814614543,0.0000000000,-0.0000000000,0.1482220204,0.0000000000,0.0000000000,0.0000000000,0.0228924484,0.1537483900,0.0000000000,-0.0000000000
-0.0000000000,0.0000000000,-0.0000000000,0.0000000000,0.0000000000,0.1347529812,0.3875985199,0.0000000000,0.0000000000,-0.0000000000,-0.0000000000,0.0000000000,0.0000000000,0.0000000000,-0.0000000000,0.0000000000,0.0049819745,-0.0000000000,0.0000000000,-0.0000000000,-0.0000000000,-0.0000000000,0.0000000000,0.0000000000,2.5787474117,-0.0016334177,0.0000000000,-0.0000000000,-0.0000000000,-0.0000000000,0.0000000000,-0.0000000000,-0.0000000000,-0.0000000000,-0.0350112318,0.0000000000,0.0548213199,-0.0000000000,-0.0000000000,0.3116791816,0.0000000000,-0.8500831314,0.0000000000,0.1536946259,0.0000000000,0.2494965345,0.0000000000,-0.0000000000,0.0000000000,0.0230849143,-0.1006452556,-0.4792194615,-0.0000000000,0.0000000000,0.0000000000,0.0750290511,0.0136104504,0.0000000000,-0.0000000000,0.0000000000,0.1187218073,0.1470209848,-0.0000000000,0.0000000000,-0.0000000000,-0.0000000000,0.0000000000,0.0000000000,-0.0000000000,-0.0000000000,-0.0000000000,-0.0000000000,-0.0000000000,-0.0000000000,0.0000000000,-0.1425907838,-0.0224781795,-0.0000000000,0.0000000000,-0.0000000000,-0.0276976514,-0.0000000000,-0.0000000000,-0.0000000000,-0.0000000000,0.0000000000,-0.0000000000,0.0405091906,0.0000000000,-0.0000000000,-0.0000000000,-0.5525144598,-0.0000000000,-0.0000000000,-0.1278784507,-0.0000000000,0.0000000000,0.0000000000,0.0000000000,0.0000000000
-0.0000000000,0.0000000000,0.0000000000,-0.0000000000,0.0000000000,-0.0405510825,-0.0000000000,-0.0000000000,-0.1009119233,-0.3879659657,0.0000000000,-0.0529565757,-0.0000000000,-0.0000000000,-0.1814105896,-0.1126469742,0.0000000000,0.0000000000,-0.0000000000,-0.0088506008,-0.0000000000,-0.0000000000,0.0000000000,-0.0000000000,-0.0016334177,2.1290961378,0.0000000000,0.0000000000,-0.0484068409,0.0000000000,0.0000000000,-0.1968843082,0.0000000000,-0.0000000000,-0.0000000000,0.0000000000,-0.0000000000,-0.0000000000,-0.0000000000,-0.0000000000,-0.0000000000,-0.0000000000,-0.0000000000,-0.0000000000,0.0000000000,0.0000000000,0.0000000000,0.0000000000,-0.0000000000,0.0000000000,-0.1115266701,-0.0000000000,-0.0000000000,0.0000000000,0.0066972867,-0.0000000000,-0.0000000000,-0.0000000000,-0.0000000000,-0.0000000000,-0.1033396331,0.0000000000,-0.0000000000,-0.0000000000,-0.0000000000,0.0000000000,-0.0000000000,0.0000000000,0.0000000000,0.0000000000,-0.0000000000,0.0000000000,0.0000000000,-0.0000000000,-0.0000000000,-0.1123485973,-0.1462747031,0.0000000000,-0.0000000000,-0.6785095185,0.0000000000,0.0000000000,0.0000000000,0.0000000000,0.0000000000,0.1019252434,-0.0000000000,0.0000000000,0.0000000000,0.0000000000,-0.0000000000,-0.0000000000,-0.0000000000,-0.0000000000,0.0000000000,0.0000000000,0.4805800542,0.0000000000,-0.0000000000,0.0000000000
0.0000000000,0.0000000000,-0.0000000000,0.0000000000,0.0000000000,0.0000000000,-0.0000000000,-0.0000000000,0.0000000000,0.0000000000,0.1042685615,0.0000000000,0.0000000000,0.0000000000,-0.0000000000,-0.0000000000,0.0000000000,0.0000000000,-0.0000000000,-0.0000000000,-0.0000000000,-0.0000000000,-0.0021298814,0.0000000000,0.0000000000,0.0000000000,2.2005748636,-0.2639611356,0.0000000000,-0.4254105218,-0.0000000000,0.0000000000,-0.0000000000,0.0000000000,-0.1372230606,-0.0000000000,-0.0000000000,-0.0000000000,0.0000000000,0.0000000000,-0.0000000000,-0.0347696116,-0.0558220602,-0.3212960706,-0.2297259261,-0.5726629179,-0.0646435215,-0.0000000000,-0.0000000000,-0.0000000000,0.0000000000,-0.0919418382,-0.0000000000,-0.3808644106,-0.0000000000,0.0000000000,-0.0000000000,-0.0000000000,0.0000000000,0.0000000000,0.3732652550,0.0000000000,0.0000000000,0.0000000000,0.0291543207,0.0000000000,0.0771147045,0.0000000000,-0.0000000000,0.0000000000,0.0000000000,0.2749869339,0.0187984591,-0.0000000000,0.0000000000,-0.0000000000,0.2365451853,-0.0000000000,-0.0000000000,0.0000000000,0.0000000000,0.0000000000,-0.0000000000,0.0000000000,-0.0810638854,-0.0000000000,-0.0000000000,0.0000000000,0.0000000000,0.0000000000,0.1514543972,-0.0000000000,-0.0711013230,-0.0000000000,-0.0000000000,-0.0000000000,-0.0000000000,-0.0000000000,-0.0000000000,0.0000000000
0.0000000000,0.0000000000,-0.0000000000,0.0000000000,-0.0000000000,0.0000000000,0.0000000000,0.0000000000,0.0000000000,0.0000000000,0.0000000000,-0.0000000000,-0.0000000000,0.0000000000,0.0000000000,0.1802669173,-0.2430751045,0.0000000000,0.1209261135,-0.0000000000,0.2305655405,-0.0000000000,-0.0000000000,-0.0000000000,-0.0000000000,0.0000000000,-0.2639611356,2.4513644173,-0.0000000000,-0.1325306504,-0.0105328459,-0.0000000000,-0.0000000000,0.0000000000,-0.0152338770,-0.0000000000,-0.0000000000,-0.0000000000,0.0000000000,0.0000000000,0.0000000000,-0.0000000000,-0.1993814527,-0.2057983907,0.0000000000,-0.0000000000,0.0000000000,0.0000000000,0.0000000000,-0.5676311694,0.1368174254,0.0000000000,0.0000000000,-0.0000000000,-0.0516869544,0.0000000000,-0.0000000000,0.0000000000,0.0000000000,-0.0000000000,0.0000000000,-0.0000000000,-0.1867723043,0.0000000000,0.0000000000,0.0000000000,0.0000000000,-0.2573689741,-0.0968122584,0.0000000000,0.0000000000,-0.0000000000,0.0000000000,-0.0000000000,-0.0000000000,0.0000000000,-0.0000000000,-0.6543953057,-0.0000000000,0.1131028474,-0.0134627783,0.0000000000,0.0000000000,0.0000000000,-0.0000000000,-0.0000000000,-0.2098778157,-0.1206211914,-0.1494892929,-0.0000000000,0.0113092721,-0.0000000000,0.0000000000,-0.0000000000,-0.0000000000,-0.0000000000,0.0000000000,0.0000000000,0.1971045755,-0.0000000000
0.0000000000,-0.0000000000,0.0000000000,-0.0000000000,0.0000000000,-0.1676026666,0.0000000000,0.0000000000,-0.1060538726,-0.0000000000,0.2925773258,-0.0000000000,-0.0000000000,-0.3511635971,-0.4732699614,-0.0000000000,-0.2131541913,0.2442349730,-0.3760458714,-0.0000000000,-0.1014418977,-0.0000000000,-0.0000000000,-0.0056728741,-0.0000000000,-0.0484068409,0.0000000000,-0.0000000000,2.5959924949,-0.0000000000,0.0000000000,0.0000000000,0.0000000000,-0.0000000000,0.0000000000,0.0000000000,-0.4196321944,-0.0000000000,-0.0000000000,0.0000000000,-0.0000000000,-0.0000000000,0.0000000000,0.0000000000,0.1442305244,-0.0000000000,-0.0000000000,0.0000000000,0.0000000000,-0.0211669331,-0.0000000000,-0.0000000000,0.0000000000,0.0000000000,-0.0000000000,-0.0000000000,0.0000000000,-0.0000000000,-0.0000000000,-0.1644982403,-0.0000000000,0.0000000000,-0.0510567771,0.0000000000,-0.0000000000,0.0000000000,0.0000000000,-0.0000000000,-0.0000000000,-0.0000000000,-0.2634455916,-0.0000000000,0.0000000000,-0.0000000000,-0.0000000000,-0.0000000000,-0.6012486856,-0.0000000000,0.0000000000,-0.0000000000,0.0000000000,-0.0000000000,-0.0000000000,-0.0000000000,-0.0000000000,0.0000000000,-0.0559308980,0.0000000000,-0.2690037022,-0.0000000000,-0.0000000000,-0.1041220984,-0.0000000000,0.0000000000,0.0000000000,0.0830992667,-0.0000000000,-0.0000000000,-0.0000000000,-0.0342169545
