2.277348219424040643e+00,0.000000000000000000e+00,0.000000000000000000e+00.1,0.000000000000000000e+00.2,-0.000000000000000000e+00,0.000000000000000000e+00.3,0.000000000000000000e+00.4,-0.000000000000000000e+00.1,0.000000000000000000e+00.5,0.000000000000000000e+00.6,0.000000000000000000e+00.7,1.094763820852915487e-02,7.283525166063652134e-02,0.000000000000000000e+00.8,-0.000000000000000000e+00.2,-4.101625844080172278e-01,0.000000000000000000e+00.9,-0.000000000000000000e+00.3,1.017905711817632813e-01,-0.000000000000000000e+00.4,0.000000000000000000e+00.10,-0.000000000000000000e+00.5,-0.000000000000000000e+00.6,7.686796678774841796e-02,-0.000000000000000000e+00.7,-0.000000000000000000e+00.8,3.839133432867895823e-02,0.000000000000000000e+00.11,2.083286549378199348e-01,-6.810177169322832735e-02,-0.000000000000000000e+00.9,-6.241244652611512844e-01,-3.730931954346251578e-01,0.000000000000000000e+00.12,0.000000000000000000e+00.13,0.000000000000000000e+00.14,0.000000000000000000e+00.15,-0.000000000000000000e+00.10,-0.000000000000000000e+00.11,-0.000000000000000000e+00.12,-0.000000000000000000e+00.13,0.000000000000000000e+00.16,-0.000000000000000000e+00.14,-2.246881247599656628e-01,0.000000000000000000e+00.17,-0.000000000000000000e+00.15,0.000000000000000000e+00.18,0.000000000000000000e+00.19,0.000000000000000000e+00.20,0.000000000000000000e+00.21,-3.741271409092041256e-01,-0.000000000000000000e+00.16,0.000000000000000000e+00.22,-0.000000000000000000e+00.17,0.000000000000000000e+00.23,4.104311951339559283e-01,-1.519495386152676097e-01,0.000000000000000000e+00.24,-0.000000000000000000e+00.18,-0.000000000000000000e+00.19,1.038477206330175456e-01,0.000000000000000000e+00.25,0.000000000000000000e+00.26,0.000000000000000000e+00.27,0.000000000000000000e+00.28,0.000000000000000000e+00.29,0.000000000000000000e+00.30,-0.000000000000000000e+00.20,-0.000000000000000000e+00.21,-0.000000000000000000e+00.22,0.000000000000000000e+00.31,-0.000000000000000000e+00.23,0.000000000000000000e+00.32,1.875257792781719612e-01,0.000000000000000000e+00.33,-0.000000000000000000e+00.24,1.245458112666375100e-01,-0.000000000000000000e+00.25,0.000000000000000000e+00.34,-4.914026088336815312e-01,0.000000000000000000e+00.35,8.072879572399088710e-02,1.715806114923574266e-01,0.000000000000000000e+00.36,0.000000000000000000e+00.37,0.000000000000000000e+00.38,1.041136623965761981e-01,3.524463135027161576e-01,-0.000000000000000000e+00.26,-0.000000000000000000e+00.27,-0.000000000000000000e+00.28,-0.000000000000000000e+00.29,0.000000000000000000e+00.39,2.004410211059548808e-01,-1.069353353952620655e-01,-0.000000000000000000e+00.30,-0.000000000000000000e+00.31,0.000000000000000000e+00.40,0.000000000000000000e+00.41,0.000000000000000000e+00.42
0.0,4.2709052087477515,-0.47536451498473137,-0.42196383894067824,-0.8907848341546928,-0.0,-0.2357383429792572,-0.0,-0.0,0.0,0.0,0.10254307324482964,0.3507802086543878,0.0,-0.0,-0.6600543095368718,0.0,0.0,-0.0,0.05417163073973708,0.23481557953362256,0.0,0.0,-0.0,0.17468567180291292,0.2544875557838045,0.0,0.0,-0.0,0.0,-0.0,-0.0,-0.0,0.0,0.0,0.0,-0.0,0.0,0.0,-0.0,-0.0,0.0,0.0,0.0,-0.27308751564511635,-0.0,0.0,-0.12470650658108853,-0.0,-0.0,-0.0,-1.2077001824936833,-0.0,-0.0,-0.0,-0.0,0.015734938068121262,-0.0,-0.0,-0.0,0.0,-0.0,0.0,-0.0,-0.0,-0.0,-0.0,0.0,0.0,0.0,0.0,-0.18749476674969567,-0.0,-0.0,-0.0,-0.0,0.0,0.0,-0.030501332546086765,-0.0,-0.0,0.0,-0.03246182780369555,-0.0,0.0,-0.0,-0.0,-0.0,0.0,-0.0,-0.0,-0.0,-0.0,0.0,0.0250347739503516,0.0,-0.0,-0.0,-0.0,0.0
0.0,-0.47536451498473137,3.753535543124225,-0.0,-0.9068810604872111,-0.47978442927153575,-0.0,-0.0,-0.21810800784613937,-0.0,-0.3631683316043822,0.0,0.0,-0.0,-0.0,-0.0,0.0,0.0,-0.0,0.1083303776292124,0.0,0.0007956910447406069,0.0,0.0,0.19044228423342785,0.0,0.0,-0.0,-0.0,0.0,0.0,0.0,0.0,0.0,0.0,0.0,-0.0,0.0,0.0,0.0,0.09324883332626845,0.0,0.04178957998877597,0.236479760783736,-0.0,-0.0,0.0,-0.0,-0.2064592350552836,-0.0,-0.0,-0.433183639577597,-0.0464743725248622,-0.0,-0.0,-0.7545748768211397,0.3124524723594177,-0.0,-0.0,0.0,0.0,-0.0,-0.0,-0.0,-0.0,-0.0,0.0,0.0,0.0,0.32547989986709375,0.0,0.0,-0.0,-0.0,0.0,-0.0,-0.0,-0.0,0.0,0.0,-0.0,0.0,-0.006860299232526921,-0.0,-0.0,-0.0012723313398419424,-0.0,-0.0,0.0,-0.0,-0.0,-0.0,-0.0,0.0,0.06675355665630961,0.0,-0.0,-0.0,-0.0,0.0
0.0,-0.42196383894067824,-0.0,3.5606728018960694,-0.8279439417825097,0.0,-0.0,-0.2178608153739882,-0.0,-0.0,-0.0,-0.0,0.21608353821228807,-0.0,-0.0,-0.42280890689940126,-0.0,-0.0,-0.0,0.0,0.0,-0.0,0.14521316469337295,-0.00570995424219422,0.0,-0.0,0.3094763829805291,-0.0,-0.0,0.0,-0.0,-0.0,-0.0,-0.03735193350309705,0.12103977923524421,0.0,-0.0,-0.0,0.0,-0.1782302895837857,-0.0,0.09755614136630472,0.0,0.21826261857746393,-0.0,0.0,0.0,-0.0,0.0,-0.0,0.021383256147591304,-0.0,-0.0,-0.8439793635752105,0.0,-0.0,0.14843952997324683,-0.0,0.005921923501254771,-0.0,0.0,0.0,-0.0,-0.432066954184919,-0.0,-0.0,0.0,-0.0,0.0,0.0,0.0,-0.0,-0.06820468048910598,0.0,-0.0,-0.030263942385292925,0.0,0.0,-0.0,0.0,-0.0,0.0,-0.0,-0.0,-0.0,-0.19124094248800305,0.10824092310965475,0.0,-0.0,-0.0,0.005637452872903337,0.0,0.0,0.0,0.0,0.0,0.0,-0.0,-0.0,0.02803751292755284
-0.0,-0.8907848341546928,-0.9068810604872111,-0.8279439417825097,3.85521005094514,-0.4418789377151863,-0.0,-0.03407459992115805,-0.0,-0.0,-0.0,0.0,0.056940878906387264,-0.0,-0.0,-0.0,-0.0,-0.0,-0.0,0.0,0.0,0.0,-0.0,-0.0,0.0,0.0,0.0,-0.0,-0.0,-0.0,-0.0,0.0,-0.0,-0.0,0.0,0.04981707911908149,-0.2819825404903608,0.0,0.0,-0.0,-0.0,0.0,0.0,0.0,-0.0,-0.0,0.0,-0.0,-0.1784992900980834,-0.0,0.0,-0.0,0.0,-0.5267887337322358,-0.0,-0.0,0.0,-0.27280961910099794,0.0,0.0,0.0729779320929448,0.1486612802668472,0.03168555996799529,0.0,0.0,-0.0,0.0,0.029664165081507023,0.0,0.0,0.04421906097199128,0.0,-0.0,-0.0,0.0,0.0,-0.0,-0.032500976439305836,-0.0,-0.13478357658023107,-0.0,0.0,-0.0,0.0,0.0,-0.0,-0.0,-0.0,-0.0,-0.0,-0.0,-0.0,0.0,0.0,0.0,0.0,0.0,-0.0,-0.0,0.0
0.0,-0.0,-0.47978442927153575,0.0,-0.4418789377151863,3.0057172129603287,-0.16905377001746555,0.0,-0.4876915246102768,-0.0,-0.35057168612006534,-0.002930058848857588,0.0,-0.0,0.0,0.0,0.0,0.0,-0.0,0.0,0.0,0.03631246773981432,-0.0,-0.3118915736210238,0.0,0.0,-0.0,0.0,-0.0,0.0,0.0,0.008814347845877722,0.0,0.0,-0.1661387977699204,0.0,-0.10002124504194244,0.0,-0.0,-0.0,-0.0,-0.0,0.0,0.0,0.0,-0.06143161169561016,0.0,-0.0,-0.0,-0.12352110198081952,-0.0,-0.0,-0.0,0.0,-0.6623751727167295,-0.1274370389798687,0.0,-0.0,-0.0,0.1146519618537781,0.0,0.04278868017010664,0.0,0.0,0.0,0.0,0.0,0.12910294289412572,0.0,0.0,0.0,0.16303542047961683,0.0,-0.0,0.03425980722722949,0.0,-0.0,0.0,0.29023684314804166,-0.0,-0.0,-0.0,-0.0,0.0,-0.0,0.0,-0.3551220421040007,-0.0,-0.0,-0.0,-0.0,0.0,0.0,0.0,0.0,0.0,-0.0,-0.0,-0.0,0.0
0.0,-0.2357383429792572,-0.0,-0.0,-0.0,-0.16905377001746555,2.631764898017324,0.0,-0.0,-0.0,-0.0,0.0,0.0,-0.009300878454531385,-0.07599875205585807,-0.3375977760554271,0.0,0.0,-0.337959437218648,0.0,0.0,0.0,-0.0,-0.5980415976419052,0.0,0.0,-0.047893069858343365,0.0,-0.04945633683278583,-0.0,0.0,0.0,0.0,-0.0,-0.0,-0.0,0.0,-0.0,-0.0,-0.1637533805210885,-0.7515051655622726,-0.0,0.0,-0.0,-0.0,-0.0,-0.0,-0.0,-0.0,-0.18108798135492113,-0.06518528925183781,-0.0,-0.0,0.0,0.0,-0.16652379109002313,0.030077499985038798,0.1518802223135279,0.0,-0.0,-0.0,-0.0,-0.0,-0.0,-0.13386540328148583,-0.0,0.0,0.0,0.0,-0.0,-0.0,0.0,-0.0,0.0,0.0,0.0,0.0,-0.0,0.052892047290839295,0.06477419658715905,0.0,0.0,0.0,0.0,0.0,0.0,-0.0,0.0,-0.0,0.0,0.0,0.0,0.1189953552421073,0.0,0.0,0.0,-0.0,0.0,-0.00740607525127636,-0.0
-0.0,-0.0,-0.0,-0.2178608153739882,-0.03407459992115805,0.0,0.0,2.7463784853310305,-0.03150139162228593,0.0,0.17996942962613907,-0.0,0.0,0.0,0.0,-0.0,-0.0,-0.4163621534774654,-0.0,-0.0,0.0,-0.1552290137851143,0.0,-0.0,0.0,-0.0,0.0,-0.0,-0.08941615807624294,0.0,-0.021761393072581518,-0.0,-0.0,-0.1547108674608502,0.387873803920705,-0.0,-0.0,-0.0,0.06312579697986126,0.0,-0.0,0.16859772444266247,0.0,0.2888244551817986,-0.0,0.0,-0.0,-0.0,0.0,-0.0,0.0,0.15421581799429893,-0.0,-0.0,0.0,0.0,-0.26758362161412613,-1.326922774549095,0.0,0.0,0.0,0.1383250979240547,-0.0,-0.0,0.0,-0.0,-0.0,0.0,-0.010418976948482112,-0.0,-0.0,-0.0,-0.0,0.0,-0.0,0.0,-0.13344820779817265,-0.0,-0.0,-0.18882109639572944,-0.05275133068237087,-0.0,-0.0,0.0,-0.0,-0.0,0.0,-0.0,-0.0,-0.0,-0.0,-0.0,0.0,0.043901122656207006,0.0,0.0,0.0,-0.05720172395689688,0.0,0.0
0.0,-0.0,-0.21810800784613937,-0.0,-0.0,-0.4876915246102768,-0.0,-0.03150139162228593,2.8192961722235914,-0.0,0.0,-0.0,0.0,-0.0,-0.0,-0.0,0.0,-0.0,-0.16816092145458497,-0.0,-0.06721973962541247,-0.0,0.0,-0.0,0.039920886123639136,-0.0,-0.0,-0.0,-0.18249860424689116,0.0,0.0,0.0,0.03111721709807797,-0.0,0.0,-0.0,-0.0,0.0,0.0,-0.0,-0.0,0.0,0.0,0.0,-0.0,-0.0,0.010734349684422525,-0.0,-0.0,-0.0,-0.09710476452381779,-0.0,-0.0,-0.0,-0.0,-0.0,-0.0,-0.8045143746620601,-0.29924635522059334,0.0,-0.14471535537108776,-0.0,-0.0,-0.1106808503732002,-0.38321001019166806,-0.0,-0.0,-0.0650094173966567,-0.2389860065060762,-0.0,-0.2374676501795867,-0.0,-0.0,-0.0,-0.05856997748108583,-0.0,-0.0,-0.0,0.0,-0.0,-0.0,-0.13242791040526872,-0.0,-0.0,-0.0,-0.0,-0.0,-0.0,-0.0,-0.0,-0.0,-0.0,-0.0,-0.0,0.0,0.0,-0.0,-0.0,-0.0,-0.0
0.0,0.0,-0.0,-0.0,-0.0,-0.0,-0.0,0.0,-0.0,2.166066132163585,-0.051853555396744015,-0.2838877219920172,-0.0,-0.0,0.0,0.0,-0.20667043145383107,0.0,-0.01431573673834998,-0.0,-0.0,0.0,-0.0,-0.4495061051129616,-0.0,-0.2782794712746008,-0.0,-0.2701441424296276,-0.0,-0.0,0.04076927598689396,-0.0,0.0,-0.10629761834479316,0.0,-0.0,0.0,0.1738761517662902,-0.0,-0.0,0.0,0.0,0.0,-0.0,0.0,0.0,0.0,0.0,0.0,0.0,-0.0,0.0,0.0,0.01614610918436858,0.0,-0.0,0.0,0.0,-0.0,0.0,-0.0,0.0,-0.0,0.0,0.0,0.07101669892444121,0.2245235917835684,-0.0,0.0,0.0,0.0,0.008117223342582405,-0.12183992038197784,0.0,0.0,-0.0,-0.0,-0.30786458484272133,0.18266470668741977,0.07181720149436337,0.0,-0.0,-0.0,-0.1527323885310712,-0.2625327142484794,-0.0,-0.0,-0.0,-0.02626529570033019,0.0,0.0,0.0,0.0,-0.0,-0.37111738720592063,-0.0,0.0,-0.0,-0.0,0.0
0.0,0.0,-0.3631683316043822,-0.0,-0.0,-0.35057168612006534,-0.0,0.17996942962613907,0.0,-0.051853555396744015,2.5034336908316273,-0.4099426067773486,0.0,-0.2324859355467028,-0.0,0.0,0.0,0.0,-0.0,0.0,0.0,0.0,0.0,-0.2592697202619839,-0.0,-0.0,-0.0,-0.0,-0.0,-0.0,0.041775293223479205,0.2513231769145165,0.0,0.0,-0.0,-0.0,-0.14581174997100316,0.128802172987617,-0.0,-0.0,0.0,-0.0,0.03046176229640037,0.0,0.28055098083927554,0.0,0.0,0.11166792116286084,-0.0,-0.0,0.0,-0.0,-0.0,-0.0,0.0,-0.3513481076771423,0.07976474003380056,0.0,0.0,-0.0,-0.0,-0.0,0.0,0.0,0.0,0.0,0.19532339402467647,0.0,0.2490454030515389,0.0,0.025952886751553557,0.12951937470062666,-0.0,0.0,0.05880154218802557,-0.17020864827910792,0.0,0.0,0.23059132467536397,0.3582994699467522,0.0,0.0,0.0,-0.0,-0.0,0.0,-0.0,0.0,-0.0,0.0,-0.0,0.0,-0.0,0.0,0.0,-0.0,-0.0,0.0,-0.0,0.0
0.010947638208529153,0.10254307324482964,0.0,-0.0,0.0,-0.002930058848857588,0.0,-0.0,-0.0,-0.2838877219920172,-0.4099426067773486,2.2424166481086645,-0.0,-0.0,0.0,0.0,-0.08922160307810055,-0.0,-0.0,-0.0,-0.07551234195425006,-0.09652175247198547,0.0,-0.2179032019622814,-0.30208970290399983,-0.7010395773219859,-0.0,-0.0,0.0,-0.0,0.0,0.06240737791308889,0.0024635611812408114,-0.04903862206716991,0.0,-0.031176143310131417,-0.0,0.0,-0.3240297891531842,-0.10757563545948905,-0.0,-0.0,-0.0,0.0,0.0,0.0,0.0,0.0,-0.0,-0.0,0.06903412557499017,0.0,-0.0,-0.0,0.0,-0.0,-0.04328537580253701,-0.02992801979482072,0.0,-0.3526592893398822,-0.00747827245594608,-0.0,0.025926068291388146,0.0,0.0,0.0,-0.0,-0.15572690236022327,0.0,-0.0,-0.0,0.0,-0.0,-0.0,-0.0,-0.04178035890664007,-0.08501636548894614,0.0,0.0,0.0,0.0,-0.0345648451159135,0.0,-0.0,-0.0,0.1793175242866828,-0.0,-0.0,-0.1794362732866626,-0.0,-0.0,-0.0,-0.0018209044095008407,-0.0,0.0,-0.09562779525362333,-0.0,0.0,-0.0,-0.0
0.07283525166063651,0.3507802086543878,0.0,0.21608353821228807,0.056940878906387264,0.0,0.0,0.0,0.0,-0.0,0.0,-0.0,3.158244804418435,-0.002716670640892476,-0.0,0.04596315891902538,-0.6268205580152536,0.0,-0.0,-0.0,-0.23510305063263423,-0.7996610621334839,-0.15660476398873055,0.0,-0.0,0.0,-0.01757570704044596,-0.0,0.09371913289845799,-0.22633864116872204,0.11909377052365099,0.0,0.0,0.0,-0.97521056614416,-0.0,0.0,-0.0,-0.08044135875171059,0.026642616055638554,0.08069922826768831,-0.0,-0.0,0.0,-0.0,-0.0,-0.0,0.20711486058230327,0.0,0.0,0.16978978180158108,0.0,-0.0,0.0,-0.0,0.0,-0.0,0.04676602852540432,0.0,0.0,-0.0,-0.0,-0.0,0.0,0.0,-0.0,-0.0,-0.0,-0.0,-0.02231082851940664,-0.0,0.0,-0.0,0.0,-0.0,0.0,-0.0,-0.040119589552639216,0.0,0.19593931376354556,-0.0,0.0,0.0,0.009649464260729181,-0.0,-0.0,-0.0,0.0,0.0,0.0,0.0,0.015806310796867586,0.0,0.0,0.1309332357615396,0.0,-0.0,-0.07406534249886337,0.0,0.0
0.0,0.0,-0.0,-0.0,-0.0,-0.0,-0.009300878454531385,0.0,-0.0,-0.0,-0.2324859355467028,-0.0,-0.002716670640892476,3.7786383722863106,-0.580589223772663,0.0,-0.5112754523980301,0.0,-1.2381732413324587,0.0,-0.0,-0.0,-0.4400956199265837,-0.0,0.0,0.0,-0.11443338356398151,-0.0,-0.0,-0.0,0.0,0.0,0.0,-0.0,-0.0,0.0,-0.0,0.0,0.0,-0.0,0.0,-0.0,0.0,0.0,-0.0,0.0,-0.0,-0.0,-0.1427052944975463,-0.0953516484290146,0.0,-0.0,-0.0,0.0,0.0,-0.0,0.0740707832677576,0.2356696692090323,0.0,0.0,-0.0,-0.10062687968405996,-0.0,-0.0,-0.03586347882703572,-0.33023694038264134,0.0,-0.0,-0.0,0.019620014095485805,-0.0,-0.0,-0.20602743760889605,0.0,0.0,0.0,-0.0,-0.5507889157238172,0.0,0.08453165300217713,0.0,0.0,0.0,-0.0,-0.0,-0.0,-0.24972492047595576,-0.0,0.030761124784692152,0.1596953202535555,0.0,0.0,0.030898503052035647,0.0,0.0,0.08259845505452515,0.0,-0.0,-0.0,0.0
-0.0,-0.0,-0.0,-0.0,-0.0,0.0,-0.07599875205585807,0.0,-0.0,0.0,-0.0,0.0,-0.0,-0.580589223772663,3.726388626419827,-0.3334023759840764,-0.0,-0.3803143152829183,-0.0,-0.1078872190686652,-0.5741160450841083,-0.0,-0.09713256533692607,0.0,-0.0,0.08555972110370971,-0.0,-0.0,-0.0,-0.0,-0.0,-0.0,-0.0,-0.367414184487968,0.0,-0.0,-0.0,-0.0,0.0,0.0,0.0,-0.0,0.0,-0.0,-0.0,0.0,0.0,0.0,-0.0,-0.0,-0.0,-0.0,-0.0,-0.4029903125800576,0.0,-0.0,0.0,0.0,0.09766474408276467,-0.02366005204755318,-0.0,-0.0,-0.0,-0.4106622434375993,-0.0,-1.116446799086534,-0.0,-0.0,-0.0,-0.0,-0.0,0.0,-0.11236145634654332,0.0,-0.0,-0.0,-0.0,-0.0,0.0,0.0,-0.0,0.14074757159499707,-0.0,0.0,0.0,-0.0,0.0,0.0,0.0,0.0,0.1911457456156604,0.0,0.0,0.0,0.0,0.19557493361869388,0.0,-0.0,-0.05300726248009071,0.0
-0.4101625844080172,-0.6600543095368718,-0.0,-0.42280890689940126,-0.0,0.0,-0.3375977760554271,-0.0,-0.0,0.0,0.0,0.0,0.04596315891902538,0.0,-0.3334023759840764,3.506845836101201,0.0,-0.0,0.0,-0.0,0.0,-0.0,0.0,0.0,0.14297737304823135,0.0,0.09309015225398416,0.0,0.0,-0.0,-0.0,-0.0,-0.5765908114996368,-0.0,0.053834933769344326,-0.1795234975911279,0.0,-0.0,0.0,-0.248113619624499,-0.0,0.27546197242591886,-0.0,-0.0,-0.0,-0.0,0.0,-0.0,-0.0,-0.0,-0.014351331902040451,-0.4177174218205773,-0.0,-0.19411065118959253,-0.0,-0.0,0.0,0.0,0.0,-0.0,0.0,-0.0,-0.0,-0.22682610980377435,-0.0,-0.0,-0.0,-0.0,0.0,0.0,0.0,-0.0,-0.37343254940734233,0.0,-0.0,0.0,0.29066420478028737,0.0,-0.0,-0.0,-0.0,0.0,-0.0,-0.0,-0.0,-0.0,0.0,0.3903426458846772,-0.0,-0.0,-0.0,-0.0,-0.0,0.0,0.0,-0.0,0.0,0.0,-0.34646715635378156,0.0
0.0,0.0,0.0,-0.0,-0.0,0.0,0.0,-0.0,0.0,-0.20667043145383107,0.0,-0.08922160307810055,-0.6268205580152536,-0.5112754523980301,-0.0,0.0,2.128434039095029,0.0,-0.0,-0.0,-0.0,-0.0,-0.4931716643927848,-0.026665577574476063,-0.0,0.0,-0.0,-0.0,0.0,-0.0,-0.0,-0.0,0.0,-0.0,-0.0,0.0,0.0,0.0,0.0,-0.0,0.0,-0.0,-0.0,-0.0,-0.02271407439477579,0.0,-0.0,0.0,-0.06684045678473839,-0.0,0.0,0.0,0.0,-0.0,0.02499368723139824,0.0,-0.0,0.0,0.0,-0.0,-0.0,0.0,0.0,0.0,0.0,-0.0,-0.0,-0.0,-0.0,0.0,0.0,-0.0,-0.0,0.0,-0.0,-0.0,-0.036088519266333,-0.0,-0.0,0.0,-0.050114377422673766,0.0,-0.0,0.0,-0.0,-0.0,0.0,-0.0,0.0,0.0,0.08305758871977735,-0.0,0.0,0.0,0.0014381478544268976,0.0,0.0,-0.1479282824993893,-0.0,-0.10054793410684475
-0.0,0.0,0.0,-0.0,-0.0,0.0,0.0,-0.4163621534774654,-0.0,0.0,0.0,-0.0,0.0,0.0,-0.3803143152829183,-0.0,0.0,3.0970198871133614,0.0990424456767139,-1.026255162727018,-0.0,-0.21438509849297344,-0.0,0.0,-0.022949426025428987,-0.0,0.0,-0.0,-0.0,-0.083190692413658,-0.0,-0.0,-0.23401493885700725,-0.8608450452679209,0.0,-0.0,-0.0,-0.0200077322245122,0.0,0.0,-0.0,0.0,-0.0,0.0,-0.0,0.0,0.0,0.0,0.0,0.0,-0.0,0.0,0.0,-0.21031807081087028,-0.1219421102003016,0.0,-0.210166328425256,-0.0,0.0492857848154709,0.0,0.0,0.13162539051257977,0.0,0.0,0.09314542028018273,0.0,-0.0,0.0,-0.0,-0.2793443456216981,-0.0,0.13208139714748088,-0.0,0.0,0.0,0.0,-0.0,0.0,0.0,-0.41910263926986496,-0.0,0.0,-0.0,0.05600054240423909,0.0,0.0,0.0,0.0,-0.0,0.0,0.0,0.0,-0.0,0.0,0.0,0.0,0.0,-0.0,-0.0,0.08413705620544329
0.10179057118176328,-0.0,-0.0,-0.0,-0.0,-0.0,-0.337959437218648,-0.0,-0.16816092145458497,-0.01431573673834998,-0.0,-0.0,-0.0,-1.2381732413324587,-0.0,0.0,-0.0,0.0990424456767139,3.2877161480059383,0.0,-0.0,-0.0,-0.0,-0.12769137168044525,0.0,0.0,-0.011257186021028544,-0.0,-0.5525925416903569,0.17891572957471263,0.0,0.0,0.06070277492485212,-0.09417548563848499,-0.0,0.0,-0.0,0.0,0.0,-0.0,0.0,-0.0,0.0,0.0,-0.0,0.0,-0.0,-0.07836980601011574,-0.0,0.0,0.0,0.0,-0.0,0.0,0.26292367760619234,-0.0,0.0,-0.0,0.0,0.0,-0.0,-0.0,-0.17475475870372909,-0.44832322346182607,-0.12287770216130418,-0.12942783893612,0.0,-0.0,-0.2862992977346344,0.0,-0.0,-0.0,-0.0,0.0,0.0,-0.0,-0.0,-0.0,0.0514044320864778,0.20158436358381832,0.0,-0.0,0.0,-0.0,-0.0,-0.0,-0.20761868248103169,-0.0,0.0923439451110592,0.04513361692640247,0.107539248385154,-0.0,0.0,0.0,0.0,0.06153650588560604,0.0,-0.0,-0.0,0.0
-0.0,0.05417163073973708,0.1083303776292124,0.0,0.0,0.0,0.0,-0.0,-0.0,-0.0,0.0,-0.0,-0.0,0.0,-0.1078872190686652,-0.0,-0.0,-1.026255162727018,0.0,4.59126670391611,-1.867349716642484,-0.0,-0.0059361926859586404,0.0,-0.0,-0.0,-0.0,-0.0,-0.0,-0.06209223504414083,-0.0,-0.0,-0.0,-0.010285941565749471,0.0,-0.4113184251076816,0.0,-0.011880905451845634,-0.0,0.0,0.0,-0.0,-0.0,-0.27602307386372266,-0.0,0.0,0.0,0.0,0.0,0.0,-0.08744505438504636,0.0,-0.0,-0.0,-0.0,-0.0,-0.3819717094159139,0.0,0.15563777630743253,-0.0,0.0,-0.0,-0.0,-0.0,0.0,-0.0,-0.2330238148587765,-0.0,-0.0,-0.5431072276693513,-0.2893751469312588,0.0,-0.0,0.0,0.0,0.2799597247849549,-0.0,-0.0,0.0,0.0,0.0,-0.0,-0.0,-0.0,-0.0,0.0,0.0,0.20933568230323596,-0.0,0.0,0.0,-0.0,-0.04576203002875892,-0.0,0.0,-0.0,-0.0,-0.0,-0.0,0.0
0.0,0.23481557953362256,0.0,0.0,0.0,0.0,0.0,0.0,-0.06721973962541247,-0.0,0.0,-0.07551234195425006,-0.23510305063263423,-0.0,-0.5741160450841083,0.0,-0.0,-0.0,-0.0,-1.867349716642484,4.717174208458432,-0.375308500175106,-0.22233052163363012,0.0,-0.0,-0.0,-0.19062096275456827,-0.0,-0.0,-0.0,-0.0,-0.0,0.20963743908528903,-0.18027397208574109,-0.0,-0.0,0.0,0.0,-0.0,0.0,0.0,-0.0,-0.0,-0.0,-0.0,0.0,0.0,0.0,-0.0,0.0,-0.0,0.0,-0.0,-0.0,-0.0,0.0,-0.0,0.0,0.0,-0.0,-0.04332504340445716,-0.22963885942826567,-0.01776257359895397,-0.0,-0.0,-0.0,-0.0,-0.05083120344842068,-0.13623967853766802,-0.17348049617739902,-1.0479910914052306,0.0,-0.17095878566200068,0.0,-0.0,0.0,-0.007810249148995331,-0.0,0.0,0.0,0.0,-0.0,-0.0,-0.0,-0.0,0.0,0.0,0.0,-0.0,0.008416968295640162,0.0,-0.0,-0.028766256761272577,-0.0,0.0,-0.0,-0.0,-0.0,-0.0,-0.0
-0.0,0.0,0.0007956910447406069,-0.0,0.0,0.03631246773981432,0.0,-0.1552290137851143,-0.0,0.0,0.0,-0.09652175247198547,-0.7996610621334839,-0.0,-0.0,-0.0,-0.0,-0.21438509849297344,-0.0,-0.0,-0.375308500175106,2.935695084524994,0.0,-0.0,-0.1064752036131554,-0.0,0.0,-0.14541539016881647,0.5496719972822599,-0.0,-0.0,-0.0,-0.0,-0.16339333542432818,-0.0,0.0,0.0,-0.0,0.0,-0.048122933502708166,0.0,0.0,-0.15673563458334827,0.0,-0.0,-0.0,-0.2910500684549758,0.0,0.3401333031467636,0.09096442544204589,0.4555070607574999,0.0,-0.0,-0.0,0.0,0.0,-0.0,-0.0,0.0,0.0,-0.0,-0.016378028517793828,-0.10340620502483051,-0.0,0.0,0.0,-0.0,-0.7254939179206439,-0.0,-0.007343775135179699,-0.0,-0.0,-0.2674984735386083,0.01767986514294198,-0.0,-0.0,-0.0,-0.0,-0.0,0.0,-0.01305623921733178,0.0,0.0,0.0,-0.07159786533865208,-0.0,0.0012252783188161462,-0.0,0.0,0.14681687367137675,0.0,0.0,-0.0,0.02654869369872036,0.33383485025039267,0.0,0.0,-0.12281650658824128,0.0,0.0
-0.0,0.0,0.0,0.14521316469337295,-0.0,-0.0,-0.0,0.0,0.0,-0.0,0.0,0.0,-0.15660476398873055,-0.4400956199265837,-0.09713256533692607,0.0,-0.4931716643927848,-0.0,-0.0,-0.0059361926859586404,-0.22233052163363012,0.0,3.859354312455269,-0.0,-0.0,0.28057573374456446,-0.17161940382415408,0.0,-0.0,-1.5855590747244106,-0.0,-0.0,0.0,-0.0,-0.0,-0.0,0.02062731225788487,-0.0,0.0,0.0,-0.0,-0.0,-0.0,-0.04362144252474611,-0.010394062631975728,0.0,-0.0,0.0,-0.337405579187247,-0.06443341530091584,-0.11380535758642404,-0.0,0.0,0.0,-0.0,0.0,-0.0,0.23510290941758352,0.0,0.0,-0.0,0.0,0.01889641379640476,0.1237092161735668,0.0,-0.12988519846522023,-0.0,0.05746098362200471,-0.0,-0.0,0.0,0.0,-0.0,0.0,0.0,0.1880165624020804,-0.21801955867413927,-0.6955134078016052,0.0,-0.0,-0.0,0.0,-0.0,0.3934343547268495,0.11000366761397216,0.0,-0.0,0.0,-0.0,0.0,0.0,0.0,0.0,0.0,0.0,0.0,-0.0,-0.0,-0.0,-0.020236664588602883
0.07686796678774842,-0.0,0.0,-0.00570995424219422,-0.0,-0.3118915736210238,-0.5980415976419052,-0.0,-0.0,-0.4495061051129616,-0.2592697202619839,-0.2179032019622814,0.0,-0.0,0.0,0.0,-0.026665577574476063,0.0,-0.12769137168044525,0.0,0.0,-0.0,-0.0,2.3890509369094977,-0.0,0.0,-0.0,0.0,-0.0,0.0,0.0,0.0035368761021023778,0.0,-0.4897399171175097,-0.13543275875587582,0.0,-0.0,0.06204360180778454,0.0,-0.312018352244368,-0.16815501693837995,0.0,0.0,0.0,0.0,0.0,-0.0,0.13425329059909163,0.0,-0.0,0.0,0.0,0.0,0.09898631796802684,0.0,-0.0,0.0,0.0,0.0,0.0,0.0,0.0,0.14394862705518388,0.1020607715653381,0.0,0.0,0.0,0.0,0.0,-0.0,0.0,0.0,-0.0,0.0,0.0038795264683712098,-0.0,-0.0,0.0,0.0,0.0,-0.0,0.0,0.0,0.0,-0.0,0.0,-0.05223411397843033,-0.0,-0.0,0.0344526104560814,0.0,0.0,0.09009502237126242,0.1579805372331984,0.0,0.0038462321979805137,-0.0,0.0,-0.0,0.0
-0.0,0.17468567180291292,0.19044228423342785,0.0,0.0,0.0,0.0,0.0,0.039920886123639136,-0.0,-0.0,-0.30208970290399983,-0.0,0.0,-0.0,0.14297737304823135,-0.0,-0.022949426025428987,0.0,-0.0,-0.0,-0.1064752036131554,-0.0,-0.0,2.1741407120880374,-0.0,0.0,0.0,0.0,0.0,0.0,-0.0,-0.0,-0.0,-0.017415438291632675,0.0,0.0,-0.0,-0.1400380047663001,-0.0,-0.0,-0.4367062964186717,-0.0,-0.0,0.0,0.0,-0.0,0.0,0.06215438678806913,0.16692373618446052,0.0769556509290583,0.02966706399794775,0.12419116424128132,0.0,0.11394933058324992,0.16055815510096025,-0.0,0.0,0.0,-0.0,-0.0,0.0,0.09346758323424947,0.0,0.13445554009290836,0.0,0.0,0.0,-0.0,-0.0,-0.0,0.0,0.0,0.0,-0.0,-0.1599188676425566,-0.00013225917660957115,0.0,-0.0,-0.0,-0.0,0.1988962049892584,0.0,0.0,0.0,0.0,0.0,-0.0,-0.0,0.0,0.0,-0.06241649781910572,0.0,0.0,-0.0,-0.0,0.0,-0.0,0.3163512736629002,0.0
-0.0,0.2544875557838045,0.0,-0.0,0.0,0.0,0.0,-0.0,-0.0,-0.2782794712746008,-0.0,-0.7010395773219859,0.0,0.0,0.08555972110370971,0.0,0.0,-0.0,0.0,-0.0,-0.0,-0.0,0.28057573374456446,0.0,-0.0,2.5315078558954918,0.0,-0.05111154740265472,-0.0,0.0,-0.0,0.0,0.0,0.0,0.18127942291964455,-0.13782568315695068,0.0,0.0069441347887491435,0.0,-0.0,0.1143649833561371,0.0,-0.0,0.0,0.163543299126669,0.09641468419086416,0.0,0.029404536744815996,0.0,0.0,0.0,0.166965192595658,-0.357891411504584,0.0,0.003699319109612503,-0.0,-0.18684812205655532,-0.20860863084109943,0.0,-0.0,-0.0,0.0,-0.0,-0.0,0.0,0.0,0.0,-0.0,-0.0,-0.0,-0.0,0.0,-0.0,0.0,-0.0,-0.0250004006904944,0.0,0.0,0.16119150884572184,0.09174032841283776,0.0,-0.012839829124958398,0.0,-0.0,-0.3422244568498597,0.0,0.3453399270076017,0.097430294382712,-0.0,0.0,-0.0,0.0,-0.0,-0.0,-0.0,-0.7038395048934403,0.0,0.2276766177091864,0.17372311904939264,0.025266128849673743
0.03839133432867896,0.0,0.0,0.3094763829805291,0.0,-0.0,-0.047893069858343365,0.0,-0.0,-0.0,-0.0,-0.0,-0.01757570704044596,-0.11443338356398151,-0.0,0.09309015225398416,-0.0,0.0,-0.011257186021028544,-0.0,-0.19062096275456827,0.0,-0.17161940382415408,-0.0,0.0,0.0,3.299987473502497,-0.047705677384373577,-0.0,-0.0,-0.0,-0.0,0.1716795638877076,-0.0,-0.7470572379344933,0.0,-0.0,-0.0,-0.0,-0.0,-0.06621128530042796,-0.4526775507822556,-0.0,-0.40296832888340334,-0.0,-0.0,-0.7222658090967009,-0.0,0.0,0.0,-0.0,0.00034621589822304535,0.0,0.1381779630404718,-0.0,-0.0,-0.0,0.0,-0.0,0.0,-0.0,-0.0,-0.0,0.0,-0.0,-0.0,0.0,0.0,-0.0,-0.08092565309575153,-0.0,0.0,0.0,-0.0,0.0,0.0,-0.01493093755053511,-0.08613411646312659,0.0,0.0,-0.0,-0.6408974535222456,-0.0,-0.0,-0.03023178861011337,-0.0,-0.0,-0.0,-0.0,0.0,0.0,0.0,0.0,-0.0,-0.0,-0.0,-0.18591441150933471,-0.0,-0.0,-0.0
0.0,0.0,-0.0,-0.0,-0.0,0.0,0.0,-0.0,-0.0,-0.2701441424296276,-0.0,-0.0,-0.0,-0.0,-0.0,0.0,-0.0,-0.0,-0.0,-0.0,-0.0,-0.14541539016881647,0.0,0.0,0.0,-0.05111154740265472,-0.047705677384373577,2.6599686455573748,0.0,-0.0,0.0,-0.0,-0.0,-0.0,-0.0,-0.0,-0.40582372136588785,0.0,-0.0,-0.0,0.0,0.0,0.0,-0.0,0.0,-0.0,-0.0,-0.0,0.0,0.0,0.0,0.26516085015548785,-0.0,-0.0,0.0,-0.0,0.0,-0.047263022785860885,-0.40298398586227824,0.0,-0.0,-0.0,-0.15756600972773804,-0.0,0.0,0.07512864898354206,0.069918963644082,-0.0,-0.17561455823262329,-0.0,0.0,0.0,0.0,-0.0,-0.0,-0.0,0.0,-0.0,-0.0,0.0,-0.12780785553455248,-0.0,-0.0,-0.5905628227576725,-0.0,-0.4041974726140238,0.0,-0.44138787909780086,-0.0,0.0,0.020086436326349048,0.0,0.0,-0.14095300939817637,-0.11547472822278276,-0.0,0.0,-0.0,-0.0,-0.0
0.20832865493781996,-0.0,-0.0,-0.0,-0.0,-0.0,-0.04945633683278583,-0.08941615807624294,-0.18249860424689116,-0.0,-0.0,0.0,0.09371913289845799,-0.0,-0.0,0.0,0.0,-0.0,-0.5525925416903569,-0.0,-0.0,0.5496719972822599,-0.0,-0.0,0.0,-0.0,-0.0,0.0,3.072009243540375,0.346473814206834,-0.0,0.0,0.0,-0.3421182649203553,0.0,-0.0,-0.29735312080064574,0.0,0.0,0.0,-0.12213519053696782,-0.0,0.0,-0.0,-0.0,0.0,0.0,-0.0,-0.0,-0.13706753748952732,-0.08361896330922415,0.0,-0.0,0.0,0.0,-0.11851218910171187,-0.0,-0.0,0.0,0.0,0.0,0.0,0.0,-0.0,-0.44683500027362005,-0.2066054958192604,-0.0,0.0,-0.25691720044133515,-0.0,-0.0,0.0,0.0,-0.1467060135891086,0.0,0.0,-0.35348107429556863,-0.0,0.0,-0.0,0.0,-0.29388864132064624,-0.0,-0.0,0.0,0.05615999289546392,-0.06691057237392989,-0.0,-0.01762147911928271,-0.0,0.0,-0.0,0.0,-0.0,-0.0,0.0,0.0,0.0,-0.0,-0.0
-0.06810177169322833,0.0,0.0,0.0,-0.0,0.0,-0.0,0.0,0.0,-0.0,-0.0,-0.0,-0.22633864116872204,-0.0,-0.0,-0.0,-0.0,-0.083190692413658,0.17891572957471263,-0.06209223504414083,-0.0,-0.0,-1.5855590747244106,0.0,0.0,0.0,-0.0,-0.0,0.346473814206834,2.9742399790766583,0.0,-0.0,-0.0,-0.0,-0.0,-0.015224507891274892,0.01040174760776772,-0.018453281996935272,-0.0,-0.0,0.0,0.0,-0.0,-0.0,-0.0,-0.0,0.0,0.03321204411350048,-0.09252527964632008,-0.0,-0.0,-0.04133575158554426,0.0,-0.05448106984358909,-0.000605894291506307,0.0,0.0,0.0,-0.0,-0.147960137717089,-0.0,-0.0,0.0,0.15560317699478615,0.024096113233696967,-0.0,-0.0,0.0,0.050138615192784494,-0.0,0.0,0.0,-0.603959481748332,0.0,-0.0,0.0,0.0,-0.4321995922450656,0.0,-0.0,-0.0,0.0,0.0,0.0,0.0,-0.0,0.0,0.0,-0.0,0.0,0.0,0.0,-0.0,0.0,-0.0,-0.0,-0.0,-0.0,-0.3348267645775871,-0.0
-0.0,-0.0,0.0,-0.0,-0.0,0.0,0.0,-0.021761393072581518,0.0,0.04076927598689396,0.041775293223479205,0.0,0.11909377052365099,0.0,-0.0,-0.0,-0.0,-0.0,0.0,-0.0,-0.0,-0.0,-0.0,0.0,0.0,-0.0,-0.0,0.0,-0.0,0.0,2.687395231807188,-0.21165083393795875,0.0,-0.0,0.0,-0.0,0.0,-0.0,0.0,-0.036225833596375205,-0.0,-0.04813159910563701,-0.15306127510610215,-0.0,-0.6147169803938086,-0.0,-0.0,-0.07607620693743998,-0.0,-0.0,-0.0,0.0,-0.0,-0.0,-0.0,-0.0,-0.17267754377306405,-0.06116268072875329,0.011464496870519293,-0.0,0.0,-0.0,-0.0,-0.0,0.0,-0.11964536175939829,-0.2846844701060211,0.0,-0.0,-0.0,-0.0,-0.3290486110285149,-0.0,-0.0,0.0,0.0,-0.0,0.0,-0.6188509651921511,-0.0,-0.0,-0.0,-0.0,0.0,0.0,0.0,0.15765146433435495,-0.0,-0.0,0.0,-0.001443632803347346,-0.04033611267318774,-0.0,0.0,0.3343009467142306,-0.44882453964313646,0.0,0.0,-0.0,-0.0
-0.6241244652611513,-0.0,0.0,-0.0,0.0,0.008814347845877722,0.0,-0.0,0.0,-0.0,0.2513231769145165,0.06240737791308889,0.0,0.0,-0.0,-0.0,-0.0,-0.0,0.0,-0.0,-0.0,-0.0,-0.0,0.0035368761021023778,-0.0,0.0,-0.0,-0.0,0.0,-0.0,-0.21165083393795875,2.6823548693121104,-0.12980682279020792,-0.0,0.0,0.0,0.0,-0.4583149974522285,-0.0,-0.16833112966526817,-0.0,0.0,-0.1321356359869311,-0.22287546605644404,-0.062675130406456,-0.0,-0.0,-0.0377290735653943,0.0,0.0,-0.0,-0.0,0.4051985584932445,-0.0,0.0,0.0,-0.0,-0.0,0.0,-0.0,0.0,-0.0,-0.0,-0.0,0.0,0.0,-0.0,0.0,0.0,-0.0,-0.0,-0.0,-0.0,0.0,0.0,0.0,-0.0,-0.0,-0.31656739484527974,-0.12996546485126104,-0.0,-0.0,-0.26938230802042,-0.1958997936784992,-0.0,-0.0,0.32659316015917955,-0.0,-0.13789814188907215,-0.0,0.0,-0.0,0.0,-0.0,-0.0,-0.0,-0.0,-0.13827371734757135,-0.0,-0.0
-0.3730931954346252,-0.0,0.0,-0.0,-0.0,0.0,0.0,-0.0,0.03111721709807797,0.0,0.0,0.0024635611812408114,0.0,0.0,-0.0,-0.5765908114996368,0.0,-0.23401493885700725,0.06070277492485212,-0.0,0.20963743908528903,-0.0,0.0,0.0,-0.0,0.0,0.1716795638877076,-0.0,0.0,-0.0,0.0,-0.12980682279020792,2.864301130396743,-0.0,0.0,-0.0,-0.12308422007401154,-1.2310803965011163,0.0,-0.023489828022045987,-0.0,0.23058655627945143,-0.0,0.0,-0.0,-0.0,-0.0,0.0,0.0,-0.0,0.3751369361879477,-0.0,0.0,-0.06604080061148423,-0.0,0.0,0.0,-0.0,0.0,-0.0,0.041782533041887567,0.029439275414675704,0.0,-0.0,0.051878768516836586,0.01795196248830871,0.0,0.0,0.1775636840322935,-0.0,0.49264879673120354,-0.0,-0.0,0.0,-0.0,-0.0,0.0,0.0,-0.0,-0.005002725906555192,-0.1065361965041736,0.12980881871299685,0.0,0.0,0.0,-0.0,0.0,0.0,-0.0,-0.12051668246423893,0.09718894882039837,0.06844926558251159,0.0,0.0,-0.0,0.0,0.0,-0.0,0.0,0.011611498305049983
0.0,0.0,0.0,-0.03735193350309705,-0.0,0.0,-0.0,-0.1547108674608502,-0.0,-0.10629761834479316,0.0,-0.04903862206716991,0.0,-0.0,-0.367414184487968,-0.0,-0.0,-0.8608450452679209,-0.09417548563848499,-0.010285941565749471,-0.18027397208574109,-0.16339333542432818,-0.0,-0.4897399171175097,-0.0,0.0,-0.0,-0.0,-0.3421182649203553,-0.0,-0.0,-0.0,-0.0,3.1633769675766765,-0.0,0.0,-0.15409201588141389,-0.0,-0.0,-0.0931226497101008,-0.6233254855422271,0.0,-0.0,-0.0,-0.13112142963790635,-0.0,-0.0,-0.0,0.0,-0.0,-0.0,0.10312248172551128,0.0,-0.0,0.0,-0.0,-0.0,-0.0,0.0,-0.0,-0.0,0.0,-0.0,-0.0,-0.0,-0.0,0.0,0.0,-0.0,-0.06278117228302611,-0.0,-0.0,-0.0,-0.0,-0.0,-0.0,-0.0,-0.0,-0.0,-0.0,-0.0,-0.0,-0.0,-0.0,-0.0,-0.0,-0.0,-0.03472648756660133,-0.10956930747045587,-0.0,0.008299978765241502,-0.0,0.0,-0.0,-0.0,0.0,-0.0,-0.08665071776975315,-0.0,0.0
0.0,0.0,0.0,0.12103977923524421,0.0,-0.1661387977699204,-0.0,0.387873803920705,0.0,0.0,-0.0,0.0,-0.97521056614416,-0.0,0.0,0.053834933769344326,-0.0,0.0,-0.0,0.0,-0.0,-0.0,-0.0,-0.13543275875587582,-0.017415438291632675,0.18127942291964455,-0.7470572379344933,-0.0,0.0,-0.0,0.0,0.0,0.0,-0.0,3.2013519922472766,0.0,0.0,-0.0,-0.0,0.0,-0.0,-0.13144300831060263,-0.29352812068412004,-0.0,0.0,-0.2568749660021211,-0.30352096194262934,0.0,0.0,0.0,0.0,-0.0,0.0,0.0,-0.0,0.0,0.0,0.13063022818721748,-0.0,0.013954778701251657,-0.0,0.0,0.0,0.1254690942783486,0.08624301051637279,0.0,0.0,0.0,-0.0,-0.08353169973401768,0.0,0.0,0.03532621654147967,0.0,-0.0,0.0,0.0,0.0,0.0,0.0,-0.4981207544964191,0.0,0.0,0.2232686974543945,0.0,-0.0,-0.02800945514746226,-0.0,0.0,0.0,0.0,0.10435935747118696,0.11047530284984065,0.07775234598055779,0.0,0.0,-0.18479636359003307,-0.0,0.0,0.0
0.0,0.0,0.0,0.0,0.04981707911908149,0.0,-0.0,-0.0,-0.0,-0.0,-0.0,-0.031176143310131417,-0.0,0.0,-0.0,-0.1795234975911279,0.0,-0.0,0.0,-0.4113184251076816,-0.0,0.0,-0.0,0.0,0.0,-0.13782568315695068,0.0,-0.0,-0.0,-0.015224507891274892,-0.0,0.0,-0.0,0.0,0.0,2.417156278958005,0.0,-0.0,-0.0,0.1104229585523158,-0.0,0.0,-0.003772088654951521,-0.0,-0.0,-0.0,0.040599273107925694,0.0,-0.0,-0.0,-0.0,-0.0,-0.4086474114152336,-0.0,-0.0,-0.5185169108243353,-0.0,0.0,0.0,-0.0003333217137117809,-0.0,-0.0,-0.0,-0.0,-0.0,0.0,-0.30461930696360745,-0.0,0.0,-0.0,0.0,0.2297489591084,-0.013460349140388872,-0.0,-0.0,0.0,0.0,0.12431892305808825,0.0,0.0,0.0,-0.32628897739740936,-0.0,-0.0,-0.0,0.0,0.0,0.1232432821363341,-0.14635369433136447,-0.13818541523471395,-0.0,0.0,-0.08131823775896922,-0.09829715126005072,-0.0,-0.2750719098351686,-0.0,0.0,-0.06554299089571522,-0.0
0.0,-0.0,-0.0,-0.0,-0.2819825404903608,-0.10002124504194244,0.0,-0.0,-0.0,0.0,-0.14581174997100316,-0.0,0.0,-0.0,-0.0,0.0,0.0,-0.0,-0.0,0.0,0.0,0.0,0.02062731225788487,-0.0,0.0,0.0,-0.0,-0.40582372136588785,-0.29735312080064574,0.01040174760776772,0.0,0.0,-0.12308422007401154,-0.15409201588141389,0.0,0.0,2.229346319010985,-0.0,-0.0,-0.0,-0.06090503471852787,0.0,0.0,0.0,0.0,-0.0,0.0,-0.0,-0.0,-0.11410640541417788,0.13943000377546635,0.0,0.0,-0.0,-0.0,-0.0682711294939574,0.0,-0.022625507051562167,-0.0,0.0,0.0,0.0,0.0,-0.0,-0.0,0.0,0.0,0.0,-0.0,0.0,0.0,0.0,0.11825788285195524,-0.0,0.0,0.0,-0.0,0.0,-0.0,-0.0,-0.0,-0.14109132201994104,-0.0,-0.03402628309958427,-0.0,-0.0,-0.8150636699675482,-0.04895243513035767,-0.06738587304333146,-0.0,-0.0,0.0,0.0,-0.012064307114943083,-0.0,0.0,-0.0,0.0,-0.0,-0.0
-0.0,0.0,0.0,-0.0,0.0,0.0,-0.0,-0.0,0.0,0.1738761517662902,0.128802172987617,0.0,-0.0,0.0,-0.0,-0.0,0.0,-0.0200077322245122,0.0,-0.011880905451845634,0.0,-0.0,-0.0,0.06204360180778454,-0.0,0.0069441347887491435,-0.0,0.0,0.0,-0.018453281996935272,-0.0,-0.4583149974522285,-1.2310803965011163,-0.0,-0.0,-0.0,-0.0,2.7832174876236406,-0.6401091601511889,-0.026179450743201185,-0.04364328355178074,-0.0,-0.20001989686774785,-0.0,-0.0,-0.0,-0.22261404631177184,-0.0,-0.0,0.0,0.26250868959514173,-0.0,0.0,-0.0,-0.0,0.0,-0.0,-0.0,0.16349326417149576,-0.011504492067259965,0.0,0.0,0.0,-0.0,0.0,0.0,-0.0,0.0,0.019655985286303884,-0.0,-0.0,-0.0,-0.0,0.0,-0.0,0.0,0.0,-0.0,-0.08484054409562118,-0.0755538661642985,-0.0,0.0,0.0,0.034345764160106124,0.0,0.0,0.0,0.0,-0.025914876251261106,-0.1512161021754699,0.0,-0.0,0.0,-0.0,-0.0,0.0,-0.0,-0.11019196821495156,-0.0,0.0
-0.0,0.0,0.0,0.0,0.0,-0.0,-0.0,0.06312579697986126,0.0,-0.0,-0.0,-0.3240297891531842,-0.08044135875171059,0.0,0.0,0.0,0.0,0.0,0.0,-0.0,-0.0,0.0,0.0,0.0,-0.1400380047663001,0.0,-0.0,-0.0,0.0,-0.0,0.0,-0.0,0.0,-0.0,-0.0,-0.0,-0.0,-0.6401091601511889,2.1743714618063974,-0.0,-0.057971012225843034,-0.0,-0.0,-0.26211954493362405,0.0,-0.0,-0.25719730579760613,-0.03847635123739964,-0.0,0.0,0.0,-0.0,-0.0,0.0,-0.0,-0.0,-0.0,0.0,-0.0,-0.011360992929515989,0.0,0.0,0.0,0.0,0.0,0.04952681614816199,-0.0,0.0,0.17470755313614947,-0.0,-0.0,0.07682418707896707,0.03542047556566865,-0.0,0.0,0.0,0.0,-0.0,0.0,-0.0,0.3992756034947712,-0.0,0.0,0.0,0.0,0.017423472145274718,-0.0,0.0,-0.0,-0.026329416100984375,-0.0,-0.0,-0.11802168963561176,-0.12380775506699736,-0.0039982541348172656,-0.0,-0.6842228543123168,-0.0,-0.0,0.0
-0.0,-0.0,0.0,-0.1782302895837857,-0.0,-0.0,-0.1637533805210885,0.0,-0.0,-0.0,-0.0,-0.10757563545948905,0.026642616055638554,-0.0,0.0,-0.248113619624499,-0.0,0.0,-0.0,0.0,0.0,-0.048122933502708166,0.0,-0.312018352244368,-0.0,-0.0,-0.0,-0.0,0.0,-0.0,-0.036225833596375205,-0.16833112966526817,-0.023489828022045987,-0.0931226497101008,0.0,0.1104229585523158,-0.0,-0.026179450743201185,-0.0,1.6548890640986187,-0.27396044765900207,-0.0,-0.06641029795100134,-0.03677121254389315,-0.0,-0.0,-0.009698893678011857,-0.0,0.0,-0.12190921333382775,0.13213661551106243,0.0,0.0,0.0,0.0,0.0,0.0007691464869212139,-0.0,0.0,-0.0,0.0,-0.0,-0.0,-0.0,0.0,0.05346696400192699,0.0,-0.0,0.03847568973090951,-0.0,0.0,-0.08682289153364264,-0.2041840230186321,0.0,0.0,-0.0,0.15923902380499455,-0.0,-0.0,0.0,0.0,0.0,0.05237884280144266,-0.0,-0.0,-0.0,0.0,0.0,-0.0,0.0,0.0,0.0,0.0,0.0,0.0,-0.0,-0.0,0.0,-0.0,0.0
-0.0,-0.0,0.09324883332626845,-0.0,-0.0,-0.0,-0.7515051655622726,-0.0,-0.0,0.0,0.0,-0.0,0.08069922826768831,0.0,0.0,-0.0,0.0,-0.0,0.0,0.0,0.0,0.0,-0.0,-0.16815501693837995,-0.0,0.1143649833561371,-0.06621128530042796,0.0,-0.12213519053696782,0.0,-0.0,-0.0,-0.0,-0.6233254855422271,-0.0,-0.0,-0.06090503471852787,-0.04364328355178074,-0.057971012225843034,-0.27396044765900207,2.773023550239963,-0.22460554304680777,-0.0,-0.0,-0.0,-0.0,-0.0,-0.11025983444821628,-0.0,-0.2783982051315023,-0.0,0.119047264727518,0.17171998177443912,0.0,0.0,0.0,0.0,-0.0,-0.0,-0.0,-0.0,0.0,0.08885271203160611,0.0,-0.0,0.0,-0.0,0.03854025438807438,-0.0,-0.0,-0.0,-0.0,0.0,-0.0,0.0,0.0,-0.0,0.0,-0.0,-0.17728384447731815,-0.0,-0.0,-0.0,0.0,0.266243682252689,0.014205982675503707,-0.0,-0.0599826403266175,-0.28713120222110344,-0.08405351559184869,0.0,-0.0,0.0,-0.0,-0.07164354094496393,0.0,-0.0,0.0,-0.0,-0.35290714223475234
0.0,0.0,0.0,0.09755614136630472,0.0,-0.0,-0.0,0.16859772444266247,0.0,0.0,-0.0,-0.0,-0.0,-0.0,-0.0,0.27546197242591886,-0.0,0.0,-0.0,-0.0,-0.0,0.0,-0.0,0.0,-0.4367062964186717,0.0,-0.4526775507822556,0.0,-0.0,0.0,-0.04813159910563701,0.0,0.23058655627945143,0.0,-0.13144300831060263,0.0,0.0,-0.0,-0.0,-0.0,-0.22460554304680777,2.4496760016445758,-0.4892085026025707,-0.2646956829404935,-0.0,0.0,0.0,0.0,-0.0,-0.0,0.08511536947779957,0.04800947143080965,0.09746408072722483,0.0,0.0,0.0,-0.0,0.0,0.0,0.0,-0.0,-0.0,0.0,0.0,-0.0,-0.0,-0.0,0.0,-0.0,-0.0,-0.0,-0.0,0.08596969670081847,-0.0,0.0,-0.0,-0.0,0.0,-0.0,-0.0,0.0,-0.0,-0.0,0.0,0.0,0.11180689300051716,-0.0,-0.0,-0.0,0.0,-0.0,-0.0,0.0,-0.0,-0.0,-0.261512395886802,0.0,0.0,0.0,-0.13518313075498867
-0.0,0.0,0.04178957998877597,0.0,0.0,0.0,0.0,0.0,0.0,0.0,0.03046176229640037,-0.0,-0.0,0.0,0.0,-0.0,-0.0,-0.0,0.0,-0.0,-0.0,-0.15673563458334827,-0.0,0.0,-0.0,-0.0,-0.0,0.0,0.0,-0.0,-0.15306127510610215,-0.1321356359869311,-0.0,-0.0,-0.29352812068412004,-0.003772088654951521,0.0,-0.20001989686774785,-0.0,-0.06641029795100134,-0.0,-0.4892085026025707,3.142950152846489,-0.7062581893103694,-0.46671962412815926,-0.3680518245342772,-0.0,0.0,-0.0,0.0,0.0,0.0,0.0,-0.0,-0.0,0.0,-0.0,0.0,-0.0,0.0,-0.0,-0.0,0.0,0.0,0.0,0.0,-0.0,-0.0,0.0,-0.0,0.0,-0.0,-0.0,-0.0,-0.0,-0.0,0.0,0.0,-0.17340230687333733,-0.01402172038257492,-0.18714069057817975,-0.0,-0.0,0.0,-0.0,0.0,-0.0,-0.0,-0.0,-0.24350327186093695,-0.0,0.0,0.0,0.0,-0.0,-0.5030227636847482,-0.0,-0.0,0.0,-0.0
-0.2246881247599657,0.0,0.236479760783736,0.21826261857746393,0.0,0.0,-0.0,0.2888244551817986,0.0,-0.0,0.0,0.0,0.0,0.0,-0.0,-0.0,-0.0,0.0,0.0,-0.27602307386372266,-0.0,0.0,-0.04362144252474611,0.0,-0.0,0.0,-0.40296832888340334,-0.0,-0.0,-0.0,-0.0,-0.22287546605644404,0.0,-0.0,-0.0,-0.0,0.0,-0.0,-0.26211954493362405,-0.03677121254389315,-0.0,-0.2646956829404935,-0.7062581893103694,3.516689349231074,-0.0,-0.0,-0.0,-0.0,-0.0,0.0,-0.30424180375367255,-0.0,-0.0,0.0,-0.0,-0.0,-0.0,0.1578082238971187,-0.0,0.0,-0.0,-0.0,-0.0,0.0,-0.0,0.0,-0.0,0.0,-0.0,-0.0,-0.0,0.0,0.0,-0.0,-0.0,0.0,0.0,-0.0,-0.0,-0.0,0.0,-0.0,-0.0,-0.0,0.0,0.09185706154367426,0.0,0.0,-0.0,-0.0,-0.0,0.0,0.0,-0.0,-0.5970652074617168,-1.2187197112880668,-0.0,0.0,-0.0,-0.03594890147797804
0.0,-0.27308751564511635,-0.0,-0.0,-0.0,0.0,-0.0,-0.0,-0.0,0.0,0.28055098083927554,0.0,-0.0,-0.0,-0.0,-0.0,-0.02271407439477579,-0.0,-0.0,-0.0,-0.0,-0.0,-0.010394062631975728,0.0,0.0,0.163543299126669,-0.0,0.0,-0.0,-0.0,-0.6147169803938086,-0.062675130406456,-0.0,-0.13112142963790635,0.0,-0.0,0.0,-0.0,0.0,-0.0,-0.0,-0.0,-0.46671962412815926,-0.0,4.269884340646553,-0.0,0.0,-0.0,-0.0,-0.0,-0.0,-0.0,-0.0,-0.0,-0.0,-0.0,-0.0,-0.0,0.0,0.0,-0.0,-0.11431923910699536,0.0,-0.0,-0.0,-0.42627839642289655,-0.33500604575394605,-0.0,-0.0,-0.0,-0.0,-0.0,-0.0,-0.0,-0.0,0.05733118637748168,-0.23948665744339148,-0.0,-0.8017589765713402,-0.2864579252044042,-0.0,-0.0,-1.2081489595938688,0.0,0.0,0.0,-0.0,-0.0,-0.0,-0.018354027588225647,-0.0,-0.22066833420645512,-0.0,0.0,0.0,-0.0,-0.0,-0.0,-0.0,-0.05668911056508858
-0.0,-0.0,-0.0,0.0,-0.0,-0.06143161169561016,-0.0,0.0,-0.0,0.0,0.0,0.0,-0.0,0.0,0.0,-0.0,0.0,0.0,0.0,0.0,0.0,-0.0,0.0,0.0,0.0,0.09641468419086416,-0.0,-0.0,0.0,-0.0,-0.0,-0.0,-0.0,-0.0,-0.2568749660021211,-0.0,-0.0,-0.0,-0.0,-0.0,-0.0,0.0,-0.3680518245342772,-0.0,-0.0,3.9164540917407553,-0.5131316195359708,-0.39219531969623705,-0.0,-0.0,-0.0,-0.21516350844466228,-0.0,0.0,-0.35989495668650173,-0.0,0.0,-0.0,-0.4250981996134949,0.2277222065010168,0.0,-0.0,-0.0,0.0,0.0,0.0,0.0,0.0,0.0,-0.0,0.19313739407863748,-0.0,0.0,-0.0,0.0,0.0,0.0,-0.0,0.0,-0.0,-0.0,-0.0,-0.0,-0.0,-0.3126059452754506,-0.0,-0.04072883819045726,-0.0,0.0,-0.07614235557910459,-0.43623390846680093,0.0,-0.0,0.0,0.0,-0.0,-1.7612232266597792,-0.12634740442683343,-0.0,0.0
