0,1,2,3,4,5,6,7,8,9,10,11,12,13,14,15,16,17,18,19,20,21,22,23,24,25,26,27,28,29,30,31,32,33,34,35,36,37,38,39,40,41,42,43,44,45,46,47,48,49,50,51,52,53,54,55,56,57,58,59,60,61,62,63,64,65,66,67,68,69,70,71,72,73,74,75,76,77,78,79,80,81,82,83,84,85,86,87,88,89,90,91,92,93,94,95,96,97,98,99
1.4349029930,0.0000000000,-0.0000000000,-0.0000000000,0.0000000000,-0.1831765898,0.0000000000,0.0000000000,0.0000000000,-0.0000000000,0.0300336122,-0.0000000000,0.1574204911,0.0000000000,-0.0000000000,0.0000000000,0.0657824679,0.0000000000,0.1318670086,0.0000000000,0.0000000000,0.0000000000,0.0000000000,0.0000000000,-0.2258636997,-0.0000000000,0.0000000000,0.0000000000,-0.0000000000,0.0000000000,-0.0816064853,0.0945518417,-0.1288111759,0.0000000000,0.0126406732,-0.0000000000,0.0000000000,0.0000000000,-0.0000000000,0.0000000000,-0.0000000000,-0.0000000000,0.1510225110,-0.0000000000,0.0545121371,0.0000000000,-0.0000000000,-0.2128275965,-0.1663703441,-0.0000000000,-0.0412016213,-0.0000000000,0.0000000000,0.0000000000,-0.0000000000,-0.2343267739,-0.0000000000,0.0000000000,-0.1225405564,-0.0435007936,-0.0000000000,0.1717060394,0.0000000000,-0.0000000000,-0.0000000000,0.0000000000,-0.0000000000,-0.0000000000,-0.0000000000,-0.0000000000,0.0000000000,0.0000000000,0.0000000000,0.0000000000,0.0000000000,-0.0061465178,0.0000000000,0.0000000000,-0.0000000000,0.0000000000,0.0000000000,-0.0000000000,-0.0000000000,-0.0000000000,-0.0000000000,-0.0000000000,0.0000000000,0.0120863260,-0.0000000000,0.0000000000,-0.0000000000,-0.0842152289,0.0000000000,0.0029574699,-0.0000000000,-0.0000000000,-0.0000000000,-0.0000000000,-0.0382218375,-0.0000000000
0.0000000000,4.8699534212,-0.4631216917,-0.9663939853,-0.3667950803,0.0000000000,-0.0000000000,-0.1357059826,-0.0000000000,-0.0000000000,0.1195740096,0.0000000000,0.0000000000,-0.0000000000,0.0000000000,-0.7670702039,0.0000000000,-0.3029686216,-0.0000000000,-0.1944558315,-0.2505379103,0.0000000000,-0.0000000000,0.0000000000,0.0940567753,0.0000000000,-0.0000000000,0.0000000000,0.0000000000,-0.0000000000,-0.0000000000,-0.0000000000,0.0000000000,-0.0000000000,-0.0000000000,0.0000000000,-0.0000000000,-0.0000000000,0.0000000000,0.0000000000,0.0000000000,0.0364314022,0.0000000000,-0.0000000000,-0.0000000000,-0.0000000000,-0.1337605018,0.0000000000,0.0000000000,-0.0000000000,-0.0000000000,-0.9042799149,-0.0000000000,-0.3504526955,-0.3609816346,-0.0000000000,-0.0000000000,-0.0000000000,0.0000000000,0.0000000000,0.0000000000,0.0000000000,-0.0000000000,-0.0000000000,-0.0000000000,0.0000000000,-0.0000000000,-0.0000000000,0.0000000000,-0.0000000000,-0.0000000000,0.0000000000,-0.0000000000,0.0000000000,0.0000000000,0.0000000000,-0.0000000000,0.0000000000,-0.0000000000,-0.0000000000,0.0000000000,0.0000000000,-0.0000000000,-0.0000000000,-0.0000000000,0.0000000000,0.0000000000,0.0000000000,-0.0000000000,0.0000000000,0.0000000000,-0.0000000000,0.0000000000,0.0000000000,-0.0000000000,-0.0000000000,-0.0000000000,0.0000000000,0.0000000000,-0.0000000000
-0.0000000000,-0.4631216917,3.6945640411,-0.0000000000,-0.4457893659,-0.3024354157,-0.0000000000,-0.3575006133,-0.1464634075,-0.0000000000,0.0000000000,-0.0000000000,0.0000000000,-0.0000000000,-0.0000000000,-0.0000000000,0.0000000000,-0.0463609351,-0.0000000000,-0.0000000000,-0.0000000000,-0.0000000000,-0.0000000000,-0.0000000000,0.0000000000,0.0000000000,-0.0000000000,-0.0000000000,-0.0794821544,-0.0000000000,-0.0000000000,-0.0000000000,0.0000000000,0.0000000000,0.0000000000,-0.0000000000,-0.0000000000,-0.0000000000,0.0000000000,-0.0000000000,0.0000000000,0.0000000000,0.0000000000,-0.0000000000,0.0000000000,-0.0000000000,-0.0000000000,0.0000000000,-0.0000000000,-0.0000000000,-0.0000000000,-0.5066647426,-0.0000000000,-0.0000000000,-0.5139425525,-0.6930507720,-0.0000000000,-0.0000000000,-0.0000000000,0.0000000000,-0.0000000000,0.0000000000,-0.0000000000,-0.0000000000,-0.1917424552,-0.0000000000,-0.0000000000,-0.0000000000,-0.0000000000,-0.0393791008,-0.0000000000,-0.0000000000,-0.0220045300,-0.0000000000,-0.0000000000,-0.0000000000,-0.0000000000,-0.0000000000,-0.0000000000,-0.0107804729,-0.0000000000,0.0000000000,-0.0000000000,-0.0000000000,-0.0000000000,0.0000000000,-0.0000000000,-0.0000000000,-0.0000000000,-0.0000000000,-0.0000000000,-0.1933089559,0.0000000000,-0.0000000000,-0.0000000000,-0.0226373189,-0.0000000000,0.0000000000,-0.0000000000,-0.0061961116
-0.0000000000,-0.9663939853,-0.0000000000,4.8691901813,-0.0000000000,0.0000000000,-0.3121632474,-0.4855542324,-0.0192616449,-0.0000000000,0.0679521523,0.0000000000,0.0000000000,0.0000000000,0.0000000000,-0.6913689015,0.0000000000,-0.0000000000,-0.0000000000,-0.0000000000,-0.0000000000,0.0000000000,0.0000000000,0.1980383616,0.0000000000,0.0000000000,-0.0000000000,0.0810848186,0.0044502596,0.0000000000,-0.0000000000,0.0000000000,-0.0000000000,0.0000000000,-0.0000000000,0.0000000000,-0.0000000000,-0.0000000000,-0.0000000000,0.0000000000,0.0000000000,0.1554012688,0.0000000000,0.0000000000,-0.0000000000,-0.0000000000,-0.0000000000,0.0000000000,0.1830593903,-0.0000000000,0.0000000000,-0.0471369709,-0.0274650787,-1.7266050397,-0.0000000000,0.0000000000,-0.2791956174,-0.0000000000,-0.0000000000,0.0000000000,-0.0000000000,0.0000000000,0.0000000000,-0.0000000000,0.0000000000,0.0106392964,0.0000000000,-0.0000000000,0.0000000000,-0.0000000000,0.0000000000,0.0225767257,0.0000000000,0.0000000000,0.0000000000,0.0000000000,0.0000000000,0.0000000000,-0.0000000000,0.0000000000,0.0347637190,0.0000000000,-0.1464978855,-0.0000000000,-0.4808860297,-0.0000000000,0.0000000000,0.0000000000,0.0000000000,0.0000000000,0.0000000000,-0.0000000000,0.0000000000,0.0000000000,0.0000000000,0.0000000000,-0.0000000000,-0.0000000000,0.2355599281,-0.0000000000
0.0000000000,-0.3667950803,-0.4457893659,-0.0000000000,2.6750551996,-0.0000000000,0.0000000000,-0.0000000000,-0.2487992708,0.0000000000,0.0000000000,0.0000000000,0.0000000000,-0.0074934886,-0.0000000000,-0.0000000000,-0.0000000000,0.0000000000,-0.0000000000,-0.0000000000,-0.0000000000,0.0000000000,-0.0000000000,-0.0000000000,0.0691850360,0.0000000000,-0.0554661731,-0.0000000000,-0.0000000000,-0.0000000000,-0.0401759435,0.0000000000,0.0000000000,0.0000000000,-0.0000000000,-0.0000000000,-0.1133083545,-0.0000000000,0.0000000000,0.0000000000,0.1620843159,0.0000000000,0.0445519629,-0.0000000000,-0.0000000000,-0.0000000000,-0.0000000000,0.1657478853,0.0000000000,-0.0000000000,-0.0000000000,-0.0000000000,-0.0000000000,-0.3832161540,-0.5893593914,-0.0000000000,-0.0000000000,-0.0000000000,0.0000000000,0.1333432680,0.0000000000,0.0000000000,-0.0000000000,-0.0539506967,-0.1498133676,0.0000000000,0.0000000000,-0.0000000000,0.0000000000,-0.0000000000,-0.0000000000,0.0000000000,-0.0000000000,0.0000000000,0.0000000000,0.0000000000,-0.0000000000,-0.0000000000,-0.0000000000,-0.0000000000,0.0000000000,0.0000000000,-0.0000000000,-0.0000000000,-0.0000000000,-0.0000000000,-0.0000000000,-0.0000000000,-0.0000000000,-0.0000000000,-0.1172919339,-0.0567986581,0.0000000000,0.0000000000,0.0000000000,-0.0000000000,-0.2756455050,0.0000000000,0.0521712801,-0.0000000000
-0.1831765898,0.0000000000,-0.3024354157,0.0000000000,-0.0000000000,3.3427786006,0.0484653276,-0.0000000000,-0.0000000000,-0.0000000000,0.0000000000,-0.0000000000,0.0000000000,-0.0000000000,-0.0000000000,0.0000000000,0.0991671029,0.0000000000,0.1923934906,0.0000000000,-0.0000000000,0.0000000000,0.0000000000,0.0000000000,-0.0000000000,-0.0000000000,-0.0000000000,-0.0000000000,-0.0000000000,0.0000000000,-0.0000000000,0.0000000000,0.0000000000,0.0000000000,0.0521994452,-0.0000000000,0.0000000000,-0.0000000000,0.0000000000,0.0000000000,0.0223939535,-0.0000000000,0.0066157130,-0.0000000000,0.0000000000,0.0000000000,0.2886113082,0.0000000000,-0.0000000000,0.0000000000,-0.0000000000,-0.0000000000,0.0258300224,0.0000000000,-0.8309247083,-1.7428042621,0.0000000000,-0.2534759289,-0.0000000000,-0.0410753765,-0.0000000000,0.0000000000,-0.1746805005,-0.0000000000,-0.0000000000,0.0000000000,0.0000000000,-0.0000000000,0.0000000000,-0.0000000000,0.1127583228,-0.0000000000,-0.0000000000,0.0649933158,-0.0000000000,-0.0716108310,-0.0000000000,-0.0000000000,-0.0000000000,0.0000000000,0.0000000000,0.0000000000,0.0000000000,0.0000000000,0.0000000000,0.0000000000,0.0000000000,-0.0000000000,-0.0000000000,0.0000000000,0.0000000000,-0.0000000000,0.0000000000,0.0000000000,0.0000000000,-0.0000000000,0.0000000000,0.0000000000,-0.0000000000,0.0000000000
0.0000000000,-0.0000000000,-0.0000000000,-0.3121632474,0.0000000000,0.0484653276,3.1170680120,-0.0667140962,-0.0000000000,-0.1377666206,0.0000000000,0.0000000000,0.0000000000,-0.0000000000,0.0000000000,-0.3070850093,-0.0000000000,-0.0866432398,-0.1375163871,-0.0000000000,-0.5269246457,-0.0000000000,-0.0000000000,0.0000000000,-0.0000000000,0.1979945155,-0.0000000000,0.0000000000,-0.0000000000,-0.0000000000,0.0000000000,-0.0000000000,-0.0000000000,-0.0000000000,-0.0000000000,0.0000000000,-0.0000000000,-0.0152722373,-0.0000000000,-0.8079511793,-0.0000000000,0.0000000000,-0.0000000000,-0.0000000000,-0.0000000000,-0.0000000000,-0.0000000000,0.0000000000,0.0000000000,-0.0000000000,0.0000000000,-0.0000000000,-0.1535471228,-0.0478217627,0.0000000000,0.0000000000,-0.2956165822,-0.0000000000,-0.0000000000,0.0000000000,0.0000000000,0.0000000000,0.0000000000,-0.0000000000,-0.0000000000,-0.0000000000,-0.4772908440,-0.0000000000,0.0000000000,-0.0000000000,-0.0000000000,0.0000000000,-0.0000000000,-0.2436635304,-0.0000000000,0.0000000000,-0.0000000000,-0.0000000000,-0.0000000000,-0.0000000000,0.0000000000,0.0000000000,-0.0000000000,-0.0000000000,-0.0000000000,-0.0000000000,0.0000000000,0.0000000000,-0.0000000000,0.0000000000,0.0000000000,-0.0000000000,-0.0000000000,0.1428800907,0.0000000000,-0.0000000000,-0.0000000000,0.0000000000,0.0000000000,-0.0000000000
0.0000000000,-0.1357059826,-0.3575006133,-0.4855542324,-0.0000000000,-0.0000000000,-0.0667140962,4.0841740200,-0.0387479883,-0.0000000000,0.0000000000,0.0000000000,0.0000000000,0.0000000000,-0.0000000000,-0.0000000000,0.0000000000,-0.9866289323,-0.0000000000,-0.0000000000,-0.1415568470,0.0000000000,0.0000000000,0.0000000000,0.0000000000,0.0000000000,-0.0000000000,0.0000000000,-0.0000000000,0.1166746279,-0.0000000000,-0.0000000000,0.0000000000,0.0000000000,0.0000000000,0.0000000000,0.0000000000,-0.0674287551,-0.0000000000,-0.0000000000,0.0000000000,0.0000000000,-0.0000000000,0.0000000000,0.0000000000,0.0000000000,0.0000000000,0.0893099028,0.0000000000,0.0000000000,0.0000000000,-0.0000000000,-0.0000000000,-0.0000000000,-0.0000000000,-0.0000000000,-1.0262646005,-0.9422996366,-0.0000000000,-0.0000000000,0.0000000000,0.0000000000,-0.0000000000,0.0000000000,-0.0000000000,0.0000000000,-0.0000000000,-0.0000000000,0.0000000000,-0.0000000000,-0.0000000000,0.0000000000,0.0000000000,-0.0000000000,-0.0000000000,-0.0000000000,-0.0000000000,-0.0000000000,-0.0000000000,-0.1918163295,0.0000000000,0.1012151359,-0.1659346448,-0.0000000000,0.0000000000,0.0000000000,0.0000000000,0.0000000000,0.0000000000,0.0000000000,0.0000000000,-0.0000000000,0.0000000000,-0.0000000000,-0.0000000000,0.0000000000,0.0000000000,0.1521265274,0.2799775426,0.0000000000
0.0000000000,-0.0000000000,-0.1464634075,-0.0192616449,-0.2487992708,-0.0000000000,-0.0000000000,-0.0387479883,3.8551333496,-0.0000000000,0.0000000000,-0.0000000000,-0.0000000000,-0.0000000000,-0.0000000000,-0.2102396495,-0.0000000000,-0.0000000000,-0.0000000000,-0.0000000000,-0.0000000000,0.0000000000,-0.0000000000,0.0000000000,0.0000000000,0.0000000000,-0.0000000000,0.0000000000,-0.0000000000,0.0000000000,0.0000000000,0.0000000000,-0.0000000000,-0.0000000000,-0.0000000000,-0.0000000000,-0.0223451289,-0.0000000000,-0.0000000000,-0.0000000000,0.0000000000,0.0000000000,0.0000000000,0.0815397785,-0.0000000000,-0.0000000000,0.0000000000,0.0000000000,0.0000000000,-0.0000000000,0.0025806750,-0.0000000000,-0.0000000000,-0.0000000000,-1.0421967693,-0.0131287224,-0.0000000000,-1.5072016503,-0.1082090298,-0.0000000000,-0.0000000000,0.0000000000,-0.2408442719,-0.0271662667,-0.0000000000,0.0000000000,0.0000000000,-0.0000000000,-0.0000000000,-0.3708404096,-0.0000000000,-0.0000000000,-0.0000000000,0.0000000000,-0.0000000000,-0.0000000000,-0.0000000000,-0.0000000000,0.0000000000,0.0000000000,-0.0000000000,0.0000000000,-0.0000000000,-0.0000000000,-0.0000000000,-0.0000000000,-0.0000000000,0.0000000000,-0.0000000000,0.0000000000,-0.0000000000,-0.0000000000,0.0000000000,0.0000000000,-0.0000000000,0.1240990242,-0.0000000000,0.0000000000,0.0000000000,-0.0000000000
-0.0000000000,-0.0000000000,-0.0000000000,-0.0000000000,0.0000000000,-0.0000000000,-0.1377666206,-0.0000000000,-0.0000000000,2.8490466575,-0.0394138233,-0.0547631073,-0.1160633214,0.0000000000,-0.0000000000,-0.0000000000,0.0000000000,0.0000000000,0.0000000000,0.0000000000,-0.0000000000,-0.0000000000,-0.0000000000,0.0684726827,-0.3005000528,-0.0000000000,-0.0000000000,-0.0000000000,0.0000000000,0.0000000000,0.2641563463,0.0000000000,-0.0643060494,0.0000000000,-0.0133148263,-0.0000000000,0.0000000000,0.0000000000,-0.0076465285,-0.0667699534,-0.0000000000,0.0000000000,-0.0000000000,-0.0000000000,-0.0000000000,-0.0955087753,0.0000000000,-0.0436500239,0.0000000000,0.0000000000,0.0660032954,-0.0000000000,0.0000000000,-0.0000000000,-0.0000000000,-0.0000000000,-0.0000000000,-0.0000000000,-1.0307759063,-0.3974816958,-0.4796441509,-0.0000000000,-0.2106619935,-0.0000000000,0.0000000000,-0.0023825402,-0.0000000000,-0.0000000000,0.0000000000,-0.0000000000,-0.0000000000,0.0000000000,0.0000000000,0.0000000000,-0.0350756596,-0.0000000000,0.0000000000,-0.0000000000,0.0000000000,0.0000000000,0.0000000000,-0.0000000000,-0.0000000000,-0.0000000000,-0.0000000000,-0.0000000000,-0.0000000000,0.0000000000,0.0000000000,0.0000000000,0.0014399302,-0.0993659222,0.0000000000,0.1200472261,0.0000000000,0.0000000000,-0.0000000000,-0.0486449331,0.0000000000,0.0000000000
0.0300336122,0.1195740096,0.0000000000,0.0679521523,0.0000000000,0.0000000000,0.0000000000,0.0000000000,0.0000000000,-0.0394138233,1.9190774854,-0.3234556574,-0.0000000000,-0.0000000000,-0.0452864573,0.1696165620,0.0000000000,0.1863184629,-0.0000000000,0.0448937246,-0.0000000000,-0.0000000000,0.0000000000,-0.0000000000,-0.1621111719,-0.0301855529,0.0000000000,-0.0000000000,0.0828327039,-0.0000000000,0.0000000000,-0.0000000000,0.0000000000,0.0000000000,0.0000000000,0.0000000000,0.0000000000,0.0000000000,0.0000000000,-0.0000000000,-0.0000000000,-0.0000000000,-0.0000000000,0.0000000000,0.0000000000,-0.0000000000,0.0000000000,0.0000000000,0.0000000000,0.0187367358,0.0000000000,0.0000000000,0.0000000000,0.0000000000,0.0000000000,0.0000000000,0.0000000000,0.0000000000,-0.0000000000,-0.5178050540,-0.0000000000,-0.0156517462,-0.0000000000,0.0000000000,0.0000000000,-0.1761155311,-0.0000000000,0.0000000000,0.0214435039,0.1873183827,0.0000000000,-0.0000000000,0.0000000000,0.0000000000,-0.1074999065,-0.0000000000,-0.0000000000,-0.0000000000,0.0000000000,0.0000000000,-0.0000000000,-0.0000000000,0.0921296306,0.0000000000,0.0026953300,-0.0000000000,0.0000000000,-0.0000000000,0.0000000000,-0.3164577961,0.0000000000,-0.0000000000,0.0000000000,0.0000000000,0.0000000000,0.0000000000,0.0000000000,0.0000000000,0.0000000000,0.0331698610
-0.0000000000,0.0000000000,-0.0000000000,0.0000000000,0.0000000000,-0.0000000000,0.0000000000,0.0000000000,-0.0000000000,-0.0547631073,-0.3234556574,3.5766894826,-0.0000000000,-0.3853449045,-0.1873631704,0.0000000000,0.0000000000,0.0000000000,-0.0000000000,0.0000000000,-0.0000000000,0.0000000000,0.0000000000,0.0000000000,-0.2200542938,-0.4242301243,-0.0000000000,-0.0000000000,0.0000000000,0.0000000000,0.0559470228,0.0000000000,0.0000000000,0.0000000000,0.0000000000,-0.0000000000,-0.0000000000,0.0975547641,0.0000000000,0.0000000000,-0.0000000000,0.0108990242,0.0000000000,-0.0000000000,-0.0000000000,-0.0000000000,0.0000000000,-0.0000000000,-0.0000000000,-0.0000000000,-0.0000000000,-0.0000000000,-0.0000000000,-0.0000000000,-0.0000000000,-0.0628873896,-0.0000000000,-0.0000000000,-0.1705276573,-0.4959095522,-1.5322805177,-0.0000000000,-0.0000000000,-0.0000000000,0.0000000000,-0.0000000000,-0.0000000000,-0.2677038581,0.0000000000,0.0000000000,-0.0000000000,0.0000000000,0.0000000000,0.0000000000,-0.0000000000,-0.0000000000,-0.0000000000,0.0000000000,0.1585872959,0.0000000000,0.0000000000,-0.0000000000,-0.0000000000,-0.0000000000,0.0000000000,0.0000000000,-0.0370071981,0.0000000000,-0.0000000000,0.0000000000,-0.0000000000,-0.0000000000,0.0000000000,0.0000000000,0.0000000000,0.0000000000,-0.0000000000,-0.0000000000,-0.0559688270,-0.0000000000
0.1574204911,0.0000000000,0.0000000000,0.0000000000,0.0000000000,0.0000000000,0.0000000000,0.0000000000,-0.0000000000,-0.1160633214,-0.0000000000,-0.0000000000,2.3706508550,-0.0000000000,-0.0187335909,-0.0000000000,-0.0000000000,0.0000000000,0.0000000000,0.0000000000,-0.0000000000,-0.0000000000,-0.0000000000,-0.0000000000,0.0000000000,0.0000000000,-0.0000000000,-0.0000000000,-0.0000000000,-0.0000000000,0.0726996515,-0.0000000000,-0.0122227243,0.0000000000,-0.0000000000,-0.0000000000,-0.0000000000,-0.0000000000,-0.0331950994,-0.0000000000,-0.0000000000,0.0000000000,-0.0000000000,-0.0000000000,-0.0658080632,-0.1031662104,0.0000000000,-0.0000000000,-0.0000000000,-0.0000000000,0.1195793950,-0.0000000000,-0.0000000000,0.0000000000,0.0000000000,-0.0000000000,0.0000000000,0.0000000000,-0.0000000000,-0.1626761999,-0.1750519452,-1.0740002140,-0.5691545674,0.0000000000,-0.0000000000,-0.0000000000,-0.0000000000,-0.0000000000,0.0000000000,-0.0000000000,-0.2572225066,-0.0000000000,0.0000000000,0.0000000000,-0.0257158721,0.0000000000,-0.0000000000,-0.0000000000,0.0000000000,0.0000000000,0.0000000000,0.0000000000,-0.0000000000,-0.0000000000,-0.0000000000,0.0000000000,-0.0000000000,0.0000000000,0.0000000000,0.0000000000,0.0000000000,0.1263604228,0.0000000000,0.0000000000,0.0000000000,0.0000000000,-0.0000000000,-0.0000000000,-0.0000000000,0.0000000000
0.0000000000,-0.0000000000,-0.0000000000,0.0000000000,-0.0074934886,-0.0000000000,-0.0000000000,0.0000000000,-0.0000000000,0.0000000000,-0.0000000000,-0.3853449045,-0.0000000000,1.7477515940,-0.0000000000,0.0000000000,0.0128872957,0.0000000000,-0.4615266375,-0.0000000000,-0.2026050786,0.0000000000,-0.0000000000,-0.0000000000,0.0000000000,0.0000000000,-0.0106217896,0.0000000000,0.0000000000,-0.1712293616,0.0000000000,-0.0000000000,0.0000000000,0.0000000000,0.1493946118,0.0000000000,-0.0000000000,-0.0076655100,0.0000000000,0.0000000000,-0.0000000000,0.0000000000,-0.0000000000,-0.0044039980,-0.0000000000,-0.0000000000,-0.0537787844,-0.0000000000,-0.0000000000,-0.2511217633,-0.0000000000,-0.0000000000,-0.0000000000,-0.0989277341,-0.0105491522,-0.0000000000,-0.0000000000,0.0000000000,0.0059214486,0.0000000000,-0.0000000000,-0.0000000000,-0.0243357591,-0.2769389472,-0.1178308574,-0.1710190518,-0.0000000000,0.0000000000,0.2821384508,0.0000046233,0.0000000000,0.0066582423,-0.0000000000,0.0000000000,0.0000000000,0.2194483786,-0.0000000000,-0.0000000000,0.0000000000,0.0000000000,0.0000000000,0.0000000000,0.0000000000,0.2668848197,0.0000000000,0.0000000000,0.0000000000,0.0000000000,0.0000000000,-0.0000000000,-0.0000000000,0.0000000000,0.0000000000,0.0000000000,0.0200765907,-0.0270603898,-0.0000000000,0.0000000000,0.0000000000,-0.0000000000
-0.0000000000,0.0000000000,-0.0000000000,0.0000000000,-0.0000000000,-0.0000000000,0.0000000000,-0.0000000000,-0.0000000000,-0.0000000000,-0.0452864573,-0.1873631704,-0.0187335909,-0.0000000000,2.8527767991,0.0000000000,-0.0000000000,0.0000000000,-0.0000000000,0.0000000000,-0.1954419219,-0.0000000000,-0.0000000000,-0.0000000000,-0.0000000000,-0.0000000000,-0.0000000000,-0.0000000000,-0.3096370881,-0.0000000000,-0.0000000000,0.0000000000,0.0404411357,-0.0000000000,-0.0000000000,0.0000000000,-0.0000000000,0.0000000000,0.0000000000,-0.0000000000,-0.0000000000,-0.0000000000,0.0000000000,-0.0030901549,0.0000000000,-0.0000000000,0.0000000000,-0.0000000000,-0.0000000000,0.0000000000,-0.0000000000,-0.0000000000,-0.0000000000,0.0000000000,0.0000000000,-0.0000000000,-0.0000000000,-0.0000000000,-0.3957191391,-0.0000000000,-0.0000000000,-0.0000000000,-0.0512228042,0.0000000000,-0.0585363081,-1.3504023888,-0.0000000000,-0.0000000000,-0.0000000000,-0.0000000000,-0.2209754554,-0.0000000000,-0.0000000000,0.0000000000,-0.1324329534,-0.0000000000,-0.0000000000,-0.0000000000,-0.0000000000,-0.0000000000,0.0000000000,-0.0000000000,0.0000000000,0.0000000000,0.0000000000,0.0000000000,-0.0000000000,0.0000000000,0.0000000000,0.0000000000,-0.0000000000,-0.0000000000,-0.0000000000,-0.0000000000,-0.0000000000,-0.0000000000,0.0000000000,0.0000000000,-0.0000000000,0.0000000000
0.0000000000,-0.7670702039,-0.0000000000,-0.6913689015,-0.0000000000,0.0000000000,-0.3070850093,-0.0000000000,-0.2102396495,-0.0000000000,0.1696165620,0.0000000000,-0.0000000000,0.0000000000,0.0000000000,4.0393795036,-0.0000000000,-0.7479504526,-0.0000000000,-0.0827623607,-0.0000000000,-0.0000000000,-0.0966567785,0.0000000000,0.0000000000,0.0000000000,-0.0000000000,0.0000000000,-0.0000000000,-0.0000000000,-0.0000000000,-0.0000000000,-0.1408780137,-0.0000000000,-0.0000000000,0.0000000000,-0.0000000000,-0.1732930097,-0.1978150250,-0.0000000000,-0.0000000000,0.0000000000,-0.0000000000,-0.0000000000,-0.0000000000,-0.0000000000,-0.0033085288,0.0000000000,0.0000000000,-0.0000000000,0.0000000000,-0.4856038642,-0.0000000000,-0.0000000000,-0.1137827977,0.0000000000,-0.0000000000,-0.0000000000,0.0000000000,0.0000000000,0.0000000000,0.0000000000,-0.1154113833,-0.0000000000,-0.0000000000,0.0000000000,-0.0000000000,-0.0000000000,-0.0000000000,-0.0000000000,-0.0000000000,-0.0000000000,-0.0000000000,-0.0000000000,0.0000000000,-0.0000000000,-0.0000000000,-0.0000000000,-0.0419872769,-0.0000000000,-0.0000000000,0.0000000000,-0.0000000000,-0.0000000000,-0.2931647813,-0.0548067174,-0.0000000000,-0.0000000000,-0.0000000000,-0.0000000000,0.0000000000,-0.0000000000,-0.0000000000,-0.0000000000,-0.0000000000,-0.0000000000,-0.0000000000,-0.0000000000,0.0000000000,-0.0000000000
0.0657824679,0.0000000000,0.0000000000,0.0000000000,-0.0000000000,0.0991671029,-0.0000000000,0.0000000000,-0.0000000000,0.0000000000,0.0000000000,0.0000000000,-0.0000000000,0.0128872957,-0.0000000000,-0.0000000000,3.0030011350,-0.0000000000,-0.1512223938,-0.0000000000,0.0000000000,-0.2610535886,-0.1555636798,-0.3551295025,0.0000000000,-0.0000000000,0.0000000000,-0.2308756403,-0.0000000000,-0.0000000000,0.0000000000,0.0000000000,-0.0000000000,-0.7890081949,-0.0000000000,-0.0000000000,-0.0000000000,0.0000000000,-0.0000000000,-0.0000000000,-0.0000000000,-0.0000000000,-0.0000000000,0.0000000000,-0.0000000000,0.0000000000,0.0000000000,0.0000000000,0.0000000000,0.3322347124,0.0000000000,-0.0000000000,-0.0000000000,0.0000000000,0.0000000000,0.0000000000,0.0000000000,0.0000000000,-0.0000000000,0.0000000000,0.0000000000,0.0000000000,-0.0000000000,-0.0000000000,-0.0000000000,-0.0000000000,-0.0000000000,-0.6491046215,-0.1916275042,-0.0000000000,-0.1075279601,-0.2474779067,-0.0993004922,-0.0000000000,-0.0585673568,-0.0000000000,-0.0000000000,-0.0246779566,-0.0000000000,0.0000000000,-0.0340193961,-0.0000000000,-0.0000000000,-0.0000000000,0.0000000000,0.0000000000,-0.0000000000,-0.0000000000,-0.0000000000,0.0000000000,-0.0000000000,0.0000000000,-0.1884881980,-0.0000000000,-0.0000000000,0.0000000000,0.0687673935,0.0000000000,0.0000000000,0.0000000000
0.0000000000,-0.3029686216,-0.0463609351,-0.0000000000,0.0000000000,0.0000000000,-0.0866432398,-0.9866289323,-0.0000000000,0.0000000000,0.1863184629,0.0000000000,0.0000000000,0.0000000000,0.0000000000,-0.7479504526,-0.0000000000,3.9819876637,-0.0000000000,-0.0933616492,-0.0000000000,-0.0000000000,-0.1548898671,-0.0000000000,0.0000000000,0.0211596334,0.0000000000,0.0000000000,-0.0000000000,0.0000000000,-0.0000000000,-0.0000000000,-0.0000000000,-0.4008848573,-0.0000000000,0.0000000000,-0.0000000000,-0.0000000000,-0.0000000000,-0.0000000000,-0.0205154718,-0.0000000000,-0.0000000000,0.0000000000,-0.0000000000,0.0000000000,-0.0530082403,0.0000000000,0.0000000000,0.0000000000,0.0000000000,-0.0000000000,-0.0000000000,-0.0000000000,-0.0000000000,0.0000000000,-0.0000000000,-0.0000000000,0.0000000000,0.0000000000,0.1311175974,0.0000000000,0.0000000000,0.0000000000,-0.0000000000,-0.0000000000,-0.0000000000,-0.0000000000,-0.0000000000,-1.1128510923,-0.0000000000,-0.0000000000,-0.0000000000,-0.0000000000,-0.0000000000,0.0000000000,-0.0000000000,-0.0000000000,-0.0002830374,-0.0000000000,-0.0000000000,-0.0000000000,-0.0758304214,-0.0000000000,0.0000000000,0.0000000000,-0.0000000000,-0.0000000000,-0.0000000000,-0.0000000000,0.0000000000,-0.0000000000,0.0000000000,-0.1061536595,-0.0000000000,0.0000000000,0.0000000000,0.0000000000,0.0000000000,-0.0000000000
0.1318670086,-0.0000000000,-0.0000000000,-0.0000000000,-0.0000000000,0.1923934906,-0.1375163871,-0.0000000000,-0.0000000000,0.0000000000,-0.0000000000,-0.0000000000,0.0000000000,-0.4615266375,-0.0000000000,-0.0000000000,-0.1512223938,-0.0000000000,1.8510196986,-0.0000000000,-0.4046838660,-0.0000000000,-0.0828378180,-0.0000000000,0.0000000000,0.0000000000,0.0000000000,0.0000000000,0.0000000000,-0.0000000000,0.0000000000,0.0000000000,0.0000000000,-0.0000000000,0.0000000000,0.0000000000,-0.0000000000,-0.0000000000,0.0000000000,-0.0000000000,-0.0000000000,0.0000000000,-0.0000000000,0.0000000000,-0.0763735856,0.0000000000,-0.0000000000,0.0000000000,0.0000000000,-0.0000000000,0.1311843860,-0.0000000000,-0.0000000000,-0.0535619056,-0.0000000000,0.0000000000,-0.0466727802,-0.0000000000,0.0000000000,0.0000000000,0.0000000000,0.0277441041,0.0000000000,-0.0000000000,0.0000000000,-0.0879971898,-0.0000000000,-0.4294814201,-0.0000000000,-0.0000000000,-0.0000000000,0.0000000000,-0.0000000000,-0.0000000000,0.0000000000,0.0798756775,-0.0000000000,-0.0000000000,-0.0000000000,-0.0000000000,0.0000000000,-0.0000000000,-0.0000000000,0.0000000000,0.0000000000,0.0000000000,0.0000000000,0.0415960787,-0.0000000000,-0.0000000000,-0.0000000000,0.0000000000,-0.0000000000,0.0000000000,0.0000000000,0.0000000000,0.0000000000,0.0000000000,-0.0000000000,-0.0000000000
0.0000000000,-0.1944558315,-0.0000000000,-0.0000000000,-0.0000000000,0.0000000000,-0.0000000000,-0.0000000000,-0.0000000000,0.0000000000,0.0448937246,0.0000000000,0.0000000000,-0.0000000000,0.0000000000,-0.0827623607,-0.0000000000,-0.0933616492,-0.0000000000,2.8595560030,-0.0571749149,-0.0000000000,-0.2804535562,-0.0000000000,0.0000000000,0.0000000000,-0.2160638453,-0.0000000000,-0.3085640661,-0.0000000000,-0.0000000000,-0.0000000000,0.0000000000,-0.0000000000,-0.0000000000,-0.0000000000,-0.0037859345,-0.0720872193,-0.0000000000,-0.0000000000,-0.0000000000,-0.0000000000,-0.0000000000,-0.1122424624,-0.2503184754,-0.0000000000,-0.0000000000,-0.0970463767,-0.0000000000,-0.4051591900,-0.0000000000,-0.0000000000,-0.0000000000,-0.0000000000,-0.0000000000,0.0000000000,0.0000000000,0.0000000000,0.2832297682,0.0000000000,0.0000000000,0.0000000000,0.0000000000,-0.0000000000,-0.0000000000,-0.0000000000,-0.0000000000,-0.0000000000,0.0000000000,-0.0000000000,-0.0000000000,-0.0000000000,-0.1430316092,-0.0000000000,0.0000000000,0.0000000000,-0.3122252420,-0.0000000000,-0.0000000000,-0.0000000000,0.0000000000,0.0000000000,-0.0000000000,0.0000000000,-0.0000000000,0.0000000000,-0.0000000000,-0.0000000000,-0.7363931602,-0.0000000000,0.0000000000,-0.0000000000,0.0000000000,-0.0000000000,0.0000000000,-0.0000000000,0.0000000000,-0.0000000000,-0.0000000000,-0.0037603487
0.0000000000,-0.2505379103,-0.0000000000,-0.0000000000,-0.0000000000,-0.0000000000,-0.5269246457,-0.1415568470,-0.0000000000,-0.0000000000,-0.0000000000,-0.0000000000,-0.0000000000,-0.2026050786,-0.1954419219,-0.0000000000,0.0000000000,-0.0000000000,-0.4046838660,-0.0571749149,2.5405593947,-0.0000000000,-0.0000000000,0.0000000000,0.0000000000,0.0191923169,-0.0000000000,0.0000000000,-0.0000000000,-0.0000000000,0.0000000000,-0.0000000000,-0.0000000000,-0.0000000000,-0.0000000000,0.0000000000,-0.0000000000,-0.0000000000,0.0000000000,-0.0000000000,-0.0000000000,0.0000000000,-0.0000000000,-0.0000000000,-0.2411797246,-0.0000000000,-0.0000000000,-0.0000000000,-0.0000000000,-0.0000000000,0.0000000000,-0.0107758085,-0.0000000000,-0.0000000000,-0.0000000000,0.0000000000,-0.0717328082,-0.0000000000,0.0000000000,-0.0000000000,0.0000000000,0.0000000000,-0.0000000000,0.0000000000,-0.0000000000,-0.5575330447,-0.0235756620,0.0000000000,0.0000000000,-0.0000000000,-0.0502257461,0.0181347922,-0.0000000000,-0.0000000000,-0.0000000000,0.0000000000,-0.0817166901,-0.0000000000,0.0665392201,-0.0000000000,0.0000000000,0.0000000000,-0.0000000000,-0.0000000000,0.0000000000,0.0000000000,0.0000000000,0.0000000000,-0.0000000000,0.0000000000,0.0000000000,0.0000000000,0.0454638486,0.0000000000,0.0000000000,0.0000000000,0.0000000000,-0.0000000000,-0.0000000000,-0.0000000000
0.0000000000,0.0000000000,-0.0000000000,0.0000000000,0.0000000000,0.0000000000,-0.0000000000,0.0000000000,0.0000000000,-0.0000000000,-0.0000000000,0.0000000000,-0.0000000000,0.0000000000,-0.0000000000,-0.0000000000,-0.2610535886,-0.0000000000,-0.0000000000,-0.0000000000,-0.0000000000,2.8916346098,-0.0852348046,-0.2738730390,-0.0000000000,0.0000000000,0.0000000000,-0.0000000000,-0.0000000000,-0.1208234203,0.0000000000,-0.0000000000,-0.1442556331,-0.0000000000,-0.0000000000,0.0000000000,-0.0000000000,-0.1375859947,-0.0000000000,-0.2698420748,-0.0000000000,-0.0737932094,-0.9394570967,-0.0000000000,0.0000000000,0.0000000000,-0.0427446802,-0.0000000000,0.0000000000,-0.0000000000,0.2096927219,0.0000000000,0.0000000000,0.0000000000,0.0000000000,0.0763835769,0.0000000000,0.0429009232,0.0000000000,-0.0065106761,0.0000000000,-0.0000000000,0.0000000000,-0.0871355092,-0.0000000000,-0.2077512700,-0.0000000000,-0.0000000000,0.0000000000,0.0000000000,-0.0000000000,-0.0692818581,-0.0000000000,-0.0166067246,-0.0000000000,-0.0000000000,0.0000000000,-0.3893826383,0.0000000000,0.0000000000,-0.0000000000,0.0000000000,0.0000000000,-0.0000000000,0.0000000000,-0.0000000000,0.0000000000,-0.0000000000,0.0000000000,-0.0000000000,0.0462419470,-0.0037124802,0.0000000000,-0.0000000000,-0.0000000000,-0.0000000000,0.0000000000,-0.0000000000,0.0000000000,0.0000000000
0.0000000000,-0.0000000000,-0.0000000000,0.0000000000,-0.0000000000,0.0000000000,-0.0000000000,0.0000000000,-0.0000000000,-0.0000000000,0.0000000000,0.0000000000,-0.0000000000,-0.0000000000,-0.0000000000,-0.0966567785,-0.1555636798,-0.1548898671,-0.0828378180,-0.2804535562,-0.0000000000,-0.0852348046,3.3624731805,0.0000000000,0.0000000000,0.0000000000,-0.0000000000,-0.0208000045,-0.1222940712,-0.0000000000,0.0000000000,-0.0000000000,-0.0410813238,-1.0951391216,-0.2514051665,-0.1582146955,-0.0000000000,-0.0000000000,-0.2235524055,-0.0000000000,-0.0000000000,-0.0291124323,-0.0000000000,0.0000000000,-0.1820233557,0.0000000000,-0.4117256076,-0.1232072387,0.0000000000,0.0000000000,0.1148158759,-0.0000000000,-0.0000000000,-0.0000000000,-0.0000000000,0.0000000000,0.0000000000,-0.0000000000,-0.0000000000,0.0000000000,0.0000000000,0.0000000000,-0.0000000000,-0.0000000000,0.0000000000,-0.0000000000,0.0000000000,0.0000000000,-0.0000000000,-0.0000000000,-0.0000000000,-0.0000000000,-0.5447979968,-0.0000000000,-0.0000000000,0.0000000000,-0.0000000000,-0.0000000000,0.0000000000,0.0000000000,-0.0000000000,-0.0000000000,-0.0000000000,-0.0000000000,-0.0000000000,-0.0000000000,0.0000000000,-0.0000000000,-0.0000000000,0.0000000000,0.0000000000,0.0000000000,-0.0000000000,-0.0000000000,0.0000000000,0.0000000000,0.2416890244,-0.0000000000,-0.0000000000,0.0000000000
0.0000000000,0.0000000000,-0.0000000000,0.1980383616,-0.0000000000,0.0000000000,0.0000000000,0.0000000000,0.0000000000,0.0684726827,-0.0000000000,0.0000000000,-0.0000000000,-0.0000000000,-0.0000000000,0.0000000000,-0.3551295025,-0.0000000000,-0.0000000000,-0.0000000000,0.0000000000,-0.2738730390,0.0000000000,3.4121683504,-0.0000000000,0.0000000000,0.0000000000,-0.0000000000,-0.0000000000,-0.4553245788,-0.0000000000,-0.0000000000,-0.0000000000,0.0000000000,0.0000000000,0.2716377045,-0.0000000000,-0.0198594661,-0.0000000000,-0.2971475978,-0.1783846313,-0.1798357220,-0.5349971471,-0.0000000000,0.0000000000,-0.0000000000,-0.1704937451,0.0000000000,0.0000000000,0.0000000000,-0.0000000000,0.0000000000,0.0000000000,0.0623108778,0.0000000000,0.0000000000,0.0000000000,0.0061545032,0.0000000000,-0.0000000000,0.0146199972,0.0000000000,0.0000000000,-0.0000000000,-0.0152153756,-0.0000000000,-0.0000000000,0.0000000000,0.0000000000,0.0000000000,-0.0000000000,-0.0000000000,-0.0000000000,-0.0000000000,-0.1897505364,-0.0000000000,-0.0000000000,-0.0270787616,-0.0306143196,-0.0000000000,-0.5643748359,0.0000000000,0.0000000000,0.0000000000,0.3384830337,0.0000000000,0.0000000000,-0.0000000000,0.0000000000,-0.4112981877,-0.0000000000,-0.0000000000,-0.1378169394,-0.1407561446,-0.0000000000,-0.1405722573,-0.0000000000,0.6618031015,0.0703433818,0.0000000000
-0.2258636997,0.0940567753,0.0000000000,0.0000000000,0.0691850360,-0.0000000000,-0.0000000000,0.0000000000,0.0000000000,-0.3005000528,-0.1621111719,-0.2200542938,0.0000000000,0.0000000000,-0.0000000000,0.0000000000,0.0000000000,0.0000000000,0.0000000000,0.0000000000,0.0000000000,-0.0000000000,0.0000000000,-0.0000000000,1.8733027426,-0.0196707848,0.0000000000,-0.0000000000,0.0000000000,-0.0000000000,-0.0000000000,0.0000000000,0.0000000000,-0.0000000000,0.0000000000,-0.0000000000,-0.0000000000,0.0000000000,-0.0000000000,-0.0836009965,0.0000000000,-0.0848562315,-0.0000000000,-0.0000000000,0.3321154081,-0.0000000000,-0.0000000000,-0.0000000000,0.0000000000,0.0000000000,-0.0000000000,-0.0000000000,0.0000000000,0.0000000000,0.0000000000,-0.0000000000,0.0000000000,0.0000000000,-0.0000000000,-0.0000000000,-0.0000000000,-0.0000000000,-0.0000000000,0.0000000000,0.0000000000,0.0000000000,-0.0000000000,-0.0000000000,-0.0000000000,0.0000000000,0.0000000000,-0.0000000000,-0.0000000000,-0.0000000000,-0.0548507648,-0.4723268491,0.0000000000,0.0000000000,-0.0000000000,-0.0000000000,-0.0000000000,-0.0000000000,0.0664614553,-0.0000000000,0.0000000000,-0.1371343684,0.0000000000,-0.0000000000,0.0401421929,-0.0000000000,-0.0000000000,-0.0631918927,-0.1719771153,0.0000000000,0.0000000000,-0.0000000000,-0.0000000000,0.0000000000,0.0000000000,0.0000000000
-0.0000000000,0.0000000000,0.0000000000,0.0000000000,0.0000000000,-0.0000000000,0.1979945155,0.0000000000,0.0000000000,-0.0000000000,-0.0301855529,-0.4242301243,0.0000000000,0.0000000000,-0.0000000000,0.0000000000,-0.0000000000,0.0211596334,0.0000000000,0.0000000000,0.0191923169,0.0000000000,0.0000000000,0.0000000000,-0.0196707848,2.4252228797,0.0000000000,-0.3688070667,0.0000000000,0.0000000000,0.0000000000,0.0000000000,0.0981305284,0.0000000000,-0.0000000000,-0.0802013140,0.0000000000,0.3118661121,0.0000000000,0.0000000000,0.0517530659,-0.0000000000,0.0000000000,0.0000000000,0.0000000000,0.0000000000,0.2810282382,0.0000000000,-0.0000000000,0.2306747560,-0.0000000000,0.0000000000,0.0000000000,-0.0000000000,0.0000000000,-0.0000000000,0.0000000000,-0.0000000000,-0.0000000000,-0.0000000000,-0.2886693421,-0.0000000000,-0.0000000000,-0.0000000000,0.0000000000,-0.0000000000,0.0000000000,-0.1944399287,-0.0000000000,0.0000000000,0.1088873480,-0.0000000000,-0.0000000000,-0.0000000000,-0.1338107659,-0.8529062506,-0.0000000000,-0.0000000000,0.0000000000,0.0000000000,0.0000000000,-0.0000000000,0.0000000000,-0.0000000000,0.0000000000,0.0000000000,-0.0000000000,-0.0188491360,-0.0000000000,0.0000000000,0.0000000000,-0.1483744538,-0.0000000000,-0.0000000000,-0.0000000000,0.0000000000,0.0035122270,-0.0000000000,-0.0000000000,0.0083347850
0.0000000000,-0.0000000000,-0.0000000000,-0.0000000000,-0.0554661731,-0.0000000000,-0.0000000000,-0.0000000000,-0.0000000000,-0.0000000000,0.0000000000,-0.0000000000,-0.0000000000,-0.0106217896,-0.0000000000,-0.0000000000,0.0000000000,0.0000000000,0.0000000000,-0.2160638453,-0.0000000000,0.0000000000,-0.0000000000,0.0000000000,0.0000000000,0.0000000000,3.3051425318,-0.0000000000,-0.0000000000,0.0000000000,0.0000000000,-0.0000000000,-0.0000000000,0.0000000000,-0.2056753501,0.0000000000,-0.0000000000,-0.0000000000,-0.0000000000,-0.0000000000,-0.0000000000,0.0000000000,0.0000000000,-0.3234840494,-0.7393474492,-1.1551037840,-0.0000000000,-0.0080105776,-0.0000000000,-0.0000000000,-0.0000000000,-0.0000000000,-0.1378999538,-0.2605904927,-0.0000000000,-0.0000000000,-0.0000000000,-0.0000000000,0.0000000000,0.0000000000,-0.0000000000,-0.0365541710,0.0000000000,0.0025043141,-0.0000000000,0.0000000000,-0.0000000000,0.0000000000,0.0000000000,-0.0000000000,-0.0893268791,0.0000000000,-0.0000000000,-0.0000000000,0.0000000000,0.0000000000,-0.1241162306,-0.0000000000,0.0000000000,0.0000000000,0.1540416972,0.0713976820,-0.0000000000,0.0000000000,-0.5614751787,0.0000000000,-0.0000000000,-0.0000000000,0.0000000000,0.0000000000,0.0000000000,0.0000000000,0.0000000000,0.0000000000,0.0518366569,-0.0000000000,-0.0000000000,-0.0000000000,-0.0000000000,-0.0000000000
0.0000000000,0.0000000000,-0.0000000000,0.0810848186,-0.0000000000,-0.0000000000,0.0000000000,0.0000000000,0.0000000000,-0.0000000000,-0.0000000000,-0.0000000000,-0.0000000000,0.0000000000,-0.0000000000,0.0000000000,-0.2308756403,0.0000000000,0.0000000000,-0.0000000000,0.0000000000,-0.0000000000,-0.0208000045,-0.0000000000,-0.0000000000,-0.3688070667,-0.0000000000,4.2810567092,-0.7073639877,0.0000000000,-0.0000000000,0.0000000000,0.0000000000,-0.0000000000,-0.2314139458,-0.0000000000,-0.0080239453,0.0537120619,-0.0000000000,-0.0000000000,-0.0000000000,-0.0447932188,-0.0000000000,-0.0000000000,-0.0000000000,0.0000000000,0.0000000000,-0.0000000000,-0.0000000000,0.0000000000,0.0000000000,0.0000000000,-0.0000000000,0.0000000000,0.0000000000,-0.0000000000,0.0943265745,0.0000000000,-0.0000000000,-0.0000000000,-0.0000000000,-0.0000000000,-0.0000000000,0.0000000000,0.0000000000,0.0000000000,0.0000000000,-0.0000000000,0.0000000000,0.0000000000,-0.0000000000,-0.0000000000,-0.0000000000,-0.0000000000,-0.4823993845,-0.0831857200,-0.2058070141,-0.7742688686,-0.0000000000,0.0000000000,-0.0000000000,-0.0000000000,-0.0000000000,-0.0000000000,0.0000000000,0.0000000000,-0.1524912096,-1.7481992660,-0.0000000000,0.0000000000,0.0000000000,-0.0000000000,-0.0000000000,-0.0000000000,-0.0000000000,-0.0000000000,0.0507381485,0.0000000000,-0.0000000000,0.1541911561
-0.0000000000,0.0000000000,-0.0794821544,0.0044502596,-0.0000000000,-0.0000000000,-0.0000000000,-0.0000000000,-0.0000000000,0.0000000000,0.0828327039,0.0000000000,-0.0000000000,0.0000000000,-0.3096370881,-0.0000000000,-0.0000000000,-0.0000000000,0.0000000000,-0.3085640661,-0.0000000000,-0.0000000000,-0.1222940712,-0.0000000000,0.0000000000,0.0000000000,-0.0000000000,-0.7073639877,2.8276973358,0.0000000000,-0.0000000000,0.0000000000,-0.0000000000,-0.0279060308,-0.0000000000,-0.0000000000,-0.0000000000,0.0000000000,-0.0000000000,-0.0000000000,-0.0056778431,-0.0102684703,-0.0000000000,-0.0583093728,-0.0000000000,0.0000000000,0.0000000000,-0.2390147850,-0.1819505874,0.0000000000,-0.0000000000,-0.0000000000,-0.0000000000,0.0000000000,0.0000000000,-0.0000000000,0.0000000000,0.0000000000,0.0000000000,0.0000000000,0.0000000000,0.0000000000,-0.0000000000,0.0000000000,-0.0000000000,-0.0000000000,-0.0184427234,-0.0000000000,-0.0000000000,0.0000000000,-0.0000000000,-0.0000000000,-0.1469561915,-0.0000000000,-0.0000000000,-0.0000000000,-0.6829668117,-0.0000000000,-0.0000000000,-0.0000000000,-0.0000000000,-0.0000000000,-0.0000000000,-0.0000000000,0.0000000000,0.0311499570,-0.2474314616,-0.0000000000,-0.0000000000,0.0000000000,0.0000000000,0.0000000000,-0.0000000000,-0.0000000000,-0.0000000000,-0.0128193936,0.0000000000,0.0000000000,-0.0000000000,0.0000000000
