1.945766998218850352e+00,-0.000000000000000000e+00,-0.000000000000000000e+00.1,-0.000000000000000000e+00.2,-0.000000000000000000e+00.3,-2.920238274553094704e-01,-0.000000000000000000e+00.4,-1.167816138565216065e-03,0.000000000000000000e+00,0.000000000000000000e+00.1,0.000000000000000000e+00.2,1.392635890586803871e-01,-0.000000000000000000e+00.5,-0.000000000000000000e+00.6,-0.000000000000000000e+00.7,-2.031669962567302923e-01,0.000000000000000000e+00.3,-0.000000000000000000e+00.8,0.000000000000000000e+00.4,-9.235049872213693667e-02,2.885398366603495954e-02,0.000000000000000000e+00.5,0.000000000000000000e+00.6,6.797995962633328337e-02,-0.000000000000000000e+00.9,1.849861578863077893e-01,-0.000000000000000000e+00.10,0.000000000000000000e+00.7,0.000000000000000000e+00.8,0.000000000000000000e+00.9,-7.408553524830138737e-02,-0.000000000000000000e+00.11,0.000000000000000000e+00.10,-0.000000000000000000e+00.12,0.000000000000000000e+00.11,-0.000000000000000000e+00.13,-0.000000000000000000e+00.14,-9.515816524588834036e-02,0.000000000000000000e+00.12,1.369200041749326496e-02,-0.000000000000000000e+00.15,-7.177947664353073742e-02,0.000000000000000000e+00.13,-0.000000000000000000e+00.16,-0.000000000000000000e+00.17,-0.000000000000000000e+00.18,-0.000000000000000000e+00.19,-7.429899584656203537e-02,-3.977279562829889592e-01,-0.000000000000000000e+00.20,-4.960861285118306485e-01,-0.000000000000000000e+00.21,-0.000000000000000000e+00.22,-0.000000000000000000e+00.23,-0.000000000000000000e+00.24,-7.899781145824508188e-02,-0.000000000000000000e+00.25,0.000000000000000000e+00.14,-1.327645137643697348e-01,0.000000000000000000e+00.15,0.000000000000000000e+00.16,0.000000000000000000e+00.17,-0.000000000000000000e+00.26,0.000000000000000000e+00.18,-0.000000000000000000e+00.27,-0.000000000000000000e+00.28,-0.000000000000000000e+00.29,-0.000000000000000000e+00.30,2.734350554729601812e-02,-0.000000000000000000e+00.31,-0.000000000000000000e+00.32,0.000000000000000000e+00.19,0.000000000000000000e+00.20,8.074616367915903037e-02,0.000000000000000000e+00.21,0.000000000000000000e+00.22,0.000000000000000000e+00.23,0.000000000000000000e+00.24,-0.000000000000000000e+00.33,0.000000000000000000e+00.25,1.016523701677914393e-01,0.000000000000000000e+00.26,1.826051130186343296e-01,1.588315405129205396e-02,0.000000000000000000e+00.27,0.000000000000000000e+00.28,-0.000000000000000000e+00.34,0.000000000000000000e+00.29,-0.000000000000000000e+00.35,0.000000000000000000e+00.30,-0.000000000000000000e+00.36,-0.000000000000000000e+00.37,-0.000000000000000000e+00.38,-0.000000000000000000e+00.39,0.000000000000000000e+00.31,-0.000000000000000000e+00.40,0.000000000000000000e+00.32,-0.000000000000000000e+00.41,-2.193893009525526294e-01,-0.000000000000000000e+00.42
-0.0,3.177131975684555,-0.3464921710118969,-0.9699554311106474,-0.5258866654259937,-0.0,-0.030559400910751586,-0.0,-0.08376501336251284,-0.0,0.0,0.0,-0.0,-0.0,-0.0,-0.0,0.0,0.0,0.0,-0.0,-0.0,0.0,0.0,0.028111123269355554,0.0,0.0,-0.0,-0.0,0.0,-0.0,0.0,-0.0,-0.0,0.0,0.0,-0.0,-0.0,-0.0,-0.0,-0.0716003936302631,-0.0,0.0,0.0,0.0,-0.10847631138402108,0.0,-0.0,-0.0,0.0,-0.0,-0.0,-0.8125640148478978,-0.0,-0.0,-0.0,-0.0,-0.0,-0.38896272326670595,-0.054049742392348395,-0.0,-0.0,-0.0,-0.0,-0.0,-0.0,-0.015361661306354368,0.0,0.0,0.0,-0.0,-0.0,0.0,0.0,-0.0723382420797172,-0.0,0.014295780587936086,-0.10296786073749307,-0.0,-0.0,-0.0,0.0,-0.0,-0.0,0.0,-0.09820875003826048,-0.00425799582272486,-0.0,0.0,-0.0,-0.0,-0.0,-0.0,-0.0,0.0,0.16421384293259425,0.0,0.0,0.0,0.07299697695885043,-0.0
-0.0,-0.3464921710118969,2.3824488564548534,-0.0,-0.0,-0.2085293119721152,-0.0,-0.28237878821999723,-0.0,0.0,0.02496872950287232,0.0,-0.0,-0.06124026456441205,-0.0,-0.0,0.0,-0.0,0.0,0.0,-0.0,-0.04269075180924022,-0.0,0.0,0.13978495285984374,-0.0,-0.0,-0.0,-0.0,-0.05640966590367437,-0.0,0.0,0.21022393087781424,0.0,0.0,-0.0,-0.0,-0.0,0.0,-0.0,0.0,-0.0,-0.0,-0.0,-0.0,-0.04124807169932562,0.0,0.0,0.0,0.0,0.0,-0.5286337684447091,-0.0,0.0,-0.16931753962198376,-0.0,-0.43242076671347,-0.0,0.0,-0.0,-0.04749081545693472,-0.0083405464538977,-0.0,-0.0,-0.08025099403097016,-0.0,0.0,0.0,0.0,-0.0,0.0,-0.0,-0.0,0.0,0.0,0.0,-0.09243457398398233,-0.0,-0.0,0.0,0.0,0.0,-0.0,0.0,0.0,-0.0,-0.0,0.0,0.0,0.0,0.0,0.1200508612221123,0.0,-0.0,0.0,-0.0,-0.0,0.0,0.0,0.0
-0.0,-0.9699554311106474,-0.0,2.749185909062573,-0.2051306362766788,0.0,-0.0,-0.0,-0.0,-0.0,0.0,0.0,0.0,0.0,0.0,-0.0,-0.0,0.0,0.0,-0.27821295084162084,-0.08102520620380285,0.0,0.0,0.0,0.07932967634043153,0.0,-0.0,0.0,0.0,0.0,-0.3817175190586222,0.0,0.0,0.10305343669237826,0.06569354585824229,-0.0,0.0,0.0,0.0,-0.0,0.0,0.0,0.10444927552658458,0.0,-0.0,0.0,0.0,-0.0,0.0,0.0,-0.12715883202350833,-0.0,-0.1936738662085906,-0.7063347352035073,-0.0,-0.0,-0.19893267028711048,-0.0,-0.0,0.09182523051745348,-0.0,-0.0,0.0,0.0,0.0,0.0,0.0,0.0,0.0037740812182131102,-0.0,-0.0,0.1036589003132427,0.0,-0.13471310605637693,-0.0,0.006135801307822744,-0.0,0.0,-0.0,-0.0,0.0,0.0,-0.0,0.0,-0.0,0.0,0.0,0.0,-0.0,0.0,0.0,0.0,0.0,0.11409775242071676,0.01320537943485144,0.0,0.03621066270034528,0.0,0.0,0.0
-0.0,-0.5258866654259937,-0.0,-0.2051306362766788,1.7601426926241328,-0.0,-0.0,-0.0,-0.04605952330222488,-0.0,0.0,-0.0,0.0,0.0,-0.03531302842676723,-0.0,-0.0,-0.0,0.0,-0.06537555958393315,-0.0,-0.01009365595469037,0.0,-0.0,-0.0,-0.0,0.0,-0.0,0.0,0.0,-0.0,-0.0,-0.0,0.0,0.0,-0.0,-0.0,-0.0,-0.0,-0.0,-0.0,0.0,-0.0,0.0,-0.0,-0.0,-0.0,0.0,-0.0,-0.05891987793135242,-0.0,-0.0,-0.22974392408367056,-0.19175340211102695,-0.03211367389660029,-0.0,-0.0,-0.0,-0.05839993875234552,0.0,-0.048124294489919034,0.1748447418174992,0.027036575589194912,0.0,0.0,-0.0,-0.0,-0.0,0.07644173187616436,-0.0,-0.0,0.0,0.0,-0.0,-0.0,0.0,-0.08224550203482385,0.0,-0.0,-0.21847575691402651,0.07683579091411447,-0.0,-0.14044264368610132,-0.0,0.0,0.0,-0.0,0.0,-0.0,0.01837975049184056,0.0,0.0,0.0,0.0,0.048005397812941136,-0.0,-0.0,0.0,-0.0,-0.0
-0.29202382745530947,-0.0,-0.2085293119721152,0.0,-0.0,3.3802143917924155,-0.052097005679714405,-0.11495414441851565,-0.061954953628366144,0.0,0.0,0.0,-0.0,-0.0,-0.0,0.0,0.05558007379160576,-0.0,0.0,0.0,0.08638854880161814,-0.0,0.0,0.10838825592602284,-0.0,0.0,0.0,0.0,0.0,0.0,0.0,0.0,0.0,-0.0,-0.0,0.0,0.0,0.0,0.0,0.0,-0.0,-0.0,-0.0,0.0,-0.0,-0.0,-0.0,-0.0,-0.0,0.0,-0.0,-0.29011065907258127,-0.0,0.0,-1.3973162537641275,-0.7776535967849288,-0.0,-0.0,-0.07280977344521437,-0.0,-0.0,-0.0,-0.36729636077844013,0.0,-0.0,-0.0,0.0,-0.0,0.0,-0.0,0.0,0.0,0.0,0.08717878448415446,0.0,0.0,-0.0,-0.0,-0.0,0.0,0.014357138233549364,-0.0,0.0,0.0,0.0,-0.0,0.0,0.0,0.06756614077853804,0.0,-0.0,0.0,0.0,-0.33125937927898674,0.0,0.0,-0.0,-0.0,-0.0,0.002722745737206188
-0.0,-0.030559400910751586,-0.0,-0.0,-0.0,-0.052097005679714405,2.169514930280995,-0.5159127603560876,-0.0,-0.15102561665722947,0.0,-0.0,-0.0,-0.022576162221316313,-0.0,-0.20941554525672265,-0.0,-0.0,0.0,-0.08964800097249584,-0.31293100620599906,-0.0,-0.0,0.0,-0.0,0.0,-0.0,0.0,-0.0,-0.008798618662342467,-0.0,-0.0,-0.04929076378264467,0.0,-0.0,-0.13903915906904568,0.0,-0.0,0.0,-0.08869715378058035,0.0,-0.0,0.0,0.0765306576983032,-0.0,0.0,-0.0,-0.0,0.0,-0.0,-0.0,-0.0,-0.07886771853984889,0.0,-0.0,-0.09195638526082264,-0.14344942821808543,-0.0,-0.1258064331616224,-0.0,-0.008684452985782586,0.0,-0.0,-0.0,-0.0,-0.0,-0.2415198543434657,-0.0,0.0,-0.0,-0.0,-0.0,-0.06541921517424511,0.0,-0.1034495600447422,-0.0,-0.09100345081286672,-0.0,-0.0,0.0,0.0,0.0,0.0,-0.0,-0.0,-0.0,-0.0,-0.0,-0.0,0.0,0.06733350093984579,0.0,0.0,0.0,0.0,0.0,0.0,-0.0,0.0,-0.0
-0.001167816138565216,-0.0,-0.28237878821999723,-0.0,-0.0,-0.11495414441851565,-0.5159127603560876,4.231795119436588,-0.497186334160628,0.0,0.11842337959599045,0.0,0.0,0.0,0.0,-0.0,0.02372515038678232,-0.14389679444539397,0.0,-0.0,-0.0,-0.0,0.0,0.0,0.0,0.0,0.0,-0.0,0.0,0.0,-0.0,0.0,0.0,0.0,0.0,0.0,0.10705670279889916,-0.0,0.0,-0.0,0.0,-0.0,0.0,0.0,0.0,0.0,-0.0,0.02868308069286412,0.0,0.0,-0.0,-0.488823842816659,-0.2169195433765054,0.0,-0.0,-0.18992858503241944,-1.6825963611905672,-0.2111400907383675,0.0,0.0,0.0,0.0,-0.0,0.0,-0.0,0.0,-0.0,0.0,0.0,-0.2415649070084964,-0.0,-0.0,-0.0,-0.0,0.0,0.0,-0.0,0.0,-0.0,-0.0,0.09457312765690723,0.1692234912333994,0.0,0.0,0.0,-0.0,0.0,-0.0,0.0,0.0,0.0,0.0,0.0702325203375828,-0.0,0.0,-0.0,-0.0,0.0,0.0,0.0
0.0,-0.08376501336251284,-0.0,-0.0,-0.04605952330222488,-0.061954953628366144,-0.0,-0.497186334160628,2.9309652737918155,-0.0,-0.0,-0.0,-0.0,0.0,0.0,0.0,0.0,0.0,0.2609791733562776,0.0,0.0,-0.0,0.0,0.0,-0.0,-0.10509238690863235,0.0,-0.0,-0.0,-0.0,-0.0,0.12203728979061113,0.0,0.0,-0.0,0.0,0.0,0.0,0.0,-0.0,0.0,-0.03488457516992883,-0.0,-0.0,-0.05337812255014629,-0.0,0.0,0.0,0.0,0.0,0.0,-0.03546823891571615,-0.0,-0.0,-0.4874241089034625,-0.16339563631548584,-0.0,-1.2518237823349228,-0.0,-0.0,-0.09561061947597721,0.0,-0.0,0.0,0.0,0.0,0.0,0.04768015269352783,0.0,0.0,0.0,0.0,0.0,-0.0,0.0,-0.0,-0.0,0.0,-0.0,0.0,0.0,0.0,-0.0,0.0,0.0,-0.0,0.0,0.0,0.0,0.0,0.0,0.07514143518035006,0.0,0.0,0.0,-0.0,0.0,0.0,0.0,0.1772798562964536
0.0,-0.0,0.0,-0.0,-0.0,0.0,-0.15102561665722947,0.0,-0.0,3.638717807637759,-0.7421077102512064,-0.6515448072659029,-0.03889801798602264,-0.0,-0.0,-0.0,-0.0,0.0,-0.0,-0.0,-0.0,0.0,-0.0,-0.0,-0.270305916869698,-0.0,-0.0,-0.0,-0.0,-0.20070403074974463,0.0,-0.0,-0.0,-0.0,-0.0,-0.06673109016476768,-0.0,0.0,0.0,-0.11064568376395056,0.0,0.0,0.0,-0.0,-0.0,0.0,0.0,-0.06974928050865463,-0.0,-0.0,-0.0,0.0,-0.0,-0.0,-0.0,-0.0,0.0,0.0,-1.0256061427197147,-0.24735031673817043,-0.2874686574195763,0.0,0.0,-0.0,0.0,-0.0,-0.0,-0.0,0.0,0.0,-0.0,-0.0,0.0,-0.0,-0.06911383437401449,-0.2097485073477336,-0.0,-0.0,-0.0,-0.0,0.0,-0.0,-0.2756056678533505,-0.0,-0.0,0.0,-0.03347357798722606,0.0,-0.0,0.0,-0.0,0.0,-0.0442799759661965,-0.0,0.0,-0.0,0.01395169792886236,-0.0,-0.0,-0.0
0.0,0.0,0.02496872950287232,0.0,0.0,0.0,0.0,0.11842337959599045,-0.0,-0.7421077102512064,2.1180532929636646,-0.3508929480311101,-0.10187065610272512,-0.0,-0.0,0.0,-0.0,0.0,-0.0,-0.0,-0.0,-0.0,-0.03753509625641539,-0.0,-0.0,-0.3258276492559753,-0.0,-0.0,-0.0,-0.0,-0.0,0.0,-0.0,-0.0,-0.0,-0.0,-0.0,-0.0,-0.0,-0.0031158466299336966,0.0,-0.0,-0.0,-0.2722339687096911,-0.0,-0.0,0.0,-0.0,-0.0,0.0,-0.0,0.07952718318794745,-0.0,0.0,0.0,0.0,0.0,-0.0,0.0,-0.07005265932755546,-0.22493429601910384,-0.0,-0.0,-0.2187044937850907,0.12014918708455825,-0.0,0.0,-0.0,-0.0,0.0,-0.0,-0.0,0.0,-0.005369844213428398,0.0,-0.0,0.0,-0.0,-0.022693267192679584,-0.0,0.0,-0.0,-0.0,0.0,0.0,0.0,-0.0,-0.0,-0.0,0.0,0.0,0.0,-0.0,-0.0,-0.0,-0.0,0.0,-0.0,-0.0,0.0
0.1392635890586804,0.0,0.0,0.0,-0.0,0.0,-0.0,0.0,-0.0,-0.6515448072659029,-0.3508929480311101,2.5589505667856876,-0.11565042745762372,0.0,0.0,0.0,-0.07362739142807113,0.0,0.0,-0.0,-0.0,0.0,-0.0,-0.0,-0.28733617916289306,-0.054729000161771194,0.0,0.0,-0.0,-0.1602700405747974,0.0,0.0,-0.0,0.0,-0.0,-0.0,0.0,-0.0,0.0,-0.0,0.0,-0.0,0.0,0.0,0.0,0.0,0.0,0.0,-0.0,0.0,0.0,0.0,-0.0,0.0,-0.0,-0.1902363954202285,0.0,0.0,-0.0,-0.07249286508843174,-0.039587648389200175,0.0,0.0,0.0,0.0,-0.0,-0.0,-0.0,0.0,0.0,-0.0,0.0,-0.0,-0.0,-0.4962352833965172,-0.3038823444091695,-0.0,-0.0,-0.0,-0.0,0.0,-0.0,0.0,-0.0,0.02753122808746605,-0.0,0.0,0.0,0.0,0.0,0.0,-0.0,-0.0,-0.0,-0.0,0.0,0.0,-0.0,-0.0,-0.0
-0.0,-0.0,-0.0,0.0,0.0,-0.0,-0.0,0.0,-0.0,-0.03889801798602264,-0.10187065610272512,-0.11565042745762372,2.2307749177669347,-0.0,-0.0,-0.0,-0.0,0.0,-0.0,0.0,0.0,0.001514554747922803,-0.0,0.0,-0.0,0.0,-0.0,0.06112818094792567,0.0,-0.0,-0.0,0.0,-0.0,-0.0,-0.0,0.0,0.0,-0.0,0.03723015135818476,-0.0,0.0,-0.0,0.0,-0.0,-0.0,-0.0,0.0,-0.0,-0.029141880068353603,0.0,-0.0,-0.0,-0.06369766932897991,0.0,-0.014439363500492575,-0.012947797867445852,-0.0,-0.0,-0.0,-0.32966421001697643,-0.2515415464608146,-1.2705353455803945,-0.0774035506319694,-0.0,-0.0,0.0,-0.0,-0.0,-0.008294544465061678,-0.0,-0.0,-0.0,0.0,0.0,-0.0,-0.0,0.0,-0.0,-0.0,0.0,0.07353425985648501,-0.0,0.0,-0.0,0.0,0.0,-0.0,0.09590881133916192,0.0,0.0,0.059152150589492886,0.07259598319650311,0.0,-0.0,0.0,-0.0,0.0,-0.0,-0.0,-0.0
-0.0,-0.0,-0.06124026456441205,0.0,0.0,-0.0,-0.022576162221316313,0.0,0.0,-0.0,-0.0,0.0,-0.0,2.2998685255478537,-0.28342061669322094,0.0,0.0,0.0,-0.0,0.008061289474456916,-0.0,-0.0,-0.39566824446620824,0.0,0.0,0.0,-0.0465787402934878,0.0,-0.0,-0.3170518270160767,0.0,-0.01891855479753317,-0.0,0.0,0.0,-0.0,-0.0,-0.05667167563259584,-0.0,-0.002512921186151356,-0.0,-0.02101616186374425,-0.0,-0.0,-0.2973783290940547,-0.0,-0.0,-0.0,0.0,-0.0,-0.0,-0.0,0.0,0.0,0.0,0.0,-0.0,-0.0,-0.0,-0.0,-0.08478191700448581,-0.06619952449568328,-0.33033666197104206,-0.4485767609714044,-0.28593853573340405,-0.05278601554875514,0.029252709000277575,0.0,0.0,0.0841698107162981,0.0,-0.0,-0.0,0.0,0.0,0.0,0.0,-0.17187551282122604,0.0,0.0,0.0,0.01960647884639129,0.0,0.002163651439650192,-0.0,0.0,-0.0,0.0,0.0,0.0,-0.0,-0.0,-0.0,0.0,0.007379395290012667,-0.0,-0.0,-0.0,0.0,-0.0
-0.0,-0.0,-0.0,0.0,-0.03531302842676723,-0.0,-0.0,0.0,0.0,-0.0,-0.0,0.0,-0.0,-0.28342061669322094,2.6503498911187875,0.10366735591549577,0.0,0.0,-0.0,-0.0,-0.44806176737838904,0.04900118399733886,-0.03641332732977312,-0.0,0.0,0.0,-0.05415209699150951,-0.0,-0.13730769044851956,-0.0510662358445135,0.0,-0.1771786143780699,-0.08404662764141553,0.0,0.0,-0.0,-0.08514866808770331,-0.0,-0.0,-0.03809592235259766,-0.0,0.0,0.0,-0.0,-0.0,-0.208983388776126,0.0,0.0,-0.0,-0.16584769272407285,-0.0078047170618394356,-0.0,0.01717816581867836,0.0,-0.0,0.0,-0.0,-0.0,-0.0,0.0,-0.12451383538221636,-0.0,-0.0,-0.026386332226781207,-0.17375172438183784,-1.258386636834632,-0.0,-0.0,0.0,0.0,-0.0,-0.0,0.0,-0.0,-0.0,0.0,-0.0,-0.0758492025848632,-0.0,-0.0,0.0,0.0,0.0,0.07567375495121634,-0.0,0.1460566069157464,-0.0,0.1319993877781732,-0.0,0.0,-0.0,0.0,0.0,0.0,0.0,-0.0,-0.0,0.0,0.0,-0.0
-0.2031669962567303,-0.0,-0.0,-0.0,-0.0,0.0,-0.20941554525672265,-0.0,0.0,-0.0,0.0,0.0,-0.0,0.0,0.10366735591549577,3.111201264467004,-0.259795391361402,-0.6184672919836692,-0.0319542469589877,-0.08242289498843133,-0.0,-0.0,0.0,-0.0,-0.0,0.0,0.0,0.0,0.0,0.0,-0.0,0.0,-0.0,-0.0,0.0,-0.06930010820508083,0.0,0.0,0.05783959379996889,-0.0,0.0,-0.0,0.0,0.0,0.10056456307584356,0.024561297003743984,0.0,-0.0,0.0,0.01586523979600342,-0.0,-0.0,-0.7700726787488222,-0.0,0.0,-0.04893084010295501,-0.0,0.0,-0.0,-0.0,-0.0,-0.0,-0.0,0.0,0.0,0.0,-0.22087933308715643,-0.0,-0.0,-0.724866265685366,-0.0,-0.0,-0.0,0.0,-0.0,0.0,-0.0,0.0,0.0,-0.0,0.0,0.0,0.0,-0.274537333627801,0.0,-0.0,-0.0,0.0,-0.0,0.0,0.050881717082105246,0.0,0.0,-0.0,0.0,0.0,0.0,-0.0,-0.0,0.0
0.0,0.0,0.0,-0.0,-0.0,0.05558007379160576,-0.0,0.02372515038678232,0.0,-0.0,-0.0,-0.07362739142807113,-0.0,0.0,0.0,-0.259795391361402,3.0708270508948368,0.0,-1.0514458874082249,-0.0,-0.0,-0.0661968224308538,-0.0,-0.49217084965078634,-0.02592528101393513,-0.0,-0.15236180727240786,-0.0,-0.0,0.0,0.0,-0.0,-0.0,-0.0,0.0,-0.008501293124771372,-0.0,0.09016334223664006,0.0,0.0,0.0,0.0,0.0,0.0,0.15558259567306615,0.0,0.0,-0.0,0.0,0.0,-0.0,0.0,-0.0,-0.11246186729145805,0.0,-0.0,0.0,0.0,-0.0,0.0,-0.0,-0.0,0.0,-0.0,0.0,-0.0,-0.0,-0.5002858000843602,-0.0,-0.0,-0.17717857773401233,-0.0,-0.13819380200645612,0.0,-0.27719450508659094,-0.0,-0.08917968972105168,-0.0,0.0,-0.0,-0.06338137628869418,0.0,0.0,-0.09151653280197801,0.0,0.0,-0.0,-0.0,-0.0,0.0,0.0,0.0,0.07280496597815357,0.0,0.0,0.0,0.0,-0.0,0.0,0.0
-0.0,0.0,-0.0,0.0,-0.0,-0.0,-0.0,-0.14389679444539397,0.0,0.0,0.0,0.0,0.0,0.0,0.0,-0.6184672919836692,0.0,3.666601471308677,-0.1725815385440224,-0.24833604588116143,-0.0,-0.47551893973343673,0.0,0.0,-0.0,0.0,0.0,0.0,0.035000371407820266,0.0,-0.0,-0.0,-0.0,-0.39483807443117686,0.0,0.0,0.12001813163224082,-0.0,0.0,0.0,0.0,-0.0,0.0,0.0,0.0,-0.0,-0.1231664611341924,-0.0,-0.0,0.0,-0.0,0.0,-0.0,0.02701261036845505,-0.0,-0.0,-0.0,0.0,0.0,0.0,0.03306095743322749,0.0,0.0,0.0,-0.0,0.0,-0.0,-0.18124670714699473,-0.0,-1.6103977645904803,-0.0,-0.0,-0.0,0.0,0.0,0.0,0.0,0.037491852803254205,0.0,-0.0,0.0,0.0,0.04120829041443704,0.0,0.14684526184075802,-0.0,0.0,0.0,0.0,0.14616983519204588,0.21834194534050116,0.0,0.0,-0.0,0.0,0.008567974430655103,0.0,-0.04341927957381499,-0.12329794016342516,0.0
0.0,0.0,0.0,0.0,0.0,0.0,0.0,0.0,0.2609791733562776,-0.0,-0.0,0.0,-0.0,-0.0,-0.0,-0.0319542469589877,-1.0514458874082249,-0.1725815385440224,2.871800547940568,-0.0,-0.2937003473342248,-0.0,-0.0,-0.0,-0.0,0.0,-0.12811172973935075,-0.0,0.0,0.0,0.0,-0.0,-0.0,-0.26276829005728064,0.0,0.0,0.0,0.0,0.0,0.0,0.0,-0.0,-0.0,-0.0,0.0,-0.0,-0.0,-0.0,0.0,0.0,-0.0,0.0,-0.0,-0.0,0.0,0.0,0.0,0.0,0.0,-0.0,0.0,-0.168595925443264,0.0,-0.0,-0.0,-0.0,0.0,-0.651596601781292,-0.2691264131123298,-0.0,-0.13144439788136864,-0.0,-0.0,0.0,0.0,0.0,0.0,0.0,0.0,-0.0,-0.0,0.0,0.0,0.0,0.0,0.0,0.0,0.0,0.0,0.05585474985630093,0.0,0.0,0.0,-0.0,0.0,0.0,0.0,-0.0,0.0,0.11006099900749727
-0.09235049872213692,-0.0,0.0,-0.27821295084162084,-0.06537555958393315,0.0,-0.08964800097249584,-0.0,0.0,-0.0,-0.0,-0.0,0.0,0.008061289474456916,-0.0,-0.08242289498843133,-0.0,-0.24833604588116143,-0.0,2.696183495978296,-0.0,0.0,0.0,0.0,-0.0,0.0,-0.0489862433067409,0.0,0.0,0.09345660546216658,-0.0,0.0,-0.0,-0.0,-0.0,-0.1381778353047239,-0.0,-0.0,-0.0,-0.0,-0.0,-0.0,0.0,0.0,-0.12263512114196876,0.0,-0.0,-0.21650856357188647,-0.0,-0.0020872798302180935,-0.1068931178702898,0.0,-0.0,-0.09871754550517273,0.0,-0.0,0.0,0.0,-0.0,-0.0,-0.0,-0.0,0.0,-0.0,-0.0,0.0,-0.06067804765277483,0.0,0.0,-0.0,-1.244640280218316,0.16606598710730455,0.0,-0.01553445893346454,0.0,0.0,-0.0,0.0,-0.0,0.0,0.0,0.0,-0.0,0.0,-0.0,0.0,0.0,0.0,-0.35569491172348544,-0.02897763973227568,0.014936869396733188,-0.0,-0.0,0.0,0.0,0.0,0.025944010479044884,-0.0,-0.14625289125902277,-0.0
0.02885398366603496,-0.0,-0.0,-0.08102520620380285,-0.0,0.08638854880161814,-0.31293100620599906,-0.0,0.0,-0.0,-0.0,-0.0,0.0,-0.0,-0.44806176737838904,-0.0,-0.0,-0.0,-0.2937003473342248,-0.0,2.1100935137821795,0.0,-0.0,-0.0,0.03162069782606118,0.0,-0.10622808938704711,-0.0,-0.0981420378686654,-0.0,-0.0,-0.0,-0.0,0.228854915999277,0.03474993181212962,0.0,0.03567092853743719,-0.0,-0.0,-0.0,0.0,-0.0,0.0,0.0,-0.0,0.0,0.0,0.0,0.02647687417621356,0.0,-0.0,0.0,0.0,0.0,0.0,0.0,-0.10827103216010132,0.0,0.02464423131778832,0.0,0.0,-0.0,0.0,-0.09835131562422798,-0.0,-0.0,-0.0,-0.049938869148438696,-0.0,-0.0,-0.4941584482513691,0.0,-0.35721781955196164,-0.0,-0.0,0.0,-0.0,-0.0,-0.0,-0.0,-0.0,0.024662016688420964,-0.0,0.0,-0.1026492557684227,0.0,0.0,-0.0,0.0,-0.0,0.008821594093251327,0.0,0.07308833411023916,0.049468469046653835,-0.0,0.0,0.0,0.0,0.021193889324625056,0.0
0.0,0.0,-0.04269075180924022,0.0,-0.01009365595469037,-0.0,-0.0,-0.0,-0.0,0.0,-0.0,0.0,0.001514554747922803,-0.0,0.04900118399733886,-0.0,-0.0661968224308538,-0.47551893973343673,-0.0,0.0,0.0,2.4626328487876368,-0.061985082419525835,-0.0,-0.0,-0.16855380118110375,0.0,-0.3733262742914599,0.0,-0.0,0.0,-0.0,0.0,-0.429381261803729,-0.23360901052501465,0.0,0.0,0.0,-0.0,-0.0,0.0,-0.0,-0.18989652861860937,0.0,0.0,-0.0,-0.05787528840184666,-0.0,0.0,0.0,0.0,-0.0,-0.0,0.0,0.0,0.0,-0.0,0.0,0.0,0.0,0.0,0.04503635677535425,0.0,-0.0,-0.0,0.0,0.0,-0.029330227809396883,-0.0,-0.0,0.0,-0.7532840201577428,-0.041401296077985136,0.0,0.0,-0.0,0.0,-0.0,0.0,0.0,0.0,0.0,0.0,-0.0,0.09365789330435968,-0.0,0.0,-0.0,0.08239328050659192,0.24127155999620237,0.0,0.0,-0.0,-0.0,0.0,0.0,-0.0,-0.18987562931972396,0.0,0.11587508578485461
0.0,0.0,-0.0,0.0,0.0,0.0,-0.0,0.0,0.0,-0.0,-0.03753509625641539,-0.0,-0.0,-0.39566824446620824,-0.03641332732977312,0.0,-0.0,0.0,-0.0,0.0,-0.0,-0.061985082419525835,2.5456774672816316,-0.0,-0.0,-0.034243408676076885,-0.0,-0.0,-0.0,-0.7567007266249202,0.02915020179812103,-0.0,0.0,-0.0,-0.0,-0.05696924835924901,-0.0,0.0,0.0,-0.12519667723996175,0.0,0.0,0.0,-0.0,-0.0,0.0,-0.0,-0.0,0.0,-0.0,0.0,0.0,0.0,0.0,0.0,0.0,0.0,0.0,-0.0,0.0,-0.0,0.0,-0.001592551556892664,-0.0,-0.16708712046999927,-0.0,0.0,-0.0,-0.0,0.0,0.0,-0.0,-0.8460569996937618,0.0,-0.0,-0.10307685739742035,-0.0,-0.0,0.0,0.0,0.0,0.0,0.0,0.0,0.0,0.004594244937560342,-0.0,-0.0,-0.0,0.07387389400286136,-0.0,-0.0,-0.0,0.0,0.0,-0.0,0.0,-0.0,0.0,0.0
0.06797995962633328,0.028111123269355554,0.0,0.0,-0.0,0.10838825592602284,0.0,0.0,0.0,-0.0,-0.0,-0.0,0.0,0.0,-0.0,-0.0,-0.49217084965078634,0.0,-0.0,0.0,-0.0,-0.0,-0.0,2.8662394309070742,-0.0,-0.4317230866057082,-0.0,-0.15453678525085127,-0.0,-0.0,0.0,0.0,-0.0,-0.0,-0.0,-0.0,0.0,-0.0,-0.0,-0.4600332253728032,0.0,-0.0,-0.23434552071653728,0.0,0.0670868823657066,-0.0,0.0,0.022969085337555845,0.38705451977935434,0.0,0.0,0.0,0.0,-0.0,0.0,0.0,0.0,0.0,0.0,-0.0,-0.0,0.0,0.0,-0.0,0.0,0.0,-0.0022821118100411594,-0.0,0.0,0.0,0.0,-0.0,-0.0,-0.05248926927240036,-0.39508619351157903,-0.0,-0.0,-0.0,-0.0,-0.0,-0.4109771865145292,0.0,-0.0,-0.0,0.0,-0.0,0.0,-0.0,0.0,-0.0,-0.0,-0.0,0.0,0.0,-0.6743827097117044,0.0,-0.0,0.024764387833114743,0.0,0.000314206174280495
-0.0,0.0,0.13978495285984374,0.07932967634043153,-0.0,-0.0,-0.0,0.0,-0.0,-0.270305916869698,-0.0,-0.28733617916289306,-0.0,0.0,0.0,-0.0,-0.02592528101393513,-0.0,-0.0,-0.0,0.03162069782606118,-0.0,-0.0,-0.0,2.4570848056824386,-0.0,-0.0,0.0,0.0,0.0,0.0,-0.1424790192564616,-0.07272844116128024,-0.0,-0.0,-0.0,0.0,-0.0,0.0,0.0,0.0,-0.0,-0.0,-0.0,0.0,0.0,-0.0,-0.10186536223195349,-0.0,0.0,-0.22051682090025407,-0.0,-0.02068900006443456,-0.0,0.0,-0.06485768055599991,0.0,0.0,-0.4088388237138242,-0.0779560104914479,-0.0,0.02489057796548242,0.0,0.0,-0.0,0.0,-0.0,-0.0,0.0,-0.0,-0.0,-0.0,0.0,0.0,-0.0,-0.9632770495113095,0.0,0.0,-0.0,-0.0,0.0,0.0,0.0,0.0,0.0472197347458807,0.0,0.0,0.0,0.0,0.1183564860292472,-0.0,-0.23765607497840985,-0.0,-0.210129124187808,-0.0,0.0,0.0,-0.0,-0.0,0.0
0.18498615788630776,0.0,-0.0,0.0,-0.0,0.0,0.0,0.0,-0.10509238690863235,-0.0,-0.3258276492559753,-0.054729000161771194,0.0,0.0,0.0,0.0,-0.0,0.0,0.0,0.0,0.0,-0.16855380118110375,-0.034243408676076885,-0.4317230866057082,-0.0,2.8619865498463044,0.0,-0.4128794032288285,-0.0,-0.004878631083682288,-0.0,0.0,0.0,0.0,-0.0,-0.0,0.12559003806484212,-0.0,0.0,-0.2307291016158332,0.11132097388267476,-0.04296806934365976,-0.0297505968665254,-0.0,0.0,0.0,0.0,0.1082601620638611,0.0,0.0,0.0,0.0,0.0,-0.0,0.0,0.0,0.0,-0.0,0.0,-0.0,-0.018416302960583553,0.05366442009264486,0.09548565272259155,0.0,0.0,0.0,-0.0,0.0022269929383347364,0.012962120056744712,0.0,0.0,-0.0,-0.0,-0.0,-0.0,-0.7261513273905276,-0.0,-0.14418857728398993,-0.0,-0.0,-0.0,0.1235348072057352,-0.0,-0.0,0.04147986045151797,0.0,0.0,-0.03023947640233773,0.0,0.0,-0.0,0.0,0.0,-0.0,-0.4004103680098341,-0.0,0.0,0.0,0.0,0.2456943323338806
-0.0,-0.0,-0.0,-0.0,0.0,0.0,-0.0,0.0,0.0,-0.0,-0.0,0.0,-0.0,-0.0465787402934878,-0.05415209699150951,0.0,-0.15236180727240786,0.0,-0.12811172973935075,-0.0489862433067409,-0.10622808938704711,0.0,-0.0,-0.0,-0.0,0.0,2.3157298045849632,-0.041434357658772514,-0.22748819010016408,-0.0,-0.0,-0.0,-0.0,0.0,-0.0,0.0,-0.214586364445288,-0.0,-0.0,-0.0,-0.0,-0.0,0.0,-0.14658010826284107,-0.11654896065561456,-0.0,0.0,-0.32002902955147206,-0.0,-0.0,-0.0025492513925375023,-0.0,0.0,-0.0,-0.0,-0.0,0.0,-0.0,-0.0,-0.0,-0.0,-0.0,-0.0,-0.24222932934937744,-0.04871631676078948,-0.012120843551892834,-0.0,-0.0,0.0,0.0,-0.10930725571155164,-0.0,-0.006327655810826522,-0.0,-0.0,-0.0,-0.0,-0.0,0.0,-0.0,-0.23904277429927323,-0.0,-0.0,0.0,-0.8400677929857686,0.0,-0.0,-0.0,-0.0,-0.0,-0.0,-0.0,-0.0,-0.0,-0.0,-0.0,-0.0,-0.0,0.0,-0.0
0.0,-0.0,-0.0,0.0,-0.0,0.0,0.0,-0.0,-0.0,-0.0,-0.0,0.0,0.06112818094792567,0.0,-0.0,0.0,-0.0,0.0,-0.0,0.0,-0.0,-0.3733262742914599,-0.0,-0.15453678525085127,0.0,-0.4128794032288285,-0.041434357658772514,2.1614974500320634,-0.16281349073902499,-0.0,0.13079668896687763,-0.0,-0.0,0.0,-0.21113106767375553,-0.0,-0.0,-0.0,-0.0,-0.008425210459117781,0.0,-0.0,-0.12396660731363932,-0.15830226979624085,0.0,-0.0,-0.0,-0.0,0.0,0.0,0.007783619557386298,-0.0,0.0,-0.0,-0.0,0.0,-0.0,-0.0,0.0,-0.0,-0.0,0.0,-0.0,-0.0,-0.0,-0.06879014790488922,0.0,-0.0,0.0,0.0,0.0,-0.0,-0.0,-0.0,0.0,-0.0,-0.20619076201267167,-0.0,0.0,-0.0,-0.0,0.129823604644545,-0.0,0.0,-0.0,0.0,-0.0,-0.6200903699590694,0.0,0.0,0.0,-0.0,-0.0,-0.0,-0.0,-0.0,-0.06336047255682023,0.0,0.0,0.0
0.0,0.0,-0.0,0.0,0.0,0.0,-0.0,0.0,-0.0,-0.0,-0.0,-0.0,0.0,-0.0,-0.13730769044851956,0.0,-0.0,0.035000371407820266,0.0,0.0,-0.0981420378686654,0.0,-0.0,-0.0,0.0,-0.0,-0.22748819010016408,-0.16281349073902499,2.119321113930836,-0.0,0.0,-0.0,0.0,0.0,-0.0,-0.0,-0.0,-0.0,0.0,-0.0,0.0,-0.0,0.0,-0.0,0.0,0.0,0.0,0.1274327410961104,-0.0,-0.0,0.0,0.008768185871508105,0.16326805556557927,0.0,0.0,-0.0,0.0,-0.0,-0.0,-0.0,-0.0,0.0,-0.18130918743479307,-0.0,0.0,-0.0,-0.15533020734254588,-0.0,-0.0,0.0,0.0,-0.0,-0.0,-0.0,-0.0,-0.0,-0.717091878492672,-0.1683874275931583,0.0,-0.0,-0.0,0.0,-0.0,-0.0,-0.13324298108944965,0.0,-0.05879653905408572,-0.2916624768338484,-0.0,-0.0,0.0,-0.0,0.0,0.0,-0.0,-0.0,-0.0,0.0,-0.0,-0.0
0.0,-0.0,-0.05640966590367437,0.0,0.0,0.0,-0.008798618662342467,0.0,-0.0,-0.20070403074974463,-0.0,-0.1602700405747974,-0.0,-0.3170518270160767,-0.0510662358445135,0.0,0.0,0.0,0.0,0.09345660546216658,-0.0,-0.0,-0.7567007266249202,-0.0,0.0,-0.004878631083682288,-0.0,-0.0,-0.0,3.240848126267305,0.0,-0.02789182488247344,0.0,0.0,-0.0,-0.0,-0.0,0.0,0.04887096896536425,-0.0,0.0,0.0,0.0,-0.0,0.0,0.0011042869817830716,0.0,0.0,0.0,0.0,0.0,-0.0,0.0,0.06272327967829265,0.0,0.0,0.0,0.0,-0.0,-0.0,-0.0,0.0,-0.051023588061028864,0.0,-0.0,-0.0,0.0,0.1371387154138055,0.0,0.006277248372628864,0.1708582890888999,-0.06905488273645416,-0.0,0.0,-0.2921587779819198,-0.0,-0.0,-1.4833314910164297,0.0,0.0,0.0,-0.0,0.0,0.0,-0.0,-0.0,-0.0,-0.0,0.0,0.0,-0.0,0.0,-0.0,0.0,0.0,0.0,0.05114808385459212,0.0,0.0,-0.0
-0.07408553524830137,0.0,-0.0,-0.3817175190586222,-0.0,0.0,-0.0,-0.0,-0.0,0.0,-0.0,0.0,-0.0,0.0,0.0,-0.0,0.0,-0.0,0.0,-0.0,-0.0,0.0,0.02915020179812103,0.0,0.0,-0.0,-0.0,0.13079668896687763,0.0,0.0,2.498256802217276,0.0,-0.0,0.0,0.0,0.0,0.0,-0.0,0.0,0.0,-0.0,-0.4552393246171072,-0.0,-0.008485899465997588,-0.1423372029116375,-0.0,0.0,0.060999846667616126,0.0,0.0,-0.13740396466905117,-0.0,-0.04409032202627054,-0.0,-0.0,-0.0,-0.0,-0.0,-0.0,0.0,-0.0,-0.013908132982976138,0.0,-0.0,0.0,0.12358058336013691,-0.0,0.0,0.0,-0.0,-0.0,0.0,0.0,-0.0,0.0,0.0,0.0,0.0,-1.3806014928276236,0.27614980239287606,0.0,-0.0,-0.0,0.0,0.0,0.0,0.05354372513891712,0.0,0.0,0.0,0.0,0.09215381204076654,0.13979549812697553,-0.0,-0.0,-0.0,0.0,0.0,-0.0,0.0
-0.0,-0.0,0.0,0.0,-0.0,0.0,-0.0,0.0,0.12203728979061113,-0.0,0.0,0.0,0.0,-0.01891855479753317,-0.1771786143780699,0.0,-0.0,-0.0,-0.0,0.0,-0.0,-0.0,-0.0,0.0,-0.1424790192564616,0.0,-0.0,-0.0,-0.0,-0.02789182488247344,0.0,2.109643389117713,-0.02826789268345118,0.0,-0.0,-0.0,0.0,-0.34313805286106813,0.0,-0.0,0.0,0.0,0.0,0.0,0.0,-0.0,-0.0,-0.08327485278234364,-0.0,-0.0,-0.17111362911417619,-0.0,-0.0,0.058795303884260075,0.0,-0.0,-0.0,0.0,-0.0,-0.0,0.0,0.0664600525379062,-0.0,-0.0,-0.0,-0.008789607860905508,-0.0,-0.0,0.08588542076917718,0.002973594005610887,0.015200606414217508,-0.1675306736584972,0.0,0.0,-0.0,-0.0,-0.0,-0.0,0.0,-1.1867903853003816,0.04627197384126366,0.07717402067943561,0.0,0.0,-0.0,0.011266307263325868,0.0,-0.0,0.027168799098384752,0.10644485215439949,-0.05242799086516245,-0.02921060091034706,-0.0,-0.0,0.0,0.0,0.0,0.0,0.0,0.0
0.0,-0.0,0.21022393087781424,0.0,-0.0,0.0,-0.04929076378264467,0.0,0.0,-0.0,-0.0,-0.0,-0.0,-0.0,-0.08404662764141553,-0.0,-0.0,-0.0,-0.0,-0.0,-0.0,0.0,0.0,-0.0,-0.07272844116128024,0.0,-0.0,-0.0,0.0,0.0,-0.0,-0.02826789268345118,1.2419241135657804,-0.0,-0.02725295164977175,-0.0,-0.1349992567087844,-0.10092313335175128,-0.2958607905462929,-0.0,-0.0,0.0,-0.02913241185006661,0.0,-0.0,-0.0,-0.008378411782996089,-0.0,0.0,-0.014119176284879832,-0.022656699882587623,-0.0,-0.0,-0.0,0.0,0.0,0.0,0.0,-0.0,-0.0,-0.0,-0.0,-0.0,-0.0,-0.0,-0.0,-0.0,-0.0,-0.0,-0.0,-0.08088535563924373,-0.0,0.0,0.0,-0.0,0.0,-0.0,-0.0,-0.0,-0.0,0.09641751523374013,0.0,-0.0,0.0,0.0,0.045862981396441536,-0.0,0.1519751176941317,0.0,0.021410878940655437,0.0,-0.0,-0.0,-0.0,-0.0,0.0,0.0,0.0,0.0,-0.0
-0.0,0.0,0.0,0.10305343669237826,0.0,-0.0,0.0,0.0,0.0,-0.0,-0.0,0.0,-0.0,0.0,0.0,-0.0,-0.0,-0.39483807443117686,-0.26276829005728064,-0.0,0.228854915999277,-0.429381261803729,-0.0,-0.0,-0.0,0.0,0.0,0.0,0.0,0.0,0.0,0.0,-0.0,2.6425590478174885,-0.22306950761004957,-0.0,-0.0,0.17189858336169184,0.0,0.0,-0.0,0.0,-0.0,0.15800607191033536,-0.0,0.0,-0.2878553299695154,-0.4389106736769969,0.0,0.0,0.0,0.0,0.0,0.0,0.0,0.05747746232754797,0.07641490083133363,0.03984338442999726,-0.0,-0.0,0.0,0.0,-0.0,0.0,-0.0,0.0,0.0,-0.0,-0.9922532910791471,-0.0,-0.0,-0.0,-0.0,0.0,0.0,-0.0,0.0,0.0,0.0,0.03836717759119158,-0.0,-0.1743320807840215,0.0,-0.0,0.2408919101764606,-0.0,-0.001352097825658122,0.03415526073282304,-0.0,0.0,0.0,0.0,-0.0,-0.0,0.0003068212440889487,0.19872364245026355,0.0,-0.09459866866877821,0.0,0.0
0.0,0.0,0.0,0.06569354585824229,0.0,-0.0,-0.0,0.0,-0.0,-0.0,-0.0,-0.0,-0.0,0.0,0.0,0.0,0.0,0.0,0.0,-0.0,0.03474993181212962,-0.23360901052501465,-0.0,-0.0,-0.0,-0.0,-0.0,-0.21113106767375553,-0.0,-0.0,0.0,-0.0,-0.02725295164977175,-0.22306950761004957,1.4998436096331556,-0.0,0.0,-0.0,-0.05135371125892143,-0.39868152446036,-0.0,0.0,-0.1622879149365019,0.007016779122490712,-0.08166804803964203,0.0,-0.12975224772835958,-0.0,-0.0,-0.0,0.0,-0.0,0.0,-0.0,0.0,0.0,0.0,-0.0,-0.0,-0.015620825640041906,-0.0,-0.0,-0.0,-0.0,-0.0,0.0,-0.0,0.0,-0.0,0.15115314687401962,0.0,-0.0,-0.0,-0.0,0.0,-0.01992610134151184,0.0,-0.0,0.17962744520904417,0.0,0.1519232845998992,0.03926955215321727,0.002758514951071462,-0.042066081055269565,0.0,-0.0,0.02188556995180944,-0.008770972850445095,0.0,0.0,0.0,-0.08522512793614083,-0.0,0.0,-0.0,0.0673631269390405,-0.0,0.01263425165465506,0.0,0.1141233479311338
-0.0,-0.0,-0.0,-0.0,-0.0,0.0,-0.13903915906904568,0.0,0.0,-0.06673109016476768,-0.0,-0.0,0.0,-0.0,-0.0,-0.06930010820508083,-0.008501293124771372,0.0,0.0,-0.1381778353047239,0.0,0.0,-0.05696924835924901,-0.0,-0.0,-0.0,0.0,-0.0,-0.0,-0.0,0.0,-0.0,-0.0,-0.0,-0.0,2.2347961322978165,-0.2018037219355924,0.0,0.0,-0.0,0.0,0.0,0.0,0.0,0.0,0.102068066604466,0.0,-0.0,-0.0,-0.0,-0.0,0.0,-0.0,0.0,0.0,-0.0,0.0,0.0,-0.0,-0.0,-0.039695283884701456,0.06365590471405522,-0.0,-0.0,-0.023008953152388996,-0.0,-0.0,0.0,0.0,-0.0,-0.0,-0.0,-0.0,-0.12382293235471468,-0.025021723102668987,-0.1503991653247057,-0.10862842595233176,-0.0,0.0,-0.0,0.0,0.0818536999669415,0.13468076715751223,-0.0,0.0,0.0,-0.0,0.0,-1.225726676336988,-0.0,0.0,-0.021334556203993823,-0.0,0.14804754446497295,-0.0,0.12880231571990594,0.07264898940156087,0.0032318314038475462,-0.05494483591472026,0.0
-0.0,-0.0,-0.0,0.0,-0.0,0.0,0.0,0.10705670279889916,0.0,-0.0,-0.0,0.0,0.0,-0.0,-0.08514866808770331,0.0,-0.0,0.12001813163224082,0.0,-0.0,0.03567092853743719,0.0,-0.0,0.0,0.0,0.12559003806484212,-0.214586364445288,-0.0,-0.0,-0.0,0.0,0.0,-0.1349992567087844,-0.0,0.0,-0.2018037219355924,3.1413966667235758,0.0,-0.0,0.0,-0.0,0.0,0.0,-0.022335618239952247,-0.04932236974085506,-0.0,-0.0,-0.08803776347474508,-0.0,-0.3798306800890111,0.0,0.0,0.0,-0.040874257588321104,-0.0,0.1904893359036667,0.013636682574299787,-0.0,-0.0,-0.0,-0.15139862388236072,-0.0,-0.022446142687752125,-0.04639246306303645,0.0,-0.0,0.25269168601156894,-0.0,-0.0,0.0,-0.0,0.0,0.024044612619683887,0.0,0.0,0.0,-0.0,0.0,-0.0,0.0,0.0,-0.0,-0.0,0.0,-0.0,0.0,-1.7241082289900345,0.0,-0.45659680044884143,0.0,0.0,-0.0,-0.033888071286812205,0.0,0.10323651831733165,-0.0,0.0,-0.0,-0.0,-0.059285127327740696
-0.09515816524588834,-0.0,-0.0,0.0,-0.0,0.0,-0.0,-0.0,0.0,0.0,-0.0,-0.0,-0.0,-0.05667167563259584,-0.0,0.0,0.09016334223664006,-0.0,0.0,-0.0,-0.0,0.0,0.0,-0.0,-0.0,-0.0,-0.0,-0.0,-0.0,0.0,-0.0,-0.34313805286106813,-0.10092313335175128,0.17189858336169184,-0.0,0.0,0.0,2.6657584375921792,-0.656166196257479,-0.10100648671975508,-0.0,-0.27232225553797285,-0.0,-0.0,-0.0,-0.1327996230632929,-0.10048106845569169,-0.0,-0.0,-0.06468896048817005,-0.0,-0.0,-0.0,0.0,0.0,-0.0,-0.0,0.0,0.0,-0.06892571267942182,0.0,0.0,0.0,-0.13888921929430495,-0.15181683307700983,0.0,-0.009255346887114399,-0.0,0.15498053758119315,0.0,0.0,0.0,0.0,-0.0,0.0,0.0,0.08503742807610709,0.0,-0.002744859377706873,-0.10668185888350253,0.06128606721447253,0.0,-0.0,0.0,-0.0,0.0,0.009788022912526553,-0.0,0.0,-0.0,-0.0,-0.2255993567500556,-0.13766950015723767,-0.02017746604281465,-0.0,-0.04431050277997616,-0.4754636314956495,-0.0,-0.00436397141693935,-0.0491558327595677
0.0,-0.0,0.0,0.0,-0.0,0.0,0.0,0.0,0.0,0.0,-0.0,0.0,0.03723015135818476,-0.0,-0.0,0.05783959379996889,0.0,0.0,0.0,-0.0,-0.0,-0.0,0.0,-0.0,0.0,0.0,-0.0,-0.0,0.0,0.04887096896536425,0.0,0.0,-0.2958607905462929,0.0,-0.05135371125892143,0.0,-0.0,-0.656166196257479,2.8921330188362777,-0.20756162884432044,-0.0,-0.016572583227389234,-0.15789679859285197,0.0,-0.05339178102420221,-0.18811328739573369,-0.7027137212768363,0.0,0.0,-0.20616597431721015,-0.0,-0.0,-0.0,-0.0,0.0,0.1641136726572217,-0.0,-0.0,0.0,-0.0,-0.0,-0.0,0.0,-0.13565829367664203,-0.0,-0.0,0.02772839321353536,0.0,0.0,0.0134828445268743,-0.0,0.13550478496927557,0.0,-0.0,0.3976961258829728,0.12645470806866407,0.0,0.0,0.0,0.0,0.06964432306384317,0.022005606138572296,0.0,0.07859135867523587,-0.0,-0.0,0.0,0.0,-0.0,-0.17927790110311603,-0.0,-0.0667643801866558,-0.11928288901504872,0.0,-0.0,0.0,-0.0,0.0,0.0,-0.0
0.013692000417493263,-0.0716003936302631,-0.0,-0.0,-0.0,0.0,-0.08869715378058035,-0.0,-0.0,-0.11064568376395056,-0.0031158466299336966,-0.0,-0.0,-0.002512921186151356,-0.03809592235259766,-0.0,0.0,0.0,0.0,-0.0,-0.0,-0.0,-0.12519667723996175,-0.4600332253728032,0.0,-0.2307291016158332,-0.0,-0.008425210459117781,-0.0,-0.0,0.0,-0.0,-0.0,0.0,-0.39868152446036,-0.0,0.0,-0.10100648671975508,-0.20756162884432044,2.3448565331706175,0.0,-0.0,-0.0,0.0,-0.03515263781180475,-0.0,-0.04738203838264709,0.0,0.0,-0.0,-0.0,-0.0,-0.0,-0.0,0.0,0.0,-0.0,-0.0,-0.0,-0.0,-0.0,0.0,-0.0,-0.1268607233987874,-0.0389732186504874,0.0,-0.11197219913961552,0.007609484745502648,0.0,0.0,0.0,-0.027955793998731333,-0.0,-0.7007873333098509,-0.0,-0.0,-0.0,-0.0,0.0,-0.0021308123715785715,-0.0,0.0345613682431934,-0.0,-0.0,-0.0,-0.0,0.0,-0.033742220558157836,-0.0,-0.0,-0.0,-0.0,-0.2931322771852749,0.03690820706149161,-0.0,0.0,-0.0,0.0,0.0,0.0
-0.0,-0.0,0.0,0.0,-0.0,-0.0,0.0,0.0,0.0,0.0,0.0,0.0,0.0,-0.0,-0.0,0.0,0.0,0.0,0.0,-0.0,0.0,0.0,0.0,0.0,0.0,0.11132097388267476,-0.0,0.0,0.0,0.0,-0.0,0.0,-0.0,-0.0,-0.0,0.0,-0.0,-0.0,-0.0,0.0,3.7484561128425975,-0.0,-0.0,-0.0,-0.7855613346073702,-0.16003497777917652,-0.5906646967872222,-0.3431952797734506,-0.03926725868784307,-1.3323347116036584,-0.0,0.0,0.03289048897794423,0.0,-0.0,0.0,0.054954882886949726,0.0,-0.0,-0.0,-0.0,-0.0,0.0,-0.0,-0.0,0.0,0.0,0.0,0.0,0.19411999759064055,0.0,0.4963598249985223,0.026711529547688607,0.0,0.049356337675383936,0.0,0.0,0.0,-0.0,0.0,0.0,-0.4567675526817744,-0.0,0.0,0.0,-0.0,0.0,0.0,-0.0,-0.1464024502244322,-0.0,-0.0,-0.0,-0.0,0.0,0.0,-0.0,-0.0,-0.0,-0.09412183267159256
-0.07177947664353074,0.0,-0.0,0.0,0.0,-0.0,-0.0,-0.0,-0.03488457516992883,0.0,-0.0,-0.0,-0.0,-0.02101616186374425,0.0,-0.0,0.0,-0.0,-0.0,-0.0,-0.0,-0.0,0.0,-0.0,-0.0,-0.04296806934365976,-0.0,-0.0,-0.0,0.0,-0.4552393246171072,0.0,0.0,0.0,0.0,0.0,0.0,-0.27232225553797285,-0.016572583227389234,-0.0,-0.0,2.1711552118854267,-0.4533142876340796,-0.2033609423127668,-0.06163992735189212,-0.0,-0.0,0.0,-0.0,-0.0,-0.01458219395895158,-0.0,-0.0,0.0,-0.0,-0.02086314104908696,-0.0,-0.0,0.0,-0.13047367576320107,-0.0,-0.0,0.0,-0.0,0.0,0.05568808166426292,0.0,-0.0,0.0,0.0,0.0,0.10029823313831487,-0.0,-0.0013370788819675747,0.058561708903474285,-0.0,0.0,0.0,-0.17496649336847991,0.0,0.0,0.2544606147866405,0.0,0.11462215792365936,-0.0,-0.0,0.3295846667814829,-0.0,0.0,-0.0,0.0,-0.0,0.0,-0.0,-0.4568651967068424,-0.0,-0.0,0.0,-0.0,0.0
0.0,0.0,-0.0,0.10444927552658458,-0.0,-0.0,0.0,0.0,-0.0,0.0,-0.0,0.0,0.0,-0.0,0.0,0.0,0.0,0.0,-0.0,0.0,0.0,-0.18989652861860937,0.0,-0.23434552071653728,-0.0,-0.0297505968665254,0.0,-0.12396660731363932,0.0,0.0,-0.0,0.0,-0.02913241185006661,-0.0,-0.1622879149365019,0.0,0.0,-0.0,-0.15789679859285197,-0.0,-0.0,-0.4533142876340796,2.9393856414526254,0.0,-0.0,-1.11705663061428,-0.4365347497942721,0.0,0.0475660397454994,-0.0,0.0,-0.0,-0.0,-0.018999978257174806,-0.0,0.0,-0.0,-0.0,0.0,-0.0,-0.0,-0.0,0.003877538428981909,-0.0,0.0,0.0,0.04955627911381861,-0.0,0.0,0.0,0.0,0.0,0.0,0.0,0.07734332861376161,0.0,0.1096434870613009,0.0,-0.0,0.0,0.0,0.0,-0.0,0.0,0.1457954813477466,-0.0,0.0,0.0,0.3015076414803722,0.0,-0.0,0.0,0.0,-0.2387360653902375,-0.2956684131775015,0.0,-0.14209066156372832,0.0,0.1693995633988184,0.19075945720648155
-0.0,0.0,-0.0,0.0,0.0,0.0,0.0765306576983032,0.0,-0.0,-0.0,-0.2722339687096911,0.0,-0.0,-0.0,-0.0,0.0,0.0,0.0,-0.0,0.0,0.0,0.0,-0.0,0.0,-0.0,-0.0,-0.14658010826284107,-0.15830226979624085,-0.0,-0.0,-0.008485899465997588,0.0,0.0,0.15800607191033536,0.007016779122490712,0.0,-0.022335618239952247,-0.0,0.0,0.0,-0.0,-0.2033609423127668,0.0,2.951531082722415,-0.0,-0.35557724755789066,0.1937687841185201,-0.0,-0.40254762887269646,-0.0,0.0,0.0,0.0,0.0,-0.0,-0.0,0.0,-0.0,0.0,0.0,-0.0,-0.0,0.0,-0.0,0.13241703748912514,0.0,0.0,-0.0,0.0,0.02290829890226928,0.0,0.0,0.0,0.0,0.0025144263503525063,-0.0,0.0,0.0,-0.06469606021552589,0.0,0.021285202574444863,-0.0,-0.0,0.06229045073851258,-0.0,0.3938028503506136,-0.0,-0.0,0.0,0.0,0.0,0.0,0.0,-0.05388449201683226,0.0,-1.843906579634828,-0.0,-0.0,-0.0,-0.0
-0.0,-0.10847631138402108,-0.0,-0.0,-0.0,-0.0,-0.0,0.0,-0.05337812255014629,-0.0,-0.0,0.0,-0.0,-0.2973783290940547,-0.0,0.10056456307584356,0.15558259567306615,0.0,0.0,-0.12263512114196876,-0.0,0.0,-0.0,0.0670868823657066,0.0,0.0,-0.11654896065561456,0.0,0.0,0.0,-0.1423372029116375,0.0,-0.0,-0.0,-0.08166804803964203,0.0,-0.04932236974085506,-0.0,-0.05339178102420221,-0.03515263781180475,-0.7855613346073702,-0.06163992735189212,-0.0,-0.0,2.400119978039421,-0.08328511046368761,-0.41019045251226893,-0.0021896943170926233,-0.0,-0.020062671783721245,-0.0,-0.0,0.0,-0.009217614421452601,-0.0,0.0,0.0,-0.0,-0.0,-0.0985608528771964,-0.034608014334981965,-0.0,0.0,-0.0,-0.0,0.0,0.19387554802597945,0.0,0.0,0.0,-0.0,0.023333954940967225,0.0,-0.0,0.0,0.0,0.0,0.0,-0.008252613847449939,0.0941433719145059,0.0,-0.0,-0.2739624346557672,0.28818895073109047,-0.0,0.0,-0.0,0.15015242995250588,-0.0,-0.0,0.0,-0.0,-0.0,0.0,0.0,-0.0,0.0,-0.0,0.0,-0.0
-0.0,0.0,-0.04124807169932562,0.0,-0.0,-0.0,0.0,0.0,-0.0,0.0,-0.0,0.0,-0.0,-0.0,-0.208983388776126,0.024561297003743984,0.0,-0.0,-0.0,0.0,0.0,-0.0,0.0,-0.0,0.0,0.0,-0.0,-0.0,0.0,0.0011042869817830716,-0.0,-0.0,-0.0,0.0,0.0,0.102068066604466,-0.0,-0.1327996230632929,-0.18811328739573369,-0.0,-0.16003497777917652,-0.0,-1.11705663061428,-0.35557724755789066,-0.08328511046368761,3.231164800278598,-0.2081602491264045,0.0,0.0,-0.17235915312451627,0.0,-0.1507212917524295,0.0,-0.0,-0.05719302946780889,0.0,-0.0,-0.04161758333766409,0.0,-0.0,-0.0,-0.24707064140963747,0.0,-0.09310006356650392,-0.0,-0.0,0.29400772748046156,-0.02643385269183581,0.0,0.0,0.0,0.0,0.08412835721368775,0.0,0.1815136010304385,0.1806264521039188,0.018739234267743588,0.0,-0.0,-0.0,0.0,0.0,-0.0,0.11218492343891213,0.0,0.0,0.0,0.0,0.014857332420965272,0.0,-0.0,0.0,0.0,-0.0,0.0,-0.02617759203561651,-0.7056311153484106,0.0,0.0,0.0
-0.0,-0.0,0.0,0.0,-0.0,-0.0,-0.0,-0.0,0.0,0.0,0.0,0.0,0.0,-0.0,0.0,0.0,0.0,-0.1231664611341924,-0.0,-0.0,0.0,-0.05787528840184666,-0.0,0.0,-0.0,0.0,0.0,-0.0,0.0,0.0,0.0,-0.0,-0.008378411782996089,-0.2878553299695154,-0.12975224772835958,0.0,-0.0,-0.10048106845569169,-0.7027137212768363,-0.04738203838264709,-0.5906646967872222,-0.0,-0.4365347497942721,0.1937687841185201,-0.41019045251226893,-0.2081602491264045,2.8805834717492407,-0.06570196801815723,-0.0,-0.029236502908743647,-0.0,-0.1629828997113306,-0.0,-0.0,-0.0,0.0,-0.0,-0.0,0.0,-0.024328853374051336,-0.0,-0.0,0.0,-0.1423299919556485,-0.2213885325528288,0.0,0.0,-0.0,-0.0,-0.0,-0.0,0.0,0.0,-0.0,0.036751030430296566,0.010392485211178262,0.38623864397023167,0.12985284542658643,0.0,0.0,0.0,0.0,0.0,0.024583508304609022,0.0,-0.028678814164309153,0.25529735728275765,0.08183444829626758,0.0,-0.0,-0.0,-0.17870457605175108,-0.0,0.0,0.0,0.1266065392833245,-0.0,-0.0,0.0,-0.0
