0,1,2,3,4,5,6,7,8,9,10,11,12,13,14,15,16,17,18,19,20,21,22,23,24,25,26,27,28,29,30,31,32,33,34,35,36,37,38,39,40,41,42,43,44,45,46,47,48,49,50,51,52,53,54,55,56,57,58,59,60,61,62,63,64,65,66,67,68,69,70,71,72,73,74,75,76,77,78,79,80,81,82,83,84,85,86,87,88,89,90,91,92,93,94,95,96,97,98,99
1.5124601435,-0.0000000000,-0.2540165381,0.0000000000,0.0000000000,-0.0000000000,-0.0000000000,-0.0000000000,-0.0000000000,-0.0000000000,-0.3166013380,-0.0000000000,-0.1571345377,-0.0000000000,0.0000000000,-0.0000000000,-0.0000000000,-0.2757504559,-0.0000000000,-0.0759829865,0.0000000000,0.0000000000,0.0000000000,-0.0000000000,-0.0000000000,-0.0000000000,0.0000000000,0.0000000000,-0.0000000000,0.0553161374,0.0000000000,-0.0000000000,-0.0000000000,-0.0000000000,0.0000000000,-0.0000000000,0.0000000000,-0.0000000000,0.0000000000,-0.0000000000,-0.1003623486,-0.0372885783,-0.0000000000,-0.0000000000,0.0099205589,0.0000000000,-0.0000000000,0.0000000000,-0.1202255827,-0.0000000000,-0.1010565351,0.0000000000,0.0000000000,0.0000000000,0.0000000000,0.0000000000,-0.0000000000,-0.0000000000,0.0000000000,-0.0811896084,-0.0000000000,-0.1949323528,-0.0000000000,-0.0000000000,-0.0000000000,0.0980663316,-0.0355094282,0.0000000000,0.0000000000,-0.0000000000,0.0000000000,0.0000000000,0.0000000000,0.0000000000,-0.0000000000,-0.0000000000,0.0146367753,0.0395620776,0.0000000000,0.0000000000,0.0000000000,-0.0000000000,0.0219864698,0.0000000000,0.0000000000,-0.0000000000,0.0000000000,0.0000000000,0.0000000000,-0.0000000000,0.0000000000,-0.1119882624,-0.0000603722,0.0000000000,0.0000000000,0.0000000000,0.0000000000,0.0000000000,-0.0000000000,-0.0000000000
-0.0000000000,2.9264284274,-0.2190074428,-0.2883499847,-0.5001083233,-0.0000000000,-0.0000000000,-0.2753305760,-0.0000000000,-0.0000000000,-0.0000000000,-0.0000000000,0.0000000000,0.0000000000,0.0000000000,0.0000000000,-0.0000000000,-0.0000000000,0.0000000000,0.0000000000,-0.0000000000,0.0000000000,0.0000000000,-0.0000000000,-0.0000000000,0.0000000000,0.0000000000,-0.0000000000,-0.0000000000,-0.0000000000,0.0000000000,-0.1412935520,-0.0000000000,-0.0000000000,-0.0000000000,0.0000000000,-0.0000000000,-0.0000000000,0.0000000000,-0.0000000000,0.0000000000,-0.0000000000,-0.0000000000,-0.0000000000,-0.0000000000,-0.0000000000,0.0000000000,0.0000000000,-0.0000000000,-0.0000000000,-0.0546439904,-1.3457860500,-0.0000000000,-0.0000000000,-0.0000000000,-0.0000000000,-0.0000000000,-0.0000000000,-0.0000000000,-0.0215691175,-0.0000000000,0.0000000000,0.0000000000,0.2657211322,0.0000000000,0.0947220865,-0.0000000000,0.0000000000,0.0000000000,-0.0000000000,0.0000000000,-0.0000000000,0.0000000000,0.0000000000,-0.0000000000,-0.1206884680,-0.0000000000,-0.0000000000,-0.0000000000,-0.0000000000,-0.0000000000,-0.0000000000,-0.0231374299,0.0000000000,-0.0000000000,0.0000000000,-0.0000000000,-0.0000000000,-0.2728775125,0.0000000000,0.0000000000,0.0000000000,0.0000000000,-0.0000000000,-0.0000000000,-0.0000000000,0.0000000000,0.0000000000,-0.0000000000,0.0000000000
-0.2540165381,-0.2190074428,2.2557999971,-0.0000000000,-0.0000000000,-0.0000000000,-0.0000000000,-0.2915811392,-0.2345766538,-0.0000000000,-0.0000000000,-0.0000000000,-0.0000000000,-0.0635185146,-0.0000000000,0.0000000000,-0.0000000000,-0.0308164940,-0.0000000000,0.0000000000,-0.0000000000,-0.0000000000,-0.0000000000,-0.0000000000,-0.0000000000,-0.0000000000,-0.0748784943,0.0000000000,-0.0000000000,-0.0000000000,-0.0000000000,-0.0000000000,0.0000000000,-0.0000000000,-0.0000000000,0.0000000000,0.0000000000,-0.0000000000,0.0000000000,-0.0000000000,-0.0000000000,-0.0000000000,-0.0000000000,-0.0000000000,-0.0000000000,-0.0000000000,-0.0000000000,-0.0000000000,-0.0000000000,-0.0000000000,-0.0563813439,-0.2933672701,0.0000000000,0.2999647814,-0.0000000000,-0.3701360752,-0.2190665248,-0.4068524549,-0.0635296796,-0.0000000000,-0.0000000000,-0.0000000000,0.0000000000,-0.0000000000,0.0000000000,0.0000000000,-0.0000000000,0.0000000000,0.0000000000,-0.0000000000,-0.0000000000,0.0000000000,-0.0000000000,-0.0000000000,-0.0000000000,-0.1078270235,-0.0000000000,0.0000000000,-0.0000000000,-0.0000000000,0.0000000000,-0.0000000000,-0.0607834804,0.0000000000,0.0000000000,0.0000000000,0.0000000000,-0.0000000000,-0.0000000000,0.0000000000,0.0000000000,-0.0000000000,-0.0000000000,-0.0126055058,-0.0000000000,-0.0000000000,-0.0000000000,0.0000000000,-0.0000000000,-0.0000000000
0.0000000000,-0.2883499847,-0.0000000000,3.1220548939,-0.1651229872,0.1790532001,-0.1080083496,-0.7898282120,0.2040922995,-0.0000000000,0.0000000000,-0.0000000000,0.0000000000,0.0989172064,0.0000000000,-0.0000000000,0.0000000000,-0.0000000000,0.0000000000,-0.0000000000,-0.0000000000,0.0000000000,-0.0000000000,-0.0000000000,0.0000000000,0.0000000000,-0.0000000000,-0.0000000000,-0.0000000000,-0.0000000000,-0.0000000000,-0.0000000000,-0.0585495572,0.0000000000,0.0000000000,0.0738034457,-0.0000000000,-0.0000000000,0.0044452008,-0.1382960965,0.0000000000,-0.0000000000,0.0000000000,-0.0000000000,-0.0000000000,-0.1052617356,0.0000000000,-0.0000000000,-0.0000000000,-0.0000000000,-0.0000000000,-0.3905972344,-0.5277659215,-0.6582118709,-0.0000000000,0.0000000000,-0.3011688017,0.0000000000,-0.0000000000,-0.0000000000,-0.0000000000,0.1166298199,0.0000000000,0.1958926866,-0.0000000000,0.0000000000,-0.0000000000,0.0080835051,0.0406220981,-0.0000000000,-0.0000000000,-0.0000000000,0.0000000000,-0.0000000000,-0.0000000000,-0.0000000000,-0.0228065102,-0.1415812521,-0.0159608621,0.0000000000,0.0000000000,0.0000000000,-0.0000000000,0.0000000000,-0.0000000000,-0.0000000000,-0.0000000000,0.0000000000,-0.0000000000,0.0000000000,0.0000000000,0.0138475201,0.0319904293,-0.0000000000,0.0000000000,-0.0000000000,-0.0000000000,-0.0000000000,-0.0000000000,-0.0000000000
0.0000000000,-0.5001083233,-0.0000000000,-0.1651229872,3.6990827527,-0.0000000000,0.0000000000,-0.0000000000,-0.0000000000,0.0639897838,0.0000000000,-0.0000000000,0.0000000000,-0.0000000000,0.0000000000,0.0000000000,-0.0349654646,0.0000000000,-0.0000000000,0.0000000000,-0.0000000000,-0.0000000000,0.0000000000,-0.0000000000,0.0000000000,-0.0000000000,-0.0000000000,-0.0000000000,-0.0000000000,-0.3106710515,0.0000000000,-0.0000000000,0.0000000000,-0.0000000000,0.0000000000,-0.0000000000,-0.0000000000,0.0000000000,-0.0000000000,0.0000000000,0.0000000000,-0.0000000000,-0.0000000000,0.0000000000,-0.0000000000,-0.0000000000,-0.0000000000,0.0000000000,-0.1313359724,-0.0000000000,0.0000000000,-0.2226718013,-0.0000000000,-0.2889765516,-2.3234438054,-0.0000000000,-0.0000000000,-0.1822347495,0.0640212478,-0.0000000000,-0.0000000000,0.0484675488,0.0000000000,0.0747610237,0.0000000000,0.0000000000,0.0000000000,-0.0000000000,0.0000000000,0.0000000000,0.0000000000,-0.0356654259,0.0630854472,0.0000000000,-0.0000000000,-0.0000000000,-0.0000000000,-0.0000000000,-0.0000000000,0.0000000000,0.0000000000,-0.0000000000,-0.0000000000,0.0000000000,0.0000000000,0.0000000000,-0.1517385182,-0.0000000000,-0.0000000000,0.0000000000,0.0000000000,-0.0000000000,0.0000000000,-0.0000000000,-0.0000000000,-0.0000000000,-0.0000000000,0.0091483288,-0.0000000000,0.0000000000
-0.0000000000,-0.0000000000,-0.0000000000,0.1790532001,-0.0000000000,3.2655114467,0.0759084902,0.0000000000,-0.4252367951,0.0000000000,-0.0000000000,-0.0000000000,-0.0187376770,-0.0000000000,0.0000000000,0.0000000000,-0.0000000000,0.0000000000,-0.0000000000,0.0000000000,0.0000000000,-0.0000000000,-0.0000000000,0.0000000000,-0.0000000000,-0.0000000000,0.0000000000,-0.0609022288,-0.0000000000,0.0000000000,-0.0000000000,-0.0000000000,0.0000000000,-0.0000000000,-0.0000000000,-0.0000000000,-0.0000000000,-0.0000000000,-0.0000000000,0.0000000000,-0.0000000000,-0.0000000000,-0.0000000000,0.0000000000,-0.0000000000,0.0000000000,-0.0000000000,0.0000000000,-0.4724516167,0.0000000000,0.0000000000,-0.0000000000,0.0000000000,0.0000000000,-1.4766324832,-0.8797925478,0.0000000000,-0.0470200542,-0.0000000000,-0.0000000000,-0.2055906769,-0.0000000000,-0.0000000000,-0.0000000000,-0.0000000000,0.0083601213,0.1161152786,-0.0000000000,-0.0000000000,0.0000000000,0.0000000000,-0.0000000000,0.0000000000,0.0592519830,-0.0000000000,-0.0000000000,0.0000000000,0.0000000000,0.0000000000,-0.0000000000,0.0000000000,-0.0000000000,-0.0000000000,-0.0000000000,0.0084679561,0.0000000000,-0.0000000000,-0.0000000000,-0.0000000000,0.0000000000,-0.0000000000,-0.0485645664,-0.0000000000,0.0000000000,-0.0000000000,0.0000000000,0.0000000000,0.0000000000,-0.0107156126,0.0000000000
-0.0000000000,-0.0000000000,-0.0000000000,-0.1080083496,0.0000000000,0.0759084902,2.7056268987,-0.5084548582,0.0000000000,-0.0000000000,0.0000000000,0.0000000000,0.0666934970,0.0000000000,-0.0000000000,-0.4734959944,0.0000000000,-0.0000000000,-0.0000000000,-0.1863022698,0.0000000000,-0.0000000000,0.0000000000,0.0000000000,-0.0000000000,0.0000000000,-0.0000000000,0.0000000000,-0.0952204486,0.0000000000,-0.0000000000,-0.0258748270,-0.0000000000,0.0000000000,0.0000000000,-0.0000000000,-0.0000000000,-0.1881652044,0.0000000000,-0.2105622262,-0.0000000000,-0.2569901380,-0.0000000000,-0.0000000000,0.0000000000,-0.0000000000,0.0000000000,0.0000000000,-0.0000000000,-0.1152966810,-0.2077727769,0.0000000000,-0.3661556444,0.0000000000,0.0000000000,0.0000000000,-0.0000000000,0.0629343979,-0.0000000000,-0.0176664443,0.0273061796,0.0000000000,0.0000000000,0.0000000000,-0.0000000000,-0.0000000000,-0.5995276196,0.0000000000,0.0000000000,-0.0000000000,-0.0000000000,-0.0000000000,0.0000000000,-0.3245553223,-0.0000000000,0.0000000000,-0.0000000000,0.0000000000,-0.0000000000,0.0000000000,0.1425884652,0.0000000000,0.0000000000,0.0000000000,0.0924986464,-0.0000000000,-0.0000000000,0.0000000000,-0.0000000000,0.0000000000,0.0000000000,0.0000000000,0.0000000000,-0.0000000000,0.0000000000,-0.0000000000,-0.0000000000,0.0000000000,-0.0000000000,-0.0000000000
-0.0000000000,-0.2753305760,-0.2915811392,-0.7898282120,-0.0000000000,0.0000000000,-0.5084548582,4.3046943349,-0.0000000000,-0.0000000000,0.0000000000,0.0000000000,0.0000000000,0.0000000000,-0.0000000000,-0.0000000000,0.3197219034,-0.0378331060,0.0000000000,-0.0000000000,-0.0000000000,0.0000000000,0.0000000000,0.0000000000,0.0000000000,0.0000000000,-0.0000000000,0.0000000000,-0.0000000000,-0.0000000000,-0.0000000000,-0.0000000000,-0.0000000000,-0.0000000000,0.0000000000,0.0480241440,0.0000000000,-0.0000000000,0.0000000000,-0.0000000000,0.0000000000,-0.0000000000,-0.0000000000,-0.0000000000,0.0000000000,-0.0000000000,0.0000000000,0.0000000000,0.0000000000,-0.0000000000,-0.0000000000,-0.0000000000,-0.0000000000,0.0000000000,-0.0000000000,-0.0000000000,-1.5902085587,-0.0169944619,0.0000000000,-0.0000000000,0.0000000000,0.0000000000,0.0000000000,0.0000000000,-0.0000000000,-0.0000000000,-0.5779664517,0.0242351295,0.0000000000,-0.5055994207,-0.0041788916,-0.2110046546,-0.0000000000,-0.0000000000,-0.0000000000,-0.0000000000,-0.0000000000,-0.0000000000,-0.0000000000,0.0000000000,0.0000000000,-0.0000000000,-0.0000000000,0.0000000000,0.0000000000,-0.0000000000,0.0000000000,0.0000000000,-0.0000000000,0.0000000000,0.2190235413,0.0000000000,0.0000000000,-0.0000000000,-0.0000000000,0.0000000000,0.0000000000,0.0000000000,-0.0000000000,-0.0000000000
-0.0000000000,-0.0000000000,-0.2345766538,0.2040922995,-0.0000000000,-0.4252367951,0.0000000000,-0.0000000000,2.6203592901,0.0000000000,-0.0000000000,-0.0000000000,-0.0000000000,-0.0000000000,-0.0039555506,0.0000000000,-0.0000000000,-0.0000000000,0.0000000000,0.0000000000,-0.0000000000,0.0000000000,-0.1428702383,0.0000000000,-0.0000000000,-0.0000000000,-0.0000000000,-0.0000000000,-0.1529183465,-0.0000000000,0.0000000000,0.0000000000,0.0000000000,-0.0006648776,-0.0000000000,-0.0200451449,-0.0000000000,-0.0000000000,-0.0478643142,0.0000000000,-0.0000000000,0.0000000000,0.0000000000,0.0000000000,-0.0000000000,0.0000000000,-0.0000000000,-0.0000000000,-0.0000000000,-0.0000000000,0.0000000000,-0.0000000000,0.0000000000,0.0214028749,-0.0000000000,-0.2990910002,-0.0000000000,-1.0860442079,-0.0000000000,0.0000000000,-0.0000000000,-0.2277415105,-0.0700286676,-0.0000000000,-0.1557026083,-0.0000000000,-0.0000000000,-0.0000000000,0.0000000000,0.0000000000,-0.0416479241,0.0000000000,-0.0000000000,-0.0000000000,-0.0131705016,-0.1268095707,-0.0000000000,-0.0000000000,0.0000000000,-0.0024704089,-0.0000000000,-0.0000000000,-0.0000000000,0.0000000000,-0.0000000000,0.0000000000,-0.0000000000,-0.0000000000,-0.0000000000,0.0000000000,-0.0000000000,-0.0983395040,-0.1283740126,0.0000000000,0.0000000000,0.0000000000,0.0950764446,0.0330051552,-0.0000000000,0.1239965145
-0.0000000000,-0.0000000000,-0.0000000000,-0.0000000000,0.0639897838,0.0000000000,-0.0000000000,-0.0000000000,0.0000000000,3.1221318238,-0.2730740201,-0.2933787181,-0.0000000000,-0.0000000000,-0.0000000000,-0.0572607411,-0.0000000000,0.0000000000,0.0000000000,-0.0000000000,-0.0000000000,0.0000000000,-0.0000000000,-0.1151662307,-0.6875774426,0.0000000000,0.0000000000,-0.0000000000,-0.0000000000,0.0000000000,-0.0000000000,-0.0000000000,-0.0459410135,0.0000000000,-0.0000000000,-0.0000000000,0.0235152154,-0.0000000000,0.0221589335,-0.1319807856,-0.0000000000,0.0000000000,0.0000000000,-0.0000000000,0.0196474105,0.0000000000,-0.0000000000,-0.0000000000,0.0000000000,-0.0000000000,-0.1030944419,-0.0000000000,0.0000000000,0.0000000000,0.0172324082,0.0000000000,-0.0000000000,0.0000000000,-1.4792262417,-0.0031347392,-0.1056736113,-0.0000000000,-0.0000000000,-0.0000000000,-0.0000000000,0.0000000000,0.0000000000,0.0000000000,0.0000000000,-0.0000000000,-0.0000000000,-0.0000000000,-0.0089095385,-0.0000000000,-0.0523772345,-0.1776278257,-0.0000000000,-0.0000000000,0.0000000000,-0.0000000000,-0.0000000000,0.0000000000,0.0000000000,0.0000000000,-0.0000000000,0.0000000000,0.0000000000,-0.0000000000,0.0000000000,-0.0000000000,-0.0000000000,-0.0000000000,0.0000000000,-0.0000000000,0.0048614617,0.0000000000,0.0000000000,-0.3602747563,0.0000000000,-0.0000000000
-0.3166013380,-0.0000000000,-0.0000000000,0.0000000000,0.0000000000,-0.0000000000,0.0000000000,0.0000000000,-0.0000000000,-0.2730740201,2.7031054889,-0.5292500676,-0.0000000000,-0.2244949722,-0.1680233926,0.0818769689,-0.0000000000,0.0768260635,0.0000000000,0.0000000000,-0.0000000000,0.0000000000,0.0817401974,0.0000000000,-0.2004908055,-0.0000000000,0.0000000000,-0.0000000000,-0.0000000000,0.0000000000,-0.0000000000,-0.1484206051,0.0000000000,0.0739694527,0.0000000000,-0.0000000000,0.0000000000,-0.0730089020,0.2164523720,0.0000000000,-0.0000000000,-0.0936592629,-0.0000000000,-0.0525763534,0.0608713796,0.0000000000,-0.0000000000,0.0000000000,-0.0000000000,-0.0000000000,0.0000000000,0.0000000000,0.0000000000,0.0000000000,0.0000000000,0.0000000000,0.0000000000,0.0000000000,-0.0000000000,-0.4652565348,-0.6414350959,-0.0000000000,0.0000000000,-0.0000000000,-0.0000000000,0.0000000000,0.0000000000,0.0000000000,-0.0000000000,0.0000000000,-0.0000000000,0.0000000000,0.0000000000,0.0023327106,0.0000000000,-0.0000000000,0.0000000000,0.0000000000,0.0000000000,-0.0000000000,0.0000000000,-0.0000000000,0.0000000000,0.0000000000,0.0000000000,0.0000000000,-0.0000000000,-0.0000000000,-0.0000000000,-0.0000000000,0.0000000000,0.0000000000,0.0000000000,0.0000000000,0.0000000000,-0.0000000000,0.0000000000,-0.0000000000,0.0000000000,-0.0000000000
-0.0000000000,-0.0000000000,-0.0000000000,-0.0000000000,-0.0000000000,-0.0000000000,0.0000000000,0.0000000000,-0.0000000000,-0.2933787181,-0.5292500676,3.5500870761,-0.0000000000,-0.3073872155,-0.0000000000,0.0000000000,-0.6370327430,0.0759124919,-0.0000000000,0.0606563534,-0.0000000000,0.0000000000,0.0000000000,-0.1444701547,-0.0000000000,-0.2071901080,-0.0000000000,-0.0000000000,0.0074573283,-0.3295700311,0.0000000000,-0.0000000000,0.0000000000,0.0858305441,0.0000000000,-0.0000000000,0.0000000000,-0.0000000000,0.0000000000,-0.0000000000,0.0000000000,-0.0000000000,0.0000000000,-0.0000000000,0.0000000000,-0.0000000000,-0.0000000000,0.0000000000,-0.0000000000,-0.0000000000,-0.0000000000,-0.0000000000,0.0000000000,-0.0000000000,-0.0000000000,0.0000000000,0.0000000000,0.0000000000,-0.0000000000,-0.0000000000,-1.2610070418,0.0000000000,-0.0000000000,-0.0000000000,-0.0000000000,0.0000000000,0.0000000000,-0.1697431978,0.0000000000,0.0157183304,0.0000000000,-0.0000000000,-0.0000000000,0.0000000000,-0.1424599039,-0.3357548320,0.0000000000,-0.1040427976,0.0960621811,-0.0000000000,0.0000000000,0.0000000000,0.0000000000,-0.0000000000,-0.0000000000,0.0000000000,0.0000000000,-0.0000000000,-0.0000000000,0.0000000000,-0.0000000000,-0.0000000000,-0.0000000000,-0.0000000000,-0.0000000000,-0.0000000000,-0.0000000000,-0.0000000000,0.0000000000,-0.0000000000
-0.1571345377,0.0000000000,-0.0000000000,0.0000000000,0.0000000000,-0.0187376770,0.0666934970,0.0000000000,-0.0000000000,-0.0000000000,-0.0000000000,-0.0000000000,2.8714508174,-0.5290034898,0.0000000000,0.0000000000,-0.0000000000,0.0000000000,-0.0000000000,0.0157165173,0.0000000000,-0.1136624702,-0.0000000000,0.0000000000,-0.0000000000,-0.1810285939,-0.0000000000,-0.0000000000,-0.0000000000,-0.0000000000,0.0000000000,0.0000000000,-0.0000000000,0.0000000000,-0.0000000000,0.0000000000,0.0000000000,-0.0000000000,0.0000000000,0.0000000000,-0.0000000000,0.0000000000,-0.0000000000,-0.0000000000,0.0000000000,-0.0000000000,-0.0000000000,-0.0000000000,-0.0000000000,0.0000000000,0.0000000000,0.0000000000,0.0000000000,0.0000000000,-0.0000000000,-0.0000000000,-0.0000000000,-0.0000000000,-0.0000000000,0.0000000000,-0.0007382640,-1.8050258563,-0.0000000000,-0.0000000000,-0.0000000000,0.0000000000,0.0000000000,-0.0000000000,0.0000000000,0.0000000000,0.1249178760,-0.0000000000,-0.0000000000,0.0000000000,0.2115270027,0.0000000000,0.0000000000,0.0000000000,0.0232813271,0.1022427617,-0.0000000000,0.0000000000,0.0000000000,-0.0000000000,0.0000000000,0.0000000000,-0.0000000000,-0.0000000000,0.0715289337,-0.0000000000,-0.0000000000,-0.0000000000,-0.0000000000,0.0000000000,-0.0000000000,0.1087595044,-0.0000000000,-0.0000000000,0.0000000000,0.0000000000
-0.0000000000,0.0000000000,-0.0635185146,0.0989172064,-0.0000000000,-0.0000000000,0.0000000000,0.0000000000,-0.0000000000,-0.0000000000,-0.2244949722,-0.3073872155,-0.5290034898,2.5283747071,-0.0000000000,-0.0000000000,-0.1213038108,0.0000000000,-0.4428466263,0.0000000000,-0.2536529658,-0.0000000000,-0.0000000000,0.0000000000,-0.0000000000,-0.0000000000,-0.0000000000,0.0000000000,0.0000000000,0.0000000000,0.0000000000,-0.0000000000,0.0000000000,0.0000000000,0.0000000000,0.0000000000,0.0000000000,-0.0000000000,0.0000000000,0.0000000000,0.0000000000,0.0000000000,0.0000000000,0.0000000000,0.0000000000,0.0000000000,0.0000000000,-0.0000000000,-0.0000000000,-0.0000000000,-0.0000000000,-0.0000000000,0.0000000000,0.0861784537,-0.0000000000,-0.1093314623,0.0000000000,-0.0000000000,0.0000000000,0.0000000000,-0.0000000000,0.0000000000,0.0000000000,-0.4312551688,-0.0000000000,0.0000000000,-0.0000000000,-0.1786637131,-0.0000000000,0.0000000000,0.0000000000,-0.0000000000,-0.0000000000,0.0000000000,0.0969235998,0.0003840043,0.1905335221,0.0636982320,0.0000000000,0.0000000000,0.0000000000,0.0000000000,-0.0000000000,-0.0000000000,0.0196605911,0.0000000000,0.0000000000,0.0000000000,-0.0000000000,-0.0000000000,-0.1228732717,-0.1038032458,-0.0692145968,0.0000000000,0.0000000000,-0.0000000000,-0.0000000000,0.0000000000,-0.0000000000,-0.0000000000
0.0000000000,0.0000000000,-0.0000000000,0.0000000000,0.0000000000,0.0000000000,-0.0000000000,-0.0000000000,-0.0039555506,-0.0000000000,-0.1680233926,-0.0000000000,0.0000000000,-0.0000000000,3.2129233897,0.0000000000,0.0000000000,0.0000000000,0.0000000000,-0.0000000000,-0.3372808137,-0.0000000000,-0.0000000000,-0.0000000000,-0.0000000000,-0.0279674079,-0.0000000000,-0.0000000000,-0.0005786885,-0.2339375361,-0.0000000000,0.0000000000,0.0000000000,0.2030891508,-0.0000000000,0.0000000000,0.0000000000,-0.1179415154,-0.0000000000,0.0000000000,-0.0000000000,-0.0000000000,-0.0000000000,-0.0956867719,0.0000000000,-0.0000000000,-0.0000000000,-0.0000000000,0.0000000000,-0.0000000000,0.0000000000,-0.0000000000,0.0115672858,0.1473981055,0.0000000000,-0.0000000000,-0.0000000000,-0.0000000000,-0.0000000000,-0.0000000000,-0.0000000000,0.0000000000,0.0000000000,-0.0000000000,-0.0000000000,-1.6797066049,-0.0000000000,0.0000000000,0.0000000000,0.0177639427,-0.7430835999,0.0858418499,-0.0000000000,-0.0000000000,0.0000000000,-0.0000000000,-0.0000000000,-0.0000000000,-0.0000000000,-0.0000000000,0.0000000000,0.0000000000,-0.0000000000,0.0000000000,0.0000000000,0.0000000000,-0.0000000000,0.0000000000,-0.0000000000,-0.0000000000,-0.0000000000,-0.0682526864,-0.0000000000,-0.0000000000,-0.0000000000,-0.0000000000,-0.0000000000,0.0000000000,0.0000000000,-0.0000000000
-0.0000000000,0.0000000000,0.0000000000,-0.0000000000,0.0000000000,0.0000000000,-0.4734959944,-0.0000000000,0.0000000000,-0.0572607411,0.0818769689,0.0000000000,0.0000000000,-0.0000000000,0.0000000000,2.2185344826,-0.0000000000,-0.2979081956,-0.2604090209,-0.0000000000,-0.0000000000,-0.0000000000,-0.0123410880,-0.0000000000,-0.0000000000,0.0000000000,-0.0000000000,-0.0000000000,-0.0000000000,0.0000000000,-0.0000000000,-0.0000000000,-0.4866547870,-0.0000000000,-0.0000000000,0.0000000000,0.0000000000,-0.0000000000,-0.0000000000,-0.1468149678,-0.0000000000,0.0000000000,0.0000000000,0.0000000000,0.0000000000,-0.0000000000,-0.0000000000,-0.0274194371,0.0000000000,0.0000000000,-0.5518757310,0.0000000000,-0.4490284669,0.0000000000,0.0000000000,0.0000000000,-0.0000000000,0.0000000000,-0.0000000000,-0.0000000000,0.0000000000,0.0000000000,-0.0000000000,-0.0000000000,-0.0194233151,0.0000000000,-0.0534822515,-0.0000000000,0.0000000000,-0.0000000000,-0.0000000000,-0.0000000000,-0.0558295285,-0.0000000000,-0.0000000000,0.0446784902,0.0000000000,0.0000000000,-0.0000000000,-0.0000000000,0.0000000000,0.0000000000,0.0000000000,0.0000000000,0.0000000000,0.0000000000,0.0379944240,0.0000000000,0.0061847600,0.0000000000,-0.0000000000,0.0000000000,0.0000000000,-0.0000000000,0.0000000000,0.0000000000,-0.0000000000,0.0000000000,-0.0000000000,0.0000000000
-0.0000000000,-0.0000000000,-0.0000000000,0.0000000000,-0.0349654646,-0.0000000000,0.0000000000,0.3197219034,-0.0000000000,-0.0000000000,-0.0000000000,-0.6370327430,-0.0000000000,-0.1213038108,0.0000000000,-0.0000000000,2.7629476218,0.0000000000,-1.0806539324,0.0000000000,-0.1013568290,-0.0000000000,-0.0000000000,-0.0295405450,-0.0000000000,-0.0000000000,-0.0000000000,0.0000000000,0.0000000000,-0.0000000000,0.1620696521,-0.0000000000,0.0000000000,-0.0000000000,0.0000000000,-0.0000000000,-0.0000000000,0.0000000000,0.0000000000,0.0000000000,0.0000000000,-0.0000000000,0.0265065144,-0.0000000000,0.0949524261,0.0000000000,0.0000000000,-0.0000000000,-0.0588181063,-0.0000000000,-0.0000000000,0.0000000000,0.0000000000,0.0000000000,-0.0000000000,-0.0000000000,0.0000000000,-0.0000000000,0.0000000000,0.0000000000,-0.0000000000,0.0000000000,-0.0000000000,-0.0000000000,0.0000000000,0.1213407403,0.0000000000,-0.6624449655,0.0000000000,0.0000000000,0.0000000000,-0.0000000000,0.0000000000,-0.0000000000,-0.0000000000,0.0000000000,0.0000000000,0.0000000000,0.0000000000,-0.0000000000,0.0000000000,0.0000000000,0.0000000000,0.0611666333,0.0000000000,0.0553291954,-0.0443854399,0.0000000000,-0.0000000000,-0.0000000000,-0.0000000000,-0.0000000000,-0.0000000000,-0.0000000000,0.0000000000,-0.0000000000,-0.0000000000,-0.0000000000,-0.0400098569,-0.0599881260
-0.2757504559,-0.0000000000,-0.0308164940,-0.0000000000,0.0000000000,0.0000000000,-0.0000000000,-0.0378331060,-0.0000000000,0.0000000000,0.0768260635,0.0759124919,0.0000000000,0.0000000000,0.0000000000,-0.2979081956,0.0000000000,2.9154761824,-0.0000000000,-0.0852496603,0.0000000000,-0.0070180931,-0.2917518344,-0.0000000000,0.0000000000,-0.0000000000,0.0000000000,0.1451475726,-0.0000000000,-0.0000000000,0.0999940078,0.0000000000,-0.0000000000,-0.9020341934,-0.0000000000,0.0000000000,0.0151560973,0.0000000000,-0.0000000000,-0.0000000000,-0.0000000000,-0.0000000000,-0.0000000000,0.0000000000,-0.0000000000,0.0000000000,-0.0000000000,-0.0000000000,0.0000000000,0.0000000000,-0.0000000000,0.0000000000,-0.0000000000,0.0686691987,0.0000000000,-0.0000000000,-0.0108399620,-0.0000000000,0.0036708249,0.0000000000,0.2064057873,-0.0000000000,-0.0000000000,0.0000000000,0.0000000000,0.0000000000,-0.0357868902,0.0000000000,-0.0000000000,-1.1203324221,-0.0000000000,-0.0585224789,-0.0000000000,-0.0000000000,-0.0000000000,0.0000000000,0.0000000000,0.0000000000,0.0000000000,-0.0000000000,-0.0000000000,-0.0000000000,0.0000000000,0.0000000000,0.0000000000,-0.0000000000,0.0000000000,0.0000000000,0.0732422112,0.0000000000,0.0000000000,-0.0000000000,-0.0000000000,0.0000000000,-0.0000000000,0.0000000000,0.0000000000,0.0000000000,0.0000000000,0.0000000000
-0.0000000000,0.0000000000,-0.0000000000,0.0000000000,-0.0000000000,-0.0000000000,-0.0000000000,0.0000000000,0.0000000000,0.0000000000,0.0000000000,-0.0000000000,-0.0000000000,-0.4428466263,0.0000000000,-0.2604090209,-1.0806539324,-0.0000000000,2.7245254386,-0.0000000000,-0.2575007122,-0.0654660886,-0.0386869446,0.0000000000,0.0000000000,-0.0000000000,-0.0000000000,0.0000000000,0.0000000000,-0.0000000000,0.0000000000,-0.0000000000,0.0599218783,-0.1583457881,0.0000000000,-0.0000000000,-0.0000000000,0.0000000000,0.0000000000,0.0257241004,0.1319768627,-0.0000000000,0.0740169409,-0.0000000000,0.0000000000,0.0000000000,0.0564363650,0.0000000000,-0.0000000000,-0.0000000000,-0.0000000000,0.0000000000,-0.0000000000,0.1023892363,0.0000000000,-0.0000000000,0.0000000000,-0.0000000000,0.1185913576,0.0758095633,-0.0000000000,0.0000000000,-0.0000000000,-0.0446263313,0.0000000000,0.1048818848,-0.0000000000,-0.6502607766,-0.0000000000,-0.0000000000,0.0000000000,-0.0027018020,-0.0000000000,-0.0000000000,-0.0000000000,0.1990340801,0.0000000000,0.0000000000,0.0000000000,-0.0000000000,0.1457596575,0.0000000000,0.0000000000,0.0000000000,0.0000000000,0.0000000000,-0.0000000000,0.0000000000,-0.0000000000,0.0000000000,-0.0284546679,-0.0739822512,-0.0000000000,-0.0000000000,-0.0000000000,-0.1107666925,-0.0068104151,0.0000000000,-0.0328478548,-0.1005197125
-0.0759829865,0.0000000000,0.0000000000,-0.0000000000,0.0000000000,0.0000000000,-0.1863022698,-0.0000000000,0.0000000000,-0.0000000000,0.0000000000,0.0606563534,0.0157165173,0.0000000000,-0.0000000000,-0.0000000000,0.0000000000,-0.0852496603,-0.0000000000,2.0025128490,-0.0317182846,0.0000000000,-0.1777721901,0.0000000000,0.2332578733,0.0467947694,-0.0000000000,0.0000000000,-0.3746816211,0.0000000000,0.0000000000,0.0000000000,-0.0000000000,-0.0000000000,0.1533332480,-0.0000000000,0.0000000000,-0.0000000000,0.0000000000,-0.0000000000,-0.2137499775,0.0000000000,0.1352297444,0.0000000000,0.0000000000,0.0000000000,0.0000000000,-0.2883965361,-0.0000000000,-0.0000000000,-0.0644128066,0.0000000000,-0.0325314404,-0.0000000000,0.0727582934,0.0000000000,0.0000000000,0.0518219635,0.0000000000,-0.0000000000,0.0000000000,0.0000000000,0.0000000000,0.0000000000,0.0000000000,0.0000000000,-0.3418673579,0.0000000000,-0.0000000000,-0.0000000000,-0.0000000000,0.1030173615,-0.0000000000,-0.0000000000,-0.0000000000,0.0000000000,-0.0723976048,-0.0000000000,-0.0000000000,0.0000000000,-0.0000000000,-0.0000000000,0.2362295104,0.1448273614,0.0000000000,-0.0000000000,0.0000000000,0.1167470241,-0.0780203525,-0.1703337945,-0.0000000000,-0.0000000000,-0.0000000000,0.0000000000,0.0000000000,0.0000000000,0.0000000000,-0.1819042602,-0.2530095352,-0.1559691754
0.0000000000,-0.0000000000,-0.0000000000,-0.0000000000,-0.0000000000,0.0000000000,0.0000000000,-0.0000000000,-0.0000000000,-0.0000000000,-0.0000000000,-0.0000000000,0.0000000000,-0.2536529658,-0.3372808137,-0.0000000000,-0.1013568290,0.0000000000,-0.2575007122,-0.0317182846,2.4512693190,-0.0000000000,-0.0000000000,0.0000000000,0.0000000000,0.0000000000,-0.0000000000,0.1202328978,-0.0000000000,-0.0000000000,0.0000000000,0.0000000000,0.0000000000,0.0000000000,0.0000000000,0.1035143835,0.0000000000,-0.0000000000,0.0000000000,0.0000000000,0.0000000000,0.0000000000,0.0804870624,0.0000000000,0.0347729591,-0.0000000000,0.0000000000,-0.0000000000,0.0000000000,0.0000000000,-0.0000000000,0.0000000000,0.0000000000,0.0000000000,0.0000000000,-0.0270827485,0.0000000000,-0.0000000000,0.0000000000,0.0000000000,-0.0000000000,0.0000000000,0.0000000000,0.0000000000,-0.0000000000,-0.0000000000,-0.0957842720,-0.0000000000,-0.0000000000,-0.0000000000,-0.9985768572,0.0000000000,-0.2037800062,-0.4447332556,-0.0000000000,0.0000000000,-0.0000000000,-0.0080863304,-0.0000000000,-0.0000000000,0.0000000000,-0.0000000000,-0.0000000000,0.0000000000,0.0000000000,0.0000000000,-0.0000000000,0.0000000000,-0.1799358954,-0.0000000000,-0.0000000000,-0.0000000000,-0.0000000000,0.0000000000,0.0000000000,0.0000000000,-0.0000000000,-0.0000000000,-0.0000000000,-0.0000000000
0.0000000000,0.0000000000,-0.0000000000,0.0000000000,-0.0000000000,-0.0000000000,-0.0000000000,0.0000000000,0.0000000000,0.0000000000,0.0000000000,0.0000000000,-0.1136624702,-0.0000000000,-0.0000000000,-0.0000000000,-0.0000000000,-0.0070180931,-0.0654660886,0.0000000000,-0.0000000000,3.0420723984,-0.0000000000,-0.1063600943,-0.0000000000,-0.4937398908,0.0000000000,-0.0000000000,0.0000000000,-0.1810586804,0.0000000000,0.0000000000,-0.0000000000,-0.0832968689,-0.4404418278,0.0000000000,-0.0000000000,-0.0000000000,-0.0000000000,-0.0000000000,-0.0000000000,-0.0000000000,-1.2677087868,0.0000000000,0.0000000000,-0.0000000000,-0.2675040181,-0.0000000000,0.0000000000,-0.0000000000,0.0000000000,-0.0000000000,0.0000000000,0.0707803975,-0.0000000000,0.0000000000,-0.0000000000,0.0000000000,0.0000000000,0.0701796436,0.0000000000,-0.0000000000,-0.0000000000,-0.0000000000,0.0000000000,-0.0000000000,0.0000000000,-0.0849074877,-0.0000000000,-0.0000000000,0.0000000000,-0.0000000000,-0.0000000000,-0.0000000000,0.0147167061,0.2994743855,0.1911354684,0.0155140810,0.0000000000,0.0000000000,0.0000000000,0.0000000000,0.0000000000,-0.0000000000,0.3081887639,0.0000000000,-0.0000000000,0.0000000000,0.0000000000,0.0000000000,-0.0000000000,-0.0000000000,0.0000000000,0.0000000000,0.0000000000,0.3394472258,0.0000000000,0.0000000000,0.0000000000,0.0000000000
0.0000000000,0.0000000000,-0.0000000000,-0.0000000000,0.0000000000,-0.0000000000,0.0000000000,0.0000000000,-0.1428702383,-0.0000000000,0.0817401974,0.0000000000,-0.0000000000,-0.0000000000,-0.0000000000,-0.0123410880,-0.0000000000,-0.2917518344,-0.0386869446,-0.1777721901,-0.0000000000,-0.0000000000,2.8909198245,-0.0000000000,0.0000000000,-0.0000000000,-0.0390167181,0.0000000000,-0.0000000000,-0.2605437775,0.0000000000,0.3218935935,-0.0000000000,-0.7826148937,-0.3773182053,0.0000000000,0.0274337808,0.0000000000,-0.0000000000,0.0000000000,-0.0000000000,0.0000000000,0.0000000000,0.3160145658,-0.0000000000,0.0000000000,-0.0000000000,-0.7675786461,-0.0000000000,0.0000000000,0.0000000000,-0.0000000000,-0.0092574918,0.0000000000,-0.0000000000,-0.1573494291,-0.0000000000,-0.0000000000,0.0000000000,0.0000000000,-0.0000000000,-0.0253143038,-0.0000000000,0.0000000000,-0.0000000000,-0.0000000000,-0.0000000000,-0.0000000000,0.0000000000,-0.0000000000,-0.0000000000,0.0000000000,-0.5341652769,-0.0000000000,-0.0000000000,0.0000000000,0.0000000000,-0.0000000000,0.0081734269,0.0000000000,0.0000000000,0.0000000000,0.0000000000,0.0000000000,-0.0000000000,0.0000000000,0.0884987581,0.0000000000,0.1245822403,0.0000000000,-0.0000000000,-0.0000000000,-0.0000000000,0.0088294419,0.0000000000,0.2798639627,0.0000000000,0.0000000000,-0.0000000000,0.0000000000
-0.0000000000,-0.0000000000,-0.0000000000,-0.0000000000,-0.0000000000,0.0000000000,0.0000000000,0.0000000000,0.0000000000,-0.1151662307,0.0000000000,-0.1444701547,0.0000000000,0.0000000000,-0.0000000000,-0.0000000000,-0.0295405450,-0.0000000000,0.0000000000,0.0000000000,0.0000000000,-0.1063600943,-0.0000000000,2.0529465196,-0.3142320235,-0.3537640317,-0.0000000000,-0.0000000000,0.0000000000,-0.1114827420,0.0235118161,-0.0000000000,-0.0000000000,-0.0000000000,-0.2382101560,-0.0000000000,0.0000000000,-0.0000000000,-0.0000000000,-0.5318225669,-0.0000000000,-0.0000000000,-0.0220153493,0.0000000000,0.0000000000,-0.0000000000,-0.0000000000,0.1321939972,0.0000000000,0.0000000000,0.0000000000,-0.0000000000,-0.0000000000,-0.0000000000,-0.0000000000,0.0000000000,0.0000000000,0.0916970113,-0.0000000000,-0.0000000000,-0.0000000000,0.0270513695,0.0000000000,0.0000000000,0.0000000000,-0.0000000000,0.0000000000,0.0000000000,0.0000000000,0.0000000000,-0.0000000000,-0.0000000000,-0.0000000000,-0.0000000000,-0.4610024916,-0.0139283889,-0.0000000000,-0.0000000000,0.1399898338,0.0000000000,-0.0000000000,0.0000000000,0.0000000000,0.0000000000,-0.0073659171,0.1327005914,0.0000000000,-0.0000000000,-0.0000000000,-0.0000000000,0.0000000000,0.0000000000,0.0000000000,-0.0000000000,-0.0000000000,0.0305287829,0.0000000000,0.0000000000,0.0000000000,0.0000000000
-0.0000000000,-0.0000000000,-0.0000000000,0.0000000000,0.0000000000,-0.0000000000,-0.0000000000,0.0000000000,-0.0000000000,-0.6875774426,-0.2004908055,-0.0000000000,-0.0000000000,-0.0000000000,-0.0000000000,-0.0000000000,-0.0000000000,0.0000000000,0.0000000000,0.2332578733,0.0000000000,-0.0000000000,0.0000000000,-0.3142320235,2.0155086573,-0.0000000000,0.0000000000,-0.0659039501,-0.0000000000,0.0000000000,-0.0000000000,-0.1516659291,-0.0000000000,-0.0000000000,-0.0234695210,-0.0000000000,0.0000000000,-0.0000000000,0.0140258120,-0.0000000000,0.0000000000,-0.0393441851,-0.0000000000,-0.0344586753,0.2214420839,0.0112264669,-0.0000000000,0.0563704104,0.0000000000,0.0000000000,-0.0688048064,-0.0000000000,0.0040233208,0.1775875843,0.0000000000,-0.0000000000,-0.0000000000,0.0000000000,-0.0491678183,-0.0000000000,-0.0000000000,-0.0000000000,-0.0000000000,0.0000000000,0.0000000000,0.0000000000,0.0000000000,0.0000000000,0.0000000000,0.0000000000,-0.0000000000,-0.0000000000,0.0000000000,0.0000000000,-0.0000000000,-0.1377013719,0.0000000000,0.0000000000,0.0000000000,0.0000000000,0.0000000000,0.1778637142,0.0394938594,-0.0000000000,0.0000000000,0.2430812777,0.0000000000,-0.0000000000,0.0000000000,0.0000000000,0.0000000000,0.0000000000,0.1062112193,-0.0000000000,-0.0000000000,0.0000000000,0.0000000000,0.0000000000,0.0000000000,0.0000000000
-0.0000000000,0.0000000000,-0.0000000000,0.0000000000,-0.0000000000,-0.0000000000,0.0000000000,0.0000000000,-0.0000000000,0.0000000000,-0.0000000000,-0.2071901080,-0.1810285939,-0.0000000000,-0.0279674079,0.0000000000,-0.0000000000,-0.0000000000,-0.0000000000,0.0467947694,0.0000000000,-0.4937398908,-0.0000000000,-0.3537640317,-0.0000000000,2.9996116537,-0.0000000000,-0.2244794361,0.0000000000,-1.2355096902,0.0000000000,-0.0000000000,0.0000000000,-0.0000000000,-0.0000000000,-0.0000000000,-0.0000000000,0.0000000000,-0.0000000000,0.0000000000,0.0000000000,-0.1387154651,-0.1950689159,-0.0000000000,0.0000000000,-0.0000000000,-0.0000000000,0.0000000000,0.0000000000,-0.0000000000,0.0000000000,-0.0000000000,0.0000000000,0.0000000000,-0.0000000000,-0.0000000000,0.0000000000,-0.0000000000,0.0000000000,0.0000000000,-0.0000000000,0.0000000000,0.0000000000,0.0000000000,0.0000000000,-0.0000000000,0.0529050544,-0.0000000000,-0.0000000000,0.1327866978,0.0000000000,0.0000000000,0.0000000000,-0.0000000000,0.0000000000,-0.0000000000,0.0000000000,0.0000000000,0.0705693809,-0.0000000000,0.1234003475,0.0944071826,0.2696376501,-0.0000000000,0.0000000000,0.0000000000,0.0000000000,0.0000000000,0.0000000000,0.0000000000,0.0000000000,-0.0000000000,0.0000000000,0.0000000000,-0.4476128862,0.0315949918,0.0000000000,0.0901124489,0.1292049641,0.0000000000
0.0000000000,0.0000000000,-0.0748784943,-0.0000000000,-0.0000000000,0.0000000000,-0.0000000000,-0.0000000000,-0.0000000000,0.0000000000,0.0000000000,-0.0000000000,-0.0000000000,-0.0000000000,-0.0000000000,-0.0000000000,-0.0000000000,0.0000000000,-0.0000000000,-0.0000000000,-0.0000000000,0.0000000000,-0.0390167181,-0.0000000000,0.0000000000,-0.0000000000,2.4266202700,-0.0630375456,-0.0000000000,-0.1177685624,0.0000000000,0.0028168851,0.1564967401,0.0000000000,-0.1748069047,0.0000000000,0.0000000000,0.0000000000,0.0000000000,0.0000000000,0.0000000000,0.0000000000,0.0000000000,-0.3945273354,-0.2298577633,-0.5113351397,0.0000000000,-0.3147923991,-0.1298162682,-0.0000000000,-0.0000000000,-0.0415618954,-0.0000000000,0.0000000000,-0.0000000000,0.0000000000,-0.0000000000,-0.0000000000,-0.0000000000,-0.0000000000,-0.0000000000,0.0000000000,0.0000000000,-0.0000000000,-0.0000000000,-0.0000000000,-0.0813099197,-0.0000000000,0.3365865916,0.0689737414,0.0000000000,0.0000000000,-0.0000000000,-0.0000000000,-0.0000000000,-0.0000000000,-0.0000000000,-0.0000000000,0.0000000000,0.0000000000,0.1356122909,0.1381679883,0.0000000000,0.0000000000,-0.2537507911,0.0000000000,0.0000000000,0.0000000000,0.0370086411,0.0000000000,0.0000000000,0.0000000000,0.0000000000,-0.0000000000,-0.1279129738,-0.0000000000,-0.6079517974,-0.0000000000,-0.0670343585,-0.0000000000
0.0000000000,-0.0000000000,0.0000000000,-0.0000000000,-0.0000000000,-0.0609022288,0.0000000000,0.0000000000,-0.0000000000,-0.0000000000,-0.0000000000,-0.0000000000,-0.0000000000,0.0000000000,-0.0000000000,-0.0000000000,0.0000000000,0.1451475726,0.0000000000,0.0000000000,0.1202328978,-0.0000000000,0.0000000000,-0.0000000000,-0.0659039501,-0.2244794361,-0.0630375456,2.1165006511,-0.1301234149,-0.1794843111,-0.0426268966,-0.0000000000,-0.0000000000,0.0000000000,-0.3092633017,-0.0000000000,-0.0303397892,-0.0000000000,0.0000000000,-0.0000000000,0.0000000000,0.0000000000,-0.0557476434,-0.0897368011,-0.0000000000,-0.3115543590,-0.0000000000,0.0000000000,-0.0987273277,-0.0000000000,-0.0000000000,-0.0727047503,-0.0000000000,-0.1917205574,-0.0469548718,-0.0000000000,0.0000000000,-0.0000000000,-0.2116833297,-0.0000000000,-0.0000000000,-0.0000000000,0.0000000000,0.0000000000,0.0000000000,-0.0000000000,0.0245937821,0.0000000000,0.0000000000,0.2784682973,0.0000000000,0.0000000000,0.0000000000,0.0000000000,0.0000000000,-0.0000000000,-0.0000000000,-0.0000000000,-0.0000000000,-0.0000000000,0.0000000000,0.0000000000,0.0431513312,-0.0385880827,-0.0000000000,0.1656658666,0.0000000000,-0.5329244766,0.0501886658,0.0000000000,-0.0000000000,-0.0000000000,0.1894193749,0.0000000000,-0.0000000000,0.0000000000,-0.0000000000,-0.0000000000,-0.0000000000,0.0000000000
-0.0000000000,-0.0000000000,-0.0000000000,-0.0000000000,-0.0000000000,-0.0000000000,-0.0952204486,-0.0000000000,-0.1529183465,-0.0000000000,-0.0000000000,0.0074573283,-0.0000000000,0.0000000000,-0.0005786885,-0.0000000000,0.0000000000,-0.0000000000,0.0000000000,-0.3746816211,-0.0000000000,0.0000000000,-0.0000000000,0.0000000000,-0.0000000000,0.0000000000,-0.0000000000,-0.1301234149,1.9857000976,0.0000000000,-0.0619197541,-0.0000000000,-0.0000000000,-0.0000000000,-0.0228432076,-0.0404413462,-0.2642237089,-0.0000000000,0.0000000000,-0.0000000000,-0.0000000000,-0.0225150775,0.0000000000,-0.0184214554,0.0000000000,-0.0000000000,-0.0000000000,-0.0000000000,-0.2102303077,-0.0000000000,-0.0064171863,-0.0000000000,-0.0000000000,0.0000000000,-0.0000000000,-0.0000000000,0.0000000000,-0.0000000000,-0.0000000000,0.0000000000,0.0000000000,-0.0095798276,-0.0000000000,0.0000000000,-0.0000000000,-0.0000000000,-0.0000000000,0.0214388694,0.1976825332,0.0000000000,-0.0000000000,-0.0000000000,0.0000000000,-0.2304955329,-0.0000000000,-0.0000000000,-0.7145319524,-0.0000000000,-0.0000000000,0.0000000000,0.0000000000,0.0000000000,0.0000000000,0.0000000000,0.0000000000,0.0000000000,-0.2757901167,-0.0000000000,-0.0000000000,-0.0000000000,-0.0000000000,-0.0000000000,-0.0000000000,0.0543660562,0.0000000000,-0.0000000000,0.0000000000,-0.0000000000,-0.1462319081,-0.0000000000
