2.055946556254483415e+00,-5.998216062775189872e-02,-4.936121727698349754e-02,-0.000000000000000000e+00,0.000000000000000000e+00,0.000000000000000000e+00.1,-0.000000000000000000e+00.1,0.000000000000000000e+00.2,0.000000000000000000e+00.3,-1.305355113461434402e-01,-0.000000000000000000e+00.2,0.000000000000000000e+00.4,0.000000000000000000e+00.5,-0.000000000000000000e+00.3,0.000000000000000000e+00.6,-5.714908536938185790e-01,1.540447017347048586e-01,-0.000000000000000000e+00.4,-0.000000000000000000e+00.5,-0.000000000000000000e+00.6,-0.000000000000000000e+00.7,-0.000000000000000000e+00.8,0.000000000000000000e+00.7,0.000000000000000000e+00.8,-5.824340841990020834e-02,2.540119352638346428e-01,-6.068927123357908959e-02,0.000000000000000000e+00.9,1.490861822050721652e-01,0.000000000000000000e+00.10,-0.000000000000000000e+00.9,0.000000000000000000e+00.11,-7.078013422783573094e-02,0.000000000000000000e+00.12,0.000000000000000000e+00.13,-0.000000000000000000e+00.10,0.000000000000000000e+00.14,-2.225328539607862588e-01,0.000000000000000000e+00.15,0.000000000000000000e+00.16,0.000000000000000000e+00.17,0.000000000000000000e+00.18,0.000000000000000000e+00.19,0.000000000000000000e+00.20,0.000000000000000000e+00.21,-0.000000000000000000e+00.11,-0.000000000000000000e+00.12,-0.000000000000000000e+00.13,-2.440972290107638054e-01,0.000000000000000000e+00.22,-4.649930603929861572e-01,-0.000000000000000000e+00.14,0.000000000000000000e+00.23,0.000000000000000000e+00.24,0.000000000000000000e+00.25,-9.558229344259207283e-02,0.000000000000000000e+00.26,0.000000000000000000e+00.27,0.000000000000000000e+00.28,0.000000000000000000e+00.29,0.000000000000000000e+00.30,0.000000000000000000e+00.31,-0.000000000000000000e+00.15,0.000000000000000000e+00.32,8.725276256326604252e-02,0.000000000000000000e+00.33,0.000000000000000000e+00.34,1.623300385907458510e-01,0.000000000000000000e+00.35,-0.000000000000000000e+00.16,-0.000000000000000000e+00.17,0.000000000000000000e+00.36,-0.000000000000000000e+00.18,-0.000000000000000000e+00.19,0.000000000000000000e+00.37,-0.000000000000000000e+00.20,0.000000000000000000e+00.38,0.000000000000000000e+00.39,0.000000000000000000e+00.40,3.383567646947733404e-02,-0.000000000000000000e+00.21,-0.000000000000000000e+00.22,-0.000000000000000000e+00.23,-5.944603828528609302e-02,0.000000000000000000e+00.41,-0.000000000000000000e+00.24,0.000000000000000000e+00.42,0.000000000000000000e+00.43,-0.000000000000000000e+00.25,0.000000000000000000e+00.44,0.000000000000000000e+00.45,-0.000000000000000000e+00.26,-0.000000000000000000e+00.27,0.000000000000000000e+00.46,0.000000000000000000e+00.47,2.774265987379056012e-02,-0.000000000000000000e+00.28,-0.000000000000000000e+00.29,-0.000000000000000000e+00.30,0.000000000000000000e+00.48
-0.0599821606277519,3.2221330399089685,-0.0,-0.3485871036834223,-0.0,-0.0,-0.0,-0.0,-0.0,-0.0,-0.0,-0.0,-0.0,0.0,0.2518202864005856,-1.1134026566380744,-0.0,-0.0,-0.11741865501459504,-0.0,-0.0,-0.028497998837191073,0.03841699699903981,-0.0,0.0,-0.0,-0.0,0.0,0.0,0.0,0.0,-0.0,-0.0,-0.0,-0.0,-0.0,0.0,-0.13739707025628448,-0.14990898189087007,-0.02159793470154428,-0.06784101894991046,0.0,-0.0,0.0,0.004910354885395608,-0.0,-0.0,0.0,-0.08782493248275551,-0.0,-0.06364895633855844,-0.8324062124171523,-0.4088966038975906,-0.022894275949793208,-0.0,-0.2659258281116582,-0.0,-0.0,-0.0,-0.0,-0.08790597647097051,0.0,0.0,0.197609946921368,0.0,0.0,-0.0,0.0,0.0,-0.0,0.0,0.0,0.0,0.0,0.0,0.0,0.0,0.0,0.0,-0.0,0.0,-0.0,-0.0,-0.0,0.0,0.0,0.0,0.0,0.0,0.0,-0.0,-0.0,-0.0,0.0,0.0,0.0,-0.0,0.0,-0.0,0.0
-0.0493612172769835,-0.0,1.4224515523364736,0.0,-0.0,-0.0,-0.0,0.0,0.011831960406203,0.0,-0.0,-0.0,0.0,-0.0,-0.0,0.0,0.0,0.0,-0.09034130951141855,0.0,0.0,-0.0,0.0,0.13192922958835576,-0.0,-0.0,-0.0,0.0,-0.002451183641871191,-0.0,-0.0,0.0,0.0,0.0,0.0,0.0,0.04250961639397354,0.0,-0.0,0.0,0.0,0.0,0.0,-0.0,-0.0,-0.0,-0.27388048483590294,-0.02130819259209337,0.0,0.0,-0.12691061816830698,-0.1943691443100188,-0.0,0.0,-0.0,-0.4481351096462301,-0.0,0.0,-0.0,0.15170186949740566,-0.0,0.0,-0.0018957564773154504,0.0,-0.0,0.0,0.0,-0.0,0.0,0.0,0.0,0.03398450747235114,-0.0,-0.0,0.20318583231679077,0.0,0.0,-0.0,-0.0,0.1290062209088996,0.07741518963775094,-0.0,-0.0,-0.0,0.0,-0.0,0.0,0.0,0.0,0.13193896706070596,-0.0,-0.10467357478332552,0.0,-0.0,-0.0,0.0,0.0,-0.0,0.0694141012979901,-0.0
-0.0,-0.3485871036834223,0.0,4.551167004541162,-0.5677441332290067,0.0,-0.5142163864948782,-1.1203775872231807,-0.0,-0.0,-0.0,-0.013752406157382683,-0.0,0.0,0.0,-0.0,-0.0,0.0,-0.0,0.0,-0.0,0.0,0.0,-0.0,-0.0,0.0,0.0,0.0021996134248014327,0.0,0.051727684384653534,0.0,-0.0,-0.0,0.0,0.0,0.07113369858982249,0.0,-0.0,0.0,-0.0,-0.0,0.0,-0.0,0.40777921206209455,0.0,0.05863748179938372,0.15289245878814392,0.0,-0.0,-0.0,0.0,-0.0,-0.0,-1.427934976708808,0.0,0.0224103492674602,-0.0,-0.0,0.0,0.0,0.0,0.0,0.0,0.0,-0.0,0.0,-0.0,-0.0,-0.0,0.0,0.0,0.0,0.10727296288815756,0.0,-0.0,0.0,0.0,0.06941957277243735,0.0,-0.0,-0.0,-0.0,-0.0,-0.19581158655531372,-0.3758831742562649,-0.0,0.0,0.0,0.0,0.0,0.0,0.0,0.0,-0.0,-0.0,0.0,-0.4529801950946133,0.0,0.0,0.003182765765331228
0.0,-0.0,-0.0,-0.5677441332290067,3.2484441945334552,-0.6012256803295102,-0.0,-0.2237463879226076,-0.16596793631410464,-0.0,0.0,-0.0,-0.26871260848085887,0.0,-0.0,-0.0,-0.0,-0.0,0.0,-0.06590955046481065,-0.0,-0.0,-0.0,-0.0,0.0,-0.0,-0.0,-0.0,-0.0,-0.0,0.0,0.0,0.0,-0.0,-0.0,0.19910675163263064,0.0,0.030781048979714055,-0.0,-0.0,-0.0,-0.0,-0.05533271734012381,0.0,0.0,0.0,0.0,-0.0,-0.0,0.0,0.07785734430212089,0.0,0.0,-0.8619693588507694,-1.1289423921036144,-0.0,-0.0,-0.01545719775418137,0.0,0.17308750881137103,-0.0,-0.0,-0.0,0.0,-0.0,-0.0,-0.0,-0.0,-0.0,0.0,-0.0,-0.0,0.0,0.0,-0.0,0.0,-0.03783634703551396,-0.0,0.0,0.0,-0.0,-0.0,0.0,-0.0,-0.12771646134311204,-0.07881176411985609,-0.0,-0.03961672582229129,0.03180883917572056,0.0,0.0,0.0,0.04139367255950495,-0.04303860830410034,-0.0,0.0,-0.0,-0.0,0.0,0.0
0.0,-0.0,-0.0,0.0,-0.6012256803295102,4.070324550299102,0.0,0.0,-0.0,-0.0,0.0,0.0,-0.0,0.03923567808551784,-0.0,-0.0,0.0,-0.0,0.18439823619947243,-0.1237495735912528,0.0,-0.0,0.0,-0.0,-0.0,-0.0,-0.10597790258311794,-0.0,-0.20902966046667543,-0.0,-0.0,0.0,0.0,0.0,-0.22382367830934569,-0.0,-0.0,0.0,-0.0646034711997507,-0.0,0.0,-0.05929317182900249,-0.0,-0.0,-0.0,-0.0,-0.0,-0.0,-0.09180090634916308,-0.0,0.0,0.0,0.0,0.0,-2.3086817741992984,-0.6074609803159009,0.0,-0.0,0.05207473472309156,0.10057117309946063,-0.04787020900691354,-0.0,0.0,0.06477392079037307,0.0,0.0,0.0,0.0,0.0,0.0,-0.0,0.0,0.2523177328967788,-0.0,0.0,0.0,-0.0,-0.0,0.0,0.0,0.0,0.0,0.0,0.0022975550089454327,0.0,-0.0,0.0,-0.0,0.0,0.12312458922119908,0.0,-0.0,0.0,-0.0,-0.0,-0.0,0.16803548597728568,0.0,-0.4752791967939331,0.0
-0.0,-0.0,-0.0,-0.5142163864948782,-0.0,0.0,3.3760234645574143,-1.4718296751498252,0.0,-0.14483384649425524,0.0,-0.0,-0.0,0.0,0.0,-0.6629588884882172,-0.06016963334985967,-0.1466970720052214,-0.2793167350872148,-0.0,-0.16258286769656635,-0.0,-0.0,-0.06763558540183356,0.0,0.0,0.0,0.0380561095351528,0.0,0.07284071013158992,-0.07996959058295423,-0.0,-0.0,0.0,0.0,0.17009969895489851,0.0,-0.0,0.0,-0.2239917167768661,-0.0,0.0,-0.07454361522877571,-0.0,-0.0,0.0,0.0,-0.0,-0.0,-0.0,-0.0,-0.0,-0.0,-0.0,0.0,0.0,-0.0,-0.0,0.0,0.06520707779075383,0.0,0.0,0.0,0.0,0.1133687089466256,0.0,-0.05642165679460722,0.0,0.0,0.0,0.0,0.1386287438798533,0.0,-0.1080551730490772,-0.0,0.0,0.0,0.0,-0.0,-0.0,-0.0,0.265858932488848,-0.13995496832771573,-0.19517154712747303,0.0,0.0,0.14777056701681332,0.010606931836426668,-0.0,0.0,0.36744989863352345,-0.0,0.0,0.0,-0.0,-0.0,-0.0,0.015211783090520216,-0.0,-0.0
0.0,-0.0,0.0,-1.1203775872231807,-0.2237463879226076,0.0,-1.4718296751498252,4.148370514082757,-0.0,-0.0,0.0,-0.0,-0.0,0.0,0.0,-0.0,-0.2895608290679703,-0.0,-0.0,0.0,-0.0,-0.0,-0.0,-0.0,0.0,0.0,0.0,0.0,0.0,0.0,-0.0,-0.0,0.0,-0.0,0.0,0.16890580394503205,0.08990650372146625,0.0,0.0,-0.0,-0.07326918674181096,0.0008253134393241885,-0.0,0.0,0.0,0.0,0.10469676938642623,0.0,0.0,-0.0,0.0,-0.0,-0.0,-0.0,0.0,0.0,-0.7698006017026746,-0.5687545593592798,0.0,0.0,-0.0,-0.0,0.0,0.0,0.0,0.0,-0.0,-0.0,-0.10901078082004416,0.0,-0.0,0.0,0.0,0.12368588748705844,-0.0,0.0,0.0,0.0,0.0,-0.07753088830718906,-0.0,0.0,0.0,-0.0,-0.0,0.0,0.029338920960683,0.0,0.0,0.0,0.0,0.0,0.0,-0.0,-0.0,-0.0,-0.0,0.0,0.0,0.0
0.0,-0.0,0.011831960406203,-0.0,-0.16596793631410464,-0.0,0.0,-0.0,2.6334508437670268,-0.0,0.0,-0.0,-0.0,0.16016167668216338,-0.0,0.0,-0.0,-0.0,0.0,-0.0,-0.0,0.0,0.0,-0.0,0.0,-0.0,-0.0,0.0,-0.003707576487428579,0.0,0.07245152328257011,-0.0,0.0,-0.1924589918069598,-0.0,-0.3185132988027528,-0.0,0.0,-0.0,-0.0,-0.15468945165547357,0.0,-0.0,0.026900637790466683,0.0,0.0,0.0,0.0,-0.11093797941691907,-0.0,0.0,-0.0,-0.20480981793329528,-0.6196701211752602,-0.0,-0.09803159187934227,-0.0,-0.9754189258156691,-0.0,0.0,-0.0,0.0,0.0,0.0,-0.0,-0.0,-0.020130551851475095,-0.0,-0.09907836858210499,-0.0,-0.0,-0.0,-0.0,0.0,-0.0,0.0,-0.0,0.0,0.0,-0.26305216489741334,0.0,-0.06722282911776796,0.05308311498163365,0.0,-0.0,-0.0,-0.0,0.0,0.0,-0.0,-0.0,-0.0,-0.0,0.0,0.0,0.0,-0.0,0.0,-0.0,0.0
-0.13053551134614344,-0.0,0.0,-0.0,-0.0,-0.0,-0.14483384649425524,-0.0,-0.0,1.9850655569506777,-0.20773147245958773,-0.10593887603744064,0.0,-0.0,-0.0,-0.2357956428092248,0.0,-0.0,-0.0,-0.0,-0.0,0.0,-0.0,-0.05151403884523289,-0.0,0.09424426098074468,0.0,0.06295814844235985,0.0,0.0,0.08322085458512118,-0.0,-0.07710973504498012,0.0,0.17125120165349889,0.0,0.0,-0.5427443022340823,0.0,-0.23363409017167783,-0.0,-0.0,-0.09009210497133024,0.0,0.13231762730786695,0.0,-0.0,0.0,-0.0,0.0,0.1505291298441552,0.0,0.0,0.0,-0.0,-0.0,0.028333896425024884,-0.0,-0.23813454919077504,-0.04490868573141277,-0.0,0.0,0.0,-0.0,0.1263180333651905,-0.0,0.0,0.0,0.0,0.0,0.0,-0.0,0.0,-0.2020449052168641,-0.033607486544256424,-0.20196247391131597,-0.0,-0.0,-0.0,0.0,-0.1238115830217402,0.0,0.0,-0.0,-0.0,-0.08226294381028108,0.0,-0.0,-0.0,-0.21244704319588592,0.29661134855944643,-0.0,-0.0,-0.0,-0.15031488169184226,0.0,-0.0,-0.0,-0.0,0.0
-0.0,-0.0,-0.0,-0.0,0.0,0.0,0.0,0.0,0.0,-0.20773147245958773,2.5333924110523,-0.8075453648654326,0.04287913351376848,-0.0,0.0,0.0,0.3980072468429173,0.1322461171604147,-0.0,-0.0,0.1349581252534432,0.0,0.0,0.0,-0.4005764388457738,-0.05097918501935893,0.0,0.04038514264786568,0.0,-0.002088993827235843,0.0,0.0008105622397663171,-0.0,0.0,0.021583075479222526,0.025761861148141368,0.029016725964582234,-0.0,-0.0,-0.16407435146339447,-0.0,-0.242111087006412,-0.0,-0.0,0.10092631061976275,0.0,-0.0,0.0,0.13683141955372446,0.0,-0.0,0.0,0.0,-0.0,0.0,-0.0,0.0,0.0,-0.21969748960159843,-0.683987235108962,0.0,0.0,0.0,-0.0,-0.0,-0.0,-0.0,0.018670461435021046,0.0,0.0,0.0,-0.0,-0.0,0.0,0.2666965505311966,-0.0,0.0,-0.0,0.0,0.0,0.08613085486567683,-0.0,-0.0,-0.0,-0.0,-0.0,-0.0,0.0,-0.07667976993377917,-0.0500022583940062,-0.15811899080046898,0.0,0.0,-0.0,0.0,-0.0,-0.21205222389936587,-0.0,0.0,-0.0
0.0,-0.0,-0.0,-0.013752406157382683,-0.0,0.0,-0.0,-0.0,-0.0,-0.10593887603744064,-0.8075453648654326,2.48767904363289,-0.0,-0.0,0.0,0.0,-0.23886610210324147,0.0,-0.20213556097780727,0.24644663665989136,-0.0,0.0,-0.0,-0.0,-0.5642965641766153,-0.09134873602390771,-0.0,-0.0,0.0,-0.0,0.0,0.0,-0.0,0.0,-0.0,0.0,-0.0,-0.0,-0.0,-0.0,0.0,0.0,0.0,-0.0,0.0,0.0,-0.0,0.0,0.08810837819382268,0.017321503278277865,-0.0,0.0,-0.0,-0.0,-0.0,0.0,-0.0,-0.12283678402454096,-0.0,-0.32304409838730985,-0.25391574336646977,-0.0,-0.11919770512206954,0.0,-0.0,-0.0,0.0,-0.0,0.0,0.0,-0.0,0.0,-0.0,-0.0,-0.0,-0.4659269456992243,0.0,-0.013314994965791449,0.08586488839642431,0.0,0.0,-0.0,0.0,0.022549997508077096,-0.023537361146916125,-0.0,0.0,-0.0,-0.0,-0.04824421749872837,0.0,0.0,-0.0,-0.0,0.0,-0.13306881472842827,-0.0,0.0,0.0,-0.0
0.0,-0.0,0.0,-0.0,-0.26871260848085887,-0.0,-0.0,-0.0,-0.0,0.0,0.04287913351376848,-0.0,3.084962737844225,-0.0,-0.0,0.0,-0.21248242585015437,-0.0,0.0,0.0,-0.0,0.0,-0.0,-0.0,0.0,0.0,-0.0,-0.18267998761207332,-0.0,0.0,-0.0,0.0,-0.0,0.0,-0.0,0.0,-0.0,0.0,-0.0,0.0,0.0,0.18508234575330623,-0.0,-0.0,-0.02462394949252641,-0.0,0.0,0.0,-0.0,0.01165580469412594,-0.0,-0.0,-0.0,-0.0,-0.0,0.0,-0.09786203970497473,-0.3173869829614801,0.0,0.0,-0.7427681504260554,-1.450027270585876,-0.22068386853820293,0.0,-0.0,-0.0,-0.0,-0.0,-0.0,-0.0,-0.0,0.0,0.0,-0.0,-0.0,0.030499803269551894,-0.0,-0.0,-0.0,-0.0,0.0,-0.0,-0.0,0.03879488700579092,0.0,-0.0,0.0,-0.09452033506343491,0.0,-0.06279016311358541,0.0,0.0,-0.2577807150832086,-0.0,-0.0,-0.040509245152055805,-0.0,0.0,-0.0,0.0
-0.0,0.0,-0.0,0.0,0.0,0.03923567808551784,0.0,0.0,0.16016167668216338,-0.0,-0.0,-0.0,-0.0,2.491183103886809,-0.5882438354704633,0.0,0.0,0.0,-0.6611843633168434,-0.0,-0.17241342546065036,0.0,-0.0,0.0,0.0,0.0,-0.0,-0.0,-0.0,-0.0,0.0,0.0,0.0,0.0,0.0,0.0,-0.0,-0.0,0.008289676302337201,0.0,-0.0,-0.07312256541012206,-0.0,-0.09355024353517827,-0.0,-0.35906803853394,-0.0,-0.0,0.0,0.0,-0.0,0.0,0.0,0.0,0.0,0.0,0.0,-0.0,-0.0,-0.1956001487434522,-0.0,-0.06867282537538516,-0.37266733339908714,-0.23543150704372287,-0.12872873003389035,-0.0,0.0,-0.0,0.0,0.0,-0.0,-0.0,-0.0,-0.0,0.0,-0.010612380688020551,-0.015775403873421717,-0.0,0.0,0.0,-0.0,-0.0,-0.0,-0.2516192724241061,-0.0,-0.0,-0.3174700868993659,-0.0,0.0,-0.0,0.0,0.062278558337963474,-0.0,0.0,0.0,-0.0,-0.0,-0.0,0.0,0.0
0.0,0.2518202864005856,-0.0,0.0,-0.0,-0.0,0.0,0.0,-0.0,-0.0,0.0,0.0,-0.0,-0.5882438354704633,3.5935033072306264,0.0,0.0,0.0,0.0,-0.0,-0.12656178498918447,-0.0,-0.02686315110559032,0.0,0.03436717961376271,0.0,-0.0,-0.0,-0.35146382619676614,-0.0,0.0,0.0,-0.0,-0.0,-0.0,0.0,-0.0,0.0,0.0,0.0,-0.0,-0.0,-0.0,-0.01932770076128188,-0.010465748377476675,-0.0,-0.0,-0.19311080642103112,0.0,-0.0,0.0,0.0,0.0,-0.0,-0.03393757491603363,-0.0,0.0,-0.0,-0.0,0.0,0.0,-0.012922742526908547,-0.0,-0.0892066305343515,-0.30308078379150977,-1.58150599754119,0.0,-0.10187347084031852,-0.0,0.0,-0.0,0.0,-0.0,-0.0,0.0,-0.0,-0.0,-0.2310180093072184,0.0,0.0,-0.0,-0.0,0.0,0.0,-0.0,-0.17247916922913875,-0.0,0.0,0.0,-0.0,0.0,0.0,0.0,-0.0,-0.0,-0.0,-0.0,-0.0,0.0,-0.0
-0.5714908536938186,-1.1134026566380744,0.0,-0.0,-0.0,-0.0,-0.6629588884882172,-0.0,0.0,-0.2357956428092248,0.0,0.0,0.0,0.0,0.0,3.6730639937120406,-0.0,-0.3751915994364311,-0.0,0.0,-0.0,-0.13630284119548056,-0.0,-0.2520715767337398,-0.0,0.0,0.0,0.1226469927189756,0.0,0.0,0.0,0.0,-0.9354350153146472,-0.0,-0.0,-0.0,0.0,-0.055143378630223526,-0.0,-0.0,-0.0,0.0,-0.0,0.0,0.0,-0.0,-0.0,-0.0,-0.0,-0.0,-0.0,-0.0,-0.0,0.0,0.0,-0.0,0.0,0.0,0.0,-0.0,0.0,0.0,0.0,0.0,0.1013018475173911,0.0033119877206840044,-0.0,0.0,0.0,0.0,0.0,0.0,0.16631279339458047,-0.004974947045128676,-0.1248859784510211,-0.0,0.0,0.0,0.18599854924549428,0.0,-0.14014901479365907,0.0,0.0,-0.0,0.04479994518436382,0.0,0.0,0.0,0.0,0.0,0.21388891452973577,-0.0,0.0,0.0,-0.0,0.0,0.0,0.09355664052678883,-0.0,0.0
0.15404470173470483,-0.0,0.0,-0.0,-0.0,0.0,-0.06016963334985967,-0.2895608290679703,-0.0,0.0,0.3980072468429173,-0.23886610210324147,-0.21248242585015437,0.0,0.0,-0.0,2.379696284050687,-0.11888547040993772,-0.5691644422399763,0.0,-0.013660186640192876,-0.0,-0.0,-0.5010308745585471,0.0,-0.0,-0.0,-0.06689505777658492,-0.06323466946297775,0.0,-0.0,-0.0,0.0799392019155953,-0.050519720187487835,-0.37823660318965274,0.0,-0.0,0.0,0.0,0.008140337695729822,0.0,0.009301280213834558,0.0,-0.0,-0.0,0.0,0.14164944136056673,0.0,0.05529642701705712,0.0,-0.0,-0.0,-0.0,-0.0,-0.0,0.05991990121892312,-0.13374061433950427,-0.030331826424123607,-0.0,0.0,-0.0,0.0,0.0,0.0783802708814999,-0.0,0.0,-0.0,-0.0,-0.0,0.0,-0.0,-0.0,-0.0,0.0,-0.3024715272942019,-0.0,-0.0,-0.0,0.0,-0.0,-0.0,0.0,0.0,0.0,0.0,0.0,0.11733297181537693,-0.0,0.0,-0.0,0.0,-0.0,-0.0,-0.0,0.0,0.0,0.0,0.0,0.09586037119028948,0.07621673397553982
-0.0,-0.0,0.0,0.0,-0.0,-0.0,-0.1466970720052214,-0.0,-0.0,-0.0,0.1322461171604147,0.0,-0.0,0.0,0.0,-0.3751915994364311,-0.11888547040993772,2.7749429337014515,-0.0,0.0,-0.12192576941275758,-0.0204729196909558,-0.0,-0.6019299474333566,0.0,-0.0,0.0,0.0,-0.04634611300988271,0.1426175343979345,-0.0,0.0,0.0,-0.4577832960848755,-0.10608612117307988,-0.0,0.06587646608841004,0.0,-0.0,-0.0,-0.22956455441593032,0.01594042760765535,0.0,-0.0,0.0,0.0,0.12176543785742507,-0.0,-0.0,0.0,-0.17979972495603525,-0.0,-0.0,0.0,0.0,0.0,-0.36062243906634206,-0.0,-0.0,0.0,-0.0,-0.0,0.0,0.0,-0.0,0.0,-0.0,-0.0,-0.0,-0.5351807419765366,-0.0,-0.0,-0.0,-0.0,-0.0,0.0,-0.2012637635662967,-0.0,0.0,0.0,-0.0,0.0,-0.0,-0.0,0.0,0.0,0.0,0.0390054498770042,-0.0,0.0,0.0,0.0,0.0,0.04121241360105851,0.0,0.0,0.3342166086865496,0.0,-0.05733292357220546,0.0
-0.0,-0.11741865501459504,-0.09034130951141855,-0.0,0.0,0.18439823619947243,-0.2793167350872148,-0.0,0.0,-0.0,-0.0,-0.20213556097780727,0.0,-0.6611843633168434,0.0,-0.0,-0.5691644422399763,-0.0,2.084561982640592,0.0,-0.1581266591324892,0.0,0.0,0.0,0.0,0.13391468878147775,-0.0,0.0,-0.0,0.0,0.21878271838297825,-0.0,-0.0,-0.1874401097266453,-0.0,0.0,-0.06658088776920608,-0.0036511691474666336,-0.0,-0.0,-0.0,0.0,-0.0,-0.0,-0.0,-0.0,-0.0,-0.0,0.0,-0.0,-0.0,-0.10622835299279544,-0.0,-0.0,0.0,0.1210222915874562,-0.0,-0.0,0.0,0.0,0.0,0.11797870486571933,0.0,0.0,-0.0,0.0,0.0,-0.05100935956001174,-0.0,0.0,0.0,0.04486696248832542,0.0,0.0,-0.0,-0.0,0.0,0.04895902296760712,0.0,-0.0,0.0,-0.0,-0.07611719248401028,-0.1578174707783241,0.0,-0.0,-0.0,0.09308782554716293,-0.0,0.0,0.0,0.12510407882392155,-0.0,0.06235397292534657,0.0,0.0,-0.09960752556828542,0.0,0.0,-0.0
-0.0,-0.0,0.0,0.0,-0.06590955046481065,-0.1237495735912528,-0.0,0.0,-0.0,-0.0,-0.0,0.24644663665989136,0.0,-0.0,-0.0,0.0,0.0,0.0,0.0,2.3762980135063136,-0.0,0.0,0.0,-0.0,0.0,0.0,-0.0,-0.0,-0.39759101294345295,-0.0,-0.0,-0.0,0.0,-0.0,0.02410928495035228,-0.0,0.0,-0.0,-0.0,-0.0,-0.29626872663152687,-0.012755898447697311,-0.0,0.0,0.0,-0.0,-0.0,-0.0,-0.0,-0.0077771947832656115,0.0,0.126574542413047,-0.0,-0.0,-0.0,-0.0,0.0,-0.0,0.0,0.0,0.015810453202772155,0.0,-0.0,-0.0,-0.0,-0.0,-0.0077607763908232865,0.11515923315712392,0.0,-0.0011616770645228416,-0.8285201706142132,-0.0,-0.0,-0.0,0.0,0.01278425735471358,-0.229619240715422,0.0,-0.0,-0.0,-0.0,-0.0,-0.0,-0.0,0.0,-0.0,0.0,0.0,-0.3525090563677559,-0.0,-0.014729608565702783,-0.18497616124869087,0.01293363077619106,0.35330811384424127,0.0,0.08707120744480112,0.0,-0.0,-0.0,-0.0
-0.0,-0.0,0.0,-0.0,-0.0,0.0,-0.16258286769656635,-0.0,-0.0,-0.0,0.1349581252534432,-0.0,-0.0,-0.17241342546065036,-0.12656178498918447,-0.0,-0.013660186640192876,-0.12192576941275758,-0.1581266591324892,-0.0,2.757840892102728,0.0,-0.37759939181045415,-0.16950364419239067,0.05886079834417327,0.0,0.0,0.0,-0.0,0.0,0.0,0.0,-0.0,-0.0,0.0,0.0,0.0,0.0,-0.0,-0.0,-0.0,0.0,0.006889137352122808,0.0,0.0,0.0,0.0,0.0,0.10194482476459192,0.0,0.0,-0.0,-0.17861568337823155,-0.0,0.0,0.0,-0.0,-0.014085976150893027,0.0,0.0,0.0,-0.0,-0.0,0.0,-0.4059158745602697,-0.0,-0.0,-0.0,-0.0,-0.0,-0.9616510393506963,0.0,-0.0,-0.0,-0.0,0.0,-0.0,-0.0,0.36011554934883927,0.0,-0.0,0.0,0.0,-0.1477438410614348,0.0,0.0,0.0,0.0338431819831022,0.0,0.023138120382803804,0.0,0.0,-0.0,0.0,0.0,0.0,0.0,0.0,0.013326443627428687,0.0
-0.0,-0.028497998837191073,-0.0,0.0,-0.0,-0.0,-0.0,-0.0,0.0,0.0,0.0,0.0,0.0,0.0,-0.0,-0.13630284119548056,-0.0,-0.0204729196909558,0.0,0.0,0.0,2.3904276171595207,-0.0,-0.0,0.0,-0.5740059675206386,0.0,0.0,-0.0,0.0,0.0,0.04863732747884245,-0.0,-0.48985107545296225,-0.5157563031172337,0.0,0.0,0.0,0.019643373394267527,-0.0,-0.2397872669592224,-0.0,-0.2627557115849877,-0.0,0.0,0.0,-0.0,-0.4610495464457834,0.0,-0.0,-0.08874053391889868,-0.05344209752144024,-0.0,-0.0,-0.013852267130011626,-0.23124798368930505,-0.0,-0.0,-0.0,0.02389302962660065,-0.0,0.0,0.0,0.0,0.0,-0.0,-0.0,0.0,0.0,0.0,0.027297923822010503,-0.07791408953955149,-0.0,0.0,0.0,-0.074607552272283,-0.0,-0.0,0.07008884066015844,0.1830366032577201,-0.2176441509297435,0.0,0.0,-0.0,0.0,0.0,0.0,0.047000710132689534,0.0,-0.0,0.0,0.0,0.0,-0.0,-0.16485022913887143,-0.0,0.0,0.0,-0.0,-0.0
0.0,0.03841699699903981,0.0,0.0,-0.0,0.0,-0.0,-0.0,0.0,-0.0,0.0,-0.0,-0.0,-0.0,-0.02686315110559032,-0.0,-0.0,-0.0,0.0,0.0,-0.37759939181045415,-0.0,3.415444880029876,-0.0,0.0,-0.0,0.0,-0.0,-0.0,-0.0,-0.0,0.0,-0.0,0.0,0.0,0.0,0.1777913357013222,0.0,0.0,0.0,-0.0,0.0,-0.0,-0.04844534532298715,-0.0,0.0,-0.0,-0.3175555421653248,0.014040443322482554,0.0,0.005205313788952024,0.0,0.0,0.04710206755697358,-0.0,-0.0,0.0,-0.09243028643094353,-0.0,-0.0,-0.0,-0.03465826444982105,-0.3702860079222831,-0.0,0.0,-0.05737490766498986,0.0,-0.0,-0.0,0.0,-0.21751486369622505,-0.0,-0.6322585354807269,-0.04749441457766728,-0.434414081479542,-0.0,-0.06104102009511731,-0.8986324651758558,0.0,0.0,-0.3575604214612347,0.0,-0.0,-0.0,0.0,-0.0,0.032824235393191806,0.0,-0.0,0.0,0.4636570526147955,0.0,0.0,-0.0,-0.0,0.0,0.0776073782837311,0.0,-0.0,-0.0
0.0,-0.0,0.13192922958835576,-0.0,-0.0,-0.0,-0.06763558540183356,-0.0,-0.0,-0.05151403884523289,0.0,-0.0,-0.0,0.0,0.0,-0.2520715767337398,-0.5010308745585471,-0.6019299474333566,0.0,-0.0,-0.16950364419239067,-0.0,-0.0,2.4979405102295167,-0.05757062554287521,-0.34286858722319474,0.0,0.0,-0.0,0.0,0.0,-0.0,0.0,-0.0,-0.0,0.0,0.0,0.0,-0.0,-0.0,-0.0,0.0,0.0,0.0,0.1610078356924632,0.1027687346876328,0.07666395042701674,0.0,0.0,0.0,-0.0,0.0,-0.005188488629520381,0.0,-0.0,-0.11076453400949109,-0.0,-0.0,-0.0,0.0,-0.0,0.0,0.0,0.1016933208346825,0.0,-0.0,-0.0,0.0,0.0,-0.0,-0.0,-0.0,-0.0,-0.501124228475994,-0.2636583333074381,-0.007113719796331592,-0.000785468896012166,-0.0,0.11899586480228803,-0.0,-0.0,0.243278558056718,0.2856532316836899,0.009460350793284488,0.0,0.1519537550160577,0.0,-0.0,0.0,-0.0,0.0,-0.024073197645893014,-0.0,0.0,0.0,0.0,0.1933331969990137,0.030861741639813776,-0.0,0.0
-0.05824340841990021,0.0,-0.0,-0.0,0.0,-0.0,0.0,0.0,0.0,-0.0,-0.4005764388457738,-0.5642965641766153,0.0,0.0,0.03436717961376271,-0.0,0.0,0.0,0.0,0.0,0.05886079834417327,0.0,0.0,-0.05757062554287521,2.256709114098296,-0.0,-0.0,0.0,0.0,0.0,-0.09573209922890676,0.07493487021905378,0.0,0.13224569191817273,-0.0,-0.0,0.0,0.0,-0.0,0.0,0.0,-0.0515193790639582,0.0,-0.0,0.0,0.04813141201053568,-0.0,0.4071218601761278,0.0,0.0,-0.1434637248447964,0.07302656644387263,0.0,-0.0,0.0,-0.09489393391235992,0.0,0.11176942366214124,-0.0,-0.0,-0.0,0.44941819736956273,-0.0,0.0,0.0,0.0,-0.0,0.0,0.0,0.0,0.0,-0.0,0.0,-0.048512083656371434,0.0,-0.49600862017510566,0.0,0.0,0.0,0.0,0.0,-0.0,0.0,0.0,-0.0,0.0,0.0,-0.0,-0.0674632200142108,-0.0,-0.0,-0.43385635034749526,0.0,-0.0,0.0,-0.03832477000036084,0.0,0.0,-0.0,-0.0
0.25401193526383464,-0.0,-0.0,0.0,-0.0,-0.0,0.0,0.0,-0.0,0.09424426098074468,-0.05097918501935893,-0.09134873602390771,0.0,0.0,0.0,0.0,-0.0,-0.0,0.13391468878147775,0.0,0.0,-0.5740059675206386,-0.0,-0.34286858722319474,-0.0,2.5537896271470144,-0.0,-0.0,-0.0,-0.027723159159857628,0.0,0.0,0.1422985952157103,-0.0,-0.28513241168974207,0.0,0.0,0.5345212457642103,0.0,-0.0,-0.0,-0.25469708561703214,0.0,-0.12624588227505504,-0.0,0.0,0.0,0.0,0.0,0.0,-0.045886070754482554,-0.0,-0.0,-0.0,-0.0,-0.00016309990802322146,-0.12377525556540246,-0.0,-0.5946892420099752,-0.0,-0.2840879911388674,0.0,0.0,0.0,-0.0,-0.0,0.0,0.0,0.0,-0.0,-0.0,-0.21146615774714733,-0.04102038989545995,0.0,-0.0,-0.0925387699509424,-0.0,-0.0,0.0,-0.0,0.0,0.0,0.0,0.0,0.0,0.056897590395216864,0.0,-0.0,0.028912269743623195,0.0,-0.0,-0.0,0.02495334228334104,0.0,0.043595514385606965,-0.0,0.05256997519604737,-0.0,0.0,0.12670564617357857
-0.06068927123357909,-0.0,-0.0,0.0,-0.0,-0.10597790258311794,0.0,0.0,-0.0,0.0,0.0,-0.0,-0.0,-0.0,-0.0,0.0,-0.0,0.0,-0.0,-0.0,0.0,0.0,0.0,0.0,-0.0,-0.0,2.822786627574747,-0.7286512308455526,0.0,-0.4763104718837282,0.0,-0.18692716468486237,-0.0,-0.0,-0.3512125627901682,-0.09128716325032064,0.0,-0.006642931479225273,-0.06069665483059924,-0.0,-0.0,-0.10515125765187538,-0.0,-0.0,-0.009473655370127012,-0.9768201388685607,-0.16099855214381528,-0.0,-0.0,0.0,-0.0,-0.0,-0.0,0.0,-0.0,0.0,0.0,-0.0,0.0,0.0,-0.005731782806069934,-0.0,0.0,0.0,0.0,0.0,0.0,0.03474086597753664,0.2678625408231792,0.0,-0.0,0.0,0.0,0.0,0.11553435450117192,-0.0,0.0,-0.0,0.0,-0.0,0.0,-0.0,0.0,0.006530016355531115,0.0,-0.0,0.0,-0.243959514606902,-0.0,-0.0,0.0,-0.0,-0.0,0.18570950371404704,0.0,0.0,-0.0,-0.2782611754488249,0.0,0.17864704277006907
0.0,0.0,0.0,0.0021996134248014327,-0.0,-0.0,0.0380561095351528,0.0,0.0,0.06295814844235985,0.04038514264786568,-0.0,-0.18267998761207332,-0.0,-0.0,0.1226469927189756,-0.06689505777658492,0.0,0.0,-0.0,0.0,0.0,-0.0,0.0,0.0,-0.0,-0.7286512308455526,2.7563253339044804,-0.0,-0.10027210699231168,-0.0,-0.0,0.0,0.0,-0.18219852563849512,-0.0,-0.24428406764033567,0.0,0.0,0.1397564211826929,0.0,0.0,0.0,-0.0,-0.0,-0.0,-0.0,-0.0,-0.0,0.0,0.0,0.0,0.0,0.0,-0.3348710473756733,0.0,0.0,-0.0,0.028956047050881156,0.0,-0.06466707878356899,-0.0,-0.0,-0.0,0.0,0.0,0.0,-0.0,-0.0,0.0,-0.0,-0.0,-0.0,0.0,-0.0,-0.0,-0.0,-0.7921925755976209,0.0,-0.0,-0.0,-0.0,0.0,0.006389886721181831,0.0,-0.0,0.0,-0.5927427824162913,-0.04571130737032406,0.0,0.0,0.0047928525552351515,0.0,0.0,0.0,-0.0,-0.0,-0.0,-0.0,0.0
0.14908618220507217,0.0,-0.002451183641871191,0.0,-0.0,-0.20902966046667543,0.0,0.0,-0.003707576487428579,0.0,0.0,0.0,-0.0,-0.0,-0.35146382619676614,0.0,-0.06323466946297775,-0.04634611300988271,-0.0,-0.39759101294345295,-0.0,-0.0,-0.0,-0.0,0.0,-0.0,0.0,-0.0,2.721319246014969,-0.0,-0.0,0.0,0.0,-0.14743420470821147,-0.0,-0.0,0.0,0.27135725651406606,-0.04806356984921591,0.0,-0.0,-0.0,-0.010954700250996707,-0.0,-0.0,-0.0,0.0,-0.0,0.0,-0.0,0.0,-0.0,-0.0,-0.0,-0.11768313921145312,-0.0,-0.0,-0.31135033183991045,0.0,0.006389727775354248,0.0,-0.0,-0.0,-0.0,-0.2269910130029088,-0.03015384007142703,-0.0,-0.0,-0.0,-0.0,-0.21504775001775925,0.0,-0.0,-0.0,-0.0,0.1936966656503812,-0.8787111167284245,-0.0,0.0,0.0,0.0,0.0,-0.0,-0.0,0.0,-0.0,-0.0,0.0,-0.039343093500086405,0.17831018484935632,-0.0,-0.0,0.0,0.007984187263635171,0.0,0.0,0.0,0.0,-0.0,-0.044925742337401375
0.0,0.0,-0.0,0.051727684384653534,-0.0,-0.0,0.07284071013158992,0.0,0.0,0.0,-0.002088993827235843,-0.0,0.0,-0.0,-0.0,0.0,0.0,0.1426175343979345,0.0,-0.0,0.0,0.0,-0.0,0.0,0.0,-0.027723159159857628,-0.4763104718837282,-0.10027210699231168,-0.0,2.559349456261795,0.00528859400489392,0.0,-0.0,0.0,0.0,0.0,0.0,0.0,-0.0,-0.0,0.0,-0.0,0.1667809766670404,-0.0,0.0,-0.47930480083018345,-0.0,-0.08301034288246129,0.17371865236161743,-0.0,0.0,0.0,-0.0,0.0,-0.0,-0.0,0.0,-0.0,-0.0,-0.07228410242755731,-0.0,0.0,-0.0,-0.0,0.0,-0.15033343810878608,0.0,0.0,0.0,0.0,-0.0,0.0,-0.07558225286081449,0.10339300523085732,0.0,-0.0,0.0,-0.9324671680497256,0.3227627974973773,-0.0,0.0,0.0,0.0,0.0,0.0,-0.0,0.1850480337847041,0.0,0.0,0.0,-0.0,-0.0,0.0,0.09852244730601337,0.11679872119284831,0.00643656411109108,-0.0,-0.0,0.11377201054701885,0.0
-0.0,0.0,-0.0,0.0,0.0,-0.0,-0.07996959058295423,-0.0,0.07245152328257011,0.08322085458512118,0.0,0.0,-0.0,0.0,0.0,0.0,-0.0,-0.0,0.21878271838297825,-0.0,0.0,0.0,-0.0,0.0,-0.09573209922890676,0.0,0.0,-0.0,-0.0,0.00528859400489392,2.619040865820004,0.0,0.0,0.0,-0.0,0.0,0.17320470349261052,0.1813274958351175,-0.0,0.02331874145383677,0.1651793459336326,-0.0,-0.14369337597417703,-0.5695994935009768,-0.29849785760318115,0.0,0.0,0.0,-0.0,0.0938816366602825,-0.03289275498785807,0.0,0.0,0.0,-0.0,0.0,-0.0,0.0,0.0,0.12520331746404764,-0.0,-0.0,-0.0,-0.0,0.0,0.0,-0.0,-0.0,-0.0,0.0,-0.0,0.0,0.0,-0.2016975048437309,-0.0,0.0,-0.0,-0.0,-0.762173372388449,0.0,0.0,0.0,-0.0,-0.0,0.0,0.0,0.008533224743109349,-0.0,-0.08765167716836883,0.010174927880221387,0.0,-0.0,0.16059896744339247,-0.0,0.0,-0.4063980884721244,0.0,0.0,-0.13091369836698052,-0.0
0.0,-0.0,0.0,-0.0,0.0,0.0,-0.0,-0.0,-0.0,-0.0,0.0008105622397663171,0.0,0.0,0.0,0.0,0.0,-0.0,0.0,-0.0,-0.0,0.0,0.04863732747884245,0.0,-0.0,0.07493487021905378,0.0,-0.18692716468486237,-0.0,0.0,0.0,0.0,3.584534018432263,0.0,0.0,0.0,-0.2584077351545736,-0.0,-0.2524567964242871,-0.0,-0.0,-0.26117543861485165,-0.0,-0.02020435839656587,0.0,-0.0,-0.0,-0.0,0.0,-0.20538582157854832,-0.24168766934560723,0.24199052342725044,-0.0,-0.0,-0.0,0.0,0.04824696549863199,-0.0,0.0,0.0,-0.0,-0.0,-0.0,0.08747374326960033,0.0,0.22008553492970137,0.0,-0.0,0.0,0.006548239128794642,0.1134565590501172,0.0,0.039510005773718625,0.0,0.013325290446939385,-0.0,0.018598685115091447,0.0,0.024681839501010813,-0.0,-2.4046279821463705,0.0,0.0,-0.0,-0.0,0.0,0.0,-0.0,0.0,0.0,-0.0,0.0,-0.0,-0.0,0.09264051822205614,0.0,0.0,-0.0,-0.0,0.0,0.03319689142302007
-0.07078013422783573,-0.0,0.0,-0.0,0.0,0.0,-0.0,0.0,0.0,-0.07710973504498012,-0.0,-0.0,-0.0,0.0,-0.0,-0.9354350153146472,0.0799392019155953,0.0,-0.0,0.0,-0.0,-0.0,-0.0,0.0,0.0,0.1422985952157103,-0.0,0.0,0.0,-0.0,0.0,0.0,3.053518235157666,-0.0,-0.0,-0.0557279699786693,0.0,-1.0917483407395747,-0.212641980432902,-0.0,-0.0,0.0,-0.21518578767096225,-0.0,-0.0,-0.01763733679649143,-0.3178734185417913,-0.0,-0.0,-0.0,0.0,0.0,0.0,0.084069862463974,-0.0,0.0,0.0,-0.0,0.3340410185738071,-0.11977153926964308,0.03153042690320608,0.0,-0.0,-0.0,0.0,0.0,0.0,0.0,0.0,0.0,0.0,0.0,0.0,0.0,-0.0,-0.0,0.18176336232801027,0.0,0.030551337299462248,0.10729589249723619,-0.4055764055151651,0.0,0.0,-0.0,0.0,-0.0,0.0,0.0,-0.0,-0.0,0.0,0.35368310082383614,-0.0,-0.0,-0.0,0.0,-0.0,0.0,-0.0,-0.0
0.0,-0.0,0.0,0.0,-0.0,0.0,0.0,-0.0,-0.1924589918069598,0.0,0.0,0.0,0.0,0.0,-0.0,-0.0,-0.050519720187487835,-0.4577832960848755,-0.1874401097266453,-0.0,-0.0,-0.48985107545296225,0.0,-0.0,0.13224569191817273,-0.0,-0.0,0.0,-0.14743420470821147,0.0,0.0,0.0,-0.0,3.034115345326766,-0.4836978633828815,-0.0,0.0,-0.0,-0.0,-0.0,-0.8347281219136486,0.0,-0.0,0.0,0.0,-0.0,-0.0,-0.0,0.0,-0.0,-0.0,-0.0,-0.059690740529145345,-0.0,0.0,0.0,-0.0887015157105496,-0.0,-0.0,0.17791422668152476,0.24546129560297264,0.0,0.0716725080536361,-0.0,-0.0,-0.0,-0.0,-0.0,-0.2016143718016201,-0.09325596934750528,0.0,-0.22476224418550156,-0.0,0.029256952810421438,-0.0,0.0,-0.0,0.0,0.30856666600269606,0.0,-0.0,-0.02483307022681041,0.0,-0.0,0.0,-0.0,-0.0,0.13121754519522483,-0.0,-0.0,-0.0,0.0,0.0,0.0,0.0,0.11314410795256212,-0.0,-0.0,0.019884153805463597,-0.0
0.0,-0.0,0.0,0.0,-0.0,-0.22382367830934569,0.0,0.0,-0.0,0.17125120165349889,0.021583075479222526,-0.0,-0.0,0.0,-0.0,-0.0,-0.37823660318965274,-0.10608612117307988,-0.0,0.02410928495035228,0.0,-0.5157563031172337,0.0,-0.0,-0.0,-0.28513241168974207,-0.3512125627901682,-0.18219852563849512,-0.0,0.0,-0.0,0.0,-0.0,-0.4836978633828815,2.465673842784952,-0.30617023456992704,-0.0,0.0,0.0,0.0,-0.0,0.0,-0.053020117037033,-0.03937613193989244,-0.6259606636299703,-0.0,-0.0,-0.0,-0.0,0.0,-0.03798336709475015,-0.0,-0.0,0.0,-0.07592806026568366,0.0,-0.0,0.0,0.0,0.0,-0.0,0.0,0.0,0.15205304109122356,-0.0,0.1180220389393416,0.0,-0.0,-0.0,-0.0,0.0,-0.17898205106925208,0.0,0.0,0.0,-0.0,0.0,-0.0,0.0,0.0,-0.0,-0.0,0.0,-0.0,0.0,-0.0,0.0,-0.0,-0.0,0.0,0.010161872761177748,0.0,0.0,0.0,0.0,-0.0,0.0,0.0,-0.0,0.03404548086201139
-0.0,-0.0,0.0,0.07113369858982249,0.19910675163263064,-0.0,0.17009969895489851,0.16890580394503205,-0.3185132988027528,0.0,0.025761861148141368,0.0,0.0,0.0,0.0,-0.0,0.0,-0.0,0.0,-0.0,0.0,0.0,0.0,0.0,-0.0,0.0,-0.09128716325032064,-0.0,-0.0,0.0,0.0,-0.2584077351545736,-0.0557279699786693,-0.0,-0.30617023456992704,2.3331652876306177,-0.1155686917566996,-0.06822752617063609,-0.0,-0.0,-0.0,0.0,-0.0,0.0,-0.0,-0.0,-0.03331290257820696,0.0,-0.7574859373129023,-0.18379645264359007,-0.0,-0.0,-0.0,0.0,-0.0,-0.0,0.0,-0.0,0.19181282731385,-0.0,0.0,-0.0,0.0,0.0,0.0,0.0,0.0,-0.0,-0.0,-0.0,0.0,0.0,0.0,0.0,-0.0,0.0,0.0,0.0,-0.0,-0.0,0.0,-0.0,0.095464942885766,0.0,0.18179356114908177,0.0,-0.0,0.0,-0.34352737740606504,0.0,-0.0,-0.0,-0.0,0.06100207413834629,0.02470306479944708,0.0032209219999424486,0.0,0.0,-0.1876037687055484,-0.0
0.0,0.0,0.04250961639397354,0.0,0.0,-0.0,0.0,0.08990650372146625,-0.0,0.0,0.029016725964582234,-0.0,-0.0,-0.0,-0.0,0.0,-0.0,0.06587646608841004,-0.06658088776920608,0.0,0.0,0.0,0.1777913357013222,0.0,0.0,0.0,0.0,-0.24428406764033567,0.0,0.0,0.17320470349261052,-0.0,0.0,0.0,-0.0,-0.1155686917566996,2.071521933868905,-0.0,0.0,0.0,0.10419243933152018,0.0,0.0,0.0,-0.18106490700499253,-0.0,0.0,0.0,-0.4982946520563625,-0.6483789011824163,-0.0,-0.25352420972252127,-0.0,0.0,-0.0,-0.0,0.0,-0.0,0.10852434049141332,-0.0,-0.0,-0.0,-0.16453537861335027,-0.0,-0.0,0.0,0.0,-0.1298424494573492,-0.0,0.0,0.13425444908345857,0.0,0.0,0.0,-0.0,-0.0,0.0,0.0,0.0,-0.0,0.027507613427121273,-0.0,0.0,0.0,0.0,-0.0,-0.5595285961126942,-0.0,0.0,0.0,0.0,0.01191731751920302,-0.0,0.0,0.2117802569763702,-0.0,-0.0,0.0,0.0,-0.0
-0.22253285396078623,-0.13739707025628448,0.0,-0.0,0.030781048979714055,0.0,-0.0,0.0,0.0,-0.5427443022340823,-0.0,-0.0,0.0,-0.0,0.0,-0.055143378630223526,0.0,0.0,-0.0036511691474666336,-0.0,0.0,0.0,0.0,0.0,0.0,0.5345212457642103,-0.006642931479225273,0.0,0.27135725651406606,0.0,0.1813274958351175,-0.2524567964242871,-1.0917483407395747,-0.0,0.0,-0.06822752617063609,-0.0,3.6370186981069033,-0.2522835734944613,-0.5471063946477708,-0.0,-0.0,-0.1584092407687799,0.0,0.0,-0.3165227766471419,-0.14019652624147252,0.0,-0.0,-0.0,0.0,-0.0,0.0,0.0,0.0,0.06550795455866508,0.0,0.0,0.0,-0.0,0.0,-0.0,0.0,-0.0,0.018003390843192843,0.0,0.0,0.013691187484202252,0.0,0.0,0.0,0.0,0.28128946523126314,0.0,0.0,0.0,0.0,0.2331113338532667,-0.0,-0.0,-0.0,-0.0,0.0,0.0,0.0,-0.0,-0.0,0.0,-0.0,-0.0,0.0,0.0,-0.22366522184366405,0.0,-0.0,0.0,-0.0,-0.0,0.0,0.0
0.0,-0.14990898189087007,-0.0,0.0,-0.0,-0.0646034711997507,0.0,0.0,-0.0,0.0,-0.0,-0.0,-0.0,0.008289676302337201,0.0,-0.0,0.0,-0.0,-0.0,-0.0,-0.0,0.019643373394267527,0.0,-0.0,-0.0,0.0,-0.06069665483059924,0.0,-0.04806356984921591,-0.0,-0.0,-0.0,-0.212641980432902,-0.0,0.0,-0.0,0.0,-0.2522835734944613,2.015053199728044,-0.3750938186051491,0.0,-0.16708359804089007,-0.0,0.0,0.0,-0.01059379461310562,-0.19894703003665504,0.189283280431472,0.0,-0.0,0.0,-0.0,-0.0,-0.0,-0.0,0.0,-0.0,-0.0,0.0,-0.0,0.0,-0.0,-0.0,0.0,-0.0,0.0,-0.0,0.0,-0.0,-0.0,-0.0,0.0,0.1715388640319439,0.0,0.0,0.24658515019981048,0.0,0.0,0.0,0.0,0.06889117975250836,-0.0,0.04408846740043368,0.24640091456513524,0.0973937108562054,-0.0,-0.0,0.0,-0.061872058848624185,0.0,-0.002222518998006244,-0.0,-0.16453891080784175,0.0,0.0,0.4050053007639575,0.0,0.10183980049926222,0.0,-0.0
0.0,-0.02159793470154428,0.0,-0.0,-0.0,-0.0,-0.2239917167768661,-0.0,-0.0,-0.23363409017167783,-0.16407435146339447,-0.0,0.0,0.0,0.0,-0.0,0.008140337695729822,-0.0,-0.0,-0.0,-0.0,-0.0,0.0,-0.0,0.0,-0.0,-0.0,0.1397564211826929,0.0,-0.0,0.02331874145383677,-0.0,-0.0,-0.0,0.0,-0.0,0.0,-0.5471063946477708,-0.3750938186051491,2.16135503823768,-0.05518469629514369,-0.2147818455880264,-0.03145851786342424,0.0,0.07941362917980438,-0.0,-0.0,-0.0,-0.0,-0.17462176662294862,0.0,-0.0,0.0,-0.19384382479478696,-0.0,0.0,-0.0,-0.0,-0.0,-0.0,0.0,0.0,0.2615653232942905,-0.0,0.0,-0.0,-0.0,0.0,0.0,0.0,0.0,0.0,0.0,0.0,0.0,0.15578254223555935,0.0,0.0,0.0,-0.0,0.0,0.0,0.0,-0.0,0.0,0.0,0.0,0.14624257799889911,0.0,0.0,0.0,0.0,0.0,0.005759204777750153,0.08675809621751006,0.0,-0.0,0.0,0.0,-0.0
0.0,-0.06784101894991046,0.0,-0.0,-0.0,0.0,-0.0,-0.07326918674181096,-0.15468945165547357,-0.0,-0.0,0.0,0.0,-0.0,-0.0,-0.0,0.0,-0.22956455441593032,-0.0,-0.29626872663152687,-0.0,-0.2397872669592224,-0.0,-0.0,0.0,-0.0,-0.0,0.0,-0.0,0.0,0.1651793459336326,-0.26117543861485165,-0.0,-0.8347281219136486,-0.0,-0.0,0.10419243933152018,-0.0,0.0,-0.05518469629514369,2.5166869589774445,0.0,-0.3641045303043923,0.0,0.0,-0.0,-0.05999462247117648,-0.19513855276233505,-0.0,-0.0,0.0,-0.0,-0.0,-0.0,0.0,0.0,-0.0,-0.0,-0.0,0.0,0.21485101715672147,0.0,0.27736756768412596,0.0,0.0,-0.0,-0.09043388429499868,0.0,-0.0,-0.0,0.0,-0.0,-0.0,0.15692327110421603,0.09207333653207392,0.017375300472380173,-0.0,0.0,0.0,-0.019145500346140078,-0.0,-0.20805361405583048,0.0,-0.0,-0.0,-0.0,0.0,0.05828889866497127,-0.0,-0.19955261677923733,-0.0,-0.0,0.0,0.1187464515094026,-0.0,0.0,-0.0,-0.12128121852166598,0.0,0.0
0.0,0.0,0.0,0.0,-0.0,-0.05929317182900249,0.0,0.0008253134393241885,0.0,-0.0,-0.242111087006412,0.0,0.18508234575330623,-0.07312256541012206,-0.0,0.0,0.009301280213834558,0.01594042760765535,0.0,-0.012755898447697311,0.0,-0.0,0.0,0.0,-0.0515193790639582,-0.25469708561703214,-0.10515125765187538,0.0,-0.0,-0.0,-0.0,-0.0,0.0,0.0,0.0,0.0,0.0,-0.0,-0.16708359804089007,-0.2147818455880264,0.0,1.6555209794251384,-0.5137541757076399,-0.06696186764597596,0.0,-0.031212654300951746,-0.0,0.0,0.0,-0.003246106372660025,0.0,0.0,0.0,-0.0,-0.21947204681419463,0.0,0.0,0.12545545971988667,-0.0,0.0,0.0,0.01588958504359326,-0.0,-0.06641526614192,-0.0,-0.0,0.0,0.0,0.23288221718482305,0.029510935510562226,0.0,-0.0,0.07335968811239825,0.0,0.02947933756249013,-0.0,-0.0,-0.0,0.0,0.0,0.0,0.0,-0.0,-0.0,-0.0,-0.0,-0.20939987766694448,-0.0,0.12347705705369,0.0,0.0,-0.0,0.1115132501502478,-0.0,0.0,-0.0,-0.0,-0.0,0.0,-0.0
0.0,-0.0,0.0,-0.0,-0.05533271734012381,-0.0,-0.07454361522877571,-0.0,-0.0,-0.09009210497133024,-0.0,0.0,-0.0,-0.0,-0.0,-0.0,0.0,0.0,-0.0,-0.0,0.006889137352122808,-0.2627557115849877,-0.0,0.0,0.0,0.0,-0.0,0.0,-0.010954700250996707,0.1667809766670404,-0.14369337597417703,-0.02020435839656587,-0.21518578767096225,-0.0,-0.053020117037033,-0.0,0.0,-0.1584092407687799,-0.0,-0.03145851786342424,-0.3641045303043923,-0.5137541757076399,1.9650748523614907,-0.029503691475726637,-0.2229659072747621,-0.061108125069565665,-0.19665948275595643,-0.031151321884200757,-0.0,-0.17144157412022856,0.0,0.0,0.0,-0.0,-0.07978821889828136,0.0,0.0,-0.0,0.0,0.0,0.0,0.0,0.0,-0.0,0.05889448780260098,0.0,-0.0,-0.0,0.0,0.0,0.2086375269548792,-0.0,0.0,-0.0,0.0,0.0,-0.0,0.0,-0.024046811106077245,-0.0,-0.0,-0.0,-0.0,-0.0,-0.0,-0.15370601614393828,-0.0,0.0,-0.06095105115999532,-0.0,0.02919412455138493,0.0,0.0,-0.2163105056908372,-0.05095348106457384,-0.0,-0.10681996486532969,-0.0,-0.0,-0.06679888922179417
0.0,0.0,-0.0,0.40777921206209455,0.0,-0.0,-0.0,0.0,0.026900637790466683,0.0,-0.0,-0.0,-0.0,-0.09355024353517827,-0.01932770076128188,0.0,-0.0,-0.0,-0.0,0.0,0.0,-0.0,-0.04844534532298715,0.0,-0.0,-0.12624588227505504,-0.0,-0.0,-0.0,-0.0,-0.5695994935009768,0.0,-0.0,0.0,-0.03937613193989244,0.0,0.0,0.0,0.0,0.0,0.0,-0.06696186764597596,-0.029503691475726637,3.480079145423213,-0.591213283463476,-0.0,-0.0,-0.3384372497786076,0.0,0.0,-0.006087873090446756,0.0,0.007311781372950897,0.0,-0.12148420377829544,0.0,0.0,0.0,-0.0,-0.0,-0.04084481068476093,-0.0,-0.0,-0.0,0.0,0.0,0.0,-0.0,0.14303036302675376,0.0,0.0,0.0,-0.0,-0.0,-0.0,-0.055270856729647405,0.0,-0.0,-0.0,0.0,0.0,0.0,-0.0,0.0,0.5210842489646329,0.0,-0.0,-0.0,0.0,0.0,0.0,0.06290824698788863,0.028438696631539116,0.0,0.0,-1.3127143908423509,0.0,0.0,-0.05723700266454964,-0.0
0.0,0.004910354885395608,-0.0,0.0,0.0,-0.0,-0.0,0.0,0.0,0.13231762730786695,0.10092631061976275,0.0,-0.02462394949252641,-0.0,-0.010465748377476675,0.0,-0.0,0.0,-0.0,0.0,0.0,0.0,-0.0,0.1610078356924632,0.0,-0.0,-0.009473655370127012,-0.0,-0.0,0.0,-0.29849785760318115,-0.0,-0.0,0.0,-0.6259606636299703,-0.0,-0.18106490700499253,0.0,0.0,0.07941362917980438,0.0,0.0,-0.2229659072747621,-0.591213283463476,2.517348401805548,-0.0,-0.0,-0.058169529344885514,-0.0,-0.0,-0.015021787132987399,-0.0,0.0,0.0,-0.0,0.07821695727919782,0.0,-0.0,0.000350392612275015,0.0,-0.0,-0.0,0.0,0.0,0.0,0.11764036374634138,0.0,-0.0,0.02948515994528751,0.0,0.0,0.0,0.0,0.0,0.0,-0.0,0.06506590201707203,0.0,-0.0,-0.0,0.0,-0.0,-0.37629288390513627,-0.0,0.031228804152561303,0.0,0.0,0.0,0.0,0.0,0.11871395308092732,0.0,0.0,0.0,0.0,-0.5046200891473827,0.0,0.0,-0.0,0.0
-0.0,-0.0,-0.0,0.05863748179938372,0.0,-0.0,0.0,0.0,0.0,0.0,0.0,0.0,-0.0,-0.35906803853394,-0.0,-0.0,0.0,0.0,-0.0,-0.0,0.0,0.0,0.0,0.1027687346876328,0.04813141201053568,0.0,-0.9768201388685607,-0.0,-0.0,-0.47930480083018345,0.0,-0.0,-0.01763733679649143,-0.0,-0.0,-0.0,-0.0,-0.3165227766471419,-0.01059379461310562,-0.0,-0.0,-0.031212654300951746,-0.061108125069565665,-0.0,-0.0,3.4486594189810287,-0.8597896626346537,-0.6629158091604198,-0.0,-0.5307200588199221,0.0,-0.0,0.0,0.08632076214173555,-0.0,0.0,0.015274781777899527,-0.0,0.0,-0.03449669896754738,-0.0,-0.0,-0.0,-0.0,0.0,-0.0,0.14678096085569492,-0.0,0.0,0.041718958034160175,0.0,0.0,0.0,0.0,0.0,0.0,0.0,-0.0,0.0,-0.0,-0.0,0.0,0.0,0.1949555687012484,0.3178702734995768,-0.0,0.0,0.0,-0.0,-0.0,0.0,0.0,-0.0,0.0,0.0,0.0,-0.04507674536229865,-0.0,0.0,-0.0
