1.736647337954921877e+00,-0.000000000000000000e+00,0.000000000000000000e+00,-0.000000000000000000e+00.1,-0.000000000000000000e+00.2,-0.000000000000000000e+00.3,0.000000000000000000e+00.1,-0.000000000000000000e+00.4,0.000000000000000000e+00.2,0.000000000000000000e+00.3,-0.000000000000000000e+00.5,-0.000000000000000000e+00.6,-0.000000000000000000e+00.7,-0.000000000000000000e+00.8,-0.000000000000000000e+00.9,-2.424676811417127709e-01,0.000000000000000000e+00.4,-0.000000000000000000e+00.10,0.000000000000000000e+00.5,-1.089745856897617188e-01,0.000000000000000000e+00.6,-0.000000000000000000e+00.11,0.000000000000000000e+00.7,0.000000000000000000e+00.8,-2.442303681883926936e-01,-0.000000000000000000e+00.12,-0.000000000000000000e+00.13,-1.081511603022266982e-01,-0.000000000000000000e+00.14,-0.000000000000000000e+00.15,-0.000000000000000000e+00.16,-9.365141988656107419e-02,-6.019800146788179679e-02,0.000000000000000000e+00.9,-6.528035612206731014e-04,-0.000000000000000000e+00.17,-0.000000000000000000e+00.18,-0.000000000000000000e+00.19,-0.000000000000000000e+00.20,-0.000000000000000000e+00.21,-0.000000000000000000e+00.22,-1.900050670141948672e-01,0.000000000000000000e+00.10,-0.000000000000000000e+00.23,1.921050038234473414e-02,-0.000000000000000000e+00.24,-0.000000000000000000e+00.25,-0.000000000000000000e+00.26,-1.989236147716087408e-02,-0.000000000000000000e+00.27,-4.233427823784916555e-01,-0.000000000000000000e+00.28,-0.000000000000000000e+00.29,-9.690333604062872919e-02,0.000000000000000000e+00.11,-0.000000000000000000e+00.30,-0.000000000000000000e+00.31,5.825254916378164172e-02,-0.000000000000000000e+00.32,-0.000000000000000000e+00.33,-0.000000000000000000e+00.34,-0.000000000000000000e+00.35,0.000000000000000000e+00.12,-0.000000000000000000e+00.36,0.000000000000000000e+00.13,-0.000000000000000000e+00.37,-0.000000000000000000e+00.38,3.778029120502672533e-02,1.603402659860392598e-01,0.000000000000000000e+00.14,-0.000000000000000000e+00.39,3.112850543607825413e-02,0.000000000000000000e+00.15,0.000000000000000000e+00.16,1.312134498357831469e-01,-0.000000000000000000e+00.40,-0.000000000000000000e+00.41,0.000000000000000000e+00.17,0.000000000000000000e+00.18,-0.000000000000000000e+00.42,2.042431042798581176e-01,0.000000000000000000e+00.19,0.000000000000000000e+00.20,-0.000000000000000000e+00.43,1.597500976226071123e-01,1.303866560559947541e-01,0.000000000000000000e+00.21,-0.000000000000000000e+00.44,-0.000000000000000000e+00.45,5.486537411906809540e-03,-3.145098430218749574e-01,-1.559896350574591639e-01,0.000000000000000000e+00.22,0.000000000000000000e+00.23,0.000000000000000000e+00.24,-0.000000000000000000e+00.46,0.000000000000000000e+00.25,0.000000000000000000e+00.26,-1.963718424076224822e-01,-0.000000000000000000e+00.47
-0.0,2.5320396303816755,-0.5614897544311217,-0.32435272272578014,-0.013471717596318456,-0.0,-0.0,-0.8051478322821398,0.0,0.0,0.08558843774586515,0.0,0.0,0.0,0.0,-0.0,0.0,0.0,0.0,0.0,0.0,0.0,-0.0,0.0,-0.0,-0.0,-0.0,-0.0,-0.0,0.0,0.0,-0.0,0.0,0.12045927964987357,0.0,0.07988562686995838,0.0,-0.0,0.0,0.0,0.0,-0.0,-0.0,-0.0,-0.0,-0.0,0.0,0.0,0.0,0.0,-0.0,-0.19852543896199143,0.0,-0.4187729496950365,0.0,0.0,-0.04024944987590948,0.0,0.0,0.0,-0.0,-0.0,0.0,0.0,0.0435379381119906,0.0,-0.0,0.0,0.0,0.0,0.0,-0.0,-0.0,0.0,0.0,-0.0,-0.0,-0.0,0.0,-0.08945647630663003,0.0,0.2614390783353619,-0.0,-0.0,-0.0,-0.0,0.0,0.0,0.0,0.0,0.0,0.039514000263357434,0.0,-0.0,-0.12456534411077544,-0.0,-0.0,0.0,0.0,0.0
0.0,-0.5614897544311217,1.8638690464882617,0.0,-0.0,-0.3316416659957769,-0.1385154982315519,-0.056699567479536986,-0.0,0.0,0.0,0.0,0.0,0.0,0.08320767636594606,0.0,0.0,0.0,0.0,0.0,0.0,-0.15334244339696573,-0.0,0.0,0.0,-0.0,0.0,0.0,0.0,0.0,-0.09184282509954288,0.0,0.0,0.0873197473314696,0.0,0.0,0.0,-0.0,-0.0,0.0,0.0,0.0,-0.0,0.0,-0.0,0.07113194432376996,-0.0,-0.0,-0.0,0.0,-0.0,-0.28815511887710454,0.0044552201034432255,0.0,-0.0,-0.18797235769635745,-0.0,-0.0,0.0,0.0168757497102034,0.0,0.0,0.0,0.0,0.0,0.0,-0.0,0.0,0.08202394563714206,0.0,0.0,-0.0,-0.04620055959018569,0.042703269958371634,-0.0,0.0,0.0,-0.0,0.0,-0.0,0.11459151212654088,0.1829904186679264,-0.05239490011856938,0.0,0.0,-0.0,0.0,0.0,0.0,0.0,0.0,0.0,-0.0,-0.0,-0.0,0.0,0.0,-0.0,-0.0,0.0
-0.0,-0.32435272272578014,0.0,2.423067301766613,-0.0,-0.0,0.01610320594872453,-0.0,0.048365487292348845,0.007055741788298301,0.0,0.0,-0.0,0.05395036096078551,0.0,-0.12502340963601027,0.0,-0.0,-0.0,0.03399805382974941,-0.0,-0.0,-0.0,0.016302428503499396,-0.0,-0.0,-0.2845474633917752,-0.01499170440566046,0.0,-0.0,0.0,0.0,-0.0,0.0,-0.0,0.0,0.0,-0.0,-0.0,0.0,0.0,-0.0045619496443948,-0.0,-0.0,-0.0,-0.04985091653068466,-0.11867081459010624,-0.00974881456146065,-0.0,0.0,-0.025977695784294916,-0.2543752832019025,-0.1924352935083767,-0.919537861272908,-0.0,0.0,-0.2566613292487007,0.053924251283627295,0.0,0.0,-0.0,-0.0,0.0,0.08853827356645216,0.010137873277127537,0.0,-0.0,0.0,-0.0,0.0,0.0,0.0,0.0,0.0,0.1540892210715406,0.0,0.0,0.0,0.0,-0.0,0.0,-0.0,-0.0,-0.0,0.0,0.0,0.0,0.0,0.0,0.0,-0.0,0.0,0.23424151928671944,0.0,-0.0,-0.0,0.0,0.0,0.0,0.0
-0.0,-0.013471717596318456,-0.0,-0.0,2.347193552530969,-0.09760146437478637,0.0,-0.0,0.0,-0.0,-0.0,-0.0,0.009704004900355945,0.0,0.0,-0.0439340024991764,-0.0,-0.0,0.0,-0.0,0.19529747605735337,-0.0,0.0,-0.2861509353642353,-0.0,-0.0,-0.020449085218758607,-0.05843737835412016,-0.0,-0.0,0.0,-0.0,-0.0,-0.0,-0.02569072182071743,-0.0,-0.003532123479510181,0.019308206118823924,0.0,-0.031391079105474985,0.0,-0.038372407559746594,-0.0,-0.0,0.0,0.0,-0.0,0.0,0.0,0.0,-0.0,-0.274892878531202,-0.0,-1.0728133125483776,-0.13808082708756828,0.0,-0.0,0.0,-0.03877137578078026,0.0,-0.0,0.0,0.0,0.0,0.09107431922594204,0.0,-0.0,0.21016364877205285,0.0,0.0,0.0,0.2481139255100252,0.0,0.0,-0.0,-0.009985825221851714,-0.0,-0.0,0.039492706483380845,-0.0,-0.0,0.0,-0.011800207572914565,-0.0,0.0,0.0,-0.15262869456474543,-0.0,-0.0,0.0,-0.0,-0.0,0.0,-0.09120656752139401,0.0,-0.0,0.0,0.0,0.0,-0.0
-0.0,-0.0,-0.3316416659957769,-0.0,-0.09760146437478637,2.8563154866323712,0.0,-0.0,-0.5271687799025487,0.0,-0.0,0.0,0.0,0.0,0.025943349049140623,0.0,-0.0,-0.0,0.0,-0.0,0.0,-0.0,-0.0,0.0,-0.0,-0.4710070430268329,-0.0,-0.023492085039199632,0.0,-0.0,-0.0,0.0,0.0,0.0,0.0,-0.0,-0.0,-0.0,0.0,0.0,0.0,-0.10128203672447648,0.0,-0.08118570345766435,0.0,0.0,0.036340524378111576,-0.0,-0.4777381148229247,0.0,-0.0,-0.0,0.0,-0.0,-1.1897733255831884,-0.4757334243568805,0.0,-0.0,-0.0,-0.0,-0.012438445977828776,-0.0,0.0,0.09645064398390393,0.0,0.0,0.0,0.0,0.0,0.0,-0.0,0.0774422533139447,-0.0,0.0,-0.0,-0.0,-0.01774062467250239,-0.045021731944615714,-0.0,0.0,0.0,0.0,-0.0,-0.0,0.0,0.0,-0.0,0.0,-0.0,0.0,-0.0,0.0,0.0,0.0,0.0,0.0,0.007791268573372399,0.0,-0.0,0.0
0.0,-0.0,-0.1385154982315519,0.01610320594872453,0.0,0.0,1.7217378337498828,-0.5646484765614611,-0.06374858387905895,-0.0,0.0,-0.0,-0.0,-0.0,-0.0,-0.0,-0.0,-0.10549105644441428,-0.0,-0.09268402182913509,-0.0,-0.14035096057343627,-0.0,-0.0,0.0,0.0,0.0,0.08300268815995784,-0.12439601430381753,0.1198900504713062,0.0,-0.0,0.07960534026613339,0.0,0.0,-0.05659397187742584,0.0,-0.0,-0.0,-0.0,-0.3814714636057395,0.0,-0.0,0.0,-0.0,-0.0,0.0,-0.0,0.0,-0.0,-0.060483507018975605,0.0,-0.0,0.002884630625212864,0.06113053374026461,-0.0,-0.050683791768133736,-0.0,0.0,0.0,0.0,-0.0,-0.0,-0.17386184146603711,-0.0,-0.0,-0.14731832071680012,-0.0,-0.0,-0.0,0.0,-0.019458164113860758,-0.12969055801181945,-0.0,-0.0,-0.0,-0.0,-0.0,0.0,-0.0,0.0,0.0,0.0,0.0,-0.0,-0.0,0.0,0.0,-0.0,-0.0,-0.0,0.0,-0.04747234481808647,0.0,-0.0,-0.0,-0.0,-0.0,-0.0,-0.0
-0.0,-0.8051478322821398,-0.056699567479536986,-0.0,-0.0,-0.0,-0.5646484765614611,3.539281863142593,-0.0,-0.0,-0.0,-0.0,-0.0,-0.0,-0.0,-0.0,0.0,-0.0,-0.0,0.0,-0.0,-0.0,-0.09689405445673377,0.039284637039094725,0.0,-0.0,0.0,0.0,-0.0,0.0,0.0,-0.0,0.0,0.0,0.0,0.0,0.02469581747541484,0.0,0.0,0.0,0.0,-0.0,0.0,0.0,0.0,0.0,0.0,0.0,0.056248872049680126,0.22210174210868,-0.03911680895841752,-0.0,-0.0,-0.0,0.0,-0.0,-1.5557839650766034,-0.4893943573251936,-0.0,-0.0,-0.0,-0.0,-0.0,0.0,0.0,0.0,-0.0,-0.0,-0.13564620939641292,-0.0,0.0,-0.0,-0.221541626303666,-0.0,0.0,-0.020774788762139652,-0.11921185503304257,-0.0390675372063862,0.0,-0.0,-0.0,0.0,-0.0,-0.015943690369618152,-0.0,-0.0,0.0,0.0,-0.0,0.0,-0.0,0.0,-0.0,0.0,-0.028704967317414152,0.0,0.0,0.0,0.0,0.0
0.0,0.0,-0.0,0.048365487292348845,0.0,-0.5271687799025487,-0.06374858387905895,-0.0,2.3099576863483438,-0.0,-0.0331956844766936,0.0,-0.0,-0.033539954075608766,-0.0,0.06482554733645537,0.0,-0.2387455685576345,-0.0,0.0,-0.0,-0.0,-0.15950026759756103,0.011895355848872307,0.022213924187782397,0.0,0.05641192016484002,0.0,-0.0,-0.0,0.0,0.0,0.0,-0.0,0.0,-0.125613466101295,0.0,-0.0,-0.0,0.0,-0.0,0.0,0.0,-0.0,0.0,0.0,0.0,-0.0,-0.0,-0.0,-0.0,0.0,0.19641065067592567,0.07965012929026312,-0.0,-0.6703543082592159,0.0,-0.734841515710216,0.0,-0.0,-0.0,-0.0,-0.0,-0.0,-0.0,-0.0,0.0,-0.0,-0.0,-0.0,-0.0,0.0,-0.0,-0.0,0.0,0.0,-0.0,-0.05841858509474417,-0.0,0.0,0.0,-0.0,0.0,-0.0,0.0,0.0,0.0,0.0,-0.0,0.0,-0.0,-0.0,-0.052440946662482606,0.0,-0.0,0.0,0.0,-0.0,-0.0,-0.0
0.0,0.0,0.0,0.007055741788298301,-0.0,0.0,-0.0,-0.0,-0.0,3.282188460845292,-0.2720921433290446,-0.7511018709625482,-0.0,-0.0,-0.0,0.0,0.0,0.24699211550251332,0.0,-0.06911127928922671,-0.0,0.0,0.0,-0.0,-0.0,-0.0,-0.09628065931958726,-0.0,-0.04468447813331445,0.0,0.0,-0.0,0.0,0.0,0.0,-0.06797289831837122,0.0,-0.024567141686437192,-0.14859962836806384,-0.0,0.0,-0.0,0.0,-0.0,0.0,0.0,0.0,0.0,0.0,-0.0,0.0,0.0,0.0,-0.0,0.0,0.0,0.14278564176167932,-0.0,-1.292980175312619,-0.004131742250665581,-0.0,-0.0,-0.02764312770414242,-0.0,-0.0151560179972683,-0.0,-0.0,-0.0,-0.012894122965699351,0.0,-0.0,-0.0,-0.0,-0.0,-0.04115611157726669,-0.5058711075703358,-0.0,-0.0,-0.003471329804843853,-0.0,-0.0,-0.0,-0.0,-0.0,-0.0,-0.0,-0.0,-0.0,-0.0,-0.0,-0.0,-0.0,-0.24524235892226903,-0.0,-0.003727952860772383,-0.1738708589506573,-0.0,0.0,0.0,-0.0
-0.0,0.08558843774586515,0.0,0.0,-0.0,-0.0,0.0,-0.0,-0.0331956844766936,-0.2720921433290446,2.4405987925819894,-0.5511142429903024,-0.08201737561152797,-0.0,-0.06318549091301792,-0.0,0.0,-0.0,0.0,0.0,-0.0,-0.0,-0.0,0.0,-0.08722432274169786,-0.0,-0.0,-0.050507355214385166,-0.0,-0.18191939056784623,0.0,0.0,-0.0,-0.0,0.0,-0.0,0.02097466057593208,-0.06556509879211017,-0.0,-0.0,0.08202678695606849,-0.0,0.03441051104722842,-0.0,0.0,0.0,0.0,0.06117395170232307,0.0,0.0,-0.0,-0.0,-0.0,0.0,-0.0,-0.0,0.0,-0.0,-0.0,-0.9054595492670591,-0.011350732145258759,-0.0,-0.0,-0.039457328655453934,-0.0,-0.0,-0.0,-0.0,-0.04254233030832619,-0.0,-0.0,-0.0,-0.0,-0.0,-0.0,-0.0,0.0,-0.0,-0.0,-0.0,0.0,-0.06601211033497013,0.0,-0.0,0.0,-0.0,-0.0,-0.0,-0.0,-0.0,-0.0,-0.02024164118321175,-0.0,-0.21323127966392336,-0.0,-0.0,0.0,-0.0,0.0,-0.0
-0.0,0.0,0.0,0.0,-0.0,0.0,-0.0,-0.0,0.0,-0.7511018709625482,-0.5511142429903024,3.6128524599369833,-0.0,-0.0,-0.0,-0.0,-0.0,0.0,0.0,-0.0,0.0,-0.0,0.0,-0.05062366328992319,-0.0,-0.0,-0.0,-0.0,-0.0,-0.0,0.0,-0.0,0.0,-0.0,0.0,-0.0,0.0,-0.0,-0.0,-0.0,0.0,-0.0,0.0,-0.0,0.0,-0.0,0.1692688738439847,0.0,-0.0,-0.0,-0.05259262505333702,-0.0,-0.08961322518400042,-0.0,0.0,0.0,0.0,-0.0,-0.3837037586748025,-0.0,-0.9461815753730235,-0.0,-0.3271425488944242,-0.33914074112950254,-0.0,-0.0385627678610847,0.0,-0.0,-0.0,0.0,-0.0,-0.0,-0.0,0.0,-0.40856800480507693,-0.08822682287568312,-0.0,-0.0,-0.0034251097773469567,-0.0,0.0,-0.0,0.09715047794835155,0.03527152761926218,0.0,0.0,-0.0,-0.0,-0.0,0.0,0.0,-0.0,-0.0,-0.0,0.0,-0.34635106535864046,0.0,0.0,0.0,0.0
-0.0,0.0,0.0,-0.0,0.009704004900355945,0.0,-0.0,-0.0,-0.0,-0.0,-0.08201737561152797,-0.0,4.233828896163128,-0.7665522941540489,-0.18923994878992287,0.0,-0.0,0.0,-0.0,-0.0,-0.0,-0.1049231684494367,-0.0,0.1823903113169051,0.0,0.0,0.0,0.0,-0.0,-0.0,0.0,0.12351253706231297,0.0,-0.10144619468675883,-0.0,0.0,0.18153779036639503,-0.0,-0.0,-0.0,-0.0,0.0,-0.0,0.0,-0.11953378643409111,-0.0,-0.12147275249486404,-0.0,0.0,-0.0,-0.0,-0.0,-0.0,0.0,0.0,-0.0,0.0,-0.0,-0.0,-0.0,-0.0,-2.170392699351054,-0.3972372519745356,-0.0,-0.04761653706660286,-0.0,0.0,-0.08482350133606006,-0.0,0.0,0.0,-0.0679231499159429,-0.0,-0.0,0.0,0.0,0.0,0.0,-0.0,-0.0,0.23500644561873704,-0.0,0.0,-0.0,0.0,-0.0,0.0,0.0,0.0,0.0,0.0,-0.1864636937005866,-0.0,-0.0,0.0,0.0,0.0,0.0,0.0,0.0
-0.0,0.0,0.0,0.05395036096078551,0.0,0.0,-0.0,-0.0,-0.033539954075608766,-0.0,-0.0,-0.0,-0.7665522941540489,4.9419907156449225,-0.6397204707817076,0.0,-0.0,0.0,-0.0,-0.0,-0.0,-0.0,-0.02131574366827855,0.0,0.0,0.0,0.015689421913580442,0.0,-0.0,-0.0,0.0,0.0,0.0,-0.0,-0.0,0.0,0.09431885782179972,-0.0,-0.10654610881762049,-0.0,-0.0,0.0,-0.0,0.0,-0.0,-0.0,-0.11650359957198524,-0.0,-0.0,-0.0,-0.0,0.0,-0.0,0.0,0.0,-0.0,0.0,-0.05406217274098992,-0.0,-0.0,-0.0,-0.0331497766375909,-0.6259204383751146,-1.6316404777969988,-0.14518897727196148,-0.7102564831998229,0.0,-0.18761682356039527,0.0,0.0,-0.0,-0.0,-0.0,-0.0,0.0,0.0,0.0,0.0,0.0,-0.0,0.08014543850555286,-0.0,0.0,0.0,0.0,-0.0,0.30510266713180023,-0.0,0.0,0.0,-0.0,-0.0,-0.16672104999002643,0.0,0.0,0.0,-0.0,-0.0,-0.0,0.0
-0.0,0.0,0.08320767636594606,0.0,0.0,0.025943349049140623,-0.0,-0.0,-0.0,-0.0,-0.06318549091301792,-0.0,-0.18923994878992287,-0.6397204707817076,3.470203054266193,8.38413682659584e-05,-0.0,0.0,-0.0,-0.0,-0.21004017446493967,-0.0,-0.0002560110494624196,0.0,0.0,0.0,0.0,0.0,-0.26217469932776594,-0.15614427692258517,0.3661915674706232,0.0,-0.0,0.0,-0.019137579886494345,0.0,0.0,-0.0,-0.0,0.0,-0.0,0.0,0.0,-0.0,-0.0,-0.1491194832045702,-0.007611886523113902,-0.10457140316966052,0.0,-0.139803343090456,-0.0,0.0,-0.0,0.0,0.12239204555265402,0.0,0.0,-0.0,-0.018052877655075707,-0.029334015696092588,-0.0,-0.0,-0.11315958319064896,-0.02188297867448988,-0.2032810147334219,-1.179260362382251,-0.0,-0.0,0.0,0.0,-0.12761084040223472,-0.0,-0.22469860943291575,-0.0,0.0,0.0,0.0,-0.0,0.0,-0.0,0.0,-0.0,0.2801553511010413,0.0,0.0,-0.0,0.0,-0.0,0.0,0.0,-0.0,-0.0,-0.0,-0.0,0.0,-0.0,-0.0,-0.0,-0.0,0.0
-0.2424676811417128,-0.0,0.0,-0.12502340963601027,-0.0439340024991764,0.0,-0.0,-0.0,0.06482554733645537,0.0,-0.0,-0.0,0.0,0.0,8.38413682659584e-05,2.3394011301665345,-0.11926761123713046,-0.2929830109574672,-0.0,-0.0,0.0,0.0,0.0,-0.0,-0.0,-0.0,0.0,-0.0,-0.0,0.0,-0.06081457554051274,-0.0,-0.33126568823217406,-0.0,-0.19768514605416593,0.0,0.0,0.0,0.0,-0.06821212274035841,0.0,-0.3123524975776623,-0.0,-0.0,0.0,-0.0,0.0,0.0,0.0,0.12079943595088752,-0.013315597011728481,-0.001389256501562656,-0.7741725246681934,-0.0,0.0,-0.0,-0.0,0.25502290269298866,0.0,-0.0,-0.0,0.0,0.0,0.0,0.0,0.039797553461651834,-0.027330890583952706,-0.0,-0.09263612805489992,-0.3689096104175336,-0.0,-0.0,0.0,0.0,-0.0,-0.0,-0.0,-0.0,-0.0,0.0,-0.0,0.0,-0.0,-0.13166570868903557,-0.0,0.04287727456240902,-0.06419088145524447,0.0,0.0,0.36623400552994306,-0.0,-0.0,0.15351483916721617,-0.0,0.0,-0.0,0.0,0.009428288729081594,-0.0,0.019124671015658703
0.0,0.0,0.0,0.0,-0.0,-0.0,-0.0,0.0,0.0,0.0,0.0,-0.0,-0.0,-0.0,-0.0,-0.11926761123713046,2.6005020066918614,-0.0,-0.2927517675319769,-0.0,-0.15616337779761963,-0.02760545320290611,-0.0,-0.39360847777575936,-0.0,-0.05003016107668747,-0.0,-0.0,-0.03267686102491889,-0.0,-0.0,0.15735939598229307,0.0,-0.0,-0.09976303534364513,-0.0,-0.0,0.0,0.08204528555341926,0.0,0.0,0.0,-0.0,0.0,-0.0,0.0,0.0,0.0,0.0,0.0,0.0,0.0,-0.0,0.006850466564867387,-0.0,0.0,0.0,0.0,0.0,-0.0,-0.014850240007669676,-0.0,-0.0,-0.0,-0.0,-0.0,0.0,-0.2776887127092757,0.0,-0.0,-0.030095393311018934,-0.0,-0.11597572676894564,0.17935251269194408,-0.685817039212718,-0.0,-0.14523258713807427,-0.16368683105834592,0.0,0.0,-0.0479873516931304,0.0,0.0,0.0,-0.0,0.0,-0.0,0.0,0.0,0.0,0.19819561189569876,0.0,0.14863635003116407,-0.0,0.32769591431793305,0.0,0.0,-0.0,0.0,0.09328167643335453
-0.0,0.0,0.0,-0.0,-0.0,-0.0,-0.10549105644441428,-0.0,-0.2387455685576345,0.24699211550251332,-0.0,0.0,0.0,0.0,0.0,-0.2929830109574672,-0.0,2.96754861629848,-0.3338748765134259,-0.0,-0.0,-0.0,-0.39985738833710416,0.0,0.0,0.0,0.0,0.0,-0.0,-0.0,0.0,-0.0,0.0,-0.5774822593945553,-0.32192035979646744,-0.21880455846976704,-0.0,0.0,0.0,0.0,-0.0,0.0,0.0,0.020047128156019795,-0.0,0.0,-0.0,-0.0,-0.0,0.0,-0.0,0.0,-0.0,0.0,-0.0,-0.0,-0.0,0.0,0.0,0.0,-0.0,0.0,0.041938418839285854,0.0,-0.0,0.0,-0.0,-0.0,-0.18264747574072887,-0.9910827920630612,-0.0,-0.0,-0.0,-0.0,0.0,0.0,-0.0,-0.0,0.015722637269492273,0.0,0.0,-0.0,0.0,0.0,0.0,0.0,-0.0,0.13315619385695232,-0.08430722225728014,0.0,0.0,0.10637954871731437,0.0,0.0,0.0,0.08315669398978846,0.13273701961339107,-0.0,-0.0,0.0
0.0,0.0,0.0,-0.0,0.0,0.0,-0.0,-0.0,-0.0,0.0,0.0,0.0,-0.0,-0.0,-0.0,-0.0,-0.2927517675319769,-0.3338748765134259,2.639203009540601,0.0,-0.3219216272588687,-0.04741930240672326,-0.2014146618657235,0.0,0.0,0.0,0.0,-0.0,0.0,-0.0,-0.0,0.0,-0.0,-0.2714492560602152,-0.0,0.0,0.0,0.08240775908650384,0.0,0.0,-0.0,0.0,0.0,0.058484927483183485,-0.0,0.0,-0.1382027857375656,-0.0,0.0,0.0,0.0,0.07955480473677604,-0.0,0.155354029307442,0.0,-0.05819173289158917,0.0,0.0,0.0,-0.0,0.0,-0.0,0.0,-0.0,-0.015517295497710065,-0.0,0.0,-0.7300873901265331,-0.17607842403360066,-0.16917730156396282,-0.0,-0.0,-0.0,0.0,0.0,0.0,0.0,-0.0,0.0,-0.0,-0.0,-0.055384475817684894,-0.0,-0.0,0.0,-0.011161491826620795,0.0,-0.0,0.0,0.0,0.0,0.0,0.0,0.0,0.3286184261200273,0.24043756371266797,0.0,-0.0,-0.0,0.0
-0.10897458568976172,0.0,0.0,0.03399805382974941,-0.0,-0.0,-0.09268402182913509,0.0,0.0,-0.06911127928922671,0.0,-0.0,-0.0,-0.0,-0.0,-0.0,-0.0,-0.0,0.0,2.332864282533851,-0.0,0.0,-0.0,-0.06510672346701787,-0.0,-0.0,-0.1533002073698365,0.0,-0.22182881733818052,-0.0,0.07594046282783076,0.0,0.0,0.0,0.0,-0.1924914202624431,0.0,-0.0,-0.0,-0.0841913582522326,-0.1241591621284666,0.0,0.03647888787991228,-0.0,-0.0,-0.0,0.0,-0.0,-0.0,-0.0634749727669558,-0.0,0.0,-0.11806618429274093,-0.0,0.0,0.0,0.0,0.0,-0.0,-0.0,-0.07410616436347332,-0.0,-0.0,-0.0,-0.0,-0.0,-0.11416094668439976,0.0,-0.0,-0.0,-0.17590412732480964,0.0,-0.0,-0.0,-0.0,-0.0,-0.3930192653737021,-0.0,0.22194245160003429,0.0,0.0,-0.0,0.0,0.02592921291436785,-0.08529941231298757,0.0,0.0,0.0,-0.6237031720503422,-0.0,-0.0,0.0,-0.0,0.009369893573764138,-0.0,-0.12262416663419468,-0.0,-0.2813457947334074,-0.08978488306463361,0.0
0.0,0.0,0.0,-0.0,0.19529747605735337,0.0,-0.0,-0.0,-0.0,-0.0,-0.0,0.0,-0.0,-0.0,-0.21004017446493967,0.0,-0.15616337779761963,-0.0,-0.3219216272588687,-0.0,2.808544335774232,-0.0,-0.4599060497720477,0.0,0.06940428325295621,0.0,-0.07309001689040764,0.0,-0.08627775024955257,0.0,0.0,0.03437522515863326,-0.0,0.0,-0.02514844452751606,0.0,0.0,0.0,0.0,0.05294848329087725,0.0,0.0,-0.0,0.0,-0.06838387291543008,-0.0,-0.0,-0.08665197054653163,0.0,0.0,0.0,0.0,-0.0,0.0,0.0,-0.0,-0.0,-0.12284259163455354,0.0,-0.0,0.0,0.0,-0.0,-0.0,-0.0,-0.0,-0.0,-0.0662099662610878,-0.0,-0.42301322416795506,-0.7771911724842797,-0.013047556702231008,-0.2568957158418409,0.0,-0.0,0.0,-0.0,-0.0,0.0,0.04872651604664544,-0.0,-0.0,0.0,0.0,-0.0,-0.0,0.0,0.0,-0.0,0.0,0.0,0.0,0.0,0.0,0.0,0.0,-0.0,-0.00017816882260868533,0.0,0.0
-0.0,0.0,-0.15334244339696573,-0.0,-0.0,-0.0,-0.14035096057343627,-0.0,-0.0,0.0,-0.0,-0.0,-0.1049231684494367,-0.0,-0.0,0.0,-0.02760545320290611,-0.0,-0.04741930240672326,0.0,-0.0,2.3142446597714708,-0.13063645498433696,-0.0,-0.0,-0.2578093260258207,0.0,-0.0,-0.0,-0.8349313475300472,-0.09825248898183843,0.1463284235160597,0.0,-0.0,-0.31080333411258165,0.0,-0.0,0.0,-0.0,-0.06156656012695669,-0.0,-0.0,-0.0849548706737022,0.0,0.10317843311997084,0.0,-0.055193343981900435,-0.0,0.0,0.0,-0.0,-0.0,0.0,0.026897135858801893,0.0,-0.0,0.0,0.0,0.0,0.0,0.0,-0.0,-0.0,-0.0,0.0,-0.0,0.0,0.0,-0.0,0.0,0.0,-0.1977008206053321,-0.0,0.0,0.006767748465775952,0.0,0.0,-0.0,0.34420469160815514,0.0,0.0,0.0,0.0,-0.0,0.009063291288919363,-0.0,0.0,0.0,0.07085565459196949,0.0,0.04319899594281554,0.0,-0.0,-0.0,0.0,0.23169934887071003,0.2634730118862761,0.0,0.09220501111747968,0.0
0.0,-0.0,-0.0,-0.0,0.0,-0.0,-0.0,-0.09689405445673377,-0.15950026759756103,0.0,-0.0,0.0,-0.0,-0.02131574366827855,-0.0002560110494624196,0.0,-0.0,-0.39985738833710416,-0.2014146618657235,-0.0,-0.4599060497720477,-0.13063645498433696,2.711734106718968,0.0,0.0,0.0,-0.0,0.0,-0.0,-0.2230122643130218,0.0,0.0,0.0,-0.0,-0.0,0.0,0.08853927926864791,-0.0,-0.0,0.0,0.0,0.0,0.0,0.0,-0.0,-0.0,-0.0,-0.1385529894416352,-0.0,0.0,-0.0,-0.0,-0.0,0.0,-0.0,-0.0,-0.06604204922469054,-0.0,0.0,-0.0,-0.0,-0.0,-0.0,-0.0,-0.0,-0.0,-0.0,-0.0,-0.0,-0.02366975164094483,-0.0,-0.0,-0.7721217325377907,0.0,0.0,0.0,-0.0,-0.10652721492475246,0.0,0.0,0.0,0.0,0.0,0.0,0.0,-0.054664603502862834,0.380813213499432,0.0,0.0,0.0,0.0,0.0,-0.0,0.0,0.0,0.20524698300097363,0.0,-0.10676778271113484,-0.0,0.0
0.0,0.0,0.0,0.016302428503499396,-0.2861509353642353,0.0,-0.0,0.039284637039094725,0.011895355848872307,-0.0,0.0,-0.05062366328992319,0.1823903113169051,0.0,0.0,-0.0,-0.39360847777575936,0.0,0.0,-0.06510672346701787,0.0,-0.0,0.0,2.4185456208248506,-0.06457008521489278,-0.4293948675408489,-0.1727846560095059,-0.0,-0.06720948311889063,-0.0008087968290367822,-0.0,0.0,0.08904268392711907,0.0,-0.0,-0.0,-0.2707566761741177,0.0350986507589495,0.0,-0.17650079619643788,-0.0,-0.0,-0.14185073878167295,-0.0,0.0,-0.0,0.0,0.0,0.0,0.0,0.1761693760359722,-0.0,0.0,-0.0,-0.0,0.1271974615719902,0.0,0.0,0.0,0.0,-0.0,0.15431315569150517,-0.01302132925344141,-0.0,0.0,0.0,0.0,0.0,0.0,0.010945276556432425,0.0,0.0,-0.0,0.0,-0.2007505961278825,-0.0,-0.15995220737618424,-0.0,0.0,0.0,-0.3912761449634975,0.0,0.0,0.0,-0.12502641990938143,0.0,-0.17030315885222297,-0.0,-0.0,-0.08281495754528388,0.22427972824353937,0.0,0.12231479552832676,-0.0,0.0,-0.0,-0.0,-0.0,0.05251769156861355,0.0
-0.2442303681883927,-0.0,0.0,-0.0,-0.0,-0.0,0.0,0.0,0.022213924187782397,-0.0,-0.08722432274169786,-0.0,0.0,0.0,0.0,-0.0,-0.0,0.0,0.0,-0.0,0.06940428325295621,-0.0,0.0,-0.06457008521489278,1.7884715545939829,-0.15378367369406756,-0.0,-0.12360758300837515,-0.09525310398618121,-0.0,0.0,-0.18724859160146967,-0.0,0.0,-0.0,-0.0,-0.0,-0.0,0.0,-0.047044645434745354,0.07738070693036278,-0.09598043921224307,0.0,-0.0,0.05737749550717484,0.025990710327102717,0.0,0.16025639911731868,0.0,0.06594552844613494,-0.0,-0.0,0.0,-0.0,-0.0,0.0,0.0,0.0,-0.09491493825438227,-0.1916800655770388,-0.0,0.0,0.0,0.0,0.12466947176980955,0.0,-0.0,0.1106843158856977,0.0,0.08834852467103091,0.0,-0.0,0.025977560737459455,0.0,0.0,-0.46046272880610184,-0.03787173102688677,-0.0,0.0,-0.0,0.0,0.18641552430150948,0.0,-0.0,0.0,0.0,-0.0,0.0,-0.0,-0.0,0.0,-0.0,0.0,0.0,-0.0,0.0,0.14944457907733988,0.0,0.06919736744082934,0.0
-0.0,-0.0,-0.0,-0.0,-0.0,-0.4710070430268329,0.0,-0.0,0.0,-0.0,-0.0,-0.0,0.0,0.0,0.0,-0.0,-0.05003016107668747,0.0,0.0,-0.0,0.0,-0.2578093260258207,0.0,-0.4293948675408489,-0.15378367369406756,2.6267620540910497,-0.21516547497319957,-0.22557966961790127,-0.0,-0.0255127869320604,-0.0,0.06566751596229232,0.08804629144661523,0.010157549527372436,-0.0,-0.0,-0.0,0.0,0.0,-0.0,0.0,-0.17080626315278916,-0.0,-0.0,0.0,0.0,0.049306599840592165,0.0,0.0,0.0,0.0,-0.0,0.0,-0.0,-0.0,-0.0,0.022028109507152022,0.0,-0.0,-0.0,-0.24168736904237564,0.0,-0.0,0.0,0.0,0.0,0.0,0.0,0.0,0.0,-0.0,-0.0,-0.0,0.0,-0.0,-0.6368573230665665,-0.0,-0.25014555209430767,0.0,-0.0,-0.0,0.0,0.0,-0.02424807373287653,-0.049551093589946325,-0.0,-0.0053980720997050605,0.0,-0.0,-0.0,0.1233836712995276,0.0,0.11518220478305286,-0.0,0.0,0.0,0.0,0.0,0.0,0.15997590655379923
-0.0,-0.0,0.0,-0.2845474633917752,-0.020449085218758607,-0.0,0.0,0.0,0.05641192016484002,-0.09628065931958726,-0.0,-0.0,0.0,0.015689421913580442,0.0,0.0,-0.0,0.0,0.0,-0.1533002073698365,-0.07309001689040764,0.0,-0.0,-0.1727846560095059,-0.0,-0.21516547497319957,1.9699249375573755,-0.45358868483184533,-0.0,-0.04200104851778081,-0.0,0.0,-0.0,0.0,-0.0761529764264843,-0.06634206225805948,-0.0,-0.0,0.0,-0.0,0.0,-0.0,-0.0,-0.0,-0.49726229402743327,-0.0,0.0,-0.06003717076961208,-0.0,-0.0,0.0,-0.06866163955502154,-0.0,-0.0,-0.1294877992913449,0.1535781949889355,0.0,0.0,-0.0,0.0,-0.0,0.0,-0.0,0.0,0.0,0.0,-0.027121848199585102,0.0,0.0,0.0,-0.0,0.0,-0.0,0.0,-0.0,-0.0,0.0,-0.0,-0.0,0.0,-0.0,0.0,-0.0,0.0,-0.3880621622870848,0.0,-0.0,-0.0,-0.0,-0.0,0.008214943013575986,0.023409381266922293,0.11072214845998708,-0.0,0.0,-0.0,-0.0,-0.00024366574263410485,0.0,-0.0
-0.10815116030222668,-0.0,0.0,-0.01499170440566046,-0.05843737835412016,-0.023492085039199632,0.08300268815995784,0.0,0.0,-0.0,-0.050507355214385166,-0.0,0.0,0.0,0.0,-0.0,-0.0,0.0,-0.0,0.0,0.0,-0.0,0.0,-0.0,-0.12360758300837515,-0.22557966961790127,-0.45358868483184533,2.647620009176185,-0.1071717804316843,-0.5160634895217509,-0.0,-0.0,-0.0,-0.0,-0.0,-0.0,-0.0,-0.0,0.0,-0.0,0.0,-0.22548782302396325,0.0,-0.3674697642557914,0.0,-0.0,0.0,0.0,-0.0011668591494975967,0.0,-0.0,-0.0,-0.0,-0.0,-0.0,0.0,0.0,0.0,-0.0,-0.0,-0.0,0.0,-0.0,0.0,0.0,-0.0,0.0726586814228807,0.0,-0.0,0.0,-0.0,0.0,-0.0,0.044404578383943315,0.0,-0.08392810434457043,-0.0,-0.46875757744262736,-0.0,-0.0,-0.0,0.0,0.0,-0.0,0.0,0.0,-0.1061178609413962,-0.7779400748920157,0.0,0.0,0.0,0.0,0.02481481046647016,-0.0,0.0,-0.0,0.0,0.0,0.0,0.0
-0.0,-0.0,0.0,0.0,-0.0,0.0,-0.12439601430381753,-0.0,-0.0,-0.04468447813331445,-0.0,-0.0,-0.0,-0.0,-0.26217469932776594,-0.0,-0.03267686102491889,-0.0,0.0,-0.22182881733818052,-0.08627775024955257,-0.0,-0.0,-0.06720948311889063,-0.09525310398618121,-0.0,-0.0,-0.1071717804316843,2.0706358122335873,-0.0,0.0,-0.0,-0.0,0.0,-0.12063066981919839,-0.028922814956156916,-0.11130407313589688,0.0,-0.0,-0.2539660126112064,0.0,-0.10251195603689,-0.0,-0.0,0.0,-0.0,-0.0,-0.0,0.1286443075401781,-0.0,-0.0,0.0,-0.0,-0.0,0.0,-0.0,-0.0,-0.1018310619008318,-0.3008208406789986,-0.0,-0.0,-0.0,-0.2147866335186621,-0.0,-0.0,-0.0,0.0,-0.0,-0.0,0.0,-0.0,-0.0,-0.0,-0.0,-0.0,-0.0,-0.47862959918459086,-0.0903192353486341,0.0,0.0,-0.0,0.0,0.03206030589802028,-0.0,-0.0,0.04359565305173346,-0.048106151907799086,-0.0,-0.0,0.0,-0.0,-0.06873881117632903,-0.0,-0.0,-0.0,-0.0,0.0,0.0,0.0,0.0
-0.0,0.0,0.0,-0.0,-0.0,-0.0,0.1198900504713062,0.0,-0.0,0.0,-0.18191939056784623,-0.0,-0.0,-0.0,-0.15614427692258517,0.0,-0.0,-0.0,-0.0,-0.0,0.0,-0.8349313475300472,-0.2230122643130218,-0.0008087968290367822,-0.0,-0.0255127869320604,-0.04200104851778081,-0.5160634895217509,-0.0,2.017823612720752,0.0,0.0,0.0,-0.027469381763671984,-0.0,-5.634111193985342e-05,-0.046869431941608745,-0.0,-0.0,-0.13754801240333395,-0.0,0.0,-0.0,-0.0,0.25767173981105745,-0.0,-0.21251507839778744,-0.0,-0.0,-0.0,0.0,-0.0,0.0,0.0,-0.0,-0.0,0.1319965475099238,-0.0,0.0,-0.0,0.0,-0.0,-0.0,-0.0,-0.0,-0.01164222708641886,0.1663767085447521,0.0,0.0,0.0,-0.0,0.0,0.0,0.0,0.1332798861172257,0.0,0.0,-0.06506567980978212,0.0,0.0,0.0,-0.0,0.0,-0.0,-0.0,-0.0,0.0,-0.0,0.0,-0.0,0.0,0.0,-0.0,-0.1459433278666252,0.06873310424988821,0.0,-0.0,-0.010017768296692504,0.0,-0.0
-0.0,0.0,-0.09184282509954288,0.0,0.0,-0.0,0.0,0.0,0.0,0.0,0.0,0.0,0.0,0.0,0.3661915674706232,-0.06081457554051274,-0.0,0.0,-0.0,0.07594046282783076,0.0,-0.09825248898183843,0.0,-0.0,0.0,-0.0,-0.0,-0.0,0.0,0.0,1.7347352973322892,-0.0,-0.0,-0.0,-0.0,0.0,0.0,0.0,-0.0,0.0,0.0,-0.2844070516084736,-0.17085970558001773,-0.00896284910958325,-0.020850733815860945,0.0,0.0,0.0,0.0,0.0,-0.0,-0.02324460222394397,0.0,0.04189047552311768,0.0,-0.0,0.0,0.0,0.0,0.0,0.0,0.0,-0.0,0.0,0.0,0.005509132996990952,0.0,-0.0,0.0,0.0,0.07637360604653091,-0.0,0.0,0.023726186930952284,-0.0,0.0,0.0,0.0,-0.6239548889468332,-0.0,-0.0,0.04966340124283282,-0.11060944124455936,-0.0,-0.0,0.0,-0.0,-0.0,0.0,0.0,0.0,-0.014279434176476048,0.0,-0.11172735373749512,-0.1432238369527223,0.0,0.0,0.0007483261563105341,0.0,0.0
-0.09365141988656109,-0.0,0.0,0.0,-0.0,0.0,-0.0,-0.0,0.0,-0.0,0.0,-0.0,0.12351253706231297,0.0,0.0,-0.0,0.15735939598229307,-0.0,0.0,0.0,0.03437522515863326,0.1463284235160597,0.0,0.0,-0.18724859160146967,0.06566751596229232,0.0,-0.0,-0.0,0.0,-0.0,1.7733969508080696,-0.04487401800306837,-0.012233286423238355,0.0,-0.042338117826893486,-0.0,-0.32516510078814687,-0.0,-0.03781447821746206,0.0,-0.0972900072940719,0.0,-0.0,-0.0,0.0,-0.0,0.0,0.0,0.0,-0.030954791178138655,0.0,0.00409961932660348,0.0,0.12230861660210256,0.0516877429326341,0.0,0.0,-0.008107202017791203,0.0,0.0,0.0,0.0,0.0,0.029177501959122523,0.0,0.0,0.028270729727912475,0.0,0.0,0.007013958682455353,0.0,0.07867656653869613,0.0,0.0,-0.0,-0.0,0.0,-0.09498680864071976,-0.49320981924282,0.0,0.0,-0.0,0.0,0.0,0.0,-0.0,-0.0,-0.0,0.0,-0.0,-0.0,0.0,-0.13841604710254962,-0.0,-0.0,0.0,0.026652957238098428,0.01752113544918949,-0.0
-0.0601980014678818,0.0,0.0,-0.0,-0.0,0.0,0.07960534026613339,0.0,0.0,0.0,-0.0,0.0,0.0,0.0,-0.0,-0.33126568823217406,0.0,0.0,-0.0,0.0,-0.0,0.0,0.0,0.08904268392711907,-0.0,0.08804629144661523,-0.0,-0.0,-0.0,0.0,-0.0,-0.04487401800306837,1.4522014503544143,-0.1106602831817483,-0.19276578791099663,0.06577436354780998,-0.0,-0.0,-0.06247230106646501,-0.0,-0.0,-0.0,-0.0,-0.0,-0.0,-0.0,-0.08397996534789824,-0.022258019491259756,-0.0,-0.0,-0.05181737948072022,-0.0,-0.0,0.0,0.0,-0.0,0.0,0.037846906634274674,-0.060655475778532246,0.0,0.0,-0.0,0.0,0.0,0.0,-0.0,-0.0,-0.0,-0.0,0.0,-0.0,-0.0,0.06752231283327507,-0.0,-0.0,0.0,0.0911244690340678,-0.0,-0.11895842248932614,0.0,0.0,-0.0,-0.0,-0.0,0.021151821354272373,0.0,-0.0,-0.0,0.0,0.015512243669258845,-0.37787677448690543,-0.0,-0.0,-0.0,0.0,-0.07149521142949083,0.0,-0.0,-0.0,-0.0
0.0,0.12045927964987357,0.0873197473314696,0.0,-0.0,0.0,0.0,0.0,-0.0,0.0,-0.0,-0.0,-0.10144619468675883,-0.0,0.0,-0.0,-0.0,-0.5774822593945553,-0.2714492560602152,0.0,0.0,-0.0,-0.0,0.0,0.0,0.010157549527372436,0.0,-0.0,0.0,-0.027469381763671984,-0.0,-0.012233286423238355,-0.1106602831817483,1.8678604745642264,-0.21447255975450127,-0.057004005984638055,-0.0,0.0,-0.05279732369028386,-0.07086154271443718,-0.19956322260537543,0.0,-0.0,0.0,-0.09066766814657341,0.0,-0.19640461838847817,0.0,0.0,0.0,0.0,0.0,0.0,0.07121618665658695,0.00031822237652872384,0.0,0.13182904762619949,0.0,0.0,0.0,-0.0,-0.0,0.0,-0.0,-0.0,0.0,0.14632989244324685,-0.0,-0.20375355750646093,0.0,0.1681880043740749,-0.0,0.035531030616753216,-0.08076000858408067,0.0,0.0,0.0,0.0,-0.0,0.0,0.0,-0.19015592036037207,-0.0,-0.0,0.0,-0.0,-0.129966145353532,-0.0,0.0,0.0,0.0,0.0,-0.0,-0.0,0.0,0.0030876406647069687,0.1143317930033554,0.0,0.0,0.0
-0.0006528035612206731,0.0,0.0,-0.0,-0.02569072182071743,0.0,0.0,0.0,0.0,0.0,0.0,0.0,-0.0,-0.0,-0.019137579886494345,-0.19768514605416593,-0.09976303534364513,-0.32192035979646744,-0.0,0.0,-0.02514844452751606,-0.31080333411258165,-0.0,-0.0,-0.0,-0.0,-0.0761529764264843,-0.0,-0.12063066981919839,-0.0,-0.0,0.0,-0.19276578791099663,-0.21447255975450127,2.061728256028233,0.0,-0.0,0.0,-0.0,-0.07377730424599521,-0.0,-0.0,-0.5740165989456129,0.0,-0.0,-0.0,-0.2028946920631276,-0.20386906266351676,0.0,0.0,0.0,-0.0,-0.0,0.0,0.0,0.0,-0.0,0.006555288659415684,-0.0,0.0,-0.0,-0.0,-0.0,0.0,0.0,-0.0,-0.0017693093973327042,-0.0,0.0,-0.0,0.0,-0.0,-0.0,0.0,-0.0,0.0,0.0,-0.0,0.040664340628627005,0.021759925721101372,0.0,0.0,0.008478600325029534,-0.0,0.0,0.05513098572852823,-0.0,0.0,0.0,0.0,0.0,-0.0,0.35803472877280207,-0.0,0.0,0.07357448118378165,0.21602952402526687,-0.0,0.0,0.034283050826079485
-0.0,0.07988562686995838,0.0,0.0,-0.0,-0.0,-0.05659397187742584,0.0,-0.125613466101295,-0.06797289831837122,-0.0,-0.0,0.0,0.0,0.0,0.0,-0.0,-0.21880455846976704,0.0,-0.1924914202624431,0.0,0.0,0.0,-0.0,-0.0,-0.0,-0.06634206225805948,-0.0,-0.028922814956156916,-5.634111193985342e-05,0.0,-0.042338117826893486,0.06577436354780998,-0.057004005984638055,0.0,2.453981691440427,-0.47591757582241623,-0.0,-0.0,-0.0,-0.3056113980708492,-0.0,0.0,-0.0,-0.0,-0.0,0.0,-0.0,-0.0,-0.13617199280799502,-0.0,0.16084830980709972,0.21619225187678215,0.0,-0.0,0.0,0.030490058359102755,0.0,-0.0,-0.0,-0.0,-0.0,0.0,0.0,0.0,0.0,0.0,0.0,0.0,0.0,0.0,0.24520194461845887,0.0,-0.0,-0.0,-0.0,-0.0,0.0,-0.0,0.0,-0.0,-0.0,0.0,0.02643878282050775,0.0,0.062038659045625125,-0.14652962284761423,-0.0,-1.0204085827642333,-0.11244674018642783,0.0,0.0,0.0,-0.0,0.0,-0.0,-0.0,0.0,-0.0,-0.0
-0.0,0.0,0.0,0.0,-0.003532123479510181,-0.0,0.0,0.02469581747541484,0.0,0.0,0.02097466057593208,0.0,0.18153779036639503,0.09431885782179972,0.0,0.0,-0.0,-0.0,0.0,0.0,0.0,-0.0,0.08853927926864791,-0.2707566761741177,-0.0,-0.0,-0.0,-0.0,-0.11130407313589688,-0.046869431941608745,0.0,-0.0,-0.0,-0.0,-0.0,-0.47591757582241623,2.1300441820446303,0.0,-0.0,-0.0,-0.05691293713542411,-0.0853525172673193,-0.0027535118605915747,-0.20324784597844256,0.0,-0.0,-0.0,-0.0,-0.0,-0.2231728654620269,0.0,0.0,0.16948314605745324,-0.0,-0.0,0.05087411395787332,0.0,0.0,0.0,0.0,0.0933635526495776,0.0,0.0,0.0,0.03253988216749976,0.00624020691713904,0.0,0.03004213799784992,0.0,0.0,0.0,0.047034935133568594,0.0,0.0,-0.0,-0.0,-0.0,-0.0,0.0,0.009217302066208103,-0.0,-0.0,0.0,0.09176831172557408,0.0,0.0,-0.6633449762499529,-0.0,-0.0,-0.0,0.0,0.08765228692789577,0.0,0.0,0.0,-0.0,-0.0,0.03469959916411419,-0.0,-0.15037567935097723
-0.0,-0.0,-0.0,-0.0,0.019308206118823924,-0.0,-0.0,0.0,-0.0,-0.024567141686437192,-0.06556509879211017,-0.0,-0.0,-0.0,-0.0,0.0,0.0,0.0,0.08240775908650384,-0.0,0.0,0.0,-0.0,0.0350986507589495,-0.0,0.0,-0.0,-0.0,0.0,-0.0,0.0,-0.32516510078814687,-0.0,0.0,0.0,-0.0,0.0,2.307262920445472,-0.2241746964462669,-0.0,-0.0,0.0,0.0,-0.1715978321385249,-0.29621634944413155,-0.05244499711348102,-0.0,-0.0,-0.0,-0.20231593015055407,-0.02726057208727813,0.0,0.0,0.0,0.07903619648061487,0.0,0.0,0.0,-0.02854301410082749,-0.05061484020914087,-0.16289103870145885,-0.0,-0.0,-0.0,0.0,-0.0,-0.0,0.0,0.0,0.0,-0.0,0.0,0.0,-0.0,-0.0,0.0,0.0,0.0,-0.12989863849680147,-0.5003654039681272,0.23119748718187697,-0.0,-0.0,-0.0,0.0,-0.0,0.0,-0.0,-0.0,-0.0,-0.0,-0.0,-0.044597956942351594,-0.057778617650784896,-0.0,-0.0,-0.21326252413711427,-0.0,-0.0,-0.1701233136606923
-0.0,0.0,-0.0,-0.0,0.0,0.0,-0.0,0.0,-0.0,-0.14859962836806384,-0.0,-0.0,-0.0,-0.10654610881762049,-0.0,0.0,0.08204528555341926,0.0,0.0,-0.0,0.0,-0.0,-0.0,0.0,0.0,0.0,0.0,0.0,-0.0,-0.0,-0.0,-0.0,-0.06247230106646501,-0.05279732369028386,-0.0,-0.0,-0.0,-0.2241746964462669,2.961321590273935,-0.5145918727198808,-0.4103798511239248,0.0,-0.13491124443227515,-0.0,-0.0,-0.0,-0.08524121890960255,-0.0,-0.0,-0.2134222033530045,0.0,0.0,0.0,0.0,0.1781197627265999,-0.0,0.0,-0.0,-0.10305362300482562,-0.0,0.0,-0.12344054314651708,-0.33577760843977406,-0.0,-0.0,-0.0,0.0,-0.0,-0.0,0.0,0.23613287100711125,-0.0,0.0,-0.0,0.0,0.0,0.28136910445644947,0.0,-0.0,0.0,0.07766218029396833,-0.0,-0.0,0.0,0.14375087942094503,-0.0,0.0,-0.0,0.0,0.0,-0.0,-0.0,-0.8709489790911814,-0.0,-0.0,-0.2093218366298468,-0.0,0.0,0.0,-0.0
-0.0,0.0,0.0,0.0,-0.031391079105474985,0.0,-0.0,0.0,0.0,-0.0,-0.0,-0.0,-0.0,-0.0,0.0,-0.06821212274035841,0.0,0.0,0.0,-0.0841913582522326,0.05294848329087725,-0.06156656012695669,0.0,-0.17650079619643788,-0.047044645434745354,-0.0,-0.0,-0.0,-0.2539660126112064,-0.13754801240333395,0.0,-0.03781447821746206,-0.0,-0.07086154271443718,-0.07377730424599521,-0.0,-0.0,-0.0,-0.5145918727198808,1.7161609228039945,-0.015035212386866764,-0.0,-0.25700777529816515,-0.0,0.0,-0.0,-0.0,0.0,0.008230788800235566,-0.0,0.0,-0.0,-0.0,-0.0,0.01708480922597406,0.008573154084256325,0.0,0.0,-0.14390244454165235,0.0,0.0,0.0,-0.0,-0.0,0.0,0.16390634913167057,-0.0,0.0,-0.0,0.0,0.10801974079924909,-0.0,0.0,-0.22730304214758956,0.0,-0.0,-0.0,0.0,0.00553613689482582,0.0,-0.0,-0.0,0.0,-0.0,0.0,-0.0,-0.0,0.0,-0.0,-0.0,-0.05487628289866405,-0.1723595128594281,-0.0,-0.0,-0.0,-0.0,0.0,0.0,0.04403349362620369,0.0
-0.0,0.0,0.0,0.0,0.0,0.0,-0.3814714636057395,0.0,-0.0,0.0,0.08202678695606849,0.0,-0.0,-0.0,-0.0,0.0,0.0,-0.0,-0.0,-0.1241591621284666,0.0,-0.0,0.0,-0.0,0.07738070693036278,0.0,0.0,0.0,0.0,-0.0,0.0,0.0,-0.0,-0.19956322260537543,-0.0,-0.3056113980708492,-0.05691293713542411,-0.0,-0.4103798511239248,-0.015035212386866764,3.0333679161153846,0.03408369112547756,-0.06869387973414284,-0.0,-0.0,-0.374964784281948,-0.2940431209660407,-0.3815675705680624,-0.0,-0.7404441779524426,0.0,0.0,0.0,0.0,0.013997432388859792,-0.0,0.0,0.02903407698963375,0.10156985523040832,0.0,0.0,-0.0,-0.0,0.0,0.0,0.0,-0.0,0.0,0.0,0.0,0.045395523557478806,0.0,0.0,-0.0,0.0,0.06309262877332407,0.0,0.3413048463952883,0.0,0.0,0.10225929793983236,-0.3436581480617259,0.0,0.0,4.951767589214893e-05,0.0,-0.0,-0.0,-0.0,-0.06986837557306873,-0.0,0.0,-0.0,0.04888345562901945,0.0,-0.0,-0.0,-0.0,-0.0,-0.00285800199688347
-0.19000506701419487,-0.0,0.0,-0.0045619496443948,-0.038372407559746594,-0.10128203672447648,0.0,-0.0,0.0,-0.0,-0.0,-0.0,0.0,0.0,0.0,-0.3123524975776623,0.0,0.0,0.0,0.0,0.0,-0.0,0.0,-0.0,-0.09598043921224307,-0.17080626315278916,-0.0,-0.22548782302396325,-0.10251195603689,0.0,-0.2844070516084736,-0.0972900072940719,-0.0,0.0,-0.0,-0.0,-0.0853525172673193,0.0,0.0,-0.0,0.03408369112547756,2.2151416675878046,-0.2416719336398581,-0.309372861522521,-0.0,-0.0,-0.0,-0.0,-0.0,0.0,-0.0,-0.0,0.05530450784401822,-0.04535206345480703,-0.0,0.0,0.0,0.0,-0.0,-0.0,-0.0,0.0,-0.0,0.0221183532601446,0.1891057775493796,0.07048296271700405,0.0,0.0,0.0,0.0,0.0,0.0,0.0,0.0,-0.0,-0.38286868267351,-0.0,-0.0,-0.050447463350369405,-0.0,-0.0,0.15574474312401693,-0.0,-0.09939745561333875,-0.0,0.0,-0.08599000854488278,-0.004443022191098694,0.0,0.0,-0.0,-0.0,0.0,-0.2578171709653957,-0.0,-0.0,0.0,0.3227046606993873,0.0,0.0
0.0,-0.0,-0.0,-0.0,-0.0,0.0,-0.0,0.0,0.0,0.0,0.03441051104722842,0.0,-0.0,-0.0,0.0,-0.0,-0.0,0.0,0.0,0.03647888787991228,-0.0,-0.0849548706737022,0.0,-0.14185073878167295,0.0,-0.0,-0.0,0.0,-0.0,-0.0,-0.17085970558001773,0.0,-0.0,-0.0,-0.5740165989456129,0.0,-0.0027535118605915747,0.0,-0.13491124443227515,-0.25700777529816515,-0.06869387973414284,-0.2416719336398581,2.359325234189885,-0.0,-0.336207605644304,-0.32788676606912864,-0.5206878543462212,-0.3314136278675951,0.0,0.0,0.23502610897227297,-0.11966183842962044,0.08115138371893096,-0.0,0.0,0.0,0.0,0.0,0.0,0.0,0.05338674088891364,-0.0,-0.02131582649270615,0.0,0.14641403734911723,0.0,0.0,0.0,0.08537143894901963,0.1326850477626206,0.006998813426040271,-0.0,0.0,0.04366476614758594,0.0,0.0,0.0,0.0,0.0,0.0,0.0,0.0,0.0,-0.0,0.0,-0.0,-0.0,0.0,0.34739167907832214,-0.0,0.03288690409551997,-0.0,0.0,-0.00156475441226968,-0.110317281521417,0.0,-0.0,0.0,0.11155741148724752,0.0
-0.0,-0.0,0.0,-0.0,-0.0,-0.08118570345766435,0.0,0.0,-0.0,-0.0,-0.0,-0.0,0.0,0.0,-0.0,-0.0,0.0,0.020047128156019795,0.058484927483183485,-0.0,0.0,0.0,0.0,-0.0,-0.0,-0.0,-0.0,-0.3674697642557914,-0.0,-0.0,-0.00896284910958325,-0.0,-0.0,0.0,0.0,-0.0,-0.20324784597844256,-0.1715978321385249,-0.0,-0.0,-0.0,-0.309372861522521,-0.0,2.596924851546771,-0.0,-0.8807976536561117,0.0,-0.0,-0.33676642386946953,-0.0002204226395114477,0.0,-0.0,0.0,-0.0,-0.0,-0.0,0.0979524728456801,0.0,-0.0,-0.14933419546352866,-0.0,-0.0,-0.0,0.0,0.002031665677095881,-0.0,0.03720945428129981,0.0,0.009577137746406209,0.0,0.0,0.0,0.0,0.05142209668652011,-0.0,-0.0,-0.0,0.0,-0.10158819317000337,-0.0,0.0,-0.0,0.0,-0.0,0.0,0.19070555424569635,-0.006514241058651267,-0.06934810690448842,0.0,0.0,-0.0,-0.0,-0.0,-0.0,-0.0,-0.6588778006470789,-0.0,0.16363675036728234,-0.0,-0.0
0.01921050038234473,-0.0,-0.0,-0.0,0.0,0.0,-0.0,0.0,0.0,0.0,0.0,0.0,-0.11953378643409111,-0.0,-0.0,0.0,-0.0,-0.0,-0.0,-0.0,-0.06838387291543008,0.10317843311997084,-0.0,0.0,0.05737749550717484,0.0,-0.49726229402743327,0.0,0.0,0.25767173981105745,-0.020850733815860945,-0.0,-0.0,-0.09066766814657341,-0.0,-0.0,0.0,-0.29621634944413155,-0.0,0.0,-0.0,-0.0,-0.336207605644304,-0.0,1.835265684582168,-0.0,-0.0,-0.39175580878275,-0.0,-0.0,0.0,-0.0,0.02307136467701451,0.0,0.0,0.0,0.0,0.0,-0.0,0.0,-0.0,-0.07115823234783077,-0.0,-0.0,-0.0,0.0,-0.0,-0.04142078053239285,0.0,-0.0,-0.0,-0.0,-0.0,0.0,-0.0,0.04097480030632547,0.05566605652312524,0.05805905580744267,-0.1507629971849157,-0.0,0.11610079324310305,-0.0,-0.1934900242172063,0.0,-0.0,0.0,0.0,0.0,-0.0,-0.0,0.0,0.0,-0.0,-0.07800403635140811,-0.012893302204524268,-0.0,-0.0,0.0,0.0,-0.0
