0,1,2,3,4,5,6,7,8,9,10,11,12,13,14,15,16,17,18,19,20,21,22,23,24,25,26,27,28,29,30,31,32,33,34,35,36,37,38,39,40,41,42,43,44,45,46,47,48,49,50,51,52,53,54,55,56,57,58,59,60,61,62,63,64,65,66,67,68,69,70,71,72,73,74,75,76,77,78,79,80,81,82,83,84,85,86,87,88,89,90,91,92,93,94,95,96,97,98,99
1.5791379228,0.0000000000,-0.0969496818,0.0963318384,-0.0000000000,-0.2372031471,-0.0000000000,-0.0000000000,-0.0000000000,-0.0000000000,0.0000000000,0.0000000000,-0.0000000000,-0.0000000000,0.0000000000,-0.0198435858,0.0000000000,-0.0000000000,-0.0000000000,-0.0000000000,-0.0000000000,-0.0000000000,-0.0976910385,-0.0000000000,-0.1439512047,0.0000000000,-0.0000000000,0.0000000000,-0.0242566491,-0.0000000000,-0.0054440323,-0.0000000000,0.0000000000,0.0000000000,0.0000000000,-0.0000000000,0.0000000000,0.0335997316,0.0000000000,0.0000000000,0.0000000000,-0.2537549852,-0.0000000000,-0.0000000000,-0.0000000000,0.2822768154,0.0000000000,-0.0000000000,-0.0000000000,0.0000000000,-0.2202519292,-0.0000000000,0.2196654385,0.0768906683,-0.0000000000,-0.0000000000,0.0000000000,0.0000000000,-0.0000000000,-0.0000000000,0.0000000000,-0.0000000000,-0.0000000000,0.0000000000,0.0000000000,0.1193937742,-0.0313381770,0.0000000000,0.1464413455,-0.0000000000,-0.0198536062,0.0000000000,-0.0000000000,0.0000000000,0.0241741591,-0.0000000000,-0.1050601346,0.0000000000,0.0000000000,0.0000000000,-0.0000000000,0.0000000000,-0.0000000000,-0.0000000000,-0.0000000000,0.0000000000,-0.0000000000,-0.0000000000,0.0000000000,-0.0000000000,0.1243551240,0.0507190187,0.0000000000,-0.0000000000,0.0000000000,-0.1478448928,0.3293606780,-0.0000000000,-0.0935872162,0.0000000000
0.0000000000,4.8472586752,-0.0954854710,-1.2647784568,-0.3108861769,-0.0000000000,-0.0000000000,-0.2612224488,0.0000000000,-0.0000000000,-0.0000000000,-0.0000000000,0.0000000000,0.0000000000,-0.0000000000,-0.4774193419,0.0000000000,-0.0000000000,0.0000000000,-0.5396752902,-0.0000000000,0.0000000000,0.0000000000,0.0000000000,-0.1134723582,0.0000000000,0.0000000000,0.0000000000,-0.0000000000,-0.0000000000,-0.0000000000,-0.0093010554,-0.0000000000,-0.0000000000,-0.0000000000,0.3259779053,-0.0000000000,-0.0141440972,-0.0000000000,0.0000000000,0.0000000000,-0.0000000000,-0.0000000000,0.0000000000,-0.0000000000,-0.0000000000,0.0000000000,-0.0000000000,0.0000000000,-0.0000000000,0.0000000000,-1.5833679796,-0.4074015144,-0.0986072372,-0.0000000000,-0.0000000000,-0.0000000000,-0.0000000000,-0.0000000000,-0.0000000000,0.0000000000,0.0000000000,-0.0000000000,-0.0000000000,-0.0000000000,-0.1162626321,0.0000000000,0.0000000000,0.0749897514,-0.0000000000,-0.0000000000,0.0000000000,0.0000000000,-0.0000000000,0.0000000000,-0.0000000000,0.0000000000,0.0000000000,-0.0000000000,-0.0000000000,0.1741549082,0.0000000000,-0.0000000000,0.0000000000,0.0000000000,-0.0000000000,0.0000000000,0.0000000000,-0.0000000000,0.0135523925,0.0000000000,-0.0000000000,0.0000000000,-0.0000000000,0.0000000000,-0.0000000000,-0.0000000000,0.0000000000,0.0000000000,0.0000000000
-0.0969496818,-0.0954854710,3.3879298199,0.0000000000,-0.2887257043,-0.8595478672,-0.0000000000,-0.0000000000,-0.5382364976,-0.0000000000,0.0000000000,-0.0000000000,0.0000000000,-0.0000000000,-0.0000000000,-0.0000000000,0.0000000000,0.0000000000,-0.0000000000,-0.0000000000,-0.0424458908,0.0000000000,-0.0000000000,-0.0000000000,0.0000000000,0.0000000000,0.0000000000,0.0000000000,-0.0000000000,-0.0000000000,-0.0000000000,-0.0000000000,0.0000000000,0.0000000000,0.0000000000,-0.0120891347,0.0000000000,-0.1722462233,-0.0000000000,0.0000000000,0.0000000000,-0.0000000000,-0.0000000000,0.0000000000,0.0000000000,0.0000000000,0.0000000000,0.0000000000,-0.0000000000,0.0000000000,-0.0000000000,-0.0000000000,0.0000000000,0.0000000000,-0.2999432201,-0.9066530343,0.0000000000,-0.0000000000,0.0000000000,-0.0000000000,0.0000000000,0.0929775639,-0.0000000000,-0.0000000000,-0.0639797029,-0.0000000000,0.0000000000,-0.0000000000,0.0000000000,0.0000000000,-0.1046201785,0.0274583519,-0.0000000000,0.0000000000,0.0000000000,-0.0000000000,-0.0000000000,-0.0000000000,0.0000000000,-0.0000000000,0.0000000000,0.0000000000,-0.0000000000,0.0000000000,-0.0000000000,0.0000000000,0.0000000000,0.0000000000,-0.0113170571,0.0000000000,0.0000000000,-0.0000000000,0.0000000000,-0.0000000000,0.0000000000,0.0000000000,0.0000000000,0.0000000000,0.0000000000,0.0000000000
0.0963318384,-1.2647784568,0.0000000000,4.7083243187,-0.1427808182,0.0000000000,-0.6147593251,-0.1756093101,0.0000000000,-0.0000000000,-0.0000000000,0.0000000000,-0.0000000000,0.0000000000,-0.0000000000,-0.2773036715,-0.0000000000,-0.0000000000,0.0000000000,-0.1375674798,-0.0000000000,-0.0000000000,-0.0000000000,0.0000000000,0.0000000000,-0.0000000000,0.0000000000,-0.0519739426,-0.0000000000,0.0000000000,0.0000000000,-0.0000000000,-0.0000000000,-0.0144412087,-0.0000000000,0.1333800405,-0.0000000000,-0.0000000000,-0.0000000000,0.0000000000,0.0000000000,0.0000000000,-0.0000000000,0.0000000000,0.0000000000,-0.0000000000,0.0000000000,-0.1306213680,0.0000000000,-0.0508781065,0.3107308381,-0.0000000000,-0.0960345537,-1.7670090296,0.0000000000,0.0000000000,-0.2135631382,-0.3941759090,0.0000000000,-0.0000000000,0.0000000000,0.0000000000,-0.0000000000,-0.0000000000,0.0000000000,-0.0000000000,0.0000000000,0.0000000000,0.0000000000,0.0000000000,0.0000000000,0.0000000000,0.0000000000,-0.0000000000,0.0000000000,0.0000000000,0.0000000000,-0.0000000000,-0.0000000000,0.0000000000,0.0000000000,0.0000000000,0.0000000000,0.0000000000,0.0000000000,-0.0000000000,0.0000000000,0.0000000000,-0.0000000000,0.0083122149,0.0000000000,-0.0000000000,0.0820414918,0.0000000000,0.0000000000,0.0000000000,-0.0000000000,-0.0000000000,0.0000000000,0.0000000000
-0.0000000000,-0.3108861769,-0.2887257043,-0.1427808182,4.3443109865,-0.0840746107,-0.0000000000,-0.7490059611,-0.2167332583,-0.0000000000,0.0000000000,0.0000000000,0.0000000000,-0.0000000000,-0.0000000000,0.0000000000,-0.0000000000,0.0000000000,-0.0000000000,-0.0000000000,-0.0000000000,0.0000000000,-0.0000000000,0.0000000000,0.0000000000,0.0000000000,0.0490819568,-0.0000000000,0.0000000000,0.0000000000,0.0000000000,0.0000000000,0.0000000000,0.0000000000,-0.0000000000,-0.0000000000,0.0000000000,-0.0000000000,0.0000000000,0.0000000000,0.1262867685,-0.0000000000,-0.0000000000,0.0000000000,-0.0000000000,0.0000000000,0.0000000000,0.0000000000,-0.0000000000,-0.0000000000,-0.0000000000,-0.0715899346,-0.0000000000,-0.0540088332,-0.9896690166,-0.0000000000,-0.0000000000,-1.1359339155,-0.0000000000,-0.0000000000,0.0000000000,0.0000000000,-0.0000000000,-0.0000000000,-0.0000000000,-0.1530651353,0.0000000000,0.0000000000,0.0000000000,-0.0000000000,-0.0000000000,0.0000000000,0.0000000000,0.0000000000,0.0000000000,0.0000000000,0.0000000000,0.0000000000,0.0000000000,-0.0050008904,0.4216976604,0.0000000000,0.0000000000,0.0000000000,0.0000000000,0.0000000000,0.0000000000,0.0000000000,-0.0000000000,0.0000000000,-0.0000000000,-0.2609058557,0.0000000000,-0.0000000000,0.0000000000,-0.0000000000,-0.0000000000,0.0000000000,-0.0000000000,-0.0000000000
-0.2372031471,-0.0000000000,-0.8595478672,0.0000000000,-0.0840746107,5.0085137607,0.0000000000,-0.0000000000,-0.7767842719,-0.0642326150,0.0000000000,-0.0000000000,-0.0000000000,-0.0000000000,-0.0000000000,0.0000000000,-0.0000000000,0.0000000000,-0.0647371648,-0.0000000000,-0.0000000000,0.0000000000,-0.0000000000,-0.0000000000,-0.0000000000,0.0804884024,0.0000000000,0.1057735690,-0.0000000000,-0.0000000000,-0.0000000000,-0.0000000000,0.0000000000,0.0000000000,0.0000000000,-0.0000000000,0.1506094043,-0.0000000000,-0.1153126297,0.0000000000,0.0000000000,-0.0000000000,-0.0000000000,0.0000000000,-0.0000000000,0.0040118981,0.0000000000,0.0000000000,-0.5276919486,0.0000000000,-0.0000000000,-0.0000000000,0.0000000000,0.0000000000,-0.8741596124,-1.4754447240,0.0000000000,-0.0000000000,0.0000000000,-0.0000000000,0.0000000000,0.0000000000,-0.0000000000,-0.0000000000,-0.0000000000,-0.1083013822,0.0000000000,-0.0000000000,0.0000000000,0.0000000000,-0.0000000000,0.0509150647,0.0000000000,-0.0000000000,0.0000000000,0.0000000000,-0.0000000000,0.0000000000,0.0000000000,-0.0000000000,0.0000000000,0.0211155029,-0.0000000000,0.0000000000,0.0000000000,0.0000000000,0.0000000000,0.0840246584,-0.0795958012,0.0000000000,0.0395417884,-0.0000000000,-0.0000000000,-0.0000000000,0.0000000000,-0.0000000000,0.0000000000,0.0000000000,-0.0000000000,-0.0000000000
-0.0000000000,-0.0000000000,-0.0000000000,-0.6147593251,-0.0000000000,0.0000000000,3.3820788411,-0.0000000000,0.0000000000,-0.0000000000,-0.1197429896,-0.0444231150,-0.3444561464,-0.0000000000,-0.0718180930,-0.0535180985,-0.0000000000,-0.1696278282,0.0000000000,-0.1086160946,-0.0896661308,0.0000000000,-0.0000000000,-0.0474332204,-0.0027458532,-0.0377573449,0.0000000000,-0.0000000000,-0.1212584437,0.0000000000,0.0000000000,-0.0000000000,-0.0736824955,-0.0000000000,-0.0000000000,-0.0000000000,-0.0000000000,-0.0000000000,0.0000000000,-0.3907371099,-0.0000000000,-0.0000000000,-0.0000000000,0.0085751570,0.0000000000,-0.0000000000,0.0000000000,-0.0000000000,-0.0000000000,-0.1797710148,0.0000000000,-0.0000000000,-0.1706200625,-0.0000000000,0.0000000000,0.0000000000,-0.2630772813,-0.0000000000,0.0514856491,0.0000000000,0.2403014914,-0.0000000000,0.0000000000,0.0000000000,-0.0000000000,-0.0000000000,-0.6126185808,0.0000000000,0.0311032906,0.0000000000,-0.0000000000,0.0000000000,0.0000000000,-0.0000000000,-0.0000000000,0.0000000000,-0.0000000000,0.0000000000,-0.0000000000,-0.0000000000,0.0000000000,0.4009451281,0.0000000000,0.3738149848,0.0000000000,0.0000000000,0.0000000000,0.3814587632,-0.0000000000,0.0000000000,0.0000000000,-0.0000000000,0.0000000000,0.0000000000,0.0000000000,0.0000000000,-0.0000000000,0.0000000000,-0.0000000000,-0.0000000000
-0.0000000000,-0.2612224488,-0.0000000000,-0.1756093101,-0.7490059611,-0.0000000000,-0.0000000000,3.8750186512,-0.0000000000,-0.0000000000,-0.1385211323,0.0000000000,-0.0000000000,-0.0000000000,-0.0285643399,0.0000000000,0.0000000000,-0.4678810758,-0.0000000000,-0.0000000000,-0.1437612903,0.0000000000,-0.0000000000,0.0000000000,-0.0147766146,-0.0000000000,0.0346485609,-0.0000000000,-0.0000000000,0.0000000000,0.0000000000,-0.0000000000,0.0088431062,-0.0000000000,-0.0000000000,0.0000000000,-0.0000000000,0.0000000000,-0.0000000000,0.0098867055,0.0000000000,-0.0000000000,-0.0000000000,0.0000000000,-0.0000000000,0.0000000000,0.0000000000,-0.0000000000,-0.0000000000,0.0000000000,-0.0000000000,-0.2647801355,0.0000000000,-0.0000000000,-0.0000000000,-0.0000000000,-0.8546130786,-0.8856886620,-0.0000000000,-0.0000000000,0.0000000000,-0.0000000000,-0.0000000000,0.0000000000,-0.0000000000,-0.0000000000,0.0000000000,0.0000000000,0.0000000000,-0.0000000000,-0.0000000000,0.0000000000,0.0000000000,0.0000000000,0.0000000000,0.0000000000,-0.0000000000,0.0000000000,-0.0000000000,-0.0000000000,0.0721144592,0.0000000000,0.0000000000,0.0000000000,0.0172692442,0.1806790289,-0.0000000000,-0.0000000000,-0.0000000000,0.3272920303,0.0000000000,-0.0000000000,0.1594016618,-0.0000000000,-0.0000000000,-0.0000000000,0.0000000000,0.0000000000,-0.0000000000,0.1258773684
-0.0000000000,0.0000000000,-0.5382364976,0.0000000000,-0.2167332583,-0.7767842719,0.0000000000,-0.0000000000,3.8891753468,-0.0041674334,0.0000000000,-0.0000000000,-0.0000000000,-0.0599638517,-0.0000000000,0.1134613398,-0.0000000000,0.0086011455,-0.0000000000,0.0000000000,-0.0000000000,0.0000000000,-0.0000000000,-0.0000000000,0.0000000000,0.0000000000,0.0000000000,0.0000000000,-0.3538418013,-0.0086252030,0.0000000000,0.0000000000,0.0000000000,0.0000000000,0.0000000000,-0.3357125067,-0.0000000000,-0.0000000000,-0.0000000000,0.0000000000,0.0000000000,-0.0000000000,-0.0000000000,0.0000000000,0.0000000000,0.0831069389,0.0000000000,0.4651183833,-0.3230213490,0.0000000000,0.0000000000,0.0000000000,0.2652497366,0.0000000000,-0.2289488231,-0.6564480866,0.0000000000,-0.2869006463,-0.0000000000,-0.0000000000,-0.0000000000,0.0000000000,-0.0000000000,-0.0000000000,-0.0263124195,-0.0000000000,0.1376292606,-0.0000000000,-0.0000000000,0.0000000000,-0.0000000000,-0.0000000000,0.0000000000,0.0000000000,-0.0000000000,-0.0000000000,-0.0000000000,-0.0000000000,0.1558607465,0.0000000000,-0.0000000000,0.0000000000,0.0000000000,-0.0000000000,-0.0000000000,0.0000000000,-0.0000000000,0.0000000000,-0.0000000000,0.0000000000,0.0000000000,-0.0000000000,-0.0000000000,-0.0000000000,-0.0000000000,0.0000000000,0.0000000000,0.4405388650,-0.0000000000,0.0000000000
-0.0000000000,-0.0000000000,-0.0000000000,-0.0000000000,-0.0000000000,-0.0642326150,-0.0000000000,-0.0000000000,-0.0041674334,2.8810338914,-0.0000000000,-0.4945977747,-0.0000000000,0.0000000000,-0.0000000000,-0.0000000000,-0.0000000000,-0.0000000000,0.0000000000,-0.0000000000,-0.1826219161,0.0000000000,0.0000000000,-0.4489351760,-0.4078529419,0.0000000000,-0.0000000000,-0.0000000000,-0.3931442439,-0.0000000000,-0.0000000000,-0.0072793777,-0.0803145869,-0.0000000000,0.0000000000,-0.0000000000,-0.2773114616,-0.2996071642,-0.1722099180,0.0000000000,0.0000000000,-0.0000000000,-0.0000000000,-0.0000000000,0.0000000000,0.0000000000,0.0932402625,0.2148548250,-0.0000000000,0.0000000000,0.0000000000,0.0000000000,0.0000000000,-0.0000000000,-0.0000000000,-0.0000000000,0.0539652479,0.0000000000,-0.0495938586,-0.0292614701,-0.0000000000,0.0000000000,-0.0000000000,0.0000000000,-0.0000000000,-0.0000000000,0.0000000000,0.1887724309,0.0000000000,0.0567618316,0.0000000000,0.0000000000,0.1782371082,0.0000000000,-0.0000000000,-0.0987588960,-0.0000000000,-0.1098254438,0.0000000000,0.0000000000,-0.0000000000,0.0000000000,0.0000000000,0.0000000000,-0.0000000000,0.0000000000,-0.0000000000,-0.0000000000,-0.0000000000,0.0000000000,0.2490346098,0.0000000000,-0.0000000000,-0.0000000000,-0.0000000000,0.0000000000,0.0000000000,0.5263862085,0.0000000000,0.0000000000
0.0000000000,-0.0000000000,0.0000000000,-0.0000000000,0.0000000000,0.0000000000,-0.1197429896,-0.1385211323,0.0000000000,-0.0000000000,2.8680420966,-0.3805447165,-0.2523027661,-0.0000000000,-0.2690175646,0.0000000000,0.0000000000,-0.3019852037,0.0000000000,-0.0000000000,-0.0000000000,0.0000000000,-0.0478120000,-0.3113337975,-0.0585273617,-0.5492244332,-0.0000000000,-0.4793366433,-0.0000000000,-0.0000000000,0.0000000000,-0.1988982815,0.0000000000,-0.0000000000,-0.0582470372,-0.0000000000,-0.0000000000,0.0000000000,-0.0881846548,-0.0000000000,-0.0000000000,-0.0000000000,-0.0000000000,0.0534824613,0.0000000000,-0.0000000000,-0.0000000000,-0.0000000000,0.0000000000,0.0000000000,-0.0307937530,0.0000000000,-0.0000000000,-0.0000000000,0.0000000000,0.1159751172,-0.0000000000,0.0000000000,-0.0000000000,-0.0000000000,-0.0000000000,-0.0000000000,-0.0000000000,0.0000000000,-0.0000000000,-0.0521228416,0.0000000000,0.3238785721,0.0000000000,0.0000000000,-0.0000000000,0.0000000000,-0.0073610247,0.0000000000,-0.0000000000,0.0000000000,-0.0000000000,-0.0000000000,0.0000000000,-0.3434431258,0.0000000000,0.0000000000,0.0000000000,0.0000000000,0.1441803201,0.1796230475,0.0000000000,-0.0112584605,0.0000000000,0.1132942617,0.0000000000,-0.0000000000,0.0000000000,0.0913629244,-0.0000000000,0.0000000000,0.2617723269,0.0000000000,0.0000000000,0.0000000000
0.0000000000,-0.0000000000,-0.0000000000,0.0000000000,0.0000000000,-0.0000000000,-0.0444231150,0.0000000000,-0.0000000000,-0.4945977747,-0.3805447165,3.4518486997,-0.5555988220,-0.0000000000,-0.0000000000,0.0000000000,-0.5278609199,0.0000000000,-0.0000000000,0.0000000000,-0.0000000000,0.0000000000,-0.0000000000,-0.5573583895,-0.3198616419,-0.1460524032,-0.0000000000,0.0000000000,0.0000000000,-0.0000000000,-0.0000000000,-0.0000000000,-0.0000000000,0.0000000000,0.0000000000,-0.1935604791,0.0000000000,-0.0000000000,-0.0000000000,-0.2446720691,-0.0000000000,-0.0000000000,-0.0000000000,0.0000000000,0.0000000000,-0.0000000000,0.0000000000,0.0000000000,-0.0203312541,-0.0000000000,-0.0000000000,0.0000000000,0.0000000000,-0.0000000000,0.0000000000,-0.0000000000,0.1783579138,0.0000000000,-0.0000000000,-0.0000000000,-0.0000000000,-0.0152274659,-0.0000000000,0.0000000000,-0.0000000000,-0.0000000000,-0.0000000000,-0.0000000000,0.0000000000,0.3640759513,0.0000000000,0.0000000000,0.0000000000,-0.0439324231,-0.0000000000,-0.0000000000,-0.0000000000,-0.0000000000,0.0000000000,-0.0000000000,0.0000000000,0.0000000000,0.0000000000,0.5016200535,0.0573842240,0.1236312621,0.0000000000,0.0000000000,-0.0000000000,-0.0000000000,0.0000000000,-0.1006579927,-0.0000000000,0.0000000000,0.0000000000,0.0113739497,0.0000000000,0.0000000000,-0.0000000000,-0.0000000000
-0.0000000000,0.0000000000,0.0000000000,-0.0000000000,0.0000000000,-0.0000000000,-0.3444561464,-0.0000000000,-0.0000000000,-0.0000000000,-0.2523027661,-0.5555988220,3.5079474234,-0.8029976711,-0.0330645121,0.0000000000,-0.2151992591,-0.0688834436,-0.0000000000,0.0000000000,-0.0000000000,0.0000000000,-0.0000000000,-0.0000000000,-0.0000000000,-0.0994755607,0.0000000000,0.0000000000,-0.0000000000,-0.0000000000,-0.0000000000,0.0000000000,-0.0000000000,-0.0000000000,-0.0000000000,-0.0000000000,0.0000000000,0.0000000000,-0.1879423671,-0.3225651666,-0.0000000000,0.0000000000,-0.0512453508,0.0000000000,-0.0000000000,-0.0000000000,0.0000000000,0.0000000000,-0.0000000000,0.0000000000,0.0000000000,0.0000000000,0.0923726875,0.0000000000,0.0000000000,0.0000000000,0.0000000000,0.0000000000,0.0000000000,0.0308540764,0.0000000000,-1.1883275148,-0.0000000000,0.0000000000,0.0000000000,0.0000000000,-0.0000000000,0.0000000000,0.0000000000,0.0000000000,0.0000000000,0.0959307578,0.0518747670,-0.0000000000,0.0000000000,0.0000000000,0.0000000000,0.0000000000,-0.1759552648,0.0000000000,0.0105189176,0.0732838298,0.0090615062,0.0000000000,0.0431154443,0.0000000000,0.0000000000,0.0000000000,0.0000000000,0.0000000000,0.2089665566,0.0000000000,0.0000000000,0.3248736565,-0.0000000000,0.0000000000,0.0000000000,0.0000000000,-0.0000000000,-0.0000000000
-0.0000000000,0.0000000000,-0.0000000000,0.0000000000,-0.0000000000,-0.0000000000,-0.0000000000,-0.0000000000,-0.0599638517,0.0000000000,-0.0000000000,-0.0000000000,-0.8029976711,3.5665136828,-0.8840735038,0.1616519546,-0.0606615692,-0.0000000000,-1.1970495620,0.0000000000,-0.0201273878,0.0000000000,-0.0314665959,0.0000000000,-0.0000000000,-0.0000000000,0.0000000000,0.0000000000,-0.0000000000,-0.0000000000,0.0000000000,0.0000000000,0.0000000000,-0.0000000000,-0.0000000000,-0.1566736539,0.0000000000,0.0000000000,-0.0000000000,-0.0000000000,0.0000000000,0.0000000000,-0.0000000000,0.0000000000,-0.2309692990,-0.0000000000,-0.0000000000,0.0000000000,-0.0209509376,0.0000000000,-0.0764831323,0.0000000000,0.0000000000,0.2672150826,-0.0000000000,-0.0000000000,0.0000000000,-0.0000000000,0.3472876798,0.0000000000,0.0808232207,-0.0000000000,0.0000000000,0.0000000000,-0.0000000000,-0.0000000000,0.0000000000,-0.0000000000,-0.0000000000,0.0000000000,0.0000000000,0.0000000000,0.0000000000,0.0000000000,0.0000000000,0.1106419873,-0.0000000000,-0.0000000000,-0.0000000000,0.0000000000,0.1778522409,0.2902737605,0.0000000000,0.0000000000,0.0000000000,0.0000000000,0.0000000000,0.0000000000,-0.0000000000,0.0000000000,0.0000000000,0.0000000000,0.0110142307,0.0358831564,0.0000000000,-0.0000000000,0.0000000000,0.0000000000,-0.0000000000,-0.0000000000
0.0000000000,-0.0000000000,-0.0000000000,-0.0000000000,-0.0000000000,-0.0000000000,-0.0718180930,-0.0285643399,-0.0000000000,-0.0000000000,-0.2690175646,-0.0000000000,-0.0330645121,-0.8840735038,3.9885259474,0.0000000000,0.0000000000,-0.0000000000,0.0000000000,-0.0000000000,-0.4603893418,0.0000000000,-0.2805979060,0.0000000000,0.0000000000,-0.0000000000,-0.0148379945,-0.0000000000,-0.1338099007,-0.0767550407,0.0000000000,0.0000000000,0.0000000000,0.0000000000,-0.1234885121,-0.0000000000,0.0000000000,0.0000000000,-0.1243846549,-0.0000000000,0.0000000000,0.0000000000,-0.0000000000,0.0000000000,-0.0000000000,-0.0000000000,-0.0000000000,-0.0000000000,0.0000000000,-0.0000000000,0.0000000000,-0.0000000000,0.0000000000,-0.0000000000,-0.0000000000,0.0000000000,-0.0000000000,-0.0198255620,0.0000000000,-0.0000000000,0.0170197422,-0.0000000000,-0.0000000000,-0.0000000000,-0.0000000000,-1.9262185156,-0.0000000000,0.0275635639,0.0000000000,0.0000000000,-0.0000000000,0.0000000000,0.0000000000,-0.0000000000,-0.0000000000,0.0000000000,-0.3301319079,-0.0000000000,0.0000000000,0.0000000000,0.0000000000,0.0230768880,-0.0000000000,0.0000000000,-0.0000000000,0.0000000000,0.0000000000,-0.0000000000,-0.0000000000,0.0000000000,0.1436085418,-0.0000000000,0.0000000000,0.0000000000,-0.0000000000,-0.0000000000,-0.0000000000,0.0000000000,0.0000000000,-0.0000000000
-0.0198435858,-0.4774193419,-0.0000000000,-0.2773036715,0.0000000000,0.0000000000,-0.0535180985,0.0000000000,0.1134613398,-0.0000000000,0.0000000000,0.0000000000,0.0000000000,0.1616519546,0.0000000000,2.4051078910,0.0000000000,-0.1151123674,0.0000000000,-0.0000000000,-0.0000000000,-0.0000000000,-0.0000000000,-0.0000000000,-0.0236815770,0.0000000000,-0.0000000000,0.0000000000,0.0000000000,-0.0000000000,-0.0201661494,-0.3399073463,-0.6203255248,-0.2477004650,-0.0000000000,0.0000000000,-0.0000000000,-0.0000000000,0.0000000000,0.0000000000,0.0398721545,-0.0000000000,-0.0000000000,0.0000000000,-0.0000000000,0.0000000000,0.1960445966,-0.0702514789,0.1435880964,0.0000000000,0.0000000000,-0.0000000000,-0.3300123429,-0.0000000000,0.0000000000,0.0000000000,0.0000000000,0.0000000000,0.0000000000,-0.0000000000,-0.0000000000,0.0000000000,-0.0000000000,-0.0000000000,-0.0000000000,0.0000000000,0.0000000000,0.0000000000,-0.0000000000,-0.2165137915,0.0000000000,-0.0000000000,-0.0000000000,-0.0000000000,-0.0000000000,-0.0000000000,0.0000000000,-0.1765825805,-0.1201611447,0.1532154876,-0.0000000000,0.0000000000,0.0000000000,-0.0000000000,0.0000000000,-0.1796378754,0.0000000000,0.0995906761,-0.0000000000,0.5237158045,0.0000000000,0.2295843255,0.0000000000,-0.0000000000,-0.0000000000,0.0422074310,0.0000000000,-0.0000000000,0.0000000000,0.1414484906
0.0000000000,0.0000000000,0.0000000000,-0.0000000000,-0.0000000000,-0.0000000000,-0.0000000000,0.0000000000,-0.0000000000,-0.0000000000,0.0000000000,-0.5278609199,-0.2151992591,-0.0606615692,0.0000000000,0.0000000000,2.8877500901,-0.0000000000,-0.8137381022,0.0610620643,-0.0000000000,-0.3528451578,-0.0000000000,-0.0750341914,-0.0000000000,-0.0198163317,0.3560729798,0.1597347452,0.0000000000,0.0000000000,-0.0000000000,0.0000000000,-0.0000000000,-0.4376652520,0.0000000000,0.0000000000,0.0000000000,-0.0000000000,-0.0000000000,-0.3572343048,-0.1636292068,0.0000000000,-0.0000000000,0.0064599182,0.0000000000,0.0000000000,0.0000000000,0.0000000000,-0.0000000000,-0.0000000000,0.0000000000,0.0914089709,0.0000000000,-0.0000000000,0.0000000000,-0.0000000000,0.0000000000,0.0000000000,0.0000000000,0.0620425357,0.0000000000,-0.0000000000,-0.0000000000,-0.0000000000,0.0000000000,0.0000000000,0.0000000000,-0.1211849254,-0.0000000000,0.0000000000,0.0000000000,-0.0000000000,0.0000000000,0.0000000000,0.0000000000,0.0000000000,0.0000000000,0.0000000000,-0.0000000000,0.0000000000,0.0000000000,0.0000000000,0.1089368585,0.0035060208,0.0443748906,0.0852161170,0.0498611458,0.0000000000,0.0107961084,0.0000000000,0.0000000000,-0.0000000000,-0.0000000000,0.0000000000,0.2225233439,0.0000000000,-0.0000000000,0.0000000000,-0.0000000000,-0.0000000000
-0.0000000000,-0.0000000000,0.0000000000,-0.0000000000,0.0000000000,0.0000000000,-0.1696278282,-0.4678810758,0.0086011455,-0.0000000000,-0.3019852037,0.0000000000,-0.0688834436,-0.0000000000,-0.0000000000,-0.1151123674,-0.0000000000,3.2833090786,-0.0000000000,-0.1528573527,-0.0816340432,-0.0000000000,-0.2868977339,-0.0000000000,-0.0000000000,-0.0000000000,0.0000000000,-0.0000000000,0.0000000000,0.4525080911,-0.0000000000,-0.0000000000,-0.0000000000,-1.3320657683,-0.2409954329,0.0000000000,0.0000000000,0.3965601596,0.0000000000,0.0000000000,-0.0000000000,0.0000000000,-0.0000000000,0.0000000000,-0.0000000000,0.0242646869,0.0000000000,-0.0665144460,0.0000000000,0.0000000000,-0.0000000000,-0.0000000000,0.0000000000,-0.0000000000,0.0000000000,0.0000000000,-0.0000000000,0.0000000000,0.0000000000,0.0000000000,0.1298466031,-0.0000000000,0.0000000000,0.0000000000,0.0000000000,0.0000000000,-0.0000000000,0.1024277937,0.0000000000,-0.4504374596,-0.0000000000,0.0000000000,-0.2161482205,0.0374016696,0.0000000000,0.2693640514,-0.2654602607,0.0000000000,-0.2321509659,0.0000000000,-0.0000000000,0.0000000000,0.0000000000,0.0000000000,0.0000000000,0.0000000000,0.0466723745,-0.0000000000,-0.0000000000,0.0251451495,0.0000000000,0.0000000000,0.0482051102,0.0000000000,0.0000000000,0.0000000000,0.3184260050,-0.0000000000,0.0000000000,0.0473060849
-0.0000000000,0.0000000000,-0.0000000000,0.0000000000,-0.0000000000,-0.0647371648,0.0000000000,-0.0000000000,-0.0000000000,0.0000000000,0.0000000000,-0.0000000000,-0.0000000000,-1.1970495620,0.0000000000,0.0000000000,-0.8137381022,-0.0000000000,3.0249006213,0.0000000000,-0.4610265171,-0.0000000000,-0.0588939628,0.0000000000,-0.0000000000,0.0000000000,0.0000000000,0.0000000000,0.1778171119,0.0157622580,-0.0000000000,0.0000000000,0.0000000000,-0.1150856786,0.0000000000,-0.0000000000,0.0000000000,0.0000000000,0.0000000000,0.0000000000,0.0000000000,0.0000000000,-0.0000000000,-0.0000000000,-0.0106556281,0.0000000000,-0.0000000000,0.0000000000,-0.0000000000,0.0000000000,-0.0000000000,0.0000000000,0.0000000000,0.0748770735,-0.0000000000,-0.0099065261,0.0000000000,0.0000000000,0.0000000000,0.0000000000,0.0146075452,0.0000000000,0.0000000000,0.0000000000,-0.1323212855,0.0879205955,0.0000000000,-0.4924488604,-0.0000000000,-0.0094883458,-0.0000000000,0.0000000000,-0.0000000000,0.0120787724,0.0000000000,0.0000000000,0.0000000000,0.0000000000,-0.0743215656,0.0708698869,0.0000000000,0.0000000000,0.1284293201,0.0000000000,0.0000000000,0.1933850339,0.1952041537,0.0000000000,-0.0000000000,0.0000000000,0.0000000000,0.0020088983,0.0000000000,0.0000000000,0.0000000000,-0.0000000000,0.0000000000,0.0000000000,-0.0000000000,0.0000000000
-0.0000000000,-0.5396752902,-0.0000000000,-0.1375674798,-0.0000000000,-0.0000000000,-0.1086160946,-0.0000000000,0.0000000000,-0.0000000000,-0.0000000000,0.0000000000,0.0000000000,0.0000000000,-0.0000000000,-0.0000000000,0.0610620643,-0.1528573527,0.0000000000,3.9951549488,-0.0912934496,0.0000000000,-0.0000000000,0.0000000000,0.0000000000,0.1434132369,-0.0000000000,-0.0000000000,-0.1705804855,0.1731160254,0.0000000000,-0.0012831071,-0.0000000000,-0.0000000000,-0.0000000000,0.0000000000,0.0000000000,-0.0000000000,0.0000000000,0.0000000000,0.0000000000,0.0633081145,0.0000000000,0.0000000000,-0.0000000000,-0.0000000000,-0.0000000000,-0.0000000000,-0.0000000000,-0.0000000000,-0.0000000000,-0.1956188717,-0.1093177761,-0.3617462682,-0.0000000000,0.0000000000,-0.2734015275,-0.4617381584,-0.0000000000,-0.0000000000,0.0000000000,0.0000000000,-0.0000000000,0.0000000000,0.0000000000,-0.0000000000,-0.1356488504,0.0144311835,0.1056210780,-0.0000000000,-1.0640278432,0.5990692631,0.0000000000,-0.0000000000,-0.0000000000,0.0000000000,-0.1715054942,0.0000000000,0.0000000000,-0.0753572451,0.0000000000,0.0000000000,-0.0000000000,0.0000000000,-0.0000000000,-0.0000000000,0.0000000000,0.0000000000,-0.4333718829,-0.0000000000,0.0000000000,-0.0000000000,0.0000000000,0.0000000000,0.0000000000,-0.0000000000,-0.0000000000,-0.0000000000,-0.0000000000,-0.0000000000
-0.0000000000,-0.0000000000,-0.0424458908,-0.0000000000,-0.0000000000,-0.0000000000,-0.0896661308,-0.1437612903,-0.0000000000,-0.1826219161,-0.0000000000,-0.0000000000,-0.0000000000,-0.0201273878,-0.4603893418,-0.0000000000,-0.0000000000,-0.0816340432,-0.4610265171,-0.0912934496,3.1882119127,0.0000000000,-0.3177237097,-0.0000000000,-0.0000000000,0.0000000000,-0.0000000000,-0.0000000000,-0.3933124672,0.0000000000,0.0744954661,-0.0000000000,-0.0000000000,-0.0000000000,0.0000000000,-0.0000000000,-0.0000000000,-0.0000000000,0.0000000000,0.0000000000,0.0000000000,0.0397695079,0.0482283263,0.0000000000,0.0000000000,0.0000000000,0.0000000000,0.0000000000,0.0000000000,0.0000000000,0.0000000000,0.0000000000,-0.0000000000,-0.0000000000,0.0000000000,-0.0000000000,0.0000000000,-0.0000000000,-0.0000000000,-0.0000000000,0.0000000000,-0.0000000000,-0.0000000000,0.0000000000,-0.3921420399,-0.0000000000,0.0000000000,-0.0000000000,0.0000000000,-0.0000000000,-0.8401516423,0.0000000000,-0.0000000000,0.0000000000,-0.0000000000,0.0000000000,-0.3268249706,0.0000000000,0.0000000000,0.0000000000,0.0000000000,0.0000000000,0.0000000000,0.0000000000,-0.0000000000,0.0000000000,0.0000000000,0.0000000000,-0.0000000000,0.0000000000,0.1901411810,0.0000000000,0.0902988062,0.0000000000,0.1654687671,0.0000000000,0.0000000000,0.0386339807,0.0000000000,0.0000000000
-0.0000000000,0.0000000000,0.0000000000,-0.0000000000,0.0000000000,0.0000000000,0.0000000000,0.0000000000,0.0000000000,0.0000000000,0.0000000000,0.0000000000,0.0000000000,0.0000000000,0.0000000000,-0.0000000000,-0.3528451578,-0.0000000000,-0.0000000000,0.0000000000,0.0000000000,2.7088223288,-0.2514233059,-0.0000000000,0.0477317073,-0.0000000000,0.0000000000,-0.0000000000,0.0000000000,-0.0146131066,0.0000000000,-0.0000000000,-0.0000000000,-0.8081471243,-0.3865325365,0.0000000000,-0.0000000000,0.0000000000,-0.0000000000,0.0000000000,-0.1009698885,-0.0000000000,-0.2111673770,0.0000000000,0.0000000000,0.0443539865,-0.2153916435,-0.0000000000,0.0000000000,0.0000000000,0.0000000000,0.0000000000,0.0000000000,-0.0000000000,0.0000000000,0.0000000000,0.0000000000,0.0000000000,0.0000000000,0.1361226027,0.0000000000,0.0997205313,0.0000000000,0.0000000000,0.0092522455,0.2276571874,0.0778282050,0.0000000000,-0.0000000000,-0.0000000000,0.2922211298,-0.0000000000,-0.0000000000,0.5050096209,0.0266394326,0.0000000000,0.0000000000,-0.0000000000,0.1885570665,0.0000000000,-0.0609861385,-0.2582944260,0.0000000000,-0.0309482353,-0.0000000000,-0.0000000000,-0.0000000000,-0.0277572940,0.0000000000,0.0000000000,-0.0959630692,-0.0000000000,-0.0000000000,-0.0000000000,0.0000000000,0.0000000000,0.0000000000,-0.0000000000,0.0987076964,0.0207581649
-0.0976910385,0.0000000000,-0.0000000000,-0.0000000000,-0.0000000000,-0.0000000000,-0.0000000000,-0.0000000000,-0.0000000000,0.0000000000,-0.0478120000,-0.0000000000,-0.0000000000,-0.0314665959,-0.2805979060,-0.0000000000,-0.0000000000,-0.2868977339,-0.0588939628,-0.0000000000,-0.3177237097,-0.2514233059,2.5827942905,-0.2278762064,-0.0000000000,-0.1137582701,-0.1131600628,-0.0000000000,-0.0000000000,-0.0551371668,0.0000000000,0.0000000000,-0.0000000000,-0.0000000000,-0.0451496736,-0.0000000000,0.0484265203,0.0000000000,0.0000000000,-0.0000000000,-0.0000000000,-0.0000000000,-0.0000000000,0.0430087876,-0.0000000000,0.0000000000,-0.1068072651,-0.5346981174,0.0000000000,0.0000000000,0.0000000000,0.0000000000,0.0000000000,0.0000000000,0.0000000000,0.0000000000,0.0000000000,0.0000000000,0.2765729945,0.0000000000,0.0567857870,0.0338895765,0.0000000000,0.0000000000,-0.0000000000,-0.0000000000,0.0000000000,0.0000000000,0.0000000000,0.0000000000,-0.0000000000,-0.0000000000,-0.6507417433,0.0000000000,0.0000000000,0.0000000000,-0.0314429928,-0.5396599143,0.0000000000,0.2003360526,-0.0000000000,0.1453540825,0.0000000000,0.0000000000,-0.0000000000,0.0000000000,0.0000000000,-0.0000000000,0.0000000000,0.0000000000,0.1963578883,0.0000000000,0.0000000000,0.0000000000,0.1569551699,0.0000000000,0.0000000000,-0.0000000000,0.0000000000,0.0000000000
-0.0000000000,0.0000000000,-0.0000000000,0.0000000000,0.0000000000,-0.0000000000,-0.0474332204,0.0000000000,-0.0000000000,-0.4489351760,-0.3113337975,-0.5573583895,-0.0000000000,0.0000000000,0.0000000000,-0.0000000000,-0.0750341914,-0.0000000000,0.0000000000,0.0000000000,-0.0000000000,-0.0000000000,-0.2278762064,2.6855189812,-0.0344174815,-0.0000000000,-0.1370210224,0.0000000000,-0.0000000000,0.0000000000,-0.0957446068,-0.0464151772,-0.2144509346,-0.2181970807,-0.0000000000,-0.0000000000,0.0000000000,-0.0291660881,-0.0000000000,-0.3017979372,-0.0166649559,-0.0000000000,-0.0000000000,0.0191427616,0.0000000000,0.0558878146,0.0000000000,0.0000000000,0.0000000000,0.0000000000,-0.0000000000,0.3809204527,0.0000000000,-0.0000000000,0.0000000000,0.0000000000,0.0000000000,0.1667185339,-0.0000000000,0.0000000000,0.0785779929,0.1585490521,0.0000000000,0.0000000000,0.0000000000,0.0000000000,-0.0000000000,0.0000000000,0.0000000000,0.0096721602,0.0000000000,0.0000000000,-0.0576251833,0.0000000000,-0.0244159428,-0.0000000000,-0.2721717999,-0.0448445225,0.0000000000,-0.0000000000,-0.1533258113,0.0000000000,-0.0000000000,0.0000000000,-0.0000000000,0.0000000000,0.0075044930,0.0000000000,0.0000000000,0.0000000000,0.0000000000,-0.0000000000,0.0000000000,-0.0000000000,0.0000000000,0.3321821530,0.0000000000,0.0000000000,0.0778146656,0.0000000000
-0.1439512047,-0.1134723582,0.0000000000,0.0000000000,0.0000000000,-0.0000000000,-0.0027458532,-0.0147766146,0.0000000000,-0.4078529419,-0.0585273617,-0.3198616419,-0.0000000000,-0.0000000000,0.0000000000,-0.0236815770,-0.0000000000,-0.0000000000,-0.0000000000,0.0000000000,-0.0000000000,0.0477317073,-0.0000000000,-0.0344174815,2.2299586641,-0.1626929027,-0.0000000000,0.0000000000,0.0000000000,-0.0000000000,-0.0000000000,-0.0508187787,0.0000000000,0.0000000000,0.0000000000,0.0000000000,-0.0000000000,0.0000000000,0.0000000000,-0.0000000000,0.0000000000,-0.6435807127,-0.0000000000,-0.0000000000,-0.0283373391,0.0000000000,0.1717969526,-0.0000000000,0.0000000000,0.3727861215,-0.3005615249,-0.0000000000,-0.0909110290,0.0000000000,-0.0000000000,-0.0000000000,-0.0000000000,0.0000000000,-0.2780651062,-0.1561615708,-0.0000000000,-0.0000000000,0.0000000000,0.0000000000,-0.0000000000,0.0000000000,-0.0000000000,0.0000000000,0.0000000000,-0.0000000000,0.0000000000,0.0000000000,-0.0000000000,-0.0000000000,0.0000000000,-0.1814994775,0.0758713387,-0.0000000000,-0.0000000000,-0.0000000000,0.0000000000,0.0947082402,0.0000000000,0.0000000000,0.0000000000,0.0952206539,0.0000000000,-0.0000000000,0.0000000000,0.0000000000,0.0000000000,-0.0000000000,-0.0000000000,-0.0000000000,-0.0000000000,-0.0315148540,0.0484615951,-0.0000000000,0.0000000000,0.2777838919
0.0000000000,0.0000000000,0.0000000000,-0.0000000000,0.0000000000,0.0804884024,-0.0377573449,-0.0000000000,0.0000000000,0.0000000000,-0.5492244332,-0.1460524032,-0.0994755607,-0.0000000000,-0.0000000000,0.0000000000,-0.0198163317,-0.0000000000,0.0000000000,0.1434132369,0.0000000000,-0.0000000000,-0.1137582701,-0.0000000000,-0.1626929027,2.2056653518,0.0000000000,-0.1369969615,0.0000000000,-0.0000000000,0.0701953555,0.1189237764,0.0000000000,-0.0000000000,-0.1539056940,-0.0000000000,-0.0000000000,0.1620879318,-0.0000000000,-0.2712550462,-0.0000000000,-0.4227331168,-0.0000000000,0.0504966745,0.0000000000,-0.0000000000,0.0000000000,-0.0000000000,0.0000000000,0.0000000000,-0.0000000000,0.0000000000,-0.0000000000,-0.0000000000,0.0000000000,0.0000000000,0.0000000000,0.0000000000,0.0000000000,-0.0000000000,-0.0000000000,-0.0000000000,0.0000000000,0.0680075067,-0.0000000000,-0.0000000000,-0.0000000000,0.0000000000,0.0000000000,0.2276964801,0.1002306607,-0.0000000000,0.0000000000,0.0000000000,0.0000000000,-0.0405625261,0.0000000000,-0.0184754745,0.0000000000,0.0000000000,0.0000000000,0.0000000000,0.1966321826,0.0000000000,0.0000000000,0.0000000000,-0.0000000000,-0.0000000000,0.2048470979,0.0000000000,-0.0000000000,-0.1191731188,0.0000000000,0.2535596575,-0.0000000000,0.0000000000,0.0000000000,-0.0000000000,0.0000000000,0.0000000000
-0.0000000000,0.0000000000,0.0000000000,0.0000000000,0.0490819568,0.0000000000,0.0000000000,0.0346485609,0.0000000000,-0.0000000000,-0.0000000000,-0.0000000000,0.0000000000,0.0000000000,-0.0148379945,-0.0000000000,0.3560729798,0.0000000000,0.0000000000,-0.0000000000,-0.0000000000,0.0000000000,-0.1131600628,-0.1370210224,-0.0000000000,0.0000000000,2.2806816871,-0.0365505301,-0.2683094721,-0.1461207913,0.0000000000,-0.2043295698,-0.0000000000,0.0000000000,-0.0567907834,-0.0000000000,0.0000000000,-0.0000000000,-0.0000000000,-0.0000000000,-0.0000000000,-0.0000000000,-0.0000000000,-0.0000000000,-0.4466469780,-0.0608005427,-0.6051166731,-0.1828661899,0.3058302806,0.0000000000,-0.0000000000,0.0000000000,0.0000000000,0.0000000000,0.0000000000,0.0161120712,0.0000000000,0.0000000000,0.0000000000,-0.0000000000,0.0000000000,0.0000000000,0.0417327196,0.0088957966,0.0000000000,-0.0000000000,-0.0000000000,0.0958057614,0.1439014961,0.0477701287,-0.0000000000,0.0000000000,0.0000000000,-0.0000000000,-0.0156595316,-0.0000000000,-0.0000000000,-0.0900396156,0.0374469996,0.0000000000,-0.0000000000,-0.0000000000,-0.0000000000,0.0000000000,-0.4050365016,-0.0000000000,0.0000000000,-0.2495731340,-0.0000000000,-0.0000000000,0.0000000000,0.0000000000,-0.0000000000,0.0000000000,-0.0000000000,-0.0000000000,-0.0000000000,-0.0000000000,0.0000000000,0.0000000000
0.0000000000,0.0000000000,0.0000000000,-0.0519739426,-0.0000000000,0.1057735690,-0.0000000000,-0.0000000000,0.0000000000,-0.0000000000,-0.4793366433,0.0000000000,0.0000000000,0.0000000000,-0.0000000000,0.0000000000,0.1597347452,-0.0000000000,0.0000000000,-0.0000000000,-0.0000000000,-0.0000000000,-0.0000000000,0.0000000000,0.0000000000,-0.1369969615,-0.0365505301,2.5191550631,-0.0000000000,-0.0000000000,0.0454061268,-0.0837368351,0.0000000000,-0.0000000000,-0.2158555969,-0.0000000000,-0.2380662682,0.0480651461,0.0000000000,0.1992414331,0.0934243734,0.0000000000,-0.0000000000,-0.0000000000,0.0000000000,-0.0000000000,-0.0000000000,-0.0577384486,0.0000000000,0.0000000000,-0.0789681414,0.0000000000,-0.0000000000,-0.0000000000,0.0000000000,0.0000000000,-0.0000000000,-0.0000000000,-0.0000000000,-0.1236684263,-0.0000000000,-0.0000000000,0.0000000000,0.1376886535,-0.0000000000,-0.0000000000,0.0000000000,0.0000000000,0.0000000000,-0.0000000000,-0.0000000000,0.0000000000,-0.0000000000,0.0000000000,-0.0839982874,-0.0000000000,-0.1127621641,-0.1497795395,0.0000000000,-0.0324533275,-0.0000000000,-0.0000000000,0.0000000000,-0.0000000000,-0.0000000000,-0.0000000000,-0.0404980504,-1.2932209257,-0.0000000000,0.0000000000,-0.0091419245,0.0000000000,0.1296256517,0.0000000000,-0.0219967301,-0.0000000000,0.0000000000,-0.0000000000,-0.0000000000,0.0000000000
-0.0242566491,-0.0000000000,-0.0000000000,-0.0000000000,0.0000000000,-0.0000000000,-0.1212584437,-0.0000000000,-0.3538418013,-0.3931442439,-0.0000000000,0.0000000000,-0.0000000000,-0.0000000000,-0.1338099007,0.0000000000,0.0000000000,0.0000000000,0.1778171119,-0.1705804855,-0.3933124672,0.0000000000,-0.0000000000,-0.0000000000,0.0000000000,0.0000000000,-0.2683094721,-0.0000000000,2.4991265773,-0.0000000000,-0.0000000000,-0.0000000000,-0.0357041676,0.0000000000,0.0000000000,-0.0000000000,-0.3648773796,-0.0314781497,-0.0000000000,-0.0000000000,-0.1571443323,-0.0000000000,-0.0000000000,-0.0000000000,0.0000000000,-0.0000000000,-0.0000000000,0.0000000000,-0.0000000000,-0.0297152892,0.0000000000,0.0000000000,0.1680069978,-0.0000000000,0.0000000000,0.0000000000,-0.0000000000,-0.0000000000,-0.0764133366,-0.0000000000,0.0000000000,-0.0000000000,-0.0000000000,0.0000000000,0.0000000000,-0.0000000000,-0.0000000000,0.0034186106,0.0132357868,0.1030510653,-0.0000000000,0.0000000000,0.1179384335,-0.0000000000,-0.0481026370,-0.0000000000,-0.9645124474,-0.0000000000,0.0000000000,0.0000000000,-0.0000000000,0.0000000000,-0.0000000000,0.0000000000,-0.0000000000,0.0000000000,-0.0000000000,-0.0000000000,-0.0000000000,-0.1402109368,0.0739238105,-0.0000000000,-0.0000000000,-0.0792048835,0.0000000000,-0.0000000000,-0.1183597127,0.0487964546,0.0000000000,-0.0000000000
