0,1,2,3,4,5,6,7,8,9,10,11,12,13,14,15,16,17,18,19,20,21,22,23,24,25,26,27,28,29,30,31,32,33,34,35,36,37,38,39,40,41,42,43,44,45,46,47,48,49,50,51,52,53,54,55,56,57,58,59,60,61,62,63,64,65,66,67,68,69,70,71,72,73,74,75,76,77,78,79,80,81,82,83,84,85,86,87,88,89,90,91,92,93,94,95,96,97,98,99
1.6811629732,-0.0000000000,-0.0000000000,-0.0000000000,0.0000000000,-0.0000000000,-0.0000000000,-0.0169938152,-0.0000000000,0.0000000000,-0.2976449359,0.0000000000,0.0000000000,-0.0000000000,-0.0676663208,-0.0917812693,0.0000000000,-0.0000000000,0.0000000000,0.0000000000,0.0000000000,0.0000000000,0.0000000000,0.0000000000,-0.1380612754,-0.0000000000,0.0000000000,-0.0000000000,-0.0000000000,0.0000000000,0.0000000000,-0.1922559877,-0.0942794449,0.0000000000,0.0000000000,0.0000000000,0.3129702735,-0.0000000000,-0.0000000000,-0.0000000000,-0.0000000000,-0.0000000000,-0.0000000000,0.0000000000,-0.0000000000,0.0246502589,0.0000000000,0.0000000000,-0.1319321603,0.0000000000,-0.5840541922,-0.0081853929,0.0000000000,0.0000000000,-0.0000000000,0.0000000000,-0.0486052395,-0.0000000000,0.0000000000,-0.0114681081,0.2200932473,-0.0000000000,-0.0019653680,0.0000000000,-0.0000000000,0.0000000000,-0.0731483365,0.0000000000,-0.0000000000,-0.0000000000,0.0000000000,-0.0000000000,0.0000000000,-0.0000000000,0.1301558510,-0.0000000000,0.0000000000,0.0000000000,0.0000000000,-0.0000000000,-0.0000000000,0.0000000000,0.0998554912,-0.0698371946,-0.0000000000,0.0000000000,0.0000000000,-0.0000000000,0.0000000000,0.0000000000,-0.0000000000,-0.0000000000,0.0000000000,0.0000000000,-0.0000000000,0.0000000000,0.0000000000,-0.0000000000,-0.1457631925,0.0000000000
-0.0000000000,3.9943602083,-0.8207816702,-0.0000000000,-0.2454866271,-0.0000000000,-0.0000000000,-0.2769554305,-0.0000000000,0.0000000000,0.0000000000,0.0000000000,-0.0000000000,0.0000000000,0.0000000000,-0.2614348361,0.0000000000,-0.0000000000,-0.0000000000,0.0000000000,0.0000000000,-0.0000000000,-0.0000000000,0.0513223218,0.0000000000,0.0000000000,0.0000000000,-0.0000000000,0.1839620027,-0.0000000000,0.0000000000,-0.0000000000,-0.0000000000,0.0000000000,0.0000000000,0.0000000000,0.0000000000,-0.0000000000,-0.0060856072,-0.0000000000,-0.0000000000,-0.0000000000,-0.0850107818,-0.0000000000,0.0000000000,-0.0000000000,-0.0559859363,-0.0000000000,-0.0000000000,-0.0000000000,0.0000000000,-1.7530035275,-0.0000000000,-0.0000000000,-0.0000000000,-0.0000000000,-0.5479482919,-0.0000000000,0.0000000000,0.0000000000,0.0000000000,-0.0000000000,-0.0561047514,0.0000000000,-0.0000000000,0.0000000000,0.0000000000,-0.0000000000,-0.0000000000,-0.0000000000,0.0000000000,-0.0000000000,0.0000000000,0.0171812049,-0.0000000000,0.0000000000,0.0000000000,0.0000000000,0.0000000000,-0.0000000000,0.0000000000,-0.0000000000,-0.0000000000,-0.0000000000,-0.0581569463,-0.0108056681,0.0000000000,-0.0000000000,-0.0000000000,-0.0000000000,0.0000000000,-0.0000000000,0.0000000000,-0.0000000000,-0.2226875217,-0.0000000000,-0.0000000000,0.0000000000,0.0000000000,0.0000000000
-0.0000000000,-0.8207816702,4.0492339929,0.0000000000,-0.0000000000,-0.1360855314,-0.0000000000,-0.1171954471,-0.4537913034,0.0000000000,-0.0000000000,0.0000000000,-0.0000000000,0.0000000000,0.0619264775,0.0000000000,0.0000000000,0.0000000000,0.0000000000,0.0000000000,0.0000000000,0.0000000000,0.0000000000,0.0000000000,0.0000000000,-0.0000000000,0.1655419921,-0.0000000000,0.0000000000,-0.4171082488,0.0000000000,-0.0000000000,-0.0000000000,0.0000000000,0.0072619182,0.0000000000,-0.0000000000,-0.0000000000,-0.0000000000,-0.0000000000,-0.0000000000,-0.0000000000,0.0000000000,-0.0000000000,0.3621684750,-0.0000000000,0.0000000000,0.0000000000,-0.0568766112,-0.0000000000,-0.0000000000,-0.1085455902,0.0217290178,0.0000000000,-0.9358081475,-1.0589316677,-0.0000000000,-0.0207070125,0.0000000000,0.0000000000,-0.0000000000,-0.0717541497,-0.0000000000,0.0000000000,-0.0000000000,0.3895012391,-0.0000000000,-0.0000000000,-0.0000000000,-0.0000000000,0.1149425876,-0.0000000000,0.0000000000,-0.0000000000,0.0000000000,-0.0000000000,-0.0000000000,0.0000000000,0.0000000000,-0.0000000000,-0.0000000000,-0.0000000000,0.0000000000,0.0000000000,-0.0000000000,-0.0000000000,-0.0000000000,-0.0000000000,-0.0000000000,-0.2400560543,0.0000000000,-0.0000000000,-0.0000000000,-0.0000000000,-0.0000000000,-0.0015486403,-0.0000000000,0.0000000000,-0.0000000000,-0.0000000000
-0.0000000000,-0.0000000000,0.0000000000,3.0237440277,-0.5087484458,0.0000000000,-0.5534152297,-0.3358004658,-0.0000000000,-0.0168789458,0.0000000000,-0.0000000000,-0.0000000000,-0.0000000000,0.0000000000,-0.0000000000,0.0000000000,0.0000000000,0.0000000000,-0.0000000000,-0.0000000000,-0.0000000000,0.0000000000,0.0000000000,-0.0000000000,-0.0000000000,-0.0000000000,-0.0000000000,-0.0000000000,-0.0566652147,0.2064309065,0.0000000000,0.0000000000,-0.0000000000,-0.0000000000,-0.0000000000,-0.0000000000,-0.0000000000,-0.0000000000,-0.0000000000,-0.0000000000,-0.0000000000,-0.0000000000,0.0000000000,-0.0000000000,-0.1965705879,-0.0000000000,0.0000000000,0.0000000000,-0.0000000000,0.1269378966,-0.0000000000,-0.0000000000,-1.0122190023,0.0000000000,0.0000000000,-0.0000000000,-0.3270597096,-0.0000000000,0.0000000000,0.0000000000,0.0000000000,0.2101870411,0.0000000000,0.0000000000,0.0000000000,-0.0000000000,-0.0000000000,0.0000000000,0.0000000000,-0.0000000000,0.0377603589,0.0056503942,-0.0000000000,-0.0000000000,0.0000000000,0.0000000000,0.0184197156,-0.0000000000,-0.0088060463,0.1208755715,-0.0000000000,-0.0000000000,-0.2049760767,-0.0163516172,-0.2738808938,0.0000000000,-0.0000000000,0.0000000000,-0.0000000000,0.0000000000,-0.0000000000,0.0000000000,0.0000000000,-0.0000000000,-0.0000000000,-0.0957178940,0.0000000000,0.1686985558,-0.0000000000
0.0000000000,-0.2454866271,-0.0000000000,-0.5087484458,4.4440994565,-0.0000000000,-0.2195915928,-0.0000000000,-0.9119800302,0.0000000000,0.0000000000,-0.0000000000,-0.0000000000,0.0000000000,0.0797597470,-0.0000000000,0.0000000000,-0.0000000000,0.0000000000,-0.0000000000,-0.0000000000,0.0000000000,-0.0000000000,0.2604059440,0.0000000000,0.0000000000,0.0000000000,0.0000000000,0.0000000000,-0.0000000000,0.0000000000,0.0000000000,0.0000000000,-0.0000000000,-0.0000000000,-0.0000000000,-0.0000000000,-0.0000000000,-0.0000000000,-0.0000000000,-0.0000000000,0.0000000000,-0.0000000000,0.0000000000,-0.0000000000,-0.0000000000,-0.0000000000,0.0000000000,-0.0000000000,-0.2144409161,0.0000000000,-0.0000000000,-0.1857663729,-0.9879026892,-0.5315408735,-0.0000000000,-0.0691255268,-0.8262464053,0.0000000000,0.0814022850,-0.0000000000,0.0000000000,-0.0000000000,0.0000000000,-0.0000000000,0.0000000000,-0.0000000000,-0.0000000000,0.0000000000,0.0000000000,0.0000000000,0.0000000000,0.0000000000,0.0000000000,-0.0000000000,0.0000000000,0.0000000000,0.0000000000,-0.0000000000,-0.0000000000,0.0000000000,-0.0000000000,-0.0000000000,-0.0000000000,-0.0000000000,-0.0000000000,-0.0000000000,0.0000000000,-0.0000000000,-0.0000000000,-0.0000000000,-0.0000000000,-0.0000000000,0.0000000000,0.0000000000,0.0000000000,-0.0000000000,0.0000000000,0.0000000000,-0.0000000000
-0.0000000000,-0.0000000000,-0.1360855314,0.0000000000,-0.0000000000,4.1345261341,-0.0000000000,-0.0000000000,-0.6381261449,0.0000000000,-0.0648075328,-0.0000000000,-0.0000000000,0.0000000000,-0.0000000000,0.0000000000,0.0000000000,0.0000000000,0.0000000000,-0.0000000000,-0.0000000000,0.0000000000,0.0000000000,0.0000000000,0.0000000000,-0.0000000000,0.0000000000,-0.0000000000,0.0000000000,-0.0000000000,0.0000000000,-0.0000000000,-0.0000000000,0.1090941467,0.0314766488,-0.0000000000,0.0000000000,-0.0000000000,-0.0481325664,-0.0000000000,-0.0000000000,0.0000000000,0.0000000000,-0.0000000000,0.0000000000,-0.0000000000,-0.0000000000,0.0000000000,-0.1786293041,-0.1019837768,-0.3566389862,-0.0000000000,0.0000000000,0.0000000000,-1.6556779740,-1.2866013236,-0.0000000000,-0.0000000000,0.0000000000,0.0000000000,-0.0000000000,-0.0000000000,-0.1445453960,0.0663942075,-0.0444297051,-0.0000000000,-0.0000000000,-0.0000000000,-0.0000000000,0.0000000000,-0.0000000000,0.0000000000,0.0000000000,0.0000000000,-0.0000000000,-0.0000000000,-0.0000000000,0.0000000000,0.0000000000,-0.0000000000,0.0000000000,-0.0000000000,0.0000000000,0.0000000000,-0.0000000000,0.0000000000,-0.0000000000,-0.0000000000,-0.0000000000,-0.0000000000,-0.0000000000,-0.0000000000,-0.0000000000,-0.0000000000,0.0000000000,-0.0000000000,-0.0000000000,0.0000000000,-0.0000000000,-0.0000000000
-0.0000000000,-0.0000000000,-0.0000000000,-0.5534152297,-0.2195915928,-0.0000000000,2.9022129832,-0.0000000000,-0.0000000000,-0.0015379437,-0.0000000000,-0.0000000000,0.0000000000,0.0000000000,-0.0000000000,-0.3483195864,-0.0000000000,-0.0000000000,-0.0000000000,-0.1453316862,-0.0000000000,-0.0000000000,0.0000000000,-0.0129688400,0.0000000000,-0.1838610846,-0.0000000000,-0.1331599705,-0.0000000000,-0.0215664569,0.0000000000,0.0000000000,-0.0000000000,-0.0000000000,-0.1036660484,-0.0000000000,0.0000000000,0.0000000000,-0.0000000000,-0.0000000000,-0.0000000000,-0.0300017426,-0.1230151700,0.0000000000,0.1347760268,-0.0000000000,-0.0000000000,0.0000000000,-0.3673155724,-0.0000000000,0.0000000000,-0.0000000000,-0.2101683414,-0.0000000000,-0.0000000000,-0.0000000000,-0.9423189539,-0.0000000000,-0.0000000000,0.0000000000,0.0000000000,0.0897935832,0.0591381579,0.1618816913,-0.1477512093,-0.0000000000,-0.2936805919,-0.0000000000,-0.0000000000,0.0000000000,-0.1506382593,0.0000000000,0.0000000000,-0.2110269024,-0.0803796014,-0.0000000000,-0.0000000000,0.0000000000,0.0000000000,0.0000000000,0.0000000000,0.0000000000,0.2368199196,-0.0000000000,-0.0000000000,0.0000000000,0.0000000000,-0.0000000000,-0.0000000000,-0.0000000000,-0.0000000000,-0.0604137834,-0.0000000000,-0.0000000000,-0.0000000000,-0.0000000000,-0.0000000000,0.0856716105,-0.0000000000,0.0000000000
-0.0169938152,-0.2769554305,-0.1171954471,-0.3358004658,-0.0000000000,-0.0000000000,-0.0000000000,3.8822291442,-0.1138500737,0.0528079508,0.0000000000,-0.0000000000,-0.0789228887,0.0000000000,0.0641877351,-0.0000000000,0.0000000000,-0.5011083713,-0.0000000000,0.0000000000,-0.0000000000,-0.0000000000,-0.0000000000,0.0000000000,-0.0000000000,-0.0000000000,0.0000000000,0.0000000000,0.0000000000,0.0000000000,0.0000000000,-0.0000000000,-0.0000000000,0.0000000000,0.0000000000,0.0000000000,0.3613693649,-0.0000000000,-0.0000000000,-0.0000000000,0.0000000000,-0.0000000000,-0.0000000000,0.0000000000,-0.0000000000,0.0000000000,0.0000000000,0.0000000000,-0.0000000000,-0.0000000000,0.0000000000,-0.0000000000,0.0000000000,-0.0000000000,-0.0000000000,-0.0000000000,-0.8321279884,-1.6227828567,0.0000000000,0.0000000000,0.0000000000,-0.0510811635,-0.0000000000,0.0000000000,-0.0000000000,0.0000000000,-0.0000000000,-0.0000000000,0.0000000000,-0.0000000000,0.0000000000,-0.0000000000,0.1987783819,0.0000000000,-0.0000000000,-0.0000000000,0.0000000000,0.0000000000,0.0000000000,0.0000000000,0.0000000000,0.0000000000,0.0000000000,0.0000000000,-0.0000000000,-0.0000000000,0.0000000000,0.0000000000,0.1251962365,0.0000000000,0.0000000000,-0.0000000000,0.0000000000,0.0000000000,-0.0000000000,-0.0000000000,0.0000000000,0.0088326827,0.0000000000,0.0000000000
-0.0000000000,-0.0000000000,-0.4537913034,-0.0000000000,-0.9119800302,-0.6381261449,-0.0000000000,-0.1138500737,5.0151069521,0.0000000000,0.0000000000,-0.0000000000,-0.0000000000,-0.0000000000,0.0000000000,0.0000000000,0.1065785673,-0.0000000000,0.0000000000,-0.0223572536,-0.0000000000,0.0000000000,0.0000000000,0.0000000000,-0.0000000000,-0.0000000000,0.0000000000,0.0000000000,0.0000000000,-0.0000000000,0.0000000000,-0.0000000000,-0.0000000000,0.0000000000,0.0000000000,-0.0000000000,0.0000000000,-0.0017264906,-0.0000000000,-0.0000000000,-0.0000000000,0.0000000000,0.0000000000,-0.0000000000,0.0000000000,-0.0000000000,-0.0000000000,0.0000000000,-0.0212696029,-0.2541139019,-0.0000000000,-0.0000000000,0.0000000000,-0.0000000000,-0.1932569609,-0.8897628279,-0.0000000000,-1.5696499004,-0.0000000000,0.0000000000,0.0000000000,0.0000000000,-0.0000000000,0.0000000000,-0.1605440021,-0.0000000000,-0.1785100977,-0.0000000000,0.0000000000,0.0000000000,0.0000000000,0.0000000000,0.0000000000,-0.0000000000,-0.0000000000,0.0000000000,0.0000000000,0.0000000000,-0.0000000000,-0.1594714951,0.0000000000,-0.0000000000,0.0000000000,0.0000000000,0.0000000000,0.0000000000,-0.0000000000,0.0000000000,-0.0000000000,-0.0000000000,-0.0000000000,-0.0645460273,-0.0000000000,-0.0000000000,0.0000000000,-0.0000000000,-0.0000000000,0.0000000000,-0.0000000000,-0.0000000000
0.0000000000,0.0000000000,0.0000000000,-0.0168789458,0.0000000000,0.0000000000,-0.0015379437,0.0528079508,0.0000000000,2.9152991453,-0.0000000000,-0.0000000000,0.0000000000,-0.1596830623,-0.3726366089,-0.0000000000,0.0000000000,0.1712743156,-0.0000000000,0.0000000000,-0.0000000000,-0.0000000000,0.1064152798,-0.2417127433,-0.3592435968,0.0000000000,0.0000000000,-0.0000000000,0.0000000000,-0.0000000000,-0.1149567818,0.0000000000,-0.0000000000,-0.0000000000,-0.0000000000,0.0000000000,-0.0000000000,-0.0000000000,-0.0000000000,-0.0000000000,0.0000000000,-0.0000000000,-0.0000000000,-0.0000000000,0.0000000000,-0.0000000000,-0.0000000000,0.0000000000,0.0000000000,0.0000000000,0.0222805289,0.0000000000,-0.0000000000,-0.0000000000,-0.0000000000,0.0000000000,0.0000000000,0.0000000000,-1.4222073477,-0.0000000000,0.0000000000,0.0162465406,0.0577934174,-0.0000000000,-0.0000000000,-0.0000000000,0.0000000000,-0.0000000000,-0.1465483970,0.0000000000,-0.0000000000,0.0000000000,-0.0000000000,-0.0212017450,-0.0443773507,-0.0000000000,-0.0000000000,-0.0000000000,-0.2096330633,-0.0000000000,0.0000000000,-0.0000000000,0.0000000000,-0.0309516804,-0.0000000000,-0.0000000000,-0.0000000000,-0.0000000000,0.0685617413,-0.0000000000,-0.2188651718,-0.3132626620,-0.0000000000,-0.2149012681,-0.0000000000,-0.0000000000,-0.0000000000,-0.0000000000,0.0328547221,-0.0000000000
-0.2976449359,0.0000000000,-0.0000000000,0.0000000000,0.0000000000,-0.0648075328,-0.0000000000,0.0000000000,0.0000000000,-0.0000000000,2.0588705604,-0.3239278770,0.0000000000,-0.1948636986,-0.1632872981,0.0738061186,0.0000000000,0.3640411487,-0.0000000000,0.1940094821,0.2630333167,-0.0000000000,0.0000000000,-0.0000000000,-0.0000000000,-0.0336380710,0.0000000000,-0.0319039525,0.0000000000,-0.0881819159,0.1090305317,0.0000000000,-0.0225947050,-0.0000000000,-0.0000000000,-0.0000000000,0.0000000000,0.0000000000,-0.0000000000,-0.1248987067,-0.0000000000,-0.0000000000,-0.0000000000,-0.2032303278,0.0000000000,-0.0000000000,-0.1026584349,-0.0000000000,-0.0000000000,-0.0000000000,-0.0023930055,0.0000000000,0.0000000000,0.1376200692,-0.0000000000,-0.0000000000,0.0000000000,0.0833273890,-0.0430648751,-0.4128878262,-0.0000000000,-0.0000000000,-0.0566508976,0.0000000000,-0.0000000000,0.0000000000,-0.0000000000,-0.0000000000,-0.0000000000,0.0956382790,0.0000000000,-0.0000000000,0.0000000000,-0.0143882211,0.0000000000,-0.0000000000,0.0618308069,-0.0113690687,0.2059953577,-0.0000000000,0.0000000000,-0.0000000000,0.0000000000,-0.0000000000,0.0000000000,-0.0000000000,-0.0000000000,-0.0000000000,0.0000000000,0.0000000000,-0.1556500314,-0.0000000000,-0.1626613287,-0.0000000000,0.0000000000,-0.0000000000,-0.0000000000,-0.0000000000,-0.1548391608,-0.0000000000
0.0000000000,0.0000000000,0.0000000000,-0.0000000000,-0.0000000000,-0.0000000000,-0.0000000000,-0.0000000000,-0.0000000000,-0.0000000000,-0.3239278770,2.8024130216,-0.2167215971,-0.0000000000,0.0000000000,0.1398564232,-0.0000000000,0.0000000000,-0.1698144258,0.0711088207,0.0000000000,-0.0000000000,0.0000000000,-0.4233851505,-0.0000000000,-0.0000000000,0.1344778524,0.0000000000,0.0000000000,-0.0000000000,0.0264059476,0.1264761197,-0.0000000000,-0.0000000000,0.0000000000,0.0000000000,0.0000000000,0.0000000000,0.0000000000,0.0000000000,0.0000000000,0.0000000000,0.0834497909,0.0000000000,0.0000000000,0.0000000000,0.0000000000,0.0000000000,-0.0000000000,0.0000000000,-0.0000000000,0.0487908374,-0.0000000000,-0.0000000000,0.0000000000,-0.0000000000,0.0000000000,0.0000000000,-0.6058178664,-0.0440673296,-0.9434360908,-0.0000000000,0.0000000000,0.0000000000,0.0000000000,0.0000000000,0.0000000000,-0.0000000000,-0.0000000000,0.0000000000,0.0000000000,0.0000000000,-0.2646582266,-0.0000000000,-0.0139882783,-0.5334971200,0.0000000000,-0.0000000000,0.0000000000,0.0000000000,0.0000000000,0.0000000000,0.0005252160,0.0000000000,0.0000000000,0.0000000000,-0.0000000000,0.0000000000,0.0000000000,0.0000000000,-0.0000000000,0.0000000000,-0.0000000000,0.0690557539,0.0243140620,0.0000000000,0.0000000000,0.0000000000,-0.0000000000,-0.0000000000
0.0000000000,-0.0000000000,-0.0000000000,-0.0000000000,-0.0000000000,-0.0000000000,0.0000000000,-0.0789228887,-0.0000000000,0.0000000000,0.0000000000,-0.2167215971,2.6949738473,-0.0000000000,0.1549652851,0.0000000000,-0.0000000000,-0.0000000000,-0.0000000000,0.2159479921,-0.0000000000,-0.0000000000,0.0000000000,0.0000000000,-0.0000000000,-0.0000000000,-0.0000000000,0.0000000000,0.0868375264,0.0000000000,0.0000000000,-0.0000000000,0.0684270931,0.0000000000,0.0000000000,0.0007048450,-0.0000000000,-0.0000000000,0.0000000000,0.0000000000,0.0970139960,0.2933904699,-0.0000000000,0.0000000000,0.0000000000,0.0000000000,0.0000000000,0.2000437888,0.0000000000,0.0000000000,-0.0000000000,-0.0000000000,-0.0000000000,-0.1463839117,-0.0000000000,-0.0000000000,0.0000000000,-0.1219957636,0.0000000000,0.0000000000,-0.2897977586,-1.4759909609,-0.0000000000,0.0000000000,0.0000000000,0.0000000000,0.0000000000,-0.0000000000,-0.1144788017,-0.0000000000,0.0000000000,-0.0000000000,0.0000000000,0.0000000000,-0.0000000000,0.0000000000,0.0000000000,0.0000000000,-0.2009934412,-0.0000000000,-0.0000000000,-0.0315399369,-0.0000000000,-0.0000000000,0.0000000000,-0.0000000000,-0.0000000000,-0.0000000000,0.0000000000,0.0000000000,0.0000000000,0.0000000000,0.2207249372,0.0000000000,0.0000000000,0.0000000000,0.0000000000,0.0000000000,0.1397103409,0.0000000000
-0.0000000000,0.0000000000,0.0000000000,-0.0000000000,0.0000000000,0.0000000000,0.0000000000,0.0000000000,-0.0000000000,-0.1596830623,-0.1948636986,-0.0000000000,-0.0000000000,2.0118863085,-0.0789231079,0.1543430416,0.0000000000,0.0000000000,-0.1783359967,0.1545684337,-0.0119676669,-0.0000000000,-0.0000000000,0.0000000000,-0.0000000000,-0.0000000000,-0.0000000000,-0.0933330740,0.0000000000,-0.0000000000,-0.0000000000,-0.0000000000,-0.0000000000,-0.1054495264,-0.0824999237,-0.0000000000,-0.0000000000,-0.1261081132,-0.0000000000,-0.0000000000,0.0000000000,0.0322919696,-0.0000000000,-0.0000000000,-0.0000000000,-0.0000000000,-0.0000000000,-0.0000000000,0.0000000000,0.0000000000,-0.0000000000,0.0334743373,0.0290408342,-0.0000000000,0.0000000000,0.0000000000,0.0000000000,0.0000000000,-0.0000000000,-0.0000000000,-0.0000000000,-0.0000000000,-0.2550166713,-0.6562441378,-0.3605029380,-0.0000000000,0.0000000000,-0.0000000000,-0.0109906124,0.0000000000,0.0000000000,0.0000000000,-0.0000000000,-0.0000000000,0.0000000000,0.0000000000,0.0000000000,-0.0000000000,-0.0000000000,-0.0000000000,0.0850464063,-0.0000000000,-0.0000000000,-0.0000000000,0.0771136048,-0.0000000000,-0.0608463967,-0.0000000000,0.0842714322,0.0000000000,-0.1611228559,-0.1632488522,-0.0000000000,0.0936800940,-0.0000000000,0.0000000000,-0.0000000000,-0.0000000000,0.0000000000,0.0000000000
-0.0676663208,0.0000000000,0.0619264775,0.0000000000,0.0797597470,-0.0000000000,-0.0000000000,0.0641877351,0.0000000000,-0.3726366089,-0.1632872981,0.0000000000,0.1549652851,-0.0789231079,3.0689747026,-0.0000000000,0.0000000000,0.0000000000,-0.0000000000,-0.0000000000,-0.1481935972,0.0000000000,0.0000000000,-0.0000000000,-0.0000000000,-0.1280283524,-0.0000000000,-0.0000000000,-0.0000000000,0.0000000000,-0.0000000000,0.0000000000,-0.0000000000,0.0000000000,0.0000000000,-0.0000000000,0.0000000000,-0.0000000000,-0.0382247864,-0.0000000000,-0.0000000000,-0.0000000000,-0.0030059500,-0.0000000000,0.0000000000,-0.0000000000,0.0000000000,0.0000000000,-0.0000000000,0.0000000000,-0.0000000000,0.1135565498,-0.0000000000,0.0000000000,0.0000000000,0.0000000000,0.0000000000,0.0000000000,-0.0000000000,-0.0492212938,0.1061184442,0.0694088589,-0.0000000000,-0.0000000000,-0.0000000000,-1.8675264753,0.0000000000,-0.0000000000,-0.0000000000,0.0000000000,-0.0294293195,0.0000000000,-0.0000000000,-0.0000000000,-0.0000000000,-0.0000000000,-0.0000000000,-0.3157695441,-0.0000000000,-0.0000000000,-0.0000000000,0.0000000000,0.0985537157,0.0000000000,0.0000000000,0.0000000000,-0.0000000000,-0.0000000000,0.0000000000,-0.0000000000,-0.0000000000,-0.0024259693,-0.0201364673,-0.0000000000,-0.0000000000,-0.0000000000,0.0000000000,0.0000000000,-0.0000000000,-0.0000000000
-0.0917812693,-0.2614348361,0.0000000000,-0.0000000000,-0.0000000000,0.0000000000,-0.3483195864,-0.0000000000,0.0000000000,-0.0000000000,0.0738061186,0.1398564232,0.0000000000,0.1543430416,-0.0000000000,2.7041021198,-0.0000000000,-0.5524064683,-0.0000000000,-0.0715021064,-0.0000000000,-0.0000000000,0.0000000000,0.0000000000,0.0000000000,0.0000000000,-0.0000000000,0.0000000000,0.0404041902,0.0000000000,-0.2134189921,-0.0000000000,-0.0320087934,-0.0000000000,-0.1870790431,-0.0000000000,0.0777824800,-0.0000000000,-0.0000000000,-0.0000000000,-0.0000000000,-0.0736102968,-0.1005856899,0.0000000000,-0.0000000000,0.0000000000,-0.0000000000,0.0000000000,-0.0664818987,-0.0000000000,-0.0000000000,-0.0000000000,-0.7167333740,-0.0000000000,0.0000000000,0.0000000000,-0.1458900778,0.0000000000,0.0000000000,0.0000000000,0.0000000000,0.0014588326,0.0027362436,0.0000000000,-0.0000000000,-0.0000000000,0.0000000000,-0.0000000000,-0.0000000000,-0.0000000000,-0.0000000000,-0.0000000000,0.0000000000,0.0345082885,-0.0000000000,0.0000000000,0.0000000000,0.0000000000,0.0000000000,-0.0000000000,-0.0000000000,0.0000000000,0.0000000000,-0.0000000000,-0.0000000000,0.0000000000,0.1493702835,0.0000000000,0.0000000000,0.0000000000,0.0581850706,-0.0000000000,0.0236148488,-0.0946896798,-0.0066904838,-0.0000000000,0.2583368684,0.1038038377,0.0000000000,0.0000000000
0.0000000000,0.0000000000,0.0000000000,0.0000000000,0.0000000000,0.0000000000,-0.0000000000,0.0000000000,0.1065785673,0.0000000000,0.0000000000,-0.0000000000,-0.0000000000,0.0000000000,0.0000000000,-0.0000000000,3.1064390006,-0.0000000000,-0.1999430060,-0.0000000000,-0.0000000000,-0.5789705048,-0.4620477912,-0.1460739189,-0.0000000000,-0.0000000000,-0.0000000000,-0.0000000000,-0.0000000000,-0.0090206497,-0.0000000000,0.0000000000,0.0000000000,-0.0000000000,-0.1371980836,-0.0000000000,-0.0132274096,0.0000000000,0.0310474880,0.0164525788,0.0000000000,-0.0000000000,-0.0000000000,0.3193581172,-0.0000000000,0.1628726037,0.0000000000,-0.0000000000,0.0000000000,0.0000000000,-0.0000000000,0.1546708616,-0.0000000000,0.0000000000,0.0000000000,0.0000000000,0.0000000000,0.2067839684,0.0000000000,0.0000000000,-0.0000000000,-0.0000000000,-0.0000000000,-0.0000000000,0.0000000000,0.0000000000,0.0000000000,-0.0000000000,-0.1904974683,-0.0045059678,-0.0000000000,-0.0000000000,-0.0947241338,0.0000000000,-0.4161189174,-0.1960751603,-0.0564843407,-0.0000000000,0.0000000000,0.0000000000,-0.4179480006,0.0000000000,-0.0000000000,-0.0000000000,-0.0000000000,0.0000000000,-0.0000000000,0.0000000000,-0.0000000000,0.0000000000,-0.0000000000,0.0000000000,0.1062321596,-0.0000000000,-0.0000000000,0.0000000000,0.1011115881,-0.0000000000,0.0000000000,0.0000000000
-0.0000000000,-0.0000000000,0.0000000000,0.0000000000,-0.0000000000,0.0000000000,-0.0000000000,-0.5011083713,-0.0000000000,0.1712743156,0.3640411487,0.0000000000,-0.0000000000,0.0000000000,0.0000000000,-0.5524064683,-0.0000000000,3.5267893531,-0.3901384648,-0.1233241681,-0.0000000000,-0.1369173956,-0.6100914824,0.0000000000,-0.0000000000,0.0000000000,0.0000000000,0.0439111042,0.0000000000,0.0999379241,-0.0000000000,-0.0000000000,-0.0000000000,-0.0000000000,-0.1157083304,0.0000000000,0.0000000000,-0.1863012682,0.0000000000,0.0000000000,0.0000000000,0.0000000000,-0.0584461833,0.0000000000,-0.0000000000,0.0000000000,0.0000000000,-0.0000000000,-0.0000000000,0.0000000000,-0.0000000000,-0.0000000000,-0.1876588149,-0.0000000000,0.0000000000,0.0000000000,-0.3201123783,-0.0000000000,0.0000000000,0.0000000000,0.0000000000,0.0000000000,-0.0000000000,0.0000000000,0.0000000000,0.0000000000,-0.0000000000,0.0000000000,0.0000000000,-0.7939166264,-0.0000000000,0.0000000000,-0.0000000000,0.0000000000,0.0000000000,0.0000000000,0.0000000000,0.0000000000,0.0000000000,-0.0000000000,0.0000000000,0.0000000000,0.0000000000,0.0000000000,0.0000000000,0.0000000000,0.0172085494,0.3130077680,0.0000000000,0.0000000000,-0.0000000000,-0.0000000000,0.0000000000,0.0000000000,-0.0000000000,0.0000000000,0.0278005252,0.0000000000,0.0000000000,0.0931051625
0.0000000000,-0.0000000000,0.0000000000,0.0000000000,0.0000000000,0.0000000000,-0.0000000000,-0.0000000000,0.0000000000,-0.0000000000,-0.0000000000,-0.1698144258,-0.0000000000,-0.1783359967,-0.0000000000,-0.0000000000,-0.1999430060,-0.3901384648,2.5474254098,0.0000000000,-0.1688032387,-0.4988224269,-0.1217449658,0.0000000000,0.0000000000,-0.0000000000,0.0000000000,0.0000000000,0.0747661705,0.0000000000,-0.0829237148,0.0000000000,-0.0000000000,-0.0000000000,-0.1728403460,0.0000000000,0.0000000000,-0.0000000000,0.0000000000,0.0000000000,0.0000000000,0.0000000000,-0.0000000000,-0.0000000000,-0.0000000000,0.0000000000,0.0000000000,-0.0000000000,-0.0000000000,0.0000000000,0.0000000000,0.0000000000,-0.0000000000,0.0000000000,0.0000000000,0.0529116451,-0.1085298788,0.0000000000,-0.0000000000,0.0000000000,-0.0000000000,-0.0000000000,-0.0000000000,-0.1825884493,-0.1336935547,-0.0000000000,0.0000000000,-0.0932723710,-0.2306313706,-0.1899931386,-0.0000000000,-0.0000000000,-0.4993249477,-0.0000000000,-0.0000000000,-0.0000000000,0.3048977104,-0.0229288777,0.0000000000,0.0870175707,0.0000000000,0.1826213881,0.0015879316,0.1506892853,0.0000000000,0.0000000000,0.0000000000,0.0000000000,0.0000000000,0.0000000000,-0.0000000000,-0.0000000000,-0.2663207307,0.0775755667,-0.0606033290,0.0000000000,0.0000000000,-0.0000000000,0.0000000000,0.0000000000
0.0000000000,0.0000000000,0.0000000000,-0.0000000000,-0.0000000000,-0.0000000000,-0.1453316862,0.0000000000,-0.0223572536,0.0000000000,0.1940094821,0.0711088207,0.2159479921,0.1545684337,-0.0000000000,-0.0715021064,-0.0000000000,-0.1233241681,0.0000000000,2.6516090786,-0.4742754637,0.0000000000,-0.0000000000,0.0000000000,0.0000000000,0.0502852085,-0.0000000000,0.0000000000,-0.1651609509,0.0009489733,-0.0000000000,-0.0000000000,-0.0000000000,-0.0000000000,-0.0998439908,-0.2935261086,0.0000000000,0.0948244597,0.0000000000,0.0000000000,-0.7352848900,-0.0000000000,0.0000000000,0.0000000000,-0.0000000000,-0.0000000000,-0.0000000000,-0.0000000000,-0.0000000000,-0.0828707344,0.0000000000,0.0000000000,-0.1111765391,-0.0000000000,0.0000000000,-0.0000000000,-0.0000000000,-0.0000000000,0.0000000000,0.0000000000,0.0783599622,0.0882055346,0.0000000000,0.0000000000,-0.0336334082,-0.0000000000,-0.0371272470,-0.0000000000,0.0000000000,0.0000000000,-0.6167556399,0.3708897424,-0.0000000000,0.0000000000,-0.0000000000,0.0000000000,-0.0000000000,0.0000000000,0.0000000000,-0.0000000000,0.0000000000,0.0000000000,0.0000000000,0.0765986563,-0.0000000000,0.0000000000,0.0000000000,0.1354473175,-0.3788989052,-0.0000000000,0.0000000000,-0.0000000000,0.0000000000,-0.0000000000,0.0000000000,0.0000000000,0.0000000000,0.0000000000,0.0000000000,-0.0000000000
0.0000000000,0.0000000000,0.0000000000,-0.0000000000,-0.0000000000,-0.0000000000,-0.0000000000,-0.0000000000,-0.0000000000,-0.0000000000,0.2630333167,0.0000000000,-0.0000000000,-0.0119676669,-0.1481935972,-0.0000000000,-0.0000000000,-0.0000000000,-0.1688032387,-0.4742754637,2.8210211301,0.0000000000,0.0000000000,0.0000000000,-0.0248947915,0.0000000000,-0.0000000000,0.0876232650,-0.3729787629,0.0260994234,-0.0000000000,-0.0000000000,-0.0000000000,0.0000000000,-0.0000000000,0.0000000000,0.0000000000,0.0000000000,0.0000000000,0.3151138270,0.0000000000,0.0000000000,0.0092718919,0.0000000000,-0.0000000000,-0.0000000000,0.0000000000,0.0000000000,0.0000000000,0.0000000000,0.0000000000,-0.0000000000,-0.0000000000,-0.2713590380,-0.0000000000,0.0000000000,-0.0000000000,-0.0000000000,-0.0815089646,0.0000000000,0.0000000000,-0.0000000000,-0.0000000000,-0.0000000000,-0.1520282964,-0.2499920421,0.0000000000,-0.3216052513,0.0000000000,-0.0000000000,-0.5279621963,0.0000000000,-0.0007720174,0.0000000000,-0.6985552602,-0.0000000000,-0.0000000000,-0.0000000000,-0.0520175427,-0.1749619914,0.0000000000,0.0241483168,-0.0000000000,0.0000000000,-0.0000000000,-0.0000000000,0.0000000000,0.0000000000,0.0000000000,-0.0000000000,-0.0000000000,-0.0000000000,-0.0000000000,-0.0000000000,-0.0610389772,0.0000000000,-0.0000000000,0.0000000000,0.2391805235,0.0000000000
0.0000000000,-0.0000000000,0.0000000000,-0.0000000000,0.0000000000,0.0000000000,-0.0000000000,-0.0000000000,0.0000000000,-0.0000000000,-0.0000000000,-0.0000000000,-0.0000000000,-0.0000000000,0.0000000000,-0.0000000000,-0.5789705048,-0.1369173956,-0.4988224269,0.0000000000,0.0000000000,2.8236576117,-0.2603452294,-0.0000000000,-0.2551765595,-0.2880583719,0.0000000000,-0.0000000000,0.0000000000,-0.1936559146,-0.0000000000,-0.0000000000,-0.0000000000,-0.1402390748,-0.0996187995,0.0000000000,0.0000000000,-0.0000000000,0.0000000000,0.0000000000,0.0000000000,-0.0376351100,-0.2097957679,-0.0000000000,-0.0000000000,0.0000000000,0.0000000000,-0.0080834399,-0.0000000000,0.0000000000,-0.0000000000,0.0000000000,0.0000000000,0.0000000000,0.0000000000,0.0000000000,-0.0000000000,0.0000000000,-0.0000000000,0.0000000000,-0.0000000000,-0.0000000000,-0.0000000000,0.0000000000,0.0000000000,0.0710263380,-0.0000000000,-0.0000000000,-0.0000000000,-0.0000000000,0.0000000000,-0.4565516589,-0.0000000000,-0.0000000000,-0.0000000000,-0.0000000000,0.0000000000,-0.0000000000,-0.0000000000,0.0738563493,-0.0000000000,0.0000000000,0.0000000000,-0.1657108967,0.0925424450,-0.0000000000,-0.0000000000,0.0000000000,0.0479052184,0.1944146221,-0.0000000000,0.0000000000,0.0000000000,0.0000000000,-0.0000000000,0.0000000000,0.0000000000,-0.0000000000,0.0000000000,0.5481303194
0.0000000000,-0.0000000000,0.0000000000,0.0000000000,-0.0000000000,0.0000000000,0.0000000000,-0.0000000000,0.0000000000,0.1064152798,0.0000000000,0.0000000000,0.0000000000,-0.0000000000,0.0000000000,0.0000000000,-0.4620477912,-0.6100914824,-0.1217449658,-0.0000000000,0.0000000000,-0.2603452294,2.4058150829,-0.0000000000,-0.0000000000,-0.1542671296,-0.0000000000,-0.0000000000,0.0000000000,-0.0848270419,0.0000000000,-0.0000000000,0.0000000000,0.0000000000,-0.0000000000,0.0000000000,0.0000000000,-0.1284668849,0.0000000000,0.0000000000,0.0000000000,-0.0000000000,-0.0000000000,0.0000000000,-0.0320409508,0.0000000000,0.0000000000,-0.3687557870,0.0000000000,0.0000000000,-0.0000000000,-0.0000000000,0.0000000000,0.0590791724,0.0000000000,0.0000000000,-0.0000000000,0.0000000000,0.1001897078,0.0540402940,0.0000000000,0.2068449684,-0.1381306396,0.0000000000,0.0000000000,0.1170075204,-0.0000000000,0.0000000000,0.0000000000,-0.2087067533,-0.0000000000,-0.0000000000,-0.2026851682,-0.0000000000,0.0000000000,-0.0000000000,-0.0000000000,-0.3972012730,0.1234280977,0.0151268898,-0.0000000000,0.0000000000,-0.0000000000,0.0000000000,-0.0000000000,0.0000000000,0.0000000000,0.0000000000,-0.0000000000,0.0000000000,-0.0000000000,0.0000000000,0.0000000000,0.0181352245,-0.0000000000,0.0000000000,0.0000000000,-0.1089209924,0.0000000000,0.0247939459
0.0000000000,0.0513223218,0.0000000000,0.0000000000,0.2604059440,0.0000000000,-0.0129688400,0.0000000000,0.0000000000,-0.2417127433,-0.0000000000,-0.4233851505,0.0000000000,0.0000000000,-0.0000000000,0.0000000000,-0.1460739189,0.0000000000,0.0000000000,0.0000000000,0.0000000000,-0.0000000000,-0.0000000000,2.9665236423,-0.0062228959,-0.1051428545,-0.0000000000,-0.0249734553,-0.1546750263,-0.0000000000,0.0000000000,-0.1404722216,-0.0000000000,0.0000000000,-0.0000000000,0.0000000000,-0.0000000000,-0.0000000000,0.0000000000,0.0000000000,0.0000000000,-0.0513098501,-0.0000000000,0.0000000000,0.2317198931,0.0000000000,0.0000000000,-0.0000000000,0.0000000000,0.0000000000,-0.0000000000,0.0000000000,0.0000000000,0.1729765705,0.0392059738,-0.0000000000,0.0000000000,0.0638463486,-0.0755367529,-0.0000000000,-0.0000000000,0.0000000000,0.4721284031,0.0000000000,0.0000000000,-0.0000000000,0.0000000000,0.0000000000,0.0000000000,-0.0000000000,-0.1002071723,0.0000000000,-0.0000000000,-0.1581574591,-0.6660603028,-0.3800360938,-0.3936834863,-0.0000000000,0.0000000000,-0.0000000000,-0.0000000000,0.0320627379,0.0000000000,0.0000000000,0.0000000000,0.0000000000,-0.0000000000,0.0000000000,0.0000000000,0.0000000000,-0.0172336754,-0.0000000000,-0.0000000000,-0.0000000000,-0.0000000000,0.0000000000,0.0000000000,0.0000000000,0.0000000000,0.0000000000
-0.1380612754,0.0000000000,0.0000000000,-0.0000000000,0.0000000000,0.0000000000,0.0000000000,-0.0000000000,-0.0000000000,-0.3592435968,-0.0000000000,-0.0000000000,-0.0000000000,-0.0000000000,-0.0000000000,0.0000000000,-0.0000000000,-0.0000000000,0.0000000000,0.0000000000,-0.0248947915,-0.2551765595,-0.0000000000,-0.0062228959,1.7591501425,-0.0000000000,0.1634312798,0.0000000000,-0.1278774616,-0.1358750255,-0.0692232406,-0.0141484255,-0.0000000000,0.0000000000,0.0616273466,0.0000000000,-0.0000000000,-0.2768512127,-0.0000000000,0.0000000000,0.0000000000,-0.1106864563,0.0000000000,0.0000000000,-0.0000000000,0.0000000000,0.0035941738,0.0000000000,-0.0000000000,0.0000000000,-0.0988944389,-0.0000000000,0.0000000000,-0.0000000000,-0.0000000000,0.0000000000,0.0000000000,0.0000000000,-0.2824909950,-0.0000000000,0.0000000000,-0.0866724919,-0.0000000000,0.0000000000,0.0410639155,-0.0000000000,0.0000000000,0.0000000000,0.0000000000,-0.0000000000,-0.0000000000,-0.0000000000,-0.0000000000,-0.0000000000,-0.0000000000,-0.1644546048,-0.0000000000,-0.0000000000,-0.0000000000,-0.1360462300,-0.0000000000,0.0000000000,0.0000000000,-0.0000000000,0.0000000000,-0.0000000000,-0.0000000000,0.0000000000,0.1045138857,0.0843041322,-0.0000000000,-0.0000000000,0.0000000000,-0.1981624624,-0.0000000000,0.0000000000,0.0000000000,0.0000000000,0.0000000000,0.0000000000
-0.0000000000,0.0000000000,-0.0000000000,-0.0000000000,0.0000000000,-0.0000000000,-0.1838610846,-0.0000000000,-0.0000000000,0.0000000000,-0.0336380710,-0.0000000000,-0.0000000000,-0.0000000000,-0.1280283524,0.0000000000,-0.0000000000,0.0000000000,-0.0000000000,0.0502852085,0.0000000000,-0.2880583719,-0.1542671296,-0.1051428545,-0.0000000000,3.2742539082,-0.0000000000,-0.1251850434,-0.0000000000,-0.0622842470,0.0475361918,0.0000000000,-0.0000000000,0.0000000000,0.1482736182,0.0000000000,0.0000000000,-0.0000000000,-0.0000000000,-0.0000000000,0.0000000000,-0.0130737039,-0.0000000000,0.0000000000,0.1168694613,0.0000000000,0.4225558979,0.0000000000,-0.0000000000,0.0000000000,-0.1537008483,0.0000000000,0.0000000000,0.0000000000,-0.0000000000,-0.0000000000,-0.0000000000,-0.0000000000,0.0000000000,-0.0000000000,0.0000000000,-0.0000000000,0.0000000000,0.1123721971,0.0000000000,-0.0000000000,-0.0000000000,0.0000000000,-0.0000000000,-0.0000000000,-0.0000000000,-0.0000000000,0.0000000000,-0.1317943606,-0.0000000000,-1.4643471927,-0.0000000000,-0.1724400378,0.3154429688,0.0788404144,-0.0516457888,0.0000000000,0.1085136378,0.0000000000,-0.0000000000,0.0000000000,-0.0000000000,-0.0000000000,0.0000000000,-0.0000000000,0.0000000000,0.0000000000,0.0000000000,0.0000000000,-0.0000000000,0.0000000000,0.0000000000,0.0000000000,-0.0000000000,0.0000000000
0.0000000000,0.0000000000,0.1655419921,-0.0000000000,0.0000000000,0.0000000000,-0.0000000000,0.0000000000,0.0000000000,0.0000000000,0.0000000000,0.1344778524,-0.0000000000,-0.0000000000,-0.0000000000,-0.0000000000,-0.0000000000,0.0000000000,0.0000000000,-0.0000000000,-0.0000000000,0.0000000000,-0.0000000000,-0.0000000000,0.1634312798,-0.0000000000,1.9585516775,-0.5621980268,-0.0000000000,0.0000000000,0.0252255174,-0.0000000000,-0.0000000000,0.6546182346,-0.1761186132,0.0000000000,-0.0000000000,0.0163669476,0.0000000000,-0.0000000000,0.0000000000,-0.0000000000,-0.0000000000,-0.0000000000,-0.2704755020,-0.0000000000,0.0000000000,0.0000000000,0.0000000000,0.0000000000,-0.0000000000,0.0000000000,-0.0000000000,-0.0000000000,-0.0000000000,0.0000000000,0.0000000000,0.0000000000,0.0000000000,-0.0000000000,0.0000000000,0.0161912467,-0.0000000000,0.1007659381,0.0000000000,-0.0000000000,0.0000000000,0.0000000000,0.0076259604,0.0276587368,-0.3026513919,0.0000000000,0.0000000000,0.0000000000,-0.0000000000,0.0000000000,-0.0000000000,-0.0000000000,0.0000000000,-0.0292489323,-0.0000000000,0.0775449739,-0.0000000000,-0.0000000000,-0.5810554657,0.0434394071,-0.0000000000,-0.0000000000,0.0000000000,0.0000000000,0.0000000000,0.0000000000,0.0000000000,0.0000000000,0.0000000000,-0.0000000000,-0.0000000000,-0.0000000000,0.0769389814,0.0021408792
-0.0000000000,-0.0000000000,-0.0000000000,-0.0000000000,0.0000000000,-0.0000000000,-0.1331599705,0.0000000000,0.0000000000,-0.0000000000,-0.0319039525,0.0000000000,0.0000000000,-0.0933330740,-0.0000000000,0.0000000000,-0.0000000000,0.0439111042,0.0000000000,0.0000000000,0.0876232650,-0.0000000000,-0.0000000000,-0.0249734553,0.0000000000,-0.1251850434,-0.5621980268,1.9727123518,-0.0000000000,-0.4560733000,0.0268644835,-0.0000000000,0.0000000000,0.0000000000,-0.0000000000,-0.0000000000,-0.0000000000,0.0000000000,0.0000000000,-0.0000000000,0.0000000000,-0.0817082696,-0.1929886282,-0.0000000000,0.0000000000,-0.0278615912,-0.0000000000,-0.0788594673,-0.0000000000,0.0000000000,-0.0000000000,0.0000000000,0.1342332039,0.0000000000,-0.0000000000,-0.0000000000,0.0000000000,0.0841320781,0.0000000000,0.0000000000,0.0692687270,0.0000000000,-0.0000000000,0.0000000000,-0.0000000000,0.0790676260,-0.0000000000,0.0000000000,-0.0000000000,0.0000000000,0.0000000000,-0.0000000000,0.0000000000,-0.0250811053,0.0000000000,-0.0000000000,-0.3688278549,-0.0000000000,0.0604377889,-0.0000000000,-0.0000000000,0.0000000000,0.0000000000,-0.0649552795,-0.0222215938,-0.0000000000,-0.0000000000,-0.4273859961,0.0000000000,-0.0000000000,0.0000000000,0.0000000000,0.0000000000,-0.0000000000,-0.1232155524,-0.0000000000,-0.0000000000,-0.0124986408,-0.0000000000,0.0188135174
-0.0000000000,0.1839620027,0.0000000000,-0.0000000000,0.0000000000,0.0000000000,-0.0000000000,0.0000000000,0.0000000000,0.0000000000,0.0000000000,0.0000000000,0.0868375264,0.0000000000,-0.0000000000,0.0404041902,-0.0000000000,0.0000000000,0.0747661705,-0.1651609509,-0.3729787629,0.0000000000,0.0000000000,-0.1546750263,-0.1278774616,-0.0000000000,-0.0000000000,-0.0000000000,2.8613732829,-0.0000000000,0.1137049326,-0.0000000000,0.0000000000,0.0000000000,0.0766814946,-0.0000000000,-0.0814213944,0.0000000000,0.0000000000,0.0000000000,-0.0000000000,-0.0000000000,0.0000000000,0.2106656073,0.0000000000,0.0000000000,0.0000000000,-0.0000000000,0.0000000000,0.0000000000,-0.0000000000,0.0000000000,0.0000000000,0.0000000000,0.0000000000,0.0000000000,0.0000000000,0.0000000000,-0.0000000000,-0.0000000000,0.0000000000,0.0000000000,0.0162221488,0.0000000000,0.0000000000,-0.0000000000,-0.0972754216,0.0000000000,0.0003462287,0.0178177375,-0.5474936682,0.0000000000,-0.0000000000,-0.1025728855,-0.0000000000,-0.0000000000,-1.1306545341,-0.0000000000,0.0000000000,-0.0000000000,-0.0000000000,0.0000000000,-0.0000000000,-0.0000000000,-0.2225897822,-0.0000000000,-0.0000000000,-0.0000000000,-0.2672581885,-0.0000000000,0.0000000000,0.0000000000,0.0000000000,-0.0611935366,-0.0000000000,0.0000000000,-0.0000000000,0.0000000000,-0.0000000000,0.0000000000
