0,1,2,3,4,5,6,7,8,9,10,11,12,13,14,15,16,17,18,19,20,21,22,23,24,25,26,27,28,29,30,31,32,33,34,35,36,37,38,39,40,41,42,43,44,45,46,47,48,49,50,51,52,53,54,55,56,57,58,59,60,61,62,63,64,65,66,67,68,69,70,71,72,73,74,75,76,77,78,79,80,81,82,83,84,85,86,87,88,89,90,91,92,93,94,95,96,97,98,99
2.5831672578,-0.0303680367,-0.0503145385,-0.0000000000,0.0000000000,-0.0236367721,-0.0000000000,0.0000000000,0.0000000000,0.0000000000,0.0000000000,-0.0000000000,-0.0000000000,-0.0000000000,0.0000000000,-0.2422119870,-0.0000000000,0.0544099176,0.0000000000,0.0000000000,0.0000000000,0.0000000000,0.0478269530,0.0284218349,0.0000000000,-0.0483804395,0.0000000000,0.0000000000,-0.0000000000,0.0000000000,-0.4375845976,-0.0000000000,0.0000000000,-0.0000000000,0.0000000000,0.0000000000,0.0000000000,0.0000000000,-0.0000000000,0.0000000000,0.0000000000,0.3061124429,-0.0000000000,0.0000000000,0.0000000000,0.0000000000,-0.0000000000,0.0000000000,0.0000000000,-0.0000000000,-0.7356819221,-0.6213056745,-0.3176825823,0.0000000000,-0.1227863474,-0.0000000000,0.0000000000,0.0000000000,0.2699785255,0.0000000000,-0.0000000000,0.0000000000,0.1542771089,0.0000000000,-0.0000000000,0.0000000000,-0.0000000000,0.0000000000,0.0000000000,0.0000000000,0.0000000000,0.0000000000,0.0000000000,-0.0000000000,0.0377793453,-0.0000000000,-0.0000000000,-0.0000000000,0.0000000000,-0.0327430760,0.0000000000,0.0000000000,0.0821752906,0.0126775982,0.0000000000,0.0000000000,0.0000000000,0.0599518722,0.0000000000,0.0675298691,0.0000000000,-0.1700930679,-0.0000000000,0.0000000000,0.0000000000,0.1707292118,0.0000000000,0.0000000000,-0.0000000000,-0.0000000000
-0.0303680367,2.6098404978,-0.6724268067,-0.7325451699,-0.0569809083,-0.0000000000,-0.0000000000,0.0000000000,-0.0000000000,-0.0000000000,0.0000000000,-0.0000000000,0.0000000000,-0.0000000000,-0.0000000000,-0.0133377809,0.0000000000,0.0000000000,0.0000000000,-0.0112835965,-0.0000000000,0.0000000000,-0.0000000000,0.0000000000,-0.0000000000,-0.0000000000,-0.0000000000,0.0000000000,-0.0000000000,-0.0000000000,-0.0246685885,-0.0000000000,-0.3137438509,-0.0000000000,0.0000000000,0.0000000000,-0.0000000000,-0.1583487194,-0.0888076609,0.0000000000,0.0000000000,0.0828376279,0.0000000000,0.0000000000,0.0000000000,0.0000000000,-0.0000000000,-0.0000000000,0.0000000000,-0.0000000000,-0.0000000000,-0.3262636523,-0.0765323585,-0.0000000000,-0.3299741435,-0.0000000000,-0.0000000000,-0.0000000000,0.0000000000,0.0835879391,0.0000000000,0.0000000000,0.0000000000,0.0000000000,-0.0000000000,-0.1305042041,-0.0000000000,0.0000000000,-0.0000000000,-0.0000000000,-0.0000000000,0.0370056656,-0.1913606132,0.0000000000,0.0000000000,0.0000000000,-0.0000000000,-0.0000000000,0.0000000000,-0.0000000000,-0.0000000000,-0.0000000000,0.0000000000,0.0000000000,-0.3300870043,-0.0000000000,-0.0000000000,0.0730629096,-0.0000000000,-0.0000000000,0.0000000000,-0.0000000000,-0.0000000000,0.0000000000,0.0000000000,0.0000000000,-0.0000000000,-0.0000000000,-0.0000000000,-0.0000000000
-0.0503145385,-0.6724268067,3.4213792831,-0.0000000000,-0.0000000000,-0.0000000000,-0.0000000000,-0.2607620408,-0.4154132230,-0.0000000000,-0.0000000000,-0.1952173558,-0.0000000000,0.0000000000,-0.0000000000,-0.0000000000,0.0000000000,-0.0000000000,0.0000000000,-0.0000000000,0.0000000000,0.0000000000,-0.0000000000,0.0000000000,-0.0000000000,-0.2674997254,-0.0000000000,0.1443456319,-0.0000000000,-0.0000000000,-0.0000000000,0.0505036229,0.0000000000,-0.0000000000,0.0000000000,-0.0000000000,0.0000000000,0.0000000000,-0.0000000000,0.0000000000,0.0000000000,0.0000000000,-0.1167928195,0.0000000000,0.0000000000,0.0518598952,-0.0000000000,0.0000000000,0.0000000000,0.0000000000,-0.0288831467,-1.4498539160,-0.0000000000,-0.0000000000,-0.1776084759,-0.0000000000,-0.0621133811,-0.0537524311,0.0000000000,0.0000000000,-0.0000000000,0.0000000000,0.0000000000,0.0740554598,0.0000000000,0.0000000000,-0.0000000000,0.0000000000,-0.0000000000,0.0000000000,0.0000000000,0.0000000000,-0.0000000000,-0.0000000000,0.0000000000,-0.0000000000,-0.0000000000,-0.0000000000,0.0000000000,0.1670394173,-0.0000000000,-0.0000000000,-0.0000000000,0.0000000000,-0.0031274054,0.0000000000,-0.0000000000,0.0000000000,-0.0000000000,0.0000000000,0.1274351390,-0.0000000000,-0.0000000000,-0.0000000000,-0.0000000000,0.0000000000,0.0000000000,0.0000000000,-0.0000000000,-0.0000000000
-0.0000000000,-0.7325451699,-0.0000000000,3.0604621110,-0.9061600899,-0.0000000000,-0.0000000000,0.0000000000,-0.0015029163,-0.3787767989,0.0000000000,-0.0398421174,0.0096551824,-0.0000000000,-0.0000000000,-0.0000000000,0.0000000000,0.0625628266,0.0000000000,0.0000000000,-0.0000000000,0.0459383592,0.0000000000,0.0000000000,-0.0000000000,0.0000000000,-0.0000000000,0.0000000000,0.0000000000,0.0000000000,0.0000000000,-0.0000000000,-0.0583917802,0.0000000000,0.0000000000,0.0000000000,-0.0000000000,-0.0449801566,-0.0000000000,-0.0000000000,0.0000000000,0.0000000000,0.0000000000,-0.0000000000,0.0000000000,0.0000000000,0.0000000000,0.0000000000,0.0000000000,-0.0000000000,0.0000000000,-0.0000000000,-0.0668493223,-0.9156272595,-0.0000000000,0.0000000000,-0.1438083279,0.0000000000,-0.1563116620,0.0000000000,0.0000000000,0.0000000000,0.0000000000,0.0000000000,0.0000000000,-0.0000000000,-0.0000000000,-0.0000000000,-0.0000000000,-0.0000000000,0.0000000000,0.0000000000,-0.0000000000,-0.1198321318,-0.0000000000,-0.0000000000,0.0000000000,-0.0000000000,0.0000000000,0.0000000000,-0.0000000000,0.0000000000,-0.0000000000,-0.0000000000,-0.1451818480,-0.0000000000,-0.0000000000,0.0000000000,0.0000000000,-0.0000000000,-0.0000000000,-0.0000000000,-0.0000000000,0.0000000000,-0.0000000000,0.0000000000,0.0000000000,0.0000000000,-0.0000000000,-0.0000000000
0.0000000000,-0.0569809083,-0.0000000000,-0.9061600899,2.3443840108,-0.0000000000,-0.0890258038,0.0000000000,-0.0896076171,-0.2718927864,0.0000000000,-0.1149371253,0.0000000000,-0.2479599406,-0.0000000000,0.0000000000,0.0887090341,0.0000000000,-0.0000000000,0.0000000000,-0.0000000000,0.0000000000,0.0000000000,0.0000000000,-0.0000000000,0.1000857765,-0.0000000000,0.0000000000,0.0000000000,-0.0000000000,0.0000000000,0.0000000000,-0.1176403214,-0.0000000000,-0.3386954849,-0.0000000000,-0.1953483292,-0.0000000000,-0.3121865192,-0.0000000000,-0.0000000000,0.0000000000,0.0000000000,0.0000000000,0.0439489914,-0.0000000000,-0.0000000000,0.0000000000,0.0000000000,-0.0000000000,0.0000000000,-0.1391427946,-0.0000000000,-0.1271605067,-0.0059834280,0.0000000000,-0.0000000000,0.0000000000,-0.0000000000,0.0000000000,0.0000000000,0.0000000000,0.0000000000,0.0000000000,-0.0000000000,-0.0000000000,0.0000000000,0.0000000000,0.0000000000,0.0000000000,0.0000000000,0.0121360187,0.0000000000,-0.0000000000,-0.0000000000,0.2488379505,-0.0000000000,-0.0000000000,0.0000000000,0.2997983214,0.0000000000,0.2556390068,-0.0000000000,0.0000000000,-0.0000000000,0.0000000000,-0.0000000000,0.0000000000,0.0085474819,-0.0000000000,-0.0000000000,-0.0000000000,-0.0000000000,-0.1098998531,0.0000000000,0.0146305153,-0.0000000000,0.0046000610,0.0000000000,-0.0000000000
-0.0236367721,-0.0000000000,-0.0000000000,-0.0000000000,-0.0000000000,3.6253803784,-0.4274623687,-0.0000000000,-0.0805848934,-0.0000000000,0.3065748369,-0.0000000000,-0.0000000000,-0.0000000000,0.0000000000,-0.1186480940,0.0000000000,-0.0000000000,0.0000000000,-0.1163985021,-0.0000000000,-0.0000000000,-0.0000000000,0.0000000000,-0.4168575018,-0.0000000000,0.0000000000,0.0000000000,0.0000000000,-0.0000000000,-0.0000000000,-0.0000000000,0.0000000000,-0.0000000000,-0.0000000000,-0.0000000000,0.0000000000,0.0000000000,-0.0000000000,-0.0000000000,0.0000000000,0.0000000000,-0.0000000000,0.1159448785,0.0138268653,0.0000000000,-0.0000000000,0.0000000000,-0.0000000000,0.0000000000,-0.0000000000,-0.1856296208,-0.0000000000,-0.0000000000,-0.1777486428,-1.5161748421,-0.0000000000,-0.0000000000,-0.0000000000,0.0565378425,0.0000000000,0.1372516613,0.0000000000,-0.0000000000,0.0000000000,-0.0000000000,-0.0000000000,0.0000000000,-0.0000000000,-0.0000000000,-0.0000000000,-0.0000000000,-0.0000000000,-0.1849762924,0.0000000000,-0.0000000000,0.0000000000,-0.0000000000,-0.0000000000,0.0000000000,0.0000000000,0.0000000000,0.0000000000,0.0000000000,0.0000000000,0.0000000000,0.0000000000,0.3484558104,-0.0000000000,0.0467579513,0.0030639128,-0.0000000000,-0.0000000000,0.0633049892,0.0000000000,0.0000000000,0.0000000000,0.0000000000,-0.4358090914,-0.0000000000
-0.0000000000,-0.0000000000,-0.0000000000,-0.0000000000,-0.0890258038,-0.4274623687,2.5829580396,0.0000000000,-0.2694530549,-0.0000000000,0.0000000000,-0.0000000000,0.0000000000,0.0000000000,0.0354159658,-0.1219006850,0.0000000000,-0.0000000000,0.0000000000,-0.0000000000,-0.0000000000,-0.0000000000,0.0000000000,0.0000000000,-0.2604589586,0.0000000000,-0.0000000000,0.0000000000,0.0000000000,-0.0000000000,-0.0000000000,-0.0000000000,-0.1301699441,-0.0000000000,-0.0195116934,-0.0000000000,-0.0000000000,-0.1168264743,-0.4409935709,-0.5279217404,-0.0000000000,-0.1231410605,-0.1244822274,-0.0000000000,0.0000000000,-0.0000000000,-0.0000000000,0.0000000000,-0.0000000000,-0.1826073364,-0.0000000000,-0.0000000000,-0.0000000000,-0.0000000000,-0.0000000000,-0.1441618284,-0.0000000000,-0.0000000000,-0.1195739069,-0.0000000000,-0.0000000000,0.0000000000,0.0000000000,0.0000000000,0.0000000000,0.0000000000,-0.2294842718,0.0000000000,0.0962121344,0.0000000000,-0.0000000000,-0.0000000000,-0.0000000000,-0.0000000000,-0.0000000000,-0.0000000000,0.0000000000,-0.0000000000,-0.0000000000,0.0000000000,0.0000000000,0.1093596974,-0.0000000000,-0.0000000000,0.0000000000,0.0000000000,0.0156122395,0.0000000000,-0.0000000000,-0.0000000000,-0.0000000000,-0.0000000000,-0.0000000000,0.0000000000,-0.0805859445,-0.0000000000,0.0000000000,0.0000000000,-0.0399917883,-0.0000000000
0.0000000000,0.0000000000,-0.2607620408,0.0000000000,0.0000000000,-0.0000000000,0.0000000000,3.5008875703,-0.4762868601,0.0000000000,-0.1066610206,0.0000000000,0.0160810337,0.0000000000,-0.0000000000,0.0000000000,0.0000000000,-0.3837758443,-0.0000000000,-0.0000000000,0.0000000000,0.0385996085,0.0000000000,-0.0000000000,0.0000000000,-0.0000000000,-0.0000000000,0.0000000000,0.0000000000,0.0000000000,-0.0000000000,0.0150061381,0.4538473728,0.0000000000,0.0000000000,-0.0000000000,-0.0000000000,0.0000000000,0.0000000000,0.2457366305,0.0000000000,-0.0000000000,0.0000000000,0.0000000000,0.0000000000,0.0000000000,0.0135063895,0.0000000000,-0.0000000000,0.0603887155,0.0000000000,-0.0000000000,0.0000000000,0.0000000000,0.0000000000,-0.0000000000,-1.1322371699,-0.9552125151,0.0000000000,-0.0000000000,-0.0000000000,0.0678700688,0.2601469000,0.0000000000,0.0000000000,0.0000000000,-0.0282277865,-0.0000000000,-0.0000000000,-0.0000000000,-0.0000000000,-0.0000000000,-0.0000000000,0.0000000000,-0.0000000000,-0.0000000000,-0.0000000000,0.0000000000,-0.0000000000,-0.0000000000,-0.0000000000,-0.0000000000,0.0000000000,0.0000000000,-0.0000000000,0.2886152842,-0.0000000000,0.0268145004,-0.1623449919,0.0000000000,0.2647731486,-0.0000000000,0.0000000000,-0.0000000000,0.0000000000,0.0000000000,0.0000000000,0.0000000000,-0.0000000000,0.0000000000
0.0000000000,-0.0000000000,-0.4154132230,-0.0015029163,-0.0896076171,-0.0805848934,-0.2694530549,-0.4762868601,2.7807881966,-0.0000000000,-0.0000000000,-0.0000000000,0.0827398040,0.0000000000,-0.0000000000,-0.0409305204,0.0000000000,-0.1634506419,-0.0000000000,-0.0000000000,-0.0000000000,-0.0000000000,0.0000000000,0.0000000000,0.0000000000,-0.0000000000,0.0000000000,0.0000000000,-0.0000000000,0.0000000000,0.0000000000,0.0000000000,-0.0000000000,-0.0542620183,-0.0000000000,-0.1724818662,-0.0934152202,-0.0000000000,0.0000000000,0.0000000000,-0.0000000000,-0.0000000000,0.0000000000,0.1006571197,0.0000000000,0.0000000000,-0.0000000000,0.0000000000,-0.3212811305,-0.0000000000,0.0000000000,-0.0000000000,-0.0000000000,-0.0000000000,-0.0000000000,-0.3315728626,-0.1860731687,-0.4643415043,-0.0000000000,-0.0000000000,-0.0000000000,0.0111653780,0.0000000000,0.0000000000,0.0000000000,-0.0000000000,-0.0000000000,0.0000000000,-0.0000000000,-0.0000000000,0.0000000000,-0.0000000000,0.0000000000,0.0000000000,-0.2285632118,-0.0000000000,-0.0307203410,-0.0000000000,-0.0000000000,0.0000000000,0.0000000000,0.0000000000,0.0000000000,-0.0000000000,-0.0000000000,0.0000000000,-0.0020593138,0.0000000000,-0.0000000000,-0.0000000000,0.0623942468,-0.0000000000,0.0000000000,-0.0000000000,-0.0000000000,0.0000000000,0.2453432721,0.0000000000,-0.0000000000,-0.0000000000
0.0000000000,-0.0000000000,-0.0000000000,-0.3787767989,-0.2718927864,-0.0000000000,-0.0000000000,0.0000000000,-0.0000000000,2.1930252074,-0.0000000000,-0.3558838074,0.0000000000,-0.0000000000,-0.0000000000,0.0000000000,-0.0000000000,0.0000000000,-0.0000000000,-0.2124795954,-0.1185682471,0.1467677998,-0.0000000000,-0.2707982012,-0.1948360979,0.0845534623,0.0000000000,0.0000000000,-0.0000000000,0.0000000000,-0.0000000000,-0.0000000000,-0.0000000000,-0.0000000000,-0.0000000000,0.0000000000,-0.0000000000,-0.0305622737,-0.0000000000,-0.0000000000,0.0000000000,0.0000000000,0.0000000000,0.0000000000,0.1307811383,-0.0000000000,0.0000000000,-0.0000000000,0.0000000000,-0.0000000000,0.0168376172,-0.0000000000,-0.0102515790,-0.0000000000,0.0788609796,0.0000000000,-0.0000000000,0.1391627059,-0.7618691607,-0.0000000000,-0.0000000000,0.0000000000,-0.0000000000,-0.0886478898,-0.0000000000,-0.0054211465,-0.0000000000,-0.0000000000,-0.0000000000,-0.0000000000,-0.0000000000,0.1621413424,-0.0000000000,-0.0644818697,-0.0749150112,0.0000000000,-0.0096239436,-0.0000000000,-0.0000000000,0.0000000000,-0.0000000000,0.0000000000,-0.0813390973,-0.0000000000,-0.0000000000,-0.0000000000,-0.0000000000,-0.0000000000,-0.0000000000,-0.2772567610,-0.0000000000,0.0000000000,-0.0000000000,-0.0000000000,0.0000000000,0.0000000000,-0.0000000000,0.0000000000,-0.0000000000,-0.0000000000
0.0000000000,0.0000000000,-0.0000000000,0.0000000000,0.0000000000,0.3065748369,0.0000000000,-0.1066610206,-0.0000000000,-0.0000000000,2.1609340065,-0.3858729298,-0.0000000000,-0.0000000000,-0.0000000000,0.0000000000,-0.0433807807,-0.0000000000,-0.0000000000,0.0000000000,0.0000000000,-0.0000000000,-0.0000000000,-0.0000000000,0.0290310406,-0.0000000000,-0.0000000000,0.0000000000,0.0000000000,0.0000000000,0.0000000000,-0.0000000000,0.0000000000,-0.0000000000,-0.0000000000,-0.0000000000,-0.0000000000,0.0000000000,0.0000000000,0.0222722943,-0.0000000000,-0.0000000000,-0.0000000000,-0.0000000000,-0.0000000000,-0.0000000000,-0.0000000000,-0.0000000000,-0.0000000000,-0.0000000000,0.0000000000,0.0996741460,0.1041284129,0.0169920402,0.2308435152,0.0095472824,0.0000000000,-0.0000000000,-0.0000000000,-0.7773997095,-0.2118238757,-0.0000000000,-0.0060762590,-0.0000000000,0.0000000000,-0.0000000000,0.0000000000,-0.0000000000,0.0000000000,0.0000000000,0.0567481243,0.0153495301,0.0000000000,0.0000000000,-0.0000000000,0.0000000000,-0.1287663957,0.0000000000,0.0000000000,0.0000000000,0.3371469505,0.0000000000,0.0000000000,-0.0000000000,0.0000000000,0.0000000000,-0.2013761618,0.0000000000,-0.2340689103,-0.0000000000,0.0000000000,-0.0000000000,0.0000000000,-0.0000000000,0.0163668075,-0.0790516365,0.0000000000,-0.0000000000,0.0000000000,-0.0000000000
-0.0000000000,-0.0000000000,-0.1952173558,-0.0398421174,-0.1149371253,-0.0000000000,-0.0000000000,0.0000000000,-0.0000000000,-0.3558838074,-0.3858729298,2.8072876272,-0.5536945005,-0.1276167528,0.0000000000,-0.0000000000,-0.0000000000,0.0000000000,-0.0000000000,-0.0000000000,-0.0000000000,-0.0000000000,-0.0000000000,-0.4189978134,-0.0000000000,-0.4277691803,-0.1426775610,-0.0000000000,0.0000000000,0.0000000000,-0.0000000000,-0.0000000000,0.0000000000,-0.0000000000,-0.0000000000,-0.0000000000,0.0000000000,-0.0000000000,-0.0000000000,-0.0000000000,0.0000000000,-0.0419485861,-0.0831460736,0.0000000000,0.0000000000,-0.0000000000,0.0000000000,0.0000000000,0.0695774466,0.0000000000,0.0000000000,-0.0000000000,-0.0000000000,-0.0361046728,-0.0000000000,-0.0000000000,0.0000000000,0.0000000000,-0.0000000000,-0.0000000000,-0.6034140778,-0.2013636537,-0.0000000000,0.0000000000,-0.0000000000,0.0000000000,0.0000000000,-0.0000000000,0.0000000000,0.0000000000,0.0000000000,0.1526959489,0.0000000000,-0.0778349068,-0.0549751143,-0.0000000000,-0.0000000000,-0.0000000000,0.0000000000,0.0073555987,0.0000000000,0.0250337527,-0.0000000000,0.0000000000,-0.0000000000,0.0000000000,-0.0000000000,0.0000000000,-0.0000000000,0.0000000000,0.0000000000,-0.0000000000,-0.0000000000,-0.0000000000,-0.0000000000,0.0000000000,0.0000000000,0.3235678259,0.0000000000,0.0000000000
-0.0000000000,0.0000000000,-0.0000000000,0.0096551824,0.0000000000,-0.0000000000,0.0000000000,0.0160810337,0.0827398040,0.0000000000,-0.0000000000,-0.5536945005,3.4299960830,-0.0000000000,0.0000000000,-0.0000000000,-0.6087870903,0.0000000000,-0.0000000000,0.0000000000,-0.0000000000,-0.0000000000,-0.1127830401,-0.0000000000,-0.0000000000,-0.3608444210,-0.0000000000,-0.0000000000,0.0000000000,-0.0101604876,-0.0800313654,-0.0000000000,0.0796662850,0.0000000000,-0.0000000000,-0.0000000000,0.1666181180,0.0000000000,-0.0000000000,0.0000000000,0.0000000000,-0.0000000000,-0.0748431828,-0.0000000000,-0.0000000000,0.0000000000,-0.0000000000,-0.0000000000,0.0000000000,0.0833164722,-0.2531182945,-0.0000000000,-0.0000000000,0.0000000000,-0.0000000000,-0.0000000000,0.0000000000,0.0000000000,0.0850912836,0.0000000000,-0.0000000000,-1.6161710780,-0.2800123413,0.0000000000,-0.0000000000,0.0000000000,0.0000000000,-0.0000000000,0.0000000000,0.1049014925,0.0000000000,-0.0000000000,0.0000000000,-0.0464907061,0.0000000000,-0.0000000000,-0.0000000000,-0.2756398183,-0.0000000000,-0.0000000000,0.0000000000,0.0098083551,-0.0000000000,0.0000000000,0.0000000000,-0.0000000000,0.0000000000,-0.0000000000,-0.0000000000,0.0376018771,0.0000000000,-0.0000000000,-0.0000000000,-0.0000000000,-0.0000000000,-0.0000000000,0.0000000000,0.0000000000,0.0000000000,0.0000000000
-0.0000000000,-0.0000000000,0.0000000000,-0.0000000000,-0.2479599406,-0.0000000000,0.0000000000,0.0000000000,0.0000000000,-0.0000000000,-0.0000000000,-0.1276167528,-0.0000000000,3.8388829145,-1.3309586733,0.0000000000,-0.0000000000,0.0000000000,-0.2586131714,0.0000000000,-0.4083519706,-0.0000000000,-0.0000000000,-0.0000000000,-0.0000000000,0.0000000000,-0.0000000000,-0.0640578730,-0.0000000000,-0.3445804040,0.0000000000,-0.0000000000,-0.0000000000,0.0000000000,-0.0000000000,0.0000000000,-0.0000000000,0.0000000000,-0.0000000000,-0.0000000000,0.0000000000,0.0000000000,0.0000000000,0.0000000000,0.0000000000,-0.0000544822,-0.0000000000,-0.0000000000,0.0000000000,0.0000000000,0.0000000000,0.0000000000,0.0000000000,-0.0000000000,-0.0000000000,0.0000000000,0.0000000000,0.0000000000,0.0000000000,0.0000000000,-0.0000000000,-0.0000000000,-0.6149729286,-0.0000000000,-0.2709713491,-0.1564119980,0.0000000000,-0.0000000000,0.0000000000,0.0000000000,-0.0000000000,0.0000000000,-0.0000000000,-0.0000000000,-0.0000000000,0.0000000000,-0.1635174481,-0.2839150483,0.0000000000,-0.0000000000,0.0000000000,0.0000000000,0.0000000000,0.0000000000,-0.0000000000,-0.0000000000,-0.0000000000,-0.0000000000,0.0000000000,0.0000000000,0.0000000000,-0.0000000000,-0.0000000000,-0.0000000000,0.0000000000,0.0398889805,-0.0160130778,-0.0000000000,0.0000000000,0.0000000000
0.0000000000,-0.0000000000,-0.0000000000,-0.0000000000,-0.0000000000,0.0000000000,0.0354159658,-0.0000000000,-0.0000000000,-0.0000000000,-0.0000000000,0.0000000000,0.0000000000,-1.3309586733,4.1346555492,0.0000000000,-0.0000000000,-0.0000000000,-0.0000000000,-0.0000000000,-0.4199127434,0.0000000000,-0.0000000000,0.0000000000,0.0000000000,0.0000000000,-0.0179481372,-0.0285246115,-0.2039853614,-0.0019341893,-0.0000000000,-0.0000000000,-0.0000000000,0.0000000000,-0.0000000000,0.0000000000,-0.0991336993,0.0000000000,0.0000000000,0.0000000000,0.0000000000,0.0000000000,0.0177290871,-0.0445538362,-0.0000000000,-0.0429562595,-0.0000000000,-0.0338219733,-0.0000000000,0.0000000000,-0.0000000000,0.0000000000,0.0000000000,0.0000000000,-0.0000000000,0.0000000000,-0.0000000000,-0.0000000000,-0.0000000000,0.0000000000,0.0000000000,0.0000000000,-0.0000000000,-0.2845059060,-0.2203410240,-1.1548081672,0.0000000000,-0.2326626093,-0.0000000000,-0.0000000000,-0.0000000000,-0.0000000000,-0.0000000000,0.0000000000,-0.0000000000,0.0000000000,-0.0000000000,-0.0588927999,0.0000000000,-0.0000000000,-0.0000000000,-0.0000000000,0.0000000000,0.0000000000,-0.0889957693,-0.0327040256,-0.0000000000,-0.0000000000,0.0000000000,0.0000000000,0.0000000000,-0.0000000000,0.0000000000,-0.0000000000,0.0000000000,0.0000000000,-0.2425580170,-0.0000000000,0.0000000000,0.0000000000
-0.2422119870,-0.0133377809,-0.0000000000,-0.0000000000,0.0000000000,-0.1186480940,-0.1219006850,0.0000000000,-0.0409305204,0.0000000000,0.0000000000,-0.0000000000,-0.0000000000,0.0000000000,0.0000000000,2.2566260821,-0.0328394680,-0.0164575089,-0.0000000000,-0.1484370948,-0.0000000000,-0.1847718258,-0.0000000000,0.0000000000,-0.0000000000,-0.0000000000,-0.0000000000,0.0000000000,0.0000000000,0.0000000000,-0.0000000000,-0.4166088855,-0.0077790477,-0.2171813654,-0.0000000000,-0.0000000000,-0.0000000000,0.0000000000,0.0000000000,0.0669985529,-0.0000000000,-0.0419752581,-0.0696806669,0.0000000000,-0.0184763559,0.0000000000,-0.2160215786,-0.0000000000,-0.0939759805,-0.0000000000,-0.1839104028,-0.0000000000,-0.3592601660,-0.0000000000,-0.2466934479,-0.1380112209,-0.0000000000,-0.0000000000,0.0000000000,-0.0000000000,-0.0000000000,0.0000000000,0.0000000000,0.0000000000,0.0000000000,-0.0000000000,-0.0000000000,-0.0000000000,-0.0000000000,-0.0138047017,-0.0000000000,-0.0000000000,0.0000000000,0.0000000000,-0.0000000000,-0.1837626509,0.0000000000,0.0000000000,0.0000000000,-0.0000000000,0.0000000000,-0.0000000000,-0.0000000000,-0.0606168400,0.0000000000,-0.0000000000,0.0000000000,0.0367794065,-0.0000000000,0.0000000000,-0.0000000000,0.0000000000,0.0000000000,-0.0000000000,-0.0324511356,0.0000000000,0.0604817247,-0.0000000000,-0.3404512954,-0.0000000000
-0.0000000000,0.0000000000,0.0000000000,0.0000000000,0.0887090341,0.0000000000,0.0000000000,0.0000000000,0.0000000000,-0.0000000000,-0.0433807807,-0.0000000000,-0.6087870903,-0.0000000000,-0.0000000000,-0.0328394680,4.0792757666,-0.0776654777,-0.9903903720,-0.0000000000,-0.0602527357,-0.0487084881,-0.1336116437,-0.7473650146,-0.0000000000,-0.0523499418,-0.0000000000,-0.0118030556,-0.1065247587,0.0000000000,-0.0000000000,-0.0000000000,0.0000000000,-0.2066777866,-0.0000000000,0.0000000000,0.0000000000,0.0000000000,0.0497946954,0.1454719676,0.0000000000,0.0000000000,0.0000000000,0.0000000000,-0.0000000000,0.0000000000,-0.0000000000,-0.0000000000,0.0000000000,0.0000000000,-0.0000000000,0.0000000000,-0.0000000000,0.0000000000,0.0000000000,0.0717553351,-0.0000000000,0.0000000000,0.0000000000,-0.0000000000,-0.0000000000,-0.0000000000,-0.1187812443,-0.0000000000,-0.0000000000,-0.0000000000,0.0000000000,-0.6757595561,-0.0000000000,0.0000000000,-0.0000000000,-0.0000000000,0.0000000000,0.0000000000,-0.0000000000,-0.0000000000,-0.4655924349,-0.0000000000,-0.0000000000,-0.0000000000,0.0000000000,0.0000000000,0.0000000000,0.0000000000,-0.0000000000,0.0000000000,0.0000000000,-0.0000000000,0.0000000000,0.0000000000,0.0000000000,0.0000000000,0.2070042656,-0.0000000000,0.0000000000,0.0000000000,0.0000000000,-0.0000000000,0.0000000000,0.0000000000
0.0544099176,0.0000000000,-0.0000000000,0.0625628266,0.0000000000,-0.0000000000,-0.0000000000,-0.3837758443,-0.1634506419,0.0000000000,-0.0000000000,0.0000000000,0.0000000000,0.0000000000,-0.0000000000,-0.0164575089,-0.0776654777,3.2284949375,-0.0776501823,-0.8244929822,-0.0000000000,-0.3837289501,-0.1032373587,-0.2613043549,0.0000000000,-0.0000000000,-0.0000000000,-0.0000000000,-0.0000000000,0.0000000000,0.0000000000,0.0000000000,-0.0000000000,-0.5420125158,-0.0582524929,-0.0000000000,-0.0000000000,0.0000000000,0.0000000000,0.0000000000,-0.0000000000,-0.0000000000,0.0000000000,0.0000000000,-0.0000000000,0.0000000000,-0.0000000000,-0.0000000000,-0.0000000000,0.0000000000,0.0000000000,0.0000000000,0.0000000000,0.0244796862,0.0000000000,0.0000000000,-0.0000000000,-0.0000000000,0.0000000000,-0.0000000000,0.0000000000,0.0000000000,0.0000000000,0.0000000000,0.0000000000,0.0000000000,-0.0000000000,-0.1260499778,-0.1337678925,-0.2884376058,-0.0000000000,-0.1835327372,-0.0000000000,0.0000000000,-0.1346619633,-0.0000000000,-0.0000000000,-0.0000000000,0.0000000000,0.0000000000,0.0000000000,0.0000000000,0.0000000000,-0.0000000000,-0.0000000000,0.0000000000,-0.0000000000,-0.0000000000,-0.0000000000,0.0000000000,0.0200909325,0.0000000000,0.5307470014,0.0000000000,0.0413694996,0.0000000000,0.0000000000,-0.0000000000,-0.0000000000,0.0000000000
0.0000000000,0.0000000000,0.0000000000,0.0000000000,-0.0000000000,0.0000000000,0.0000000000,-0.0000000000,-0.0000000000,-0.0000000000,-0.0000000000,-0.0000000000,-0.0000000000,-0.2586131714,-0.0000000000,-0.0000000000,-0.9903903720,-0.0776501823,3.5747446357,-0.0000000000,-0.2075158803,-0.0621601709,-0.0560890328,-0.0190738314,0.0000000000,-0.0000000000,-0.0000000000,-0.6327705751,-0.0000000000,-0.0000000000,0.0000000000,-0.0000000000,0.0000000000,-0.5371708659,-0.0000000000,0.0000000000,-0.0000000000,0.0509140637,0.0000000000,0.0000000000,-0.0000000000,0.0000000000,0.0000000000,0.0366449418,-0.0000000000,-0.0000000000,-0.0000000000,-0.1194632234,-0.0000000000,0.0000000000,0.0000000000,-0.0000000000,-0.0000000000,-0.0000000000,0.0000000000,0.0000000000,-0.0000000000,0.0000000000,-0.0000000000,-0.0000000000,0.0000000000,0.0000000000,-0.0000000000,-0.0000000000,-0.0000000000,-0.0000000000,0.0000000000,-0.7196820187,-0.0000000000,0.0000000000,0.0000000000,-0.0000000000,-0.0000000000,0.0000000000,-0.0000000000,0.0000000000,-0.0727448409,-0.0000000000,0.0000000000,0.0000000000,0.0000000000,0.0000000000,0.3510773664,-0.0000000000,-0.0000000000,0.0000000000,-0.0000000000,-0.0000000000,0.0000000000,0.0000000000,0.0000000000,0.0000000000,0.0000000000,0.0000000000,0.1288780429,0.0886257833,0.0000000000,-0.0000000000,-0.0000000000,0.0000000000
0.0000000000,-0.0112835965,-0.0000000000,0.0000000000,0.0000000000,-0.1163985021,-0.0000000000,-0.0000000000,-0.0000000000,-0.2124795954,0.0000000000,-0.0000000000,0.0000000000,0.0000000000,-0.0000000000,-0.1484370948,-0.0000000000,-0.8244929822,-0.0000000000,3.2087936954,-0.1470278929,0.0000000000,-0.2974734187,-0.0616034190,-0.3929969560,0.0000000000,-0.2019887626,0.0000000000,-0.0000000000,0.0000000000,-0.0000000000,-0.0744283151,-0.0000000000,-0.0000000000,-0.0000000000,-0.0446585876,0.0000000000,-0.0000000000,-0.0000000000,0.0000000000,0.0000000000,-0.0000000000,-0.0000000000,-0.0000000000,-0.0000000000,0.0000000000,-0.0000000000,-0.0000000000,-0.0000000000,-0.0000000000,-0.0000000000,-0.0000000000,-0.0000000000,-0.0000000000,-0.0000000000,-0.0000000000,-0.0000000000,-0.0000000000,-0.0000000000,0.0000000000,0.0000000000,0.0548779427,-0.0000000000,-0.0000000000,0.0000000000,-0.0000000000,-0.0000000000,-0.0000000000,-0.0393835974,-0.2432683050,-0.6203353497,0.0000000000,-0.0000000000,0.0000000000,-0.0000000000,-0.0000000000,0.0000000000,-0.0000000000,-0.0000000000,-0.0000000000,-0.0000000000,-0.0000000000,-0.0000000000,-0.0000000000,-0.0000000000,-0.0000000000,-0.0000000000,-0.0000000000,-0.7257238994,0.0000000000,-0.0000000000,-0.0000000000,0.0000000000,0.2528637750,0.2461430734,-0.0000000000,-0.0000000000,-0.0000000000,-0.2777813128,0.0000000000
0.0000000000,-0.0000000000,0.0000000000,-0.0000000000,-0.0000000000,-0.0000000000,-0.0000000000,0.0000000000,-0.0000000000,-0.1185682471,0.0000000000,-0.0000000000,-0.0000000000,-0.4083519706,-0.4199127434,-0.0000000000,-0.0602527357,-0.0000000000,-0.2075158803,-0.1470278929,3.6025635688,-0.0000000000,-0.0893513107,-0.2163202813,-0.1298508184,0.0000000000,-0.0000000000,-0.0000000000,-0.3307087046,-0.0000000000,0.0000000000,-0.0018777557,-0.2752924935,-0.0000000000,-0.0000000000,0.0000000000,0.0000000000,-0.0000000000,0.0000000000,0.0000000000,0.0000000000,0.0000000000,-0.0000000000,-0.0000000000,0.0000000000,-0.0000000000,-0.0000000000,-0.0000000000,0.0000000000,0.0000000000,0.0000000000,0.0000000000,0.0000000000,0.0000000000,0.0000000000,0.0000000000,0.0000000000,0.0000000000,0.0000000000,0.0000000000,0.0000000000,0.0000000000,-0.0000000000,-0.0463672136,-0.4789462109,-0.0000000000,0.0000000000,-0.0000000000,-0.0000000000,-0.0000000000,-0.9079595507,0.0000000000,-0.0000000000,0.0000000000,-0.0000000000,-0.0000000000,-0.2902625437,-0.2398658498,0.0000000000,0.0000000000,-0.0000000000,0.0803041977,0.0000000000,0.0091006728,-0.0000000000,-0.0000000000,0.0000000000,0.0000000000,0.0000000000,0.0000000000,0.1668436374,-0.0000000000,0.0000000000,-0.0000000000,0.0000000000,0.1049373606,-0.0000000000,-0.0000000000,0.0000000000,0.0247181801
0.0000000000,0.0000000000,0.0000000000,0.0459383592,0.0000000000,-0.0000000000,-0.0000000000,0.0385996085,-0.0000000000,0.1467677998,-0.0000000000,-0.0000000000,-0.0000000000,-0.0000000000,0.0000000000,-0.1847718258,-0.0487084881,-0.3837289501,-0.0621601709,0.0000000000,-0.0000000000,3.8369025951,-0.1423370199,-0.0000000000,0.0000000000,-0.1542454371,-0.0000000000,-0.5394796851,0.0000000000,-0.0000000000,0.0003400213,-0.0000000000,-0.0000000000,-0.5032026927,-0.8917815295,0.0000000000,-0.0000000000,0.0906244949,0.0000000000,0.0000000000,-0.1911153921,-0.4106918176,-0.2636509585,0.0000000000,-0.0000000000,-0.0000000000,-0.8295986617,-0.1977123760,0.0000000000,0.0000000000,0.0000000000,0.0000000000,0.0000000000,0.0000000000,-0.0000000000,-0.0000000000,0.0000000000,0.0000000000,-0.0000000000,-0.0000000000,0.0000000000,0.0000000000,-0.0000000000,0.0000000000,0.0000000000,0.0000000000,0.1742841572,-0.0000000000,0.0000000000,0.0000000000,0.0144965179,-0.0000000000,0.0000000000,0.0000000000,-0.0000000000,0.0000000000,0.0000000000,-0.0000000000,0.0806022375,0.0000000000,0.2381742745,0.1658353581,0.0000000000,-0.1522859420,0.0000000000,0.0000000000,0.0000000000,-0.0000000000,0.2239860315,0.1389821081,0.0000000000,0.0203657531,0.0000000000,0.0000000000,-0.0000000000,-0.0000000000,0.0000000000,0.0000000000,0.0000000000,0.0000000000
0.0478269530,-0.0000000000,-0.0000000000,0.0000000000,0.0000000000,-0.0000000000,0.0000000000,0.0000000000,0.0000000000,-0.0000000000,-0.0000000000,-0.0000000000,-0.1127830401,-0.0000000000,-0.0000000000,-0.0000000000,-0.1336116437,-0.1032373587,-0.0560890328,-0.2974734187,-0.0893513107,-0.1423370199,3.1969633305,-0.0414748370,-0.0269081434,0.0000000000,-0.5095379542,-0.0000000000,-0.0000000000,-0.4637430970,0.0000000000,0.0000000000,0.0000000000,-0.0387909358,-0.0875456671,-0.0000000000,0.0000000000,0.0000000000,-0.0000000000,0.0000000000,-0.0000000000,-0.0000000000,-0.0000000000,0.0000000000,0.0000000000,0.0000000000,-0.5410960634,-0.1954305125,0.0000000000,0.0000000000,0.0000000000,0.0000000000,0.0000000000,-0.0000000000,-0.0000000000,0.0000000000,0.0000000000,0.0000000000,0.0000000000,0.0000000000,0.0000000000,0.0000000000,-0.2292315117,-0.0000000000,0.0000000000,0.0000000000,0.0000000000,-0.0000000000,-0.0000000000,0.0000000000,-0.0000000000,-0.0000000000,-0.2478905940,0.0000000000,0.0000000000,-0.0000000000,-0.0000000000,-0.0000000000,0.0108494344,0.1956484424,0.0000000000,0.0000000000,-0.0000000000,-0.0000000000,-0.2663951420,-0.0000000000,-0.0000000000,-0.0000000000,-0.0000000000,0.0000000000,0.0000000000,-0.0000000000,0.0000000000,-0.0000000000,0.1530389230,0.0000000000,0.0000000000,-0.1225514431,-0.0000000000,0.0000000000
0.0284218349,0.0000000000,0.0000000000,0.0000000000,0.0000000000,0.0000000000,0.0000000000,-0.0000000000,0.0000000000,-0.2707982012,-0.0000000000,-0.4189978134,-0.0000000000,-0.0000000000,0.0000000000,0.0000000000,-0.7473650146,-0.2613043549,-0.0190738314,-0.0616034190,-0.2163202813,-0.0000000000,-0.0414748370,2.6828004893,-0.0000000000,-0.0024794871,-0.0000000000,-0.0000000000,-0.0000000000,0.0000000000,-0.0000000000,-0.0000000000,-0.0000000000,-0.0759577348,-0.1094246158,0.0000000000,0.0000000000,0.0000000000,0.0000000000,-0.0000000000,-0.0000000000,-0.0000000000,-0.1001683508,-0.0000000000,0.0000000000,-0.0000000000,0.0000000000,-0.0000000000,0.0650705775,0.0121572601,0.3514073822,0.0000000000,0.0000000000,0.0000000000,0.0000000000,0.0724824904,0.0000000000,-0.0000000000,0.0000000000,-0.0000000000,-0.0000000000,-0.0000000000,-0.0000000000,0.0000000000,0.0000000000,0.0000000000,0.0000000000,-0.0000000000,-0.0000000000,0.0000000000,-0.0000000000,0.0000000000,0.0000000000,-0.0000000000,-0.6193557293,0.0000000000,-0.0000000000,-0.0000000000,0.0000000000,0.0000000000,-0.0000000000,0.0000000000,-0.0000000000,0.0000000000,-0.0970698637,0.0000000000,0.0000000000,-0.0000000000,0.0000000000,-0.0000000000,0.0000000000,0.0000000000,0.0000000000,-0.0000000000,-0.0000000000,0.0000000000,-0.0000000000,0.0000000000,0.0000000000,0.2663938996
0.0000000000,-0.0000000000,-0.0000000000,-0.0000000000,-0.0000000000,-0.4168575018,-0.2604589586,0.0000000000,0.0000000000,-0.1948360979,0.0290310406,-0.0000000000,-0.0000000000,-0.0000000000,0.0000000000,-0.0000000000,-0.0000000000,0.0000000000,0.0000000000,-0.3929969560,-0.1298508184,0.0000000000,-0.0269081434,-0.0000000000,2.6196682257,0.0000000000,0.0000000000,0.0000000000,0.0000000000,0.0000000000,-0.0000000000,-0.0000000000,-0.0000000000,0.0000000000,-0.0000000000,-0.0000000000,0.3602632704,-0.2770060198,-0.0000000000,-0.0000000000,0.0886807419,-0.0000000000,-0.0160114161,0.0000000000,0.0383067858,0.0000000000,-0.0000000000,0.0000000000,0.0342562911,0.0000000000,-0.0000000000,-0.0000000000,0.0000000000,-0.0000000000,0.0000000000,-0.0000000000,0.0000000000,0.0000000000,-0.0000000000,0.1422187063,0.0000000000,0.0000000000,-0.0000000000,-0.0000000000,-0.0000000000,-0.0000000000,0.0000000000,0.0000000000,-0.0000000000,0.0000000000,-0.1065328055,0.1217040210,-0.0000000000,-0.3226948674,0.0000000000,-0.4498539533,0.0000000000,-0.0000000000,-0.0954490476,0.0000000000,-0.0000000000,0.2475524485,-0.0000000000,0.0000000000,-0.0000000000,-0.0000000000,0.2592511148,0.0000000000,0.0000000000,0.0000000000,0.0000000000,-0.1647016960,-0.0000000000,0.0000000000,0.0000000000,0.0000000000,0.0000000000,0.0694206495,0.0000000000,0.2151220518
-0.0483804395,-0.0000000000,-0.2674997254,0.0000000000,0.1000857765,-0.0000000000,0.0000000000,-0.0000000000,-0.0000000000,0.0845534623,-0.0000000000,-0.4277691803,-0.3608444210,0.0000000000,0.0000000000,-0.0000000000,-0.0523499418,-0.0000000000,-0.0000000000,0.0000000000,0.0000000000,-0.1542454371,0.0000000000,-0.0024794871,0.0000000000,2.0210384657,0.0000000000,-0.0000000000,0.0000000000,0.0000000000,-0.0000000000,0.0000000000,0.0703273141,-0.0000000000,0.0000000000,0.0545224837,0.0516009333,0.0000000000,0.0000000000,0.0652638516,0.0080731053,-0.0000000000,-0.0000000000,0.0622830867,0.0000000000,0.1449993257,0.0000000000,0.0000000000,0.0000000000,0.1896816679,0.0000000000,-0.1168115974,-0.0647971776,-0.0000000000,-0.0721276863,-0.0000000000,-0.0000000000,-0.0000000000,0.0000000000,-0.0000000000,-0.0000000000,-0.0000000000,0.0000000000,0.4239912921,-0.0000000000,0.0000000000,-0.0000000000,-0.0000000000,0.0000000000,0.0000000000,0.0014785222,-0.0000000000,0.0000000000,-0.0638392915,-0.1731169882,-0.1880999725,-0.0000000000,-0.0179249445,-0.0000000000,0.0000000000,-0.0000000000,0.0000000000,0.0000000000,-0.0000000000,-0.1684128856,0.0000000000,0.0671645530,-0.0000000000,0.0000000000,0.0408643364,0.0000000000,-0.0000000000,0.0000000000,0.1721145503,-0.0549976855,0.0000000000,0.0000000000,0.0000000000,0.1864553532,0.0000000000
0.0000000000,-0.0000000000,-0.0000000000,-0.0000000000,-0.0000000000,0.0000000000,-0.0000000000,-0.0000000000,0.0000000000,0.0000000000,-0.0000000000,-0.1426775610,-0.0000000000,-0.0000000000,-0.0179481372,-0.0000000000,-0.0000000000,-0.0000000000,-0.0000000000,-0.2019887626,-0.0000000000,-0.0000000000,-0.5095379542,-0.0000000000,0.0000000000,0.0000000000,2.9973149225,-0.1548166960,-0.0659868338,-0.8094919031,0.0000000000,-0.0000000000,0.0000000000,-0.0000000000,-0.2354803786,-0.0354648070,-0.0743247854,0.0000000000,-0.0000000000,-0.0000000000,-0.0000000000,-0.0000000000,-0.1931581618,-0.0000000000,-0.5125553624,-0.0691402671,-0.0000000000,-0.2491729874,-0.0000000000,-0.0000000000,0.0000000000,0.0000000000,0.0000000000,-0.1354023715,-0.0740173078,-0.0000000000,-0.0000000000,-0.0000000000,-0.0000000000,-0.0000000000,-0.0000000000,-0.0000000000,-0.0211784211,-0.0000000000,0.0000000000,-0.0000000000,-0.0000000000,-0.0000000000,0.0000000000,-0.0000000000,-0.0000000000,-0.0000000000,-0.0000000000,-0.0000000000,0.0000000000,0.0000000000,-0.0000000000,-0.1341706629,0.1227390392,-0.0000000000,0.0000000000,0.0000000000,-0.0000000000,-0.0000000000,-0.0307486115,-0.0000000000,-0.1107469569,-0.0000000000,-0.1263316288,-0.0000000000,-0.0000000000,-0.0000000000,-0.0000000000,-0.0000000000,0.0000000000,-0.0000000000,-0.0000000000,-0.0496569096,-0.0000000000,-0.0000000000
0.0000000000,0.0000000000,0.1443456319,0.0000000000,0.0000000000,0.0000000000,0.0000000000,0.0000000000,0.0000000000,0.0000000000,0.0000000000,-0.0000000000,-0.0000000000,-0.0640578730,-0.0285246115,0.0000000000,-0.0118030556,-0.0000000000,-0.6327705751,0.0000000000,-0.0000000000,-0.5394796851,-0.0000000000,-0.0000000000,0.0000000000,-0.0000000000,-0.1548166960,3.4536752833,-0.0951137219,-0.0000000000,0.0000000000,-0.0000000000,0.0000000000,-0.0000000000,-0.0604244343,0.0431060845,-0.3270270021,0.0000000000,0.0000000000,-0.0000000000,-0.0000000000,-0.0000000000,0.0000000000,-0.0000000000,-0.1312321125,-0.2408437033,-0.0000000000,-0.0000000000,0.0000000000,-0.0000000000,0.0000000000,0.0000000000,0.0015503234,0.0000000000,0.0000000000,0.0000000000,-0.0000000000,-0.0000000000,-0.0000000000,-0.0000000000,0.0000000000,-0.0789214079,-0.0000000000,-0.0000000000,0.0000000000,-0.0334583087,0.0000000000,-0.4245227472,0.0000000000,-0.0000000000,-0.0000000000,-0.4912602687,-0.0000000000,0.0000000000,-0.0000000000,0.0226603562,-0.0000000000,-0.0000000000,0.0000000000,-0.0017112326,0.0000000000,0.0000000000,0.0000000000,-0.0000000000,-0.0000000000,-0.0000000000,-0.0000000000,-0.6791591026,0.0000000000,0.0000000000,-0.0000000000,0.0000000000,0.0000000000,0.0000000000,0.0000000000,0.0000000000,-0.0000000000,-0.0000000000,0.0000000000,0.0000000000
-0.0000000000,-0.0000000000,-0.0000000000,0.0000000000,0.0000000000,0.0000000000,0.0000000000,0.0000000000,-0.0000000000,-0.0000000000,0.0000000000,0.0000000000,0.0000000000,-0.0000000000,-0.2039853614,0.0000000000,-0.1065247587,-0.0000000000,-0.0000000000,-0.0000000000,-0.3307087046,0.0000000000,-0.0000000000,-0.0000000000,0.0000000000,0.0000000000,-0.0659868338,-0.0951137219,3.0018016075,-0.0000000000,0.0000000000,0.0000000000,-0.0000000000,-0.0000000000,-0.0000000000,0.0000000000,-0.1995542882,-0.0385446353,0.0000000000,0.0000000000,-0.0000000000,0.0266309702,0.0000000000,-0.0000000000,-0.0000000000,-0.0000000000,-0.0000000000,-0.0138726824,-0.0000000000,-0.0000000000,-0.0000000000,0.0000000000,-0.0000000000,0.0000000000,0.0000000000,0.0073150099,-0.0000000000,-0.0000000000,0.0047885570,0.0000000000,-0.0000000000,0.0000000000,-0.0000000000,-0.0000000000,-0.0000000000,-0.0000000000,-0.0000000000,-0.0000000000,-0.0000000000,-0.0000000000,-0.0000000000,-0.0000000000,-0.0000000000,0.3025158986,0.0000000000,0.0000000000,-1.1057984112,-0.0000000000,-0.0000000000,-0.0000000000,-0.0000000000,-0.1405993785,0.0000000000,0.0000000000,-0.1170560421,-0.0000000000,-0.3907461965,-0.2589562457,-0.0000000000,-0.1585803446,0.0000000000,0.0000000000,0.0000000000,-0.0000000000,0.0000000000,0.0000000000,-0.0000000000,-0.0488217254,-0.0000000000,-0.0000000000
