0,1,2,3,4,5,6,7,8,9,10,11,12,13,14,15,16,17,18,19,20,21,22,23,24,25,26,27,28,29,30,31,32,33,34,35,36,37,38,39,40,41,42,43,44,45,46,47,48,49,50,51,52,53,54,55,56,57,58,59,60,61,62,63,64,65,66,67,68,69,70,71,72,73,74,75,76,77,78,79,80,81,82,83,84,85,86,87,88,89,90,91,92,93,94,95,96,97,98,99
1.8862901185,-0.0000000000,0.0000000000,0.0000000000,-0.0000000000,-0.0796318895,-0.0000000000,-0.0000000000,0.0375806800,0.0000000000,-0.0000000000,0.0000000000,0.0000000000,-0.0000000000,-0.0000000000,-0.0171624075,0.0128592108,-0.0000000000,0.0000000000,0.0000000000,-0.0000000000,0.0000000000,-0.0047814585,0.0527870564,-0.2428285887,0.0739155780,0.0707106128,0.0000000000,0.0000000000,-0.0000000000,-0.0710128902,-0.2423714803,-0.0747018223,-0.0000000000,0.0000000000,0.0000000000,-0.0000000000,-0.4588825857,-0.2061885224,-0.0000000000,-0.0000000000,-0.0000000000,0.0000000000,-0.0000000000,0.0000000000,0.0000000000,-0.0000000000,-0.0000000000,-0.5811050684,-0.0000000000,-0.0000000000,-0.0000000000,0.1051244188,0.0000000000,-0.0000000000,-0.0353198565,0.0000000000,0.0000000000,0.0000000000,0.0000000000,0.1334400852,0.0875506967,0.0000000000,-0.1087569463,0.0000000000,-0.0000000000,0.0000000000,0.0065142410,-0.0000000000,0.0000000000,0.0000000000,-0.0126906729,0.0523707841,0.0893000209,0.0914125532,0.0757031060,-0.0000000000,-0.0000000000,-0.1515880116,-0.0000000000,-0.0000000000,0.0000000000,0.0000000000,-0.0000000000,0.0000000000,0.0000000000,-0.0000000000,0.0000000000,0.0161682323,0.0357538424,0.0403419458,0.0000000000,0.0000000000,0.0000000000,-0.0000000000,0.0000000000,-0.0000000000,-0.0000000000,-0.1764049985,0.0000000000
-0.0000000000,2.1753269530,-0.0000000000,-0.7970220070,-0.4649932742,-0.0000000000,0.0000000000,-0.0000000000,0.0000000000,-0.0000000000,0.0000000000,-0.0000000000,-0.0000000000,-0.0764638144,0.0000000000,-0.0000000000,0.0000000000,0.0000000000,0.0000000000,0.0000000000,-0.0000000000,0.0000000000,0.0181104409,-0.0000000000,-0.1679817307,0.0000000000,-0.0000000000,0.0919425689,0.0000000000,0.0000000000,-0.0000000000,-0.0000000000,0.0000000000,0.0628987884,0.0000000000,0.0464694322,-0.0000000000,-0.1176768434,-0.0000000000,-0.0000000000,0.0454867893,0.0000000000,-0.0000000000,-0.3045099365,-0.0355670036,-0.0495652846,-0.0000000000,0.0522564389,0.0000000000,0.0000000000,-0.0000000000,-0.2068861498,-0.0000000000,-0.2139584927,-0.0000000000,0.0000000000,-0.1062255770,0.0000000000,0.0000000000,0.5191889165,0.0000000000,-0.0000000000,0.0000000000,-0.0000000000,0.0000000000,0.0000000000,0.1385782675,0.0000000000,-0.0000000000,0.0000000000,0.0000000000,0.0000000000,0.0000000000,-0.0000000000,-0.0000000000,-0.0000000000,-0.0000000000,0.0000000000,-0.0000000000,-0.0000000000,-0.1713783443,0.0687470782,-0.0000000000,0.0000000000,-0.1317351551,-0.0000000000,0.0000000000,-0.1554741269,0.0000000000,-0.0000000000,0.0591430308,0.0000000000,-0.0000000000,-0.0418139575,-0.0602534788,-0.0000000000,-0.0000000000,0.0000000000,0.2824443421,-0.0000000000
0.0000000000,-0.0000000000,1.7421441140,0.0000000000,0.0000000000,-0.6505182337,-0.0000000000,-0.0000000000,-0.1796842054,-0.0000000000,0.0000000000,-0.0758480652,0.1860200577,-0.0000000000,0.1175935463,0.0000000000,-0.0000000000,-0.0000000000,-0.0000000000,-0.0000000000,-0.0000000000,0.0000000000,-0.0000000000,-0.0000000000,0.0373088665,-0.0000000000,-0.0027686873,0.0000000000,0.0000000000,-0.0000000000,0.0000000000,0.0000000000,-0.0000000000,0.0000000000,0.0406340194,-0.0000000000,0.0000000000,0.0000000000,0.0000000000,-0.0396202017,0.1303054751,0.1684715096,0.0000000000,0.0000000000,-0.0000000000,-0.0000000000,0.0000000000,0.0000000000,-0.0000000000,-0.0000000000,0.0000000000,-0.0000000000,-0.0000000000,-0.0049397087,-0.0870099006,-0.0000000000,-0.0000000000,-0.0000000000,-0.0000000000,0.0000000000,-0.0000000000,0.0325371886,0.0000000000,-0.0563210748,-0.1434163781,0.0000000000,0.0000000000,-0.0870457593,-0.0000000000,0.1454324364,-0.0000000000,0.0000000000,-0.0000000000,-0.0000000000,-0.2538557140,0.0000000000,-0.1084582828,0.0000000000,0.1178866765,-0.0000000000,-0.0000000000,0.1467247352,0.0000000000,0.0619878029,-0.0000000000,0.0000000000,0.0000000000,0.0000000000,-0.0000000000,0.0000000000,0.0019139037,0.0000000000,0.0000000000,0.0000000000,0.0000000000,0.0000000000,-0.0000000000,0.0000000000,-0.0000000000,-0.0000000000
0.0000000000,-0.7970220070,0.0000000000,2.8709250136,-0.1976764475,-0.0000000000,-0.0000000000,-0.0095620340,-0.0000000000,-0.2235739167,0.0691710493,0.0090584988,-0.0000000000,-0.0000000000,-0.0000000000,-0.8420334033,0.0000000000,0.0000000000,0.0000000000,0.0000000000,-0.0000000000,0.0000000000,0.1358662666,0.0000000000,0.0000000000,0.0620954256,-0.0000000000,0.0000000000,0.1676296882,0.0903167836,0.0000000000,-0.0000000000,-0.0000000000,0.0000000000,0.0000000000,0.0000000000,-0.0000000000,-0.0000000000,-0.0000000000,0.0000000000,0.0250556623,0.0000000000,0.0000000000,-0.0000000000,-0.0000000000,-0.0032738104,0.0000000000,0.0000000000,0.0000000000,0.0000000000,0.2520669043,-0.1032277292,-0.0000000000,-0.2993704670,0.0000000000,-0.0000000000,-0.3175228486,0.0000000000,0.0000000000,0.0000000000,-0.0000000000,-0.0000000000,0.0000000000,0.0000000000,0.0584897528,0.0000000000,0.0000000000,0.0000000000,-0.0000000000,-0.0000000000,-0.0000000000,0.0000000000,0.0000000000,0.0000000000,-0.0000000000,-0.0000000000,0.0000000000,0.0000000000,0.0000000000,0.1378329119,-0.0000000000,0.0000000000,0.0000000000,-0.0000000000,-0.5004836521,0.0000000000,0.0000000000,0.0000000000,-0.0000000000,0.0189719703,0.0049700701,0.1012822643,-0.0000000000,0.0000000000,0.0000000000,-0.0653779685,-0.0000000000,0.0000000000,0.0000000000,0.0000000000
-0.0000000000,-0.4649932742,0.0000000000,-0.1976764475,2.5033039463,0.0000000000,0.0000000000,-0.0466552483,-0.0000000000,0.0000000000,-0.0000000000,0.0000000000,0.0000000000,-0.0000000000,-0.0000000000,-0.1600507020,0.0000000000,0.0000000000,0.0000000000,0.0000000000,0.0000000000,-0.0508583476,0.0000000000,0.0000000000,0.0000000000,0.0000000000,0.1247765392,0.0000000000,0.0000000000,0.0000000000,-0.1292311384,0.0952417878,0.0000000000,-0.0000000000,-0.0000000000,0.0000000000,-0.0000000000,-0.0000000000,0.0000000000,0.0176022165,0.0000000000,0.0000000000,-0.0000000000,-0.0000000000,0.1192968210,0.0000000000,0.0000000000,-0.0000000000,0.0000000000,0.0000000000,-0.0000000000,-0.1497857757,-0.0219642882,-0.0088323150,-1.0431372427,-0.0000000000,-0.0000000000,-0.0000000000,-0.0000000000,0.0000000000,0.0000000000,-0.0000000000,0.0876254840,-0.0968951941,0.0000000000,-0.0000000000,0.1430962064,0.0000000000,-0.2693716838,-0.0817199672,-0.0000000000,-0.0211898869,-0.0000000000,0.1483804909,0.0000000000,0.0000000000,0.0000000000,0.0000000000,-0.2115357222,0.2021279588,-0.0000000000,0.0000000000,0.0000000000,-0.0000000000,0.0000000000,0.0000000000,0.0000000000,-0.0773000206,-0.0000000000,0.0000000000,0.0000000000,0.0000000000,-0.0000000000,-0.0000000000,-0.0179400979,-0.0000000000,0.0000000000,-0.0000000000,0.0000000000,0.1841455982
-0.0796318895,-0.0000000000,-0.6505182337,-0.0000000000,0.0000000000,3.1561648432,-0.3093621719,-0.0000000000,-0.0832777304,-0.0000000000,-0.0000000000,-0.0000000000,0.0000000000,-0.0000000000,-0.0000000000,-0.0000000000,0.0000000000,-0.0000000000,0.0074799378,-0.0264900217,-0.2004368553,0.0815007787,0.0000000000,0.0000000000,-0.0000000000,0.0000000000,-0.0000000000,0.0000000000,0.0000000000,-0.0000000000,0.0000000000,-0.0311311687,-0.0000000000,0.0000000000,0.0116660778,-0.0000000000,-0.0000000000,0.0000000000,0.0000000000,-0.0000000000,0.0000000000,0.0000000000,0.0967981931,-0.1115649174,-0.0000000000,-0.0000000000,-0.0000000000,-0.0000000000,-1.0489860010,-0.1033663574,-0.0000000000,-0.0000000000,-0.0000000000,-0.0384918802,-0.3319929448,-0.6681547545,-0.0000000000,0.0000000000,-0.1042100079,0.0000000000,-0.0000000000,0.0000000000,0.0000000000,-0.0000000000,0.0000000000,-0.0000000000,-0.0398820432,0.0000000000,0.0000000000,0.0000000000,-0.0000000000,0.0000000000,0.0000000000,0.0000000000,0.0000000000,0.0000000000,-0.0000000000,0.0000000000,0.0000000000,-0.0000000000,0.0000000000,0.0000000000,0.0545228511,0.0172178528,-0.0000000000,0.1334969528,-0.2061306854,0.0000000000,-0.0000000000,0.0000000000,0.0000000000,0.0000000000,0.0000000000,0.0000000000,0.0000000000,-0.0000000000,-0.0000000000,0.0000000000,-0.2466828762,-0.0000000000
-0.0000000000,0.0000000000,-0.0000000000,-0.0000000000,0.0000000000,-0.3093621719,1.9315182307,-0.3301831969,-0.0000000000,-0.1757655098,-0.0000000000,0.1051295302,0.0934883063,-0.0000000000,-0.0000000000,-0.1259140331,0.0000000000,-0.0000000000,0.0000000000,-0.0535266020,-0.0000000000,0.0000000000,-0.2279600502,-0.0000000000,-0.0000000000,0.1424635673,-0.0000000000,0.0607242573,0.0000000000,0.0000000000,-0.0000000000,-0.0048126968,-0.0429449039,0.0000000000,-0.0000000000,0.0000000000,0.0000000000,-0.0000000000,-0.0618636767,-0.0578206808,-0.1365886026,-0.0000000000,-0.1252625622,-0.0076477436,-0.0000000000,-0.4048705542,-0.0000000000,-0.0174035040,-0.0000000000,-0.0598000583,0.0000000000,-0.0000000000,0.0000000000,0.0000000000,0.0000000000,-0.0468993386,-0.0851087442,-0.0000000000,-0.0000000000,-0.0000000000,-0.0000000000,0.0000000000,0.0000000000,-0.0000000000,0.0000000000,-0.0663496011,-0.2285151844,0.0000000000,0.0000000000,0.0000000000,-0.1074689155,0.1791142649,0.0000000000,-0.0293634590,-0.0000000000,0.0061315734,-0.0933452999,0.1126780990,0.0892302677,0.0000000000,0.0000000000,0.0000000000,0.0016209292,0.0000000000,-0.0000000000,0.0862435285,0.0000000000,0.0000000000,0.1541122313,-0.0000000000,0.0000000000,0.0000000000,-0.0000000000,-0.0000000000,-0.0000000000,-0.0000000000,-0.1295581241,0.2600451238,-0.0000000000,-0.0000000000
-0.0000000000,-0.0000000000,-0.0000000000,-0.0095620340,-0.0466552483,-0.0000000000,-0.3301831969,3.2236935432,-0.0000000000,-0.0000000000,-0.0000000000,0.0000000000,0.0000000000,-0.0000000000,-0.0504210686,-0.1388122357,0.0000000000,-0.8514983475,-0.0000000000,-0.0000000000,0.0000000000,-0.0000000000,-0.0000000000,-0.0000000000,-0.0000000000,0.0000000000,0.0000000000,-0.0000000000,-0.0000000000,0.1012354784,-0.0000000000,0.0000000000,-0.0000000000,-0.1691109067,-0.0000000000,-0.0000000000,-0.0000000000,0.0000000000,-0.0000000000,0.0000000000,0.0000000000,0.0000000000,0.0000000000,0.0000000000,0.0012094321,0.0000000000,0.0000000000,-0.0000000000,0.0000000000,0.0000000000,0.0000000000,-0.3048912488,-0.0000000000,0.0000000000,-0.1194048381,-0.4766718882,-0.7881866498,-0.2987953727,-0.0000000000,0.0000000000,0.0000000000,-0.0000000000,0.0000000000,0.0000000000,0.0000000000,-0.0000000000,-0.0000000000,-0.0000000000,-0.0016873030,-0.2570178687,-0.0000000000,-0.0231020962,-0.0000000000,-0.0000000000,-0.0000000000,-0.0000000000,-0.1694829351,0.0000000000,0.0000000000,0.0000000000,-0.0000000000,0.0993138221,0.0000000000,0.0000000000,-0.0000000000,0.0000000000,0.0000000000,0.0000000000,-0.0000000000,0.0000000000,0.0000000000,-0.0000000000,-0.0000000000,-0.0000000000,-0.0000000000,-0.0000000000,0.0000000000,0.0000000000,-0.0000000000,0.0000000000
0.0375806800,0.0000000000,-0.1796842054,-0.0000000000,-0.0000000000,-0.0832777304,-0.0000000000,-0.0000000000,1.7644707568,-0.1608996932,-0.0000000000,-0.0000000000,0.0000000000,-0.0000000000,-0.0000000000,-0.0692741661,0.0000000000,0.0000000000,0.0985112617,-0.0000000000,-0.0000000000,0.0000000000,0.0000000000,0.0000000000,0.2444800170,-0.0000000000,-0.0652110961,0.0000000000,0.0000000000,-0.0000000000,0.0000000000,-0.0000000000,-0.0000000000,0.0000000000,0.0131328086,-0.2398857411,0.0000000000,-0.0000000000,0.0000000000,-0.0000000000,0.0000000000,0.0998798389,0.0000000000,-0.0000000000,-0.0000000000,-0.0000000000,0.0000000000,-0.0000000000,0.0000000000,-0.0000000000,0.0000000000,-0.1809092088,-0.0000000000,-0.0115579613,-0.0000000000,-0.3102192349,-0.0000000000,-0.3343732285,-0.0000000000,-0.1347755351,-0.0000000000,-0.1713886120,-0.0000000000,0.0000000000,-0.0000000000,-0.0221400862,0.0000000000,0.0000000000,0.0000000000,-0.0000000000,-0.0000000000,0.0000000000,-0.0000000000,-0.0267163593,-0.0000000000,0.0000000000,0.0000000000,-0.0000000000,0.1648746601,0.0000000000,0.0000000000,-0.0000000000,-0.0416686453,0.0000000000,-0.0139236409,-0.0000000000,0.0000000000,-0.0000000000,-0.1889028384,-0.0000000000,0.0000000000,0.0079269126,-0.0260603615,0.0000000000,0.0588210780,0.0000000000,-0.0000000000,0.0000000000,0.0000000000,-0.1318721095
0.0000000000,-0.0000000000,-0.0000000000,-0.2235739167,0.0000000000,-0.0000000000,-0.1757655098,-0.0000000000,-0.1608996932,2.2278213987,0.0000000000,-0.0329083131,-0.0886952224,-0.0000000000,-0.0000000000,-0.4986476928,-0.0000000000,0.0000000000,-0.0000000000,0.0000000000,-0.0000000000,-0.0000000000,-0.0000000000,-0.0446944638,-0.0466710767,0.0000000000,-0.0000000000,0.0000000000,0.0521073087,0.0000000000,-0.0000000000,-0.0007187141,-0.1987947789,-0.0000000000,-0.0000000000,0.0000000000,0.0807767294,-0.1112622758,-0.0000000000,-0.4065174420,0.2549886896,0.0018834963,-0.0000000000,-0.0000000000,-0.0128299786,0.0000000000,0.0000000000,-0.0000000000,0.0000000000,0.0000000000,0.2014885669,0.0000000000,-0.0000000000,-0.0000000000,0.0000000000,-0.0000000000,0.0000000000,0.1293802215,-0.2755973849,-0.0000000000,-0.1525779813,-0.0000000000,0.0000000000,-0.0000000000,-0.0000000000,-0.0735079868,0.0000000000,0.0000000000,-0.0000000000,0.0000000000,0.0000000000,0.0000000000,-0.0000000000,-0.0000000000,-0.0227163850,-0.2834552718,-0.0000000000,-0.0000000000,-0.0000000000,0.0000000000,-0.0859984137,-0.0000000000,-0.0000000000,-0.0000000000,-0.1233475036,-0.0000000000,0.0000000000,0.0000000000,0.0000000000,0.0010897604,0.1480220731,0.0096797279,-0.0000000000,0.0000000000,0.0000000000,0.0000000000,0.0000000000,0.0975156504,0.0000000000,0.0000000000
-0.0000000000,0.0000000000,0.0000000000,0.0691710493,-0.0000000000,-0.0000000000,-0.0000000000,-0.0000000000,-0.0000000000,0.0000000000,2.0160717423,-0.3419038955,0.0000000000,-0.2975359684,-0.5399258273,0.0000000000,0.0000000000,-0.0000000000,0.0710896888,-0.0000000000,-0.0000000000,0.0000000000,-0.0000000000,0.0000000000,-0.0198793954,-0.0000000000,0.6313751844,-0.0000000000,-0.0000000000,-0.1458815138,-0.0000000000,-0.0000000000,-0.0000000000,-0.0000000000,0.0000000000,-0.0705539719,-0.0000000000,0.0000000000,-0.0000000000,0.0956758449,-0.0000000000,-0.1018121376,-0.0000000000,-0.1243296469,0.0000000000,-0.0000000000,0.0000000000,-0.0000000000,-0.0000000000,-0.0000000000,-0.0266619043,-0.0000000000,-0.0000000000,-0.0000000000,-0.0000000000,-0.0000000000,-0.0000000000,-0.0000000000,-0.0000000000,-0.1041299757,0.0638891549,0.0000000000,-0.0449177552,-0.0056087704,-0.0000000000,-0.0000000000,-0.0000000000,0.1261888461,0.0000000000,-0.0243696426,0.0000000000,-0.0000000000,-0.0000000000,-0.0000000000,0.0000000000,-0.0000000000,-0.0000000000,-0.0000000000,0.0000000000,0.0000000000,0.0388321764,0.0000000000,-0.0000000000,-0.0000000000,0.0248138621,0.0000000000,-0.0000000000,-0.0000000000,-0.0830764264,0.0000000000,-0.0000000000,-0.0000000000,0.0000000000,-0.0820439139,-0.2459732310,0.0000000000,-0.0032924593,-0.0000000000,-0.1536431278,-0.0000000000
0.0000000000,-0.0000000000,-0.0758480652,0.0090584988,0.0000000000,-0.0000000000,0.1051295302,0.0000000000,-0.0000000000,-0.0329083131,-0.3419038955,2.0191967786,-0.2099978711,-0.0306638421,-0.0000000000,0.0000000000,-0.0160103526,0.0000000000,0.0767913498,0.0000000000,-0.0000000000,0.0000000000,0.0000000000,-0.3849935683,-0.0000000000,-0.3906157094,0.0354633613,0.0000000000,-0.0000000000,0.0000000000,-0.0000000000,-0.0000000000,0.0000000000,0.1263267801,0.1204832096,-0.0000000000,0.1741536451,0.0000000000,0.0594642242,-0.0000000000,0.0000000000,0.0000000000,0.0000000000,0.0000000000,-0.0759388290,0.0000000000,0.1819577619,0.0190851895,-0.0000000000,0.0000000000,-0.0411324227,0.0000000000,-0.1437341105,-0.0899833309,-0.0000000000,0.0000000000,0.0000000000,0.0000000000,-0.1802410590,-0.0000000000,-0.1600307220,-0.0000000000,-0.0000000000,-0.0000000000,-0.0000000000,0.0000000000,0.0000000000,-0.0000000000,-0.0000000000,0.2634258116,-0.0000000000,0.0000000000,-0.0000000000,-0.0000000000,-0.0000000000,-0.0000000000,-0.0000000000,-0.0000000000,-0.0000000000,-0.0000000000,0.0000000000,0.2409479796,-0.1449154456,0.0000000000,0.0000000000,0.0150089325,0.0000000000,0.0000000000,0.0000000000,0.0000000000,0.0000000000,-0.0000000000,0.0000000000,-0.1039813176,-0.1516330166,0.1337451953,-0.0000000000,0.0000000000,-0.0000000000,0.0000000000
0.0000000000,-0.0000000000,0.1860200577,-0.0000000000,0.0000000000,0.0000000000,0.0934883063,0.0000000000,0.0000000000,-0.0886952224,0.0000000000,-0.2099978711,1.8525189921,-0.0000000000,-0.0000000000,-0.0000000000,-0.4389547814,0.0000000000,0.0781412770,0.0108819463,-0.1099614217,0.0000000000,0.0000000000,0.0000000000,-0.0000000000,-0.0223668760,0.0000000000,0.0000000000,-0.0000000000,0.0000000000,-0.0000000000,-0.0000000000,-0.0000000000,-0.0000000000,0.0000000000,0.0133628651,-0.0000000000,-0.1815128812,-0.0000000000,-0.0000000000,-0.0000000000,0.0000000000,0.0000000000,-0.0000000000,-0.0000000000,-0.0000000000,0.0000000000,0.0000000000,0.0000000000,0.0000000000,0.0000000000,0.0000000000,0.0000000000,0.0000000000,0.0000000000,0.0000000000,-0.0000000000,-0.0000000000,0.0992588568,-0.0000000000,-0.0000000000,-0.8183278300,-0.0109810254,0.0000000000,0.0000000000,0.0000000000,-0.0000000000,-0.0000000000,-0.0000000000,0.0000000000,0.0000000000,-0.0000000000,-0.0000000000,-0.0000000000,0.0000000000,-0.0000000000,0.0000000000,-0.0925881104,-0.0314266584,-0.0000000000,-0.0000000000,-0.0000000000,-0.0000000000,-0.0446067339,-0.0442508848,-0.0000000000,-0.0000000000,0.0763110909,0.0855524473,0.0000000000,0.0000000000,0.0000000000,-0.0000000000,0.0000000000,0.0000000000,0.0000000000,-0.0000000000,0.0000000000,0.0000000000,0.0000000000
-0.0000000000,-0.0764638144,-0.0000000000,-0.0000000000,-0.0000000000,-0.0000000000,-0.0000000000,-0.0000000000,-0.0000000000,-0.0000000000,-0.2975359684,-0.0306638421,-0.0000000000,2.6792932015,-0.3701896450,-0.0478775227,-0.1446940077,-0.0000000000,-0.0000000000,0.0654206666,-0.2602661847,0.0000000000,-0.0193251726,-0.0000000000,-0.0000000000,-0.0000000000,-0.0000000000,0.0000000000,0.0105003449,-0.1748423779,0.0000000000,-0.1935697326,0.0000000000,0.0000000000,0.1352157012,0.0035058598,0.0309833367,-0.2252550390,-0.0000000000,-0.0000000000,0.0000000000,-0.0000000000,-0.0000000000,-0.1359051910,0.0000000000,-0.0000000000,0.0000000000,0.2037025390,-0.0000000000,-0.0000000000,-0.0000000000,-0.0353678317,-0.0000000000,-0.0000000000,-0.0000000000,-0.2372241778,-0.0000000000,-0.0000000000,0.0000000000,-0.1501919060,0.0000000000,-0.0719003009,-0.0000000000,-0.9317643727,-0.1490702020,-0.0000000000,-0.0000000000,-0.0000000000,-0.0000000000,-0.0000000000,0.0000000000,0.0000000000,-0.0000000000,-0.0565691808,-0.0000000000,-0.0000000000,0.0000000000,-0.0780057817,-0.0000000000,-0.0000000000,0.0000000000,0.1214506155,-0.0000000000,0.0000000000,-0.0000000000,-0.0000000000,0.0000000000,0.0794012920,0.0000000000,-0.0000000000,0.0000000000,0.0000000000,-0.0000000000,-0.0000000000,-0.3365314091,0.0000000000,-0.0209813078,-0.0000000000,-0.0000000000,-0.0000000000
-0.0000000000,0.0000000000,0.1175935463,-0.0000000000,-0.0000000000,-0.0000000000,-0.0000000000,-0.0504210686,-0.0000000000,-0.0000000000,-0.5399258273,-0.0000000000,-0.0000000000,-0.3701896450,2.7687091225,-0.0000000000,-0.0000000000,-0.0000000000,0.2124023016,0.0000000000,-0.0741691597,0.0000000000,-0.0000000000,0.0000000000,-0.0000000000,0.0000000000,0.0000000000,-0.0000000000,-0.0000000000,-0.0000000000,-0.0000000000,-0.0000000000,0.0000000000,0.0000000000,-0.0000000000,0.1350780894,0.0857189053,-0.0000000000,-0.0991996049,0.0000000000,-0.0000000000,-0.0000000000,-0.0000000000,-0.1294261987,0.0000000000,-0.0000000000,0.0000000000,-0.0000000000,0.0000000000,0.0000000000,-0.0000000000,-0.0000000000,-0.0000000000,-0.0000000000,0.0000000000,-0.1249633063,-0.0000000000,-0.0000000000,-0.0000000000,-0.4686613343,-0.0000000000,-0.2103998551,-0.2827081763,-0.0000000000,0.0000000000,-0.8949018870,0.0000000000,0.0000000000,0.0000000000,-0.2810572915,0.0319281257,-0.0000000000,-0.0000000000,0.0000000000,0.0000000000,0.0000000000,0.0000000000,-0.1370794848,-0.0000000000,0.0000000000,0.0000000000,0.0000000000,-0.0000000000,-0.0989779705,0.0000000000,0.0000000000,0.0375513272,0.0841416141,0.0000000000,-0.0000000000,-0.0000000000,0.0000000000,-0.0102401413,-0.0000000000,-0.0312132015,-0.0000000000,-0.0000000000,-0.0000000000,-0.0000000000,0.0000000000
-0.0171624075,-0.0000000000,0.0000000000,-0.8420334033,-0.1600507020,-0.0000000000,-0.1259140331,-0.1388122357,-0.0692741661,-0.4986476928,0.0000000000,0.0000000000,-0.0000000000,-0.0478775227,-0.0000000000,2.6793144404,-0.0000000000,-0.0000000000,-0.0000000000,-0.0000000000,0.0000000000,-0.0505915099,-0.3490849225,0.0000000000,-0.0000000000,0.2162644545,-0.0000000000,0.0000000000,0.0000000000,0.0000000000,-0.0546026738,-0.0000000000,-0.4073602735,-0.0364519235,-0.0000000000,-0.0000000000,0.0000000000,-0.1941997361,-0.0000000000,0.0000000000,0.0000000000,0.0350721497,-0.0000000000,-0.0000000000,-0.0000000000,0.0000000000,0.0019401815,-0.0158837098,-0.0000000000,0.0000000000,0.0000000000,-0.1148941093,-0.0000000000,-0.0898187115,0.0000000000,-0.0000000000,-0.0000000000,0.0930626918,0.0000000000,-0.0000000000,-0.0000000000,-0.0000000000,0.0000000000,-0.1173592870,0.0000000000,-0.0000000000,0.0000000000,0.1765966163,-0.0000000000,-0.1010768610,0.0000000000,0.0000000000,-0.0000000000,0.0502817899,-0.0000000000,-0.0000000000,-0.0000000000,0.0000000000,-0.0000000000,0.0000000000,-0.0000000000,-0.0000000000,-0.0876224965,-0.0947532411,-0.0000000000,-0.0000000000,0.0000000000,-0.0000000000,-0.0000000000,0.0000000000,0.1071052326,0.3026318679,-0.0000000000,-0.0000000000,-0.0000000000,0.0000000000,0.0000000000,-0.0000000000,-0.0000000000,0.0000000000
0.0128592108,0.0000000000,-0.0000000000,0.0000000000,0.0000000000,0.0000000000,0.0000000000,0.0000000000,0.0000000000,-0.0000000000,0.0000000000,-0.0160103526,-0.4389547814,-0.1446940077,-0.0000000000,-0.0000000000,2.4207080964,-0.0000000000,-0.5836241301,0.0000000000,-0.0910038847,-0.5522620217,-0.0000000000,-0.3798327704,0.0000000000,-0.0000000000,0.0000000000,-0.0000000000,-0.0000000000,-0.0000000000,-0.0000000000,0.0000000000,-0.0000000000,-0.0000000000,0.0000000000,0.0643421751,0.0000000000,0.0000000000,0.0000000000,0.0000000000,0.0000000000,0.0000000000,-0.2010119852,0.0000000000,-0.0000000000,0.0000000000,0.0000000000,0.0000000000,0.0000000000,0.0000000000,0.0000000000,0.0217948918,0.0000000000,-0.0000000000,0.0000000000,0.0000000000,0.0000000000,0.0000000000,-0.0000000000,-0.1547952420,-0.0000000000,-0.0000000000,-0.0000000000,-0.0000000000,-0.1083528466,-0.0000000000,0.0028442148,-0.1418336358,-0.0000000000,0.0000000000,-0.0000000000,-0.0000000000,-0.0000000000,-0.0000000000,-0.1444311061,-0.1278845845,-0.0000000000,-0.0000000000,-0.0000000000,0.0000000000,-0.0000000000,0.0000000000,-0.0000000000,-0.0000000000,-0.0000000000,0.0000000000,0.0000000000,0.0000000000,0.0000000000,-0.0000000000,0.0000000000,0.1235217391,0.0000000000,0.0000000000,-0.0000000000,0.0000000000,0.0000000000,0.0000000000,0.0000000000,0.0000000000
-0.0000000000,0.0000000000,-0.0000000000,0.0000000000,0.0000000000,-0.0000000000,-0.0000000000,-0.8514983475,0.0000000000,0.0000000000,-0.0000000000,0.0000000000,0.0000000000,-0.0000000000,-0.0000000000,-0.0000000000,-0.0000000000,2.7650700124,-0.2675972264,-0.4288996957,-0.0000000000,-0.0000000000,-0.2311010514,-0.0007075099,-0.0376827299,-0.0456632244,-0.0000000000,-0.0000000000,-0.0000000000,0.0000000000,-0.0000000000,-0.0000000000,0.0000000000,-0.0000000000,-0.0000000000,0.0000000000,0.0000000000,0.0122218839,-0.0000000000,0.0000000000,0.0000000000,-0.0000000000,0.0000000000,0.0406406153,0.0000000000,0.1098337940,0.0218655435,0.0000000000,-0.0000000000,0.0000000000,-0.0414628288,-0.0000000000,-0.0000000000,0.0105328132,-0.0000000000,-0.0000000000,-0.2256271560,-0.0000000000,0.0000000000,0.0000000000,0.0094669250,-0.0000000000,0.0000000000,0.0000000000,0.0000000000,0.0000000000,-0.0883470761,-0.2459623803,-0.0000000000,-0.8329194497,-0.0000000000,-0.0000000000,-0.0000000000,-0.1920774208,-0.0000000000,-0.0000000000,-0.0000000000,0.0000000000,0.0000000000,-0.1734816804,-0.0000000000,0.1312592687,-0.0000000000,0.0000000000,0.0000000000,0.0000000000,0.0000000000,0.0164422253,0.0000000000,0.0000000000,-0.0000000000,-0.0000000000,-0.0000000000,-0.0000000000,-0.0000000000,0.0000000000,0.0000000000,0.0000000000,-0.0000000000,0.0000000000
0.0000000000,0.0000000000,-0.0000000000,0.0000000000,0.0000000000,0.0074799378,0.0000000000,-0.0000000000,0.0985112617,-0.0000000000,0.0710896888,0.0767913498,0.0781412770,-0.0000000000,0.2124023016,-0.0000000000,-0.5836241301,-0.2675972264,1.8318706485,-0.0000000000,-0.0954446619,-0.0000000000,-0.1145542427,-0.0230540118,0.0000000000,0.0000000000,-0.0000000000,-0.0000000000,-0.0000000000,-0.0000000000,0.0017237971,0.0000000000,0.0000000000,-0.0438610708,-0.0000000000,0.0000000000,-0.0000000000,-0.0000000000,-0.0000000000,-0.1347187539,0.2894768584,0.0000000000,-0.0000000000,0.0000000000,0.0949166268,0.0000000000,0.0000000000,0.0000000000,0.0000000000,0.0000000000,-0.0000000000,0.0000000000,0.0000000000,0.0000000000,0.0000000000,0.0000000000,0.0000000000,-0.0000000000,0.0046011231,0.0000000000,0.1053364442,0.0514085856,0.0422531504,0.0000000000,-0.1601658934,0.0000000000,-0.0000000000,-0.2494514385,-0.0000000000,-0.0000000000,-0.0740955427,-0.0000000000,-0.0000000000,-0.0788279713,-0.0599771632,-0.0273494836,-0.1591933520,0.0000000000,-0.0000000000,-0.0000000000,-0.0000000000,-0.0000000000,0.0000000000,0.0000000000,-0.0000000000,-0.0000000000,0.0000000000,0.0000000000,-0.0000000000,-0.0000000000,0.0572161192,0.0000000000,-0.0000000000,0.0000000000,0.0000000000,-0.0000000000,0.0000000000,-0.0000000000,-0.0000000000,-0.0000000000
0.0000000000,0.0000000000,-0.0000000000,0.0000000000,0.0000000000,-0.0264900217,-0.0535266020,-0.0000000000,-0.0000000000,0.0000000000,-0.0000000000,0.0000000000,0.0108819463,0.0654206666,0.0000000000,-0.0000000000,0.0000000000,-0.4288996957,-0.0000000000,2.7683980232,-0.0000000000,-0.0000000000,-0.0000000000,-0.0000000000,0.0000000000,-0.0000000000,-0.0000000000,-0.0000000000,-0.2769056731,0.0000000000,-0.0000000000,-0.0000000000,0.0000000000,-0.0000000000,0.0000000000,-0.0000000000,-0.0000000000,0.0457340943,0.0121798096,0.0000000000,-0.0000000000,-0.0000000000,0.0000000000,0.0000000000,-0.2070987053,-0.0000000000,0.0000000000,-0.0500463939,-0.0000000000,-0.0000000000,-0.0000000000,-0.0833184352,-0.0000000000,-0.1468643124,-0.0703794259,-0.0000000000,-0.0000000000,-0.0000000000,-0.0000000000,0.0046642250,0.0000000000,0.0000000000,0.0000000000,0.3812131235,0.1697423871,0.0000000000,-0.3349149129,0.1816618630,0.0000000000,-0.0000000000,-0.5684887441,0.0401569574,0.0000000000,-0.0000000000,0.0000000000,0.0000000000,-0.5254014839,0.0596785532,0.0000000000,-0.0000000000,0.0000000000,-0.0000000000,-0.0923667581,0.0111483341,-0.0000000000,0.0218728327,-0.0000000000,-0.0298058479,-0.7218779085,-0.0000000000,-0.0000000000,-0.0000000000,0.0000000000,-0.0127747573,0.0000000000,-0.0000000000,-0.0000000000,0.0000000000,-0.0547902226,-0.1313118634
-0.0000000000,-0.0000000000,-0.0000000000,-0.0000000000,0.0000000000,-0.2004368553,-0.0000000000,0.0000000000,-0.0000000000,-0.0000000000,-0.0000000000,-0.0000000000,-0.1099614217,-0.2602661847,-0.0741691597,0.0000000000,-0.0910038847,-0.0000000000,-0.0954446619,-0.0000000000,2.3763619813,0.0000000000,0.0000000000,-0.0000000000,-0.0000000000,-0.0541810371,0.0000000000,0.0000000000,-0.0000000000,-0.0000000000,0.2373675850,-0.4216860795,-0.0000000000,-0.0000000000,0.2024061691,0.0860350251,-0.0000000000,-0.0000000000,-0.1938495600,-0.0905275256,0.0000000000,0.0000000000,-0.0000000000,0.0000000000,0.0000000000,-0.0000000000,0.0000000000,0.0284407092,0.0000000000,0.0000000000,0.0000000000,0.0000000000,0.0000000000,-0.0000000000,0.0000000000,-0.0000000000,-0.0000000000,-0.0000000000,0.0000000000,0.0000000000,-0.0000000000,-0.0000000000,-0.0000000000,0.0000000000,-0.0000000000,-0.0000000000,-0.0000000000,0.0000000000,0.0000000000,-0.0000000000,-0.2813072529,0.0000000000,0.0000000000,-0.0798128857,-0.0470904850,-0.0000000000,-0.0000000000,-0.0000000000,0.0210962627,0.0000000000,-0.0000000000,-0.0000000000,-0.0000000000,-0.0000000000,-0.2355894098,0.0000000000,-0.0290079351,0.2369164377,-0.0021415015,0.0000000000,0.2940888297,0.2455765291,0.0000000000,0.1377543245,0.0000000000,0.0000000000,-0.1451499263,0.0510262371,-0.0000000000,-0.0000000000
0.0000000000,0.0000000000,0.0000000000,0.0000000000,-0.0508583476,0.0815007787,0.0000000000,-0.0000000000,0.0000000000,-0.0000000000,0.0000000000,0.0000000000,0.0000000000,0.0000000000,0.0000000000,-0.0505915099,-0.5522620217,-0.0000000000,-0.0000000000,-0.0000000000,0.0000000000,3.2787800227,-0.0248541885,-0.4734280046,-0.0000000000,0.0000000000,0.0000000000,-0.0473827950,-0.1484331940,0.0952468581,-0.2044254146,0.1712774066,-0.0000000000,-1.1556941031,-0.5632853476,-0.0000000000,-0.0000000000,0.1528561526,0.0000000000,0.0314367839,0.0000000000,0.0000000000,-0.1916414146,0.0000000000,-0.0000000000,0.0000000000,0.0000000000,-0.0848603908,0.0000000000,0.0000000000,0.0000000000,0.0000000000,0.0000000000,0.0000000000,0.0000000000,0.0000000000,0.0000000000,0.0000000000,-0.0041382671,0.0000000000,-0.0000000000,0.0000000000,0.0000000000,-0.0000000000,0.0000000000,0.0000000000,0.0772754262,-0.0000000000,-0.0779077948,-0.0000000000,0.0000000000,-0.0017705815,-0.0000000000,0.0000000000,-0.0281214731,-0.2626667150,-0.0577491487,0.0344806015,-0.0306446828,0.0000000000,-0.0000000000,-0.0000000000,-0.0000000000,-0.0275734813,0.0000000000,0.0000000000,-0.0000000000,-0.0000000000,-0.0000000000,0.0000000000,-0.0000000000,-0.0000000000,-0.0000000000,-0.0000000000,-0.0000000000,0.0000000000,0.2445992995,-0.0000000000,-0.0000000000,0.2413499750
-0.0047814585,0.0181104409,-0.0000000000,0.1358662666,0.0000000000,0.0000000000,-0.2279600502,-0.0000000000,0.0000000000,-0.0000000000,-0.0000000000,0.0000000000,0.0000000000,-0.0193251726,-0.0000000000,-0.3490849225,-0.0000000000,-0.2311010514,-0.1145542427,-0.0000000000,0.0000000000,-0.0248541885,2.6118918453,-0.0000000000,-0.0000000000,-0.3142540675,-0.0000000000,-0.2439374258,0.0002096547,-0.1035770502,-0.0000000000,0.0000000000,-0.0000000000,-0.4533112549,-0.1337200417,-0.0000000000,0.0000000000,-0.0000000000,-0.0000000000,-0.0000000000,-0.0000000000,-0.0000000000,-0.0000000000,-0.0022444013,0.0000000000,0.0000000000,-0.0000000000,-0.2390080745,-0.0000000000,0.0000000000,0.0000000000,-0.0000000000,0.0000000000,0.0000000000,0.0000000000,-0.0000000000,0.0000000000,0.0000000000,-0.2120868270,-0.2476261989,-0.0000000000,0.1131128269,0.0000000000,-0.0000000000,-0.0000000000,-0.2271911988,-0.3278900647,0.0000000000,-0.0000000000,-0.0000000000,-0.0000000000,-0.0000000000,-0.6644449944,-0.0054493486,0.0000000000,-0.0000000000,-0.0000000000,-0.0000000000,-0.0000000000,0.0000000000,0.0000000000,-0.0000000000,-0.0000000000,-0.0000000000,-0.0000000000,-0.0000000000,0.0000000000,-0.0000000000,0.0000000000,-0.0425385146,-0.0000000000,0.0000000000,-0.1452874715,0.0000000000,-0.0000000000,-0.0000000000,-0.0000000000,-0.1892043347,-0.1055940302,0.0000000000
0.0527870564,-0.0000000000,-0.0000000000,0.0000000000,0.0000000000,0.0000000000,-0.0000000000,-0.0000000000,0.0000000000,-0.0446944638,0.0000000000,-0.3849935683,0.0000000000,-0.0000000000,0.0000000000,0.0000000000,-0.3798327704,-0.0007075099,-0.0230540118,-0.0000000000,-0.0000000000,-0.4734280046,-0.0000000000,2.8134139533,-0.0936782988,-0.0000000000,0.0000000000,-0.0000000000,-0.0369042831,0.0000000000,-0.0000000000,0.0000000000,0.4056391257,-0.0000000000,-0.0000000000,0.0184847490,0.0000000000,0.0000000000,0.3013837341,-0.0202400241,0.0000000000,0.0000000000,-0.0014396684,0.0000000000,-0.0801482259,0.0000000000,0.0104408519,0.0000000000,0.0000000000,0.0000000000,-0.0000000000,0.0000000000,-0.0000000000,-0.0000000000,0.0000000000,0.0401132293,0.0000000000,0.0000000000,-0.0996405125,0.0240366971,-0.0000000000,0.0000000000,0.0000000000,0.0000000000,-0.0000000000,0.0000000000,0.0000000000,-0.4983793386,-0.0276552116,0.0000000000,-0.1091612747,-0.0000000000,-0.0000000000,-0.1897680256,-0.6087395452,-0.0000000000,-0.1886507580,0.0000000000,-0.0000000000,-0.0000000000,-0.0396827415,0.0000000000,-0.0672449406,0.0000000000,-0.0000000000,0.0000000000,0.0000000000,-0.0000000000,0.0000000000,-0.0000000000,-0.0000000000,-0.0000000000,-0.1940112058,-0.0000000000,-0.1604304336,-0.0000000000,-0.0000000000,0.0000000000,0.0000000000,0.0000000000
-0.2428285887,-0.1679817307,0.0373088665,0.0000000000,0.0000000000,-0.0000000000,-0.0000000000,-0.0000000000,0.2444800170,-0.0466710767,-0.0198793954,-0.0000000000,-0.0000000000,-0.0000000000,-0.0000000000,-0.0000000000,0.0000000000,-0.0376827299,0.0000000000,0.0000000000,-0.0000000000,-0.0000000000,-0.0000000000,-0.0936782988,2.0696473362,0.0044913404,0.0000000000,0.0432140270,-0.0000000000,0.0076389344,-0.1307526702,-0.0000000000,-0.0000000000,-0.0000000000,0.0000000000,0.0000000000,-0.0000000000,-0.0000000000,-0.2736931278,-0.0118399511,0.0000000000,-0.0483919019,-0.0000000000,-0.0419041511,0.0000000000,-0.0000000000,0.0000000000,0.0153221881,-0.0000000000,0.0000000000,-0.0000000000,0.0000000000,0.0000000000,0.1965094588,0.0000000000,0.0000000000,0.0000000000,0.0367471083,-0.1168501739,0.0000000000,0.0000000000,-0.0000000000,-0.0000000000,-0.0000000000,0.0000000000,-0.0000000000,0.0000000000,-0.0000000000,-0.0000000000,0.0000000000,0.0000000000,-0.2699452109,0.0000000000,-0.0000000000,-0.0527861300,-0.4384382778,-0.1841273917,-0.0000000000,-0.0000000000,-0.1452866018,-0.0104629214,0.1649245614,0.0000000000,-0.0000000000,-0.0000000000,0.0000000000,-0.1847980691,-0.0000000000,0.0000000000,0.3021914593,0.0000000000,-0.7771319051,-0.0000000000,-0.0000000000,-0.0000000000,0.0000000000,0.0000000000,0.0000000000,-0.0000000000,0.0000000000
0.0739155780,0.0000000000,-0.0000000000,0.0620954256,0.0000000000,0.0000000000,0.1424635673,0.0000000000,-0.0000000000,0.0000000000,-0.0000000000,-0.3906157094,-0.0223668760,-0.0000000000,0.0000000000,0.2162644545,-0.0000000000,-0.0456632244,0.0000000000,-0.0000000000,-0.0541810371,0.0000000000,-0.3142540675,-0.0000000000,0.0044913404,1.9991092844,-0.0000000000,-0.0000000000,0.1220049043,-0.3508517563,0.0000000000,0.0000000000,0.0000000000,-0.0000000000,0.0189646708,-0.0000000000,0.0000000000,0.0000000000,0.0000000000,0.0000000000,0.0000000000,-0.1233346302,0.0994436119,-0.0000000000,-0.0110688309,0.0000000000,0.0000000000,0.0000000000,0.0000000000,0.0000000000,-0.0000000000,-0.0000000000,-0.0000000000,-0.0000000000,-0.0000000000,-0.0000000000,-0.0000000000,0.0000000000,-0.0000000000,-0.0000000000,-0.0624686233,0.0000000000,0.0000000000,0.0000000000,0.0000000000,0.0698455980,-0.0996349588,-0.0000000000,0.0000000000,-0.0000000000,-0.1128014474,0.0000000000,-0.2964899032,-0.3759053617,0.0000000000,-0.4736928441,-0.0000000000,-0.1800169147,0.0000000000,-0.0000000000,0.0000000000,0.0000000000,-0.0000000000,0.0797794734,-0.0000000000,0.0000000000,0.0000000000,-0.0000000000,-0.0000000000,-0.0000000000,-0.0678999065,0.0000000000,-0.0000000000,0.0000000000,-0.0000000000,-0.0000000000,-0.0000000000,0.0000000000,-0.0000000000,0.0000000000
0.0707106128,-0.0000000000,-0.0027686873,-0.0000000000,0.1247765392,-0.0000000000,-0.0000000000,0.0000000000,-0.0652110961,-0.0000000000,0.6313751844,0.0354633613,0.0000000000,-0.0000000000,0.0000000000,-0.0000000000,0.0000000000,-0.0000000000,-0.0000000000,-0.0000000000,0.0000000000,0.0000000000,-0.0000000000,0.0000000000,0.0000000000,-0.0000000000,2.1457438200,0.0000000000,0.0000000000,-0.0000000000,0.0270664127,0.0000000000,0.0000000000,0.0752849542,-0.0399336828,-0.0000000000,0.0000000000,-0.0000000000,-0.0000000000,-0.3026635332,-0.0000000000,0.0000000000,0.0000000000,0.0000000000,-0.4755942232,-0.0000000000,-0.0000000000,-0.0000000000,0.0000000000,-0.0000000000,0.0000000000,-0.0206094478,-0.1400257683,-0.0000000000,0.0826121834,0.0000000000,-0.1302218949,0.0000000000,0.0000000000,0.0000000000,0.0000000000,-0.0000000000,0.1262731675,0.1302460144,0.0000000000,-0.0000000000,-0.1102117953,0.0000000000,0.0000000000,-0.0000000000,-0.0000000000,0.0300114620,-0.1705191826,-0.0496918098,0.0000000000,0.0057956194,0.0274836479,0.0000000000,0.0000000000,-0.0000000000,0.0000000000,-0.0000000000,-0.0000000000,0.0000000000,-0.2602956074,-0.2759145415,0.1864588673,0.0000000000,0.0000000000,-0.0000000000,-0.0958962664,-0.0000000000,-0.1758839003,-0.0000000000,0.0000000000,-0.0000000000,-0.0000000000,-0.0000000000,0.0000000000,-0.0000000000
0.0000000000,0.0919425689,0.0000000000,0.0000000000,0.0000000000,0.0000000000,0.0607242573,-0.0000000000,0.0000000000,0.0000000000,-0.0000000000,0.0000000000,0.0000000000,0.0000000000,-0.0000000000,0.0000000000,-0.0000000000,-0.0000000000,-0.0000000000,-0.0000000000,0.0000000000,-0.0473827950,-0.2439374258,-0.0000000000,0.0432140270,-0.0000000000,0.0000000000,2.0815255305,-0.0717823630,-0.2609470093,0.0000000000,0.2402470318,0.0000000000,-0.0000000000,-0.0000000000,-0.0000000000,-0.0538825895,0.0000000000,0.0000000000,0.1521382881,-0.0000000000,-0.0599437612,-0.0000000000,-0.0000000000,-0.0000000000,0.0000000000,-0.0000000000,-0.0000000000,0.0000000000,-0.0000000000,-0.0000000000,-0.0000000000,0.0838990605,0.0841719154,-0.0000000000,0.0000000000,0.1396561926,-0.0000000000,0.0000000000,-0.0417097114,-0.0000000000,0.0000000000,-0.0000000000,0.0000000000,-0.0000000000,0.0000000000,0.0303873512,0.0000000000,0.0000000000,0.0000000000,0.0000000000,0.0000000000,0.0000000000,-0.0000000000,0.0000000000,-0.2132238620,-0.0000000000,-0.0618600696,0.0000000000,0.0104146502,0.0282491870,-0.0000000000,0.0000000000,0.0000000000,-0.0000000000,0.0000000000,-0.0000000000,-0.8795975183,-0.0000000000,-0.0934074132,-0.0000000000,-0.0000000000,0.0000000000,0.0000000000,0.1197273148,-0.3282513231,0.0000000000,-0.0000000000,0.0000000000,0.0000000000
0.0000000000,0.0000000000,0.0000000000,0.1676296882,0.0000000000,0.0000000000,0.0000000000,-0.0000000000,0.0000000000,0.0521073087,-0.0000000000,-0.0000000000,-0.0000000000,0.0105003449,-0.0000000000,0.0000000000,-0.0000000000,-0.0000000000,-0.0000000000,-0.2769056731,-0.0000000000,-0.1484331940,0.0002096547,-0.0369042831,-0.0000000000,0.1220049043,0.0000000000,-0.0717823630,1.8909622872,0.0000000000,-0.0000000000,-0.0000000000,0.0000000000,-0.0000000000,0.0000000000,0.0987266565,-0.0626266993,0.0000000000,0.0000000000,-0.0000000000,-0.0000000000,0.0000000000,-0.0000000000,0.0713377424,-0.0000000000,0.0000000000,0.0519538956,0.0000000000,0.0724435406,0.0000000000,0.0000000000,0.1518219137,0.0000000000,0.0000000000,0.0490464406,0.0000000000,0.0343074843,-0.0158445785,0.0000000000,-0.0000000000,0.0000000000,-0.0000000000,-0.1976563401,0.0000000000,0.0000000000,-0.0000000000,0.0887332871,0.0000000000,0.0000000000,0.0000000000,-0.0000000000,0.0000000000,0.0532783644,-0.0000000000,-0.0000000000,-0.0000000000,-0.9948448529,0.0017976545,0.0000000000,-0.0000000000,-0.0000000000,0.0000000000,-0.0000000000,-0.0000000000,-0.0000000000,0.0000000000,-0.0000000000,-0.0000000000,-0.0322823712,-0.0000000000,0.0000000000,-0.1848325650,0.0000000000,-0.0000000000,0.0000000000,0.0000000000,0.0000000000,0.0088859195,0.0000000000,0.0000000000
