0,1,2,3,4,5,6,7,8,9,10,11,12,13,14,15,16,17,18,19,20,21,22,23,24,25,26,27,28,29,30,31,32,33,34,35,36,37,38,39,40,41,42,43,44,45,46,47,48,49,50,51,52,53,54,55,56,57,58,59,60,61,62,63,64,65,66,67,68,69,70,71,72,73,74,75,76,77,78,79,80,81,82,83,84,85,86,87,88,89,90,91,92,93,94,95,96,97,98,99
1.7128091002,0.0000000000,-0.1253370318,-0.1523035366,0.0000000000,0.0000000000,0.0000000000,0.0000000000,0.3004057192,-0.0000000000,-0.0000000000,-0.0000000000,-0.0000000000,-0.0000000000,-0.0000000000,-0.3213976193,-0.0000000000,0.0000000000,-0.0000000000,-0.0000000000,-0.0000000000,-0.0201483983,-0.2002218163,0.0181495975,0.0000000000,0.0000000000,-0.0000000000,-0.0000000000,0.0000000000,0.0000000000,-0.0000000000,-0.0000000000,-0.0000000000,-0.0287963397,-0.0000000000,0.0000000000,-0.0000000000,-0.2067650070,-0.0000000000,-0.0000000000,0.0000000000,-0.0530785572,-0.1514334581,0.0000000000,0.0000000000,-0.0000000000,-0.0000000000,-0.0216095879,-0.0000000000,-0.0000000000,-0.3526836188,-0.0000000000,0.0000000000,-0.0000000000,0.0000000000,0.0000000000,0.0000000000,0.0000000000,0.0000000000,0.0000000000,0.0000000000,-0.0000000000,0.0000000000,0.0000000000,0.2074349476,0.0000000000,0.0000000000,0.0000000000,0.0000000000,0.0000000000,-0.0000000000,-0.0000000000,0.0000000000,0.0000000000,0.0000000000,0.0000000000,0.0000000000,0.0000000000,-0.0813456880,0.0000000000,0.4771245517,-0.0000000000,-0.0000000000,-0.0000000000,0.0000000000,-0.0000000000,-0.0000000000,0.0000000000,-0.0000000000,0.1736777886,0.0000000000,-0.0528505856,-0.0000000000,-0.0000000000,-0.0000000000,0.0000000000,-0.0000000000,0.0000000000,-0.0000000000,-0.0000000000
0.0000000000,2.7710205779,-0.1943695029,-0.0000000000,-0.3830462403,-0.0000000000,-0.0000000000,-0.0119390908,-0.0000000000,-0.0000000000,0.0162110674,-0.0000000000,-0.0000000000,-0.0000000000,-0.0000000000,-0.4116759493,-0.2257628797,-0.0000000000,-0.0000000000,0.0000000000,0.0000000000,0.0000000000,0.0000000000,-0.0000000000,-0.0000000000,-0.0000000000,0.0000000000,-0.0000000000,0.0000000000,0.0000000000,0.0000000000,-0.0439684218,-0.2811209202,0.0000000000,0.0000000000,0.0000000000,0.0000000000,0.0000000000,0.0000000000,0.2736850659,0.0000000000,0.2608540058,-0.0000000000,-0.0000000000,-0.0000000000,0.0000000000,0.0000000000,0.1619022959,0.0000000000,0.0000000000,-0.1568103179,-0.6338298588,-0.5147217158,-0.1964680493,-0.0680605077,0.0000000000,-0.0000000000,-0.0000000000,-0.0000000000,-0.0000000000,-0.0000000000,-0.0000000000,-0.0144012716,-0.0000000000,-0.0000000000,-0.0000000000,-0.0000000000,-0.0460000158,-0.0000000000,-0.0000000000,0.0000000000,-0.0000000000,-0.0000000000,0.0000000000,-0.0000000000,-0.0000000000,-0.0000000000,-0.0000000000,-0.0000000000,-0.0219465744,-0.0000000000,0.0000000000,0.0000000000,-0.0000000000,-0.0000000000,0.0000000000,0.0000000000,0.0000000000,0.0229463430,0.0000000000,-0.0000000000,0.0000000000,0.0000000000,-0.0000000000,-0.0000000000,0.0000000000,0.0000000000,-0.0000000000,0.0000000000,0.0000000000
-0.1253370318,-0.1943695029,2.4294292643,-0.0000000000,-0.0950683895,-0.6016796901,-0.0000000000,-0.0250708135,-0.0072804681,-0.0000000000,0.0000000000,-0.0276060214,0.0000000000,0.0000000000,0.0000000000,-0.0000000000,-0.0000000000,-0.0000000000,-0.0000000000,-0.0000000000,-0.0000000000,0.0000000000,0.0000000000,0.0000000000,-0.1040835939,-0.0000000000,0.0000000000,0.0000000000,0.0000000000,0.0259428723,0.0000000000,0.0000000000,0.0000000000,-0.0000000000,0.1303551951,-0.0000000000,-0.0000000000,-0.0000000000,0.0000000000,0.0000000000,0.0000000000,-0.1793979717,-0.0000000000,0.0000000000,0.0788861352,0.0000000000,0.1459622004,0.0000000000,-0.0000000000,0.0000000000,-0.2848536943,-0.7168359576,-0.2134779105,-0.0000000000,-0.0000000000,-0.0000000000,-0.0000000000,-0.0000000000,-0.0000000000,-0.0000000000,-0.0000000000,0.0000000000,0.0000000000,0.0000000000,0.0000000000,0.2017866219,-0.0000000000,-0.0000000000,-0.0000000000,-0.0000000000,-0.0000000000,-0.0000000000,-0.0000000000,-0.0000000000,-0.0000000000,-0.0776223206,0.0000000000,-0.0000000000,-0.0000000000,0.0000000000,-0.0000000000,-0.0000000000,0.0000000000,-0.0000000000,-0.0000000000,0.0000000000,-0.0000000000,0.0170351042,0.0000000000,0.0000000000,-0.0000000000,-0.1180124412,-0.0000000000,-0.0342156723,-0.0120813859,0.0439698696,0.0000000000,0.0000000000,0.0000000000,0.0000000000
-0.1523035366,-0.0000000000,-0.0000000000,2.9195192425,-0.6370344809,0.0874884571,-0.0000000000,-0.2192728563,0.0000000000,-0.1424021882,0.0000000000,0.0000000000,-0.0000000000,0.0000000000,-0.0000000000,-0.1416860714,0.0000000000,0.1815349321,0.0000000000,-0.0000000000,0.0224810442,-0.1264535631,-0.0000000000,0.0000000000,-0.0000000000,0.0000000000,-0.0599036940,-0.0000000000,-0.0000000000,0.0000000000,0.0000000000,-0.0000000000,-0.0693041796,-0.0000000000,0.0000000000,0.1582803266,0.0000000000,-0.0000000000,-0.0000000000,0.0000000000,-0.0000000000,0.0000000000,-0.0000000000,0.4475590814,0.0000000000,-0.0625109049,-0.0353490974,0.0000000000,0.0000000000,0.0000000000,-0.0000000000,-0.0000000000,-0.0000000000,-1.1766334397,-0.0000000000,0.0000000000,0.0000000000,0.0000000000,0.0000000000,0.0000000000,0.0151112781,-0.0000000000,-0.0000000000,-0.0000000000,0.0000000000,-0.0000000000,-0.0000000000,0.0000000000,0.0000000000,0.0392118429,-0.0000000000,-0.0000000000,-0.0000000000,0.0443838806,0.0000000000,0.0000000000,-0.0015732887,-0.0000000000,0.0000000000,-0.0000000000,0.0000000000,-0.0000000000,-0.0000000000,-0.0000000000,-0.0966530641,-0.3281335994,0.0000000000,0.0000000000,0.0000000000,-0.0000000000,0.0000000000,0.0000000000,0.0000000000,0.0000000000,-0.0000000000,0.0000000000,-0.5185507040,-0.0886100739,-0.0000000000,-0.0000000000
0.0000000000,-0.3830462403,-0.0950683895,-0.6370344809,4.0414558775,-0.0000000000,-0.0000000000,-0.0926598885,-0.0000000000,-0.0000000000,0.0000000000,-0.0266941474,-0.0869717281,-0.1687197455,-0.0000000000,0.0000000000,-0.0000000000,0.0000000000,0.0000000000,-0.0000000000,0.0000000000,-0.0000000000,-0.0000000000,-0.1436812563,-0.0000000000,-0.0000000000,-0.0000000000,-0.0000000000,-0.0000000000,-0.0000000000,0.0000000000,-0.0000000000,0.0000000000,0.0000000000,0.0000000000,0.0000000000,-0.0000000000,-0.0000000000,0.0000000000,0.0000000000,-0.0000000000,0.0000000000,-0.0000000000,0.0000000000,0.0000000000,-0.0000000000,-0.0000000000,0.1728932936,-0.0000000000,0.0000000000,-0.0000000000,-0.0000000000,-0.0000000000,-1.4104666482,-1.2016330632,0.0000000000,0.0000000000,0.0000000000,-0.0040116256,0.0000000000,0.0000000000,-0.0000000000,-0.0000000000,-0.0000000000,-0.0000000000,-0.0000000000,-0.0000000000,-0.0139560286,-0.0000000000,0.0348345322,0.0000000000,0.0000000000,-0.0000000000,0.0000000000,-0.0000000000,0.0000000000,-0.1854361486,-0.0000000000,-0.0000000000,-0.0784562039,-0.0000000000,0.0000000000,0.2774481870,-0.0000000000,-0.0121558137,0.0000000000,-0.0000000000,0.0000000000,0.0793160101,0.0000000000,-0.0000000000,0.0000000000,0.0000000000,-0.0000000000,-0.0000000000,0.0000000000,0.0000000000,0.0000000000,-0.0000000000,0.0000000000
0.0000000000,-0.0000000000,-0.6016796901,0.0874884571,-0.0000000000,3.0860310908,-0.0000000000,-0.0000000000,-0.0000000000,-0.0000000000,0.0000000000,-0.0000000000,0.1595949602,-0.0000000000,-0.0000000000,-0.0000000000,-0.0000000000,-0.0000000000,-0.1027926063,0.0000000000,0.0000000000,0.0000000000,-0.0000000000,0.0000000000,-0.0000000000,-0.0000000000,0.0000000000,-0.0000000000,0.0000000000,0.0000000000,-0.1388224973,-0.1071371396,-0.0000000000,-0.0000000000,0.0000000000,-0.0034487515,0.0000000000,-0.0000000000,0.0000000000,-0.1859441878,0.0000000000,-0.0360772683,-0.0565152046,-0.0000000000,-0.1436127297,0.1637887007,0.0000000000,0.0000000000,-0.4554281443,0.0000000000,-0.0000000000,-0.0320177058,0.0000000000,0.0000000000,-1.1785321273,-0.9900758216,-0.0000000000,-0.0000000000,-0.1779555007,-0.0565841300,0.0000000000,0.0000000000,0.0000000000,-0.2072702783,-0.0000000000,0.0000000000,-0.0000000000,-0.0000000000,-0.0000000000,-0.0000000000,0.0000000000,0.0000000000,-0.0000000000,0.0000000000,-0.0000000000,-0.0000000000,0.0000000000,-0.0000000000,-0.0000000000,-0.0000000000,0.0000000000,0.0000000000,-0.0000000000,0.0000000000,0.0000000000,0.0921005355,0.0269356233,0.0000000000,0.0000000000,0.0000000000,0.0000000000,0.0000000000,-0.0000000000,-0.0267595393,-0.0000000000,0.0000000000,0.0000000000,0.0541342143,-0.0000000000,0.0000000000
0.0000000000,-0.0000000000,-0.0000000000,-0.0000000000,-0.0000000000,-0.0000000000,3.2603859426,-0.4873826863,-0.0000000000,-0.0000000000,-0.0000000000,-0.0000000000,-0.0000000000,0.0000000000,-0.0000000000,-0.8708980203,-0.0000000000,-0.0000000000,-0.0000000000,0.0000000000,-0.0000000000,-0.0000000000,-0.0000000000,-0.0000000000,0.0000000000,-0.0000000000,0.0000000000,-0.0000000000,0.0000000000,-0.0412901667,0.0205879584,0.0000000000,0.0000000000,-0.0000000000,0.0000000000,-0.0000000000,0.0000000000,0.0000000000,-0.0283274888,-0.1720941576,-0.0000000000,-0.0000000000,0.0000000000,0.0000000000,0.0000000000,-0.0000000000,-0.0000000000,0.0000000000,0.0000000000,0.0000000000,0.0388380739,-0.0000000000,-0.3437129741,0.0000000000,-0.0000000000,-0.0000000000,-0.5344439506,-0.0000000000,-0.0000000000,-0.0000000000,-0.0147200566,-0.0000000000,-0.0000000000,0.0000000000,-0.1334663441,-0.0000000000,-0.0770016721,-0.0000000000,-0.0000000000,-0.3002235274,-0.3164232082,-0.0744611466,-0.0000000000,0.0000000000,-0.3833394656,-0.3662565832,-0.0000000000,-0.0000000000,0.0000000000,0.0827433671,-0.0000000000,-0.0000000000,-0.0000000000,-0.0000000000,-0.0000000000,-0.0000000000,-0.0000000000,0.0000000000,-0.0000000000,-0.0000000000,-0.0000000000,0.0000000000,0.0000000000,0.0000000000,0.0000000000,-0.0000000000,-0.0000000000,-0.0000000000,0.0000000000,0.0000000000
0.0000000000,-0.0119390908,-0.0250708135,-0.2192728563,-0.0926598885,-0.0000000000,-0.4873826863,3.8550066926,-0.0337124751,-0.0000000000,0.0000000000,-0.0000000000,-0.0000000000,0.0000000000,0.0000000000,-0.3243406818,-0.0000000000,-0.1454458279,0.0000000000,-0.0000000000,-0.0000000000,-0.0000000000,-0.0593015643,-0.0000000000,0.0000000000,-0.0000000000,0.0000000000,0.0000000000,0.0000000000,-0.0000000000,-0.0000000000,-0.0000000000,0.0000000000,-0.0000000000,-0.0000000000,0.0000000000,0.0009074459,0.0000000000,0.0000000000,0.0000000000,0.0000000000,0.0000000000,-0.0000000000,0.2645996962,0.1439510135,0.0000000000,-0.0000000000,0.0000000000,0.0000000000,0.2137959115,-0.0000000000,-0.0000000000,-0.0000000000,-0.0000000000,-0.0000000000,-0.0000000000,-1.1781616551,-0.6338925044,-0.0000000000,0.0000000000,0.0000000000,0.0000000000,-0.0000000000,0.0000000000,-0.0000000000,0.0000000000,-0.0338995768,-0.0000000000,-0.0000000000,-0.0000000000,-0.0000000000,-0.0000000000,-0.3751630871,0.0000000000,-0.0156829424,0.0000000000,-0.0000000000,-0.0000000000,0.0000000000,-0.0000000000,-0.0000000000,0.0000000000,0.0000000000,-0.0000000000,-0.0000000000,0.0000000000,0.0809697120,0.0000000000,0.0000000000,0.0000000000,0.0000000000,0.0000000000,0.0893004180,0.0000000000,-0.0000000000,0.3681466164,-0.0000000000,0.0000000000,0.1102241060,0.0353199425
0.3004057192,-0.0000000000,-0.0072804681,0.0000000000,-0.0000000000,-0.0000000000,-0.0000000000,-0.0337124751,3.9679189039,-0.0000000000,0.0052789350,-0.0000000000,0.0000000000,0.0000000000,0.0000000000,0.0000000000,0.0000000000,-0.0000000000,0.0000000000,-0.0000000000,0.0000000000,-0.0000000000,0.0000000000,-0.0000000000,0.0000000000,-0.3602190291,-0.0000000000,-0.0000000000,-0.0000000000,-0.0000000000,-0.0000000000,0.0000000000,0.0000000000,-0.0000000000,-0.0000000000,-0.0000000000,0.0000000000,0.0000000000,0.0000000000,-0.0000000000,0.0000000000,0.0000000000,0.0000000000,0.0000000000,0.0000000000,0.0000000000,0.0000000000,0.2486768769,0.0000000000,0.0000000000,0.0000000000,-0.1224127584,-0.0000000000,0.0000000000,-0.3494551137,-0.7547723304,-0.4382471537,-2.0136744693,-0.0000000000,0.0000000000,0.0000000000,0.0000000000,-0.2224256075,0.0000000000,0.0000000000,0.0000000000,-0.0000000000,-0.0000000000,0.0000000000,-0.0000000000,-0.0000000000,-0.0000000000,-0.0000000000,-0.0022488252,-0.0000000000,-0.0000000000,-0.0000000000,-0.0000000000,0.0000000000,-0.0000000000,-0.0000000000,0.0000000000,0.0000000000,0.1014941152,-0.0000000000,-0.0000000000,0.0000000000,0.0000000000,-0.0000000000,-0.0000000000,-0.0000000000,0.1925735760,-0.0000000000,0.1567973945,0.0000000000,0.0233620599,0.0000000000,0.0000000000,0.0000000000,0.0000000000
-0.0000000000,-0.0000000000,-0.0000000000,-0.1424021882,-0.0000000000,-0.0000000000,-0.0000000000,-0.0000000000,-0.0000000000,2.0512613534,-0.0556520016,-0.0495862024,0.0000000000,0.0000000000,-0.0000000000,-0.1210599702,-0.0000000000,0.0321896812,-0.0000000000,0.0084911017,0.1255728762,0.0000000000,-0.0000000000,-0.0000000000,-0.0000000000,0.0000000000,0.0000000000,0.0000000000,0.0279781543,0.0805222195,-0.0233364972,-0.1490849342,-0.0641790867,-0.0000000000,-0.0000000000,0.0000000000,0.0000000000,0.0000000000,0.0000000000,-0.2819578240,0.0000000000,0.0000000000,-0.0761011075,0.0000000000,-0.0616703635,0.0000000000,-0.0000000000,0.0000000000,-0.0000000000,0.0000000000,0.1126791714,0.0000000000,0.0000000000,0.0000000000,-0.0000000000,-0.0000000000,0.0000000000,0.0000000000,-0.3632859040,-0.5444191678,-0.0000000000,0.0000000000,-0.0000000000,0.0000000000,0.0000000000,-0.0356666509,-0.0202784710,-0.0000000000,0.0000000000,0.0000000000,0.0000000000,-0.3801676521,-0.0044097130,-0.0000000000,-0.0000000000,-0.2899338378,0.0000000000,-0.0000000000,0.0000000000,0.1121378042,-0.0000000000,0.0000000000,-0.0000000000,-0.0000000000,-0.0000000000,-0.2963547701,0.0000000000,0.0000000000,-0.0000000000,-0.0000000000,0.1193389299,0.1050211216,-0.0180933562,-0.0000000000,-0.0000000000,-0.0000000000,-0.0000000000,-0.0000000000,-0.0604551068,0.0000000000
-0.0000000000,0.0162110674,0.0000000000,0.0000000000,0.0000000000,0.0000000000,-0.0000000000,0.0000000000,0.0052789350,-0.0556520016,1.5966852017,-0.2364342509,0.0000000000,0.0000000000,-0.0000000000,-0.0000000000,0.0412877717,0.0000000000,0.0000000000,-0.0000000000,-0.0000000000,-0.0000000000,-0.0000000000,-0.0553451807,-0.0000000000,-0.0000000000,-0.0000000000,-0.0000000000,-0.0000000000,-0.0000000000,0.0000000000,0.0601235545,0.0000000000,-0.0000000000,-0.3688761085,-0.0000000000,-0.0000000000,0.0000000000,-0.0000000000,-0.2502265461,-0.0000000000,-0.1513464339,-0.0000000000,0.0000000000,-0.0000000000,-0.0824303284,0.0000000000,-0.0000000000,-0.0000000000,0.0000000000,0.0000000000,-0.0000000000,-0.0000000000,-0.0000000000,0.0000000000,-0.0000000000,0.0000000000,0.0000000000,-0.1002351364,-0.3632806986,-0.0000000000,0.0000000000,0.0000000000,0.0393950847,0.0000000000,0.0000000000,-0.0000000000,0.0000000000,0.0000000000,0.0000000000,0.0000000000,0.0000000000,-0.0000000000,-0.0000000000,0.0000000000,-0.0000000000,-0.0000000000,-0.0000000000,0.0000000000,0.0391566064,0.0000000000,0.0154385119,-0.0000000000,-0.0000000000,0.0000000000,-0.0000000000,0.0000000000,-0.0000000000,0.0000000000,0.0000000000,0.0000000000,0.0000000000,-0.0000000000,-0.0574657836,-0.1338996218,-0.0000000000,-0.0000000000,0.0000000000,-0.0000000000,0.0000000000
-0.0000000000,-0.0000000000,-0.0276060214,0.0000000000,-0.0266941474,-0.0000000000,-0.0000000000,-0.0000000000,-0.0000000000,-0.0495862024,-0.2364342509,2.5400916259,-0.0000000000,-0.1946162456,-0.0000000000,-0.0000000000,-0.0000000000,-0.0000000000,-0.0000000000,0.2502645301,-0.0000000000,0.0000000000,0.0000000000,-0.5350773879,0.0000000000,-0.5077977661,0.0000000000,0.0000000000,0.0000000000,0.0000000000,0.0000000000,0.0000000000,0.0000000000,-0.0000000000,0.0000000000,-0.0000000000,-0.0000000000,0.0000000000,-0.0000000000,-0.0000000000,0.0000000000,-0.1145529437,-0.0000000000,0.0000000000,0.0000000000,0.0000000000,0.1558978438,0.0000000000,-0.0000000000,0.0000000000,-0.0000000000,-0.0000000000,-0.0951648717,-0.2100503947,-0.1599058425,-0.0000000000,-0.0000000000,-0.0000000000,-0.0558078966,-0.1913956171,-0.3682947628,-0.0000000000,-0.0000000000,0.0000000000,-0.0000000000,-0.0000000000,0.0000000000,-0.0000000000,-0.0000000000,-0.0000000000,0.0000000000,-0.0000000000,0.0000000000,0.0000000000,-0.1128260502,-0.0032346200,0.0000000000,-0.0000000000,0.0000000000,-0.0000000000,-0.0000000000,-0.0000000000,0.0000000000,-0.1118109715,0.0000000000,0.0000000000,0.0000000000,0.0286422915,0.0000000000,0.0353037736,-0.0072718358,0.0000000000,-0.1172000880,-0.0000000000,-0.0000000000,0.0000000000,0.0000000000,0.0000000000,-0.0000000000,0.0000000000
-0.0000000000,-0.0000000000,0.0000000000,-0.0000000000,-0.0869717281,0.1595949602,-0.0000000000,-0.0000000000,0.0000000000,0.0000000000,0.0000000000,-0.0000000000,2.6717764774,-0.1740964081,0.0000000000,-0.0000000000,-0.0000000000,0.0000000000,-0.0000000000,0.0000000000,-0.0251792960,-0.5436367332,-0.0834442839,-0.0000000000,0.0000000000,-0.0599534963,-0.0000000000,-0.1724581890,-0.0000000000,-0.1356023534,0.0000000000,0.0000000000,0.0000000000,0.0000000000,-0.0000000000,0.3022663028,0.1038630029,0.0000000000,0.0000000000,0.0000000000,0.0000000000,0.0000000000,0.0000000000,0.0000000000,0.0000000000,-0.0000000000,-0.0000000000,0.0000000000,0.0000000000,0.0000000000,0.0000000000,0.0000000000,-0.0000000000,-0.1059405671,-0.0000000000,0.2963604589,-0.0000000000,0.0000000000,0.0283800970,0.0000000000,0.0000000000,-0.8346585003,-0.5914194873,-0.0000000000,0.0000000000,0.0000000000,0.0000000000,-0.0203418676,-0.0000000000,0.0000000000,0.0000000000,-0.0000000000,0.0000000000,0.0000000000,0.0000000000,0.0000000000,-0.0000000000,-0.0000000000,0.0000000000,0.0000000000,0.0068737704,0.0510655712,0.0000000000,0.0000000000,-0.0000000000,-0.0000000000,0.0000000000,-0.0000000000,0.0000000000,0.0000000000,0.0000000000,0.0202692419,0.0000000000,0.0000000000,0.0000000000,0.0000000000,0.0000000000,0.0000000000,-0.0000000000,0.0000000000
-0.0000000000,-0.0000000000,0.0000000000,0.0000000000,-0.1687197455,-0.0000000000,0.0000000000,0.0000000000,0.0000000000,0.0000000000,0.0000000000,-0.1946162456,-0.1740964081,3.7148851600,-0.5178988833,0.0000000000,-0.0000000000,0.0000000000,-0.6325138360,0.0175296719,-0.0000000000,0.0000000000,-0.0000000000,-0.0000000000,0.0000000000,0.0000000000,-0.0000000000,-0.0000000000,0.0000000000,-0.0592357784,-0.0000000000,0.0000000000,-0.0000000000,0.0000000000,0.0000000000,0.0000000000,0.0000000000,-0.0000000000,0.0000000000,0.0000000000,0.0000000000,0.0000000000,0.0000000000,-0.1975855262,-0.0000000000,0.0000000000,0.0000000000,0.0000000000,-0.0000000000,-0.0000000000,-0.0000000000,0.0000000000,-0.0000000000,0.0000000000,-0.0689923111,0.0027255086,0.0000000000,0.1459918976,-0.0000000000,-0.0000000000,-0.0000000000,-0.0000000000,-0.0905872546,-1.5938258246,-0.6011491489,-0.0250990903,0.0331183081,-0.0210590422,0.0000000000,0.1187156926,0.0000000000,0.0118189319,-0.0000000000,0.0466002744,-0.0000000000,0.0000000000,-0.0000000000,-0.0000000000,-0.0000000000,0.0000000000,0.0000000000,0.0000000000,0.0952112389,0.1767124524,0.0729763719,0.0000000000,0.0000000000,0.0000000000,0.0000000000,0.0000000000,0.0000000000,0.0000000000,-0.0000000000,0.0460296060,0.0753278760,0.0000000000,0.3802748961,0.0000000000,0.0000000000,0.0000000000
-0.0000000000,-0.0000000000,0.0000000000,-0.0000000000,-0.0000000000,-0.0000000000,-0.0000000000,0.0000000000,0.0000000000,-0.0000000000,-0.0000000000,-0.0000000000,0.0000000000,-0.5178988833,3.7609783884,0.0000000000,0.0000000000,0.0000000000,-0.0000000000,-0.0000000000,-0.0408151935,0.0000000000,-0.0000000000,-0.0016658980,0.0341159618,0.0000000000,-0.0000000000,-0.0000000000,-0.0000000000,-0.0621216539,-0.0000000000,0.0000000000,-0.0000000000,0.0000000000,0.0000000000,-0.0000000000,-0.0000000000,-0.0000000000,-0.0000000000,-0.2261285295,-0.1700168454,0.2088611423,-0.0000000000,-0.0000000000,-0.0055219860,-0.0000000000,-0.0000000000,-0.0000000000,-0.0000000000,-0.0000000000,0.0000000000,0.0000000000,-0.0000000000,0.0000000000,-0.0074865675,-0.0000000000,0.0453571114,0.0000000000,-0.0000000000,-0.0000000000,-0.1296106015,-0.0000000000,-0.0000000000,-0.0000000000,-0.0000000000,-2.2127958167,-0.0000000000,0.0960736246,0.0702762899,0.0000000000,-0.3906985270,0.0000000000,0.0000000000,-0.0000000000,0.0000000000,0.0000000000,-0.0000000000,-0.4538327553,-0.0166582787,0.0000000000,0.0000000000,0.0000000000,0.0000000000,0.0000000000,0.0000000000,0.0000000000,-0.0922486387,0.0000000000,-0.0000000000,-0.0000000000,0.0000000000,0.0000000000,-0.0000000000,0.0343250558,-0.0000000000,-0.3448113377,-0.0000000000,-0.0000000000,-0.0000000000,-0.0000000000
-0.3213976193,-0.4116759493,-0.0000000000,-0.1416860714,0.0000000000,-0.0000000000,-0.8708980203,-0.3243406818,0.0000000000,-0.1210599702,-0.0000000000,-0.0000000000,-0.0000000000,0.0000000000,0.0000000000,2.8946953263,-0.1458427019,-0.0000000000,-0.0000000000,-0.0000000000,-0.0000000000,-0.0000000000,-0.0000000000,-0.0000000000,-0.0000000000,0.0000000000,0.0620428527,-0.0000000000,0.0493555957,0.0000000000,0.0000000000,-0.0000000000,-0.5611306790,-0.2823357038,-0.0000000000,0.0000000000,-0.0000000000,-0.0000000000,-0.0000000000,-0.0000000000,-0.0000000000,-0.0000000000,-0.2799339919,0.0000000000,0.0000000000,-0.0000000000,-0.0000000000,-0.0000000000,0.0000000000,0.0000000000,-0.0000000000,-0.1621592695,-0.2348523405,0.0000000000,0.0000000000,0.1961542906,-0.0000000000,0.0000000000,-0.0000000000,-0.0000000000,-0.0000000000,-0.0000000000,0.0000000000,0.0000000000,-0.0000000000,-0.0000000000,-0.0000000000,-0.0000000000,-0.0000000000,-0.0000000000,-0.0000000000,-0.0000000000,-0.0000000000,0.0467354722,-0.0000000000,-0.0175391546,0.0000000000,-0.0000000000,-0.0000000000,0.0000000000,-0.0000000000,-0.0000000000,-0.0000000000,-0.4125388250,-0.0000000000,-0.0000000000,-0.0000000000,-0.0000000000,0.1490631514,0.0619282182,0.0000000000,-0.0000000000,0.0000000000,-0.0000000000,-0.0000000000,0.0000000000,0.0000000000,-0.0000000000,0.0000000000,0.0000000000
-0.0000000000,-0.2257628797,-0.0000000000,0.0000000000,-0.0000000000,-0.0000000000,-0.0000000000,-0.0000000000,0.0000000000,-0.0000000000,0.0412877717,-0.0000000000,-0.0000000000,-0.0000000000,0.0000000000,-0.1458427019,3.0471353842,-0.0050025630,-0.5952711953,0.1137691256,-0.1302799509,0.0721103320,-0.0000000000,-0.0000000000,0.0000000000,0.0000000000,0.7498622271,0.0000000000,0.0000000000,0.0000000000,0.0000000000,-0.1244913400,0.0000000000,-0.0000000000,0.0000000000,0.0000000000,0.0000000000,0.2652238238,0.0000000000,0.0000000000,0.0000000000,0.2362456227,0.0000000000,0.0000000000,0.0000000000,0.0000000000,0.0000000000,0.0000000000,0.0000000000,0.0000000000,-0.0227481657,0.0000000000,-0.0000000000,0.0000000000,0.0000000000,0.2424083427,-0.0000000000,0.0000000000,0.0000000000,0.0000000000,-0.3663225148,-0.2249839381,0.0000000000,0.0000000000,-0.0000000000,0.0000000000,-0.0000000000,-0.2591505031,-0.0000000000,-0.0000000000,0.0000000000,-0.0882192315,-0.0081066932,0.0000000000,-0.6720761069,-0.0000000000,-0.0000000000,-0.0000000000,0.0000000000,0.0000000000,-0.0000000000,-0.0000000000,0.0000000000,-0.0000000000,0.0000000000,0.0000000000,0.0000000000,0.0000000000,0.0000000000,0.0470259845,0.0000000000,-0.0000000000,0.0014287828,0.0000000000,0.0000000000,0.0000000000,0.0000000000,0.0000000000,0.0000000000,0.0000000000
0.0000000000,-0.0000000000,-0.0000000000,0.1815349321,0.0000000000,-0.0000000000,-0.0000000000,-0.1454458279,-0.0000000000,0.0321896812,0.0000000000,-0.0000000000,0.0000000000,0.0000000000,0.0000000000,-0.0000000000,-0.0050025630,3.5640159993,-0.0000000000,-0.2799956216,-0.0000000000,-0.0000000000,-0.0675860615,-0.0000000000,0.2361190101,0.0000000000,0.0000000000,-0.0000000000,0.0000000000,0.0000000000,-0.0000000000,-0.0000000000,0.0000000000,-0.8679035792,-0.0000000000,-0.8242631586,-0.0000000000,0.0808454070,0.0000000000,0.0000000000,-0.0000000000,-0.0000000000,-0.0000000000,-0.0000000000,0.0000000000,0.0000000000,0.0000000000,-0.0461683140,-0.0000000000,-0.0000000000,-0.0000000000,-0.0000000000,-0.0000000000,0.0000000000,-0.0000000000,-0.0000000000,-0.3776227267,-0.0000000000,0.0000000000,0.0000000000,0.0000000000,0.0000000000,0.0670723904,0.1839204097,-0.0000000000,0.0969932502,-0.0000000000,-0.0000000000,-0.0950370225,-1.2083094285,-0.0000000000,-0.0000000000,-0.0000000000,0.0000000000,-0.0936837930,0.0000000000,0.0000000000,0.0000000000,-0.0000000000,-0.0000000000,-0.0000000000,-0.0000000000,0.0000000000,-0.0000000000,0.3654767749,0.5656221020,-0.0000000000,-0.0000000000,-0.0000000000,0.1774108580,-0.0201819189,0.0000000000,0.0817422582,-0.0000000000,-0.0000000000,-0.0000000000,0.0000000000,0.0000000000,0.0000000000,0.0000000000
-0.0000000000,-0.0000000000,-0.0000000000,0.0000000000,0.0000000000,-0.1027926063,-0.0000000000,0.0000000000,0.0000000000,-0.0000000000,0.0000000000,-0.0000000000,-0.0000000000,-0.6325138360,-0.0000000000,-0.0000000000,-0.5952711953,-0.0000000000,2.2889018919,0.0000000000,-0.2363412186,-0.0000000000,-0.1263840256,0.0000000000,0.0511034776,0.0162230628,0.0000000000,-0.0898645156,0.2032749233,-0.0000000000,-0.0000000000,-0.0000000000,-0.0536233889,-0.3340399735,-0.0000000000,-0.0000000000,0.0000000000,-0.0000000000,0.0000000000,0.0000000000,-0.0000000000,-0.0000000000,0.0000000000,-0.0000000000,-0.0000000000,-0.0000000000,0.0000000000,-0.0000000000,-0.2177621555,-0.0000000000,-0.0119640722,-0.0000000000,-0.0000000000,0.0000000000,-0.0000000000,0.0000000000,-0.0000000000,0.0000000000,0.0000000000,-0.0000000000,-0.0000000000,-0.1183803604,-0.0000000000,-0.1699233832,-0.0000000000,0.0000000000,-0.0000000000,-0.3362056505,-0.0199822975,-0.0000000000,-0.0000000000,-0.0000000000,-0.0000000000,0.0322958713,-0.0325311823,0.0000000000,-0.0000000000,-0.0066162497,0.0000000000,0.1229920256,0.1041034555,-0.0000000000,-0.0000000000,-0.0000000000,0.2861873420,0.0000000000,0.0000000000,-0.0000000000,-0.0000000000,0.0000000000,0.0000000000,0.0000000000,0.0109224045,0.0000000000,0.0000000000,-0.0000000000,0.0000000000,-0.0000000000,-0.0000000000,-0.0553897377
-0.0000000000,0.0000000000,-0.0000000000,-0.0000000000,-0.0000000000,0.0000000000,0.0000000000,-0.0000000000,-0.0000000000,0.0084911017,-0.0000000000,0.2502645301,0.0000000000,0.0175296719,-0.0000000000,-0.0000000000,0.1137691256,-0.2799956216,0.0000000000,2.2445201517,-0.0000000000,-0.0000000000,-0.2599300151,0.0000000000,-0.0000000000,0.0000000000,-0.2400307064,-0.0000000000,-0.0000000000,-0.0000000000,0.0000000000,0.0073170008,-0.0000000000,-0.0000000000,-0.0000000000,-0.2790049758,-0.0000000000,0.0000000000,0.0848776333,0.0000000000,-0.0000000000,-0.0000000000,0.0000000000,-0.0153746274,-0.0000000000,-0.0000000000,-0.0000000000,-0.3301224460,-0.0767009011,-0.1556245650,-0.0514045790,-0.0000000000,-0.0000000000,-0.0609093418,-0.0000000000,-0.0000000000,0.0000000000,0.0000000000,-0.0000000000,0.0000000000,0.0158875945,0.0323620012,0.1574937223,0.0000000000,0.0000000000,0.0000000000,-0.0000000000,0.0512460350,0.0000000000,-0.0000000000,-0.4706535695,0.0000000000,-0.0000000000,-0.0000000000,0.0000000000,0.0000000000,-0.0000000000,0.0000000000,-0.0000000000,0.0000000000,0.0000000000,0.0000000000,0.0000000000,0.0000000000,0.0000000000,0.0000000000,-0.0502333837,0.0000000000,-0.2390539663,-0.0000000000,-0.0000000000,-0.0000000000,0.0000000000,0.0000000000,0.0697379529,-0.0000000000,-0.0000000000,-0.2333631898,-0.0217906208,-0.0000000000
-0.0000000000,0.0000000000,-0.0000000000,0.0224810442,0.0000000000,0.0000000000,-0.0000000000,-0.0000000000,0.0000000000,0.1255728762,-0.0000000000,-0.0000000000,-0.0251792960,-0.0000000000,-0.0408151935,-0.0000000000,-0.1302799509,-0.0000000000,-0.2363412186,-0.0000000000,2.3184318526,0.0000000000,-0.2163994539,-0.1442809881,0.0333745105,0.0000000000,0.0000000000,-0.2144613417,-0.0000000000,-0.0929184602,-0.0000000000,0.0000000000,0.0398479887,-0.0000000000,0.2454138899,-0.0000000000,-0.0000000000,0.0000000000,0.0000000000,0.0000000000,0.0000000000,-0.0000000000,0.0000000000,-0.0000000000,0.0000000000,0.0000000000,0.0000000000,-0.0000000000,0.4250908967,0.0000000000,0.0000000000,0.0459556124,-0.0000000000,0.0000000000,0.1286906029,0.0844238708,-0.0000000000,0.0000000000,0.0877996331,-0.0000000000,-0.0000000000,-0.0000000000,0.1647403001,0.0000000000,-0.0000000000,-0.0000000000,0.0000000000,0.1153214153,-0.0000000000,-0.1941975854,-1.1089496075,-0.0150356516,-0.0000000000,0.0000000000,-0.0342859935,-0.0000000000,-0.0000000000,-0.0000000000,-0.0000000000,0.0000000000,0.0000000000,-0.0000000000,0.1980763303,0.0000000000,0.0000000000,0.0000000000,-0.0000000000,0.0000000000,-0.0000000000,0.0832436980,0.1848122438,-0.0000000000,0.0340042545,0.0755474981,0.0000000000,-0.0000000000,0.0000000000,0.0000000000,0.0913609713,0.0000000000
-0.0201483983,0.0000000000,0.0000000000,-0.1264535631,-0.0000000000,0.0000000000,-0.0000000000,-0.0000000000,-0.0000000000,0.0000000000,-0.0000000000,0.0000000000,-0.5436367332,0.0000000000,0.0000000000,-0.0000000000,0.0721103320,-0.0000000000,-0.0000000000,-0.0000000000,0.0000000000,2.8279139633,-0.3981409209,-0.0000000000,0.0000000000,-0.2933266331,-0.0765449679,-0.0000000000,0.0000000000,-0.4535543108,-0.0000000000,0.0000000000,-0.0000000000,-0.2567867380,-0.8410617566,0.0000000000,0.0000000000,-0.0000000000,-0.3086477533,-0.0000000000,0.0000000000,-0.2322038048,-0.1136569320,0.0387633335,-0.0000000000,-0.0000000000,-0.0000000000,-0.0000000000,0.0000000000,0.0000000000,0.0000000000,-0.4839877004,0.0000000000,-0.0000000000,-0.0762209483,-0.0000000000,-0.0000000000,0.0000000000,0.0000000000,-0.0000000000,0.1351825301,0.0000000000,-0.0000000000,0.0000000000,0.0000000000,0.0000000000,0.1382822650,-0.0000000000,-0.0000000000,0.0000000000,0.0308278387,-0.0000000000,0.0000000000,0.1581590830,0.0000000000,0.0000000000,0.0000000000,0.0000000000,0.0000000000,0.0353134696,0.0000000000,0.0000000000,0.0000000000,-0.0000000000,-0.0574947381,-0.0000000000,0.0000000000,-0.0000000000,0.0000000000,0.2801294148,0.0000000000,0.0000000000,0.0000000000,0.0000000000,0.2411583538,0.0000000000,0.0000000000,0.1346746057,-0.0000000000,0.0000000000
-0.2002218163,0.0000000000,0.0000000000,-0.0000000000,-0.0000000000,-0.0000000000,-0.0000000000,-0.0593015643,0.0000000000,-0.0000000000,-0.0000000000,0.0000000000,-0.0834442839,-0.0000000000,-0.0000000000,-0.0000000000,-0.0000000000,-0.0675860615,-0.1263840256,-0.2599300151,-0.2163994539,-0.3981409209,2.1313377883,-0.0000000000,0.1053784922,0.0000000000,-0.0576341666,-0.0000000000,0.0000000000,-0.1629029697,-0.0000000000,-0.0000000000,-0.0000000000,-0.1474075006,-0.0971013098,-0.0000000000,0.0000000000,0.0000000000,0.0000000000,-0.0000000000,0.0000000000,-0.0000000000,-0.0000000000,-0.0000000000,-0.1260362307,-0.0000000000,-0.4148537107,-0.1759250678,-0.0000000000,0.0000000000,-0.0000000000,0.0000000000,0.0000000000,0.1085455428,-0.0195102076,-0.0000000000,-0.0000000000,0.0000000000,-0.0000000000,-0.1527212139,0.0000000000,0.0000000000,-0.0000000000,-0.0000000000,-0.0000000000,-0.0473859614,-0.0000000000,-0.0000000000,-0.0000000000,0.0000000000,-0.0000000000,-0.0000000000,-0.6673096146,0.0000000000,-0.0034147251,0.0000000000,-0.0000000000,-0.0000000000,0.0000000000,0.0000000000,0.0000000000,0.0555031560,0.0000000000,0.0000000000,0.0000000000,-0.0000000000,0.3154773070,-0.0000000000,0.0000000000,0.0000000000,0.0000000000,0.2015790620,0.0198412792,0.1029963370,0.0050685109,-0.0000000000,0.0000000000,-0.0000000000,-0.0000000000,0.0000000000
0.0181495975,-0.0000000000,0.0000000000,0.0000000000,-0.1436812563,0.0000000000,-0.0000000000,-0.0000000000,-0.0000000000,-0.0000000000,-0.0553451807,-0.5350773879,-0.0000000000,-0.0000000000,-0.0016658980,-0.0000000000,-0.0000000000,-0.0000000000,0.0000000000,0.0000000000,-0.1442809881,-0.0000000000,-0.0000000000,3.0882110152,0.0000000000,-0.4718347911,-0.0113329014,-0.1011444208,-0.0000000000,-0.1603906682,-0.0000000000,0.0000000000,0.3799631760,0.0000000000,0.0000000000,-0.0000000000,-0.0000000000,0.0199062612,0.0000000000,-0.0000000000,0.0000000000,0.0000000000,-0.0000000000,-0.0000000000,0.0000000000,-0.0000000000,-0.0000000000,0.0365123191,0.0000000000,0.0000000000,0.1002319813,-0.0000000000,-0.3985723324,-0.0000000000,-0.0000000000,0.0000000000,-0.0000000000,-0.0000000000,-0.1472442989,-0.0000000000,0.0000000000,0.0000000000,0.0000000000,0.0219776849,-0.0000000000,-0.0267984863,-0.0000000000,0.0000000000,-0.0000000000,-0.0000000000,-0.0000000000,-0.0000000000,-0.0000000000,-0.0000000000,-0.5319539877,-0.0000000000,-0.2580399748,-0.1876646882,0.0000000000,-0.0000000000,-0.1814154200,0.0000000000,0.0081728633,-0.0000000000,-0.0000000000,0.0830487545,-0.0000000000,0.0000000000,0.0000000000,0.0000000000,-0.0000000000,0.0000000000,0.0000000000,0.0000000000,-0.0000000000,-0.0000000000,0.0000000000,0.0000000000,0.0000000000,0.1905795672
0.0000000000,-0.0000000000,-0.1040835939,-0.0000000000,-0.0000000000,-0.0000000000,0.0000000000,0.0000000000,0.0000000000,-0.0000000000,-0.0000000000,0.0000000000,0.0000000000,0.0000000000,0.0341159618,-0.0000000000,0.0000000000,0.2361190101,0.0511034776,-0.0000000000,0.0333745105,0.0000000000,0.1053784922,0.0000000000,1.5990733471,-0.0000000000,0.0000000000,0.0472028515,0.0000000000,0.0201196517,0.1113726124,0.0000000000,0.0000000000,0.0000000000,0.0000000000,-0.0000000000,0.0000000000,0.0000000000,0.0000000000,0.0000000000,0.0000000000,-0.2581364275,0.0000000000,-0.0000000000,0.0000000000,-0.0000000000,-0.0000000000,0.0000000000,-0.0000000000,0.0000000000,-0.0110064806,-0.0000000000,-0.0000000000,-0.0000000000,0.0000000000,-0.0000000000,0.0000000000,0.1487166645,-0.1461565994,-0.0000000000,0.0000000000,-0.0000000000,0.0000000000,0.0000000000,0.0000000000,0.0000000000,-0.0000000000,0.0000000000,0.0000000000,0.0420571155,0.0000000000,0.0474081041,-0.0501207604,-0.0000000000,0.0188755145,-0.3602300250,0.0000000000,0.0000000000,-0.0000000000,0.0992168206,0.0000000000,0.0059546244,-0.0000000000,0.0000000000,-0.0000000000,-0.0000000000,0.0000000000,0.0000000000,0.0000000000,0.0000000000,0.0910401416,-0.1417049199,0.0000000000,-0.4310365973,-0.0000000000,-0.0000000000,-0.0000000000,-0.0512185658,-0.0000000000,0.0000000000
0.0000000000,-0.0000000000,-0.0000000000,0.0000000000,-0.0000000000,-0.0000000000,-0.0000000000,-0.0000000000,-0.3602190291,0.0000000000,-0.0000000000,-0.5077977661,-0.0599534963,0.0000000000,0.0000000000,0.0000000000,0.0000000000,0.0000000000,0.0162230628,0.0000000000,0.0000000000,-0.2933266331,0.0000000000,-0.4718347911,-0.0000000000,3.0354048620,-0.3212418832,-0.0000000000,-0.0000000000,-0.2408998258,0.0000000000,0.0000000000,0.2194054453,0.0000000000,0.0000000000,-0.0000000000,0.0000000000,-0.0000000000,-0.2990993888,-0.0000000000,0.0000000000,-0.2698037626,0.0000000000,0.0000000000,0.0000000000,-0.0000000000,-0.0000000000,0.1429245985,0.0000000000,0.0000000000,0.0000000000,-0.0000000000,-0.0000000000,-0.0089340426,-0.0000000000,-0.0000000000,-0.0000000000,-0.0000000000,-0.0436723449,-0.0000000000,0.0000000000,0.0000000000,-0.0000000000,0.2010015799,0.0000000000,0.0000000000,0.0000000000,0.0000000000,0.0000000000,0.0000000000,0.0000000000,0.0000000000,0.0000000000,-0.0000000000,0.0000000000,-0.2459964919,-0.0000000000,-0.0000000000,0.3312657649,-0.0000000000,0.0000000000,0.4693002783,0.0076119331,0.0000000000,-0.5188200167,0.0000000000,0.0000000000,0.0000000000,0.0000000000,0.0000000000,-0.0000000000,0.0000000000,-0.0000000000,-0.0000000000,0.0000000000,0.0000000000,0.0000000000,0.2212685935,0.0000000000,0.0000000000
-0.0000000000,0.0000000000,0.0000000000,-0.0599036940,-0.0000000000,0.0000000000,0.0000000000,0.0000000000,-0.0000000000,0.0000000000,-0.0000000000,0.0000000000,-0.0000000000,-0.0000000000,-0.0000000000,0.0620428527,0.7498622271,0.0000000000,0.0000000000,-0.2400307064,0.0000000000,-0.0765449679,-0.0576341666,-0.0113329014,0.0000000000,-0.3212418832,2.7038744371,-0.1839448110,-0.3893378634,-0.1085682594,0.0000000000,0.1993253132,0.0000000000,0.0000000000,-0.2076891526,-0.0000000000,-0.0000000000,-0.0000000000,-0.0000000000,-0.0000000000,-0.0000000000,-0.0000000000,0.0000000000,-0.0000000000,0.0000000000,-1.0538297436,-0.0000000000,-0.0000000000,-0.0000000000,-0.0000000000,0.0000000000,-0.0000000000,0.0000000000,-0.0710906374,-0.0000000000,0.0000000000,0.0000000000,-0.0000000000,-0.0341771508,-0.0000000000,0.0000000000,0.0000000000,-0.0000000000,-0.0000000000,0.0000000000,-0.0000000000,0.0000000000,0.0000000000,0.0000000000,0.1057874695,-0.0000000000,0.0000000000,0.0000000000,-0.0000000000,0.0000000000,-0.0000000000,-0.1783170171,-0.0000000000,0.0000000000,-0.0000000000,0.0000000000,0.1736487022,0.0000000000,0.0000000000,-0.1061250504,-0.0000000000,-0.0000000000,-0.0379222392,-0.0000000000,-0.0000000000,-0.0000000000,0.0000000000,-0.0000000000,0.0000000000,0.0000000000,-0.0000000000,-0.0000000000,-0.0000000000,-0.0000000000,-0.0000000000
-0.0000000000,-0.0000000000,0.0000000000,-0.0000000000,-0.0000000000,-0.0000000000,-0.0000000000,0.0000000000,-0.0000000000,0.0000000000,-0.0000000000,0.0000000000,-0.1724581890,-0.0000000000,-0.0000000000,-0.0000000000,0.0000000000,-0.0000000000,-0.0898645156,-0.0000000000,-0.2144613417,-0.0000000000,-0.0000000000,-0.1011444208,0.0472028515,-0.0000000000,-0.1839448110,2.8378955155,-0.0469849541,-0.7381223959,-0.0000000000,-0.0000000000,-0.0000000000,0.0000000000,0.0000000000,-0.0039768324,-0.0304843743,-0.1165183114,-0.0000000000,-0.0000000000,-0.0000000000,0.0000000000,-0.0000000000,-0.4827501574,-0.0000000000,-0.0000000000,-0.0000000000,-0.0000000000,-0.0000000000,-0.0000000000,0.0000000000,-0.0693387548,-0.0610206369,-0.0000000000,-0.0021160934,0.0000000000,-0.0000000000,0.0000000000,0.0000000000,-0.0000000000,-0.0000000000,-0.0688845461,-0.0000000000,-0.0000000000,-0.0000000000,-0.0000000000,0.0000000000,-0.0391510096,-0.0000000000,0.0000000000,-0.0000000000,-0.0000000000,0.0000000000,0.0000000000,-0.0000000000,-0.0157968137,-0.0000000000,-0.8776764832,-0.0000000000,-0.0000000000,0.0000000000,0.0000000000,0.1231686138,0.2216958106,0.0000000000,0.0000000000,-0.1077303509,-0.6149281923,-0.0000000000,0.0000000000,0.0000000000,0.0000000000,0.0000000000,-0.0000000000,-0.0000000000,-0.0000000000,0.0000000000,0.0000000000,-0.0000000000,-0.0000000000
0.0000000000,0.0000000000,0.0000000000,-0.0000000000,-0.0000000000,0.0000000000,0.0000000000,0.0000000000,-0.0000000000,0.0279781543,-0.0000000000,0.0000000000,-0.0000000000,0.0000000000,-0.0000000000,0.0493555957,0.0000000000,0.0000000000,0.2032749233,-0.0000000000,-0.0000000000,0.0000000000,0.0000000000,-0.0000000000,0.0000000000,-0.0000000000,-0.3893378634,-0.0469849541,2.5338700079,-0.0000000000,-0.0235619108,-0.0000000000,0.0000000000,0.0126528063,0.0000000000,-0.0000000000,-0.3076751111,0.0000000000,-0.0000000000,-0.1684943339,-0.0000000000,0.0000000000,-0.0061332372,0.0000000000,0.0000000000,-0.0000000000,-0.0000000000,0.0000000000,0.0947117773,0.0000000000,0.0984060707,0.0625159782,0.0000000000,-0.0000000000,-0.0000000000,0.0000000000,0.1438127419,-0.0000000000,-0.0000000000,0.0628169571,-0.0000000000,0.0000000000,-0.0000000000,-0.0000000000,-0.0000000000,-0.0000000000,0.0703015116,0.0000000000,0.0000000000,0.0000000000,-0.0000000000,0.0000000000,0.0000000000,-0.0000000000,0.0000000000,-0.0250524158,-1.2349533448,-0.0463166167,-0.0000000000,-0.1289953536,-0.2724553692,0.0000000000,0.0000000000,0.2699657221,-0.0000000000,-0.0000000000,-0.3827515822,-0.1204964571,-0.0000000000,-0.0000000000,0.1281717835,-0.0000000000,-0.0000000000,0.0000000000,-0.0769936239,0.0024854857,-0.0000000000,0.0000000000,0.1587138368,0.0000000000
