0,1,2,3,4,5,6,7,8,9,10,11,12,13,14,15,16,17,18,19,20,21,22,23,24,25,26,27,28,29,30,31,32,33,34,35,36,37,38,39,40,41,42,43,44,45,46,47,48,49,50,51,52,53,54,55,56,57,58,59,60,61,62,63,64,65,66,67,68,69,70,71,72,73,74,75,76,77,78,79,80,81,82,83,84,85,86,87,88,89,90,91,92,93,94,95,96,97,98,99
1.9264652226,-0.0000000000,-0.3237754365,0.0597190820,0.1631791908,-0.0000000000,-0.0000000000,0.0000000000,0.1086551314,0.0000000000,0.0000000000,0.0000000000,-0.0000000000,-0.0000000000,-0.0000000000,-0.2434592251,0.0120515171,-0.0000000000,-0.0000000000,-0.0000000000,-0.0386920259,-0.0000000000,-0.0000000000,0.0794426494,-0.2819256104,0.0000000000,0.0000000000,-0.0000000000,-0.0000000000,0.0930773192,0.0000000000,-0.0000000000,-0.1029248318,0.0000000000,-0.0847663789,0.0000000000,-0.0000000000,-0.0000000000,-0.0000000000,0.0000000000,0.0454934448,0.0000000000,-0.0000000000,0.0000000000,-0.0000000000,-0.0000000000,-0.0000000000,-0.0000000000,-0.0000000000,0.0000000000,-0.6906134861,-0.0478058790,-0.0000000000,0.0000000000,-0.0000000000,-0.0000000000,-0.0000000000,0.0000000000,0.0000000000,0.0000000000,0.0000000000,0.0000000000,-0.0000000000,0.0000000000,-0.0137910480,-0.0000000000,0.0000000000,0.0201975041,0.0000000000,-0.0000000000,-0.0000000000,-0.0000000000,-0.0000000000,-0.0000000000,0.0000000000,0.0983737474,-0.0959274226,0.0000000000,-0.0000000000,-0.0564834757,0.0167567522,0.0039064742,-0.0000000000,-0.0000000000,0.0000000000,-0.1563698735,0.0000000000,-0.0000000000,0.1357762564,0.1691254162,-0.0000000000,-0.0112349784,-0.0000000000,0.0000000000,0.0000000000,0.0000000000,-0.0000000000,0.0000000000,-0.0000000000,0.0000000000
-0.0000000000,2.5035806027,-0.7091099330,0.0000000000,-0.0100142615,-0.1143121967,-0.0000000000,-0.0000000000,-0.0000000000,0.0000000000,0.0000000000,0.0000000000,-0.0000000000,-0.1632609206,-0.0000000000,-0.0000000000,0.0000000000,-0.0000000000,-0.0000000000,-0.0000000000,-0.0000000000,0.0000000000,-0.0000000000,0.0390764571,0.0000000000,0.0000000000,-0.0000000000,-0.0239416711,-0.0000000000,0.0000000000,0.0000000000,0.0000000000,-0.0781913250,0.0000000000,0.0000000000,-0.0000000000,-0.0000000000,0.0000000000,-0.0000000000,0.0277311568,0.0000000000,0.0000000000,0.1025408944,-0.0000000000,0.0000000000,-0.1065627008,0.0000000000,0.0000000000,-0.0221548287,-0.0000000000,-0.0905498043,-0.9554063928,-0.2551014633,-0.0000000000,-0.0464205068,-0.0000000000,0.0000000000,-0.0000000000,0.0000000000,0.0063978145,0.0000000000,-0.0000000000,-0.0000000000,0.0000000000,-0.0000000000,-0.0000000000,-0.0000000000,-0.0000000000,-0.0000000000,-0.0000000000,-0.0000000000,-0.0000000000,-0.0000000000,-0.0638384211,0.0000000000,0.0000000000,-0.0000000000,-0.0000000000,-0.0000000000,0.0000000000,0.0000000000,-0.0000000000,-0.0000000000,-0.0000000000,-0.0000000000,-0.0000000000,0.0000000000,-0.0000000000,0.0000000000,0.0000000000,-0.0261769528,-0.0000000000,-0.0000000000,-0.0000000000,0.0000000000,0.0000000000,-0.0000000000,0.0000000000,0.0000000000,0.0000000000
-0.3237754365,-0.7091099330,2.6151580393,0.0840895466,0.0000000000,-0.4750444085,-0.0977801051,-0.0000000000,-0.1078995455,0.0000000000,-0.0000000000,0.0466541545,-0.0000000000,-0.0000000000,0.0000000000,0.0000000000,0.0000000000,-0.0000000000,-0.0000000000,0.0000000000,-0.0000000000,0.0000000000,0.0000000000,0.0433434745,-0.0000000000,0.0000000000,0.0000000000,-0.0000000000,-0.0000000000,0.0000000000,0.0000000000,0.0000000000,-0.0000000000,0.0000000000,0.0000000000,0.0000000000,0.0000000000,-0.0000000000,-0.0000000000,-0.0000000000,0.0000000000,0.0000000000,0.0000000000,0.0000000000,0.0000000000,0.0000000000,-0.0000000000,0.0000000000,-0.0313521466,0.0000000000,-0.0000000000,-0.2109530395,-0.0000000000,0.0000000000,-0.3717445526,-0.1555185110,0.0000000000,-0.0000000000,0.0000000000,0.0000000000,0.0000000000,-0.0000000000,0.0000000000,0.0000000000,-0.1263810821,0.0108149904,0.0000000000,0.0000000000,-0.0000000000,0.0000000000,-0.0000000000,0.2128300078,-0.0000000000,-0.0000000000,0.0000000000,0.1136364966,-0.0000000000,0.0000000000,0.0000000000,-0.0000000000,0.0158335027,-0.0000000000,-0.0000000000,0.0000000000,0.0000000000,-0.0000000000,0.1929487881,-0.0000000000,0.0000000000,0.0000000000,-0.0000000000,-0.0000000000,-0.1019071596,0.0000000000,0.0000000000,0.0000000000,-0.0000000000,0.0000000000,0.0000000000,0.3420817032
0.0597190820,0.0000000000,0.0840895466,2.0364415754,-0.3131529705,-0.0000000000,0.0000000000,-0.5228401122,-0.0000000000,-0.0000000000,-0.2066056283,-0.0000000000,-0.0000000000,-0.0032830101,-0.0000000000,-0.0000000000,0.0000000000,-0.0000000000,0.2688298703,-0.0000000000,0.0000000000,-0.0000000000,0.0000000000,-0.0000000000,0.0000000000,-0.0000000000,0.0000000000,0.0000000000,0.0000000000,-0.0000000000,-0.0000000000,0.0000000000,0.0000000000,0.0041148070,0.0000000000,-0.0000000000,0.0000000000,-0.0000000000,0.0062558692,0.0000000000,-0.0000000000,-0.0000000000,-0.0000000000,0.0926209708,-0.0000000000,-0.0000000000,0.0000000000,0.0000000000,-0.0000000000,0.0000000000,0.0000000000,0.0000000000,-0.0000000000,-0.5506666226,-0.0000000000,-0.0381527197,-0.1874710187,-0.0072198917,-0.0741903601,-0.0973241274,-0.0000000000,-0.1383227010,-0.0000000000,-0.0000000000,0.0000000000,-0.0000000000,-0.0529879928,0.0000000000,0.0000000000,-0.0000000000,0.0000000000,0.0000000000,0.0000000000,0.0000000000,-0.0000000000,-0.0000000000,0.1196159372,0.0000000000,-0.0000000000,0.0000000000,0.0000000000,0.0000000000,-0.0000000000,0.0000000000,0.0000000000,0.0155871780,-0.0000000000,0.0242725381,-0.0623113666,0.0106766480,-0.0000000000,0.0000000000,0.0000000000,0.0000000000,0.0000000000,0.0201416440,0.0000000000,0.0000000000,-0.1611999619,0.0000000000
0.1631791908,-0.0100142615,0.0000000000,-0.3131529705,1.6996318229,-0.0000000000,0.0000000000,0.0000000000,0.0000000000,0.0000000000,0.0000000000,-0.0000000000,-0.0451409408,0.0000000000,0.0000000000,-0.0000000000,-0.2153457397,-0.1290940683,0.0000000000,0.0000000000,0.0606226327,0.0000000000,0.0000000000,-0.0000000000,0.1225816821,-0.0000000000,-0.0000000000,-0.0000000000,-0.0000000000,0.0000000000,-0.2298687217,0.0761305102,-0.0000000000,-0.0000000000,-0.0000000000,0.0000000000,-0.1248603610,-0.0000000000,0.0000000000,0.1362041627,-0.0000000000,-0.0000000000,-0.0101775491,-0.1284837740,-0.0000000000,-0.0000000000,-0.0000000000,0.0000000000,0.0000000000,0.0000000000,0.0000000000,-0.0000000000,0.0000000000,-0.2891065647,-0.4975477778,0.0441449616,0.0000000000,0.0000000000,0.0000000000,0.0000000000,0.0000000000,-0.1375180332,-0.0000000000,0.0000000000,0.2528571798,0.0830921152,0.0247948529,-0.0000000000,-0.0000000000,-0.0000000000,0.1201151428,-0.0000000000,0.1300467223,0.0157530573,0.0000000000,-0.0000000000,-0.0000000000,0.0000000000,-0.0089467845,0.0000000000,-0.0036811988,-0.0018110429,-0.0000000000,-0.0000000000,-0.0000000000,-0.0000000000,-0.0000000000,0.0000000000,-0.0000000000,-0.0000000000,-0.0000000000,0.0000000000,0.0000000000,-0.0000000000,-0.0000000000,-0.0000000000,-0.0000000000,0.0000000000,0.0000000000,0.0000000000
-0.0000000000,-0.1143121967,-0.4750444085,-0.0000000000,-0.0000000000,3.3131399784,0.0000000000,-0.0000000000,-0.0816685794,-0.0000000000,-0.2960520548,0.0607888348,-0.0000000000,-0.0000000000,-0.0000000000,0.0000000000,-0.0000000000,0.0000000000,-0.0000000000,-0.0130618204,-0.0000000000,0.0278654714,0.0300188742,0.0000000000,-0.0000000000,0.0000000000,-0.0000000000,-0.0000000000,-0.0000000000,0.1218224531,0.0000000000,-0.0000000000,-0.1277882217,-0.0000000000,-0.0000000000,-0.0882239411,-0.0000000000,-0.0000000000,-0.0353011955,-0.0000000000,0.0000000000,-0.0000000000,-0.0000000000,0.0000000000,0.0000000000,-0.0000000000,0.0000000000,0.0933963718,-0.0236095480,0.0000000000,-0.0000000000,-0.0000000000,-0.0000000000,-0.0000000000,-1.2174451340,-1.1170358704,0.1827016955,-0.0000000000,0.0036226329,0.0000000000,0.0000000000,-0.0152014314,-0.0000000000,-0.0000000000,-0.0000000000,0.0000000000,0.0000000000,0.0000000000,-0.0000000000,0.0000000000,-0.0719479213,0.0000000000,0.0000000000,-0.0000000000,0.0404839610,0.0000000000,-0.0000000000,0.0000000000,0.0000000000,-0.2040338826,-0.0000000000,-0.0000000000,-0.0000000000,-0.0391271229,-0.0000000000,-0.0024469615,-0.0000000000,-0.0000000000,-0.0000000000,0.0000000000,-0.0000000000,0.0000000000,-0.0000000000,-0.0000000000,-0.0000000000,0.1157583348,-0.0000000000,0.0000000000,-0.0000000000,0.0000000000
-0.0000000000,-0.0000000000,-0.0977801051,0.0000000000,0.0000000000,0.0000000000,2.6223022919,-0.0943803293,-0.2979983979,-0.0000000000,0.0000000000,-0.0000000000,0.0906121662,-0.0000000000,-0.0000000000,-0.1750493338,0.0000000000,-0.0000000000,-0.1137523731,0.0000000000,-0.1462768185,-0.0000000000,-0.0000000000,-0.0452105103,0.0000000000,-0.0315037395,0.0000000000,0.0000000000,-0.0000000000,-0.0000000000,0.0000000000,0.0000000000,0.0000000000,0.0445084851,0.0000000000,0.0000000000,0.0000000000,0.0000000000,-0.0000000000,-0.0000000000,-0.0000000000,-0.0000000000,0.0000000000,0.0000000000,0.0000000000,-0.0000000000,0.0000000000,0.0000000000,-0.0000000000,0.0234427100,0.0000000000,-0.5221126868,-0.8718966149,0.0000000000,-0.0000000000,-0.0000000000,-0.1289582837,-0.0000000000,-0.0000000000,0.0000000000,-0.0000000000,0.0000000000,0.0000000000,-0.0000000000,-0.0165624427,-0.0000000000,-0.3007097620,-0.0000000000,-0.0000000000,0.0000000000,-0.0000000000,-0.0000000000,-0.0000000000,-0.1562979650,-0.0000000000,-0.0000000000,0.0000000000,-0.0000000000,-0.0000000000,0.2768644208,-0.0000000000,0.0943647064,-0.0000000000,-0.0000000000,-0.0000000000,0.0000000000,0.1438158148,0.0000000000,0.0826862884,-0.0000000000,0.0000000000,0.0000000000,0.0000000000,0.0179553621,-0.0000000000,0.0000000000,-0.0000000000,0.0000000000,0.0000000000,0.0972384331
0.0000000000,-0.0000000000,-0.0000000000,-0.5228401122,0.0000000000,-0.0000000000,-0.0943803293,3.4826969496,-0.0000000000,0.0000000000,0.0000000000,0.0000000000,0.1205597479,-0.0000000000,-0.0000000000,0.0000000000,0.0000000000,-0.0000000000,-0.0000000000,0.0084923488,0.0000000000,-0.0000000000,0.0000000000,0.0000000000,0.0000000000,0.0000000000,0.0000000000,0.0000000000,0.0000000000,-0.0000000000,0.0000000000,0.0000000000,0.1669275066,0.0057012475,0.0000000000,0.0000000000,0.0912995600,-0.0000000000,-0.0000000000,0.0000000000,-0.0000000000,-0.0000000000,0.0000000000,0.0000000000,0.0000000000,-0.0000000000,-0.0000000000,0.0000000000,-0.0000000000,0.0128617842,-0.0000000000,-0.2461785851,-0.0000000000,-0.1399611739,-0.0000000000,-0.0000000000,-1.3006202303,-1.2587399482,-0.0000000000,0.0000000000,0.0000000000,0.0000000000,0.0000000000,0.0000000000,0.0000000000,-0.0000000000,-0.0000000000,-0.0000000000,-0.0000000000,-0.0000000000,0.0000000000,-0.0000000000,-0.0000000000,-0.0000000000,0.1944483273,0.0000000000,0.1342135969,0.0000000000,0.0000000000,-0.0000000000,0.0748158862,-0.0000000000,0.0000000000,0.0000000000,0.0122638151,-0.0000000000,0.0000000000,0.0000000000,0.0000000000,-0.0000000000,-0.0000000000,0.0000000000,-0.0000000000,0.0000000000,0.0000000000,0.0000000000,0.0000000000,0.0000000000,-0.0000000000,0.0000000000
0.1086551314,-0.0000000000,-0.1078995455,-0.0000000000,0.0000000000,-0.0816685794,-0.2979983979,-0.0000000000,3.4898172707,-0.2952473980,-0.0000000000,-0.0000000000,0.0000000000,-0.0000000000,-0.0000000000,0.0000000000,0.0000000000,-0.0000000000,0.0000000000,-0.0000000000,-0.0000000000,0.2578936440,0.0000000000,-0.0000000000,0.0000000000,-0.0000000000,0.0000000000,0.0000000000,-0.0000000000,-0.0000000000,-0.0000000000,0.0000000000,0.0000000000,0.0000000000,0.0000000000,-0.1091570752,0.0000000000,0.1916681928,-0.0000000000,-0.0000000000,-0.0000000000,-0.0000000000,0.0000000000,-0.0792118092,0.0000000000,0.0000000000,0.1243451467,0.0000000000,-0.0000000000,0.0000000000,0.0927216131,-0.0000000000,-0.0000000000,0.0000000000,-0.1430994179,-1.3055884415,0.0000000000,-1.1493039739,-0.0000000000,-0.0000000000,-0.0000000000,-0.0000000000,0.0000000000,-0.0000000000,-0.0000000000,-0.0000000000,-0.1287734328,0.0000000000,-0.0000000000,0.0000000000,-0.2143365870,0.0000000000,0.1112243106,-0.1976006210,-0.0000000000,-0.0000000000,0.0000000000,-0.0000000000,-0.0000000000,0.0000000000,-0.0000000000,-0.0000000000,-0.0000000000,-0.0000000000,-0.0000000000,0.0000000000,0.0000000000,-0.0000000000,-0.0000000000,-0.0000000000,0.0000000000,0.0000000000,-0.0000000000,-0.0000000000,-0.0000000000,0.0000000000,-0.0000000000,0.0000000000,-0.0000000000,0.0000000000
0.0000000000,0.0000000000,0.0000000000,-0.0000000000,0.0000000000,-0.0000000000,-0.0000000000,0.0000000000,-0.2952473980,2.8697276593,-0.3410042902,-0.8028410992,-0.0000000000,-0.0000000000,-0.0000000000,0.0000000000,-0.0000000000,0.0000000000,0.0000000000,0.0000000000,0.0000000000,0.0000000000,0.0000000000,-0.0000000000,-0.0030368012,-0.0000000000,0.0000000000,0.0000000000,0.0000000000,-0.0000000000,-0.0342986455,-0.0000000000,-0.0000000000,0.0000000000,0.0000000000,-0.0000000000,0.0000000000,0.0000000000,-0.0000000000,-0.1728219263,-0.0000000000,-0.0493539633,0.0000000000,-0.0000000000,0.0000000000,0.0000000000,0.0000000000,0.0077628012,-0.0000000000,-0.0000000000,0.0000000000,0.0000000000,-0.0000000000,0.0528511828,-0.0000000000,-0.0000000000,0.0000000000,-0.0000000000,-0.7466935719,-0.0519841367,-0.0000000000,0.0000000000,-0.0000000000,-0.0000000000,-0.0000000000,-0.0860031906,-0.0000000000,0.0000000000,-0.0000000000,0.0000000000,-0.0000000000,-0.0000000000,0.0000000000,-0.0000000000,-0.0000000000,-0.4093076424,-0.0000000000,-0.0000000000,-0.0000000000,0.0000000000,-0.0000000000,-0.0000000000,0.0000000000,-0.0000000000,-0.0000000000,-0.0000000000,-0.1866527562,-0.0000000000,-0.0000000000,-0.1404796621,0.0000000000,0.0000000000,-0.0000000000,-0.0000000000,-0.0000000000,0.1859267987,-0.0000000000,0.0000000000,-0.0000000000,-0.0000000000
0.0000000000,0.0000000000,-0.0000000000,-0.2066056283,0.0000000000,-0.2960520548,0.0000000000,0.0000000000,-0.0000000000,-0.3410042902,2.4772132926,-0.3021171693,-0.0000000000,-0.0000000000,-0.1006272317,0.0000000000,-0.0000000000,0.0000000000,0.0000000000,-0.0000000000,-0.0000000000,0.0000000000,0.0000000000,-0.0000000000,-0.0147484464,-0.0000000000,0.0000000000,-0.0000000000,-0.0000000000,0.0000000000,-0.0000000000,0.0000000000,-0.0000000000,-0.0000000000,0.0276787592,-0.1602408602,-0.0000000000,-0.0000000000,-0.0000000000,-0.0000000000,-0.0000000000,-0.0000000000,0.0000000000,0.0000000000,0.0000000000,0.0000000000,0.0276500857,0.0221521170,-0.0000000000,-0.0000000000,-0.0923208948,0.0000000000,-0.0000000000,0.0000000000,-0.0000000000,-0.0000000000,0.0000000000,-0.0821483172,-0.0000000000,-0.5763174654,-0.0000000000,-0.1592741634,-0.0000000000,0.0000000000,-0.2203554607,-0.0000000000,0.0000000000,-0.0000000000,-0.0000000000,0.0000000000,-0.0000000000,-0.0000000000,0.0000000000,0.0000000000,-0.0559340696,-0.3413142940,-0.0022629572,-0.0000000000,0.0000000000,-0.0000000000,0.0000000000,0.0000000000,0.0302642443,-0.0000000000,0.0000000000,0.0000000000,-0.0419717145,-0.0000000000,-0.1376358248,0.0000000000,0.0000000000,0.0000000000,-0.0000000000,-0.0000000000,-0.0000000000,0.1310731541,0.0000000000,0.0878149354,-0.0000000000,-0.0107200856
0.0000000000,0.0000000000,0.0466541545,-0.0000000000,-0.0000000000,0.0607888348,-0.0000000000,0.0000000000,-0.0000000000,-0.8028410992,-0.3021171693,3.6923210745,-0.1307625451,-0.0000000000,-0.0000000000,-0.0000000000,-0.0250128436,0.0000000000,0.1477770837,0.0034534550,0.0000000000,-0.0000000000,-0.0000000000,-0.2619806338,-0.0000000000,-0.0632817749,-0.0000000000,0.0000000000,-0.0000000000,-0.2588483559,-0.0313348962,0.0000000000,0.0000000000,0.0000000000,0.0000000000,0.0000000000,0.0000000000,0.0000000000,0.0000000000,-0.0000000000,-0.0000000000,-0.0000000000,-0.0000000000,-0.0000000000,-0.0000000000,0.0000000000,0.0016344637,0.0000000000,0.0000000000,-0.0000000000,-0.0000000000,0.0000000000,-0.0000000000,0.0000000000,0.0000000000,0.0000000000,0.0000000000,-0.0000000000,-0.2487705697,-0.5218950776,-0.7289203843,-0.0000000000,-0.2483258593,-0.0000000000,-0.0000000000,-0.0000000000,-0.0000000000,0.0000000000,-0.0000000000,0.0000000000,0.0000000000,0.0000000000,0.0000000000,0.0026936963,-0.2506094407,-0.4547544145,0.0000000000,-0.0736175409,-0.0000000000,0.0000000000,0.0000000000,0.0000000000,0.0000000000,0.0000000000,-0.0862579295,0.0909160257,-0.0000000000,-0.0000000000,-0.0000000000,0.0000000000,0.0000000000,0.0000000000,0.0000000000,-0.0000000000,0.0000000000,0.0000000000,0.0000000000,0.0000000000,-0.0140133202,-0.0000000000
-0.0000000000,-0.0000000000,-0.0000000000,-0.0000000000,-0.0451409408,-0.0000000000,0.0906121662,0.1205597479,0.0000000000,-0.0000000000,-0.0000000000,-0.1307625451,2.7538116345,-0.2117580280,0.0000000000,0.0000000000,-0.1191845281,0.0000000000,0.0000000000,0.0000000000,0.0455588289,0.0000000000,0.0000000000,0.0507542025,0.0000000000,-0.0000000000,-0.0000000000,-0.0000000000,0.0000000000,-0.0000000000,-0.1215799084,0.0000000000,-0.0000000000,0.0000000000,-0.0000000000,0.0000000000,-0.0000000000,-0.0998142446,-0.0000000000,-0.0000000000,0.0000000000,0.0000000000,-0.0236444400,-0.0000000000,-0.0312855797,0.0000000000,-0.0000000000,0.0215064435,0.0000000000,-0.1246593305,0.0000000000,-0.0000000000,0.0000000000,0.0000000000,-0.0000000000,-0.0000000000,0.0000000000,0.0000000000,-0.0000000000,-0.0000000000,-0.0293451566,-1.4651411944,-0.5059261805,-0.0000000000,-0.0000000000,0.0000000000,0.0000000000,-0.0000000000,-0.0000000000,0.0000000000,0.0000000000,0.0000000000,-0.0000000000,0.0000000000,-0.0000000000,0.0000000000,0.0000000000,-0.0000000000,-0.0000000000,0.0000000000,0.1850551391,0.0000000000,-0.2038774286,-0.1303472506,-0.0000000000,0.0000000000,-0.0000000000,0.0000000000,-0.0000000000,0.0000000000,-0.0000000000,-0.0000000000,-0.0000000000,-0.1103933953,0.0007871769,-0.0000000000,-0.0000000000,0.0000000000,0.0000000000,-0.0000000000
-0.0000000000,-0.1632609206,-0.0000000000,-0.0032830101,0.0000000000,-0.0000000000,-0.0000000000,-0.0000000000,-0.0000000000,-0.0000000000,-0.0000000000,-0.0000000000,-0.2117580280,3.4581168391,-0.5755538595,0.0000000000,-0.0000000000,0.0000000000,-0.1576032925,-0.0000000000,-0.0859679324,-0.0000000000,-0.0000000000,0.0426374502,0.0000000000,0.0000000000,0.0000000000,-0.0000000000,-0.0000000000,-0.0000000000,-0.0169183645,-0.0000000000,-0.0243476155,0.0000000000,-0.0659660003,0.0000000000,0.0000000000,-0.0000000000,-0.1574298441,0.0000000000,0.0000000000,0.0000000000,-0.0000000000,-0.0000000000,-0.0000000000,-0.0000000000,-0.0000000000,0.0000000000,0.0000000000,-0.0000000000,-0.0000000000,-0.0000000000,-0.0000000000,-0.0000000000,-0.0000000000,-0.0000000000,-0.0029386453,-0.0000000000,-0.0000000000,-0.0000000000,0.0000000000,-0.2114601380,-0.4656606349,-0.9314448586,-0.0760854611,-0.7125511991,-0.0000000000,-0.0000000000,-0.0000000000,0.0000000000,-0.0534808957,-0.0000000000,-0.0000000000,0.0000000000,0.0000000000,0.0968683506,-0.0000000000,-0.0000000000,-0.0000000000,-0.0000000000,0.0000000000,0.0000000000,-0.0000000000,-0.0111686663,0.0000000000,-0.0000000000,0.0000000000,0.0000000000,0.0000000000,0.0000000000,-0.0000000000,-0.0000000000,-0.2798079545,-0.0000000000,0.0000000000,0.0000000000,-0.0000000000,0.0000000000,0.0000000000,0.0000000000
-0.0000000000,-0.0000000000,0.0000000000,-0.0000000000,0.0000000000,-0.0000000000,-0.0000000000,-0.0000000000,-0.0000000000,-0.0000000000,-0.1006272317,-0.0000000000,0.0000000000,-0.5755538595,3.8993158694,0.0000000000,0.0000000000,0.0000000000,0.0000000000,0.0000000000,-0.2336066515,-0.0000000000,-0.0650732663,0.0000000000,-0.0000000000,-0.0000000000,0.0268970441,0.0000000000,-0.0230152433,-0.0000000000,-0.0000000000,0.0000000000,-0.0000000000,0.0607083083,0.0000000000,0.0000000000,0.0000000000,-0.0000000000,0.0000000000,0.0000000000,0.0000000000,0.0000000000,0.0000000000,-0.0000000000,0.0000000000,-0.0000000000,0.0000000000,0.0000000000,0.0000000000,-0.0775797927,0.0000000000,-0.0000000000,-0.0000000000,-0.0000000000,0.0000000000,-0.0000000000,-0.0000000000,-0.0000000000,-0.0000000000,-0.0000000000,0.0000000000,-0.0000000000,-0.0000000000,-0.0000000000,-0.0000000000,-2.4121964658,-0.0000000000,0.0000000000,0.0000000000,0.0378662844,-0.4532778480,-0.0000000000,-0.0000000000,0.0000000000,-0.0000000000,-0.0000000000,-0.0847594200,-0.0000000000,0.0000000000,0.0000000000,0.0000000000,0.0000000000,0.0135260182,-0.0000000000,0.0000000000,-0.0000000000,-0.0000000000,0.0000000000,0.0000000000,0.0063089303,0.0000000000,-0.0000000000,-0.0000000000,0.0000000000,0.0000000000,-0.0000000000,-0.0000000000,0.0000000000,0.0000000000,-0.0000000000
-0.2434592251,-0.0000000000,0.0000000000,-0.0000000000,-0.0000000000,0.0000000000,-0.1750493338,0.0000000000,0.0000000000,0.0000000000,0.0000000000,-0.0000000000,0.0000000000,0.0000000000,0.0000000000,2.2019700183,-0.0000000000,-0.3628856652,-0.0000000000,-0.0000000000,0.0000000000,-0.0000000000,-0.2888986480,-0.1830117662,-0.0000000000,0.0000000000,-0.0000000000,0.0000000000,-0.0696739491,0.0000000000,-0.0000000000,0.0000000000,-0.3069590799,0.0000000000,-0.0000000000,0.0419617302,0.0000000000,-0.0000000000,0.0000000000,0.0000000000,-0.0462693502,0.0000000000,-0.0000000000,0.0000000000,0.0000000000,-0.0000000000,0.0000000000,-0.0880336406,-0.0000000000,0.0000000000,-0.2339754141,-0.0000000000,-0.6149855561,0.0297517200,0.0000000000,0.0000000000,-0.0515438659,0.0000000000,0.0000000000,-0.0000000000,0.0000000000,0.0000000000,0.0000000000,0.0000000000,0.0000000000,0.0000000000,-0.0000000000,0.0000000000,0.0000000000,-0.0000000000,0.0000000000,-0.0248257895,-0.0000000000,0.0000000000,-0.0000000000,-0.0000000000,0.0000000000,0.0000000000,-0.1109901068,0.0000000000,-0.0000000000,0.1543913104,-0.0000000000,0.0000000000,-0.0000000000,0.0000000000,0.1104975494,0.0000000000,0.0000000000,0.0000000000,-0.0000000000,0.0000000000,0.0000000000,0.0000000000,-0.0000000000,-0.0000000000,-0.0000000000,-0.0000000000,-0.0155385150,-0.0000000000
0.0120515171,0.0000000000,0.0000000000,0.0000000000,-0.2153457397,-0.0000000000,0.0000000000,0.0000000000,0.0000000000,-0.0000000000,-0.0000000000,-0.0250128436,-0.1191845281,-0.0000000000,0.0000000000,-0.0000000000,1.9339242359,0.0000000000,-0.3860473133,-0.0000000000,0.0000000000,-0.0000000000,0.0000000000,-0.1737369593,-0.0019994663,-0.0914184986,-0.0613780604,-0.0259018091,-0.0234865260,-0.0000000000,0.0000000000,0.0000000000,-0.2283536018,-0.1393917951,-0.0000000000,-0.0000000000,-0.0000000000,-0.0000000000,-0.0000000000,-0.0000000000,-0.2311682067,-0.0000000000,-0.0325713936,-0.0000000000,-0.0000000000,-0.0000000000,-0.0000000000,0.0000000000,0.0000000000,-0.0000000000,0.0000000000,0.0198269184,-0.0000000000,0.0000000000,0.0000000000,0.1935877856,0.0000000000,0.0000000000,0.0000000000,-0.0000000000,-0.0000000000,-0.0000000000,-0.0482173949,-0.0000000000,0.0000000000,0.0000000000,0.0000000000,-0.2642551488,-0.0000000000,0.0000000000,0.0000000000,-0.0607699951,0.0000000000,0.0556626364,-0.3231849968,-0.0000000000,-0.0000000000,-0.0000000000,0.0000000000,0.0000000000,-0.0000000000,-0.0345309521,-0.0000000000,-0.0000000000,-0.0000000000,-0.0000000000,-0.0000000000,-0.0000000000,-0.0000000000,-0.0620601118,-0.0000000000,-0.0000000000,-0.0000000000,0.0000000000,-0.0000000000,0.0000000000,-0.0000000000,0.0000000000,0.0000000000,-0.0000000000
-0.0000000000,-0.0000000000,-0.0000000000,-0.0000000000,-0.1290940683,0.0000000000,-0.0000000000,-0.0000000000,-0.0000000000,0.0000000000,0.0000000000,0.0000000000,0.0000000000,0.0000000000,0.0000000000,-0.3628856652,0.0000000000,2.6410857918,-0.1332685420,-0.4270281250,-0.0000000000,-0.0825845864,-0.0000000000,0.0000000000,0.0892446181,0.0000000000,0.0000000000,0.0000000000,-0.0000000000,0.0000000000,0.0000000000,0.0000000000,0.0000000000,-0.7888789707,-0.0000000000,-0.0000000000,-0.0000000000,0.0000000000,0.0691088268,0.0000000000,-0.0154619280,0.0155133243,0.0000000000,-0.0000000000,0.0660814667,0.0000000000,0.0000000000,-0.2752356652,-0.0000000000,0.0000000000,-0.0000000000,-0.0564085397,-0.1747093899,-0.0000000000,-0.0000000000,0.0000000000,-0.2010957948,-0.0000000000,0.0000000000,0.0000000000,-0.0000000000,-0.0000000000,0.0000000000,0.0395175889,0.0000000000,0.0244010610,-0.0000000000,-0.0000000000,-0.0000000000,-0.8055161496,0.0000000000,-0.0000000000,-0.0000000000,0.0000000000,0.0000000000,0.0000000000,0.0000000000,0.0000000000,0.0000000000,0.0000000000,0.0000000000,0.0000000000,0.0000000000,-0.0000000000,0.0809315177,0.0000000000,0.1161231565,0.0000000000,-0.0000000000,0.0000000000,-0.0000000000,0.0000000000,0.0000000000,0.0000000000,0.0000000000,-0.0116508190,0.1603499905,-0.0000000000,-0.1104100204,-0.0000000000
-0.0000000000,-0.0000000000,-0.0000000000,0.2688298703,0.0000000000,-0.0000000000,-0.1137523731,-0.0000000000,0.0000000000,0.0000000000,0.0000000000,0.1477770837,0.0000000000,-0.1576032925,0.0000000000,-0.0000000000,-0.3860473133,-0.1332685420,2.7153636935,-0.0000000000,-0.4335929038,-0.0000000000,-0.0000000000,0.0000000000,-0.0000000000,0.0000000000,0.0000000000,-0.0000000000,-0.0000000000,0.0000000000,0.0000000000,-0.0000000000,-0.1122539929,-0.4191467688,-0.1913139900,0.0000000000,-0.0000000000,-0.0000000000,-0.0000000000,-0.0000000000,-0.0000000000,0.0000000000,0.0000000000,-0.0000000000,0.0000000000,0.0000000000,-0.0000000000,-0.0000000000,0.0000000000,-0.0000000000,0.0000000000,-0.0000000000,-0.2628505874,0.0000000000,0.0000000000,0.0000000000,-0.0000000000,0.0000000000,0.0000000000,0.0519311039,0.1714948976,0.0000000000,-0.0000000000,-0.0782567391,-0.0000000000,0.0000000000,0.0000000000,-0.5451351445,-0.2215485574,-0.0000000000,-0.0701760720,-0.0000000000,-0.0000000000,0.0000000000,0.0000000000,0.0000000000,-0.0000000000,0.0000000000,0.0000000000,-0.0000000000,-0.0000000000,-0.0000000000,0.0000000000,-0.0000000000,0.0000000000,-0.0000000000,0.0000000000,0.0000000000,0.0000000000,-0.0000000000,-0.0000000000,-0.0000000000,-0.1518484854,0.0000000000,0.0000000000,-0.0000000000,0.0000000000,-0.0000000000,0.0294068489,-0.0000000000
-0.0000000000,-0.0000000000,0.0000000000,-0.0000000000,0.0000000000,-0.0130618204,0.0000000000,0.0084923488,-0.0000000000,0.0000000000,-0.0000000000,0.0034534550,0.0000000000,-0.0000000000,0.0000000000,-0.0000000000,-0.0000000000,-0.4270281250,-0.0000000000,2.2623196496,-0.0574082978,0.0000000000,-0.0000000000,0.0000000000,0.0000000000,0.0136731744,-0.0506289848,0.0000000000,-0.3518004831,0.0000000000,-0.0000000000,-0.0000000000,-0.0318277283,-0.0000000000,-0.0000000000,-0.3180762893,0.0000000000,0.0000000000,0.0000000000,0.0000000000,-0.4513415441,0.0000000000,0.0000000000,0.0000000000,-0.0000000000,-0.0000000000,0.0000000000,-0.4741661380,-0.3276693890,-0.2066555952,-0.0000000000,0.0000000000,-0.0000000000,0.0000000000,-0.0000000000,-0.0304370537,0.0000000000,0.0000000000,0.0000000000,-0.0000000000,0.0000000000,-0.0000000000,0.0968222371,0.0000000000,-0.0000000000,0.0000000000,-0.2072793056,0.0000000000,0.0000000000,0.0000000000,-0.1330611815,0.0000000000,-0.0000000000,-0.0000000000,-0.0000000000,0.0000000000,-0.0000000000,0.0000000000,-0.0000000000,-0.0000000000,0.0000000000,0.0000000000,0.0000000000,0.0000000000,0.0000000000,-0.0000000000,0.2573254553,0.0000000000,-0.1257907802,-0.0234568145,-0.0000000000,0.0000000000,0.0000000000,0.0000000000,0.0000000000,0.0000000000,0.0000000000,-0.0000000000,-0.0000000000,0.0000000000
-0.0386920259,-0.0000000000,-0.0000000000,0.0000000000,0.0606226327,-0.0000000000,-0.1462768185,0.0000000000,-0.0000000000,0.0000000000,-0.0000000000,0.0000000000,0.0455588289,-0.0859679324,-0.2336066515,0.0000000000,0.0000000000,-0.0000000000,-0.4335929038,-0.0574082978,3.0635165616,0.0000000000,-0.3630261881,0.0000000000,-0.0000000000,0.0000000000,-0.0000000000,-0.0000000000,-0.0552292264,0.0000000000,0.0000000000,-0.0000000000,-0.0000000000,0.0000000000,-0.0000000000,0.0000000000,0.0000000000,0.0000000000,-0.0000000000,-0.0000000000,0.0000000000,0.0488818844,0.0000000000,-0.0000000000,-0.0000000000,-0.0000000000,0.0000000000,0.0000000000,0.0000000000,-0.0000000000,0.0000000000,-0.0000000000,-0.0000000000,0.0000000000,-0.0000000000,-0.0000000000,0.0000000000,-0.0000000000,-0.0000000000,0.0000000000,0.0000000000,0.0000000000,0.0000000000,-0.0000000000,-0.3573166830,-0.0000000000,0.0000000000,-0.0000000000,-0.0000000000,0.0000000000,-1.2936427143,-0.0000000000,-0.1642586875,-0.0000000000,-0.0000000000,0.0000000000,-0.0000000000,-0.0000000000,-0.0000000000,0.0000000000,-0.0000000000,0.0000000000,-0.0000000000,-0.0000000000,-0.0000000000,-0.0000000000,0.3843489988,-0.0000000000,0.1807437367,-0.0000000000,0.0000000000,-0.0000000000,-0.0664922426,0.0340707010,0.0000000000,-0.0000000000,-0.0000000000,0.0000000000,0.0000000000,0.0000000000
-0.0000000000,0.0000000000,0.0000000000,-0.0000000000,0.0000000000,0.0278654714,-0.0000000000,-0.0000000000,0.2578936440,0.0000000000,0.0000000000,-0.0000000000,0.0000000000,-0.0000000000,-0.0000000000,-0.0000000000,-0.0000000000,-0.0825845864,-0.0000000000,0.0000000000,0.0000000000,2.7638900152,-0.1680257694,-0.1321437492,-0.0000000000,-0.0724142752,-0.0000000000,-0.0036605573,-0.0000000000,-0.3334863961,0.0000000000,-0.0000000000,-0.0000000000,-0.3772043682,-0.7022757839,0.0000000000,-0.0000000000,0.0000000000,0.0000000000,0.0000000000,-0.0000000000,-0.0391083345,-0.0000000000,0.0000000000,0.0000000000,-0.0000000000,-0.1007748832,-0.1970163787,0.0307718704,0.0000000000,0.0000000000,0.0000000000,0.0000000000,-0.0000000000,0.0553565421,0.0000000000,-0.0955034983,0.0000000000,-0.0000000000,0.1750872806,0.0000000000,0.0268514941,-0.1120831187,0.0000000000,0.0098397581,-0.0000000000,0.0000000000,-0.0000000000,-0.0000000000,-0.1794085713,0.1482550096,-0.6908030253,-0.0000000000,0.2311774292,0.0000000000,-0.0000000000,0.0000000000,-0.0000000000,0.0000000000,0.0815855908,-0.0000000000,0.0000000000,0.0000000000,-0.0000000000,0.0580506247,-0.0000000000,0.0000000000,-0.0000000000,0.0259791780,0.0709265941,-0.0000000000,-0.0000000000,0.0000000000,0.0000000000,-0.0000000000,-0.0000000000,0.2051306301,-0.0000000000,0.0000000000,0.0000000000
-0.0000000000,-0.0000000000,0.0000000000,0.0000000000,0.0000000000,0.0300188742,-0.0000000000,0.0000000000,0.0000000000,0.0000000000,0.0000000000,-0.0000000000,0.0000000000,-0.0000000000,-0.0650732663,-0.2888986480,0.0000000000,-0.0000000000,-0.0000000000,-0.0000000000,-0.3630261881,-0.1680257694,2.8409100798,-0.0000000000,0.0000000000,-0.0000000000,-0.1146748804,-0.0000000000,-0.0000000000,-0.7043207575,0.0000000000,0.0000000000,0.0000000000,-0.0000000000,-0.0577192218,0.1105863760,0.0000000000,0.0000000000,0.0717289258,0.0000000000,0.0000000000,-0.0000000000,0.0000000000,-0.0000000000,0.0000000000,-0.0000000000,-0.0000000000,-0.1821536886,0.0000000000,0.0000000000,-0.0000000000,-0.0000000000,-0.0000000000,0.0521551214,0.0000000000,-0.0000000000,-0.0000000000,0.0201765608,-0.0000000000,0.0000000000,0.0000000000,0.0000000000,0.0000000000,0.0000000000,0.0000000000,-0.0023736135,-0.0000000000,-0.0000000000,0.0000000000,-0.0000000000,0.0000000000,-0.0000000000,-0.9655659034,0.0000000000,-0.0000000000,0.0000000000,0.0000000000,-0.2932391650,0.0935017651,0.0784715967,0.0000000000,0.1413713353,0.0000000000,-0.0000000000,-0.0000000000,-0.0000000000,0.0780752553,0.0000000000,0.0000000000,0.0000000000,0.0000000000,0.0000000000,-0.0000000000,0.0000000000,0.0000000000,-0.0000000000,0.0000000000,-0.1289676878,-0.0000000000,0.0000000000
0.0794426494,0.0390764571,0.0433434745,-0.0000000000,-0.0000000000,0.0000000000,-0.0452105103,0.0000000000,-0.0000000000,-0.0000000000,-0.0000000000,-0.2619806338,0.0507542025,0.0426374502,0.0000000000,-0.1830117662,-0.1737369593,0.0000000000,0.0000000000,0.0000000000,0.0000000000,-0.1321437492,-0.0000000000,3.2996762372,-0.0000000000,-0.8893527418,-0.0000000000,-0.0000000000,-0.1324819026,-0.0000000000,-0.0000000000,0.0000000000,-0.0000000000,-0.0000000000,-0.0000000000,0.0000000000,0.0000000000,0.0000000000,0.1044978274,-0.0000000000,-0.0000000000,-0.0476199776,0.0000000000,0.0000000000,-0.0000000000,-0.0000000000,0.0000000000,-0.0000000000,0.0000000000,0.0714733460,0.0000000000,0.0000000000,-0.0000000000,0.0000000000,-0.0000000000,0.0000000000,-0.0000000000,-0.0000000000,-0.0000000000,0.0000000000,-0.0000000000,0.0000000000,-0.0000000000,0.0000000000,0.0387111634,0.0000000000,-0.0000000000,0.0000000000,-0.0000000000,-0.0000000000,0.0000000000,-0.0236047473,0.0000000000,0.0852199158,-0.2853952240,-0.7949012413,-0.0000000000,-0.0000000000,-0.0000000000,0.0000000000,-0.8646767931,0.0000000000,0.0000000000,0.0000000000,-0.0000000000,-0.0000000000,-0.0000000000,-0.0000000000,-0.0000000000,-0.0000000000,0.0000000000,0.0000000000,0.3595267776,0.0000000000,-0.0000000000,0.0000000000,0.0000000000,-0.0000000000,-0.0000000000,0.0000000000
-0.2819256104,0.0000000000,-0.0000000000,0.0000000000,0.1225816821,-0.0000000000,0.0000000000,0.0000000000,0.0000000000,-0.0030368012,-0.0147484464,-0.0000000000,0.0000000000,0.0000000000,-0.0000000000,-0.0000000000,-0.0019994663,0.0892446181,-0.0000000000,0.0000000000,-0.0000000000,-0.0000000000,0.0000000000,-0.0000000000,1.7834165666,-0.0000000000,0.0000000000,-0.0105529746,-0.0000000000,0.0000000000,-0.0000000000,-0.2301389526,-0.1175944407,0.0000000000,0.0000000000,0.0000000000,0.0000000000,-0.2419021287,0.0000000000,0.0000000000,0.0335190807,-0.1369268162,0.0000000000,0.0810094470,0.0000000000,0.0000000000,-0.0000000000,-0.0000000000,-0.0000000000,0.0000000000,-0.0000000000,0.0071882418,-0.0000000000,0.0087983955,0.0000000000,-0.0000000000,-0.0000000000,-0.0000000000,-0.3285984378,-0.0000000000,-0.0000000000,0.0913393260,0.1011865310,0.0000000000,-0.1155494146,-0.0000000000,0.0000000000,0.0000000000,0.0000000000,0.0000000000,-0.0000000000,0.0000000000,-0.0000000000,0.0000000000,-0.0000000000,-0.3787869269,-0.0063716441,-0.0000000000,-0.0000000000,-0.0197223606,-0.0000000000,0.0000000000,0.0000000000,0.0717526400,0.0000000000,-0.0000000000,-0.0000000000,-0.0000000000,0.0000000000,-0.0000000000,-0.0000000000,-0.3293466788,-0.0000000000,-0.0000000000,0.0000000000,0.0000000000,0.0000000000,0.0000000000,-0.0000000000,0.0000000000
0.0000000000,0.0000000000,0.0000000000,-0.0000000000,-0.0000000000,0.0000000000,-0.0315037395,0.0000000000,-0.0000000000,-0.0000000000,-0.0000000000,-0.0632817749,-0.0000000000,0.0000000000,-0.0000000000,0.0000000000,-0.0914184986,0.0000000000,0.0000000000,0.0136731744,0.0000000000,-0.0724142752,-0.0000000000,-0.8893527418,-0.0000000000,3.0473014357,-0.0000000000,-0.2532503771,-0.0000000000,-0.3555943644,-0.0000000000,0.0000000000,0.0000000000,-0.0000000000,-0.0000000000,0.0000000000,-0.0000000000,-0.0000000000,0.0000000000,-0.0587646997,-0.0000000000,-0.1760658297,-0.0000000000,-0.0000000000,-0.0000000000,-0.0000000000,0.0000000000,0.0000000000,0.0592874586,0.0000000000,0.0000000000,0.0000000000,-0.0000000000,-0.0000000000,-0.0000000000,0.0000000000,-0.0000000000,-0.0000000000,-0.0877902845,0.0000000000,-0.0000000000,0.0000000000,-0.0278688864,0.0000000000,0.0000000000,-0.0000000000,0.0000000000,-0.0000000000,-0.0000000000,-0.0000000000,0.0000000000,-0.0000000000,-0.0000000000,0.0095727870,-0.0898950216,-0.3240237693,-0.0000000000,-0.7545136064,-0.0000000000,0.0000000000,-0.1074832865,0.0000000000,0.0000000000,0.0000000000,-0.0000000000,0.0000000000,-0.0656597034,-0.0678993987,-0.0000000000,0.0000000000,0.0000000000,0.0000000000,0.0764084179,0.0000000000,0.0000000000,0.0000000000,0.0000000000,0.0000000000,-0.0000000000,0.0000000000
0.0000000000,-0.0000000000,0.0000000000,0.0000000000,-0.0000000000,-0.0000000000,0.0000000000,0.0000000000,0.0000000000,0.0000000000,0.0000000000,-0.0000000000,-0.0000000000,0.0000000000,0.0268970441,-0.0000000000,-0.0613780604,0.0000000000,0.0000000000,-0.0506289848,-0.0000000000,-0.0000000000,-0.1146748804,-0.0000000000,0.0000000000,-0.0000000000,3.0195227970,-0.3453752359,-0.0168207368,-0.0000000000,-0.0000000000,0.0000000000,-0.0000000000,-0.0000000000,-0.4412466111,-0.0000000000,0.0000000000,0.0000000000,-0.0000000000,0.0000000000,-0.1412378449,-0.0000000000,-0.0000000000,-0.0786125674,-0.4687986230,-0.8328455051,-0.1639610844,-0.5077262215,-0.0000000000,0.0000000000,-0.0000000000,-0.0000000000,0.0000000000,-0.0000000000,-0.0000000000,-0.0000000000,0.0000000000,0.0000000000,-0.0000000000,-0.0000000000,-0.0000000000,0.0000000000,0.0000000000,-0.0000000000,0.0716806544,0.0000000000,0.0000000000,0.0000000000,0.0000000000,0.1805423593,0.0198723081,0.0000000000,-0.0000000000,-0.0000000000,-0.0000000000,0.0000000000,0.0000000000,-0.0000000000,0.0000000000,0.0000000000,-0.0000000000,0.0000000000,0.0000000000,0.0000000000,-0.6365155699,-0.0000000000,0.0000000000,-0.0000000000,-0.0000000000,-0.0000000000,0.0000000000,0.0000000000,0.0000000000,0.0000000000,0.1203672672,0.0000000000,-0.0000000000,-0.0000000000,0.0000000000,0.0539136424
-0.0000000000,-0.0239416711,-0.0000000000,0.0000000000,-0.0000000000,-0.0000000000,0.0000000000,0.0000000000,0.0000000000,0.0000000000,-0.0000000000,0.0000000000,-0.0000000000,-0.0000000000,0.0000000000,0.0000000000,-0.0259018091,0.0000000000,-0.0000000000,0.0000000000,-0.0000000000,-0.0036605573,-0.0000000000,-0.0000000000,-0.0105529746,-0.2532503771,-0.3453752359,3.0981217601,-0.4177520147,-0.0000000000,0.0000000000,0.0000000000,-0.0000000000,-0.1237646555,-0.1342268615,-0.0000000000,-0.1588035513,0.0000000000,-0.0000000000,0.0000000000,0.0622824573,-0.0000000000,0.0000000000,-0.0770374274,-0.0000000000,-0.0000000000,-0.0000000000,-0.0000000000,-0.0000000000,0.0000000000,-0.0000000000,-0.0000000000,0.0000000000,-0.0000000000,-0.0468026322,0.0000000000,0.0000000000,-0.0000000000,-0.0000000000,0.0000000000,0.0000000000,0.0000000000,-0.0470819564,-0.0000000000,0.0000000000,0.0000000000,0.0816900842,0.0000000000,-0.0000000000,0.0000000000,0.0000000000,-0.0000000000,-0.0630379279,0.0000000000,0.0000000000,0.0000000000,-0.1680981331,-0.3449222454,0.0000000000,0.0000000000,-0.0000000000,0.0000000000,0.0000000000,0.0000000000,-0.0000000000,-0.0323743497,-0.0232828007,-1.2855697575,-0.0000000000,0.0000000000,0.0000000000,0.0000000000,0.0000000000,0.0000000000,0.0000000000,-0.0000000000,0.0000000000,-0.0000000000,0.0000000000,0.0000000000
-0.0000000000,-0.0000000000,-0.0000000000,0.0000000000,-0.0000000000,-0.0000000000,-0.0000000000,0.0000000000,-0.0000000000,0.0000000000,-0.0000000000,-0.0000000000,0.0000000000,-0.0000000000,-0.0230152433,-0.0696739491,-0.0234865260,-0.0000000000,-0.0000000000,-0.3518004831,-0.0552292264,-0.0000000000,-0.0000000000,-0.1324819026,-0.0000000000,-0.0000000000,-0.0168207368,-0.4177520147,2.3386695934,-0.0000000000,-0.0000000000,0.0000000000,-0.0000000000,-0.0000000000,-0.0000000000,-0.0000000000,-0.0000000000,0.0399403853,0.2922485101,0.0000000000,-0.0000000000,0.0000000000,0.0000000000,-0.0000000000,-0.0000000000,-0.0000000000,0.0000000000,-0.0414933573,-0.0000000000,-0.0000000000,-0.0000000000,-0.0000000000,-0.0000000000,-0.0000000000,-0.0000000000,0.0000000000,-0.0000000000,-0.0000000000,0.0000000000,-0.0000000000,0.0000000000,0.0000000000,-0.0000000000,0.0000000000,0.0000000000,-0.0000000000,-0.0000000000,-0.0000000000,0.0371057754,0.0000000000,-0.0000000000,-0.1333442436,-0.0000000000,0.0000000000,-0.0749813194,0.0000000000,-1.0748745481,-0.1128242448,-0.0134945511,-0.0000000000,-0.0000000000,0.0000000000,0.0000000000,-0.0000000000,-0.0000000000,-0.0000000000,-0.0000000000,-0.0232268543,-0.0000000000,-0.0000000000,0.0000000000,0.0000000000,0.1081194530,0.0000000000,0.0000000000,-0.0665614382,0.0000000000,-0.0000000000,-0.0000000000,0.0000000000
