0,1,2,3,4,5,6,7,8,9,10,11,12,13,14,15,16,17,18,19,20,21,22,23,24,25,26,27,28,29,30,31,32,33,34,35,36,37,38,39,40,41,42,43,44,45,46,47,48,49,50,51,52,53,54,55,56,57,58,59,60,61,62,63,64,65,66,67,68,69,70,71,72,73,74,75,76,77,78,79,80,81,82,83,84,85,86,87,88,89,90,91,92,93,94,95,96,97,98,99
2.0034336045,0.0000000000,-0.0000000000,0.0000000000,-0.0000000000,-0.0000000000,0.0000000000,-0.0000000000,-0.0000000000,0.1345396281,0.0133884565,0.1636820371,-0.0000000000,-0.0000000000,-0.0000000000,-0.0000000000,-0.0000000000,-0.2507246965,-0.0000000000,-0.0584406777,-0.0000000000,0.0000000000,-0.1385594172,-0.0000000000,-0.0000000000,0.0636059021,0.0000000000,0.0000000000,-0.0000000000,0.0000000000,-0.0665538453,-0.0000000000,-0.0000000000,-0.0000000000,-0.0000000000,-0.0000000000,0.0557695433,0.0000000000,0.0000000000,0.0000000000,0.0000000000,0.0023090266,0.0216675593,0.0141108856,0.0000000000,0.0110155884,0.1057508005,0.0000000000,-0.0000000000,0.0000000000,-0.7184658148,-0.0000000000,-0.0000000000,0.0000000000,-0.0000000000,-0.0000000000,0.0000000000,0.0000000000,0.0000000000,0.0000000000,0.0526398979,-0.0000000000,0.0000000000,-0.0000000000,-0.0000000000,-0.0298321815,0.0000000000,0.0000000000,-0.0000000000,-0.0543878192,-0.0000000000,-0.0000000000,-0.0467039685,0.0915342268,-0.0000000000,-0.0000000000,-0.0000000000,-0.0000000000,-0.0828956941,-0.1489315416,0.0000000000,0.0000000000,0.0000000000,-0.0000000000,-0.0000000000,0.0000000000,-0.0000000000,0.0000000000,-0.1407048912,0.0000000000,-0.0000000000,-0.2643543723,0.0000000000,0.0000000000,0.0000000000,0.0000000000,0.0000000000,-0.0000000000,-0.2049514065,0.0000000000
0.0000000000,2.9923513191,-0.0000000000,-0.2930824680,-0.7347349520,-0.0000000000,0.0000000000,-0.3982252159,-0.0000000000,0.0184432639,0.0372133603,0.0000000000,-0.0000000000,0.0000000000,0.1678174889,-0.0000000000,0.0000000000,-0.0000000000,-0.0000000000,0.0000000000,0.0000000000,0.0000000000,0.0000000000,0.0000000000,0.0000000000,0.0000000000,-0.0000000000,0.0000000000,-0.0000000000,0.0000000000,-0.0000000000,-0.0000000000,0.0000000000,-0.0000000000,-0.0000000000,0.0000000000,-0.0000000000,-0.0000000000,-0.0000000000,0.1837218691,0.0000000000,0.0000000000,-0.0000000000,-0.0000000000,-0.0838118283,-0.0000000000,-0.0000000000,0.0000000000,0.1483812978,0.0254901322,-0.0000000000,-0.8907263342,-0.0000000000,-0.0307029866,-0.4198229879,0.0000000000,-0.0000000000,-0.1338010175,0.0000000000,0.0000000000,0.0000000000,0.0000000000,-0.0000000000,-0.0000000000,0.0000000000,0.0000000000,0.1965781770,0.0000000000,-0.0000000000,-0.0000000000,0.1036854282,0.0000000000,0.0000000000,0.0000000000,0.2069635367,0.0000000000,-0.0000000000,-0.0000000000,-0.0000000000,-0.0183009504,0.0000000000,0.0000000000,-0.0000000000,-0.0000000000,-0.0000000000,0.0000000000,-0.0827101534,-0.0000000000,0.2527631903,0.0000000000,0.0000000000,-0.0000000000,0.0000000000,-0.0000000000,-0.0000000000,-0.0000000000,0.0000000000,0.0000000000,0.0000000000,0.0000000000
-0.0000000000,-0.0000000000,2.8273363209,0.2740149617,-0.0000000000,-0.4698643269,-0.0000000000,-0.1297612452,-0.4705012783,0.0000000000,0.0334403689,0.0000000000,-0.0180124349,-0.0000000000,-0.0000000000,0.0000000000,-0.0000000000,-0.0052793670,-0.0072143397,-0.0000000000,-0.0000000000,0.0000000000,-0.0000000000,0.0000000000,0.0409511839,0.0000000000,-0.0583732923,0.0000000000,-0.0798021328,-0.0000000000,-0.0000000000,0.0000000000,-0.0000000000,-0.0000000000,-0.0000000000,-0.0000000000,0.0000000000,0.0000000000,-0.0000000000,0.0000000000,-0.0000000000,0.0000000000,-0.0000000000,0.0000000000,-0.0000000000,-0.0000000000,-0.0000000000,0.0000000000,0.0000000000,0.0000000000,0.0000000000,-0.8157252320,-0.0000000000,0.2289301915,-0.6366544691,-0.0820703226,-0.0000000000,-0.0021502258,0.1538253563,0.0000000000,0.0499016905,-0.0000000000,-0.1571859240,-0.0000000000,-0.0607462958,-0.0000000000,0.0284418997,-0.0000000000,-0.0063405392,-0.0000000000,-0.0000000000,0.0368812909,-0.0000000000,0.0000000000,0.0000000000,0.1040499993,-0.1118571018,0.0000000000,-0.0000000000,0.0000000000,0.0000000000,-0.0000000000,-0.1050316240,-0.0000000000,-0.0000000000,-0.0000000000,-0.0000000000,0.0000000000,-0.0000000000,0.0000000000,0.0389515572,-0.0000000000,0.0000000000,-0.0000000000,-0.0000000000,0.0000000000,-0.0000000000,0.0000000000,0.0000000000,-0.0000000000
0.0000000000,-0.2930824680,0.2740149617,2.6597405196,-0.5829784281,0.0000000000,0.0266262231,-0.0000000000,0.0000000000,-0.0000000000,-0.0000000000,0.0000000000,0.0000000000,-0.0000000000,0.0000000000,-0.0000000000,0.0000000000,0.0057626155,-0.0000000000,0.0000000000,0.0000000000,0.0000000000,0.0000000000,-0.0000000000,-0.0000000000,-0.0000000000,0.0000000000,-0.0175969084,-0.0000000000,0.0000000000,0.0000000000,-0.0000000000,0.1346849887,0.0000000000,0.0000000000,0.0000000000,-0.0240788361,0.0000000000,-0.0000000000,0.0000000000,0.0630705227,0.0000000000,0.0000000000,-0.0000000000,0.0000000000,0.0000000000,-0.0000000000,0.0000000000,0.0000000000,0.0000000000,-0.0000000000,-0.0403814285,-0.0000000000,-1.3893969880,0.0000000000,0.0220221831,-0.0511022097,-0.0000000000,-0.1370697454,0.0000000000,-0.0000000000,0.0167880205,-0.0000000000,-0.0000000000,0.0000000000,-0.0000000000,0.0000000000,-0.0099751987,-0.0156111164,0.0000000000,-0.0000000000,-0.0000000000,0.0000000000,0.0000000000,-0.0000000000,-0.0000000000,-0.1250952832,-0.0308825130,0.0000000000,0.0000000000,-0.0000000000,0.0000000000,0.0100963562,0.0000000000,-0.0000000000,-0.0000000000,-0.0000000000,-0.1833178594,0.0000000000,0.0000000000,0.0000000000,0.0000000000,-0.0000000000,0.0000000000,0.0000000000,-0.0000000000,0.0346418058,0.0000000000,-0.0000000000,0.0000000000
-0.0000000000,-0.7347349520,-0.0000000000,-0.5829784281,2.8424116253,-0.0000000000,0.0000000000,-0.2103005709,-0.0000000000,0.0000000000,-0.0000000000,0.0000000000,0.0000000000,0.0000000000,0.0000000000,-0.0000000000,0.0000000000,-0.0000000000,-0.0000000000,0.0000000000,0.0000000000,0.0000000000,-0.0000000000,-0.0000000000,-0.0000000000,-0.0000000000,-0.0000000000,-0.0000000000,0.0000000000,0.0000000000,-0.0000000000,-0.0000000000,0.0000000000,-0.0000000000,0.0000000000,0.0000000000,-0.2344851182,0.0000000000,0.0000000000,0.1569249170,0.0000000000,0.0000000000,0.0000000000,-0.0000000000,-0.0000000000,0.0000000000,-0.0000000000,0.0000000000,0.0000000000,0.0000000000,-0.0909701968,-0.0000000000,-0.0000000000,-0.5107632985,-0.4494381681,0.0131732513,-0.0000000000,-0.0123315674,0.0000000000,0.0665389180,0.0073502642,0.0000000000,0.0000000000,-0.0000000000,-0.0000000000,0.0000000000,0.0000000000,-0.0000000000,-0.0000000000,-0.0000000000,0.0000000000,0.0000000000,-0.0000000000,0.0453377969,0.0000000000,0.0000000000,-0.0000000000,-0.0000000000,-0.0000000000,-0.0000000000,-0.0000000000,0.0000000000,0.0000000000,0.0000000000,-0.0000000000,0.0000000000,-0.2828103787,-0.0902025750,0.0000000000,0.0000000000,-0.0000000000,0.0000000000,0.1178978225,0.0000000000,0.0000000000,-0.0933117627,0.0000000000,-0.0000000000,0.0000000000,0.0000000000
-0.0000000000,-0.0000000000,-0.4698643269,0.0000000000,-0.0000000000,3.1134668439,-0.0000000000,-0.1613288133,-0.2636607103,-0.0000000000,-0.0000000000,0.0000000000,0.0000000000,0.0013843436,0.0000000000,-0.0000000000,0.0000000000,-0.0000000000,0.0000000000,-0.0000000000,0.0000000000,-0.0000000000,0.1012038644,-0.0000000000,-0.0000000000,-0.0000000000,0.0000000000,-0.0000000000,-0.1028017440,0.0000000000,-0.0124358523,-0.0000000000,0.0000000000,0.0000000000,0.0000000000,-0.1620606535,-0.0000000000,0.0000000000,0.0000000000,0.0000000000,-0.0000000000,-0.0000000000,0.0000000000,-0.0000000000,-0.0000000000,0.0000000000,0.0000000000,-0.0000000000,-0.4473033871,0.0000000000,0.0000000000,-0.0000000000,-0.0000000000,0.1421918336,-0.9598087934,-0.6622168450,0.0000000000,-0.0000000000,-0.0000000000,-0.0000000000,0.0000000000,0.0281594891,0.0000000000,0.0073123113,0.0000000000,0.0000000000,-0.0000000000,0.0000000000,0.0000000000,0.0000000000,0.0000000000,0.0000000000,0.0000000000,0.0000000000,0.0000000000,-0.0000000000,-0.0000000000,-0.0000000000,-0.0000000000,-0.0000000000,0.0000000000,-0.0010899052,-0.0000000000,-0.0000000000,0.0000000000,-0.0000000000,-0.0659323129,-0.0841325770,-0.0000000000,0.0000000000,0.0172897987,0.0000000000,0.0000000000,-0.0000000000,-0.0000000000,-0.0493624812,-0.0000000000,0.0000000000,-0.0000000000,-0.0000000000
0.0000000000,0.0000000000,-0.0000000000,0.0266262231,0.0000000000,-0.0000000000,2.2013781974,0.0000000000,-0.0000000000,-0.0000000000,-0.0000000000,-0.0000000000,0.0000000000,-0.0708027788,-0.0824100841,-0.0957615633,0.0000000000,-0.0000000000,-0.0000000000,-0.0000000000,-0.0000000000,0.1411432400,0.0000000000,0.0897739369,0.1566430692,0.1081135316,-0.0000000000,-0.0000000000,0.0000000000,-0.0763166823,0.0000000000,-0.0000000000,-0.0577537783,0.0000000000,0.0000000000,0.0000000000,-0.0000000000,0.0000000000,-0.0000000000,-0.0000000000,-0.2681175082,0.0000000000,-0.0000000000,-0.1004128067,-0.0607616905,-0.0152949216,-0.1308790854,-0.3176137864,-0.0000000000,-0.5842163970,0.0000000000,0.0000000000,-0.5086978534,0.0000000000,0.0000000000,-0.0000000000,0.0064332783,0.0000000000,-0.0000000000,-0.0000000000,0.0000000000,-0.0000000000,-0.0000000000,-0.0000000000,-0.0000000000,-0.0000000000,-0.3654451186,-0.0000000000,0.0000000000,-0.0000000000,-0.0000000000,0.0515648215,-0.0513711120,-0.0000000000,0.0000000000,-0.0000000000,0.2346603076,0.0000000000,-0.0000000000,-0.0000000000,0.0000000000,-0.0000000000,0.0000000000,0.0324189457,-0.0000000000,0.0969530663,0.0000000000,0.0000000000,0.0000000000,-0.0000000000,-0.0000000000,0.1906450381,-0.0000000000,-0.0323420968,-0.0000000000,0.0000000000,-0.0000000000,0.0000000000,-0.0000000000,-0.0000000000
-0.0000000000,-0.3982252159,-0.1297612452,-0.0000000000,-0.2103005709,-0.1613288133,0.0000000000,3.9612956692,-0.5345335354,0.0000000000,0.0000000000,0.0000000000,-0.0000000000,0.0000000000,0.0866880543,-0.0000000000,0.0000000000,-0.2357466908,0.0000000000,-0.0000000000,0.0000000000,0.0000000000,-0.0000000000,0.0000000000,-0.0000000000,-0.0000000000,0.0000000000,0.0000000000,-0.0000000000,0.0000000000,-0.0000000000,-0.0000000000,0.0000000000,0.0000000000,-0.0000000000,-0.0000000000,0.0000000000,0.0000000000,-0.0000000000,0.0000000000,0.0000000000,0.0000000000,0.0000000000,-0.0000000000,0.0000000000,0.0565305450,0.0987513354,0.0000000000,-0.0000000000,0.0000000000,-0.0654242668,-0.2736051884,-0.0000000000,0.0000000000,-0.4845896882,-0.0000000000,-1.0953755078,-0.5899508126,0.0000000000,0.0000000000,0.0000000000,0.1620588290,0.0000000000,0.1813086269,0.0000000000,0.0000000000,0.0000000000,0.0000000000,-0.0000000000,-0.1079884318,0.0000000000,0.0000000000,0.0000000000,0.0000000000,0.0032280052,0.0000000000,-0.0000000000,-0.0000000000,0.0000000000,-0.0000000000,0.0000000000,0.0924854616,0.0000000000,0.0000000000,0.0000000000,0.0000000000,-0.0000000000,-0.0000000000,-0.0000000000,0.1103549811,-0.0000000000,-0.0000000000,0.0000000000,-0.0000000000,-0.0000000000,-0.0000000000,0.0000000000,-0.0000000000,-0.0000000000,0.0000000000
-0.0000000000,-0.0000000000,-0.4705012783,0.0000000000,-0.0000000000,-0.2636607103,-0.0000000000,-0.5345335354,4.2638129131,-0.0000000000,-0.0000000000,0.0000000000,-0.0724968602,-0.1252277619,-0.0000000000,0.0000000000,0.0000000000,0.0000000000,0.0000000000,-0.0000000000,-0.0000000000,0.0718721526,-0.0000000000,-0.0000000000,0.0000000000,-0.0000000000,0.0000000000,0.0000000000,-0.0000000000,-0.0000000000,0.0000000000,0.0000000000,0.0000000000,0.1998521333,0.0000000000,-0.2551895673,-0.0000000000,0.0000000000,0.0000000000,0.0000000000,0.0000000000,0.1572275968,0.0000000000,0.0000000000,-0.0000000000,0.0000000000,0.0000000000,-0.0000000000,-0.0000000000,-0.0000000000,-0.0000000000,-0.0000000000,-0.0313330561,0.0000000000,-0.0000000000,-0.9087612826,-0.0000000000,-1.8460125662,-0.0000000000,0.0000000000,0.0000000000,-0.0000000000,0.0000000000,0.0000000000,-0.0000000000,-0.0000000000,0.0000000000,0.1171090181,0.0000000000,0.0230061202,0.0000000000,0.0000000000,-0.0000000000,0.0000000000,-0.0000000000,0.0000000000,-0.0000000000,-0.0000000000,0.0000000000,-0.0000000000,0.0000000000,0.0000000000,0.0000000000,0.0000000000,-0.0000000000,-0.0000000000,-0.0000000000,-0.0000000000,-0.0000000000,-0.0000000000,0.0000000000,0.0000000000,0.0000000000,0.0000000000,-0.0000000000,-0.0000000000,-0.0000000000,-0.0000000000,-0.0000000000,-0.0458435135
0.1345396281,0.0184432639,0.0000000000,-0.0000000000,0.0000000000,-0.0000000000,-0.0000000000,0.0000000000,-0.0000000000,2.0034796233,-0.0150457360,-0.2443947287,-0.0000000000,-0.0000000000,-0.1202771402,0.0000000000,0.0000000000,0.0000000000,0.1040937866,-0.0000000000,-0.0000000000,0.0000000000,0.0929006003,-0.0000000000,-0.0000000000,-0.2963250147,0.0000000000,-0.0000000000,-0.0000000000,-0.1137786488,0.0000000000,-0.0000000000,-0.0000000000,0.1405407722,0.0000000000,0.0000000000,-0.0475998094,-0.0000000000,-0.0000000000,-0.0167282083,-0.0000000000,-0.1785659925,-0.0000000000,-0.0251245808,0.0000000000,-0.0000000000,-0.0000000000,-0.1092869697,-0.0000000000,-0.0031923028,-0.0000000000,-0.0000000000,-0.0000000000,-0.0000000000,0.0000000000,-0.2337066544,-0.0382903247,-0.0000000000,-0.5389000639,-0.0000000000,-0.0815799574,-0.0000000000,0.0000000000,0.0069343622,-0.0000000000,-0.0000000000,-0.0000000000,0.0000000000,0.0000000000,0.2293276241,-0.0000000000,-0.0000000000,0.0144223151,-0.0000000000,0.0000000000,-0.0000000000,-0.2131425474,-0.0000000000,0.0000000000,0.0000000000,-0.0000000000,-0.0000000000,-0.0000000000,0.0000000000,0.0000000000,-0.0409784096,-0.0000000000,-0.0000000000,-0.0000000000,0.0000000000,-0.0000000000,-0.0000000000,-0.1176448521,-0.0000000000,-0.0392175447,-0.0000000000,-0.0000000000,-0.0000000000,-0.0078135644,-0.0000000000
0.0133884565,0.0372133603,0.0334403689,-0.0000000000,-0.0000000000,-0.0000000000,-0.0000000000,0.0000000000,-0.0000000000,-0.0150457360,1.9369035840,-0.1635038103,0.0561440917,-0.0000000000,-0.0000000000,-0.0000000000,0.0000000000,0.0000000000,-0.0000000000,-0.0000000000,-0.0268655657,0.0000000000,-0.0000000000,-0.3567962826,0.0505112985,-0.0000000000,0.0000000000,-0.2360630500,-0.0000000000,-0.0000000000,0.0000000000,0.0000000000,0.0000000000,0.0000000000,-0.0000000000,-0.0000000000,-0.0000000000,0.2283068697,0.0000000000,0.0000000000,-0.1216906075,0.0139141273,0.0000000000,-0.0759312018,0.0000000000,-0.0000000000,-0.0000000000,-0.0000000000,-0.0474651157,-0.2095752435,0.0000000000,0.0000000000,-0.0999426742,-0.0000000000,0.0066536549,-0.0000000000,0.0000000000,0.0000000000,-0.3806619544,-0.5736369835,-0.0956208740,0.1353134961,0.0732037449,0.0000000000,-0.0000000000,-0.0000000000,-0.0000000000,0.0000000000,0.0000000000,0.0000000000,-0.1533824935,0.0000000000,-0.0000000000,-0.0000000000,-0.0000000000,-0.0000000000,0.0000000000,-0.0000000000,0.0375504916,0.0000000000,-0.0000000000,0.0000000000,0.0000000000,0.0000000000,0.0000000000,0.0000000000,-0.0000000000,-0.0000000000,-0.0000000000,-0.0000000000,0.0000000000,0.0000000000,0.0000000000,-0.0000000000,-0.0000000000,-0.0174276337,-0.0000000000,0.0758672786,-0.0000000000,0.0000000000
0.1636820371,0.0000000000,0.0000000000,0.0000000000,0.0000000000,0.0000000000,-0.0000000000,0.0000000000,0.0000000000,-0.2443947287,-0.1635038103,2.1831599574,-0.0000000000,-0.0000000000,-0.0735498010,0.0000000000,-0.0000000000,0.0000000000,0.0000000000,-0.0000000000,-0.2794147894,0.0000000000,0.0000000000,-0.0000000000,-0.0000000000,-0.4837443951,0.0000000000,0.0840855208,-0.1208715272,-0.0000000000,0.0000000000,0.0000000000,0.0800244549,0.0000000000,0.0000000000,0.2170475358,-0.0000000000,-0.0000000000,0.0000000000,-0.0882083271,0.0000000000,-0.0000000000,-0.0000000000,0.0000000000,0.0000000000,0.0000000000,0.0000000000,0.0000000000,0.0000000000,-0.0000000000,0.0000000000,0.0000000000,-0.0000000000,-0.0000000000,0.0000000000,-0.0000000000,-0.0000000000,-0.0000000000,-0.1398780902,-0.0490770612,-0.1868697953,-0.2596469214,-0.0000000000,0.0000000000,0.0000000000,-0.0000000000,-0.0000000000,-0.0000000000,-0.0000000000,0.0000000000,-0.0000000000,0.0000000000,0.0000000000,-0.2433353573,-0.0000000000,-0.1966137598,-0.0000000000,-0.0000000000,0.0000000000,0.0000000000,-0.0000000000,0.0000000000,-0.0000000000,0.1905319982,0.0000000000,-0.0000000000,0.0000000000,-0.0000000000,0.0000000000,0.0100292508,-0.0000000000,-0.0000000000,-0.0000000000,-0.0000000000,-0.0000000000,0.0000000000,0.0000000000,0.0000000000,0.0800923514,-0.0000000000
-0.0000000000,-0.0000000000,-0.0180124349,0.0000000000,0.0000000000,0.0000000000,0.0000000000,-0.0000000000,-0.0724968602,-0.0000000000,0.0561440917,-0.0000000000,2.7890583167,-0.0000000000,-0.0000000000,0.0000000000,-0.5517735303,0.0000000000,0.0000000000,0.0000000000,0.0000000000,0.0000000000,-0.0000000000,-0.0000000000,-0.0197253446,-0.0000000000,-0.0000000000,0.0000000000,-0.0000000000,-0.0000000000,0.1123424687,0.0237668354,-0.0794281880,0.0000000000,-0.2565653180,0.0000000000,0.0000000000,0.0000000000,-0.1624875340,0.0000000000,0.0000000000,0.0384450726,-0.0000000000,0.0000000000,-0.0538375395,0.0000000000,0.0000000000,0.0789629276,0.0586114692,0.0000000000,-0.0407608171,-0.0002282447,-0.0000000000,-0.0000000000,0.0000000000,-0.0000000000,-0.0000000000,-0.1919503576,0.0000000000,0.0000000000,-0.1557534378,-1.4064242453,-0.4308694858,0.0000000000,-0.0000000000,-0.0000000000,0.0279804988,0.0000000000,0.0000000000,0.0000000000,0.0000000000,0.0000000000,-0.0000000000,0.0000000000,-0.0000000000,-0.0000000000,-0.0000000000,-0.0000000000,0.0000000000,-0.0000000000,0.0000000000,0.0000000000,-0.0000000000,-0.0426332025,-0.1540386618,0.0000000000,-0.0000000000,0.0000000000,-0.0000000000,0.0000000000,-0.0000000000,-0.0000000000,-0.0000000000,0.0000000000,-0.0000000000,0.0000000000,0.0000000000,0.0000000000,0.0000000000,-0.0000000000
-0.0000000000,0.0000000000,-0.0000000000,-0.0000000000,0.0000000000,0.0013843436,-0.0708027788,0.0000000000,-0.1252277619,-0.0000000000,-0.0000000000,-0.0000000000,-0.0000000000,2.4877678876,-0.3741408174,0.1986382520,-0.0000000000,0.0377614845,-0.4868920161,0.0000000000,-0.2091645016,0.0000000000,-0.1922198828,0.0000000000,0.1061496133,0.0000000000,-0.0000000000,-0.0000000000,-0.0000000000,-0.0209309135,0.0000000000,0.1047036357,0.0000000000,0.0456878554,0.0000000000,0.0000000000,0.0000000000,0.0000000000,-0.2630342526,-0.0000000000,0.0297088508,0.0000000000,0.0000000000,-0.0000000000,0.0000000000,-0.0145513418,-0.0000000000,-0.0000000000,-0.0000000000,-0.0796687840,-0.0000000000,-0.0000000000,-0.0000000000,-0.0000000000,0.0095294557,-0.0000000000,0.0000000000,-0.0000000000,-0.0000000000,-0.0000000000,0.0000000000,-0.1019720354,-0.0148365454,-0.2282708733,-0.0000000000,-0.6292225932,0.0000000000,-0.0000000000,0.0000000000,0.0000000000,-0.0000000000,-0.0000000000,-0.0378419304,-0.0000000000,-0.0000000000,0.0187536809,-0.0000000000,-0.0000000000,-0.0000000000,0.0000000000,0.2263569256,0.0000000000,0.0000000000,0.0000000000,-0.0000000000,-0.0000000000,0.0000000000,0.0000000000,-0.0000000000,0.0000000000,0.0000000000,-0.0000000000,-0.1310919204,0.0000000000,-0.0000000000,-0.0000000000,-0.0000000000,-0.0000000000,0.0000000000,-0.0000000000
-0.0000000000,0.1678174889,-0.0000000000,0.0000000000,0.0000000000,0.0000000000,-0.0824100841,0.0866880543,-0.0000000000,-0.1202771402,-0.0000000000,-0.0735498010,-0.0000000000,-0.3741408174,3.4971199571,0.0000000000,-0.0000000000,0.1982382935,0.0000000000,-0.0000000000,-0.3298885310,0.0000000000,-0.0000000000,-0.0000000000,0.0000000000,0.0000000000,0.0712168017,0.0000000000,-0.1142110647,-0.1672067026,0.0726333222,0.0923146917,0.0000000000,0.0000000000,0.0000000000,0.0000000000,-0.0000000000,0.0000000000,0.0000000000,-0.0000000000,0.0000000000,0.0000000000,0.0000000000,0.0586635793,0.0264252262,-0.0000000000,-0.0000000000,-0.0000000000,-0.0000000000,-0.0044331735,0.0000000000,0.0000000000,-0.0000000000,0.0000000000,0.0000000000,-0.1720432972,0.0000000000,-0.0000000000,-0.0000000000,-0.0000000000,0.0000000000,-0.2350418002,-0.0000000000,-0.0000000000,-0.3876793611,-1.6266996012,-0.0000000000,0.0000000000,-0.0000000000,0.0020500013,-0.0000000000,-0.0000000000,-0.1200508569,0.0000000000,-0.0000000000,-0.0000000000,-0.0000000000,-0.0000000000,0.0000000000,0.0064630173,-0.0000000000,-0.0000000000,-0.0000000000,0.0000000000,0.0000000000,-0.3088022436,0.0000000000,0.0000000000,-0.0000000000,-0.0000000000,0.0000000000,0.0000000000,-0.0000000000,0.0000000000,0.0000000000,0.1846234514,-0.0000000000,-0.0000000000,-0.0000000000,-0.0518478312
-0.0000000000,-0.0000000000,0.0000000000,-0.0000000000,-0.0000000000,-0.0000000000,-0.0957615633,-0.0000000000,0.0000000000,0.0000000000,-0.0000000000,0.0000000000,0.0000000000,0.1986382520,0.0000000000,1.5983829310,-0.0000000000,-0.0807693679,0.0000000000,0.0000000000,0.0000000000,-0.0000000000,0.0000000000,-0.0000000000,-0.0000000000,0.0511276200,0.0000000000,-0.0258583298,0.0000000000,0.0000000000,-0.0000000000,0.0000000000,-0.0000000000,-0.4558662248,-0.0000000000,0.0000000000,-0.1003217018,-0.0000000000,0.0000000000,0.0000000000,-0.0000000000,-0.0000000000,0.0000000000,-0.0000000000,-0.0000000000,0.0000000000,-0.0000000000,-0.0458842498,-0.0000000000,-0.0000000000,-0.1926652722,0.0000000000,-0.2965010952,0.0000000000,-0.0000000000,0.0000000000,0.0000000000,0.1381233322,0.0000000000,-0.0000000000,-0.0000000000,0.0000000000,0.1120358746,-0.0000000000,0.0000000000,0.0000000000,-0.1675844801,-0.0000000000,-0.0000000000,-0.0806408850,0.0000000000,-0.0000000000,-0.0000000000,0.0000000000,-0.0383737623,-0.0000000000,0.0617698037,0.0000000000,-0.0000000000,-0.0456720704,-0.0000000000,-0.0000000000,-0.0000000000,-0.1075807575,0.0000000000,0.0000000000,-0.0000000000,-0.2402601497,0.0000000000,0.0000000000,-0.0631588363,0.0000000000,0.0000000000,-0.1815502730,0.0000000000,-0.0000000000,0.0000000000,-0.0000000000,-0.0000000000,0.0000000000
-0.0000000000,0.0000000000,-0.0000000000,0.0000000000,0.0000000000,0.0000000000,0.0000000000,0.0000000000,0.0000000000,0.0000000000,0.0000000000,-0.0000000000,-0.5517735303,-0.0000000000,-0.0000000000,-0.0000000000,2.6750082644,-0.0000000000,-0.4049475080,0.0000000000,-0.0000000000,-0.0377878147,-0.0485769833,-0.1359472852,-0.0000000000,-0.0000000000,-0.0000000000,-0.0000000000,0.0000000000,-0.0000000000,0.0849693311,0.0065604641,0.0000000000,-0.1693879949,-0.0000000000,0.0000000000,0.0857790747,0.0000000000,0.0000000000,0.0000000000,-0.0000000000,0.0060932756,0.0000000000,0.0000000000,0.0000000000,0.0000000000,0.0000000000,0.0000000000,0.0000000000,0.0000000000,-0.0000000000,-0.0000000000,-0.0000000000,-0.0000000000,0.0000000000,-0.0000000000,0.2081230510,0.0000000000,0.0000000000,-0.0000000000,-0.0316230685,-0.2857080564,-0.0000000000,-0.0000000000,-0.0513391008,-0.0000000000,0.0084439828,-0.5315445558,-0.0000000000,-0.0000000000,-0.0000000000,-0.0000000000,-0.1801104830,0.0000000000,-0.6325514364,-0.0000000000,0.0000000000,-0.0000000000,0.0000000000,-0.0000000000,0.0000000000,0.0028156685,0.0000000000,-0.0000000000,-0.0030119174,0.1790241744,0.0283656544,0.0000000000,-0.0000000000,0.0000000000,-0.0000000000,-0.0000000000,-0.0000000000,0.0228601213,0.0000000000,0.0517182308,0.0832074782,0.0000000000,0.0000000000,0.0000000000
-0.2507246965,-0.0000000000,-0.0052793670,0.0057626155,-0.0000000000,-0.0000000000,-0.0000000000,-0.2357466908,0.0000000000,0.0000000000,0.0000000000,0.0000000000,0.0000000000,0.0377614845,0.1982382935,-0.0807693679,-0.0000000000,2.2201644451,-0.0345909501,-0.3212964380,-0.0000000000,-0.2240705324,-0.0654275464,-0.0000000000,-0.0000000000,0.0000000000,-0.0000000000,0.0000000000,-0.0000000000,-0.0000000000,-0.0000000000,-0.0000000000,-0.0000000000,-0.4101198880,-0.0000000000,-0.0504080736,0.2231643257,0.0000000000,-0.0000000000,0.1538609191,-0.0909078095,-0.0000000000,-0.0000000000,0.0000000000,0.0000000000,0.0000000000,-0.0000000000,-0.0000000000,-0.0000000000,0.0000000000,-0.0000000000,-0.0000000000,0.0000000000,0.1860795230,-0.0000000000,-0.0000000000,-0.0000000000,0.0000000000,0.0549737267,0.0000000000,0.0000000000,0.0634693328,0.0000000000,0.1491554170,0.0000000000,0.0000000000,-0.0000000000,-0.0000000000,-0.0000000000,-0.7157213751,-0.0000000000,0.0000000000,0.0000000000,0.0000000000,0.0521795699,-0.0000000000,0.0000000000,0.0351617138,-0.0942191338,-0.0000000000,-0.0000000000,-0.0000000000,-0.0000000000,-0.0000000000,0.0000000000,0.0000000000,0.0000000000,-0.0465707986,-0.0000000000,0.0000000000,-0.0000000000,-0.0388707800,0.0000000000,-0.1999125840,0.0000000000,0.0469387048,0.0000000000,-0.0541489861,-0.0000000000,0.0794947997
-0.0000000000,-0.0000000000,-0.0072143397,-0.0000000000,-0.0000000000,0.0000000000,-0.0000000000,0.0000000000,0.0000000000,0.1040937866,-0.0000000000,0.0000000000,0.0000000000,-0.4868920161,0.0000000000,0.0000000000,-0.4049475080,-0.0345909501,2.2331502257,0.0000000000,-0.1261494858,-0.0000000000,-0.1945417886,-0.0000000000,0.0000000000,0.0000000000,-0.0000000000,-0.0574215196,-0.0000000000,-0.1996629117,-0.0000000000,0.0000000000,0.0000000000,-0.4156387792,-0.0000000000,0.0000000000,0.0000000000,0.0593801163,-0.0000000000,0.0000000000,0.0000000000,0.0000000000,0.0000000000,0.0000000000,0.0000000000,-0.0000000000,-0.0000000000,0.0000000000,0.0000000000,0.0000000000,-0.0000000000,-0.0923497176,-0.0883104789,-0.0271474793,0.0000000000,0.0000000000,0.0000000000,-0.0000000000,0.0000000000,-0.0000000000,0.0000000000,0.0437470662,-0.0000000000,-0.0927651642,-0.1214962618,0.0000000000,0.0000000000,-0.4244962886,-0.0000000000,-0.1600948575,-0.0000000000,0.0000000000,-0.0000000000,0.0000000000,0.0000000000,0.0490866787,-0.0000000000,0.0000000000,-0.0163654045,0.0000000000,0.0000000000,0.0000000000,0.0586005542,0.0000000000,0.0661546780,0.0497898687,0.0000000000,-0.0000000000,-0.0000000000,0.1749509818,0.0000000000,-0.0000000000,-0.0000000000,0.0000000000,0.0566171431,0.0000000000,0.0000000000,0.0000000000,0.0000000000,0.0000000000
-0.0584406777,0.0000000000,-0.0000000000,0.0000000000,0.0000000000,-0.0000000000,-0.0000000000,-0.0000000000,-0.0000000000,-0.0000000000,-0.0000000000,-0.0000000000,0.0000000000,0.0000000000,-0.0000000000,0.0000000000,0.0000000000,-0.3212964380,0.0000000000,2.8497642170,-0.3189544862,0.0000000000,-0.0000000000,-0.1737714463,-0.1462103172,0.0000000000,-0.0000000000,0.0000000000,-0.2940823000,0.0000000000,0.0000000000,0.0000000000,0.0000000000,0.2222132991,0.0000000000,-0.0568430019,0.0659010733,0.0791691612,0.0567004787,0.0000000000,-0.0000000000,0.0025624650,0.1119132813,-0.0000000000,-0.0000000000,0.0000000000,0.0000000000,0.0000000000,-0.0000000000,-0.0000000000,0.0000000000,0.0000000000,-0.0000000000,0.1378770002,-0.0000000000,-0.4647792197,-0.0000000000,-0.0000000000,-0.0000000000,-0.0000000000,0.0868363311,0.0000000000,0.0000000000,0.1018785386,0.0000000000,0.0000000000,-0.4633423453,0.1264720245,-0.0000000000,-0.0000000000,-0.7967810541,0.0000000000,-0.0000000000,-0.0000000000,-0.0000000000,-0.0000000000,-0.0000000000,0.0000000000,-0.0000000000,0.0000000000,-0.0914605809,-0.0000000000,-0.0000000000,0.0000000000,-0.1021748918,-0.0000000000,0.0000000000,-0.0000000000,-0.6392525444,-0.0000000000,0.0000000000,-0.0000000000,0.0215519310,0.0000000000,-0.0000000000,-0.0000000000,-0.0147100070,-0.0000000000,-0.0330974476,-0.0000000000
-0.0000000000,0.0000000000,-0.0000000000,0.0000000000,0.0000000000,0.0000000000,-0.0000000000,0.0000000000,-0.0000000000,-0.0000000000,-0.0268655657,-0.2794147894,0.0000000000,-0.2091645016,-0.3298885310,0.0000000000,-0.0000000000,-0.0000000000,-0.1261494858,-0.3189544862,2.3463751802,0.0000000000,-0.1114154107,-0.0311521256,0.0000000000,0.0000000000,0.0977589422,0.0000000000,-0.0000000000,-0.0000000000,0.0000000000,0.0000000000,0.0000000000,0.0000000000,0.2008808174,0.0000000000,0.0000000000,0.0000000000,0.0000000000,0.0000000000,0.0000000000,0.1614581209,0.0000000000,0.0000000000,0.2006044937,0.0000000000,0.0000000000,0.0069445274,0.0000000000,-0.0000000000,0.0236614635,0.0000000000,-0.0000000000,0.0311550103,0.0000000000,0.0000000000,0.0322393211,-0.0000000000,0.0000000000,-0.0000000000,0.0522926197,-0.0000000000,0.0000000000,0.0000000000,-0.0000000000,-0.0000000000,0.0000000000,0.0000000000,-0.0000000000,-0.0000000000,-0.7950361195,0.0000000000,-0.1657002408,0.0000000000,-0.0522580028,-0.0000000000,-0.0000000000,-0.0000000000,-0.0000000000,0.0000000000,0.0000000000,0.0058127817,0.0000000000,0.2386550763,0.0000000000,-0.0000000000,0.0000000000,-0.0000000000,0.0000000000,0.0000000000,0.0000000000,0.0000000000,0.0000000000,-0.0000000000,0.0000000000,0.0465510660,-0.0000000000,0.0000000000,0.0457584555,0.0000000000
0.0000000000,0.0000000000,0.0000000000,0.0000000000,0.0000000000,-0.0000000000,0.1411432400,0.0000000000,0.0718721526,0.0000000000,0.0000000000,0.0000000000,0.0000000000,0.0000000000,0.0000000000,-0.0000000000,-0.0377878147,-0.2240705324,-0.0000000000,0.0000000000,0.0000000000,2.2428337611,-0.0647092147,-0.1482273642,-0.0000000000,-0.3804919238,0.0000000000,-0.1073377333,0.0966958546,-0.0917954645,-0.0000000000,0.0189691069,0.1025510568,-0.4949533976,-0.2644477065,-0.0000000000,0.0088288208,0.0000000000,0.0085434549,0.0000000000,-0.0000000000,-0.0000000000,0.0000000000,0.0000000000,0.0579911452,-0.0000000000,-0.0000000000,-0.2191304055,0.0000000000,0.0000000000,0.0000000000,0.0000000000,0.3018904427,-0.0000000000,0.0000000000,-0.0000000000,0.0000000000,0.0000000000,0.0000000000,-0.0000000000,-0.0000000000,0.0000000000,0.0000000000,-0.0000000000,-0.0000000000,0.1209124612,0.0000000000,-0.2574285810,-0.0001028791,-0.0000000000,0.0000000000,-0.4376253068,-0.0000000000,0.0000000000,-0.0000000000,-0.0000000000,0.0000000000,-0.0000000000,0.0000000000,0.1559214879,-0.0000000000,0.0000000000,-0.0000000000,-0.0096933909,0.0000000000,-0.0000000000,0.0000000000,-0.0000000000,0.0000000000,0.0000000000,0.0054006385,-0.1677451717,0.0000000000,-0.0000000000,0.0000000000,0.0000000000,0.0000000000,-0.0119713832,-0.0000000000,0.0000000000
-0.1385594172,0.0000000000,-0.0000000000,0.0000000000,-0.0000000000,0.1012038644,0.0000000000,-0.0000000000,-0.0000000000,0.0929006003,-0.0000000000,0.0000000000,-0.0000000000,-0.1922198828,-0.0000000000,0.0000000000,-0.0485769833,-0.0654275464,-0.1945417886,-0.0000000000,-0.1114154107,-0.0647092147,1.7948627894,-0.0049108413,-0.0000000000,-0.0000000000,0.0000000000,0.0000000000,-0.0000000000,-0.1067499073,0.0000000000,0.0000000000,-0.0000000000,-0.0000000000,-0.1748097504,-0.0000000000,0.0756728182,0.0897175435,-0.0000000000,-0.0000000000,0.0000000000,0.0472564103,0.0000000000,0.0366620897,0.0000000000,0.0000000000,-0.0000000000,0.0000000000,0.0000000000,0.1243218213,-0.0000000000,-0.0000000000,0.0000000000,0.0000000000,0.0000000000,-0.0000000000,0.0000000000,-0.0000000000,0.0774369230,-0.0000000000,0.0000000000,-0.0000000000,0.0000000000,0.0000000000,-0.0359275575,-0.0000000000,-0.0000000000,0.0000000000,-0.0000000000,-0.0000000000,-0.0824185577,0.0000000000,-0.5991417127,-0.0000000000,0.0000000000,-0.0428273078,0.0000000000,-0.0538019066,-0.0000000000,0.0000000000,-0.0000000000,0.0000000000,-0.0000000000,-0.0000000000,-0.0000000000,-0.0010138474,0.0000000000,-0.0000000000,-0.0000000000,-0.0000000000,-0.0000000000,-0.0000000000,-0.0000000000,-0.0000000000,-0.0638672035,0.0000000000,-0.0000000000,-0.1329848328,0.0000000000,0.0264172781
-0.0000000000,0.0000000000,0.0000000000,-0.0000000000,-0.0000000000,-0.0000000000,0.0897739369,0.0000000000,-0.0000000000,-0.0000000000,-0.3567962826,-0.0000000000,-0.0000000000,0.0000000000,-0.0000000000,-0.0000000000,-0.1359472852,-0.0000000000,-0.0000000000,-0.1737714463,-0.0311521256,-0.1482273642,-0.0049108413,2.1164732410,-0.0336839110,-0.2225798376,0.0000000000,-0.0045362041,-0.0000000000,-0.0000000000,-0.0000000000,0.0375460966,0.0000000000,-0.0000000000,-0.2786277154,-0.0000000000,-0.0000000000,0.0000000000,0.0000000000,0.1541742538,-0.0000000000,0.0000000000,0.0000000000,0.0000000000,0.0000000000,-0.0000000000,0.0000000000,0.0059310061,-0.0000000000,0.0000000000,-0.0000000000,-0.0000000000,0.0000000000,-0.0081887396,0.0000000000,-0.0455536807,-0.0000000000,-0.0000000000,0.0000000000,-0.0000000000,-0.0503075603,-0.0000000000,0.0154431136,0.1118191707,-0.0000000000,0.0000000000,0.0000000000,0.0000000000,0.0000000000,0.0906701306,-0.0000000000,-0.0000000000,-0.0138436433,-0.0000000000,-0.6968391374,-0.1780927035,-0.1071228041,-0.2403266916,0.0000000000,0.0000000000,-0.0745172374,0.0556271918,-0.0000000000,0.0000000000,-0.0000000000,0.0000000000,-0.0001250469,-0.0000000000,0.0000000000,-0.0000000000,0.0000000000,0.0000000000,0.0000000000,-0.0000000000,0.0000000000,-0.0000000000,0.0000000000,0.1396063856,-0.0251833435,0.0000000000
-0.0000000000,0.0000000000,0.0409511839,-0.0000000000,-0.0000000000,-0.0000000000,0.1566430692,-0.0000000000,0.0000000000,-0.0000000000,0.0505112985,-0.0000000000,-0.0197253446,0.1061496133,0.0000000000,-0.0000000000,-0.0000000000,-0.0000000000,0.0000000000,-0.1462103172,0.0000000000,-0.0000000000,-0.0000000000,-0.0336839110,1.8726561907,-0.0354686859,0.0000000000,-0.0000000000,-0.2683238958,0.0000000000,-0.0225941733,-0.0742798666,-0.0000000000,-0.0000000000,-0.0000000000,-0.0074414468,-0.0000000000,0.0000000000,0.0964424183,0.0000000000,0.0000000000,-0.1922191403,0.0000000000,-0.0000000000,0.0000000000,0.2791200625,0.0000000000,0.0000000000,0.0000000000,0.0594327071,-0.0000000000,0.0000000000,0.0000000000,0.0000000000,-0.0000000000,-0.0000000000,-0.0000000000,-0.0000000000,-0.0000000000,-0.0000000000,0.0000000000,-0.0000000000,0.0000000000,0.0000000000,0.1643162389,0.0411613072,-0.0000000000,0.0000000000,-0.0709593649,-0.0000000000,-0.0000000000,-0.0000000000,0.0466390258,-0.0000000000,0.0000000000,-0.7328361409,-0.0000000000,-0.0506664870,-0.0000000000,-0.0679393879,-0.0268289805,-0.0000000000,-0.0000000000,-0.0000000000,-0.0000000000,-0.0000000000,-0.0632037814,-0.0000000000,-0.0276742129,0.0386547022,-0.0000000000,-0.0000000000,0.0000000000,0.0000000000,0.0000000000,-0.0000000000,0.0000000000,-0.0000000000,-0.0000000000,-0.0000000000
0.0636059021,0.0000000000,0.0000000000,-0.0000000000,-0.0000000000,-0.0000000000,0.1081135316,-0.0000000000,-0.0000000000,-0.2963250147,-0.0000000000,-0.4837443951,-0.0000000000,0.0000000000,0.0000000000,0.0511276200,-0.0000000000,0.0000000000,0.0000000000,0.0000000000,0.0000000000,-0.3804919238,-0.0000000000,-0.2225798376,-0.0354686859,2.5175382895,0.0000000000,0.0000000000,-0.0459129141,-0.1147180171,-0.0000000000,0.0000000000,0.0000000000,0.0000000000,-0.0000000000,-0.0000000000,-0.0000000000,0.0000000000,0.0510705361,0.0000000000,-0.0000000000,-0.0000000000,-0.0000000000,-0.0000000000,0.0000000000,0.0000000000,0.0000000000,-0.0000000000,-0.0000000000,-0.0000000000,0.0000000000,0.0000000000,0.0000000000,-0.0326425060,-0.0000000000,-0.0000000000,-0.0000000000,-0.0000000000,-0.0000000000,-0.0000000000,-0.1204522487,-0.0000000000,-0.0000000000,0.0000000000,0.0613311623,0.0914698517,0.1229329529,-0.0000000000,0.0000000000,0.0558655399,0.0000000000,-0.0000000000,-0.0000000000,-0.0000000000,0.0000000000,-0.7338223019,-0.0000000000,-0.3498019703,0.0000000000,0.0000000000,-0.0000000000,0.0000000000,-0.2598338088,0.0000000000,-0.0000000000,-0.0000000000,0.0000000000,-0.0026535230,0.0000000000,0.0000000000,0.0000000000,-0.0000000000,-0.0000000000,-0.0000000000,-0.0000000000,-0.0000000000,0.0705438272,0.0000000000,-0.0000000000,-0.0000000000
0.0000000000,-0.0000000000,-0.0583732923,0.0000000000,-0.0000000000,0.0000000000,-0.0000000000,0.0000000000,0.0000000000,0.0000000000,0.0000000000,0.0000000000,-0.0000000000,-0.0000000000,0.0712168017,0.0000000000,-0.0000000000,-0.0000000000,-0.0000000000,-0.0000000000,0.0977589422,0.0000000000,0.0000000000,0.0000000000,0.0000000000,0.0000000000,1.9685449974,0.0000000000,-0.0000000000,-0.0000000000,0.0000000000,-0.0000000000,-0.0000000000,0.0000000000,-0.0000000000,-0.0000000000,-0.0000000000,-0.0000000000,-0.0000000000,0.0286545592,-0.0470252926,-0.0000000000,-0.0000000000,-0.0000000000,-0.7378399930,-0.1954370580,-0.0016591488,-0.0946694149,0.0505034348,-0.0000000000,-0.0000000000,-0.0000000000,0.0000000000,-0.0000000000,-0.0000000000,0.0000000000,-0.0000000000,0.0000000000,0.0150974859,-0.0000000000,-0.0000000000,-0.0000000000,-0.2394479883,-0.0075778824,0.0000000000,0.0000000000,0.0937737010,-0.0890829993,-0.0000000000,-0.0000000000,0.0000000000,0.0296261934,0.0174140611,0.0212607404,0.0467405012,0.0000000000,0.0000000000,0.0000000000,0.0000000000,-0.0000000000,-0.0215335534,-0.0000000000,-0.0004910750,-0.0000000000,-0.6902610270,0.0137968870,0.0000000000,-0.0000000000,-0.0000000000,0.0000000000,0.0000000000,-0.0425345719,0.0556032258,0.0731435580,0.0126876301,-0.0000000000,-0.0000000000,-0.0000000000,0.0000000000,-0.0000000000
0.0000000000,0.0000000000,0.0000000000,-0.0175969084,-0.0000000000,-0.0000000000,-0.0000000000,0.0000000000,0.0000000000,-0.0000000000,-0.2360630500,0.0840855208,0.0000000000,-0.0000000000,0.0000000000,-0.0258583298,-0.0000000000,0.0000000000,-0.0574215196,0.0000000000,0.0000000000,-0.1073377333,0.0000000000,-0.0045362041,-0.0000000000,0.0000000000,0.0000000000,1.6195566445,0.0000000000,-0.2268485891,-0.0000000000,0.0000000000,-0.0000000000,-0.0000000000,-0.0000000000,-0.0000000000,-0.1581925868,0.0000000000,-0.0000000000,0.0246869191,-0.0211228905,-0.0000000000,-0.0000000000,-0.0956649593,0.0000000000,-0.2598554233,-0.0273351220,-0.0000000000,-0.0000000000,0.0000000000,-0.0000000000,-0.0000000000,-0.0000000000,-0.0000000000,0.0629499844,0.0000000000,0.0000000000,0.0000000000,-0.0000000000,-0.1484430170,-0.0000000000,0.0070020215,-0.0000000000,-0.0000000000,-0.0000000000,0.0067036255,0.0000000000,-0.0000000000,-0.0000000000,0.0000000000,-0.0000000000,-0.0000000000,0.0000000000,0.0942875058,-0.1456325008,-0.0000000000,0.0000000000,-0.0044471765,-0.0000000000,0.0000000000,0.0000000000,0.0000000000,0.0000000000,-0.0159133358,0.0000000000,-0.0000000000,-0.0000000000,-0.5267514587,0.0355593320,0.0000000000,0.0000000000,-0.0000000000,-0.0000000000,-0.0000000000,-0.0000000000,0.0000000000,-0.0000000000,0.0058645411,-0.0000000000,0.0563660098
-0.0000000000,-0.0000000000,-0.0798021328,-0.0000000000,0.0000000000,-0.1028017440,0.0000000000,-0.0000000000,-0.0000000000,-0.0000000000,-0.0000000000,-0.1208715272,-0.0000000000,-0.0000000000,-0.1142110647,0.0000000000,0.0000000000,-0.0000000000,-0.0000000000,-0.2940823000,-0.0000000000,0.0966958546,-0.0000000000,-0.0000000000,-0.2683238958,-0.0459129141,-0.0000000000,0.0000000000,2.2019727975,-0.0000000000,-0.0000000000,0.0000000000,0.0000000000,0.0000000000,-0.0000000000,-0.0000000000,-0.0000000000,0.0000000000,-0.0000000000,-0.0000000000,0.0000000000,-0.0000000000,-0.0000000000,0.0000000000,0.0000000000,0.0000000000,0.0000000000,0.0048953842,0.0000000000,0.0062686940,0.0000000000,-0.0181154266,-0.0000000000,0.0000000000,-0.0232593537,-0.0179899410,-0.0000000000,-0.0360293071,0.0000000000,0.0000000000,0.0000000000,0.0000000000,-0.0000000000,0.0245197986,0.0000000000,-0.0000000000,0.0000000000,-0.0000000000,-0.1323236742,0.0117088914,-0.0000000000,0.0423928915,0.0000000000,-0.0000000000,0.0000000000,-0.0000000000,-0.9116279183,-0.0000000000,-0.0000000000,0.0000000000,-0.2936186428,-0.0000000000,-0.0000000000,0.0000000000,0.0000000000,-0.0732624033,-0.3467625488,-0.0035817088,-0.0000000000,0.0000000000,0.2562330415,0.0000000000,-0.0000000000,-0.0000000000,0.0000000000,-0.0000000000,-0.0000000000,0.0000000000,-0.0000000000,-0.0000000000
