0,1,2,3,4,5,6,7,8,9,10,11,12,13,14,15,16,17,18,19,20,21,22,23,24,25,26,27,28,29,30,31,32,33,34,35,36,37,38,39,40,41,42,43,44,45,46,47,48,49,50,51,52,53,54,55,56,57,58,59,60,61,62,63,64,65,66,67,68,69,70,71,72,73,74,75,76,77,78,79,80,81,82,83,84,85,86,87,88,89,90,91,92,93,94,95,96,97,98,99
3.0608527696,-0.0000000000,-0.2395752873,-0.0000000000,-0.0839458181,-0.0000000000,0.0000000000,-0.0000000000,0.0000000000,0.0000000000,-0.0000000000,0.0000000000,-0.0000000000,0.0000000000,0.0000000000,-0.3995368931,0.0000000000,-0.1003038150,0.0000000000,-0.0000000000,0.0891856026,0.0000000000,0.0000000000,0.0000000000,-0.0000000000,0.0000000000,0.3480086632,0.0000000000,-0.0000000000,0.0000000000,0.0000000000,-0.0000000000,-0.0000000000,-0.0000000000,-0.0000000000,0.0000000000,-0.0000000000,-0.4231310585,-0.0000000000,0.0000000000,-0.0000000000,-0.0000000000,-0.0746224140,0.0000000000,0.0000000000,0.0000000000,0.0000000000,-0.0000000000,-0.3424068018,-0.0000000000,-1.0392698604,-0.0282076188,-0.0000000000,-0.0040226347,-0.0767294508,-0.0000000000,-0.2389345651,-0.0000000000,0.0000000000,-0.0000000000,0.0000000000,-0.0000000000,0.0000000000,0.0000000000,0.1713314703,0.0000000000,-0.0000000000,0.0000000000,-0.0000000000,-0.0000000000,0.0620809727,-0.0000000000,0.0000000000,0.0000000000,0.0000000000,-0.0000000000,-0.0000000000,0.0000000000,0.0000000000,-0.0000000000,0.0000000000,-0.0000000000,0.0645332227,-0.0000000000,0.0000000000,0.0110635539,-0.0000000000,0.1757572269,0.0000000000,0.0000000000,-0.0000000000,-0.0000000000,0.0000000000,-0.0000000000,-0.1291456213,0.0000000000,0.0000000000,-0.0000000000,-0.2188574666,-0.0000000000
-0.0000000000,4.5438191775,-0.3139754961,-0.4367082797,-0.2155787370,-0.0000000000,-0.0000000000,-0.7552926215,0.0000000000,0.0000000000,-0.0000000000,0.0000000000,0.0000000000,-0.0000000000,-0.0000000000,-0.7975232830,0.0000000000,-0.0000000000,-0.0000000000,-0.0000000000,-0.0000000000,0.0000000000,-0.0000000000,0.0106477006,0.0000000000,0.0073953366,-0.0000000000,-0.0000000000,-0.0000000000,-0.0000000000,-0.0000000000,-0.0000000000,-0.0000000000,-0.0000000000,-0.0000000000,-0.0000000000,0.0000000000,0.0000000000,0.0000000000,0.0000000000,0.0000000000,-0.0000000000,0.0000000000,-0.0000000000,-0.0000000000,-0.0000000000,0.0000000000,-0.0000000000,-0.0000000000,0.2217662481,-0.0000000000,-1.5974760647,-0.3032965381,-0.0000000000,-0.0000000000,-0.0000000000,-0.2805322207,-0.0000000000,0.0000000000,0.0000000000,0.0000000000,0.0000000000,-0.0000000000,-0.0000000000,0.0000000000,0.0000000000,-0.0000000000,-0.0000000000,0.0000000000,-0.0000000000,0.0000000000,0.0000000000,-0.0000000000,0.0000000000,0.0000000000,0.0000000000,-0.0000000000,-0.0538000760,-0.0342139904,-0.0000000000,-0.0000000000,-0.0000000000,-0.0000000000,-0.0000000000,-0.1003730434,-0.0000000000,-0.0000000000,-0.0000000000,-0.0000000000,0.0000000000,-0.0000000000,0.0000000000,0.0000000000,-0.0000000000,0.0000000000,-0.0000000000,-0.1199155894,-0.0000000000,-0.0000000000,0.0000000000
-0.2395752873,-0.3139754961,2.8269482296,-0.0000000000,-0.0000000000,-0.2462902164,-0.0426276696,-0.3503387913,-0.0000000000,0.0000000000,-0.0000000000,-0.0000000000,-0.0000000000,-0.0000000000,0.0000000000,-0.0734189634,-0.0000000000,-0.0000000000,-0.0000000000,0.0000000000,0.0000000000,0.0000000000,-0.0000000000,-0.0000000000,0.0000000000,-0.0000000000,-0.0000000000,0.0000000000,0.0000000000,0.0000000000,0.0000000000,-0.0000000000,0.0000000000,0.0000000000,0.0000000000,-0.0000000000,0.0000000000,-0.0000000000,-0.0000000000,-0.0000000000,-0.0000000000,-0.0000000000,0.0000000000,0.0093087104,0.0000000000,0.1291745925,0.1750199527,0.0000000000,-0.0000000000,0.0838717989,-0.1571111995,-0.0000000000,-0.1607366706,0.0000000000,-0.2864398473,-0.5718991182,-0.0083197129,-0.0000000000,-0.0000000000,-0.0000000000,-0.0000000000,-0.0000000000,-0.0000000000,-0.0000000000,0.0000000000,0.0000000000,-0.2781216168,-0.0000000000,0.0000000000,-0.0000000000,0.0000000000,-0.0000000000,-0.0000000000,-0.2318548954,-0.0294503182,0.0000000000,-0.0000000000,-0.0000000000,-0.0000000000,-0.1290579599,-0.0000000000,0.0000000000,-0.0000000000,0.0000000000,-0.0000000000,0.0591300558,0.0000000000,0.0000000000,-0.0000000000,0.0000000000,-0.0000000000,-0.0000000000,-0.0000000000,0.0000000000,0.0000000000,-0.0000000000,0.0000000000,0.0000000000,-0.0000000000,-0.0000000000
-0.0000000000,-0.4367082797,-0.0000000000,3.2646666471,-0.2764947717,0.0000000000,0.0000000000,-0.2620717433,0.0000000000,0.0000000000,0.0000000000,0.0000000000,-0.0000000000,-0.0765899988,-0.0000000000,-0.4817784681,0.0000000000,-0.0661456500,-0.0000000000,-0.0000000000,-0.0000000000,0.0000000000,-0.0000000000,0.0000000000,0.0000000000,-0.0000000000,-0.0000000000,0.0000000000,-0.0000000000,-0.0000000000,0.0000000000,0.0000000000,-0.2359774055,-0.0000000000,-0.0000000000,-0.0000000000,0.0000000000,0.0000000000,0.0000000000,0.0000000000,0.0000000000,0.0000000000,0.0000000000,-0.1145904042,0.0000000000,0.0000000000,0.0000000000,0.0000000000,0.0000000000,0.0000000000,-0.1442889532,-0.0000000000,-0.1240900967,-1.2469352352,-0.0000000000,0.0000000000,-0.0000000000,-0.0000000000,0.0000000000,0.0000000000,-0.0000000000,0.0000000000,-0.0000000000,-0.0000000000,-0.0000000000,-0.0000000000,0.0000000000,0.0000000000,0.0000000000,-0.0000000000,-0.0000000000,0.0000000000,-0.0533782730,0.1056771140,0.2005018409,-0.0000000000,-0.0000000000,-0.1310204095,-0.0000000000,0.0000000000,0.0000000000,0.0000000000,-0.0000000000,-0.0000000000,-0.1133803344,0.0000000000,0.0000000000,0.0000000000,0.0000000000,0.0920909825,-0.0000000000,0.1975678374,0.0000000000,0.0000000000,0.0000000000,-0.0000000000,-0.0000000000,-0.0000000000,-0.0000000000,-0.0000000000
-0.0839458181,-0.2155787370,-0.0000000000,-0.2764947717,4.1985440361,-0.0000000000,0.0000000000,-0.0000000000,-0.0000000000,0.0000000000,0.0000000000,0.0357774297,0.3504190074,0.0000000000,0.0000000000,-0.0000000000,0.4144749266,-0.0000000000,0.0000000000,-0.0000000000,0.0000000000,0.0000000000,0.0000000000,0.0000000000,0.0000000000,-0.0000000000,-0.0000000000,-0.0000000000,-0.0000000000,-0.0000000000,0.0000000000,0.0000000000,-0.0000000000,-0.0000000000,-0.0000000000,-0.0000000000,-0.0000000000,0.0000000000,0.0000000000,0.0000000000,-0.0000000000,0.0000000000,-0.0000000000,-0.0000000000,0.0000000000,0.0000000000,-0.0096757818,-0.0000000000,-0.0000000000,-0.0000000000,-0.0000000000,-0.3541975906,-0.0000000000,-1.7018040036,-0.7058171326,0.0000000000,-0.3189014155,-0.0274294041,0.0000000000,0.0000000000,0.0000000000,0.0921540547,0.0076952290,0.3028307125,0.0000000000,0.0000000000,0.0000000000,0.0000000000,0.0000000000,-0.0000000000,0.0000000000,0.0000000000,0.0000000000,0.0000000000,0.0000000000,-0.0000000000,0.0000000000,-0.0000000000,0.0000000000,0.0000000000,-0.0000000000,-0.0000000000,-0.0000000000,-0.0000000000,-0.2037912893,0.0000000000,-0.0920364121,-0.0000000000,-0.0000000000,0.0000000000,-0.0000000000,0.0000000000,0.0568717744,0.0000000000,-0.0000000000,0.0000000000,-0.0000000000,-0.0000000000,-0.0000000000,0.0000000000
-0.0000000000,-0.0000000000,-0.2462902164,0.0000000000,-0.0000000000,3.3884574494,0.0000000000,-0.0000000000,-0.7237989456,-0.0000000000,-0.0836757281,-0.0000000000,0.0709230279,0.0000000000,0.0039989402,-0.0000000000,0.0000000000,-0.0000000000,0.0000000000,-0.0000000000,0.0000000000,0.0000000000,-0.0000000000,-0.0000000000,-0.0000000000,0.0000000000,0.0000000000,0.0000000000,-0.0000000000,0.0000000000,0.0000000000,-0.0000000000,0.0000000000,-0.0000000000,0.0000000000,-0.1857351829,-0.0000000000,0.0000000000,0.0000000000,-0.0000000000,-0.0000000000,-0.0000000000,-0.0000000000,0.0000000000,0.0000000000,0.0000000000,-0.0000000000,0.0000000000,-0.0000000000,0.0000000000,0.0000000000,-0.0000000000,0.0000000000,-0.0000000000,-0.8998434816,-0.6380435071,-0.1044750642,-0.4784902030,-0.0000000000,-0.0000000000,0.0000000000,0.0329056539,0.0000000000,0.1544768136,0.0000000000,0.5184303664,-0.0000000000,0.0000000000,0.0000000000,-0.0000000000,0.0000000000,0.0000000000,0.0000000000,-0.0000000000,-0.1633266411,-0.1087861856,-0.0000000000,-0.0000000000,-0.0309099332,-0.0000000000,-0.0495864699,0.0000000000,-0.0000000000,-0.0000000000,-0.0000000000,0.0000000000,-0.0000000000,-0.0000000000,-0.0000000000,-0.0000000000,0.0000000000,0.0000000000,0.0000000000,0.0000000000,-0.0000000000,-0.0000000000,-0.0000000000,0.0000000000,0.0000000000,0.0000000000
0.0000000000,-0.0000000000,-0.0426276696,0.0000000000,0.0000000000,0.0000000000,3.4539069109,-0.0000000000,-0.2725344132,-0.0000000000,-0.0000000000,-0.0000000000,-0.1603570191,-0.1954012977,-0.0000000000,-0.3021012430,-0.0290304755,0.0000000000,-0.1903295750,-0.0000000000,-0.1058912645,-0.0000000000,-0.0000000000,-0.0000000000,0.2798116992,0.0000000000,-0.1221097144,-0.0000000000,-0.0000000000,0.0000000000,-0.0000000000,-0.0000000000,-0.0000000000,0.0000000000,0.0000000000,0.0000000000,0.0000000000,-0.0000000000,-0.0000000000,-0.6377455495,-0.0000000000,0.0000000000,0.0000000000,-0.0000000000,-0.0000000000,-0.0000000000,0.0000000000,0.0000000000,0.0000000000,0.0000000000,0.0000000000,0.0000000000,-0.5737476121,0.0827461355,0.0000000000,-0.0000000000,-0.0000000000,-0.0000000000,-0.0000000000,-0.0000000000,-0.0000000000,-0.1347604810,-0.0000000000,-0.1229231156,-0.0000000000,-0.0000000000,-0.5549931149,-0.1370378846,0.0000000000,0.0000000000,-0.0000000000,-0.0000000000,-0.0000000000,-0.1830858057,-0.0000000000,0.2916868838,-0.0000000000,-0.0000000000,0.0000000000,-0.3160876910,0.0417574392,0.0000000000,-0.0000000000,0.1334243113,-0.0000000000,0.0000000000,0.0000000000,0.0767932887,0.0000000000,-0.0000000000,0.0000000000,-0.0000000000,-0.0000000000,0.1565478979,0.0000000000,0.0000000000,0.0000000000,-0.0000000000,0.0000000000,-0.0000000000
-0.0000000000,-0.7552926215,-0.3503387913,-0.2620717433,-0.0000000000,-0.0000000000,-0.0000000000,5.0705099697,-0.0000000000,-0.0000000000,-0.0000000000,0.0000000000,-0.0000000000,-0.0000000000,0.0000000000,-0.0192966661,-0.0000000000,-0.4381886695,-0.0000000000,-0.0000000000,-0.0000000000,0.0000000000,-0.0000000000,0.0000000000,0.0000000000,0.0000000000,0.0000000000,0.0000000000,-0.0181039585,0.0000000000,-0.0000000000,-0.0000000000,-0.0000000000,-0.0000000000,0.0000000000,-0.1767306254,0.0000000000,0.0000000000,0.0000000000,-0.0000000000,-0.0000000000,0.0000000000,0.0000000000,0.0000000000,-0.0000000000,0.0000000000,0.0000000000,-0.0000000000,-0.0000000000,0.0377566426,-0.0000000000,-0.0000000000,-0.0000000000,-0.0000000000,-0.0000000000,-0.1455066145,-1.5388058591,-1.1506587698,0.0000000000,0.0000000000,0.0000000000,0.0000000000,-0.0000000000,0.0000000000,-0.0000000000,0.0000000000,-0.0000000000,-0.0000000000,-0.0000000000,-0.7391777775,-0.0000000000,0.0000000000,-0.0000000000,0.0000000000,-0.0000000000,0.0000000000,-0.0000000000,0.0000000000,-0.0000000000,0.0000000000,0.0000000000,0.0000000000,-0.0000000000,0.0000000000,-0.0000000000,0.2251773300,0.0000000000,0.0620390018,-0.0000000000,0.0000000000,0.0000000000,0.0000000000,0.0000000000,0.0000000000,0.0395212121,-0.0000000000,0.0000000000,-0.0000000000,-0.0000000000,0.0000000000
0.0000000000,0.0000000000,-0.0000000000,0.0000000000,-0.0000000000,-0.7237989456,-0.2725344132,-0.0000000000,4.1308895156,-0.2203844450,-0.0000000000,-0.0000000000,0.0000000000,-0.0000000000,0.0000000000,-0.0000000000,-0.0000000000,0.0000000000,-0.0000000000,-0.0282630363,-0.1735949581,0.0000000000,-0.0000000000,-0.1452058736,0.0000000000,0.0000000000,-0.0000000000,0.0000000000,-0.0000000000,0.0434980906,0.0000000000,-0.0000000000,-0.0000000000,0.0000000000,0.2072908000,-0.3027867847,0.0000000000,-0.0000000000,0.0000000000,-0.0353461113,-0.0000000000,0.1002655229,0.0000000000,0.1342698863,-0.0000000000,0.0000000000,0.0000000000,0.0000000000,-0.0000000000,0.0000000000,0.0000000000,0.0000000000,-0.0000000000,0.0000000000,-0.0000000000,-0.5228698948,-0.0000000000,-1.8611131393,-0.0000000000,-0.0000000000,0.0000000000,0.0000000000,-0.0000000000,0.0000000000,-0.0000000000,0.0000000000,-0.0000000000,-0.0000000000,0.0000000000,-0.0000000000,-0.0000000000,0.0000000000,0.0000000000,-0.0000000000,-0.3712524685,0.0000000000,-0.0000000000,-0.0000000000,-0.0000000000,-0.0000000000,-0.0000000000,0.0000000000,-0.0000000000,0.0492236766,-0.0000000000,0.0000000000,0.0000000000,0.0000000000,-0.0000000000,-0.0000000000,0.0000000000,-0.0000000000,0.0000000000,0.0427068053,0.0000000000,-0.0000000000,0.0000000000,-0.0000000000,0.1713039217,0.0000000000
0.0000000000,0.0000000000,0.0000000000,0.0000000000,0.0000000000,-0.0000000000,-0.0000000000,-0.0000000000,-0.2203844450,3.4169886465,-0.4625775725,-0.6805795359,-0.0000000000,-0.0000000000,-0.0000000000,-0.0000000000,-0.0000000000,0.0000000000,-0.0000000000,-0.0000000000,-0.2295443989,-0.0000000000,0.0000000000,-0.0917981461,-0.1600464166,0.0000000000,-0.0000753176,-0.0000000000,-0.0000000000,0.0000000000,-0.1033218322,-0.3831115898,-0.0000000000,0.0000000000,0.0000000000,-0.0000000000,0.0000000000,-0.0665283242,-0.0000000000,-0.2800622500,-0.0000000000,0.0000000000,-0.0000000000,0.0000000000,-0.0337121392,-0.0000000000,0.0000000000,0.0000000000,0.0000000000,-0.0000000000,0.0000000000,0.0000000000,-0.0000000000,0.0000000000,0.0000000000,-0.0000000000,0.1368504932,-0.0728465147,-0.8004910045,-0.1230361150,-0.0000000000,-0.0000000000,-0.0000000000,0.0000000000,-0.0000000000,-0.0000000000,-0.0000000000,0.0000000000,0.0000000000,-0.0000000000,-0.0590537471,0.0000000000,0.0000000000,-0.0000000000,-0.1562522659,-0.0000000000,-0.0000000000,-0.0000000000,-0.0000000000,-0.1087920388,-0.0000000000,0.0000000000,-0.0000000000,0.3453985786,-0.0000000000,0.0000000000,0.0000000000,-0.0000000000,-0.0020852501,-0.0000000000,0.0000000000,-0.0000000000,-0.0000000000,-0.0000000000,-0.0000000000,-0.0000000000,-0.0000000000,-0.0000000000,0.0000000000,-0.0000000000
-0.0000000000,-0.0000000000,-0.0000000000,0.0000000000,0.0000000000,-0.0836757281,-0.0000000000,-0.0000000000,-0.0000000000,-0.4625775725,3.0493976815,-0.1398627586,-0.0000000000,-0.0000000000,-0.0000000000,-0.0000000000,-0.0000000000,0.0000000000,-0.0000000000,-0.0000000000,-0.0000000000,0.0000000000,0.0000000000,0.0000000000,-0.6766801439,0.0000000000,0.0000000000,0.0000000000,0.0000000000,0.0000000000,-0.0000000000,-0.0000000000,0.0000000000,0.0000000000,0.2362676017,0.0000000000,-0.0000000000,-0.2115474718,-0.0000000000,-0.0000000000,0.0000000000,0.0000000000,0.0000000000,-0.0000000000,0.0000000000,0.0000000000,0.0000000000,0.0000000000,-0.0000000000,0.0000000000,-0.0000000000,-0.0000000000,-0.0000000000,-0.0000000000,-0.0291149537,-0.3014475343,-0.0000000000,-0.0000000000,-0.4379645849,-0.9476103935,-0.0000000000,-0.0000000000,-0.0000000000,-0.0000000000,0.0000000000,-0.0000000000,0.0000000000,-0.0000000000,0.0000000000,-0.0000000000,-0.0000000000,0.0000000000,0.0000000000,-0.0000000000,-0.0000000000,-0.0000000000,-0.0000000000,-0.0000000000,-0.0668894946,-0.0000000000,-0.0000000000,-0.0000000000,0.0000000000,-0.0000000000,0.0000000000,-0.0000000000,-0.0000000000,0.0000000000,-0.0000000000,-0.0000000000,0.0000000000,-0.0027096944,-0.0000000000,0.0000000000,0.0000000000,-0.0000000000,0.0000000000,-0.0000000000,-0.0000000000,-0.0000000000
0.0000000000,0.0000000000,-0.0000000000,0.0000000000,0.0357774297,-0.0000000000,-0.0000000000,0.0000000000,-0.0000000000,-0.6805795359,-0.1398627586,3.3576721551,-0.0861432011,-0.0000000000,-0.0000000000,-0.0000000000,-0.1575998426,0.0000000000,-0.0000000000,-0.0000000000,-0.0179623846,-0.0000000000,-0.0000000000,-0.1148211153,-0.2383673229,-0.2090162126,-0.0000000000,0.0000000000,-0.0000000000,-0.0000000000,-0.0000000000,-0.0000000000,0.0033887289,0.0000000000,0.0000000000,-0.0000000000,0.0000000000,-0.0000000000,-0.0000000000,-0.0000000000,0.0000000000,-0.0000000000,-0.0000000000,-0.0000000000,-0.0000000000,0.0000000000,0.1155187434,0.0000000000,-0.0000000000,-0.0000000000,0.0000000000,0.0000000000,-0.0000000000,0.0209206311,-0.0000000000,-0.0000000000,0.0534477207,-0.0000000000,-0.3254934802,-0.7004695857,-0.4598788203,-0.0000000000,-0.2264063297,-0.0000000000,-0.0000000000,-0.0000000000,-0.0000000000,-0.0000000000,0.0000000000,0.0000000000,-0.0000000000,0.0000000000,0.0000000000,-0.0000000000,-0.2313268634,-0.0680294674,-0.0000000000,-0.0000000000,-0.0000000000,-0.0000000000,-0.0000000000,0.0000000000,0.0000000000,0.0000000000,0.0000000000,0.0000000000,0.1173611672,0.0000000000,-0.0000000000,-0.0000000000,0.0000000000,-0.0000000000,-0.0000000000,0.0000000000,-0.0000000000,-0.0000000000,0.0000000000,0.0000000000,-0.0000000000,-0.2013491836
-0.0000000000,0.0000000000,-0.0000000000,-0.0000000000,0.3504190074,0.0709230279,-0.1603570191,-0.0000000000,0.0000000000,-0.0000000000,-0.0000000000,-0.0861432011,5.2664750653,-0.5011108091,-0.0000000000,-0.0000000000,-0.3000040404,0.0000000000,-0.3924938103,0.0000000000,-0.0000000000,-0.0061074657,-0.0000000000,0.0000000000,0.0000000000,0.0000000000,0.0000000000,0.2464412144,0.0000000000,-0.0000000000,-0.0000000000,0.0000000000,-0.0000000000,0.0000000000,0.0000000000,0.0514701877,0.0000000000,-0.4384902364,-0.0000000000,-0.0481821371,0.0000000000,0.0000000000,0.0000000000,-0.0000000000,0.0000000000,0.0000000000,0.0000000000,0.0000000000,-0.0000000000,-0.0000000000,-0.0000000000,0.0000000000,-0.0456837085,0.0000000000,0.0000000000,-0.0000000000,0.0000000000,0.0000000000,-0.0000000000,-0.0000000000,-0.0000000000,-2.2402861470,-0.8213394575,-0.1040278356,-0.0000000000,-0.0649490830,-0.0000000000,-0.0932311701,0.0000000000,0.0000000000,-0.0000000000,-0.0000000000,-0.0000000000,-0.0000000000,-0.0000000000,0.0000000000,-0.0000000000,0.0000000000,0.0000000000,0.0000000000,0.0000000000,0.0000000000,0.0000000000,0.0000000000,0.0763838930,-0.0000000000,0.0708385716,0.0144215734,0.0000000000,0.0000000000,0.0000000000,-0.0000000000,-0.1497882113,0.0000000000,-0.0000000000,0.0000000000,0.0000000000,-0.0000000000,-0.0000000000,-0.1343944079
0.0000000000,-0.0000000000,-0.0000000000,-0.0765899988,0.0000000000,0.0000000000,-0.1954012977,-0.0000000000,-0.0000000000,-0.0000000000,-0.0000000000,-0.0000000000,-0.5011108091,4.9545622565,-1.2210391065,-0.1695887443,-0.0000000000,0.0000000000,-0.5739264455,0.0000000000,-0.2349716318,-0.0000000000,-0.0000000000,0.0958420074,0.0000000000,0.1165838779,-0.0000000000,0.0000000000,-0.0000000000,-0.0000000000,-0.0000000000,-0.0000000000,-0.0659149563,0.0000000000,0.0000000000,0.2018359846,0.1483229155,-0.0000000000,-0.0000000000,-0.0000000000,0.0000000000,0.0000000000,0.0000000000,-0.0107158366,0.0000000000,-0.0000000000,0.0000000000,0.0000000000,0.0000000000,0.0000000000,-0.0000000000,-0.0000000000,-0.1363448788,0.0000000000,0.0000000000,-0.0000000000,0.0000000000,-0.0000000000,-0.0000000000,-0.0000000000,-0.0000000000,-0.2832954321,-0.3623440460,-1.0133134456,-0.0000000000,-0.4956308251,-0.0000000000,-0.0000000000,0.0000000000,0.0000000000,-0.0000000000,0.0000000000,-0.0000000000,-0.0000000000,0.0000000000,0.0000000000,-0.0000000000,-0.0000000000,0.0000000000,-0.0000000000,0.0000000000,0.0000000000,0.0000000000,0.0000000000,0.0000000000,-0.0000000000,0.0000000000,0.0000000000,0.0000000000,0.0000000000,-0.0000000000,-0.0437847122,-0.2378834826,0.0000000000,0.0000000000,-0.0000000000,-0.0000000000,-0.0000000000,-0.0000000000,-0.0000000000
0.0000000000,-0.0000000000,0.0000000000,-0.0000000000,0.0000000000,0.0039989402,-0.0000000000,0.0000000000,0.0000000000,-0.0000000000,-0.0000000000,-0.0000000000,-0.0000000000,-1.2210391065,4.9871222478,-0.0000000000,-0.0000000000,0.0000000000,-0.0000000000,0.0000000000,-0.1759094706,0.0000000000,-0.0000000000,0.0000000000,0.0000000000,0.0000000000,-0.0000000000,-0.0000000000,-0.0000000000,-0.0000000000,0.0000000000,0.0000000000,-0.0000000000,0.0000000000,0.0000000000,0.0000000000,0.0000000000,-0.0000000000,-0.0000000000,-0.0000000000,0.0000000000,0.0000000000,0.0000000000,-0.0653461805,0.0000000000,-0.0000000000,-0.0000000000,0.0000000000,0.0000000000,-0.0000000000,-0.0000000000,0.0000000000,-0.0000000000,0.0667966010,0.0000000000,-0.0000000000,0.0000000000,0.0000000000,-0.0000000000,-0.0000000000,-0.0733843512,-0.0000000000,-0.0269176723,-0.5867924516,-0.1539121817,-2.1816526476,-0.0000000000,-0.0000000000,0.0000000000,0.0000000000,-0.0000000000,0.0000000000,-0.0000000000,0.0000000000,0.0000000000,-0.0000000000,-0.0000000000,-0.5958565739,0.0000000000,-0.0000000000,0.0000000000,0.0000000000,0.0000000000,0.0000000000,-0.0000000000,-0.0000000000,0.0000000000,0.0000000000,-0.0000000000,0.0000000000,-0.0000000000,-0.0618584372,-0.0000000000,0.0000000000,0.0000000000,-0.0000000000,-0.0000000000,-0.0000000000,0.0000000000,-0.0000000000
-0.3995368931,-0.7975232830,-0.0734189634,-0.4817784681,-0.0000000000,-0.0000000000,-0.3021012430,-0.0192966661,-0.0000000000,-0.0000000000,-0.0000000000,-0.0000000000,-0.0000000000,-0.1695887443,-0.0000000000,4.1166436570,-0.0000000000,-0.0381898407,-0.0000000000,-0.0132966645,-0.0000000000,-0.1936647041,-0.0000000000,-0.0000000000,0.0000000000,-0.0000000000,-0.0000000000,-0.0000000000,-0.0000000000,-0.0388248197,-0.0000000000,-0.0029116744,-0.4930416972,-0.0000000000,-0.0000000000,-0.0000000000,0.0000000000,-0.0000000000,-0.0000000000,-0.0000000000,-0.0000000000,-0.0000000000,-0.0000000000,-0.1626225529,-0.0000000000,-0.0000000000,-0.0000000000,-0.0000000000,-0.0000000000,-0.0000000000,-0.4340997066,-0.0000000000,-1.1977461923,-0.0000000000,-0.0000000000,-0.0000000000,-0.0000000000,-0.0000000000,-0.0000000000,-0.0000000000,-0.0000000000,-0.0000000000,-0.0000000000,-0.0077495469,0.0000000000,-0.0000000000,-0.0000000000,-0.0000000000,-0.0000000000,-0.0000000000,-0.0000000000,-0.0000000000,-0.1085557743,-0.0000000000,-0.0000000000,-0.0000000000,-0.0000000000,-0.0000000000,-0.0029926311,-0.1111150599,0.0000000000,-0.0000000000,-0.0000000000,-0.0000000000,-0.0884310752,-0.0000000000,-0.0000000000,0.0000000000,-0.0000000000,0.0000000000,-0.0000000000,-0.0000000000,-0.0000000000,0.0000000000,-0.0000000000,-0.0000000000,-0.0000000000,-0.0000000000,-0.0000000000,-0.0033755918
0.0000000000,0.0000000000,-0.0000000000,0.0000000000,0.4144749266,0.0000000000,-0.0290304755,-0.0000000000,-0.0000000000,-0.0000000000,-0.0000000000,-0.1575998426,-0.3000040404,-0.0000000000,-0.0000000000,-0.0000000000,3.5812478095,-0.0000000000,-0.9639737039,-0.0000000000,-0.2042899731,-0.0195621510,-0.0847657382,-0.0000000000,0.0000000000,0.0000000000,0.0000000000,0.0000000000,-0.0000000000,0.0315360736,-0.0000000000,0.0000000000,0.0235249750,-0.0080910130,0.0000000000,0.0000000000,0.0000000000,0.0000000000,0.0000000000,-0.0000000000,0.0000000000,0.0000000000,0.0000000000,0.0233888897,-0.0000000000,0.0000000000,0.0000000000,0.0000000000,-0.0000000000,0.0000000000,0.0000000000,0.0000000000,-0.0000000000,0.0000000000,0.0000000000,-0.2292901564,-0.0000000000,-0.0000000000,0.0000000000,-0.0000000000,-0.0000000000,-0.0000000000,-0.0000000000,-0.0828796134,-0.0105329654,-0.0000000000,-0.0000000000,-0.7804896545,-0.5149570488,-0.0585855801,-0.2623490094,-0.0000000000,-0.0000000000,-0.0000000000,-0.0000000000,0.0000000000,-0.0648435677,0.0000000000,-0.0000000000,0.0000000000,0.0000000000,0.0000000000,-0.0000000000,0.0000000000,0.0000000000,0.0000000000,0.0000000000,0.0000000000,-0.0000000000,0.0000000000,0.0671699260,0.0000000000,0.0000000000,0.0286264654,0.0000000000,-0.0000000000,0.1130304219,-0.0000000000,-0.0000000000,-0.0000000000
-0.1003038150,-0.0000000000,-0.0000000000,-0.0661456500,-0.0000000000,-0.0000000000,0.0000000000,-0.4381886695,0.0000000000,0.0000000000,0.0000000000,0.0000000000,0.0000000000,0.0000000000,0.0000000000,-0.0381898407,-0.0000000000,4.1907944470,0.0000000000,-0.4461020765,-0.0000000000,-0.0000000000,-0.2293302977,0.0000000000,-0.0000000000,0.0000000000,0.0000000000,0.0000000000,-0.0000000000,0.0000000000,-0.0000000000,0.0000000000,-0.0000000000,-0.9133902990,-0.1266882178,-0.3041776627,0.0000000000,0.0000000000,0.2765361383,0.1177447019,-0.0000000000,-0.0000000000,0.0000000000,0.0000000000,-0.0000000000,0.0143645269,0.0000000000,-0.0848707853,-0.0196596600,0.0000000000,-0.0793238589,-0.0000000000,0.0000000000,-0.1574635113,-0.0000000000,-0.0000000000,-0.0000000000,-0.0000000000,0.0000000000,0.0000000000,0.0000000000,0.0000000000,0.0000000000,0.0000000000,0.0000000000,0.0000000000,-0.0000000000,-0.0000000000,-0.0303093517,-1.5210136332,-0.0000000000,-0.0000000000,-0.1533022107,0.0000000000,0.0000000000,-0.0000000000,-0.0000000000,0.0614441936,-0.0000000000,0.1687235411,0.0000000000,-0.0000000000,-0.0000000000,-0.0071312475,-0.0000000000,0.0000000000,0.0000000000,0.0607583265,-0.0000000000,0.0000000000,0.0000000000,0.0000000000,0.2715272678,0.0000000000,0.0000000000,-0.0000000000,0.0000000000,-0.0000000000,-0.3261319594,-0.0000000000
0.0000000000,-0.0000000000,-0.0000000000,-0.0000000000,0.0000000000,0.0000000000,-0.1903295750,-0.0000000000,-0.0000000000,-0.0000000000,-0.0000000000,-0.0000000000,-0.3924938103,-0.5739264455,-0.0000000000,-0.0000000000,-0.9639737039,0.0000000000,3.9792308394,0.0000000000,-0.0611961575,-0.2346050595,-0.0000000000,-0.0000000000,0.0000000000,0.0000000000,-0.0000000000,0.0000000000,-0.0000000000,-0.0000000000,0.0000000000,0.0000000000,0.0000000000,-0.0000000000,-0.0000000000,-0.0000000000,0.0000000000,0.0000000000,0.0000000000,-0.3310829255,0.0000000000,0.0000000000,0.0000000000,0.0000000000,-0.0000000000,0.0000000000,0.0643100363,0.0000000000,-0.0000000000,0.0000000000,-0.0000000000,0.0000000000,-0.0000000000,0.0000000000,0.0000000000,-0.0355758063,0.0000000000,-0.0000000000,0.0000000000,-0.0000000000,-0.0000000000,-0.0054697844,-0.0000000000,-0.0000000000,-0.5614276910,-0.0000000000,-0.0000000000,-0.8741059254,-0.0000000000,-0.0000000000,-0.0000000000,-0.0000000000,-0.0000000000,-0.0000000000,-0.0467974332,0.0281104417,-0.0000000000,-0.0000000000,0.0000000000,0.0000000000,0.0000000000,0.1080019261,-0.0000000000,0.0000000000,0.0000000000,0.0000000000,0.0000000000,0.0000000000,-0.0000000000,-0.0000000000,0.0000000000,-0.0000000000,-0.0000000000,0.0000000000,-0.0000000000,0.0000000000,0.0000000000,0.0000000000,-0.0000000000,-0.0000000000
-0.0000000000,-0.0000000000,0.0000000000,-0.0000000000,-0.0000000000,-0.0000000000,-0.0000000000,-0.0000000000,-0.0282630363,-0.0000000000,-0.0000000000,-0.0000000000,0.0000000000,0.0000000000,0.0000000000,-0.0132966645,-0.0000000000,-0.4461020765,0.0000000000,3.4608524182,-0.1688308148,0.0000000000,-0.0000000000,-0.0000000000,0.0000000000,0.0217381871,-0.0000000000,-0.0000000000,-0.0822773567,0.1418321882,-0.0000000000,-0.0000000000,-0.0000000000,-0.2937278032,0.0000000000,-0.3116645187,0.0000000000,0.0000000000,0.0000000000,-0.0000000000,-0.5450899663,0.1144491742,-0.0000000000,0.0000000000,-0.0120832070,-0.0000000000,-0.0099435486,-0.0000000000,-0.0000000000,-0.0000000000,-0.0000000000,-0.0000000000,0.0000000000,-0.0000000000,0.0000000000,-0.0000000000,-0.0000000000,-0.5668956551,-0.0000000000,-0.0000000000,0.0000000000,0.1953393656,0.0000000000,0.0000000000,-0.0000000000,0.0000000000,-0.0000000000,0.0000000000,-0.0000000000,-0.0123971128,-0.5444680249,0.0000000000,0.0000000000,0.0000000000,-0.0000000000,0.0000000000,-0.3428178950,0.0000000000,-0.0000000000,0.0000000000,0.0000000000,-0.2218543393,-0.0000000000,0.0000000000,-0.0000000000,0.0000000000,-0.0000000000,0.0000000000,-0.4129277084,-0.0000000000,0.0000000000,0.0000000000,0.0000000000,0.1333364594,0.0000000000,-0.0000000000,-0.0000000000,-0.0570390272,0.0000000000,-0.0000000000
0.0891856026,-0.0000000000,0.0000000000,-0.0000000000,0.0000000000,0.0000000000,-0.1058912645,-0.0000000000,-0.1735949581,-0.2295443989,-0.0000000000,-0.0179623846,-0.0000000000,-0.2349716318,-0.1759094706,-0.0000000000,-0.2042899731,-0.0000000000,-0.0611961575,-0.1688308148,4.2485173805,-0.0000000000,-0.0000000000,-0.0000000000,0.0000000000,0.0000000000,-0.0000000000,-0.0000000000,-0.3087530293,-0.0000000000,-0.0000000000,-0.0000000000,-0.0000000000,-0.0000000000,0.0959052393,-0.0000000000,0.0000000000,0.0000000000,0.0025829518,-0.0000000000,0.0000000000,0.1636592593,0.1213305687,-0.0000000000,-0.0000000000,0.0000000000,0.0000000000,0.0000000000,0.0000000000,0.0000000000,0.0000000000,0.0000000000,-0.0000000000,0.0000000000,0.0000000000,-0.0000000000,0.0000000000,-0.0131243193,-0.0000000000,-0.0000000000,-0.0000000000,-0.0000000000,-0.4161677707,-0.0000000000,-0.2823736479,-0.0000000000,-0.0000000000,-0.0000000000,-0.0000000000,-0.0000000000,-1.9410511881,0.0000000000,-0.0000000000,0.0000000000,-0.0000000000,0.0000000000,-0.2586749849,-0.0000000000,-0.0000000000,0.0000000000,0.0000000000,0.0000000000,-0.0000000000,0.0000000000,-0.0000000000,0.0000000000,0.0000000000,0.0000000000,-0.0000000000,0.0000000000,0.1695555815,0.0000000000,0.0000000000,0.0331414005,0.1667825061,-0.0000000000,-0.0000000000,-0.0000000000,0.0000000000,0.0000000000
0.0000000000,0.0000000000,0.0000000000,0.0000000000,0.0000000000,0.0000000000,-0.0000000000,0.0000000000,0.0000000000,-0.0000000000,0.0000000000,-0.0000000000,-0.0061074657,-0.0000000000,0.0000000000,-0.1936647041,-0.0195621510,-0.0000000000,-0.2346050595,0.0000000000,-0.0000000000,2.5755219668,-0.4981092132,-0.3169244553,0.0000000000,-0.1572477243,-0.0035063563,-0.0000000000,-0.0000000000,-0.1113570608,-0.0000000000,0.1428437955,-0.0000000000,-0.0697665599,-0.5566006597,0.0000000000,-0.0000000000,-0.0000000000,0.0000000000,-0.0000000000,-0.0000000000,0.0000000000,-0.1022290072,0.0000000000,0.0000000000,0.0000000000,-0.0948340306,-0.0000000000,0.0000000000,0.0000000000,-0.0000000000,0.0000000000,-0.0000000000,0.0000000000,0.0000000000,-0.0000000000,0.0000000000,0.0000000000,0.0000000000,0.0000000000,-0.2969906266,-0.0000000000,-0.0000000000,-0.0000000000,0.0000000000,-0.0000000000,-0.0000000000,-0.1191956563,-0.0027718940,0.0000000000,-0.0000000000,-0.5292919696,-0.0000000000,-0.0080566362,-0.0000000000,0.0000000000,-0.0000000000,-0.0000000000,0.0000000000,0.0000000000,-0.0269861064,0.0000000000,-0.0000000000,-0.0000000000,-0.0000000000,-0.0000000000,0.0000000000,0.0000000000,0.0000000000,-0.0000000000,-0.0000000000,0.0000000000,-0.0000000000,0.0000000000,-0.0901587776,0.2431384548,0.0000000000,0.0000000000,0.0000000000,-0.0000000000
0.0000000000,-0.0000000000,-0.0000000000,-0.0000000000,0.0000000000,-0.0000000000,-0.0000000000,-0.0000000000,-0.0000000000,0.0000000000,0.0000000000,-0.0000000000,-0.0000000000,-0.0000000000,-0.0000000000,-0.0000000000,-0.0847657382,-0.2293302977,-0.0000000000,-0.0000000000,-0.0000000000,-0.4981092132,3.1895918897,-0.0000000000,0.0000000000,-0.0000000000,-0.3212116437,-0.0199806141,-0.0158708865,-0.0000000000,0.0000000000,0.0000000000,0.0000000000,-0.0000000000,-0.0000000000,-0.0000000000,0.0000000000,0.0000000000,0.0000000000,-0.0000000000,-0.0000000000,0.0000000000,0.0000000000,-0.0000000000,0.0000000000,0.0000000000,-0.0000000000,-0.0852060185,0.0000000000,0.1468684203,-0.0000000000,0.0000000000,-0.0000000000,0.0000000000,0.0000000000,-0.0000000000,-0.0000000000,-0.0000000000,-0.0000000000,0.0000000000,-0.0000000000,-0.0000000000,-0.0000000000,-0.0000000000,-0.0000000000,-0.0000000000,-0.0780835553,-0.0711558649,-0.0000000000,-0.0000000000,-0.0000000000,-0.2499827493,-1.5366893539,-0.0000000000,-0.0000000000,-0.0000000000,-0.4345777795,-0.0000000000,0.0000000000,0.1345364847,0.0961239857,0.0882159193,0.0000000000,-0.0000000000,-0.0169237152,0.0000000000,0.0000000000,0.1059633744,0.0000000000,0.0000000000,0.0789511688,0.0000000000,0.0000000000,0.0000000000,0.0000000000,0.0000000000,0.0000000000,-0.0000000000,-0.0000000000,0.0000000000
0.0000000000,0.0106477006,-0.0000000000,0.0000000000,0.0000000000,-0.0000000000,-0.0000000000,0.0000000000,-0.1452058736,-0.0917981461,0.0000000000,-0.1148211153,0.0000000000,0.0958420074,0.0000000000,-0.0000000000,-0.0000000000,0.0000000000,-0.0000000000,-0.0000000000,-0.0000000000,-0.3169244553,-0.0000000000,2.7798999543,-0.0000000000,-0.3205169100,-0.2559728579,-0.0725600591,-0.0926586216,0.0000000000,0.0000000000,-0.0000000000,0.0000000000,0.0000000000,-0.0000000000,-0.0000000000,-0.2741610428,0.0000000000,-0.0000000000,-0.6637297456,-0.2629235611,0.0000000000,-0.0711668490,0.0000000000,-0.0000000000,0.0000000000,-0.0000000000,0.0670314952,0.0435522207,0.0000000000,0.0000000000,0.2227338998,0.0873294111,0.0000000000,-0.0000000000,-0.0000000000,0.0000000000,-0.0114816636,-0.0000000000,-0.0000000000,-0.0000000000,0.0859190273,-0.0000000000,0.0000000000,-0.0000000000,0.0000000000,0.0000000000,0.0000000000,-0.0000000000,0.0000000000,-0.0000000000,0.0000000000,0.0000000000,-0.0000000000,-0.7570373430,-0.0000000000,-0.2299448887,-0.0000000000,0.0000000000,0.0000000000,-0.0000000000,0.0322765671,-0.0000000000,0.0000000000,-0.0000000000,0.1744393139,-0.0000000000,-0.0000000000,-0.0179071253,-0.0000000000,0.0180461841,0.0000000000,0.0000000000,0.2588352258,-0.0000000000,-0.0000000000,0.0000000000,0.0000000000,0.2328245061,-0.0000000000
-0.0000000000,0.0000000000,0.0000000000,0.0000000000,0.0000000000,-0.0000000000,0.2798116992,0.0000000000,0.0000000000,-0.1600464166,-0.6766801439,-0.2383673229,0.0000000000,0.0000000000,0.0000000000,0.0000000000,0.0000000000,-0.0000000000,0.0000000000,0.0000000000,0.0000000000,0.0000000000,0.0000000000,-0.0000000000,2.4354910147,0.0000000000,0.0000000000,0.0000000000,0.0000000000,0.0638411895,-0.1043892162,-0.1873912895,0.0000000000,0.0000000000,0.0000000000,-0.0000000000,0.0000000000,-0.0000000000,-0.0000000000,0.1526086049,0.0000000000,-0.4836909475,0.0000000000,-0.0000000000,-0.0000000000,-0.0000000000,0.0000000000,-0.0000000000,-0.0000000000,0.0000000000,0.0000000000,0.0000000000,0.2096693065,-0.0000000000,-0.0000000000,0.0000000000,0.0000000000,0.0000000000,-0.2355516817,-0.0000000000,0.0338458545,0.0017468501,0.0000000000,0.0000000000,0.0000000000,0.0000000000,0.0000000000,0.0254455810,0.0365086889,-0.0000000000,0.0000000000,0.0000000000,-0.0000000000,0.0672581349,-0.0000000000,-0.5783603006,0.0000000000,0.0000000000,-0.0000000000,0.0000000000,0.0000000000,0.0000000000,0.0000000000,0.0000000000,0.0000000000,-0.0000000000,0.1488547958,0.0000000000,0.0000000000,0.0000000000,0.0025863305,-0.0000000000,0.0382530943,-0.0000000000,0.0000000000,-0.0000000000,-0.0000000000,-0.0000000000,-0.1542933924,0.0000000000
0.0000000000,0.0073953366,-0.0000000000,-0.0000000000,-0.0000000000,0.0000000000,0.0000000000,0.0000000000,0.0000000000,0.0000000000,0.0000000000,-0.2090162126,0.0000000000,0.1165838779,0.0000000000,-0.0000000000,0.0000000000,0.0000000000,0.0000000000,0.0217381871,0.0000000000,-0.1572477243,-0.0000000000,-0.3205169100,0.0000000000,2.4519176006,-0.0000000000,-0.4126589685,0.0000000000,-0.0000000000,0.2243324359,0.0000000000,0.0667339796,0.1419578304,-0.0742439667,0.0000000000,-0.0000000000,0.0982921592,-0.0000000000,0.0000000000,0.0000000000,-0.7424103816,-0.1758862266,-0.0000000000,0.0000000000,0.4188241163,0.0000000000,0.0602896573,0.0625847546,0.0000000000,-0.0000000000,0.0000000000,0.0000000000,0.0000000000,-0.0000000000,0.0000000000,0.0000000000,0.0246158581,0.0000000000,0.0000000000,-0.1122460850,0.0252801663,0.0000000000,0.0000000000,0.0000000000,0.0000000000,0.0000000000,0.0000000000,0.0000000000,0.0000000000,0.0193334325,-0.0000000000,0.0000000000,-0.0000000000,-0.0000000000,-0.5868132667,-0.0000000000,-0.0000000000,0.0000000000,0.0000000000,-0.0000000000,0.2207963344,0.0000000000,0.0000000000,-0.0794280647,0.0000000000,0.0000000000,0.0000000000,-0.0000000000,0.0000000000,0.0000000000,0.0000000000,0.0000000000,-0.0000000000,-0.2682007814,0.0000000000,0.1085628061,0.0332746766,-0.0000000000,0.0000000000
0.3480086632,-0.0000000000,-0.0000000000,-0.0000000000,-0.0000000000,0.0000000000,-0.1221097144,0.0000000000,-0.0000000000,-0.0000753176,0.0000000000,-0.0000000000,0.0000000000,-0.0000000000,-0.0000000000,-0.0000000000,0.0000000000,0.0000000000,-0.0000000000,-0.0000000000,-0.0000000000,-0.0035063563,-0.3212116437,-0.2559728579,0.0000000000,-0.0000000000,3.2381948614,-0.4887749461,-0.0479083295,-0.0000000000,0.0000000000,0.0000000000,0.0000000000,0.0000000000,-0.1370696317,-0.0000000000,0.0000000000,0.0000000000,0.0000000000,-0.0000000000,-0.0000000000,0.2000770868,-0.0000000000,-0.0000000000,-0.3475771517,-0.2791190253,-0.0000000000,-0.0000000000,0.0613827250,0.0000000000,-0.0000000000,-0.0000000000,-0.0000000000,0.0000000000,0.0000000000,0.0000000000,0.0000000000,-0.0000000000,-0.0000000000,-0.0000000000,-0.0093652233,0.0000000000,-0.0000000000,-0.0000000000,-0.0000000000,-0.0000000000,-0.0000000000,-0.0000000000,-0.0000000000,-0.0000000000,-0.0000000000,-0.0000000000,-0.0000000000,-0.0000000000,-0.0000000000,-0.0000000000,-0.0000000000,-0.0758623813,0.2793624324,-0.0000000000,0.0000000000,0.0000000000,-0.0000000000,0.0000000000,-1.5087226431,0.0000000000,0.0000000000,-0.0000000000,-0.0000000000,-0.0566076163,0.0000000000,0.0000000000,-0.0000000000,0.0000000000,0.0000000000,-0.0000000000,-0.0000000000,-0.0000000000,0.0000000000,-0.0000000000
0.0000000000,-0.0000000000,0.0000000000,0.0000000000,-0.0000000000,0.0000000000,-0.0000000000,0.0000000000,0.0000000000,-0.0000000000,0.0000000000,0.0000000000,0.2464412144,0.0000000000,-0.0000000000,-0.0000000000,0.0000000000,0.0000000000,0.0000000000,-0.0000000000,-0.0000000000,-0.0000000000,-0.0199806141,-0.0725600591,0.0000000000,-0.4126589685,-0.4887749461,2.4730865695,-0.0000000000,-0.0637914504,0.0000000000,0.0000000000,0.0000000000,0.0493112668,-0.1115790871,0.0000000000,-0.0096193170,0.0640585587,-0.0000000000,-0.0000000000,-0.0000000000,-0.0000000000,-0.0000000000,-0.1264462411,-0.0000000000,-0.5387068268,-0.0000000000,-0.0000000000,0.1964092195,0.0000000000,0.0000000000,0.0000000000,0.0000000000,0.0000000000,0.0000000000,0.0000000000,0.0000000000,0.0000000000,-0.0000000000,0.0000000000,-0.0000000000,0.0000000000,0.0000000000,0.0000000000,-0.0000000000,-0.0000000000,0.0000000000,0.0493480404,0.0000000000,-0.0000000000,-0.0000000000,-0.0000000000,-0.0000000000,0.0000000000,-0.0000000000,-0.0000000000,-0.0000000000,-0.1020517430,0.0000000000,-0.0000000000,0.0000000000,0.0000000000,-0.0000000000,-0.0000000000,-0.4581506990,0.0000000000,-0.0000000000,-0.5559425459,-0.0000000000,0.0000000000,0.0886267171,0.0726669021,0.0285625557,-0.0000000000,-0.0000000000,-0.0000000000,-0.0000000000,-0.0000000000,0.0000000000,0.0000000000
-0.0000000000,-0.0000000000,0.0000000000,-0.0000000000,-0.0000000000,-0.0000000000,-0.0000000000,-0.0181039585,-0.0000000000,-0.0000000000,0.0000000000,-0.0000000000,0.0000000000,-0.0000000000,-0.0000000000,-0.0000000000,-0.0000000000,-0.0000000000,-0.0000000000,-0.0822773567,-0.3087530293,-0.0000000000,-0.0158708865,-0.0926586216,0.0000000000,0.0000000000,-0.0479083295,-0.0000000000,2.9096443276,-0.0000000000,-0.0000000000,0.0000000000,0.0000000000,-0.2368982408,-0.0000000000,-0.2259648310,-0.0000000000,0.0000000000,0.0000000000,-0.0000000000,-0.0915321844,0.0000000000,0.0000000000,-0.0000000000,-0.0000000000,-0.0000000000,-0.0000000000,-0.0000000000,-0.0000000000,-0.0000000000,-0.0000000000,-0.0000000000,0.0000000000,0.0000000000,-0.0000000000,-0.0000000000,-0.0000000000,-0.0642236310,-0.0000000000,-0.0000000000,-0.0000000000,0.0000000000,-0.0000000000,0.0000000000,-0.0000000000,-0.0000000000,-0.0000000000,-0.0000000000,-0.0000000000,-0.0849960572,-0.0000000000,0.0000000000,-0.0000000000,0.0000000000,-0.0073736985,-0.0000000000,-1.2445975984,-0.0607202756,-0.0000000000,0.0000000000,-0.0000000000,0.0000000000,-0.0000000000,0.0000000000,-0.0433079909,0.0000000000,-0.3284360698,-0.0000000000,-0.1795757068,0.0000000000,0.0000000000,0.0000000000,0.2713204225,0.0000000000,0.0000000000,-0.0000000000,-0.0000000000,-0.1089852486,-0.0000000000,-0.0000000000
