1.919584402309808091e+00,-0.000000000000000000e+00,-5.770281590998603549e-02,0.000000000000000000e+00,0.000000000000000000e+00.1,0.000000000000000000e+00.2,-0.000000000000000000e+00.1,-0.000000000000000000e+00.2,0.000000000000000000e+00.3,-1.382846463109832676e-02,-0.000000000000000000e+00.3,-9.686375704950817012e-02,0.000000000000000000e+00.4,-0.000000000000000000e+00.4,-0.000000000000000000e+00.5,-0.000000000000000000e+00.6,0.000000000000000000e+00.5,-0.000000000000000000e+00.7,-0.000000000000000000e+00.8,-2.202297712031914545e-01,0.000000000000000000e+00.6,0.000000000000000000e+00.7,-0.000000000000000000e+00.9,0.000000000000000000e+00.8,-4.253975280020047545e-02,-0.000000000000000000e+00.10,-0.000000000000000000e+00.11,-0.000000000000000000e+00.12,-0.000000000000000000e+00.13,8.838913251487761497e-03,-4.444166275794202842e-02,-1.054444846861377350e-01,0.000000000000000000e+00.9,0.000000000000000000e+00.10,0.000000000000000000e+00.11,-0.000000000000000000e+00.14,0.000000000000000000e+00.12,-1.065938374687007834e-01,0.000000000000000000e+00.13,-0.000000000000000000e+00.15,-1.277254245543287259e-01,-1.124470516196350578e-01,2.340754387411817239e-01,-0.000000000000000000e+00.16,0.000000000000000000e+00.14,1.766387346234209827e-03,-0.000000000000000000e+00.17,-0.000000000000000000e+00.18,-3.708736672909446197e-01,-0.000000000000000000e+00.19,-3.089802806803443325e-01,-0.000000000000000000e+00.20,0.000000000000000000e+00.15,0.000000000000000000e+00.16,0.000000000000000000e+00.17,-0.000000000000000000e+00.21,0.000000000000000000e+00.18,0.000000000000000000e+00.19,-5.164342442850861081e-02,-0.000000000000000000e+00.22,-0.000000000000000000e+00.23,-4.028614858604767646e-02,0.000000000000000000e+00.20,-0.000000000000000000e+00.24,-0.000000000000000000e+00.25,-0.000000000000000000e+00.26,-0.000000000000000000e+00.27,-0.000000000000000000e+00.28,0.000000000000000000e+00.21,-0.000000000000000000e+00.29,-0.000000000000000000e+00.30,0.000000000000000000e+00.22,-0.000000000000000000e+00.31,-1.013279523572600538e-01,0.000000000000000000e+00.23,-0.000000000000000000e+00.32,0.000000000000000000e+00.24,0.000000000000000000e+00.25,-0.000000000000000000e+00.33,-0.000000000000000000e+00.34,2.319256765239220419e-01,-0.000000000000000000e+00.35,-0.000000000000000000e+00.36,5.340176898872411176e-02,0.000000000000000000e+00.26,-0.000000000000000000e+00.37,-0.000000000000000000e+00.38,-0.000000000000000000e+00.39,-1.250857101942053629e-01,-0.000000000000000000e+00.40,-0.000000000000000000e+00.41,-0.000000000000000000e+00.42,-0.000000000000000000e+00.43,-1.163456294370054794e-01,0.000000000000000000e+00.27,0.000000000000000000e+00.28,0.000000000000000000e+00.29,-0.000000000000000000e+00.44,-3.251199628538753439e-01,-5.695165395959183446e-02
-0.0,2.8460983861944045,-0.25480332377509246,-0.2723679035230191,-0.08187910956822778,-0.0,-0.0,-0.5091535285186152,-0.000123984553028741,-0.0,-0.0,-0.0,-0.0,-0.0,-0.0,-0.0,0.0,-0.0,-0.0,0.0,-0.0,-0.05338987341510533,-0.0,0.0,-0.0,0.0,-0.0,-0.0,0.0,-0.05128064365312126,0.0,-0.0,-0.06492268792202345,0.0,0.0,-0.0,-0.0,-0.0,-0.0,0.0,0.0,-0.03147875004287514,-0.0,-0.09571312400188275,-0.0,-0.0,-0.0,-0.0,-0.002708406554263172,-0.0,-0.0,-0.6810994130096419,0.0,-0.0,-0.4532980615304318,-0.0,-0.0,-0.5312925344987068,-0.0,0.0,-0.0,0.0,-0.0,0.0,-0.11454186094978631,-0.03591558095984277,0.0,-0.08418729602712206,-0.0,-0.02720619865027625,-0.0,0.0,-0.02096751573919327,0.0,0.0,-0.0,0.0,-0.0,0.0,-0.0,0.0,0.0,0.0,-0.0,0.0,-0.0,-0.0,-0.0,-0.0,0.07444922425109017,0.0,-0.0,0.0,-0.0,0.0,-0.0,-0.0,0.0,-0.0,0.0
-0.05770281590998604,-0.25480332377509246,2.2368912427658887,0.0,0.0,-0.6699628467823485,0.0,-0.33507503143916173,-0.0,0.0,-0.0,0.0,0.0,-0.051456780547611235,0.0,0.0,-0.0,-0.0,-0.0,0.0,-0.0,-0.0,-0.03922668122413664,0.11379570317935128,0.0,-0.0,-0.0,-0.0,-0.0,-0.0,-0.0,-0.0,-0.0,0.0,-0.0,-0.0,-0.0,0.0,-0.0,0.0,0.0,0.0,0.0,0.0,-0.0,0.0,-0.0,-0.0,-0.2152629787819191,0.0,0.0,-0.0,0.16875522096000486,0.0,-0.1712973701175673,-0.15605751584468447,-0.0,-0.1855737608212242,0.0,0.0,0.0,0.0,0.0,0.0,-0.0,0.0,0.0,-0.0,0.03140306044739587,0.0,-0.0,-0.0,-0.1297722019760938,0.0,0.07655908139316793,0.0,0.0,-0.0,0.0,0.0,0.0,0.0,0.0,-0.0,0.0,-0.0,0.0,-0.0,-0.0,0.0,0.21138149061690184,0.023262876683373453,-0.0,0.0,0.0,0.0,0.0,-0.0,-0.0,0.0
0.0,-0.2723679035230191,0.0,1.9191181770066432,-0.3922586442618232,0.0,-0.05541106922147465,-0.0,0.1662766617207392,-0.09166872555569187,0.0,-0.0,-0.0,-0.0,-0.028853922903050364,-0.07103512998528626,-0.0,-0.0,-0.16355829193387927,0.0,-0.0,-0.0,0.0,-0.0,0.0,0.05230589005658189,0.0,0.0,-0.0,-0.0,0.09336565106300135,-0.0708104280757831,-0.0,-0.0,0.0,0.01834987697493089,-0.0,0.0,-0.0,0.0,0.0,0.00919092947779506,0.0,0.0,0.18964971301810285,-0.0,-0.0,0.0,0.0,-0.0,-0.0,-0.0,-0.11868051219762941,-0.6886378077655092,-0.0,0.0,-0.0,0.0,-0.0,0.21125312169517163,-0.0,-0.0,0.0,0.0,-0.03095636611598488,-0.03721887411901344,0.0,-0.0,-0.0,-0.0,-0.0023769387347458604,0.2024570864744205,0.0,-0.0,-0.0,0.0,-0.0,0.04303763680207891,0.0,0.0,-0.0,0.0,0.0,-0.02680372423728059,0.0,-0.0,-0.02945580220287172,0.0,0.1535564353569066,0.04945346626368563,-0.0,0.0,0.0,0.062328739266001354,0.0,0.0,-0.0,-0.0,0.0,-0.0
0.0,-0.08187910956822778,0.0,-0.3922586442618232,3.069985993897388,-0.0,-0.0,-0.20850338161319656,-0.0,-0.0,0.0,0.0,0.0,0.0,0.0,-0.0,0.0,0.0,0.0,0.12205908546336688,-0.0,-0.0,0.0,-0.0,-0.0,0.0,0.028558160774126803,0.0,-0.0,0.0,0.0,-0.0,0.0,0.009910473505465698,0.0,0.0,-0.0,0.024114966750114583,0.04281305958213324,0.0,0.0,0.0,0.0,-0.0,0.014651477406861997,-0.0,-0.0,0.0,0.0,-0.0,-0.0,-0.17476926543806623,-0.0,-1.0528796890244911,-0.9731413596103654,0.0,-0.0,-0.01555398694958391,-0.0,0.0,0.17229450685121936,0.033384748406325646,0.0,0.31230317549021613,0.0,0.0,0.0,0.0,0.0,0.0,-0.0,-0.0,0.0,0.0,-0.0,0.0,-0.0,0.0,0.0,0.0,-0.0,0.028632718580764695,0.0,-0.0,0.0,0.0,-0.0,0.0,0.0,0.0,0.01840377961293225,0.018502844157581515,0.036988106463622085,0.0,-0.0,-0.0,-0.0,0.0,0.0,0.0
0.0,-0.0,-0.6699628467823485,0.0,-0.0,3.8058408161535313,0.0,-0.0,-0.28087761948194867,0.0,-0.0,0.0,0.0,0.0,0.09194264390044253,0.0,0.0,0.0,0.04131492223400443,0.0,-0.0,-0.0,0.0,-0.0,-0.0,-0.0,-0.0,-0.2634905608114796,-0.1549785706582907,-0.03511405900386417,-0.0,0.0,0.0,0.0,-0.0,-0.029185584894418568,-0.0,0.0,-0.0,0.0,0.05065473902806435,-0.0,-0.0,-0.0,-0.0,0.0,-0.0,0.0,-0.0,0.0,-0.0,-0.0,0.06767522808674965,-0.0,-1.5330879513200326,-0.898981544980393,-0.0,-0.0,-0.0,-0.0,-0.0,0.07643689820690806,-0.0,0.0,0.0,0.0,0.0,0.0,0.0,-0.0,0.0,-0.0,-0.0,0.0,-0.0,-0.0,-0.007426754677061892,-0.34881645506815767,0.09162485693576393,0.0,-0.0,0.0,-0.0,-0.0,-0.0,-0.0,-0.0,-0.0,-0.0,-0.0,0.054732190792240225,0.0786941728225978,0.0,0.0,-0.0,0.0,0.0,0.0,-0.0,0.0
-0.0,-0.0,0.0,-0.05541106922147465,-0.0,0.0,2.1802364836776453,-0.0,0.0,-0.0985761191039776,-0.011670318690435272,-0.0,-0.0,-0.03064363206616528,-0.0,-0.0,-0.0,-0.0,-0.0,-0.0,-0.0,-0.0,-0.0,0.0,-0.0,0.133619800294579,0.0,0.0,-0.06579451824103899,-0.0,0.0,-0.0,-0.0,0.10891012686076008,0.0,0.056689727070402506,0.0,0.0,-0.0,-0.0,0.0,-0.0,0.0,-0.07631036906093273,0.08397503210829754,0.0,0.0,0.0023784611169009023,-0.0,0.0,-0.06411812681232529,-0.0005291617380726032,-0.8579057821962572,-0.05414703954988065,0.0,0.0,-0.6000460131930534,0.0,-0.09126840233075063,-0.0,-0.0,-0.0,0.0,0.0,0.0,-0.0,-0.0,-0.0,0.0,-0.0,-0.0,-0.13735699730943016,-0.0,-0.16392688002862407,-0.0889076175761663,0.0,0.0,0.0,-0.0,-0.0,0.0,0.0,0.13523556289229438,0.0,0.0,0.0,0.0,-0.0,0.0,0.0,0.08426593053365326,0.0,-0.0,-0.0,-0.0,-0.0,-0.0,0.0,0.0,-0.0
-0.0,-0.5091535285186152,-0.33507503143916173,-0.0,-0.20850338161319656,-0.0,-0.0,4.185993822393372,-0.5626263224877708,-0.0,-0.1285495088551962,-0.0,-0.0,0.0,0.0,-0.0,-0.0,-0.23822746355115257,0.0,0.0,-0.0,-0.0,-0.0,-0.0,-0.0,-0.0,0.0,-0.0,-0.0,-0.0,0.0,0.0,-0.0,0.0,-0.0,-0.0,0.0,0.00031215321498255185,-0.0,-0.0,0.07971781828427926,-0.0,0.0,-0.0,0.0,0.0,-0.0,0.0,0.0,0.0,0.0,-0.0,0.0,-0.0,-0.0,-0.0,-1.2769694867610095,-1.1968280019362123,-0.0,-0.0,0.0,0.0,0.0,0.22795356800420424,0.0,0.0,0.09593987923562515,-0.0,-0.0,-0.10493847577554348,-0.0,-0.0,-0.0,0.0,0.0,-0.0,-0.0,-0.0,0.0,0.0,-0.0,-0.0,0.0,-0.0,0.0,-0.0,0.0,-0.0,0.0,0.0,0.10244553884638524,0.0,-0.0,-0.0,-0.0,0.0,0.0,0.0,0.053110100852690696,0.00914831436422236
0.0,-0.000123984553028741,-0.0,0.1662766617207392,-0.0,-0.28087761948194867,0.0,-0.5626263224877708,3.6566801472377697,-0.0,-0.0780959951432055,-0.0,-0.0,0.0,0.0,0.0,0.0,-0.0,0.0,0.0,-0.0,-0.0,-0.0,-0.0,-0.04070285949828938,0.0,0.0,-0.0,-0.0,-0.0,-0.0,0.11875633265968528,-0.0,0.0,0.0,-0.1105186548975486,-0.0592269477519955,0.0,-0.0,-0.04726994467124123,0.0,0.0,-0.0,-0.04087249219496943,-0.0,-0.0,-0.0,0.0,-0.0,-0.0,0.10857648293843183,-0.0,0.0,0.0,-0.0,-0.9713414520247777,-0.0,-1.5889276300598818,-0.0,-0.0,0.0,0.008058636076639009,-0.0,0.0,-0.0,0.0,0.0,-0.0,0.0,-0.0,-0.0,0.0,-0.0,-0.0,0.0,-0.0,-0.0,-0.0,-0.0,0.26189289011435324,-0.0,0.0,0.0,-0.0,0.0,0.0,-0.0,-0.0,-0.0,-0.0,0.0,0.0,-0.0,-0.10639002406839485,-0.0,0.0,0.0,0.0,0.0,0.0
-0.013828464631098327,-0.0,0.0,-0.09166872555569187,-0.0,0.0,-0.0985761191039776,-0.0,-0.0,2.315000184913676,-0.2019146021527968,-0.27899982242117066,-0.0,0.09513912847672584,-0.0,-0.012003022056568816,0.0,0.0,0.0,-0.0,0.0,0.0,0.03271739730307262,-0.0,-0.43624231342210407,0.0,-0.0,0.0,-0.0,0.0,-0.0,-0.164464631409109,-0.0,0.0,0.0,0.0,0.0,-0.0,-0.0,-0.06741172873941936,-0.0,-0.0,0.0,-0.0,-0.0,0.0,0.0,0.18873050712585235,-0.0,-0.0,-0.0,-0.0,-0.07258443152596011,-0.0,0.0,-0.0,-0.0,-0.0,-0.5577037850494975,-0.4047499400688941,-0.2526278316200225,-0.0,0.0,-0.0,-0.0,0.0,-0.06666885773342487,-0.0,-0.0,-0.0,-0.0,0.0,0.0,-0.02039148803813656,-0.0,-0.0,-0.09030205746540579,0.0,-0.0514318733708928,0.0,0.0,-0.0,0.0,0.0,0.0,0.0,-0.0,0.0,0.0,-0.0,-0.0,-0.016466136707875802,-0.0,-0.0,-0.0,-0.0,0.0,-0.0,-0.0,-0.0
-0.0,-0.0,-0.0,0.0,0.0,-0.0,-0.011670318690435272,-0.1285495088551962,-0.0780959951432055,-0.2019146021527968,1.5212133513514356,-0.4206273042013784,-0.0,0.0,0.0,-0.0,0.0,-0.0,-0.0,0.0,-0.06407060915719345,-0.0,0.0,0.0,-0.0,0.0,-0.0,-0.0,-0.0,-0.0,-0.19681305974532687,-0.050400542884036406,-0.0,-0.0,0.0,0.0,0.0,-0.0,-0.0,0.09200400837785504,0.0,-0.0,0.0,-0.0,0.0,0.11139848499284476,0.0,0.0,-0.1540922232598451,0.0,-0.0,-0.0,0.0,0.0,0.0,-0.0,-0.0,-0.1046164247327825,-0.0,-0.11220251858522472,-0.032827193417119094,-0.06923495181617849,0.0,0.0,-0.0,0.0006136720100021777,0.0,-0.0,-0.0,-0.0,-0.0,0.0,0.0,0.008705881854726373,0.0,0.0,0.0,0.0,0.0,0.0,0.04196116690232197,0.0,0.0,0.0,0.0,0.08249613809156242,0.17851102841100316,-0.0,0.0,0.0,0.0,-0.0,-0.0,-0.0,0.0,-0.0,0.10666324928259827,-0.0,0.0,-0.0
-0.09686375704950816,-0.0,0.0,-0.0,0.0,0.0,-0.0,-0.0,-0.0,-0.27899982242117066,-0.4206273042013784,2.4236588775623993,-0.0,-0.12493449906275356,-0.0,-0.0,-0.0035519023322686688,0.0,-0.3008069134733651,0.0,-0.008750503734927782,-0.0,-0.0,0.0,-0.2247467021712326,0.0,0.0,0.0,0.0,-0.0,-0.0,-0.0,0.0,0.0,0.3421121162349843,0.0,0.0,-0.0,0.0,0.0,0.04552859771282596,-0.24603387867119855,0.0637133545751963,-0.0060913963032970765,0.0,0.0,0.08635254872876179,0.06015644290389277,-0.0,-0.0,-0.0,-0.0,-0.0,0.0,0.0,-0.0,-0.0,-0.0,-0.08538682015555174,-0.173227769948555,-0.2719460359183249,-0.0,-0.0,-0.0,-0.031743781319187335,-0.37561689470892035,0.0,-0.29541635270657735,-0.03641849225667297,-0.0,-0.0,0.0,0.0,-0.0,-0.0,-0.01787742135370267,-0.0,0.0,-0.0,-0.0,0.0,0.0,0.043088306735532954,0.0,-0.0,0.06320473224311413,0.14078779560345012,0.0,0.0,0.017713949430148115,-0.0,-0.0,-0.0,-0.08931226593001078,0.0,-0.0,-0.0,0.0,0.0,-0.0
0.0,-0.0,0.0,-0.0,0.0,0.0,-0.0,-0.0,-0.0,-0.0,-0.0,-0.0,2.526300682375912,-0.06818766250395411,-0.2749523702855702,0.0,-0.0,-0.0,-0.0,0.0,0.0,-0.0,0.0,0.0,0.0,0.0,-0.0,-0.0,-0.15524053606812827,-0.05506405365511947,0.21066751204236428,0.0,0.0,-0.0,0.0,0.0,-0.0,-0.0,-0.10728096939667511,-0.0,0.0,-0.0,-0.0,-0.0,0.06260357465124246,-0.05027402506488364,0.0,0.0,0.0,-0.0,0.0,0.0,0.0,0.0,0.0,-0.002118534900972772,0.0,-0.0,0.0,-0.0,-0.26493473668100115,-1.3905867622786807,-0.09149539008329433,-0.05627356562569242,-0.04363768460017397,-0.011145064113137825,0.0,-0.06346615172633732,-0.0,-0.0,0.0,0.0,0.0,0.0,0.0,0.0,-0.015986806343725186,-0.0,0.04328014812173928,0.06999748560856842,0.0,0.0,0.0,0.0,-0.0,0.0,-0.0,-0.0,0.0,0.0,0.1626381933386132,0.0,-0.0,0.0,0.0,0.0,-0.0,0.0,0.0,0.0
-0.0,-0.0,-0.051456780547611235,-0.0,0.0,0.0,-0.03064363206616528,0.0,0.0,0.09513912847672584,0.0,-0.12493449906275356,-0.06818766250395411,2.9500945427086895,-0.8586220027693272,0.0,-0.2638338025153489,0.0,-0.3942837063400052,0.0,-0.038346063723240245,-0.0,-0.13816799936253232,0.006942086387211741,0.3137438533913145,0.0,-0.0,0.0,0.0,-0.0,0.0,0.0,-0.0,-0.0,0.0,0.0,-0.0,-0.0,-0.0003155557687279605,0.0,0.0,-0.11402677295051832,0.0,-0.0,0.0,-0.03323777275983885,-0.0,-0.0,0.0,-0.0,-0.0,-0.0,0.0,0.0,0.0,0.0,0.0,0.0,0.0,0.0,0.0,-0.030515448199372568,-0.1198757639033683,-0.0,-0.6049300708832647,-0.2563369023193201,0.0,-0.0,0.0,0.06032911365464743,0.0,-0.0,-0.0,0.0,0.020948918745390947,0.0,0.0,-0.0,0.0,-0.0,0.14988978155845653,0.0,0.014147521242977952,-0.0,-0.0,-0.0,0.0,-0.0,0.0,0.0,0.0,0.0,-0.17141555849118523,-0.0,0.0,-0.0,-0.32706431069787245,-0.0,0.023039487758565826,-0.0
-0.0,-0.0,0.0,-0.028853922903050364,0.0,0.09194264390044253,-0.0,0.0,0.0,-0.0,0.0,-0.0,-0.2749523702855702,-0.8586220027693272,3.593531141702552,0.0,-0.02382728704946717,-0.0,-0.0,0.0,-0.12662567618140655,-0.0,-0.0,0.0,0.0,-0.0,-0.0,-0.0,-0.0,-0.3164595025720202,0.0,-0.0,0.0,-0.0,0.0,0.0,0.0,-0.0,-0.0,0.0,0.0,-0.01166483015723267,0.0,-0.0,-0.0,-0.0,0.0,0.0,0.0,-0.0,-0.0,0.0,-0.0,0.0,0.0,0.0,0.0,0.013971288062039856,-0.0,0.0,-0.0,-0.07940408116442801,-0.0,-0.0,-0.16870042146175357,-1.8925813392344863,0.0,-0.0,-0.0,0.0,-0.0,-0.0,-0.0,0.0,-0.0,0.0,-0.0,-0.0,0.0,-0.0,0.0,0.0,0.0,0.0,-0.0,0.0,-0.0,0.0,-0.0,0.0,0.0,-0.04303617903559304,-0.0,0.08400916848374082,0.0,-0.0,-0.0,-0.0,0.0,-0.0
-0.0,-0.0,0.0,-0.07103512998528626,-0.0,0.0,-0.0,-0.0,0.0,-0.012003022056568816,-0.0,-0.0,0.0,0.0,0.0,2.336233902885685,0.0,-0.38602055485397135,-0.0,-0.018868223880869856,0.0,-0.2037880700341539,-0.3884360201795124,-0.0425872409956085,-0.014799551360284628,-0.0,-0.07343813949104537,-0.0,0.0,-0.0,-0.1437190990482299,-0.0301888858497944,-0.3052575296231823,-0.3361200610487648,-0.0677898301306088,0.0,0.08825890557028168,0.0,0.0,0.0,0.0,-0.0,0.0,0.1405653215961545,0.0,0.0,0.0,-0.0,-0.0,0.0207743754546575,-0.3666642147940499,-0.0,-0.4680162445836933,-0.0866842642310595,0.0,0.05834420960602504,-0.0,-0.0,-0.0,-0.0,0.0,0.0,0.0,-0.0,0.0,-0.0,0.0,0.0,-0.0033516042557123825,-0.0,-0.0,-0.0,-0.0,0.0,-0.0,-0.0,0.0,0.0,-0.04292098961049183,-0.0,0.0,-0.0,0.0,-0.26439812393267964,0.0,-0.0,0.0,0.0,0.0,0.1218797889284778,-0.0,-0.0,0.0,-0.0,-0.0,0.01106764263311471,0.02237912042121372,0.0,0.0,0.0
0.0,0.0,-0.0,-0.0,0.0,0.0,-0.0,-0.0,0.0,0.0,0.0,-0.0035519023322686688,-0.0,-0.2638338025153489,-0.02382728704946717,0.0,1.7933198585446195,-0.0,-0.4622417814317032,-0.0,-0.3451942655104393,-0.0,-0.019050587999271437,-0.0,0.14611948013012635,0.0,-0.0,0.05753801310256745,-0.13283075531213387,0.0,0.0,0.07182179225265391,0.011381290003249448,-0.0,0.0,0.0,0.0,0.10543826415906966,0.0,0.0,0.11654944360526769,0.10452038555640591,0.17255490449087219,-0.0,0.0,-0.0,0.011895338070813955,0.0,0.0,-0.0,0.13633445857380147,0.007479264039256189,0.0,0.0,0.0,0.0,-0.0,0.0,0.0,-0.0,0.0,-0.1187764304546294,-0.0,-0.0,-0.0,-0.05343849032056556,0.0,-0.17181573899327118,-0.013096959200987647,0.0,-0.0,-0.0,-0.0,0.0,-0.07209595532404565,0.005324980594952724,-0.0,0.0,0.04629258852003192,0.0,-0.0,0.0,0.0,-0.0,-0.0,-0.0,0.0,-0.0,-0.0,-0.0,0.0,0.08922038866458451,0.0,0.0,0.0,0.0,-0.0,-0.0,0.015037056297328648,-0.0
-0.0,-0.0,-0.0,-0.0,0.0,0.0,-0.0,-0.23822746355115257,-0.0,0.0,-0.0,0.0,-0.0,0.0,-0.0,-0.38602055485397135,-0.0,3.5672948846356167,-0.0,-0.2883241821442164,0.0,-0.0,-0.13295629045066326,-0.0,0.0,0.0,0.0,0.0,0.0,-0.0,0.0,0.0,-0.0,-0.7890301039186263,-0.0,-0.2756519586731066,0.0,0.19418771624037393,0.0,0.0,-0.0,-0.0,0.0,0.0,-0.0,0.05116176100913258,-0.0,-0.0,-0.0,0.0,-0.0,0.0,-0.0,0.0,0.0,0.0,-0.10024632852691928,-0.0,0.0,0.0,0.0,-0.0,0.0,0.0,0.0,0.0,0.0,-0.0,-0.4357597301151112,-1.2700705477613792,-0.0,-0.0,-0.13080291162516733,0.0,0.0,0.0,0.0,0.0,-0.0,0.0,-0.0,-0.04054642171268909,0.0,0.0,0.20263457809060983,-0.0,0.0,0.0,-0.1343535713800906,0.0,-0.0,-0.0,0.0,-0.0,0.0,0.16141261946319807,0.0,0.0,-0.0,0.22106923148039573
-0.0,-0.0,-0.0,-0.16355829193387927,0.0,0.04131492223400443,-0.0,0.0,0.0,0.0,-0.0,-0.3008069134733651,-0.0,-0.3942837063400052,-0.0,-0.0,-0.4622417814317032,-0.0,2.160612679988253,-0.0,-0.1710198440753456,-0.0,-0.0,0.06986202293313959,0.0,0.021461704968370496,-0.0,0.0,0.0,0.0,0.0,-0.0,0.0,-0.07449045975637827,-0.0,0.0,0.0,0.0,-0.0,0.08127139881799272,0.0,0.0,0.0,0.0,-0.0,0.0,0.0,-0.0,-0.0,-0.0,-0.0,0.0,0.0,0.0,0.0,0.0,0.0,0.0,-0.049438767644185366,-0.0,-0.00012166387180848652,-0.0,0.0,-0.0,-0.4849819619406712,-0.0,0.0,-0.3303170084874862,-0.0,0.0,-0.0,0.0,-0.0,0.0,-0.0,-0.0,0.10895471710449242,0.07299909259480161,0.04326832356037064,0.0,0.0,-0.0,0.0,0.0,0.0,0.0,-0.0,-0.0,0.0,0.0,0.0,0.0,0.0,-0.0,0.0,-0.0,0.0,-0.0,0.0,0.0
-0.22022977120319143,0.0,0.0,0.0,0.12205908546336688,0.0,-0.0,0.0,0.0,-0.0,0.0,0.0,0.0,0.0,0.0,-0.018868223880869856,-0.0,-0.2883241821442164,-0.0,2.539086117957849,-0.0,0.0,-0.19187275659612676,-0.0,0.0,-0.0,-0.188380504865881,0.0,-0.08790943507461328,0.0,-0.0,0.0,0.0,-0.09552925306386723,-0.0,0.0,0.17645101075493583,0.0,0.0,-0.0,-0.26769635379263046,0.07174708299914842,0.08368151236695241,0.0,-0.0,0.16937166505852122,-0.0,-0.17316747270514812,-0.0,-0.0,-0.0,0.0,-0.0,-0.0,0.00024359591423327428,0.0,-0.0,0.11226556616171364,-0.0,0.0,-0.0,-0.0,0.08063042874484048,-0.0,0.0,0.0,-0.21266607343838043,-0.0,-0.0,-0.0,-0.643137453363037,-0.0,-0.07661618019347642,-0.0,-0.034772952142911005,0.0,-0.0,0.0,-0.0,0.0,-0.0,-0.0,-0.002293848377514517,0.0,0.0,-0.0,-0.0,0.0,-0.4122320246146697,-0.0,-0.0,0.0,0.0,0.046206665178408074,-0.0,0.0,0.0,-0.0,-0.3362337242730333,-0.0
0.0,-0.0,-0.0,-0.0,-0.0,-0.0,-0.0,-0.0,-0.0,0.0,-0.06407060915719345,-0.008750503734927782,0.0,-0.038346063723240245,-0.12662567618140655,0.0,-0.3451942655104393,0.0,-0.1710198440753456,-0.0,1.8632846656149165,-0.08446349039459641,-0.21506635775243532,-0.0,0.020808144644017517,-0.0,-0.0,0.0,-0.0,-0.005425802113617498,0.0,0.0,0.0,-0.0,-0.0,0.21133341993922536,0.06720418623562997,0.06529101610965961,0.0,0.0,0.0,0.0,0.0,-0.0,0.0,-0.0,0.0,-0.0,-0.0,-0.0,-0.0,-0.0,-0.0,-0.0,-0.0,-0.0,-0.0,-0.0,-0.0,0.0,0.0,0.0,-0.0,-0.0,-0.036987747704792205,-0.10541080644910512,0.0,-0.0,-0.0,0.0,-0.6480881575909672,-0.0,-0.0,0.03385672768143512,-0.0,0.0,0.0,0.0,0.0,0.0,0.0,0.0,-0.0,0.0,-0.0,0.0,0.0,0.0,0.0,0.0065242292738397194,-0.0,0.0,0.0,0.1324597303407415,0.0,-0.005217440013910094,-0.0,-0.0,0.0,-0.0
0.0,-0.05338987341510533,-0.0,-0.0,-0.0,-0.0,-0.0,-0.0,-0.0,0.0,-0.0,-0.0,-0.0,-0.0,-0.0,-0.2037880700341539,-0.0,-0.0,-0.0,0.0,-0.08446349039459641,2.842086008493948,-0.03937600305113521,0.0,0.0,-0.19901298046119448,-0.0,-0.0,0.0,-0.30664468678080087,0.023904011166459172,0.0,-0.1728342886824673,-0.299058514886188,-0.8826817245760266,0.0,0.0,0.0,-0.0170290400237989,-0.0,0.0,-0.0,-0.0,0.002213609641885309,0.0,-0.0,-0.4552047040741673,-0.0,-0.0,0.0,-0.0,-0.0,0.0,-0.0,-0.0,-0.0,-0.0,-0.0,0.06223666532282651,0.0,0.0,-0.0,-0.0,-0.0,-0.0,-0.0,0.1362585886502418,-0.0,-0.0,-0.0,-0.0,-0.3651167031259693,-0.21887861016866964,0.40756645083466153,0.0,0.0,0.0,-0.09685495694996131,0.0,0.0,-0.0,-0.0,0.07691829029117395,-0.07906261677371315,0.0,-0.0,0.17110826725576933,0.0,0.0,0.28838511323948124,0.0,0.0,0.0,-0.0,0.0,0.08305495249534521,0.0,-0.0,0.060589624917273016,0.11641217388923061
-0.0,-0.0,-0.03922668122413664,0.0,0.0,0.0,-0.0,-0.0,-0.0,0.03271739730307262,0.0,-0.0,0.0,-0.13816799936253232,-0.0,-0.3884360201795124,-0.019050587999271437,-0.13295629045066326,-0.0,-0.19187275659612676,-0.21506635775243532,-0.03937600305113521,2.4609961739865422,-0.0,0.0,-0.0,-0.06664703185578276,0.0,0.0,-0.164729592487181,-0.0,0.0,0.0,-0.0,-0.0,0.0,0.0,0.10410290587258549,0.0,0.0,0.0,0.0,0.11768854463821862,0.0,0.0,0.0,0.0,-0.22907492593041773,-0.0,0.0,-0.0,-0.0,-0.0,-0.0,0.0,0.0,-0.0,-0.0,0.0,0.0,0.00203074795811461,-0.0,0.0,-0.0,-0.0,-0.24841909740351825,-0.0,-0.0,-0.0,-0.0,-0.17616534240947304,-0.0,-0.852945659022264,0.0,0.0,0.034736431410716605,0.0,0.0,-0.0,0.0,0.0,0.0,0.0,-0.0,-0.0,0.0,0.0,0.0,-0.0,0.0,0.0,0.12241844493899962,0.0,0.0641544047469279,-0.0,-0.0,0.0,-0.0,0.0,0.0
0.0,0.0,0.11379570317935128,-0.0,-0.0,-0.0,0.0,-0.0,-0.0,-0.0,0.0,0.0,0.0,0.006942086387211741,0.0,-0.0425872409956085,-0.0,-0.0,0.06986202293313959,-0.0,-0.0,0.0,-0.0,2.187802455789052,-0.01311354782593486,-0.0,-0.12783728469115335,0.0,-0.11553577052829636,-0.0,0.0,0.20732266691328227,0.0,0.0,0.0,0.09418865160502637,0.0,0.04921748125378244,0.0,-0.17424221540844703,0.0,0.0,-0.0,0.08352352741298005,0.0,0.0,0.14981724006659733,0.0,0.49921007819791774,0.0,-0.0,0.0,-0.043337502120027835,-0.0,-0.06310306786467262,-0.0,-0.0,-0.0,-0.11666257799513471,-0.0,0.0,0.0,0.0,0.0,0.08523124869925677,0.0,-0.0,0.0980829390028126,-0.0,-0.0,-0.11753454509962571,-0.0,0.0,-0.0310238130429363,-0.4121622658893578,-0.15729427873243212,-0.27263188082305345,-0.009285428292922992,-0.0,0.0,-0.3586651916572135,0.0,-0.0,-0.14991578818785342,-0.19305135481824248,0.0,0.0,0.0843445285203542,-0.0,-0.07964817537975293,-0.0,0.0,0.0,0.01173949370907082,-0.0,0.0,0.0,0.0,0.0,0.0
-0.04253975280020048,-0.0,0.0,0.0,-0.0,-0.0,-0.0,-0.0,-0.04070285949828938,-0.43624231342210407,-0.0,-0.2247467021712326,0.0,0.3137438533913145,0.0,-0.014799551360284628,0.14611948013012635,0.0,0.0,0.0,0.020808144644017517,0.0,0.0,-0.01311354782593486,2.398959223486728,-0.0,-0.0,0.0,0.0,-0.0,-0.05950083298553772,-0.0,-0.0,0.0334233628651282,0.0,0.1162548577323444,0.0,-0.0,0.0,-0.0,0.0,-0.0,-0.0,0.0,0.0,0.0,0.0,0.0,0.0,0.049123161724544936,-0.1777789946224702,-0.0,-0.0,0.0,0.0,-0.0,-0.0,-0.0,-0.5681631112718544,-0.13508746113461342,-0.0,0.0370307042317243,0.1780340083925062,0.049629721245187754,0.034213533072612747,0.0,-0.0,0.0,0.0,-0.0,0.0,0.0,0.0,-0.0,-0.0,-0.6597392556868613,0.0,-0.0,-0.08872507413054158,-0.0,0.0,0.0,0.0,0.0,0.0,0.0,0.0,0.0,0.0,0.0,-0.0,-0.08417897654335493,-0.0,-0.23064113146813975,-0.0,-0.0,0.0365300931820384,0.0,0.0,0.0
-0.0,0.0,-0.0,0.05230589005658189,0.0,-0.0,0.133619800294579,-0.0,0.0,0.0,0.0,0.0,0.0,0.0,-0.0,-0.0,0.0,0.0,0.021461704968370496,-0.0,-0.0,-0.19901298046119448,-0.0,-0.0,-0.0,2.043644420011891,-0.0,-0.4344166731886488,-0.0,-0.0,-0.0,-0.0,0.08862949052822412,-0.0,-0.1160816134793286,-0.0,0.0,0.05312521606559095,0.0,0.0,0.0,-0.15984977835934824,-0.0,0.0,-0.0,0.0,0.0,-0.012280836608887263,-0.0,0.38457736908876206,-0.0,0.0,0.12321403197094512,0.0,-0.0,0.0,0.0,-0.0,-0.0,-0.06470719420539116,-0.0,0.0,-0.0,0.0,0.0,-0.0,0.0,0.0,-0.0,0.0,-0.0,-0.0,0.0,0.0,0.0,-0.3656630278530162,-0.0,-0.3948581458724542,-0.0,0.0,-0.0,-0.0,-0.0,-0.20007504201439083,0.0,0.0,0.0,-0.0,0.0,-0.0,0.0,0.0,0.0,0.08472967864029182,-0.0,0.0,0.04102889955475232,-0.0,-0.0,0.23778994957780247
-0.0,-0.0,-0.0,0.0,0.028558160774126803,-0.0,0.0,0.0,0.0,-0.0,-0.0,0.0,-0.0,-0.0,-0.0,-0.07343813949104537,-0.0,0.0,-0.0,-0.188380504865881,-0.0,-0.0,-0.06664703185578276,-0.12783728469115335,-0.0,-0.0,2.178583670784372,-0.47553787258207186,-0.0,-0.17729432366668435,-0.0,-0.0,-0.012632052051207626,-0.0,-0.2705243002840352,0.0,-0.0,-0.1571615697999025,-0.057101109998440765,-0.0,-0.0,0.0,0.0,-0.0,-0.271220562399318,-0.05629117351039247,-0.0,-0.6089005856384356,-0.0,-0.0,-0.0,0.0,-0.0,0.0,-0.0,0.0,0.0,0.0,-0.0,0.0,-0.0,-0.0,-0.0,-0.0,-0.0,-0.0,-0.0,-0.0,0.0,0.0,-0.06765858804918057,0.2540542449670338,-0.0,-0.0,-0.0,-0.03003499421216428,-0.0,-0.0,0.0664056026306292,0.0,0.005017218276743217,0.0,-0.16633914257796123,-0.0,-0.3028981929906996,-0.0,-0.10230875572576743,-0.0,0.0,-0.0,-0.0,-0.0,-0.0,-0.0,0.0,-0.0,0.0,-0.0,0.0,0.0
-0.0,-0.0,-0.0,0.0,0.0,-0.2634905608114796,0.0,-0.0,-0.0,0.0,-0.0,0.0,-0.0,0.0,-0.0,-0.0,0.05753801310256745,0.0,0.0,0.0,0.0,-0.0,0.0,0.0,0.0,-0.4344166731886488,-0.47553787258207186,2.724937895826521,-0.07756747506753525,-0.0,0.0,-0.0,-0.0,-0.0,-0.25548574323073386,-0.019535933830163964,-0.10570964412537816,-0.0,-0.08764868375953017,0.0,0.0,-0.22342135272506808,-0.0,-0.0,-0.12084522533990429,-0.0,-0.0,-0.0,-0.0,-0.0,0.0,0.0046221810698127514,0.31862190804536045,0.0,-0.0,0.0,0.09581009986907482,-0.0,-0.0,-0.008079370296326634,-0.0,0.0,-0.0032204232136747715,0.000401637728003792,0.0,0.0,0.48182147174559914,-0.0,0.0,0.0,0.0,0.0762796823160311,0.0,0.0,0.0,-0.0,-0.0,-0.19461880775426188,0.0,0.0,0.0,0.0,-0.0,-0.0,-0.0,0.0,-0.24293074945655144,-0.6547493553529591,0.0,0.0,0.12598399863396034,0.0,-0.0,-0.0,0.17480701975069407,0.0,0.20080102711834164,0.0,-0.0,0.0
-0.0,0.0,-0.0,-0.0,-0.0,-0.1549785706582907,-0.06579451824103899,-0.0,-0.0,-0.0,-0.0,0.0,-0.15524053606812827,0.0,-0.0,0.0,-0.13283075531213387,0.0,0.0,-0.08790943507461328,-0.0,0.0,0.0,-0.11553577052829636,0.0,-0.0,-0.0,-0.07756747506753525,2.1381384977367937,-0.09191659577208536,0.01320445442988826,0.0,0.11567322260973098,0.0,0.0,0.0,-0.0,0.0,0.0,-0.0,0.0,0.0,0.11849619109311307,-0.0,0.0,0.16100284738054965,0.0,0.0,0.0,-0.0,0.0,0.0,0.0,-0.0,-0.0,-0.0,-0.0,0.0,-0.0,-0.08187745002187737,-0.0,-0.0,-0.003676212983292474,0.0,0.0,-0.0,-0.0,-0.0,-0.0,0.0,-0.20251849209617867,-0.0,0.0,-0.2288100483115446,-0.0,0.0,-0.9446057507379503,-0.0,0.0,0.08629625152865465,-0.0,0.0,-0.0,-0.0,-0.0,-0.0,-0.08515935261326042,-0.0,-0.011452424189312051,-0.0,0.173549286296611,0.08558643469145702,-0.0,0.01953970563066008,0.0,0.0,0.0,0.0,-0.0,-0.0
0.008838913251487761,-0.05128064365312126,-0.0,-0.0,0.0,-0.03511405900386417,-0.0,-0.0,-0.0,0.0,-0.0,-0.0,-0.05506405365511947,-0.0,-0.3164595025720202,-0.0,0.0,-0.0,0.0,0.0,-0.005425802113617498,-0.30664468678080087,-0.164729592487181,-0.0,-0.0,-0.0,-0.17729432366668435,-0.0,-0.09191659577208536,2.377119690515426,-0.0,-0.0,-0.1130105249005618,0.0,0.0,0.0,0.0,-0.0,-0.09039097473815567,0.0,0.5050571321723921,-0.1640140518996158,-0.0,-0.0,0.0,-0.20632163230967487,0.0,0.0,0.0,0.11048089552696108,0.0,-0.0,-0.0,0.0,-0.020784997267063416,-0.05139949283377076,-0.0,-0.0,-0.0,-0.0,0.0,0.0,-0.08639587726783964,0.0,-0.0,-0.001599843849832794,0.0,-0.0,-0.0,-0.0,-0.0,-0.0,-0.0,0.0,0.0,-0.0,-0.0,-0.8733516546422062,0.0,0.0,0.0,0.11883878245905746,0.0,-0.0,-0.41750558547837,-0.0,-0.0,0.0,0.02772150356983206,0.0,0.0,-0.0,-0.0,0.06305483073337295,-0.0,0.0,-0.0,0.0,0.0,0.0
-0.04444166275794202,0.0,-0.0,0.09336565106300135,0.0,-0.0,0.0,0.0,-0.0,-0.0,-0.19681305974532687,-0.0,0.21066751204236428,0.0,0.0,-0.1437190990482299,0.0,0.0,0.0,-0.0,0.0,0.023904011166459172,-0.0,0.0,-0.05950083298553772,-0.0,-0.0,0.0,0.01320445442988826,-0.0,1.3708565754580304,-0.053665596746715,-0.0582160160933403,0.0,0.0,-0.0,0.07654552052211785,-0.0,0.0,0.0,0.0,-0.12582594809768635,0.00321384321562463,-0.08970104507499502,-0.0,0.0,0.11740497277135808,0.0,-0.0,0.0,-0.0,-0.0,-0.0,-0.0,0.0,0.0,0.0,-0.0,0.0,-0.031237644722055823,0.0,0.0,0.0,-0.0,0.0,0.0,-0.0774904995986857,0.12461780605353417,0.0,-0.0,0.0,0.0,0.0,-0.0,0.0,0.0,0.04983625297013927,0.0,-0.3506088584594294,-0.0,0.0624478755537998,0.0,0.0,0.0,-0.06951868648007836,0.0,0.0,0.05159149943344271,0.0,-0.0,-0.0,-0.0,0.0,0.0,-0.011404731722225508,-0.046722110176698375,-0.0,-0.0,-0.0,-0.0
-0.10544448468613772,-0.0,-0.0,-0.0708104280757831,-0.0,0.0,-0.0,0.0,0.11875633265968528,-0.164464631409109,-0.050400542884036406,-0.0,0.0,0.0,-0.0,-0.0301888858497944,0.07182179225265391,0.0,-0.0,0.0,0.0,0.0,0.0,0.20732266691328227,-0.0,-0.0,-0.0,-0.0,0.0,-0.0,-0.053665596746715,2.2863693851793876,-0.0891455681539883,0.0,0.0,0.0,0.05814129075642978,-0.26757953059537537,0.0,0.10196187251531345,0.0,-0.06364650963548876,0.0,-0.0,-0.0,0.0,0.11495132398909212,0.0,-0.0,0.0,-0.08248044616647839,-0.0,-0.0,0.0,-0.0,0.0,0.0,0.0,0.0,-0.0,-0.002166751596281372,-0.0,0.03144871863605266,-0.0,-0.0,-0.0,0.0,-0.0,0.0,-0.0,0.0,0.02048138957139732,0.02689770260960668,0.048487037747212726,-0.0,-0.0,0.07497690714493317,0.0,0.0,-0.9815764357748528,0.0,0.0,0.0,0.0,-0.0,0.0,-0.0,-0.0,0.17865253507352585,0.0,-0.0,-0.36401384951184096,-0.0,0.0,0.02485835813814758,-0.0,0.0,-0.0,-0.0,-0.0
0.0,-0.06492268792202345,-0.0,-0.0,0.0,0.0,-0.0,-0.0,-0.0,-0.0,-0.0,0.0,0.0,-0.0,0.0,-0.3052575296231823,0.011381290003249448,-0.0,0.0,0.0,0.0,-0.1728342886824673,0.0,0.0,-0.0,0.08862949052822412,-0.012632052051207626,-0.0,0.11567322260973098,-0.1130105249005618,-0.0582160160933403,-0.0891455681539883,1.6953714770377306,-0.0,-0.001078757788363231,-0.0,0.0,-0.04048047588682922,-0.4245469820432554,-0.0,-0.0,-0.04579946845988856,-0.0,0.0,-0.0,-0.09921453094086423,-0.19921580095706176,-0.0,-0.0,-0.0,-0.0,-0.0,-0.09804783145881056,0.0,0.0,-0.0,-0.0,-0.0,0.0,0.0,0.023412464255807237,0.0,0.0,0.0,-0.0,0.0,0.0,0.0,-0.0,-0.0,0.0,-0.0,-0.0,0.0,0.0,-0.0,0.0,0.0,-0.0,-0.0,0.0,-0.0,0.04997466735001642,-0.0,-0.0,-0.0,0.07651263300222598,0.06001236945097412,0.005975835117705726,0.11328593064341806,-0.19561405225501763,-0.012403947367211891,-0.0,-0.18203907953566,-0.0,0.0,0.0,0.0,0.07676452895421318,0.0
0.0,0.0,0.0,-0.0,0.009910473505465698,0.0,0.10891012686076008,0.0,0.0,0.0,-0.0,0.0,-0.0,-0.0,-0.0,-0.3361200610487648,-0.0,-0.7890301039186263,-0.07449045975637827,-0.09552925306386723,-0.0,-0.299058514886188,-0.0,0.0,0.0334233628651282,-0.0,-0.0,-0.0,0.0,0.0,0.0,0.0,-0.0,3.28644698978032,-1.1061247073012603,-0.2988314303731972,0.0,0.0,-0.0,0.0,-0.0,0.0,-0.0,0.11472232026151875,-0.0,0.0,-0.0011540572851798827,-0.14341009981039554,-0.0,-0.0,0.0,0.18328977684621056,0.0,0.0,0.0,0.05819004527451032,0.0,0.0,0.0847079948561242,0.0,0.0,-0.08952788908133678,-0.0,-0.041413958880089446,-0.0,-0.0,0.0,-0.0,-0.05829057231126577,-0.0,0.0,-0.0,-0.027562506902816204,0.1071673615663878,0.0,0.09800273557027228,0.0,0.0,-0.0,0.0,-0.0,-0.3639921327875859,-0.0,-0.0,0.0,-0.0,0.0,0.0,-0.0,0.0,-0.0,-0.0,0.0,0.0,0.14397673422350984,0.07435245930900902,0.21577378461455368,0.0,0.0,0.0
0.0,0.0,-0.0,0.0,0.0,-0.0,0.0,-0.0,0.0,0.0,0.0,0.3421121162349843,0.0,0.0,0.0,-0.0677898301306088,0.0,-0.0,-0.0,-0.0,-0.0,-0.8826817245760266,-0.0,0.0,0.0,-0.1160816134793286,-0.2705243002840352,-0.25548574323073386,0.0,0.0,0.0,0.0,-0.001078757788363231,-1.1061247073012603,3.8814374320105776,-0.0,-0.0,0.0,-0.0,-0.0,-0.0,0.0,-0.17005991282510116,0.13447788270130864,-0.0,0.0,-0.6607925498709336,-0.5883030691935028,-0.0,0.0,0.0,0.0,0.0,0.0,0.0,0.0,0.0,-0.0,0.03085526024010701,0.0,0.0,0.0,-0.0,0.0,0.0,0.0,0.0,0.0,0.0,0.0,0.0,-0.0,-0.0,0.11613054633459202,0.0,0.0,0.0,-0.0,-0.0,0.13814826834792832,0.0,-0.0,-0.0,-0.40189734033751545,0.11464168746297428,-0.0,-0.0,-0.0,-0.0,0.0,0.0,0.0,0.0,-0.0,0.0,0.0,0.19767634452162744,0.0,0.0,0.017554233984305914
-0.0,-0.0,-0.0,0.01834987697493089,0.0,-0.029185584894418568,0.056689727070402506,-0.0,-0.1105186548975486,0.0,0.0,0.0,0.0,0.0,0.0,0.0,0.0,-0.2756519586731066,0.0,0.0,0.21133341993922536,0.0,0.0,0.09418865160502637,0.1162548577323444,-0.0,0.0,-0.019535933830163964,0.0,0.0,-0.0,0.0,-0.0,-0.2988314303731972,-0.0,2.9045730636453104,-0.5078236909942833,-0.0,-0.0,0.0,-0.0,-0.0,0.0,-0.0,-0.5499767520048598,0.0,-0.0,-0.0,-0.4725011451783993,-0.15122758152379395,0.04067595034620856,0.0,0.01662238318423254,0.0,0.0,-0.0,-0.0,-0.0,0.0,-0.0,0.0,0.0,-0.04599812884004636,0.0,0.0,0.0,0.19929166092747108,0.0,0.0,-0.0,0.07356667552113953,0.0,-0.0,0.0,0.0059924109543943935,0.0,-0.0,-0.0,-0.0,-0.0,0.0,-0.0,-0.0,0.0,0.05905238209163066,0.0,-0.0,-0.0,-1.0764164625955204,0.0,0.0,-0.0,-0.0,-0.08251988505173498,0.0295330496469778,0.0,0.25558588043385727,0.11497767814771816,-0.0,0.0
0.0,-0.0,-0.0,-0.0,-0.0,-0.0,0.0,0.0,-0.0592269477519955,0.0,0.0,0.0,-0.0,-0.0,0.0,0.08825890557028168,0.0,0.0,0.0,0.17645101075493583,0.06720418623562997,0.0,0.0,0.0,0.0,0.0,-0.0,-0.10570964412537816,-0.0,0.0,0.07654552052211785,0.05814129075642978,0.0,0.0,-0.0,-0.5078236909942833,2.1791428424477646,0.0,0.0,0.0,0.0,-0.0,-0.0,-0.0,-0.0,-0.05885379265781981,-0.0,0.0,-0.0,-0.10230907099326828,0.4634333598642243,0.0,0.0,-0.0,-0.0,-0.0,0.0,-0.0,0.0,0.0,0.0,0.0,-0.229452009324078,0.0688888950350479,0.0,-0.0,0.0,0.0,0.029858525329347806,0.0,0.0,0.0,0.06057466875853668,-0.0,0.0,0.0,-0.04359945249563792,-0.0,0.010454908638197452,0.0,0.0,0.0,0.0,-0.0,0.0,0.0,-0.9064572022132179,-0.0,-0.06893583707445088,0.0,0.0,0.0,0.0,-0.10170132092861751,-0.0,0.0,-0.0,0.0,0.0,-0.0
-0.10659383746870078,-0.0,0.0,0.0,0.024114966750114583,0.0,0.0,0.00031215321498255185,0.0,-0.0,-0.0,-0.0,-0.0,-0.0,-0.0,0.0,0.10543826415906966,0.19418771624037393,0.0,0.0,0.06529101610965961,0.0,0.10410290587258549,0.04921748125378244,-0.0,0.05312521606559095,-0.1571615697999025,-0.0,0.0,-0.0,-0.0,-0.26757953059537537,-0.04048047588682922,0.0,0.0,-0.0,0.0,2.8733437279997287,-0.530434442534492,-0.008034395088751678,-0.0,-0.11585096692116052,-0.0,-0.19177658721467747,-0.0,-0.16200766967474203,-0.0,0.0,-0.0,-0.279153902325413,-0.012017679084328057,-0.19335883871945872,0.0,0.0,0.0,-0.0,0.0,0.0,-0.0,-0.014866037742360559,-0.06447988216069023,-0.0,-0.1427379493181276,-0.21503810120314787,-0.09039385581696835,-0.0,-0.0,-0.32973619238923807,0.0,0.0,0.0,0.0,0.0,-0.0,-0.0,-0.0,0.0,-0.0,-0.0,-0.1486802783362831,0.11343771048952749,0.004600160547233697,-0.0,0.15152035998032387,-0.0,0.0,0.0,-0.0,0.0,0.0,-0.0,-0.6637067338253547,-0.1970597010675569,-0.14120329010648738,0.036744809544135726,-0.0,-0.0,-0.0,-0.0,-0.0
0.0,-0.0,-0.0,-0.0,0.04281305958213324,-0.0,-0.0,-0.0,-0.0,-0.0,-0.0,0.0,-0.10728096939667511,-0.0003155557687279605,-0.0,0.0,0.0,0.0,-0.0,0.0,0.0,-0.0170290400237989,0.0,0.0,0.0,0.0,-0.057101109998440765,-0.08764868375953017,0.0,-0.09039097473815567,0.0,0.0,-0.4245469820432554,-0.0,-0.0,-0.0,0.0,-0.530434442534492,2.748583451144707,-0.5891841215118289,-0.0,-0.0,-0.4703389284243213,0.0,-0.0,-0.0,-0.4980332163100108,0.0,-0.0,-0.0,-0.0,-0.0,0.0,0.0,0.0,-0.009228827413681374,-0.0,0.0,0.0,-0.1333457774428984,-0.0,-0.0,-0.0,-0.0,-0.29672135455474413,0.0,0.0,-0.13608422210021115,0.0,-0.0,0.0,0.0,0.0,-0.0,0.0,-0.0,0.0,-0.0,0.002010034553790358,0.0,0.0,0.0,0.0,-0.0,-0.0,-0.0,0.0,-0.0,0.1265787259695378,0.0,0.0,-0.0,-0.44097986422699326,-0.0,0.0,0.0,0.0,0.0,0.0,0.0
-0.0,0.0,0.0,0.0,0.0,0.0,-0.0,-0.0,-0.04726994467124123,-0.06741172873941936,0.09200400837785504,0.0,-0.0,0.0,0.0,0.0,0.0,0.0,0.08127139881799272,-0.0,0.0,-0.0,0.0,-0.17424221540844703,-0.0,0.0,-0.0,0.0,-0.0,0.0,0.0,0.10196187251531345,-0.0,0.0,-0.0,0.0,0.0,-0.008034395088751678,-0.5891841215118289,2.3321275965884687,-0.2697839837084173,0.0,-6.8205971617711275e-06,-0.0,-0.0,-0.0,-0.0,0.0,0.0,-0.0,0.0,-0.01521358707667552,-0.0,-0.0,0.0,-0.03748288128746273,-0.0,0.0,0.0,-0.0,0.0,-0.0,-0.0,-0.08184949554445901,0.0,0.0,-0.0,-0.0,0.0,-0.0,-0.0,-0.23760544024146563,0.0,-0.8060166261549113,-0.0,-0.1505152529538586,-0.06472623424613534,-0.0,-0.08625884036308942,0.0,-0.2635319275238063,0.0,0.0,-0.0,-0.0,-0.0,0.0,0.0,-0.0,-0.0,0.0,-0.0,-0.056215670718265005,-0.017435658294103974,-0.2223635622387958,0.0,-0.0,0.0,0.0,0.0
-0.12772542455432873,0.0,0.0,0.0,0.0,0.05065473902806435,0.0,0.07971781828427926,0.0,-0.0,0.0,0.04552859771282596,0.0,0.0,0.0,0.0,0.11654944360526769,-0.0,0.0,-0.26769635379263046,0.0,0.0,0.0,0.0,0.0,0.0,-0.0,0.0,0.0,0.5050571321723921,0.0,0.0,-0.0,-0.0,-0.0,-0.0,0.0,-0.0,-0.0,-0.2697839837084173,3.259511042247647,0.0,-0.0,0.0,-0.31001138775770526,-0.0,-1.2070183632972369,-0.36337581688724374,-0.04587824914601958,-0.6879294586826873,-0.038043840369447086,-0.0,-0.0,-0.0,0.09201021821537635,-0.0,0.0,0.0,0.0,0.0,-0.0,-0.0,0.0,-0.02750365113426901,0.0,0.0,-0.4220187526474324,0.0,0.0,-0.0,0.0,0.0,-0.0,-0.0,0.0,0.0,0.0,0.08159196811449713,-0.028491336501025286,-0.0,0.03699124403645241,-0.0,-0.08383224952932675,0.0,0.0,-0.0,0.0,0.0,-0.0,-0.0,-0.0,-0.0,-0.0,-0.0,0.0,-0.0,-0.0,-0.0,-0.0,-0.0
-0.11244705161963504,-0.03147875004287514,0.0,0.00919092947779506,0.0,-0.0,-0.0,-0.0,0.0,-0.0,-0.0,-0.24603387867119855,-0.0,-0.11402677295051832,-0.01166483015723267,-0.0,0.10452038555640591,-0.0,0.0,0.07174708299914842,0.0,-0.0,0.0,0.0,-0.0,-0.15984977835934824,0.0,-0.22342135272506808,0.0,-0.1640140518996158,-0.12582594809768635,-0.06364650963548876,-0.04579946845988856,0.0,0.0,-0.0,-0.0,-0.11585096692116052,-0.0,0.0,0.0,1.6480341735627395,-0.0,-0.11011370523205315,0.0,-0.08703882910796391,0.0,0.0,0.0,0.0,-0.07110021548439324,-0.08107430740320688,0.0,0.0,-0.0,0.0,-0.0,0.0,0.0,-0.04750782249850121,0.0,0.0,-0.0,0.0,0.0,-0.0,0.02067366655998884,-0.0,0.0,-0.0,0.063886638299761,-0.1320879924287484,0.0,0.0,0.0,-0.07835228812898283,0.0,-0.15574129274579762,-0.0,-0.19360642000528544,0.0,0.0,0.09741319813569854,0.0561421516082342,-0.0,0.0,0.0,-0.0,0.0,0.07339480458891591,0.0,-0.037922420717603655,-0.11909642387178283,-0.12944106592948856,-0.0,0.0,-0.0,0.22848010459052293,0.0,0.0
0.23407543874118167,-0.0,0.0,0.0,0.0,-0.0,0.0,0.0,-0.0,0.0,0.0,0.0637133545751963,-0.0,0.0,0.0,0.0,0.17255490449087219,0.0,0.0,0.08368151236695241,0.0,-0.0,0.11768854463821862,-0.0,-0.0,-0.0,0.0,-0.0,0.11849619109311307,-0.0,0.00321384321562463,0.0,-0.0,-0.0,-0.17005991282510116,0.0,-0.0,-0.0,-0.4703389284243213,-6.8205971617711275e-06,-0.0,-0.0,1.762073739472126,0.0,-0.23068041917870324,-0.3110725756871163,-0.22784272096467,0.0,0.11348421220837916,0.0,-0.0,0.0,-0.0,-0.0,-0.0,-0.0,-0.0,-0.0,0.0,-0.0,-0.0,0.0,-0.0,-0.0,0.0,0.0,0.0,0.0,0.0,-0.164609432187443,0.02602797947630928,-0.06962198504558503,0.0,0.0,0.0,-0.0,0.0,-0.11574551039365524,-0.0,0.0,0.0,-0.0,-0.1267186647246187,-0.04735849281335376,-0.0,-0.0,0.0,-0.0029979656588368644,0.0,0.0,-0.0,-0.0,-0.0,-0.2818233463498049,-0.0706495349908734,0.0,-0.0,0.0059288289540941,0.0,0.1811402426289388
-0.0,-0.09571312400188275,0.0,0.0,-0.0,-0.0,-0.07631036906093273,-0.0,-0.04087249219496943,-0.0,-0.0,-0.0060913963032970765,-0.0,-0.0,-0.0,0.1405653215961545,-0.0,0.0,0.0,0.0,-0.0,0.002213609641885309,0.0,0.08352352741298005,0.0,0.0,-0.0,-0.0,-0.0,-0.0,-0.08970104507499502,-0.0,0.0,0.11472232026151875,0.13447788270130864,-0.0,-0.0,-0.19177658721467747,0.0,-0.0,0.0,-0.11011370523205315,0.0,1.7410936729853688,-0.0,-0.0,0.026116554301337875,0.00834766415332331,-0.0,-0.0,0.0,-0.013730341384649158,0.0,-0.0,-0.0,-0.0,0.0,-0.0,-0.0,-0.0,-0.0,0.0,-0.14913307530220923,-0.0,-0.0,-0.0,0.0,-0.0,0.0,-0.0,0.0,0.0,0.0,-0.0,-0.0,-0.12186870519401916,-0.13385403957490183,0.0,-0.015390428453658423,-0.032418911797153595,-0.0,0.17677301988407193,-0.06210469420697436,0.0,-0.0,0.04675478726817099,-0.0,-0.08919091677766315,-0.0,0.0,0.0,-0.0,-0.0,-0.0,0.0,-0.7103269692170419,-0.0,0.0,0.0,0.0
0.0,-0.0,-0.0,0.18964971301810285,0.014651477406861997,-0.0,0.08397503210829754,0.0,-0.0,-0.0,0.0,0.0,0.06260357465124246,0.0,-0.0,0.0,0.0,-0.0,-0.0,-0.0,0.0,0.0,0.0,0.0,0.0,-0.0,-0.271220562399318,-0.12084522533990429,0.0,0.0,-0.0,-0.0,-0.0,-0.0,-0.0,-0.5499767520048598,-0.0,-0.0,-0.0,-0.0,-0.31001138775770526,0.0,-0.23068041917870324,-0.0,1.9496605724124056,0.0,-0.0,-0.0,-0.15057600756588027,-0.0,0.0,0.0,0.0,0.0,-0.0,-0.0,0.0,-0.0,0.0,-0.06745529571468546,-0.0,0.0,-0.0,-0.0,-0.0,-0.0,-0.0,-0.0,0.0,-0.0,0.0,0.0,-0.0,0.0,0.0,-0.0,0.0,0.0,-0.0,-0.0,0.0,-0.0,-0.25303998568408903,0.0,-0.0,-0.0,-0.0,-0.0,-0.0,-0.0,-0.0,-0.2951423053549469,-0.0,-0.0,0.07401389564147616,-0.1450119949793341,0.0,0.0,-0.0,0.0
