0,1,2,3,4,5,6,7,8,9,10,11,12,13,14,15,16,17,18,19,20,21,22,23,24,25,26,27,28,29,30,31,32,33,34,35,36,37,38,39,40,41,42,43,44,45,46,47,48,49,50,51,52,53,54,55,56,57,58,59,60,61,62,63,64,65,66,67,68,69,70,71,72,73,74,75,76,77,78,79,80,81,82,83,84,85,86,87,88,89,90,91,92,93,94,95,96,97,98,99
2.1899752983,0.0000000000,-0.0000000000,0.0000000000,0.0218133679,-0.0000000000,0.0000000000,0.0000000000,-0.0000000000,0.0000000000,0.0000000000,0.0071978273,0.1881756370,-0.0000000000,-0.0000000000,-0.2465366819,0.0488082165,0.0000000000,0.0000000000,0.0000000000,-0.0000000000,0.0000000000,0.0000000000,0.1256265978,0.0000000000,-0.0000000000,-0.0000000000,-0.0238104460,-0.0000000000,-0.0000000000,-0.0394405386,-0.5461103873,-0.0102588306,0.0024759811,0.0541210390,-0.0000000000,0.0000000000,-0.0000000000,0.0000000000,0.0000000000,0.0000000000,0.0000000000,0.0000000000,0.0397026781,0.0178107972,0.0000000000,0.0000000000,0.0000000000,-0.0888370673,0.0000000000,-1.1661932448,0.0000000000,0.2231705239,0.0655369849,0.0000000000,-0.0000000000,-0.0000000000,-0.0000000000,0.0000000000,0.0000000000,-0.0000000000,0.0000000000,0.0000000000,-0.0000000000,0.0000000000,-0.0000000000,0.0000000000,0.0010472656,0.1127243768,0.0000000000,0.0000000000,0.0002856497,0.0000000000,0.1249303779,0.0705856509,0.0000000000,-0.0000000000,-0.0531086443,0.0000000000,-0.0000000000,0.0000000000,-0.0000000000,0.0000000000,0.0000000000,0.0000000000,0.1022685549,0.0000000000,-0.0000000000,-0.0000000000,0.0000000000,0.0727188373,0.0000000000,0.0000000000,0.0000000000,0.0368603717,0.0000000000,0.0000000000,0.0000000000,-0.0000000000,0.0000000000
0.0000000000,3.7935352184,-0.2551301867,-1.0369749133,-0.5194522958,0.0000000000,-0.0000000000,-0.0000000000,0.0366626407,0.0000000000,0.0000000000,0.0000000000,0.0000000000,0.0000000000,0.0385402065,-0.3802662721,0.0000000000,-0.1423279154,-0.0000000000,0.0000000000,0.0000000000,-0.0000000000,0.0000000000,0.0331045872,-0.0160735806,-0.0000000000,-0.0000000000,-0.0000000000,0.0000000000,-0.0000000000,0.0121305927,0.0000000000,-0.0160578392,-0.0934092454,-0.0000000000,0.0000000000,0.0000000000,0.0000000000,0.0000000000,0.0000000000,0.0000000000,0.0000000000,-0.0000000000,-0.0000000000,-0.1002657599,-0.0000000000,0.0000000000,0.0000000000,0.0262735326,0.0000000000,-0.0000000000,-1.4710922195,-0.0581744642,-0.0000000000,-0.0000000000,0.0000000000,-0.0000000000,0.0000000000,0.0930235251,0.0000000000,0.0000000000,-0.0000000000,0.0000000000,0.0000000000,0.0000000000,0.0000000000,0.0000000000,-0.0000000000,-0.1400590241,-0.0205971913,0.0000000000,-0.0000000000,-0.0000000000,0.0000000000,0.0000000000,0.0000000000,0.0000000000,0.0000000000,0.0000000000,-0.0000000000,-0.0000000000,0.0000000000,-0.0000000000,-0.0000000000,-0.0000000000,-0.0000000000,0.0779774488,-0.0000000000,0.0000000000,0.0000000000,0.0000000000,0.0000000000,0.0000000000,0.0000000000,0.0000000000,0.0000000000,-0.0000000000,0.0000000000,0.0000000000,0.0000000000
-0.0000000000,-0.2551301867,2.6690984470,-0.0000000000,-0.0000000000,-0.4935868237,-0.0915650988,-0.7299479499,-0.0000000000,0.0000000000,0.0000000000,0.0049943373,0.0000000000,0.0000000000,0.0000000000,-0.0000000000,-0.0000000000,-0.0000000000,-0.0000000000,0.0000000000,0.0000000000,0.0000000000,0.0000000000,0.0000000000,-0.0000000000,0.0000000000,0.0000000000,0.1030466634,0.0000000000,0.0016493160,0.0000000000,0.0000000000,-0.0000000000,-0.0000000000,0.0000000000,-0.0000000000,0.1632671089,0.0000000000,0.0000000000,0.0000000000,0.0000000000,-0.0000000000,0.0000000000,0.0000000000,-0.0000000000,-0.0000000000,0.0234515896,0.0000000000,-0.0000000000,-0.0000000000,-0.0000000000,-0.0127182279,0.0000000000,0.0000000000,-0.3378941479,-0.5890382459,-0.0000000000,-0.0210017410,0.0000000000,-0.0228217435,-0.0161951264,-0.0000000000,0.0000000000,0.0000000000,-0.0067411696,-0.0000000000,0.0000000000,-0.0215403108,-0.0000000000,-0.0000000000,-0.0000000000,0.0000000000,0.0000000000,0.0000000000,-0.0000000000,0.0000000000,-0.0000000000,0.0000000000,0.0000000000,0.0000000000,0.0000000000,0.0320574168,-0.0000000000,0.0000000000,-0.0000000000,0.0314245467,0.0000000000,0.0000000000,-0.0000000000,0.1624169533,0.0000000000,0.0000000000,0.0000000000,0.0000000000,0.0379746965,0.0000000000,-0.0000000000,0.0000000000,-0.0000000000,0.0000000000
0.0000000000,-1.0369749133,-0.0000000000,3.5355123596,-0.8505599862,0.0000000000,-0.0000000000,-0.0561784276,0.0000000000,0.0000000000,0.0000000000,-0.0000000000,-0.0000000000,0.0000000000,0.0000000000,-0.2526724616,-0.0000000000,-0.0135217357,-0.0000000000,0.0000000000,-0.0000000000,-0.0000000000,0.0000000000,0.0000000000,-0.1698634538,0.0000000000,0.0000000000,0.0000000000,0.0000000000,0.0000000000,-0.0000000000,-0.0000000000,-0.0000000000,-0.0000000000,0.0000000000,0.1336019688,0.0204521545,0.0000000000,0.0000000000,0.0000000000,-0.0000000000,0.0000000000,0.0000000000,-0.0000000000,-0.0000000000,-0.0000000000,0.0000000000,0.1902013801,0.0000000000,0.0000000000,-0.0000000000,-0.1146110347,-0.0000000000,-1.2972898677,-0.0000000000,0.0000000000,-0.0000000000,0.0000000000,0.0000000000,-0.0272505805,-0.0606607380,-0.1105001895,-0.0000000000,-0.0000000000,-0.0000000000,0.0000000000,0.0000000000,-0.0000000000,-0.0000000000,-0.1461437717,-0.0000000000,-0.0000000000,-0.0000000000,0.0000000000,0.0165138912,0.0000000000,0.0000000000,-0.0000000000,-0.0000000000,-0.0000000000,0.0000000000,0.0000000000,-0.0000000000,0.0000000000,0.0000000000,0.0000000000,0.0000000000,-0.0000000000,0.0000000000,0.0000000000,0.0000000000,0.0000000000,0.0000000000,0.0000000000,0.0000000000,-0.0000000000,0.0000000000,0.0000000000,0.0000000000,0.0000000000
0.0218133679,-0.5194522958,-0.0000000000,-0.8505599862,3.2376236385,-0.0000000000,0.0000000000,-0.2122905559,-0.0000000000,0.0000000000,-0.0000000000,-0.0000000000,-0.0000000000,0.0000000000,0.0000000000,0.0000000000,0.0255416695,-0.0000000000,0.0000000000,0.0000000000,-0.0000000000,0.0000000000,0.0520982928,0.0000000000,-0.0000000000,0.0000000000,0.0000000000,-0.0000000000,0.0000000000,0.0000000000,0.0000000000,0.0892407281,-0.0000000000,0.0000000000,-0.0000000000,0.0000000000,0.0000000000,0.0827095471,0.0671915549,0.0540063028,0.0000000000,0.0000000000,-0.0000000000,-0.0000000000,-0.0000000000,-0.0000000000,-0.0000000000,-0.0000000000,0.0000000000,0.0000000000,0.0000000000,-0.4390158524,0.0000000000,-0.0000000000,-0.9867018196,0.0000000000,-0.0000000000,0.0000000000,0.0000000000,-0.0000000000,-0.0000000000,-0.0475921929,-0.0000000000,-0.0000000000,-0.0000000000,-0.0000000000,0.0000000000,-0.0000000000,-0.0000000000,-0.0000000000,-0.0000000000,0.0000000000,-0.0000000000,0.0000000000,0.0000000000,-0.0000000000,0.0000000000,0.0000000000,0.0000000000,0.0000000000,0.0000000000,0.0000000000,-0.0000000000,-0.0000000000,-0.0000000000,-0.0000000000,0.0097758290,-0.0000000000,0.0000000000,0.0000000000,0.0000000000,0.3611261379,0.0000000000,0.1032995355,0.0000000000,0.0000000000,-0.0000000000,0.0000000000,0.0000000000,0.1325311563
-0.0000000000,0.0000000000,-0.4935868237,0.0000000000,-0.0000000000,4.5707134240,0.0000000000,-0.0000000000,-1.1813058885,0.0000000000,-0.0000000000,0.0000000000,-0.0000000000,0.0991459658,0.0000000000,0.0000000000,0.0000000000,-0.0000000000,0.0155617255,-0.2360471082,-0.0000000000,0.1810211182,0.0000000000,0.0000000000,0.0000000000,0.0000000000,-0.0000000000,-0.0000000000,-0.0000000000,0.0000000000,0.0000000000,0.0000000000,-0.0000000000,0.0000000000,0.0000000000,-0.0000000000,0.0000000000,0.0916500858,0.1501482042,0.0000000000,0.1155520885,0.0000000000,0.0000000000,0.0000000000,-0.0000000000,0.0000000000,-0.0000000000,-0.0000000000,-0.3877164120,0.0000000000,-0.0000000000,-0.0000000000,0.0833340541,0.1740658489,-1.0142070918,-1.2647414825,0.0000000000,-0.0000000000,0.0000000000,-0.0000000000,-0.0000000000,-0.0000000000,-0.0000000000,0.0000000000,-0.0000000000,-0.0000000000,0.0000000000,0.0000000000,0.0000000000,0.0000000000,-0.0648933718,0.0122965157,0.0000000000,-0.0000000000,0.0000000000,-0.0000000000,-0.0000000000,-0.0000000000,0.0000000000,0.0000000000,0.0000000000,0.0000000000,0.0000000000,0.0000000000,-0.0000000000,0.0000000000,0.1877562692,-0.0000000000,-0.0000000000,0.0000000000,0.0000000000,0.0471441751,0.0000000000,0.0383157732,0.0162794447,0.0000000000,0.0000000000,-0.0000000000,-0.0000000000,0.0000000000
0.0000000000,-0.0000000000,-0.0915650988,-0.0000000000,0.0000000000,0.0000000000,2.8883104629,-0.0000000000,-0.0000000000,-0.0000000000,0.0383049091,0.0000000000,0.0000000000,0.0000000000,-0.0000000000,-0.4785652950,0.0000000000,0.0000000000,0.0000000000,-0.0000000000,0.0000000000,-0.0000000000,0.0000000000,-0.0000000000,0.0000000000,0.0000000000,0.0000000000,0.1747946523,-0.0000000000,0.0000000000,0.0098151854,0.0000000000,-0.0000000000,0.0000000000,0.0864110990,-0.0000000000,0.0000000000,-0.0902167618,-0.0000000000,-0.9968319979,-0.0000000000,-0.0000000000,-0.0000000000,-0.0000000000,-0.0670250051,-0.0000000000,0.1050415907,0.0000000000,-0.0000000000,-0.3119358309,-0.0000000000,-0.0000000000,-0.2366717693,-0.0000000000,-0.0000000000,-0.0764396939,-0.1535056191,-0.0000000000,0.0000000000,-0.0314983110,-0.0000000000,0.0000000000,0.0000000000,-0.0000000000,-0.0000000000,-0.0000000000,-0.4157473765,0.0000000000,0.0000000000,0.0000000000,-0.1487069249,0.0867432641,0.0000000000,-0.0000000000,-0.1200510591,0.0119487142,-0.0000000000,0.0000000000,0.0911077107,0.0028368693,0.0000000000,0.0384502043,-0.0000000000,0.0000000000,0.1368685297,0.0000000000,-0.0000000000,0.0000000000,-0.0000000000,0.0000000000,0.0000000000,-0.0000000000,-0.0000000000,-0.0000000000,0.0000000000,-0.0000000000,-0.5294257895,0.0000000000,-0.0000000000,-0.0000000000
0.0000000000,-0.0000000000,-0.7299479499,-0.0561784276,-0.2122905559,-0.0000000000,-0.0000000000,3.4344109704,-0.4117880951,0.0000000000,0.0000000000,0.0000000000,0.0000000000,0.0000000000,0.0000000000,0.0000000000,-0.0000000000,-0.9603726248,-0.0000000000,-0.0000000000,0.0000000000,0.0000000000,-0.0000000000,-0.0000000000,-0.0000000000,0.0000000000,-0.0000000000,0.0000000000,-0.0000000000,0.0000000000,-0.0000000000,0.0532587271,0.1105465218,0.0000000000,-0.0000000000,-0.0686035172,0.0000000000,0.0000000000,0.0000000000,0.0357429994,-0.0000000000,-0.0310229950,-0.0000000000,-0.0000000000,-0.1265927174,-0.1763870737,0.1655631365,0.0000000000,0.0000000000,0.0000000000,0.0000000000,-0.0000000000,0.0000000000,-0.0000000000,-0.0000000000,-0.0000000000,-0.3457433996,-0.6042211524,-0.0000000000,-0.0000000000,-0.0000000000,0.0000000000,0.0000000000,0.0000000000,-0.0399784564,-0.0000000000,0.0000000000,-0.0000000000,-0.0000000000,-0.0000000000,-0.0000000000,0.0000000000,0.0000000000,0.1442870614,-0.0000000000,-0.0000000000,-0.0000000000,-0.0000000000,0.0000000000,0.0000000000,0.0000000000,0.0000000000,-0.0000000000,0.0000000000,-0.0000000000,0.2094218263,0.0000000000,0.0000000000,-0.0000000000,0.0000000000,0.3910920869,0.0000000000,0.0000000000,-0.0000000000,0.0000000000,-0.0000000000,-0.0000000000,0.0000000000,0.0000000000,0.0000000000
-0.0000000000,0.0366626407,-0.0000000000,0.0000000000,-0.0000000000,-1.1813058885,-0.0000000000,-0.4117880951,3.8595297275,0.0000000000,0.0000000000,0.0000000000,0.0000000000,0.0000000000,0.0000000000,0.1797142365,0.0288570156,-0.0000000000,0.0000000000,-0.0550403984,-0.0000000000,0.3772942209,0.0000000000,0.0000000000,0.0000000000,0.0000000000,-0.0000000000,-0.0000000000,-0.0000000000,0.0000000000,-0.0000000000,0.0000000000,0.0000000000,0.0000000000,-0.0000000000,-0.3299078216,0.0000000000,0.0000000000,0.0000000000,0.0000000000,-0.0000000000,-0.0000000000,-0.0000000000,0.0000000000,-0.0000000000,-0.0000000000,-0.0000000000,-0.0000000000,-0.0000000000,-0.0000000000,0.0000000000,0.0000000000,0.0000000000,0.0544225988,-0.4689351503,-0.4538358818,0.0000000000,-0.8077708234,-0.0000000000,-0.0000000000,0.0000000000,0.0000000000,-0.0000000000,0.0000000000,-0.0000000000,-0.0000000000,0.0000000000,-0.0000000000,0.0000000000,0.0000000000,-0.2361027958,0.1028732257,0.0000000000,0.0000000000,0.0000000000,0.0000000000,-0.0000000000,-0.0000000000,0.0000000000,0.0000000000,0.1029873238,0.0000000000,0.0000000000,0.0000000000,-0.0519115195,0.0000000000,0.0000000000,0.0000000000,-0.0000000000,-0.0000000000,0.0000000000,0.0000000000,-0.0000000000,0.0000000000,0.0000000000,0.0000000000,-0.0000000000,-0.0000000000,0.0000000000,0.0000000000
0.0000000000,0.0000000000,0.0000000000,0.0000000000,0.0000000000,0.0000000000,-0.0000000000,0.0000000000,0.0000000000,2.0327443127,-0.3685066729,-0.0000000000,0.0804167756,-0.0000000000,-0.0000000000,-0.0000000000,0.0000000000,0.0000000000,-0.0000000000,-0.0023134279,-0.0377792128,0.0000000000,0.0000000000,0.0000000000,-0.0923659206,-0.0000000000,0.0000000000,-0.0000000000,-0.1403780249,-0.0000000000,0.1285995250,-0.0000000000,-0.0000000000,-0.0000000000,0.0539342600,0.0000000000,0.0000000000,-0.0000000000,-0.3363381200,-0.1437933039,0.0000000000,0.1540290406,0.0000000000,-0.0000000000,0.0000000000,0.0000000000,0.0000000000,0.0000000000,0.0165477189,0.0000000000,0.0000000000,0.0000000000,-0.0000000000,0.0000000000,0.0000000000,0.0000000000,0.0000000000,0.0000000000,-0.9471750675,0.0000000000,0.0000000000,0.1009283888,0.0000000000,-0.0595238365,-0.0000000000,-0.0000000000,0.0000000000,-0.0000000000,-0.0000000000,0.0000000000,-0.0000000000,0.0000000000,0.0000000000,-0.0000000000,-0.0121805044,-0.0000000000,-0.0000000000,-0.0531893604,0.0000000000,0.0000000000,0.0000000000,0.0000000000,0.0000000000,0.0000000000,0.0000000000,-0.0778389921,0.0000000000,-0.0000000000,0.0000000000,-0.0000000000,0.0000000000,-0.0000000000,-0.0245498355,0.0691904373,0.0000000000,0.0000000000,-0.0000000000,-0.0000000000,0.0000000000,-0.0000000000
0.0000000000,0.0000000000,0.0000000000,0.0000000000,-0.0000000000,-0.0000000000,0.0383049091,0.0000000000,0.0000000000,-0.3685066729,1.6197918119,-0.6202338884,-0.0000000000,0.0000000000,-0.0000000000,0.0366060444,0.0000000000,0.0000000000,0.0000000000,-0.0000000000,-0.2276512429,0.0701792711,0.0000000000,-0.0000000000,-0.1692684569,0.1256978086,0.0000000000,0.0000000000,-0.0000000000,0.0000000000,0.0000000000,0.0000000000,0.0096288845,0.0000000000,-0.0000000000,0.0000000000,0.0000000000,0.0000000000,0.0000000000,0.0000000000,0.0524844813,0.0000000000,0.0000000000,0.0000000000,-0.0000000000,0.0000000000,-0.0000000000,-0.0000000000,-0.0000000000,0.0000000000,0.0000000000,0.0000000000,0.0000000000,0.0000000000,-0.0423353585,0.0000000000,0.0000000000,0.0000000000,-0.0000000000,-0.0825062536,0.0000000000,-0.0000000000,-0.0936420162,-0.0000000000,-0.0000000000,-0.0000000000,0.0000000000,-0.0000000000,0.0000000000,0.0000000000,-0.0000000000,0.0000000000,-0.0000000000,0.0000000000,-0.0000000000,-0.0000000000,-0.0000000000,-0.0000000000,-0.0000000000,0.0000000000,0.0000000000,0.0000000000,0.0000000000,-0.0000000000,0.0000000000,-0.0000000000,-0.0000000000,0.0000000000,0.0000000000,-0.0000000000,0.0000000000,0.0000000000,0.0629863628,0.0000000000,0.0452855738,0.0000000000,0.0579966812,-0.0000000000,0.0000000000,0.0000000000
0.0071978273,0.0000000000,0.0049943373,-0.0000000000,-0.0000000000,0.0000000000,0.0000000000,0.0000000000,0.0000000000,-0.0000000000,-0.6202338884,1.9037639967,-0.2029461858,-0.0000000000,-0.0000000000,0.0000000000,-0.3285425975,0.0000000000,-0.0000000000,-0.0000000000,-0.0000000000,-0.0000000000,0.0000000000,-0.2702968354,-0.0000000000,-0.0000000000,-0.0000000000,-0.0000000000,-0.0000000000,0.0000000000,0.0000000000,0.0000000000,0.0000000000,0.0000000000,-0.0772705393,0.0000000000,-0.0000000000,0.0000000000,-0.0000000000,-0.0000000000,0.0000000000,0.1050112865,-0.0058124810,-0.0000000000,-0.0000000000,0.0000000000,-0.0665983623,-0.0000000000,-0.0000000000,0.0000000000,0.0000000000,0.0000000000,-0.0000000000,-0.0000000000,0.0000000000,0.0000000000,0.0000000000,0.1046798972,-0.0486791268,-0.0000000000,-0.1495977473,-0.0473140166,-0.2086837453,-0.0000000000,0.0000000000,-0.0000000000,-0.0000000000,-0.0000000000,0.0000000000,0.1560396929,0.0000000000,-0.0000000000,0.0000000000,-0.0000000000,-0.0269661191,-0.0000000000,-0.0000000000,0.0000000000,-0.0000000000,0.0000000000,-0.0000000000,0.0000000000,-0.0000000000,-0.0000000000,0.0000000000,-0.0000000000,0.0000000000,-0.0000000000,0.0186482942,-0.0000000000,-0.0000000000,0.0000000000,0.0000000000,0.0783843197,0.0000000000,0.0000000000,0.2695538962,0.0000000000,0.0522876578,0.0000000000
0.1881756370,0.0000000000,0.0000000000,-0.0000000000,-0.0000000000,-0.0000000000,0.0000000000,0.0000000000,0.0000000000,0.0804167756,-0.0000000000,-0.2029461858,3.4803806105,0.0057698474,0.0000000000,0.0000000000,-0.0000000000,0.0000000000,0.2667532300,-0.0000000000,0.0000000000,-0.3620685069,-0.0000000000,-0.0000000000,0.0000000000,0.0000000000,0.0000000000,-0.0000000000,0.0000000000,-0.0000000000,-0.0000000000,0.0000000000,0.0000000000,0.0000000000,-0.0000000000,0.1374328495,-0.0000000000,-0.0000000000,-0.0000000000,-0.0000000000,0.0000000000,0.0000000000,-0.0000000000,-0.0000000000,-0.0000000000,-0.0000000000,-0.0060364338,0.0000000000,0.0000000000,0.0000000000,0.0000000000,-0.0000000000,-0.0000000000,-0.0000000000,-0.0000000000,0.0000000000,-0.0000000000,0.0000000000,0.0000000000,-0.0000000000,-0.0000000000,-1.5156122290,-1.4278082720,0.0000000000,0.0651841493,0.0000000000,0.0000000000,0.0000000000,0.0642762303,0.0000000000,0.0000000000,-0.0000000000,-0.0000000000,-0.0000000000,0.0000000000,0.0000000000,0.0000000000,-0.0000000000,-0.0000000000,0.0000000000,-0.0000000000,0.0170840425,-0.0000000000,0.0000000000,0.0000000000,-0.0000000000,0.0000000000,-0.0000000000,0.0000000000,0.0000000000,0.0000000000,0.0000000000,0.0000000000,-0.0000000000,-0.0000000000,-0.0042965270,0.0000000000,-0.0000000000,0.0000000000,0.0000000000
-0.0000000000,0.0000000000,0.0000000000,0.0000000000,0.0000000000,0.0991459658,0.0000000000,0.0000000000,0.0000000000,-0.0000000000,0.0000000000,-0.0000000000,0.0057698474,2.1653155739,-0.4520959279,-0.0000000000,-0.0000000000,0.0000000000,-1.1635877563,0.0000000000,-0.1366160222,0.0000000000,-0.0281996163,0.0000000000,0.0000000000,-0.0000000000,-0.0491754444,-0.0000000000,-0.1041605604,-0.0000000000,0.0329101371,0.0000000000,0.0000000000,0.0000000000,0.0000000000,-0.0000000000,-0.0900792345,-0.0000000000,-0.0000000000,0.0000000000,0.0000000000,-0.0000000000,-0.0000000000,0.0000000000,0.0000000000,-0.0000000000,0.0000000000,-0.0000000000,0.0252228227,-0.0000000000,0.0000000000,0.1527477730,0.0188314421,-0.0000000000,0.0000000000,0.1013218751,0.0000000000,0.0000000000,0.0000000000,-0.0000000000,-0.0000000000,0.0437889597,-0.0000000000,-0.1870690851,-0.0136104093,-0.0000000000,-0.0000000000,-0.0000000000,0.0000000000,0.0000000000,-0.0000000000,-0.0000000000,0.0000000000,0.0000000000,0.0000000000,-0.0000000000,-0.0000000000,-0.0000000000,-0.0000000000,0.0000000000,0.0000000000,-0.0000000000,0.0000000000,-0.0000000000,-0.0000000000,-0.0000000000,-0.0198014808,0.0000000000,0.0000000000,-0.0000000000,-0.0000000000,0.0000000000,0.0000000000,-0.0000000000,-0.0000000000,-0.0000000000,-0.0128953099,-0.0000000000,0.0000000000,-0.0377171898
-0.0000000000,0.0385402065,0.0000000000,0.0000000000,0.0000000000,0.0000000000,-0.0000000000,0.0000000000,0.0000000000,-0.0000000000,-0.0000000000,-0.0000000000,0.0000000000,-0.4520959279,4.6980422580,-0.0000000000,0.0000000000,0.0000000000,0.0000000000,-0.0000000000,-1.6706164815,-0.0000000000,-0.0000000000,-0.0000000000,0.0000000000,0.0000000000,-0.0000000000,-0.0000000000,-1.1371428601,0.0000000000,-0.0000000000,-0.0000000000,-0.0000000000,0.0000000000,0.1582769560,0.0363701432,0.0000000000,-0.1304035682,-0.0000000000,-0.0000000000,0.0000000000,-0.0000000000,-0.0575328597,-0.0000000000,-0.0000000000,-0.0000000000,0.0000000000,0.0000000000,0.0635487079,-0.0000000000,0.0000000000,0.0000000000,0.0000000000,-0.0000000000,0.0215354866,0.0000000000,0.0000000000,0.0000000000,-0.0000000000,-0.0000000000,-0.0000000000,0.0793836004,-0.0000000000,0.0000000000,0.0000000000,-1.5012283486,0.0000000000,0.0000000000,0.0000000000,0.0446709705,-0.0000000000,-0.0000000000,-0.0000000000,0.0000000000,-0.0000000000,-0.0000000000,-0.0000000000,-0.1991708739,-0.0000000000,-0.0000000000,-0.0000000000,0.0000000000,0.0000000000,0.0000000000,-0.0000000000,-0.0000000000,0.0000000000,-0.0258733873,0.0000000000,-0.0000000000,-0.0000000000,0.0000000000,-0.0000000000,-0.0000000000,-0.1860093863,-0.0833074250,-0.0119741535,-0.0000000000,0.0000000000,0.0000000000
-0.2465366819,-0.3802662721,-0.0000000000,-0.2526724616,0.0000000000,0.0000000000,-0.4785652950,0.0000000000,0.1797142365,-0.0000000000,0.0366060444,0.0000000000,0.0000000000,-0.0000000000,-0.0000000000,1.9697329894,-0.0000000000,-0.0000000000,-0.0000000000,-0.0000000000,-0.0773992111,-0.0959005351,0.0000000000,0.0410694399,0.0000000000,0.0000000000,0.0000000000,0.0000000000,-0.0000000000,0.0000000000,0.1220222033,-0.0000000000,-0.5460226159,-0.0955988919,0.0396326852,0.0000000000,0.0409680234,-0.0000000000,0.0000000000,-0.0000000000,0.0000000000,0.0000000000,0.0937440672,-0.0000000000,-0.0000000000,0.0000000000,0.0225711987,0.0000000000,0.0001958139,0.0000000000,-0.0900557269,-0.0000000000,-0.3262232670,-0.0000000000,0.0000000000,-0.0000000000,-0.0000000000,-0.0000000000,0.1032088817,0.0000000000,-0.0000000000,-0.0000000000,0.0000000000,-0.0000000000,-0.0000000000,-0.0000000000,0.0000000000,-0.0000000000,-0.0000000000,-0.0000000000,-0.0000000000,-0.0000000000,-0.0000000000,-0.0000000000,-0.0000000000,0.0000000000,-0.0000000000,-0.0000000000,-0.0000000000,-0.0000000000,-0.0000000000,-0.0000000000,-0.0000000000,0.0000000000,0.0000000000,-0.0000000000,0.0000000000,-0.0303309500,-0.0000000000,0.0000000000,0.0000000000,-0.0000000000,0.0000000000,0.0000000000,0.0342397532,-0.0000000000,-0.0000000000,0.0000000000,-0.0000000000,-0.0000000000
0.0488082165,0.0000000000,-0.0000000000,-0.0000000000,0.0255416695,0.0000000000,0.0000000000,-0.0000000000,0.0288570156,0.0000000000,0.0000000000,-0.3285425975,-0.0000000000,-0.0000000000,0.0000000000,-0.0000000000,1.8643171624,-0.1454188900,-0.6225647261,0.0000000000,-0.0000000000,-0.0944405239,-0.1519452395,-0.1684944562,0.0000000000,0.0000000000,-0.0000000000,0.0000000000,0.0000000000,0.0000000000,0.0000000000,0.0000000000,0.0000000000,-0.0899834929,-0.0000000000,-0.0000000000,-0.0000000000,-0.0000000000,-0.0000000000,0.0000000000,0.0000000000,-0.0000000000,-0.0000000000,-0.0000000000,-0.0000000000,-0.0000000000,0.0000000000,0.0000000000,0.0000000000,0.0000000000,0.0337197516,0.1319534601,-0.0000000000,0.0000000000,0.0000000000,0.0000000000,-0.0000000000,-0.0000000000,0.0000000000,-0.0000000000,-0.0209290931,-0.2348467958,-0.0000000000,-0.0000000000,0.0000000000,0.0000000000,0.0000000000,-0.4119268099,-0.0000000000,0.0000000000,0.0891187522,-0.0000000000,0.0085430094,0.0000000000,-0.1444419565,0.0000000000,-0.0000000000,0.0000000000,-0.0000000000,0.0000000000,0.0000000000,0.0000000000,-0.0000000000,0.0000000000,-0.0000000000,0.0000000000,-0.0000000000,0.0000000000,0.0000000000,0.0000000000,0.0000000000,0.0000000000,0.0000000000,0.0000000000,0.0005689428,-0.0000000000,0.0000000000,0.0000000000,0.1126006013,0.0000000000
0.0000000000,-0.1423279154,-0.0000000000,-0.0135217357,-0.0000000000,-0.0000000000,0.0000000000,-0.9603726248,-0.0000000000,0.0000000000,0.0000000000,0.0000000000,0.0000000000,0.0000000000,0.0000000000,-0.0000000000,-0.1454188900,3.0162146097,-0.1734003852,-0.1387305804,0.0000000000,-0.0000000000,-0.4874646903,0.0000000000,0.0000000000,-0.0000000000,-0.0000000000,-0.0000000000,0.0000000000,0.0000000000,-0.0000000000,0.0168105037,0.0000000000,-0.4772779857,-0.0043967893,-0.0000000000,0.0000000000,0.0000000000,0.0000000000,0.1139474332,-0.0000000000,-0.0000000000,-0.0000000000,-0.0517879348,-0.0092193613,-0.0000000000,0.0000000000,0.0000000000,0.0000000000,0.0000000000,-0.0000000000,-0.0000000000,0.0000000000,0.0000000000,-0.0000000000,0.0000000000,-0.0000000000,-0.0000000000,0.2326310917,0.0000000000,0.0000000000,0.0000000000,0.0000000000,0.1766085217,0.0000000000,0.0000000000,0.0000000000,-0.0000000000,0.0000000000,-0.7155328756,0.0000000000,0.0000000000,-0.0000000000,0.1375598882,0.0000000000,0.0000000000,-0.0000000000,0.0000000000,-0.0000000000,0.0000000000,0.0000000000,0.0000000000,-0.1628901313,0.0000000000,-0.0000000000,0.0000000000,0.0000000000,0.0000000000,-0.0000000000,0.0000000000,0.0344181955,0.0000000000,0.0534374891,-0.0000000000,0.0230607273,-0.0000000000,0.0000000000,0.0000000000,0.0000000000,0.0172608207
0.0000000000,-0.0000000000,-0.0000000000,-0.0000000000,0.0000000000,0.0155617255,0.0000000000,-0.0000000000,0.0000000000,-0.0000000000,0.0000000000,-0.0000000000,0.2667532300,-1.1635877563,0.0000000000,-0.0000000000,-0.6225647261,-0.1734003852,2.5942719160,0.0000000000,-0.0000000000,0.0000000000,-0.0750600618,0.2317454808,0.0000000000,0.0000000000,-0.1514185049,0.0000000000,0.0000000000,-0.0000000000,0.0000000000,0.0000000000,0.0000000000,-0.2009257641,-0.0000000000,-0.0000000000,-0.0000000000,-0.0000000000,-0.0000000000,0.0000000000,-0.0000000000,-0.0877361979,-0.0000000000,-0.0000000000,-0.0000000000,-0.0002278262,-0.0000000000,-0.0387733686,0.0000000000,-0.0029959968,0.0000000000,0.0000000000,0.0000000000,-0.0000000000,0.0000000000,0.0000000000,0.0000000000,-0.0000000000,0.0000000000,-0.0000000000,0.0000000000,0.0000000000,0.0000000000,-0.0387828913,-0.0000000000,0.1117745358,-0.0000000000,-0.2759089062,-0.0000000000,-0.0000000000,0.0000000000,-0.0000000000,0.0000000000,0.2484977867,0.0000000000,0.0672878362,0.0000000000,0.0000000000,-0.1273067358,-0.0000000000,0.0651291325,-0.0046181825,-0.0000000000,-0.0000000000,0.0000000000,0.0000000000,-0.0000000000,0.1694746865,0.0121805199,-0.0000000000,-0.0000000000,-0.0000000000,0.0000000000,-0.0000000000,0.0000000000,0.0000000000,-0.0000000000,-0.0000000000,0.0000000000,-0.0000000000
0.0000000000,0.0000000000,0.0000000000,0.0000000000,0.0000000000,-0.2360471082,-0.0000000000,-0.0000000000,-0.0550403984,-0.0023134279,-0.0000000000,-0.0000000000,-0.0000000000,0.0000000000,-0.0000000000,-0.0000000000,0.0000000000,-0.1387305804,0.0000000000,2.5906852567,-0.0000000000,-0.0000000000,-0.0000000000,-0.0000000000,0.0765244859,-0.0000000000,-0.1398876471,-0.0000000000,-0.9208960857,-0.0000000000,0.0000000000,0.0000000000,0.0000000000,0.0000000000,-0.0000000000,0.0000000000,0.0000000000,-0.0000000000,-0.0000000000,-0.0000000000,0.0000000000,0.0000000000,-0.0000000000,-0.0000000000,-0.0826704291,-0.0000000000,0.0000000000,0.0000000000,-0.0000000000,-0.0000000000,0.0000000000,-0.0000000000,0.0000000000,0.0000000000,-0.0000000000,-0.1155758406,-0.0000000000,-0.0000000000,0.0000000000,0.0000000000,0.0000000000,0.0000000000,-0.0000000000,0.2252140589,0.0273836342,-0.0000000000,-0.0000000000,0.0000000000,0.3000698478,0.0000000000,-0.2574064566,0.0000000000,-0.0000000000,-0.2941290719,-0.0000000000,0.0000000000,-0.0000000000,-0.2005384601,0.0000000000,0.0000000000,-0.0000000000,0.0362755131,-0.0000000000,0.0000000000,-0.0000000000,-0.0000000000,0.0000000000,-0.1072626045,-0.5159626868,-0.0000000000,0.1592545032,0.0000000000,-0.0000000000,-0.0000000000,-0.0000000000,-0.0809344271,-0.0069539242,-0.0861097143,-0.0000000000,-0.0000000000
-0.0000000000,0.0000000000,0.0000000000,-0.0000000000,-0.0000000000,-0.0000000000,0.0000000000,0.0000000000,-0.0000000000,-0.0377792128,-0.2276512429,-0.0000000000,0.0000000000,-0.1366160222,-1.6706164815,-0.0773992111,-0.0000000000,0.0000000000,-0.0000000000,-0.0000000000,3.1641256380,0.0936979791,0.0000000000,-0.0000000000,0.0000000000,0.0000000000,0.0000000000,0.0000000000,-0.4349899198,0.1629823819,0.0000000000,0.0000000000,-0.0000000000,0.0000000000,0.0000000000,0.0000000000,0.0000000000,-0.0000000000,-0.0000000000,0.0000000000,0.0000000000,-0.0000000000,-0.0000000000,-0.0000000000,-0.0000000000,-0.0000000000,0.0000000000,0.0000000000,0.0000000000,0.0000000000,0.0456183250,0.0000000000,0.0000000000,-0.0000000000,0.0000000000,0.0000000000,0.0000000000,0.0000000000,0.0000000000,-0.0136376697,0.0000000000,0.0000000000,-0.0000000000,0.0000000000,0.0000000000,-0.0000000000,0.0000000000,0.0000000000,0.0598446051,0.0972995289,-0.5682157963,0.0000000000,0.0000000000,0.0000000000,-0.0000000000,0.0000000000,-0.0000000000,0.0000000000,-0.0000000000,-0.0000000000,-0.0000000000,0.0000000000,-0.0000000000,0.0000000000,0.0000000000,-0.0000000000,0.0000000000,-0.0000000000,0.1032301115,-0.1037540303,-0.0000000000,0.2003782916,0.0000000000,-0.0000000000,-0.0000000000,-0.0158915139,-0.0000000000,-0.0000000000,0.0000000000,0.0000000000
0.0000000000,-0.0000000000,0.0000000000,-0.0000000000,0.0000000000,0.1810211182,-0.0000000000,0.0000000000,0.3772942209,0.0000000000,0.0701792711,-0.0000000000,-0.3620685069,0.0000000000,-0.0000000000,-0.0959005351,-0.0944405239,-0.0000000000,0.0000000000,-0.0000000000,0.0936979791,1.9888851809,-0.2273063315,-0.0000000000,0.0000000000,-0.0646608794,0.0000000000,0.0000000000,0.0000000000,-0.0000000000,-0.0000000000,0.0000000000,-0.0643261630,-0.1984362107,-0.0000000000,0.0000000000,-0.0000000000,-0.1656381521,-0.0000000000,-0.0000000000,-0.0000000000,0.0000000000,-0.0000000000,0.0000000000,0.0000000000,0.0000000000,-0.2149027055,0.1134742326,0.0597572421,0.0000000000,-0.1293585268,-0.0000000000,-0.0000000000,-0.1305100878,0.0000000000,0.0000000000,-0.0000000000,0.0000000000,0.0000000000,0.0000000000,-0.0000000000,-0.0000000000,-0.0000000000,0.0000000000,0.0134146784,0.0000000000,0.0000000000,0.0000000000,0.0000000000,-0.0085875510,0.0000000000,-0.2270779608,-0.1174366474,-0.0000000000,-0.0000000000,-0.0000000000,-0.0000000000,-0.0000000000,-0.0000000000,-0.0000000000,-0.0266748383,0.0000000000,0.0000000000,-0.0000000000,0.0000000000,-0.0727644883,-0.0000000000,-0.0586227859,-0.0000000000,0.0019292338,-0.0000000000,-0.0000000000,-0.0000000000,-0.0000000000,-0.1073527471,-0.0000000000,0.0000000000,0.0000000000,0.0000000000,-0.0000000000
0.0000000000,0.0000000000,0.0000000000,0.0000000000,0.0520982928,0.0000000000,0.0000000000,-0.0000000000,0.0000000000,0.0000000000,0.0000000000,0.0000000000,-0.0000000000,-0.0281996163,-0.0000000000,0.0000000000,-0.1519452395,-0.4874646903,-0.0750600618,-0.0000000000,0.0000000000,-0.2273063315,2.9469130394,-0.0000000000,0.2477396607,-0.0000000000,-0.4806629829,-0.0000000000,-0.0000000000,-0.6727802419,-0.0384645003,0.0000000000,0.0000000000,-0.3572132394,-0.0698672486,-0.0000000000,-0.0000000000,-0.0000000000,-0.0000000000,0.0000000000,-0.0000000000,-0.0000000000,-0.0000000000,-0.0000000000,-0.0000000000,-0.0000000000,-0.0478772275,-0.0000000000,0.0000000000,-0.0000000000,-0.0000000000,0.0000000000,0.0000000000,0.0000000000,0.0000000000,0.0000000000,-0.0000000000,-0.0066996848,0.0000000000,0.0000000000,0.0000000000,0.0000000000,-0.0000000000,0.0000000000,0.0000000000,0.0000000000,0.0000000000,-0.0000000000,-0.0000000000,-0.0000000000,0.0000000000,-0.1408026069,-0.4858069034,0.0000000000,0.0000000000,0.0000000000,-0.0000000000,-0.1611498970,-0.0000000000,-0.0000000000,0.0000000000,-0.0000000000,-0.0000000000,0.0000000000,-0.0000000000,-0.0000000000,-0.0000000000,-0.0000000000,-0.0000000000,0.0000000000,-0.0000000000,-0.0000000000,-0.0000000000,-0.0000000000,-0.0000000000,-0.0000000000,-0.0000000000,-0.0000000000,0.0000000000,0.0000000000
0.1256265978,0.0331045872,0.0000000000,0.0000000000,0.0000000000,0.0000000000,-0.0000000000,-0.0000000000,0.0000000000,0.0000000000,-0.0000000000,-0.2702968354,-0.0000000000,0.0000000000,-0.0000000000,0.0410694399,-0.1684944562,0.0000000000,0.2317454808,-0.0000000000,-0.0000000000,-0.0000000000,-0.0000000000,1.6408825856,-0.0000000000,0.0000000000,-0.0000000000,0.0000000000,-0.0019813880,0.0000000000,0.0000000000,0.0000000000,0.1167790582,0.0026812570,-0.0000000000,0.0000000000,0.0000000000,-0.0000000000,-0.0786579225,-0.0000000000,-0.0387385337,0.0000000000,-0.1404089786,-0.0000000000,-0.0000000000,-0.0000000000,0.0000000000,0.0593979320,0.0000000000,0.0000000000,0.0867857955,0.0000000000,-0.0000000000,-0.0000000000,0.1446160239,0.0000000000,-0.0000000000,0.0000000000,-0.0988308999,-0.0000000000,0.0000000000,0.0000000000,0.0000000000,0.2938549608,0.0000000000,-0.0000000000,-0.0000000000,0.0000000000,0.0472610850,0.0734218179,0.0000000000,0.0000000000,0.0000000000,-0.0792629151,-0.5318844255,-0.0000000000,-0.0000000000,0.0000000000,0.0000000000,0.0000000000,-0.0000000000,0.0419919591,-0.0000000000,-0.0000000000,-0.0000000000,0.0000000000,-0.0000000000,0.0000000000,-0.0000000000,-0.0353940088,-0.0902177670,-0.0000000000,-0.0000000000,-0.0000000000,-0.0000000000,-0.0000000000,-0.0000000000,0.0000000000,0.0000000000,0.0000000000
0.0000000000,-0.0160735806,-0.0000000000,-0.1698634538,-0.0000000000,0.0000000000,0.0000000000,-0.0000000000,0.0000000000,-0.0923659206,-0.1692684569,-0.0000000000,0.0000000000,0.0000000000,0.0000000000,0.0000000000,0.0000000000,0.0000000000,0.0000000000,0.0765244859,0.0000000000,0.0000000000,0.2477396607,-0.0000000000,1.5769529628,0.0000000000,0.0000000000,0.0000000000,0.0000000000,0.0000000000,-0.0000000000,-0.3084793865,0.0000000000,-0.0000000000,0.0000000000,0.0583429610,0.0703649309,0.0000000000,0.0000000000,0.0000000000,0.0000000000,0.1463638649,0.0000000000,-0.0000000000,-0.0000000000,0.0000000000,0.0387053890,0.0171244462,0.0000000000,0.1321135663,0.0000000000,-0.0000000000,-0.0000000000,-0.0000000000,-0.0000000000,0.0055629039,0.0000000000,0.0000000000,-0.1130968403,-0.0000000000,-0.0000000000,0.0000000000,0.0327714278,-0.0000000000,-0.0000000000,0.0000000000,0.0000000000,-0.0000000000,-0.0000000000,0.0000000000,0.1545421566,0.0000000000,0.0000000000,-0.0000000000,0.0000000000,-0.2584481266,0.0000000000,0.0000000000,0.0892001005,-0.0000000000,-0.0000000000,0.0000000000,-0.0000000000,0.0000000000,0.0000000000,0.0000000000,0.0106484509,0.0647107841,0.0000000000,-0.0000000000,0.0000000000,-0.0000000000,-0.0000000000,0.0189830758,0.1773688330,0.0000000000,0.0000000000,0.0000000000,0.0000000000,0.0650630754
-0.0000000000,-0.0000000000,0.0000000000,0.0000000000,0.0000000000,0.0000000000,0.0000000000,0.0000000000,0.0000000000,-0.0000000000,0.1256978086,-0.0000000000,0.0000000000,-0.0000000000,0.0000000000,0.0000000000,0.0000000000,-0.0000000000,0.0000000000,-0.0000000000,0.0000000000,-0.0646608794,-0.0000000000,0.0000000000,0.0000000000,1.5350745769,-0.0000000000,-0.0840034205,-0.0000000000,-0.0000000000,-0.0000000000,-0.0000000000,0.0000000000,-0.0586711844,0.0000000000,0.0000000000,-0.0000000000,0.0124869731,0.0000000000,0.0000000000,0.0185149717,-0.3663920935,0.0000000000,0.0000000000,0.0000000000,0.0553428702,-0.0000000000,0.0000000000,0.2030181562,0.0000000000,-0.0000000000,-0.0000000000,0.0000000000,-0.0000000000,0.1033129622,0.0000000000,0.0000000000,0.0000000000,0.0000000000,0.0000000000,-0.0238407323,0.1035924215,0.0000000000,0.0000000000,0.0424593005,0.0000000000,0.0000000000,0.0000000000,-0.0000000000,0.0000000000,0.0000000000,-0.1587418079,-0.0000000000,-0.0000000000,-0.0000000000,-0.3238243164,-0.0000000000,-0.0240802071,0.0151960036,0.1362106939,-0.0953695952,0.0000000000,0.0000000000,-0.0000000000,-0.1196508932,-0.0000000000,0.0000000000,-0.1702574411,0.0000000000,0.0032291186,0.0000000000,0.0000000000,0.0000000000,-0.0000000000,-0.0000000000,0.0875881212,0.0000000000,0.0000000000,0.0134445906,0.0000000000
-0.0000000000,-0.0000000000,0.0000000000,0.0000000000,0.0000000000,-0.0000000000,0.0000000000,-0.0000000000,-0.0000000000,0.0000000000,0.0000000000,-0.0000000000,0.0000000000,-0.0491754444,-0.0000000000,0.0000000000,-0.0000000000,-0.0000000000,-0.1514185049,-0.1398876471,0.0000000000,0.0000000000,-0.4806629829,-0.0000000000,0.0000000000,-0.0000000000,2.3606646919,-0.0257044550,-0.0000000000,-0.2061719114,-0.0000000000,0.0000000000,0.0000000000,-0.0000000000,-0.4750467219,-0.0593500059,-0.0000000000,0.0000000000,0.0000000000,0.0000000000,-0.0000000000,0.0000000000,-0.0000000000,-0.1374252551,-0.1177672946,-0.0460888241,0.0000000000,-0.1619582503,0.0000000000,-0.0000000000,0.0000000000,0.0000000000,0.0000000000,0.1679310251,0.0000000000,-0.0000000000,0.0000000000,-0.0045680658,0.0000000000,0.0000000000,0.0000000000,0.0000000000,-0.0000000000,0.0000000000,0.0293955741,0.0000000000,0.0000000000,-0.0000000000,-0.0000000000,-0.0000000000,0.0000000000,-0.1090602281,-0.0000000000,0.0000000000,-0.0000000000,0.0000000000,-0.0000000000,-0.0615033292,0.0000000000,0.0000000000,-0.0484164545,-0.0000000000,-0.0000000000,-0.0000000000,-0.3394346359,-0.0000000000,0.0000000000,-0.0000000000,-0.0000000000,-0.0000000000,0.0000000000,0.0000000000,0.0000000000,0.0000000000,0.0000000000,-0.0786135574,-0.0000000000,-0.3796522658,0.0000000000,0.0000000000
-0.0238104460,-0.0000000000,0.1030466634,0.0000000000,-0.0000000000,-0.0000000000,0.1747946523,0.0000000000,-0.0000000000,-0.0000000000,0.0000000000,-0.0000000000,-0.0000000000,-0.0000000000,-0.0000000000,0.0000000000,0.0000000000,-0.0000000000,0.0000000000,-0.0000000000,0.0000000000,0.0000000000,-0.0000000000,0.0000000000,0.0000000000,-0.0840034205,-0.0257044550,2.3316059554,-0.0000000000,-0.4701868967,-0.0000000000,-0.0000000000,0.0000000000,0.0000000000,0.0000000000,-0.0000000000,-0.0000000000,0.0000000000,0.0000000000,0.0000000000,0.1681409719,0.0000000000,0.0000000000,-0.0000000000,0.0000000000,0.0000000000,-0.0000000000,-0.0000000000,0.0000000000,0.0000000000,-0.0000000000,-0.0000000000,-0.0000000000,0.0000000000,-0.0000000000,0.0000000000,-0.0000000000,0.0000000000,-0.0000000000,0.0689641948,0.0000000000,0.0000000000,-0.1258924238,-0.0000000000,0.0000000000,0.0000000000,0.0000000000,0.0000000000,0.0000000000,-0.0000000000,0.0000000000,-0.0000000000,-0.0000000000,-0.0000000000,0.0000000000,0.0000000000,0.0000000000,-0.1439061265,-0.0000000000,-0.0000000000,0.0000000000,-0.0000000000,0.0000000000,-0.0000000000,-0.0012250034,-0.0000000000,0.0000000000,-1.3223534328,0.0000000000,0.0000000000,-0.0000000000,0.0000000000,-0.0000000000,0.0761109721,-0.0000000000,0.0000000000,0.0000000000,0.0000000000,0.0000000000,0.1506241109
-0.0000000000,0.0000000000,0.0000000000,0.0000000000,0.0000000000,-0.0000000000,-0.0000000000,-0.0000000000,-0.0000000000,-0.1403780249,-0.0000000000,-0.0000000000,0.0000000000,-0.1041605604,-1.1371428601,-0.0000000000,0.0000000000,0.0000000000,0.0000000000,-0.9208960857,-0.4349899198,0.0000000000,-0.0000000000,-0.0019813880,0.0000000000,-0.0000000000,-0.0000000000,-0.0000000000,3.8334287992,0.0000000000,0.0000000000,0.0000000000,0.0933057430,0.0000000000,0.0000000000,0.0000000000,-0.0000000000,-0.0000000000,-0.0000000000,-0.0000000000,0.0545975468,-0.0000000000,-0.0000000000,-0.0000000000,-0.0000000000,-0.0000000000,0.0000000000,0.0000000000,-0.0000000000,-0.0000000000,0.0000000000,0.0000000000,0.0000000000,-0.0000000000,0.0000000000,-0.0000000000,-0.0000000000,-0.0000000000,-0.0000000000,-0.0000000000,0.0000000000,0.0000000000,-0.0000000000,0.0928596108,0.0000000000,-0.0000000000,-0.0000000000,0.0000000000,0.0000000000,0.0000000000,-0.3141523819,-0.0000000000,-0.0000000000,-0.0000000000,-0.2460972931,-0.0000000000,-0.8061734238,-0.1021227449,0.0000000000,0.0000000000,-0.0000000000,0.0000000000,0.0000000000,-0.0000000000,-0.0780558015,-0.0000000000,-0.0000000000,-0.0000000000,-0.0000000000,-0.0787065947,0.0000000000,0.0000000000,-0.0000000000,-0.0000000000,-0.0000000000,-0.0000000000,-0.0000000000,-0.0672983991,-0.0000000000,-0.0000000000
