0,1,2,3,4,5,6,7,8,9,10,11,12,13,14,15,16,17,18,19,20,21,22,23,24,25,26,27,28,29,30,31,32,33,34,35,36,37,38,39,40,41,42,43,44,45,46,47,48,49,50,51,52,53,54,55,56,57,58,59,60,61,62,63,64,65,66,67,68,69,70,71,72,73,74,75,76,77,78,79,80,81,82,83,84,85,86,87,88,89,90,91,92,93,94,95,96,97,98,99
1.8903371675,-0.0000000000,-0.1395549028,0.0000000000,0.0000000000,-0.0863000687,-0.0163981283,0.0000000000,-0.0000000000,0.0000000000,0.2766068330,0.0000000000,-0.0000000000,0.0056799485,0.0000000000,0.0000000000,0.0000000000,-0.0000000000,0.0000000000,-0.0699589351,0.0000000000,0.0000000000,-0.0000000000,-0.0000000000,0.0000000000,0.0354883257,-0.0298920347,0.0000000000,0.0000000000,-0.0000000000,-0.0000000000,-0.0000000000,-0.0000000000,0.0000000000,-0.0000000000,-0.0000000000,-0.0000000000,-0.0000000000,0.0000000000,0.0000000000,-0.0000000000,0.0000000000,0.0000000000,0.0000000000,0.0000000000,-0.0000000000,-0.0000000000,-0.0091020322,-0.3582301914,0.0000000000,-0.7749392027,-0.0000000000,0.0601928674,0.0000000000,-0.0000000000,-0.0181222796,0.0000000000,-0.0000000000,0.0000000000,-0.0000000000,-0.0000000000,0.0000000000,0.0000000000,-0.0000000000,-0.0000000000,0.0000000000,-0.1565018164,0.0000000000,0.0276352142,0.0000000000,0.0000000000,0.0000000000,-0.0000000000,0.0000000000,-0.0000000000,-0.0000000000,-0.0000000000,-0.0000000000,-0.0000000000,-0.0000000000,0.0000000000,0.0321350774,0.0198173690,0.0000000000,0.0000000000,0.0000000000,-0.1433450785,0.0136790719,0.0000000000,0.0000000000,-0.2909637683,-0.0000000000,0.0000000000,-0.0000000000,0.0000000000,0.0999936593,0.0000000000,-0.0000000000,-0.1795815769,0.0000000000
-0.0000000000,2.6049816497,-0.6169935425,-0.0000000000,-0.0500075291,0.0000000000,-0.0000000000,-0.3934429216,0.0000000000,-0.0000000000,0.0000000000,0.0229292651,0.0000000000,0.0595396919,-0.0000000000,-0.0000000000,0.0000000000,-0.0154195506,0.0000000000,-0.0000000000,-0.0000000000,0.0000000000,0.0000000000,-0.0000000000,-0.0000000000,-0.0000000000,-0.0000000000,-0.0000000000,-0.0000000000,0.0000000000,-0.0000000000,-0.0000000000,0.0000000000,0.0000000000,0.0000000000,0.0000000000,0.0000000000,0.0000000000,-0.0000000000,0.0000000000,0.0000000000,-0.0000000000,0.0000000000,0.0000000000,0.0000000000,-0.0000000000,0.0000000000,0.0000000000,-0.0000000000,0.1506322242,-0.0000000000,-0.8230932814,-0.0328111243,-0.0000000000,-0.0000000000,-0.0000000000,-0.1082896999,-0.0000000000,-0.0000000000,0.0000000000,0.0000000000,0.0000000000,0.0000000000,0.0000000000,-0.0000000000,-0.0000000000,-0.2208516340,0.0000000000,0.0000000000,0.0000000000,-0.0000000000,-0.0822221576,-0.0000000000,-0.1331692476,-0.0000000000,-0.2504544166,-0.0000000000,-0.0000000000,-0.0000000000,-0.0000000000,0.0000000000,0.1259651714,0.0000000000,-0.0000000000,-0.0000000000,-0.0000000000,0.0000000000,-0.0000000000,0.0000000000,0.0000000000,0.0000000000,-0.0000000000,-0.0000000000,0.0000000000,-0.0000000000,-0.0763065145,-0.0000000000,-0.0000000000,-0.0124930206,0.0000000000
-0.1395549028,-0.6169935425,3.7198404716,0.0000000000,-0.3943846782,-0.9872960074,-0.0000000000,-0.0000000000,-0.3520625323,-0.0000000000,0.0000000000,0.0000000000,0.0000000000,0.0629579730,0.0000000000,0.0000000000,-0.0000000000,-0.0000000000,0.0000000000,-0.0000000000,0.0000000000,0.0000000000,0.0000000000,-0.0987858730,-0.0000000000,-0.0000000000,-0.0000000000,-0.0000000000,-0.0338577400,-0.0000000000,-0.0000000000,0.0000000000,0.1194061271,0.0000000000,-0.0000000000,-0.0000000000,0.0000000000,0.0000000000,0.0000000000,0.0000000000,0.0000000000,0.0000000000,0.0000000000,0.0000000000,0.0000000000,-0.0000000000,0.0000000000,0.0000000000,-0.0841346696,0.0000000000,-0.0000000000,-0.1411293493,0.0000000000,0.0000000000,-0.5894447378,-0.3626861990,-0.0000000000,-0.0629503358,-0.0000000000,-0.0000000000,-0.1088134374,0.0000000000,-0.0000000000,-0.0000000000,-0.0000000000,-0.0000000000,-0.0000000000,0.0000000000,0.0054282336,0.0000000000,-0.0000000000,-0.0000000000,-0.0000000000,-0.0000000000,-0.0291249615,-0.0000000000,-0.0000000000,-0.1922962353,0.0000000000,-0.0000000000,0.0000000000,0.0000000000,0.0000000000,-0.0000000000,-0.0000000000,-0.0000000000,0.0000000000,-0.0000000000,0.0000000000,-0.0000000000,-0.0000000000,-0.0000000000,-0.0000000000,0.0000000000,-0.0000000000,-0.0000000000,-0.0000000000,0.0000000000,-0.0000000000,0.0000000000
0.0000000000,-0.0000000000,0.0000000000,1.9620837374,-0.0000000000,0.0000000000,-0.0000000000,-0.2960960992,0.2627641942,0.0484435614,0.0537580356,0.0000000000,-0.1341173615,-0.0000000000,0.0000000000,-0.0977279863,0.0000000000,-0.0000000000,0.0000000000,0.0000000000,0.0000000000,-0.0000000000,-0.0000000000,0.0387457773,0.0000000000,-0.0000000000,0.0000000000,0.0541309889,0.0233777048,-0.0000000000,-0.0000000000,-0.0000000000,0.0000000000,-0.0000000000,0.0000000000,0.0136180335,0.0000000000,-0.0000000000,0.0000000000,0.0000000000,0.0245933038,-0.0000000000,-0.0000000000,-0.0000000000,0.0000000000,0.0000000000,0.0000000000,0.0000000000,-0.0000000000,-0.0000000000,-0.0069349218,0.0000000000,-0.0003313708,-0.8175203872,0.1121627411,0.0915924611,-0.2423340922,0.0000000000,0.0897300993,0.0000000000,0.0015458020,-0.0000000000,-0.0000000000,0.0000000000,0.0085406254,0.0000000000,-0.0000000000,0.0000000000,-0.0000000000,-0.0296926650,0.0000000000,-0.0000000000,-0.0000000000,-0.0000000000,0.0812627523,0.0000000000,0.1594765522,-0.0000000000,-0.0000000000,0.0000000000,0.0000000000,0.0000000000,0.0000000000,-0.0169241779,-0.0000000000,-0.1626199593,-0.0000000000,-0.0000000000,0.0000000000,0.0000000000,0.0648246694,0.0000000000,0.0387681092,-0.0000000000,0.0675968371,-0.0000000000,-0.0000000000,-0.0000000000,-0.0000000000,-0.0870434340
0.0000000000,-0.0500075291,-0.3943846782,-0.0000000000,1.9430469009,-0.0114050768,0.3011644686,-0.3595437813,-0.0000000000,-0.0000000000,0.0000000000,0.0000000000,0.0000000000,0.0857172050,0.0000000000,0.0000000000,0.0000000000,-0.0000000000,0.0235756785,0.0000000000,0.0000000000,-0.0000000000,0.0000000000,-0.0000000000,-0.0000000000,0.0000000000,0.0073299890,-0.0000000000,0.0000000000,-0.0000000000,0.0000000000,0.0000000000,0.0000000000,0.0000000000,0.0000000000,-0.0000000000,0.0000000000,-0.0000000000,-0.0000000000,0.0000000000,0.0000000000,-0.0000000000,0.0000000000,-0.0000000000,0.1635948547,-0.0000000000,0.0000000000,-0.0000000000,-0.0000000000,-0.0000000000,0.0000000000,-0.0708393888,0.1834042980,-0.5127677713,-0.2221999521,-0.0000000000,-0.0000000000,-0.0000000000,-0.0000000000,0.1623849193,0.0000000000,0.0000000000,-0.0000000000,0.0000000000,0.0000000000,-0.0000000000,0.0000000000,0.0370264988,0.0193529293,0.0000000000,-0.0000000000,0.0000000000,-0.0000000000,0.0000000000,0.0000000000,-0.0591661189,-0.0000000000,-0.0354232800,0.0000000000,0.0000000000,0.0000000000,0.0000000000,0.0985319128,-0.0000000000,-0.0000000000,0.0000000000,-0.0000000000,-0.0000000000,0.0000000000,0.0315790717,-0.0000000000,-0.0000000000,0.0826248922,0.0221263071,0.0000000000,-0.0000000000,0.0000000000,0.0000000000,-0.0000000000,0.0000000000
-0.0863000687,0.0000000000,-0.9872960074,0.0000000000,-0.0114050768,4.5376624508,0.0000000000,-0.0000000000,-1.4957631296,-0.0000000000,-0.0000000000,-0.0000000000,0.0000000000,0.0000000000,0.0000000000,0.0000000000,0.0000000000,-0.0000000000,0.0461254373,-0.0000000000,0.0000000000,0.0000000000,0.0000000000,-0.0000000000,-0.0000000000,0.0000000000,-0.0000000000,-0.0000000000,-0.0000000000,-0.0000000000,0.0491632102,0.0000000000,0.0000000000,0.0000000000,0.0000000000,-0.1361828068,0.0000000000,0.0000000000,0.0000000000,0.0000000000,0.0000000000,0.0000000000,0.0000000000,0.0000000000,0.0000000000,-0.0000000000,0.0000000000,-0.0000000000,-0.3082545043,0.0000000000,0.0000000000,-0.0000000000,0.1435671812,0.0000000000,-1.0210246637,-0.6384145801,0.0000000000,-0.0000000000,-0.0000000000,-0.0000000000,-0.0000000000,0.0000000000,-0.0000000000,-0.0000000000,-0.0013417440,-0.0000000000,0.0000000000,0.0000000000,0.0000000000,0.0000000000,0.0000000000,0.0000000000,-0.0000000000,0.0000000000,-0.0000000000,-0.0000000000,-0.0000000000,-0.0000000000,0.0000000000,0.0000000000,0.0000000000,0.0000000000,0.0000000000,0.0000000000,-0.0000000000,0.0000000000,0.0000000000,-0.0000000000,-0.0000000000,0.0000000000,-0.0000000000,0.0000000000,0.0000000000,0.0000000000,-0.0000000000,0.0000000000,0.0000000000,0.0000000000,-0.0000000000,0.0000000000
-0.0163981283,-0.0000000000,-0.0000000000,-0.0000000000,0.3011644686,0.0000000000,2.4156083537,-0.0000000000,-0.0000000000,0.0000000000,-0.0000000000,0.0000000000,-0.0612058252,-0.0000000000,-0.0000000000,-0.3347110903,0.0000000000,-0.0000000000,0.0000000000,-0.0742514544,-0.0000000000,0.0000000000,-0.0000000000,-0.0000000000,0.0000000000,0.0000000000,0.0000000000,0.0000000000,-0.0000000000,-0.0000000000,-0.0000000000,-0.1474960447,-0.0000000000,0.0000000000,0.0000000000,0.0000000000,-0.0000000000,0.0000000000,0.0000000000,-0.4966812666,-0.1419290962,0.0018531663,0.0000000000,-0.0000000000,0.0000000000,-0.0000000000,-0.0000000000,-0.0000000000,-0.1995163199,-0.0839838350,-0.0000000000,-0.0000000000,-0.5369686024,-0.0000000000,0.0000000000,-0.0000000000,-0.0000000000,-0.0000000000,0.1621055008,-0.0000000000,0.0000000000,-0.0000000000,0.0000000000,0.0000000000,0.0000000000,0.0000000000,-0.8955524218,0.0000000000,0.0000000000,0.0000000000,0.0000000000,0.0000000000,0.0079204696,-0.0990436706,0.0000000000,0.0946712889,0.0000000000,0.0000000000,-0.0000000000,-0.0111472076,0.0000000000,0.0000000000,0.0000000000,0.0000000000,0.0841689576,-0.0000000000,0.0000000000,0.0000000000,-0.0000000000,-0.0000000000,0.0859084065,-0.0351012238,-0.0000000000,-0.0000000000,0.0000000000,-0.0000000000,0.0000000000,0.0000000000,-0.0000000000,-0.0906647809
0.0000000000,-0.3934429216,-0.0000000000,-0.2960960992,-0.3595437813,-0.0000000000,-0.0000000000,3.8072406838,-0.0000000000,-0.0000000000,-0.0000000000,0.0000000000,-0.0000000000,0.0000000000,-0.0000000000,-0.0000000000,0.2485291143,-0.2076823133,0.0758745815,0.0000000000,0.0000000000,0.0000000000,-0.0000000000,0.0000000000,-0.0000000000,-0.0000000000,0.0000000000,0.0000000000,0.0000000000,-0.0000000000,-0.0000000000,-0.1644332312,0.1098535748,0.0000000000,0.0677064387,0.0000000000,0.0000000000,-0.0000000000,-0.0000000000,-0.0000000000,0.2873767116,-0.0000000000,0.0000000000,-0.0000000000,0.0050280311,0.0000000000,0.2653480198,0.0000000000,-0.0000000000,0.0000000000,0.0000000000,-0.0000000000,-0.0000000000,-0.0000000000,-0.0000000000,-0.0000000000,-1.6831873693,-0.5829961635,0.0000000000,0.0000000000,0.0000000000,-0.0000000000,-0.0000000000,0.0000000000,0.0000000000,-0.0000000000,-0.0000000000,0.0000000000,0.0000000000,-0.0000000000,0.0000000000,-0.0000000000,-0.0059744591,-0.0000000000,0.0000000000,0.0000000000,-0.0000000000,-0.1708123712,-0.0000000000,-0.0000000000,0.1874596877,0.2554696994,0.0283191085,-0.0000000000,-0.0000000000,0.0000000000,-0.0000000000,-0.0000000000,0.0000000000,0.0000000000,0.0000000000,0.0000000000,0.0000000000,0.0000000000,0.0000000000,-0.0000000000,-0.0000000000,0.0000000000,-0.0000000000,-0.0000000000
-0.0000000000,0.0000000000,-0.3520625323,0.2627641942,-0.0000000000,-1.4957631296,-0.0000000000,-0.0000000000,4.5436684169,-0.0000000000,-0.0000000000,-0.0000000000,0.0000000000,-0.0000000000,-0.0000000000,0.0000000000,0.0000000000,-0.0000000000,0.0000000000,0.0000000000,0.0000000000,0.0000000000,0.0000000000,-0.0000000000,-0.0247367295,0.0000000000,0.0000000000,-0.0160405476,-0.1098399023,-0.0000000000,0.0000000000,-0.0000000000,0.0000000000,0.0000000000,0.0000000000,-0.2913150190,0.0000000000,0.0000000000,0.0000000000,0.0000000000,0.0000000000,0.0244495297,0.0000000000,-0.0000000000,0.0000000000,-0.0000000000,0.0000000000,-0.0000000000,-0.0360399358,-0.0000000000,0.0109991987,-0.0000000000,0.0000000000,0.1378700807,-0.5396725735,-0.2818453457,0.0000000000,-1.1708610953,-0.0000000000,-0.0000000000,-0.0000000000,0.0000000000,-0.0000000000,0.0000000000,-0.0000000000,-0.0000000000,0.0000000000,0.0000000000,0.1742867263,0.0000000000,-0.0000000000,0.0526891453,0.0000000000,0.0000000000,-0.0000000000,0.0000000000,-0.0000000000,-0.0000000000,0.0000000000,0.0000000000,0.0000000000,0.0000000000,0.1780209489,0.0000000000,0.0000000000,0.2002991647,0.0000000000,0.0000000000,-0.0000000000,0.0000000000,0.0000000000,0.0000000000,0.0000000000,0.1511285335,-0.0000000000,0.0000000000,0.0925022545,0.0000000000,-0.0000000000,0.0000000000
0.0000000000,-0.0000000000,-0.0000000000,0.0484435614,-0.0000000000,-0.0000000000,0.0000000000,-0.0000000000,-0.0000000000,2.7734445043,-0.0848359607,-0.1656185894,0.0000000000,-0.0000000000,-0.0000000000,0.0000000000,-0.0000000000,0.0000000000,0.0000000000,-0.0000000000,-0.0000000000,0.0000000000,0.0000000000,-0.0000000000,-0.5851582428,-0.0000000000,0.0000000000,-0.0031638007,-0.0579172188,-0.0000000000,0.0000000000,-0.0000000000,0.0000000000,0.0000000000,0.0000000000,-0.0000000000,0.0000000000,-0.0000000000,-0.4626437572,-0.0000000000,0.0000000000,-0.0000000000,0.1051983124,0.0000000000,0.0745778587,0.0058183610,0.0000000000,0.0000000000,-0.0000000000,0.0000000000,0.0000000000,-0.0957462503,0.0000000000,0.0000000000,-0.0000000000,-0.0000000000,-0.0000000000,-0.0000000000,-1.1887122367,-0.0000000000,-0.1940396684,0.0000000000,-0.0000000000,0.0657329487,0.0000000000,-0.0000000000,-0.0000000000,0.3053452431,0.0000000000,-0.0000000000,0.0000000000,-0.0000000000,0.0000000000,-0.0922075059,-0.0000000000,-0.0400343674,-0.0000000000,-0.0000000000,0.0109797844,0.0000000000,-0.0000000000,0.0000000000,0.0000000000,0.0000000000,0.0000000000,0.0000000000,-0.0000000000,-0.0000000000,-0.0000000000,0.0000000000,0.0273885857,-0.0000000000,-0.1822646071,0.0000000000,0.0000000000,0.0000000000,0.0000000000,0.0000000000,-0.0000000000,0.0000000000
0.2766068330,0.0000000000,0.0000000000,0.0537580356,0.0000000000,-0.0000000000,-0.0000000000,-0.0000000000,-0.0000000000,-0.0848359607,2.1770658369,-0.2600154617,-0.0000000000,-0.0473128228,-0.1733275850,0.0000000000,-0.0000000000,0.0000000000,-0.0000000000,0.0000000000,-0.0806961035,0.0000000000,0.0000000000,0.0000000000,-0.0000000000,-0.0000000000,0.0000000000,-0.0811311202,-0.1256661871,-0.0000000000,0.0796821537,-0.0000000000,0.4380772856,0.0000000000,0.0000000000,-0.0000000000,-0.0000000000,-0.0000000000,0.0000000000,-0.0000000000,-0.0000000000,0.0000000000,-0.0000000000,-0.0389849331,0.0000000000,-0.0000000000,0.0000000000,-0.0000000000,-0.0734904920,-0.0000000000,0.0000000000,0.0000000000,-0.0000000000,0.0223876334,-0.0000000000,-0.0000000000,-0.0000000000,-0.0000000000,-0.4279918331,-0.6112843935,-0.0000000000,-0.0879727602,-0.0000000000,0.0000000000,-0.0000000000,-0.0000000000,-0.0000000000,-0.0000000000,-0.0000000000,0.0000000000,-0.0000000000,0.0000000000,0.0221832399,-0.0000000000,-0.0000000000,0.0098616427,-0.0000000000,0.0000000000,0.0000000000,-0.0079349029,-0.0000000000,-0.0850894540,0.0000000000,-0.0000000000,0.0000000000,0.0000000000,0.0000000000,-0.0000000000,-0.0000000000,-0.0000000000,0.0000000000,-0.0000000000,-0.0000000000,0.0275763793,-0.0000000000,-0.0000000000,0.0000000000,-0.0000000000,-0.0416688329,-0.0727291920
0.0000000000,0.0229292651,0.0000000000,0.0000000000,0.0000000000,-0.0000000000,0.0000000000,0.0000000000,-0.0000000000,-0.1656185894,-0.2600154617,1.9053054396,-0.0000000000,-0.0000000000,0.0000000000,0.0000000000,-0.0428745687,0.0000000000,-0.0000000000,0.0791966442,0.0000000000,-0.0000000000,0.0000000000,-0.0000000000,-0.1387979242,-0.1841897038,-0.0000000000,-0.0000000000,0.0000000000,0.0000000000,0.0000000000,-0.0000000000,0.0000000000,0.0000000000,0.0000000000,-0.0834200800,-0.0000000000,-0.0000000000,-0.0000000000,-0.0000000000,-0.0000000000,0.0000000000,-0.0000000000,-0.0000000000,-0.0000000000,-0.0000000000,-0.0000000000,0.0000000000,0.0000000000,-0.0000000000,0.0000000000,-0.0000000000,0.0000000000,-0.0000000000,0.0000000000,0.0000000000,0.0000000000,-0.0000000000,0.0000000000,-0.3240360532,-0.5769192769,-0.0000000000,0.0000000000,0.0000000000,0.0000000000,0.2767975407,0.0000000000,-0.0000000000,0.0691090074,0.0000000000,0.0688454226,0.0000000000,0.0998287327,0.0000000000,-0.2326356918,0.0000000000,-0.0000000000,0.0374298684,0.0333577422,0.0890235993,0.0000000000,-0.0000000000,0.0000000000,0.0000000000,0.0000000000,0.0412710443,0.0000000000,0.0000000000,-0.0000000000,0.0000000000,-0.0000000000,0.0000000000,0.1620494853,0.0000000000,-0.0000000000,-0.0000000000,0.0521914710,0.0000000000,-0.0000000000,-0.0000000000
-0.0000000000,0.0000000000,0.0000000000,-0.1341173615,0.0000000000,0.0000000000,-0.0612058252,-0.0000000000,0.0000000000,0.0000000000,-0.0000000000,-0.0000000000,3.3558754398,-0.0000000000,0.0000000000,0.0000000000,-0.0000000000,0.0312008677,-0.0000000000,0.0000000000,0.0000000000,-0.0000000000,-0.0000000000,0.0000000000,0.0000000000,-0.0580277032,-0.0000000000,-0.0000000000,-0.0000000000,-0.2651809400,0.1491656242,-0.0036556891,0.0000000000,0.0525445783,0.0000000000,0.0000000000,-0.0000000000,-0.0528698564,0.0000000000,-0.0000000000,0.0000000000,-0.0000000000,-0.0000000000,-0.0000000000,0.0000000000,-0.0235072630,-0.0000000000,-0.0000000000,-0.0000000000,-0.0000000000,-0.0000000000,0.0000000000,0.0000000000,-0.0000000000,0.0000000000,-0.0000000000,0.0000000000,-0.0000000000,-0.0000000000,-0.1399186824,-0.1397372225,-2.2193766459,-0.4257337356,-0.0000000000,-0.0000000000,-0.0000000000,0.0000000000,-0.0000000000,0.0000000000,0.0000000000,0.0003024331,-0.0000000000,0.0000000000,-0.0000000000,-0.0000000000,0.0000000000,0.0242878175,-0.0000000000,0.0000000000,-0.2798777386,0.0000000000,0.0000000000,0.0000000000,0.0000000000,0.0000000000,0.0000000000,0.0000000000,0.0320741483,0.0000000000,0.0000000000,0.0710581812,-0.0916246846,-0.0000000000,0.0000000000,-0.0000000000,-0.0000000000,0.0000000000,0.0193820100,-0.0000000000,-0.0000000000
0.0056799485,0.0595396919,0.0629579730,-0.0000000000,0.0857172050,0.0000000000,-0.0000000000,0.0000000000,-0.0000000000,-0.0000000000,-0.0473128228,-0.0000000000,-0.0000000000,2.5148563768,-0.4488657360,-0.0000000000,-0.0000000000,0.0000000000,-1.5012794319,0.0107481948,-0.0979328330,-0.0000000000,-0.2041836482,0.0622973194,0.0000000000,-0.0000000000,0.0000000000,-0.0273419720,-0.0000000000,-0.1022346860,0.0000000000,0.0000000000,0.0000000000,-0.0000000000,-0.0000000000,0.0000000000,0.0000000000,0.0000000000,0.0000000000,0.0000000000,-0.0000000000,-0.0113421017,-0.0820040113,-0.0000000000,-0.0000000000,0.0000000000,-0.0000000000,-0.0000000000,-0.0000000000,-0.0000000000,-0.0000000000,0.0000000000,-0.0130966587,0.0246474839,0.0927152191,0.0000000000,0.0000000000,0.0000000000,-0.0000000000,-0.0000000000,-0.0000000000,-0.0000000000,0.0000000000,0.0000000000,-0.0000000000,0.0000000000,0.0000000000,-0.0000000000,0.0000000000,0.1458329111,0.0000000000,0.0000000000,0.2243739485,-0.0000000000,0.0000000000,0.0000000000,0.0000000000,0.0000000000,-0.0000000000,-0.0000000000,0.0394252153,-0.0000000000,-0.0000000000,0.0307159998,0.3728498096,0.0000000000,0.0161975631,0.0000000000,0.0000000000,0.0000000000,0.0000000000,-0.0000000000,-0.0000000000,-0.0013705169,-0.0000000000,0.0000000000,0.0000000000,0.0000000000,-0.0000000000,-0.0000000000
0.0000000000,-0.0000000000,0.0000000000,0.0000000000,0.0000000000,0.0000000000,-0.0000000000,-0.0000000000,-0.0000000000,-0.0000000000,-0.1733275850,0.0000000000,0.0000000000,-0.4488657360,3.5715207506,-0.0000000000,0.0000000000,-0.0000000000,-0.0000000000,0.0000000000,-0.6379714051,0.0000000000,-0.0000000000,0.0188281186,-0.0000000000,-0.0000000000,0.0000000000,-0.0000000000,-0.4702359159,0.0000000000,0.0000000000,0.0000000000,0.0000000000,0.0000000000,-0.0000000000,0.0000000000,0.0000000000,0.0000000000,-0.0000000000,0.0323708545,0.1609720825,-0.0000000000,0.0000000000,-0.0057105925,0.0000000000,0.0000000000,0.0000000000,-0.0000000000,-0.0000000000,0.0000000000,-0.0000000000,-0.0000000000,-0.1615367969,0.0000000000,0.0726854909,-0.0000000000,-0.0000000000,0.0000000000,-0.3567937270,-0.0000000000,0.0775290248,-0.0000000000,0.0000000000,0.0000000000,-0.0000000000,-1.9317541782,0.0000000000,0.0000000000,-0.0000000000,0.0000000000,-0.0000000000,0.0000000000,-0.0000000000,0.0000000000,0.0000000000,-0.1822064997,-0.0000000000,0.0000000000,-0.0000000000,-0.0000000000,0.0000000000,0.0000000000,-0.0000000000,0.0000000000,0.0000000000,0.0021244612,0.0000000000,-0.0000000000,0.0000000000,0.0000000000,0.0228430451,-0.0000000000,-0.0000000000,-0.0059807891,0.0000000000,-0.0000000000,0.0255960003,-0.0000000000,-0.0000000000,0.0000000000
0.0000000000,-0.0000000000,0.0000000000,-0.0977279863,0.0000000000,0.0000000000,-0.3347110903,-0.0000000000,0.0000000000,0.0000000000,0.0000000000,0.0000000000,0.0000000000,-0.0000000000,-0.0000000000,2.7446511066,-0.2728392161,-0.4701560973,-0.0000000000,0.0000000000,-0.1715798365,-0.1021434800,-0.0000000000,-0.0235326985,-0.0000000000,-0.0000000000,0.0000000000,0.1047329640,0.0000000000,0.0000000000,-0.0000000000,-0.0033585122,-0.1623137399,-0.0000000000,-0.0000000000,0.1091907327,0.0000000000,0.0000000000,0.0000000000,-0.0000000000,0.0000000000,0.0000000000,0.0000000000,0.0000000000,0.3660461718,0.0000000000,0.0000000000,0.0680636254,0.0000000000,0.0000000000,-0.2350615982,-0.0000000000,-0.8727520972,-0.0000000000,0.0000000000,-0.0000000000,-0.0000000000,0.0000000000,-0.0000000000,0.0000000000,0.0000000000,0.0000000000,-0.0000000000,0.0000000000,0.0000000000,0.0000000000,-0.0433470536,-0.0000000000,-0.0000000000,-0.0000000000,-0.0000000000,-0.3032767660,-0.0000000000,-0.0000000000,-0.0000000000,-0.0000000000,0.0000000000,-0.0000000000,-0.0294801759,-0.0000000000,-0.0000000000,0.0046151557,0.0000000000,-0.1843705775,0.0000000000,-0.0000000000,0.0000000000,0.0000000000,0.0000000000,0.1327195789,0.0000000000,-0.0000000000,0.0000000000,-0.0000000000,0.0000000000,0.0000000000,0.0000000000,0.0000000000,0.0000000000,0.0000000000
0.0000000000,0.0000000000,-0.0000000000,0.0000000000,0.0000000000,0.0000000000,0.0000000000,0.2485291143,0.0000000000,-0.0000000000,-0.0000000000,-0.0428745687,-0.0000000000,-0.0000000000,0.0000000000,-0.2728392161,2.6945029378,-0.0000000000,-0.6214647814,0.0000000000,-0.0927865320,-0.4565304565,-0.0387614178,-0.0000000000,0.0000000000,-0.0612763067,-0.0000000000,-0.0000000000,-0.0000000000,0.0000000000,0.0000000000,0.0000000000,-0.0000000000,-0.3813991514,-0.5423207620,0.0000000000,0.0000000000,0.0076721761,0.0000000000,0.0000000000,0.0000000000,0.0000000000,-0.0000000000,0.0000000000,0.0000000000,0.0000000000,-0.0000000000,0.0000000000,0.0000000000,0.1951821216,-0.0000000000,-0.0793596981,-0.0000000000,-0.0000000000,-0.0000000000,-0.0000000000,0.0000000000,0.0000000000,-0.0000000000,-0.0000000000,-0.2735994587,-0.0000000000,-0.0000000000,-0.0000000000,-0.0000000000,0.0000000000,-0.0000000000,-0.1371951850,-0.0000000000,0.0000000000,0.0000000000,-0.0038663150,0.0000000000,0.0000000000,-0.0898511352,-0.0000000000,-0.0000000000,0.0000000000,0.0000000000,0.0000000000,-0.0000000000,0.0000000000,0.0000000000,-0.0000000000,0.0000000000,0.0000000000,0.0006711755,0.1162934930,0.0000000000,0.0000000000,-0.0000000000,-0.0000000000,-0.0000000000,-0.0000000000,0.0000000000,0.1127696740,0.2007720415,0.0000000000,-0.0000000000,0.1508868285
-0.0000000000,-0.0154195506,-0.0000000000,-0.0000000000,-0.0000000000,-0.0000000000,-0.0000000000,-0.2076823133,-0.0000000000,0.0000000000,0.0000000000,0.0000000000,0.0312008677,0.0000000000,-0.0000000000,-0.4701560973,-0.0000000000,3.0934352492,0.0000000000,-0.4346513036,-0.1262343605,0.0000000000,-0.4613057649,-0.0000000000,-0.0000000000,-0.0000000000,-0.0000000000,0.0000000000,-0.0000000000,0.0000000000,-0.0000000000,-0.0000000000,0.0000000000,-0.6504687724,-0.0000000000,-0.0000000000,0.0785961846,0.0000000000,-0.0000000000,0.1509024031,0.0000000000,-0.0000000000,0.0000000000,-0.0000000000,0.0000000000,0.0000000000,0.0000000000,0.0000000000,-0.0000000000,0.0000000000,-0.0100163660,-0.0000000000,-0.0000000000,0.0000000000,-0.0000000000,-0.0000000000,-0.1619801834,-0.0000000000,-0.0000000000,0.0000000000,0.0049948340,0.0000000000,0.0000000000,0.0000000000,0.0000000000,0.0000000000,-0.0000000000,-0.0000000000,-0.0000000000,-0.7419515565,-0.0620831930,-0.0000000000,-0.3560968274,0.0000000000,-0.0000000000,-0.0000000000,-0.0000000000,-0.0000000000,-0.0000000000,0.0000000000,0.0000000000,0.1203654445,0.1547492974,-0.0000000000,-0.0000000000,0.0000000000,0.0000000000,0.0000000000,0.0000000000,0.0000000000,-0.0000000000,0.0000000000,0.0000000000,0.0000000000,0.1022396372,0.0000000000,0.1805250598,0.0000000000,-0.0192341498,0.0000000000
0.0000000000,0.0000000000,0.0000000000,0.0000000000,0.0235756785,0.0461254373,0.0000000000,0.0758745815,0.0000000000,0.0000000000,-0.0000000000,-0.0000000000,-0.0000000000,-1.5012794319,-0.0000000000,-0.0000000000,-0.6214647814,0.0000000000,2.9282559906,0.0000000000,-0.2842349516,-0.0000000000,-0.0000000000,0.0000000000,0.0000000000,-0.0000000000,-0.0000000000,-0.0000000000,-0.0210867413,0.0000000000,0.0164416746,0.0000000000,0.0000000000,-0.0000000000,-0.0000000000,0.0000000000,0.0000000000,0.0000000000,0.1392416109,0.1481045681,-0.0000000000,-0.0620435194,-0.1441827912,0.0000000000,-0.0000000000,-0.0000000000,-0.0000000000,-0.0000000000,0.0000000000,-0.0000000000,-0.0000000000,0.0000000000,-0.0000000000,0.0000000000,0.0000000000,0.0000000000,0.0000000000,0.0000000000,0.0000000000,-0.2655864489,-0.0000000000,-0.0000000000,0.0929769621,0.0000000000,-0.0199756541,0.1444405545,-0.0000000000,-0.4622779744,-0.0000000000,0.0383971636,-0.0000000000,0.0000000000,0.0000000000,0.0000000000,-0.0000000000,0.0000000000,-0.0000000000,0.1139981364,-0.0000000000,0.0000000000,0.0000000000,-0.0000000000,0.0000000000,0.0000000000,0.0000000000,0.2445272860,0.0000000000,0.0772639197,0.0000000000,-0.0000000000,-0.0142915785,-0.0000000000,0.0000000000,-0.0599984217,0.0000000000,0.0000000000,0.0000000000,0.0000000000,0.0000000000,-0.0000000000
-0.0699589351,-0.0000000000,-0.0000000000,0.0000000000,0.0000000000,-0.0000000000,-0.0742514544,0.0000000000,0.0000000000,-0.0000000000,0.0000000000,0.0791966442,0.0000000000,0.0107481948,0.0000000000,0.0000000000,0.0000000000,-0.4346513036,0.0000000000,2.0852791907,-0.0780820563,0.0000000000,-0.0000000000,-0.0000000000,0.1273288790,0.0649557409,-0.1512071171,0.0000000000,-0.0000000000,-0.0000000000,-0.0000000000,0.0000000000,-0.0000000000,-0.2743932507,0.0000000000,-0.3513251894,0.0000000000,-0.0000000000,-0.0999174272,-0.0000000000,-0.4164342173,0.0000000000,0.1751211286,0.0000000000,-0.0000000000,0.0000000000,-0.0000000000,-0.3647265174,-0.0836320619,-0.1293783139,-0.0053480268,-0.0000000000,0.0000000000,0.0000000000,0.0000000000,-0.0000000000,0.0000000000,0.0000000000,-0.0000000000,0.0000000000,0.0000000000,0.0494973078,0.0000000000,-0.0000000000,0.0000000000,0.0000000000,-0.3218029649,0.0000000000,0.0000000000,-0.0000000000,-0.3048928138,0.0000000000,0.0000000000,-0.0000000000,0.0000000000,0.0000000000,0.0000000000,0.0000000000,0.0000000000,-0.0000000000,0.0000000000,-0.0000000000,0.0341472887,0.0101332173,0.0000000000,-0.0000000000,0.0000000000,0.0000000000,-0.0721252825,-0.0000000000,0.0000000000,-0.0000000000,-0.0140700544,0.1479275020,0.0444865030,0.0000000000,0.0000000000,-0.0000000000,-0.0000000000,-0.0000000000
0.0000000000,-0.0000000000,0.0000000000,0.0000000000,0.0000000000,0.0000000000,-0.0000000000,0.0000000000,0.0000000000,-0.0000000000,-0.0806961035,0.0000000000,0.0000000000,-0.0979328330,-0.6379714051,-0.1715798365,-0.0927865320,-0.1262343605,-0.2842349516,-0.0780820563,2.1957385909,-0.0000000000,-0.0000000000,-0.0000000000,0.0000000000,-0.0000000000,-0.0000000000,-0.0000000000,-0.1343074293,0.0000000000,-0.0000000000,0.0000000000,-0.0000000000,-0.0000000000,-0.0000000000,0.0000000000,0.0000000000,0.0587057584,0.0000000000,0.0000000000,-0.0000000000,0.0000000000,-0.0000000000,-0.0000000000,0.0000000000,0.0000000000,-0.0000000000,-0.0000000000,0.0000000000,-0.0000000000,-0.0000000000,0.0000000000,-0.0000000000,0.1262180895,0.0511536347,0.0000000000,0.0111770399,0.0241739557,-0.0000000000,-0.0000000000,0.0000000000,0.0166520167,0.0246108861,0.0126419002,-0.0000000000,-0.0000000000,-0.0094716989,0.0000000000,-0.0000000000,0.0000000000,-0.7330552521,0.0000000000,0.0000000000,-0.0000000000,-0.0000000000,-0.0000000000,-0.1049267522,0.0000000000,-0.0000000000,-0.0000000000,0.0000000000,-0.0000000000,-0.0000000000,-0.0000000000,-0.0000000000,0.0000000000,0.0000000000,-0.0000000000,0.0000000000,-0.0000000000,0.0000000000,-0.0000000000,-0.0000000000,-0.0000000000,0.0000000000,-0.0000000000,0.0000000000,-0.0000000000,-0.0000000000,-0.0000000000
0.0000000000,0.0000000000,0.0000000000,-0.0000000000,-0.0000000000,0.0000000000,0.0000000000,0.0000000000,0.0000000000,0.0000000000,0.0000000000,-0.0000000000,-0.0000000000,-0.0000000000,0.0000000000,-0.1021434800,-0.4565304565,0.0000000000,-0.0000000000,0.0000000000,-0.0000000000,3.0029521284,-0.0000000000,-0.5281366485,0.0425955426,-0.0000000000,-0.0000000000,-0.0322087431,-0.0000000000,-0.3824876719,-0.0000000000,0.0000000000,-0.0000000000,-0.0000000000,-1.2016990881,0.0681530693,0.0000000000,0.0000000000,-0.0000000000,-0.0000000000,-0.0000000000,0.0000000000,-0.3403175327,-0.0000000000,0.0853676174,-0.0000000000,-0.0624041212,-0.0000000000,0.0000000000,0.0000000000,-0.2299108902,-0.0000000000,0.0000000000,-0.0475570212,0.0000000000,0.0000000000,0.1366572237,0.0000000000,-0.0000000000,0.0000000000,-0.1078300456,0.0000000000,-0.1181608220,0.0000000000,0.0000000000,0.0000000000,0.0000000000,0.0000000000,0.0000000000,0.0403887545,0.0000000000,-0.1175804946,0.0391292089,0.0000000000,-0.0000000000,-0.0000000000,0.0000000000,-0.0000000000,-0.0000000000,-0.0000000000,-0.0000000000,0.0000000000,0.0000000000,-0.0000000000,0.1475820667,-0.0000000000,0.0000000000,0.0000000000,0.0181949302,0.0000000000,-0.0000000000,-0.0000000000,-0.0000000000,-0.0000000000,0.0000000000,0.0000000000,0.0000000000,-0.0000000000,0.0000000000,0.0000000000
-0.0000000000,0.0000000000,0.0000000000,-0.0000000000,0.0000000000,0.0000000000,-0.0000000000,-0.0000000000,0.0000000000,0.0000000000,0.0000000000,0.0000000000,-0.0000000000,-0.2041836482,-0.0000000000,-0.0000000000,-0.0387614178,-0.4613057649,-0.0000000000,-0.0000000000,-0.0000000000,-0.0000000000,2.1473333869,0.0000000000,0.1517259894,-0.1494618655,-0.2096299303,-0.0000000000,-0.0251243474,-0.1553924959,-0.0000000000,-0.0000000000,0.0000000000,-0.0000000000,-0.0000000000,-0.0000000000,0.0000000000,0.0000000000,-0.0000000000,0.0000000000,-0.0000000000,-0.0000000000,0.0000000000,-0.0933475526,0.0000000000,0.0000000000,-0.0000000000,-0.1576520117,-0.0000000000,0.0000000000,-0.1245569817,0.0000000000,-0.0000000000,0.0102994279,0.0851386179,-0.0000000000,-0.0000000000,0.0000000000,-0.0000000000,0.0000000000,0.0000000000,-0.0428737341,-0.2633260268,-0.0000000000,-0.1357752210,-0.0000000000,-0.0000000000,-0.0630303517,-0.0000000000,0.0000000000,0.0000000000,-0.0000000000,-0.8126208685,-0.0000000000,-0.0000000000,-0.0000000000,-0.0000000000,-0.2564343629,-0.0000000000,-0.0000000000,0.0977131294,0.0000000000,0.0000000000,0.0100569182,-0.0000000000,-0.0000000000,0.0000000000,0.0000000000,0.0000000000,0.0000000000,-0.1205567204,-0.0000000000,-0.0000000000,-0.0481937827,0.0000000000,-0.0000000000,0.0000000000,-0.0571902578,-0.0438139615,0.0000000000
-0.0000000000,-0.0000000000,-0.0987858730,0.0387457773,-0.0000000000,-0.0000000000,-0.0000000000,0.0000000000,-0.0000000000,-0.0000000000,0.0000000000,-0.0000000000,0.0000000000,0.0622973194,0.0188281186,-0.0235326985,-0.0000000000,-0.0000000000,0.0000000000,-0.0000000000,-0.0000000000,-0.5281366485,0.0000000000,2.4801822682,-0.0000000000,-0.0000000000,-0.4363112145,-0.0000000000,-0.0000000000,-0.0169655208,-0.0000000000,0.0000000000,-0.0000000000,0.0000000000,-0.0065044996,-0.0000000000,-0.0000000000,0.2300859897,-0.0000000000,-0.1345003407,-0.0000000000,0.0000000000,-0.0000000000,0.0000000000,0.0493996504,-0.0000000000,-0.0000000000,0.0062033912,0.0000000000,0.1413423354,-0.0000000000,-0.0000000000,0.0824181187,-0.0000000000,-0.0000000000,0.0000000000,0.0766713764,-0.0000000000,-0.0000000000,-0.0000000000,-0.2023489796,0.0945859275,-0.0000000000,0.0000000000,0.0000000000,0.0000000000,-0.0000000000,0.0197966268,0.0000000000,0.0468173150,-0.0000000000,0.0000000000,0.1416158195,-0.1052778542,-0.4153519899,-0.1815762789,-0.0699456599,-0.0000000000,-0.0000000000,0.0000000000,-0.5440496999,0.0000000000,0.0000000000,-0.0000000000,0.0000000000,0.0000000000,-0.0000000000,0.0729521094,0.0000000000,-0.0000000000,-0.0327349928,-0.0274692746,-0.0000000000,0.0131967668,-0.2867331907,0.0000000000,-0.0000000000,0.3518940650,0.0000000000,0.0073534791
0.0000000000,-0.0000000000,-0.0000000000,0.0000000000,-0.0000000000,-0.0000000000,0.0000000000,-0.0000000000,-0.0247367295,-0.5851582428,-0.0000000000,-0.1387979242,0.0000000000,0.0000000000,-0.0000000000,-0.0000000000,0.0000000000,-0.0000000000,0.0000000000,0.1273288790,0.0000000000,0.0425955426,0.1517259894,-0.0000000000,1.8135991338,-0.0000000000,0.1153795130,-0.0000000000,-0.0000000000,0.0000000000,-0.0000000000,-0.0642596935,0.0000000000,0.0864969456,0.0000000000,-0.0000000000,-0.0000000000,0.0000000000,0.0000000000,-0.0000000000,0.0990109523,-0.0000000000,0.0000000000,0.0000000000,0.0999727662,0.1167134437,0.0000000000,0.1497525875,0.0000000000,0.0000000000,0.0000000000,-0.0000000000,-0.0000000000,0.0000000000,-0.0000000000,-0.1024193960,-0.0000000000,-0.0094691826,-0.0000000000,-0.0000000000,0.0000000000,0.0767517598,0.0000000000,0.0972954491,0.0000000000,0.0000000000,-0.0000000000,0.0000000000,-0.0000000000,-0.0000000000,0.0000000000,0.0000000000,-0.0000000000,-0.0000000000,-0.0000000000,-0.2114175406,-0.0000000000,0.0000000000,0.0000000000,0.0000000000,-0.0859649419,0.0000000000,0.0000000000,-0.0000000000,0.0000000000,0.1196419993,-0.0000000000,-0.0000000000,-0.0000000000,0.0000000000,0.0734931013,0.0000000000,0.0000000000,0.0000000000,0.0000000000,0.0000000000,0.0000000000,0.1004834089,-0.0000000000,0.0000000000
0.0354883257,-0.0000000000,-0.0000000000,-0.0000000000,0.0000000000,0.0000000000,0.0000000000,-0.0000000000,0.0000000000,-0.0000000000,-0.0000000000,-0.1841897038,-0.0580277032,-0.0000000000,-0.0000000000,-0.0000000000,-0.0612763067,-0.0000000000,-0.0000000000,0.0649557409,-0.0000000000,-0.0000000000,-0.1494618655,-0.0000000000,-0.0000000000,2.4055584253,-0.3116426585,-0.2270640875,-0.0000000000,-0.0000000000,0.0000000000,-0.0000000000,0.1013729142,0.0665312482,-0.0000000000,0.0000000000,0.0000000000,0.0368800998,0.0000000000,0.0000000000,0.3209234309,-0.0000000000,0.0000000000,-0.0000000000,0.0000000000,0.0000000000,0.0000000000,0.0000000000,0.0000000000,0.1195894321,0.0000000000,0.0000000000,0.0000000000,0.0000000000,-0.0000000000,0.0000000000,-0.0000000000,-0.0000000000,-0.0000000000,-0.0000000000,-0.0000000000,-0.0837354654,-0.0000000000,0.3405965180,0.0000000000,-0.0000000000,-0.0000000000,0.0000000000,0.0600716334,0.0000000000,0.0000000000,-0.0000000000,-0.0000000000,-0.0000000000,-0.3597552532,-0.6018641371,-0.0000000000,-0.3578162281,0.0270220758,0.0000000000,-0.0000000000,0.0037443332,0.0000000000,-0.0000000000,-0.0000000000,0.0000000000,0.0000000000,-0.0000000000,0.0000000000,0.0000000000,0.0000000000,-0.0000000000,-0.0000000000,-0.0000000000,-0.0000000000,-0.1436822511,0.0000000000,0.0000000000,-0.0000000000,0.0000000000
-0.0298920347,-0.0000000000,-0.0000000000,0.0000000000,0.0073299890,-0.0000000000,0.0000000000,0.0000000000,0.0000000000,0.0000000000,0.0000000000,-0.0000000000,-0.0000000000,0.0000000000,0.0000000000,0.0000000000,-0.0000000000,-0.0000000000,-0.0000000000,-0.1512071171,-0.0000000000,-0.0000000000,-0.2096299303,-0.4363112145,0.1153795130,-0.3116426585,2.0347294457,-0.2292742590,0.0000000000,-0.0011818893,0.0000000000,0.0052037835,-0.0624976328,-0.0000000000,-0.0000000000,-0.0001535350,0.0000000000,0.0000000000,0.0000000000,0.0765527040,-0.0000000000,-0.0000000000,-0.0000000000,0.0000000000,-0.1295814628,-0.0000000000,-0.3944723641,-0.0100801920,0.0000000000,0.1372477505,-0.0086810725,-0.0000000000,0.1064127779,0.0000000000,0.0000000000,0.0000000000,0.0000000000,0.0000000000,-0.0000000000,-0.0000000000,-0.0257710486,-0.0000000000,0.0000000000,-0.0000000000,0.0000000000,0.0000000000,0.0000000000,0.0000000000,0.0000000000,0.0000000000,0.0000000000,0.0000000000,-0.0000000000,0.0000000000,-0.0000000000,-0.0259147193,-0.0000000000,-0.1416028546,0.1156619166,-0.0000000000,-0.0000000000,0.0000000000,-0.0000000000,-0.0000000000,-0.7153514712,-0.0000000000,0.0000000000,-0.0000000000,0.0000000000,-0.0000000000,-0.1200354808,-0.0000000000,-0.0000000000,0.0000000000,-0.0000000000,0.0000000000,-0.0124580232,-0.0000000000,-0.0000000000,0.0623205470
0.0000000000,-0.0000000000,-0.0000000000,0.0541309889,-0.0000000000,-0.0000000000,0.0000000000,0.0000000000,-0.0160405476,-0.0031638007,-0.0811311202,-0.0000000000,-0.0000000000,-0.0273419720,-0.0000000000,0.1047329640,-0.0000000000,0.0000000000,-0.0000000000,0.0000000000,-0.0000000000,-0.0322087431,-0.0000000000,-0.0000000000,-0.0000000000,-0.2270640875,-0.2292742590,1.9732796118,-0.0000000000,-0.3021068418,0.0000000000,0.1279869515,-0.0000000000,0.0000000000,-0.0000000000,-0.0046828760,0.0000000000,0.0096300052,-0.0000000000,0.3257779094,0.0000000000,-0.1572183787,-0.0000000000,-0.0604273477,-0.0000000000,-0.1227015691,-0.0370932886,-0.1727009481,-0.0000000000,-0.0000000000,-0.0447267035,-0.0000000000,0.0000000000,0.1867405660,-0.0000000000,-0.0000000000,0.0000000000,-0.0000000000,-0.0000000000,-0.0000000000,-0.1891342823,0.0000000000,0.0000000000,0.0000000000,-0.0000000000,-0.0884473637,0.0000000000,0.0549389990,0.0000000000,0.1374961832,-0.0000000000,0.0000000000,0.0000000000,-0.0000000000,-0.0000000000,-0.2259583542,-0.0000000000,-0.0811352969,0.1089288030,-0.0000000000,-0.0000000000,0.0000000000,0.0000000000,0.0539395713,0.0000000000,0.0000000000,0.0000000000,-0.4934709282,0.0000000000,0.0000000000,0.0776076815,-0.0000000000,-0.0000000000,-0.0000000000,0.0000000000,0.0000000000,0.0000000000,0.0000000000,-0.0000000000,0.0000000000
0.0000000000,-0.0000000000,-0.0338577400,0.0233777048,0.0000000000,-0.0000000000,-0.0000000000,0.0000000000,-0.1098399023,-0.0579172188,-0.1256661871,0.0000000000,-0.0000000000,-0.0000000000,-0.4702359159,0.0000000000,-0.0000000000,-0.0000000000,-0.0210867413,-0.0000000000,-0.1343074293,-0.0000000000,-0.0251243474,-0.0000000000,-0.0000000000,-0.0000000000,0.0000000000,-0.0000000000,2.0040949311,0.0000000000,0.0000000000,-0.0000000000,0.0000000000,0.0000000000,-0.0000000000,-0.0000000000,-0.0000000000,0.0000000000,0.0000000000,0.0000000000,0.0000000000,0.0000000000,0.0000000000,-0.0000000000,0.1373467740,0.0000000000,0.0000000000,-0.0000000000,-0.0000000000,-0.0000000000,-0.0000000000,-0.0000000000,0.0000000000,0.0436310854,0.0000000000,-0.0372935070,0.0000000000,-0.0000000000,-0.0000000000,-0.0000000000,-0.0000000000,0.0000000000,-0.0000000000,-0.0000000000,-0.0918139828,-0.0064719512,-0.0000000000,0.0000000000,0.0000000000,0.0000000000,-0.2419236463,-0.0000000000,0.0000000000,-0.2785963966,-0.0000000000,-0.0000000000,-0.2764789824,0.0000000000,0.0000000000,-0.0000000000,-0.0000000000,-0.0000000000,0.0000000000,0.0000000000,0.0000000000,0.0000000000,-0.0000000000,0.0000000000,-0.0000000000,-0.0000000000,0.1137870663,-0.1192985506,-0.0000000000,0.0000000000,-0.0000000000,-0.0076174347,0.0000000000,0.0000000000,-0.2505836509,-0.0000000000
