1.722116739273592545e+00,-0.000000000000000000e+00,-0.000000000000000000e+00.1,0.000000000000000000e+00,-0.000000000000000000e+00.2,-1.601746861013417580e-02,-1.803705654013046111e-01,-0.000000000000000000e+00.3,-1.716301046762805926e-01,-5.863625250069227912e-02,-0.000000000000000000e+00.4,-0.000000000000000000e+00.5,8.817725340202682560e-02,0.000000000000000000e+00.1,0.000000000000000000e+00.2,-7.466737461523993702e-02,6.822448947257894747e-02,0.000000000000000000e+00.3,0.000000000000000000e+00.4,-0.000000000000000000e+00.6,-0.000000000000000000e+00.7,0.000000000000000000e+00.5,0.000000000000000000e+00.6,1.669295366103505651e-01,-4.581150887255556192e-01,-0.000000000000000000e+00.8,0.000000000000000000e+00.7,0.000000000000000000e+00.8,0.000000000000000000e+00.9,0.000000000000000000e+00.10,-1.339574194788719676e-02,-0.000000000000000000e+00.9,-8.206601460898867162e-02,0.000000000000000000e+00.11,0.000000000000000000e+00.12,-0.000000000000000000e+00.10,-0.000000000000000000e+00.11,-0.000000000000000000e+00.12,0.000000000000000000e+00.13,-0.000000000000000000e+00.13,0.000000000000000000e+00.14,-2.286066305143395760e-01,0.000000000000000000e+00.15,-0.000000000000000000e+00.14,-0.000000000000000000e+00.15,0.000000000000000000e+00.16,4.835970021960017684e-02,-0.000000000000000000e+00.16,-1.165402646515288076e-01,0.000000000000000000e+00.17,-2.510434787231451415e-01,0.000000000000000000e+00.18,6.005055354542217227e-02,2.379309397254903979e-01,-1.014549045154263252e-01,-0.000000000000000000e+00.17,0.000000000000000000e+00.19,-0.000000000000000000e+00.18,0.000000000000000000e+00.20,0.000000000000000000e+00.21,-0.000000000000000000e+00.19,0.000000000000000000e+00.22,0.000000000000000000e+00.23,-0.000000000000000000e+00.20,0.000000000000000000e+00.24,0.000000000000000000e+00.25,-0.000000000000000000e+00.21,0.000000000000000000e+00.26,-0.000000000000000000e+00.22,-0.000000000000000000e+00.23,0.000000000000000000e+00.27,0.000000000000000000e+00.28,0.000000000000000000e+00.29,0.000000000000000000e+00.30,0.000000000000000000e+00.31,-0.000000000000000000e+00.24,-0.000000000000000000e+00.25,0.000000000000000000e+00.32,-0.000000000000000000e+00.26,-0.000000000000000000e+00.27,-0.000000000000000000e+00.28,-0.000000000000000000e+00.29,0.000000000000000000e+00.33,0.000000000000000000e+00.34,0.000000000000000000e+00.35,0.000000000000000000e+00.36,-0.000000000000000000e+00.30,-0.000000000000000000e+00.31,-0.000000000000000000e+00.32,0.000000000000000000e+00.37,0.000000000000000000e+00.38,0.000000000000000000e+00.39,-1.574457096588142146e-01,-0.000000000000000000e+00.33,1.772838340609628194e-02,-0.000000000000000000e+00.34,-0.000000000000000000e+00.35,-4.683113777615264400e-02,-3.202386497501622659e-02,-0.000000000000000000e+00.36
-0.0,3.0647332680597628,-0.18530009377889745,-0.0,-0.129816618953482,-0.0,0.0,-0.21862811429400208,0.0,0.0,0.08254344962267955,0.0,0.0,0.0,0.0,-0.5462949806223053,-0.0,-0.10077354347927928,0.0,-0.0,0.0,-0.0,-0.0,0.0,0.0,0.0,0.0,-0.0,0.0,0.0,-0.0,0.0,-0.0,-0.0,-0.0,0.04994315003072297,0.0,0.0,0.0,-0.0,0.0,-0.0,-0.0,-0.0,-0.1143784380181809,0.0,0.10241759628572052,0.0,0.0,0.0,-0.0,-1.6040345003495122,-0.0,-0.0,-0.1572075223445205,-0.0,-0.03421170340574008,-0.0,0.0,0.0014932858033450222,-0.0,-0.0,-0.0,-0.0,0.0,0.0,0.0,-0.0,-0.0,-0.3057758179338986,-0.0,-0.0,-0.0,-0.0,-0.0,0.0,-0.0,-0.0,0.0,-0.0,0.0,0.021229471778395924,-0.01910424455009445,-0.0,0.0,-0.0,0.0,-0.0,0.001994515465341536,0.2104510793885348,0.0,-0.0,0.0,-0.0,-0.0,-0.0,0.03281358442201279,0.0,0.0,0.053458113098783296
-0.0,-0.18530009377889745,2.6060303289007063,0.4096454813994087,-0.0,-0.641891212118322,0.0,0.0,-0.0,0.0,0.0,0.0,-0.0,0.0,0.0,-0.0,-0.0,-0.0,-0.0,-0.0029529619176701574,0.0,-0.0,-0.0,-0.0,0.0,0.0,-0.0,-0.0,-0.0,0.0,0.0,0.0,-0.0,-0.0,-0.0,-0.0,0.0,0.009371830568447412,0.0,-0.0,0.0,-0.0,0.0,0.09878814545235501,0.0,0.27417770333582514,0.0,-0.0,-0.0,0.12780314809476645,-0.0,-0.4464265561566564,0.0,0.0,-0.6252460991818772,-0.4369582733664349,-0.0,-0.0,0.06312174671230161,0.0,0.0,-0.0,-0.0,0.0,0.012802903911759325,0.0,0.0,-0.0,0.0,-0.0,0.0,-0.029753437116555856,-0.0,0.0,0.0,0.0,-0.25088173460159896,-0.044261112973306815,0.0,-0.0,0.0,0.0,-0.17891984681353976,-0.0,0.0,-0.0,-0.0,-0.0,-0.0,0.0,0.0,0.0,0.0,0.0,-0.0,0.0,0.0,0.0,0.0,0.0
0.0,-0.0,0.4096454813994087,2.909745301916717,-0.0,0.04445200543617658,-0.048034416179434145,-1.0509182073054493,0.0,-0.024080315696362063,-0.0,-0.0,0.0,0.0,-0.0,-0.05917721239038261,0.0,0.0,0.0,0.0,-0.16277449604456473,0.0,0.0,0.0,0.0,0.0,0.179837244678227,0.0,-0.0,0.0,-0.0012461619330030374,-0.014245826584324243,-0.18138065219150376,-0.13087065576653573,0.0,0.067679844428336,0.0,-0.16999601338382211,0.0,0.0,-0.0,0.0,-0.0,-0.08693871157876124,0.0,-0.0,0.0,0.0,0.0,-0.0,0.2711704898026766,0.0,0.0,-1.0664642724862932,0.0,0.0,0.0,-0.0,-0.0,-0.0,-0.018225752377238447,-0.0,0.0,-0.0,-0.22742847433704272,-0.0,0.0,-0.0,0.0,0.0,-0.0,0.06390934275865522,0.0,-0.0,-0.0,-0.0,0.0,0.09348722898427171,-0.0,0.0,0.0,0.014696496395794264,-0.0,-0.0,-0.0,-0.0,0.0,0.09231777552133551,0.0,0.0,0.07712641015750697,-0.0,0.0,-0.0,-0.0,-0.0,-0.0,0.4160022697040072,0.0,-0.0
-0.0,-0.129816618953482,-0.0,-0.0,2.2306184971619607,-0.0,-0.04316826172907785,-0.3339935409607555,-0.28005432600654045,0.0,0.1399024160758952,0.0,0.0,-0.0,0.0,-0.0,-0.0,-0.0,-0.0,-0.0,-0.17483225824993304,0.0,0.14821919751620727,0.0,-0.18104664308270865,0.0,0.004919673937846635,-0.0,0.0,0.0,-0.0,-0.0,0.0,-0.0,0.0,0.0,-0.0,-0.0,-0.0,0.0,0.0,0.0,0.0,0.14734543651735607,0.06785762306528847,-0.0,-0.0,0.0,0.0,0.0,-0.0,-0.0,-0.0,-0.4393839902174,-0.1165253146574432,-0.0,-0.0,-0.0,-0.0,0.2501069576501105,0.0,0.0,0.0,0.0,0.0,0.09032867338036904,-0.0,-0.0,-0.0,-0.0,-0.0,0.0,0.0,0.03277868003146114,-0.0,0.0,-0.0,-0.0,-0.0,-0.16491894320364472,0.0,-0.0,0.0,0.0,-0.0,-0.0,0.0,0.0,0.0,0.4170039690012505,-0.0,-0.256676105881255,0.0,-0.0,0.0,0.16805848754433517,-0.0,-0.0,0.2162350606900997,0.0
-0.016017468610134176,-0.0,-0.641891212118322,0.04445200543617658,-0.0,4.066283278606633,-0.0,-0.0,-0.8539694521185267,-0.0,-0.0,-0.0,0.0,0.0,0.13562524170189547,0.0,-0.0,-0.0,0.0,-0.02790196077687076,-0.0,0.0,0.0,-0.0005886356026503196,-0.0,0.0,0.0,0.0,0.0,0.0,-0.0,-0.0,0.0,0.0,0.0,-0.0,0.014790946333606796,0.0,0.0,-0.0,0.072443701408329,-0.0,0.06732798580069553,0.0,-0.0,0.0361193230054921,0.0,0.0,-0.8859301614180961,0.0,-0.0,0.0,0.004287374241338352,0.4135263730019312,-1.0672588209926943,-1.0832504898021564,0.0,-0.0,-0.0,-0.0,-0.013984516414987316,-0.0,-0.08402259424072822,0.0,0.0,0.0,-0.0,0.0,0.0,0.0,0.0,-0.0,0.0,-0.0,0.0,-0.0,-0.0,0.0,-0.0,-0.0,0.0,0.058167823928855035,0.0,0.0,0.0,0.0,0.0,0.0,-0.0,0.0,0.0,0.0,-0.0,-0.0,0.0,0.0,0.15902310873428518,0.0,-0.0,0.0
-0.1803705654013046,0.0,0.0,-0.048034416179434145,-0.04316826172907785,-0.0,2.222226351145349,-0.4957674775391628,-0.21767262205008356,-0.20197988726291977,-0.0,0.0,0.10401054549300406,0.0,0.0,-0.8794853691214847,0.0,-0.0,0.0,-0.0,-0.0,-0.0,-0.0,-0.10551887753520343,-0.0,0.0,0.0,0.0,0.0,0.0,0.0,-0.10079727185513213,-0.0,-0.0,0.0,-0.0,-0.07970109562771496,-0.0,-0.0,-0.1453253261913794,-0.36603153220106976,-0.0,0.0,0.0,0.0,0.0,0.0,-0.0,-0.0,0.0,0.08106829630049696,0.2579404678873531,0.0,0.0,-0.0,0.0,0.0,0.0,0.0,-0.0,-0.0,0.0,0.0,-0.0,0.0,0.0,-0.3295596785575945,0.1199490514067274,0.0,0.0,0.0,0.0,-0.0,-0.0,-0.0,-0.0,-0.0,0.0,0.0,0.0,-0.0,0.0,0.1321537824098563,-0.0,0.0,0.0,-0.0,0.0,0.0,0.0,0.0,0.0,0.0,0.0,0.0,0.13020805767590052,-0.0,0.0,0.0,0.0
-0.0,-0.21862811429400208,0.0,-1.0509182073054493,-0.3339935409607555,-0.0,-0.4957674775391628,3.5525465175131563,-0.07993012419862798,-0.0,-0.0,-0.0,0.0,0.0,-0.0,-0.13823347546746392,0.0,-0.05162244175289239,0.0,-0.010442743618371652,-0.0,0.0,-0.0,0.027886298020057484,0.0,0.0,0.0,0.0,-0.0,0.031526114056152486,-0.0,-0.0,-0.0,-0.0,0.0,0.0,0.0,-0.0,0.08764626165449221,0.0,-0.0,-0.0,-0.0,-0.0,-0.0,-0.0,0.0,-0.0,0.0,-0.0,0.0,-0.0,-0.0,-0.0,-0.0,-0.0,-0.37059580539642,-1.5814191363951449,0.0,-0.0,-0.0,0.0,-0.0,-0.0,-0.0,-0.0,-0.0,0.0,-0.0,-0.0,-0.04524008837760136,-0.0,-0.0,-0.0,-0.0,-0.0,-0.0,0.0,0.0,0.0,0.0,0.0,-0.0,-0.0,0.0,-0.0,0.0,0.0,0.0,0.0,0.2663409056289943,0.0,0.0,-0.0,0.0,-0.0,-0.0,0.0,0.0,0.0
-0.1716301046762806,0.0,-0.0,0.0,-0.28005432600654045,-0.8539694521185267,-0.21767262205008356,-0.07993012419862798,2.6661981985792598,-0.3849214107136761,-0.0,-0.0,0.26863477330429075,0.0,0.0,-0.0,0.25403769520487945,-0.0,0.010659427414758851,-0.0,-0.0,0.09425074777876466,0.0,-0.0,-0.0,0.0,0.05168773927860367,0.0,0.0,0.0,0.0,0.0,-0.0,0.0469853376464401,0.0,-0.0,-0.0,0.0,-0.0,-0.10220477707243268,-0.0,-0.15233078927588106,0.0,0.0,0.0,0.0,0.0,-0.0,-0.14712059042660497,0.0,-0.0,0.0,0.0,0.0,-0.0,-0.0,0.0,-0.2821995284609949,-0.25345401989393906,-0.0,-0.0,0.0,-0.0,0.0,0.0,-0.0,-0.051275966533138026,0.31384613599341243,0.0,0.0,0.0,0.0,0.0,-0.0077144312328487185,0.0,-0.028278414875861933,0.0,0.00961855128882788,0.0,0.011964962412139507,0.15544604741438733,0.0,0.016248814873414452,0.0,0.0,-0.0,0.0,-0.0,0.0,0.0,0.0,0.0,-0.0,-0.0,0.0,0.0,-0.0,-0.0,-0.0,0.23778367337765913
-0.05863625250069228,0.0,0.0,-0.024080315696362063,0.0,-0.0,-0.20197988726291977,-0.0,-0.3849214107136761,2.706325604924763,-0.5087693861506527,-0.07395495970046895,0.0,0.18187430877850908,0.0,-0.0,0.0,0.0,0.0,-0.0,-0.0,-0.0,0.0,-0.0,-0.0012575146152489487,-0.0,-0.0,0.0,0.0,0.0,-0.14527584022767015,-0.09724097874477354,-0.10614318664677733,0.0,-0.0,0.0,-0.0,-0.10320075216529656,0.0,-0.119995944258149,-0.0,-0.03251996213411675,-0.0,-0.0,-0.0,0.0,0.0,0.0,-0.0,0.0,-0.0,0.12089040519464941,0.0,0.0,-0.04160202774344893,0.0,0.0,-0.014447944462922023,-0.40189111589430215,-0.10644725660279902,-0.11702828049402599,0.0,0.0,-0.0,-0.0,-0.0,-0.0,0.0,0.01429099777328678,0.12006909191776,0.0,0.0,0.0,-0.18542880099671513,-0.0016865201142313348,-0.4920492460454448,0.0,0.0,0.0,0.0,-0.0,0.0,0.0,-0.0,-0.1081374471580006,0.0,0.0,-0.0,-0.0,-0.0,0.0,0.0,-0.19174284633805508,-0.0,-0.0,-0.0,-0.0,0.0,-0.0,-0.0
-0.0,0.08254344962267955,0.0,-0.0,0.1399024160758952,-0.0,-0.0,-0.0,-0.0,-0.5087693861506527,3.614249061147506,-1.30242092356193,-0.0,0.009378579312045507,-0.0,0.0,0.0,0.0,0.0,-0.0,-0.0,-0.0,0.0,-0.0,0.0,-0.06053457997441572,-0.0,0.0,-0.0,0.0,-0.0,0.119795741329508,0.0,0.06192742468750704,-0.0,-0.0,0.0,0.142258453744338,0.0,-0.0,-0.0,-0.0,-0.0,-0.19129559704157068,-0.0,0.0,-0.0,0.042560430127845175,-0.0,-0.0,-0.0,0.0,-0.0,-0.0,-0.0,-0.0,0.0,-0.1440862944215414,-0.04491720537256832,-1.0893793509118272,-0.0004928991994379406,0.0,0.0,0.0,-0.0,-0.0,-0.0,0.02619366265190996,0.1296608708592653,0.0,0.0,-0.0,0.0,-0.25159228944620293,-0.0,-0.0,0.26352562271788854,0.3869822210102075,0.0,0.0,0.0,0.0,0.0,0.0,-0.0,0.0,-0.0,0.0,-0.0,-0.04860983950654257,-0.0,0.13110145164229356,0.0,0.0,-0.0,-0.0,0.0,0.0,-0.0,-0.0
-0.0,0.0,0.0,-0.0,0.0,-0.0,0.0,-0.0,-0.0,-0.07395495970046895,-1.30242092356193,4.077770666795532,-0.19285790779871745,-0.0,-0.0,0.0,-0.0,0.0,-0.0,0.0,-0.0,-0.0,0.0,-0.24432957755500256,-0.0,-0.8310293879931028,-0.0,0.0,-0.11981671611441592,0.05812190505250293,0.0,0.04923761813358201,0.0,0.0,-0.0,0.0,0.0,0.0,-0.0,-0.0,0.0,-0.0,0.0,-0.0,0.0,0.17826200819077478,-0.0,0.4196426008146763,-0.0,0.0,-0.0,0.0,-0.0,-0.0,0.0,-0.0,0.0,-0.0,-0.0,-0.0,-0.9317550675461843,-0.0,-0.0,-0.0,-0.0,-0.09695673670482396,-0.0,-0.0,0.0,0.0,-0.0,-0.0,0.0,-0.16315959823456266,-0.39884111432072095,-0.21968098178121848,0.0,0.0,0.0,0.0,-0.0,0.0,0.05188615025818629,0.0,-0.0,0.2108041041884217,-0.0,0.0,-0.0,-0.0,-0.0,0.0,-0.0,0.0,-0.0,-0.0,0.0,-0.0,-0.0,-0.0
0.08817725340202681,0.0,-0.0,0.0,0.0,0.0,0.10401054549300406,0.0,0.26863477330429075,0.0,-0.0,-0.19285790779871745,3.1264783210890017,-0.06861541962035612,-0.0,0.1014813064668172,-0.8355730043955086,0.0,-0.0,-0.0,-0.0,-0.22392392119220828,-0.0,-0.0,0.0,-0.3096421527761494,-0.0,-0.0,-0.47606005591111344,0.20990502121398297,0.02754488830746004,0.15880259771119362,0.10574199527879471,0.0,-0.0,0.0,-0.0,0.0,0.01585234612299955,0.0,0.0,0.0,0.0,0.0,0.016011496532322336,0.0,-0.09084515263362888,0.0,0.0,0.0,-0.0,-0.0,-0.0,-0.0,0.0,-0.14688945138553566,0.0,0.0,0.0,-0.0,-0.0,-0.9024096404827296,-0.3574838216677493,0.0,0.1160664110358943,-0.0,-0.0,-0.0,0.13609982457895464,0.00993091701670872,-0.0,-0.0,0.0,0.0,-0.0,0.0,-0.0,-0.0,-0.0,-0.0,0.0,-0.0,-0.0,0.0,-0.0,0.0014814979186774252,-0.0,0.0,-0.0,-0.0,-0.0,0.03889551218181878,0.0,0.052907388468122714,-0.0,-0.0,-0.0,-0.0,0.0,-0.0
0.0,0.0,0.0,0.0,-0.0,0.0,0.0,0.0,0.0,0.18187430877850908,0.009378579312045507,-0.0,-0.06861541962035612,2.911772951984115,-0.6818787524754182,0.4052072269057396,-0.0,0.0,-0.7389949923025024,0.0,-0.2338316077348541,0.0,-0.0,0.0,-0.0,-0.0,-0.0,-0.0,-0.0,-0.0,0.0,-0.0,-0.0,-0.0,0.0,0.0,0.0,-0.0,-0.0,0.0275672878788452,-0.0,0.07113613458754171,0.0,0.05034640669818101,0.0,-0.0,-0.0,0.0,0.0,0.0,-0.0,-0.0,0.0455478076771608,-0.0,0.0,-0.0,0.0,0.0,0.0,0.0,0.0,-0.0,-0.36314858491915714,-0.6276036350622158,-0.0,-0.0,0.017363390895011755,-0.0,0.0,0.061096060393427194,-0.0,0.0,-0.0,0.0,-0.0,0.0,-0.0,-0.36552158970827414,-0.0,-0.0,0.1299704761373086,-0.0,-0.0,0.0,0.0,0.0,0.0,0.0,-0.0,0.0,0.0,-0.05123159384999688,-0.0,-0.0,-0.0,0.0,-0.0,0.0,0.0,0.0
0.0,0.0,0.0,-0.0,0.0,0.13562524170189547,0.0,-0.0,0.0,0.0,-0.0,-0.0,-0.0,-0.6818787524754182,3.6661499807510065,0.0008186619352599857,0.0,0.10928394211138144,0.0,0.1967363475131976,-0.0,0.0,-0.19416255236597751,0.02304713203464251,0.0,-0.0,-0.0,0.0,-0.6322518626814948,-0.0,0.06638255948609131,0.0,-0.0,0.0,0.0,0.0,-0.0,-0.0,-0.0,0.0,-0.0,0.0,-0.0,-0.0,0.264955047246301,0.0,-0.0,0.0,0.0,-0.0,0.0,-0.0,0.019304780025964117,-0.0,0.0,0.0,0.0,-0.0,-0.0,-0.0,-0.0,-0.11549308500688393,-0.0,-0.0,-0.0,-2.201357509602433,0.008093755985308195,0.0,0.017494960520029808,0.03981767155154308,-0.0,-0.0,-0.0,-0.0,-0.0,-0.0,0.0,-0.0,0.0,0.0,0.202347544075142,-0.0,-0.0,0.0,0.0,0.0,-0.0,0.0,0.0,-0.0,0.0,0.0,-0.0,-0.0,-0.0,-0.0,-0.0,-0.0,-0.0,-0.0
-0.07466737461523994,-0.5462949806223053,-0.0,-0.05917721239038261,-0.0,0.0,-0.8794853691214847,-0.13823347546746392,-0.0,-0.0,0.0,0.0,0.1014813064668172,0.4052072269057396,0.0008186619352599857,3.2340946978847755,0.0,-0.4369872482269673,0.0,-0.0,0.0,-0.035634497042289826,-0.0,-0.0,0.0,0.0,-0.0,-0.0,0.0,0.0,0.0,-0.03283140433866148,-0.5006029394283465,-0.022106881769916417,-0.1651307092723028,0.0,-0.0,-0.0,0.0,-0.0,-0.0,-0.0,-0.0,0.0,-0.1402417777741066,-0.0,0.0,-0.17473662847223287,-0.0,0.0,-0.0,-0.0,-0.12614652072232843,0.0,-0.1383835841035095,0.0,0.0,0.0,0.13289712539598364,-0.0,0.0,-0.0,0.0,-0.0,0.0,0.0,-0.0,0.0,0.0,-0.0,0.0,-0.0,-0.0,0.0,-0.0,-0.0,0.0,0.0,0.0,0.0,-0.0,0.2220607193001861,0.0,-0.783028375222947,-0.0,-0.0,0.0,-0.0,0.16135317784147923,0.0,0.23003047057903636,0.22610695759191551,0.0,0.0,0.0,0.0,0.0,0.03627577199940647,0.0,0.0
0.06822448947257895,-0.0,-0.0,0.0,-0.0,-0.0,0.0,0.0,0.25403769520487945,0.0,0.0,-0.0,-0.8355730043955086,-0.0,0.0,0.0,3.204758696319088,0.0,-0.6661490363107779,0.0,-0.0,-0.24544255069862628,-0.0,-0.6199705566358147,0.0,-0.0,-0.0,-0.10214002350887395,-0.0,-0.0,0.0,0.0,0.17449379569615547,-0.2229579242847656,-0.0,0.0,0.0,0.0,-0.0,0.0,-0.0,0.061221907519989835,0.0,0.0436989705557787,0.0,0.0,-0.03309482223215096,0.10493482706833412,0.0,0.0,-0.0,-0.029994478385569727,-0.0,-0.0,0.0,-0.0,0.0,0.0,0.0,-0.0,-0.0,-0.0,-0.0,-0.0,0.0,0.0,-0.0,-0.6319460648621708,-0.0,0.0,-0.0,-0.0,0.0,0.0,-0.12286516354910766,0.0,-0.0,-0.05119945102187371,-0.0,-0.10776695917221916,-0.0,-0.0,-0.0,-0.0,-0.0,0.094309075159934,0.0,0.0,0.0,-0.0,-0.0,-0.0,0.0,0.13265902778563232,-0.0,0.0,0.10201627217666216,0.0,0.23686480205469143,0.0
0.0,-0.10077354347927928,-0.0,0.0,-0.0,-0.0,-0.0,-0.05162244175289239,-0.0,0.0,0.0,0.0,0.0,0.0,0.10928394211138144,-0.4369872482269673,0.0,3.3341375508960125,-0.0,-0.1702781112807455,-0.0,0.0,-0.0,-0.0,0.34303379922615124,0.06011118973740621,-0.0,0.0,0.0,0.0,0.0,-0.0,-0.0,-1.0364691051284542,-0.0,-0.04471592545263453,0.0,0.0,0.0,-0.0,-0.0,0.0,0.0,0.0,-0.20227160854477932,0.0,0.0,-0.0,-0.0,-0.0,0.0,-0.0,-0.0,0.0,-0.4138444250699186,0.0,-0.0,-0.0,0.0,0.0,0.0,0.0,-0.0,0.0,0.0,0.0,0.0,0.0,-0.0,-0.8942846618625128,-0.0,-0.0,-0.11772992875895506,0.0,0.0,-0.0,-0.0,-0.0,0.0,0.0,-0.0,0.0,0.0,-0.060449393255158225,0.0,-0.3339632998424379,0.0,0.0,0.0,0.13215926926450225,0.09207991634609952,0.0,0.020538345590412933,0.0,-0.0,0.0,0.062223777732020966,0.0,0.0,0.26429783002793544
0.0,0.0,-0.0,0.0,-0.0,0.0,0.0,0.0,0.010659427414758851,0.0,0.0,-0.0,-0.0,-0.7389949923025024,0.0,0.0,-0.6661490363107779,-0.0,2.567448101757439,-0.0,-0.4410071529822176,-0.0,-0.0,0.0,-0.0,-0.0,-0.0,-0.0,-0.003784663700298244,0.0,0.0,-0.0,-0.0,-0.18211502312836647,-0.0,-0.0,-0.0,-0.10398516311366791,-0.0,0.03392041230295572,-0.0,0.24558144465908535,0.0,0.0,0.0,-0.0,-0.05200799569927274,0.0,0.0,-0.0,0.0,0.0,0.0,0.0,0.0,-0.0,0.0,0.0,0.0,-0.0,0.0,0.0,0.0,-0.0,0.0,0.0,-0.0,-0.20069883273153824,-0.0,0.0,-0.0,0.0,0.0,0.2622230559310529,-0.0,0.0,-0.28654917881218145,-0.0,-0.0,-0.0,0.0,-0.0,-0.0,0.0,-0.0,0.0,-0.0,0.0,-0.0,0.0,0.0,-0.0,0.0,0.0,-0.0,0.0,0.0,0.0,0.0,-0.0
-0.0,-0.0,-0.0029529619176701574,0.0,-0.0,-0.02790196077687076,-0.0,-0.010442743618371652,-0.0,-0.0,-0.0,0.0,-0.0,0.0,0.1967363475131976,-0.0,0.0,-0.1702781112807455,-0.0,2.528379240346571,0.0,0.0,0.0,-0.0,0.0,0.0,-0.22912008822685592,0.0,-0.0,0.0,-0.0,0.0,0.0,-0.0,0.0,-0.0,0.042629916972466646,-0.0,0.0,-0.0,-0.0,-0.0,0.0,-0.0,-0.0,-0.02337941845536553,0.0,-0.0,-0.1080879675740617,-0.0,-0.0,-0.0,-0.0,0.0,-0.13893725176381175,-0.03610380535580741,-0.4130440733824496,-0.0,0.0,0.0,0.0,-0.0,-0.0,0.0,0.1333990959607135,0.0,-0.23801780606310388,0.0,0.0,-0.15435748533664012,-0.2976302338499172,-0.0,-0.0,-0.17502064375209447,0.0,0.0,-0.2868672246515432,0.0,-0.0,-0.0,0.0,-0.0,-0.0,0.0,-0.0,-0.0,0.0,0.0,-1.0282062311715843,-0.0,-0.0,0.0,-0.0,-0.0,-0.0,-0.03933238385654337,-0.0,-0.03482959631145679,-0.0,-0.0
-0.0,0.0,0.0,-0.16277449604456473,-0.17483225824993304,-0.0,-0.0,-0.0,-0.0,-0.0,-0.0,-0.0,-0.0,-0.2338316077348541,-0.0,0.0,-0.0,-0.0,-0.4410071529822176,0.0,2.3733316576788703,0.0,0.0,0.0,-0.0,0.0,0.0,0.0,-0.04100452162825085,0.0,-0.05364475395601999,-0.0,-0.0,-0.0,0.0,0.0,0.0,-0.0,0.0,0.1302733565625971,0.0,0.0,0.023362277650119355,0.0,0.0,0.20559114890380847,-0.0,0.0,0.0,0.0,-0.0,0.0,0.0,-0.0,0.0,-0.0,0.0,-0.0,-0.0,-0.0,-0.07755190294274139,-0.0,0.0,-0.0,-0.1220122598152749,-0.0,0.0,-0.2257729233206486,0.0,0.0,-0.7390766053951654,0.017542722677374407,0.0,-0.0,-0.2613753867582196,-0.0,0.0,0.0,-0.08932476787467762,0.0,0.0,0.0,-0.0,0.0,-0.0,0.0,0.0,0.0,0.0,0.17953083556958024,0.0,-0.06720254301504436,-0.0,0.0,0.0,0.0,0.0,0.0,0.0,0.0
0.0,-0.0,-0.0,0.0,0.0,0.0,-0.0,0.0,0.09425074777876466,-0.0,-0.0,-0.0,-0.22392392119220828,0.0,0.0,-0.035634497042289826,-0.24544255069862628,0.0,-0.0,0.0,0.0,3.9828099079498847,-0.3549275142760049,-0.0,0.0,-0.5408022360135397,-0.0,-0.0,-0.0,-0.0,0.0,-0.0,-0.0,-0.02331603778498364,-1.6931049613849265,0.0,-0.0,0.0,0.0,0.0,-0.0,-0.0,-0.006285685163338623,0.0,-0.0,0.0,-0.5706044732436714,0.0,0.22178710462490128,0.0,-0.0,-0.0,-0.0,-0.0,-0.0,0.0,0.0,0.0,0.0,-0.0,0.0,0.0,-0.0,-0.0,0.07215376246320716,0.0,0.0,-0.0,0.0,0.0,0.07866179109978881,-0.5314916040869079,0.0,0.0,-0.0,-0.0,0.0,-0.011009417957119428,0.0,-0.0,-0.04658765666561963,0.0,0.0,-0.020595668870588286,-0.0,-0.0,0.0,-0.0,0.20782815745798047,-0.0,0.0,0.29006395610546115,0.08608713795663733,0.0,-0.0,0.0,0.0,0.12956578212800193,0.0,0.0
0.0,-0.0,-0.0,0.0,0.14821919751620727,0.0,-0.0,-0.0,0.0,0.0,0.0,0.0,-0.0,-0.0,-0.19416255236597751,-0.0,-0.0,-0.0,-0.0,0.0,0.0,-0.3549275142760049,2.6905514611991848,0.0,0.0,-0.0,-0.22752734510831807,-0.0,-0.14896311151800792,-0.19982757907673285,0.17950342885611312,-0.0,-0.0,-0.0,-0.16804634376016128,-0.0,-0.0947356148734116,-0.0,0.0,-0.0,-0.09738068951558992,0.0,-0.24673862244736877,0.024177515845146373,-0.0,0.0,-0.5027542725511344,-0.0,0.0,0.0,0.0,-0.0,0.0,0.0,-0.02967431673089808,0.0,0.0,0.0,0.022526212601969967,-0.0,0.0,0.0,-0.0,0.0,0.0,-0.0,-0.0,0.0,0.0,0.0,0.0,-0.15770353228551492,-0.32004613538817694,0.0,0.0,0.0,-0.0,-0.2608086160607593,0.0,0.0,-0.0,-0.0,-0.0,-0.0,-0.0,-0.045624275658098616,-0.0,-0.0,0.0,-0.0,0.034942656088671774,0.0903247395882747,0.0,0.16627082597297682,-0.0,0.0,0.0,-0.0,0.0,0.0
0.16692953661035057,0.0,-0.0,0.0,0.0,-0.0005886356026503196,-0.10551887753520343,0.027886298020057484,-0.0,-0.0,-0.0,-0.24432957755500256,-0.0,0.0,0.02304713203464251,-0.0,-0.6199705566358147,-0.0,0.0,-0.0,0.0,-0.0,0.0,1.997869588317705,0.2478687562916471,0.0,-0.0,-0.0,-0.0,0.0,0.0,0.0,0.0,-0.0,-0.023513165687764424,-0.0,0.06000499331164392,0.07141514553976258,-0.0,-0.45158462144833494,-0.3172788204270818,0.0,0.0,0.0,0.0,0.0,-0.0,0.1763929859310508,-0.0,0.0,0.0,0.0,-0.0,-0.0,-0.0,-0.0,0.0824853003399007,0.0,0.0,-0.15656545881896983,-0.0,0.0,-0.0,-0.0,0.050770040398673,0.0,-0.0,0.0,0.0,0.11732379281934896,0.0,-0.0,0.0,-0.0,-0.09780739920971261,-0.0,0.0,0.0,0.0,0.0,-0.08606282326153251,0.0,0.0,-0.14928386591388154,-0.0,0.03812142250693626,0.01604169932319345,0.0,-0.0,-0.23118930881484973,-0.04250735734763887,0.0,0.0,0.07633917888398525,-0.10063135457323316,0.0,0.0,0.0,0.0070637471424713685,0.0
-0.4581150887255556,0.0,0.0,0.0,-0.18104664308270865,-0.0,-0.0,0.0,-0.0,-0.0012575146152489487,0.0,-0.0,0.0,-0.0,0.0,0.0,0.0,0.34303379922615124,-0.0,0.0,-0.0,0.0,0.0,0.2478687562916471,2.2355650005708267,-0.29395450705171344,0.1506228292067835,0.0,0.0,-0.0,-0.0,-0.19206359792627437,0.0,0.0,0.0,0.0,-0.023591444156611567,-0.0,-0.0,0.0,0.24031154725525064,-0.2908905949834459,-0.0,0.3619351223292007,0.0,0.0,-0.0,-0.0,0.0,0.2788018535416,-0.0,0.0,0.0,0.0,0.0,0.0,0.0,0.0,-0.3996919276237738,0.0,-0.0,0.0,0.0,0.0,-0.0,0.0062486737627707725,-0.0,-0.0,-0.0,0.1698571190894327,0.0,0.04924628992811109,0.0,-0.0,-0.0,-0.0,-0.0,-0.0,-0.1728935392760946,-0.0,-0.0,-0.0,0.0,0.0528502287962816,-0.0,0.0,-0.0,-0.0,0.0,0.0,0.0,-0.4198516582722124,-0.0070575266678979415,-0.0,0.0832566492886326,0.0,-0.0,-0.0,0.0,0.0
-0.0,0.0,0.0,0.0,0.0,0.0,0.0,0.0,0.0,-0.0,-0.06053457997441572,-0.8310293879931028,-0.3096421527761494,-0.0,-0.0,0.0,-0.0,0.06011118973740621,-0.0,0.0,0.0,-0.5408022360135397,-0.0,0.0,-0.29395450705171344,2.433687786105257,-0.0,0.0,-0.0,0.0,0.0,0.05581119614577026,0.0,0.030069002021158538,-0.0,-0.0,-0.1223112007171654,0.09990594543884285,0.0,0.0,0.0,-0.2720196529500325,-0.5150447227561847,0.0,0.0,0.2075877882675778,-0.0,-0.0,0.009382015907139343,0.0,-0.0,-0.0,-0.0,-0.0,0.0,0.0,0.0,-0.0,-0.0,-0.0,-0.0,0.0,0.0,0.0,0.06632381002334577,-0.0,-0.04484131544463763,0.0,0.0,0.026373678905507132,0.008198915201511774,-0.05375711235553112,-0.0,-0.0,-0.0,-0.0,0.0,-0.0,0.0,0.0,-0.0,-0.12031622255167557,0.0,0.0,-0.10100819012928829,0.0,-0.040254273984329,0.0,-0.0,-0.20873241845803092,-0.0,0.0,0.0,0.038162171004436966,0.0,-0.0,0.0,-0.0,0.0,-0.0
0.0,0.0,-0.0,0.179837244678227,0.004919673937846635,0.0,0.0,0.0,0.05168773927860367,-0.0,-0.0,-0.0,-0.0,-0.0,-0.0,-0.0,-0.0,-0.0,-0.0,-0.22912008822685592,0.0,-0.0,-0.22752734510831807,-0.0,0.1506228292067835,-0.0,3.012165015894951,-0.521610795177664,-0.0,-0.0,0.0,-0.0,-0.0,-0.0,-0.5344628951265157,-0.0,-0.0,-0.0,-0.0,-0.022124032148932448,-0.04985860829833058,0.0,-0.0,-0.0,-0.8491375923977919,-0.29127590039346124,-0.0,-0.1949075359523736,-0.0,-0.0,0.0,0.0,0.0,0.0,-0.0,0.0,0.0,0.0911791403677811,0.0,-0.0,-0.0,-0.0,-0.0,-0.0,0.11413399683015801,0.0,0.0,0.0,0.0,0.0,0.0,-0.3078070532755799,-0.0,0.0,-0.0,-0.0,-0.0,-0.0,0.0,-0.0,-0.0,-0.0,0.0,0.0,-0.08027255559020449,-0.0,-0.0,-0.0,-0.0,-0.042464999190825366,0.0,0.0,-0.02099528149538935,0.0,-0.0,-0.0,-0.0,-0.0,0.0,0.0
0.0,-0.0,-0.0,0.0,-0.0,0.0,0.0,0.0,0.0,0.0,0.0,0.0,-0.0,-0.0,0.0,-0.0,-0.10214002350887395,0.0,-0.0,0.0,0.0,-0.0,-0.0,-0.0,0.0,0.0,-0.521610795177664,3.3069917349465094,-0.0,-0.240766080287298,0.0,-0.04933581469484725,0.0,-0.0,-0.2236032642277807,0.0,-0.24351313176202843,-0.0,0.0,0.0,-0.0,0.05931515583834762,-0.0,-0.0,-0.0,-0.09583897161105685,-0.18495284500307743,-0.0,0.0,0.0,-0.0,-0.0,-0.0,0.0,0.0,0.0,0.0,0.0,0.0,0.0,0.0,0.0,0.0,-0.0,0.0,0.3180767278290584,0.0,-0.0,0.0,0.0,0.0,-0.0,0.0,0.0,-0.0,-0.0,-0.0,-0.6130136724766647,-0.0,-0.0,-0.0,-0.0,-0.0,-0.0,-0.0,-0.0,-0.0,-1.2994027342690035,0.0,-0.0,-0.0,-0.0,-0.0,0.0,0.0,-0.0,-0.0,0.0,0.08848278478139765,0.0
0.0,0.0,-0.0,-0.0,0.0,0.0,0.0,-0.0,0.0,0.0,-0.0,-0.11981671611441592,-0.47606005591111344,-0.0,-0.6322518626814948,0.0,-0.0,0.0,-0.003784663700298244,-0.0,-0.04100452162825085,-0.0,-0.14896311151800792,-0.0,0.0,-0.0,-0.0,-0.0,2.7540029851912657,0.0,0.02725453507431853,0.0,-0.0,0.0,0.0,-0.0,-0.08130893409130475,-0.0,0.0,-0.0,-0.0,0.0,-0.0,0.0,0.0,0.0,-0.0,0.0,0.0,-0.0,-0.0,-0.0,-0.0,-0.0,0.0,-0.0,0.0,-0.10160054076958817,0.0,-0.0,-0.0,-0.041852817118435005,-0.0,-0.0,-0.0,-0.0739227582893565,-0.0,-0.04747090593250445,0.0,0.0,-0.14350860986767366,-0.0,-0.0,-0.0,-0.27197634676222715,-0.0,-0.7319065438056764,-0.0,-0.0,0.0,0.0,-0.0,-0.0645085455895873,-0.0,-0.0,0.0,-0.2847975384321584,-0.0,-0.12033727213255684,-0.13118843887417453,0.0,0.0,-0.0,0.0,-0.0,-0.0,0.0,-0.0,-0.0,-0.2919033439231576
0.0,0.0,0.0,0.0,0.0,0.0,0.0,0.031526114056152486,0.0,0.0,0.0,0.05812190505250293,0.20990502121398297,-0.0,-0.0,0.0,-0.0,0.0,0.0,0.0,0.0,-0.0,-0.19982757907673285,0.0,-0.0,0.0,-0.0,-0.240766080287298,0.0,2.6865634976654875,0.0,-0.2631992818845511,0.0,-0.0,-0.0,0.0,-0.0,-0.04701659993988293,-0.0,-0.0,-0.08099002484775061,0.0,-0.054721625794879755,0.0,-0.0,-0.0,-0.1803129586641524,0.0,0.0,0.0,-0.0,-0.0,0.0,0.0,0.0,0.0,0.0,0.3168966878147787,-0.0,0.0,0.0,0.0,0.0,-0.2576320847707072,-0.012702187957022862,0.0,0.0,-0.0,-0.0,0.0,0.0,-0.0,-0.0,-0.0,0.0,0.0,0.0,-1.1834138431768049,-0.0,-0.0,0.0,-0.0,0.0,0.0,-0.0,-0.0,0.267703808130065,-0.32667784866089156,0.0,-0.0,-0.0,-0.31802705859888614,-0.027578527267740516,-0.0,-0.0024135971481687142,0.0,0.0,-0.0,0.0,0.0
-0.013395741947887197,-0.0,0.0,-0.0012461619330030374,-0.0,-0.0,0.0,-0.0,0.0,-0.14527584022767015,-0.0,0.0,0.02754488830746004,0.0,0.06638255948609131,0.0,0.0,0.0,0.0,-0.0,-0.05364475395601999,0.0,0.17950342885611312,0.0,-0.0,0.0,0.0,0.0,0.02725453507431853,0.0,2.9738780391251844,-0.19131632534332596,-0.0,-0.0,0.0,0.0,0.0,-0.2861819086161045,0.0,0.0,0.0,-0.0,-0.04923445813086548,-0.22865240131242784,-0.2535828880594925,0.0,0.0,-0.0,0.0,-0.0,-0.0,0.0,0.0,0.0,-0.10023045059539556,-0.0,0.0,-0.0,-0.0,-0.0,-0.0,-0.0,0.0,-0.0,-0.0,0.08279184174923795,0.0,-0.0,-0.0,-0.0,-0.0,0.0,0.3560959877431133,-0.0,-0.0,-0.0929718878624274,0.0,0.0,-1.2749724734572607,-0.0,0.0,0.0,-0.4233377450111279,-0.0,0.0,0.0,0.05386170154712072,-0.0,-0.0,0.0,0.0,-0.0,-0.0,-0.3948789297519259,-0.0,-0.0,0.0,0.053909046056957365,-0.0,-0.0
-0.0,0.0,0.0,-0.014245826584324243,-0.0,-0.0,-0.10079727185513213,-0.0,0.0,-0.09724097874477354,0.119795741329508,0.04923761813358201,0.15880259771119362,-0.0,0.0,-0.03283140433866148,0.0,-0.0,-0.0,0.0,-0.0,-0.0,-0.0,0.0,-0.19206359792627437,0.05581119614577026,-0.0,-0.04933581469484725,0.0,-0.2631992818845511,-0.19131632534332596,2.182509557718558,-0.42121794961132686,-0.09147945555025584,-0.0,0.0,-0.0,-0.808157973333729,-0.0,0.0678994481367561,-0.0,0.0,-0.0,0.01769073173377511,-0.0,-0.0,-0.0,-0.02434865489882139,0.0,-0.0,-0.0,0.0,0.0,0.0,-0.004044527649636162,0.0,0.05581100683098022,0.0,0.0,-0.0,0.0,0.0,0.0,-0.09513154967891468,-0.13449080794846355,0.00841049876652941,0.011372779143647625,-0.0,0.0,0.0,0.0,0.0,0.005043577670877888,0.0007193180345856406,-0.0936556780805956,-0.0,-0.0,-0.0,-0.21335138851108737,-0.16278630211809683,-0.0,0.01599303383252699,-0.0,-0.1259732773283662,-0.0,0.0,0.0,-0.0,0.0,0.0,0.13591341055429895,-0.0,-0.0,-0.0,-0.0,0.09655270362646819,-0.0,0.12785993581193483,0.0,0.0
-0.08206601460898867,-0.0,-0.0,-0.18138065219150376,0.0,0.0,-0.0,-0.0,-0.0,-0.10614318664677733,0.0,0.0,0.10574199527879471,-0.0,-0.0,-0.5006029394283465,0.17449379569615547,-0.0,-0.0,0.0,-0.0,-0.0,-0.0,0.0,0.0,0.0,-0.0,0.0,-0.0,0.0,-0.0,-0.42121794961132686,2.9787244418057264,-0.0,-0.0,-0.0,-0.0,-0.36664056487878544,0.0,-0.0,-0.29390755191950646,-0.0,-0.3161448547642637,-0.0,-0.19938650054734303,-0.0,0.0,-0.07129260796511458,0.0,-0.0,0.24365565589658336,0.0,0.6122656131046563,0.0,-0.06302136326189361,0.0,0.0,0.0,0.30228889315181784,-0.0,0.0,-0.0,0.0,-0.0,0.0,0.0,0.12023340756911896,0.0,0.16610760751956102,0.0,0.02213414448729964,0.0,0.0,0.03128516335666222,0.0,-0.0,0.0,0.0,0.0,0.3308567355966948,0.0,0.0,-0.15206886567190078,-0.05526271400216241,-0.06528447483702633,-0.0,-0.0,-0.0,-0.0,0.0,0.2788645228313017,0.11218797507028463,-0.0,-0.0,-0.0,0.0,-0.1036284835119529,0.06466989256470232,0.0,-0.0
0.0,-0.0,-0.0,-0.13087065576653573,-0.0,0.0,-0.0,-0.0,0.0469853376464401,0.0,0.06192742468750704,0.0,0.0,-0.0,0.0,-0.022106881769916417,-0.2229579242847656,-1.0364691051284542,-0.18211502312836647,-0.0,-0.0,-0.02331603778498364,-0.0,-0.0,0.0,0.030069002021158538,-0.0,-0.0,0.0,-0.0,-0.0,-0.09147945555025584,-0.0,2.8487955867098,-0.2700343310586683,-0.0,0.0,-0.0,0.0,0.0,-0.0,0.0,-0.0,0.0,-0.08119358114966774,-0.0,-0.0,-0.0,0.0,-0.0,0.0,-0.0,-0.0,-0.0,-0.0,0.11054396100211691,-0.0,0.0,0.0,0.0,0.0,0.0,-0.0,-0.0,-0.0,0.0,0.0,-0.0,-0.46196725012629414,-0.0,-0.0,-0.0,-0.0,0.0,-0.0,-0.0,-0.0,-0.0,0.0,0.0,-0.16902702828850008,0.0,0.0,-0.0,-0.0,-0.22350082577166608,0.09109664766669753,-0.0,0.10893919093947935,0.0,0.2912855752899485,-0.0,0.24436003505696577,0.0,-0.0,0.0,0.18639332041239476,0.05918663790985564,0.07715669874390531,0.04818571161601615
0.0,-0.0,-0.0,0.0,0.0,0.0,0.0,0.0,0.0,-0.0,-0.0,-0.0,-0.0,0.0,0.0,-0.1651307092723028,-0.0,-0.0,-0.0,0.0,0.0,-1.6931049613849265,-0.16804634376016128,-0.023513165687764424,0.0,-0.0,-0.5344628951265157,-0.2236032642277807,0.0,-0.0,0.0,-0.0,-0.0,-0.2700343310586683,4.062236403265147,0.0,0.0,-0.0,0.0992593255458948,-0.0,-0.0,0.0,-0.580383384208322,0.0,-0.09942016153487923,0.0,-0.4435202810015465,-0.0,0.0,0.0,-0.0,-0.0,-0.0,0.0,-0.0,0.0,0.0,0.10771411317194092,0.0,-0.14319811478248684,0.0,-0.0,-0.0,-0.0,0.0,0.0,0.0,0.0,0.0,0.0,0.0,-0.03303225097101855,0.0,-0.0,-0.0,-0.0,0.0,-0.0,0.0,0.0,-0.0,0.0,0.0,-0.4272315508756952,-0.0,-0.0,0.011548158024107757,-0.0,0.036374918376676925,-0.0,0.0,0.0,0.0,0.0,-0.0,0.0,0.0,0.121825569387323,0.06296360992200316,0.2076960542647125
-0.0,0.04994315003072297,-0.0,0.067679844428336,0.0,-0.0,-0.0,0.0,-0.0,0.0,-0.0,0.0,0.0,0.0,0.0,0.0,0.0,-0.04471592545263453,-0.0,-0.0,0.0,0.0,-0.0,-0.0,0.0,-0.0,-0.0,0.0,-0.0,0.0,0.0,0.0,-0.0,-0.0,0.0,2.462246709468954,-0.2796933418648483,0.0,-0.0,-0.0,-0.5048913754132084,-0.0,0.0,0.0,-0.0,-0.0,0.0,-0.0,-0.6068448559256672,-0.4808785208022863,0.0,0.08907880802506316,0.0,0.0,-0.0,-0.0,0.0,-0.0,0.0,0.0,-0.0,0.0,0.0,0.0,0.0,0.0,-0.0,0.03597921136541781,0.0,-0.0,0.06960832710533439,0.0,0.0,0.0,0.07294082036112766,0.0,-0.0,0.0,0.0,0.0,0.0,-0.03350993157248562,0.0,0.0,-0.0,0.0,-0.04950351311378904,0.0,-0.6052973529444615,-0.0,-0.0,0.0,0.0,0.0,-0.0,0.0,-0.0,-0.0,-0.0,-0.0
-0.0,0.0,0.0,0.0,-0.0,0.014790946333606796,-0.07970109562771496,0.0,-0.0,-0.0,0.0,0.0,-0.0,0.0,-0.0,-0.0,0.0,0.0,-0.0,0.042629916972466646,0.0,-0.0,-0.0947356148734116,0.06000499331164392,-0.023591444156611567,-0.1223112007171654,-0.0,-0.24351313176202843,-0.08130893409130475,-0.0,0.0,-0.0,-0.0,0.0,0.0,-0.2796933418648483,2.7188965811256134,-0.02610628510511912,-0.0,-0.0,-0.0,-0.0,-0.0,0.0,0.0,-0.0,-0.0,-0.3356910861312796,-0.0,-0.0,0.0,0.0,0.0,0.2005577243009113,0.0,0.0,0.10186325000270254,0.0,0.0,0.0,-0.0,-0.0,0.0,-0.0,0.0,-0.0,-0.0,0.0,0.0,0.0,0.0,-0.0,-0.0,0.0702178750685866,-0.0,-0.0,-0.0,-0.0,-0.0,-0.0,-0.0,-0.0,0.0,0.0,-0.0,0.0,-1.539802552273336,-0.1862806622328868,0.0,-0.0,0.0,0.0,-0.0463155075832848,-0.0,0.0,-0.0,-0.0,-0.0,-0.0,-0.0
-0.0,0.0,0.009371830568447412,-0.16999601338382211,-0.0,0.0,-0.0,-0.0,0.0,-0.10320075216529656,0.142258453744338,0.0,0.0,-0.0,-0.0,-0.0,0.0,0.0,-0.10398516311366791,-0.0,-0.0,0.0,-0.0,0.07141514553976258,-0.0,0.09990594543884285,-0.0,-0.0,-0.0,-0.04701659993988293,-0.2861819086161045,-0.808157973333729,-0.36664056487878544,-0.0,-0.0,0.0,-0.02610628510511912,2.440531139440134,-0.22571142032029623,0.0,-0.015501065586289648,0.0,-0.5084758366344492,-0.0,-0.0,-0.2081532738641154,-0.0,-0.0,0.0,-0.3900909922791,-0.0,0.0,0.0,0.007718505746652539,-0.0,0.0,0.0,0.0,0.0,-0.0,-0.0,-0.0,0.0,-0.0,-0.0,0.0,0.0,0.0,0.05640779607864629,0.03174445300235868,-0.0,0.03327393849992124,0.0,0.0,-0.0,-0.0,-0.0,-0.0,-0.0,0.0,0.09282675749164429,0.0979837721574586,-0.0,-0.0,0.0,0.0,0.0,-0.0,-0.0,0.0,0.0,-0.0,-0.18732835986050508,-0.0,-0.0,0.0,0.0,0.15935345986285937,0.0,-0.0
0.0,0.0,0.0,0.0,-0.0,0.0,-0.0,0.08764626165449221,-0.0,0.0,0.0,-0.0,0.01585234612299955,-0.0,-0.0,0.0,-0.0,0.0,-0.0,0.0,0.0,0.0,0.0,-0.0,-0.0,0.0,-0.0,0.0,0.0,-0.0,0.0,-0.0,0.0,0.0,0.0992593255458948,-0.0,-0.0,-0.22571142032029623,2.251457263332117,-0.7799908793045542,-0.3057629642056116,-0.0,-0.0,0.08277322641378537,0.0,-0.0,0.0071027656024976096,-0.0,-0.0,-0.0,0.0,0.0,0.0,0.0,0.0,0.1302356693929115,0.0,0.0,0.0,0.09109346874609288,0.0,0.0,0.0,-0.0,-0.0,-0.0,-0.0,0.0,0.0,0.0,0.0,0.0,-0.0,0.0,0.0,0.0,-0.0,0.0,0.0,-0.0,0.0,-0.0,0.0,0.0,0.06395648663490408,0.11319906879801243,0.0,-0.0,-0.0,-0.0,-0.0545585728395576,-0.38394198358308607,-0.6368640961892661,-0.11424951664238106,-0.007397762421776182,0.0,0.0,-0.0,-0.0,0.0
-0.0,-0.0,-0.0,0.0,0.0,-0.0,-0.1453253261913794,0.0,-0.10220477707243268,-0.119995944258149,-0.0,-0.0,0.0,0.0275672878788452,0.0,-0.0,0.0,-0.0,0.03392041230295572,-0.0,0.1302733565625971,0.0,-0.0,-0.45158462144833494,0.0,0.0,-0.022124032148932448,0.0,-0.0,-0.0,0.0,0.0678994481367561,-0.0,0.0,-0.0,-0.0,-0.0,0.0,-0.7799908793045542,2.6647718681835184,-0.32242415968440463,-0.2802785391428916,-0.0,-0.0,-0.0,0.0,0.0,-0.0,-0.23227624445144415,0.0,-0.0,0.0,0.0,0.0,-0.0,0.0,0.0,0.0,-0.0,-0.0,-0.0,0.0,0.0,-0.0,0.0,-0.0,-0.027262316663270007,0.05684537036310304,0.0,0.0,0.0,-0.0,-0.0,-0.3345497688585855,-0.0,-0.003103350253406948,0.0,0.0,0.0016903328058909411,0.0,-0.0,-0.0,0.0,-0.0,0.0,-0.0,0.0,-0.11365273399122831,-0.0,-0.10958428782657116,-0.0,0.0,-0.050550346695424075,-0.0,-0.30892582938588325,-0.0,0.0,-0.0,-0.0,-0.0
0.0,0.0,0.0,-0.0,0.0,0.072443701408329,-0.36603153220106976,-0.0,-0.0,-0.0,-0.0,0.0,0.0,-0.0,-0.0,-0.0,-0.0,-0.0,-0.0,-0.0,0.0,-0.0,-0.09738068951558992,-0.3172788204270818,0.24031154725525064,0.0,-0.04985860829833058,-0.0,-0.0,-0.08099002484775061,0.0,-0.0,-0.29390755191950646,-0.0,-0.0,-0.5048913754132084,-0.0,-0.015501065586289648,-0.3057629642056116,-0.32242415968440463,2.8328590344329645,-0.0,-0.2610488031773045,-0.0,-0.0,-0.0,-0.0712219830672032,-0.0,0.0,-0.4038335766961269,0.1463058009962582,0.2823101712851371,0.0,-0.0,0.0,0.26719032666185394,0.0,0.0,0.0,-0.0,0.0,0.27123233427340593,0.05570515767570167,-0.0,0.0,-0.0,-0.0,0.09960733615356963,0.0,0.0,0.03610719723360012,-0.0,-0.0,0.0,0.0,0.0,0.0,0.0,0.291782297520762,0.1077461098287522,0.0,-0.0,0.0,-0.0,-0.0,-0.0,0.0,-0.0,-0.0,-0.22696069192896112,-0.0,0.0,0.0,0.0,-0.11435526055901958,0.0,-0.0,0.0,0.0,-0.0
-0.2286066305143396,-0.0,-0.0,0.0,0.0,-0.0,-0.0,-0.0,-0.15233078927588106,-0.03251996213411675,-0.0,-0.0,0.0,0.07113613458754171,0.0,-0.0,0.061221907519989835,0.0,0.24558144465908535,-0.0,0.0,-0.0,0.0,0.0,-0.2908905949834459,-0.2720196529500325,0.0,0.05931515583834762,0.0,0.0,-0.0,0.0,-0.0,0.0,0.0,-0.0,-0.0,0.0,-0.0,-0.2802785391428916,-0.0,2.479134487246402,-0.6100186880382916,-0.0,-0.0,0.0,0.0,-0.0,-0.0,0.0,-0.0,-0.0,0.0,0.0,-0.0,-0.0,-0.0,-0.0,0.0,0.0,-0.0,0.0,0.0,0.0,0.0,0.0,-0.04436200743611459,0.000685346699956227,-0.0,-0.0,0.0,-0.0,-0.0,-0.014230627255258015,0.0,-0.3413502954977722,0.0,0.0,0.0,0.0,-0.0,-0.023556747572812425,0.0,-0.0,0.0,-0.0,-0.0,-0.0,-0.0,-0.07558985418965032,0.0,0.044218071979783245,-0.0,-0.47985710990688973,-0.04155226632860523,-0.0,-0.0,-0.0,-0.13907219584498828,-0.0
0.0,-0.0,0.0,-0.0,0.0,0.06732798580069553,0.0,-0.0,0.0,-0.0,-0.0,0.0,0.0,0.0,-0.0,-0.0,0.0,0.0,0.0,0.0,0.023362277650119355,-0.006285685163338623,-0.24673862244736877,0.0,-0.0,-0.5150447227561847,-0.0,-0.0,-0.0,-0.054721625794879755,-0.04923445813086548,-0.0,-0.3161448547642637,-0.0,-0.580383384208322,0.0,-0.0,-0.5084758366344492,-0.0,-0.0,-0.2610488031773045,-0.6100186880382916,2.694902133965268,0.0,-0.004283948724798346,-0.0,-0.0,-0.0,0.0,-0.0,0.0,-0.0,0.0,0.0,-0.0,0.215534550066458,-0.0,0.0,0.0,-0.0,0.0,0.0,0.0,-0.0,0.0,0.0,0.0,0.014558655904854804,0.0,0.0,0.0,-0.0,0.0,-0.0,0.0,-0.0,0.06551924184371068,-0.0,-0.0,0.015050534487161074,0.0,-0.0,-0.04440723543356305,-0.0,-0.0,-0.0,0.0,-0.0,0.0,-0.0,0.0,0.0,0.0,-0.0,-0.4558128125562475,0.0,0.0,0.008261753127321237,0.0,-0.0
-0.0,-0.0,0.09878814545235501,-0.08693871157876124,0.14734543651735607,0.0,0.0,-0.0,0.0,-0.0,-0.19129559704157068,-0.0,0.0,0.05034640669818101,-0.0,0.0,0.0436989705557787,0.0,0.0,-0.0,0.0,0.0,0.024177515845146373,0.0,0.3619351223292007,0.0,-0.0,-0.0,0.0,0.0,-0.22865240131242784,0.01769073173377511,-0.0,0.0,0.0,0.0,0.0,-0.0,0.08277322641378537,-0.0,-0.0,-0.0,0.0,3.252863033267799,-0.39530084314093017,-0.020020344841324728,0.0,0.0,-0.0,-0.03835388063433478,0.0,0.0,0.0,-0.0,-0.0,-0.0,-0.0,-0.3761664982567079,-0.0,-0.1307870105704129,-0.051263686854225846,-0.0,0.0,-0.0,-0.0,-0.0,0.0,0.0,0.0,-0.0,-0.0,-0.0,0.0,-0.0,0.0,-0.0,0.09808510885962143,0.29660508601329044,-0.0,0.0,0.0,0.1020200425775024,-0.0,-0.0,0.0,0.0,-0.0,0.0,-0.0,-0.0,0.0,0.0850948341709239,-0.0,-0.0,-0.0,-1.9402740035105173,-0.0,0.0,-0.20129284073490208,-0.0
-0.0,-0.1143784380181809,0.0,0.0,0.06785762306528847,-0.0,0.0,-0.0,0.0,-0.0,-0.0,0.0,0.016011496532322336,0.0,0.264955047246301,-0.1402417777741066,0.0,-0.20227160854477932,0.0,-0.0,0.0,-0.0,-0.0,0.0,0.0,0.0,-0.8491375923977919,-0.0,0.0,-0.0,-0.2535828880594925,-0.0,-0.19938650054734303,-0.08119358114966774,-0.09942016153487923,-0.0,0.0,-0.0,0.0,-0.0,-0.0,-0.0,-0.004283948724798346,-0.39530084314093017,2.592017002728775,-0.2326527700566607,-0.0,-0.07290963344778467,-0.0,-0.0,-0.0,0.0,-0.0,0.188986441140926,-0.0,0.0,-0.0,0.0,0.0,-0.0,-0.0,0.0,0.0,-0.21638601884246195,0.0,0.07642010868302065,0.0,0.0,-0.0,-0.0,-0.0,-0.0,-0.0,-0.0,-0.0,-0.15563287327280048,0.0,-0.0,-0.0,-0.0,-0.0,0.0,-0.0,-0.0,-0.0,-0.0,0.0,-0.403305009653849,-0.0,0.0,0.0,-0.0,-0.0,-0.0,-0.04780594530839936,-0.05078326103944917,-0.0,0.0,-0.0,0.0
0.0,0.0,0.27417770333582514,-0.0,-0.0,0.0361193230054921,0.0,-0.0,0.0,0.0,0.0,0.17826200819077478,0.0,-0.0,0.0,-0.0,0.0,0.0,-0.0,-0.02337941845536553,0.20559114890380847,0.0,0.0,0.0,0.0,0.2075877882675778,-0.29127590039346124,-0.09583897161105685,0.0,-0.0,0.0,-0.0,-0.0,-0.0,0.0,-0.0,-0.0,-0.2081532738641154,-0.0,0.0,-0.0,0.0,-0.0,-0.020020344841324728,-0.2326527700566607,2.368358097276825,-0.0,-0.280260875508893,0.0,-0.21873578464018395,0.0,0.0,-0.0,-0.0,0.0,0.07478097748133175,-0.19903545785826157,-0.0,0.013436083600948005,0.0,0.0017892947696227963,0.0,-0.0,-0.0,0.0,0.0,0.0,0.0,0.0,-0.0,-0.0,-0.0,-0.0,0.0,0.0,0.04120576422556001,-0.0,-0.0,-0.0,-0.07292877682201405,0.0,0.0,0.0,-0.0,0.0,-0.0,-0.0,-0.0,0.0,0.0,-0.0,-0.0,-0.0,-0.0,0.0,-0.4303040159648392,-0.7535765237138908,-0.0,0.0,-0.0
0.04835970021960018,0.10241759628572052,0.0,0.0,-0.0,0.0,0.0,0.0,0.0,0.0,-0.0,-0.0,-0.09084515263362888,-0.0,-0.0,0.0,-0.03309482223215096,0.0,-0.05200799569927274,0.0,-0.0,-0.5706044732436714,-0.5027542725511344,-0.0,-0.0,-0.0,-0.0,-0.18495284500307743,-0.0,-0.1803129586641524,0.0,-0.0,0.0,-0.0,-0.4435202810015465,0.0,-0.0,-0.0,0.0071027656024976096,0.0,-0.0712219830672032,0.0,-0.0,0.0,-0.0,-0.0,2.447041773018849,-0.0,0.03574174893377463,-0.0,-0.0,0.0,-0.0,-0.0,0.0,0.0,0.0,0.15178607688914617,0.0,-0.0,0.0,0.00939484258020859,0.0,0.0,0.0,0.1756961620286343,-0.0,-0.0,0.0,0.01535105945934202,0.0,-0.0,0.0,0.0,-0.0,0.020625927461102728,-0.0,-0.11410448351452455,-0.0,-0.0,0.0,-0.0622687900029297,0.0,0.0,-0.024920226613678986,-0.0,-0.0,-0.0,0.0,-0.0,-0.00357975764037608,0.0,0.02249438753654404,0.07185403551581653,0.0,0.0,-0.0,-0.0,0.11282373273112976,-0.0
