0,1,2,3,4,5,6,7,8,9,10,11,12,13,14,15,16,17,18,19,20,21,22,23,24,25,26,27,28,29,30,31,32,33,34,35,36,37,38,39,40,41,42,43,44,45,46,47,48,49,50,51,52,53,54,55,56,57,58,59,60,61,62,63,64,65,66,67,68,69,70,71,72,73,74,75,76,77,78,79,80,81,82,83,84,85,86,87,88,89,90,91,92,93,94,95,96,97,98,99
1.8041419451,-0.0000000000,-0.1936631838,0.0436768979,0.0000000000,-0.0000000000,-0.0000000000,-0.0000000000,-0.0000000000,0.0000000000,-0.0000000000,0.0000000000,0.0000000000,-0.0000000000,-0.0000000000,-0.0000586670,0.0000000000,-0.0000000000,0.0000000000,-0.0646320576,0.0691217771,-0.0000000000,-0.0000000000,0.1719251365,-0.0000000000,0.0669993226,0.0243733999,-0.0271900823,-0.0000000000,-0.0000000000,-0.2529514961,0.0000000000,-0.0000000000,0.0000000000,0.0000000000,-0.2305338220,0.0000000000,-0.4516692636,-0.0000000000,0.0000000000,-0.0000000000,-0.0000000000,0.0000000000,-0.2008341666,0.0000000000,0.0460984910,0.0000000000,-0.0000000000,-0.0661093913,-0.0230915364,-0.5888418001,0.0000000000,0.0000000000,0.0655358983,0.0000000000,0.0037928730,0.0000000000,0.0000000000,-0.0000000000,0.0000000000,-0.0000000000,-0.0000000000,0.0000000000,-0.0000000000,-0.0000000000,-0.0000000000,-0.0000000000,0.0000000000,0.0094087363,-0.0000000000,0.0000000000,-0.1297876605,-0.0000000000,0.0000000000,0.0000000000,-0.0000000000,-0.0000000000,0.0000000000,-0.0155861824,0.0858105971,-0.0000000000,0.0000000000,-0.0000000000,-0.0000000000,0.0000000000,0.0040731879,-0.0000000000,-0.1100684233,-0.0000000000,0.0000000000,0.0000000000,0.0000000000,0.0000000000,0.2087441359,0.0000000000,-0.0000000000,0.0000000000,-0.0000000000,-0.1376884378,-0.0214932886
-0.0000000000,3.1955511100,-0.6815064733,-0.0000000000,-0.5197719551,-0.0000000000,-0.0000000000,-0.0396393952,0.0247750107,-0.0000000000,0.0000000000,-0.0000000000,-0.1981692208,0.0000000000,0.0000000000,-0.3555734410,-0.0000000000,-0.0274271993,0.0000000000,-0.0000000000,0.0540571273,0.0000000000,0.0000000000,0.0000000000,0.0000000000,-0.0000000000,0.0000000000,0.0000000000,0.0000000000,-0.0000000000,0.0000000000,-0.0420334764,-0.0000000000,0.0000000000,0.0000000000,0.0000000000,0.0000000000,0.0000000000,-0.0000000000,0.0000000000,0.0000000000,0.0494039054,0.1349151792,0.0000000000,-0.0000000000,0.0000000000,0.0317639290,0.0000000000,-0.0000000000,0.0000000000,-0.0000000000,-0.6554544678,-0.0000000000,-0.2304091164,-0.5393112670,-0.0000000000,-0.0310059916,-0.0000000000,0.0000000000,0.0000000000,-0.0000000000,-0.0000000000,-0.0000000000,-0.0000000000,-0.0000000000,-0.0000000000,-0.1441129228,-0.0000000000,-0.0000000000,-0.2671862145,-0.0000000000,0.0000000000,-0.0000000000,0.0000000000,-0.0000000000,0.0000000000,-0.0000000000,0.0000000000,-0.0000000000,-0.0000000000,0.0000000000,0.0000000000,0.0000000000,0.0000000000,0.0000000000,0.0000000000,-0.0000000000,0.0000000000,-0.0000000000,0.0000000000,-0.0000000000,-0.0000000000,0.0000000000,-0.0000000000,0.0000000000,0.0000000000,-0.0000000000,0.0000000000,-0.0596662690,-0.0000000000
-0.1936631838,-0.6815064733,3.6111197707,0.0000000000,-0.0000000000,-1.0600470418,-0.0000000000,-0.9066853092,-0.0000000000,0.0480828537,0.0000000000,-0.0000000000,0.0000000000,0.0000000000,-0.0000000000,-0.0000000000,-0.0000000000,-0.0535999789,0.0000000000,-0.0000000000,0.0000000000,-0.0000000000,0.0000000000,0.0000000000,0.0464000726,0.0000000000,0.0000000000,0.0000000000,0.0000000000,-0.0000000000,0.0000000000,-0.0448782513,0.0000000000,0.0000000000,0.0000000000,-0.0000000000,0.0000000000,-0.0000000000,-0.1239661935,0.0000000000,0.0000000000,0.0157314635,-0.0000000000,-0.0000000000,-0.2109985667,0.0000000000,-0.0000000000,-0.0000000000,-0.3089793012,0.0000000000,0.0000000000,-0.0646323219,0.0000000000,0.0000000000,-0.0559800121,-0.0000000000,-0.6811822474,-0.0000000000,0.0000000000,0.0000000000,0.0000000000,0.0000000000,-0.0000000000,-0.0000000000,-0.0000000000,-0.0000000000,-0.0000000000,0.0000000000,-0.0000000000,-0.0000000000,-0.0000000000,-0.0000000000,0.0000000000,0.0768638263,-0.0000000000,0.0517040235,0.0000000000,0.0000000000,0.0000000000,-0.0000000000,0.0000000000,0.0000000000,0.0000000000,-0.0000000000,0.0000000000,0.0000000000,0.0000000000,0.0000000000,-0.0000000000,-0.0000000000,-0.0000000000,0.0000000000,0.0000000000,0.0000000000,0.0236149459,-0.0000000000,-0.0000000000,0.0000000000,-0.0000000000,0.0000000000
0.0436768979,-0.0000000000,0.0000000000,2.2615914630,-0.5666326077,0.1271497011,-0.3867781900,-0.3721086241,0.0119153777,-0.0000000000,0.0000000000,0.0000000000,-0.0000000000,0.0000000000,-0.0000000000,-0.0000000000,-0.0000000000,0.0000000000,-0.0000000000,0.0000000000,-0.0000000000,-0.0000000000,0.0000000000,-0.0000000000,0.0008398787,-0.0000000000,0.0000000000,-0.0000000000,-0.0000000000,-0.1188462189,0.1788187581,-0.0000000000,-0.0599333118,-0.0000000000,0.0000000000,0.0000000000,-0.1739008047,0.0000000000,-0.0000000000,-0.3883887058,-0.0000000000,0.0000000000,-0.0000000000,-0.0000000000,-0.0000000000,-0.0000000000,-0.0000000000,0.0000000000,0.0368913291,0.0000000000,0.0000000000,-0.0748273272,0.0000000000,-0.2527111310,0.0000000000,0.0000000000,0.0000000000,0.0000000000,0.0000000000,-0.0000000000,-0.1362608318,0.0000000000,-0.0000000000,0.0000000000,0.0000000000,0.0000000000,0.0000000000,-0.0000000000,-0.0314154459,0.0000000000,-0.0000000000,0.0265168686,-0.0000000000,-0.0000000000,-0.0000000000,-0.0000000000,0.0000000000,-0.0476969062,0.0000000000,0.0000000000,0.0000000000,0.0000000000,-0.0000000000,-0.0000000000,-0.0506669927,-0.0000000000,-0.0000000000,-0.0135627805,0.0760979651,-0.0000000000,-0.0000000000,-0.0000000000,-0.1326170536,-0.0000000000,-0.0000000000,-0.1419183221,-0.2451480115,-0.0000000000,0.1392239857,0.0000000000
0.0000000000,-0.5197719551,-0.0000000000,-0.5666326077,2.4759343763,-0.0000000000,-0.0000000000,-0.0413861276,-0.0000000000,-0.0000000000,-0.0000000000,-0.0000000000,-0.0000000000,-0.0000000000,-0.0000000000,0.0000000000,0.0000000000,0.0000000000,-0.0000000000,0.0000000000,-0.0000000000,0.0000000000,0.2651920667,0.0000000000,0.0049368005,-0.0000000000,-0.0000000000,0.0000000000,-0.0000000000,-0.2862438436,0.0000000000,-0.0416194880,0.0000000000,0.0000000000,0.0440369039,-0.0000000000,-0.0032296966,0.0000000000,-0.0000000000,-0.0000000000,-0.0000000000,-0.0300956032,-0.0000000000,-0.0000000000,-0.0000000000,-0.0000000000,-0.0000000000,0.0000000000,-0.0000000000,-0.0339015428,0.0234187777,-0.0385145267,0.0947808083,-0.4562574290,-0.5212111135,-0.0000000000,-0.0000000000,-0.0000000000,-0.1581960705,0.0000000000,0.0000000000,-0.0000000000,-0.0000000000,-0.0000000000,-0.0000000000,-0.0000000000,-0.0000000000,-0.2635941600,0.0000000000,0.0000000000,-0.0000000000,0.0000000000,0.0000000000,-0.0000000000,-0.0000000000,0.0000000000,0.0000000000,-0.0000000000,0.0000000000,-0.0000000000,0.0790169123,-0.0000000000,-0.0000000000,0.0000000000,-0.0000000000,0.0000000000,-0.0000000000,-0.0000000000,-0.0000000000,-0.0000000000,-0.0000000000,0.0000000000,-0.0074268864,-0.0000000000,-0.0000000000,-0.0000000000,-0.0000000000,0.0000000000,-0.0000000000,-0.2224166784
-0.0000000000,-0.0000000000,-1.0600470418,0.1271497011,-0.0000000000,3.8985954308,0.0000000000,-0.0000000000,-0.0850860653,-0.0000000000,0.0000000000,0.0000000000,0.0009086324,-0.0000000000,-0.0000000000,-0.0000000000,-0.0000000000,-0.0000000000,0.0000000000,-0.0000000000,0.0000000000,-0.0000000000,0.0000000000,-0.0000000000,-0.0000000000,-0.0000000000,-0.0000000000,0.0000000000,-0.0000000000,-0.0000000000,0.0000000000,-0.0000000000,0.0000000000,-0.0000000000,0.0000000000,-0.3531340012,0.1685814329,0.0152691995,-0.0000000000,0.0000000000,0.0000000000,-0.0000000000,-0.0000000000,0.0000000000,-0.1189020991,0.0000000000,0.0000000000,0.0000000000,-0.2221501893,0.0637483035,0.0000000000,-0.1443071084,0.0000000000,0.0000000000,-0.1434349055,-1.4557003657,-0.0002194486,-0.0000000000,0.0000000000,0.2213179032,0.0000000000,0.0000000000,-0.2749263302,-0.0000000000,-0.0420802514,-0.0000000000,-0.0000000000,0.0000000000,-0.0000000000,-0.3270263322,-0.0000000000,-0.0000000000,-0.0000000000,0.0000000000,-0.0000000000,-0.0000000000,-0.0201306390,-0.0000000000,0.0000000000,0.0000000000,-0.0000000000,0.0000000000,-0.1079238150,-0.0519641019,-0.0287918946,-0.0000000000,0.0000000000,0.0000000000,-0.0000000000,0.2460058048,0.0000000000,0.0000000000,0.0320742898,0.0000000000,0.0000000000,-0.0000000000,-0.0000000000,0.0105850069,-0.0000000000,0.0042986774
-0.0000000000,-0.0000000000,-0.0000000000,-0.3867781900,-0.0000000000,0.0000000000,2.7290231633,-0.7883643086,0.0000000000,0.0000000000,0.0941944699,0.0000000000,-0.0000000000,0.0000000000,-0.0000000000,-0.8514541595,-0.0000000000,-0.0290984470,-0.0000000000,-0.0000000000,-0.0000000000,-0.1054693310,-0.0156790569,-0.0000000000,0.0000000000,0.0000000000,0.0088060498,0.0000000000,0.0000000000,-0.0584897876,0.1042583869,-0.0749318253,-0.1385140068,-0.0000000000,-0.0000000000,0.0846259262,0.0000000000,-0.0566593364,0.0000000000,-0.4215150215,-0.0000000000,0.1041438677,0.0691546915,-0.0000000000,-0.0000000000,0.0000000000,-0.0000000000,-0.0000000000,-0.0000000000,0.0000000000,0.0000000000,-0.0000000000,0.0000000000,0.0000000000,-0.0000000000,0.0000000000,0.0000000000,0.0233474445,0.0000000000,0.0000000000,-0.0000000000,0.0000000000,-0.0000000000,-0.0000000000,-0.1083930500,-0.0000000000,-0.2275245314,-0.0000000000,-0.0000000000,-0.0000000000,-0.0000000000,0.0000000000,-0.0000000000,-0.0000000000,0.0000000000,0.1335352485,0.0000000000,0.0000000000,0.0000000000,0.0000000000,0.0000000000,0.0212332620,-0.0000000000,-0.0000000000,-0.0000000000,-0.0000000000,0.0000000000,0.0000000000,0.0000000000,0.0000000000,0.0000000000,-0.1396650178,-0.0000000000,0.0000000000,0.0000000000,0.0000000000,-0.0000000000,-0.0000000000,0.0000000000,0.0000000000
-0.0000000000,-0.0396393952,-0.9066853092,-0.3721086241,-0.0413861276,-0.0000000000,-0.7883643086,3.3472783059,-0.3478564390,-0.0000000000,0.0000000000,-0.0000000000,0.0000000000,0.4550099836,0.0000000000,-0.1045553245,-0.0000000000,-0.7426447327,0.0000000000,-0.0000000000,0.0000000000,-0.0000000000,0.0000000000,-0.0183978151,0.0362555733,-0.0000000000,0.0000000000,0.0000000000,-0.0000000000,-0.0000000000,0.0000000000,-0.0000000000,0.0000000000,0.0000000000,0.0000000000,-0.1701817000,0.0000000000,-0.0000000000,-0.0000000000,-0.0000000000,0.0000000000,0.0000000000,-0.0000000000,-0.0000000000,-0.1098628380,0.0000000000,0.0416445703,0.0000000000,-0.0000000000,0.0000000000,0.1019579029,-0.0000000000,0.0133361001,-0.0000000000,-0.0000000000,0.0000000000,-0.1137218074,-0.0000000000,-0.0000000000,-0.0000000000,-0.0835606357,0.0000000000,-0.0756005284,-0.0000000000,-0.0000000000,0.0000000000,-0.0000000000,0.0000000000,-0.0000000000,-0.0000000000,-0.0000000000,0.0000000000,-0.0000000000,-0.0000000000,-0.0000000000,-0.0000000000,-0.0000000000,0.0000000000,0.0000000000,0.0000000000,-0.0000000000,0.1913172703,-0.0000000000,-0.2371011334,-0.0000000000,-0.0000000000,-0.0000000000,-0.0000000000,-0.0000000000,-0.0000000000,0.0000000000,-0.0000000000,0.0000000000,0.1404196684,-0.0000000000,-0.0000000000,-0.0000000000,0.1053402437,-0.0000000000,0.0000000000
-0.0000000000,0.0247750107,-0.0000000000,0.0119153777,-0.0000000000,-0.0850860653,0.0000000000,-0.3478564390,2.0338968289,-0.0000000000,0.0000000000,0.0000000000,0.0014004057,-0.0000000000,-0.0000000000,0.0000000000,-0.0000000000,-0.1265812963,-0.0000000000,-0.0000000000,-0.0000000000,-0.0000000000,-0.0000000000,0.0000000000,0.0000000000,-0.0000000000,-0.0000000000,-0.0000000000,-0.0000000000,-0.0000000000,-0.0151929324,0.1738266765,0.0000000000,0.2071788075,0.0066739628,-0.4017447840,0.2894484759,-0.0693494300,-0.1922856741,-0.0000000000,-0.0000000000,-0.0000000000,-0.1372256586,-0.0000000000,0.0000000000,0.0000000000,0.0000000000,-0.0000000000,-0.0000000000,0.0000000000,0.0000000000,-0.0000000000,0.0000000000,0.2343862300,-0.0000000000,-0.3497753088,-0.1634114326,-0.3600011892,-0.0000000000,-0.0000000000,-0.0000000000,0.0236047972,-0.0000000000,-0.0082337254,-0.0000000000,-0.0000000000,0.0000000000,0.0000000000,0.0836635771,-0.0000000000,-0.0000000000,0.0000000000,-0.0000000000,0.0000000000,-0.0000000000,-0.0209101594,0.0000000000,0.0000000000,-0.0000000000,0.0275002544,0.0000000000,0.0000000000,-0.0000000000,0.0000000000,0.0000000000,0.0000000000,0.0609978947,-0.0000000000,0.0000000000,0.0000000000,0.0000000000,-0.0000000000,-0.0000000000,0.0000000000,0.0000000000,-0.0000000000,0.0000000000,0.0753377490,0.0000000000,0.0000000000
0.0000000000,-0.0000000000,0.0480828537,-0.0000000000,-0.0000000000,-0.0000000000,0.0000000000,-0.0000000000,-0.0000000000,2.1295030276,-0.2460168067,-0.0000000000,0.0000000000,-0.0000000000,-0.0000000000,-0.0000000000,-0.0000000000,-0.0000000000,-0.0000000000,-0.0000000000,-0.0000000000,0.2785695841,0.0000000000,-0.0000000000,-0.3212365451,-0.0000000000,-0.0000000000,0.0000000000,-0.0000000000,-0.1174614410,-0.0000000000,-0.0000000000,-0.0000000000,0.0000000000,0.0598729712,-0.0000000000,0.0000000000,0.0000000000,0.0000000000,-0.1124763954,0.0000000000,-0.0000000000,0.0000000000,0.0000000000,0.0000000000,-0.0000000000,0.0386911527,0.0000000000,-0.0000000000,0.0000000000,-0.0000000000,-0.0022793474,-0.0000000000,-0.0000000000,-0.0000000000,-0.4546002735,0.0000000000,-0.1547174251,-0.1192203229,-0.0000000000,-0.0000000000,0.0000000000,-0.2762902323,-0.1679201298,-0.0000000000,-0.0000000000,-0.0000000000,-0.0000000000,-0.0000000000,-0.0000000000,-0.0098814314,0.5641841363,-0.0960503658,-0.3200175166,0.0000000000,-0.2205100461,-0.0815302460,-0.0278813024,-0.0000000000,0.0000000000,-0.0000000000,0.0000000000,-0.1321210951,-0.0000000000,-0.3406312696,-0.0000000000,0.0000000000,0.0000000000,0.0000000000,0.0000000000,0.0000000000,-0.2107994483,-0.0000000000,-0.0000000000,-0.0083637246,-0.0000000000,-0.0061096577,-0.0000000000,-0.0417921062,0.0000000000
-0.0000000000,0.0000000000,0.0000000000,0.0000000000,-0.0000000000,0.0000000000,0.0941944699,0.0000000000,0.0000000000,-0.2460168067,2.8711406448,-0.3655066261,0.0000000000,0.0000000000,0.0368345519,0.0715399437,0.0934636813,0.0000000000,0.0000000000,0.0000000000,0.0000000000,0.0000000000,0.1872579108,-0.0000000000,0.0000000000,-0.0638968410,-0.0000000000,-0.0000000000,0.0000000000,0.1463168710,-0.2026218254,0.1244498072,0.1974401233,0.0000000000,0.0543626024,-0.0000000000,-0.0000000000,0.0000000000,0.0016986459,0.0000000000,-0.0000000000,-0.0000000000,-0.0000000000,-0.0000000000,0.0000000000,-0.0442233720,0.0000000000,-0.1174051385,-0.0000000000,-0.0000000000,-0.0000000000,-0.0000000000,-0.0000000000,-0.0000000000,-0.0000000000,0.0000000000,0.0000000000,-0.5502598597,-1.1460847873,-0.3070358289,0.0000000000,0.0000000000,0.0471863443,0.0000000000,0.0000000000,0.0000000000,-0.0000000000,0.0000000000,0.0000000000,0.2289499179,0.0000000000,-0.0000000000,0.0000000000,-0.0864048841,0.0000000000,-0.0000000000,-0.0000000000,0.0000000000,-0.0000000000,0.0000000000,-0.0000000000,-0.0000000000,0.0000000000,0.0000000000,-0.0000000000,0.0000000000,-0.0000000000,-0.0000000000,-0.1298542199,-0.0000000000,-0.0000000000,0.0000000000,-0.0000000000,0.0000000000,-0.1140803246,-0.0000000000,-0.0000000000,-0.0000000000,-0.0093136303,-0.0767959721
0.0000000000,-0.0000000000,-0.0000000000,0.0000000000,-0.0000000000,0.0000000000,0.0000000000,-0.0000000000,0.0000000000,-0.0000000000,-0.3655066261,2.6327944000,-0.0000000000,-0.1029392979,-0.0000000000,0.2647351203,-0.0000000000,0.0000000000,-0.0000000000,0.0000000000,-0.2507460198,0.0000000000,0.0000000000,-0.1221970765,0.0000000000,-0.2154116520,0.0000000000,0.0000000000,0.0000000000,-0.0000000000,-0.0000000000,0.0000000000,0.0479568208,0.1506654107,0.0000000000,-0.0000000000,-0.0000000000,0.0000000000,0.0000000000,-0.0000000000,-0.0000000000,0.0000000000,-0.0000000000,0.0000000000,0.0000000000,-0.0000000000,-0.0000000000,-0.0000000000,-0.0000000000,-0.0000000000,0.0000000000,-0.0000000000,-0.0000000000,-0.0893207752,-0.2794896400,0.0000000000,-0.0000000000,-0.1518926255,-0.3354465792,-0.3044909467,-0.2026412722,-0.1789463703,-0.0000000000,-0.1029783866,-0.0657344842,-0.0000000000,-0.0000000000,-0.2272876633,-0.0000000000,0.0000000000,-0.0418922881,-0.0000000000,0.0000000000,-0.0165556705,-0.2865698826,-0.0000000000,0.0000000000,-0.0000000000,-0.0000000000,-0.0000000000,0.0636406421,-0.0000000000,0.0000000000,0.2095683938,0.0000000000,0.0000000000,-0.0000000000,-0.0000000000,-0.0703699505,-0.2478984636,-0.0040648451,0.0000000000,0.0000000000,-0.0872752229,-0.1122182875,0.0000000000,0.0000000000,-0.0000000000,-0.0000000000,-0.0000000000
0.0000000000,-0.1981692208,0.0000000000,-0.0000000000,-0.0000000000,0.0009086324,-0.0000000000,0.0000000000,0.0014004057,0.0000000000,0.0000000000,-0.0000000000,3.5517383559,0.0000000000,-0.1248248696,0.0000000000,-0.2766654319,0.0000000000,0.0000000000,0.0000000000,0.0000000000,-0.0000000000,0.0000000000,-0.0000000000,0.0848824292,-0.1046092647,0.0000000000,-0.0000000000,0.0000000000,-0.0000000000,-0.0000000000,-0.0000000000,-0.0000000000,0.0000000000,0.0000000000,0.0000000000,-0.0000000000,-0.0000000000,-0.0000000000,-0.0000000000,-0.0000000000,0.0505469782,-0.0000000000,-0.0000000000,-0.0000000000,-0.0000000000,0.0000000000,0.0000000000,-0.0000000000,-0.0000000000,-0.0000000000,-0.0000000000,0.0000000000,-0.0000000000,-0.0000000000,0.1609108563,-0.0000000000,0.0000000000,0.0000000000,-0.0506688258,-0.0000000000,-2.3568295040,-0.0000000000,0.0000000000,0.0572674822,-0.0000000000,-0.0000000000,-0.0000000000,0.0000000000,0.0000000000,-0.0000000000,-0.0000000000,0.0000000000,-0.2548524860,-0.6255728112,0.0000000000,0.0000000000,-0.0000000000,-0.0000000000,-0.0000000000,0.0000000000,0.0000000000,0.0547339132,0.0000000000,0.0000000000,0.1783820782,0.0000000000,0.0000000000,-0.0000000000,-0.0227744867,-0.0172442899,0.0000000000,0.0000000000,-0.0000000000,-0.0000000000,0.0000000000,0.0000000000,-0.0000000000,-0.0000000000,-0.0000000000
-0.0000000000,0.0000000000,0.0000000000,0.0000000000,-0.0000000000,-0.0000000000,0.0000000000,0.4550099836,-0.0000000000,-0.0000000000,0.0000000000,-0.1029392979,0.0000000000,3.2192676461,-0.6091059961,0.0639567151,-0.0000000000,0.0000000000,-1.0426535974,0.0000000000,-0.3654378302,0.0175515668,-0.0000000000,0.0000000000,-0.0000000000,0.0000000000,0.0000000000,0.0000000000,0.0000000000,0.0000000000,-0.0000000000,-0.0000000000,0.0086763681,-0.0000000000,0.0000000000,0.0000000000,0.0000000000,-0.0000000000,0.0000000000,-0.0000000000,-0.0000000000,-0.0448155109,-0.0105282115,-0.1151380267,0.0000000000,0.0000000000,-0.0793648985,-0.0000000000,-0.0560117033,-0.0000000000,-0.0940449171,0.0000000000,-0.0000000000,0.0000000000,-0.0000000000,-0.4149411737,-0.0000000000,0.0000000000,-0.0000000000,0.0000000000,0.0000000000,-0.0000000000,0.0000000000,-0.7456763541,-0.1098477676,-0.0000000000,-0.0000000000,-0.1598576721,-0.0000000000,0.0000000000,-0.0000000000,-0.0000000000,0.1013471576,0.0000000000,-0.0000000000,0.0000000000,0.0000000000,0.0000000000,-0.0000000000,0.0000000000,0.0000000000,-0.0000000000,-0.0000000000,0.0000000000,0.0000000000,0.0000000000,-0.0000000000,0.0000000000,0.0000000000,0.0000000000,-0.0000000000,-0.0000000000,0.0000000000,-0.0478552976,0.1408666310,-0.0000000000,0.0758628094,0.0000000000,-0.0000000000,-0.0000000000
-0.0000000000,0.0000000000,-0.0000000000,-0.0000000000,-0.0000000000,-0.0000000000,-0.0000000000,0.0000000000,-0.0000000000,-0.0000000000,0.0368345519,-0.0000000000,-0.1248248696,-0.6091059961,2.7568268620,0.0000000000,-0.0000000000,0.0000000000,-0.0819540867,-0.0000000000,-0.1818589964,-0.0000000000,-0.0000000000,0.0000000000,-0.0000000000,0.0000000000,0.0000000000,-0.0626079291,-0.0290172330,-0.2917293883,-0.0000000000,-0.0000000000,-0.0000000000,-0.0000000000,-0.0000000000,0.0000000000,-0.0000000000,-0.0000000000,-0.1412614736,-0.0113342590,-0.0000000000,-0.0000000000,-0.0000000000,-0.2119202848,-0.0000000000,-0.0000000000,-0.0000000000,-0.0000000000,-0.0000000000,-0.0000000000,-0.0000000000,0.0000000000,0.0000000000,-0.0000000000,-0.0000000000,-0.0000000000,0.0000000000,0.0000000000,0.1203029280,0.0000000000,-0.0000000000,-0.1022971633,0.0000000000,-0.0000000000,-0.0000000000,-1.2125387199,0.0000000000,-0.0000000000,0.0000000000,0.0000000000,-0.0000000000,0.0000000000,0.0000000000,-0.0000000000,-0.0000000000,0.0000000000,-0.0000000000,-0.0026715719,-0.0000000000,-0.0000000000,-0.0000000000,-0.0000000000,-0.0000000000,0.0000000000,0.0000000000,0.0000000000,-0.0000000000,-0.0843254635,0.0226984053,-0.0000000000,0.0000000000,0.0000000000,0.0000000000,-0.0000000000,0.0000000000,-0.0000000000,0.0000000000,-0.0000000000,0.0000000000,0.0000000000
-0.0000586670,-0.3555734410,-0.0000000000,-0.0000000000,0.0000000000,-0.0000000000,-0.8514541595,-0.1045553245,0.0000000000,-0.0000000000,0.0715399437,0.2647351203,0.0000000000,0.0639567151,0.0000000000,2.7332170647,-0.0000000000,-0.2333656720,-0.0000000000,-0.1220476611,0.0000000000,-0.0000000000,-0.0000000000,-0.0000000000,-0.0000000000,0.0000000000,0.0000000000,-0.0000000000,0.0000000000,0.0000000000,0.0000000000,-0.0000000000,-0.2716992860,-0.2727465877,-0.1673898445,0.0000000000,0.0000000000,-0.0000000000,-0.0000000000,-0.0000000000,0.0000000000,0.0000000000,0.0000000000,-0.0000000000,-0.0000000000,0.0000000000,0.0000000000,0.0000000000,-0.0000000000,0.0499145336,-0.0000000000,-0.1581038652,-0.1606892671,-0.0000000000,-0.0000000000,0.0000000000,-0.0000000000,0.0000000000,0.0000000000,0.0000000000,-0.0326849949,0.0000000000,-0.0000000000,-0.0000000000,-0.0000000000,-0.0000000000,-0.0000000000,0.0000000000,-0.0074630852,-0.3996993936,-0.0000000000,0.0000000000,-0.0739594317,0.0000000000,0.0000000000,0.0000000000,-0.0000000000,0.0000000000,0.0000000000,0.0000000000,-0.0000000000,0.0000000000,-0.0000000000,-0.0730684386,-0.0000000000,-0.0000000000,-0.0000000000,-0.0000000000,-0.0000000000,0.0556003123,0.0000000000,-0.1369221023,-0.0000000000,0.0000000000,0.0000000000,0.0000000000,-0.0000000000,-0.0000000000,0.0000000000,0.0598294939
0.0000000000,-0.0000000000,-0.0000000000,-0.0000000000,0.0000000000,-0.0000000000,-0.0000000000,-0.0000000000,-0.0000000000,-0.0000000000,0.0934636813,-0.0000000000,-0.2766654319,-0.0000000000,-0.0000000000,-0.0000000000,3.3109293527,-0.2278538189,-0.9499792572,-0.0000000000,-0.0000000000,-0.0017195191,-0.2278294044,-0.1197919212,0.3095099118,0.0000000000,0.0000000000,-0.0000000000,0.0000000000,-0.1848698679,0.0000000000,-0.0000000000,-0.0000000000,-0.0000000000,-0.0000000000,0.0000000000,0.2868054246,-0.1222837664,-0.3343178559,-0.0000000000,-0.0000000000,0.1135942120,-0.0000000000,0.0000000000,0.0000000000,-0.0000000000,-0.0000000000,-0.0000000000,-0.0000000000,0.0000000000,-0.0000000000,-0.0000000000,-0.0000000000,0.0000000000,-0.0000000000,-0.0000000000,-0.0460641634,0.0000000000,0.0000000000,-0.0000000000,-0.0000000000,-0.0000000000,-0.0000000000,-0.1405223246,-0.0000000000,-0.0000000000,-0.0000000000,-0.5024171317,-0.0000000000,-0.1486471806,-0.0000000000,-0.0293612615,0.0000000000,-0.1378143851,-0.2809658148,0.0000000000,-0.0000000000,0.0000000000,0.0000000000,-0.0000000000,-0.0000000000,0.0000000000,0.0651007945,0.0000000000,0.0000000000,0.0000000000,0.2964347750,-0.0000000000,0.0000000000,-0.0000000000,-0.0000000000,-0.0630786504,-0.0000000000,-0.0000000000,0.0044488237,0.0000000000,0.0000000000,0.0000000000,-0.0000000000,0.2316747675
-0.0000000000,-0.0274271993,-0.0535999789,0.0000000000,0.0000000000,-0.0000000000,-0.0290984470,-0.7426447327,-0.1265812963,-0.0000000000,0.0000000000,0.0000000000,0.0000000000,0.0000000000,0.0000000000,-0.2333656720,-0.2278538189,4.5236253291,0.0000000000,-0.5894219675,-0.0000000000,-0.4185439876,-0.0614167819,-0.0000000000,0.0000000000,-0.0000000000,0.0000000000,-0.0000000000,0.0000000000,-0.0000000000,0.0000000000,-0.0000000000,0.0000000000,-0.0000000000,-0.0000000000,-0.0000000000,0.0000000000,-0.0000000000,0.0000000000,0.0000000000,0.0000000000,0.0000000000,0.0000000000,0.0000000000,0.0000000000,0.0597066296,0.0000000000,0.0000000000,-0.0000000000,0.0000000000,0.0000000000,-0.0000000000,-0.0000000000,0.0479212788,-0.0000000000,-0.0000000000,-0.2325997604,-0.0000000000,-0.0000000000,0.0000000000,-0.0000000000,0.0000000000,-0.0000000000,-0.1170565729,-0.0000000000,0.0000000000,-0.1151727890,0.0000000000,-0.0000000000,-2.1356476350,-0.0515619507,-0.0000000000,-0.0000000000,0.0000000000,-0.0000000000,-0.0000000000,0.0000000000,0.0000000000,0.0000000000,0.0000000000,-0.0000000000,0.0000000000,-0.0000000000,-0.0000000000,-0.0000000000,-0.0000000000,0.0000000000,0.0000000000,-0.0000000000,0.0000000000,0.0000000000,-0.0879931952,-0.0000000000,0.0000000000,0.0000000000,0.0000000000,0.0000000000,0.0000000000,-0.0000000000,0.0000000000
0.0000000000,0.0000000000,0.0000000000,-0.0000000000,-0.0000000000,0.0000000000,-0.0000000000,0.0000000000,-0.0000000000,-0.0000000000,0.0000000000,-0.0000000000,0.0000000000,-1.0426535974,-0.0819540867,-0.0000000000,-0.9499792572,0.0000000000,3.9326243071,0.0000000000,-0.9431956062,0.0000000000,-0.1659816121,-0.0000000000,0.0000000000,0.0000000000,0.0000000000,-0.0000000000,0.0000000000,-0.0000000000,-0.0000000000,-0.0000000000,0.0000000000,-0.0000000000,-0.0000000000,0.0660178934,0.0000000000,-0.0000000000,-0.0000000000,-0.0000000000,-0.0000000000,-0.0000000000,-0.1741845689,-0.0000000000,0.0000000000,-0.0000000000,-0.0019125829,-0.0000000000,0.0000000000,0.0000000000,-0.0000000000,-0.0000000000,-0.1838001612,0.0000000000,0.0000000000,0.0000000000,0.0000000000,0.0000000000,-0.0000000000,-0.0000000000,0.0000000000,0.0000000000,0.0000000000,-0.2447791322,-0.0000000000,-0.2508455107,-0.0000000000,-0.3438566012,-0.1569355220,0.0000000000,-0.0000000000,-0.0000000000,0.0000000000,-0.0010428300,-0.0000000000,-0.0000000000,0.0000000000,0.0000000000,0.0000000000,0.0000000000,-0.0000000000,0.0000000000,0.0000000000,-0.0000000000,0.0000000000,0.0000000000,0.0000000000,-0.0611493790,0.2530041834,-0.0000000000,0.0000000000,-0.0000000000,-0.0899825297,-0.0000000000,0.0000000000,-0.0000000000,0.0000000000,0.0000000000,0.0000000000,0.0000000000
-0.0646320576,-0.0000000000,-0.0000000000,0.0000000000,0.0000000000,-0.0000000000,-0.0000000000,-0.0000000000,-0.0000000000,-0.0000000000,0.0000000000,0.0000000000,0.0000000000,0.0000000000,-0.0000000000,-0.1220476611,-0.0000000000,-0.5894219675,0.0000000000,3.3219981660,0.0000000000,-0.0000000000,-0.7263468908,-0.0000000000,-0.0000000000,0.0000000000,-0.0000000000,-0.1477360012,-0.1609711395,-0.0000000000,-0.0339072407,0.0766199555,0.0000000000,-0.1663788204,-0.0000000000,-0.0000000000,0.0000000000,-0.0000000000,0.0000000000,-0.0000000000,-0.0000000000,0.0776625691,0.0000000000,-0.0000000000,0.0000000000,0.0000000000,-0.0000000000,-0.2759609272,-0.2438517549,-0.0000000000,0.0000000000,-0.0000000000,-0.0000000000,-0.0000000000,-0.0000000000,-0.0000000000,-0.0000000000,-0.0000000000,-0.0000000000,0.1451762898,-0.0000000000,-0.0000000000,-0.0000000000,-0.0000000000,-0.1321865195,-0.0000000000,-0.0124123401,0.0000000000,-0.0000000000,-0.0000000000,-0.7001960095,0.0000000000,-0.0000000000,0.1727582238,0.0000000000,0.0000000000,-0.0000000000,-0.0000000000,-0.1263160467,0.0000000000,-0.0000000000,0.0000000000,0.0000000000,-0.0000000000,0.0000000000,-0.0000000000,-0.0000000000,0.0000000000,-0.7844991970,0.0000000000,0.0000000000,-0.0000000000,0.0031502884,-0.0000000000,0.0000000000,0.0000000000,0.0000000000,-0.0000000000,-0.0301227619,0.0000000000
0.0691217771,0.0540571273,0.0000000000,-0.0000000000,-0.0000000000,0.0000000000,-0.0000000000,0.0000000000,-0.0000000000,-0.0000000000,0.0000000000,-0.2507460198,0.0000000000,-0.3654378302,-0.1818589964,0.0000000000,-0.0000000000,-0.0000000000,-0.9431956062,0.0000000000,2.6860600996,-0.0000000000,-0.0000000000,-0.1322675257,0.0000000000,-0.0000000000,-0.0000000000,-0.0000000000,-0.0000000000,-0.1303963075,0.0000000000,0.0000000000,0.0000000000,-0.0000000000,-0.0000000000,-0.0000000000,-0.0000000000,0.0000000000,0.0000000000,-0.0000000000,-0.0000000000,-0.0000000000,-0.0000000000,-0.0000000000,0.0000000000,0.0000000000,-0.0863068712,0.0000000000,0.0460716656,0.0000000000,0.0280692824,-0.0000000000,0.0000000000,0.0000000000,-0.0000000000,-0.0000000000,0.0000000000,-0.0000000000,-0.0000000000,-0.0000000000,-0.1376149907,0.0000000000,-0.0000000000,-0.0000000000,-0.0000000000,-0.0000000000,-0.0000000000,-0.0000000000,-0.0000000000,0.0000000000,-0.6217912758,-0.0000000000,0.0000000000,-0.0000000000,-0.0000000000,-0.0000000000,-0.0000000000,-0.1636234940,0.0000000000,0.0781575816,-0.0000000000,-0.0000000000,-0.0000000000,-0.0000000000,-0.0000000000,-0.0000000000,-0.0000000000,-0.0000000000,0.0639674406,-0.0000000000,0.0000000000,-0.0000000000,-0.1507039022,-0.0000000000,0.0000000000,-0.0122548580,0.0198665664,0.0000000000,0.0000000000,0.0000000000
-0.0000000000,0.0000000000,-0.0000000000,-0.0000000000,0.0000000000,-0.0000000000,-0.1054693310,-0.0000000000,-0.0000000000,0.2785695841,0.0000000000,0.0000000000,-0.0000000000,0.0175515668,-0.0000000000,-0.0000000000,-0.0017195191,-0.4185439876,0.0000000000,-0.0000000000,-0.0000000000,2.1636742437,-0.0714257152,-0.3835386668,0.0575366920,-0.1262375163,-0.0000000000,-0.5584799375,-0.0000000000,-0.0000000000,0.0000000000,-0.0000000000,-0.0000000000,-0.4230619163,-0.2411458727,-0.0000000000,-0.0000000000,-0.0000000000,-0.0870519313,0.0000000000,-0.0975936247,0.0000000000,-0.2355342654,-0.0000000000,0.0000000000,0.0000000000,-0.0401695817,-0.0000000000,-0.0000000000,-0.0000000000,0.0000000000,0.0000000000,0.0000000000,0.2531976461,-0.0000000000,0.0000000000,-0.0000000000,0.0000000000,0.0000000000,0.0000000000,-0.0000000000,0.0000000000,-0.0000000000,0.0000000000,0.0000000000,0.0000000000,0.0000000000,0.0000000000,-0.0000000000,-0.0000000000,-0.0000000000,-0.0000000000,0.0000000000,0.0000000000,-0.0000000000,0.0000000000,0.0274106534,0.0879147477,0.0000000000,-0.0359031469,-0.0000000000,-0.0000000000,0.0000000000,-0.0000000000,0.0000000000,-0.0000000000,-0.0000000000,-0.0000000000,-0.0000000000,0.0000000000,-0.0000000000,-0.0000000000,-0.0000000000,-0.0000000000,0.0000000000,0.0852767569,0.0000000000,-0.0000000000,0.0000000000,-0.0000000000
-0.0000000000,0.0000000000,0.0000000000,0.0000000000,0.2651920667,0.0000000000,-0.0156790569,0.0000000000,-0.0000000000,0.0000000000,0.1872579108,0.0000000000,0.0000000000,-0.0000000000,-0.0000000000,-0.0000000000,-0.2278294044,-0.0614167819,-0.1659816121,-0.7263468908,-0.0000000000,-0.0714257152,2.9941744387,-0.0000000000,0.0000000000,0.0000000000,-0.0000000000,-0.4145107579,0.0000000000,-0.0000000000,0.0000000000,0.0000000000,0.0000000000,-0.4149079603,-0.2226879334,0.0000000000,0.0674202908,-0.0000000000,0.0000000000,-0.0000000000,-0.0000000000,0.0091500680,0.0000000000,-0.0000000000,0.2874934363,0.0000000000,-0.1018568365,-0.4860784753,-0.0000000000,-0.0000000000,0.0000000000,0.0000000000,-0.1316333432,0.0000000000,0.0000000000,0.0000000000,0.0000000000,0.0126728586,0.0000000000,0.0000000000,0.0000000000,0.0000000000,0.0000000000,-0.0000000000,-0.0000000000,-0.0000000000,-0.0000000000,0.0000000000,-0.0000000000,-0.0000000000,-0.0000000000,0.0000000000,-0.5277629611,0.0000000000,0.0188770201,0.0000000000,0.0000000000,-0.0000000000,0.0000000000,-0.0000000000,-0.0000000000,0.3146211003,0.0000000000,0.0000000000,0.0000000000,0.0000000000,0.0000000000,0.0000000000,-0.0000000000,0.0000000000,0.0000000000,-0.1851979895,-0.0000000000,-0.0000000000,0.4052699069,0.4838664227,0.0000000000,-0.0000000000,-0.0000000000,0.0000000000
0.1719251365,0.0000000000,0.0000000000,-0.0000000000,0.0000000000,-0.0000000000,-0.0000000000,-0.0183978151,0.0000000000,-0.0000000000,-0.0000000000,-0.1221970765,-0.0000000000,0.0000000000,0.0000000000,-0.0000000000,-0.1197919212,-0.0000000000,-0.0000000000,-0.0000000000,-0.1322675257,-0.3835386668,-0.0000000000,2.6712579353,0.0000000000,-0.1806626746,-0.0000000000,-0.0000000000,-0.0000000000,-0.0000000000,0.0000000000,-0.0000000000,0.0000000000,-0.0000000000,-0.3233033606,-0.0000000000,0.0000000000,0.1052379824,0.1634148536,-0.0000000000,0.0000000000,0.0000000000,-0.0234446260,0.0000000000,0.0000000000,-0.0000000000,-0.0000000000,0.0000000000,0.0000000000,0.0000000000,0.0000000000,-0.0000000000,-0.0000000000,0.0000000000,-0.0000000000,0.0000000000,0.0000000000,-0.0594710480,-0.0000000000,-0.0741575899,-0.0000000000,0.0000000000,-0.0000000000,-0.0000000000,-0.0000000000,0.0000000000,-0.0000000000,0.0000000000,-0.0663728112,-0.0000000000,-0.2063510036,-0.0044455769,-0.0000000000,-0.4914117512,-0.3920015187,-0.3496511553,-0.0000000000,-0.0000000000,0.0000000000,-0.0131472349,-0.2302852027,0.0000000000,0.0000000000,-0.0271409257,-0.1080020603,-0.0000000000,0.0000000000,-0.0000000000,-0.0000000000,-0.0000000000,0.0000000000,-0.0000000000,-0.0000000000,-0.0000000000,-0.1984575677,-0.0000000000,0.0000000000,0.0000000000,0.0000000000,0.0000000000
-0.0000000000,0.0000000000,0.0464000726,0.0008398787,0.0049368005,-0.0000000000,0.0000000000,0.0362555733,0.0000000000,-0.3212365451,0.0000000000,0.0000000000,0.0848824292,-0.0000000000,-0.0000000000,-0.0000000000,0.3095099118,0.0000000000,0.0000000000,-0.0000000000,0.0000000000,0.0575366920,0.0000000000,0.0000000000,1.9335717366,0.0606174582,-0.0000000000,0.0000000000,-0.0000000000,0.0000000000,-0.0000000000,0.0000000000,0.0000000000,-0.0000000000,-0.0000000000,0.0000000000,0.0000000000,0.0000000000,0.0992030632,-0.2477505061,0.1532109731,-0.2174759782,0.1804001639,0.0238687172,-0.0000000000,0.0000000000,0.0000000000,0.0000000000,-0.0000000000,0.0526559864,-0.0627145373,0.0000000000,0.0000000000,-0.0000000000,0.0522576799,-0.2721060148,0.0403942655,0.0000000000,0.2424207325,0.3963788950,0.0000000000,0.0000000000,-0.0000000000,-0.0000000000,-0.0000000000,-0.0000000000,-0.0000000000,0.0000000000,-0.0000000000,0.0000000000,-0.1295886485,0.1730956923,-0.0000000000,0.0000000000,0.1438809945,0.0000000000,-0.0000000000,-0.0000000000,-0.2571096820,0.0724504045,-0.0010592633,-0.0000000000,-0.0855617431,-0.0000000000,-0.1390785901,-0.0743166868,0.0000000000,0.0429613747,0.0000000000,0.2546510118,0.0480695823,-0.0000000000,0.2664473144,-0.0000000000,-0.0000000000,0.0000000000,-0.0000000000,-0.0000000000,-0.0000000000,0.0451280181
0.0669993226,-0.0000000000,0.0000000000,-0.0000000000,-0.0000000000,-0.0000000000,0.0000000000,-0.0000000000,-0.0000000000,-0.0000000000,-0.0638968410,-0.2154116520,-0.1046092647,0.0000000000,0.0000000000,0.0000000000,0.0000000000,-0.0000000000,0.0000000000,0.0000000000,-0.0000000000,-0.1262375163,0.0000000000,-0.1806626746,0.0606174582,2.0933614693,-0.0773635493,-0.0000000000,0.0000000000,-0.0000000000,0.0363429852,0.0000000000,0.0000000000,0.0000000000,0.0000000000,-0.1592708077,-0.0000000000,0.0000000000,-0.0000000000,0.0384998193,0.0000000000,-0.0000000000,-0.0000000000,0.0000000000,0.0000000000,-0.0000000000,0.1937653488,0.0000000000,-0.0000000000,-0.0936624851,0.0000000000,-0.1259773986,-0.0000000000,-0.0000000000,-0.0000000000,0.0000000000,0.0000000000,-0.0000000000,-0.3806713904,-0.1605851594,-0.0000000000,-0.0000000000,-0.0000000000,0.0000000000,0.2028924950,0.1667822699,0.2253985543,0.3319022880,0.0000000000,-0.0000000000,0.0000000000,0.0000000000,0.0000000000,-0.0000000000,-0.0000000000,-0.4683603360,0.0000000000,-0.0000000000,0.0000000000,-0.0000000000,0.0046342016,0.1121867384,0.0067203265,0.0000000000,0.0000000000,0.0000000000,-0.0000000000,0.0000000000,-0.0000000000,0.0000000000,-0.0000000000,-0.0000000000,-0.0000000000,-0.0000000000,-0.0000000000,0.0000000000,0.0000000000,0.1166764820,0.0000000000,-0.0000000000
0.0243733999,0.0000000000,0.0000000000,0.0000000000,-0.0000000000,-0.0000000000,0.0088060498,0.0000000000,-0.0000000000,-0.0000000000,-0.0000000000,0.0000000000,0.0000000000,0.0000000000,0.0000000000,0.0000000000,0.0000000000,0.0000000000,0.0000000000,-0.0000000000,-0.0000000000,-0.0000000000,-0.0000000000,-0.0000000000,-0.0000000000,-0.0773635493,3.0233179823,-0.0000000000,-0.7735386861,-0.0000000000,0.0000000000,0.0000000000,-0.0000000000,-0.0431777483,-0.5083426482,-0.0000000000,-0.1554271146,0.0000000000,0.0000000000,-0.0000000000,-0.0000000000,-0.0000000000,-0.0428915131,-0.0000000000,-0.1191827993,-0.6854077639,-0.0000000000,-0.0000000000,0.0000000000,-0.0000000000,0.2215408183,-0.1442813244,-0.0000000000,-0.0000000000,0.0000000000,-0.0000000000,0.1295467855,-0.0000000000,0.0000000000,0.0000000000,0.0692503680,0.0000000000,0.0000000000,0.0000000000,0.0000000000,0.1659742830,0.0000000000,0.0000000000,-0.0000000000,0.0000000000,-0.0000000000,0.0000000000,0.0000000000,0.0000000000,0.0000000000,-0.0000000000,-0.0000000000,-0.0000000000,0.0000000000,0.0000000000,-0.0000000000,0.0000000000,-0.0000000000,-0.0000000000,-0.9801519247,-0.0000000000,-0.0000000000,0.0000000000,-0.0000000000,-0.0000000000,0.0000000000,0.0586559787,-0.0000000000,-0.0000000000,-0.0000000000,-0.0000000000,-0.0000000000,-0.0000000000,0.1137177073,0.0000000000
-0.0271900823,0.0000000000,0.0000000000,-0.0000000000,0.0000000000,0.0000000000,0.0000000000,0.0000000000,-0.0000000000,0.0000000000,-0.0000000000,0.0000000000,-0.0000000000,0.0000000000,-0.0626079291,-0.0000000000,-0.0000000000,-0.0000000000,-0.0000000000,-0.1477360012,-0.0000000000,-0.5584799375,-0.4145107579,-0.0000000000,0.0000000000,-0.0000000000,-0.0000000000,2.6841840038,-0.3451522000,-0.0000000000,0.0000000000,0.2064212872,-0.0000000000,-0.3788786746,-0.0982308344,-0.0000000000,-0.0000000000,0.0000000000,-0.0000000000,0.0000000000,-0.0000000000,0.0000000000,-0.0000000000,-0.0000000000,0.0000000000,0.0000000000,-0.0000000000,-0.2675493705,-0.0000000000,-0.3184797597,-0.0000000000,-0.0000000000,-0.0000000000,0.0000000000,0.0000000000,0.2053300836,0.0000000000,0.0000000000,0.0000000000,0.0000000000,-0.0000000000,-0.0000000000,-0.0000000000,0.0000000000,-0.0000000000,-0.0000000000,0.3818403822,0.0000000000,-0.0000000000,-0.0000000000,-0.0000000000,-0.0000000000,-0.0047794825,0.0000000000,-0.0000000000,-0.0000000000,-0.2014922925,-0.1704841408,0.0000000000,0.0000000000,-0.0000000000,0.0000000000,0.0111376456,-0.0000000000,0.0000000000,0.0000000000,-0.1635622832,-0.4335406237,-0.1549887595,0.0000000000,0.3377677885,0.0000000000,0.0000000000,-0.0000000000,0.0000000000,0.0000000000,0.0956318183,-0.0000000000,0.0000000000,-0.0000000000
-0.0000000000,0.0000000000,0.0000000000,-0.0000000000,-0.0000000000,-0.0000000000,0.0000000000,-0.0000000000,-0.0000000000,-0.0000000000,0.0000000000,0.0000000000,0.0000000000,0.0000000000,-0.0290172330,0.0000000000,0.0000000000,0.0000000000,0.0000000000,-0.1609711395,-0.0000000000,-0.0000000000,0.0000000000,-0.0000000000,-0.0000000000,0.0000000000,-0.7735386861,-0.3451522000,3.0226229912,-0.0000000000,-0.0000000000,0.0177290281,-0.0000000000,-0.0000000000,-0.0000000000,-0.6332316129,-0.5553652749,0.0000000000,-0.0000000000,-0.1067766944,-0.0000000000,-0.1198321844,-0.0000000000,-0.0000000000,-0.0000000000,-0.0000000000,-0.0362995590,-0.0000000000,-0.0000000000,-0.0000000000,0.0000000000,-0.0000000000,0.3638427047,-0.0000000000,0.0000000000,-0.0000000000,0.1109240719,-0.0000000000,0.0000000000,0.1798430835,-0.0000000000,-0.0000000000,-0.0193416842,0.0000000000,-0.0000000000,-0.0000000000,0.0000000000,0.0000000000,0.0000000000,0.0000000000,-0.0301619113,0.0000000000,0.0000000000,0.0000000000,0.0000000000,-0.0000000000,-0.6280952958,-0.3341678747,-0.0000000000,0.0000000000,-0.0000000000,0.0000000000,-0.0000000000,-0.0000000000,-0.0000000000,-0.0000000000,-0.0000000000,-0.1991777950,-0.0000000000,-0.0000000000,0.0000000000,0.0105178641,0.0000000000,-0.0379137955,-0.0000000000,-0.1055322713,0.0000000000,0.0000000000,0.0000000000,0.0000000000
