0,1,2,3,4,5,6,7,8,9,10,11,12,13,14,15,16,17,18,19,20,21,22,23,24,25,26,27,28,29,30,31,32,33,34,35,36,37,38,39,40,41,42,43,44,45,46,47,48,49,50,51,52,53,54,55,56,57,58,59,60,61,62,63,64,65,66,67,68,69,70,71,72,73,74,75,76,77,78,79,80,81,82,83,84,85,86,87,88,89,90,91,92,93,94,95,96,97,98,99
1.9298281455976327,-0.0,-0.000000000000000000e+00.1,0.0,0.000000000000000000e+00.1,-0.04049381325378512,-0.000000000000000000e+00.2,-0.000000000000000000e+00.3,-0.000000000000000000e+00.4,0.000000000000000000e+00.2,-0.000000000000000000e+00.5,0.000000000000000000e+00.3,-0.000000000000000000e+00.6,0.000000000000000000e+00.4,-0.000000000000000000e+00.7,-0.17873289903775627,0.000000000000000000e+00.5,-0.000000000000000000e+00.8,0.000000000000000000e+00.6,-0.000000000000000000e+00.9,-0.000000000000000000e+00.10,0.000000000000000000e+00.7,-0.000000000000000000e+00.11,0.000000000000000000e+00.8,0.000000000000000000e+00.9,0.000000000000000000e+00.10,0.013914875544074567,0.000000000000000000e+00.11,-0.000000000000000000e+00.12,-0.000000000000000000e+00.13,-0.000000000000000000e+00.14,-0.000000000000000000e+00.15,-0.06641469095077238,-0.000000000000000000e+00.16,-0.000000000000000000e+00.17,-0.15529681067599563,-0.000000000000000000e+00.18,-0.07436153453230822,0.000000000000000000e+00.12,0.000000000000000000e+00.13,-0.000000000000000000e+00.19,-0.026417506705812884,0.000000000000000000e+00.14,0.000000000000000000e+00.15,0.1254505966647306,0.000000000000000000e+00.16,-0.000000000000000000e+00.20,0.000000000000000000e+00.17,-0.16304873182725219,-0.000000000000000000e+00.21,-0.2858877280690912,-0.12395641417258751,-0.000000000000000000e+00.22,-0.000000000000000000e+00.23,-0.022273166801343648,-0.000000000000000000e+00.24,-0.269131143827247,0.000000000000000000e+00.18,-0.000000000000000000e+00.25,-0.000000000000000000e+00.26,0.021577488210168,-0.000000000000000000e+00.27,0.000000000000000000e+00.19,0.000000000000000000e+00.20,0.000000000000000000e+00.21,-0.000000000000000000e+00.28,-0.39349610620795616,0.000000000000000000e+00.22,-0.000000000000000000e+00.29,-0.000000000000000000e+00.30,-0.000000000000000000e+00.31,-0.000000000000000000e+00.32,-0.000000000000000000e+00.33,-0.000000000000000000e+00.34,-0.000000000000000000e+00.35,0.000000000000000000e+00.23,-0.000000000000000000e+00.36,0.000000000000000000e+00.24,0.06902160672023258,-0.000000000000000000e+00.37,0.000000000000000000e+00.25,-0.000000000000000000e+00.38,-0.000000000000000000e+00.39,0.09830862118735736,0.000000000000000000e+00.26,-0.0791079485024983,-0.03111640658276399,-0.000000000000000000e+00.40,-0.000000000000000000e+00.41,-0.000000000000000000e+00.42,-0.000000000000000000e+00.43,-0.3116442877055591,-0.01981363279603577,-0.25634522480653654,-0.000000000000000000e+00.44,-0.000000000000000000e+00.45,-0.000000000000000000e+00.46,-0.000000000000000000e+00.47,-0.032430188202938005,-0.000000000000000000e+00.48
-0.0,3.368441880891431,-0.0,-0.4050043354854047,-1.4994236539050134,-0.0,0.0,-0.3165424815058043,-0.0,-0.0,0.0,-0.0,0.0,0.0,0.0,-0.6102709532402611,0.0,-0.0,-0.0,-0.0,-0.0,-0.0,-0.0,-0.09070475819468672,0.05401766364612145,-0.0,-0.0,0.0,0.0,0.0,0.0,0.07603312035582452,0.0,-0.0,-0.24708611030462635,-0.0758961282571317,-0.0,0.0,-0.0,0.0,-0.1547158838025241,-0.0,-0.04159483714574996,-0.0,-0.1577196484346795,-0.0,-0.0,-0.0,0.0,0.0,0.0,-0.2989319508679696,0.0,-0.08878618402982566,-0.0099705429588934,0.0,-0.0,-0.0,-0.0,-0.0,0.0,0.0,0.0,0.06557029867202975,0.0,0.0,0.0,0.0,-0.0,-0.0,-0.0,0.0,0.01261653070173978,0.0,0.0,0.0,0.0,0.002478203046584161,0.0,0.0,-0.0,0.0,0.0,-0.0,-0.0,0.0,0.0,0.0,0.0,-0.0,0.0,0.0,0.0,-0.0,-0.0,-0.0,0.0,0.0,0.0,0.0
-0.0,-0.0,3.1310977085469207,0.1855885860723115,-0.030291202352888544,-0.5472535368446897,0.0,-0.03010134502145996,-0.4517089937595382,0.0,-0.0,-0.007929038829021861,0.0,-0.0,-0.0,0.0,-0.0,-0.019350616418528237,-0.0,-0.19646905329397327,-0.046015404674297454,0.0,-0.12185370961373744,-0.0,0.0,-0.1743666406033504,0.0,-0.0,-0.0,-0.1244359415029494,-0.010122705192415399,0.0,0.0,-0.0,-0.0,-0.2774058821056041,0.0,0.0,0.0,0.04154384168319534,0.0,-0.0089927643241103,-0.0,0.0,0.0,0.0,-0.0,0.0,-0.0,0.0,0.0,-0.2979793960950972,0.0,-0.0,-0.4762374441325392,-0.4658731843749295,-0.0,-0.4668816033834543,-0.0,-0.026075675118822014,-0.0,0.0,-0.0,-0.0,-0.0,-0.0,-0.0,0.0,-0.0,-0.0,-0.0,-0.0,-0.0,-0.0,0.0,-0.0,-0.0,-0.0,-0.0,0.0,-0.0,0.0,0.0,-0.0,-0.0,0.0,-0.0,-0.0,-0.0,-0.0,0.0,0.0,-0.0,0.0,-0.0,0.0,0.0,0.0,0.0,0.016116274944463382
0.0,-0.4050043354854047,0.18558858607231152,2.117922785594436,-0.05971412416945655,0.0,-0.06749612561569804,-0.054947426189024755,0.0,-0.0,0.13328878336823705,0.0,-0.0,0.0,0.0,-0.3256062941119879,0.0,-0.0,-0.0,-0.0,0.0,-0.0,0.04632305410721559,0.0,0.0,0.0,-0.0,0.0,-0.1099892994706749,0.1408359704780313,0.0,-0.0,-0.0,0.0,-0.0,0.0,-0.0,-0.0,-0.10751130226299928,-0.0,-0.0,0.0,-0.0,-0.027031208937465533,-0.0,0.0,-0.0,0.0,0.0,-0.0,0.0,0.0,-0.2501465967200493,-0.7208763029126296,0.0,0.03008297396601212,-0.0,0.0,0.0,0.0166353027718846,0.0,0.0,0.0,0.253882453109604,0.0,0.022422081719434325,0.0,0.0,-0.0,-0.0,0.0,-0.0,0.0,0.0,0.0,0.0,-0.0,0.0,0.0,0.0,0.0,0.1596157830246808,0.0,-0.0,0.0,0.0,-0.0,0.0,0.0,0.12480636235398374,0.0,-0.0,-0.0,0.0,0.0,-0.0,-0.0,0.12624501195380292,-0.0,0.0
0.0,-1.4994236539050134,-0.030291202352888544,-0.0597141241694565,2.883005996711279,-0.1921125059105677,0.05388504081363501,-0.10508967362460396,-0.0,-0.06131635520940288,-0.0,-0.0,0.0,0.0,0.0,-0.0,0.0,-0.0,-0.0,-0.0,-0.0,0.0,0.0,-0.0,-0.0,-0.0,-0.0119553185145218,-0.0,-0.0,0.0,-0.0,0.0,0.0,-0.0,-0.11989167814636488,-0.0,-0.06478477458435894,0.0,0.0,0.0,-0.0,-0.0,-0.13512405853007647,-0.0,-0.0,0.0,-0.0,-0.05250946025207191,0.0,0.0,0.0,-0.0,0.30834886536135026,-0.4046750405792524,-0.6233748781833017,-0.0,0.0,-0.0,-0.026410766002296537,-0.0,0.0,0.0,0.0,0.0,0.07678949759414584,0.0,0.0718074329794192,0.0,0.0,-0.0,0.06024926987733292,0.06324971596612669,0.09625779402183715,0.1579160829984463,0.0,-0.0,-0.0,0.0,0.0565169343774419,0.0,-0.0,0.0,0.0,-0.0,-0.0,0.0209265674028769,-0.0,-0.0,0.0,-0.0,0.0,0.0,0.0727226531989245,0.0,0.0,-0.0,0.0,0.12842983009408904,0.0,0.08921473402775117
-0.0404938132537851,-0.0,-0.5472535368446897,0.0,-0.19211250591056772,3.4819272568081776,0.0,-0.0,-0.374923359177044,-0.0,-0.0,-0.0,0.0,0.0,0.0,0.0,0.0,-0.0,0.0,-0.0,-0.0,-0.0,-0.0,0.0,-0.0,0.0,-0.0,-0.0,-0.0,-0.0,-0.0,0.0,0.0,0.0,-0.0,-0.0,-0.0,-0.0,-0.0,0.0,0.0,-0.0,-0.0,-0.0,0.0,0.0,-0.0,-0.0,-0.1768482591512581,0.0,0.0,-0.0,0.03228954776570072,-0.0,-2.012023158456564,-0.0671573582659655,-0.0,-0.0,-0.049115136255412126,0.0,0.0,0.0,-0.0,0.0,0.0,0.0,-0.0,0.07319275275798116,0.0,-0.0,0.0,-0.0,-0.0,0.0,0.0,0.0,-0.0,0.0,0.0199614946232104,0.09242943457227709,0.0,0.0,0.0,-0.0,-0.004601824564104448,0.0,-0.0067003873979144,-0.0,-0.0,-0.0,0.11766101491751788,0.0,0.0,0.0,-0.0,0.0,0.0,0.0,-0.0,0.0
-0.0,0.0,0.0,-0.067496125615698,0.05388504081363501,0.0,2.7641255095068504,-0.5050221901977451,0.0,0.0,0.05727173323520031,0.0,-0.0,0.0,-0.0,-0.4006023258036918,0.0,0.0,0.0,-0.0,0.0,-0.0,0.0,0.0,0.0,0.0,0.0,0.0,-0.0,0.0,0.005496569240329659,-0.0,0.0,0.0,0.38875100556301806,0.0,0.05506689729358653,0.0,-0.0,-0.0,0.0,0.0,0.19895012935746456,0.0,0.109646430122522,0.0,0.02842339348048904,0.17097813391148492,0.1033948235897373,0.0,-0.0,-0.0,-0.8757427130977066,-0.0,0.0,-0.0,-0.322015387193363,0.0,0.2048791014718776,0.09162985693909048,0.0,-0.0,-0.0,0.0,0.0,-0.0,-0.2517125062601922,0.0,-0.0,-0.0,-0.01710214563852084,-0.0,-0.0,-0.30720282171749824,0.0,0.0,0.0,-0.0,-0.0,-0.0,0.09657516653008597,0.07725238818000804,0.0,0.0,0.12935619879783317,0.0,0.0,0.0,-0.0,0.0,0.0,-0.0,-0.187048528181015,0.0,0.0,-0.0,-0.0,0.0,-0.0,-0.0
-0.0,-0.3165424815058043,-0.03010134502145996,-0.0549474261890247,-0.10508967362460396,-0.0,-0.5050221901977451,2.648823847424477,-0.14779136256452688,-0.0,0.0,0.0,-0.04611249247377872,-0.0,-0.006875316028478576,-0.0,0.0,-0.1808320432682372,-0.009516867660949602,-0.0,-0.0,0.0,-0.0,0.0,0.0,-0.0,0.0,0.157348540414509,-0.0,0.0,0.04449603100651542,0.0,0.0978258455225499,-0.0,0.0,-0.0,0.0,0.0,-0.0,0.04903902424740116,0.0,0.0280574389422857,0.0,0.0,0.0,0.0032887945915152784,0.0,0.0,0.0966989937219919,0.0,0.0,-0.0,0.0,-0.0,-0.0129232333312604,-0.0,-0.8097881651268685,-0.5485375817796064,0.0,0.03077241810381096,0.0014035055250225,-0.0,-0.10337672721266612,-0.0,0.0,-0.0,0.0,0.0,-0.0,-0.0,-0.04884534563878064,0.0,-0.0,0.0,0.151124609198977,0.0,-0.029667210511197688,0.0,0.0,-0.0,0.0,0.024763868978875565,0.0,0.0,0.0,0.0,0.0,-0.0,0.0,0.0,0.0,0.0,-0.0,-0.0,0.0,0.0,0.0,0.0,0.0,0.0
-0.0,-0.0,-0.4517089937595382,0.0,-0.0,-0.374923359177044,0.0,-0.14779136256452688,3.9398676719571593,-0.0,-0.036115076213395034,-0.0,-0.21082926513957992,-0.19752747324715617,-0.0,0.0,-0.01411622189033863,-0.0,-0.12962094497885107,-0.0,-0.0,-0.0,-0.0,-0.0,-0.0,0.0,-0.0,-0.0,-0.18899638524429144,0.0,-0.0,0.0,0.0209369644746421,-0.0,-0.0,-0.1209598077335543,0.0,-0.0,-0.0,-0.0,0.0,-0.0,-0.0077659559137907425,-0.0,0.0,-0.0,-0.0,-0.0,-0.0,-0.0,0.0807901863407158,-0.0,0.23012931773015471,-0.0,-0.576025969714707,-0.24848076274522568,-0.0,-1.7597355478902614,-0.0,-0.0,-0.0,-0.0,-0.0,-0.0,-0.0,-0.0,0.0,0.0,0.0,-0.0,-0.0,0.0,-0.0,0.04819170409229247,0.0,0.0,-0.0,0.0,0.0,0.0,0.0,0.0,0.13019921671153825,0.0,-0.0,0.0791270003736072,0.0,-0.0,0.0,0.0,0.0,0.0717305583575463,-0.0,0.0,0.0,-0.0,-0.0,0.0,-0.0,0.0
0.0,-0.0,0.0,-0.0,-0.06131635520940288,-0.0,0.0,-0.0,-0.0,1.7510179063111904,-0.05294779101710813,-0.43900417134289366,-0.0,-0.0,-0.0,-0.0,0.0,0.0,-0.0,0.0,-0.0,0.0,0.0035934338128483685,-0.0,-0.2782468224577767,0.0,0.0,0.0863712159599457,-0.0,0.3709505655037839,-0.0,-0.0,-0.0,0.0,0.0,-0.0473696839574957,-0.0,-0.0708643971467461,-0.0,-0.2331618055057716,-0.0,0.1647618117101138,0.0,0.0,-0.0,0.11532094294514544,0.0,0.0,-0.0,-0.0,-0.0,0.0,-0.0,-0.17043329303493587,-0.0,-0.0522838524060285,0.0,-0.0,-0.2675307532286064,0.0,-0.0707256921905294,-0.0,0.0,-0.0,-0.03602664973977792,0.0,-0.0,0.0,-0.0,0.026170140162873536,0.0,0.0,0.06203161702221741,-0.15464605767776715,0.0,0.0,-0.0,0.0,-0.0799882653644429,0.0,-0.054149054890297824,-0.0,-0.20599009314790592,-0.0913568158985449,-0.0,-0.0,-0.1410457208643228,0.0,-0.0,-0.0,0.0,0.0,-0.0,0.0,0.0,0.0,0.0,0.0,-0.0,-0.0
-0.0,0.0,-0.0,0.133288783368237,-0.0,-0.0,0.05727173323520031,0.0,-0.036115076213395034,-0.05294779101710813,1.8704115631410063,-0.4909993227071656,-0.008758386659406129,-0.02283256523422664,-0.0,0.0,-0.0,0.0,-0.0,0.0,-0.0,0.04155030516530329,0.0,-0.0,0.0,-0.0,0.0,0.0,0.008615456880998266,-0.0200922573977402,-0.0,0.0,0.0,0.0,0.19407925772569648,-0.0,0.0,-0.0,0.12912517166020632,0.0,-0.0,-0.0,-0.0,-0.0,0.1056166337645564,0.0,0.0,0.0,-0.0,-0.0,0.0,-0.0,0.0,0.0,-0.0,-0.20817308953533495,0.0,-0.0,-0.0,-0.2021070839162692,-0.2913471317681826,-0.23493110587533533,0.0,-0.0,-0.04161344668288009,-0.0,-0.0,0.0,-0.0,0.0,-0.0,0.0,0.0,-0.0,-0.0,-0.0,0.0,-0.0,-0.0,0.0,-0.036886891142432335,-0.29367053924885145,-0.0,0.0,-0.0,-0.0,-0.0,-0.07801171440288651,-0.0,-0.3140023677215975,-0.0,0.0267663043881468,0.0,-0.0,-0.03292840470650959,-0.007802410830264049,-0.0,-0.0,-0.0,-0.0
0.0,-0.0,-0.007929038829021861,0.0,-0.0,-0.0,0.0,0.0,-0.0,-0.43900417134289366,-0.4909993227071656,1.9587055784274825,-0.0,-0.12302799094965317,-0.019894215730871044,-0.1130694341112355,0.0,0.0,-0.1291773054567509,0.40433914158925394,-0.004633237837148773,0.06281969878594312,0.0,-0.148087602752453,0.0,-0.3604947292646679,-0.0,0.06381391276874121,0.0,0.0,-0.0,0.0,0.0,0.0,0.0,-0.0,0.0010485464974502123,-0.0,0.0,-0.0,-0.0,-0.0,-0.0,-0.0,-0.0,-0.0,0.0,-0.0,0.0,-0.05403205197299924,-0.0945349062845758,-0.0,-0.0,-0.0,-0.0,-0.02269332805393539,0.0,-0.0,0.0,-0.1170454016031852,-0.3253406448145068,-0.0,0.0,-0.0,-0.06034878507565668,-0.0,0.0,0.0,-0.0,0.0,0.0,0.029947023363850463,0.007839031681038796,-0.06388487573128206,-0.0,-0.1647017472928015,0.0,0.0,-0.0,-0.0,-0.0,-0.0,0.0,-0.0,0.0,0.0,-0.0,0.0,0.0,-0.0,0.0,0.1153019398067762,0.0,0.0,-0.16074961830618845,-0.0,0.0,0.0,-0.0,-0.0
-0.0,0.0,0.0,-0.0,0.0,0.0,-0.0,-0.04611249247377872,-0.21082926513957992,-0.0,-0.008758386659406129,-0.0,3.44686000357192,-0.3499447648318643,-0.07119220812451744,-0.0,-0.03236194401240059,0.0,-0.0,0.0,0.0,0.0,0.0,0.09264405459686884,0.0,0.0,0.0,-0.0,-0.0,-0.0,-0.0,0.0,0.0950320021056287,0.0,0.03982026515311932,0.0,0.0,-0.0,-0.0,0.0,0.07399238531159116,-0.0,-0.0,-0.016586089449654628,0.1506041005487433,-0.0,0.0,-0.0,0.0,-0.0,0.0,0.0,-0.0,0.0,0.0,-0.006036977532493184,-0.0,-0.0,0.0,-0.0,-0.3569509718805794,-2.022864953582846,-0.00834796379175319,-0.0,-0.0,-0.0,0.0,-0.0,0.0,-0.0,-0.0,-0.0,-0.0,0.0,0.0,-0.0,-0.0,-0.0,-0.0,0.0,0.0,0.0,0.0,0.0,0.14565746631520252,0.0,0.0444363012308432,-0.10093388413779394,0.0,0.2510519219425099,0.0,-0.0,0.0,-0.0,-0.0,-0.0,-0.0,0.0,-0.0710581973378051,-0.0
0.0,0.0,-0.0,0.0,0.0,0.0,0.0,-0.0,-0.19752747324715617,-0.0,-0.02283256523422664,-0.12302799094965317,-0.3499447648318643,4.1604136666350096,-0.39387513565831983,0.0,-0.0,0.0,-0.9498167573407288,0.0797932313525666,-0.0,0.05516780078469438,-0.0,0.028183296952369104,0.10047050576707896,0.0,0.0,0.30087247993848487,-0.0,0.0,0.0,0.0,0.0,0.0,0.0753198343573756,0.0,0.13993252588609953,-0.0,-0.008472078548028956,0.0,0.0,-0.0,-0.0,-0.0,-0.0,-0.0,0.0,0.0,0.0,-0.0,0.0,0.0,-0.0,-0.0,-0.0,-0.04890688653559402,-0.0,-0.2074610997309826,-0.0,-0.0,-0.0,-0.0,-0.16182721017895163,-1.2787793680250739,-0.060876448000508177,-0.5026497919242914,0.0,-0.0,0.0,-0.0,-0.0,0.0,-0.10696110800571156,0.0,0.31851281559678807,0.0,-0.0,0.0,-0.0,-0.0,0.0,0.0,0.0,0.0,0.0,-0.0,0.0,0.0,0.11458056153061429,0.0,0.0,0.0,-0.0578514390736102,0.0,0.0,-0.0,-0.0,-0.0,0.0,0.0
-0.0,0.0,-0.0,0.0,0.0,0.0,-0.0,-0.006875316028478576,-0.0,-0.0,-0.0,-0.019894215730871044,-0.07119220812451744,-0.39387513565831983,3.7136378456759016,0.0,0.0,0.0,-0.0,0.0,-0.7481403482802088,0.0,-0.0,0.0,0.0,-0.0,0.0,0.0,0.0,-0.062463535761518425,0.0,0.0,0.0,0.0,0.011603804196340065,-0.0,0.0,-0.2117016939597157,0.0,0.16207859573900146,0.0,0.0,0.0,-0.0,0.0,0.0,0.0,0.0,0.0,-0.0,0.0,0.0,0.0,-0.0,0.0,0.0,0.0,-0.0,0.0,-0.0,-0.0,-0.0,-0.0,-0.0,-0.0,-2.1795705306092943,0.0,-0.0,0.0,0.0,-0.03254759762814554,0.0,-0.05166051886668824,0.0,0.0,0.0,-0.0,0.0,0.0,-0.0,0.0,0.0,0.0,0.0,0.0,-0.0079632042175831,0.0,-0.0,0.0,0.0,0.0,0.0,-0.0516263215850904,-0.0,0.0,-0.0,-0.0,-0.0,-0.0,-0.0
-0.1787328990377562,-0.6102709532402611,0.0,-0.3256062941119879,-0.0,0.0,-0.4006023258036918,-0.0,0.0,-0.0,0.0,-0.11306943411123552,-0.0,0.0,0.0,2.63982481335436,-0.0,-0.33049491992526114,-0.0,-0.0,0.0,-0.0,-0.0,-0.04569221167146518,0.0,-0.03472716300887698,-0.0,-0.0,0.0,0.0,0.0,-0.0,-0.0469264447610203,-0.0,-0.0,-0.0,0.0,-0.0,-0.0,-0.0,-0.19535290070913275,-0.0,-0.0,-0.0,-0.0,0.0,0.0,0.0,0.0,0.0,-0.0,-0.1285223116761105,-0.4714379710064952,-0.21352603997291617,-0.0,0.0,-0.0,0.008338999297264688,-0.0,0.0,-0.0,-0.0,0.0,0.03283091946578845,0.0,0.0,-0.0,-0.0,-0.18373625644314256,-0.0,-0.0,-0.0,0.0,-0.0,-0.0,-0.0,0.0,0.0,-0.0,0.0,-0.0,0.0,-0.0,-0.0,0.0,-0.0,-0.0,0.0,0.0,0.0,0.0,-0.0,0.0,0.0,-0.0,-0.0,0.0,0.0,0.0,0.0
0.0,0.0,-0.0,0.0,0.0,0.0,0.0,0.0,-0.01411622189033863,0.0,-0.0,0.0,-0.03236194401240059,-0.0,0.0,-0.0,2.265161113622242,-0.0,-0.8209824917895392,-0.0,0.0,-0.0,-0.0,-0.0,0.0,0.0,-0.0,-0.0,-0.06815621532019488,-0.0,-0.0,0.00944928343798328,0.0,-0.3124941488039623,-0.0,0.0,0.0,0.0,-0.0,-0.0,0.0,-0.0,-0.01136846290552353,-0.0,-0.0,-0.0,0.0,-0.0,-0.0,0.0,0.0,0.0,-0.0,0.07474916190871236,0.0,0.0,0.0,-0.0,-0.0,0.0,-0.0607437023674209,-0.0,-0.0,-0.0,-0.0,0.0,0.0,-0.6805074342665578,-0.0,-0.0,-0.0,-0.13929784820095556,-0.0,0.007065332236742052,-0.0,0.0,0.0,-0.0,0.0,0.0,0.0,-0.0,0.0,-0.0653182479040877,0.0,0.0597607461298142,0.1248893155960208,-0.0,0.1094114341983373,0.0,0.0,0.0,-0.0,0.0,0.0,-0.034376825981596526,-0.0,-0.0,-0.0,0.0
-0.0,-0.0,-0.019350616418528237,-0.0,-0.0,-0.0,0.0,-0.1808320432682372,-0.0,0.0,0.0,0.0,0.0,0.0,0.0,-0.3304949199252611,-0.0,4.058989907374226,-0.0,-1.2897422083671304,-0.0,-0.0,-0.015269236890141195,-0.0,0.0,-0.03855321364142693,-0.0,-0.0,-0.0,0.0,0.014305354266638577,0.0,-0.0,-1.0043260654768629,-0.11842841185886611,-0.1751989206452151,0.0,0.0,0.0,-0.0,-0.09624682098822197,-0.0,0.0,0.0,-0.0,0.0,-0.0,0.0,-0.0,0.0,0.0,-0.0440918446472467,0.0,-0.0,-0.0,-0.0,-0.0,-0.3018967676868613,0.0,0.0,0.0,0.0,-0.0,0.0,0.0,0.0,-0.0,-0.0,-0.22461831678063215,-0.6561013017174463,-0.0,-0.0,-0.0,0.0,-0.0,0.0,-0.08624081330177091,0.0,0.0,-0.0,-0.0,-0.0,0.0,-0.0,-0.0,0.0,-0.0,0.0,-0.0,0.0,0.0,0.0,0.0,0.0,0.0,0.0,0.0,0.0,0.0,0.0
0.0,-0.0,-0.0,-0.0,-0.0,0.0,0.0,-0.009516867660949602,-0.12962094497885107,-0.0,-0.0,-0.1291773054567509,-0.0,-0.9498167573407288,-0.0,-0.0,-0.8209824917895392,-0.0,3.524167188021694,-0.0,-0.35718367592646144,-0.0,-0.0,-0.0,0.0,-0.0,-0.0,0.0,-0.1545125558375347,-0.0,0.0,-0.0,0.0,-0.0,-0.0,-0.0,0.0,-0.0,-0.0,-0.0,-0.0,0.0,-0.0775947349866379,-0.03356509574002989,-0.0,-0.0,0.0,-0.0,0.0,-0.0,0.0,-0.0,-0.0,-0.0,-0.0,-0.0,-0.0,-0.5109377306905346,-0.0,-0.0,-0.0,-0.0,-0.0,-0.3203821226572879,-0.2878546967104866,-0.0,0.0,-0.2452057860126342,-0.0,-0.0,-0.0,-0.0,-0.09382376569409293,0.0,0.0,-0.0,-0.0,0.0,-0.0,-0.0,-0.0,-0.0,0.0,-0.0,-0.0,0.0,0.0,-0.0,0.0,0.0,0.0,0.0,-0.0,0.0,0.0,-0.0,-0.0,-0.0,0.0,0.0
-0.0,-0.0,-0.19646905329397327,-0.0,-0.0,-0.0,-0.0,-0.0,-0.0,0.0,0.0,0.40433914158925394,0.0,0.0797932313525666,0.0,-0.0,-0.0,-1.2897422083671304,-0.0,3.698682132062316,0.0,-0.0,-0.46301498097931254,-0.015857689082744274,-0.0,-0.0,0.0,-0.0,-0.28298710162109186,0.0,0.0,0.0,0.0,-0.6321150989087765,-0.020381526880558408,-0.0103334569187846,-0.0,0.0425524661105351,0.0,-0.0,-0.0,0.0,0.0,0.11824379101126752,0.0,0.0,-0.0,0.0,-0.0,0.0,0.0,-0.1001095926841172,-0.0,-0.0,-0.0,-0.0,-0.0,-0.0,-0.0,0.12084117758338168,0.0,0.0,0.0,0.12995732481429553,0.0,0.05552939266192884,-0.0971765663431118,-0.0,-0.0,-0.0,-0.24384141517735092,-0.0,-0.0,0.0,-0.17432925436237648,0.008236024159721977,-0.31663246693798974,-0.0,0.0,0.05348600882708072,-0.0,-0.0,0.0,-0.0,-0.0,0.0,-0.0,-0.0,-0.4015463613401528,0.0,0.0,0.0,0.0,0.0,0.12752992602492916,0.1575908839323021,0.0,0.0,-0.0,0.0
-0.0,-0.0,-0.046015404674297454,0.0,-0.0,-0.0,0.0,-0.0,-0.0,-0.0,-0.0,-0.004633237837148773,0.0,-0.0,-0.7481403482802088,0.0,0.0,-0.0,-0.35718367592646144,0.0,2.7397592654180807,0.0,-0.0,0.0,0.0,-0.0,0.0,0.06671764065720573,-0.0,0.0,0.0,-0.0,0.0,0.0,0.0,0.0,0.0,-0.0,0.0,0.0,0.0,0.0753074367846843,0.0,-0.0,-0.0,0.0,0.0,0.0,-0.0,0.0,-0.0,-0.0,-0.0,-0.02465458074627902,-0.0,-0.0,-0.0,-0.0,-0.0,-0.0,0.0,0.0,-0.0,-0.0,-0.4089064953560043,-0.08520386539333091,0.0,0.0,0.0,0.0,-0.8683042480767541,0.0,-0.0,0.0,0.0,-0.0,-0.0754508443780909,0.0,-0.0,-0.11620045733583682,0.0,0.0,0.1082807723227214,0.0,0.0,-0.0,0.0,0.0,0.034151921671929285,0.0,0.0,0.0,-0.0,0.0012664477159314,0.0,-0.0,0.0,0.0,0.0,0.0
0.0,-0.0,0.0,-0.0,0.0,-0.0,-0.0,0.0,-0.0,0.0,0.04155030516530329,0.06281969878594312,0.0,0.05516780078469438,0.0,-0.0,-0.0,-0.0,-0.0,-0.0,0.0,2.0606678369486966,-0.0,-0.0,0.0,0.0,-0.0,-0.20561737562414037,0.0,-0.0,0.0,-0.0,0.0,-0.38413620166704193,-0.21927358137603167,0.0,0.0,0.070791744739274,-0.0,-0.167251688937728,-0.0,0.0,-0.1672550903102887,0.0,-0.0,-0.0,-0.0,-0.0,-0.0,0.0,0.0,-0.0,-0.0,0.0,0.0,0.03162354385637585,-0.0,0.0,0.13992290221020207,0.0770043740799911,0.0,0.0,-0.0,0.0,0.0,0.0,-0.0,-0.0,-0.0,-0.45292025373481853,-0.0,-0.48670032403689,-0.0,0.0,0.0,0.09199720543752421,0.0,-0.0,0.0,0.015720707359805092,0.0,-0.0,0.0,-0.0431202511462798,-0.0,-0.0,0.0425101645436366,0.0,0.0,0.18690819816977905,0.0,0.0159166825950318,-0.0,-0.0,-0.0,0.0,-0.0,0.0,-0.0,0.0
-0.0,-0.0,-0.12185370961373744,0.0463230541072155,0.0,-0.0,0.0,-0.0,-0.0,0.0035934338128483685,0.0,0.0,0.0,-0.0,-0.0,-0.0,-0.0,-0.015269236890141195,-0.0,-0.46301498097931254,-0.0,-0.0,2.5224221959318096,-0.0077785629833770275,0.0,-0.09940332865919728,-0.0,-0.15875635649084976,0.0,-0.3560586777197846,-0.0,0.0,-0.0,-0.26926012238267105,-0.2783868971233161,-0.0,0.0,0.0,0.0,0.0,-0.0,-0.0,-0.0,0.0,-0.0,-0.0,-0.0,-0.0,-0.0,0.1575772909314409,0.0,-0.0417554590556354,-0.0,-0.0,-0.0,0.0,-0.0,-0.0,-0.0,0.0,0.0,0.00691251611353066,0.0,0.0,0.0,0.0,-0.0,-0.0,-0.0,-0.1398450076211298,-0.06178555143104581,-0.19576134618065225,-0.3160475101726827,-0.0,-0.18648017057340044,0.0,-0.0,-0.0,0.0,0.0,0.0,-0.0,0.0,-0.0,-0.3708733176056104,-0.0,0.0,-0.0,0.0,0.0,-0.0,0.0,0.0,-0.0,-0.0,0.0,-0.0,-0.0,0.0,0.0
0.0,-0.0907047581946867,-0.0,0.0,-0.0,0.0,0.0,0.0,-0.0,-0.0,-0.0,-0.148087602752453,0.09264405459686884,0.028183296952369104,0.0,-0.0456922116714651,-0.0,-0.0,-0.0,-0.015857689082744274,0.0,-0.0,-0.0077785629833770275,2.719672538657208,-0.0,-0.4072760876069514,-0.3690343698818616,0.0,-0.0,0.0,-0.07298903775191364,0.08672424922018399,-0.0,-0.0,-0.5549510117078703,-0.1916096857189364,0.0,0.0,-0.0,-0.353194722247244,-0.5103002306999483,-0.0,-0.10374748333142464,0.0,-0.0,-0.0,-0.0,-0.0,0.0,0.0,0.0,-0.0,-0.0,-0.0,0.0,0.07402886653871633,0.0,-0.0,-0.0,0.0,-0.0,0.0,0.0,0.0,0.0,0.0,-0.0,0.0,-0.0,-0.0,-0.0,-0.0,0.0,-0.15464886736617775,-0.3423103070688787,-0.0,0.0,0.0,-0.0,0.0,-0.19064861512406156,0.0,0.0,-0.0,-0.0,0.0,0.0,0.0,-0.0,-0.27031081727607814,-0.0,0.1575084513400454,-0.0,0.0,-0.03625000662481288,0.035448000541276545,0.0,0.0,0.2322113117236122,0.16554283484282886
0.0,0.0540176636461214,0.0,0.0,-0.0,-0.0,0.0,0.0,-0.0,-0.2782468224577767,0.0,0.0,0.0,0.10047050576707896,0.0,0.0,0.0,0.0,0.0,-0.0,0.0,0.0,0.0,-0.0,1.3741892626940453,-0.0,-0.0,-0.060879529948167685,-0.0,0.0,-0.0,-0.061565982097190976,-0.0,0.0,-0.0,0.0,0.0,-0.0,0.10791822204743472,-0.0,0.0,0.0,0.0,0.0007908677829658594,0.0,0.0,0.23072514675313363,-0.0,0.0,0.06355987457903167,0.0,0.0,0.0,0.04201760565409805,0.0,-0.0,0.0,-0.0,-0.03520375791577023,0.0,-0.0,0.0,0.0,0.0,0.019197391714921828,0.032241849174068374,0.0,0.0,0.0,0.14323820854847324,0.18041093958239324,0.0,0.03503346535133358,0.0,-0.009935130467258937,-0.15743517236469967,-0.0,-0.0,-0.1178127033081882,0.0,-0.0,0.0,-0.0,-0.0,-0.0,0.0,0.0,-0.0,0.0,0.009607657257384439,0.032389283751530544,-0.0,0.0,-0.0,0.0,0.23793810367612925,0.0,0.0,0.0,0.0
0.0,-0.0,-0.1743666406033504,0.0,-0.0,0.0,0.0,-0.0,0.0,0.0,-0.0,-0.3604947292646679,0.0,0.0,-0.0,-0.0347271630088769,0.0,-0.03855321364142693,-0.0,-0.0,-0.0,0.0,-0.09940332865919728,-0.4072760876069514,-0.0,2.2982350106004104,-0.0,-0.0,-0.0,-0.011546010142891708,-0.0,0.0,0.0,-0.0,-0.0,-0.0,0.0,-0.0,0.17975917636773783,0.0,-0.0,-0.1711093644415964,-0.0,-0.0,0.0,0.0,0.0,0.0,0.0,0.0,-0.0,-0.0,0.0,-0.0,0.0,0.0,-0.0,0.0,-0.0,-0.0045180655866415564,-0.0,0.0,0.09579689360337608,0.017012986903653382,0.0,0.0,0.0,-0.0,-0.1051229312242157,-0.0,-0.0,0.0,-0.0,-0.0,-0.5442431803149094,-0.36632676656378976,-0.0,-0.1278230354261957,-0.0,-0.0,-0.0,0.0,0.13353039713515957,-0.0,-0.0,0.1978081701417059,-0.0,-0.0,0.0,0.0,0.010709355306322483,0.0,0.0706357939753972,0.0,-0.09287768770137528,0.04168863149144862,0.10996821418480704,0.10312034759906978,0.1401317774626251,0.15056273508795587
0.0139148755440745,-0.0,0.0,-0.0,-0.011955318514521885,-0.0,0.0,0.0,-0.0,0.0,0.0,-0.0,0.0,0.0,0.0,-0.0,-0.0,-0.0,-0.0,0.0,0.0,-0.0,-0.0,-0.3690343698818616,-0.0,-0.0,2.554349154471669,-0.42670628032652974,-0.0,-0.0,-0.0,-0.0,0.0,0.0,-0.0,-0.0,-0.0,-0.0968637071723548,-0.230819346827112,-0.0,-0.0,0.0,-0.4220019186787191,-0.0,-0.2956479528267168,-0.6227154978891714,-0.0,-0.0,0.0,-0.0,0.0,-0.0,-0.0,-0.0,-0.0,0.05395528990765623,0.0,-0.0,0.0,0.0,0.0,0.0,0.006445560905912089,0.0,0.0,-0.0,0.0,-0.0,0.0,-0.0,0.0,0.0,-0.0,0.08198825804738742,-0.0,-0.0,0.0,0.0,0.0795298963925504,0.0,0.06857644335255167,0.03582513034572211,0.17880541938275712,0.0,-0.704286546245375,0.1504308600604458,0.0,-0.0,0.05112147520447531,0.0,0.0,0.0116473180870993,0.0,0.0,-0.0,-0.0,-0.0,0.0,0.1212494437270584,0.17549925991752718
0.0,0.0,-0.0,0.0,-0.0,-0.0,0.0,0.157348540414509,-0.0,0.0863712159599457,0.0,0.06381391276874121,-0.0,0.30087247993848487,0.0,-0.0,-0.0,-0.0,0.0,-0.0,0.06671764065720573,-0.20561737562414037,-0.15875635649084976,0.0,-0.060879529948167685,-0.0,-0.4267062803265297,2.335181347365164,-0.09120169182491597,-0.1893176228767636,-0.0,-0.005059277593858696,0.0,-0.0,-0.12226177565679223,0.0,-0.0,-0.0,0.0,-0.0,0.0,-0.2257237339786864,-0.0,-0.01964885280543484,-0.0,-0.0,-0.0,-0.0,-0.0384921286230245,0.0,0.0,-0.0044001510549047,-0.0,0.0,-0.0,-0.0,0.0,0.0,0.0,0.0,-0.0,-0.0,0.012335869421372762,0.0,0.0,0.0,-0.0,-0.20947797896869735,0.0,-0.0,0.0,-0.0,-0.0,0.014961619140475403,-0.0,-0.2997693826498829,-0.0,-0.4910677382495725,0.0,0.0,0.0,-0.0,0.0,-0.0612336434322387,-0.0,0.0,0.0,-0.521259768173104,0.0,0.2324989286396087,0.0,0.0,0.1694096496475331,-0.0,-0.0,-0.0,-0.0,0.0,-0.0,0.0
-0.0,0.0,-0.0,-0.1099892994706749,-0.0,-0.0,-0.0,-0.0,-0.18899638524429144,-0.0,0.008615456880998266,0.0,-0.0,-0.0,0.0,0.0,-0.06815621532019488,-0.0,-0.1545125558375347,-0.28298710162109186,-0.0,0.0,0.0,-0.0,-0.0,-0.0,-0.0,-0.09120169182491597,2.0627455608487275,0.07690109502940348,0.0,-0.01869180183423837,0.054653035987451,0.0,-0.0,-0.0,-0.452231603279258,-0.0,-0.01724382216724282,-0.002815739372465422,0.0,0.0,0.0,0.0,-0.0,0.0,0.0,0.0,0.0,0.0,0.0,0.0,-0.0,-0.0,-0.0,-0.0,-0.0,-0.0,-0.0,0.12025636762054887,-0.0,-0.0,-0.0,-0.0,-0.055648128358835466,0.0,-0.0,-0.0,-0.0,0.0,-0.005149655838110273,-0.0,-0.0,-0.0,-0.0,-0.0,-0.8122673463015817,-0.0,0.000173191846299,-0.0,-0.0,0.0,0.0,-0.0,-0.1884080968764751,0.0,-0.0,-0.2052139673343165,-0.0,0.0,0.0,0.0,-0.0,0.1082812729949123,0.0,-0.0,0.0,0.007108278285447143,-0.0,0.0
-0.0,0.0,-0.1244359415029494,0.1408359704780313,0.0,-0.0,0.0,0.0,0.0,0.3709505655037839,-0.0200922573977402,0.0,-0.0,0.0,-0.062463535761518425,0.0,-0.0,0.0,-0.0,0.0,0.0,-0.0,-0.3560586777197846,0.0,0.0,-0.011546010142891708,-0.0,-0.1893176228767636,0.07690109502940348,2.2034840721852462,-0.0,0.0,-0.0,-0.0,0.0,0.0,0.15236685089184793,-0.1201039757865924,0.0,0.09731134830471792,0.0,-0.0292816865179622,-0.0,-0.0,0.1205079358478305,-0.0,-0.0,0.0,-0.0,0.0,-0.0,-0.0644504767725202,-0.0,0.0,-0.0,0.0,-0.0,0.0,0.019831570501384704,-0.0,-0.0,-0.0,0.0,0.0,0.0,-0.0,-0.0,-0.0,-0.0,-0.0,-0.0,-0.0,-0.1864738629155853,0.0,-0.0,0.0,0.02626287185076432,-1.0171989103237071,-0.0,0.0,0.0,-0.0,0.0,-0.0,0.0,0.0,0.0,-0.0,-0.0,0.0,0.0,0.0,-0.0,-0.0,-0.1247467892512068,-0.0,-0.0,-0.0,-0.0,-0.0
-0.0,0.0,-0.010122705192415399,0.0,-0.0,-0.0,0.005496569240329659,0.04449603100651542,-0.0,-0.0,-0.0,-0.0,-0.0,0.0,0.0,0.0,-0.0,0.014305354266638577,0.0,0.0,0.0,0.0,-0.0,-0.07298903775191364,-0.0,-0.0,-0.0,-0.0,0.0,-0.0,1.8774354240239357,0.09835175232506276,-0.0,0.0,-0.0,-0.0680502712483817,-0.0,-0.0,0.0,0.0,-0.0,-0.3766745337127919,-0.0,0.0,-0.0732634398926606,-0.15068404955553066,-0.0,-0.0,-0.0,-0.0,-0.0,0.0,-0.0,0.0,-0.0,-0.0,0.1160025187571644,0.0,-0.0,-0.0,-0.1298962472161533,0.0,0.042283513737475194,0.0,0.0,0.0,0.0,0.0,0.021302370709241583,0.0669176113315236,0.04736076368977074,-0.0,0.0,-0.03160306037426112,-0.0,-0.0,0.025678166019625952,-0.109190042487725,-0.5164006172609849,0.0,-0.15496306907585067,0.0,-0.17254049463910162,-0.0076762274792934,-0.051217184318458335,0.0,-0.0,-0.08905285132239593,-0.0,-0.011314379496673329,-0.0,-0.0,-0.0594113482028955,-0.0,-0.023484644232314184,-0.2822947896649128,-0.0,-0.0,0.0,-0.0
-0.0,0.0760331203558245,0.0,-0.0,0.0,0.0,-0.0,0.0,0.0,-0.0,0.0,0.0,0.0,0.0,0.0,-0.0,0.00944928343798328,0.0,-0.0,0.0,-0.0,-0.0,0.0,0.08672424922018399,-0.061565982097190976,0.0,-0.0,-0.005059277593858696,-0.01869180183423837,0.0,0.09835175232506276,1.723727317238955,-0.0,-0.0,0.0,0.0,-0.0831463055260372,-0.1111196848580741,0.0,-0.0,0.0,-0.0,-0.0,-0.0,0.0279136053677699,0.0,-0.0,-0.0,-0.0,-0.0,-0.1245247200239713,-0.0824377640044531,-0.0,-0.0,0.0,0.0,-0.0740130298723064,0.0,0.0,-0.0,0.0067610756097067,0.028782079173585492,0.14365862545874195,0.0,-0.0,0.0,-0.0170649310650588,-0.0,-0.0,-0.0,0.0,0.05499322205027586,0.0,0.0016913143469996367,0.0,-0.0,-0.0,0.0,0.0,-0.9814205588702192,0.038521709234129765,-0.0,0.05566921471527436,0.0,0.0,0.0,-0.0,-0.0,-0.0,0.0,-0.0,-0.0,0.0,-0.0,0.0,-0.0,-0.0,0.0,-0.0536714033449062,-0.0
-0.0664146909507723,0.0,0.0,-0.0,0.0,0.0,0.0,0.0978258455225499,0.020936964474642102,-0.0,0.0,0.0,0.09503200210562877,0.0,0.0,-0.0469264447610203,0.0,-0.0,0.0,0.0,0.0,0.0,-0.0,-0.0,-0.0,0.0,0.0,0.0,0.05465303598745105,-0.0,-0.0,-0.0,1.7113942916261276,-0.0,0.0,0.0,0.0,-0.239806548402203,-0.0,-0.1099445871033014,-0.3499648996649503,-0.0137786792011784,-0.0,0.0,-0.0,-0.0,-0.08932088465567246,-0.0,0.0,-0.0,-0.0774816770844209,-0.0,-0.01163430053714888,-0.20693355825883047,0.0,0.014644868676114068,-0.0,0.0,-0.0,-0.0,0.02923061900428,0.08905906375229129,0.0,0.0,0.04815867078275641,0.0,-0.0,0.04858829945454848,0.0,-0.0,0.0,0.0,0.0,-0.0,0.0,0.268520172848449,0.15073651836277116,0.0,-0.0,0.0,0.0,-0.0,-0.005601614671964905,0.0,0.0,-0.0,0.0,0.0,0.0,-0.0,-0.12777010424045723,-0.0,-0.0,-0.0,-0.0,0.0,-0.0,-0.0,0.0799835139780716,0.0
-0.0,-0.0,-0.0,0.0,-0.0,0.0,0.0,-0.0,-0.0,0.0,0.0,0.0,0.0,0.0,0.0,-0.0,-0.3124941488039623,-1.0043260654768629,-0.0,-0.6321150989087765,0.0,-0.38413620166704193,-0.26926012238267105,-0.0,0.0,-0.0,0.0,-0.0,0.0,-0.0,0.0,-0.0,-0.0,3.8649604688394623,-0.8557973447793686,-0.0,0.0,0.0,0.0,-0.0,-0.33169640625365127,-0.0,-0.026602182478068337,0.0,-0.0,0.0,-0.062030164284716624,-0.0,-0.196546231459688,-0.0,0.0,-0.0,-0.0,-0.0,-0.0,0.0,-0.0,-0.0,-0.0,0.0,0.0,0.0,0.0,0.0,0.0,0.0,-0.0,-0.049561888548113046,-0.19455934174475953,-0.4360231235962908,-0.0,-0.0,-0.0,0.0,-0.0,0.0459988901891694,-0.0,0.0,0.0,-0.0,0.0,-0.0,0.0,-0.0,0.0,0.0,0.0,0.10972482548652292,-0.0,0.0,-0.0,0.0,-0.0,0.0,0.0,0.0,-0.0,0.0,-0.0,0.0
-0.0,-0.2470861103046263,-0.0,-0.0,-0.11989167814636488,-0.0,0.38875100556301806,0.0,-0.0,0.0,0.19407925772569648,0.0,0.03982026515311932,0.0753198343573756,0.011603804196340065,-0.0,-0.0,-0.11842841185886611,-0.0,-0.020381526880558408,0.0,-0.21927358137603167,-0.2783868971233161,-0.5549510117078703,-0.0,-0.0,-0.0,-0.12226177565679223,-0.0,0.0,-0.0,0.0,0.0,-0.8557973447793686,3.386181954276728,-0.4063024176543816,-0.008147760375432297,0.1965378986575307,0.0,-0.0,-0.0,-0.0,-0.03093180433078244,0.0,-0.6814439146841358,-0.0,-0.0,-0.3326143656023572,-0.0038600704797857,0.0,0.0,-0.0,0.0,0.0,-0.0,0.0,0.0,-0.0,-0.0,0.0,0.0,0.0,0.0,0.0,0.0,0.0,0.0,-0.0,-0.0,-0.0,0.0,-0.0,0.0,0.0,-0.10136760334652124,-0.0,-0.0,-0.0,0.0,0.0,-0.0,0.0,0.0,-0.2612011506642616,-0.0,0.0,-0.0,0.0,0.0,0.0,0.0,0.0,0.0,0.0,0.0,0.0,0.04457514106845273,0.0,0.0,0.39437202598053667
-0.1552968106759956,-0.0758961282571317,-0.2774058821056041,0.0,-0.0,-0.0,0.0,-0.0,-0.12095980773355439,-0.04736968395749571,-0.0,-0.0,0.0,0.0,-0.0,-0.0,0.0,-0.17519892064521517,-0.0,-0.010333456918784683,0.0,0.0,-0.0,-0.1916096857189364,0.0,-0.0,-0.0,0.0,-0.0,0.0,-0.06805027124838177,0.0,0.0,-0.0,-0.4063024176543816,3.004476170364541,-0.44051547561872106,-0.0,0.0,0.0,-0.1938220591626838,-0.0,-0.0,0.0,-0.0,0.0,-0.11781185529721575,-0.0,-0.0,-0.1945959820857388,0.0229201430797591,-0.0,0.0,-0.0,-0.3069743470765838,-0.0,0.0,-0.0,-0.0,-0.0,0.0,0.0,0.0,0.0,0.0,-0.0,-0.0,0.0,-0.0,0.0,0.0,0.2906027631472155,0.0,-0.0,0.0,0.0,-0.0,0.0,0.0,-0.0,-0.0,-0.0,0.0,0.0,-0.0,0.0,-0.1980194317531988,0.0,-1.026336335454372,-0.008330860419663206,-0.0,0.0,-0.0,0.0,0.023209191574491327,0.0,0.0,0.0,-0.0,-0.0
-0.0,-0.0,0.0,-0.0,-0.06478477458435894,-0.0,0.05506689729358653,0.0,0.0,-0.0,0.0,0.0010485464974502123,0.0,0.13993252588609953,0.0,0.0,0.0,0.0,0.0,-0.0,0.0,0.0,0.0,0.0,0.0,0.0,-0.0,-0.0,-0.452231603279258,0.15236685089184793,-0.0,-0.0831463055260372,0.0,0.0,-0.008147760375432297,-0.440515475618721,2.837839501117982,0.0,-0.0,-0.0,-0.0,-0.0,-0.0,-0.0,-0.0574301535303626,0.0,-0.14862659774038653,-0.0,-0.2042855208468721,-0.06592505985798838,0.0,0.0,0.12333069128969595,-0.0,-0.0,-0.0,0.0,0.0,-0.0,0.0,0.050696059877703,0.0,0.010033679902968,0.0,0.0,0.2715942345175746,-0.0,0.0,0.0,0.05941480419166467,0.0,0.012013262450241582,0.0,0.0,0.0,0.0,-0.0,0.0,0.022862461696082,-0.0,-0.0033487769403944823,-0.0,-0.11573162943371974,-0.0,-0.0,-0.0,-1.152042420553622,-0.0,-0.0,-0.0,-0.0,0.0,0.0,-0.0,0.0,-0.06073970145726623,0.0,-0.0,-0.0,-0.22722622097264067
-0.0743615345323082,0.0,0.0,-0.0,0.0,-0.0,0.0,0.0,-0.0,-0.07086439714674614,-0.0,-0.0,-0.0,-0.0,-0.2117016939597157,-0.0,0.0,0.0,-0.0,0.042552466110535175,-0.0,0.07079174473927408,0.0,0.0,-0.0,-0.0,-0.0968637071723548,-0.0,-0.0,-0.12010397578659245,-0.0,-0.11111968485807414,-0.239806548402203,0.0,0.19653789865753077,-0.0,0.0,1.937818847415436,-0.42938537666013993,-0.0,-0.0,-0.0459150315279868,-0.07848262144854885,-0.025179617963697016,0.0,-0.0499428822619737,-0.0,0.0,0.0,-0.46838089008327594,-0.0,-0.0,-0.0,-0.12124906451183208,-0.0,-0.0,0.0,0.0,-0.0,-0.0,-0.0,0.0,0.15640243078776517,-0.0,0.0,-0.0,-0.0,0.0,0.0,0.0,0.0,0.0,-0.0,0.0,0.06157378009657444,-0.0,0.0,0.0,-0.0,-0.04324980131012533,0.1273024363363217,0.0,0.0,0.1867322383939224,-0.0,-0.0,0.0,-0.0,0.0,-0.0,-0.0,-0.0702791796631179,-0.0274042765883661,-0.0,-0.0,-0.0,-0.22556524240097317,-0.0,0.0,-0.0
0.0,-0.0,0.0,-0.1075113022629992,0.0,-0.0,-0.0,-0.0,-0.0,-0.0,0.12912517166020632,0.0,-0.0,-0.008472078548028956,0.0,-0.0,-0.0,0.0,-0.0,0.0,0.0,-0.0,0.0,-0.0,0.10791822204743472,0.17975917636773783,-0.230819346827112,0.0,-0.01724382216724282,0.0,0.0,0.0,-0.0,0.0,0.0,0.0,-0.0,-0.4293853766601399,1.8745352584658137,-0.5279036833544407,-0.0,0.0,-0.0589631395500552,0.0,-0.0766090133808558,-0.19637006673063545,-0.04399463088651978,0.0,0.2070803944567526,-0.04532392981204244,-0.0,0.0,-0.10344990069928237,-0.027529103945538383,-0.0,0.0,0.0,-0.012710592156003642,0.0,0.1099966300981446,-0.1742256856083857,-0.0,-0.004621082100750549,-0.1138771042208742,-0.0,0.0,0.0,-0.0,-0.0,-0.0,0.0,-0.0,-0.13919100454444416,-0.0,0.09201865210656465,0.051065020643067775,0.0,0.0,0.0,0.0,0.0,0.009773338373620849,0.0,0.0,-0.0,-0.0,0.0002302087394335,0.07436424972446509,0.0,-0.0,0.0,0.0,-0.2720726703516619,0.2108803543826476,-0.0,0.0,-0.0,0.0,0.0,0.0
0.0,0.0,0.04154384168319534,-0.0,0.0,0.0,-0.0,0.04903902424740116,-0.0,-0.2331618055057716,0.0,-0.0,0.0,0.0,0.16207859573900146,-0.0,-0.0,-0.0,-0.0,-0.0,0.0,-0.167251688937728,0.0,-0.353194722247244,-0.0,0.0,-0.0,-0.0,-0.002815739372465422,0.09731134830471792,0.0,-0.0,-0.1099445871033014,-0.0,-0.0,0.0,-0.0,-0.0,-0.5279036833544407,1.8178894800824568,-0.3867028723577105,-0.0,-0.0,0.0,-0.0,-0.022375653472703035,-0.0,-0.0999310637368113,-0.0,-0.0,-0.0,-0.0,-0.05972777619938448,0.0,0.0,0.0,0.0,-0.0,0.0,0.07869510485076547,-0.0,0.0,0.0,0.0,-0.0,0.0,-0.1080481288237822,-0.0,0.0,-0.0,-0.0,-0.0,0.0,-0.0,-0.0,-0.0,0.0,0.0,-0.0,-0.0,0.0,0.0,-0.0,0.0,0.0,0.0,0.2238604223431649,0.0,0.0,0.0,-0.0,0.0,-0.0,0.0,0.0,0.0,-0.0,-0.0,0.0,0.0
-0.0,-0.1547158838025241,0.0,-0.0,-0.0,0.0,0.0,0.0,0.0,-0.0,-0.0,-0.0,0.07399238531159116,0.0,0.0,-0.1953529007091327,0.0,-0.09624682098822197,-0.0,-0.0,0.0,-0.0,-0.0,-0.5103002306999483,0.0,-0.0,-0.0,0.0,0.0,0.0,-0.0,0.0,-0.3499648996649503,-0.33169640625365127,-0.0,-0.1938220591626838,-0.0,-0.0,-0.0,-0.3867028723577105,3.195854629083912,-0.0,-0.09969796374473888,-0.0,-0.1879031958216369,-0.0,-0.6202723491987998,-0.1968314030715645,-0.0,-0.5912561925169055,-0.0,-0.0,0.0,-0.0,-0.0,0.0,0.0,0.0,0.0,0.0,0.0,0.0,0.15453174921521773,0.0,0.0,0.0,-0.0,0.0,-0.0,-0.0,0.0,0.0,0.0,-0.0,0.0,0.0,0.0,0.15053332257282284,0.032142934541714,0.0,0.0,-0.20212181349733463,-0.0,0.0,0.0,-0.0,-0.0,0.027598492581000788,-0.0,-0.0,-0.0,0.0993267170130029,0.0,-0.0,0.0,-0.0,-0.0,-0.0,-0.0,-0.0
-0.0264175067058128,-0.0,-0.008992764324110397,0.0,-0.0,-0.0,0.0,0.02805743894228576,-0.0,0.16476181171011384,-0.0,-0.0,-0.0,-0.0,0.0,-0.0,-0.0,-0.0,0.0,0.0,0.07530743678468432,0.0,-0.0,-0.0,0.0,-0.1711093644415964,0.0,-0.2257237339786864,0.0,-0.02928168651796221,-0.3766745337127919,-0.0,-0.0137786792011784,-0.0,-0.0,-0.0,-0.0,-0.0459150315279868,0.0,-0.0,-0.0,2.1301464517489435,-0.5538682810149753,-0.25384885731538415,-0.0,-0.10495953163135728,-0.07571946187368087,-0.0,-0.0,-0.0,0.0,-0.0,-0.0,0.0,-0.0,-0.0,0.0,0.0,0.04645616493556399,-0.0,0.0,0.0,0.0,0.0,0.0,0.0,-0.0,0.0,0.0,-0.0,0.0,-0.0,-0.0,-0.0,0.0,-0.050972428256493056,0.0,-0.0,-0.0,-0.0,0.0,-0.0,0.0,0.0,-0.0,0.0,0.0,-0.0,0.0,-0.0,-0.0,0.1297532642544873,0.0,-0.0865422104323423,-0.36353724191139336,-0.07736124964876877,-0.0,-0.0,-0.0,0.0
0.0,-0.0415948371457499,-0.0,-0.0,-0.13512405853007647,-0.0,0.19895012935746456,0.0,-0.0077659559137907425,0.0,-0.0,-0.0,-0.0,-0.0,0.0,-0.0,-0.01136846290552353,0.0,-0.0775947349866379,0.0,0.0,-0.1672550903102887,-0.0,-0.10374748333142464,0.0,-0.0,-0.4220019186787191,-0.0,0.0,-0.0,-0.0,-0.0,-0.0,-0.026602182478068337,-0.03093180433078244,-0.0,-0.0,-0.0784826214485488,-0.0589631395500552,-0.0,-0.09969796374473888,-0.5538682810149753,3.173656074099338,-0.10279100978897256,-0.0869146980349398,-0.7025798492736439,-0.6930306449008121,-0.10515973681566917,0.0,-0.13090525331289468,-0.0,-0.0,0.0,-0.0,-0.0,0.0,0.0,-0.0,-0.0,-0.0,-0.0,-0.0,0.0,-0.0,0.0,-0.0,0.0,-0.07056256152688399,-0.0,-0.021088318865337928,0.0,0.0,-0.0,0.008725142729893276,0.0,-0.0,0.1062089619905811,0.0,0.0,-0.0,0.0,-0.0,0.0,0.0,-0.0,0.0,0.0,-0.0,0.11633410271030624,-0.0,0.0,0.0,-0.0,-0.0,-0.2967448278131742,-0.0,-0.0,-0.0,0.0,0.0
0.0,-0.0,0.0,-0.0270312089374655,-0.0,-0.0,0.0,0.0,-0.0,0.0,-0.0,-0.0,-0.016586089449654628,-0.0,-0.0,-0.0,-0.0,0.0,-0.03356509574002989,0.11824379101126752,-0.0,0.0,0.0,0.0,0.0007908677829658594,-0.0,-0.0,-0.01964885280543484,0.0,-0.0,0.0,-0.0,0.0,0.0,0.0,0.0,-0.0,-0.025179617963697,0.0,0.0,-0.0,-0.2538488573153841,-0.10279100978897256,2.9830847400512193,-0.0,-0.9546578778494531,-0.0,-0.0,-0.0148152869759153,-0.20467671181335156,-0.0,-0.0,0.0,-0.0,-0.0,-0.0,0.0,0.0,0.2857447038471905,-0.0,0.0,-0.0,0.13918163016713184,0.0,0.0,-0.0,0.0,-0.0,0.0,-0.0,0.0,0.0,0.0,0.4047258706878242,0.1704189806076099,-0.0,0.0,0.0,0.0,-0.0,0.07433779526014055,-0.0,0.0,0.0,0.0,0.2018263285222837,0.0,-0.0,0.11205037530658,0.0,0.0,0.0840423767405275,0.0,-0.0,-0.0,-1.0709599560556808,-0.0,-0.0,-0.0,-0.0
0.1254505966647306,-0.1577196484346795,0.0,-0.0,-0.0,0.0,0.109646430122522,0.0,0.0,-0.0,0.10561663376455646,-0.0,0.15060410054874335,-0.0,0.0,-0.0,-0.0,-0.0,-0.0,0.0,-0.0,-0.0,-0.0,-0.0,0.0,0.0,-0.2956479528267168,-0.0,-0.0,0.12050793584783057,-0.07326343989266065,0.027913605367769902,-0.0,-0.0,-0.6814439146841358,-0.0,-0.05743015353036263,0.0,-0.07660901338085585,-0.0,-0.1879031958216369,-0.0,-0.08691469803493983,-0.0,2.2637090665332327,-0.028952853847210185,-0.45863227684527413,-0.027081197574013168,-0.0,-0.0,0.0805912828746213,0.0,0.0,-0.0,0.0,0.031195362269984917,0.2438876427719307,-0.0,0.0,0.0,0.0,0.0,-0.0,-0.0,-0.0,-0.0,0.0,-0.0,0.0,-0.0,0.0,-0.0,0.0,0.0,0.0,-0.0,0.0,0.19800972041485768,-0.0,0.0,0.0,0.0,-0.0,-0.0,-0.09028513754553341,-0.0,0.0,0.10984030157275702,0.026434420355234783,0.0,0.0,0.0730551737147474,0.0,0.0,0.0,-0.0,0.0,-0.0,0.0071491846206102,0.0
0.0,-0.0,0.0,0.0,0.0,0.0,0.0,0.0032887945915152784,-0.0,0.11532094294514544,0.0,-0.0,-0.0,-0.0,0.0,0.0,-0.0,0.0,-0.0,0.0,0.0,-0.0,-0.0,-0.0,0.0,0.0,-0.6227154978891714,-0.0,0.0,-0.0,-0.15068404955553066,0.0,-0.0,0.0,-0.0,0.0,0.0,-0.0499428822619737,-0.19637006673063545,-0.022375653472703035,-0.0,-0.1049595316313572,-0.7025798492736439,-0.9546578778494531,-0.0289528538472101,4.569611795310379,-0.2739998684415412,-0.8172493265203336,0.0,-0.24555654980113692,0.0,0.0,-0.0,0.0,-0.0,0.0,0.0169964629525504,-0.0,0.0,-0.0,-0.0,-0.0,0.0,-0.0,0.0,-0.0,0.0,-0.0,0.1548161162001581,-0.0,0.0,0.0,-0.0,0.0,0.0,0.0,0.04748560270768286,0.0,-0.0,-0.0,0.0,0.0,0.0,0.1684733110407694,-0.0,0.0,0.1659717219037807,0.0,0.4894274356339833,0.0,-0.0,0.0,0.0,-0.0,-0.0,-0.0,-1.1596704779468037,-0.07483480033235977,0.0,0.0
