0,1,2,3,4,5,6,7,8,9,10,11,12,13,14,15,16,17,18,19,20,21,22,23,24,25,26,27,28,29,30,31,32,33,34,35,36,37,38,39,40,41,42,43,44,45,46,47,48,49,50,51,52,53,54,55,56,57,58,59,60,61,62,63,64,65,66,67,68,69,70,71,72,73,74,75,76,77,78,79,80,81,82,83,84,85,86,87,88,89,90,91,92,93,94,95,96,97,98,99
1.9865651191,0.0000000000,-0.1886256341,0.0000000000,0.0000000000,0.0000000000,-0.0000000000,0.0000000000,0.0000000000,-0.2273110471,-0.0000000000,-0.0000000000,0.0000000000,0.0000000000,-0.0000000000,-0.1406300118,0.0000000000,0.0000000000,0.0000000000,-0.0000000000,0.0000000000,0.0000000000,0.0000000000,0.0000000000,-0.2975819541,0.0000000000,0.0000000000,-0.0000000000,0.0000000000,0.0000000000,-0.0000000000,-0.0000000000,-0.3339616491,0.0000000000,-0.0000000000,-0.0000000000,-0.0000000000,-0.3941270373,0.0000000000,0.0000000000,-0.0000000000,0.0000000000,0.0000000000,0.0000000000,-0.0000000000,0.0000000000,-0.0000000000,0.0000000000,0.0000000000,-0.0000000000,-0.5572098210,-0.0000000000,-0.0000000000,0.0000000000,-0.0000000000,-0.0000000000,0.0000000000,0.0747980647,-0.0000000000,0.0000000000,-0.0000000000,0.0000000000,-0.0000000000,0.0000000000,-0.0000000000,-0.0000000000,-0.0164063930,0.0000000000,0.0000000000,0.0000000000,-0.0000000000,0.0000000000,-0.0000000000,-0.0000000000,0.0803449357,-0.0000000000,0.0000000000,0.0000000000,-0.0000000000,-0.0000000000,0.0000000000,0.0000000000,0.0000000000,-0.0000000000,0.0000000000,0.0000000000,-0.0000000000,0.0000000000,-0.0000000000,-0.0055140878,-0.0428233341,-0.0257058695,-0.0000000000,-0.0000000000,0.0138800895,0.0000000000,0.0332003124,-0.0000000000,-0.0000000000,-0.0000000000
0.0000000000,2.7390694681,0.0000000000,-1.0585858615,-0.4422274519,0.0000000000,-0.0000000000,-0.3046290487,-0.0000000000,0.0000000000,-0.0000000000,0.0000000000,0.0000000000,-0.0000000000,-0.0000000000,-0.1262189789,-0.0000000000,-0.1421034848,-0.0000000000,0.0000000000,-0.0000000000,0.0000000000,-0.0000000000,0.0000000000,0.0000000000,0.0000000000,0.0000000000,0.0000000000,0.0891003472,0.0000000000,-0.1177831373,-0.0290128880,0.0000000000,0.0000000000,0.0000000000,0.0000000000,0.0000000000,0.0000000000,0.0000000000,0.0000000000,-0.0000000000,-0.0368618937,-0.0000000000,0.0000000000,-0.0000000000,-0.0000000000,-0.0000000000,-0.0000000000,0.0000000000,0.0000000000,0.0706228082,-0.1720740290,-0.0210208106,-0.3104824773,0.0000000000,0.0000000000,-0.0000000000,-0.0000000000,0.0000000000,0.0000000000,-0.0000000000,0.0000000000,-0.0000000000,-0.0000000000,0.0000000000,0.0000000000,-0.0000000000,0.0000000000,0.2449744989,-0.0000000000,0.0000000000,-0.0000000000,-0.1792502309,0.0000000000,-0.0000000000,-0.0000000000,0.0000000000,0.0000000000,0.0000000000,-0.0000000000,0.0000000000,0.0000000000,-0.0660626238,-0.0000000000,-0.0000000000,-0.1689152979,0.0000000000,-0.0000000000,0.0000000000,0.0000000000,0.0556525720,0.0000000000,0.0000000000,0.0000000000,0.0000000000,0.0000000000,-0.0000000000,-0.0000000000,0.0000000000,0.0083134900
-0.1886256341,0.0000000000,1.8294269648,-0.0000000000,-0.0000000000,-0.0000000000,-0.0000000000,-0.0559208321,-0.1669311082,0.0000000000,-0.0000000000,0.0000000000,0.0000000000,-0.0544622773,-0.0000000000,-0.0000000000,-0.0000000000,-0.0000000000,0.0000000000,-0.0000000000,-0.0000000000,0.1128123584,0.0000000000,0.0000000000,-0.0000000000,0.0000000000,-0.0899172192,0.0213810387,-0.0000000000,0.0000000000,0.0459102517,0.0000000000,-0.0000000000,0.0000000000,-0.0000000000,-0.0551049511,-0.0000000000,-0.0000000000,-0.0000000000,0.0000000000,-0.0000000000,0.0000000000,0.0000000000,0.0000000000,-0.0000000000,0.0000000000,-0.0000000000,-0.0990476913,-0.2154104141,-0.0000000000,-0.0000000000,-0.4479584843,-0.0000000000,-0.0000000000,-0.0820977262,-0.3053248573,-0.1187781006,-0.1447718104,0.0000000000,0.0000000000,0.0000000000,0.0000000000,0.0217050120,-0.0000000000,0.0000000000,0.0000000000,-0.0028259493,0.0000000000,0.0000000000,-0.0000000000,0.0000000000,0.0000000000,0.1559003838,-0.0000000000,0.0000000000,0.2427432949,-0.0000000000,0.0000000000,0.0000000000,-0.0000000000,0.0000000000,0.0000000000,0.0868604340,0.0000000000,0.0000000000,0.0000000000,0.0000000000,0.1457878875,-0.0000000000,0.0000000000,0.0000000000,0.1056362999,-0.1253039171,0.0000000000,-0.0000000000,-0.0000000000,0.0000000000,-0.0000000000,-0.0000000000,-0.0000000000
0.0000000000,-1.0585858615,-0.0000000000,3.3828236649,-0.0000000000,0.0140190791,-0.0000000000,-0.1917637264,0.0000000000,-0.0000000000,0.0000000000,-0.0000000000,-0.0000000000,-0.0000000000,0.0000000000,-0.3421310435,-0.0000000000,0.0000000000,-0.0000000000,-0.0000000000,-0.0000000000,0.0000000000,0.0000000000,-0.0000000000,0.0000000000,0.0000000000,0.0000000000,-0.0000000000,0.0000000000,-0.0000000000,-0.0000000000,-0.3825000076,-0.0000000000,0.0000000000,0.0000000000,0.0000000000,0.0000000000,0.0000000000,0.0000000000,-0.0000000000,-0.0000000000,-0.0000000000,-0.0000000000,-0.0000000000,-0.0000000000,-0.0000000000,-0.0000000000,-0.0511363169,0.0000000000,0.0000000000,0.0000000000,-0.0000000000,-0.0000000000,-1.4143934058,0.0000000000,0.1135591300,-0.0000000000,-0.0000000000,0.0000000000,0.0000000000,-0.0205652326,-0.0000000000,0.0000000000,-0.0000000000,0.0000000000,0.1722970597,-0.0851083463,0.0000000000,0.1469869759,-0.0000000000,0.0000000000,-0.0000000000,0.0000000000,0.0000000000,-0.0000000000,-0.0000000000,-0.0000000000,-0.0000000000,0.0000000000,-0.0000000000,0.0000000000,-0.0000000000,-0.0000000000,-0.0018457018,0.0000000000,-0.0421421390,0.0000000000,-0.1915673429,-0.0000000000,-0.0000000000,0.0000000000,0.0000000000,-0.0000000000,-0.0000000000,-0.0000000000,-0.0000000000,-0.0000000000,-0.0000000000,-0.0000000000,0.0000000000
0.0000000000,-0.4422274519,-0.0000000000,-0.0000000000,2.1930997182,-0.1961409614,-0.0000000000,-0.0000000000,-0.0000000000,0.0000000000,-0.0000000000,0.0000000000,0.0000000000,-0.0000000000,0.0000000000,0.0000000000,-0.0000000000,-0.0000000000,-0.0000000000,-0.0000000000,-0.0000000000,0.0000000000,0.0000000000,-0.0000000000,0.1698703439,0.0000000000,-0.0000000000,0.0000000000,0.0000000000,-0.0000000000,-0.0340709012,-0.0000000000,0.0000000000,-0.0000000000,0.0000000000,-0.0000000000,-0.0000000000,0.1000474721,0.0000000000,0.0000000000,-0.0000000000,-0.0000000000,-0.1799083426,0.0000000000,-0.0000000000,-0.0000000000,-0.0000000000,-0.0098746991,-0.0000000000,-0.0000000000,0.0000000000,-0.0000000000,-0.3509838198,-0.7498924117,-0.0000000000,0.0000000000,-0.1909733092,-0.1484280275,0.0000000000,0.0000000000,0.0000000000,0.0234382472,0.0184681259,0.0000000000,0.0430625694,0.0235875308,-0.0338691393,0.0747390182,0.0945208850,-0.0032497192,0.0000000000,0.0000000000,0.0000000000,0.0000000000,-0.0000000000,0.0000000000,-0.0000000000,-0.0000000000,0.0000000000,-0.0000000000,-0.0000000000,-0.0000000000,0.0000000000,-0.0000000000,0.0000000000,-0.0000000000,-0.0000000000,0.0000000000,-0.0000000000,0.0000000000,0.0000000000,0.0501518840,0.0000000000,0.0000000000,-0.0000000000,0.0205701211,-0.0000000000,-0.0000000000,0.0000000000,0.0000000000
0.0000000000,0.0000000000,-0.0000000000,0.0140190791,-0.1961409614,3.1054467778,-0.0000000000,0.1090822706,-0.1739313213,-0.0000000000,-0.0221485653,0.0000000000,0.0000000000,-0.0000000000,-0.0873038911,0.0000000000,0.0000000000,0.0000000000,0.0000000000,-0.0000000000,0.0000000000,0.0000000000,-0.0000000000,-0.0408925290,-0.0000000000,-0.2907187878,-0.0000000000,-0.0000000000,-0.0000000000,-0.0000000000,0.0000000000,0.0544889739,0.0000000000,-0.0000000000,-0.1087126376,-0.0000000000,-0.0000000000,0.2599599101,-0.0000000000,0.0000000000,-0.0000000000,-0.0000000000,-0.0043631568,0.0000000000,0.0000000000,0.0000000000,0.0000000000,-0.0000000000,-0.7057310086,0.0000000000,-0.0000000000,-0.0000000000,-0.0000000000,0.0000000000,-1.1752401388,-0.6955442095,-0.0000000000,0.0000000000,-0.0000000000,-0.0000000000,-0.0000000000,0.0178684559,0.0000000000,0.0316962960,0.0000000000,-0.0000000000,-0.0000000000,0.0000000000,0.0000000000,0.0000000000,0.0000000000,-0.0000000000,0.0000000000,0.0000000000,-0.0000000000,-0.0000000000,-0.0000000000,-0.0000000000,0.0231845630,-0.0000000000,-0.0000000000,-0.0000000000,0.0000000000,-0.0000000000,-0.0000000000,0.0000000000,-0.0000000000,0.0000000000,-0.0000000000,0.0000000000,0.0000000000,0.0000000000,0.0000000000,0.0755866220,0.0000000000,0.1651073965,0.0301428595,0.0000000000,-0.0000000000,0.0000000000
-0.0000000000,-0.0000000000,-0.0000000000,-0.0000000000,-0.0000000000,-0.0000000000,2.0273158142,-0.2534842475,-0.0000000000,-0.0129675629,-0.0000000000,-0.0000000000,0.0000000000,-0.2360385026,-0.0000000000,-0.1956836016,0.0000000000,0.0000000000,0.0000000000,0.0000000000,-0.0000000000,0.0000000000,-0.0000000000,-0.1677488434,0.0000000000,0.0000000000,0.0000000000,-0.0000000000,-0.0000000000,-0.0000000000,-0.0000000000,0.0600773288,0.0577661023,0.0000000000,0.0850555690,-0.0000000000,0.0000000000,-0.0000000000,0.0000000000,-0.1782518650,-0.0000000000,0.0000000000,0.1282026705,0.0000000000,0.0000000000,0.0000000000,0.0000000000,-0.0000000000,-0.0000000000,0.0000000000,-0.0000000000,-0.3522416187,-0.4438445344,0.0000000000,-0.0000000000,0.0000000000,-0.1043202550,-0.0000000000,0.0000000000,0.0000000000,-0.0000000000,0.0000000000,0.0000000000,0.0000000000,0.0000000000,-0.0000000000,-0.1033733314,0.0000000000,0.0000000000,0.0000000000,0.0000000000,-0.0000000000,0.0000000000,-0.3601539114,0.0000000000,-0.0000000000,-0.0000000000,-0.0000000000,0.0000000000,0.0000000000,-0.0000000000,0.0000000000,0.0000000000,0.0000000000,-0.0000000000,0.0000000000,-0.0000000000,0.0000000000,-0.0000000000,-0.0401568798,0.0000000000,0.0000000000,-0.0000000000,0.0000000000,-0.0000000000,-0.0000000000,0.0330620892,-0.0000000000,-0.0000000000,0.0000000000
0.0000000000,-0.3046290487,-0.0559208321,-0.1917637264,-0.0000000000,0.1090822706,-0.2534842475,3.4709253963,-0.0000000000,-0.0000000000,0.0000000000,-0.0000000000,-0.0000000000,-0.1306092798,0.0000000000,-0.0000000000,-0.1434514275,-0.3457201630,-0.0000000000,0.0000000000,-0.0000000000,-0.0000000000,0.0000000000,-0.0000000000,-0.0000000000,0.1079324205,0.0000000000,0.2673821763,0.0000000000,0.0000000000,-0.0000000000,-0.0000000000,0.0000000000,0.0000000000,0.2301385842,0.0000000000,0.0270894316,-0.0000000000,-0.0000000000,-0.0287406514,0.0000000000,-0.0000000000,0.0000000000,0.0000000000,-0.0000000000,-0.0244590416,-0.0000000000,-0.0000000000,0.0000000000,0.0000000000,0.0000000000,-0.0000000000,-0.0000000000,-0.1136905023,-0.0000000000,0.0316547451,-1.1628043897,-0.9022400307,0.0000000000,-0.0000000000,0.0000000000,-0.0000000000,0.0000000000,-0.0759208274,-0.0000000000,0.0000000000,-0.2142648889,-0.0000000000,0.0000000000,-0.1200123746,0.0000000000,-0.0000000000,-0.0000000000,-0.0000000000,0.0000000000,0.0000000000,0.0000000000,0.0000000000,0.0000000000,-0.0000000000,0.0000000000,0.0000000000,-0.0000000000,-0.0000000000,0.0000000000,0.0000000000,0.0204521978,0.0000000000,-0.0000000000,0.0000000000,-0.0000000000,0.0000000000,-0.0000000000,-0.0000000000,-0.0000000000,-0.0000000000,-0.0000000000,0.0000000000,0.0491328198,-0.0000000000
0.0000000000,-0.0000000000,-0.1669311082,0.0000000000,-0.0000000000,-0.1739313213,-0.0000000000,-0.0000000000,1.9566310320,0.0000000000,0.0000000000,0.0834272958,0.0000000000,-0.0000000000,-0.0000000000,0.0000000000,0.1081585335,-0.0000000000,0.0000000000,-0.0000000000,-0.0077602634,0.0000000000,-0.0000000000,0.0000000000,-0.0000000000,0.0000000000,-0.1930729592,0.0000000000,-0.0000000000,0.0049594228,0.0000000000,0.0000000000,-0.0000000000,0.0487736511,-0.0000000000,-0.0000000000,0.0000000000,-0.0000000000,-0.1810710739,0.0000000000,-0.0000000000,-0.0000000000,0.0000000000,0.0000000000,0.0000000000,0.0000000000,0.0000000000,-0.0000000000,-0.0000000000,-0.0000000000,0.0000000000,-0.0000000000,-0.1903610231,0.0000000000,-0.1140524318,-0.2666263142,-0.0000000000,-0.7169173156,-0.2162666375,-0.0000000000,-0.0000000000,0.0088410557,-0.0000000000,-0.0000000000,-0.0000000000,-0.0663832746,-0.0000000000,-0.0000000000,-0.0000000000,-0.0689223721,-0.0000000000,0.0000000000,0.0000000000,-0.0474059351,-0.0000000000,0.0000000000,-0.0178584861,0.0033183807,-0.0000000000,-0.0000000000,-0.0000000000,-0.0235879705,-0.0000000000,-0.0000000000,-0.0653127946,0.0579104531,-0.0000000000,0.0115481169,-0.0000000000,-0.0000000000,0.0000000000,-0.0000000000,-0.0416875573,0.0000000000,0.1960494469,0.0000000000,0.0000000000,0.0000000000,0.0000000000,0.0000000000
-0.2273110471,0.0000000000,0.0000000000,-0.0000000000,0.0000000000,-0.0000000000,-0.0129675629,-0.0000000000,0.0000000000,2.5419857485,-0.2085624812,-0.5657922500,-0.1777420780,0.0000000000,-0.0000000000,-0.2190770050,-0.0000000000,0.0000000000,-0.0000000000,0.0000000000,0.0000000000,0.0000000000,0.0103550672,-0.2945024297,-0.0036307267,0.0000000000,0.0000000000,-0.0569698408,-0.0525231014,-0.0000000000,-0.1535362473,-0.0000000000,-0.0000000000,-0.0000000000,0.0000000000,-0.0000000000,-0.2002811650,-0.0000000000,0.0000000000,-0.0072392106,-0.0000000000,-0.0000000000,-0.0000000000,-0.1186564372,0.0000000000,0.0000000000,0.0610176691,0.2610127185,0.0000000000,0.0000000000,-0.0000000000,-0.0689611294,-0.0000000000,0.0000000000,-0.0000000000,-0.0000000000,0.0000000000,0.0186008854,-0.5258211477,-0.0000000000,-0.0000000000,-0.0000000000,-0.0000000000,-0.0000000000,-0.0000000000,-0.0000000000,-0.0000000000,0.2699591208,0.0000000000,0.0000000000,0.0000000000,-0.0000000000,0.0000000000,-0.4041830504,0.0000000000,-0.0000000000,0.0000000000,-0.0000000000,-0.0000000000,-0.0000000000,0.0000000000,0.0000000000,0.0671987547,-0.0000000000,0.0000000000,0.0000000000,-0.0000000000,-0.0000000000,-0.0000000000,-0.0000000000,-0.0000000000,0.0000000000,-0.1641906203,-0.0000000000,-0.0000000000,-0.0000000000,0.0000000000,0.0000000000,0.0000000000,0.0000000000
-0.0000000000,-0.0000000000,-0.0000000000,0.0000000000,-0.0000000000,-0.0221485653,-0.0000000000,0.0000000000,0.0000000000,-0.2085624812,1.8858617001,-0.7178534615,0.0000000000,-0.1213124896,-0.0000000000,-0.0000000000,-0.0000000000,-0.0000000000,-0.1571210389,-0.0000000000,-0.0000000000,0.0000000000,0.0000000000,-0.0956627343,-0.0699091678,-0.0000000000,0.0000000000,0.0368266452,0.0000000000,0.0000000000,0.0000000000,0.0000000000,0.0772719411,0.0000000000,-0.0000000000,-0.0000000000,-0.0000000000,-0.0000000000,-0.0000000000,-0.0495199835,-0.0000000000,0.0000000000,0.0000000000,0.0344965971,0.0000000000,0.0000000000,-0.0000000000,0.0290441631,-0.0000000000,-0.0000000000,0.0000000000,-0.0000000000,0.0000000000,0.0000000000,-0.1209738284,-0.0000000000,0.0000000000,0.0300456113,-0.0000000000,-0.2943281748,-0.0000000000,0.0000000000,-0.0000000000,-0.0000000000,-0.0000000000,-0.0000000000,-0.0000000000,0.0000000000,0.0000000000,0.0000000000,-0.0000000000,0.0000000000,-0.0000000000,-0.1491202483,-0.0000000000,-0.0000000000,0.0755996103,0.0000000000,0.0000000000,-0.0000000000,0.0000000000,-0.0000000000,0.0000000000,-0.0000000000,0.0000000000,-0.0000000000,0.0000000000,0.0000000000,-0.0000000000,-0.0076403365,-0.0000000000,-0.0000000000,-0.0000000000,-0.0000000000,-0.0003296837,0.0000000000,0.0000000000,0.0000000000,0.0000000000,-0.0335631930
-0.0000000000,0.0000000000,0.0000000000,-0.0000000000,0.0000000000,0.0000000000,-0.0000000000,-0.0000000000,0.0834272958,-0.5657922500,-0.7178534615,2.5260037149,-0.1934259115,-0.0000000000,-0.0000000000,-0.0000000000,-0.2155486494,-0.0000000000,-0.0000000000,0.0000000000,0.0000000000,-0.0000000000,0.0000000000,-0.3576918425,-0.1724225895,-0.1692640399,0.0000000000,-0.0000000000,0.0000000000,-0.0000000000,0.0531668761,-0.0000000000,0.0000000000,-0.0000000000,-0.0000000000,-0.0608532954,-0.0000000000,-0.0000000000,-0.0000000000,-0.1145303013,-0.0000000000,0.0169155467,0.0000000000,0.0000000000,0.0000000000,-0.0000000000,0.0000000000,0.0000000000,0.0000000000,-0.0000000000,0.0000000000,0.0000000000,0.0000000000,0.0000000000,-0.0000000000,0.0000000000,-0.0000000000,0.1945167318,-0.0848969164,-0.0052330135,-0.1513928536,-0.0635525317,-0.0000000000,-0.0000000000,-0.0000000000,-0.0000000000,-0.0000000000,-0.0000000000,0.0000000000,0.0000000000,0.0000000000,-0.0473192354,-0.0000000000,-0.0000000000,-0.1782135270,-0.0000000000,0.0000000000,-0.0000000000,0.1275466257,-0.0000000000,-0.0000000000,0.0000000000,0.0000000000,-0.0000000000,-0.0000000000,0.0000000000,0.0000000000,-0.0000000000,-0.0000000000,-0.0000000000,-0.0000000000,-0.0000000000,-0.0228802755,-0.0794295796,-0.0000000000,0.0000000000,0.0000000000,0.0000000000,-0.0000000000,-0.0000000000
0.0000000000,0.0000000000,0.0000000000,-0.0000000000,0.0000000000,0.0000000000,0.0000000000,-0.0000000000,0.0000000000,-0.1777420780,0.0000000000,-0.1934259115,3.4314626049,-0.0644527694,-0.0000000000,0.0000000000,-0.3295049823,0.0164266419,-0.0000000000,0.1918583132,0.0000000000,0.0000000000,0.0000000000,-0.0000000000,0.0000000000,0.0000000000,0.0000000000,-0.0510961372,-0.0000000000,-0.0758493931,-0.0000000000,-0.0122040396,0.0000000000,0.0000000000,-0.0000000000,-0.0000000000,-0.0000000000,0.0000000000,0.0000000000,-0.0000000000,0.0000000000,0.0000000000,-0.0501479369,-0.0000000000,0.0000000000,-0.0000000000,-0.0000000000,-0.0000000000,-0.0000000000,0.0000000000,0.0000000000,-0.0000000000,0.0000000000,-0.1487271986,-0.0450586668,0.0000000000,-0.1555244553,0.0000000000,-0.0000000000,0.0000000000,-0.0000000000,-2.1719517499,-0.2557123344,-0.0000000000,-0.0000000000,0.0000000000,-0.0000000000,0.0000000000,0.0000000000,0.0000000000,0.1974679256,-0.0000000000,0.0000000000,-0.0000000000,0.0000000000,0.0000000000,0.0000000000,-0.0177074938,-0.0000000000,-0.2287472769,0.0000000000,0.0000000000,0.1578196115,-0.0000000000,-0.0000000000,-0.0000000000,0.0000000000,-0.0101038341,0.0000000000,0.0381473814,-0.0000000000,0.0116230897,-0.0829207091,-0.0724457347,-0.0000000000,-0.0000000000,-0.0000000000,-0.0000000000,-0.0000000000,0.0000000000
0.0000000000,-0.0000000000,-0.0544622773,-0.0000000000,-0.0000000000,-0.0000000000,-0.2360385026,-0.1306092798,-0.0000000000,0.0000000000,-0.1213124896,-0.0000000000,-0.0644527694,2.2083180628,-0.5097526041,0.0000000000,-0.0716065587,0.0000000000,-0.5964006037,0.0000000000,-0.0000000000,0.0000000000,-0.0651770552,-0.0000000000,-0.0000000000,0.0000000000,-0.0000000000,0.0177970185,-0.0000000000,0.0000000000,0.0000000000,-0.0000000000,0.0792099810,0.0703474317,-0.0000000000,0.0000000000,0.0000000000,-0.0000000000,0.0000000000,-0.0000000000,0.0000000000,0.0237707980,0.0000000000,0.0404650671,0.0000000000,-0.0000000000,-0.0954232933,-0.1115344864,-0.0151971370,0.0000000000,0.0000000000,-0.0000000000,-0.0000000000,0.0000000000,-0.0000000000,-0.0000000000,-0.0000000000,-0.0000000000,0.1427998535,-0.0000000000,-0.0000000000,0.0000000000,-0.0000000000,-0.3400680070,-0.0420550237,-0.0292500876,-0.3154336977,0.0000000000,0.0000000000,0.0202675812,0.0000000000,0.0291950557,-0.0000000000,-0.0000000000,0.0000000000,0.0000000000,0.0000000000,0.0000000000,0.0000000000,-0.0000000000,0.0871905344,0.1429970505,0.0272068027,0.0000000000,-0.0000000000,-0.0000000000,0.1638946982,0.0000000000,0.0000000000,0.0000000000,-0.0000000000,0.0000000000,0.0000000000,-0.0000000000,0.0000000000,0.0000000000,-0.0000000000,-0.1524645338,-0.0000000000,-0.0000000000
-0.0000000000,-0.0000000000,-0.0000000000,0.0000000000,0.0000000000,-0.0873038911,-0.0000000000,0.0000000000,-0.0000000000,-0.0000000000,-0.0000000000,-0.0000000000,-0.0000000000,-0.5097526041,3.5230705930,0.0000000000,0.0000000000,0.0000000000,0.0000000000,0.0000000000,-0.1297103896,0.0000000000,-0.1339962945,0.0000000000,0.0000000000,-0.0000000000,-0.0000000000,-0.0000000000,-0.2187493606,-0.0322704948,0.0000000000,0.0000000000,0.0000000000,0.0000000000,-0.0000000000,-0.0000000000,-0.0000000000,-0.0000000000,0.0000000000,0.0000000000,0.0000000000,0.0000000000,0.0000000000,-0.0000000000,0.0000000000,-0.0606543171,0.0000000000,-0.0000000000,-0.0343709337,-0.0000000000,0.0842663294,-0.0000000000,-0.0000000000,0.0000000000,-0.0000000000,-0.0421690889,0.0000000000,0.0000000000,-0.0000000000,-0.0000000000,0.0000000000,-0.0000000000,-0.2310044705,-0.0539833682,-0.0000000000,-1.9636742861,0.0000000000,0.0000000000,-0.0000000000,0.0000000000,-0.1568351204,-0.0000000000,-0.0000000000,0.0000000000,0.0000000000,0.0000000000,-0.2857071021,-0.0200597298,0.0110124282,0.0000000000,0.0000000000,0.0000000000,0.2674887124,0.0000000000,-0.0000000000,0.0000000000,-0.0000000000,0.0000000000,0.0000000000,0.1188411839,0.0000000000,0.0000000000,-0.0000000000,0.0000000000,0.0000000000,-0.0000000000,-0.0000000000,-0.0000000000,-0.0000000000,-0.0000000000
-0.1406300118,-0.1262189789,-0.0000000000,-0.3421310435,0.0000000000,0.0000000000,-0.1956836016,-0.0000000000,0.0000000000,-0.2190770050,-0.0000000000,-0.0000000000,0.0000000000,0.0000000000,0.0000000000,1.7159244815,-0.0389040180,-0.0000000000,0.0000000000,0.0000000000,-0.0000000000,0.0000000000,-0.0000000000,-0.0000000000,-0.0602580984,0.0000000000,0.0711788364,-0.0000000000,0.0173904580,-0.0000000000,-0.0000000000,-0.0338104830,-0.4552777041,0.0000000000,0.0299821492,0.0000000000,0.0943003398,-0.0136195444,0.0161904005,0.0000000000,0.0000000000,-0.0000000000,0.0934728240,-0.0000000000,-0.0000000000,0.0000000000,0.0000000000,0.0000000000,0.0832892379,0.0128115045,-0.0000000000,-0.0455914548,-0.0000000000,-0.0000000000,0.0000000000,0.0000000000,0.0000000000,0.0356213462,0.0000000000,0.0000000000,-0.0000000000,0.0000000000,-0.0000000000,-0.0000000000,-0.0000000000,0.0000000000,0.0000000000,0.0000000000,0.0000000000,-0.0000000000,-0.0000000000,-0.0000000000,-0.0060736872,0.0000000000,-0.1203828310,-0.0000000000,0.0000000000,-0.0000000000,-0.0000000000,-0.0000000000,-0.0000000000,0.0000000000,0.0000000000,-0.0261899207,-0.0000000000,-0.0000000000,0.0000000000,-0.0000000000,-0.0000000000,-0.2614630116,0.0000000000,0.0000000000,0.0000000000,-0.0000000000,0.0000000000,-0.0000000000,0.0000000000,-0.0000000000,0.0000000000,0.0000000000
0.0000000000,-0.0000000000,-0.0000000000,-0.0000000000,-0.0000000000,0.0000000000,0.0000000000,-0.1434514275,0.1081585335,-0.0000000000,-0.0000000000,-0.2155486494,-0.3295049823,-0.0716065587,0.0000000000,-0.0389040180,1.8720166705,-0.0000000000,-0.5227761242,0.0000000000,-0.0000000000,-0.1004856737,-0.0354078758,-0.0000000000,0.0000000000,0.0000000000,0.0000000000,0.0000000000,-0.0000000000,0.0000000000,-0.0000000000,-0.0000000000,0.0000000000,-0.1661150363,-0.0000000000,0.0000000000,-0.0000000000,-0.0000000000,0.0161602344,0.0000000000,0.0000000000,0.1387317967,0.0000000000,0.0000000000,-0.0000000000,-0.0000000000,-0.0687407792,-0.0807215678,0.0000000000,0.0000000000,0.0000000000,-0.0000000000,-0.0000000000,-0.0000000000,0.0000000000,0.0081144742,-0.0000000000,0.0000000000,0.0000000000,-0.0000000000,-0.0000000000,-0.0000000000,-0.0000000000,-0.0795976316,-0.0000000000,0.0000000000,-0.0000000000,-0.3703817407,-0.0000000000,-0.0000000000,0.0000000000,-0.0000000000,-0.0000000000,0.0993231024,-0.0765532111,0.0000000000,0.0000000000,-0.0000000000,0.0000000000,-0.0000000000,-0.0000000000,0.0990207986,0.0000000000,-0.0000000000,-0.0000000000,-0.0000000000,0.0000000000,-0.0000000000,0.0000000000,0.0000000000,-0.0000000000,0.0689679084,0.0000000000,-0.0000000000,0.0000000000,-0.0000000000,-0.0000000000,0.0000000000,0.0423031558,-0.0000000000
0.0000000000,-0.1421034848,-0.0000000000,0.0000000000,-0.0000000000,0.0000000000,0.0000000000,-0.3457201630,-0.0000000000,0.0000000000,-0.0000000000,-0.0000000000,0.0164266419,0.0000000000,0.0000000000,-0.0000000000,-0.0000000000,2.4304912721,-0.0000000000,-0.0000000000,-0.1620713031,-0.0000000000,-0.0000000000,-0.0000000000,-0.0000000000,0.0145709120,0.0870133990,0.0660090141,0.0000000000,0.0000000000,-0.0000000000,0.0000000000,0.0828525871,-0.3800540841,0.0000000000,-0.0958128575,0.0654087210,0.0000000000,-0.0000000000,-0.0000000000,-0.0000000000,-0.0000000000,0.0000000000,0.2321631672,-0.0000000000,0.0000000000,-0.0000000000,0.0000000000,0.0000000000,0.0000000000,0.0000000000,0.0000000000,-0.0000000000,0.0000000000,0.0000000000,0.1491284179,0.0000000000,-0.1445239265,0.0000000000,-0.0000000000,0.0000000000,0.0554367019,0.0000000000,-0.1248981346,-0.0000000000,0.0000000000,-0.0000000000,-0.0000000000,0.0000000000,-1.0731566118,-0.0000000000,0.0000000000,-0.1221554778,-0.0000000000,-0.1202502734,0.0000000000,0.0000000000,0.0000000000,0.0000000000,0.0000000000,-0.0000000000,-0.0000000000,-0.0826259703,-0.0000000000,0.0000000000,-0.0726518630,0.1475850186,0.0000000000,-0.1856186603,-0.0000000000,0.0000000000,0.0193735050,0.0000000000,0.0000000000,-0.0000000000,-0.0000000000,-0.0000000000,0.0483601435,0.0000000000,-0.0000000000
0.0000000000,-0.0000000000,0.0000000000,-0.0000000000,-0.0000000000,0.0000000000,0.0000000000,-0.0000000000,0.0000000000,-0.0000000000,-0.1571210389,-0.0000000000,-0.0000000000,-0.5964006037,0.0000000000,0.0000000000,-0.5227761242,-0.0000000000,2.1250883186,0.0000000000,-0.3904425647,-0.1228441560,-0.0000000000,0.0000000000,-0.0000000000,0.0000000000,0.0000000000,0.0237112131,-0.0000000000,-0.0000000000,-0.0175293205,-0.0000000000,0.0000000000,-0.0000000000,-0.0000000000,0.0000000000,0.0000000000,-0.1861915430,0.0000000000,-0.0000000000,0.0000000000,-0.0000000000,-0.0000000000,0.0000000000,-0.0000000000,-0.1943820781,-0.0053811731,-0.0000000000,0.0000000000,-0.0000000000,0.0288024899,-0.0000000000,-0.0000000000,-0.0000000000,0.0000000000,0.0000000000,-0.0000000000,-0.0000000000,0.0000000000,-0.0000000000,-0.0000000000,0.0000000000,-0.0000000000,-0.0000000000,-0.0733941949,-0.0000000000,-0.0000000000,-0.1819646065,0.0000000000,-0.0000000000,-0.0000000000,0.0000000000,-0.0000000000,0.0000000000,0.0000000000,0.0229316790,0.0000000000,0.0000000000,-0.0000000000,0.0000000000,0.2768906741,0.0000000000,-0.0000000000,0.0000000000,-0.0000000000,-0.0000000000,0.0000000000,0.0000000000,0.0000000000,0.0888123247,-0.0000000000,0.0000000000,-0.0000000000,-0.0000000000,-0.0000000000,-0.0000000000,-0.0000000000,0.0000000000,0.1395756835,-0.0000000000
-0.0000000000,0.0000000000,-0.0000000000,-0.0000000000,-0.0000000000,-0.0000000000,0.0000000000,0.0000000000,-0.0000000000,0.0000000000,-0.0000000000,0.0000000000,0.1918583132,0.0000000000,0.0000000000,0.0000000000,0.0000000000,-0.0000000000,0.0000000000,2.5711576063,-0.0000000000,0.0000000000,-0.0000000000,-0.0000000000,0.0142844905,0.0000000000,-0.0000000000,0.0000000000,-0.0008352445,0.0000000000,0.0000000000,-0.0000000000,-0.0000000000,-0.1614318650,-0.1105244907,-0.0420500392,-0.0000000000,0.0000000000,-0.0000000000,-0.0000000000,-0.5644239263,-0.0000000000,0.0000000000,0.0000000000,-0.0000000000,-0.0000000000,-0.1799189125,-0.3252315485,-0.2558788669,-0.4208622738,0.0000000000,-0.0000000000,0.0000000000,0.0306658796,-0.0000000000,0.0000000000,0.0000000000,0.0000000000,0.0000000000,0.0000000000,0.0000000000,0.1161748360,0.0285890909,0.0000000000,0.0000000000,0.0000000000,-0.0000000000,0.0000000000,-0.0000000000,-0.0000000000,-0.4011945051,-0.0000000000,0.0000000000,0.0000000000,0.0000000000,0.0000000000,-0.0000000000,0.0000000000,0.0000000000,0.0000000000,-0.0000000000,-0.1902153123,-0.0000000000,-0.0000000000,0.0000000000,-0.0000000000,-0.0000000000,-0.0000000000,-0.3611912698,-0.0000000000,-0.0000000000,-0.0000000000,0.0000000000,0.0000000000,-0.0000000000,0.0000000000,0.0000000000,-0.0000000000,-0.0000000000,-0.0000000000
0.0000000000,-0.0000000000,-0.0000000000,-0.0000000000,-0.0000000000,0.0000000000,-0.0000000000,-0.0000000000,-0.0077602634,0.0000000000,-0.0000000000,0.0000000000,0.0000000000,-0.0000000000,-0.1297103896,-0.0000000000,-0.0000000000,-0.1620713031,-0.3904425647,-0.0000000000,2.0785198863,0.0000000000,-0.0202810992,-0.0000000000,0.1711734255,0.0000000000,-0.0000000000,0.0000000000,-0.2029981598,-0.0000000000,-0.0000000000,0.0000000000,0.0000000000,-0.0000000000,0.0150673110,0.0000000000,0.0000000000,-0.0000000000,-0.0000000000,0.0000000000,0.1779443791,-0.0000000000,0.0000000000,0.0000000000,-0.0000000000,-0.0000000000,0.0000000000,-0.0000000000,0.0000000000,-0.0000000000,0.0000000000,0.0000000000,-0.0000000000,-0.0000000000,0.0000000000,0.0000000000,0.0000000000,-0.0000000000,0.0000000000,-0.0000000000,0.0000000000,0.0000000000,-0.0000000000,-0.0000000000,0.0000000000,-0.0000000000,0.1217271138,-0.0000000000,-0.0000000000,-0.0130739560,-1.0419477083,0.0000000000,-0.0000000000,0.0671948317,-0.0000000000,0.0000000000,-0.0000000000,-0.0000000000,0.0000000000,0.0443936689,-0.0000000000,0.0000000000,0.0000000000,0.0000000000,-0.0000000000,0.0000000000,0.0000000000,0.0088086203,0.0000000000,0.0040189936,0.0000000000,0.0394753550,0.0268916751,0.0159689926,-0.0000000000,-0.0000000000,-0.0000000000,0.0000000000,0.0644086043,-0.0000000000
0.0000000000,0.0000000000,0.1128123584,0.0000000000,0.0000000000,0.0000000000,0.0000000000,-0.0000000000,0.0000000000,0.0000000000,0.0000000000,-0.0000000000,0.0000000000,0.0000000000,0.0000000000,0.0000000000,-0.1004856737,-0.0000000000,-0.1228441560,0.0000000000,0.0000000000,2.2276605364,-0.4974728729,-0.0000000000,-0.0000000000,-0.3151979485,0.0000000000,0.0000000000,-0.0000000000,-0.2005942526,-0.0000000000,0.0000000000,0.0000000000,-0.2031538107,-0.1540057423,0.2481209608,0.0000000000,-0.0476327017,-0.1178865715,-0.0000000000,0.0000000000,-0.0193465435,-0.5035328163,0.0000000000,-0.0000000000,-0.0000000000,-0.0000000000,0.0000000000,0.0000000000,0.0000000000,-0.0000000000,-0.0000000000,0.0000000000,0.0000000000,0.0000000000,-0.0000000000,-0.0000000000,0.0000000000,-0.0000000000,-0.0595128496,-0.0000000000,0.0000000000,-0.0000000000,0.0000000000,0.0000000000,0.0000000000,0.0000000000,-0.1428446704,-0.0000000000,-0.0000000000,0.0944394025,-0.3475315074,-0.0000000000,0.0000000000,-0.0000000000,-0.0000000000,0.0000000000,-0.0000000000,-0.0405944881,0.0000000000,0.0000000000,0.0000000000,-0.0000000000,0.0657250476,0.0000000000,0.0000000000,-0.0000000000,0.0000000000,0.0000000000,0.0000000000,-0.0000000000,-0.0000000000,-0.0000000000,-0.0000000000,-0.1703745723,-0.0000000000,-0.0000000000,0.0387666550,0.0000000000,-0.0000000000
0.0000000000,-0.0000000000,0.0000000000,0.0000000000,0.0000000000,-0.0000000000,-0.0000000000,0.0000000000,-0.0000000000,0.0103550672,0.0000000000,0.0000000000,0.0000000000,-0.0651770552,-0.1339962945,-0.0000000000,-0.0354078758,-0.0000000000,-0.0000000000,-0.0000000000,-0.0202810992,-0.4974728729,2.6150311813,-0.0000000000,0.0000000000,-0.0200043160,-0.0000000000,-0.0000000000,-0.0371355378,-0.1796659738,0.0743536926,0.0000000000,0.1504761102,-0.0000000000,-0.0062668199,0.0000000000,-0.0000000000,-0.0000000000,0.0000000000,0.0000000000,0.1078590791,0.0000000000,0.1255362492,0.0003249916,0.0000000000,-0.0000000000,-0.0675221380,-0.3136513253,-0.0000000000,0.0000000000,-0.0000000000,-0.0000000000,-0.0000000000,0.0000000000,0.0000000000,-0.0000000000,0.0000000000,0.0000000000,0.0000000000,-0.0000000000,-0.0000000000,0.0000000000,-0.0000000000,-0.0000000000,-0.0000000000,-0.3128311673,0.0000000000,-0.0000000000,-0.0765206034,-0.0000000000,-0.0000000000,-0.0934459016,-0.8461937876,0.0000000000,-0.1203083258,-0.0000000000,-0.0000000000,-0.1480038167,0.0000000000,0.0000000000,-0.0000000000,0.0000000000,0.0000000000,0.0000000000,-0.0000000000,0.0000000000,-0.0000000000,0.0000000000,0.0000000000,0.0000000000,0.0000000000,-0.0000000000,0.0751201833,0.0226868629,0.0000000000,0.0000000000,-0.0000000000,-0.0000000000,-0.0000000000,0.0000000000
0.0000000000,0.0000000000,0.0000000000,-0.0000000000,-0.0000000000,-0.0408925290,-0.1677488434,-0.0000000000,0.0000000000,-0.2945024297,-0.0956627343,-0.3576918425,-0.0000000000,-0.0000000000,0.0000000000,-0.0000000000,-0.0000000000,-0.0000000000,0.0000000000,-0.0000000000,-0.0000000000,-0.0000000000,-0.0000000000,2.0902838231,-0.0000000000,-0.0005046103,0.0000000000,-0.0000000000,-0.0000000000,-0.0000000000,-0.0000000000,0.0000000000,0.1038863299,-0.0000000000,0.0000000000,-0.0000000000,0.0000000000,0.0903189049,0.0000000000,-0.2211814573,-0.0000000000,0.0000000000,-0.0000000000,0.0000000000,0.0000000000,0.0000000000,0.2303971704,0.0000000000,-0.0000000000,0.0000000000,0.0000000000,-0.0000000000,-0.0000000000,0.0000000000,-0.2410745735,0.0000000000,-0.0000000000,0.0000000000,0.0000000000,-0.0000000000,-0.0000000000,0.0000000000,0.0000000000,0.0000000000,0.1851778605,0.0000000000,0.0000000000,0.0000000000,0.0000000000,0.0000000000,0.0000000000,-0.0000000000,0.0000000000,-0.0000000000,-0.2463468967,-0.3092048175,0.0000000000,-0.0000000000,-0.0000000000,0.0000000000,-0.2200613143,0.0000000000,0.0000000000,0.0000000000,-0.0000000000,0.0000000000,0.0000000000,0.0000000000,-0.0000000000,-0.2722011650,0.0000000000,0.1316908591,0.0000000000,0.0000000000,-0.1699722779,0.0000000000,0.0000000000,0.1028303290,-0.0000000000,0.0000000000
-0.2975819541,0.0000000000,-0.0000000000,0.0000000000,0.1698703439,-0.0000000000,0.0000000000,-0.0000000000,-0.0000000000,-0.0036307267,-0.0699091678,-0.1724225895,0.0000000000,-0.0000000000,0.0000000000,-0.0602580984,0.0000000000,-0.0000000000,-0.0000000000,0.0142844905,0.1711734255,-0.0000000000,0.0000000000,-0.0000000000,1.8997617566,-0.3793218726,0.0000000000,0.0000000000,0.0000000000,-0.0000000000,0.0187668198,-0.0000000000,-0.0000000000,0.0000000000,-0.0000000000,-0.0000000000,0.0000000000,-0.1707027548,-0.0000000000,-0.0000000000,0.0963977882,-0.3913454312,0.0000000000,0.0000000000,0.0000000000,0.0000000000,0.1129171680,0.0006094870,0.0714584052,0.1357722223,-0.0000000000,0.0000000000,0.0000000000,0.0000000000,-0.0000000000,-0.0970496373,0.0000000000,0.0000000000,-0.0673701522,0.0000000000,-0.0000000000,0.0000000000,0.0000000000,0.0000000000,-0.0000000000,0.0000000000,-0.0000000000,0.0000000000,0.0129846159,0.0000000000,0.0000000000,-0.0000000000,-0.0000000000,-0.1851724673,0.0000000000,-0.2419397259,0.0000000000,0.0000000000,0.0000000000,-0.0000000000,-0.0000000000,0.0000000000,0.0000000000,0.0000000000,-0.0000000000,0.0000000000,0.0000000000,0.0672563585,0.0000000000,-0.0000000000,0.0000000000,-0.0888611304,0.0000000000,0.0000000000,0.0000000000,0.0000000000,0.0000000000,0.0000000000,0.0000000000,0.0000000000
0.0000000000,0.0000000000,0.0000000000,0.0000000000,0.0000000000,-0.2907187878,0.0000000000,0.1079324205,0.0000000000,0.0000000000,-0.0000000000,-0.1692640399,0.0000000000,0.0000000000,-0.0000000000,0.0000000000,0.0000000000,0.0145709120,0.0000000000,0.0000000000,0.0000000000,-0.3151979485,-0.0200043160,-0.0005046103,-0.3793218726,2.7636089845,-0.1293829169,-0.0000000000,-0.0000000000,-0.1133808216,0.1130797543,0.1142167225,0.0119650491,0.0000000000,-0.0856745335,-0.0000000000,-0.0000000000,0.0000000000,-0.0000000000,0.0000000000,0.0000000000,-0.0664575669,-0.0000000000,-0.0000000000,0.0000000000,0.0000000000,0.0000000000,0.0000000000,-0.0000000000,0.0000000000,-0.0000000000,-0.0000000000,0.0000000000,0.1123895661,-0.0000000000,-0.0000000000,0.0000000000,0.1021374148,-0.0006173900,-0.0000000000,-0.0000000000,0.0000000000,0.0000000000,0.3797377563,0.0784278337,-0.0000000000,0.0944095941,0.0000000000,0.0000000000,0.0000000000,0.0000000000,-0.0000000000,-0.0000000000,-0.0000000000,-0.2327386760,-1.0326129233,-0.0000000000,-0.3857473621,0.0000000000,0.0000000000,-0.0000000000,0.0000000000,-0.0000000000,0.0000000000,-0.0218459550,0.0215209063,-0.0000000000,-0.0000000000,0.0000000000,-0.0000000000,0.0000000000,-0.0000000000,-0.0000000000,0.0000000000,-0.0000000000,0.0000000000,0.0000000000,0.0000000000,-0.0000000000,0.0000000000
0.0000000000,0.0000000000,-0.0899172192,0.0000000000,-0.0000000000,-0.0000000000,0.0000000000,0.0000000000,-0.1930729592,0.0000000000,0.0000000000,0.0000000000,0.0000000000,-0.0000000000,-0.0000000000,0.0711788364,0.0000000000,0.0870133990,0.0000000000,-0.0000000000,-0.0000000000,0.0000000000,-0.0000000000,0.0000000000,0.0000000000,-0.1293829169,2.5303105246,-0.1078421338,-0.0000000000,-0.2016494051,0.0000000000,0.1302498633,0.0000000000,0.0349702097,-0.0203593202,-0.0000000000,-0.0000000000,0.0301414710,-0.0000000000,0.0000000000,-0.0000000000,-0.0650763077,-0.0000000000,-0.1672969338,-0.2541155195,-0.3971951227,-0.0000000000,-0.3886720850,-0.0000000000,-0.0117692128,0.0000000000,-0.0246070522,0.0000000000,0.0000000000,-0.0208938818,-0.0686852842,0.0000000000,-0.0000000000,0.0000000000,0.0000000000,0.0105649874,0.0251211211,0.0000000000,0.0000000000,0.0000000000,-0.0000000000,0.0000000000,0.0000000000,0.0000000000,0.0000000000,-0.0000000000,0.0000000000,-0.0000000000,0.0000000000,0.0000000000,0.0000000000,-0.0000000000,-0.0000000000,0.0000000000,0.0000000000,0.0000000000,0.0000000000,-0.0000000000,0.0000000000,-0.6222785135,0.0000000000,-0.0725645601,-0.0000000000,-0.0000000000,0.0000000000,0.0000000000,0.1265795924,-0.0000000000,0.1923430004,-0.0000000000,-0.0000000000,-0.2196271985,-0.2513839636,-0.0000000000,-0.0000000000
-0.0000000000,0.0000000000,0.0213810387,-0.0000000000,0.0000000000,-0.0000000000,-0.0000000000,0.2673821763,0.0000000000,-0.0569698408,0.0368266452,-0.0000000000,-0.0510961372,0.0177970185,-0.0000000000,-0.0000000000,0.0000000000,0.0660090141,0.0237112131,0.0000000000,0.0000000000,0.0000000000,-0.0000000000,-0.0000000000,0.0000000000,-0.0000000000,-0.1078421338,2.8376145850,-0.1551022498,-0.3266784148,0.0000000000,0.0000000000,-0.0000000000,-0.0420239409,-0.1125186530,-0.0000000000,-0.2298706717,0.0000000000,0.0799240810,0.1180550073,0.0000000000,-0.0000000000,-0.0000000000,-0.3182685241,-0.0000000000,-0.0000000000,0.0000000000,-0.0000000000,-0.0000000000,0.0000000000,0.0000000000,-0.0000000000,-0.0000000000,0.0000000000,-0.0000000000,-0.0000000000,0.0000000000,0.0000000000,-0.0700577123,0.0324247145,0.0000000000,-0.0310228337,-0.0000000000,0.0000000000,-0.0000000000,-0.0000000000,0.1375230111,-0.0000000000,-0.0407402616,0.0000000000,-0.0000000000,-0.2485493303,-0.0000000000,-0.0000000000,-0.0000000000,-0.1703061679,-0.1395036957,-0.5401439835,-0.0000000000,-0.0000000000,-0.0000000000,-0.0000000000,-0.0000000000,-0.0000000000,-0.1151135657,-0.0000000000,-0.0918271230,-0.6692413674,0.0000000000,0.0000000000,0.0000000000,0.0000000000,0.0000000000,-0.0000000000,0.0000000000,-0.0000000000,-0.0000000000,-0.0000000000,-0.0000000000,0.3626089589
0.0000000000,0.0891003472,-0.0000000000,0.0000000000,0.0000000000,-0.0000000000,-0.0000000000,0.0000000000,-0.0000000000,-0.0525231014,0.0000000000,0.0000000000,-0.0000000000,-0.0000000000,-0.2187493606,0.0173904580,-0.0000000000,0.0000000000,-0.0000000000,-0.0008352445,-0.2029981598,-0.0000000000,-0.0371355378,-0.0000000000,0.0000000000,-0.0000000000,-0.0000000000,-0.1551022498,2.0677312047,-0.0504076918,0.0000000000,0.0000000000,0.0000000000,-0.0000000000,-0.0000000000,-0.0000000000,-0.5278280148,-0.0000000000,0.0000000000,0.0000000000,0.0000000000,-0.0376578973,-0.0000000000,-0.0000000000,0.0000000000,-0.0000000000,-0.0000000000,-0.0000000000,-0.0000000000,-0.0000000000,0.0000000000,-0.0000000000,0.0000000000,0.0000000000,-0.0000000000,-0.0000000000,0.0000000000,-0.0374856000,-0.0000000000,0.0000000000,0.0972691671,-0.0000000000,-0.0000000000,0.0000000000,-0.0179986316,-0.0000000000,0.0000000000,0.0000000000,-0.0000000000,0.0000000000,-0.0319039536,-0.0521218078,-0.0000000000,-0.0000000000,0.0349298740,0.0000000000,-0.6444840375,-0.0560764932,-0.0000000000,0.0180350003,0.0000000000,0.0000000000,0.2816182633,-0.0000000000,0.0000000000,0.0000000000,-0.0000000000,0.0000000000,0.0000000000,0.0000000000,0.0086652923,0.0000000000,0.0000000000,-0.0000000000,-0.0000000000,-0.1656620731,0.0000000000,0.0000000000,0.0000000000,0.0000000000
