0,1,2,3,4,5,6,7,8,9,10,11,12,13,14,15,16,17,18,19,20,21,22,23,24,25,26,27,28,29,30,31,32,33,34,35,36,37,38,39,40,41,42,43,44,45,46,47,48,49,50,51,52,53,54,55,56,57,58,59,60,61,62,63,64,65,66,67,68,69,70,71,72,73,74,75,76,77,78,79,80,81,82,83,84,85,86,87,88,89,90,91,92,93,94,95,96,97,98,99
2.1767907193,-0.0000000000,-0.0000000000,-0.0000000000,0.0000000000,-0.0718218241,-0.0000000000,-0.0000000000,0.0000000000,-0.0000000000,-0.0000000000,-0.0000000000,-0.0000000000,-0.0000000000,-0.1156887722,-0.3699526033,0.0000000000,-0.0000000000,0.0000000000,-0.0009771119,-0.0000000000,-0.0000000000,-0.0000000000,-0.0000000000,-0.0000000000,0.0000000000,-0.0000000000,0.0000000000,-0.0736956480,-0.0000000000,-0.0000000000,0.0000000000,-0.0345767881,0.0000000000,-0.0000000000,-0.0000000000,-0.0000000000,-0.3166224305,-0.0000000000,-0.1094824680,-0.0138441760,-0.0124803215,0.0000000000,-0.3685985729,0.0000000000,-0.0000000000,-0.0000000000,-0.2121381060,-0.0128080830,-0.0000000000,-0.1274816645,-0.0000000000,-0.0432257032,0.0000000000,-0.0000000000,-0.0000000000,-0.0000000000,0.0000000000,-0.0000000000,-0.0000000000,-0.0000000000,-0.0000000000,-0.0000000000,-0.0000000000,-0.0000000000,-0.1598163339,-0.1100762102,0.0000000000,0.3374432933,0.0000000000,-0.0000000000,0.0000000000,-0.0000000000,-0.0000000000,0.0000000000,-0.0000000000,-0.0000000000,0.0000000000,-0.0000000000,0.0000000000,0.0000000000,0.0000000000,0.0000000000,0.0000000000,0.0236980889,0.0000000000,0.0000000000,0.0000000000,0.0000000000,0.0000000000,-0.0000000000,-0.0000000000,-0.0000000000,-0.0000000000,0.0415349186,-0.0000000000,0.0000000000,0.0000000000,-0.2966583866,-0.0000000000
-0.0000000000,3.7209885895,-0.6276133961,-0.2982787727,-0.0000000000,-0.0000000000,-0.0000000000,-0.5674632472,-0.1994513536,-0.0000000000,0.0000000000,-0.0000000000,0.0000000000,0.0000000000,0.0000000000,-0.0498993612,-0.0000000000,-0.0000000000,-0.0000000000,-0.0000000000,0.0000000000,-0.0000000000,-0.0000000000,-0.3203241901,-0.0000000000,0.0000000000,0.0000000000,-0.0000000000,-0.0000000000,-0.0000000000,-0.0000000000,-0.1222994448,-0.0253180070,-0.0000000000,-0.0000000000,-0.0000000000,-0.0000000000,-0.0000000000,-0.0000000000,-0.0000000000,0.0000000000,0.0000000000,-0.0000000000,0.0000000000,0.0000000000,0.0000000000,-0.0000000000,0.0000000000,0.0000000000,0.0000000000,-0.1610375917,-0.8166624290,-0.0794407769,-0.0000000000,-0.6289027553,-0.0000000000,-0.0000000000,-0.0069957447,-0.0000000000,-0.0000000000,0.0000000000,0.0000000000,-0.0000000000,-0.0000000000,-0.0000000000,0.0000000000,-0.0000000000,-0.0000000000,-0.2130293292,-0.0000000000,-0.0000000000,-0.0000000000,-0.0000000000,-0.0000000000,-0.0000000000,0.0000000000,-0.0000000000,-0.0000000000,-0.0000000000,-0.1929405801,-0.0000000000,0.0000000000,-0.0002558396,-0.0000000000,-0.0000000000,-0.0000000000,-0.0000000000,-0.0000000000,-0.0000000000,-0.0000000000,-0.0000000000,-0.0000000000,-0.0000000000,0.0000000000,-0.0000000000,0.0000000000,-0.0000000000,-0.0000000000,0.0000000000,0.0000000000
-0.0000000000,-0.6276133961,3.0455198630,0.0000000000,-0.0000000000,-0.2821740587,-0.0000000000,-0.2603084194,-0.0000000000,-0.0000000000,-0.0000000000,-0.0138149637,-0.0000000000,-0.0000000000,0.0000000000,-0.3395550211,-0.2178493777,-0.0000000000,-0.0000000000,0.0000000000,-0.0000000000,-0.0000000000,0.0000000000,-0.0000000000,0.4310001829,-0.0000000000,0.0000000000,0.0000000000,-0.0000000000,0.0000000000,-0.0000000000,-0.0000000000,-0.0000000000,0.0000000000,0.0000000000,0.0000000000,-0.0000000000,-0.0000000000,0.0000000000,-0.0000000000,0.0000000000,0.0000000000,-0.0000000000,0.0000000000,0.0000000000,0.0000000000,0.0011343294,0.0535762771,0.0000000000,0.0000000000,-0.0000000000,-0.0000000000,-0.0000000000,0.0000000000,-0.0000000000,-1.3329098057,-0.0000000000,-0.0000000000,-0.0000000000,-0.0000000000,-0.0000000000,-0.0000000000,-0.0000000000,-0.0000000000,-0.0000000000,-0.0000000000,0.0000000000,-0.0000000000,0.0000000000,0.0000000000,0.0000000000,-0.0072784638,0.0000000000,-0.0947597974,-0.0000000000,0.0000000000,-0.0000000000,-0.0000000000,0.0000000000,-0.0000000000,0.0000000000,0.0000000000,-0.0000000000,-0.0617964629,0.0000000000,0.0000000000,0.0000000000,0.0000000000,0.0000000000,-0.0000000000,0.0000000000,0.0000000000,0.0000000000,0.0531503871,-0.0000000000,0.0000000000,-0.0000000000,0.1415495331,0.0000000000,0.0000000000
-0.0000000000,-0.2982787727,0.0000000000,3.1130503587,-1.3456626441,-0.0000000000,0.0000000000,-0.0000000000,-0.0000000000,-0.0000000000,-0.0000000000,0.0000000000,0.0000000000,0.0000000000,0.0000000000,-0.0000000000,0.0000000000,-0.0000000000,0.0000000000,0.0000000000,0.0000000000,0.0000000000,0.0000000000,-0.0000000000,-0.0000000000,0.0000000000,-0.0000000000,-0.0000000000,-0.0000000000,-0.0000000000,-0.0010378634,-0.0000000000,-0.0000000000,-0.0000000000,-0.0000000000,-0.0000000000,-0.0000000000,-0.0435606377,0.0000000000,0.0000000000,-0.0000000000,-0.0000000000,-0.0000000000,0.0000000000,-0.0000000000,-0.0000000000,-0.0000000000,0.1071251078,0.0000000000,0.0000000000,0.0000000000,-0.0000000000,-0.2181530992,-0.7806702268,-0.0789730956,-0.0000000000,-0.0000000000,-0.0000000000,0.0000000000,0.0000000000,0.0000000000,0.3356729915,0.0394282201,0.0928853300,0.0000000000,0.3040821700,0.0000000000,0.0000000000,-0.1066162784,-0.0000000000,0.0000000000,0.0000000000,-0.0000000000,0.0190649084,0.0000000000,-0.2337561616,-0.0000000000,-0.2461539115,-0.0000000000,-0.0000000000,-0.0000000000,0.0000000000,-0.0000000000,0.0000000000,-0.0000000000,0.0429289860,-0.0000000000,0.0000000000,-0.0000000000,0.0039304936,0.0000000000,-0.0000000000,0.0307156806,-0.0000000000,0.0000000000,0.0000000000,0.0000000000,0.0000000000,0.0000000000,0.0000000000
0.0000000000,-0.0000000000,-0.0000000000,-1.3456626441,3.4475591135,-0.0297164752,0.0000000000,0.0000000000,-0.2650654504,-0.0000000000,-0.0000000000,0.0000000000,-0.0000000000,0.2940476640,0.0000000000,0.0000000000,-0.0000000000,-0.0000000000,0.0000000000,-0.0000000000,0.0000000000,0.0728033982,0.0000000000,-0.0000000000,-0.0000000000,0.0000000000,-0.0000000000,-0.4478972885,-0.0000000000,0.0000000000,0.0000000000,-0.1115143430,-0.0000000000,-0.0000000000,0.0000000000,-0.1133904798,-0.0000000000,-0.0000000000,0.0641219329,0.1324778318,-0.0000000000,-0.0000000000,-0.0000000000,-0.0000000000,-0.0000000000,-0.0000000000,0.0000000000,0.0000000000,0.0000000000,-0.0000000000,0.0000000000,-0.0000000000,-0.0000000000,-0.5897002847,-0.7497123207,-0.0000000000,-0.0000000000,-0.0000000000,0.0000000000,-0.0000000000,0.0000000000,0.0000000000,0.0000000000,0.0221089525,0.2024781065,0.0000000000,0.0000000000,0.0000000000,-0.0450207482,-0.0000000000,0.0000000000,0.0884542096,0.0000000000,0.0111707533,0.0000000000,-0.0000000000,0.0000000000,-0.0000000000,0.0000000000,-0.0022533567,0.0000000000,0.0000000000,-0.0000000000,0.1399195099,-0.0000000000,0.2186750018,-0.2481484019,0.0000000000,-0.1324282337,0.0000000000,-0.0000000000,-0.0000000000,0.0979807345,-0.0000000000,0.1012836972,-0.0000000000,0.0000000000,0.0000000000,-0.0000000000,-0.0000000000
-0.0718218241,-0.0000000000,-0.2821740587,-0.0000000000,-0.0297164752,3.4404472891,-0.0000000000,-0.1873421626,-0.3293600279,-0.0000000000,-0.0000000000,-0.0000000000,-0.0464264815,-0.0000000000,-0.0000000000,-0.0000000000,-0.0000000000,-0.0000000000,-0.0000000000,-0.0000000000,-0.1383489863,0.0000000000,0.0000000000,-0.0000000000,-0.0000000000,0.0000000000,0.0000000000,-0.0000000000,-0.2665702842,0.0000000000,0.0000000000,-0.0000000000,-0.0000000000,0.0000000000,0.0000000000,-0.0000000000,-0.0000000000,-0.0463387724,-0.0000000000,0.0000000000,0.0000000000,-0.0000000000,-0.0000000000,-0.0000000000,0.0000000000,0.0000000000,0.0316614400,0.0000000000,-0.0532068432,-0.0000000000,-0.0000000000,-0.0570315030,-0.0000000000,-0.0000000000,-0.9706754000,-0.4185288362,-0.0000000000,-0.0000000000,-0.0000000000,-0.1459597344,-0.0000000000,-0.0000000000,-0.1649967122,-0.0000000000,-0.0000000000,-0.0000000000,-0.0000000000,-0.0000000000,0.0000000000,0.0000000000,-0.0000000000,0.0000000000,-0.0000000000,-0.0000000000,-0.0000000000,-0.0000000000,-0.3403082772,-0.0000000000,0.0000000000,-0.0000000000,0.0000000000,0.0000000000,0.0000000000,0.0000000000,0.0000000000,0.1819731250,-0.0000000000,0.0000000000,-0.0000000000,0.0000000000,-0.0000000000,-0.0000000000,-0.0000000000,-0.0000000000,0.0000000000,-0.0000000000,-0.0000000000,0.0000000000,-0.2324826659,-0.0000000000
-0.0000000000,-0.0000000000,-0.0000000000,0.0000000000,0.0000000000,-0.0000000000,3.6278611378,-0.4388760823,0.0000000000,-0.0714369320,-0.0000000000,-0.1658292176,-0.0000000000,-0.0000000000,-0.0000000000,-0.4433579292,-0.0000000000,-0.0000000000,-0.0000000000,-0.0000000000,-0.0000000000,-0.7426317399,-0.0000000000,-0.0000000000,0.0000000000,-0.0000000000,-0.0000000000,0.0000000000,-0.0789189338,-0.0000000000,-0.0000000000,0.0000000000,-0.0000000000,0.0000000000,-0.0000000000,0.0000000000,-0.0000000000,-0.0000000000,-0.1082032055,-0.0000000000,-0.0000000000,-0.0000000000,0.0000000000,-0.1779636361,0.0000000000,-0.0000000000,-0.0000000000,0.0000000000,-0.0171553082,-0.0000000000,-0.0000000000,-0.0000000000,-0.0000000000,0.0000000000,-0.0000000000,-0.0000000000,-0.3893515843,-0.0000000000,-0.0017797658,-0.0000000000,-0.0000000000,-0.0018214933,-0.0000000000,-0.0000000000,-0.1106413879,-0.0000000000,-0.3260054740,-0.2683917862,0.0000000000,0.0000000000,-0.0000000000,-0.1427261123,-0.0000000000,-0.3529571226,-0.1249307913,-0.0000000000,-0.0000000000,-0.0000000000,-0.0000000000,0.0000000000,0.0000000000,0.0000000000,0.0000000000,-0.1412031355,0.0586591853,0.0000000000,0.0766875633,0.0000000000,0.0000000000,0.0000000000,0.0000000000,0.0000000000,-0.0352578982,0.0000000000,-0.0000000000,-0.0000000000,-0.0000000000,0.0000000000,-0.0000000000,-0.0000000000
-0.0000000000,-0.5674632472,-0.2603084194,-0.0000000000,0.0000000000,-0.1873421626,-0.4388760823,5.1887924015,-0.1975513365,-0.3621903826,-0.0000000000,-0.0000000000,-0.0000000000,-0.0000000000,-0.0000000000,-0.0000000000,-0.0000000000,-0.1888542645,-0.0000000000,-0.0000000000,-0.0095882846,-0.0000000000,-0.0000000000,-0.1720972945,-0.0000000000,-0.0162169930,-0.0000000000,-0.0000000000,-0.5639899365,-0.0000000000,-0.0000000000,0.0000000000,-0.0000000000,-0.0000000000,-0.0000000000,0.0000000000,0.0000000000,-0.0000000000,-0.0000000000,-0.0000000000,0.0000000000,-0.0000000000,-0.0000000000,0.0000000000,0.1512940695,0.0000000000,0.0000000000,0.0000000000,0.0000000000,0.0000000000,-0.0889288478,-0.0000000000,-0.0000000000,0.0000000000,-0.0000000000,-0.0383887160,-1.4276625369,-1.0979872269,-0.0000000000,-0.0000000000,-0.0000000000,0.0000000000,-0.0000000000,-0.0000000000,-0.0464847300,-0.0000000000,-0.0000000000,-0.0126065014,-0.0000000000,-0.0000000000,-0.0000000000,-0.0041896672,-0.0000000000,-0.0000000000,-0.0368602780,-0.0000000000,-0.0000000000,-0.0000000000,-0.0000000000,0.0000000000,-0.0000000000,0.1265473453,-0.0000000000,-0.0000000000,0.0000000000,0.0000000000,0.0000000000,-0.0000000000,-0.0000000000,0.0000000000,0.0000000000,-0.0000000000,0.0000000000,0.0000000000,-0.0000000000,0.0000000000,0.0000000000,0.0000000000,0.0000000000,0.0282865572
0.0000000000,-0.1994513536,-0.0000000000,-0.0000000000,-0.2650654504,-0.3293600279,0.0000000000,-0.1975513365,4.4097118923,-0.0000000000,-0.0000000000,-0.0000000000,-0.0000000000,-0.0000000000,-0.0000000000,0.0000000000,-0.0000000000,-0.0000000000,-0.0000000000,-0.0000000000,-0.0395456490,0.0000000000,0.0000000000,-0.0000000000,-0.0000000000,-0.0000000000,0.0000000000,-0.0000000000,-0.0506717872,0.0000000000,0.0000000000,0.0000000000,0.0000000000,-0.0000000000,-0.0000000000,-0.1746017692,-0.0000000000,0.0000000000,-0.0000000000,0.1776019651,0.0000000000,-0.0000000000,0.0000000000,-0.0000000000,0.0000000000,0.0000000000,0.0000000000,0.0000000000,0.0000000000,-0.0000000000,-0.0000000000,-0.0000000000,-0.0000000000,-0.3550200728,-0.6723603824,-0.0000000000,-0.0000000000,-2.1854352544,-0.0000000000,-0.0000000000,-0.0000000000,0.0000000000,-0.0000000000,-0.0000000000,-0.0000000000,-0.0000000000,0.0000000000,-0.0000000000,0.0000000000,0.0000000000,-0.0000000000,0.0000000000,-0.0000000000,0.0000000000,0.0000000000,-0.0000000000,-0.1982824776,0.0000000000,0.0000000000,0.0000000000,0.0000000000,0.0000000000,0.0000000000,0.0000000000,0.0000000000,0.0861692316,-0.0000000000,0.0000000000,-0.1564298359,0.0000000000,0.0000000000,-0.0000000000,0.0000000000,0.0000000000,0.0000000000,0.0000000000,0.0000000000,0.0000000000,-0.0000000000,0.0000000000
-0.0000000000,-0.0000000000,-0.0000000000,-0.0000000000,-0.0000000000,-0.0000000000,-0.0714369320,-0.3621903826,-0.0000000000,3.3641883878,-0.3982380791,-0.5227367370,0.0000000000,-0.0000000000,-0.0000000000,0.0000000000,-0.0000000000,0.0000000000,-0.0000000000,0.0000000000,-0.0000000000,-0.0000000000,-0.0000000000,-0.2536545021,-0.3849452433,-0.1591670553,0.0575015334,-0.0000000000,-0.0000000000,-0.0000000000,-0.0000000000,-0.0000000000,-0.0000000000,0.0000000000,-0.0000000000,0.0000000000,0.0000000000,-0.0000000000,-0.1096998550,-0.0000000000,0.0000000000,-0.0860701489,-0.0355826746,-0.0000000000,0.0000000000,0.0000000000,0.0000000000,0.0000000000,-0.0000000000,0.0000000000,-0.0000000000,-0.0000000000,-0.0000000000,-0.0000000000,-0.2791965433,-0.0000000000,-0.0000000000,-0.1480234951,-0.7447032150,-0.0000000000,-0.0000000000,0.0000000000,0.0000000000,0.0000000000,-0.0000000000,0.0000000000,-0.0000000000,-0.0000000000,0.0000000000,0.0000000000,-0.0000000000,-0.0000000000,0.0000000000,-0.0000000000,-0.0000000000,-0.2659985363,-0.0000000000,-0.0000000000,-0.0000000000,-0.0000000000,-0.0000000000,0.0000000000,0.0000000000,-0.0000000000,0.1903968202,0.0000000000,0.0000000000,-0.0000000000,-0.0000000000,0.0000000000,0.0000000000,0.0000000000,-0.0000000000,-0.0000000000,-0.0000000000,-0.0000000000,-0.0000000000,0.0000000000,-0.0000000000,0.0000000000
-0.0000000000,0.0000000000,-0.0000000000,-0.0000000000,-0.0000000000,-0.0000000000,-0.0000000000,-0.0000000000,-0.0000000000,-0.3982380791,3.1273763344,-0.8541824455,-0.0000000000,-0.0000000000,-0.0000000000,0.0305512260,0.0000000000,-0.0000000000,-0.0000000000,-0.0000000000,-0.0000000000,0.0000000000,0.0000000000,-0.0000000000,0.0000000000,-0.0279449763,0.0000000000,-0.0000000000,-0.0000000000,0.0000000000,0.0000000000,0.0000000000,0.0000000000,0.0444412367,0.0021773984,0.0000000000,0.0000000000,-0.0000000000,-0.0000000000,0.0000000000,0.0000000000,-0.0000000000,0.0000000000,-0.1866502262,0.0000000000,-0.0000000000,0.0000000000,0.0000000000,-0.0000000000,-0.0000000000,0.0000000000,0.0000000000,-0.0000000000,-0.0000000000,-0.0000000000,-0.1052376887,-0.0000000000,-0.0083927237,-0.1819346395,-0.8334053255,-0.3076908376,-0.0000000000,0.0000000000,0.0000000000,-0.0000000000,-0.0000000000,0.0000000000,0.0000000000,0.0000000000,0.0108288908,-0.0000000000,0.0000000000,0.0000000000,-0.0000000000,-0.0000000000,-0.3103158707,-0.0000000000,0.0000000000,0.0000000000,0.0000000000,0.0000000000,0.0000000000,0.0000000000,0.0000000000,0.0000000000,0.1898791089,0.0000000000,-0.0000000000,-0.0000000000,0.0000000000,0.0000000000,0.0000000000,0.0000000000,0.0000000000,0.0000000000,-0.0000000000,-0.0000000000,0.0000000000,-0.0000000000,0.0000000000
-0.0000000000,-0.0000000000,-0.0138149637,0.0000000000,0.0000000000,-0.0000000000,-0.1658292176,-0.0000000000,-0.0000000000,-0.5227367370,-0.8541824455,4.0567094019,-0.0000000000,-0.0000000000,-0.0000000000,-0.0000000000,-0.1583129518,-0.0000000000,-0.0000000000,0.0000000000,-0.0000000000,-0.0000000000,-0.0000000000,-0.0000000000,0.0000000000,-0.9847555153,0.0000000000,-0.0000000000,-0.0000000000,-0.0000000000,0.0000000000,0.0000000000,0.0000000000,0.0000000000,0.0000000000,0.0000000000,0.0000833790,0.0000000000,-0.0000000000,-0.0000000000,0.0000000000,-0.0000000000,0.0000000000,-0.0000000000,0.0000000000,0.0000000000,0.0000000000,0.0000000000,0.0000000000,0.0000000000,0.0000000000,0.0000000000,-0.0000000000,0.0000000000,-0.0000000000,-0.1498898105,-0.0196202285,-0.3402963460,-0.0000000000,-0.0000000000,-0.8971450189,-0.0000000000,0.0000000000,-0.0000000000,-0.0000000000,-0.0000000000,-0.0000000000,-0.0000000000,0.0000000000,0.0000000000,-0.0000000000,-0.0000000000,0.0000000000,-0.0000000000,-0.0000000000,-0.2295309418,-0.0000000000,-0.0000000000,0.0000000000,0.0000000000,0.0000000000,0.0620074021,0.0000000000,-0.0000000000,0.0000000000,0.0000000000,0.2479055407,-0.0000000000,0.0000000000,0.0000000000,0.0000000000,0.0000000000,0.0000000000,0.0000000000,-0.0222335645,-0.0000000000,0.0000000000,0.0000000000,0.0000000000,0.0000000000
-0.0000000000,0.0000000000,-0.0000000000,0.0000000000,-0.0000000000,-0.0464264815,-0.0000000000,-0.0000000000,-0.0000000000,0.0000000000,-0.0000000000,-0.0000000000,5.0598386269,-0.2875051575,-0.0000000000,0.0000000000,-0.5450567073,-0.0000000000,-0.0771155333,0.0000000000,-0.0000000000,-0.2595240265,-0.0000000000,0.0000000000,0.0000000000,-0.0000000000,0.0000000000,-0.0000000000,-0.0000000000,-0.0000000000,0.0000000000,0.0000000000,-0.0000000000,0.0000000000,0.0000000000,-0.0000000000,-0.0000000000,0.0000000000,0.0000000000,0.0201612093,0.0000000000,0.0000000000,0.0000000000,-0.0000000000,-0.0000000000,0.0000000000,-0.0000000000,0.0000000000,-0.0000000000,-0.0000000000,-0.0000000000,-0.0000000000,-0.0000000000,-0.0000000000,-0.0000000000,-0.0000000000,-0.0000000000,-0.0000000000,-0.0000000000,-0.2804666896,-0.5925383564,-2.0317502148,-1.0397610036,-0.0000000000,-0.0811229628,-0.0000000000,0.0000000000,-0.0000000000,0.0000000000,0.0000000000,-0.0000000000,-0.0000000000,-0.0000000000,-0.0000000000,-0.0000000000,0.0000000000,-0.0000000000,-0.0000000000,0.0000000000,0.0000000000,0.3241322142,-0.2179430113,0.0000000000,-0.0000000000,-0.0000000000,-0.0000000000,-0.0000000000,-0.0000000000,-0.0000000000,-0.0000000000,-0.0000000000,0.0000000000,-0.0000000000,0.0000000000,-0.0000000000,-0.1965258995,-0.0000000000,-0.0000000000,-0.0000000000,-0.0000000000
-0.0000000000,0.0000000000,-0.0000000000,0.0000000000,0.2940476640,-0.0000000000,-0.0000000000,-0.0000000000,-0.0000000000,-0.0000000000,-0.0000000000,-0.0000000000,-0.2875051575,5.6038918009,-1.0222222871,0.0706256604,-0.0000000000,-0.0000000000,-1.1270622907,0.0000000000,-0.4186139622,-0.0000000000,-0.0000000000,0.1470858151,0.0000000000,-0.0000000000,0.1735356272,0.0000000000,-0.0000000000,-0.0987544738,0.0000000000,0.0000000000,-0.0000000000,0.0000000000,0.0000000000,0.0000000000,0.0000000000,0.0000000000,0.0000000000,0.1385046513,0.0000000000,0.0000000000,0.0000000000,0.0000000000,0.0000000000,0.0000000000,-0.0000000000,0.0000000000,-0.0000000000,0.0000000000,-0.0000000000,-0.0000000000,-0.0000000000,0.0000000000,-0.0000000000,-0.0000000000,-0.0000000000,-0.0000000000,-0.0000000000,-0.0000000000,-0.3069554100,-0.0000000000,-0.0434353975,-1.1920513169,-0.4681994032,-0.7993739268,0.0000000000,-0.0000000000,0.0000000000,0.0000000000,-0.0000000000,-0.0000000000,-0.0000000000,-0.0000000000,0.0000000000,0.0000000000,-0.1256239341,-0.0000000000,0.0000000000,0.0000000000,0.0000000000,-0.0000000000,-0.0000000000,-0.0000000000,0.0000000000,-0.0000000000,0.0000000000,-0.0000000000,0.0000000000,-0.0000000000,-0.0000000000,0.0000000000,-0.0000000000,0.0000000000,-0.0000000000,-0.0000000000,0.0000000000,-0.0000000000,-0.0000000000,0.0000000000
-0.1156887722,0.0000000000,0.0000000000,0.0000000000,0.0000000000,-0.0000000000,-0.0000000000,-0.0000000000,-0.0000000000,-0.0000000000,-0.0000000000,-0.0000000000,-0.0000000000,-1.0222222871,5.8594722271,0.0000000000,-0.0000000000,-0.0000000000,-0.0000000000,-0.0000000000,-0.7101160322,-0.0000000000,-0.2304609408,0.0596680289,0.0000000000,0.0000000000,0.0000000000,0.0000000000,-0.0000000000,-0.0000000000,0.0000000000,0.0000000000,-0.0000000000,0.0000000000,0.0000000000,0.0000000000,0.0000000000,0.0000000000,-0.0000000000,0.0000000000,0.0000000000,0.0000000000,0.0000000000,-0.0000000000,-0.0000000000,0.0000000000,-0.0000000000,-0.0000000000,-0.0000000000,-0.0000000000,-0.0000000000,-0.0000000000,-0.0000000000,0.0000000000,-0.0000000000,-0.0000000000,-0.0000000000,-0.0000000000,-0.0763276324,-0.0000000000,-0.0000000000,-0.0000000000,-0.1316720042,-0.2956935053,-0.1229828671,-2.6288818833,-0.0000000000,-0.0000000000,0.0000000000,0.0000000000,-0.1445202397,0.0000000000,-0.3558580575,-0.0000000000,0.0000000000,0.0000000000,-0.1785775024,-0.0000000000,0.0000000000,0.1567238556,0.0321566352,-0.0000000000,0.0000000000,0.0000000000,0.1957881752,-0.0000000000,0.0000000000,0.0000000000,0.0000000000,0.0000000000,-0.0000000000,0.0000000000,-0.0000000000,0.0000000000,0.0000000000,-0.0000000000,0.0000000000,-0.0000000000,-0.1199330547,-0.0000000000
-0.3699526033,-0.0498993612,-0.3395550211,-0.0000000000,0.0000000000,-0.0000000000,-0.4433579292,-0.0000000000,0.0000000000,0.0000000000,0.0305512260,-0.0000000000,0.0000000000,0.0706256604,0.0000000000,3.1094431028,-0.0593697690,-0.5460881268,0.0000000000,-0.0000000000,0.0000000000,-0.0135360605,-0.0000000000,-0.0000000000,0.0000000000,0.0000000000,-0.0000000000,0.0000000000,0.0000000000,-0.0000000000,-0.0000000000,-0.0000000000,-0.5117335569,-0.0252597538,-0.1838113940,-0.0000000000,-0.0000000000,-0.0547450175,-0.0000000000,-0.6776903503,-0.0000000000,0.0000000000,0.0000000000,-0.0000000000,0.0000000000,-0.0000000000,-0.0000000000,-0.0000000000,-0.0000000000,0.0000000000,-0.4403702561,-0.1649690313,-0.0000000000,0.0000000000,-0.0000000000,-0.0000000000,0.0000000000,0.0000000000,0.0000000000,0.0000000000,0.0000000000,0.0000000000,0.0000000000,0.0000000000,0.0000000000,0.0000000000,-0.0000000000,0.0000000000,0.0000000000,0.0000000000,0.0000000000,-0.0000000000,-0.0000000000,-0.0000000000,-0.0000000000,0.1462387281,0.0000000000,0.0000000000,0.0000000000,-0.0000000000,0.0000000000,0.0000000000,0.0000000000,-0.0000000000,0.0602364898,0.0000000000,0.0730746736,0.0000000000,0.0000000000,0.1296272700,0.0000000000,-0.0000000000,-0.0000000000,-0.0000000000,0.0000000000,0.0000000000,0.0000000000,0.0964366072,-0.0000000000,0.0000000000
0.0000000000,-0.0000000000,-0.2178493777,0.0000000000,-0.0000000000,-0.0000000000,-0.0000000000,-0.0000000000,-0.0000000000,-0.0000000000,0.0000000000,-0.1583129518,-0.5450567073,-0.0000000000,-0.0000000000,-0.0593697690,2.8098513370,-0.0000000000,-0.8501803583,0.0000000000,-0.0000000000,-0.2708780154,-0.0000000000,-0.0000000000,0.0000000000,-0.2018778686,0.0000000000,-0.1153432830,-0.0205091532,-0.0000000000,0.0000000000,-0.2218915406,-0.0000000000,-0.3801227681,-0.4169687674,0.0000000000,-0.0000000000,0.0000000000,0.3013167747,0.0000000000,0.0122904526,0.1342790149,0.0000000000,0.0000000000,0.0000000000,0.0000000000,0.0000000000,0.0000000000,0.0000000000,0.0000000000,-0.0000000000,-0.0000000000,0.0000000000,0.0000000000,-0.0000000000,0.0000000000,0.0000000000,-0.0000000000,-0.0000000000,-0.0000000000,-0.0000000000,-0.0000000000,-0.0000000000,-0.0000000000,-0.0000000000,0.0000000000,0.0000000000,-0.0956531180,-0.0000000000,0.0000000000,0.0000000000,-0.0000000000,0.0000000000,-0.0000000000,-0.0000000000,0.0000000000,-0.0000000000,-0.0000000000,0.1166170077,-0.0000000000,0.0000000000,-0.0000000000,0.0000000000,-0.1739224059,0.0000000000,-0.0000000000,0.0000000000,-0.0000000000,0.0000000000,0.0000000000,0.0000000000,0.0000000000,0.0000000000,0.0000000000,0.0000000000,0.0000000000,0.0000000000,0.2278055645,0.0000000000,0.0090064848
-0.0000000000,-0.0000000000,-0.0000000000,-0.0000000000,-0.0000000000,-0.0000000000,-0.0000000000,-0.1888542645,-0.0000000000,0.0000000000,-0.0000000000,-0.0000000000,-0.0000000000,-0.0000000000,-0.0000000000,-0.5460881268,-0.0000000000,3.7993532536,-0.1566276070,-0.8194906036,-0.0000000000,-0.1325182415,-0.0000000000,0.0000000000,0.0000000000,-0.0000000000,-0.2310080002,-0.0000000000,-0.0000000000,-0.0000000000,-0.0000000000,0.0000000000,-0.0000000000,-1.1614290029,-0.0000000000,-0.0000000000,-0.0000000000,-0.0000000000,-0.0000000000,-0.0000000000,-0.0000000000,0.0000000000,0.0000000000,-0.0000000000,-0.0907606269,-0.0000000000,-0.0000000000,-0.0000000000,-0.0000000000,-0.0000000000,-0.0000000000,-0.3275468863,-0.0391621705,-0.0000000000,-0.0000000000,-0.0000000000,-0.0000000000,-0.0000000000,-0.0000000000,0.0000000000,-0.0000000000,0.0000000000,0.0000000000,-0.0000000000,-0.0000000000,0.0000000000,-0.0000000000,-0.0000000000,0.0000000000,-0.9023752513,-0.0000000000,-0.0000000000,-0.0000000000,-0.0000000000,0.0000000000,0.0000000000,0.0000000000,0.0000000000,0.0000000000,-0.0000000000,0.3218014942,0.0000000000,0.0000000000,-0.0000000000,0.0000000000,0.0000000000,0.3336098104,0.0000000000,-0.0000000000,0.0778997191,0.0000000000,0.0000000000,0.0000000000,0.0000000000,0.0000000000,0.0000000000,0.0354397111,0.0000000000,-0.0000000000,0.0000000000
0.0000000000,-0.0000000000,-0.0000000000,0.0000000000,0.0000000000,-0.0000000000,-0.0000000000,-0.0000000000,-0.0000000000,-0.0000000000,-0.0000000000,-0.0000000000,-0.0771155333,-1.1270622907,-0.0000000000,0.0000000000,-0.8501803583,-0.1566276070,3.3674413752,0.0000000000,-0.4920662831,-0.1206514282,-0.0000000000,0.0000000000,0.0000000000,-0.0000000000,0.3000885809,-0.0000000000,-0.0000000000,-0.0000000000,0.0000000000,-0.0000000000,-0.0000000000,-0.0000000000,-0.0000000000,0.0000000000,0.0000000000,-0.0000000000,0.0000000000,0.0000000000,0.0000000000,0.0000000000,-0.0000000000,0.0000000000,-0.0000000000,0.0589058458,0.0000000000,0.0000000000,-0.0000000000,0.0000000000,-0.0000000000,-0.0000000000,-0.0000000000,0.0000000000,-0.0000000000,-0.0000000000,-0.0000000000,-0.0156675690,-0.0000000000,-0.0000000000,-0.1582946048,-0.0000000000,-0.0000000000,-0.0919207609,-0.0000000000,-0.0000000000,0.0000000000,-0.3051584449,0.0000000000,0.0000000000,-0.0000000000,-0.0000000000,0.0000000000,-0.0000000000,-0.0000000000,0.0000000000,-0.0000000000,-0.0000000000,0.0000000000,0.0000000000,0.0134898488,-0.0000000000,0.0000000000,-0.0267468875,0.0235467507,-0.0000000000,0.0147442168,0.0000000000,0.0000000000,0.0000000000,0.0000000000,0.0000000000,0.0000000000,0.1486944081,-0.0000000000,0.0000000000,0.0000000000,0.0000000000,0.0000000000,0.0000000000
-0.0009771119,-0.0000000000,0.0000000000,0.0000000000,-0.0000000000,-0.0000000000,-0.0000000000,-0.0000000000,-0.0000000000,0.0000000000,-0.0000000000,0.0000000000,0.0000000000,0.0000000000,-0.0000000000,-0.0000000000,0.0000000000,-0.8194906036,0.0000000000,3.6181297537,-0.0000000000,-0.0000000000,-0.0000000000,-0.0000000000,-0.0000000000,0.0000000000,-0.1192282813,-0.0000000000,-0.0338021521,-0.0000000000,0.0000000000,0.0000000000,-0.0000000000,-0.0000000000,-0.0000000000,-0.8281407405,-0.0000000000,-0.0000000000,-0.0000000000,-0.0000000000,-0.0000000000,-0.0000000000,0.0712800935,-0.0000000000,0.0000000000,0.0000000000,-0.0000000000,-0.6329640169,-0.0000000000,0.0000000000,-0.0000000000,-0.3988667571,-0.0000000000,-0.0000000000,-0.0000000000,0.0000000000,-0.0000000000,-0.0000000000,-0.0000000000,0.0000000000,0.0000000000,0.0000000000,0.0000000000,-0.0000000000,0.0000000000,-0.0000000000,-0.0000000000,0.0000000000,0.0000000000,-0.0000000000,-0.9227779697,0.0000000000,-0.0000000000,0.0000000000,0.0000000000,0.0000000000,-0.0000000000,0.0000000000,0.0000000000,0.0000000000,0.0000000000,0.0000000000,0.0970846614,0.1680327789,0.0000000000,0.0000000000,0.0000000000,0.0000000000,-0.2668130897,0.0931943048,-0.0000000000,-0.0000000000,-0.0000000000,-0.0000000000,0.1193700085,0.0000000000,0.0659700901,-0.0000000000,-0.2470358449,-0.0000000000
-0.0000000000,0.0000000000,-0.0000000000,0.0000000000,0.0000000000,-0.1383489863,-0.0000000000,-0.0095882846,-0.0395456490,-0.0000000000,-0.0000000000,-0.0000000000,-0.0000000000,-0.4186139622,-0.7101160322,0.0000000000,-0.0000000000,-0.0000000000,-0.4920662831,-0.0000000000,4.1413756198,0.0000000000,-0.0000000000,0.0000000000,0.0000000000,-0.0000000000,0.0000000000,-0.0000000000,-0.4136631260,-0.0000000000,0.0203199651,0.0000000000,0.0000000000,0.0000000000,0.0000000000,0.0000000000,0.0000000000,-0.0000000000,0.0000000000,0.0121037875,0.0139635218,-0.0000000000,0.0000000000,-0.0000000000,0.0000000000,0.0000000000,0.1566503127,0.0000000000,-0.0000000000,0.0000000000,-0.0000000000,-0.0000000000,-0.0000000000,0.0000000000,-0.0000000000,-0.0000000000,-0.0000000000,-0.1257274564,-0.0000000000,-0.3576393249,-0.0000000000,-0.0000000000,-0.0000000000,-0.0340764256,-0.6010940929,-0.0000000000,0.0000000000,-0.1113983405,-0.0000000000,-0.0000000000,-0.9161253289,0.0000000000,-0.0000000000,-0.0000000000,-0.0000000000,-0.0000000000,-0.0000000000,0.0000000000,0.0549660544,0.0000000000,0.0000000000,-0.0000000000,0.0000000000,0.0000000000,0.1659412327,0.0000000000,0.0000000000,-0.0000000000,-0.0000000000,0.0000000000,-0.0000000000,0.0000000000,-0.0000000000,0.0000000000,0.0000000000,-0.0000000000,0.0000000000,0.0000000000,-0.0000000000,0.0000000000
-0.0000000000,-0.0000000000,-0.0000000000,0.0000000000,0.0728033982,0.0000000000,-0.7426317399,-0.0000000000,0.0000000000,-0.0000000000,0.0000000000,-0.0000000000,-0.2595240265,-0.0000000000,-0.0000000000,-0.0135360605,-0.2708780154,-0.1325182415,-0.1206514282,-0.0000000000,0.0000000000,3.1411588252,-0.5424816490,-0.0000000000,0.0000000000,-0.0000000000,-0.0967589440,0.0000000000,-0.0000000000,-0.0815814512,-0.0000000000,0.0000000000,-0.0000000000,-0.0000000000,-0.2070799540,0.0000000000,0.0000000000,0.0000000000,-0.0000000000,-0.0000000000,-0.0000000000,0.0000000000,0.0000000000,-0.0000000000,-0.0000000000,0.0000000000,-0.1596292949,-0.0409114777,-0.0000000000,-0.0000000000,-0.0000000000,-0.0000000000,-0.0000000000,0.0000000000,0.0000000000,0.0000000000,-0.0000000000,0.0000000000,-0.0000000000,-0.0000000000,-0.0000000000,-0.1889458881,-0.0007578213,-0.0000000000,-0.0000000000,-0.0000000000,-0.0000000000,-0.0000000000,0.0000000000,-0.0000000000,-0.0000000000,-0.6283356509,-0.0000000000,-0.0000000000,-0.0000000000,0.0000000000,0.0000000000,-0.0000000000,-0.0000000000,0.0000000000,0.0000000000,-0.0000000000,0.0000000000,-0.0000000000,0.0000000000,-0.2066714250,0.0317240828,0.0000000000,0.0000000000,0.0000000000,0.0000000000,0.0534426254,-0.0000000000,0.0000000000,-0.0000000000,-0.0000000000,0.1902011875,-0.0000000000,-0.0000000000,0.0000000000
-0.0000000000,-0.0000000000,0.0000000000,0.0000000000,0.0000000000,0.0000000000,-0.0000000000,-0.0000000000,0.0000000000,-0.0000000000,0.0000000000,-0.0000000000,-0.0000000000,-0.0000000000,-0.2304609408,-0.0000000000,-0.0000000000,-0.0000000000,-0.0000000000,-0.0000000000,-0.0000000000,-0.5424816490,3.4061975451,0.0000000000,0.0000000000,-0.0000000000,-0.0492582965,-0.0000000000,-0.0000000000,-0.8992728861,-0.0000000000,0.0000000000,-0.0000000000,-0.0000000000,-0.0000000000,0.0000000000,0.0000000000,-0.0000000000,0.0000000000,-0.0000000000,0.0000000000,0.0000000000,0.0000000000,-0.0000000000,-0.0000000000,0.0000000000,-0.1651064948,-0.3707495323,-0.0000000000,0.0000000000,-0.0000000000,-0.0000000000,-0.0000000000,-0.0000000000,0.0000000000,0.0000000000,-0.0000000000,0.0000000000,-0.0000000000,-0.0000000000,-0.0000000000,-0.0000000000,-0.0000000000,-0.0000000000,-0.0000000000,-0.0000000000,-0.0000000000,-0.0000000000,-0.0000000000,-0.2174763376,-0.1800460681,-0.0000000000,-0.9642836673,-0.0000000000,-0.0000000000,-0.0000000000,-0.0000000000,-0.0849263984,-0.0000000000,0.0000000000,0.0000000000,-0.0000000000,-0.0000000000,-0.0463061630,0.0000000000,-0.0000000000,0.0000000000,-0.0000000000,-0.0000000000,0.0000000000,0.0000000000,0.0000000000,-0.0000000000,0.0000000000,-0.0000000000,0.0000000000,0.0000000000,-0.0000000000,-0.0000000000,0.0000000000
-0.0000000000,-0.3203241901,-0.0000000000,-0.0000000000,-0.0000000000,-0.0000000000,-0.0000000000,-0.1720972945,-0.0000000000,-0.2536545021,-0.0000000000,-0.0000000000,0.0000000000,0.1470858151,0.0596680289,-0.0000000000,-0.0000000000,0.0000000000,0.0000000000,-0.0000000000,0.0000000000,-0.0000000000,0.0000000000,3.2914967314,-0.0000000000,-0.0000000000,-0.1003736148,-0.0664943634,-0.0000000000,0.0000000000,-0.0005334851,-0.0000000000,-0.0000000000,0.0000000000,-0.3495201593,0.0000000000,-0.0000000000,-0.0621255928,-0.0000000000,-1.0657248790,-0.0000000000,-0.2101411869,-0.0000000000,-0.0000000000,-0.0000000000,-0.0000000000,0.0000000000,0.0000000000,0.0000000000,0.0000000000,-0.0000000000,-0.0000000000,-0.0938782513,-0.0000000000,-0.0000000000,-0.0000000000,-0.0000000000,-0.0841572072,-0.0000000000,-0.0000000000,-0.0000000000,0.0000000000,0.3356692598,0.1767931914,-0.0000000000,0.0879709916,-0.0000000000,0.0000000000,0.0000000000,0.0000000000,0.0000000000,-0.0000000000,0.0000000000,-0.1212807349,-0.8601840549,-0.0648738323,-0.0000000000,-0.0000000000,-0.0210026723,-0.0000000000,-0.1599544550,0.0979620392,-0.0000000000,-0.0000000000,-0.0000000000,0.0000000000,-0.0000000000,-0.0000000000,-0.0000000000,-0.0000000000,0.0000000000,-0.0000000000,0.0000000000,-0.0000000000,-0.0000000000,-0.0000000000,-0.0000000000,0.2637671955,0.0000000000,0.0000000000
-0.0000000000,-0.0000000000,0.4310001829,-0.0000000000,-0.0000000000,-0.0000000000,0.0000000000,-0.0000000000,-0.0000000000,-0.3849452433,0.0000000000,0.0000000000,0.0000000000,0.0000000000,0.0000000000,0.0000000000,0.0000000000,0.0000000000,0.0000000000,-0.0000000000,0.0000000000,0.0000000000,0.0000000000,-0.0000000000,2.2392258643,-0.0000000000,0.0000000000,-0.0578308608,-0.0000000000,-0.0000000000,-0.0000000000,-0.0000000000,0.0000000000,0.0000000000,-0.0000000000,0.0000000000,0.0000000000,-0.0000000000,-0.0000000000,0.0000000000,0.0000000000,-0.5178290552,-0.2896497856,0.0000000000,0.0000000000,0.0774420348,0.0000000000,0.0000000000,-0.0000000000,0.0386382125,0.0447854769,0.0000000000,-0.0000000000,0.0000000000,0.0000000000,0.0000000000,-0.0000000000,-0.0000000000,-0.0372312546,0.0164475495,0.0000000000,0.0515619532,0.0000000000,0.0000000000,0.0000000000,0.0000000000,-0.0000000000,0.0000000000,-0.0000000000,-0.0000000000,-0.0000000000,0.0000000000,-0.0000000000,0.0000000000,-0.0000000000,-0.7495476725,-0.0000000000,-0.0000000000,-0.0000000000,0.0000000000,-0.0926196798,0.0000000000,-0.0000000000,0.0000000000,0.0000000000,-0.0000000000,0.0000000000,-0.0000000000,-0.0000000000,0.0000000000,0.0000000000,-0.1052041525,-0.0000000000,-0.3300493638,-0.0000000000,0.0000000000,0.0000000000,-0.0000000000,-0.0000000000,0.0116967707
0.0000000000,0.0000000000,-0.0000000000,0.0000000000,0.0000000000,0.0000000000,-0.0000000000,-0.0162169930,-0.0000000000,-0.1591670553,-0.0279449763,-0.9847555153,-0.0000000000,-0.0000000000,0.0000000000,0.0000000000,-0.2018778686,-0.0000000000,-0.0000000000,0.0000000000,-0.0000000000,-0.0000000000,-0.0000000000,-0.0000000000,-0.0000000000,2.9648129997,0.0000000000,-0.0798921927,-0.0000000000,-0.0348161105,0.0284907048,0.0000000000,0.0541483064,0.0000000000,-0.0000000000,0.0000000000,0.0000000000,0.0000000000,-0.0000000000,0.0000000000,0.2136671291,-0.0000000000,-0.3545421831,-0.0000000000,0.0758987941,0.0000000000,0.3992871827,0.0000000000,0.0000000000,0.0000000000,0.0000000000,0.0782819440,0.0000000000,0.0953402882,0.0000000000,-0.0000000000,-0.0000000000,-0.1063728395,-0.0000000000,-0.0183892268,-0.0000000000,0.0000000000,0.0000000000,-0.0000000000,-0.0000000000,0.0000000000,0.0000000000,-0.0000000000,-0.0000000000,0.0000000000,-0.0000000000,-0.0000000000,0.0000000000,-0.0000000000,-0.6158868145,-0.5466995685,-0.0000000000,-0.0000000000,0.0000000000,0.0000000000,-0.0000000000,0.0000000000,-0.0000000000,-0.0000000000,-0.0000000000,0.0000000000,0.0000000000,-0.0952229247,-0.0000000000,-0.0000000000,0.1945401945,0.2073736676,0.1137556630,0.0000000000,-0.1210901501,0.0000000000,0.0000000000,0.0000000000,0.0000000000,0.0000000000
-0.0000000000,0.0000000000,0.0000000000,-0.0000000000,-0.0000000000,0.0000000000,-0.0000000000,-0.0000000000,0.0000000000,0.0575015334,0.0000000000,0.0000000000,0.0000000000,0.1735356272,0.0000000000,-0.0000000000,0.0000000000,-0.2310080002,0.3000885809,-0.1192282813,0.0000000000,-0.0967589440,-0.0492582965,-0.1003736148,0.0000000000,0.0000000000,2.1106097660,-0.3217836166,-0.0000000000,-0.0000000000,-0.0000000000,0.0000000000,-0.0000000000,-0.0412220626,-0.2648322974,-0.0000000000,-0.0000000000,0.0000000000,0.0000000000,-0.0932354973,-0.0000000000,-0.0000000000,0.3150140687,-0.0000000000,-0.1042653651,-0.4581586931,-0.0706690023,-0.2940868746,0.0000000000,0.0000000000,-0.0000000000,0.0000000000,-0.0000000000,-0.0000000000,0.0000000000,0.0139006545,-0.0000000000,0.0000000000,0.0000000000,0.0627687646,0.0000000000,0.0000000000,0.0000000000,0.2485677109,0.0000000000,0.0000000000,-0.0000000000,0.0000000000,0.0000000000,-0.0000000000,0.0000000000,-0.0000000000,-0.2006902069,0.0000000000,-0.0000000000,-0.0000000000,0.0000000000,-0.0853967048,-0.1462776662,-0.0000000000,0.0000000000,0.2782944159,0.0000000000,0.0000000000,-0.2725812454,0.0000000000,0.0000000000,-0.0000000000,0.0000000000,0.2736073286,0.0878013374,-0.0000000000,0.0000000000,-0.0000000000,0.0000000000,0.0000000000,0.0000000000,0.0000000000,0.0000000000,0.0000000000
0.0000000000,-0.0000000000,0.0000000000,-0.0000000000,-0.4478972885,-0.0000000000,0.0000000000,-0.0000000000,-0.0000000000,-0.0000000000,-0.0000000000,-0.0000000000,-0.0000000000,0.0000000000,0.0000000000,0.0000000000,-0.1153432830,-0.0000000000,-0.0000000000,-0.0000000000,-0.0000000000,0.0000000000,-0.0000000000,-0.0664943634,-0.0578308608,-0.0798921927,-0.3217836166,2.6077077732,-0.0582276974,-0.1002007009,0.0000000000,-0.0465168873,0.0000000000,-0.3800592585,-0.0000000000,-0.0000000000,-0.0390412566,-0.0000000000,0.0851191964,0.0000000000,0.0401663769,-0.0384760848,0.1086098639,0.0000000000,0.0000000000,0.0000000000,0.0000000000,0.0000000000,0.0000000000,0.0000000000,0.0000000000,-0.0000000000,-0.0000000000,-0.0000000000,-0.0000000000,0.0000000000,-0.0000000000,-0.0000000000,-0.0000000000,-0.0000000000,0.0000000000,0.0000000000,0.0000000000,0.0000000000,0.0000000000,0.0000000000,0.0000000000,-0.0000000000,-0.1749438267,-0.0000000000,-0.0000000000,-0.0000000000,0.0000000000,0.0000000000,-0.3238790060,-0.0000000000,-0.0000000000,-0.2677169121,-0.0000000000,-0.0000000000,-0.0000000000,0.0000000000,-0.0000000000,-0.0000000000,-0.0939588491,0.0000000000,-0.3324746218,-0.5337385790,-0.1223854348,0.1723589348,0.0000000000,-0.0000000000,0.0000000000,-0.0000000000,-0.0000000000,0.0000000000,0.0000000000,0.0000000000,0.0000000000,0.0000000000
-0.0736956480,-0.0000000000,-0.0000000000,-0.0000000000,-0.0000000000,-0.2665702842,-0.0789189338,-0.5639899365,-0.0506717872,-0.0000000000,-0.0000000000,-0.0000000000,-0.0000000000,-0.0000000000,-0.0000000000,0.0000000000,-0.0205091532,-0.0000000000,-0.0000000000,-0.0338021521,-0.4136631260,-0.0000000000,-0.0000000000,-0.0000000000,-0.0000000000,-0.0000000000,-0.0000000000,-0.0582276974,4.2289329536,-0.0000000000,0.0000000000,-0.0000000000,0.0000000000,-0.0000000000,-0.0000000000,-0.0000000000,-0.0000000000,-0.0000000000,0.0000000000,0.0000000000,0.0000000000,-0.0000000000,0.0000000000,0.0000000000,0.2175617216,0.0000000000,0.0000000000,0.0000000000,0.0000000000,0.0000000000,-0.0473150486,-0.0101553720,-0.0000000000,0.0000000000,-0.0000000000,-0.0000000000,-0.0000000000,-0.0000000000,-0.0000000000,-0.0000000000,-0.0000000000,-0.0000000000,-0.0000000000,-0.0000000000,-0.0000000000,-0.0000000000,-0.0000000000,-0.0218275622,-0.0000000000,0.0000000000,-0.7741787845,-0.0000000000,-0.0000000000,-0.1390060096,-0.3396314788,-0.0000000000,-1.4420147750,-0.1317148797,0.0000000000,0.0000000000,-0.0000000000,-0.0000000000,0.0000000000,-0.0000000000,-0.0000000000,0.0000000000,-0.0000000000,-0.0000000000,-0.0266162168,0.0000000000,-0.0000000000,-0.0000000000,-0.0000000000,-0.0000000000,0.0000000000,0.0000000000,-0.0000000000,-0.0000000000,-0.0000000000,0.0000000000
