0,1,2,3,4,5,6,7,8,9,10,11,12,13,14,15,16,17,18,19,20,21,22,23,24,25,26,27,28,29,30,31,32,33,34,35,36,37,38,39,40,41,42,43,44,45,46,47,48,49,50,51,52,53,54,55,56,57,58,59,60,61,62,63,64,65,66,67,68,69,70,71,72,73,74,75,76,77,78,79,80,81,82,83,84,85,86,87,88,89,90,91,92,93,94,95,96,97,98,99
1.3289734996,-0.0000000000,-0.0000000000,0.0000000000,0.0000000000,-0.0000000000,0.0000000000,0.0000000000,0.0000000000,-0.0000000000,-0.0000000000,-0.0000000000,0.0000000000,0.0104715853,0.0000000000,-0.0580335117,0.0000000000,-0.0000000000,0.0000000000,-0.0000000000,0.0000000000,0.0000000000,-0.0358906839,-0.0000000000,-0.2220635180,-0.0709716561,0.0119519786,0.0096772871,0.0000000000,-0.0000000000,0.0000000000,-0.0000000000,0.0000000000,-0.0000000000,0.0000000000,0.0000000000,0.0000000000,-0.0000000000,0.0000000000,-0.0000000000,-0.0000000000,0.0000000000,0.0000000000,0.0000000000,0.0000000000,0.0000000000,0.0000000000,0.0000000000,-0.0000000000,-0.0000000000,-0.1706584896,-0.2215606994,0.0000000000,-0.0000000000,0.0000000000,-0.0000000000,-0.0000000000,0.0000000000,-0.0000000000,-0.1394735398,0.1775404551,0.0000000000,0.0000000000,0.0000000000,0.0778250359,0.0000000000,0.0000000000,0.0000000000,0.0073891391,0.0589536311,0.0000000000,0.0052557830,-0.0000000000,0.0000000000,0.0000000000,-0.0000000000,0.0000000000,-0.0000000000,-0.0000000000,-0.0836976013,0.0167097817,0.0636598589,0.0000000000,0.0000000000,0.0000000000,0.0000000000,-0.0044121736,0.0000000000,0.0000000000,0.0000000000,0.0000000000,-0.0451970919,0.0000000000,0.0000000000,0.0000000000,0.0000000000,0.2724505270,-0.0000000000,-0.0000000000,-0.0000000000
-0.0000000000,2.4855268352,-0.2379891520,-0.2295379976,-0.2819869029,-0.3473104403,-0.0000000000,-0.0000000000,-0.0000000000,-0.0000000000,-0.0000000000,-0.0000000000,-0.0000000000,-0.0000000000,0.0000000000,-0.4357505251,-0.0000000000,-0.0000000000,-0.0000000000,-0.0000000000,0.0000000000,0.0000000000,-0.0000000000,0.0000000000,-0.0502989691,-0.0000000000,-0.0000000000,0.0000000000,-0.0000000000,-0.0000000000,0.0000000000,-0.0000000000,-0.0000000000,-0.0000000000,0.0000000000,-0.0000000000,0.0000000000,-0.2200492231,-0.0000000000,0.0000000000,0.0000000000,-0.0000000000,0.0000000000,0.0000000000,0.0000000000,0.0000000000,0.0000000000,0.0000000000,-0.0000000000,0.0000000000,0.0000000000,-0.6045949833,-0.0000000000,-0.0000000000,-0.2069049016,-0.0000000000,-0.0000000000,-0.0000000000,-0.0708353666,-0.0000000000,-0.0000000000,-0.0000000000,-0.0000000000,-0.0000000000,0.0000000000,-0.0000000000,-0.0000000000,-0.0000000000,0.0000000000,-0.0000000000,0.0814884209,-0.0175169580,-0.0000000000,-0.0000000000,0.0000000000,-0.0000000000,-0.0453206019,-0.0000000000,0.0000000000,-0.0000000000,-0.0000000000,0.0000000000,-0.0000000000,-0.0202715301,-0.0000000000,-0.0000000000,0.0000000000,-0.0000000000,-0.0000000000,-0.0000000000,-0.0000000000,-0.0000000000,-0.0000000000,0.0000000000,-0.0000000000,0.0000000000,-0.0000000000,-0.0000000000,-0.0000000000,-0.0000000000
-0.0000000000,-0.2379891520,2.3948756299,-0.0000000000,-0.1433544672,-0.9128904444,-0.1018039972,-0.0000000000,-0.0000000000,-0.0000000000,-0.0000000000,-0.0000000000,0.0000000000,0.0000000000,-0.0000000000,-0.0166220448,-0.0000000000,-0.0000000000,-0.0000000000,-0.2184120782,0.0000000000,-0.0000000000,-0.0302372320,-0.0000000000,-0.0665197090,-0.0000000000,0.0000000000,-0.0000000000,0.0000000000,-0.0000000000,-0.0000000000,0.0000000000,-0.0000000000,-0.0000000000,0.0000000000,-0.0000000000,0.0000000000,-0.0000000000,-0.1558853472,-0.0619847846,0.0000000000,-0.0252090928,-0.0000000000,-0.0000000000,0.0000000000,0.0000000000,0.0000000000,-0.0000000000,-0.0000000000,-0.0000000000,-0.0000000000,-0.0000000000,0.0000000000,0.0000000000,-0.0879076672,-0.4754220201,-0.0000000000,0.0000000000,0.0000000000,0.0000000000,-0.0000000000,-0.0000000000,0.0000000000,0.0000000000,0.0000000000,0.0000000000,0.0000000000,0.0000000000,0.0000000000,0.0000000000,0.0000000000,-0.0000000000,-0.0000000000,-0.0000000000,0.0000000000,-0.0001005952,-0.0000000000,0.0000000000,0.0000000000,0.0229730208,0.0000000000,0.0000000000,0.0000000000,0.0000000000,0.0000000000,0.0964957355,-0.0000000000,0.0000000000,0.0000000000,-0.0000000000,-0.0000000000,0.0000000000,-0.0000000000,0.0112492414,-0.0972423989,0.0000000000,0.0000000000,0.0000000000,-0.0000000000,-0.0000000000
0.0000000000,-0.2295379976,-0.0000000000,3.6477128378,-1.3310704038,-0.0000000000,0.0000000000,-0.5941158517,-0.0000000000,0.0000000000,-0.1976911010,0.0000000000,-0.0000000000,0.0000000000,-0.0000000000,-0.0000000000,-0.0000000000,-0.0388005210,0.0000000000,0.0000000000,0.0000000000,0.0000000000,-0.0000000000,0.0000000000,-0.0000000000,-0.2865690718,-0.0000000000,-0.0000000000,-0.0000000000,0.0000000000,-0.0000000000,-0.0000000000,-0.0000000000,0.0000000000,0.0000000000,0.0820490824,0.0000000000,-0.0000000000,-0.0000000000,-0.0000000000,-0.0000000000,-0.1660482868,-0.0713539042,0.0000000000,-0.0000000000,-0.0000000000,-0.0000000000,0.0000000000,0.0000000000,0.0000000000,0.0446346422,-0.3741404005,-0.0000000000,-0.0000000000,-0.0000000000,0.0000000000,0.0000000000,-0.6895723757,-0.0000000000,-0.0000000000,-0.0000000000,-0.0000000000,-0.1617963362,0.0000000000,0.0273603742,0.0928553025,-0.0000000000,0.0000000000,0.2136401138,-0.0000000000,0.0499960479,-0.1194263050,0.0000000000,-0.0000000000,0.0000000000,-0.0000000000,-0.0000000000,-0.0000000000,0.0000000000,0.0000000000,0.0000000000,-0.0000000000,0.0000000000,-0.0000000000,-0.0000000000,-0.0000000000,0.0000000000,0.0000000000,-0.1919855365,-0.0158203147,-0.0000000000,0.0000000000,-0.0000000000,0.0000000000,0.0000000000,0.0000000000,-0.0000000000,0.0000000000,-0.0000000000,-0.0000000000
0.0000000000,-0.2819869029,-0.1433544672,-1.3310704038,2.8747891931,-0.0000000000,0.0000000000,-0.3079788789,-0.1439899933,0.0000000000,-0.0000000000,0.0000000000,0.0000000000,0.0000000000,0.0000000000,-0.0000000000,0.0000000000,-0.0000000000,0.0000000000,-0.0000000000,0.0000000000,0.0000000000,-0.0000000000,0.0000000000,-0.0000000000,-0.0000000000,0.0000000000,-0.0000000000,0.2590895515,0.0000000000,0.0000000000,-0.0000000000,-0.0218142313,0.0000000000,-0.0000000000,0.0000000000,0.0000000000,-0.0000000000,-0.0000000000,-0.0000000000,0.0000000000,-0.0000000000,-0.0000000000,0.0000000000,0.0000000000,-0.0000000000,0.0000000000,-0.0000000000,0.0000000000,0.0000000000,0.0000000000,-0.0268105635,-0.0000000000,-0.0081932872,-0.4049252052,-0.0000000000,-0.0000000000,-0.0000000000,-0.0000000000,0.0000000000,-0.0000000000,-0.0000000000,-0.0000000000,0.0000000000,0.0000000000,0.0066345792,-0.0000000000,0.0000000000,0.0000000000,-0.0000000000,0.2148995109,-0.1620995025,-0.0000000000,-0.0000000000,0.0000000000,-0.0000000000,0.0000000000,0.0000000000,0.0000000000,0.0000000000,0.0160820082,-0.0000000000,0.0000000000,-0.0000000000,0.0000000000,-0.0000000000,0.1938374983,0.0000000000,-0.0000000000,-0.0000000000,-0.0000000000,-0.0000000000,-0.0356560406,0.1300717430,-0.0000000000,0.0000000000,-0.0983298741,-0.0000000000,-0.0000000000,-0.0008470401
-0.0000000000,-0.3473104403,-0.9128904444,-0.0000000000,-0.0000000000,3.8521337268,-0.0000000000,-0.5519003089,-0.1481397032,-0.0000000000,-0.0000000000,-0.0000000000,-0.0000000000,-0.0000000000,-0.1380282407,-0.0000000000,-0.0000000000,-0.0330147799,-0.0000000000,-0.0000000000,0.0000000000,-0.0000000000,-0.0000000000,0.0193340208,-0.0000000000,-0.0000000000,0.0000000000,-0.0000000000,-0.1797412433,0.0000000000,0.0000000000,0.0000000000,-0.0000000000,-0.0000000000,0.0000000000,-0.0000000000,-0.0000000000,-0.0000000000,-0.1353504560,-0.0000000000,0.0000000000,-0.0000000000,-0.0000000000,0.0000000000,0.0000000000,0.0000000000,-0.0000000000,0.0000000000,-0.3632849012,-0.0000000000,-0.0000000000,-0.2421691617,0.0000000000,0.0000000000,-0.4438645703,-0.8206348670,-0.0000000000,-0.0000000000,-0.0000000000,-0.0000000000,-0.0000000000,-0.2242999507,-0.0000000000,-0.0000000000,0.0000000000,-0.0000000000,0.0000000000,0.0000000000,0.1443676008,0.0000000000,0.0000000000,-0.0000000000,-0.0000000000,-0.0000000000,0.0000000000,-0.0000000000,-0.0000000000,-0.0000000000,-0.0000000000,0.0507333579,0.0000000000,0.0000000000,0.0000000000,-0.0000000000,0.0627154814,0.0000000000,-0.0000000000,0.0000000000,-0.0000000000,-0.0000000000,-0.0000000000,-0.0000000000,-0.0000000000,0.0000000000,-0.0000000000,-0.0000000000,0.0000000000,0.0000000000,-0.0000000000,-0.1455693414
0.0000000000,-0.0000000000,-0.1018039972,0.0000000000,0.0000000000,-0.0000000000,2.1067229528,0.0000000000,-0.0000000000,-0.0000000000,0.0000000000,-0.0619123559,-0.0000000000,-0.0000000000,0.0000000000,-0.1457636888,-0.0541816472,0.0043322737,-0.0000000000,0.0000000000,0.0247193550,-0.0000000000,0.0000000000,-0.0057481872,0.0625645613,0.0000000000,-0.0000000000,0.0000000000,-0.0423382670,0.0000000000,-0.0000000000,0.0000000000,-0.0000000000,-0.0000000000,-0.1797742660,-0.0000000000,-0.2009494860,-0.0000000000,0.0000000000,-0.0538301546,-0.4711353803,0.0000000000,-0.0734291457,-0.0000000000,-0.0000000000,-0.0000000000,-0.0000000000,-0.3120398814,-0.2972919685,-0.2431119353,0.0130969170,0.1958597657,0.0000000000,0.0000000000,0.0000000000,0.0000000000,-0.0000000000,0.0558936825,0.0000000000,0.0912025817,0.0000000000,0.0000000000,0.0000000000,-0.0000000000,-0.0000000000,-0.0000000000,-0.0000000000,-0.0000000000,-0.1043598530,-0.0000000000,0.0000000000,-0.0000000000,-0.0000000000,0.0000000000,0.0000000000,0.0000000000,-0.0000000000,0.0000000000,-0.0000000000,0.1206500568,0.0000000000,-0.0000000000,-0.0000000000,-0.0915723681,0.1900514083,-0.0000000000,0.0000000000,0.0000000000,0.0058194537,0.0000000000,-0.0808652888,0.0000000000,-0.0000000000,0.0000000000,-0.2088173489,-0.0000000000,-0.0000000000,-0.0000000000,-0.1356138545,-0.0000000000
0.0000000000,-0.0000000000,-0.0000000000,-0.5941158517,-0.3079788789,-0.5519003089,0.0000000000,3.7132998108,-1.0243295768,0.0000000000,-0.0000000000,0.0000000000,-0.0509244233,0.0000000000,-0.0000000000,-0.0000000000,0.0000000000,-0.2665031501,-0.0000000000,-0.0000000000,0.0000000000,0.0000000000,-0.0000000000,0.0000000000,0.0000000000,0.0000000000,-0.0000000000,-0.0000000000,0.0000000000,0.0073230990,0.0000000000,-0.0000000000,-0.0000000000,-0.0000000000,0.0000000000,-0.0000000000,0.0000000000,-0.0091779493,-0.0000000000,0.0608754545,-0.0000000000,-0.0000000000,-0.0000000000,-0.0000000000,-0.0000000000,-0.0000000000,-0.0000000000,-0.0000000000,-0.0702147681,-0.0000000000,-0.0087097912,-0.0018628389,-0.0000000000,-0.0000000000,-0.0000000000,-0.1042674033,-0.2936473041,-0.5156446849,-0.0000000000,-0.0000000000,0.0000000000,-0.0000000000,-0.0000000000,0.0000000000,0.0000000000,0.0000000000,0.0000000000,-0.0000000000,0.0000000000,-0.0000000000,0.0000000000,-0.0000000000,-0.0806976146,-0.0000000000,0.0000000000,0.0000000000,0.0000000000,-0.0000000000,-0.0548200530,0.0000000000,0.0000000000,0.0000000000,0.0000000000,-0.0000000000,0.0000000000,0.0000000000,0.0389947882,0.0390155179,-0.3132861677,0.0000000000,-0.0000000000,-0.0000000000,-0.0000000000,0.1200502326,0.0000000000,-0.0000000000,-0.0000000000,0.0000000000,-0.0000000000,-0.0000000000
0.0000000000,-0.0000000000,-0.0000000000,-0.0000000000,-0.1439899933,-0.1481397032,-0.0000000000,-1.0243295768,3.8396854813,0.0000000000,0.0000000000,0.0000000000,-0.0000000000,0.0000000000,-0.0000000000,-0.0000000000,0.0000000000,-0.0000000000,-0.0000000000,-0.0000000000,-0.1315535468,0.1315106415,-0.0000000000,0.1204980680,0.0000000000,0.0000000000,0.0000000000,-0.0000000000,0.0000000000,0.0000000000,-0.0000000000,0.0000000000,-0.0000000000,-0.0000000000,0.0000000000,-0.8386581776,-0.0000000000,0.0000000000,-0.0000000000,0.0000000000,-0.0000000000,0.0000000000,0.0000000000,-0.0000000000,-0.0000000000,-0.0000000000,-0.0000000000,-0.1434024240,-0.2518110261,-0.3513983169,-0.0000000000,-0.0870331617,-0.0000000000,-0.0000000000,-0.0000000000,-0.2132864532,-0.1149426041,-0.2741380539,0.0000000000,0.0000000000,0.0000000000,-0.0000000000,0.0000000000,0.0000000000,0.0000000000,0.0000000000,0.0000000000,0.0000000000,0.0000000000,-0.0000000000,0.0000000000,0.0000000000,0.0000000000,0.0000000000,0.0000000000,0.0000000000,0.0000000000,0.0571667700,-0.0000000000,0.0000000000,0.4079699748,0.0000000000,-0.0000000000,-0.0000000000,0.0000000000,-0.0000000000,0.0000000000,0.0000000000,-0.0000000000,0.0000000000,-0.2278743232,-0.0000000000,-0.0000000000,0.0000000000,0.0000000000,-0.0000000000,-0.3770978974,-0.0000000000,-0.0000000000,-0.1747054726
-0.0000000000,-0.0000000000,-0.0000000000,0.0000000000,0.0000000000,-0.0000000000,-0.0000000000,0.0000000000,0.0000000000,2.6076402812,-0.0000000000,-0.4236780821,-0.0223694559,-0.2717587784,-0.1379063895,-0.0000000000,-0.0957623055,-0.0000000000,-0.0000000000,-0.0000000000,-0.0000000000,0.0000000000,-0.0000000000,-0.0000000000,-0.1511784661,-0.0000000000,0.0054069178,-0.1551163126,-0.0973664637,-0.3395307025,0.0000000000,0.0000000000,-0.0000000000,-0.0171599685,0.0000000000,-0.0000000000,-0.0000000000,-0.0000000000,-0.1590212981,-0.1822187254,0.0000000000,-0.0000000000,0.0110271569,0.0000000000,0.0800431021,0.0000000000,0.2699793421,0.0000000000,-0.0000000000,-0.0000000000,0.0000000000,-0.0000000000,0.0000000000,0.0000000000,-0.0000000000,-0.0000000000,-0.0000000000,-0.0000000000,-0.0000000000,-0.3086250143,-0.1936674133,-0.1048307388,-0.0000000000,-0.0000000000,-0.0000000000,-0.0000000000,-0.0000000000,-0.1718509611,-0.0000000000,-0.0000000000,-0.0000000000,-0.0000000000,0.0000000000,0.0000000000,-0.0285524864,-0.2497066292,-0.0000000000,-0.0000000000,0.0000000000,0.0699992290,-0.0000000000,0.0000000000,-0.0000000000,0.0000000000,0.0000000000,0.2118552030,-0.0526880787,-0.0000000000,-0.0000000000,-0.0000000000,0.0000000000,0.0000000000,0.0000000000,-0.0000000000,0.0000000000,-0.0000000000,0.0000000000,0.0000000000,-0.0237190635,-0.0000000000
-0.0000000000,-0.0000000000,-0.0000000000,-0.1976911010,-0.0000000000,-0.0000000000,0.0000000000,-0.0000000000,0.0000000000,-0.0000000000,1.5528620781,-0.1162686144,0.0122517571,-0.0000000000,-0.0731126577,0.0000000000,-0.0391190560,-0.0000000000,-0.0000000000,-0.0000000000,0.0000000000,0.0000000000,-0.0000000000,0.0000000000,-0.0000000000,-0.2792323378,0.0000000000,0.0000000000,-0.1461127743,0.0000000000,-0.0000000000,0.0000000000,-0.0478673467,0.0000000000,0.0342056337,0.0535677696,0.0000000000,-0.0000000000,0.0000000000,-0.0000000000,0.0000000000,-0.0000000000,-0.3015308275,0.1223991939,0.0643435508,-0.0000000000,0.0000000000,0.1738347061,-0.0000000000,0.0000000000,0.0000000000,-0.0872555109,0.0399344528,-0.0000000000,0.0000000000,0.0000000000,0.0000000000,0.0000000000,-0.0000000000,-0.0197472383,0.0000000000,-0.0589588481,-0.0000000000,0.0000000000,-0.0000000000,-0.0000000000,0.0000000000,0.0000000000,0.1539902298,0.0910722835,0.0262790191,-0.0000000000,0.0197951671,0.0000000000,0.0000000000,-0.0000000000,-0.0585185705,0.0000000000,-0.0000000000,0.3297881137,0.1608093682,0.0000000000,0.0000000000,-0.0000000000,-0.0000000000,0.0000000000,0.0000000000,0.1018522227,-0.1292417444,-0.0000000000,0.0000000000,-0.1085000310,-0.0000000000,-0.0756283165,-0.0000000000,0.0000000000,-0.0000000000,0.0868801385,-0.0608143865,-0.0000000000
-0.0000000000,-0.0000000000,-0.0000000000,0.0000000000,0.0000000000,-0.0000000000,-0.0619123559,0.0000000000,0.0000000000,-0.4236780821,-0.1162686144,2.6955228156,-0.6350517965,-0.0000000000,0.0000000000,-0.0000000000,-0.1798463581,0.0000000000,0.0000000000,0.0000000000,0.1114628428,-0.0000000000,-0.0000000000,-0.2175702297,0.0000000000,-0.0000000000,0.0000000000,-0.0000000000,-0.0000000000,-0.0000000000,-0.0000000000,0.0000000000,-0.0947345305,0.0000000000,-0.0000000000,0.0000000000,0.0000000000,-0.0000000000,0.0000000000,-0.0000000000,-0.0000000000,-0.0000000000,-0.0906482314,0.0000000000,0.1899370796,0.0000000000,0.0505268465,0.0000000000,-0.0141313904,-0.0000000000,-0.0000000000,0.0000000000,0.0000000000,-0.0775526279,0.0765867375,0.0013214912,0.0000000000,0.0000000000,0.0000000000,-0.0000000000,0.0000000000,-0.5705423377,-0.0358955066,-0.0000000000,0.0000000000,0.0000000000,0.2142952466,-0.3947908136,-0.0000000000,0.0000000000,0.0000000000,-0.2278114395,-0.0000000000,0.0000000000,-0.0624238310,0.0000000000,-0.0000000000,-0.0000000000,-0.0000000000,0.0136529871,-0.0000000000,0.1391110347,-0.0000000000,-0.0000000000,0.0262137623,0.0000000000,0.0000000000,-0.0000000000,-0.0000000000,0.0000000000,0.2637578741,0.0000000000,0.0000000000,0.0000000000,-0.0000000000,-0.0000000000,0.0000000000,0.0000000000,-0.0000000000,0.0000000000
0.0000000000,-0.0000000000,0.0000000000,-0.0000000000,0.0000000000,-0.0000000000,-0.0000000000,-0.0509244233,-0.0000000000,-0.0223694559,0.0122517571,-0.6350517965,2.5910521828,-0.2492904266,0.0000000000,-0.0000000000,-0.0000000000,-0.0624514729,-0.0000000000,0.0096996099,0.1251541437,-0.1153483548,-0.0000000000,-0.0000000000,0.0000000000,0.0000000000,0.0000000000,-0.0358065272,-0.0000000000,-0.0000000000,-0.0000000000,-0.0000000000,-0.0000000000,-0.0000000000,-0.0000000000,-0.0000000000,-0.0000000000,-0.1291339776,-0.0000000000,0.0000000000,-0.1013337438,-0.0000000000,-0.0000000000,0.0000000000,0.0000000000,-0.0000000000,-0.0000000000,-0.0000000000,-0.0916702193,-0.0000000000,-0.0000000000,0.0000000000,-0.0000000000,-0.0000000000,0.0000000000,0.0000000000,0.0000000000,-0.0509329610,0.0000000000,-0.0000000000,0.0000000000,-0.1819938435,-0.6209031052,-0.0000000000,0.0000000000,0.0000000000,0.0073065173,-0.3082622841,-0.0000000000,-0.0000000000,-0.0000000000,-0.0000000000,-0.0195088650,0.0000000000,-0.0000000000,0.0000000000,-0.0710069527,-0.0000000000,-0.0756884575,0.0000000000,-0.2773729411,0.0000000000,0.0000000000,0.0000000000,0.0092175415,0.0000000000,0.0000000000,-0.0000000000,-0.1701451662,-0.0000000000,0.0000000000,0.0000000000,0.0000000000,0.0000000000,0.0992399595,-0.0000000000,0.0000000000,0.0780322632,0.0000000000,0.0000000000
0.0104715853,-0.0000000000,0.0000000000,0.0000000000,0.0000000000,-0.0000000000,-0.0000000000,0.0000000000,0.0000000000,-0.2717587784,-0.0000000000,-0.0000000000,-0.2492904266,3.0321125878,-0.0000000000,0.0000000000,-0.7654643756,-0.0000000000,-0.3182923496,0.0000000000,-0.0000000000,-0.0000000000,-0.0000000000,-0.0000000000,-0.0000000000,0.0000000000,0.0000000000,-0.0000000000,-0.0406634095,-0.0509664493,0.0000000000,0.0000000000,0.0000000000,-0.1741122728,0.0000000000,0.0000000000,0.0000000000,-0.0000000000,-0.0000000000,-0.0000000000,-0.0000000000,0.0000000000,0.0000000000,0.0000000000,0.0377123698,0.0000000000,-0.0000000000,-0.0000000000,-0.0000000000,0.0000000000,-0.0000000000,0.0000000000,0.0691940006,0.0000000000,-0.0000000000,0.0000000000,0.0000000000,-0.0000000000,0.0000000000,-0.0000000000,-0.0160779778,-0.0000000000,-0.0000000000,-0.0530307787,-0.2740451207,-0.6127981418,0.0000000000,-0.0000000000,-0.0631040316,-0.0000000000,-0.4000577087,0.0000000000,-0.0000000000,0.0126055319,-0.0000000000,-0.0254597963,-0.0000000000,-0.0000000000,0.0000000000,0.0000000000,-0.0000000000,0.0000000000,0.0000000000,0.0000000000,0.0000000000,0.0536045661,0.0000000000,-0.0000000000,-0.0000000000,-0.0000000000,0.0000000000,0.0000000000,0.0000000000,-0.0000000000,0.0000000000,0.0000000000,0.0735750190,0.0955549067,-0.0208682649,-0.0000000000
0.0000000000,0.0000000000,-0.0000000000,-0.0000000000,0.0000000000,-0.1380282407,0.0000000000,-0.0000000000,-0.0000000000,-0.1379063895,-0.0731126577,0.0000000000,0.0000000000,-0.0000000000,2.8628532202,-0.0000000000,0.0000000000,-0.2254278519,-0.0000000000,-0.0000000000,-1.6096313824,0.0000000000,-0.0000000000,0.0891733475,-0.1109618302,-0.0000000000,0.0000000000,0.0000000000,-0.0000000000,-0.0817880459,0.0000000000,0.2600501879,0.0000000000,-0.0000000000,0.0815066660,-0.0000000000,-0.0000000000,0.0000000000,-0.0036050424,-0.0000000000,0.0000000000,-0.0000000000,0.0000000000,-0.0000000000,-0.0000000000,0.0000000000,0.0000000000,0.0000000000,-0.0000000000,0.0000000000,0.0000000000,-0.0848071662,-0.0000000000,0.0000000000,0.0000000000,-0.1013837232,0.0000000000,-0.0000000000,0.0000000000,-0.0000000000,-0.2038541816,0.0000000000,0.0097384244,0.0000000000,-0.0000000000,-0.4090861066,-0.0000000000,0.0000000000,0.0000000000,-0.0000000000,-0.0000000000,0.0000000000,0.3542521087,0.0000000000,0.0609022145,-0.0000000000,-0.0000000000,0.0000000000,0.0000000000,0.0000000000,0.0315603616,-0.0000000000,-0.0000000000,0.0000000000,0.0000000000,0.0000000000,-0.0000000000,0.0655816825,-0.0000000000,-0.0000000000,-0.0000000000,0.0000000000,-0.0000000000,-0.0000000000,0.0000000000,0.0000000000,-0.0000000000,0.0000000000,0.0000000000,-0.0000000000
-0.0580335117,-0.4357505251,-0.0166220448,-0.0000000000,-0.0000000000,-0.0000000000,-0.1457636888,-0.0000000000,-0.0000000000,-0.0000000000,0.0000000000,-0.0000000000,-0.0000000000,0.0000000000,-0.0000000000,1.8799921317,-0.0000000000,-0.0000000000,0.0000000000,-0.0000000000,-0.0000000000,-0.0000000000,-0.0000000000,-0.2742048168,-0.0000000000,-0.0000000000,-0.0000000000,0.0000000000,0.0000000000,-0.0063585171,-0.0302147613,-0.0000000000,0.0000000000,-0.0749238750,-0.0000000000,-0.0000000000,0.0312747423,0.0000000000,0.0000000000,-0.2180352243,-0.1660280889,-0.0000000000,-0.0000000000,0.0000000000,-0.0000000000,0.0000000000,0.0000000000,-0.0000000000,0.0000000000,0.0000000000,0.0000000000,-0.0621866313,-0.2783373351,-0.0257866363,-0.0000000000,-0.0000000000,-0.0000000000,-0.0000000000,0.0000000000,-0.0000000000,0.0000000000,0.0000000000,-0.0000000000,-0.0000000000,0.0000000000,-0.0000000000,-0.0000000000,-0.0000000000,-0.0000000000,-0.0718699059,-0.0000000000,-0.0000000000,-0.0873426247,0.0000000000,0.0000000000,-0.0000000000,-0.0082590287,-0.0000000000,0.0000000000,0.0000000000,-0.0606364231,0.0000000000,-0.0000000000,-0.0000000000,-0.0000000000,0.0000000000,0.0501567037,0.0000000000,-0.2751300490,-0.0000000000,-0.0000000000,-0.0000000000,0.0000000000,0.0000000000,-0.1018185840,0.0000000000,0.0000000000,0.0000000000,0.0000000000,0.0000000000
0.0000000000,-0.0000000000,-0.0000000000,-0.0000000000,0.0000000000,-0.0000000000,-0.0541816472,0.0000000000,0.0000000000,-0.0957623055,-0.0391190560,-0.1798463581,-0.0000000000,-0.7654643756,0.0000000000,-0.0000000000,2.5408049676,0.0000000000,-0.5496226210,0.0000000000,0.0000000000,-0.1930219732,-0.0102573117,-0.3301059568,0.0000000000,0.0000000000,0.0000000000,-0.0000000000,-0.0000000000,-0.0000000000,0.0000000000,-0.0000000000,-0.0000000000,-0.0806932282,-0.0000000000,0.0000000000,-0.0000000000,-0.0000000000,0.0000000000,-0.0000000000,-0.0000000000,0.0000000000,-0.0000000000,0.0000000000,0.0000000000,0.0000000000,-0.0000000000,-0.0000000000,-0.0000000000,0.0000000000,0.0000000000,-0.0000000000,0.0696903196,-0.0000000000,-0.0173380130,0.0000000000,-0.0000000000,0.0000000000,0.0000000000,-0.0000000000,-0.0000000000,-0.0000000000,0.0000000000,-0.3188296456,-0.1746256725,-0.0000000000,0.0000000000,-0.0000000000,-0.0487722277,-0.0000000000,-0.0000000000,-0.0000000000,-0.0000000000,0.0000000000,0.0000000000,-0.0000000000,-0.0000000000,-0.0000000000,0.0000000000,0.0000000000,-0.0000000000,0.0000000000,0.0244784394,-0.0000000000,0.0000000000,0.0000000000,-0.0000000000,-0.0000000000,-0.0000000000,0.0000000000,0.0000000000,0.0000000000,0.0000000000,0.0000000000,-0.0000000000,0.0000000000,0.0000000000,0.0000000000,-0.0000000000,-0.0000000000
-0.0000000000,-0.0000000000,-0.0000000000,-0.0388005210,-0.0000000000,-0.0330147799,0.0043322737,-0.2665031501,-0.0000000000,-0.0000000000,-0.0000000000,0.0000000000,-0.0624514729,-0.0000000000,-0.2254278519,-0.0000000000,0.0000000000,2.8525682513,-0.0000000000,-0.3393766762,-0.2223472645,0.0000000000,-0.1404679187,0.0000000000,-0.0167879186,-0.0500844133,0.0000000000,-0.0000000000,-0.0248943905,-0.0000000000,0.0000000000,0.0000000000,0.0000000000,-0.3502882700,0.0000000000,-0.2093398253,0.0079217415,-0.0000000000,-0.0000000000,0.0000000000,-0.0000000000,-0.0000000000,0.0000000000,0.0134197000,0.0000000000,0.0114767516,0.0000000000,0.0000000000,0.0000000000,0.0000000000,-0.0000000000,-0.1030311471,0.0000000000,0.0000000000,-0.0000000000,-0.0000000000,0.0000000000,-0.2889755807,0.0000000000,-0.0000000000,0.0000000000,-0.0000000000,-0.0000000000,0.0000000000,0.0000000000,-0.0000000000,0.0000000000,0.0000000000,0.0000000000,-0.1262671635,-0.2285838222,0.0000000000,-0.0000000000,0.0000000000,0.0000000000,-0.0000000000,-0.1290952512,-0.0000000000,0.0000000000,0.0000000000,-0.0000000000,0.0000000000,0.0000000000,0.0000000000,-0.0000000000,0.0000000000,-0.0000000000,0.0000000000,-0.7843061219,-0.0000000000,0.0673020934,0.0000000000,0.2999494746,0.0000000000,0.2285108613,0.0000000000,0.0000000000,0.0000000000,-0.0000000000,-0.0000000000
0.0000000000,-0.0000000000,-0.0000000000,0.0000000000,0.0000000000,-0.0000000000,-0.0000000000,-0.0000000000,-0.0000000000,-0.0000000000,-0.0000000000,0.0000000000,-0.0000000000,-0.3182923496,-0.0000000000,0.0000000000,-0.5496226210,-0.0000000000,2.0515309003,0.0000000000,0.0000000000,0.0000000000,0.0000000000,0.0000000000,0.0000000000,0.0000000000,0.0000000000,-0.0715310082,-0.0847027453,0.0000000000,0.0000000000,0.0000000000,-0.0113468213,-0.3635151396,-0.0000000000,-0.0402876954,-0.0000000000,-0.0248148480,-0.0000000000,0.0000000000,-0.0000000000,0.0000000000,-0.0000000000,-0.0000000000,-0.0000000000,0.0000000000,-0.0000000000,-0.0000000000,-0.0000000000,-0.0000000000,0.0000000000,0.0000000000,0.0000000000,-0.0000000000,-0.0000000000,-0.3048833449,-0.0000000000,-0.0000000000,0.0000000000,0.0000000000,-0.0000000000,0.0000000000,0.0900253506,-0.0000000000,-0.1434824453,-0.2350386765,0.0000000000,0.0000000000,-0.0000000000,-0.0000000000,-0.0000000000,0.0000000000,-0.0000000000,0.0000000000,0.0724194870,-0.0000000000,-0.0217308037,0.0000000000,0.0000000000,0.0000000000,0.0000000000,0.0000000000,0.0000000000,0.0000000000,0.0236552206,0.0000000000,-0.0000000000,-0.0000000000,-0.0000000000,0.0000000000,0.0000000000,-0.0000000000,-0.0000000000,-0.0000000000,-0.0000000000,-0.0000000000,0.0000000000,-0.0000000000,-0.0007765850,-0.0000000000
-0.0000000000,-0.0000000000,-0.2184120782,0.0000000000,-0.0000000000,-0.0000000000,0.0000000000,-0.0000000000,-0.0000000000,-0.0000000000,-0.0000000000,0.0000000000,0.0096996099,0.0000000000,-0.0000000000,-0.0000000000,0.0000000000,-0.3393766762,0.0000000000,2.8141512998,-0.7927880919,0.1718536501,-0.0000000000,0.0000000000,-0.0000000000,0.0000000000,-0.0000000000,-0.5525652363,-0.0000000000,-0.0411617075,0.0000000000,0.0000000000,0.0000000000,-0.0000000000,0.0084291734,-0.5675651971,0.0000000000,0.0865607448,-0.0000000000,-0.1688460817,0.0000000000,-0.0000000000,0.0142552551,0.0000000000,0.0000000000,0.0000000000,0.0368883454,-0.0000000000,0.0000000000,-0.0000000000,-0.0889450397,-0.0000000000,-0.0000000000,0.0221353848,-0.0000000000,-0.0000000000,-0.0490588296,-0.0000000000,0.0000000000,0.0000000000,0.0000000000,-0.0000000000,0.0000000000,0.2211770096,0.0593732940,0.0000000000,-0.0000000000,0.1114870040,0.0000000000,-0.0000000000,-0.3788686745,-0.0000000000,-0.0000000000,0.0000000000,0.0000000000,0.0000000000,-0.0000000000,-0.0000000000,0.0184169839,0.0000000000,0.0000000000,-0.0000000000,-0.0000000000,0.2227224789,-0.4367831164,0.0000000000,-0.0294630447,-0.0000000000,-0.0000000000,0.0000000000,0.1622058371,0.0000000000,0.0000000000,-0.0000000000,0.0000000000,0.0000000000,-0.0000000000,-0.2165301849,-0.0101946239,-0.1084982778
0.0000000000,0.0000000000,0.0000000000,0.0000000000,0.0000000000,0.0000000000,0.0247193550,0.0000000000,-0.1315535468,-0.0000000000,0.0000000000,0.1114628428,0.1251541437,-0.0000000000,-1.6096313824,-0.0000000000,0.0000000000,-0.2223472645,0.0000000000,-0.7927880919,3.2023095340,0.1134791580,-0.0000000000,0.0000000000,-0.0000000000,0.0000000000,0.0000000000,0.0000000000,0.0000000000,-0.2771944149,0.0000000000,0.0000000000,0.0000000000,-0.1075129258,0.0000000000,-0.0526901941,0.0110695085,0.0000000000,-0.0000000000,-0.0000000000,-0.0000000000,-0.0000000000,0.0222222252,-0.0000000000,-0.0000000000,0.0000000000,0.0000000000,-0.0000000000,0.0000000000,0.0184797577,0.0000000000,-0.1121593186,-0.0000000000,0.0000000000,0.0000000000,-0.0000000000,-0.0000000000,0.0000000000,0.0000000000,0.0000000000,-0.0000000000,0.0000000000,0.2910863919,0.2611834446,-0.0000000000,-0.0000000000,0.0000000000,0.0000000000,0.0000000000,-0.0771294592,-0.0810377020,0.0000000000,0.0000000000,0.2682452563,0.0000000000,0.0000000000,0.0000000000,0.0000000000,0.0000000000,-0.0000000000,0.0000000000,-0.0000000000,-0.0000000000,0.0000000000,-0.0415747377,-0.0000000000,-0.0000000000,0.0000000000,-0.0000000000,-0.0000000000,-0.0000000000,0.0000000000,0.0000000000,0.0000000000,0.0000000000,0.0719757242,-0.0000000000,-0.0000000000,0.0000000000,0.0000000000
0.0000000000,0.0000000000,-0.0000000000,0.0000000000,0.0000000000,-0.0000000000,-0.0000000000,0.0000000000,0.1315106415,0.0000000000,0.0000000000,-0.0000000000,-0.1153483548,-0.0000000000,0.0000000000,-0.0000000000,-0.1930219732,0.0000000000,0.0000000000,0.1718536501,0.1134791580,2.6275564860,-0.1108067687,-0.5643833022,0.0000000000,-0.0000000000,0.0000000000,0.0000000000,0.0000000000,-0.0000000000,0.0481091407,0.0000000000,-0.0000000000,-0.0000000000,-0.3963300564,0.0000000000,0.0000000000,0.0000000000,0.0000000000,-0.0000000000,-0.1745534966,-0.0000000000,-0.3734161983,0.0041352303,0.0000000000,0.0000000000,-0.0000000000,-0.0000000000,0.0000000000,0.0000000000,0.0000000000,0.0000000000,0.0000000000,-0.0000000000,-0.0000000000,0.0000000000,0.0000000000,-0.0000000000,0.3180518383,0.0000000000,-0.0000000000,0.0000000000,0.0000000000,-0.0000000000,-0.0000000000,0.0000000000,0.0000000000,0.0000000000,-0.1365271325,-0.1813201040,-0.0000000000,-0.3742974154,-0.2103447499,0.0000000000,0.0000000000,-0.0431423067,-0.0000000000,-0.0618429750,0.0000000000,0.0000000000,-0.1646304969,-0.0000000000,0.0819625776,-0.0000000000,0.0000000000,-0.0000000000,0.0000000000,0.0000000000,-0.0000000000,0.0000000000,0.0000000000,0.0000000000,0.0396176506,0.0291183403,-0.0858862492,0.1601293294,0.1165940151,-0.0000000000,0.0000000000,0.0000000000
-0.0358906839,-0.0000000000,-0.0302372320,-0.0000000000,-0.0000000000,-0.0000000000,0.0000000000,-0.0000000000,-0.0000000000,-0.0000000000,-0.0000000000,-0.0000000000,-0.0000000000,-0.0000000000,-0.0000000000,-0.0000000000,-0.0102573117,-0.1404679187,0.0000000000,-0.0000000000,-0.0000000000,-0.1108067687,1.8644965152,-0.0000000000,0.0000000000,-0.3606555679,-0.0000000000,-0.0000000000,0.0000000000,-0.3311369547,0.0000000000,0.0000000000,-0.0000000000,-0.0000000000,0.0000000000,0.0000000000,0.0000000000,-0.0000000000,-0.0000000000,-0.0000000000,0.0000000000,-0.0000000000,-0.0000000000,0.0552536907,0.0000000000,0.0000000000,-0.0652413153,-0.1627559091,0.0000000000,0.0000000000,-0.0000000000,-0.1109819990,0.0000000000,-0.0000000000,-0.0934465585,-0.0000000000,-0.0000000000,-0.0000000000,0.0000000000,0.0000000000,-0.0000000000,-0.0263466416,-0.0000000000,0.0000000000,0.0090573655,-0.0000000000,0.0000000000,0.0000000000,0.0000000000,-0.0000000000,-0.0000000000,-0.0000000000,-0.2689909040,-0.0000000000,-0.0000000000,-0.0000000000,-0.0000000000,-0.5085084864,-0.0000000000,-0.2365100146,-0.0000000000,-0.0000000000,0.2309842218,0.0000000000,-0.0000000000,-0.0000000000,-0.0104245964,-0.0000000000,-0.0000000000,-0.0000000000,-0.0000000000,-0.0000000000,0.0000000000,0.0297086395,0.0000000000,0.0000000000,0.0000000000,-0.0000000000,0.0000000000,-0.0000000000
-0.0000000000,0.0000000000,-0.0000000000,0.0000000000,0.0000000000,0.0193340208,-0.0057481872,0.0000000000,0.1204980680,-0.0000000000,0.0000000000,-0.2175702297,-0.0000000000,-0.0000000000,0.0891733475,-0.2742048168,-0.3301059568,0.0000000000,0.0000000000,0.0000000000,0.0000000000,-0.5643833022,-0.0000000000,2.9634039081,0.0000000000,0.0000000000,-0.0000000000,-0.0000000000,0.0121352005,-0.0931000863,0.0000000000,-0.0000000000,0.0000000000,-0.3000396257,-0.0000000000,-0.0000000000,0.0308168287,0.0393642509,0.0996440022,-0.0000000000,-0.0553386797,0.0000000000,0.0000000000,0.0000000000,0.0000000000,0.0000000000,0.0000000000,-0.0000000000,0.0000000000,0.0000000000,-0.0915226378,0.0000000000,-0.0000000000,-0.0000000000,-0.0000000000,0.0000000000,-0.0000000000,0.3012295042,0.0000000000,-0.0000000000,-0.0000000000,0.0000000000,0.0000000000,-0.0000000000,-0.0000000000,0.0000000000,0.0000000000,-0.0000000000,-1.1504921689,-0.0000000000,-0.0000000000,-0.0000000000,-0.0000000000,0.0000000000,-0.0000000000,-0.0000000000,0.1956570613,-0.0000000000,0.0000000000,0.0000000000,-0.0000000000,0.0000000000,0.0000000000,0.0000000000,0.0000000000,0.0000000000,0.0000000000,-0.0000000000,0.0000000000,0.2160057716,0.0000000000,0.0000000000,0.0338170199,0.1438270766,-0.2327886742,0.0651116498,0.2970555890,0.0000000000,0.0000000000,0.0497109654
-0.2220635180,-0.0502989691,-0.0665197090,-0.0000000000,-0.0000000000,-0.0000000000,0.0625645613,0.0000000000,0.0000000000,-0.1511784661,-0.0000000000,0.0000000000,0.0000000000,-0.0000000000,-0.1109618302,-0.0000000000,0.0000000000,-0.0167879186,0.0000000000,-0.0000000000,-0.0000000000,0.0000000000,0.0000000000,0.0000000000,1.9010638047,-0.1257900555,0.0000000000,0.0000000000,0.0000000000,-0.0000000000,0.0861731583,0.0000000000,0.1296271772,0.0000000000,0.0426426853,0.0000000000,0.0078364667,-0.0000000000,-0.0000000000,-0.0000000000,0.0000000000,-0.0000000000,0.0000000000,0.0000000000,0.0000000000,0.2990730439,0.0000000000,0.0000000000,-0.0000000000,0.0000000000,0.0000000000,-0.1721224833,0.0000000000,-0.0000000000,0.0000000000,-0.0000000000,0.0000000000,0.0000000000,-0.4176573508,-0.3358291555,-0.0000000000,-0.0000000000,0.0428684254,0.0000000000,0.0000000000,-0.0000000000,0.0000000000,0.0278319822,0.0000000000,0.0000000000,0.0000000000,0.0446096537,0.0000000000,0.0000000000,0.0000000000,-0.2189242911,-0.0000000000,0.0000000000,0.1384742396,0.0076303489,0.0000000000,0.0000000000,0.0000000000,0.0000000000,0.0000000000,0.0000000000,0.0000000000,0.1251546847,-0.0000000000,-0.0000000000,0.0178029638,0.0936397327,0.0129735532,0.0000000000,0.0000000000,0.0000000000,0.0000000000,0.0000000000,-0.0000000000,0.0000000000
-0.0709716561,-0.0000000000,-0.0000000000,-0.2865690718,-0.0000000000,-0.0000000000,0.0000000000,0.0000000000,0.0000000000,-0.0000000000,-0.2792323378,-0.0000000000,0.0000000000,0.0000000000,-0.0000000000,-0.0000000000,0.0000000000,-0.0500844133,0.0000000000,0.0000000000,0.0000000000,-0.0000000000,-0.3606555679,0.0000000000,-0.1257900555,1.8876625170,-0.0000000000,0.0000000000,-0.0000000000,-0.0000000000,0.0000000000,0.1161408991,0.0162992567,0.0000000000,-0.0000000000,0.1225289810,0.0000000000,0.0000000000,0.0000000000,-0.1978794719,-0.0000000000,-0.3320774891,-0.3406938716,0.0965789586,0.0000000000,-0.0000000000,0.0000000000,0.0000000000,0.0000000000,0.0347119818,0.0244311272,-0.0000000000,0.0320653959,-0.0000000000,0.0000000000,0.0000000000,0.1460716832,-0.0000000000,0.1169564545,-0.0000000000,0.0000000000,-0.0000000000,-0.0000000000,0.0000000000,0.0793902179,0.0000000000,-0.0000000000,0.0000000000,0.0517179005,-0.0000000000,0.0000000000,-0.0531934991,-0.0000000000,0.1137770006,0.1379279520,-0.0000000000,-0.0741563811,-0.0254825915,0.0837335365,0.0000000000,-0.0000000000,-0.0579132239,0.0000000000,-0.0000000000,-0.0000000000,-0.0000000000,-0.0182425896,0.0000000000,-0.0382916790,-0.0000000000,0.0000000000,0.1017854449,0.0284102673,0.0000000000,0.0000000000,0.0000000000,0.0000000000,-0.0000000000,-0.0000000000,-0.0000000000
0.0119519786,-0.0000000000,0.0000000000,-0.0000000000,0.0000000000,0.0000000000,-0.0000000000,-0.0000000000,0.0000000000,0.0054069178,0.0000000000,0.0000000000,0.0000000000,0.0000000000,0.0000000000,-0.0000000000,0.0000000000,0.0000000000,0.0000000000,-0.0000000000,0.0000000000,0.0000000000,-0.0000000000,-0.0000000000,0.0000000000,-0.0000000000,3.2372918421,-0.0090052950,-0.0000000000,-0.0000000000,0.0000000000,-0.0183466865,-0.0000000000,0.0000000000,-0.2922346922,-0.0000000000,-0.0000000000,0.0000000000,0.0000000000,-0.0000000000,-0.0000000000,-0.0000000000,-0.0000000000,-0.0502773651,-1.0887634900,-0.6144970537,-0.0278553338,-0.0420433000,0.0000000000,-0.0000000000,0.0000000000,-0.0000000000,-0.0000000000,-0.1877251779,-0.0000000000,0.0000000000,-0.0000000000,-0.0000000000,-0.0000000000,-0.0000000000,-0.0000000000,0.0000000000,-0.0000000000,-0.0000000000,0.0000000000,0.0000000000,-0.2704031012,0.0000000000,-0.0000000000,-0.0000000000,0.0000000000,-0.0000000000,-0.0000000000,-0.0000000000,-0.0000000000,-0.0000000000,-0.0000000000,-0.0000000000,0.0000000000,-0.0000000000,-0.0186390250,-0.0398494313,-0.0000000000,-0.0000000000,-0.5595421143,-0.1367908952,-0.0000000000,-0.1691330406,-0.0000000000,-0.0000000000,-0.0000000000,0.0000000000,-0.0000000000,0.0000000000,0.0000000000,-0.0000000000,-0.0000000000,-0.0000000000,0.2866070534,0.0000000000
0.0096772871,0.0000000000,-0.0000000000,-0.0000000000,-0.0000000000,-0.0000000000,0.0000000000,-0.0000000000,-0.0000000000,-0.1551163126,0.0000000000,-0.0000000000,-0.0358065272,-0.0000000000,0.0000000000,0.0000000000,-0.0000000000,-0.0000000000,-0.0715310082,-0.5525652363,0.0000000000,0.0000000000,-0.0000000000,-0.0000000000,0.0000000000,0.0000000000,-0.0090052950,2.4221211045,-0.0000000000,-0.1033673473,-0.0000000000,0.0000000000,-0.0000000000,-0.1430673253,-0.0000000000,-0.0000000000,-0.0000000000,0.0000000000,-0.0031628979,-0.0511310837,0.0000000000,-0.0293632576,0.0000000000,-0.1536994851,-0.0000000000,-0.0000000000,0.2753792254,-0.1564187866,0.0000000000,-0.0000000000,-0.0000000000,0.0000000000,-0.0000000000,0.0000000000,-0.0000000000,-0.0000000000,-0.0000000000,-0.0000000000,0.0000000000,0.0000000000,-0.0000000000,-0.0000000000,-0.0000000000,0.0000000000,-0.0000000000,0.0000000000,-0.0478408585,0.0000000000,-0.0000000000,-0.0000000000,-0.0091381553,-0.0100552966,-0.0000000000,-0.0000000000,-0.0000000000,-0.0000000000,-0.0000000000,-0.0271877554,0.0000000000,0.0000000000,-0.0320473878,-0.0000000000,-0.0000000000,0.0351802855,-0.0119888973,0.0000000000,-0.2494029789,-1.0289580480,-0.0000000000,-0.0000000000,0.0000000000,0.0263020936,0.0000000000,-0.0000000000,0.0000000000,-0.0448973984,-0.0834624491,-0.0000000000,0.0000000000,-0.0113581156
0.0000000000,-0.0000000000,0.0000000000,-0.0000000000,0.2590895515,-0.1797412433,-0.0423382670,0.0000000000,0.0000000000,-0.0973664637,-0.1461127743,-0.0000000000,-0.0000000000,-0.0406634095,-0.0000000000,0.0000000000,-0.0000000000,-0.0248943905,-0.0847027453,-0.0000000000,0.0000000000,0.0000000000,0.0000000000,0.0121352005,0.0000000000,-0.0000000000,-0.0000000000,-0.0000000000,1.8991270533,0.0000000000,0.0000000000,0.0000000000,0.0000000000,0.0000000000,-0.0000000000,-0.0000000000,-0.4611345199,-0.0000000000,-0.0000000000,-0.0000000000,-0.0000000000,0.0288087753,-0.0000000000,0.0165979972,0.0000000000,0.0000000000,-0.0120393850,0.0000000000,-0.0000000000,-0.0000000000,0.0000000000,-0.0000000000,0.0000000000,0.0000000000,0.0000000000,0.0000000000,0.0000000000,-0.0000000000,-0.0000000000,0.0000000000,0.0000000000,-0.0354082802,-0.0018801641,-0.0176012145,-0.0000000000,-0.2448764635,0.0000000000,-0.2246452532,0.0000000000,-0.0000000000,-0.0000000000,-0.0000000000,0.0000000000,0.0000000000,0.0000000000,0.1147760212,-0.6080616183,-0.0000000000,0.0000000000,0.0198645776,-0.0701770286,-0.0000000000,-0.0000000000,-0.0459851183,-0.0000000000,-0.0000000000,-0.1980843144,-0.0000000000,-0.0143087474,0.0000000000,0.0000000000,0.0000000000,0.0000000000,-0.0384767144,0.0000000000,0.0000000000,0.0000000000,0.0000000000,-0.0000000000,-0.0376215621
