0,1,2,3,4,5,6,7,8,9,10,11,12,13,14,15,16,17,18,19,20,21,22,23,24,25,26,27,28,29,30,31,32,33,34,35,36,37,38,39,40,41,42,43,44,45,46,47,48,49,50,51,52,53,54,55,56,57,58,59,60,61,62,63,64,65,66,67,68,69,70,71,72,73,74,75,76,77,78,79,80,81,82,83,84,85,86,87,88,89,90,91,92,93,94,95,96,97,98,99
3.2815522058,-0.0000000000,-0.0000000000,-0.1632970215,-0.0000000000,-0.1406262865,-0.0000000000,0.0000000000,0.0000000000,0.0000000000,-0.0000000000,0.0000000000,-0.0000000000,0.0000000000,0.0751533663,-0.0000000000,-0.0000000000,-0.0000000000,0.0161750353,-0.1333228534,-0.0000000000,-0.0000000000,0.0000000000,0.1811764687,-0.3572510147,0.2169566720,0.0000000000,-0.0000000000,-0.0000000000,0.0481451186,0.0000000000,-0.5938849099,-0.8843662064,0.0000000000,0.0776635802,0.0000000000,-0.0000000000,-0.0000000000,0.1406557264,-0.0000000000,0.0000000000,-0.0000000000,0.0000000000,0.0000000000,-0.0000000000,0.0000000000,-0.0000000000,-0.0674509847,-0.0000000000,-0.0000000000,-0.9739564524,-0.0000000000,0.0000000000,0.0000000000,0.2721788543,-0.5700134998,0.0000000000,0.0000000000,-0.0000000000,-0.0308000106,0.0000000000,0.0000000000,0.0000000000,-0.0000000000,0.0000000000,0.0000000000,0.0000000000,0.0000000000,0.0000000000,0.0457281914,-0.0012469151,0.0000000000,0.0000000000,0.1270970772,0.0000000000,-0.0000000000,0.0000000000,0.0167972869,-0.0560643162,-0.0000000000,0.3026595083,0.0194958784,-0.0000000000,-0.0176501139,0.0000000000,0.0000000000,0.0000000000,0.0000000000,-0.0000000000,0.0000000000,0.0000000000,-0.0000000000,-0.0493930124,0.0000000000,0.1909776798,0.0000000000,-0.0000000000,0.0000000000,-0.0000000000,0.0000000000
-0.0000000000,4.0230268152,-0.3090199474,-0.6269880956,-0.4373472377,0.0000000000,-0.0000000000,-0.5774696546,-0.0000000000,-0.0000000000,-0.0000000000,0.0000000000,0.0000000000,0.0000000000,0.0000000000,-0.3075115676,0.0000000000,-0.0000000000,0.0000000000,-0.0000000000,-0.0761542694,-0.0883073440,-0.0000000000,0.0000000000,0.0000000000,0.0000000000,-0.0000000000,0.0000000000,0.0000000000,-0.0000000000,-0.0000000000,-0.0000000000,-0.0000000000,0.0000000000,0.0000000000,-0.0000000000,-0.0000000000,-0.0000000000,0.0000000000,-0.0000000000,0.0759953227,0.0113723097,0.0000000000,0.0000000000,0.0000000000,-0.0000000000,-0.0020063424,-0.0000000000,0.0000000000,0.0000000000,-0.0000000000,-1.4162797349,-0.0894891509,-0.0000000000,-0.0483713237,-0.0000000000,-0.3533365856,-0.0000000000,-0.0000000000,0.0000000000,0.0000000000,0.0513412387,0.0000000000,0.0000000000,0.0000000000,-0.0000000000,-0.0000000000,-0.0000000000,-0.0000000000,-0.0000000000,-0.0000000000,0.0000000000,-0.0343515903,-0.0000000000,0.0000000000,0.1146552365,0.0000000000,-0.0000000000,0.0000000000,-0.0000000000,0.0000000000,0.0000000000,0.0000000000,-0.0000000000,-0.0261994990,-0.0000000000,0.0000000000,0.0000000000,-0.0000000000,0.0000000000,0.0000000000,0.0000000000,0.0000000000,0.0000000000,0.0000000000,0.0214474329,-0.0000000000,-0.0000000000,0.0000000000,0.0000000000
-0.0000000000,-0.3090199474,2.8176152034,-0.0000000000,-0.0890759953,-0.3836560574,-0.0721521396,-0.3440440114,-0.0000000000,-0.0000000000,-0.0000000000,-0.0000000000,-0.0000000000,-0.0000000000,0.0000000000,-0.0000000000,-0.0000000000,0.0000000000,-0.0000000000,0.0000000000,-0.0000000000,-0.1194655105,-0.0000000000,0.0000000000,0.0000000000,-0.0000000000,-0.0000000000,-0.0000000000,-0.0000000000,0.0000000000,-0.0310135568,0.0000000000,-0.0000000000,0.0306325275,0.0000000000,-0.0000000000,-0.2043809361,-0.0000000000,0.0000000000,-0.1316630102,0.0333142475,0.0000000000,-0.0000000000,-0.0000000000,0.0000000000,0.0000000000,0.0000000000,0.0000000000,0.0000000000,0.0000000000,0.0000000000,-0.5855252985,0.0000000000,-0.0000000000,-0.3848705379,-0.4128720766,-0.0000000000,-0.0000000000,0.0000000000,0.0000000000,0.0000000000,0.0000000000,-0.0000000000,-0.0186730269,-0.0000000000,0.0000000000,-0.0000000000,-0.2501105851,0.0000000000,0.0000000000,-0.0000000000,0.0000000000,-0.0000000000,-0.0281713966,-0.0000000000,0.0000000000,0.0000000000,-0.0000000000,-0.0000000000,-0.0000000000,0.0000000000,0.1953805864,0.0000000000,0.0000000000,-0.0000000000,0.0000000000,-0.0000000000,0.0000000000,-0.0000000000,0.0000000000,0.0439338412,-0.0000000000,-0.0000000000,-0.0000000000,-0.0247655595,0.0000000000,-0.0000000000,0.0000000000,0.0000000000,0.0000000000
-0.1632970215,-0.6269880956,-0.0000000000,3.4917396199,-0.1149301083,0.0000000000,-0.2498274834,-0.1020769460,-0.0000000000,-0.0000000000,-0.0000000000,0.0000000000,-0.0000000000,0.0000000000,0.0000000000,-0.3904389905,0.0000000000,-0.0000000000,0.1075453995,-0.0000000000,-0.0000000000,-0.0000000000,-0.0000000000,0.0000000000,0.0000000000,0.0176324848,-0.0000000000,0.0000000000,-0.0000000000,-0.0000000000,-0.0000000000,-0.0000000000,-0.0305076382,0.0000000000,0.0000000000,0.0532946802,-0.0000000000,-0.0000000000,0.0000000000,-0.0000000000,0.1024462249,0.0000000000,-0.0000000000,0.0000000000,-0.0000000000,-0.0000000000,-0.0000000000,-0.0000000000,0.0000000000,0.0000000000,-0.0000000000,-0.0000000000,-0.0000000000,-1.5787347170,-0.0000000000,-0.0000000000,-0.4100537537,-0.0000000000,-0.0218631742,-0.0000000000,-0.0000000000,0.0000000000,0.0000000000,-0.0000000000,-0.0000000000,0.0000000000,-0.0000000000,-0.0000000000,-0.0000000000,-0.0000000000,-0.0000000000,0.0000000000,-0.0000000000,-0.0000000000,-0.0000000000,0.0000000000,-0.0000000000,0.0000000000,-0.0000000000,0.0000000000,0.2199613669,-0.0000000000,-0.0000000000,-0.0000000000,-0.0636954493,-0.1163496821,0.0000000000,0.0000000000,0.0000000000,0.0461417983,0.0000000000,0.0000000000,0.0000000000,0.0000000000,0.0083927219,0.0000000000,-0.0000000000,-0.0000000000,0.0000000000,-0.0000000000
-0.0000000000,-0.4373472377,-0.0890759953,-0.1149301083,3.3668679191,-0.0000000000,0.0000000000,-0.0000000000,-0.0000000000,0.0000000000,-0.0000000000,0.0000000000,-0.2776489049,0.0000000000,0.0000000000,-0.0000000000,-0.0000000000,0.0000000000,0.0000000000,-0.0000000000,0.0000000000,-0.0000000000,-0.0000000000,0.0000000000,0.0000000000,0.0000000000,-0.0000000000,-0.0000000000,0.0000000000,-0.0647591790,0.0000000000,-0.0000000000,-0.0000000000,0.0000000000,0.0000000000,0.0000000000,-0.0000000000,0.0000000000,0.0000000000,-0.0000000000,0.0276798882,0.0000000000,-0.1078273101,-0.0000000000,-0.0000000000,-0.2090562126,-0.0000000000,-0.0000000000,0.0000000000,0.0000000000,-0.0000000000,-0.0000000000,-0.0000000000,-1.4687801594,-0.3274969420,-0.5034130103,-0.0000000000,-0.0000000000,-0.0000000000,0.0000000000,0.0000000000,-0.0000000000,0.0000000000,-0.0000000000,-0.0000000000,0.0000000000,-0.2614676283,0.0000000000,0.0000000000,0.0000000000,-0.0000000000,0.0000000000,-0.0000000000,-0.0000000000,0.0000000000,0.0583188300,0.0000000000,-0.0000000000,-0.0000000000,-0.0000000000,0.0000000000,-0.0000000000,-0.0867675636,-0.0000000000,-0.1713196879,-0.0000000000,0.0000000000,0.0000000000,-0.0000000000,0.0000000000,0.0000000000,0.1380599290,-0.0000000000,-0.0000000000,-0.0000000000,-0.0000000000,-0.0000000000,-0.0000000000,0.0000000000,-0.0000000000
-0.1406262865,0.0000000000,-0.3836560574,0.0000000000,-0.0000000000,2.2708252618,-0.0000000000,0.0000000000,-0.2699921230,0.0000000000,-0.0000000000,-0.0000000000,-0.0000000000,-0.0000000000,0.0000000000,0.0000000000,-0.3233693876,-0.0000000000,-0.0000000000,0.0000000000,-0.0000000000,-0.0000000000,-0.0000000000,-0.0000000000,-0.0459227630,0.0000000000,0.0200766623,-0.0796567401,-0.3519187437,0.0872781990,-0.0000000000,-0.0000000000,-0.0000000000,0.0000000000,0.0000000000,-0.1256692029,-0.0000000000,-0.0946836889,-0.0000000000,-0.0000000000,-0.0000000000,0.0000000000,-0.0547065539,-0.0000000000,-0.0000000000,0.0009348347,-0.0000000000,0.0000000000,-0.2813913874,-0.0000000000,-0.0441102563,-0.0000000000,0.0000000000,0.0000000000,-0.2656401911,-0.4567716637,0.0000000000,-0.0019903712,-0.0000000000,-0.0000000000,-0.0000000000,-0.0000000000,-0.0000000000,-0.0000000000,0.0000000000,0.0000000000,0.1624325506,-0.0000000000,0.1804062348,0.1899446173,0.0000000000,0.0000000000,0.0000000000,0.0000000000,-0.0000000000,-0.0300614526,-0.0000000000,0.0000000000,-0.0198472108,-0.1074784926,0.0000000000,0.0000000000,-0.0000000000,0.0074733400,0.0000000000,0.0000000000,-0.0000000000,-0.0000000000,-0.0000000000,-0.0000000000,0.0000000000,-0.0000000000,-0.0000000000,0.0000000000,-0.0000000000,-0.0000000000,0.0414940542,0.0114903447,-0.0000000000,0.0000000000
-0.0000000000,-0.0000000000,-0.0721521396,-0.2498274834,0.0000000000,-0.0000000000,2.5305742015,-0.6770275900,-0.3472539346,-0.1544016388,-0.0000000000,-0.0000000000,0.2465991440,0.0442301628,-0.0000000000,-0.0240213386,-0.0000000000,-0.0000000000,-0.0000000000,0.0000000000,-0.1583729043,-0.0000000000,-0.0000000000,0.0000000000,-0.0000000000,-0.0317757765,-0.0000000000,0.0000000000,-0.0934304014,0.1278545410,-0.0000000000,-0.0000000000,-0.0000000000,0.0000000000,-0.0000000000,0.0000000000,-0.0603327186,-0.1586910638,-0.0000000000,0.0000000000,-0.0000000000,-0.0000000000,0.0000000000,0.0000000000,0.2636432825,0.0000000000,0.0368812007,0.0000000000,-0.0000000000,0.0000000000,0.0000000000,0.0000000000,0.0000000000,-0.0000000000,-0.0000000000,-0.0545816287,-0.0000000000,0.0000000000,-0.0000000000,0.0000000000,-0.0000000000,0.1017747739,0.0000000000,0.0000000000,-0.0000000000,0.0000000000,-0.4653927991,-0.0000000000,-0.0000000000,-0.4869310077,0.0000000000,-0.0000000000,-0.0000000000,-0.0691277502,-0.0081779682,-0.0237032879,-0.0000000000,0.0000000000,0.0246756086,-0.0000000000,0.0000000000,-0.0000000000,0.0000000000,0.0000000000,-0.0029145103,0.0000000000,-0.2125172222,0.0000000000,-0.0000000000,-0.0000000000,0.0000000000,-0.0000000000,-0.0000000000,-0.0000000000,0.0000000000,0.0000000000,0.0000000000,0.0000000000,0.0000000000,-0.0000000000
0.0000000000,-0.5774696546,-0.3440440114,-0.1020769460,-0.0000000000,0.0000000000,-0.6770275900,4.1398628763,-0.3603242025,-0.0000000000,-0.0000000000,0.0000000000,0.0000000000,0.0000000000,0.0000000000,-0.0000000000,0.0000000000,-0.0000000000,-0.0000000000,0.0000000000,-0.0000000000,0.0000000000,-0.0000000000,0.0000000000,-0.0000000000,-0.0000000000,-0.0000000000,0.0039417314,0.0000000000,0.0000000000,-0.0299787645,0.0000000000,0.0892162079,0.0000000000,0.2653620007,-0.0000000000,-0.0000000000,-0.0000000000,0.0000000000,0.0000000000,0.0753460599,-0.0000000000,-0.0000000000,0.0000000000,-0.0000000000,0.0000000000,0.0000000000,0.0000000000,0.0000000000,0.0000000000,0.2037844106,-0.0000000000,-0.0000000000,-0.0454839525,-0.0132350427,-0.0000000000,-1.3262030074,-0.7083193603,-0.0000000000,0.0000000000,-0.0000000000,0.0428224199,0.0000000000,0.0000000000,0.0000000000,0.1967344924,-0.0000000000,-0.0000000000,-0.0000000000,-0.4135417386,0.0000000000,0.0000000000,-0.0000000000,-0.0000000000,-0.0000000000,-0.0000000000,0.0000000000,0.0000000000,0.0000000000,-0.0000000000,0.0000000000,-0.0000000000,-0.0000000000,0.0000000000,-0.0000000000,0.0000000000,-0.0000000000,0.1442140737,-0.0000000000,0.0000000000,0.1301489295,-0.0000000000,0.0000000000,-0.0000000000,-0.0000000000,0.0000000000,-0.0000000000,0.2050483003,0.0231027607,0.0000000000
0.0000000000,-0.0000000000,-0.0000000000,-0.0000000000,-0.0000000000,-0.2699921230,-0.3472539346,-0.3603242025,3.2906760391,-0.0000000000,0.0000000000,0.0000000000,-0.0000000000,0.1467174943,0.0000000000,-0.0000000000,-0.0000000000,-0.0000000000,-0.0000000000,0.0000000000,-0.0000000000,0.0000000000,-0.0000000000,-0.0000000000,-0.0000000000,0.0000000000,-0.0000000000,0.0000000000,-0.0140626747,0.1963069168,0.0000000000,0.0000000000,0.0000000000,0.0000000000,0.0000000000,-0.1931233242,-0.2144819394,-0.0000000000,-0.0000000000,-0.0000000000,0.0000000000,0.0085260921,-0.0000000000,-0.2222490715,-0.0000000000,-0.0000000000,0.0000000000,0.0000000000,-0.0000000000,-0.0000000000,-0.0000000000,-0.0000000000,-0.0000000000,-0.0000000000,-0.3738520901,-0.2949179747,-0.0000000000,-1.2766757943,-0.0438595301,-0.0000000000,-0.0000000000,-0.0000000000,0.0296630157,0.0000000000,-0.0000000000,0.0000000000,0.0000000000,-0.0000000000,0.0000000000,-0.0000000000,0.0000000000,-0.0000000000,0.0000000000,-0.0318155332,-0.0000000000,-0.0000000000,-0.0000000000,0.0000000000,-0.0000000000,0.0000000000,0.0000000000,-0.1577237210,-0.0000000000,0.0000000000,-0.0864732361,0.0000000000,-0.0521598627,-0.0000000000,-0.1837458526,-0.0000000000,-0.0000000000,-0.0000000000,-0.0000000000,0.0000000000,-0.0000000000,0.0000000000,-0.0000000000,0.0000000000,0.0000000000,-0.0000000000
0.0000000000,-0.0000000000,-0.0000000000,-0.0000000000,0.0000000000,0.0000000000,-0.1544016388,-0.0000000000,-0.0000000000,1.8985394957,-0.4945939747,-0.0000000000,0.0000000000,0.0000000000,-0.0000000000,0.0000000000,-0.0000000000,0.0000000000,0.0000000000,0.0000000000,-0.0000000000,0.0000000000,-0.0000000000,-0.0000000000,-0.2560567271,-0.0146335942,-0.0631670386,0.0525155522,-0.0000000000,0.0000000000,-0.0000000000,-0.0000000000,0.0000000000,-0.0000000000,-0.0512914030,0.0248857272,-0.0000000000,-0.1935748850,-0.0000000000,0.0000000000,0.0000000000,0.0226627913,0.1846189137,0.0000000000,-0.0000000000,0.0000000000,0.0000000000,-0.0000000000,0.0000000000,0.0000000000,0.1125732811,0.0000000000,0.0586063221,0.0000000000,-0.0000000000,-0.0000000000,0.0000000000,0.0000000000,-0.0798572880,-0.5452977394,-0.1420688317,-0.0000000000,-0.0000000000,-0.0000000000,-0.0000000000,-0.0000000000,-0.0000000000,0.0000000000,-0.0000000000,-0.0000000000,0.0000000000,-0.0000000000,-0.0000000000,-0.0484529166,0.0000000000,-0.0265946998,-0.0000000000,-0.0150807129,0.0000000000,0.0357335513,-0.0000000000,-0.0000000000,-0.0000000000,-0.0000000000,-0.1764696113,-0.0000000000,-0.0000000000,0.0000000000,0.0000000000,-0.0000000000,0.1740218791,0.0251557230,0.0000000000,-0.0000000000,-0.0000000000,0.0000000000,-0.0887247000,0.0000000000,0.0000000000,-0.0000000000
-0.0000000000,-0.0000000000,-0.0000000000,-0.0000000000,-0.0000000000,-0.0000000000,-0.0000000000,-0.0000000000,0.0000000000,-0.4945939747,2.0878651772,-0.6719906503,-0.0000000000,0.0000000000,0.0000000000,0.0000000000,0.0000000000,-0.0000000000,0.0000000000,-0.0189895436,-0.0000000000,-0.0481258163,-0.0000000000,0.0000000000,-0.0796058881,-0.0000000000,0.0000000000,0.0000000000,-0.0000000000,-0.0006386707,0.0000000000,-0.1959226938,-0.0000000000,-0.0000000000,-0.0000000000,0.0000000000,-0.0000000000,0.0000000000,0.0023412245,-0.0000000000,-0.0000000000,0.0000000000,-0.0000000000,0.1080979876,-0.0000000000,-0.0000000000,-0.0000000000,-0.0213245873,0.0000000000,-0.0000000000,-0.0000000000,0.0000000000,0.0000000000,-0.0000000000,0.0000000000,-0.4116409144,0.0000000000,0.0000000000,-0.0058639624,-0.1396758086,0.0000000000,0.0000000000,-0.0000000000,-0.0000000000,0.0000000000,-0.0000000000,-0.0000000000,0.0000000000,-0.0000000000,-0.0000000000,0.0000000000,-0.0000000000,-0.0000000000,0.0000000000,0.0019678887,-0.0000000000,0.0000000000,-0.0041385498,0.0000000000,0.0000000000,-0.0000000000,-0.0000000000,-0.0000000000,-0.0000000000,-0.0000000000,-0.0000000000,0.0000000000,0.0952216079,-0.0000000000,0.0000000000,0.0852051937,0.0000000000,0.0000000000,-0.4609652790,0.0000000000,0.0999501125,-0.0984383584,0.0000000000,-0.0000000000,-0.0000000000
0.0000000000,0.0000000000,-0.0000000000,0.0000000000,0.0000000000,-0.0000000000,-0.0000000000,0.0000000000,0.0000000000,-0.0000000000,-0.6719906503,2.8209517633,-0.0968449703,-0.1974031807,-0.0000000000,0.0000000000,-0.2874455754,-0.0000000000,-0.1284936205,0.0000000000,0.0000000000,0.0000000000,-0.0000000000,-0.0000000000,-0.0000000000,-0.4008049694,0.0000000000,0.0000000000,-0.0000000000,-0.0000000000,0.0000000000,-0.0000000000,0.1396438367,-0.2132877762,-0.0000000000,0.0000000000,0.0429761428,0.0404170411,0.0000000000,0.0000000000,-0.0000000000,-0.0000000000,0.0000000000,0.0000000000,0.0000000000,-0.0000000000,0.0000000000,0.0000000000,0.0000000000,-0.0000000000,-0.0000000000,0.0000000000,0.0000000000,0.0000000000,-0.0000000000,0.0000000000,0.0645770547,0.0000000000,-0.0000000000,-0.0460469102,-0.4515512556,-0.1733321037,-0.1970833308,-0.0000000000,-0.0000000000,-0.0000000000,-0.0000000000,-0.0442589359,-0.2549886235,-0.0000000000,0.0000000000,0.0000000000,0.0000000000,0.0000000000,-0.0000000000,-0.2412943055,-0.0000000000,-0.0000000000,0.1874628095,-0.0000000000,-0.0015568747,-0.0000000000,0.0000000000,-0.0000000000,-0.0000000000,0.0000000000,0.0000000000,0.0000000000,0.0000000000,0.0000000000,0.0000000000,-0.0000000000,0.0616030797,-0.0000000000,0.0000000000,0.0000000000,-0.0000000000,0.0000000000,0.0000000000,0.0000000000
-0.0000000000,0.0000000000,-0.0000000000,-0.0000000000,-0.2776489049,-0.0000000000,0.2465991440,0.0000000000,-0.0000000000,0.0000000000,-0.0000000000,-0.0968449703,2.5453145084,-0.0000000000,-0.0000000000,0.0000000000,-0.0468897024,0.0000000000,-0.0000000000,-0.2326014969,0.0000000000,-0.0000000000,-0.0000000000,-0.0000000000,0.2529717784,0.0000000000,0.0000000000,-0.0918964553,-0.1353281848,-0.0000000000,0.0000000000,-0.0000000000,0.0000000000,0.0000000000,-0.0000000000,-0.0000000000,-0.0000000000,0.0000000000,0.0000000000,0.0000000000,0.0000000000,0.0000000000,-0.0668417398,-0.0000000000,-0.0000000000,-0.0000000000,-0.0462718396,-0.0000000000,-0.0000000000,-0.0000000000,-0.0000000000,-0.0000000000,0.0000000000,-0.0000000000,-0.0000000000,-0.0000000000,0.0000000000,0.0000000000,-0.0000000000,-0.0000000000,-0.0000000000,-0.9357465987,-0.3285055892,-0.0000000000,-0.1192424448,-0.0000000000,-0.0000000000,-0.0000000000,-0.0000000000,0.0000000000,-0.0000000000,0.0000000000,-0.0000000000,0.0000000000,0.0000000000,0.0000000000,-0.1733774571,-0.0000000000,-0.0000000000,0.0908048800,0.0000000000,0.0000000000,-0.0000000000,-0.1799840663,-0.0000000000,-0.0000000000,-0.0000000000,-0.0000000000,-0.0114475199,0.0000000000,-0.0000000000,0.0000000000,-0.0000000000,0.0000000000,-0.0000000000,-0.0000000000,-0.0000000000,-0.2025773665,-0.0000000000,0.0000000000
0.0000000000,0.0000000000,-0.0000000000,0.0000000000,0.0000000000,-0.0000000000,0.0442301628,0.0000000000,0.1467174943,0.0000000000,0.0000000000,-0.1974031807,-0.0000000000,3.5618281647,-0.6675268111,0.0000000000,-0.0000000000,-0.0000000000,-0.8464058547,-0.0000000000,-0.0000000000,-0.0000000000,-0.0000000000,0.0000000000,0.0000000000,-0.0000000000,0.0000000000,-0.0000000000,-0.0000000000,-0.0000000000,0.0000000000,0.0000000000,-0.0000000000,-0.0393985528,-0.3112981838,0.0000000000,0.0000000000,0.0000000000,0.0000000000,0.0127883120,-0.0000000000,0.0000000000,0.0000000000,0.0000000000,0.0000000000,-0.0000000000,0.0000000000,0.0000000000,0.0000000000,0.0000000000,0.0000000000,-0.0000000000,-0.0000000000,0.0000000000,-0.0000000000,0.0000000000,0.0000000000,0.0000000000,0.0000000000,-0.0000000000,-0.0425604226,-0.0000000000,-0.2739704936,-1.2120538247,-0.0000000000,-0.2057896369,0.0922691967,-0.0000000000,-0.0000000000,0.0000000000,-0.0000000000,0.0000000000,-0.0000000000,0.0000000000,0.0000000000,0.0000000000,0.0000000000,-0.0101436707,0.0000000000,-0.0000000000,0.0000000000,0.0000000000,0.0000000000,0.0000000000,-0.0000000000,0.0000000000,0.0000000000,-0.0000000000,0.0000000000,0.2007664779,0.0000000000,0.0000000000,0.0481815400,0.0000000000,0.0000000000,-0.0000000000,-0.0000000000,0.0000000000,-0.0000000000,0.0000000000
0.0751533663,0.0000000000,0.0000000000,0.0000000000,0.0000000000,0.0000000000,-0.0000000000,0.0000000000,0.0000000000,-0.0000000000,0.0000000000,-0.0000000000,-0.0000000000,-0.6675268111,4.5561474578,-0.0000000000,-0.0000000000,-0.0000000000,-0.3127128219,-0.0000000000,-0.4742242886,-0.0000000000,-0.4185839812,-0.1618891169,0.0000000000,-0.0000000000,-0.0000000000,-0.0000000000,-0.0820777918,-0.0000000000,0.0000000000,0.0000000000,-0.0000000000,-0.0000000000,-0.0000000000,-0.0000000000,0.0000000000,-0.0000000000,-0.0000000000,0.0000000000,-0.0000000000,0.0000000000,0.0000000000,-0.0000000000,0.0000000000,-0.0000000000,-0.0000000000,-0.0000000000,0.0000000000,-0.0000000000,0.0000000000,-0.0000000000,-0.0000000000,0.0000000000,-0.0000000000,0.0000000000,0.0000000000,0.0000000000,-0.0000000000,-0.0000000000,-0.0000000000,-0.0000000000,-0.0000000000,-0.0000000000,-0.0107095935,-2.1576889018,0.0000000000,-0.0000000000,-0.0000000000,-0.0000000000,-0.0000000000,-0.0000000000,-0.0000000000,-0.1668353157,-0.0000000000,-0.0000000000,-0.0000000000,-0.4905519381,0.0548732689,-0.0000000000,-0.0000000000,0.0000000000,0.0225478140,0.0000000000,-0.0000000000,-0.0000000000,0.0000000000,-0.1396347228,0.0000000000,-0.0000000000,-0.0000000000,0.0000000000,-0.0000000000,0.0000000000,0.0000000000,-0.0000000000,-0.0000000000,-0.0000000000,0.0000000000,0.0000000000
-0.0000000000,-0.3075115676,-0.0000000000,-0.3904389905,-0.0000000000,0.0000000000,-0.0240213386,-0.0000000000,-0.0000000000,0.0000000000,0.0000000000,0.0000000000,0.0000000000,0.0000000000,-0.0000000000,3.2875360884,-0.0000000000,-0.4859580731,-0.0000000000,-0.0000000000,-0.1284281497,-0.0000000000,-0.0000000000,-0.0000000000,0.0597556479,-0.0000000000,0.0000000000,0.0000000000,-0.0000000000,0.0000000000,-0.0000000000,-0.0000000000,-0.5468945339,-0.0000000000,0.0000000000,-0.0000000000,-0.0000000000,0.0000000000,0.0000000000,-0.2421154273,0.0000000000,0.0000000000,0.0000000000,0.0000000000,0.0000000000,0.0000000000,-0.0000000000,-0.0000000000,0.0000000000,0.0000000000,-0.4910142100,-0.1264848242,-0.8508261636,-0.0000000000,0.0000000000,0.0000000000,-0.0000000000,-0.0000000000,0.0000000000,0.0000000000,-0.0000000000,0.0000000000,-0.0000000000,-0.0000000000,-0.0000000000,-0.0000000000,-0.0000000000,-0.1613682669,-0.1785912681,-0.0000000000,-0.2431192637,-0.0000000000,-0.0000000000,-0.0000000000,-0.2622165049,0.0000000000,-0.0000000000,0.0000000000,-0.0000000000,-0.0000000000,-0.0000000000,0.0451040624,0.0000000000,-0.1433600063,-0.0000000000,-0.0000000000,0.0452056528,0.0000000000,0.0000000000,0.0252039277,-0.0000000000,-0.0000000000,-0.0000000000,0.0000000000,0.0000000000,0.0000000000,0.0000000000,0.0000000000,0.0000000000,0.0000000000
-0.0000000000,0.0000000000,-0.0000000000,0.0000000000,-0.0000000000,-0.3233693876,-0.0000000000,0.0000000000,-0.0000000000,-0.0000000000,0.0000000000,-0.2874455754,-0.0468897024,-0.0000000000,-0.0000000000,-0.0000000000,3.3751686214,-0.0000000000,-1.0467658483,-0.0000000000,-0.0000000000,-0.0000000000,-0.0000000000,-0.0452137505,0.0000000000,-0.0987796715,0.0000000000,-0.0000000000,-0.1994615128,0.0000000000,0.0000000000,-0.0000000000,-0.0000000000,-0.0718714159,-0.0000000000,-0.0000000000,-0.0000000000,0.0000000000,0.0000000000,0.1480827691,-0.0000000000,0.0000000000,-0.0000000000,0.0000000000,0.0000000000,0.0000000000,0.0828908205,0.0000000000,-0.0000000000,-0.0000000000,-0.0000000000,-0.0000000000,-0.0000000000,-0.0000000000,-0.0798714100,-0.0000000000,0.0000000000,0.0000000000,0.0000000000,0.0000000000,-0.0000000000,-0.2779139528,-0.1017745763,-0.0000000000,-0.0000000000,-0.0000000000,-0.0000000000,-0.2864474468,-0.0000000000,-0.0000000000,-0.0000000000,-0.0140858834,-0.0000000000,0.0000000000,-0.0000000000,-0.0000000000,-0.6990102545,-0.0000000000,0.0000000000,-0.0000000000,-0.0031464146,0.0000000000,0.0000000000,0.0000000000,-0.1138200620,0.0000000000,-0.0000000000,0.0000000000,-0.0000000000,0.1524047223,-0.0000000000,0.0561387184,0.0000000000,0.0203733772,0.0000000000,0.0000000000,0.3293578239,0.0000000000,-0.0000000000,-0.0000000000
-0.0000000000,-0.0000000000,0.0000000000,-0.0000000000,0.0000000000,-0.0000000000,-0.0000000000,-0.0000000000,-0.0000000000,0.0000000000,-0.0000000000,-0.0000000000,0.0000000000,-0.0000000000,-0.0000000000,-0.4859580731,-0.0000000000,3.9855549416,-0.0469858898,-0.4557244484,-0.0000000000,-0.0924033861,-0.2311753556,-0.0000000000,0.0000000000,-0.0000000000,0.6834537760,0.0000000000,0.0000000000,-0.0000000000,-0.0000000000,-0.0000000000,-0.0000000000,-1.3245071895,0.0000000000,-0.0754328781,0.0176761395,0.0000000000,0.0000000000,-0.0000000000,-0.0000000000,0.0000000000,-0.0000000000,0.0000000000,-0.0000000000,0.1696818893,-0.0000000000,-0.0000000000,-0.0000000000,-0.0000000000,-0.0000000000,-0.0105139141,-0.1048217001,0.0000000000,-0.0000000000,-0.0000000000,-0.0000000000,0.0000000000,-0.0000000000,-0.0000000000,-0.0171592588,0.0000000000,-0.0000000000,-0.0000000000,0.0000000000,-0.0000000000,-0.0000000000,-0.0000000000,-0.2859298229,-1.0371516089,-0.0000000000,-0.0122699864,-0.0000000000,0.0000000000,0.0000000000,-0.0000000000,0.0000000000,0.0000000000,-0.0000000000,-0.0000000000,-0.0000000000,0.0000000000,-0.0000000000,0.0000000000,0.0256710304,0.0000000000,0.1181450267,0.1028978617,-0.1425058943,0.0000000000,-0.0000000000,-0.0411563983,0.1195152669,-0.0000000000,0.0000000000,0.1137626256,0.0983598396,0.0000000000,-0.0468629809,0.0000000000
0.0161750353,0.0000000000,-0.0000000000,0.1075453995,0.0000000000,-0.0000000000,-0.0000000000,-0.0000000000,-0.0000000000,0.0000000000,0.0000000000,-0.1284936205,-0.0000000000,-0.8464058547,-0.3127128219,-0.0000000000,-1.0467658483,-0.0469858898,3.3354204021,0.0000000000,-0.0000000000,-0.0000000000,-0.0000000000,-0.0000000000,0.0000000000,-0.1280160647,0.0000000000,-0.0000000000,-0.0000000000,0.0000000000,-0.0000000000,0.0000000000,0.0000000000,-0.2381954427,-0.0000000000,-0.2340875241,0.0000000000,0.0000000000,0.0000000000,0.1276282222,0.0000000000,0.0000000000,0.0000000000,0.0000000000,0.0000000000,0.1318697468,0.0572361998,0.0000000000,-0.0000000000,-0.0000000000,0.0000000000,-0.0000000000,-0.0000000000,0.0000000000,-0.1639739827,0.0000000000,0.0000000000,-0.0000000000,0.0000000000,0.0000000000,-0.0000000000,-0.0000000000,-0.0000000000,-0.0000000000,-0.0000000000,-0.0000000000,0.0000000000,-0.3230630214,-0.0522456425,-0.0284471824,-0.0000000000,-0.0000000000,-0.0000000000,0.0000000000,-0.0000000000,-0.0000000000,-0.0000000000,-0.0000000000,0.0827070565,-0.0000000000,-0.0000000000,0.0000000000,0.2366098057,0.0228530963,-0.0000000000,0.1761498452,-0.0000000000,-0.0000000000,-0.0000000000,0.0000000000,-0.0000000000,-0.0000000000,0.1615111330,0.0000000000,0.0000000000,-0.0000000000,0.0116177348,0.0000000000,0.0000000000,0.0000000000
-0.1333228534,-0.0000000000,0.0000000000,-0.0000000000,-0.0000000000,0.0000000000,0.0000000000,0.0000000000,0.0000000000,0.0000000000,-0.0189895436,0.0000000000,-0.2326014969,-0.0000000000,-0.0000000000,-0.0000000000,-0.0000000000,-0.4557244484,0.0000000000,2.8265247211,-0.0000000000,-0.4349465936,-0.0466573473,0.0000000000,0.0000000000,0.0000000000,0.0000000000,-0.0000000000,-0.0000000000,0.0000000000,0.0000000000,-0.0000000000,-0.1137390108,-0.0000000000,-0.0000000000,-0.0000000000,-0.0000000000,0.0000000000,0.0000000000,-0.0000000000,-0.0000000000,0.0000000000,-0.0171838927,0.0000000000,-0.0767308949,0.0000000000,-0.0000000000,-0.0000000000,-0.0000000000,-0.0000000000,-0.0000000000,-0.0000000000,-0.0000000000,0.0000000000,-0.0000000000,-0.0000000000,-0.0000000000,0.0000000000,0.0000000000,0.0000000000,0.0000000000,-0.0000000000,-0.0000000000,-0.0000000000,0.0000000000,-0.0000000000,-0.0000000000,0.0000000000,-0.0000000000,-0.0000000000,-0.7804724275,-0.2743004706,-0.1856701903,0.0000000000,0.0702902555,0.0000000000,-0.0000000000,0.0000000000,-0.1971696634,0.0397849587,0.0000000000,0.0000000000,-0.0000000000,-0.1321832642,-0.0000000000,-0.1592099087,0.0661869995,0.0000000000,-0.2666668259,0.0279422007,-0.0000000000,0.0000000000,-0.0000000000,0.0000000000,0.0000000000,0.0856946493,0.1174991740,-0.0000000000,-0.3257316064,0.0000000000
-0.0000000000,-0.0761542694,-0.0000000000,-0.0000000000,0.0000000000,-0.0000000000,-0.1583729043,-0.0000000000,-0.0000000000,-0.0000000000,-0.0000000000,0.0000000000,0.0000000000,-0.0000000000,-0.4742242886,-0.1284281497,-0.0000000000,-0.0000000000,-0.0000000000,-0.0000000000,3.3687278287,0.0000000000,-0.0000000000,-0.2792404218,0.0000000000,-0.0000000000,0.0000000000,-0.0000000000,-0.6684696874,0.0894883953,-0.0000000000,-0.0000000000,-0.0512615780,0.0000000000,0.0000000000,-0.0000000000,-0.0000000000,-0.0000000000,0.0000000000,-0.0000000000,-0.0000000000,0.0000000000,0.0000000000,0.0000000000,0.0000000000,0.0000000000,-0.0000000000,0.0000000000,0.0000000000,0.0000000000,-0.0000000000,-0.0606785815,-0.0484938042,0.0000000000,-0.0000000000,-0.0000000000,-0.0000000000,-0.0000000000,-0.0000000000,-0.0000000000,-0.0000000000,0.0000000000,-0.0000000000,-0.0000000000,-0.2071387184,-0.2363531923,-0.0000000000,-0.0000000000,-0.0000000000,-0.0000000000,-1.1925653418,-0.0000000000,-0.0000000000,-0.0000000000,-0.2501184247,-0.0000000000,-0.0000000000,0.0000000000,0.0000000000,-0.0000000000,-0.0000000000,0.0299434683,0.0000000000,0.0000000000,-0.0000000000,-0.0000000000,0.1031404388,0.0000000000,0.0000000000,0.0000000000,0.0000000000,0.0000000000,0.0000000000,0.0574393680,0.0000000000,0.0000000000,0.0000000000,0.0000000000,0.0000000000,0.0861122888
-0.0000000000,-0.0883073440,-0.1194655105,-0.0000000000,-0.0000000000,-0.0000000000,-0.0000000000,0.0000000000,0.0000000000,0.0000000000,-0.0481258163,0.0000000000,-0.0000000000,-0.0000000000,-0.0000000000,-0.0000000000,-0.0000000000,-0.0924033861,-0.0000000000,-0.4349465936,0.0000000000,2.0604606847,-0.1215583152,0.0000000000,0.0000000000,-0.0000000000,-0.0000000000,-0.3035818017,0.0000000000,-0.1883875749,-0.0000000000,-0.0971725516,-0.1859410241,-0.1230467388,-0.1944707075,-0.0000000000,-0.0667055232,0.0000000000,-0.0638934037,-0.2088731175,0.0000000000,0.1387541902,-0.0805225904,0.0000000000,-0.0000000000,0.0000000000,-0.4307939294,-0.0000000000,0.0000000000,-0.0000000000,0.0093731519,-0.0000000000,-0.0000000000,0.0000000000,-0.0574913731,-0.0000000000,0.0000000000,0.0000000000,-0.0000000000,0.1126053155,0.0549207813,0.4921080572,-0.0000000000,0.0000000000,0.1690928238,0.0000000000,0.0000000000,0.0000000000,-0.0000000000,0.0000000000,0.0000000000,-0.0000000000,-0.0342713318,-0.0000000000,0.0000000000,0.0000000000,0.0000000000,-0.0000000000,-0.0000000000,-0.0000000000,0.0000000000,0.2268415420,-0.0000000000,-0.0502992396,-0.0000000000,-0.0000000000,0.0000000000,-0.0000000000,-0.0000000000,0.2059113671,-0.0000000000,-0.0078496978,-0.0000000000,-0.0000000000,0.0000000000,0.1631995416,0.0609817690,0.0000000000,0.0000000000,0.0000000000
0.0000000000,-0.0000000000,-0.0000000000,-0.0000000000,-0.0000000000,-0.0000000000,-0.0000000000,-0.0000000000,-0.0000000000,-0.0000000000,-0.0000000000,-0.0000000000,-0.0000000000,-0.0000000000,-0.4185839812,-0.0000000000,-0.0000000000,-0.2311753556,-0.0000000000,-0.0466573473,-0.0000000000,-0.1215583152,3.0596807684,-0.0000000000,-0.0000000000,-0.0000000000,0.0000000000,-0.0000000000,-0.0000000000,-0.0964779433,0.0000000000,-0.0000000000,-0.0000000000,-0.0000000000,0.0000000000,-0.0000000000,0.0000000000,0.0000000000,0.0641742977,0.0359730370,0.0000000000,0.0000000000,-0.0000000000,0.0000000000,-0.0000000000,0.0207919306,-0.0000000000,-0.4480280920,-0.0000000000,0.0000000000,0.0000000000,-0.0000000000,-0.0000000000,-0.0000000000,-0.2431864669,-0.0000000000,-0.0000000000,0.0000000000,-0.0144968257,-0.0000000000,-0.0915336182,-0.0000000000,-0.0000000000,-0.0000000000,-0.0000000000,-0.2643472681,-0.0000000000,-0.0000000000,-0.0000000000,-0.0000000000,-0.0000000000,-0.0000000000,-0.8365529263,0.0000000000,-0.0000000000,-0.0531231523,-0.2583788110,-0.3165365747,0.0000000000,-0.0000000000,-0.0000000000,0.0000000000,-0.0000000000,0.0000000000,0.0000000000,0.0000000000,0.0000000000,-0.0000000000,-0.0255615034,0.0000000000,0.0000000000,0.0000000000,0.0000000000,0.0000000000,0.2509225492,0.0310929783,0.0000000000,-0.2749343996,-0.0086449380,0.0000000000
0.1811764687,0.0000000000,0.0000000000,0.0000000000,0.0000000000,-0.0000000000,0.0000000000,0.0000000000,-0.0000000000,-0.0000000000,0.0000000000,-0.0000000000,-0.0000000000,0.0000000000,-0.1618891169,-0.0000000000,-0.0452137505,-0.0000000000,-0.0000000000,0.0000000000,-0.2792404218,0.0000000000,-0.0000000000,2.6630208184,0.0000000000,-0.3274281207,0.0000000000,-0.0000000000,-0.0000000000,-0.0000000000,0.0543568396,0.0000000000,0.0000000000,-0.0000000000,-0.0000000000,-0.5575555182,-0.0000000000,0.0000000000,-0.2628919899,-0.0000000000,-0.4043097331,0.0023778868,-0.0000000000,0.0000000000,0.0000000000,-0.0000000000,-0.0000000000,0.0000000000,0.0000000000,-0.0000000000,-0.0000000000,0.0000000000,-0.1299925580,0.0000000000,-0.0000000000,0.3302120810,0.1727644881,-0.0000000000,0.0000000000,-0.0000000000,-0.1866594746,-0.0000000000,-0.0161135150,0.0000000000,-0.0000000000,-0.0000000000,0.0369024495,0.0000000000,0.0000000000,0.0000000000,-0.0000000000,0.0000000000,0.0000000000,-0.0000000000,-0.5792829253,-0.1529629471,-0.3045075554,-0.0000000000,0.0794010816,-0.0000000000,-0.2178632764,0.0000000000,0.0000000000,0.0000000000,-0.0000000000,-0.0000000000,-0.0000000000,-0.0431024619,0.0000000000,-0.0000000000,-0.0000000000,-0.0000000000,0.0761104636,0.0000000000,-0.0000000000,0.0000000000,0.0000000000,0.1377855670,0.0000000000,0.1257867238
-0.3572510147,0.0000000000,0.0000000000,0.0000000000,0.0000000000,-0.0459227630,-0.0000000000,-0.0000000000,-0.0000000000,-0.2560567271,-0.0796058881,-0.0000000000,0.2529717784,0.0000000000,0.0000000000,0.0597556479,0.0000000000,0.0000000000,0.0000000000,0.0000000000,0.0000000000,0.0000000000,-0.0000000000,0.0000000000,2.9007514131,-0.0000000000,-0.0000000000,-0.0000000000,-0.0000000000,0.1496505395,-0.0000000000,-0.0429810156,0.0000000000,0.0000000000,0.0000000000,0.0000000000,0.0000000000,-0.0000000000,0.0000000000,0.0000000000,0.0000000000,-0.0000000000,0.0017649927,0.0000000000,0.0000000000,0.0000000000,0.0000000000,0.0000000000,-0.0000000000,0.1464388203,-0.0000000000,0.0000000000,0.1048675315,0.3850613513,0.0000000000,-0.0000000000,-0.0000000000,0.0000000000,-0.0000000000,-0.5113288367,0.0000000000,0.0000000000,0.1020514396,0.0000000000,0.2386301783,0.0000000000,0.0000000000,0.0296813569,0.0000000000,0.0000000000,0.0000000000,-0.0000000000,0.0000000000,-0.0000000000,0.0000000000,-1.4661632269,0.0000000000,0.0000000000,-0.0000000000,-0.1106697139,0.0000000000,0.0000000000,0.0000000000,0.0000000000,-0.0000000000,0.0000000000,0.0000000000,0.0000000000,0.0207051509,-0.0000000000,0.0000000000,-0.0000000000,-0.0000000000,-0.3310343852,0.0000000000,0.0000000000,0.0000000000,0.0000000000,-0.0000000000,0.0000000000
0.2169566720,0.0000000000,-0.0000000000,0.0176324848,0.0000000000,0.0000000000,-0.0317757765,-0.0000000000,0.0000000000,-0.0146335942,-0.0000000000,-0.4008049694,0.0000000000,-0.0000000000,-0.0000000000,-0.0000000000,-0.0987796715,-0.0000000000,-0.1280160647,0.0000000000,-0.0000000000,-0.0000000000,-0.0000000000,-0.3274281207,-0.0000000000,2.1006308531,-0.0000000000,-0.0000000000,-0.0000000000,-0.1064467354,-0.0109825114,0.0000000000,0.0000000000,-0.0000000000,-0.1306617628,-0.0000000000,-0.0000000000,0.0000000000,-0.0000000000,0.0424769914,0.0000000000,-0.5275498798,-0.0000000000,0.0000000000,0.0000000000,0.0000000000,0.0171350109,0.0000000000,0.1263731615,0.0000000000,0.0434452345,0.0000000000,-0.0000000000,0.0000000000,0.0000000000,0.0586424542,0.0000000000,0.0000000000,0.0000000000,0.4078525385,-0.0000000000,0.0042976934,-0.0000000000,0.0000000000,-0.0000000000,-0.0000000000,0.0000000000,0.0000000000,-0.0000000000,-0.0000000000,0.0000000000,-0.0000000000,-0.0000000000,-0.0000000000,-0.0000000000,-0.2199345644,-0.1723465543,-0.2494757473,0.0000000000,-0.0000000000,-0.0330703241,0.1383523866,0.0000000000,0.0675143952,-0.0000000000,0.0000000000,-0.0000000000,-0.0000000000,0.0000000000,0.0091542187,0.0000000000,-0.0000000000,0.0000000000,-0.0497727296,-0.0000000000,0.0000000000,0.2517662353,0.2200888893,0.0000000000,0.0000000000
0.0000000000,-0.0000000000,-0.0000000000,-0.0000000000,-0.0000000000,0.0200766623,-0.0000000000,-0.0000000000,-0.0000000000,-0.0631670386,0.0000000000,0.0000000000,0.0000000000,0.0000000000,-0.0000000000,0.0000000000,0.0000000000,0.6834537760,0.0000000000,0.0000000000,0.0000000000,-0.0000000000,0.0000000000,0.0000000000,-0.0000000000,-0.0000000000,2.8882503303,-0.0744951146,-0.0000000000,-0.0000000000,0.0000000000,0.0182321503,0.0000000000,0.0174798029,-0.3725945006,0.0468795659,-0.0000000000,0.0000000000,-0.0000000000,0.0000000000,0.0626285298,0.0000000000,0.3000346510,-0.0000000000,0.0000000000,-0.0315213539,0.0000000000,0.0000000000,0.0000000000,0.0000000000,0.0000000000,0.0000000000,-0.0000000000,0.0000000000,-0.0000000000,0.0000000000,-0.0000000000,-0.0000000000,-0.0000000000,0.0604925303,0.0000000000,0.0000000000,0.0000000000,0.0031745727,0.0000000000,-0.0000000000,-0.0000000000,0.0745990052,0.0000000000,-0.0000000000,0.0000000000,0.0000000000,-0.0000000000,-0.2962255558,0.0000000000,0.0000000000,-0.0000000000,-0.2584292173,0.0000000000,0.0000000000,-0.0000000000,0.0000000000,0.0000000000,-0.0856458739,-1.3675318460,-0.0000000000,-0.1583544874,-0.2752852479,0.0000000000,0.0000000000,-0.2467961900,-0.0000000000,-0.0698587377,0.0000000000,-0.0654399023,-0.0000000000,-0.0145228400,-0.1725198074,0.0393817683,0.0000000000
-0.0000000000,0.0000000000,-0.0000000000,0.0000000000,-0.0000000000,-0.0796567401,0.0000000000,0.0039417314,0.0000000000,0.0525155522,0.0000000000,0.0000000000,-0.0918964553,-0.0000000000,-0.0000000000,0.0000000000,-0.0000000000,0.0000000000,-0.0000000000,-0.0000000000,-0.0000000000,-0.3035818017,-0.0000000000,-0.0000000000,-0.0000000000,-0.0000000000,-0.0744951146,2.5226642650,-0.0371295722,-0.0000000000,-0.0000000000,0.0000000000,-0.0000000000,0.0000000000,-0.0000000000,-0.0028701287,-0.1437350639,-0.0000000000,-0.0000000000,0.0000000000,-0.0000000000,0.0000000000,-0.2703159852,-0.0104329054,-0.0000000000,0.0000000000,-0.1175099403,-0.0889343896,-0.0457443328,-0.0000000000,-0.0000000000,-0.0000000000,0.0000000000,0.0000000000,-0.0000000000,-0.0000000000,0.0000000000,0.0000000000,-0.0000000000,0.0000000000,-0.0000000000,0.0000000000,0.0000000000,-0.0000000000,-0.0000000000,-0.0000000000,0.0000000000,0.0028740567,0.2468553005,0.0000000000,-0.0000000000,0.0000000000,-0.0000000000,0.0000000000,0.0000000000,-0.0000000000,-0.1700575694,-0.3470335786,-0.0000000000,-0.0000000000,0.0697374207,0.2148618440,-0.0000000000,0.0000000000,0.0000000000,0.0000000000,-0.0000000000,-1.2033239848,-0.0000000000,0.0000000000,0.0000000000,-0.0000000000,-0.0000000000,0.0000000000,0.0000000000,-0.0000000000,0.0000000000,-0.0398179357,-0.0000000000,0.0000000000
-0.0000000000,0.0000000000,-0.0000000000,-0.0000000000,0.0000000000,-0.3519187437,-0.0934304014,0.0000000000,-0.0140626747,-0.0000000000,-0.0000000000,-0.0000000000,-0.1353281848,-0.0000000000,-0.0820777918,-0.0000000000,-0.1994615128,0.0000000000,-0.0000000000,-0.0000000000,-0.6684696874,0.0000000000,-0.0000000000,-0.0000000000,-0.0000000000,-0.0000000000,-0.0000000000,-0.0371295722,3.0872892732,0.2265055975,-0.0000000000,0.0000000000,-0.0000000000,0.0000000000,-0.0000000000,-0.0000000000,-0.0000000000,-0.0000000000,-0.0000000000,-0.0000000000,-0.0000000000,-0.0000000000,0.0000000000,-0.0000000000,0.0000000000,0.0000000000,0.0000000000,0.0000000000,-0.2415596558,-0.0000000000,-0.1454145554,0.0000000000,-0.0000000000,0.0000000000,-0.0000000000,-0.0000000000,0.0000000000,-0.0000000000,-0.0000000000,-0.0000000000,-0.1238519489,-0.0000000000,-0.0000000000,-0.0000000000,-0.2177245437,-0.0000000000,-0.0000000000,-0.0000000000,0.0000000000,0.0000000000,-0.0000000000,-0.0000000000,0.0000000000,-0.0197832702,-0.4464271068,-0.0388983783,-0.9197992047,0.0000000000,-0.0000000000,0.0000000000,0.1661029568,0.0000000000,0.0000000000,0.0000000000,-0.0000000000,0.0000000000,-0.0000000000,-0.0000000000,-0.0000000000,-0.0000000000,-0.0000000000,-0.0000000000,-0.0405180255,0.0000000000,-0.0000000000,-0.0000000000,0.0822120689,-0.0000000000,-0.0000000000,0.0000000000
