0,1,2,3,4,5,6,7,8,9,10,11,12,13,14,15,16,17,18,19,20,21,22,23,24,25,26,27,28,29,30,31,32,33,34,35,36,37,38,39,40,41,42,43,44,45,46,47,48,49,50,51,52,53,54,55,56,57,58,59,60,61,62,63,64,65,66,67,68,69,70,71,72,73,74,75,76,77,78,79,80,81,82,83,84,85,86,87,88,89,90,91,92,93,94,95,96,97,98,99
2.0810001305,0.0000000000,-0.5714308539,0.0000000000,0.0000000000,-0.0000000000,0.0000000000,0.0000000000,0.0000000000,-0.0000000000,-0.0000000000,0.1472228467,-0.2044263470,-0.0000000000,-0.0000000000,-0.0000000000,0.0000000000,-0.0000000000,-0.0000000000,0.0000000000,0.0000000000,-0.0000000000,-0.0000000000,0.0967147496,0.0000000000,0.0000000000,0.0000000000,0.0000000000,0.0000000000,0.0000000000,-0.0033134051,-0.3216520214,-0.0000000000,-0.0112296380,-0.0000000000,-0.0000000000,-0.0000000000,-0.0000000000,0.0000000000,-0.0000000000,0.0000000000,0.0313088099,0.0000000000,-0.0000000000,-0.0369606939,0.0000000000,-0.0000000000,-0.1256310260,-0.1584922166,-0.0000000000,-0.2283514748,-0.0000000000,0.0000000000,0.1465652301,-0.0000000000,-0.2522535018,0.0000000000,0.0860687775,0.0000000000,-0.0000000000,-0.0000000000,-0.0043081888,-0.0000000000,0.0000000000,0.0802417741,-0.0000000000,0.0000000000,0.0000000000,-0.0000000000,-0.0000000000,0.0000000000,-0.0000000000,0.0000000000,0.0000000000,0.0000000000,0.0000000000,0.0000000000,0.1218310870,-0.0000000000,-0.0581298259,0.0000000000,-0.0000000000,-0.0000000000,-0.0000000000,-0.0000000000,-0.0000000000,-0.0000000000,0.0000000000,-0.0000000000,0.0731144476,-0.1137378653,-0.0000000000,0.0741446020,0.0000000000,0.0000000000,-0.0000000000,0.0583673377,-0.1658755075,-0.3255187746,-0.0000000000
0.0000000000,3.0772268717,-0.0364285520,-0.6792982639,-0.3163699194,-0.0000000000,-0.0000000000,-0.3880682505,-0.0000000000,-0.0000000000,0.0000000000,-0.0000000000,-0.0000000000,-0.0000000000,-0.0000000000,-0.0000000000,0.0000000000,-0.0000000000,-0.0000000000,-0.0000000000,-0.1193730089,0.0000000000,-0.0000000000,-0.0000000000,0.0000000000,0.1594763469,-0.0000000000,-0.0000000000,0.0000000000,0.0000000000,0.0000000000,0.0000000000,-0.0000000000,0.0000000000,0.0062926947,0.1349367138,0.1066992994,-0.0000000000,-0.0000000000,-0.0175407837,-0.0000000000,0.0000000000,0.0000000000,-0.0000000000,0.0000000000,-0.0000000000,-0.0000000000,0.0000000000,0.0000000000,0.0000000000,-0.1395183586,-0.5591733562,-0.1952142331,-0.2033146429,-0.0000000000,0.0000000000,-0.2406963103,-0.3019341965,0.0000000000,-0.0000000000,0.0000000000,-0.0000000000,0.0000000000,0.0000000000,-0.2101282212,-0.0000000000,-0.0000000000,-0.0000000000,-0.0000000000,-0.0000000000,-0.0700318732,-0.0000000000,-0.0000000000,-0.0000000000,-0.0683997677,0.0000000000,-0.0000000000,0.0000000000,0.0000000000,0.0000000000,-0.0000000000,-0.0000000000,0.0000000000,0.0000000000,-0.0000000000,-0.0000000000,0.0645489221,0.0000000000,-0.0000000000,-0.0000000000,0.0000000000,0.0000000000,0.0000000000,0.1595755486,-0.0000000000,0.0000000000,-0.0000000000,-0.0000000000,0.0000000000,0.0000000000
-0.5714308539,-0.0364285520,2.5889696306,-0.0000000000,-0.0000000000,-0.0285939676,-0.0000000000,-0.0000000000,-0.0609609109,0.0000000000,-0.0000000000,0.0000000000,-0.0442410788,0.0000000000,0.0000000000,-0.0000000000,0.0000000000,-0.0000000000,0.0000000000,0.0562424524,0.0134432704,0.0000000000,-0.0000000000,-0.0000000000,-0.0000000000,-0.0052160432,-0.0000000000,0.0000000000,0.0000000000,-0.0000000000,0.0000000000,-0.0000000000,0.0000000000,0.0000000000,0.0000000000,-0.0000000000,-0.0000000000,-0.0000000000,-0.0000000000,-0.0000000000,0.0000000000,-0.0000000000,0.0000000000,0.0000000000,0.0000000000,0.0000000000,-0.0000000000,0.0000000000,0.0000000000,-0.0000000000,-0.0000000000,-0.4762053486,0.0000000000,0.0000000000,-1.0914100584,-0.2164249366,-0.0000000000,-0.0000000000,0.0000000000,-0.0461954970,0.0000000000,0.0000000000,-0.2084064226,0.0000000000,0.0000000000,0.0000000000,0.0000000000,0.0000000000,-0.0000000000,0.0000000000,0.0000000000,-0.1168151363,0.0000000000,0.0000000000,0.0000000000,-0.0314683823,0.0000000000,0.0000000000,-0.0000000000,-0.1357201067,0.0000000000,0.0000000000,-0.0000000000,-0.0000000000,-0.0312784836,-0.0000000000,-0.0000000000,-0.0000000000,-0.0000000000,0.0000000000,0.0000000000,0.0197315512,0.0000000000,0.0000000000,-0.0000000000,0.0000000000,0.0000000000,0.0000000000,0.0000000000,0.0000000000
0.0000000000,-0.6792982639,-0.0000000000,2.7490297958,-0.8228866126,-0.0000000000,-0.0000000000,-0.0000000000,-0.0000000000,-0.0000000000,0.0000000000,-0.0000000000,-0.0000000000,-0.0000000000,-0.0000000000,-0.0681610556,0.0000000000,-0.0000000000,-0.0000000000,-0.0000000000,0.0000000000,0.0000000000,-0.0331201957,0.0125781661,0.0000000000,0.0000000000,-0.0000000000,-0.0000000000,-0.0000000000,-0.0000000000,0.0000000000,-0.0000000000,-0.0785060669,0.2041136799,0.0000000000,0.0000000000,0.0000000000,-0.0276284508,-0.0000000000,-0.0000000000,-0.0000000000,0.0000000000,0.0000000000,0.0000000000,0.0000000000,-0.0000000000,0.0000000000,0.0000000000,0.1282447188,0.0000000000,-0.0000000000,-0.0000000000,-0.0000000000,-0.9079668523,-0.0000000000,-0.0000000000,-0.0000000000,-0.0000000000,0.0000000000,0.0241749829,0.2721933991,-0.0000000000,-0.0000000000,0.0000000000,-0.0000000000,-0.0000000000,-0.0000000000,-0.0000000000,-0.0000000000,-0.0000000000,-0.0000000000,-0.0000000000,-0.0000000000,-0.0000000000,-0.0000000000,-0.0000000000,-0.0000000000,-0.0181938609,-0.0000000000,-0.0000000000,-0.0000000000,-0.0000000000,0.0000000000,-0.0000000000,-0.1924243373,-0.0000000000,0.0000000000,-0.0000000000,-0.0311004493,-0.0000000000,0.0976288048,0.0000000000,0.0000000000,0.1000122344,-0.0000000000,-0.0000000000,-0.0847374286,0.0000000000,0.0000000000,0.0000000000
0.0000000000,-0.3163699194,-0.0000000000,-0.8228866126,2.0127010987,-0.2723602786,-0.0000000000,-0.0000000000,-0.1681430325,-0.0000000000,0.0000000000,-0.0000000000,-0.0000000000,-0.1420878284,-0.0000000000,-0.0000000000,0.1205127400,-0.0000000000,0.0000000000,-0.0000000000,-0.0000000000,-0.0000000000,-0.0000000000,0.0000000000,0.0423056993,0.0000000000,-0.0000000000,-0.1895980251,0.0000000000,-0.0000000000,-0.0000000000,-0.0000000000,-0.0000000000,0.0107167754,-0.0000000000,0.0030699746,0.0000000000,-0.0000000000,-0.0000000000,-0.0000000000,-0.0000000000,0.0000000000,0.0000000000,-0.0000000000,-0.0000000000,-0.0034448100,0.0000000000,0.0000000000,0.0000000000,0.0000000000,0.0000000000,-0.0000000000,-0.0000000000,-0.0711616017,-0.0000000000,0.0000000000,-0.0000000000,-0.0000000000,0.0000000000,0.0000000000,0.0073549589,-0.0000000000,0.0000000000,0.0622183637,0.0000000000,0.0000000000,0.0000000000,-0.0000000000,0.0509777204,0.0000000000,0.0000000000,-0.0000000000,-0.0000000000,0.0000000000,0.0000000000,-0.0000000000,-0.0000000000,-0.0000000000,0.0000000000,0.0149655494,0.0295185963,0.0000000000,0.0000000000,-0.0000000000,0.0000000000,0.0000000000,0.0000000000,-0.0000000000,0.0000000000,0.0000000000,0.0000000000,-0.0199393004,0.0418500860,0.0000000000,0.0000000000,-0.0000000000,0.0000000000,0.0000000000,0.0000000000,0.0100592714
-0.0000000000,-0.0000000000,-0.0285939676,-0.0000000000,-0.2723602786,2.3008633638,0.0000000000,-0.0000000000,-0.4464168347,-0.1067834197,-0.0000000000,-0.0000000000,-0.0000000000,-0.0000000000,-0.0000000000,-0.0000000000,-0.0000000000,-0.0459913151,-0.0000000000,-0.0000000000,-0.0000000000,-0.0049129225,0.0000000000,-0.0000000000,0.0000000000,-0.2850234289,-0.0000000000,-0.0000000000,0.0000000000,0.0000000000,-0.0000000000,0.0000000000,0.0000000000,-0.0000000000,-0.0000000000,-0.0000000000,0.0000000000,-0.0000000000,0.0000000000,-0.0000000000,0.0000000000,-0.0000000000,0.0000000000,-0.0000000000,-0.0883642308,-0.0000000000,-0.0000000000,-0.0000000000,-0.0235176668,-0.0000000000,-0.0000000000,-0.0000000000,0.0000000000,-0.0000000000,-0.4725967706,-0.7977171861,-0.0000000000,-0.0015817061,-0.0000000000,-0.0001248211,-0.0000000000,0.0031248864,-0.1056058505,0.0381860614,0.0000000000,0.0000000000,0.0179646545,0.0000000000,0.0695700268,0.0000000000,0.0072688994,0.0000000000,0.0734584031,0.1957190016,0.0000000000,-0.0000000000,0.0000000000,0.0000000000,-0.0000000000,0.0257263058,0.0634686222,0.0786037404,0.0000000000,0.0000000000,-0.0000000000,0.0000000000,0.0000000000,-0.0000000000,-0.0000000000,0.0000000000,0.0000000000,-0.1795552350,0.0489226729,-0.0000000000,-0.0000000000,0.0000000000,0.0000000000,0.0000000000,-0.0000000000,0.0000000000
0.0000000000,-0.0000000000,-0.0000000000,-0.0000000000,-0.0000000000,0.0000000000,2.1368426066,-0.3853432244,-0.0000000000,0.0000000000,-0.0000000000,0.0000000000,0.0108318658,-0.0000000000,-0.0000000000,-0.1262889423,-0.1404774204,-0.0000000000,-0.1092865912,0.0000000000,-0.1648488972,0.0000000000,0.0000000000,-0.0000000000,0.0000000000,0.0000000000,-0.0000000000,-0.0000000000,0.0000000000,0.0020209521,0.0000000000,-0.0000000000,0.0000000000,0.0604481490,-0.0000000000,0.0596192038,0.0000000000,0.0000000000,0.0000000000,-0.2155604487,0.0000000000,-0.0672164849,0.0000000000,-0.1448521112,0.0000000000,-0.0000000000,0.2474546799,0.0000000000,-0.0000000000,-0.0000000000,-0.0000000000,-0.0000000000,-0.1378686782,-0.0000000000,-0.0000000000,0.0000000000,-0.1575817087,-0.0000000000,0.0000000000,0.0000000000,0.0000000000,0.0000000000,0.0379961929,0.0000000000,-0.0937073484,0.0000000000,-0.0330113680,-0.4280387679,0.0000000000,-0.0000000000,-0.0000000000,-0.1586653087,-0.0000000000,0.0000000000,-0.0000000000,-0.0000000000,-0.0000000000,0.0000000000,0.0000000000,0.0000000000,0.0000000000,0.0383729115,0.0000000000,-0.0000000000,0.0000000000,-0.0000000000,0.0000000000,0.0000000000,0.0000000000,-0.0000000000,0.0000000000,-0.0000000000,-0.0000000000,-0.1984023741,-0.1438003361,-0.1110081760,-0.0000000000,0.0000000000,0.0000000000,0.0000000000
0.0000000000,-0.3880682505,-0.0000000000,-0.0000000000,-0.0000000000,-0.0000000000,-0.3853432244,4.5530836530,-0.2407182435,0.2308667804,-0.0000000000,0.0000000000,0.0000000000,0.0000000000,0.0000000000,-0.1014265405,0.0000000000,-0.2916212347,0.0000000000,0.0000000000,-0.0000000000,0.0000000000,0.0000000000,-0.0000000000,0.0000000000,-0.0000000000,-0.0000000000,-0.0000000000,0.0000000000,-0.0000000000,0.0000000000,-0.0000000000,0.0000000000,0.0000000000,0.0000000000,0.0000000000,0.0000000000,-0.0000000000,-0.0000000000,-0.0000000000,-0.0000000000,-0.0000000000,-0.0000000000,-0.0000000000,0.0000000000,-0.0000000000,-0.0000000000,0.0000000000,0.0000000000,0.0000000000,-0.0000000000,-0.2290944839,-0.1217147928,-0.0000000000,-0.0000000000,0.0000000000,-1.6105430528,-1.2778101202,0.0042617827,-0.0000000000,0.0000000000,0.0000000000,0.0000000000,0.1614304236,-0.0000000000,0.0000000000,-0.0000000000,-0.0000000000,0.0000000000,-0.2764659419,-0.0000000000,-0.0660774197,0.0000000000,0.0000000000,-0.0000000000,-0.0000000000,0.0000000000,0.0000000000,-0.0000000000,0.0000000000,-0.0000000000,0.0000000000,0.0000000000,0.0000000000,0.0000000000,0.0000000000,0.0000000000,0.0000000000,-0.0000000000,-0.0000000000,0.0000000000,0.0000000000,0.0000000000,0.0000000000,-0.0000000000,-0.0000000000,-0.0000000000,0.0000000000,0.0000000000,0.0000000000
0.0000000000,-0.0000000000,-0.0609609109,-0.0000000000,-0.1681430325,-0.4464168347,-0.0000000000,-0.2407182435,2.7736920121,-0.0000000000,0.0000000000,-0.0000000000,0.0000000000,0.0000000000,0.0000000000,-0.0000000000,0.0000000000,-0.0000000000,0.0000000000,-0.0890533805,-0.0572726536,0.0000000000,0.0000000000,-0.0000000000,0.0000000000,-0.0000000000,-0.0025453522,-0.0000000000,0.0000000000,-0.0000000000,-0.0000000000,0.0000000000,0.0241620327,0.0646812177,0.0000000000,-0.3520729487,-0.0000000000,-0.0000000000,-0.0000000000,-0.1269744715,-0.1784121745,-0.0000000000,0.0000000000,-0.0000000000,-0.0000000000,-0.0000000000,-0.0000000000,0.0000000000,-0.0000000000,-0.0000000000,-0.0000000000,-0.0000000000,-0.0000000000,-0.0000000000,-0.0000000000,-0.0000000000,-0.0000000000,-1.3506984440,-0.0000000000,0.0000000000,0.0000000000,0.0268066588,-0.0000000000,0.1341986353,-0.0000000000,0.0160405882,-0.0000000000,-0.0000000000,0.0000000000,0.0000000000,-0.0000000000,-0.0000000000,0.0000000000,-0.0000000000,-0.0000000000,-0.0000000000,-0.0000000000,0.0000000000,-0.0662196751,0.0000000000,0.0000000000,0.0000000000,0.0000000000,0.0000000000,-0.0000000000,0.0000000000,-0.0000000000,-0.0000000000,-0.0728562390,-0.0000000000,0.0000000000,-0.0000000000,0.0000000000,0.0000000000,-0.0000000000,-0.0000000000,-0.0000000000,0.2628252180,0.0000000000,0.0000000000
-0.0000000000,-0.0000000000,0.0000000000,-0.0000000000,-0.0000000000,-0.1067834197,0.0000000000,0.2308667804,-0.0000000000,1.8487021563,-0.0593565687,-0.4222485601,-0.0000000000,-0.0224095218,-0.1917214832,0.0421360241,-0.1920744325,0.0000000000,-0.0000000000,-0.0000000000,-0.0000000000,-0.0000000000,-0.0000000000,-0.0000000000,-0.0520506695,-0.0000000000,-0.0000000000,0.0000000000,-0.0777799422,0.0000000000,-0.0000000000,-0.0597002623,-0.1943672649,-0.0000000000,-0.0000000000,0.0000000000,-0.0000000000,-0.0346487823,0.0000000000,-0.0440805883,-0.0000000000,-0.0000000000,-0.0000000000,-0.0000000000,-0.0000000000,-0.0000000000,0.0000000000,-0.0000000000,-0.0000000000,-0.0000000000,-0.0000000000,-0.0000000000,0.0000000000,-0.0000000000,0.0000000000,0.0000000000,0.0000000000,0.0000000000,-0.5239917747,0.0000000000,-0.0000000000,-0.0000000000,0.0000000000,0.0000000000,0.0000000000,-0.0000000000,0.0000000000,0.0000000000,0.0000000000,0.2298899466,0.0030637037,0.0000000000,0.0000000000,-0.0000000000,-0.0000000000,-0.0000000000,-0.0329229213,-0.0373036638,-0.0000000000,-0.0128086978,0.0000000000,0.0000000000,-0.0000000000,0.0000000000,0.0000000000,0.0000000000,-0.0000000000,0.0000000000,0.0000000000,0.0000000000,-0.0000000000,-0.0896473864,0.0000000000,-0.0000000000,0.0000000000,-0.0000000000,0.0000000000,-0.0000000000,0.0000000000,-0.0000000000
-0.0000000000,0.0000000000,-0.0000000000,0.0000000000,0.0000000000,-0.0000000000,-0.0000000000,-0.0000000000,0.0000000000,-0.0593565687,1.6082987694,-0.1783456211,-0.1340189663,-0.0000000000,-0.0000000000,0.0000000000,-0.0000000000,-0.0000000000,-0.0000000000,0.1008654658,-0.0000000000,0.0000000000,-0.0000000000,-0.0000000000,-0.0000000000,-0.0000000000,0.0000000000,0.0000000000,0.0000000000,0.0000000000,-0.0000000000,-0.0439155900,-0.0000000000,-0.0000000000,0.0000000000,0.0000000000,0.0000000000,-0.0000000000,0.0000000000,-0.0000000000,0.0989086022,-0.0000000000,0.0000000000,0.0196417234,0.0000000000,0.0000000000,0.0000000000,-0.0000000000,0.0000000000,0.0000000000,-0.0000000000,-0.0000000000,-0.0000000000,0.0000000000,-0.0000000000,-0.2619377637,-0.0000000000,0.0000000000,-0.2031747828,-0.2790992459,-0.2159707981,-0.1477796929,-0.0000000000,-0.0230585073,-0.0000000000,-0.1108114076,0.0000000000,-0.0000000000,-0.0000000000,-0.0000000000,0.0000000000,-0.0000000000,-0.0000000000,0.0000000000,-0.0000000000,-0.0746061027,0.0000000000,-0.0000000000,-0.0204865901,-0.0000000000,0.0000000000,-0.0000000000,-0.0000000000,0.0000000000,-0.0000000000,-0.0000000000,-0.0413776411,0.0000000000,-0.0000000000,0.0055040449,-0.0000000000,0.0000000000,-0.0000000000,-0.0000000000,0.0000000000,0.0460523037,0.0000000000,-0.0677900573,0.0000000000,-0.0000000000
0.1472228467,-0.0000000000,0.0000000000,-0.0000000000,-0.0000000000,-0.0000000000,0.0000000000,0.0000000000,-0.0000000000,-0.4222485601,-0.1783456211,2.4538505973,-0.0000000000,-0.0000000000,-0.1124124836,0.0000000000,-0.0000000000,0.0000000000,0.0000000000,-0.0000000000,-0.0000000000,0.0000000000,-0.0000000000,-0.1249800115,-0.0000000000,-0.2514840163,0.0000000000,0.0000000000,0.0000000000,-0.0000000000,0.0000000000,-0.0000000000,0.0000000000,0.0000000000,0.1746519726,0.0000000000,0.0000000000,0.1322160050,0.0000000000,0.0000000000,0.0000000000,0.0000000000,0.1798588981,0.0000000000,0.0000000000,0.0000000000,0.1128975048,0.0000000000,0.0000000000,0.0000000000,-0.0000000000,0.0000000000,-0.0000000000,-0.0000000000,0.0000000000,-0.0000000000,0.0000000000,-0.0000000000,-0.0000000000,-0.0341325025,-0.7740759898,0.0000000000,0.0000000000,-0.0000000000,-0.0000000000,-0.0000000000,0.0000000000,0.0000000000,0.0000000000,0.0000000000,-0.0000000000,0.0422141572,0.0000000000,-0.0000000000,-0.1928357556,-0.1973817084,-0.0000000000,-0.3470039502,-0.0000000000,0.0000000000,0.0000000000,0.0000000000,0.0000000000,0.0435804638,-0.0000000000,0.0000000000,0.0000000000,-0.0000000000,-0.0000000000,0.0000000000,0.0000000000,0.0000000000,0.2209502002,0.1225635587,0.0000000000,0.0000000000,0.0000000000,-0.0000000000,0.0000000000,0.0000000000
-0.2044263470,-0.0000000000,-0.0442410788,-0.0000000000,-0.0000000000,-0.0000000000,0.0108318658,0.0000000000,0.0000000000,-0.0000000000,-0.1340189663,-0.0000000000,1.9373409557,-0.1307849279,-0.0000000000,0.0000000000,0.0000000000,0.0000000000,-0.0175213472,0.0257027835,0.0000000000,-0.0973370773,-0.0000000000,-0.0000000000,0.0000000000,-0.1173634905,-0.0000000000,-0.0000000000,-0.0513710134,-0.0000000000,-0.0000000000,0.0787549383,-0.0000000000,-0.0000000000,-0.0000000000,0.0000000000,-0.0000000000,0.0000000000,0.0000000000,-0.0000000000,0.0000000000,0.0000000000,-0.0000000000,0.0000000000,-0.1665855904,-0.0000000000,-0.0000000000,-0.0345729905,-0.0000000000,-0.0000000000,-0.0000000000,-0.0000000000,0.0000000000,-0.0000000000,-0.0637122768,-0.0415162113,0.0000000000,0.0000000000,-0.0000000000,-0.0000000000,-0.0000000000,-0.9577556094,-0.1476835203,-0.0000000000,0.0000000000,0.0000000000,0.1834172368,0.0000000000,-0.0000000000,-0.0000000000,0.0526635681,-0.0000000000,0.0000000000,-0.0000000000,0.0000000000,0.0000000000,-0.0000000000,0.0000000000,-0.0000000000,0.0000000000,0.0453576171,0.0000000000,-0.0356995777,0.0000000000,0.0000000000,0.0000000000,-0.0000000000,0.2108595084,0.0000000000,0.1007592132,-0.0000000000,-0.0000000000,0.0000000000,0.0000000000,0.0000000000,0.0474790232,0.0000000000,0.0000000000,0.0000000000,-0.0000000000
-0.0000000000,-0.0000000000,0.0000000000,-0.0000000000,-0.1420878284,-0.0000000000,-0.0000000000,0.0000000000,0.0000000000,-0.0224095218,-0.0000000000,-0.0000000000,-0.1307849279,1.8158449594,-0.3599264282,0.0000000000,-0.0000000000,-0.0000000000,-0.3031003180,0.1971504917,-0.0000000000,-0.0000000000,-0.0000000000,0.0000000000,-0.0000000000,-0.0028096328,-0.0000000000,-0.0000000000,0.0000000000,-0.1610467953,0.0000000000,-0.0000000000,-0.0000000000,-0.0000000000,-0.0000000000,0.0000000000,-0.0000000000,-0.0000000000,-0.0000000000,-0.0872134256,0.0000000000,0.0854484896,-0.0000000000,-0.0000000000,-0.0000000000,-0.0000000000,-0.0000000000,-0.0000000000,0.0000000000,-0.0000000000,-0.0000000000,0.0000000000,-0.0000000000,0.0000000000,-0.0000000000,-0.0000000000,-0.0000000000,0.0000000000,-0.0000000000,-0.0000000000,-0.0000000000,-0.0000000000,-0.0366483434,-0.6021017510,-0.0000000000,-0.0000000000,0.0000000000,-0.0279594003,0.0000000000,-0.0000000000,0.0000000000,0.0000000000,-0.0951543860,0.0000000000,0.0081672302,-0.0000000000,0.0000000000,-0.0000000000,0.0197192898,0.0000000000,0.0794527809,0.0000000000,-0.0000000000,0.0000000000,-0.0000000000,-0.0000000000,-0.0000000000,0.0000000000,-0.0000000000,0.0000000000,-0.0033633216,-0.2495651834,-0.0000000000,0.0000000000,0.0000000000,0.0000000000,0.0000000000,-0.0000000000,-0.0000000000,0.0000000000
-0.0000000000,-0.0000000000,0.0000000000,-0.0000000000,-0.0000000000,-0.0000000000,-0.0000000000,0.0000000000,0.0000000000,-0.1917214832,-0.0000000000,-0.1124124836,-0.0000000000,-0.3599264282,2.7253874239,0.0000000000,0.0000000000,0.0000000000,-0.0000000000,-0.1543386610,-0.4100553176,0.0000000000,-0.0000000000,-0.0000000000,0.0000000000,-0.0000000000,-0.0590757268,-0.0000000000,-0.1803122137,-0.0000000000,0.0521203374,-0.0000000000,-0.0000000000,0.0000000000,0.0000000000,0.0757218009,0.0000000000,-0.0000000000,-0.0000000000,-0.0000000000,-0.0000000000,0.2322121440,0.0000000000,-0.0440624374,-0.0000000000,-0.0000000000,0.0000000000,-0.0177980051,-0.0000000000,-0.0000000000,-0.0000000000,0.0000000000,-0.0000000000,-0.0299050369,0.0000000000,0.0000000000,0.0000000000,0.0000000000,-0.0226805263,-0.0136680019,-0.2255869215,-0.1822744372,-0.0000000000,-0.0000000000,-0.1407191914,-1.1583230838,-0.0000000000,0.0000000000,0.0544168335,0.0000000000,0.0000000000,0.0000000000,-0.0000000000,-0.0000000000,-0.0977384433,0.0000000000,-0.0000000000,-0.0000000000,0.0000000000,0.0000000000,0.0000000000,-0.0000000000,0.0000000000,0.0873750723,-0.0000000000,0.0000000000,0.0000000000,0.0000000000,0.0000000000,-0.0000000000,-0.0000000000,-0.0000000000,0.0000000000,0.0462106267,0.0174910419,-0.0000000000,-0.0000000000,-0.0000000000,-0.0000000000,-0.0602746502
-0.0000000000,-0.0000000000,-0.0000000000,-0.0681610556,-0.0000000000,-0.0000000000,-0.1262889423,-0.1014265405,-0.0000000000,0.0421360241,0.0000000000,0.0000000000,0.0000000000,0.0000000000,0.0000000000,2.6716043448,-0.0078034091,-0.7978739630,-0.0340308150,-0.0000000000,-0.0000000000,-0.0640155907,-0.0000000000,-0.0000000000,0.0000000000,0.0000000000,0.1846407460,0.0000000000,0.0000000000,0.0000000000,0.0000000000,-0.0000000000,-0.0000000000,-0.0000000000,-0.0000000000,-0.0000000000,0.0000000000,0.0000000000,0.0644129129,-0.0000000000,0.0000000000,0.0000000000,0.0000000000,0.1831551706,0.0606992721,0.0000000000,0.0000000000,0.0000000000,0.0000000000,0.0109332994,-0.1571479460,-0.0000000000,-0.5862652110,-0.0000000000,-0.0000000000,-0.0000000000,-0.0000000000,-0.0000000000,0.0000000000,-0.0000000000,0.0113819754,0.0000000000,0.0000000000,0.0463074486,0.0000000000,0.0000000000,-0.0000000000,-0.0000000000,-0.0000000000,-0.3477549989,-0.0230964365,-0.5073054148,-0.0000000000,-0.0000000000,-0.0000000000,0.0000000000,-0.0000000000,0.0000000000,0.0000000000,0.0000000000,0.0000000000,0.0000000000,0.1243162198,-0.0000000000,0.0421672889,-0.0000000000,0.0000000000,0.0000000000,-0.0000000000,0.0000000000,0.0000000000,-0.0000000000,0.0964879598,0.0000000000,0.0000000000,0.0000000000,0.0000000000,-0.0000000000,-0.0000000000,0.0000000000
0.0000000000,0.0000000000,0.0000000000,0.0000000000,0.1205127400,-0.0000000000,-0.1404774204,0.0000000000,0.0000000000,-0.1920744325,-0.0000000000,-0.0000000000,0.0000000000,-0.0000000000,0.0000000000,-0.0078034091,2.2181268482,-0.0000000000,-0.4838557721,-0.0000000000,-0.0000000000,-0.0907101433,-0.1543238297,-0.3071089756,-0.0025996076,-0.0000000000,0.0000000000,0.0000000000,-0.0000000000,0.0000000000,0.0000000000,0.0000000000,0.2677241921,-0.0000000000,-0.3102820152,-0.0000000000,0.0000000000,0.0936584304,0.0730549031,0.0000000000,0.0720845457,-0.0000000000,0.0000000000,0.0000000000,0.0000000000,0.0339836632,0.0098423384,0.0000000000,-0.0000000000,0.0166507719,0.0000000000,0.0000000000,-0.0000000000,0.2354239218,-0.0000000000,-0.0000000000,0.0000000000,0.0000000000,0.0000000000,0.0000000000,-0.0584809888,0.1332146451,0.0000000000,0.0000000000,-0.0000000000,0.0000000000,-0.0000000000,-0.4396957760,-0.0000000000,0.0000000000,-0.0000000000,-0.0185484695,0.0000000000,-0.0000000000,-0.0000000000,-0.0274431690,-0.0911777059,-0.0000000000,0.0149533852,0.0000000000,-0.0000000000,0.1110882846,0.0000000000,-0.0945329709,0.0231604253,0.0000000000,-0.0000000000,-0.0000000000,0.0000000000,-0.0000000000,0.0000000000,-0.0000000000,0.0000000000,-0.0000000000,-0.0000000000,0.0000000000,0.0000000000,0.0000000000,-0.0000000000,0.0000000000
-0.0000000000,-0.0000000000,-0.0000000000,-0.0000000000,-0.0000000000,-0.0459913151,-0.0000000000,-0.2916212347,-0.0000000000,0.0000000000,-0.0000000000,0.0000000000,0.0000000000,-0.0000000000,0.0000000000,-0.7978739630,-0.0000000000,3.0705068117,-0.0000000000,-0.0000000000,-0.2260161811,-0.1114041265,-0.0000000000,-0.0000000000,0.0000000000,-0.0000000000,0.0000000000,-0.0000000000,0.0000000000,-0.0000000000,-0.0000000000,-0.0000000000,-0.0000000000,-0.9424585880,-0.0000000000,-0.1103989326,0.0818432024,0.0000000000,0.0000000000,-0.0000000000,-0.0000000000,0.0000000000,-0.0000000000,0.0000000000,-0.0000000000,0.0000000000,-0.1648041078,-0.0000000000,-0.0000000000,0.0000000000,-0.0000000000,-0.0000000000,-0.0000000000,-0.0000000000,-0.0478934461,-0.0000000000,-0.0000000000,-0.0000000000,0.0000000000,-0.0000000000,0.0000000000,0.0000000000,-0.0000000000,0.0907718826,0.0000000000,0.0000000000,0.0000000000,-0.0000000000,-0.0000000000,-0.9112602053,-0.0000000000,-0.0000000000,0.0000000000,0.0000000000,0.0000000000,0.0000000000,0.0780844232,0.0000000000,-0.0357332454,0.0000000000,0.0000000000,0.0000000000,0.0000000000,-0.0000000000,0.0000000000,-0.0000000000,0.0000000000,0.0000000000,-0.0000000000,0.0000000000,-0.0000000000,-0.0000000000,0.0000000000,-0.0000000000,0.0000000000,0.0500546542,0.0456352486,0.0000000000,-0.0000000000,0.0027271207
-0.0000000000,-0.0000000000,0.0000000000,-0.0000000000,0.0000000000,-0.0000000000,-0.1092865912,0.0000000000,0.0000000000,-0.0000000000,-0.0000000000,0.0000000000,-0.0175213472,-0.3031003180,-0.0000000000,-0.0340308150,-0.4838557721,-0.0000000000,1.6961381531,0.0000000000,-0.0000000000,-0.0176143365,-0.0000000000,0.0000000000,-0.0000000000,-0.0000000000,-0.0000000000,-0.0000000000,-0.0614231811,0.1166483741,0.0000000000,0.1015917190,0.0079026019,-0.1704394351,-0.1329526023,0.0000000000,-0.0000000000,0.0000000000,0.1449700144,0.0000000000,0.0673262817,0.0000000000,0.0000000000,-0.0000000000,-0.0000000000,0.0000000000,0.0000000000,0.0000000000,-0.1319075486,0.0000000000,-0.0000000000,0.0000000000,-0.0000000000,0.0000000000,-0.0000000000,-0.0000000000,0.0000000000,0.0000000000,-0.0000000000,0.0823579849,0.0000000000,-0.0000000000,-0.0000000000,-0.0545145362,-0.0000000000,-0.0000000000,0.0000000000,-0.4385516579,-0.0000000000,-0.0000000000,0.0000000000,-0.0000000000,-0.0000000000,0.0000000000,0.0634808367,0.0000000000,-0.0159389388,0.0000000000,0.0000000000,0.0000000000,0.1396930154,0.0000000000,-0.0000000000,-0.0000000000,0.0000000000,-0.0000000000,-0.0000000000,-0.0000000000,0.0000000000,0.0578038875,-0.0000000000,-0.0319105688,0.0000000000,-0.0760602016,-0.0000000000,-0.0631374947,-0.0000000000,0.0000000000,-0.0617701165,-0.0000000000
0.0000000000,-0.0000000000,0.0562424524,-0.0000000000,-0.0000000000,-0.0000000000,0.0000000000,0.0000000000,-0.0890533805,-0.0000000000,0.1008654658,-0.0000000000,0.0257027835,0.1971504917,-0.1543386610,-0.0000000000,-0.0000000000,-0.0000000000,0.0000000000,2.1084710740,-0.5190876963,0.0000000000,-0.1655768137,-0.0000000000,0.0938945979,0.0000000000,-0.1825776566,-0.0000000000,-0.2724101427,-0.0000000000,0.0000000000,0.0432918101,0.0000000000,-0.0000000000,-0.0000000000,-0.4279022362,0.0000000000,0.0000000000,0.0000000000,0.0677883268,-0.2811310128,0.2715924778,0.0647235931,0.0000000000,-0.0000000000,0.0000000000,0.0000000000,-0.2807596930,-0.1748692407,-0.0000000000,0.0000000000,0.0092359304,0.0000000000,-0.0754055158,0.1767358555,0.0000000000,0.2197146808,0.0000000000,-0.0000000000,0.0000000000,-0.0000000000,0.0000000000,0.0000000000,0.1141218659,0.0000000000,0.0000000000,-0.0000000000,0.0000000000,0.0000000000,0.0000000000,-0.3619663126,0.0000000000,0.0920268004,-0.0000000000,-0.0000000000,-0.0000000000,-0.1315977487,-0.0000000000,0.0000000000,0.0000000000,-0.0000000000,-0.0000000000,0.0000000000,0.0000000000,0.0000000000,0.0000000000,0.0000000000,-0.0000000000,-0.0000000000,-0.0601575626,0.0000000000,-0.0000000000,0.0068324215,0.0322431249,0.0000000000,-0.0000000000,0.0000000000,-0.0000000000,-0.0000000000,-0.0000000000
0.0000000000,-0.1193730089,0.0134432704,0.0000000000,-0.0000000000,-0.0000000000,-0.1648488972,-0.0000000000,-0.0572726536,-0.0000000000,-0.0000000000,-0.0000000000,0.0000000000,-0.0000000000,-0.4100553176,-0.0000000000,-0.0000000000,-0.2260161811,-0.0000000000,-0.5190876963,2.2075123470,-0.0000000000,-0.2046749946,-0.1833786975,0.0709989965,-0.0000000000,-0.1160375987,-0.0000000000,-0.0948068854,-0.1298909121,-0.0000000000,0.0000000000,-0.0000000000,-0.0000000000,-0.0000000000,0.0000000000,0.0000000000,0.0000000000,0.2294504097,-0.0000000000,-0.0000000000,0.0000000000,-0.0000000000,0.0000000000,-0.0000000000,0.0000000000,-0.0000000000,-0.0000000000,-0.0000000000,0.0000000000,0.0000000000,0.0000000000,-0.0000000000,-0.0979673957,0.0000000000,0.0000000000,-0.0000000000,-0.0000000000,-0.0000000000,-0.0000000000,-0.0000000000,-0.0000000000,0.0000000000,0.0000000000,-0.1058764807,0.0000000000,-0.0000000000,-0.0000000000,0.0000000000,-0.0000000000,-0.2807191315,-0.0000000000,-0.0000000000,-0.0000000000,-0.2578911416,-0.0000000000,-0.0000000000,-0.0754833461,-0.0000000000,0.0000000000,-0.0000000000,0.0000000000,0.0000000000,0.0000000000,0.0000000000,0.0000000000,0.0000000000,0.0000000000,0.0000000000,-0.0000000000,0.0000000000,-0.0362562245,0.0000000000,0.0000000000,0.0000000000,0.0000000000,0.0000000000,-0.0000000000,0.0000000000,0.0000000000
-0.0000000000,0.0000000000,0.0000000000,0.0000000000,-0.0000000000,-0.0049129225,0.0000000000,0.0000000000,0.0000000000,-0.0000000000,0.0000000000,0.0000000000,-0.0973370773,-0.0000000000,0.0000000000,-0.0640155907,-0.0907101433,-0.1114041265,-0.0176143365,0.0000000000,-0.0000000000,2.7877355078,-0.0000000000,-0.2197201808,0.0000000000,-0.2696678716,-0.0000000000,-0.0580907758,-0.0000000000,-0.0815299298,-0.0000000000,0.0988637310,-0.0000000000,-0.5706921007,-1.0787442403,-0.0000000000,-0.1149048424,0.0326597872,0.0000000000,-0.0000000000,0.0000000000,-0.0000000000,-0.6286606330,0.0000000000,-0.0000000000,-0.0000000000,-0.0000000000,-0.0000000000,0.0000000000,0.0000000000,0.0000000000,0.0000000000,0.0000000000,0.0000000000,-0.0678214285,-0.0000000000,0.0000000000,0.0000000000,-0.0000000000,0.0000000000,0.0000000000,-0.0000000000,-0.0000000000,0.0000000000,0.0499607703,0.0000000000,0.0000000000,-0.0000000000,-0.0000000000,-0.0000000000,0.0000000000,-0.0000000000,0.0000000000,0.0000000000,0.0000000000,0.0000000000,0.0000000000,0.0000000000,0.0000000000,0.0000000000,0.0000000000,0.2028414899,0.0000000000,0.0000000000,0.0943942142,0.0000000000,-0.0000000000,0.0000000000,0.0000000000,0.1730653428,-0.0000000000,-0.0000000000,0.0238511224,-0.0000000000,0.0000000000,0.0707129261,0.1427167530,0.0000000000,-0.0000000000,0.0000000000
-0.0000000000,-0.0000000000,-0.0000000000,-0.0331201957,-0.0000000000,0.0000000000,0.0000000000,0.0000000000,0.0000000000,-0.0000000000,-0.0000000000,-0.0000000000,-0.0000000000,-0.0000000000,-0.0000000000,-0.0000000000,-0.1543238297,-0.0000000000,-0.0000000000,-0.1655768137,-0.2046749946,-0.0000000000,1.7886179621,-0.0000000000,0.0000000000,-0.0000000000,-0.0000000000,-0.0069348739,-0.0000000000,-0.0235197301,-0.0000000000,-0.0000000000,-0.0000000000,-0.0000000000,-0.1804099515,-0.0000000000,0.0000000000,0.0000000000,0.0000000000,0.0000000000,0.0000000000,0.0000000000,0.0000000000,0.0000000000,-0.0000000000,0.0000000000,-0.0000000000,-0.0000000000,0.0000000000,0.0000000000,-0.0000000000,0.0000000000,0.0000000000,0.0000000000,-0.0000000000,-0.0000000000,0.0000000000,0.0909678401,0.0000000000,0.0190907729,0.0000000000,-0.0000000000,-0.0000000000,-0.0000000000,-0.0000000000,-0.0000000000,0.0000000000,-0.0358938076,-0.1762416015,0.0000000000,-0.0988638841,-0.2379479677,-0.0979792861,0.0000000000,0.0000000000,-0.0000000000,-0.1202993438,-0.3656865490,-0.0113641434,-0.0000000000,-0.0000000000,0.0000000000,-0.0000000000,-0.0000000000,-0.1113110558,-0.0000000000,-0.0000000000,-0.0437569809,0.0000000000,0.0000000000,0.0000000000,-0.0000000000,0.3215204075,0.0000000000,0.0000000000,0.0000000000,-0.0000000000,-0.2263775700,-0.0000000000,0.0000000000
0.0967147496,-0.0000000000,-0.0000000000,0.0125781661,0.0000000000,-0.0000000000,-0.0000000000,-0.0000000000,-0.0000000000,-0.0000000000,-0.0000000000,-0.1249800115,-0.0000000000,0.0000000000,-0.0000000000,-0.0000000000,-0.3071089756,-0.0000000000,0.0000000000,-0.0000000000,-0.1833786975,-0.2197201808,-0.0000000000,2.8267482997,-0.0000000000,-0.2408134039,0.0000000000,0.0000000000,-0.0512847933,-0.0222247785,0.0000000000,0.0000000000,0.1817059430,0.0000000000,-0.0000000000,-0.0000000000,0.0000000000,0.0511598591,0.0000000000,-0.2824192155,0.0000000000,-0.0000000000,-0.4643350045,0.0000000000,0.0000000000,0.0000000000,-0.0000000000,0.0000000000,0.0000000000,0.0000000000,0.0000000000,-0.0000000000,0.0000000000,-0.0000000000,-0.0000000000,0.0000000000,-0.1514413915,-0.0000000000,-0.0000000000,-0.0767880432,-0.0000000000,0.0000000000,-0.0000000000,0.0000000000,-0.0000000000,-0.0000000000,-0.0000000000,0.0000000000,-0.0000000000,0.0000000000,-0.0000000000,-0.0000000000,0.0000000000,-0.1276177393,-0.9397969250,-0.0000000000,-0.0000000000,-0.0000000000,0.0000000000,0.0000000000,-0.3344174354,0.0659218397,0.0000000000,0.0000000000,0.1372131681,0.0000000000,-0.0000000000,0.0000000000,0.0000000000,-0.1988581577,0.0453968145,0.0000000000,0.0000000000,0.0000000000,-0.0000000000,0.0000000000,0.0139625547,0.0939132260,0.0000000000,0.0000000000
0.0000000000,0.0000000000,-0.0000000000,0.0000000000,0.0423056993,0.0000000000,0.0000000000,0.0000000000,0.0000000000,-0.0520506695,-0.0000000000,-0.0000000000,0.0000000000,-0.0000000000,0.0000000000,0.0000000000,-0.0025996076,0.0000000000,-0.0000000000,0.0938945979,0.0709989965,0.0000000000,0.0000000000,-0.0000000000,1.5322580024,-0.0000000000,0.0000000000,0.0559349466,-0.0000000000,0.0000000000,0.0000000000,-0.0000000000,0.0000000000,0.0000000000,-0.0000000000,0.0082560121,0.0000000000,-0.0000000000,0.0000000000,-0.0240148504,0.0338464895,-0.0538951486,0.0000000000,0.0000000000,0.0883269633,0.0000000000,0.0000000000,0.0000000000,0.1490264959,0.0000000000,0.0000000000,0.0000000000,-0.0000000000,0.0000000000,0.0000000000,0.0000000000,0.0000000000,0.0000000000,-0.2241486142,0.0000000000,0.0000000000,0.0000000000,-0.0000000000,-0.0000000000,-0.0000000000,0.0000000000,-0.0000000000,-0.0270767727,-0.0000000000,0.1145377700,0.0000000000,-0.0000000000,0.0000000000,-0.0000000000,-0.0000000000,-0.5412986538,-0.0000000000,-0.0000000000,-0.0405987722,-0.2832435889,-0.0000000000,0.0000000000,-0.0000000000,-0.0000000000,0.0000000000,0.0000000000,-0.0000000000,-0.0094859410,0.0000000000,0.0000000000,-0.0000000000,-0.0000000000,-0.0000000000,-0.0788923126,0.0000000000,-0.0000000000,-0.0000000000,0.0000000000,0.0025924978,0.0000000000
0.0000000000,0.1594763469,-0.0052160432,0.0000000000,0.0000000000,-0.2850234289,0.0000000000,-0.0000000000,-0.0000000000,-0.0000000000,-0.0000000000,-0.2514840163,-0.1173634905,-0.0028096328,-0.0000000000,0.0000000000,-0.0000000000,-0.0000000000,-0.0000000000,0.0000000000,-0.0000000000,-0.2696678716,-0.0000000000,-0.2408134039,-0.0000000000,2.0589189356,-0.0000000000,-0.0984524483,-0.0022105422,-0.5322505767,0.0000000000,-0.0000000000,0.0000000000,0.0000000000,0.0000000000,-0.0585444020,-0.0000000000,0.0827169039,0.0776985018,0.0000000000,0.1242971797,-0.1648441087,-0.0000000000,0.0000000000,0.0000000000,0.0000000000,0.0000000000,0.0000000000,0.0000000000,-0.0000000000,0.0583799232,-0.0939922404,0.0000000000,-0.0000000000,-0.0628291253,-0.1324438699,-0.0000000000,-0.0000000000,-0.0000000000,0.0000000000,-0.0083031365,0.1837560806,-0.0000000000,0.0000000000,0.0972430129,0.0000000000,0.0000000000,0.0455402811,0.0000000000,0.0000000000,0.0000000000,-0.0000000000,0.0002211676,0.0000000000,0.0000000000,-0.3780545348,0.0000000000,-0.0000000000,-0.0000000000,-0.0258042084,0.0000000000,0.0905446317,0.0000000000,0.0000000000,-0.1185932214,0.0000000000,-0.0000000000,-0.0799784774,-0.0000000000,0.0000000000,0.0000000000,0.0000000000,0.0002125252,0.0000000000,0.0000000000,0.0000000000,0.1021278560,-0.0000000000,0.0000000000,0.0000000000
0.0000000000,-0.0000000000,-0.0000000000,-0.0000000000,-0.0000000000,-0.0000000000,-0.0000000000,-0.0000000000,-0.0025453522,-0.0000000000,0.0000000000,0.0000000000,-0.0000000000,-0.0000000000,-0.0590757268,0.1846407460,0.0000000000,0.0000000000,-0.0000000000,-0.1825776566,-0.1160375987,-0.0000000000,-0.0000000000,0.0000000000,0.0000000000,-0.0000000000,2.7986438802,-0.5547680178,-0.4113430809,-0.2558399068,-0.0000000000,0.1168674091,0.0000000000,0.0000000000,-0.0000000000,-0.0000000000,-0.0000000000,-0.0000000000,-0.0000000000,-0.0000000000,-0.1689502208,-0.0000000000,-0.0000000000,-0.0000000000,-0.4693223342,-0.3079454184,-0.3126551686,-0.2207459026,-0.0000000000,-0.0618763402,0.0572958473,-0.0000000000,0.0000000000,-0.0727288903,-0.0000000000,-0.0000000000,0.0000000000,-0.1164060289,-0.0000000000,0.0213420548,0.0000000000,-0.0000000000,-0.0000000000,-0.0000000000,-0.0000000000,-0.0000000000,0.0000000000,0.0000000000,0.1811427541,0.0000000000,0.0000000000,0.0000000000,0.0000000000,-0.0000000000,0.0000000000,0.0000000000,-0.0000000000,-0.0000000000,0.0000000000,0.0000000000,-0.0000000000,-0.0000000000,-0.0000000000,0.0000000000,-0.6151448161,0.0000000000,0.0057143715,-0.0000000000,-0.0000000000,-0.0000000000,0.0000000000,-0.0000000000,-0.0000000000,0.0000000000,-0.0000000000,-0.0000000000,-0.0851887080,0.0000000000,0.1701051225,0.0000000000
0.0000000000,-0.0000000000,0.0000000000,-0.0000000000,-0.1895980251,-0.0000000000,-0.0000000000,-0.0000000000,-0.0000000000,0.0000000000,0.0000000000,0.0000000000,-0.0000000000,-0.0000000000,-0.0000000000,0.0000000000,0.0000000000,-0.0000000000,-0.0000000000,-0.0000000000,-0.0000000000,-0.0580907758,-0.0069348739,0.0000000000,0.0559349466,-0.0984524483,-0.5547680178,2.3546221869,-0.0000000000,-0.4371878003,-0.0940702473,0.0000000000,0.0000000000,0.0000000000,0.0000000000,0.0000000000,-0.0000000000,-0.0000000000,0.0000000000,0.0000000000,-0.0000000000,-0.1489085938,-0.0000000000,-0.0501958741,0.0000000000,-0.3543315828,-0.0000000000,-0.0000000000,0.0000000000,0.0000000000,0.0082313721,-0.0000000000,-0.0000000000,-0.1858633638,-0.0000000000,-0.0000000000,-0.0000000000,-0.0000000000,-0.0000000000,0.0000000000,-0.0000000000,0.0000000000,-0.0238825105,-0.0000000000,0.0000000000,0.0000000000,0.0000000000,-0.0000000000,0.0094056588,0.0000000000,-0.0000000000,-0.0000000000,0.0000000000,0.0000000000,0.1681337329,0.0000000000,-0.0000000000,-0.0000000000,-0.0000000000,0.0000000000,0.0000000000,0.1934794425,0.1323744989,0.0000000000,-0.0000000000,0.0137671094,0.0000000000,-0.8060959143,0.0000000000,0.0000000000,0.1013404929,-0.0000000000,0.0000000000,-0.0000000000,-0.0000000000,-0.0422692586,-0.0000000000,0.0000000000,0.0000000000,0.0000000000
0.0000000000,0.0000000000,0.0000000000,-0.0000000000,0.0000000000,0.0000000000,0.0000000000,0.0000000000,0.0000000000,-0.0777799422,0.0000000000,0.0000000000,-0.0513710134,0.0000000000,-0.1803122137,0.0000000000,-0.0000000000,0.0000000000,-0.0614231811,-0.2724101427,-0.0948068854,-0.0000000000,-0.0000000000,-0.0512847933,-0.0000000000,-0.0022105422,-0.4113430809,-0.0000000000,2.7779028121,-0.0000000000,0.0809945792,0.0000000000,0.0000000000,0.0000000000,-0.1674822321,0.0000000000,-0.4643570789,-0.0000000000,0.0000000000,0.0000000000,-0.0000000000,-0.0000000000,-0.0000000000,-0.0000000000,-0.0000000000,-0.0000000000,0.0000000000,-0.0000000000,-0.0000000000,-0.0000000000,0.0000000000,0.0000000000,0.0000000000,-0.0000000000,-0.0000000000,-0.0000000000,0.0000000000,0.0000000000,-0.0000000000,0.2019475401,-0.1327122319,-0.0481979175,-0.0237440871,0.0000000000,0.0000000000,0.0000000000,-0.0000000000,0.0000000000,0.0000000000,0.3870960768,-0.0000000000,-0.0000000000,-0.0000000000,-0.0926433378,-0.0000000000,-0.0000000000,-1.1050859733,-0.0588680638,0.0000000000,-0.0000000000,-0.0000000000,-0.0000000000,-0.0000000000,-0.0000000000,0.0000000000,0.1061867860,-0.0000000000,-0.0000000000,0.0000000000,-0.0000000000,-0.0000000000,-0.2576938311,-0.0000000000,0.0000000000,-0.1519160315,-0.0669769753,-0.0000000000,0.0000000000,0.0000000000,-0.0000000000
