2.559875749681351120e+00,0.000000000000000000e+00,-0.000000000000000000e+00,0.000000000000000000e+00.1,-0.000000000000000000e+00.1,-3.891108381489010171e-01,0.000000000000000000e+00.2,8.049954542508865746e-03,0.000000000000000000e+00.3,-0.000000000000000000e+00.2,0.000000000000000000e+00.4,0.000000000000000000e+00.5,0.000000000000000000e+00.6,1.002689816471367783e-02,-0.000000000000000000e+00.3,-3.868053616330811018e-01,0.000000000000000000e+00.7,-0.000000000000000000e+00.4,-0.000000000000000000e+00.5,-0.000000000000000000e+00.6,-0.000000000000000000e+00.7,0.000000000000000000e+00.8,0.000000000000000000e+00.9,1.655289535220569319e-01,-7.873791136893805095e-03,-1.549095413686426836e-01,0.000000000000000000e+00.10,0.000000000000000000e+00.11,1.997964538800355849e-01,1.609176936328707841e-01,-3.699970519447334100e-02,0.000000000000000000e+00.12,-1.585379659041124545e-01,-0.000000000000000000e+00.8,0.000000000000000000e+00.13,0.000000000000000000e+00.14,0.000000000000000000e+00.15,-1.095993598677688224e-01,-0.000000000000000000e+00.9,0.000000000000000000e+00.16,0.000000000000000000e+00.17,-0.000000000000000000e+00.10,0.000000000000000000e+00.18,-1.474210873656873200e-01,-2.296292859018864985e-01,-0.000000000000000000e+00.11,4.194962219480272148e-02,0.000000000000000000e+00.19,-0.000000000000000000e+00.12,-0.000000000000000000e+00.13,-9.071327370868625950e-01,-2.485737420114218429e-02,-0.000000000000000000e+00.14,-0.000000000000000000e+00.15,-0.000000000000000000e+00.16,-6.738304450221479502e-01,8.058896926577828468e-02,-0.000000000000000000e+00.17,-0.000000000000000000e+00.18,0.000000000000000000e+00.20,-0.000000000000000000e+00.19,-0.000000000000000000e+00.20,0.000000000000000000e+00.21,0.000000000000000000e+00.22,0.000000000000000000e+00.23,-0.000000000000000000e+00.21,0.000000000000000000e+00.24,0.000000000000000000e+00.25,0.000000000000000000e+00.26,-0.000000000000000000e+00.22,-0.000000000000000000e+00.23,0.000000000000000000e+00.27,0.000000000000000000e+00.28,0.000000000000000000e+00.29,0.000000000000000000e+00.30,0.000000000000000000e+00.31,-0.000000000000000000e+00.24,1.434536355980697668e-02,-0.000000000000000000e+00.25,1.920560245479715489e-01,2.161361642320639154e-01,-0.000000000000000000e+00.26,-0.000000000000000000e+00.27,0.000000000000000000e+00.32,2.930709125877544174e-01,0.000000000000000000e+00.33,0.000000000000000000e+00.34,0.000000000000000000e+00.35,0.000000000000000000e+00.36,1.839755011987011801e-01,-5.299940133911453660e-02,-0.000000000000000000e+00.28,2.103280015284766241e-02,0.000000000000000000e+00.37,0.000000000000000000e+00.38,-0.000000000000000000e+00.29,0.000000000000000000e+00.39,-0.000000000000000000e+00.30,-4.299413913623913175e-02,0.000000000000000000e+00.40
0.0,2.7100710478718124,-0.0465647913970186,-0.9624512503512933,-0.05554961819481304,0.0,-0.3860501404580932,-0.0,-0.4963327657904779,0.0,0.0,0.0,-0.0,-0.0,-0.0,-0.0,0.0,-0.0,-0.0,-0.0,-0.0,0.03503575450688485,-0.0,0.0,0.0,0.0,0.0,-0.011684473251214505,-0.0,-0.0,-0.0,0.0,-0.0,0.0,-0.0,-0.0008721015748513693,-0.0,-0.0,-0.08709603095847009,-0.0,-0.0,0.018832276423533512,-0.0,0.0,0.0,-0.0,-0.0,-0.0,0.0,0.0,0.0,-0.1535564872128141,-0.0,-0.39147559108692326,-0.0,-0.0,-0.16703743025839513,-0.0,-0.0,0.0,-0.04517704356835708,-0.0,-0.2568591151728109,-0.0,-0.016097272677414065,0.0,0.0,-0.0,-0.0,-0.014351396654712712,-0.0,0.006752957031580032,0.0,-0.0,0.03539571433295458,0.05041740924927718,-0.0,-0.0,-0.0,0.0,0.0,0.0,0.0,-0.0,-0.09087254188472746,-0.0,-0.0,-0.0,-0.0,-0.0,-0.0,0.0,-0.0,0.0,-0.0,0.0,-0.20212930893290987,-0.0,-0.0,0.0
-0.0,-0.0465647913970186,3.8716480599702745,0.0,-0.0,-0.0,0.0,0.04142394082861946,-0.0468239327780924,-0.0,0.0,-0.1275718835543225,-0.0,-0.0,-0.0,-0.39349496999773026,-0.2584280809643616,-0.0,-0.0,-0.09775325495551901,-0.0,-0.0,0.0,-0.1067798797322583,0.0,-0.0,-0.0,-0.0,-0.0,0.0,0.0,-0.0,-0.0,-0.0,-0.0,-0.0,0.0,0.0,-0.0,-0.0,0.0,-0.0,0.0,0.0,0.0,0.0,0.012819723513304637,0.0,-0.0,0.0,-0.0,-0.7627991504029141,-0.0,0.0,-1.062350061955746,-0.5312727277753332,0.058609645188972416,-0.0,-0.0,-0.0,-0.0844546751899846,-0.0,-0.0,0.0,0.0,-0.0,0.0,-0.0,-0.0,-0.0,-0.47845932365032406,-0.0,-0.0,-0.0,-0.0,-0.0,-0.0,-0.0,0.0,-0.0,-0.0,0.009211853774589576,-0.0,-0.0,-0.0,-0.0,0.0,-0.0,-0.34552609294956804,0.0,0.16071804527018377,0.0,0.0,0.0,0.06527230168450697,-0.0,0.0,-0.0,-0.05915259957926058,0.0
0.0,-0.9624512503512933,0.0,3.25095607804828,-0.618216813428252,0.0,-0.09470545354263005,-0.9085657786955954,-0.0,-0.0,-0.0,0.0,-0.0,-0.0,0.0,0.0,0.0,0.0,0.0,0.0,-0.0,0.22716660172813083,0.0,0.09166471699899187,0.0,0.0,0.0,-0.012060766028347136,0.0,0.0,-0.029608373572594698,0.0,0.0,0.3902613404827731,0.0,0.0,0.0,-0.0,-0.0,-0.0,0.0,0.16443499288484809,0.0,-0.0,0.03635351895882528,-0.0,0.0,-0.0,0.10315982735363606,0.0,0.12535145465088568,0.0,0.03654352579460221,-0.22178793076688705,0.0,0.0,-0.10538854294367345,-0.03174620440995678,-0.0,0.0,-0.0987717409975892,-0.04363387131651543,-0.03611231262305568,-0.0,-0.12082815766460948,0.0,0.0,-0.0,0.04750975158988809,0.0,0.0,0.4096681444072071,0.0,0.0,0.002573367219335957,0.0,-0.0,0.0,-0.06449847805419033,0.0,0.0,0.0,0.0,0.0,-0.048749911761748595,0.0,0.0,-0.0,0.0,-0.0,-0.0,0.0,-0.0,0.0,-0.0,0.0,-0.0,0.03538231967385108,0.0,0.0
-0.0,-0.05554961819481304,-0.0,-0.618216813428252,2.499985150789259,-0.0,0.0,-0.0,-0.0,0.0,-0.0,-0.0,-0.044529950619938655,0.0,0.11430838681986656,0.0,-0.0,0.0,0.0,0.0,0.0,0.0,0.1814983731279105,0.0,-0.0,-0.08753387143328697,-0.0,-0.095281092604676,0.0,0.02528144379436566,-0.0,-0.0,0.0,0.0,-0.0,-0.0,-0.0,0.0,0.0,0.04974938558239341,0.0,0.0,-0.0,-0.0,-0.0,-0.0,0.0,0.0,0.0,0.02066275658506085,-0.0,-0.1052293558944347,0.0,-0.4147315957032285,-0.6828798464272937,0.0,-0.08624316248536754,-0.4344737257945187,-0.0,0.0,-0.0,-0.1493931449954306,-0.0,0.10493904036565868,0.0,0.19691542606649887,0.0509757012173331,-0.0,0.0,-0.0,0.0,0.0,0.0,0.0,-0.0,-0.0,-0.0,0.0,-0.0,-0.0,0.0,0.0,0.0,0.0,-0.3447331358742122,0.0,-0.0,-0.0,0.0,0.2959601510231654,0.0,0.0,0.0,0.0,0.0,-0.0,-0.0,0.0,0.0,0.06186068198031472
-0.38911083814890096,0.0,-0.0,0.0,-0.0,3.631895274947453,0.0,0.0,-0.0,0.0,0.0,0.0,0.0,0.0,-0.0,0.0,0.0,-0.0,0.0,-0.0,-0.0,-0.0,0.03538497682676809,0.0,-0.0765792206254122,-0.09943581675857648,0.0,-0.0,0.0,0.04011780510837852,-0.0,-0.06440210134641744,-0.0,0.0,0.0,-0.0,0.0,-0.0,0.0,-0.0,0.0,0.0,0.0,-0.0,-0.0,0.0,0.11534149024314667,0.0,-0.15639813974505262,-0.0,-1.2877121567333711,-0.0,0.0,0.1829818131416452,-0.4590953070187127,-1.012234629279131,0.0,-0.3384305614224637,0.0,0.05194704599645247,0.0,0.04544932419416359,0.0,0.044799049792502765,0.3641083319473175,0.0,0.0,0.0,0.0,-0.0,-0.0,-0.0,0.022847694321797136,0.0,0.0,0.0,-0.0,-0.0,0.12597435458981146,-0.0,0.0,0.0,-0.0,-0.0,0.0,0.0,-0.0,-0.2301147375512191,-0.20321417183947815,0.0,-0.0,-0.09016132423118141,0.0,0.0,0.0,-0.1426304904228491,0.0,-0.0,-0.05166732422306295,-0.0
0.0,-0.3860501404580932,0.0,-0.09470545354263005,0.0,0.0,2.3881949610403255,-0.6044156446445704,-0.0,-0.0,-0.0,0.0,0.0,-0.0,-0.0,-0.28038790473121084,-0.0,-0.0,-0.0,-0.0,-0.0,0.0,-0.0,-0.0,-0.0,0.0,0.0,-0.0,-0.0,-0.0,-0.0,0.0,-0.0,0.0,-0.0,0.0,0.0,-0.377716569433628,-0.0,-0.21507214208522213,-0.0,0.0,-0.0,0.0,0.02726145910605384,-0.0,-0.0,-0.010039491149668033,0.0,0.0,0.3753476033272013,0.0,0.0,0.0,0.00863898466711111,-0.0,-0.0,-0.0,-0.051051686341699834,-0.0,-0.0680960040005191,0.0,0.0,-0.0,-0.025627935594313866,-0.0,-0.32177787421203113,-0.0,0.0,-0.0,-0.0946979072230573,0.2232094839632985,-0.0,-0.3640884760334088,0.0,0.0,-0.0,-0.0,-0.0,0.0,0.0,0.0,0.08178304070679507,0.0,0.0,0.0,0.04419031321086304,0.0,0.0,-0.0,-0.0,-0.0,-0.20490661086794495,0.0,0.0,0.0,-0.0,0.0,-0.0,0.0
0.008049954542508866,-0.0,0.04142394082861946,-0.9085657786955954,-0.0,0.0,-0.6044156446445704,3.5088267292318815,-0.2515051817773109,0.0,-0.0,0.0,0.0,0.0,0.0,0.0,0.0,-0.0,0.0,-0.0,0.0,0.0,-0.0,0.0,-0.0,0.06991603099476036,0.0,-0.0,-0.0,0.0,-0.0,-0.010689277462739797,0.0,0.0,0.0,-0.0,0.0,-0.0,0.0,-0.0,0.0,0.010751189232265862,0.05139480285847775,-0.0,0.6001090724431167,-0.0,0.0,-0.0,0.0,0.0,0.0,0.04118244705453082,0.0,-0.0,0.0,0.0,-0.8228955486827443,-0.374166975585082,-0.0,0.0,0.0,0.0,-0.0,-0.0,-0.0,0.0,-0.642576256729499,-0.0,0.0,-0.0,0.0,0.2889094336640591,0.0,0.0,0.011460498850766188,0.017102966377062212,-0.3926012221077504,0.0,0.0,-0.0,0.09123488783027145,0.0,0.0901858059789849,0.0,-0.0,0.12655296091335283,0.0,-0.0,-0.0,-0.0,-0.0,0.0,0.0,0.1446160227714511,0.0,0.0,-0.0,0.0,0.0,-0.0
0.0,-0.4963327657904779,-0.0468239327780924,-0.0,-0.0,-0.0,-0.0,-0.2515051817773109,3.111947965056375,-0.0,-0.0,-0.0,0.0,-0.0,-0.0,-0.0,-0.0,-0.0,-0.0,-0.3445064266663926,-0.0,-0.0,-0.0,-0.0,-0.0,-0.0,-0.0,-0.0,0.0,-0.0,-0.0,-0.0,0.0,0.0,-0.0,-0.027048607339196916,0.0,0.01095463563434714,0.0,-0.023699669944238087,0.03811275504303875,0.0,0.0,0.0,0.0,0.0,0.0,0.0,0.0,0.0,-0.0,-0.0,-0.0,-0.0,-0.3152952935437187,-0.3458524969474808,-0.26031544427859454,-0.8991154106580121,-0.0,-0.0,-0.0,0.0,-0.013957280707904515,-0.0,-0.15321238382678803,-0.0,-0.0,-0.0,-0.0,-0.0,-0.0,-0.0,-0.0,-0.22435835822692105,-0.0,-0.2127374896836248,-0.0,-0.0,0.0,-0.0,-0.0,0.0,-0.0,-0.0,-0.1651214190825779,0.0,0.0,-0.0,-0.2317062316708081,0.0,0.0,-0.0,-0.0,0.0,-0.0,0.0,0.0,0.0,0.0,0.015273574312828
-0.0,0.0,-0.0,-0.0,0.0,0.0,-0.0,0.0,-0.0,3.037616357255408,-0.7352507188978864,-0.0,-0.0,-0.0,-0.04426184492712718,-0.0,0.0,0.0,-0.0,0.0,-0.0,0.0,0.0,-0.0,-0.22379627402661872,-0.0,0.059098837547337045,0.0,0.0,-0.0,-0.03167555266905761,0.11119740826532308,0.0,0.0,0.0,0.0,0.011088406076704143,-0.0,-0.1504952587939837,-0.2658786351655154,-0.0,-0.4488415327812719,-0.0,-0.0,0.0,0.0,0.0,0.0,-0.0,0.0,0.0,0.0,-0.0,0.0,0.0,-0.014091269408930324,0.0,0.0,-0.5172114272845503,-0.12788027358552043,-0.0,-0.0,-0.0,-0.0,-0.2506405779431556,-0.0,0.0,0.0,0.0,0.0,-0.0,0.0,0.0,-0.7091757277516446,0.0,-0.0,0.0,-0.0,-0.0,0.0,0.0,0.0,0.0,0.0,0.0,0.0,0.0,0.0,0.0,-0.0,0.0,-0.0,-0.0,-0.0,-0.0,-0.0,0.0,0.14928906632547717,-0.0,0.0
0.0,0.0,0.0,-0.0,-0.0,0.0,-0.0,-0.0,-0.0,-0.7352507188978864,3.356010226645709,-0.8936361530080245,-0.0,-0.0,-0.0,0.0,0.0,0.0,-0.0,0.0,-0.0,0.0444703360924507,0.0,-0.0,0.0,-0.33297715826512886,0.0,-0.0,-0.0,-0.0,-0.0,-0.0,0.0,0.036160727193355134,0.0,0.2951690419988504,0.0,0.0,-0.0,-0.1346120481094606,-0.0,-0.0,0.0,-0.0735099183710672,0.0,0.0,0.0,0.0,-0.0,-0.0,-0.0,0.0,-0.0,-0.0,0.0,-0.0,-0.0,0.0,-0.3043728597561965,-0.9839184968496144,-0.0,-0.0,-0.0,-0.0,-0.0,-0.0,0.0,0.0,0.5310789848249681,0.0,0.0,0.1668442781764037,0.0,0.0,0.0,-0.0,0.0,-0.0,-0.0,-0.0,0.0,-0.0,0.0,0.0,-0.0,0.0,0.0,-0.0,-0.0,-0.0,-0.0,0.0,-0.0,-0.0,-0.0,-0.17998917009737783,0.0,0.0,-0.0,-0.17855688464133077
0.0,0.0,-0.1275718835543225,0.0,-0.0,0.0,0.0,0.0,-0.0,-0.0,-0.8936361530080245,2.7943383228869862,-0.7886994758773879,-0.00726588337574783,-0.0,0.0,-0.2325350394526896,0.235230425584436,-0.0,0.0,-0.0,0.0,0.00528861174023332,-0.20738426029044907,0.0,-0.34226851245842516,0.0,-0.0,-0.05824004472502124,-0.0,0.014672659139667272,-0.063481670995066,0.0,0.0,0.0,0.0,0.0,-0.0,0.0,-0.0,0.0,0.0,0.0,-0.0,0.016545800572810895,0.0,0.15145553258081448,0.0901305547186894,-0.0,-0.0,-0.0,-0.0,-0.0,-0.0,-0.0,-0.0002091216719326472,0.04681688448699869,0.0,-0.0,-0.07004540883744263,-0.1619464018474413,-0.0,-0.0,-0.0,0.0,-0.0,-0.0,0.0,0.0,0.0,0.0,-0.0,0.0,0.0,-0.0,-0.0,-0.0,-0.31167893818049464,0.0,-0.0,-0.0,0.0,0.0,0.0,-0.01717801559895147,0.0,-0.0,-0.0,-0.2579361804593399,-0.0,0.030204532373240077,0.0,0.0,0.0,0.0,-0.05997153558367172,0.0,-0.0,-0.08092094933045182,-0.0
0.0,-0.0,-0.0,-0.0,-0.044529950619938655,0.0,0.0,0.0,0.0,-0.0,-0.0,-0.7886994758773879,4.41748367912455,-0.0,-0.0,0.14733318058490755,-0.3026433933589513,0.0,0.0,0.052573151335159,0.0,0.0,0.0,0.0,0.0,0.0,0.0,-0.0,0.0,-0.0,-0.0,-0.0,-0.0,0.0,0.0,0.0,-0.0,0.0,0.0,0.0,-0.0,0.0,0.0,-0.002565619424839165,0.0,-0.0,-0.0,-0.0,0.0,-0.0,-0.0,-0.09792688531598288,-0.0,-0.005088284637396044,-0.0,-0.0,-0.0,0.0,-0.0,0.0,0.0,-2.3561039912585207,-1.0208957854214415,0.0,0.0,-0.0,0.0,0.0,-0.0,0.0,0.0,-0.07435772933098854,0.0,0.12550851119346976,0.0,0.0,0.0,-0.0,-0.0,-0.0,0.0,-0.0,0.0,-0.0,-0.0,-0.11759994774840492,-0.0,0.0,-0.0,-0.0,-0.0,-0.0,0.0,-0.045060467064253616,0.0,-0.10636863356542565,-0.1250359429377932,-0.0,0.0,-0.0
0.010026898164713676,-0.0,-0.0,-0.0,0.0,0.0,-0.0,0.0,-0.0,-0.0,-0.0,-0.00726588337574783,-0.0,4.626261904105251,-0.8554795638863062,0.0,-0.0,0.0,-0.37094192031960826,0.0,-0.3177969663680654,-0.0,-0.0,0.0,0.15383699586332183,0.0,0.0,0.0,-0.0,-0.1587207969627908,-0.0,-0.0,0.0,0.0,0.0,0.34031750620498846,0.0,0.0,-0.0,-0.0,0.0,0.0,0.0,-0.0,0.0,0.0,0.0,0.0,0.0,-0.0,-0.0,0.0,0.0,0.0,0.07633490580938142,-0.0,0.0,0.15058532039760347,-0.0,-0.0,0.0,-0.0,-1.019069421330297,-0.6085937719730019,-0.6818405153169054,-0.8051609417193537,0.0,-0.0,0.0,0.04768329075789768,-0.0,-0.0,-0.0,-0.0,0.0,0.0,0.0,-0.0030037787949451318,-0.0,-0.2327433182891516,0.0,-0.0,0.0,-0.0,-0.0,-0.0,0.0,-0.0,-0.0,-0.04971558613767316,-0.0,-0.0,-0.058382748100202886,-0.0,0.0,-0.0,-0.0,-0.0,0.0,-0.0
-0.0,-0.0,-0.0,0.0,0.11430838681986656,-0.0,-0.0,0.0,-0.0,-0.04426184492712718,-0.0,-0.0,-0.0,-0.8554795638863062,5.532242789917945,-0.0,-0.0635825372164109,-0.0,-0.020587922320291534,-0.0,-0.6229855482546836,-0.0,-0.0,-0.0,0.0,-0.0,0.0,-0.0,-0.0,-0.3580032836362016,-0.1788439915152878,-0.0,-0.0,-0.0,-0.0,0.0,-0.0,-0.0,-0.3399347890318577,-0.0,-0.0,-0.0,-0.0,-0.0,-0.0,-0.0,-0.0,0.0,-0.0,-0.0,-0.00831457696496866,-0.0,-0.0,0.0,0.0,-0.37679863817609366,0.0,0.0,-0.0,-0.0,0.0,-0.0,-0.07390417320673917,-0.0,-0.0,-1.9257104931189324,0.0,-0.0,-0.0,-0.0,-0.6921231120537705,-0.0,-0.0,-0.0,0.0,0.0,-0.0,-0.49571589077650063,-0.0,-0.0,0.0,-0.0,-0.0,-0.0,0.0,-0.0,-0.0,-0.0,-0.0,-0.0,-0.0,-0.0,-0.0,-0.12124827499994928,0.0,-0.07952802214423069,-0.0,-0.0,-0.0,-0.0
-0.3868053616330811,-0.0,-0.39349496999773026,0.0,0.0,0.0,-0.28038790473121084,0.0,-0.0,-0.0,0.0,0.0,0.14733318058490755,0.0,-0.0,3.8929276682392215,-0.0,-0.5121994881671446,-0.014687703466575107,-0.798682005136644,-0.0,-0.0,-0.0,-0.0,-0.0,-0.0,0.0,0.0,0.0,-0.0,-0.0,0.0,-0.266020914382096,-0.3576009187267463,-0.0,-0.0,0.14947545917254207,-0.0,-0.0,-0.0,0.0,-0.0,-0.0,0.0,-0.0,0.0,0.0,-0.0,-0.0,0.0,0.0,-0.14484214623870328,-0.694809743396036,0.0,-0.0,-0.0,0.1401843174700804,0.0,-0.0,-0.0,-0.19010842357170557,0.0,0.0,-0.0,0.0,-0.0,-0.0,-0.0,-0.0,-0.15054221748487592,-0.48746190326984423,0.0,-0.0,-0.0185849969094846,-0.03286907462969585,-0.0,0.0,0.0,0.0,0.1678865936504288,0.0,0.0,-0.0,-0.0,0.0,0.0,0.03239501649005787,0.0,-0.0,0.0,0.0,0.0,0.06365589253185154,0.029335445681681324,0.0,0.02655839492877075,0.08264840556993087,-0.0,-0.3389451333033027,0.08249482166973561
0.0,0.0,-0.2584280809643616,0.0,-0.0,0.0,-0.0,0.0,-0.0,0.0,0.0,-0.2325350394526896,-0.3026433933589513,-0.0,-0.0635825372164109,-0.0,2.6564663724777735,-0.0,-0.5116767505071883,-0.0,-0.0,-0.336886292756544,-0.0,-0.19973760887619504,0.03242829657520362,-0.0,-0.0,-0.0,-0.10813729181992436,-0.0,-0.0,-0.15246352333129967,-0.0,-0.21208014353788116,-0.0,-0.0,0.0,0.0,0.0,0.0,0.0,0.0,0.0,-0.0,-0.0,0.0,0.05572276542997981,-0.0,0.0,0.0,-0.0,-0.0,-0.09144363490018195,-0.0,-0.0,-0.0,0.0,0.0,0.0,0.0,-0.0,-0.0,-0.0,0.0,0.0,-0.0,-0.0001304258776814073,-0.0,-0.0,-0.0,-0.0,-0.0,-0.0,0.0,-0.3445579247987105,0.0,-0.15410192246331186,-0.1588850830904005,-0.0,-0.14994474477258943,-0.0,0.0,-0.0,-0.0,-0.0,0.0,-0.0,-0.0,-0.01126980907444494,0.0,0.0,0.013350714747374922,0.0,0.0,0.10800903593516956,-0.0,-0.0,-0.0,-0.0,0.0
-0.0,-0.0,-0.0,0.0,0.0,-0.0,-0.0,-0.0,-0.0,0.0,0.0,0.235230425584436,0.0,0.0,-0.0,-0.5121994881671446,-0.0,4.643049407306813,-0.0,-0.17419324900728353,-0.0,-0.23682794258155124,-0.0,0.0,0.0,0.0,0.0,0.2843549415583954,0.0,0.0,-0.0,-0.0,-0.765359403300187,-1.1656456184039963,-0.13409044695650663,-0.30962143958894933,0.0,-0.0,-0.0,-0.0,-0.0,0.0,-0.0,0.0,-0.0,0.0,-0.0,-0.0,-0.0,-0.0,-0.1570751907736901,-0.0,-0.3094743479901791,0.0,0.0,-0.0,0.0,-0.0,0.0,-0.0,0.0,0.0,0.0,-0.0,-0.0,-0.0,-0.0,0.0,-0.0,-1.2877968400576667,-0.0,0.0,-0.1785591887278307,0.0,-0.0,0.0,0.0,0.0,0.0,-0.0,0.0,-0.0,-0.0,-0.09575134572675731,0.1267102606687218,-0.0,0.0,0.0,-0.0,0.0,-0.0,0.0,0.0,0.0,0.16726785067039843,0.0,0.0,-0.0,-0.0,0.0
-0.0,-0.0,-0.0,0.0,0.0,0.0,-0.0,0.0,-0.0,-0.0,-0.0,-0.0,0.0,-0.37094192031960826,-0.020587922320291534,-0.014687703466575107,-0.5116767505071883,-0.0,3.7409977631861704,-0.0,-0.6208288070793323,-0.0,-0.0,-0.0,0.0,0.0,0.0,0.0,0.0,-0.0,0.0,-0.0,0.0,-0.0,0.0,0.0,0.08782305329283085,-0.0,-0.12966367006752083,-0.0,-0.0,-0.0,0.0,-0.0,-0.0,0.0,0.0,0.0,0.08901034614815528,-0.0,-0.0,-0.0,-0.020554285674122444,0.0,-0.0,-0.03814018861975734,0.07900295128109008,0.0,-0.0,-0.20401631007815588,-0.0,0.0,-0.0,-0.6990398073378368,-0.28567077457718115,-0.3977978753544373,0.0,-0.48303189900138144,-0.0,0.0,-0.0,-0.0,-0.2254205358400067,-0.0,-0.0,-0.0,-0.0,-0.0,-0.0,-0.0,-0.0,-0.0,-0.0,-0.0,0.0,-0.0,0.0,0.0,-0.0,-0.0,-0.0,0.0,-0.0,-0.0,0.0,-0.0,0.0,0.0,0.0,-0.0
-0.0,-0.0,-0.09775325495551901,0.0,0.0,-0.0,-0.0,-0.0,-0.3445064266663926,0.0,0.0,0.0,0.052573151335159,0.0,-0.0,-0.798682005136644,-0.0,-0.17419324900728353,-0.0,3.8667541528638063,-0.0,-0.02247065267392624,-0.16668780291750354,-0.5549948389411621,-0.0,-0.04325056255954975,-0.01692314924449428,-0.0,-0.12370717714330752,-0.0,-0.0,0.0,0.0,-0.11956536216188544,-0.0,-0.9798403093508816,0.0,-0.0,0.0,-0.0,0.0,-0.0,-0.0,0.18036667870762388,-0.0,0.0,0.0,-0.0,-0.0,-0.0,-0.0,-0.0,-0.0,0.0,-0.0,-0.0,-0.0,-0.0,0.0,0.0,-0.0,0.0,0.0,0.0,0.0,-0.0,-0.0765863600690082,0.0,-0.0,-0.09818149238386097,-0.6406632181688902,-0.0,-0.0,-0.012265770350183596,-0.0692895573256845,-0.0,-0.0,-0.0,0.0,0.0,0.0,0.3579970138854752,-0.16710221378235043,0.0,-0.0,0.0,0.0,-0.0,-0.0,0.0,0.0,0.0,0.0,0.1068356135567676,-0.0,0.04962767137559521,0.033945818072503076,-0.043741499089607935,-0.0,0.019959109340063296
-0.0,-0.0,-0.0,-0.0,0.0,-0.0,-0.0,0.0,-0.0,-0.0,-0.0,-0.0,0.0,-0.3177969663680654,-0.6229855482546836,-0.0,-0.0,-0.0,-0.6208288070793323,-0.0,4.749937742167291,-0.0,-0.16026090587402844,-0.0,0.0,-0.0,0.0,0.0,-0.0,-0.0,-0.0,-0.0,0.0,0.0,0.0,-0.0,0.0,-0.0,-0.0,-0.0,0.0,0.0,0.0,0.0,-0.0,0.0,0.0,0.0,0.057163697198525536,0.0,-0.0,0.0,-0.0,0.06276621132227617,-0.0,-0.28939056061069574,0.061950067768166805,0.0,-0.0,-0.0,-0.0,-0.0,-0.0,-0.3968480158924656,-0.21637015272220353,-0.9591146875357336,0.03617399755376378,-0.3263083614975842,-0.0,0.0,-0.9553674472520128,-0.0,-0.14159782337598015,-0.0,0.0,0.0,-0.0,-0.03756085286489631,-0.0,-0.0,0.0,0.0,-0.0,-0.0,-0.0,-0.0,0.0,-0.0,-0.0,0.0,-0.0,-0.0,-0.0,-0.0,0.0,-0.0,0.0,-0.0,0.0,0.0
0.0,0.03503575450688485,-0.0,0.22716660172813083,0.0,-0.0,0.0,0.0,-0.0,0.0,0.0444703360924507,0.0,0.0,-0.0,-0.0,-0.0,-0.336886292756544,-0.23682794258155124,-0.0,-0.02247065267392624,-0.0,3.3642243101425238,-0.6334927872073649,-0.22162186990454744,0.0,-0.0,-0.008087218012128727,0.0,-0.0,-0.04681635192772642,-0.0,-0.10623149505524584,-0.0,-0.48841723622909766,-1.09880148665152,-0.0,0.18036586187551204,-0.0,-0.0,0.0,0.0,-0.0,-0.0,0.0,-0.0,-0.0,-0.0,-0.022242476169501858,0.0,0.0,-0.0,-0.0,-0.0,0.0,-0.0,-0.0,0.0,0.0,0.0,0.0,0.10311749046694696,0.04425444567325936,0.0,0.0,0.0,-0.0,-0.0,-0.0,-0.0,-0.0,-0.0,-0.2660120174913682,-0.04779689268619126,0.0,-0.0,-0.0,0.0,-0.0,0.0,-0.0,-0.0,0.0,-0.11486488901043829,-0.0,0.0,-0.0,0.0,-0.0,0.0,0.028743117840623923,-0.0,0.0,0.047752441209711075,0.0,-0.0,0.0,0.0,-0.0,0.0,0.22093226541400193
0.0,-0.0,0.0,0.0,0.1814983731279105,0.03538497682676809,-0.0,-0.0,-0.0,0.0,0.0,0.00528861174023332,0.0,-0.0,-0.0,-0.0,-0.0,-0.0,-0.0,-0.16668780291750354,-0.16026090587402844,-0.6334927872073649,3.2896121823132205,-0.0,0.2936973772783189,-0.0,-0.0,-0.0,-0.0,-0.586837019138146,-0.0,0.0,0.0,-0.0,-0.0,-0.0,0.0,0.0,0.0,0.0,0.0500757372975523,0.0,0.0,0.0,-0.0,0.0,-0.0,-0.22627676019832535,0.0,0.0,0.0,0.0,0.0,0.0,0.0,0.0,0.0,0.04911243915719955,0.0,0.0,0.0,0.0,0.0,-0.0,-0.0,-0.0,-0.0,-0.44175275973901584,-0.0,0.0,-0.0,-0.0,-0.9521393667739022,-0.0,-0.0,-0.0,-0.0,-0.05177125050538071,0.0,0.0,0.0,0.0,-0.04881606730090067,0.0,0.0,-0.0,0.0,-0.0,0.0,0.0,0.0,0.02003291188898995,0.0,0.0,-0.0,0.07270046473077944,0.0,-0.25585939220372683,0.034069830862158645,0.11119401029515157
0.16552895352205693,0.0,-0.1067798797322583,0.09166471699899187,0.0,0.0,-0.0,0.0,-0.0,-0.0,-0.0,-0.20738426029044907,0.0,0.0,-0.0,-0.0,-0.19973760887619504,0.0,-0.0,-0.5549948389411621,-0.0,-0.22162186990454744,-0.0,4.052015189062005,0.0,-0.5696940495748892,-0.2502613588126643,-0.0,-0.23629664052495533,-0.0,0.0,-0.0,0.0,-0.0,-0.440865217123297,-0.0,0.0,0.0,0.0,-0.0,0.0,-0.0,-0.0,0.0,-0.0,0.0,0.0,-0.0,-0.0,-0.0,0.0,-0.0,-0.0,0.0,-0.0,0.0,0.02211338955248028,0.0,0.0,-0.109759862812075,-0.0,0.37714772749813935,0.0,0.0,0.0,-0.0,-0.0,0.0,-0.0,-0.0,-0.0,-0.0,-0.0,-0.053708642316481446,-1.1963691591291858,-0.0,0.0,-0.27834033209854325,0.0,-0.0,-0.0795567747908701,0.0,-0.0,-0.0,-0.2233843194799016,0.0,0.0,-0.0,-0.2813969538710795,0.0,0.06148675368417678,0.2406334729420992,0.0,0.0072104774355527266,-0.0,0.0,0.0,-0.05830569995612989,-0.0,0.0
-0.007873791136893805,0.0,0.0,0.0,-0.0,-0.0765792206254122,-0.0,-0.0,-0.0,-0.22379627402661872,0.0,0.0,0.0,0.15383699586332183,0.0,-0.0,0.03242829657520362,0.0,0.0,-0.0,0.0,0.0,0.2936973772783189,0.0,2.4020492521409684,-0.04020599902611058,0.0,0.0,0.024713156591549604,-0.0,-0.0,0.0,-0.0,0.0,0.0,0.0,0.0,-0.0,0.0,-0.1327257198817718,0.0,-0.0,0.0,0.0,0.0,0.0,0.06374598750447892,0.0,-0.0,0.0,-0.0,-0.0,-0.11440847676253887,-0.0,-0.0,-0.2644174607731177,-0.0,-0.0,-0.4571882401295148,0.0,0.0,0.0,0.0,0.051419332232488346,0.12124519928534545,0.0,-0.0,0.15559044693315296,0.0,0.0,0.0,0.0,0.0,-0.003532321108633788,0.02671838007201096,-0.4844260536436083,0.0,0.0,-0.0,0.07943643178185919,0.06546574969357061,0.0,-0.0,0.015028127680664732,0.22567172845484323,0.0,0.060657638848342486,0.0,0.08973284693981405,0.0,-0.0,-1.0425459539787332,0.0,-0.0,-0.0,0.0,0.0,0.0,-0.0,0.0
-0.15490954136864268,0.0,-0.0,0.0,-0.08753387143328697,-0.09943581675857648,0.0,0.06991603099476036,-0.0,-0.0,-0.33297715826512886,-0.34226851245842516,0.0,0.0,-0.0,-0.0,-0.0,0.0,0.0,-0.04325056255954975,-0.0,-0.0,-0.0,-0.5696940495748892,-0.04020599902611058,2.0732989111887528,-0.17046766928210436,-0.0,-0.0,-0.09124448268798287,0.0,0.0,0.18061985206021156,-0.0,0.0,0.0,0.24458049809339963,0.0,0.0,-0.0,0.0,-0.0,-0.0,0.0,-0.0,0.0,0.1993396905876084,0.0,0.0,-0.0,-0.0,-0.0,-0.026972718463783265,-0.0,-0.0,-0.0,0.0,0.0,-0.004692290265491368,-0.0,-0.0,0.0,0.0,0.0,0.06735754135780352,-0.0,-0.0,0.0,0.0,0.0,0.0,-0.0,-0.0,-0.0,-0.0,-0.45099504810681046,0.0,-0.0,0.0,0.0,0.0,0.0,-0.0,0.002392096928841015,-0.0,0.04697915833390101,0.0,-0.03727898467380118,-0.0,0.06944133431880008,-0.0,0.0,0.0,0.0,-0.05530564408630346,-0.0,0.027757778885559775,-0.03433581955891873,-0.0,0.0
0.0,0.0,-0.0,0.0,-0.0,0.0,0.0,0.0,-0.0,0.059098837547337045,0.0,0.0,0.0,0.0,0.0,0.0,-0.0,0.0,0.0,-0.01692314924449428,0.0,-0.008087218012128727,-0.0,-0.2502613588126643,0.0,-0.17046766928210436,2.7473869231574755,-0.0,-0.11757756521770205,-0.44946451771055096,0.0,0.0,0.0,-0.0,-0.22252706021574004,-0.0,0.0,0.0,0.0,0.0,0.0,-0.0,-0.0,0.0,-0.21636771158571347,-0.32809520794933567,-0.27300215703649805,-0.0,-0.0,-0.0,-0.0,-0.18948033821249727,-0.0,-0.0,-0.0,0.0,-0.0,0.0,0.0,0.048811521993411856,0.0,0.0,0.0,0.0,0.0,0.0,-0.0,-0.0,0.0,0.0,-0.0,-0.1657499732766684,-0.0,-0.0,0.0,-0.0,0.0,-0.0,0.1805608870901124,0.0,0.0,0.053164955601870144,-0.0,0.07946609132603993,-0.3095039831305919,0.0,0.0,-0.0,0.0,0.0,0.0,0.0,0.0,-0.0,-0.19021484208885348,0.0,-0.0,-0.48555812254783687,0.0,0.03671612620376924
0.0,-0.011684473251214505,-0.0,-0.012060766028347136,-0.095281092604676,-0.0,-0.0,-0.0,-0.0,0.0,-0.0,-0.0,-0.0,0.0,-0.0,0.0,-0.0,0.2843549415583954,0.0,-0.0,0.0,0.0,-0.0,-0.0,0.0,-0.0,-0.0,3.408956091483856,-0.6031837706928985,0.0,-0.0,0.0,0.0,0.0,0.0,-0.0,-0.0,0.0,-0.0,-0.0,0.0,0.0,0.0,-0.29535617543342085,-0.0,0.0,0.0,0.0,0.0,0.0,0.0,-0.0,0.0,0.0,-0.0005040117400324886,-0.0,0.0,-0.14600216304729124,0.0,0.3851558674991264,0.0,-0.0,0.0,0.0,0.051113780363049297,0.0,0.0,0.0,-0.0,0.0,-0.0,0.0,0.0,-0.0,0.0,0.0,-0.32148618261989453,-0.0,-0.0,0.0,-0.0,0.10735471171815694,-0.0,0.0,-0.0,0.0635971342784188,-0.0,-1.9875036077480943,-0.0,0.0,0.0,0.0,-0.0,0.0,-0.0,-0.22536541078873287,0.0,-0.0,-0.0,0.0
0.1997964538800356,-0.0,-0.0,0.0,0.0,0.0,-0.0,-0.0,0.0,0.0,-0.0,-0.05824004472502124,0.0,-0.0,-0.0,0.0,-0.10813729181992436,0.0,0.0,-0.12370717714330752,-0.0,-0.0,-0.0,-0.23629664052495533,0.024713156591549604,-0.0,-0.11757756521770205,-0.6031837706928985,3.2189832170686947,-0.0,-0.0,0.0,0.0,-0.0,-0.0,-0.0,-0.4478308907305431,-0.0,0.0,0.0,-0.0,-0.0,-0.0,-0.0,-0.0,-0.0,-0.0,-0.0,-0.0,-0.0,0.07307456745162585,-0.0,0.0,0.0,-0.0,0.0,0.0,0.0,0.0,0.0,-0.0,0.0,0.0,0.0,0.0,-0.0,-0.0,0.0,-0.0,0.0,-0.010109961293592287,0.0,0.0,-0.0,-0.0,0.0,-0.9624506421452579,-0.1708656682632914,-0.08690186178261462,0.0,-0.0,0.0,-0.003996919702605317,-0.0,-0.1745194892674786,0.0,-0.1586486301465126,-0.09771336578759891,-0.12825127123185717,-0.04623121243389682,0.0,0.0,-0.0,0.0,-0.0,-0.0,-0.0,-0.12139494990009211,-0.27448411146844715,-0.0
0.16091769363287078,-0.0,0.0,0.0,0.02528144379436566,0.04011780510837852,-0.0,0.0,-0.0,-0.0,-0.0,-0.0,-0.0,-0.1587207969627908,-0.3580032836362016,-0.0,-0.0,0.0,-0.0,-0.0,-0.0,-0.04681635192772642,-0.586837019138146,-0.0,-0.0,-0.09124448268798287,-0.44946451771055096,0.0,-0.0,2.807830289745724,-0.0,0.0,0.07112874648027687,0.0,-0.0,0.0,0.0,-0.0,-0.0,-0.11516891521251645,-0.0,-0.0,-0.0,0.00870862029420941,0.0,-0.32826482608476887,-0.0,-0.0,-0.0,0.0,0.0,-0.0,-0.15881460082937163,-0.04196637933215924,0.0,0.0,-0.0,0.0,-0.0,-0.0,0.0008209194618862349,0.0,-0.0011351394294152972,-0.0,-0.02934302838978095,-0.05931403127263999,-0.1502541917595252,-0.0,0.0,0.0,-0.0,-0.0,-0.0,-0.1833679481599274,0.0,-0.0,0.0,-0.5847188465234233,0.0,0.0,0.0,0.0,-0.0,0.0,-0.0,-0.0,0.5041085359202376,0.0,0.0,0.0,-0.0,-0.0,-0.0,-0.0,-0.17649816374093846,0.0,-0.0,-0.0,0.0,0.018541439295746923
-0.03699970519447334,-0.0,0.0,-0.029608373572594698,-0.0,-0.0,-0.0,-0.0,-0.0,-0.03167555266905761,-0.0,0.014672659139667272,-0.0,-0.0,-0.1788439915152878,-0.0,-0.0,-0.0,0.0,-0.0,-0.0,-0.0,-0.0,0.0,-0.0,0.0,0.0,-0.0,-0.0,-0.0,2.149410657227944,0.0,-0.0,0.0,0.0,0.0,-0.0,-0.002042218159236003,-0.23724544406273115,-0.0,-0.0,-0.004136217397915291,-0.06070687562452644,-0.1115732041303951,-0.035837161809738734,-0.06972408894019061,-0.0,-0.026354825077645343,-0.0,0.0,-0.0,-0.0,-0.0,-0.0,0.0,-0.0,-0.0,-0.0,-0.0,0.0,0.0,-0.0,-0.0,0.0,0.0,-0.0,0.0,0.0,-0.0,-0.0,-0.0,0.03479612757451458,0.0,0.0,0.0,0.000484782034997986,-0.0,0.0,-1.0959397702072615,0.0,0.08904330132735452,-0.0,-0.2746766663913637,-0.016531580795569226,0.0,-0.0,-0.0,-0.0,0.0,0.06158096186423224,-0.0,0.0,0.0,-0.0,0.0,-0.0,-0.0,0.0,-0.0,0.0
0.0,0.0,-0.0,0.0,-0.0,-0.06440210134641744,0.0,-0.010689277462739797,-0.0,0.11119740826532308,-0.0,-0.063481670995066,-0.0,-0.0,-0.0,0.0,-0.15246352333129967,-0.0,-0.0,0.0,-0.0,-0.10623149505524584,0.0,-0.0,0.0,0.0,0.0,0.0,0.0,0.0,0.0,3.280089776212385,-0.0,0.0,-0.0,0.0,0.0,-0.1899487359292266,0.0,-0.0,0.0,0.0,0.3203604490662072,-0.0,0.0,0.0,0.0,0.0,-0.0,0.0,-0.2698267590576541,0.0,-0.0,0.0,-0.0,0.0,0.0,-0.009900272950639524,0.0,-0.0,0.0,0.00567357603767096,0.0,0.0,0.0,-0.0,-0.04487401634216636,0.0,0.0,-0.0,0.0,-0.0,0.0,0.02190741177824401,-0.0,0.0,-0.0,-0.0,0.0,-2.3750635878486435,-0.0,-0.0,0.0,-0.1544315784388315,-0.0,0.0,0.0,-0.0,-0.0,0.0,-0.0,-0.0,0.0,0.0,0.21694606682639328,-0.0,-0.0,0.0,0.0,-0.0
-0.15853796590411243,-0.0,-0.0,0.0,0.0,-0.0,-0.0,0.0,0.0,0.0,0.0,0.0,-0.0,0.0,-0.0,-0.266020914382096,-0.0,-0.765359403300187,0.0,0.0,0.0,-0.0,0.0,0.0,-0.0,0.18061985206021156,0.0,0.0,0.0,0.07112874648027687,-0.0,-0.0,2.7509972521831574,-0.5273072706061963,-0.0,-0.0,-0.0,-0.054343177996554026,-0.0,0.0,-0.0,-0.0,-0.0,-0.0,-0.0,-0.0,-0.0,-0.3704964092431664,-0.0,-0.12091474865882136,-0.0,-0.0,-0.0,0.0,-0.0,-0.0,0.17713557827979,-0.0,0.0,-0.0,0.0,-0.0,0.0,0.0,0.0,0.0,-0.0,0.05984102037795424,-0.0,-0.019607699390837872,-0.0,0.14852290952689484,0.0,0.0,0.0,0.16220936758167692,0.15416995009866402,0.0,0.0,-0.0,-0.0,-0.2960925038404153,-0.0,-0.0,0.0,-0.20477029783716305,0.0,0.0,-0.0,-0.0,-0.020211658832019915,0.0,0.12477965691407776,0.0,0.390073316725064,0.0,-0.0,-0.0,-0.30153312418566675,-0.0
-0.0,0.0,-0.0,0.3902613404827731,0.0,0.0,0.0,0.0,0.0,0.0,0.036160727193355134,0.0,0.0,0.0,-0.0,-0.3576009187267463,-0.21208014353788116,-1.1656456184039963,-0.0,-0.11956536216188544,0.0,-0.48841723622909766,-0.0,-0.0,0.0,-0.0,-0.0,0.0,-0.0,0.0,0.0,0.0,-0.5273072706061963,4.497961947344665,-0.8210806441386332,-0.09073208713256604,0.0,0.0,-0.0,0.0,-0.0,-0.0,-0.0,0.0,-0.0815611813262281,0.0,-0.0,-0.16591148187311497,-0.0,-0.0,-0.0,-0.0,-0.0,0.0,-0.0,0.0,0.0,0.0,0.0,-0.0,0.0,0.0,0.0,0.0,0.0820603315015898,0.0,-0.0,0.0,-0.381126222849441,-0.0,-0.0,0.0,-0.0,-0.0,-0.18421800151644624,-0.0,0.0,0.0,0.0,-0.0,-0.0,-0.0,-0.0,-0.0,0.0,-0.0,-0.0,0.0,-0.1269585511884695,-0.0,0.0,0.06786477009573752,0.17717302325003653,0.0,0.0,0.0,0.0,-0.16656062925409543,-0.0,0.0
0.0,-0.0,-0.0,0.0,-0.0,0.0,-0.0,0.0,-0.0,0.0,0.0,0.0,0.0,0.0,-0.0,-0.0,-0.0,-0.13409044695650663,0.0,-0.0,0.0,-1.09880148665152,-0.0,-0.440865217123297,0.0,0.0,-0.22252706021574004,0.0,-0.0,-0.0,0.0,-0.0,-0.0,-0.8210806441386332,4.024398146990944,-0.0,0.0,-0.0,-0.0,-0.0,-0.0,-0.0,-0.6125419011940921,0.0,-0.0,-0.0,-0.6174301840817962,-0.2447890196242298,-0.0,-0.0,-0.0,-0.0,-0.0,-0.008869292238860172,-0.0,0.04703973520608716,-0.0,-0.0,0.0,0.0,0.12193757155318063,0.021776248516252473,0.12341308014630956,0.09201012700726784,0.0,0.0,-0.18180737114096568,0.0,-0.0,-0.0,-0.0,-0.0,-0.0,-0.0,-0.0,0.0,0.0,0.0,0.0,-0.0,-0.0,0.0,-0.0,-0.28444673567210044,-0.0,-0.0,0.0,0.0,-0.0,0.0,-0.0,0.0,0.0,0.0,-0.0,0.28326291797142766,-0.0,-0.0,-0.0,0.0
0.0,-0.0008721015748513693,-0.0,0.0,-0.0,-0.0,0.0,-0.0,-0.027048607339196916,0.0,0.2951690419988504,0.0,0.0,0.34031750620498846,0.0,-0.0,-0.0,-0.30962143958894933,0.0,-0.9798403093508816,-0.0,-0.0,-0.0,-0.0,0.0,0.0,-0.0,-0.0,-0.0,0.0,0.0,0.0,-0.0,-0.09073208713256604,-0.0,3.4866415794010033,-0.0,0.17178112765221595,0.03354513881573192,0.0,0.0,0.049376953255154094,-0.0,0.0,-0.0,0.0,-0.0,-0.0,-0.0,-0.0,-0.0,-0.0,0.0,0.0,-0.4304260933488328,0.0,-0.0,-0.0,0.0,0.08826250982147417,-0.0,0.0,0.0,0.019205200494524163,0.0,0.0,-0.0,0.0,-0.0,-0.617426042832428,-0.0,-0.0,-0.0,-0.0,-0.0,0.0,-0.0,-0.0,0.0,0.0,0.0,0.0,-0.0,-0.0,-0.0,-0.0,-0.0,-0.0,-1.062454970443586,0.0,0.10045850954144887,0.005651660253154686,0.0,0.0,-0.0,0.0,0.0,-0.03825757163073147,-0.0,0.0
0.0,-0.0,0.0,0.0,-0.0,0.0,0.0,0.0,0.0,0.011088406076704143,0.0,0.0,-0.0,0.0,-0.0,0.14947545917254207,0.0,0.0,0.08782305329283085,0.0,0.0,0.18036586187551204,0.0,0.0,0.0,0.24458049809339963,0.0,-0.0,-0.4478308907305431,0.0,-0.0,0.0,-0.0,0.0,0.0,-0.0,4.205021700519163,0.0,0.0,0.14236067507022,-0.0,0.0,-0.0,-0.0,-0.44592582199181313,-0.0,-0.0,-0.0,-0.16273670294411,-0.0,0.0,-0.0,0.0,-0.0,-0.0,0.0,-0.0,-0.02871165349770348,0.2786298827277052,0.0,0.0,-0.0,0.0,0.0,0.0,0.0,0.0,-0.0,-0.0,-0.0,-0.0,0.0,0.0,0.0,0.0,0.11399414460203391,-0.0,-0.0,-0.0,-0.0,-0.0,-0.31073842285874675,-0.0,-0.046493322053913,-0.13449634669714924,-0.0,-2.1567161882852575,-0.0,-0.0,-0.0,-0.0,-0.0,0.0,-0.0,-0.0,-0.16120234744064452,-0.5232894451229672,-0.0,-0.0,-0.05410880948444547
-0.10959935986776882,-0.0,0.0,-0.0,0.0,-0.0,-0.377716569433628,-0.0,0.01095463563434714,-0.0,0.0,-0.0,0.0,0.0,-0.0,-0.0,0.0,-0.0,-0.0,-0.0,-0.0,-0.0,0.0,0.0,-0.0,0.0,0.0,0.0,-0.0,-0.0,-0.002042218159236003,-0.1899487359292266,-0.054343177996554026,0.0,-0.0,0.17178112765221595,0.0,2.130251638333475,-0.5762610717807268,-0.0557559818681182,-0.4416183995524756,-0.10843970546181209,-0.0,-0.0,-0.0,-0.1399073393200808,-0.0,-0.0,-0.3021469631488751,-0.0,-0.0,-0.0,-0.0,-0.0,0.019563888077874448,-0.0,-0.0,-0.0,-0.0,-0.0,0.0,0.0,0.0,-0.0,-0.0,-0.0,-0.16164723451468063,-0.0,0.0,-0.0,-0.0,0.14480549777426324,0.0,0.0,0.06565132820474431,0.33840437464869694,-0.0,0.0,-0.0,-0.0,0.08726473409765338,-0.0,0.04217378113836245,-0.0,0.0,0.0,0.11155941431019303,0.09323613962379229,0.04264011423209793,0.0,-0.052845367160045946,-0.019169260309233684,-0.0,-0.0,0.0,0.0,-0.04911861756588754,0.0,-0.07227932994372636,0.0
-0.0,-0.08709603095847009,-0.0,-0.0,0.0,0.0,-0.0,0.0,0.0,-0.1504952587939837,-0.0,0.0,0.0,-0.0,-0.3399347890318577,-0.0,0.0,-0.0,-0.12966367006752083,0.0,-0.0,-0.0,0.0,0.0,0.0,0.0,0.0,-0.0,0.0,-0.0,-0.23724544406273115,0.0,-0.0,-0.0,-0.0,0.03354513881573192,0.0,-0.5762610717807268,2.9465343838532014,-0.6746794162577782,-0.35038381223748855,-0.0,-0.48155150133226726,-0.0,-0.0,-0.0,-0.0,-0.0,-0.0,0.0,0.0,-0.0,-0.0,0.0,0.0,-0.0,0.0,-0.0,-0.0,-0.0,0.0,-0.0,-0.0,-0.05683434205290717,-0.0,-0.0,0.4461686565118982,-0.0,-0.0,-0.0,-0.0,0.0,0.0,-0.0,0.17922792301118975,0.0,0.0520263982856892,0.0,-0.0,0.0,-0.0,0.0,0.0,-0.043326166782368086,0.0,-0.03846281996253437,0.0,0.0,0.0,0.0,-0.0,-0.0,-0.6840114520110452,-0.0,-0.0,-0.0,0.0,0.0,-0.0,0.15912405904930232
0.0,-0.0,-0.0,-0.0,0.04974938558239341,-0.0,-0.21507214208522213,-0.0,-0.023699669944238087,-0.2658786351655154,-0.1346120481094606,-0.0,0.0,-0.0,-0.0,-0.0,0.0,-0.0,-0.0,-0.0,-0.0,0.0,0.0,-0.0,-0.1327257198817718,-0.0,0.0,-0.0,0.0,-0.11516891521251645,-0.0,-0.0,0.0,0.0,-0.0,0.0,0.14236067507022,-0.0557559818681182,-0.6746794162577782,2.0915591867594423,-0.0,0.0,0.0,0.0,0.025470787634093953,0.0,0.0,0.0,-0.0,0.0,-0.0,0.0,-0.03260468883137305,0.0,0.0,-0.16832784908966103,-0.0,-0.0,-0.0,-0.0,-0.0,0.18678219164919152,0.0,-0.05255818464225599,-6.402681169515567e-05,-0.20984742063669995,-0.0,0.0,0.0,-0.0,-0.0,0.09251587482885358,0.07900043014986137,-0.0,0.0,0.0,0.015083614316352205,-0.0,0.08127430054913581,-0.0,0.0,0.05724935278670151,0.0,-0.0,0.0,0.0,0.0,0.0,-0.0,0.0,-0.0,-0.0,-0.41836622053212047,0.0,0.0,0.0,0.05573978542899437,0.0,-0.022570119945653423,0.0
0.0,-0.0,0.0,0.0,0.0,0.0,-0.0,0.0,0.03811275504303875,-0.0,-0.0,0.0,-0.0,0.0,-0.0,0.0,0.0,-0.0,-0.0,0.0,0.0,0.0,0.0500757372975523,0.0,0.0,0.0,0.0,0.0,-0.0,-0.0,-0.0,0.0,-0.0,-0.0,-0.0,0.0,-0.0,-0.4416183995524756,-0.35038381223748855,-0.0,4.2902731776137175,-0.3727685892147029,-0.3425039864589147,-0.0,-0.2024947640444904,-0.4664678512427369,-0.5207440559525761,-0.0,-0.19238524125816872,-1.1724317176524048,0.0,-0.0,-0.0,0.0,0.0,0.0,0.0,-0.0,-0.0,-0.0,0.0,0.0,0.0,0.0,-0.0,0.0,-0.0,0.0,0.0,-0.0,0.0,0.19590151863762445,0.0,0.0,0.0,0.0,0.13595583660557492,0.0,-0.0,-0.0,-0.0,-0.10338119172789564,0.0,-0.05748279632567101,-0.0,-0.0,-0.0,0.1077527475677974,0.0,-0.29432557031783824,-0.11464076514691401,-0.0,-0.32108205260541106,-0.085749542036232,-0.0,-0.0,-0.317762286179117,-0.0,-0.0,-0.0
-0.0,0.018832276423533512,-0.0,0.16443499288484809,0.0,0.0,0.0,0.010751189232265862,0.0,-0.4488415327812719,-0.0,0.0,0.0,0.0,-0.0,-0.0,0.0,0.0,-0.0,-0.0,0.0,-0.0,0.0,-0.0,-0.0,-0.0,-0.0,0.0,-0.0,-0.0,-0.004136217397915291,0.0,-0.0,-0.0,-0.0,0.049376953255154094,0.0,-0.10843970546181209,-0.0,0.0,-0.3727685892147029,2.4147615950604955,-0.4016814769749272,-0.09329881486084717,-0.0,-0.372020841735303,-0.0,-0.0,-0.0,-0.0,-0.0,-0.0,-0.01914655323421119,0.0,0.0,-0.0,0.0,0.0,-0.24386367256864508,-0.4136397042736177,0.0,0.0,0.0,0.0,0.0,-0.0,-0.0,0.0,0.1257459070368673,0.0,-0.0,0.0,0.0,-0.0,-0.0,-0.41694303601296334,0.0,0.0,-0.04660113187622421,-0.0,-0.0,0.0,-0.0,-0.0,0.0,-0.0,0.20478403654049285,0.0,0.07423784714725899,-0.0,0.0,-0.0,-0.0,-0.18860392514026927,-0.0,-0.0,-0.0,0.0,-0.0,0.0
0.0,-0.0,0.0,0.0,-0.0,0.0,-0.0,0.05139480285847775,0.0,-0.0,0.0,0.0,0.0,0.0,-0.0,-0.0,0.0,-0.0,0.0,-0.0,0.0,-0.0,0.0,-0.0,0.0,-0.0,-0.0,0.0,-0.0,-0.0,-0.06070687562452644,0.3203604490662072,-0.0,-0.0,-0.6125419011940921,-0.0,-0.0,-0.0,-0.48155150133226726,0.0,-0.3425039864589147,-0.4016814769749272,4.057644948693151,-0.0,-0.6048818588188809,-0.4890288080293654,-0.6120581470888832,-0.0,-0.0,-0.0,0.2398461516090432,-0.27046595001606094,-0.0,-0.0,-0.0,0.0,-0.0,-0.0,0.0,0.0,0.0,0.0,0.0,0.0,0.0,0.0,0.0,0.0,-0.0,-0.0,-0.0,0.0,0.0,-0.0,-0.0,0.0,0.2730251404075641,0.0,-0.0,0.0,-0.0,0.0,-0.0,-0.302869513461125,-0.0,-0.011687021096275008,0.0,0.0,0.0,-0.0,0.0,0.0,-0.0,-0.0,-0.9833335834725548,-0.0,-0.0,-0.0,-0.0,0.0
-0.14742108736568732,0.0,0.0,-0.0,-0.0,-0.0,0.0,-0.0,0.0,-0.0,-0.0735099183710672,-0.0,-0.002565619424839165,-0.0,-0.0,0.0,-0.0,0.0,-0.0,0.18036667870762388,0.0,0.0,0.0,0.0,0.0,0.0,0.0,-0.29535617543342085,-0.0,0.00870862029420941,-0.1115732041303951,-0.0,-0.0,0.0,0.0,0.0,-0.0,-0.0,-0.0,0.0,-0.0,-0.09329881486084717,-0.0,4.064300074257789,-0.4978038994321621,-0.0,0.0,0.0,-0.0,-0.0,-0.0,-0.0,0.0,0.0,-0.0,-0.0,0.0,-0.07707840774266933,0.0,-0.0,0.0,-0.0,-0.0,0.0,0.0,0.0,0.0,0.0,0.0,0.02558676853515614,-0.0,0.0,0.2849051207101148,0.12726494358938523,0.0,0.0,-0.0832984525394012,0.0,-0.13241657449781707,-0.0,0.0,-0.0,0.0,-0.0,-0.0,0.0,-0.0,-0.0,-0.0,-0.0,-0.0,-0.0,-0.0,-0.0,0.03141737361577326,-2.793913931844897,-0.16118969019070187,0.0,-0.0,-0.0
-0.22962928590188647,0.0,0.0,0.03635351895882528,-0.0,-0.0,0.02726145910605384,0.6001090724431167,0.0,0.0,0.0,0.016545800572810895,0.0,0.0,-0.0,-0.0,-0.0,-0.0,-0.0,-0.0,-0.0,-0.0,-0.0,-0.0,0.0,-0.0,-0.21636771158571347,-0.0,-0.0,0.0,-0.035837161809738734,0.0,-0.0,-0.0815611813262281,-0.0,-0.0,-0.44592582199181313,-0.0,-0.0,0.025470787634093953,-0.2024947640444904,-0.0,-0.6048818588188809,-0.4978038994321621,3.647843931284785,-0.18368628989116592,-0.14761809216441507,-0.07967165532623502,-0.0,-0.3967732110373501,-0.0,-0.08022754154003973,0.0,0.0,-0.0,-0.0,0.0,-0.0,0.09849767458972249,0.06529426092236108,0.004237860602711752,0.0,0.0,0.0,0.0,0.0,0.0,0.0,-0.0,0.0,-0.0,-0.0,-0.0,0.0,-0.0,0.0,-0.0,0.0,-0.0,-0.0,-0.0,-0.0,-0.6441723327178779,-0.0,-0.0,-0.0,-0.0,-0.0,-0.0,-0.0,-0.0,-0.0,-0.0,-0.0,-0.0,-0.25782128514978864,-0.0,-0.0,-0.0,-0.0
-0.0,-0.0,0.0,-0.0,-0.0,0.0,-0.0,-0.0,0.0,0.0,0.0,0.0,-0.0,0.0,-0.0,0.0,0.0,0.0,0.0,0.0,0.0,-0.0,0.0,0.0,0.0,0.0,-0.32809520794933567,0.0,-0.0,-0.32826482608476887,-0.06972408894019061,0.0,-0.0,0.0,-0.0,0.0,-0.0,-0.1399073393200808,-0.0,0.0,-0.4664678512427369,-0.372020841735303,-0.4890288080293654,-0.0,-0.18368628989116592,4.737904448384123,-1.1033011872930008,-0.3374010299944364,-0.21134964328771016,-0.0,0.0,-0.0,-0.0,-0.030390136589137945,0.0,-0.0,-0.12457303411290888,-0.0,-0.0,0.0,0.09916601696804925,0.0,-0.0,0.0,0.0,0.0,-0.0,0.0,0.0,0.0,0.0,0.0,0.0,0.0,0.31472109341887666,0.0,0.0,0.0,-0.0,0.0,0.0,-0.0,0.0,-0.0,-0.0,-0.0,0.0,0.04241091906581796,0.0,0.0,-0.22994350934021296,-0.0,-0.0,-0.0,-0.0,-0.0,-1.3432017160580956,-0.0,-0.0,0.0
0.04194962219480272,-0.0,0.012819723513304637,0.0,0.0,0.11534149024314667,-0.0,0.0,0.0,0.0,0.0,0.15145553258081448,-0.0,0.0,-0.0,0.0,0.05572276542997981,-0.0,0.0,0.0,0.0,-0.0,-0.0,0.0,0.06374598750447892,0.1993396905876084,-0.27300215703649805,0.0,-0.0,-0.0,-0.0,0.0,-0.0,-0.0,-0.6174301840817962,-0.0,-0.0,-0.0,-0.0,0.0,-0.5207440559525761,-0.0,-0.6120581470888832,0.0,-0.14761809216441507,-1.1033011872930008,4.297640418135992,-1.096272715139745,-0.0,-0.0,0.0,-0.0,0.0,-0.0,0.0,0.16118927643486436,-0.0,-0.0,0.0,0.0,0.14582106200241024,0.0,0.0,0.0,0.0,0.0,-0.0,0.0,0.0,-0.0,0.0,0.0,0.0,0.0,0.0,0.0,0.11424500671372786,0.0,0.0,0.0,-0.0,-0.0,0.0,-0.0,-0.0,-0.369537160912948,0.0,0.0,0.0,-0.0,-0.03897059317670384,0.0,-0.0,-0.0,-0.0,0.0,-0.0,-0.0,0.0,0.0
0.0,-0.0,0.0,-0.0,0.0,0.0,-0.010039491149668033,-0.0,0.0,0.0,0.0,0.0901305547186894,-0.0,0.0,0.0,-0.0,-0.0,-0.0,0.0,-0.0,0.0,-0.022242476169501858,-0.22627676019832535,-0.0,0.0,0.0,-0.0,0.0,-0.0,-0.0,-0.026354825077645343,0.0,-0.3704964092431664,-0.16591148187311497,-0.2447890196242298,-0.0,-0.0,-0.0,-0.0,0.0,-0.0,-0.0,-0.0,0.0,-0.07967165532623502,-0.3374010299944364,-1.096272715139745,3.2989296963502324,-0.07500068638515406,-0.05949043083630184,0.0,-0.0,0.0,-0.0,0.0,0.0,-0.0,-0.0,0.0,0.0,0.0,-0.0,0.0,0.06361547835666045,0.27577391929999406,0.0,-0.2928171174349559,0.0,0.0,-0.0,-0.0,0.026281689180789103,0.0,0.0,0.0,0.0,0.0,0.0,-0.0,0.0,0.0,0.0,-0.0,-0.0,0.0,-0.0,0.0,0.0,0.0,0.0,-0.00041649723427293855,0.14316257678083855,0.17126185324240306,0.0,0.0,0.0,-0.0,-0.679556188429012,-0.0,0.0
