0,1,2,3,4,5,6,7,8,9,10,11,12,13,14,15,16,17,18,19,20,21,22,23,24,25,26,27,28,29,30,31,32,33,34,35,36,37,38,39,40,41,42,43,44,45,46,47,48,49,50,51,52,53,54,55,56,57,58,59,60,61,62,63,64,65,66,67,68,69,70,71,72,73,74,75,76,77,78,79,80,81,82,83,84,85,86,87,88,89,90,91,92,93,94,95,96,97,98,99
2.0535347787,-0.2047408998,0.0000000000,0.0000000000,0.0000000000,-0.0000000000,-0.0000000000,-0.0000000000,0.0000000000,-0.0632326847,-0.0000000000,-0.0000000000,0.0000000000,-0.0000000000,-0.0000000000,-0.0956700941,-0.0000000000,-0.2181401125,-0.0000000000,-0.1265055461,-0.1460106709,-0.0000000000,-0.0000000000,-0.0000000000,-0.1520852571,0.0000000000,0.0000000000,-0.3053460407,-0.2107654916,-0.0369092718,-0.0000000000,-0.0000000000,0.0000000000,-0.0313043337,0.0000000000,0.0000000000,-0.0000000000,-0.0474884015,0.0000000000,-0.0000000000,-0.0000000000,-0.0000000000,0.0000000000,-0.1481194115,-0.2009240143,0.0000000000,0.0000000000,-0.1986739209,-0.0000000000,0.0000000000,-0.4694278395,-0.0000000000,-0.0000000000,-0.0000000000,0.0209617348,0.0000000000,-0.0000000000,0.0000000000,-0.0000000000,-0.0624567620,-0.0000000000,0.0000000000,0.0933924393,-0.0000000000,-0.0000000000,0.0000000000,-0.0000000000,-0.0000000000,-0.0000000000,-0.0000000000,0.0000000000,0.0000000000,-0.0000000000,0.0000000000,-0.0000000000,-0.0000000000,0.0000000000,-0.0000000000,-0.1582199245,-0.0032713063,0.0000000000,-0.0394687013,0.1411308083,0.0000000000,0.2557825187,0.0772208552,0.0000000000,0.0000000000,-0.0000000000,0.0000000000,-0.0000000000,-0.0000000000,-0.0000000000,-0.0000000000,0.1184338815,-0.0000000000,0.0000000000,0.0000000000,-0.0000000000,0.0000000000
-0.2047408998,2.3678323771,-0.3247589857,-0.2961584271,-0.3625000426,-0.0362837801,-0.0435390495,-0.0000000000,-0.0000000000,0.0082388333,0.0000000000,0.0000000000,-0.0723080965,-0.0000000000,0.0000000000,-0.2278896118,-0.0000000000,-0.0000000000,0.0000000000,-0.0132243633,-0.0000000000,0.0000000000,-0.0000000000,0.0000000000,0.0000000000,0.0000000000,-0.1673358657,-0.0000000000,-0.0000000000,-0.0000000000,0.1871818429,-0.1076120482,-0.0000000000,0.0000000000,0.0407937003,0.0000000000,0.0000000000,-0.0000000000,0.0000000000,-0.0000000000,-0.0000000000,0.0000000000,0.0000000000,-0.1855726464,-0.0000000000,-0.0000000000,-0.0000000000,-0.0000000000,-0.0000000000,-0.0000000000,0.0000000000,-0.6636986049,-0.2326817475,-0.0797784246,-0.0000000000,-0.0000000000,-0.0800371893,-0.0000000000,0.0137944928,-0.0000000000,-0.2080000940,-0.0952421522,0.0000000000,0.0000000000,0.0000000000,0.0000000000,-0.0000000000,-0.0000000000,0.0000000000,-0.0000000000,0.0000000000,0.0000000000,0.0000000000,0.0905468770,0.0000000000,-0.0000000000,0.0000000000,-0.0000000000,-0.0000000000,-0.0000000000,0.0000000000,0.0000000000,0.0000000000,0.0000000000,-0.0000000000,0.0000000000,0.0000000000,0.0000000000,0.0000000000,0.1554435062,-0.0000000000,-0.0000000000,-0.0000000000,0.0000000000,0.0000000000,-0.0000000000,-0.0000000000,-0.0000000000,0.0000000000,0.0000000000
0.0000000000,-0.3247589857,2.2555040449,0.0000000000,-0.0000000000,-0.2811898516,-0.0000000000,-0.0531395953,-0.0630502140,-0.0000000000,-0.0000000000,0.0000000000,-0.0000000000,-0.0000000000,-0.0000000000,-0.0000000000,0.0000000000,-0.0000000000,-0.0000000000,-0.0000000000,-0.0000000000,0.0000000000,-0.0000000000,-0.0000000000,0.0932841410,0.0191741252,0.0000000000,0.0000000000,-0.0000000000,-0.0000000000,0.1575169062,-0.0000000000,0.0000000000,0.0000000000,0.0000000000,0.0000000000,0.2331018024,-0.0000000000,-0.0000000000,-0.0000000000,0.0000000000,0.0000000000,-0.0000000000,0.0482936017,-0.0000000000,-0.0000000000,-0.0389242108,0.0000000000,-0.2507285400,0.0000000000,0.0000000000,-0.0000000000,-0.0000000000,0.0000000000,-0.1204919713,-0.8236289452,-0.0000000000,-0.0000000000,-0.0000000000,-0.0000000000,-0.0000000000,-0.0000000000,-0.0000000000,-0.0000000000,-0.0000000000,0.0000000000,-0.0000000000,-0.0000000000,-0.0000000000,0.0000000000,0.0000000000,0.0000000000,0.0000000000,-0.0000000000,-0.0000000000,-0.2197532970,0.0000000000,-0.0000000000,0.0000000000,-0.0000000000,-0.0000000000,-0.0000000000,-0.3420786686,-0.0000000000,-0.0000000000,-0.0000000000,0.0146682298,0.0229842565,0.0000000000,0.0000000000,-0.0000000000,-0.0000000000,-0.0000000000,0.0000000000,-0.0000000000,0.0000000000,0.0000000000,-0.0000000000,-0.0000000000,0.0000000000
0.0000000000,-0.2961584271,0.0000000000,2.9184771434,-0.2593667481,0.0000000000,0.0000000000,-0.0246474334,0.0000000000,-0.0000000000,-0.2106537221,-0.0000000000,-0.0000000000,0.0000000000,0.0000000000,-0.0000000000,-0.0000000000,-0.0000000000,0.1697672153,0.0000000000,0.0000000000,-0.0000000000,0.0000000000,-0.0000000000,0.0000000000,-0.0000000000,-0.0000000000,-0.0000000000,-0.0042964084,-0.0000000000,0.1060594876,-0.2283159863,-0.0324418843,0.0000000000,0.0000000000,-0.0000000000,0.0000000000,-0.0000000000,0.0388911790,0.0000000000,0.0000000000,0.0000000000,0.0000000000,-0.0000000000,0.0000000000,-0.0587494719,0.0000000000,0.0000000000,0.0000000000,0.0000000000,-0.0004311838,-0.0000000000,0.0000000000,-1.7217275542,0.0000000000,0.3843582358,-0.0000000000,-0.0000000000,-0.0000000000,-0.0000000000,-0.1693937451,-0.0000000000,0.0000000000,0.1548966361,0.0253087744,0.0000000000,-0.0000000000,-0.0000000000,0.0000000000,-0.0000000000,-0.0000000000,0.0000000000,0.0000000000,0.0000000000,0.0000000000,0.0000000000,0.0000000000,0.0000000000,-0.0000000000,-0.0000000000,-0.0000000000,0.0000000000,0.0846335489,-0.0000000000,-0.0354776288,0.0000000000,-0.0000000000,0.0000000000,0.0000000000,0.0000000000,-0.0000000000,0.0000000000,0.0000000000,0.0000000000,-0.0000000000,-0.0000000000,-0.2265696594,0.0000000000,0.0000000000,0.0000000000
0.0000000000,-0.3625000426,-0.0000000000,-0.2593667481,2.4677115524,-0.0000000000,0.0145809463,-0.0000000000,-0.0951040768,0.0000000000,-0.1913229895,0.0000000000,-0.0000000000,0.1292082778,0.0000000000,-0.0000000000,-0.0000000000,-0.0000000000,0.0000000000,-0.0000000000,0.0000000000,0.0000000000,0.0000000000,-0.0000000000,0.0000000000,-0.0000000000,-0.0000000000,-0.1709973938,-0.1891352650,-0.0000000000,0.0648034374,0.0000000000,0.0000000000,0.0000000000,0.0000000000,-0.0000000000,-0.0000000000,0.0000000000,0.0336981438,-0.0667710458,-0.0000000000,0.0000000000,-0.0000000000,-0.0000000000,0.0000000000,-0.1063990559,0.0000000000,-0.0000000000,-0.0000000000,0.0000000000,0.0000000000,-0.0000000000,0.1897268344,-0.0153602023,-0.9824811183,0.0000000000,-0.0000000000,-0.4273968113,0.0000000000,-0.0000000000,0.0000000000,-0.0138006362,0.0000000000,0.4245511524,0.0641909177,0.0000000000,0.0000000000,0.0000000000,0.0000000000,0.0000000000,0.0000000000,0.0000000000,0.3765932594,0.0000000000,-0.0000000000,-0.0000000000,0.0000000000,0.0000000000,0.0000000000,-0.0000000000,0.0000000000,0.0086519332,0.0000000000,0.0000000000,0.1029208392,0.0167971524,0.0000000000,0.0000000000,0.0000000000,0.0081044896,-0.0000000000,-0.0000000000,-0.0000000000,-0.0000000000,0.0000000000,-0.0000000000,0.0000000000,0.0048414079,-0.0000000000,0.1699595026
-0.0000000000,-0.0362837801,-0.2811898516,0.0000000000,-0.0000000000,4.2135253190,0.0000000000,0.0591080510,-0.4846027504,-0.0000000000,-0.0000000000,0.0000000000,-0.0000000000,-0.0000000000,-0.0000000000,-0.0000000000,0.0000000000,0.0000000000,-0.0000000000,-0.2599324346,-0.0000000000,0.0000000000,-0.0000000000,0.0000000000,0.0000000000,0.0126863552,0.0000000000,-0.2533693826,-0.0000000000,-0.0000000000,0.0000000000,0.0000000000,0.0000000000,0.0000000000,0.0000000000,-0.0000000000,-0.0000000000,0.0000000000,-0.0000000000,-0.0000000000,-0.0000000000,-0.0000000000,-0.0000000000,-0.0056801932,-0.0000000000,-0.0015903043,-0.0000000000,0.0000000000,-0.3093306511,-0.0000000000,0.0000000000,-0.1459830082,-0.0000000000,0.0000000000,-1.4313137110,-1.1993196288,0.0000000000,-0.0000000000,-0.0830750005,-0.0000000000,0.0000000000,-0.1862211953,-0.0000000000,-0.0149096285,0.0000000000,-0.0000000000,0.0000000000,-0.0000000000,0.0000000000,0.0000000000,-0.0000000000,0.0000000000,-0.0000000000,0.0000000000,0.0000000000,-0.0000000000,-0.0000000000,-0.0000000000,-0.0000000000,-0.0045888776,0.0000000000,-0.0000000000,0.0000000000,0.0286916796,0.1409337410,0.0000000000,0.0000000000,-0.0000000000,-0.0000000000,0.0517828560,-0.0000000000,-0.0000000000,-0.0267594794,-0.1181327822,0.0000000000,-0.0000000000,0.0000000000,-0.0000000000,-0.2365725292,-0.0000000000
-0.0000000000,-0.0435390495,-0.0000000000,0.0000000000,0.0145809463,0.0000000000,2.0631551335,-0.1483956343,-0.0000000000,-0.0000000000,0.0000000000,-0.0000000000,-0.0000000000,-0.3450576211,-0.0663955337,0.0000000000,-0.0000000000,0.3374709952,0.0000000000,0.0000000000,-0.2112103275,0.1471001699,-0.0932059820,-0.1313980754,0.0000000000,-0.0000000000,-0.0662836088,0.0000000000,-0.0000000000,-0.2851741767,0.0000000000,-0.1565347826,0.0000000000,0.1571777032,0.0000000000,0.0000000000,0.0000000000,-0.0000000000,-0.0433078669,-0.0000000000,-0.0000000000,0.0000000000,0.0000000000,-0.0000000000,0.0000000000,-0.3495511119,-0.0000000000,0.0000000000,0.0033829971,-0.0004773527,0.0000000000,-0.0000000000,-0.5202478189,-0.0000000000,0.0000000000,-0.0000000000,-0.0000000000,-0.0000000000,-0.0000000000,-0.0000000000,-0.0000000000,-0.0000000000,-0.0000000000,-0.0000000000,-0.0000000000,-0.0000000000,-0.2494488766,-0.0000000000,-0.0000000000,0.0063657913,-0.0000000000,0.0000000000,-0.0178433244,-0.0000000000,-0.0090592472,0.0000000000,-0.0649388325,-0.0000000000,-0.0000000000,-0.0000000000,-0.0000000000,0.0000000000,-0.1606439994,-0.0000000000,-0.2459163415,-0.1172478081,-0.0000000000,0.0000000000,0.2061126103,0.0000000000,-0.0000000000,-0.0000000000,-0.1287012898,0.0000000000,-0.0000000000,-0.0000000000,-0.0000000000,-0.0000000000,0.1548544489,-0.0000000000
-0.0000000000,-0.0000000000,-0.0531395953,-0.0246474334,-0.0000000000,0.0591080510,-0.1483956343,2.4769861989,-0.0000000000,0.0000000000,-0.0000000000,-0.1193077125,-0.0000000000,-0.0000000000,-0.0000000000,0.0562719526,-0.0000000000,-0.0000000000,0.0000000000,0.0053617491,-0.0000000000,-0.0000000000,-0.0111736013,-0.0000000000,-0.0000000000,-0.0331862807,0.0000000000,0.0000000000,-0.0822642136,-0.0000000000,0.2684256674,-0.1527828230,0.0000000000,-0.0000000000,0.0000000000,0.0675599378,0.0000000000,-0.0000000000,-0.0000000000,-0.0000000000,-0.0000000000,-0.0000000000,-0.0000000000,0.2556460586,0.0000000000,-0.0000000000,0.0000000000,-0.0000000000,0.0831069308,0.1974090249,-0.0253181591,0.0000000000,0.1074880075,-0.0000000000,0.0000000000,-0.0000000000,-0.6763536153,-0.9860585523,0.0000000000,-0.0000000000,-0.0000000000,-0.0000000000,0.0000000000,0.0000000000,0.0000000000,0.0000000000,-0.1201318401,-0.1348988269,-0.0000000000,-0.0000000000,-0.0000000000,-0.0000000000,-0.0108571233,-0.0614779514,-0.0000000000,-0.0000000000,-0.0000000000,-0.0000000000,0.0083620877,-0.0000000000,0.0000000000,0.0000000000,-0.1475879640,-0.0000000000,0.0000000000,-0.0000000000,0.1172869576,0.1377879682,0.0000000000,0.0000000000,-0.0757004235,-0.0000000000,-0.0000000000,0.0000000000,0.0000000000,0.0000000000,0.0000000000,0.0000000000,0.0000000000,0.0000000000
0.0000000000,-0.0000000000,-0.0630502140,0.0000000000,-0.0951040768,-0.4846027504,-0.0000000000,-0.0000000000,2.9609627785,0.0000000000,0.0000000000,0.0000000000,-0.0000000000,-0.0000000000,0.0000000000,0.0000400660,0.0000000000,0.0000000000,0.0000000000,-0.1358048241,-0.0000000000,0.0922858060,-0.0000000000,0.0000000000,0.0000000000,-0.0000000000,0.0000000000,-0.0000000000,-0.0000000000,-0.1370633455,0.0000000000,-0.0000000000,0.0594163121,0.0000000000,0.0000000000,-0.0000000000,-0.0000000000,0.0000000000,0.0000000000,-0.0000000000,-0.0000000000,-0.0000000000,-0.0000000000,-0.0000000000,0.0000000000,-0.0000000000,-0.0000000000,-0.0000000000,-0.0000000000,-0.0000000000,0.1046672748,-0.0000000000,0.0000000000,0.2726781219,-0.2819742087,-0.3721928328,-0.0000000000,-1.0444723189,0.0000000000,0.0000000000,0.0000000000,-0.0726315555,-0.0000000000,-0.0000000000,0.0000000000,-0.0000000000,-0.0000000000,-0.0000000000,-0.0000000000,0.0000000000,-0.0000000000,-0.0000000000,-0.0000000000,0.0000000000,0.0000000000,0.0000000000,0.0000000000,-0.0000000000,0.0000000000,-0.0110007272,0.0000000000,-0.0504616040,-0.1735655223,-0.0000000000,0.0000000000,-0.0000000000,0.0000000000,-0.0000000000,-0.0000000000,0.0000000000,-0.0000000000,-0.0146952555,-0.1841674502,-0.0000000000,0.0000000000,-0.0000000000,0.0000000000,-0.0222807155,-0.2646107917,-0.0000000000
-0.0632326847,0.0082388333,-0.0000000000,-0.0000000000,0.0000000000,-0.0000000000,-0.0000000000,0.0000000000,0.0000000000,3.6461946876,-0.1215542822,-0.3785513615,-0.0000000000,-0.0000000000,-0.1101830112,-0.0000000000,-0.0000000000,0.0000000000,-0.0000000000,0.0000000000,0.0000000000,-0.0000000000,0.0000000000,-0.0000000000,-0.3068740433,-0.0000000000,0.0001310627,-0.0000000000,-0.0000000000,0.0000000000,-0.0000000000,-0.0000000000,0.0000000000,0.0000000000,0.0000000000,0.0287742789,-0.0000000000,-0.1992232430,-0.0000000000,-0.0433458294,0.0000000000,-0.0753932668,-0.1992977439,-0.0000000000,-0.0000000000,0.0000000000,0.0000000000,0.0000000000,-0.0000000000,0.0000000000,-0.0456196724,0.0000000000,-0.0000000000,0.0000000000,0.0000000000,-0.0000000000,0.0248556622,0.1044318106,-1.9722899856,-0.0278553931,0.0000000000,0.0000000000,-0.1110722701,-0.1209522944,-0.0000000000,-0.0000000000,0.0000000000,-0.0000000000,0.0000000000,0.0000000000,0.0000000000,0.0000000000,-0.0000000000,-0.1337700777,-0.0000000000,-0.0000000000,-0.0000000000,-0.0000000000,-0.0780279362,-0.0000000000,0.0000000000,0.0000000000,-0.0000000000,-0.0000000000,0.0000000000,-0.0000000000,0.0000000000,0.0000000000,0.0000000000,0.0000000000,-0.0635064195,-0.3305196620,-0.0535386060,-0.0451023187,-0.0000000000,-0.0000000000,0.0000000000,0.0000000000,-0.0000000000,0.0000000000
-0.0000000000,0.0000000000,-0.0000000000,-0.2106537221,-0.1913229895,-0.0000000000,0.0000000000,-0.0000000000,0.0000000000,-0.1215542822,2.1518832385,-0.2475607968,-0.0000000000,0.0000000000,-0.0000000000,0.0000000000,-0.0000000000,0.0000000000,-0.0000000000,0.0628695423,0.0000000000,0.0000000000,0.0000000000,-0.0000000000,-0.0000000000,-0.0845318077,0.0000000000,-0.0000000000,-0.3336567463,-0.0000000000,0.0000000000,0.0000000000,0.0000000000,0.0000000000,0.0063549322,-0.0000000000,-0.0000000000,0.0000000000,0.0000000000,-0.0000000000,0.0340527033,-0.0000000000,0.0000000000,-0.0000000000,0.0217190412,0.0000000000,0.0684093751,-0.0000000000,-0.0000000000,0.0000000000,0.0000000000,-0.0000000000,0.0000000000,-0.0000000000,-0.0000000000,0.0000000000,0.1369938675,0.0000000000,-0.1406301351,-0.3519900059,-0.4326864450,-0.0777019092,-0.1099171470,0.0000000000,0.0000000000,0.0000000000,-0.0000000000,-0.0000000000,0.0055811638,0.0000000000,0.0000000000,0.0000000000,0.0000000000,-0.0000000000,-0.1741501366,-0.1647562368,-0.0000000000,-0.0000000000,0.0000000000,-0.0000000000,-0.0000000000,0.0000000000,0.0000000000,0.0000000000,-0.0000000000,-0.0000000000,-0.0000000000,0.0000000000,-0.0000000000,-0.0000000000,-0.0000000000,-0.0000000000,0.0000000000,0.0000000000,-0.0000000000,-0.0961864470,0.0000000000,0.0000000000,-0.0000000000,-0.1092788413
-0.0000000000,0.0000000000,0.0000000000,-0.0000000000,0.0000000000,0.0000000000,-0.0000000000,-0.1193077125,0.0000000000,-0.3785513615,-0.2475607968,2.8117386600,-0.0000000000,0.0000000000,-0.0000000000,0.3307449467,-0.4857167085,0.0000000000,0.0000000000,0.0477436062,-0.0000000000,-0.0190963592,0.0000000000,-0.3121378454,-0.4549100975,-0.6174979013,-0.0000000000,0.0000000000,-0.0000000000,-0.0000000000,0.0894723408,-0.0000000000,0.1391635805,0.0000000000,-0.0000000000,-0.0000000000,-0.0000000000,0.0000000000,0.0000000000,0.0000000000,0.0842545488,-0.0000000000,-0.0000000000,0.0000000000,-0.0000000000,0.0000000000,0.0000000000,-0.0000000000,0.0000000000,-0.0000000000,0.0000000000,0.0000000000,0.0000000000,0.0000000000,0.1495942856,0.0000000000,0.0000000000,0.0000000000,-0.0000000000,0.0000000000,-0.5002048987,-0.0000000000,0.0000000000,0.0000000000,-0.0000000000,-0.0000000000,0.0000000000,-0.0000000000,0.2265276211,0.0000000000,-0.0000000000,0.0000000000,0.0000000000,-0.2800822078,-0.0000000000,-0.0000000000,-0.0000000000,-0.0000000000,0.0000000000,-0.0000000000,0.0000000000,0.0394380084,-0.0000000000,0.0000000000,-0.0000000000,0.0000000000,-0.0000000000,0.0000000000,0.0000000000,0.0000000000,-0.0000000000,-0.0000000000,0.0000000000,0.0000000000,-0.0000000000,-0.0000000000,0.0000000000,0.0000000000,0.0000000000,-0.0000000000
0.0000000000,-0.0723080965,-0.0000000000,-0.0000000000,-0.0000000000,-0.0000000000,-0.0000000000,-0.0000000000,-0.0000000000,-0.0000000000,-0.0000000000,-0.0000000000,4.0441644036,-0.5094837544,-0.0000000000,0.0000000000,-0.0465024166,0.0000000000,0.0000000000,0.0000000000,-0.0000000000,-0.0046786693,-0.0000000000,0.0000000000,0.0000000000,-0.0000000000,-0.0000000000,0.0000000000,0.0000000000,-0.0000000000,0.1044373031,-0.0485940528,-0.0000000000,0.0000000000,-0.0000000000,-0.0000000000,-0.0000000000,-0.0000000000,-0.0000000000,-0.0000000000,0.0000000000,-0.0000000000,-0.0000000000,-0.0000000000,-0.0000000000,0.0000000000,-0.0000000000,0.0000000000,0.0000000000,-0.0000000000,-0.0000000000,-0.0790041313,-0.0000000000,0.0000000000,0.0000000000,-0.0000000000,-0.0000000000,-0.0000000000,0.0000000000,-0.4453509461,-0.2677725556,-2.3802056611,-0.4850803017,-0.0000000000,0.0000000000,-0.0000000000,0.0000000000,-0.0108996560,0.0000000000,0.0000000000,0.0000000000,-0.1165243820,-0.0000000000,0.0000000000,-0.0000000000,-0.0000000000,-0.0000000000,-0.0000000000,-0.0000000000,-0.0000000000,0.0000000000,0.1470270926,-0.0000000000,0.0000000000,0.0000000000,0.0000000000,0.0000000000,0.0000000000,0.0000000000,0.0000000000,-0.0000000000,-0.0000000000,0.0000000000,0.0000000000,0.0000000000,-0.0000000000,0.0000000000,0.0000000000,0.0000000000,-0.0000000000
-0.0000000000,-0.0000000000,-0.0000000000,0.0000000000,0.1292082778,-0.0000000000,-0.3450576211,-0.0000000000,-0.0000000000,-0.0000000000,0.0000000000,0.0000000000,-0.5094837544,3.6277732586,-0.9888087612,0.0000000000,-0.0000000000,0.0000000000,-0.1934788258,0.0000000000,0.0000000000,0.0000000000,-0.2698508271,0.0000000000,-0.0000000000,-0.0000000000,0.0000000000,0.0000000000,0.0000000000,-0.0000000000,0.0000000000,-0.0000000000,0.0000000000,-0.0000000000,0.0000000000,0.0000000000,-0.0000000000,-0.0000000000,-0.0000000000,-0.0000000000,0.0000000000,0.0000000000,0.0000000000,0.0000000000,-0.0000000000,0.0000000000,-0.0000000000,-0.0637931225,-0.0000000000,-0.2135419240,0.0000000000,-0.0000000000,-0.0020394092,0.0000000000,0.0000000000,-0.0000000000,-0.0000000000,0.0000000000,0.0000000000,-0.0000000000,0.0000000000,-0.0791399017,-0.1664648420,-0.7955605504,-0.0000000000,-0.4286178253,0.0000000000,-0.0000000000,0.0000000000,-0.0000000000,0.0000000000,-0.0000000000,-0.0000000000,0.0000000000,0.0000000000,-0.0000000000,0.0000000000,-0.0000000000,0.0000000000,-0.0000000000,0.0000000000,-0.0000000000,-0.1181641968,-0.0000000000,0.0000000000,-0.0000000000,0.0000000000,0.0000000000,0.0000000000,0.0000000000,-0.0000000000,-0.0000000000,-0.0000000000,0.0000000000,0.0000000000,0.0000000000,0.0000000000,-0.0000000000,-0.0000000000,-0.0000000000
-0.0000000000,0.0000000000,-0.0000000000,0.0000000000,0.0000000000,-0.0000000000,-0.0663955337,-0.0000000000,0.0000000000,-0.1101830112,-0.0000000000,-0.0000000000,-0.0000000000,-0.9888087612,4.1035445178,0.0000000000,-0.0215524016,0.0000000000,-0.0000000000,0.0000000000,-0.0000000000,0.0000000000,-0.2851939924,-0.0000000000,0.0000000000,-0.0000000000,0.0000000000,0.0000000000,-0.2899485453,-0.0000000000,0.0920959915,-0.0000000000,0.0000000000,-0.0000000000,0.0000000000,0.0000000000,-0.0000000000,0.0000000000,0.0000000000,-0.0000000000,0.0000000000,-0.0000000000,0.0000000000,0.0000000000,0.0000000000,0.0000000000,-0.0000000000,-0.1036602915,-0.0000000000,-0.0339986528,-0.0000000000,0.0000000000,0.0000000000,0.0000000000,0.0000000000,-0.0000000000,0.0000000000,0.0090221321,-0.0000000000,-0.0412594056,0.0000000000,-0.0000000000,-0.3061163939,-0.3963404144,-0.0000000000,-1.7202711121,0.0067138493,-0.0000000000,-0.0000000000,0.0000000000,-0.0000000000,0.0000000000,-0.0867827362,0.0000000000,0.0000000000,0.0000000000,-0.0000000000,-0.0000000000,0.0000000000,-0.0000000000,0.1353341435,0.0000000000,-0.0000000000,0.0000000000,0.0000000000,-0.0000000000,0.0000000000,0.1419591566,0.0000000000,0.0298013741,-0.0000000000,0.0000000000,0.0000000000,0.0000000000,0.0000000000,-0.0000000000,0.0000000000,-0.0431076980,-0.0000000000,-0.0000000000
-0.0956700941,-0.2278896118,-0.0000000000,-0.0000000000,-0.0000000000,-0.0000000000,0.0000000000,0.0562719526,0.0000400660,-0.0000000000,0.0000000000,0.3307449467,0.0000000000,0.0000000000,0.0000000000,2.4335840257,0.0000000000,-0.4572044396,0.0000000000,-0.1157399920,-0.0000000000,-0.0379918062,-0.0000000000,-0.0000000000,0.0000000000,0.0000000000,-0.0000000000,-0.0000000000,-0.0000000000,0.0000000000,-0.0000000000,0.0000000000,-0.0200529522,-0.1013441288,-0.0000000000,-0.0000000000,0.0000000000,-0.0000000000,-0.0000000000,-0.0000000000,-0.0271272971,0.0065814854,-0.2647243569,-0.0456146061,-0.0000000000,-0.0000000000,-0.0000000000,0.0000000000,0.0000000000,0.0542149330,-0.0000000000,-0.0000000000,-0.7840037649,-0.2356611456,-0.0000000000,0.0000000000,-0.0000000000,0.0000000000,-0.0000000000,-0.0000000000,0.0000000000,0.1706147525,-0.0000000000,0.0000000000,0.0000000000,0.0484418986,-0.0000000000,0.0000000000,-0.1767593549,-0.0742777310,0.2219937595,-0.0000000000,-0.0000000000,0.0751561599,0.0000000000,-0.0000000000,0.0000000000,0.0000000000,-0.0923525672,0.0000000000,-0.0000000000,-0.0000000000,0.0000000000,-0.0000000000,0.0000000000,0.0000000000,0.0000000000,0.0000000000,0.0000000000,0.0500061770,0.0000000000,0.0000000000,-0.0000000000,-0.1358143854,-0.0000000000,-0.0000000000,-0.0000000000,0.0000000000,0.0000000000,0.2238844070
-0.0000000000,-0.0000000000,0.0000000000,-0.0000000000,-0.0000000000,0.0000000000,-0.0000000000,-0.0000000000,0.0000000000,-0.0000000000,-0.0000000000,-0.4857167085,-0.0465024166,-0.0000000000,-0.0215524016,0.0000000000,2.7466637208,-0.0000000000,-0.6435384226,0.0000000000,-0.0000000000,-0.0400161125,-0.0000000000,-0.0000000000,-0.0000000000,-0.5936367438,0.0000000000,-0.0000000000,-0.0000000000,-0.0000000000,0.0143846350,-0.1844100698,-0.0000000000,-0.2495776693,-0.0000000000,-0.0000000000,-0.2641235284,-0.0000000000,-0.0000000000,-0.0000000000,0.0000000000,-0.0000000000,0.0000000000,-0.0000000000,-0.0000000000,0.0000000000,0.0311935512,-0.0000000000,0.0000000000,-0.0000000000,-0.0000000000,0.0000000000,0.0434363651,0.0000000000,0.0844340337,0.0000000000,0.0000000000,0.0000000000,-0.0000000000,-0.0710624012,-0.0000000000,-0.0970291295,0.0000000000,-0.0000000000,-0.0249663102,-0.0000000000,0.0000000000,-0.5544677668,0.0000000000,0.0000000000,-0.0000000000,0.0000000000,0.0000000000,-0.0000000000,-0.2096529635,-0.0000000000,-0.0507140936,-0.0000000000,0.0000000000,-0.0189436095,0.0000000000,0.0211848470,0.4124699889,0.0000000000,0.0000000000,0.0247824640,0.0000000000,-0.0000000000,0.0000000000,0.0000000000,-0.0376945882,-0.0000000000,0.0000000000,0.0000000000,0.2859612454,0.0000000000,-0.0000000000,0.0000000000,0.0000000000,-0.0000000000
-0.2181401125,-0.0000000000,-0.0000000000,-0.0000000000,-0.0000000000,0.0000000000,0.3374709952,-0.0000000000,0.0000000000,0.0000000000,0.0000000000,0.0000000000,0.0000000000,0.0000000000,0.0000000000,-0.4572044396,-0.0000000000,3.4448064134,-0.0000000000,-0.4072715624,-0.3635716190,-0.0846220878,-0.0258640334,-0.0000000000,0.0000000000,0.0000000000,-0.0000000000,-0.1091877296,-0.0000000000,0.0000000000,0.0000000000,0.0000000000,0.0000000000,-1.0164892242,-0.0028714813,-0.0000000000,-0.0000000000,0.0000000000,0.0000000000,-0.0000000000,-0.0000000000,0.0000000000,-0.0000000000,0.0000000000,-0.0000000000,0.0000000000,0.0000000000,-0.0000000000,0.0000000000,0.1152468933,-0.1859177828,-0.0000000000,-0.0000000000,-0.0000000000,0.0000000000,0.0075819602,-0.0752399039,-0.0000000000,0.0964497498,0.0000000000,0.0000000000,0.0293514914,0.0175888049,0.0000000000,-0.0000000000,0.0988869955,-0.1398186753,-0.0000000000,-0.4677604756,-1.0103861320,-0.0000000000,-0.1055770205,-0.0083132101,0.0000000000,0.0000000000,-0.0000000000,0.0000000000,0.0000000000,0.0009816413,0.0000000000,-0.0000000000,0.0000000000,0.0000000000,-0.0000000000,0.0000000000,0.0000000000,0.0000000000,-0.0000000000,-0.0000000000,-0.0000000000,0.0000000000,0.2362797228,0.0000000000,-0.0000000000,-0.0000000000,-0.0000000000,-0.0000000000,-0.0000000000,0.0000000000,0.0000000000
-0.0000000000,0.0000000000,-0.0000000000,0.1697672153,0.0000000000,-0.0000000000,0.0000000000,0.0000000000,0.0000000000,-0.0000000000,-0.0000000000,0.0000000000,0.0000000000,-0.1934788258,-0.0000000000,0.0000000000,-0.6435384226,-0.0000000000,2.8002171529,-0.0000000000,-0.1194896602,-0.0000000000,-0.0000000000,-0.0000000000,-0.0000000000,0.0000000000,0.0000000000,-0.0000000000,-0.0000000000,0.0000000000,-0.0000000000,-0.0000000000,0.0000000000,-0.2869522974,0.0000000000,0.0000000000,-0.0000000000,-0.0000000000,-0.0000000000,-0.2244171053,-0.0000000000,-0.0000000000,0.0000000000,0.0000000000,0.0000000000,0.0000000000,0.0000000000,-0.0000000000,-0.0000000000,-0.0000000000,-0.0029293310,0.1369883335,0.0000000000,0.0437458573,0.0000000000,-0.0000000000,0.0202959424,0.0000000000,-0.0000000000,-0.2078778524,0.0000000000,-0.0000000000,0.0000000000,-0.1267927836,-0.6549089366,-0.1571626445,-0.0000000000,-0.2121726601,-0.0000000000,0.0000000000,-0.0000000000,0.0000000000,0.0000000000,-0.0000000000,-0.1410387533,-0.0000000000,-0.2841186736,0.0000000000,0.0874609403,-0.0000000000,0.0000000000,0.0000000000,0.0000000000,0.0988760263,0.0000000000,0.0370621931,0.0000000000,-0.0000000000,-0.0000000000,-0.0000000000,-0.1459815765,-0.0000000000,-0.0000000000,0.1843650874,0.0011012766,0.0000000000,0.0000000000,0.0000000000,-0.0000000000,-0.0000000000
-0.1265055461,-0.0132243633,-0.0000000000,0.0000000000,-0.0000000000,-0.2599324346,0.0000000000,0.0053617491,-0.1358048241,0.0000000000,0.0628695423,0.0477436062,0.0000000000,0.0000000000,0.0000000000,-0.1157399920,0.0000000000,-0.4072715624,-0.0000000000,2.3876150492,-0.0900026725,0.2637879873,0.0000000000,-0.0229000899,0.0000000000,0.0000000000,-0.0000000000,-0.0000000000,-0.2241073651,-0.0000000000,-0.0000000000,0.0000000000,0.0000000000,-0.0997577663,-0.0821560127,-0.3485918475,-0.0000000000,0.1990577423,0.0000000000,0.0000000000,-0.1821113651,0.0000000000,-0.0000000000,-0.0000000000,-0.0000000000,0.0000000000,-0.0000000000,-0.0000000000,-0.3751115359,-0.0000000000,-0.0000000000,-0.0040886927,0.0000000000,0.0000000000,-0.1717176785,-0.0000000000,0.0000000000,-0.0000000000,0.0000000000,0.0000000000,0.0000000000,0.0000000000,0.1511803360,-0.0000000000,-0.0966186301,0.0000000000,-0.0000000000,0.0000000000,-0.0000000000,-0.0000000000,-0.0000000000,0.0892699551,-0.0000000000,0.1861521283,0.0000000000,0.2900215033,-0.0000000000,0.0000000000,-0.0000000000,-0.0000000000,-0.0000000000,-0.0000000000,-0.0000000000,-0.0000000000,0.0000000000,0.0000000000,-0.0000000000,0.0000000000,-0.3327045933,-0.0000000000,0.0000000000,0.0000000000,-0.0169038620,-0.0000000000,0.0000000000,-0.0000000000,-0.0000000000,-0.0000000000,-0.0910806025,-0.0000000000
-0.1460106709,-0.0000000000,-0.0000000000,0.0000000000,0.0000000000,-0.0000000000,-0.2112103275,-0.0000000000,-0.0000000000,0.0000000000,0.0000000000,-0.0000000000,-0.0000000000,0.0000000000,-0.0000000000,-0.0000000000,-0.0000000000,-0.3635716190,-0.1194896602,-0.0900026725,2.1094819034,0.0000000000,-0.0000000000,-0.0000000000,0.2091552022,0.2932873840,-0.0000000000,-0.0000000000,-0.3449572409,-0.0000000000,0.2950071924,-0.0000000000,-0.0000000000,-0.0000000000,0.0000000000,0.0000000000,0.0000000000,0.0000000000,-0.0000000000,-0.0000000000,-0.0089200887,0.1298812781,0.0104512190,0.0000000000,-0.0000000000,-0.0000000000,0.0000000000,0.0000000000,-0.0000000000,-0.0000000000,-0.0000000000,0.0000000000,-0.0000000000,0.0000000000,-0.0000000000,-0.0000000000,-0.0000000000,0.0000000000,0.0693990125,-0.0000000000,-0.0000000000,0.0000000000,0.0000000000,0.0000000000,-0.2220759994,-0.0000000000,-0.1346090161,-0.2001476497,-0.0000000000,0.0000000000,-0.5239407649,0.0000000000,-0.0000000000,-0.0000000000,-0.1912895308,0.0000000000,-0.0000000000,0.0000000000,0.0000000000,-0.0000000000,0.0000000000,0.2701566443,0.0000000000,0.0481512206,0.0000000000,0.1717195319,0.1256692296,0.0000000000,0.0000000000,0.0000000000,-0.0000000000,0.0000000000,-0.0000000000,0.0000000000,0.0000000000,-0.0000000000,-0.0000000000,0.0000000000,0.0000000000,-0.0000000000
-0.0000000000,0.0000000000,0.0000000000,-0.0000000000,0.0000000000,0.0000000000,0.1471001699,-0.0000000000,0.0922858060,-0.0000000000,0.0000000000,-0.0190963592,-0.0046786693,0.0000000000,0.0000000000,-0.0379918062,-0.0400161125,-0.0846220878,-0.0000000000,0.2637879873,0.0000000000,2.1662504921,-0.0000000000,0.0000000000,-0.0689442646,-0.2957109953,0.0000000000,-0.0000000000,0.1864705156,0.0424656721,0.0000000000,-0.0000000000,-0.0000000000,-0.2044190100,-0.3715037977,0.0000000000,0.0000000000,-0.0044110093,-0.0000000000,-0.0000000000,-0.0000000000,-0.0209582100,-0.3612516160,0.0000000000,-0.0000000000,0.0000000000,-0.0000000000,-0.1861882168,0.0000000000,0.0762682013,-0.2358982444,0.0000000000,0.0000000000,0.0000000000,0.0214712216,0.0000000000,-0.1884444685,-0.0000000000,-0.0000000000,0.0000000000,-0.0000000000,0.0000000000,-0.0000000000,-0.0000000000,0.0000000000,0.0000000000,0.0000000000,-0.0000000000,-0.0000000000,-0.0000000000,0.0000000000,-0.3836532063,-0.0000000000,0.0000000000,0.0000000000,-0.0293767932,0.0000000000,0.0000000000,0.0928580898,0.0000000000,0.0000000000,0.0000000000,0.1615468697,-0.0000000000,0.0206601793,0.0000000000,0.0534968324,-0.0179038361,0.0000000000,0.0266798414,-0.0000000000,0.0000000000,0.0720451652,0.0000000000,-0.0000000000,0.0000000000,0.0000000000,0.0000000000,0.0000000000,0.2631935371
-0.0000000000,-0.0000000000,-0.0000000000,0.0000000000,0.0000000000,-0.0000000000,-0.0932059820,-0.0111736013,-0.0000000000,0.0000000000,0.0000000000,0.0000000000,-0.0000000000,-0.2698508271,-0.2851939924,-0.0000000000,-0.0000000000,-0.0258640334,-0.0000000000,0.0000000000,-0.0000000000,-0.0000000000,2.5752220836,-0.0000000000,0.1575678528,-0.0000000000,-0.0896558552,-0.0000000000,-0.0000000000,-0.4967785470,0.0000000000,-0.0687755104,-0.0000000000,-0.0000000000,-0.1155570135,0.1038234839,-0.0000000000,-0.0000000000,-0.0000000000,-0.0000000000,0.0000000000,-0.0630242996,-0.0000000000,0.1600547447,-0.0000000000,-0.0000000000,-0.0000000000,-0.0532200470,0.0000000000,0.0000000000,-0.3341082941,-0.0000000000,-0.0000000000,-0.0000000000,0.0000000000,-0.0000000000,-0.0625766034,0.0000000000,0.0000000000,-0.0391340989,0.0000000000,0.0000000000,0.0000000000,0.0000000000,0.0000000000,-0.0202608747,0.0000000000,-0.1075454135,-0.0000000000,0.0000000000,-0.0000000000,-0.0000000000,-0.5966104248,0.0000055737,-0.0000000000,-0.0000000000,-0.0253127192,-0.3870652820,0.0000000000,-0.2081305140,0.0000000000,0.0830427407,-0.0000000000,-0.0000000000,-0.0000000000,-0.0000000000,-0.0000000000,-0.0000000000,-0.0000000000,0.0827569269,0.0000000000,0.0000000000,0.1857861075,0.0253623596,0.0000000000,0.0000000000,-0.0000000000,-0.2394542122,0.0000000000,0.0000000000
-0.0000000000,0.0000000000,-0.0000000000,-0.0000000000,-0.0000000000,0.0000000000,-0.1313980754,-0.0000000000,0.0000000000,-0.0000000000,-0.0000000000,-0.3121378454,0.0000000000,0.0000000000,-0.0000000000,-0.0000000000,-0.0000000000,-0.0000000000,-0.0000000000,-0.0229000899,-0.0000000000,0.0000000000,-0.0000000000,2.2759405452,-0.0000000000,-0.0558465174,-0.1216996451,0.0000000000,-0.1883762265,-0.0574888899,-0.0000000000,-0.0000000000,0.0000000000,-0.0000000000,-0.6175666315,-0.0000000000,0.0000000000,-0.0000000000,-0.0000000000,-0.0000000000,-0.0000000000,-0.0000000000,-0.0000000000,0.0000000000,-0.0324585930,0.0000000000,0.0000000000,0.0000000000,0.0000000000,0.0000000000,-0.0000000000,-0.0000000000,0.1103396028,-0.0000000000,-0.0000000000,0.0000000000,0.1813977156,0.0000000000,-0.1516832641,-0.0000000000,-0.0000000000,0.1237528105,0.0436047131,0.0979562216,-0.2060315241,0.0000000000,-0.0000000000,0.1976138793,0.0000000000,0.2088786837,-0.0000000000,0.1819734676,0.0035605908,-0.1715648911,-0.4122249539,0.0000000000,-0.4117853855,0.0000000000,-0.0000000000,0.0000000000,-0.0000000000,0.1590535166,-0.0000000000,0.0000000000,-0.0878461472,0.0000000000,-0.0000000000,0.0000000000,-0.0000000000,-0.0000000000,0.0000000000,0.0000000000,-0.0000000000,0.0000000000,-0.0000000000,-0.0000000000,-0.0585279547,0.0000000000,0.0000000000,0.0000000000
-0.1520852571,0.0000000000,0.0932841410,0.0000000000,0.0000000000,0.0000000000,0.0000000000,-0.0000000000,0.0000000000,-0.3068740433,-0.0000000000,-0.4549100975,0.0000000000,-0.0000000000,0.0000000000,0.0000000000,-0.0000000000,0.0000000000,-0.0000000000,0.0000000000,0.2091552022,-0.0689442646,0.1575678528,-0.0000000000,2.3113517864,-0.1074149977,0.0614193885,0.0419191252,0.0000000000,0.0000000000,-0.3014470074,-0.0000000000,0.0000000000,-0.0000000000,0.0000000000,0.0000000000,0.0000000000,-0.0592245789,-0.0000000000,-0.0000000000,0.0000000000,-0.2644535741,-0.0000000000,0.0000000000,0.0000000000,0.0000000000,0.0000000000,-0.0100030779,-0.0000000000,-0.0000000000,0.0000000000,0.0000000000,0.0000000000,0.0743886921,0.0927802598,0.0000000000,0.0000000000,0.0000000000,-0.0000000000,0.0000000000,0.1969053539,0.0000000000,-0.0000000000,-0.0957873522,-0.0000000000,-0.0000000000,0.0264121649,0.0000000000,0.0000000000,-0.0000000000,0.0000000000,0.0059341249,0.0000000000,0.0000000000,0.0000000000,-0.0000000000,0.0000000000,0.0007068025,0.0000000000,-0.0000000000,0.0716131317,0.0000000000,0.0000000000,-0.0000000000,0.0000000000,0.0000000000,0.0000000000,0.0240933447,-0.0000000000,0.0000000000,-0.0000000000,-1.0520082823,0.0000000000,0.0000000000,0.0000000000,0.0000000000,0.1018340516,0.0000000000,-0.0000000000,0.0000000000
0.0000000000,0.0000000000,0.0191741252,-0.0000000000,-0.0000000000,0.0126863552,-0.0000000000,-0.0331862807,-0.0000000000,-0.0000000000,-0.0845318077,-0.6174979013,-0.0000000000,-0.0000000000,-0.0000000000,0.0000000000,-0.5936367438,0.0000000000,0.0000000000,0.0000000000,0.2932873840,-0.2957109953,-0.0000000000,-0.0558465174,-0.1074149977,2.2370022383,0.0000000000,0.0000000000,-0.0000000000,-0.0000000000,0.0000000000,-0.0000000000,0.0000000000,-0.0000000000,-0.1882446415,-0.0826819104,-0.0000000000,-0.0000000000,0.0000000000,-0.0000000000,0.0000000000,-0.1221090509,-0.0000000000,0.0000000000,0.0000000000,0.0963526976,0.0000000000,-0.0000000000,0.0000000000,-0.0000000000,0.0000000000,0.0000000000,0.0120529127,0.0000000000,0.0000000000,0.0000000000,0.0000000000,-0.0000000000,-0.0965714333,0.0000000000,-0.0000000000,-0.0000000000,-0.0000000000,0.0000000000,0.0000000000,-0.0000000000,0.0000000000,-0.0000000000,0.0000000000,0.0000000000,0.0658806173,-0.0000000000,-0.0000000000,0.0000000000,-0.0000000000,-0.3298699482,-0.1732241391,-0.0000000000,0.0000000000,-0.0000000000,-0.0000000000,0.0000000000,-0.0000000000,-0.0116941896,-0.1089634126,-0.0000000000,-0.0000000000,-0.0377556167,-0.0000000000,0.0000000000,-0.0000000000,-0.0000000000,0.0000000000,0.0438759451,-0.0000000000,0.0000000000,0.0000000000,-0.0000000000,0.0000000000,-0.0000000000
0.0000000000,-0.1673358657,0.0000000000,-0.0000000000,-0.0000000000,0.0000000000,-0.0662836088,0.0000000000,0.0000000000,0.0001310627,0.0000000000,-0.0000000000,-0.0000000000,0.0000000000,0.0000000000,-0.0000000000,0.0000000000,-0.0000000000,0.0000000000,-0.0000000000,-0.0000000000,0.0000000000,-0.0896558552,-0.1216996451,0.0614193885,0.0000000000,2.8350238893,-0.0000000000,-0.0000000000,-0.0000000000,0.0000000000,-0.1363390141,-0.0000000000,0.0000000000,-0.3465481309,-0.0778411169,-0.0000000000,-0.0000000000,0.0000000000,0.0000000000,-0.1787725689,-0.0000000000,-0.0000000000,-0.0000000000,-0.5028673553,-0.3186334301,-0.4340657653,-0.0000000000,0.0000000000,-0.0000000000,0.0000000000,-0.0299574217,-0.0000000000,-0.1220490386,0.0000000000,0.0000000000,-0.0000000000,0.0000000000,0.0860793940,0.0000000000,-0.1531441803,0.0000000000,0.0000000000,0.0618177772,-0.0000000000,0.0000000000,-0.0000000000,0.1766159070,0.2168018532,0.0000000000,-0.0000000000,0.0000000000,0.0025282746,0.0000000000,-0.0000000000,0.0000000000,-0.0000000000,-0.0000000000,-0.0000000000,0.0000000000,-0.0000000000,0.0063102494,-0.0000000000,0.0000000000,-0.5643203842,-0.0000000000,-0.0000000000,-0.0449495504,0.0000000000,-0.0000000000,0.0000000000,0.0503648413,0.0000000000,0.0000000000,-0.0000000000,-0.0000000000,-0.5211784537,-0.0000000000,0.0000000000,0.0000000000
-0.3053460407,-0.0000000000,0.0000000000,-0.0000000000,-0.1709973938,-0.2533693826,0.0000000000,0.0000000000,-0.0000000000,-0.0000000000,-0.0000000000,0.0000000000,0.0000000000,0.0000000000,0.0000000000,-0.0000000000,-0.0000000000,-0.1091877296,-0.0000000000,-0.0000000000,-0.0000000000,-0.0000000000,-0.0000000000,0.0000000000,0.0419191252,0.0000000000,-0.0000000000,2.3668623864,-0.1014291460,-0.1300001837,0.0000000000,0.0000000000,0.0216965533,-0.0000000000,0.0000000000,0.0000000000,-0.0000000000,0.0000000000,0.0000000000,-0.0000000000,-0.0000000000,-0.0000000000,0.0749190723,-0.1751737504,0.0000000000,-0.0000000000,0.0000000000,-0.0765884099,0.0000000000,0.0159158331,-0.0000000000,-0.0000000000,-0.0813250875,-0.0283598691,-0.1082832015,-0.0000000000,-0.0000000000,-0.0000000000,-0.0000000000,-0.0682462409,-0.0000000000,0.0000000000,0.0000000000,0.0000000000,-0.0000000000,0.0000000000,-0.0000000000,-0.0000000000,-0.0000000000,-0.0000000000,-0.0000000000,0.0000000000,0.0000000000,0.0000000000,-0.0881218007,-0.0759630679,0.0000000000,-0.5000498443,-0.0000000000,-0.2161366143,-0.0000000000,0.0000000000,0.0106083709,0.0302947069,0.0000000000,0.3495467504,-0.0000000000,-0.7481662015,-0.0000000000,0.0913273186,0.0000000000,0.0000000000,0.0000000000,-0.0000000000,0.0000000000,-0.0000000000,0.0000000000,-0.0000000000,-0.0000000000,0.0000000000
-0.2107654916,-0.0000000000,-0.0000000000,-0.0042964084,-0.1891352650,-0.0000000000,-0.0000000000,-0.0822642136,-0.0000000000,-0.0000000000,-0.3336567463,-0.0000000000,0.0000000000,0.0000000000,-0.2899485453,-0.0000000000,-0.0000000000,-0.0000000000,-0.0000000000,-0.2241073651,-0.3449572409,0.1864705156,-0.0000000000,-0.1883762265,0.0000000000,-0.0000000000,-0.0000000000,-0.1014291460,2.7999351733,-0.0000000000,0.0000000000,0.1264188925,0.0299512624,-0.0000000000,0.0000000000,0.0000000000,-0.3070958405,0.0721007538,0.0000000000,-0.0000000000,-0.0000000000,-0.0000000000,0.0000000000,-0.0000000000,-0.0000000000,-0.0000000000,0.0159613906,0.0000000000,0.0000000000,0.0000000000,-0.1122516575,-0.0000000000,0.0000000000,-0.0000000000,-0.0396661288,-0.0000000000,0.0000000000,-0.0000000000,-0.0000000000,-0.0855562408,0.0000000000,0.0000000000,0.0000000000,0.0000000000,-0.0000000000,-0.0000000000,-0.0430845207,-0.0000000000,-0.0000000000,0.0000000000,-0.3198095048,0.0000000000,0.0000000000,-0.0000000000,-0.0258836081,0.0000000000,-0.8130098029,-0.0000000000,-0.0000000000,-0.0000000000,-0.0000000000,0.0000000000,-0.0000000000,0.0000000000,0.0000000000,0.0000000000,-0.0000000000,0.0000000000,-0.0000000000,-0.0000000000,0.0000000000,0.0000000000,-0.1232262669,-0.0536902227,-0.0000000000,-0.0713857521,-0.0000000000,0.0000000000,-0.0000000000,0.0000000000
