2.151596289990051147e+00,-0.000000000000000000e+00,-0.000000000000000000e+00.1,0.000000000000000000e+00,0.000000000000000000e+00.1,-3.545138502638580658e-01,1.040307410186536302e-01,3.226960785880652050e-01,3.330599222586191205e-02,-0.000000000000000000e+00.2,-0.000000000000000000e+00.3,0.000000000000000000e+00.2,2.277672789188488200e-01,0.000000000000000000e+00.3,0.000000000000000000e+00.4,0.000000000000000000e+00.5,0.000000000000000000e+00.6,0.000000000000000000e+00.7,7.354097885445350091e-02,-0.000000000000000000e+00.4,0.000000000000000000e+00.8,-0.000000000000000000e+00.5,-0.000000000000000000e+00.6,0.000000000000000000e+00.9,-3.208461959740199210e-01,-0.000000000000000000e+00.7,0.000000000000000000e+00.10,5.718221784045686776e-03,6.613253931999281410e-02,1.440536173908463051e-02,-0.000000000000000000e+00.8,-0.000000000000000000e+00.9,-1.523133758536635018e-01,0.000000000000000000e+00.11,-1.427721323649385754e-01,0.000000000000000000e+00.12,-0.000000000000000000e+00.10,-2.055069562419902240e-01,-0.000000000000000000e+00.11,7.555592168017111199e-02,-0.000000000000000000e+00.12,-0.000000000000000000e+00.13,-0.000000000000000000e+00.14,0.000000000000000000e+00.13,0.000000000000000000e+00.14,0.000000000000000000e+00.15,0.000000000000000000e+00.16,-2.510049790593155139e-02,-2.898760492440891068e-01,0.000000000000000000e+00.17,-6.210013466657295922e-01,0.000000000000000000e+00.18,5.903069948198048228e-02,0.000000000000000000e+00.19,-0.000000000000000000e+00.15,-0.000000000000000000e+00.16,5.244366269895201632e-02,1.181697965599173838e-01,-0.000000000000000000e+00.17,0.000000000000000000e+00.20,-0.000000000000000000e+00.18,0.000000000000000000e+00.21,1.221439686882706821e-01,0.000000000000000000e+00.22,0.000000000000000000e+00.23,0.000000000000000000e+00.24,1.591731233954576941e-02,0.000000000000000000e+00.25,-0.000000000000000000e+00.19,0.000000000000000000e+00.26,0.000000000000000000e+00.27,0.000000000000000000e+00.28,-0.000000000000000000e+00.20,1.141949735757483847e-01,0.000000000000000000e+00.29,-0.000000000000000000e+00.21,0.000000000000000000e+00.30,0.000000000000000000e+00.31,0.000000000000000000e+00.32,0.000000000000000000e+00.33,-0.000000000000000000e+00.22,0.000000000000000000e+00.34,0.000000000000000000e+00.35,-0.000000000000000000e+00.23,0.000000000000000000e+00.36,-0.000000000000000000e+00.24,-3.868183496163102308e-02,0.000000000000000000e+00.37,0.000000000000000000e+00.38,1.684480944970804250e-01,-0.000000000000000000e+00.25,0.000000000000000000e+00.39,-0.000000000000000000e+00.26,0.000000000000000000e+00.40,1.554632120159462894e-01,0.000000000000000000e+00.41,3.040891459224865159e-02,-0.000000000000000000e+00.27,-0.000000000000000000e+00.28,4.514427471987134816e-02
-0.0,3.7952117032787127,-0.9450940343451384,-0.0,-0.2726393081174184,-0.0,-0.0,-0.0,-0.0,-0.0,-0.0,-0.0,-0.0,0.0,0.0,-0.3023822742520196,-0.0,-0.0,-0.0,-0.15113122476604937,-0.0,0.0,0.0,-0.0,0.0,0.0,-0.3048540414032749,0.10292865376208658,0.12372640699536204,-0.0,0.0,0.0,0.30817954022257754,0.0,0.0,-0.04536378921552627,0.03689657135714191,-0.0,-0.005716693492100592,-0.0,0.0,0.0068086286733124975,-0.0,0.0,-0.0,0.0,-0.0,0.0,0.0,-0.0,-0.0456289649768242,-0.20301900874876777,-0.40055213881498974,-0.0,-1.0817063188868508,-0.0,0.0,-0.0,0.0,-0.0,-0.0,-0.0,-0.0,0.0,0.0,0.02269717414306401,-0.0,0.0802119789181997,0.0,0.0,0.0,0.0,-0.0,-0.0,-0.0,0.0,0.14925530301032805,-0.0,0.16156594126220003,0.0,0.0,0.0,0.0,0.0,-0.0,-0.0,0.0,0.0537796030518355,-0.2132595549265288,-0.0,0.0,-0.25074136632010013,-0.0,0.0,0.0,0.0,0.0,-0.0,-0.0,-0.0
-0.0,-0.9450940343451384,3.2241434091704924,-0.0,-0.1399697733914062,-0.33891328262973236,-0.0,-0.0,-0.44809114185076954,0.0,0.0,0.0,-0.0,0.0,-0.0,-0.0756951849215454,0.0,-0.0,0.0,-0.0,-0.0,0.08194907048134668,0.0,0.0,0.0,-0.0,-0.0,0.2651130163596063,0.0,-0.0,0.0,0.04915752588869637,0.0,0.0,0.15995159136861675,-0.0,0.0,0.0,-0.0,0.0,0.1173689911932976,0.0,0.0,0.0,0.0,0.0,0.0,0.00983958889562195,-0.0,0.0,-0.0,-0.0,-0.26636273174696534,-0.0,-0.02597241948709306,-0.6390764027944852,-0.0,-0.2479702085839761,0.0,0.0,0.0,0.0,-0.026279301948575688,-0.0,-0.0,0.0,-0.0,0.0,0.14917257801730027,-0.0,-0.0,0.0,-0.0,0.0,0.0,0.0,0.0,-0.0,0.0,0.0,0.0,0.0,0.0,0.053388421566663936,-0.0376965921336568,0.0,0.16828190586808267,0.0,-0.0,0.0428263820356561,0.0,-0.0,0.0,0.0,0.0,0.0,0.0,0.0,0.0,0.0
0.0,-0.0,-0.0,2.334724693932416,-0.6529505324801471,-0.0,-0.0,-0.0,-0.0,-0.0,0.12986388834137158,0.0,0.0,0.0,0.0,-0.3491506698495167,0.08224847047705386,-0.0,0.0,-0.02024582604067933,-0.03616153642347101,0.18677341926171073,0.0,0.05880994185939263,0.0,0.0,-0.0,0.03031052428976613,-0.0,0.0,0.0,-0.049486058097822826,-0.08299325294899668,0.0,-0.0,-0.0,-0.0,0.0,0.0,0.0,-0.0,-0.0,0.07264709907405886,0.19757042388469048,-0.0,0.0,-0.0,-0.01376514951687932,-0.0,-0.0,-0.0,-0.0,-0.0,-0.7153582034524671,-0.0,-0.0,0.0,-0.0,0.0,0.0,0.0,-0.0,-0.0,-0.017192809134290006,0.0,0.0,0.0,-0.0,-0.0,-0.06655288907323872,-0.08466801212237639,-0.0,-0.0,0.0,0.0,0.0,0.22215483818885187,-0.0,0.0,-0.38176446193794195,-0.0,-0.0,0.07141906681864169,0.0,-0.0,-0.0,0.0,-0.0,-0.0,0.0,-0.0,0.0,0.0,0.0,0.005030075874726233,0.0,0.0,-0.0,-0.0,0.0
0.0,-0.2726393081174184,-0.1399697733914062,-0.6529505324801471,3.0605986121954003,-0.0,-0.0,-0.1969946869365996,-0.39453700071093983,0.0,0.0,0.0,-0.0,0.0,0.04573460824786419,-0.0,-0.0,-0.0,-0.0,-0.02827433322114088,-0.0,0.031239706346763856,0.0,-0.0,0.06225570050767074,0.17070646246571217,-0.0,0.0,0.0,-0.0,0.20183919417500057,0.0,-0.0,-0.0,-0.0,-0.0,-0.0,-0.0,0.0,0.1476841644421665,-0.0,0.12151187111942369,-0.0,0.0,-0.0,0.0,-0.0,-0.0,-0.0,-0.0,-0.0,-0.0,-0.0,-0.4636883243840953,-0.846682768362232,0.0,0.0,-0.0,0.0,-0.0,0.0,-0.0,-0.0,0.0,0.0,0.0,0.0,0.0,0.0,-0.0,-0.0,-0.0,-0.0,0.0,-0.0,0.0,0.13512816645606265,-0.0,0.0,0.0,0.0,-0.0,0.0,0.0,-0.0,-0.0,0.0,-0.0,-0.0,0.0,-0.0,0.0,0.0,0.0,-0.0,0.0,-0.0,-0.0,0.0,0.0
-0.35451385026385807,-0.0,-0.33891328262973236,-0.0,-0.0,3.3609296567702778,-0.0,-0.0,-0.0,0.0,0.14157636767701223,0.0,-0.0,0.0,0.0009781360773676538,-0.0,-0.0,-0.00843954228205651,-0.05617967423695096,-0.03601406078443426,-0.0,-0.0,-0.0,0.0,-0.0,0.0,-0.0,0.0,0.0,0.0,-0.0,0.0,-0.0,-0.0,0.0,-0.0,0.0,-0.0,-0.0,0.0,-0.0,0.0,0.0,0.0,-0.0,0.0,0.0,-0.0,-0.09036312338169077,0.0,-0.21003990323874525,-0.0,-0.0,-0.0,-0.9283224064346514,-1.115351962905497,-0.0,-0.0,0.0030421690908211062,0.34450887787771767,0.0,0.0,0.0,0.3527859209173836,0.0,0.002117166634057113,-0.0,0.0,0.0,-0.0,0.0,0.0,-0.05297024775427429,0.0,0.0,0.0,-0.0,0.0,0.0,0.0,0.0,0.0,0.0,0.0,-0.05575815116288383,-0.0,0.0,0.0,-0.0,0.0531000489644738,-0.0,-0.0,-0.0,0.0,0.05322886338040815,0.0,-0.0,-0.15870095724360667,-0.1848638386894248,0.0
0.10403074101865364,-0.0,-0.0,-0.0,-0.0,-0.0,4.183267334923859,-0.5242978037389088,-0.0,-0.07200386710674656,0.0,-0.0,-0.044010939508792,-0.0,0.0,-0.6504777153817016,-0.0,-1.0121190362540935,-0.0,-0.0,0.0,0.0,-0.0,-0.0,-0.04072486533332811,0.0,-0.0,0.0,-0.0,0.0,-0.0,-0.0,-0.0,-0.11057622358759948,0.0,-0.0,0.0,0.0,0.0,-0.0,0.0,-0.0,-0.0,0.0,-0.0,0.0,0.0,-0.0,0.0,0.0,-0.0,-0.6520925295742028,-0.18873606158184428,-0.0,-0.05816894592992659,-0.16678820942279507,-0.7711679872242093,-0.3074074440066598,-0.06411442148602196,0.0,0.0,-0.0,-0.0,0.0,0.0,0.0,-0.052922383846308096,-0.0,-0.0,-0.17838810411111797,-0.12610826257216787,-0.008155314782918564,-0.0,-0.0,-0.0,0.0,-0.0,0.0,-0.19403578400366356,-0.0,0.0,0.0,-0.0,0.0,0.0,-0.0,0.0,0.0,-0.066060381072638,0.0,0.0,-0.0,0.0,-0.0,-0.0,-0.0,0.0,0.0,0.0,0.0
0.3226960785880652,-0.0,-0.0,-0.0,-0.1969946869365996,-0.0,-0.5242978037389088,3.723529272840084,-0.34770069584632723,-0.0,-0.0,-0.0,-0.0,-0.0,-0.0,-0.0,-0.0,-0.3295270967907673,-0.0,0.0,-0.0,0.0,-0.0,0.0,-0.0,0.0,-0.0,0.0,0.0,-0.0,-0.0,0.0,0.18224796951987451,-0.0,0.0,0.0,0.0,0.03575784462232692,0.3373828055206348,0.0,0.0,0.0,0.0,0.0,-0.0,0.0,-0.0,0.0,0.0,0.0,0.0,-0.2586272682772172,-0.0,-0.06835226750002063,-0.11319328038241196,0.0,-0.8374875133021292,-0.8648551914753149,0.0,0.0,0.11465378957851248,0.0,-0.0,-0.0,-0.0,-0.0,-0.0,-0.0,0.0,-0.0,-0.0,-0.0,0.0,0.0,-0.0,0.0,0.0023212725383452127,-0.0,-0.0,0.0,0.0,-0.0,-0.0,0.0,0.0,-0.0,0.14586971548168406,-0.0,0.0,0.0,0.0,0.0,0.0,-0.0,-0.0,0.0,0.0,0.0,0.31406194060538467,0.0
0.03330599222586191,-0.0,-0.44809114185076954,-0.0,-0.39453700071093983,-0.0,-0.0,-0.34770069584632723,3.488069092054351,-0.0,-0.0,-0.0,-0.07027815176652868,-0.0,-0.0,-0.0,-0.0,-0.037601331219316615,-0.0,-0.0,-0.38955388920908457,0.0,-0.0,-0.0,0.0,0.0,-0.29476630794760006,0.0,-0.0,-0.03101085537076828,0.0,0.19557853155152571,0.0,-0.0,0.0,-0.4111389351370748,0.0,-0.0,-0.0,-0.0,-0.0,0.0,-0.0,0.0,-0.015897521811666735,0.0,-0.0,0.0,0.0,-0.012366467173893092,0.0,-0.0,-0.0,-0.113921272232957,-0.33725257089488914,-0.0,-0.0,-1.2344393505601228,0.0,0.0,0.0,0.0,-0.07469340955795027,-0.0,-0.0,-0.0,-0.0,-0.0,0.0,-0.28461627207365625,-0.0,-0.0,-0.0,-0.0,-0.0,-0.0,0.0,-0.0,0.0,0.0,-0.0,-0.0,0.0,0.0,-0.032624740689958506,-0.0,0.0,0.0,-0.0,-0.0,0.0,0.0,0.0,0.0,-0.005421608936478376,0.0,-0.0,-0.0,0.0,-0.0
-0.0,-0.0,0.0,-0.0,0.0,0.0,-0.07200386710674656,-0.0,-0.0,2.535863830487567,-0.4124951773803102,-0.34577452841240525,-0.10753758415889068,0.0,-0.0,-0.004230592396960258,0.0,0.0,0.023533723173376247,0.0,-0.0,0.07632684536982279,0.0,-0.0,-0.2147410213255053,-0.0,-0.0,-0.0,-0.0,-0.0,-0.0,-0.0,-0.0,0.0,-0.0,0.0,-0.0,-0.0,-0.0,-0.02491647553975347,-0.0,-0.0,-0.0,-0.0,-0.03892874322021511,-0.0,0.0,0.0,-0.0,-0.0,-0.08047003915761441,-0.0,-0.0,-0.05151428214006737,-0.0,0.0,-0.0,-0.0,-0.9817626539581472,-0.03513103080016845,-0.0,-0.06544994818671669,-0.0,-0.0,-0.0,-0.0,-0.02004973516225692,0.0,-0.08304513748420862,-0.0,-0.26097566150926066,-0.23403903388138217,0.0,-0.0,-0.0,-0.0,0.0,0.0,-0.0,-0.2801424867081327,-0.12183784085662563,-0.0,0.0,-0.0,-0.0,-0.0,-0.0,-0.0,-0.0,0.0,-0.0,-0.0,-0.0,0.0,-0.0,-0.0,0.0,-0.0,-0.0,0.0
-0.0,-0.0,0.0,0.12986388834137158,0.0,0.14157636767701223,0.0,-0.0,-0.0,-0.4124951773803102,1.930236056905124,-0.29673605130490177,-0.0,0.0,-0.0,0.0,0.0,0.0,0.17143305918264196,0.0,-0.0,0.0,0.11750150017216054,-0.0,-0.0,-0.44636404300401433,0.0,-0.0,0.040083570389844746,0.0,0.0,0.0,0.030670657946329397,0.0,-0.0,-0.24413673130631977,-0.13823749204452268,0.0,-0.0,-0.0,-0.23269459863750588,0.0,-0.0,-0.0,-0.0,0.0,0.0,0.0,-0.0,-0.0,0.0019061342710865684,0.0,0.0,0.0,0.0,-0.0,0.032098417211819406,0.0,-0.12881362799521165,-0.05113576653577665,-0.036828370291859376,-0.0,0.0,-0.0,-0.0,-0.0,0.01852887219537412,0.0,-0.1536407815393153,-0.0,-0.0,0.0,-0.0,0.0,-0.0,-0.2204423999820508,0.0,-0.0,0.0,0.09356776805283211,-0.041260394238350165,-0.061654579008832096,-0.0,0.21824711372057312,0.0,-0.0,-0.0,-0.0,-0.0,-0.0,0.0,-0.0,-0.0,0.0,-0.0,-0.0,0.0,-0.0,-0.0,0.0
0.0,-0.0,0.0,0.0,0.0,0.0,-0.0,-0.0,-0.0,-0.34577452841240525,-0.29673605130490177,2.9170570335118735,-0.2751974599937876,-0.0,0.0,0.0,-0.28121726192610974,-0.0,-0.06812275829034647,0.0,-0.16098600383540207,0.0,0.0,-0.0,0.0,-0.3749166663173449,0.0,-0.0,0.0,-0.0,0.041164405085720286,-0.0,0.0,-0.0,0.0,0.0,0.0,-0.0,-0.0,-0.015392404080128383,-0.0,-0.0,0.0835008187905175,0.0,0.0,0.0,-0.0,0.0024290835181849995,0.0,-0.0,0.08569581264911282,0.0,0.0,-0.0,0.0,-0.0,-0.0,0.0,-0.0,-0.0,-0.5741432447758098,-0.0,-0.0,-0.0,-0.0,-0.0,-0.0,-0.0,-0.2161069036210144,-0.0,0.0,-0.0,-0.0,-0.3055254639875557,-0.0,-0.0,0.14092767176171375,-0.0,0.0,-0.0,-0.0,-0.0,-0.0,0.0,0.0,-0.010973517926545488,0.0,-0.0,-0.0,-0.0,-0.0,-0.26525865126077974,-0.5735537460079495,0.0,0.0,0.0,-0.0,-0.0,0.0,-0.0
0.2277672789188488,-0.0,-0.0,0.0,-0.0,-0.0,-0.044010939508792,-0.0,-0.07027815176652868,-0.10753758415889068,-0.0,-0.2751974599937876,3.3193515419172246,0.0,-0.0,0.0,-0.0,-0.0,-0.045960098334739595,0.0,-0.0,0.0,-0.0,-0.0,0.0,0.0,-0.0,-0.0,-0.0,-0.0,-0.0,-0.0,0.0,-0.0,0.0,-0.0,-0.0558434907459764,-0.0,-0.0,0.0,0.0,0.016142354014279943,-0.0,-0.13206383406568484,-0.0,0.0,0.30161454204970733,0.0,-0.0,-0.0,0.0,-0.0,-0.05918094362195468,-0.0,-0.0,-0.0,-0.0,-0.0,-0.0,-0.0,-0.32978214412753254,-1.3716984903718288,-0.8251585468721105,0.058675853163050365,0.0,-0.0,-0.0,0.0,-0.0,-0.22644250825201967,0.0,-0.0,-0.0,-0.0,-0.0,-0.07403866644765986,-0.0,-0.0,-0.0,-0.0,-0.0,0.0,-0.12602836420228875,0.0,-0.0,0.0,-0.0,-0.0,-0.0,0.0,-0.0,-0.23515960233102207,0.0,0.0,0.0,-0.03184333437605659,0.0,-0.0,-0.0,0.0
0.0,0.0,0.0,0.0,0.0,0.0,-0.0,-0.0,-0.0,0.0,0.0,-0.0,0.0,2.6003500031679305,-0.2563927950908797,0.0,-0.4994558416024007,-0.0,-0.8343238250778291,0.047928261133222176,-0.15353913405752975,-0.0,-0.32327966277520365,0.0,-0.0,-0.0,-0.1896163790735772,-0.0,-0.0,-0.23400562191985463,-0.0,0.0,-0.0,0.0,0.0,0.0,0.0,-0.26635263584655927,-0.0,0.0,0.0,-0.0,-0.0,0.0,0.0,-0.0,-0.004317853569600115,-0.0,-0.0,0.0,0.0,-0.0,-0.0,-0.0,-0.0,0.0,-0.0,-0.0,-0.0,0.24548620428068427,0.0,0.09112032445877503,0.0,0.0,-0.0,-0.0,-0.0,-0.25365238694928294,0.05070313515488794,0.0,-0.0,0.0,-0.0,-0.06163787366016287,0.0,0.0,-0.0,-0.0,-0.0,0.0,0.19012912638369223,0.0,-0.0,0.039350855932645,0.0,0.0,0.0,-0.0,0.0,-0.0,-0.0,-0.0,-0.21446358977080965,-0.0,-0.0,0.0,-0.0,0.0,0.0,-0.0
0.0,0.0,-0.0,0.0,0.04573460824786419,0.0009781360773676538,0.0,-0.0,-0.0,-0.0,-0.0,0.0,-0.0,-0.2563927950908797,3.0903971279842795,0.0,0.0,0.0,-0.0,0.0,-0.0,0.006001724504749869,-0.0,0.0,0.0,-0.0,-0.06229964996077195,-0.0,-0.32397429010462087,-0.18155493897875688,-0.0,0.02137764913272057,0.0,0.15529748393971765,0.0655256355002226,-0.0,-0.0,0.0,0.0,0.0,0.0,0.0,-0.0,-0.1643190889406958,-0.0,-0.030826391375502617,0.008850587183155777,0.0,-0.0,-0.0,0.0,-0.0,0.0,0.20744726933550767,0.0,-0.0,0.0,-0.0,-0.0,0.0,-0.0,0.0,-0.0,-0.0,-0.49967998475557457,-1.2392618640058717,0.0,-0.0,0.007954784453220995,0.0,-0.5272490752469684,0.023227179676283863,-0.0,-0.0,0.0,0.0,-0.15711453114132706,-0.0,-0.11511736016427658,-0.0,-0.0,0.0,0.0,0.0,-0.0,0.0,0.0,0.0,0.0,-0.0,0.02166447167987453,-0.0,-0.0,-0.0,-0.0,-0.0,0.0,0.1451757792679212,0.0,-0.0
0.0,-0.3023822742520196,-0.0756951849215454,-0.3491506698495167,-0.0,-0.0,-0.6504777153817016,-0.0,-0.0,-0.004230592396960258,0.0,0.0,0.0,0.0,0.0,3.267596612686176,0.09776164640874065,-0.0,0.12659228886776433,-0.06946751706851129,0.0,0.0,0.005452714596404067,-0.0,0.0,-0.0,-0.01505432643424022,0.0,0.0,0.0,0.0,-0.0,-0.0,-0.0,-0.0,-0.002254611073923529,0.0,-0.0,-0.0,-0.4143317434057357,0.0,-0.0,-0.04051381676558032,-0.0,-0.0,0.0,-0.0,0.0,-0.0,0.0,-0.10946999152407969,-0.3650827213781027,-1.1078957860539893,-0.0,-0.0,-0.0,0.0,-0.0,-0.22266569540322667,-0.02390691090246092,-0.0,-0.0,-0.0,-0.0,0.0,0.04788747010532576,-0.0,0.0,0.0,0.0,-0.0,-0.0,0.0,-0.0,-0.0,0.0,0.0,0.0,-0.0,-0.01503206315844887,0.0,0.0,0.0,0.0,-0.0,-0.0,0.0,0.0,-0.12792154155670743,0.0,0.0,-0.021595411016751814,0.0,-0.0,0.0,-0.0,0.0,0.0,-0.0,0.07046684534750776
0.0,-0.0,0.0,0.08224847047705386,-0.0,-0.0,-0.0,-0.0,-0.0,0.0,0.0,-0.28121726192610974,-0.0,-0.4994558416024007,0.0,0.09776164640874065,2.898705909759028,-0.0,-1.1550424238370736,0.0,-0.0,-0.07402642530740713,-0.0,-0.15171063821290573,-0.0,-0.0,0.0,0.0,0.0,-0.0,0.0,0.008959835778733697,0.0,-0.15361062856245533,0.0,0.15203865958291518,0.0,-0.0,-0.007414358865727377,-0.0,0.0,0.0,0.0,0.0,0.0,-0.0,-0.0,0.0,0.0,0.0,0.0,0.0,-0.0,-0.0,-0.0,0.0,-0.0,-0.0,-0.0,0.10752219453758656,-0.0,0.0,0.1998710927134364,0.0,0.0,0.0,-0.0,-0.4675820466155334,-0.0,-0.0,0.04994951301552262,-0.10252981412862644,-0.01687628209707753,-0.0,-0.29265107010159463,-0.0,0.0,0.0,0.0,0.33989095507523986,0.0,0.0,-0.11873510649618528,0.0,0.0,0.0,0.0,-0.0,0.0,-0.0,-0.0,0.0,-0.0,0.0,0.0,0.049718032852861416,-0.0,0.0,0.053175508765764955,-0.0
0.0,-0.0,-0.0,-0.0,-0.0,-0.00843954228205651,-1.0121190362540935,-0.3295270967907673,-0.037601331219316615,0.0,0.0,-0.0,-0.0,-0.0,0.0,-0.0,-0.0,4.199182910673177,-0.09363065698021648,-0.44009964051180567,-0.0,-0.0,-0.25182818536386653,-0.0,-0.0,0.0,0.0,0.0,-0.0,0.0,-0.02481056665449323,0.0,-0.0,-1.1981562807199415,-0.0,0.0,0.0793093926288278,0.0,0.0,-0.0,-0.0,0.0,-0.0,0.0,-0.056089691115832806,0.0,-0.0,0.0,0.0,0.0,0.0,-0.0,-0.0,-0.0,-0.09253736701966096,-0.06871124606533371,-0.0,-0.47962237067914265,0.0,0.0,0.0,-0.0,0.0,0.030178109054524126,0.0,0.0,-0.0,-0.0,-0.0,-0.5577636999588894,-0.0,-0.0,-0.0,0.0,-0.25040267146524425,-0.0,-0.0,0.0,-0.0,0.0,0.0,0.0,-0.0,-0.0,0.0,-0.0,0.0757296862135454,0.31378965160461464,-0.0,0.0,0.0,0.0,0.0,-0.0,0.0,0.3720591646355166,0.0,0.0,0.0,0.0
0.0735409788544535,-0.0,0.0,0.0,-0.0,-0.05617967423695096,-0.0,-0.0,-0.0,0.023533723173376247,0.17143305918264196,-0.06812275829034647,-0.045960098334739595,-0.8343238250778291,-0.0,0.12659228886776433,-1.1550424238370736,-0.09363065698021648,3.0696287010475047,0.0,-0.37374289161612906,-0.0,-0.0023491755545828,0.0,-0.0,-0.0,-0.0,-0.0,-0.0,-0.0,-0.0,0.0,0.0,-0.06735652357992414,0.0,0.0,0.0,-0.0,-0.0,0.0,0.0,0.0,0.10949836946572226,0.0,-0.0,0.0,0.0,0.0,-0.0,0.0,0.0,0.0,0.0,-0.0,-0.0,-0.0,-0.0,-0.0,-0.0,0.15008080737982005,-0.0,-0.0,0.0,0.0,0.0,-0.0,0.0,-0.4477822180353758,0.0,-0.0,0.0,-0.0,-0.1780737511660612,-0.0,-0.0,-0.0,-0.0,-0.0,-0.0,0.0,0.0,0.3935726523476884,-0.0,0.14151218113882627,-0.0,0.0,0.0,0.0,0.0,-0.0,0.0,-0.0,-0.0,-0.0,0.0,0.0,0.0,0.0,0.0,-0.0
-0.0,-0.15113122476604937,-0.0,-0.02024582604067933,-0.02827433322114088,-0.03601406078443426,-0.0,0.0,-0.0,0.0,0.0,0.0,0.0,0.047928261133222176,0.0,-0.06946751706851129,0.0,-0.44009964051180567,0.0,3.390204161381932,-0.0,0.0,0.0,-0.0,-0.0,0.16205966403062727,-0.0,0.011727135981251236,-0.1217707907673974,0.2179940977159399,0.0,0.0,-0.0,0.0,-0.0,-0.27641149098610623,0.0,0.0,0.0,-0.17011853558584186,-0.20624581023344152,0.0,-0.0,0.0,-0.0,0.0,0.0,-0.0,-0.0,-0.0,-0.0,-0.0,-0.0,-0.0,-0.0,-0.42143712562880614,0.0,-0.008870804926552334,0.0,0.0,0.0,0.0,0.0,0.08146306113573312,0.0,0.1145792268419228,-0.06537151166347344,0.1152153638401582,0.0,-0.0,-0.5820376749050408,0.0,0.0,-0.0,-0.0,0.07065270633325481,-0.09057714857950813,0.0,0.06299177233722406,-0.0,-0.0,-0.0,0.09691468066912466,-0.0,-0.0,-0.0,0.0,0.0,-1.2762246263160848,-0.0,-0.0,0.0,0.0,0.0,0.0,0.0,-0.0,-0.0,-0.0,-0.0
0.0,-0.0,-0.0,-0.03616153642347101,-0.0,-0.0,0.0,-0.0,-0.38955388920908457,-0.0,-0.0,-0.16098600383540207,-0.0,-0.15353913405752975,-0.0,0.0,-0.0,-0.0,-0.37374289161612906,-0.0,2.18597010615868,0.0,-0.12430172162714236,-0.0,0.07867432037058077,-0.0,-0.01867890458374522,-0.0,-0.0,-0.0,0.00137711070130433,0.0,-0.0,0.0,0.0,-0.0,0.0,-0.0,-0.16147893330949523,-0.0,-0.0,0.15442555121536536,-0.0,0.0,-0.295484456970196,-0.0,-0.0070440198801546335,0.0,-0.0,-0.23001084651598164,0.13086803077155412,0.0,0.0,-0.0,-0.0,-0.0,0.046798412334321526,-0.0,-0.0,-0.0,-0.3801828173343244,-0.05261281784259164,-0.0,-0.0,-0.0,-0.0,0.0,-0.07108507374374104,-0.0,-0.0,-0.2103934533523635,0.0,-0.1206531645405561,-0.0,-0.0,0.0,0.0,-0.16952435938029267,0.0,-0.0,0.0,-0.0,0.0,0.03750985674129498,-0.0,-0.0,0.0,0.0,-0.0,-0.0,0.0,-0.0,-0.10570762576298869,0.0,0.0,0.26232355046561073,0.0,0.0,0.0,-0.0
-0.0,0.0,0.08194907048134668,0.18677341926171073,0.031239706346763856,-0.0,0.0,0.0,0.0,0.07632684536982279,0.0,0.0,0.0,-0.0,0.006001724504749869,0.0,-0.07402642530740713,-0.0,-0.0,0.0,0.0,3.084821311339013,-0.542540772764893,-0.0,0.0,-0.0,-0.0,-0.06516404657342935,-0.0,0.0,-0.0,-0.0,-0.0,-0.6669499803718814,-1.3250931053007255,0.0,0.0,0.0,-0.0,0.0,-0.0,0.0,-0.0,0.0,-0.0,0.0,-0.33695606744696316,-0.0,0.0,0.26746227402298733,0.0,0.0,0.0,0.0,-0.0,0.0,0.0,0.0008735811939945779,0.0,0.0,-0.0,0.0,0.0,0.06996000477140946,0.028197419754896764,0.0,0.0,-0.0,-0.0033182448709611185,-0.0,0.0,-0.3706807890249101,-0.0,0.0,-0.0,-0.0,-0.0,-0.0,0.0,0.0,-0.0,0.0,-0.0,-0.0,0.0,-0.0,-0.0,-0.0,0.0,0.0,0.0,0.0,0.0,-0.0,0.0,0.0,0.0,-0.0,0.0,0.0
-0.0,0.0,0.0,0.0,0.0,-0.0,-0.0,-0.0,-0.0,0.0,0.11750150017216054,0.0,-0.0,-0.32327966277520365,-0.0,0.005452714596404067,-0.0,-0.25182818536386653,-0.0023491755545828,0.0,-0.12430172162714236,-0.542540772764893,2.669718667831132,-0.0,0.0,-0.0,-0.0,-0.0,-0.2407087402733224,-0.06980103284005808,-0.09373105096223945,-0.0,-0.04735550458369241,-0.08360930755392636,-0.0,0.009951387562090495,0.0,0.0,0.0,0.0,-0.0,0.0,-0.0,0.0,-0.0,0.0,-0.0,-0.39125214220240456,-0.0,0.0,0.0,-0.0,0.03889791574831527,-0.0,-0.0,0.0,-0.0,-0.0,0.0,0.0,-0.0,0.0,-0.0,0.0,0.0,-0.28286357784454624,0.0,-0.3975886868685653,-0.0,-0.0,-0.0,-0.0,-0.8123347795338643,0.0,-0.0,0.0,-0.02749145323715741,-0.09222156156383907,-0.0,-0.0,0.0,0.0,-0.0,-0.0,0.0,-0.0,0.0,0.0,0.0,0.0,0.0,0.1288887775230972,0.0,-0.0,0.04237080680683357,0.1555018379229329,0.0,-0.0,0.0,0.0
0.0,-0.0,0.0,0.05880994185939263,-0.0,0.0,-0.0,0.0,-0.0,-0.0,-0.0,-0.0,-0.0,0.0,0.0,-0.0,-0.15171063821290573,-0.0,0.0,-0.0,-0.0,-0.0,-0.0,3.2497266714952064,0.00013940848447405323,-0.0,0.0,0.0,-0.36450402409193133,0.0,0.040287401891837674,0.0,-0.07645202929395495,-0.2497367948455674,-0.0,0.0,-0.0,0.0,-0.024875158164326346,-0.7221837204638467,-0.31070694803942694,0.0,-0.3452211559268658,0.0,0.01643711308376561,-0.0,-0.0,0.0,0.03905382301355066,-0.0,0.0,0.0,-0.0,-0.0,0.0,0.0,-0.0,-0.0,-0.0,-0.25442154137577205,-0.0,0.0,0.0,-0.0,-0.0,0.0,-0.0,-0.0,-0.0,0.0,-0.0,-0.0,0.0,-0.0,-1.3479131069122685,-0.11031617379376242,-0.0,0.0,0.0,0.0,-0.009619115976361505,0.0,-0.0,-0.09803540881795325,0.18759678780580613,0.0,0.0,0.0,-0.0,-0.0,-0.0,0.0,-0.0,0.07972307509533869,-0.0,0.0,-0.0,0.2480530221396429,0.0,-0.0
-0.3208461959740199,0.0,0.0,0.0,0.06225570050767074,-0.0,-0.04072486533332811,-0.0,0.0,-0.2147410213255053,-0.0,0.0,0.0,-0.0,0.0,0.0,-0.0,-0.0,-0.0,-0.0,0.07867432037058077,0.0,0.0,0.00013940848447405323,1.512475452089885,-0.0,0.1445238882833142,0.03627454961466561,0.0,-0.0,-0.0,-0.09814799967392368,-0.0,0.0,0.0,-0.0,-0.0,-0.0,0.0,-0.0,0.0,-0.22464730375728548,0.0,0.0,-0.0,0.0,0.18749952343522533,0.0,-0.0,0.10947930031290702,-0.01177986603909292,-0.021170307031404045,-0.0,-0.0,0.0,-0.0,-0.022394288198712687,-0.03861163527280968,-0.3412400108956304,0.15763556388682967,0.0,0.0,0.1798099030676983,0.0,0.0,0.0,-0.0,0.0,-0.0,0.0,-0.0,-0.0,0.0,0.0,-0.0,-0.16056270311106224,-0.0,0.08168911602684331,-0.0,-0.0,0.0,0.0,-0.04883006565458082,-0.0,0.0,-0.0,-0.02309253220772453,-0.0,0.0,0.0,0.0,-0.16284584313298178,0.0,-0.0,0.0,0.0,0.1640994088785391,-0.0,0.0,0.0
-0.0,0.0,-0.0,0.0,0.17070646246571217,0.0,0.0,0.0,0.0,-0.0,-0.44636404300401433,-0.3749166663173449,0.0,-0.0,-0.0,-0.0,-0.0,0.0,-0.0,0.16205966403062727,-0.0,-0.0,-0.0,-0.0,-0.0,3.2837039506397288,0.07530845582882961,-0.0,0.0,-0.0,-0.0,-0.0,-0.0,-0.0,-0.0,0.0,0.0,-0.0,-0.0,-0.0,-0.0,-0.0,0.0,0.0,0.16835715430035775,0.0,-0.0,0.1561716694960572,-0.0,-0.0,0.0,0.0,0.0,0.0,0.28569239314594363,-0.0,-0.0,0.0,-0.34971331176619264,-0.1639475480677717,-0.15972061199087098,0.0,-0.0,-0.0,-0.0,-0.10879063673400816,0.0,-0.0,-0.0,0.0,0.0,-0.0,0.0,-0.0,-0.27660903112504204,-0.7249648159217945,0.0,-0.0,-0.0,-0.0,-0.0,0.0,-0.0,0.0,0.04788480528791476,-0.0,0.0,-0.0,0.0,-0.0,0.0,-0.0,-0.2676390369731259,0.0,0.0,0.0,0.12974944491482965,0.6465815574435557,0.0,0.0
0.0,-0.3048540414032749,-0.0,-0.0,-0.0,-0.0,-0.0,-0.0,-0.29476630794760006,-0.0,0.0,0.0,-0.0,-0.1896163790735772,-0.06229964996077195,-0.01505432643424022,0.0,0.0,-0.0,-0.0,-0.01867890458374522,-0.0,-0.0,0.0,0.1445238882833142,0.07530845582882961,2.459474205601953,-0.16865360290440007,-0.025958279284429123,-0.0,0.020928453735169873,0.048176491289239905,0.03203076289165514,0.0,-0.0,-0.04453246836403866,0.0,-0.0,-0.05578704594669079,0.0,0.0,-0.0,-0.17240295493157273,0.0,-0.5971734543312824,-0.058093864379810754,-0.0,-0.0,-0.0,-0.0,-0.0,-0.0,-0.0,-0.0,-0.5360599366806035,-0.0,0.14713412909564852,-0.0,-0.0,0.0,0.0,0.0,-0.0,-0.0,-0.0,-0.0,-0.0,0.0,0.2711357373187625,0.0,-0.0,0.0,-0.0,-0.0,0.0,0.05402482891214114,-0.0,-0.36669748657376694,0.0,-0.0,-0.0,0.0,0.0,0.0,-0.4684580142602399,-0.0,0.0,-0.0,-0.0,-0.0,0.14976742346436472,-0.0,-0.0,0.0,-0.11231241915496223,0.0,-0.0,-0.0,-0.0,0.0
0.005718221784045687,0.10292865376208658,0.2651130163596063,0.03031052428976613,0.0,0.0,0.0,0.0,0.0,-0.0,-0.0,-0.0,-0.0,-0.0,-0.0,0.0,0.0,0.0,-0.0,0.011727135981251236,-0.0,-0.06516404657342935,-0.0,0.0,0.03627454961466561,-0.0,-0.16865360290440007,2.383404786353163,-0.28258526654363836,-0.021076949195005835,-0.0,-0.0,0.15747019690326988,0.0,-0.0,0.0,-0.08731933932874987,0.0,0.0,0.08097299531789082,0.0,-0.07279530361187363,-0.0,-0.08312557564867105,-0.0,-0.3629192879793012,-0.0,-0.11350821539929336,0.0,0.0,0.0,0.0,0.0,0.0,-0.0,0.004992326993463672,0.0,0.0,-0.0,-0.0,-0.0,-0.07623845208416206,-0.060661624151617806,0.0,0.0,-0.0,0.0,0.0,0.0,0.024284562463829085,0.0,-0.0,0.0,0.0,0.03294135231768588,-0.0,-0.0,-0.5548155649806483,-0.006119253056215484,-0.0,-0.0,0.0,-0.0,0.0,0.0,0.0,-0.0,-0.6301630588405197,0.07371224705233112,0.0,0.0,-0.0,-0.0,-0.025873820723993763,-0.14874602911263815,-0.27903785406778314,-0.0,0.0,0.0,0.004956554919732304
0.06613253931999281,0.12372640699536204,0.0,-0.0,0.0,0.0,-0.0,0.0,-0.0,-0.0,0.040083570389844746,0.0,-0.0,-0.0,-0.32397429010462087,0.0,0.0,-0.0,-0.0,-0.1217707907673974,-0.0,-0.0,-0.2407087402733224,-0.36450402409193133,0.0,0.0,-0.025958279284429123,-0.28258526654363836,2.7752626672977105,-0.0,0.0,0.0,-0.04052671604937615,-0.0,-0.0,-0.0,-0.06844054390221398,0.09687699091678464,0.0,-0.0,-0.0,-0.0,-0.0,0.0,0.0,-0.14188853143893845,0.0,-0.0,-0.0,-0.08054415062156842,0.0,0.0,-0.0,-0.0,0.0,-0.0,-0.0,-0.0,0.0,0.0,0.0,0.0,-0.2345728404413276,-0.0,-4.769200805441652e-05,-0.0,-0.4468417908416936,-0.0,-0.0,0.0,-0.012299433950223893,-0.0,-0.0,-0.026374443682390177,-0.004374179898137276,0.0,-1.39136255891946,-0.0,0.0,-0.0,-0.13078153458719455,0.0,0.07458917644964112,-0.0,0.0,0.5184299082956969,-0.0,0.0,-0.0,0.0,0.0,0.0,0.0,0.0,0.0,-0.0,0.0,0.0,-0.0,-0.0
0.01440536173908463,-0.0,-0.0,0.0,-0.0,0.0,0.0,-0.0,-0.03101085537076828,-0.0,0.0,-0.0,-0.0,-0.23400562191985463,-0.18155493897875688,0.0,-0.0,0.0,-0.0,0.2179940977159399,-0.0,0.0,-0.06980103284005808,0.0,-0.0,-0.0,-0.0,-0.021076949195005835,-0.0,2.392297192301487,-0.0,0.0,0.0,0.0019672468990113,0.115899101042038,0.0,0.0,-0.0,-0.0,0.0,0.00041159191879959673,-0.01330265721871849,-0.0,-0.0,0.0,-0.4600847217494517,-0.030662472169819033,0.07455347966604099,0.0,-0.0,0.0,-0.0,0.0,-0.05187854371201164,-0.0,0.019400452937664,-0.0,-0.0,-0.0,-0.0,0.0,0.0,-0.1455910629051961,-0.0,-0.0,-0.040821745614327935,-0.0,-0.0,0.20024175507804867,0.0,0.0,0.0,0.0,-0.3518510283886372,0.0,-0.0,0.0,-0.7355581100718928,-0.0,-0.0,0.0,0.0,0.0,0.04568662467782833,-0.0,0.0,0.0,0.0,0.051166567883964016,-0.0,0.08913042063694956,-0.0,-0.0,0.0,-0.0,-0.0,-0.15214999235810694,0.13681955842190427,0.0,-0.0
-0.0,0.0,0.0,0.0,0.20183919417500057,-0.0,-0.0,-0.0,0.0,-0.0,0.0,0.041164405085720286,-0.0,-0.0,-0.0,0.0,0.0,-0.02481056665449323,-0.0,0.0,0.00137711070130433,-0.0,-0.09373105096223945,0.040287401891837674,-0.0,-0.0,0.020928453735169873,-0.0,0.0,-0.0,2.6235918827645066,-0.0,-0.0,-0.0,0.0,0.34666635886751634,0.0,-0.0,0.0,0.0,0.0,-0.3036281561343357,-0.0,-0.10164984987338894,-0.0,0.0,0.0,-0.0,-0.0,0.0,-0.27348581407241845,-0.0,-0.0,0.0,-0.0,-0.0,-0.03665184926578396,0.0,-0.0,0.0,0.0,-0.0,-0.0,0.0,0.0,-0.0,0.0,-0.0,0.0,-0.0,0.0,-0.02701275227882241,0.0,0.0,0.0,-0.0,-0.0,0.0,-1.3084616634094643,-0.0,0.0,0.0,-0.0,-0.0,-0.0,-0.0,0.0,0.0,0.0,0.0,-0.0,0.0,0.08344899877749087,-0.3378213564132432,0.0,-0.15264363787375151,0.11813713069329088,0.0,-0.0,0.0
-0.0,0.0,0.04915752588869637,-0.049486058097822826,0.0,0.0,-0.0,0.0,0.19557853155152571,-0.0,0.0,-0.0,-0.0,0.0,0.02137764913272057,-0.0,0.008959835778733697,0.0,0.0,0.0,0.0,-0.0,-0.0,0.0,-0.09814799967392368,-0.0,0.048176491289239905,-0.0,0.0,0.0,-0.0,3.212241882502685,-0.0,0.0,-0.0,0.0,-0.0,-0.0,0.0,0.0,0.0,-0.32012557976538225,0.0,0.0,0.0,-0.0,-0.0,-0.07414748125705868,0.0,0.0,-0.0,-0.22451024362780703,-0.0,-0.057907688467566526,0.07085224044088523,0.14694135459212251,-0.0,0.0,-0.0,-0.0,-0.07660914271400336,-0.009222509081512854,-0.0,0.0,0.02222850054242541,0.0,-0.0,0.0,-0.0,-0.0,0.0,-0.14496798574929137,-0.0,-0.12169690233279208,-0.0,-0.0,-0.0,-0.0,-0.0,-2.311933113834948,-0.0,0.0,-0.0,-0.0,-0.0,-0.0,-0.0,-0.13467278677922978,-0.0,0.16507226704012493,0.0,-0.09457306088528626,0.0,-0.0,0.09502644087889699,-0.0,0.0,-0.0,0.0,0.0
-0.1523133758536635,0.30817954022257754,0.0,-0.08299325294899668,-0.0,-0.0,-0.0,0.18224796951987451,0.0,-0.0,0.030670657946329397,0.0,0.0,-0.0,0.0,-0.0,0.0,-0.0,0.0,-0.0,-0.0,-0.0,-0.04735550458369241,-0.07645202929395495,-0.0,-0.0,0.03203076289165514,0.15747019690326988,-0.04052671604937615,0.0,-0.0,-0.0,2.3746688700793377,-0.019513975169702248,-0.3079345922594864,0.03702374815654102,-0.11849934469946125,-0.20997190283327177,-0.0,-0.0,-0.42882443434461737,-0.0,-0.20403041816757117,0.0,0.09156551615540479,-0.0,-0.0,-0.11618250500272774,-0.0,0.0,-0.0,0.0,-0.0,-0.2793623096442628,0.0,-0.001669330173406896,0.0,0.0,-0.0,0.0,-0.0,0.0,0.0,-0.0,-0.0,-0.0,0.0,-0.02407916064748948,-0.0,-0.0,-0.0,0.0,-0.0,0.017550803526718832,-0.220576559982288,-0.0,-0.0,0.09283473413580477,-0.0,-0.20942111639781605,0.0,0.0,-0.0,-0.13278309144633213,0.0,0.0,-0.0,0.0,0.0,0.0,-0.6116520565150633,0.32174945964338314,-0.0,-0.0,0.0,0.0,0.0,0.0,0.0,0.0
0.0,0.0,0.0,0.0,-0.0,-0.0,-0.11057622358759948,-0.0,-0.0,0.0,0.0,-0.0,-0.0,0.0,0.15529748393971765,-0.0,-0.15361062856245533,-1.1981562807199415,-0.06735652357992414,0.0,0.0,-0.6669499803718814,-0.08360930755392636,-0.2497367948455674,0.0,-0.0,0.0,0.0,-0.0,0.0019672468990113,-0.0,0.0,-0.019513975169702248,3.5366553269130248,-0.47802141054913433,0.0,0.0,0.16898632004104183,0.0,-0.0,-0.0,0.0,-0.0,0.000216330078371336,0.0,0.0,0.0,-0.0,0.0,0.0,0.1537833158487302,-0.0,-0.0,-0.0,-0.0,-0.0,-0.0,-0.0,0.0,0.0,-0.0,-0.0,-0.0,0.0,0.0,0.0,0.0,-0.0,-0.056603823371662816,-0.4797089374365536,-0.0,-0.0,-0.0,0.1975429975149532,-0.09880674629675033,-0.03708750839487644,-0.1665120842025004,0.0,0.0,0.0,0.0,0.0,-0.0,-0.0,0.07121649697106465,0.0,0.0,0.0,-0.0,0.0,-0.0,0.2380419690743913,0.0,-0.0,0.0,0.09218650456684097,0.23486377330015024,0.0,0.04606623559006517,0.2671934485449418
-0.14277213236493855,0.0,0.15995159136861675,-0.0,-0.0,0.0,0.0,0.0,0.0,-0.0,-0.0,0.0,0.0,0.0,0.0655256355002226,-0.0,0.0,-0.0,0.0,-0.0,0.0,-1.3250931053007255,-0.0,-0.0,0.0,-0.0,-0.0,-0.0,-0.0,0.115899101042038,0.0,-0.0,-0.3079345922594864,-0.47802141054913433,3.950127925913941,0.0,-0.0,0.0,-0.0,-0.0,-0.48899835883961873,0.0,-0.2588186785003768,0.0,-0.08755151075137003,0.0,-0.31897650996164506,-0.9158462971824232,-0.0,0.0,-0.0,0.0,0.0,0.0,-0.0,0.0,0.0,0.08910804319475096,-0.0,-0.0,-0.09998273447409277,-0.0,0.0,0.0,0.04188030876239561,0.0,0.0,0.0,-0.06165475816607791,-0.0,-0.0,-0.24945632617460012,-0.0,0.014978822795218259,-0.0,-0.0,-0.0,0.0,0.0,-0.0,-0.0,0.0,-0.0,-0.0,0.10372623385787752,-0.0,-0.0,-0.0,0.0,0.0,-0.0,0.0,0.0,-0.0,0.0,0.0771701531614634,0.40207596334697826,-0.0,0.0,0.326685567353221
0.0,-0.04536378921552627,-0.0,-0.0,-0.0,-0.0,-0.0,0.0,-0.4111389351370748,0.0,-0.24413673130631977,0.0,-0.0,0.0,-0.0,-0.002254611073923529,0.15203865958291518,0.0,0.0,-0.27641149098610623,-0.0,0.0,0.009951387562090495,0.0,-0.0,0.0,-0.04453246836403866,0.0,-0.0,0.0,0.34666635886751634,0.0,0.03702374815654102,0.0,0.0,2.455907042866498,-0.2731554532142077,-0.0,0.0,-0.0,-0.0,0.0,0.0,-0.0,-0.03923066531347513,0.0058514417446905685,0.0,-0.0,-0.05522116198973319,-0.2804165202461795,0.015195299765843624,-0.0,0.0,0.0,-0.0,-0.0,0.29288836312369765,-0.0,0.0,-0.0,-0.0,-0.0,-0.0,-0.0,-0.066479565553238,0.0,0.0,0.08901432595464125,0.0,-0.0,-0.05733406666778863,0.19271966199293847,-0.0,-0.0,0.0,0.0,-0.0,0.0,0.0,0.0,-0.0,-0.2093577551690169,-0.0,0.20800501709168953,-0.0,-0.0,-0.0,0.0,-0.5909218378821568,-0.0,0.0,-0.12011087360909374,0.0,0.0,-0.0,-0.0,0.0,-0.06093336401866536,-0.18600172161915215,-0.0
-0.0,0.03689657135714191,0.0,-0.0,-0.0,0.0,0.0,0.0,0.0,-0.0,-0.13823749204452268,0.0,-0.0558434907459764,0.0,-0.0,0.0,0.0,0.0793093926288278,0.0,0.0,0.0,0.0,0.0,-0.0,-0.0,0.0,0.0,-0.08731933932874987,-0.06844054390221398,0.0,0.0,-0.0,-0.11849934469946125,0.0,-0.0,-0.2731554532142077,2.7385966379719013,0.0,0.0,0.0,-0.19738400260433953,0.0,-0.0,-0.0,0.0,-0.0,0.0,-0.12607458694785123,-0.16964736219294455,-0.09789750625838038,0.0,0.3805623493616814,0.0,0.0,0.0,0.0,0.0,0.07417419982658657,0.0,-0.0,-0.06961515457459072,-0.13095717800069537,-0.0,0.0,-0.0,0.0,0.0,-0.0,-0.0,-0.0,0.0,0.0,-0.0,0.0,0.0,-0.0,-0.0,0.0,0.0,-0.0,-0.0,-0.0,-0.08330885466577603,-0.0,0.0,0.1453718568947236,-1.3464236396764246,-0.0,0.0,0.23591732136886295,-0.10032581671871256,-0.0,0.0,0.0,-0.0,-0.27557199846914165,0.0,-0.0,-0.0,0.0
-0.20550695624199025,-0.0,0.0,0.0,-0.0,-0.0,0.0,0.03575784462232692,-0.0,-0.0,0.0,-0.0,-0.0,-0.26635263584655927,0.0,-0.0,-0.0,0.0,-0.0,0.0,-0.0,0.0,0.0,0.0,-0.0,-0.0,-0.0,0.0,0.09687699091678464,-0.0,-0.0,-0.0,-0.20997190283327177,0.16898632004104183,0.0,-0.0,0.0,2.5903994051984784,-0.9547803350348509,-0.0,-0.0,-0.0705477343739612,-0.0,-0.0,-0.0,-0.09033914197786762,-0.0,0.0,-0.0,-0.0,-0.25587833335145127,-0.0,-0.0,-0.0,0.0,-0.0,0.0,0.0,-0.4043059288113085,-0.0,-0.0703689478715947,-0.0,-0.0,-0.0,-0.0,-0.0,-0.0,-0.0,0.0,0.0,0.0,-0.0,-0.0,-0.01135678124923274,0.0,-0.0,0.19201626836083108,0.0,0.0,-0.0,0.0,-0.0,-0.0,0.0,-0.05609022334506394,-0.0,0.0,-0.0,0.0,-0.19136025772550797,-0.04331447977300753,-0.18443901118682615,-0.35597288075183714,-0.0,-0.0,-0.0,-0.006878349426131304,-0.0,-0.0,-0.0
-0.0,-0.005716693492100592,-0.0,0.0,0.0,-0.0,0.0,0.3373828055206348,-0.0,-0.0,-0.0,-0.0,-0.0,-0.0,0.0,-0.0,-0.007414358865727377,0.0,-0.0,0.0,-0.16147893330949523,-0.0,0.0,-0.024875158164326346,0.0,-0.0,-0.05578704594669079,0.0,0.0,-0.0,0.0,0.0,-0.0,0.0,-0.0,0.0,0.0,-0.9547803350348509,3.070021205499708,-0.050238974382859035,-0.0,-0.02078888762485845,-0.29341169939330664,-0.0,-0.0,-0.14260187792013576,-0.526115389373484,0.0,-0.0,0.0,-0.0,0.0,-0.0,-0.0,-0.0,-0.0,0.01303100457482854,0.0,-0.0,-0.0047597646957519895,-0.011851688537459772,-0.0,0.0,0.0,0.0,0.07436176151456589,-0.0,0.0,0.029849559924964048,0.0,0.0008903751240637381,0.0,0.0,-0.004111982495988747,-0.0,-0.0,0.15313929363904116,0.0,0.1771875834943819,0.0,-0.0,0.09139043606872288,0.0,0.0,-0.0,-0.0,0.0,-0.0,0.0,-0.0,-0.0,-0.3728969805087432,-0.8890403358152356,0.019481243418701746,-0.0,-0.0,-0.0,0.0,0.0,-0.0
0.0755559216801711,-0.0,0.0,0.0,0.1476841644421665,0.0,-0.0,0.0,-0.0,-0.02491647553975347,-0.0,-0.015392404080128383,0.0,0.0,0.0,-0.4143317434057357,-0.0,-0.0,0.0,-0.17011853558584186,-0.0,0.0,0.0,-0.7221837204638467,-0.0,-0.0,0.0,0.08097299531789082,-0.0,0.0,0.0,0.0,-0.0,-0.0,-0.0,-0.0,0.0,-0.0,-0.050238974382859035,2.8861027553806093,-0.07382142919839044,-0.0,-0.0,-0.0,0.0,-0.0,-0.0,0.06200806395316591,0.0,-0.0,-0.0,-0.0,-0.0,-0.0,0.0,-0.0,-0.0,-0.0,-0.059344440521489634,-0.0766543163547663,-0.0,0.04563300500399488,0.0,-0.0,-0.0,0.0,-0.38980787356606017,-0.0,-0.0,0.0,-0.0,-0.0,0.20255629283446103,-0.4430970821300765,-0.5540827418234691,-0.0,-0.0,0.23589456092661648,0.0,-0.0,-0.0,0.0,0.0,-0.0,0.028428885787941095,-0.0,0.0,0.0580643665737982,-0.0,-0.4094526422142766,-0.0,-0.0,-0.0,0.0,0.0,-0.0,0.0,0.15736152897301764,0.0,-0.0
-0.0,0.0,0.1173689911932976,-0.0,-0.0,-0.0,0.0,0.0,-0.0,-0.0,-0.23269459863750588,-0.0,0.0,0.0,0.0,0.0,0.0,-0.0,0.0,-0.20624581023344152,-0.0,-0.0,-0.0,-0.31070694803942694,0.0,-0.0,0.0,0.0,-0.0,0.00041159191879959673,0.0,0.0,-0.42882443434461737,-0.0,-0.48899835883961873,-0.0,-0.19738400260433953,-0.0,-0.0,-0.07382142919839044,3.1215706358550994,0.0,-0.0,0.0,-0.0,-0.0,-0.1572854225616915,-0.1806817236379748,-0.3632829562362313,-0.7810444908707092,0.0,0.11096111475293866,0.0,0.0,0.0,-0.0,0.06507973165625179,0.0,0.0,-0.0,-0.0,0.0,0.0,-0.0,-0.0,0.0,-0.0,-0.0,-0.0,-0.0,-0.0,0.0,-0.0,-0.0,-0.0,0.0,-0.0,0.03664277329568429,0.011574648448575971,-0.0,-0.0,-0.5441449359273752,0.0,-0.0,0.29963732031313106,-0.0,-0.0,0.0,-0.0,-0.06452134089436788,-0.3199127886681117,0.005206601843100902,-0.0,0.0,0.0,0.0,0.0,-0.0,-0.10914629136941846,-0.0
-0.0,0.0068086286733124975,0.0,-0.0,0.12151187111942369,0.0,-0.0,0.0,0.0,-0.0,0.0,-0.0,0.016142354014279943,-0.0,0.0,-0.0,0.0,0.0,0.0,0.0,0.15442555121536536,0.0,0.0,0.0,-0.22464730375728548,-0.0,-0.0,-0.07279530361187363,-0.0,-0.01330265721871849,-0.3036281561343357,-0.32012557976538225,-0.0,0.0,0.0,0.0,0.0,-0.0705477343739612,-0.02078888762485845,-0.0,0.0,1.676213013024992,-0.23545122754199127,-0.0,-0.0,-0.06043889226353564,-0.03648631973662318,-0.0,0.0,0.07789922490324552,-0.0,0.0,0.0,-0.06605474062521047,0.0,-0.0,-0.0,0.0,-0.1353762366029075,-0.0,0.16329837954882895,0.0,-0.0,-0.11428714433805566,0.0,0.05074061840702344,-0.0,0.0,0.0,0.0,0.0,-0.0,0.0,-0.0,0.0,-0.0574818350219703,-0.0,-0.0,-0.0,-0.02191090807058188,-0.0,0.0,0.0,-0.0,-0.0,-0.0,-0.0,-0.0,0.023260549321067064,-0.006739550903025396,-0.0,-0.0,-0.0,-0.024115713059849424,-0.16805894152181644,-0.0,-0.0,0.0,0.0,-0.0
-0.0,-0.0,0.0,0.07264709907405886,-0.0,0.0,-0.0,0.0,-0.0,-0.0,-0.0,0.0835008187905175,-0.0,-0.0,-0.0,-0.04051381676558032,0.0,-0.0,0.10949836946572226,-0.0,-0.0,-0.0,-0.0,-0.3452211559268658,0.0,0.0,-0.17240295493157273,-0.0,-0.0,-0.0,-0.0,0.0,-0.20403041816757117,-0.0,-0.2588186785003768,0.0,-0.0,-0.0,-0.29341169939330664,-0.0,-0.0,-0.23545122754199127,2.4452048795825836,-0.0,-0.13081795087182319,-0.23081677178189777,-0.48835559261072,-0.0,0.0,0.0,-0.0,-0.0,-0.0,-0.0,-0.24144403167320705,0.0,0.0,0.0,-0.157688969927482,-0.09999062214026835,0.0,-0.0,-0.0,0.0,0.24081451421120256,0.0,0.0,0.03784683693431535,0.02284960927884949,0.0,-0.0,0.0,0.0,0.0,-0.0,-0.0,-0.0,-0.0,-0.02278055369775161,-0.0,0.0,0.13816638665389755,-0.0,-0.0,0.0,-0.0,0.0,0.0,0.0,-0.0,-0.0,0.0,-0.0,-0.3820267806341992,-0.6952539536614406,-0.0,-0.0,0.0,0.0,0.06582297066878168
0.0,0.0,0.0,0.19757042388469048,0.0,0.0,0.0,0.0,0.0,-0.0,-0.0,0.0,-0.13206383406568484,0.0,-0.1643190889406958,-0.0,0.0,0.0,0.0,0.0,0.0,0.0,0.0,0.0,0.0,0.0,0.0,-0.08312557564867105,0.0,-0.0,-0.10164984987338894,0.0,0.0,0.000216330078371336,0.0,-0.0,-0.0,-0.0,-0.0,-0.0,0.0,-0.0,-0.0,4.5612274669836355,-0.0,-0.04025273351886495,0.0,0.0,-0.021648267841688534,-0.0,-0.0,-0.0,-0.1473469830806141,0.0,0.0,-0.0,0.0,0.0,-0.16043604117907248,-0.0,-0.0,-0.009588706581061193,-0.0,-0.0,-0.0,0.0,-0.0,0.0,0.12197970871077428,0.2624814230892228,0.0,0.0,0.012956932735954616,-0.0,0.0,-0.0,0.0,0.0,-0.5998552061442628,0.0,0.0,0.0,-0.0,0.10894703239450051,-0.0,0.28128805757851205,-0.0,0.0,0.0,-0.0,-0.0,-0.05575978540487404,0.0,-0.2661481806150662,-0.0,-2.8050731949636685,-0.0,0.0,-0.0,-0.0
0.0,-0.0,0.0,-0.0,-0.0,-0.0,-0.0,-0.0,-0.015897521811666735,-0.03892874322021511,-0.0,0.0,-0.0,0.0,-0.0,-0.0,0.0,-0.056089691115832806,-0.0,-0.0,-0.295484456970196,-0.0,-0.0,0.01643711308376561,-0.0,0.16835715430035775,-0.5971734543312824,-0.0,0.0,0.0,-0.0,0.0,0.09156551615540479,0.0,-0.08755151075137003,-0.03923066531347513,0.0,-0.0,-0.0,0.0,-0.0,-0.0,-0.13081795087182319,-0.0,2.620417758936388,-0.0,-0.0,-0.0,-0.0,-0.0,-0.0,-0.0,0.0,0.0,-0.19649246763578423,-0.0,0.6190688307055564,-0.0,-0.0,0.0,0.0,-0.32691902595967764,0.0,0.0663501977862388,0.0,-0.0,0.0,0.11734922340493897,0.0,-0.0,-0.4748371715928601,-0.0,-0.0,0.0,0.0,0.0,-0.0,-0.0,-0.0,-0.0,-0.0,-0.0,0.1373047168702669,-0.0,-0.4303050241131832,-0.33123232505773453,0.0,0.0,-0.3419335837063556,-0.0,0.0,-0.0,-0.0,-0.2052099128579852,-0.0,0.0,0.0,-0.07815998441757328,-0.0,0.0
0.0,0.0,0.0,0.0,0.0,0.0,0.0,0.0,0.0,-0.0,0.0,0.0,0.0,-0.0,-0.030826391375502617,0.0,-0.0,0.0,0.0,0.0,-0.0,0.0,0.0,-0.0,0.0,0.0,-0.058093864379810754,-0.3629192879793012,-0.14188853143893845,-0.4600847217494517,0.0,-0.0,-0.0,0.0,0.0,0.0058514417446905685,-0.0,-0.09033914197786762,-0.14260187792013576,-0.0,-0.0,-0.06043889226353564,-0.23081677178189777,-0.04025273351886495,-0.0,3.35677463589924,-0.3715660055653435,-0.0,0.0,-0.0,-0.0,0.0,-0.0,-0.17887949810926018,0.0,0.0,0.0,0.0,-0.0,-0.0,0.0,0.0,0.0,0.0,-0.0,0.0,-0.16903520352884752,-0.0,0.09053379477606004,0.445912019757335,0.0,0.0,0.097032720087871,-0.20924949866078127,0.0,0.0,-0.0,0.0,-0.0,-0.0,-0.0,0.0,0.0,0.0,-0.0,0.0,-0.0,-0.0,0.222341303745796,-0.0,-0.02096371150667377,-0.0,-0.093320303951496,-0.0,-0.04336747340388658,-0.1089939824993969,-1.2397564423811822,0.0,0.0,-0.0
