0,1,2,3,4,5,6,7,8,9,10,11,12,13,14,15,16,17,18,19,20,21,22,23,24,25,26,27,28,29,30,31,32,33,34,35,36,37,38,39,40,41,42,43,44,45,46,47,48,49,50,51,52,53,54,55,56,57,58,59,60,61,62,63,64,65,66,67,68,69,70,71,72,73,74,75,76,77,78,79,80,81,82,83,84,85,86,87,88,89,90,91,92,93,94,95,96,97,98,99
2.2067381036,0.0000000000,0.0000000000,0.0000000000,-0.0000000000,0.0791188312,0.0000000000,0.0000000000,-0.1657822674,0.0000000000,0.0000000000,-0.0000000000,0.0000000000,0.1169210572,0.0000000000,0.0000000000,0.0649173969,-0.0000000000,-0.0000000000,-0.5309180941,-0.0000000000,-0.0000000000,-0.0000000000,-0.0000000000,-0.5157819404,0.0561837755,-0.0000000000,-0.0000000000,0.0000000000,0.0000000000,0.0000000000,-0.0010249581,-0.4902140783,0.0000000000,0.0000000000,-0.0000000000,0.0000000000,-0.0031418914,-0.0068380312,-0.0000000000,0.0000000000,0.3010588372,0.0000000000,0.0000000000,-0.0000000000,0.1645456315,0.0000000000,-0.0000000000,0.0000000000,0.0000000000,-0.6312084408,-0.0000000000,-0.0000000000,0.0000000000,0.0000000000,0.0000000000,0.0000000000,0.0000000000,0.0000000000,0.0000000000,0.1177817423,0.0042059085,-0.0000000000,0.0040351574,-0.0202512212,0.1188017602,0.0000000000,0.1342228058,-0.0000000000,0.0000000000,-0.1145768511,0.0000000000,-0.0000000000,0.0000000000,-0.0000000000,-0.0000000000,-0.0000000000,-0.0000000000,-0.1282661937,0.0000000000,-0.0000000000,0.0000000000,0.0000000000,0.0000000000,-0.0000000000,0.0507800463,0.0988778731,0.0000000000,-0.2653270115,-0.0422204740,-0.0000000000,-0.0000000000,-0.1746201012,-0.0277057326,0.0883160547,0.0000000000,0.0000000000,-0.0000000000,-0.0000000000,-0.0000000000
0.0000000000,4.4357368087,-0.0000000000,-0.5135894245,-0.2278114505,0.2526253466,0.0000000000,-0.4323127873,-0.0000000000,-0.0000000000,-0.0000000000,-0.0000000000,-0.0000000000,0.0000000000,-0.0000000000,-0.1829072407,0.0000000000,-0.0000000000,-0.0000000000,-0.0000000000,-0.0000000000,-0.0000000000,-0.0000000000,0.0000000000,0.0000000000,0.0000000000,0.0000000000,0.0000000000,0.0000000000,0.0000000000,-0.0000000000,-0.0000000000,-0.0000000000,0.0000000000,-0.0000000000,0.0000000000,0.0000000000,0.0000000000,-0.0000000000,0.0000000000,-0.0000000000,-0.0000000000,-0.0000000000,0.0000000000,0.0000000000,-0.0000000000,-0.0320292352,-0.0000000000,0.0000000000,0.0000000000,-0.0000000000,-2.1212108201,-0.2660328531,-0.6916503684,-0.0000000000,0.0000000000,-0.0000000000,-0.0670001641,0.0000000000,-0.0000000000,0.0000000000,0.0000000000,0.0000000000,0.0000000000,-0.0000000000,0.0000000000,-0.0192774078,0.1438907796,-0.0000000000,0.0000000000,0.0000000000,-0.0000000000,-0.0000000000,-0.0000000000,0.0335485855,0.0000000000,-0.0000000000,0.0000000000,-0.0000000000,-0.0000000000,-0.0305232199,-0.0000000000,-0.0891694415,-0.0000000000,-0.0000000000,-0.0000000000,-0.0000000000,-0.0000000000,-0.0000000000,-0.0799571331,0.0000000000,-0.0000000000,-0.0000000000,0.0000000000,-0.0000000000,-0.0000000000,-0.0466150536,-0.2491724329,-0.0000000000,0.0000000000
0.0000000000,-0.0000000000,3.1047011012,-0.0000000000,-0.0000000000,-0.0234617125,-0.0000000000,-0.3853619660,-0.2175896350,-0.0000000000,-0.0000000000,-0.0248224671,-0.1591668788,-0.0000000000,-0.0000000000,-0.0000000000,0.0000000000,-0.0000000000,0.0000000000,-0.0000000000,-0.0000000000,0.0000000000,0.0000000000,-0.0000000000,0.0000000000,0.0000000000,0.0000000000,0.0000000000,0.0000000000,-0.0000000000,0.0000000000,0.1804855731,0.0000000000,-0.0000000000,0.0000000000,0.0000000000,0.0000000000,0.0000000000,0.0000000000,-0.0000000000,0.2554330094,-0.0000000000,-0.0000000000,-0.0000000000,0.0000000000,0.0436254728,0.0000000000,0.2881771554,0.0000000000,0.0000000000,0.0000000000,-0.0000000000,-0.1448845111,-0.0000000000,-0.4944896015,-0.9578593141,-0.4446099478,-0.4534026129,-0.0000000000,-0.0000000000,-0.0000000000,-0.0132134068,-0.0000000000,-0.0000000000,0.0000000000,-0.0152566048,-0.0518578244,-0.0349065976,-0.0000000000,-0.0000000000,-0.0000000000,-0.0000000000,-0.0000000000,-0.0087725567,-0.0000000000,0.0000000000,-0.0000000000,-0.0000000000,0.0000000000,0.0000000000,-0.0000000000,0.0000000000,-0.0000000000,-0.0000000000,-0.0000000000,-0.0000000000,0.0000000000,0.0000000000,0.0000000000,-0.0534419984,0.0000000000,0.2236635956,-0.0000000000,-0.0000000000,-0.0000000000,-0.0000000000,0.0000000000,0.0000000000,0.0000000000,0.0000000000
0.0000000000,-0.5135894245,-0.0000000000,3.7741947328,-0.0307619407,0.0000000000,0.0000000000,-0.1937445466,0.0000000000,-0.0342640443,0.0000000000,-0.0000000000,0.0000000000,0.0000000000,-0.0000000000,-0.0000000000,0.0000000000,-0.0000000000,-0.0000000000,-0.0000000000,-0.0000000000,-0.0110457329,-0.0000000000,-0.0000000000,-0.0000000000,0.0000000000,-0.0000000000,0.0000000000,-0.0000000000,-0.0000000000,-0.0000000000,-0.0000000000,-0.0000000000,0.0000000000,0.0000000000,0.3656420734,0.0000000000,0.0000000000,-0.0000000000,-0.0000000000,-0.0000000000,-0.0000000000,0.1331044218,0.0924963265,0.0082752188,-0.0000000000,-0.0000000000,0.0000000000,0.0000000000,0.0123031929,0.0000000000,-0.4423771219,-0.0000000000,-1.9251525980,-0.0000000000,0.1414433208,-0.0000000000,-0.0000000000,-0.0000000000,-0.0000000000,-0.0000000000,0.2107667604,-0.0000000000,0.0000000000,0.0000000000,-0.0000000000,-0.0000000000,-0.0000000000,-0.0000000000,-0.0000000000,0.0000000000,-0.0000000000,-0.0000000000,-0.3263029612,0.0000000000,-0.0000000000,-0.0000000000,-0.0000000000,0.2179574845,0.0000000000,-0.0000000000,-0.0000000000,-0.0000000000,0.0000000000,-0.1831795916,-0.0000000000,-0.0000000000,0.0000000000,0.0000000000,-0.0000000000,-0.0000000000,-0.0000000000,0.0000000000,0.0000000000,0.0000000000,0.0000000000,-0.0609809437,-0.0000000000,0.0000000000,0.0000000000
-0.0000000000,-0.2278114505,-0.0000000000,-0.0307619407,3.6781992069,0.0000000000,0.0000000000,-0.0000000000,0.0000000000,-0.0000000000,0.0535976674,-0.0000000000,0.0000000000,-0.0000000000,-0.0000000000,-0.0000000000,0.0000000000,0.0000000000,-0.0774208269,-0.0000000000,-0.0000000000,0.0000000000,-0.0000000000,-0.0000000000,0.0000000000,0.0000000000,0.0000000000,-0.0000000000,-0.0000000000,-0.0000000000,-0.0000000000,-0.0000000000,0.0000000000,0.0000000000,0.0046559527,0.0729133548,-0.0000000000,-0.0000000000,-0.0000000000,0.0000000000,-0.0000000000,-0.0000000000,0.0000000000,0.0000000000,0.0000000000,-0.0000000000,-0.0000000000,0.0000000000,0.0000000000,0.0000000000,-0.0000000000,-0.2546983409,-0.0000000000,-1.0009564133,-1.4301018143,0.3938695127,-0.0000000000,-0.0000000000,-0.0000000000,0.0779458025,-0.0000000000,0.0000000000,-0.0000000000,0.0000955213,0.0000000000,-0.0000000000,-0.0000000000,0.0235684256,0.0000000000,0.0000000000,0.0000000000,-0.0000000000,-0.0000000000,-0.0961220452,-0.0000000000,-0.0000000000,-0.1849060350,-0.2115771706,-0.0000000000,0.0000000000,-0.0000000000,-0.0000000000,-0.0265351077,0.2696320097,-0.0655414971,-0.1210250323,-0.0797747478,-0.0000000000,0.0000000000,-0.0000000000,-0.2579722115,-0.0000000000,-0.0907415583,-0.0000000000,0.0000000000,-0.0000000000,-0.0000000000,-0.0000000000,0.0000000000,0.0000000000
0.0791188312,0.2526253466,-0.0234617125,0.0000000000,0.0000000000,2.1372267441,-0.0000000000,0.0007982983,-0.0000000000,-0.0000000000,-0.0000000000,-0.0676209751,-0.0000000000,0.0000000000,0.0000000000,0.0000000000,-0.0997602284,-0.0000000000,-0.0000000000,-0.2618553130,-0.0000000000,0.0151031572,0.0000000000,-0.0000000000,-0.0000000000,-0.4977993633,-0.0000000000,-0.0713437560,-0.1621425850,0.0000000000,-0.0000000000,0.0000000000,0.0000000000,-0.0000000000,0.0000000000,-0.0000000000,-0.0000000000,0.0000000000,0.0000000000,0.0000000000,0.0000000000,-0.0000000000,-0.0000000000,-0.0000000000,0.0000000000,0.0000000000,0.0000000000,0.0106780903,-0.4461672625,-0.0000000000,-0.0000000000,0.0496260042,0.0000000000,0.0000000000,-0.4011100084,-0.6377788946,0.0000000000,0.0000000000,-0.1044867147,-0.0000000000,-0.0073763588,-0.1174320938,-0.0000000000,-0.0000000000,0.2474292380,-0.0000000000,-0.0000000000,-0.0051190454,-0.0000000000,-0.0000000000,-0.0000000000,0.0000000000,-0.0000000000,-0.1270368118,-0.0000000000,-0.0000000000,-0.0061541753,-0.0000000000,-0.0000000000,0.0000000000,-0.0000000000,-0.0000000000,0.0000000000,-0.0000000000,0.0000000000,0.0000000000,-0.0000000000,0.0000000000,0.0000000000,-0.0000000000,-0.0000000000,0.0125175866,-0.0000000000,-0.0000000000,0.0000000000,-0.0000000000,0.0000000000,0.1441773129,-0.0000000000,-0.0000000000
0.0000000000,0.0000000000,-0.0000000000,0.0000000000,0.0000000000,-0.0000000000,2.4793253696,-0.3548899614,-0.0000000000,-0.0000000000,-0.0000000000,0.0000000000,-0.0000000000,-0.0000000000,-0.0061777482,-0.3196169229,0.0000000000,-0.0000000000,0.0000000000,-0.0000000000,-0.0084482927,0.0000000000,-0.0000000000,0.0000000000,-0.0000000000,0.0000000000,0.0000000000,0.0000000000,-0.0000000000,-0.0629474004,0.0000000000,-0.0000000000,0.0004299650,-0.0000000000,-0.0000000000,-0.0133760481,0.0000000000,0.0000000000,0.0000000000,-0.0000000000,-0.0000000000,-0.0000000000,-0.0000000000,-0.0000000000,-0.0000000000,0.0000000000,-0.0000000000,-0.0000000000,-0.1630486502,-0.0000000000,0.0000000000,0.0000000000,-0.2405346037,0.0000000000,-0.0000000000,-0.1514927822,-0.5064855853,-0.0000000000,-0.0000000000,-0.0000000000,-0.2120283407,-0.0226592744,0.0000000000,-0.0000000000,-0.0000000000,-0.1660873571,-0.2594725624,-0.3240711038,-0.0000000000,-0.2698260585,-0.0000000000,-0.0000000000,-0.0000000000,0.0000000000,0.0000000000,0.0000000000,-0.0000000000,-0.0000000000,-0.0000000000,0.0000000000,0.1741953687,0.1457902161,0.0000000000,0.0000000000,0.0000000000,-0.0000000000,0.1127092813,0.0000000000,-0.0000000000,0.0000000000,0.0000000000,0.0000000000,0.2326507836,-0.0000000000,-0.0054391629,-0.0000000000,0.2230696701,0.1139590711,0.0000000000,0.0000000000
0.0000000000,-0.4323127873,-0.3853619660,-0.1937445466,-0.0000000000,0.0007982983,-0.3548899614,3.4251697188,-0.0262597202,0.0000000000,0.1156922915,0.0000000000,-0.0000000000,0.0000000000,-0.0000000000,-0.0000000000,0.0000000000,-0.0000000000,-0.0000000000,-0.0000000000,0.0000000000,-0.0000000000,-0.0000000000,0.4558793534,0.0000000000,0.0000000000,0.0321497820,0.2137278204,0.0000000000,-0.0000000000,0.0000000000,-0.0000000000,0.0602393341,-0.0000000000,0.0000000000,0.0000000000,0.2790919026,0.0418339900,0.0000000000,0.0000000000,0.0000000000,0.0489725592,-0.0000000000,0.0000000000,0.0000000000,0.0000000000,-0.0000000000,0.0000000000,0.0000000000,0.0000000000,-0.0000000000,-0.4988901328,-0.0000000000,-0.0000000000,-0.0263062177,0.0000000000,-0.7069833363,-0.1559242564,0.0000000000,-0.0000000000,-0.0000000000,-0.1905678370,-0.0000000000,0.0000000000,-0.0000000000,-0.0000000000,-0.0329652694,-0.0000000000,-0.0000000000,-0.0000000000,0.0000000000,-0.1437922743,-0.2107046127,-0.4887103019,0.0000000000,0.0000000000,-0.0000000000,-0.0000000000,0.0000000000,-0.0000000000,0.0000000000,0.0000000000,0.0000000000,0.0000000000,0.0000000000,-0.0000000000,0.0000000000,0.0000000000,0.0000000000,-0.0000000000,0.0252329378,0.0000000000,0.0000000000,0.0797066766,-0.0000000000,0.0000000000,0.0000000000,0.0000000000,0.0848379339,0.3335012961
-0.1657822674,-0.0000000000,-0.2175896350,0.0000000000,0.0000000000,-0.0000000000,-0.0000000000,-0.0262597202,2.4707367232,0.0000000000,0.0012481081,-0.0000000000,-0.1522877421,0.0000000000,0.0000000000,-0.0000000000,0.0000000000,-0.1104049461,0.0000000000,-0.0000000000,0.0000000000,-0.0000000000,0.0000000000,0.0000000000,0.1054107388,0.0000000000,0.0382534819,0.0000000000,0.0000000000,0.0000000000,0.0000000000,0.0000000000,-0.0426608284,-0.0113968849,0.0000000000,-0.5111237001,-0.0000000000,-0.0000000000,-0.1819770871,0.2027595474,0.0000000000,-0.0000000000,0.0000000000,-0.0000000000,0.0000000000,0.0899407374,-0.0000000000,0.0000000000,-0.0000000000,-0.0000000000,-0.0000000000,-0.0000000000,-0.0000000000,0.0000000000,-0.0000000000,-0.0000000000,0.0000000000,-0.9661252695,0.0000000000,0.0316376701,0.0000000000,-0.3336079142,-0.3266221912,-0.0000000000,-0.1041267780,-0.0000000000,-0.0000000000,-0.0000000000,-0.0000000000,-0.0000000000,-0.1125496641,0.0000000000,-0.1875793122,-0.0000000000,-0.0000000000,0.0000000000,-0.0000000000,-0.0000000000,-0.0000000000,-0.0000000000,-0.0000000000,0.0000000000,0.0000000000,-0.0000000000,0.0000000000,0.0000000000,-0.0000000000,0.0000000000,-0.0000000000,-0.0000000000,0.0000000000,0.0000000000,-0.0638407219,0.0000000000,0.0000000000,-0.0000000000,0.0000000000,0.0746998854,0.0000000000,-0.0000000000
0.0000000000,-0.0000000000,-0.0000000000,-0.0342640443,-0.0000000000,-0.0000000000,-0.0000000000,0.0000000000,0.0000000000,3.9766812720,-0.3504491236,-0.3698838583,-0.0000000000,-0.0197190107,-0.5209646596,-0.0000000000,-0.0000000000,0.0000000000,-0.0000000000,-0.0000000000,-0.0955143867,0.0000000000,0.0000000000,-0.1211691248,-0.0320103122,-0.0000000000,-0.0000000000,-0.0853893452,-0.0000000000,-0.0000000000,-0.0000000000,0.0000000000,-0.0000000000,0.2465317480,0.0000000000,0.1307494973,-0.0000000000,-0.0000000000,0.0000000000,-0.1891591763,0.0000000000,-0.0000000000,0.0000000000,-0.0000000000,-0.0000000000,-0.0000000000,0.0000000000,0.0000000000,-0.0000000000,0.0000000000,0.0000000000,-0.0000000000,-0.1133811443,-0.2265692642,-0.0077834688,-0.0000000000,-0.0000000000,-0.0000000000,-1.6891874894,-0.0000000000,-0.2477353387,0.0000000000,-0.0000000000,-0.0000000000,0.0000000000,-0.0299612110,-0.0000000000,-0.0000000000,0.0000000000,0.0000000000,-0.1294835942,-0.0000000000,0.0000000000,-0.2408673521,-0.0127967840,-0.0265911910,-0.0000000000,-0.0000000000,-0.0297374744,0.0000000000,0.0000000000,0.0000000000,-0.0000000000,0.0000000000,-0.0434836679,-0.0000000000,-0.0000000000,-0.0000000000,0.0000000000,-0.0000000000,-0.0000000000,0.0000000000,-0.0900298408,-0.0000000000,-0.0000000000,-0.0000000000,-0.0000000000,-0.0000000000,0.0000000000,0.0000000000
0.0000000000,-0.0000000000,-0.0000000000,0.0000000000,0.0535976674,-0.0000000000,-0.0000000000,0.1156922915,0.0012481081,-0.3504491236,1.7066571541,-0.0000000000,-0.0000000000,-0.0000000000,0.0000000000,-0.0000000000,-0.0361560843,-0.0000000000,-0.0386298482,-0.0000000000,-0.0000000000,0.0822173280,-0.0000000000,-0.0000000000,-0.1005708105,-0.0000000000,0.0000000000,0.0000000000,-0.0000000000,0.0000000000,-0.0000000000,0.1238051010,-0.0000000000,0.0000000000,0.0568923180,0.0000000000,0.0000000000,0.0000000000,0.1160146571,-0.0233330312,0.0000000000,-0.1118627174,-0.0000000000,0.0000000000,0.0000000000,0.0000000000,0.0000000000,0.0176030105,0.0000000000,0.1656421590,-0.0000000000,-0.0184394174,-0.0147055444,0.0000000000,0.0000000000,-0.1893012615,-0.0000000000,0.0000000000,-0.0000000000,-0.6048443169,-0.0000000000,0.2772525496,0.0000000000,-0.3494870763,0.0000000000,0.0000000000,0.0000000000,0.0000000000,-0.0000000000,-0.0000000000,0.0000000000,0.0629587175,0.2594737286,0.1153876667,0.0471848973,-0.0000000000,0.0000000000,0.0000000000,-0.0295122475,0.0000000000,0.0000000000,-0.0000000000,-0.0000000000,0.0000000000,-0.0000000000,0.0000000000,0.0000000000,0.0000000000,-0.1351488341,-0.0000000000,0.0000000000,0.0000000000,0.0000000000,-0.0000000000,-0.1236176786,0.0000000000,0.0000000000,-0.0000000000,0.0000000000,-0.0000000000
-0.0000000000,-0.0000000000,-0.0248224671,-0.0000000000,-0.0000000000,-0.0676209751,0.0000000000,0.0000000000,-0.0000000000,-0.3698838583,-0.0000000000,2.8154090768,-0.2156886010,-0.0000000000,-0.0000000000,-0.0000000000,-0.4676689250,-0.0000000000,-0.0726440756,-0.0000000000,-0.0000000000,-0.0000000000,-0.0000000000,-0.0239908898,0.0000000000,-0.2517959371,0.0000000000,-0.0000000000,0.0000000000,-0.0000000000,-0.0662477260,0.0000000000,-0.0000000000,0.0173047018,0.1620195188,0.0000000000,0.0000000000,0.0000000000,0.1598439261,-0.0000000000,0.4920279034,-0.0000000000,0.0000000000,0.0000000000,0.1198164982,0.0000000000,0.0807230616,0.0250239020,0.0000000000,0.0000000000,0.0000000000,-0.0000000000,0.0000000000,-0.0000000000,-0.1951528950,0.0000000000,-0.0000000000,-0.0000000000,-0.0000000000,-0.0000000000,-0.2621327372,-0.0000000000,-0.0000000000,0.0000000000,-0.0000000000,-0.0000000000,-0.0000000000,-0.0000000000,-0.0770633282,-0.0000000000,-0.0343657324,-0.2914610985,-0.0000000000,-0.2450952335,-0.0000000000,-0.0000000000,-0.0000000000,-0.1213212011,-0.0000000000,-0.0000000000,-0.0000000000,-0.0000000000,-0.0000000000,-0.0000000000,0.0000000000,-0.0000000000,-0.0000000000,-0.0000000000,-0.0000000000,-0.0000000000,0.0000000000,0.0000000000,-0.1481127741,0.0000000000,-0.0000000000,0.0000000000,0.0000000000,0.0000000000,-0.0000000000,0.0000000000
0.0000000000,-0.0000000000,-0.1591668788,0.0000000000,0.0000000000,-0.0000000000,-0.0000000000,-0.0000000000,-0.1522877421,-0.0000000000,-0.0000000000,-0.2156886010,3.0035439748,-0.1002711771,-0.0000000000,-0.1629368826,-0.1744630029,-0.0000000000,0.1163579572,0.0000000000,-0.0000000000,0.0000000000,-0.0000000000,-0.0000000000,0.0000000000,-0.0000000000,-0.0000000000,-0.0000000000,-0.0000000000,-0.0000000000,-0.0000000000,-0.0000000000,-0.0000000000,-0.0000000000,-0.0000000000,0.0000000000,-0.0000000000,-0.0000000000,0.0000000000,0.0000000000,0.0000000000,-0.0000000000,0.0000000000,-0.0000000000,0.0000000000,0.0422582417,0.1218717815,0.0598167425,-0.0000000000,0.0000000000,-0.0000000000,0.0000000000,-0.0000000000,0.0000000000,-0.0000000000,-0.0000000000,-0.0000000000,-0.2126950561,0.0000000000,0.0000000000,-0.0000000000,-0.6302300577,-0.0000000000,-0.4303559755,-0.0390055756,-0.1262319736,-0.0000000000,-0.0000000000,-0.0796921412,-0.0000000000,-0.0493642849,-0.0000000000,-0.0679851423,0.0000000000,-0.0000000000,-0.0000000000,-0.0209237330,-0.1977640113,-0.0000000000,-0.1005054976,-0.0511599929,-0.0000000000,-0.0000000000,-0.5992483414,-0.0820695348,-0.0000000000,-0.0058558911,-0.0000000000,-0.0000000000,-0.0000000000,0.0000000000,-0.0000000000,-0.0000000000,-0.0000000000,-0.1004093647,-0.0000000000,0.0000000000,-0.0000000000,-0.0000000000,-0.0000000000
0.1169210572,0.0000000000,-0.0000000000,0.0000000000,-0.0000000000,0.0000000000,-0.0000000000,0.0000000000,0.0000000000,-0.0197190107,-0.0000000000,-0.0000000000,-0.1002711771,2.3881039282,-0.5331668663,-0.0000000000,-0.0000000000,0.0000000000,-0.3413246469,0.0000000000,-0.0000000000,0.1946917697,-0.0000000000,0.0000000000,0.0501366722,0.0000000000,-0.0000000000,-0.0000000000,-0.3764810047,-0.0547136457,-0.0000000000,0.0000000000,-0.0000000000,-0.0000000000,-0.0000000000,0.0000000000,-0.0000000000,-0.0000000000,-0.0000000000,0.0000000000,-0.0000000000,-0.0382937188,-0.0000000000,-0.0000000000,-0.0000000000,-0.0000000000,0.0000000000,-0.0000000000,-0.0000000000,-0.0000000000,0.0000000000,-0.0000000000,-0.0000000000,-0.0000000000,-0.1221317702,0.0000000000,-0.0000000000,-0.0000000000,-0.0000000000,-0.0000000000,-0.0000000000,-0.0000000000,-0.0000000000,-0.2003823066,-0.1439064339,-0.2442592523,0.0711539024,-0.0000000000,0.0000000000,-0.0000000000,-0.0000000000,-0.0000000000,-0.0000000000,0.0000000000,0.0000000000,-0.0000000000,-0.1084184749,-0.0000000000,-0.2180407803,-0.0068714188,0.0000000000,0.0000000000,-0.0000000000,0.0000000000,-0.0000000000,-0.0000000000,-0.1725443026,-0.0000000000,0.0000000000,0.0000000000,0.0000000000,-0.1910110271,-0.0000000000,-0.0000000000,-0.0000000000,-0.0000000000,0.0000000000,-0.0000000000,0.0000000000,0.0000000000
0.0000000000,-0.0000000000,-0.0000000000,-0.0000000000,-0.0000000000,0.0000000000,-0.0061777482,-0.0000000000,0.0000000000,-0.5209646596,0.0000000000,-0.0000000000,-0.0000000000,-0.5331668663,4.6104304446,-0.0000000000,0.0000000000,0.0000000000,-0.0000000000,-0.0000000000,-0.9732098863,0.0000000000,-0.0000000000,-0.0000000000,0.0000000000,0.0534477269,-0.0000000000,-0.0000000000,-0.0000000000,-0.5390181577,-0.0000000000,0.0000000000,0.0000000000,0.0137891144,0.0000000000,0.0000000000,-0.0000000000,-0.0000000000,0.0000000000,-0.0000000000,0.0000000000,-0.0000000000,0.0000000000,-0.0000000000,-0.0000000000,-0.0000000000,0.0000000000,-0.0000000000,-0.0000000000,0.0000000000,0.0000000000,-0.0000000000,-0.0000000000,-0.0000000000,-0.0000000000,-0.0000000000,-0.0000000000,-0.0000000000,-0.0000000000,0.0000000000,-0.3694934793,0.0000000000,0.0000000000,0.0000000000,0.0000000000,-0.9794934948,0.0000000000,0.0000000000,0.0681137003,-0.0000000000,-0.2943791321,-0.2605041438,-0.0000000000,-0.0000000000,-0.0000000000,-0.0000000000,-0.1370297527,-0.5585925229,-0.0000000000,0.0000000000,0.0000798218,0.0130278467,-0.0000000000,0.0000000000,-0.0000000000,-0.0000000000,-0.0000000000,-0.0000000000,-0.0000000000,0.0000000000,-0.0000000000,-0.0000000000,-0.0000000000,-0.1661205676,-0.0000000000,-0.0000000000,0.0000000000,0.0000000000,-0.0000000000,0.0000000000
0.0000000000,-0.1829072407,-0.0000000000,-0.0000000000,-0.0000000000,0.0000000000,-0.3196169229,-0.0000000000,-0.0000000000,-0.0000000000,-0.0000000000,-0.0000000000,-0.1629368826,-0.0000000000,-0.0000000000,2.6319865775,-0.0000000000,-0.0000000000,0.0000000000,0.0000000000,0.0000000000,-0.0000000000,-0.0000000000,-0.0000000000,-0.0000000000,-0.0000000000,-0.0000000000,-0.0000000000,-0.1433669964,-0.0000000000,-0.0000000000,-0.2743229815,-0.0000000000,-0.8979329593,-0.0218473346,0.0000000000,-0.0000000000,0.0000000000,-0.0000000000,-0.0811995340,-0.0000000000,-0.0000000000,0.0000000000,0.0000000000,0.0350757418,0.0190305462,-0.0000000000,0.0000000000,0.0000000000,0.0496130158,0.0093399322,-0.0000000000,-0.5008742630,-0.1486056531,-0.0000000000,0.0000000000,-0.0621977097,-0.0273489613,-0.0000000000,0.0000000000,-0.0119147244,0.0000000000,0.0016398085,0.0000000000,0.1198409762,0.0000000000,-0.2491414802,-0.0000000000,-0.2021794525,-0.0000000000,-0.0000000000,-0.0231384898,-0.0000000000,-0.0000000000,-0.0000000000,-0.0000000000,-0.0000000000,-0.0000000000,0.0000000000,0.0000000000,-0.1378209161,-0.0912959714,0.0000000000,-0.1828226452,-0.0000000000,-0.0000000000,-0.0000000000,-0.0000000000,-0.0000000000,-0.0000000000,0.1060556942,0.0000000000,0.0358021899,0.1718342830,-0.0000000000,0.0000000000,0.0000000000,-0.0000000000,0.0000000000,0.0000000000
0.0649173969,0.0000000000,0.0000000000,0.0000000000,0.0000000000,-0.0997602284,0.0000000000,0.0000000000,0.0000000000,-0.0000000000,-0.0361560843,-0.4676689250,-0.1744630029,-0.0000000000,0.0000000000,-0.0000000000,2.5970792484,-0.0000000000,-0.0000000000,0.0000000000,0.0000000000,-0.0000000000,-0.0000000000,-0.5783043030,0.0000000000,-0.1626508791,0.0000000000,-0.0000000000,-0.0000000000,0.0000000000,-0.0690391475,-0.1144333757,0.0000000000,-0.1681963820,-0.0000000000,0.0000000000,-0.0000000000,0.0000000000,0.0000000000,-0.0000000000,0.0000000000,-0.0000000000,0.0000000000,0.0573213760,0.1099238604,0.0392750245,0.0000000000,0.0139461549,0.0000000000,0.0000000000,0.0000000000,0.2925240140,0.0000000000,0.0000000000,0.0000000000,0.0000000000,0.3696615831,0.0000000000,0.0000000000,-0.0000000000,0.0000000000,-0.0000000000,-0.0000000000,-0.0000000000,0.0000000000,0.0000000000,0.1704750981,-0.3054328273,-0.7834010539,-0.0000000000,-0.0000000000,-0.0086659078,-0.0628019649,0.0000000000,-0.0625347224,-0.0000000000,-0.0000000000,-0.0000000000,-0.0000000000,-0.1100516641,-0.0000000000,-0.0000000000,0.0000000000,-0.1948044447,0.0000000000,0.0000000000,-0.0000000000,-0.0000000000,0.0098322889,0.0000000000,-0.0000000000,0.1395106425,0.0000000000,0.1349725365,-0.0000000000,0.0000000000,0.0000000000,0.0000000000,0.0558247530,0.0000000000
-0.0000000000,-0.0000000000,-0.0000000000,-0.0000000000,0.0000000000,-0.0000000000,-0.0000000000,-0.0000000000,-0.1104049461,0.0000000000,-0.0000000000,-0.0000000000,-0.0000000000,0.0000000000,0.0000000000,-0.0000000000,-0.0000000000,2.8514215101,-0.0000000000,-0.5075970880,-0.0000000000,-0.2536991025,-0.3546159059,0.0000000000,-0.0000000000,-0.0000000000,-0.0000000000,0.0000000000,-0.0000000000,0.3037916606,0.0000000000,-0.0000000000,-0.2166207560,-0.2585982819,-0.0000000000,-0.1829837536,0.0000000000,0.1911203564,0.0000000000,0.0000000000,0.0000000000,0.0000000000,0.0000000000,0.0000000000,0.0000000000,0.0000000000,0.0000000000,-0.0000000000,-0.0000000000,0.0000000000,-0.0000000000,-0.0000000000,-0.0000000000,-0.0000000000,0.0000000000,-0.0000000000,-0.0000000000,-0.0000000000,0.0000000000,-0.0000000000,0.0070505340,0.0000000000,0.0000000000,-0.0000000000,-0.0873177084,-0.0000000000,-0.0000000000,-0.0000000000,-0.5029312060,-0.9741129115,-0.2783876200,-0.0000000000,-0.0000000000,0.0000000000,0.0000000000,0.0000000000,0.0000000000,0.0000000000,0.0000000000,0.0000000000,0.0000000000,0.0000000000,0.0000000000,-0.0000000000,-0.0000000000,0.0000000000,0.0000000000,0.1604876983,-0.2512750604,0.0000000000,-0.0000000000,0.0000000000,0.1317824323,0.0000000000,-0.0000000000,0.0000000000,0.0000000000,0.0000000000,-0.0000000000,0.0000000000
-0.0000000000,-0.0000000000,0.0000000000,-0.0000000000,-0.0774208269,-0.0000000000,0.0000000000,-0.0000000000,0.0000000000,-0.0000000000,-0.0386298482,-0.0726440756,0.1163579572,-0.3413246469,-0.0000000000,0.0000000000,-0.0000000000,-0.0000000000,1.4546453369,-0.0455635565,0.0000000000,0.0000000000,0.0000000000,0.0000000000,-0.0000000000,-0.0000000000,0.0177884579,0.0000000000,-0.0000000000,-0.0000000000,-0.0693897415,0.0000000000,-0.0000000000,-0.0000000000,0.0000000000,0.0403388879,0.0532111618,0.0000000000,0.0354449581,-0.0000000000,-0.0000000000,0.0000000000,-0.0942598147,0.1642106722,-0.0000000000,-0.0000000000,-0.0000000000,-0.0000000000,0.1669197255,0.0000000000,-0.0000000000,-0.1737461774,-0.0000000000,-0.0000000000,-0.0434068365,0.1226000861,-0.0000000000,-0.0000000000,-0.0000000000,-0.2771634549,0.0000000000,0.0000000000,-0.0067519193,0.0000000000,0.0000000000,0.0000000000,0.0000000000,0.0000000000,-0.0000000000,0.0000000000,-0.0000000000,0.0000000000,-0.0000000000,-0.0000000000,0.0000000000,-0.0000000000,-0.1262181052,0.0000000000,-0.2046493242,0.0000000000,0.0000000000,-0.0000000000,-0.0000000000,0.0418272966,0.0000000000,-0.0000000000,0.0000000000,-0.0000000000,0.0000000000,-0.0000000000,-0.0000000000,0.0000000000,-0.0000000000,0.0000000000,-0.0000000000,0.0000000000,-0.0000000000,0.0146179789,0.0000000000,-0.0000000000
-0.5309180941,-0.0000000000,-0.0000000000,-0.0000000000,-0.0000000000,-0.2618553130,-0.0000000000,-0.0000000000,-0.0000000000,-0.0000000000,-0.0000000000,-0.0000000000,0.0000000000,0.0000000000,-0.0000000000,0.0000000000,0.0000000000,-0.5075970880,-0.0455635565,2.3185727815,-0.0488091931,0.0000000000,-0.0305646729,0.0000000000,-0.0911019213,-0.0000000000,-0.0291703541,-0.0000000000,-0.1962286417,0.0000000000,-0.0000000000,0.0000000000,-0.0000000000,-0.0000000000,0.0000000000,-0.0000000000,0.0000000000,0.0000000000,-0.0000000000,-0.0000000000,0.0000000000,0.0000000000,0.0000000000,0.0000000000,-0.0000000000,0.0000000000,-0.0000000000,-0.0000000000,-0.1071732410,0.0000000000,-0.0871260323,-0.0941626940,-0.0000000000,-0.0231271222,-0.0000000000,-0.0000000000,0.0000000000,0.0489447766,-0.0000000000,-0.0000000000,0.0000000000,0.0000000000,-0.1759123291,0.0000000000,0.0000000000,0.0000000000,-0.0000000000,0.0000000000,-0.0000000000,-0.0000000000,-0.3776585013,0.0000000000,-0.0000000000,-0.0068006543,0.0000000000,-0.0000000000,-0.0644914856,-0.0000000000,-0.0000000000,0.0000000000,-0.0000000000,0.0000000000,-0.0000000000,0.3161368397,-0.0000000000,0.0000000000,0.0000000000,0.0000000000,-0.0873814638,-0.0000000000,-0.3667618759,-0.1764437122,-0.0000000000,-0.0437063881,0.0000000000,0.0000000000,0.0000000000,-0.0000000000,-0.0000000000,0.0000000000
-0.0000000000,-0.0000000000,-0.0000000000,-0.0000000000,-0.0000000000,-0.0000000000,-0.0084482927,0.0000000000,0.0000000000,-0.0955143867,-0.0000000000,-0.0000000000,-0.0000000000,-0.0000000000,-0.9732098863,0.0000000000,0.0000000000,-0.0000000000,0.0000000000,-0.0488091931,2.5222738600,0.0000000000,-0.1490520806,-0.0000000000,-0.1327223510,0.0304449634,-0.0000000000,-0.0000000000,-0.1470382341,-0.0000000000,0.0000000000,0.0000000000,0.0000000000,0.0000000000,0.0000000000,0.0000000000,-0.0000000000,0.0000000000,0.0000000000,0.0000000000,0.0000000000,-0.0000000000,0.0000000000,-0.0000000000,-0.0000000000,0.0000000000,0.3432728297,-0.0000000000,-0.0000000000,0.0291269017,-0.0000000000,0.0000000000,-0.0000000000,0.0000000000,-0.0000000000,-0.0000000000,-0.0906635137,0.0000000000,-0.0000000000,-0.0000000000,-0.0000000000,0.0000000000,0.0000000000,-0.0000000000,-0.0104655335,-0.0032358689,0.0091505703,0.0671235150,0.0000000000,-0.1721150574,-0.2719335737,-0.0000000000,-0.0000000000,-0.0000000000,-0.0000000000,-0.0000000000,-0.0000000000,-0.0000000000,-0.0000000000,0.0000000000,0.0000000000,0.1883507771,-0.0000000000,0.1892729960,-0.0000000000,0.0000000000,-0.0000000000,0.0000000000,0.0000000000,0.3119839531,-0.2052188316,-0.0112731198,-0.0000000000,-0.2678292642,0.0681624059,-0.0000000000,0.0000000000,0.0000000000,-0.0000000000,0.0599116397
-0.0000000000,-0.0000000000,0.0000000000,-0.0110457329,0.0000000000,0.0151031572,0.0000000000,-0.0000000000,-0.0000000000,0.0000000000,0.0822173280,-0.0000000000,0.0000000000,0.1946917697,0.0000000000,-0.0000000000,-0.0000000000,-0.2536991025,0.0000000000,0.0000000000,0.0000000000,2.0269189738,-0.2245701672,-0.0000000000,0.0000000000,-0.0665252424,0.0000000000,0.0000000000,0.2606465590,0.0000000000,0.0649560711,-0.1349213435,-0.1922437951,0.0139122796,-0.6232010853,0.0000000000,0.0000000000,0.0731048303,-0.3191612500,-0.0192185773,0.0000000000,0.0000000000,-0.0000000000,-0.0000000000,0.0000000000,0.0000000000,-0.0000000000,-0.0000000000,0.0000000000,0.0526779472,-0.0000000000,-0.0804066873,0.0000000000,-0.0000000000,0.0308785307,0.1715171264,-0.0000000000,-0.0000000000,0.0000000000,0.0000000000,0.1386189943,0.0000000000,0.0848240525,0.1841509400,-0.1743263702,0.0247023064,-0.0000000000,0.0000000000,-0.0000000000,-0.0000000000,-0.0000000000,-0.2872860642,-0.3280964784,-0.0000000000,-0.1257074134,0.0000000000,0.0053079122,0.0000000000,0.0000000000,0.0000000000,0.0000000000,0.0139242873,0.0000000000,-0.0000000000,0.0000000000,0.0000000000,0.0000000000,0.0000000000,-0.0000000000,0.0000000000,0.0412810097,0.0000000000,0.0000000000,0.1669018291,0.0000000000,0.1211435529,0.0135107679,-0.0000000000,0.0000000000,0.2431372979
-0.0000000000,-0.0000000000,0.0000000000,-0.0000000000,-0.0000000000,0.0000000000,-0.0000000000,-0.0000000000,0.0000000000,0.0000000000,-0.0000000000,-0.0000000000,-0.0000000000,-0.0000000000,-0.0000000000,-0.0000000000,-0.0000000000,-0.3546159059,0.0000000000,-0.0305646729,-0.1490520806,-0.2245701672,3.1866579640,-0.0288558063,-0.0000000000,0.0000000000,-0.8100994735,-0.0305404427,-0.0000000000,-0.2651760710,-0.0000000000,-0.0000000000,-0.0000000000,0.0000000000,-0.2063875928,0.0000000000,-0.0000000000,-0.0000000000,-0.2688420503,-0.3290758003,-0.0000000000,-0.0127753906,-0.0000000000,-0.0000000000,-0.0000000000,-0.0000000000,-0.0000000000,-0.0000000000,0.0000000000,0.3363823368,-0.0000000000,-0.0000000000,0.0000000000,-0.0000000000,-0.0000000000,0.0000000000,-0.0000000000,-0.0000000000,0.0000000000,0.0000000000,0.0000000000,0.0000000000,0.0079745638,0.0000000000,-0.0000000000,-0.0000000000,0.0000000000,0.0000000000,-0.0000000000,-0.5162409169,-0.3843136171,-0.1189074600,-0.1668445085,0.0000000000,0.0000000000,-0.0000000000,-0.0000000000,-0.0000000000,-0.0000000000,0.0000000000,-0.0000000000,0.0000000000,-0.0000000000,-0.0000000000,-0.0000000000,-0.0000000000,-0.0000000000,-0.0000000000,-0.1602413724,0.0000000000,-0.0000000000,-0.0888533700,0.0000000000,-0.0603071534,-0.0000000000,0.0000000000,0.0000000000,-0.0000000000,0.0000000000,0.0001461450
-0.0000000000,0.0000000000,-0.0000000000,-0.0000000000,-0.0000000000,-0.0000000000,0.0000000000,0.4558793534,0.0000000000,-0.1211691248,-0.0000000000,-0.0239908898,-0.0000000000,0.0000000000,-0.0000000000,-0.0000000000,-0.5783043030,0.0000000000,0.0000000000,0.0000000000,-0.0000000000,-0.0000000000,-0.0288558063,3.1821842507,-0.0864146271,-0.0000000000,-0.2424911919,-0.1386821000,-0.0000000000,-0.0000000000,0.0000000000,-0.0000000000,-0.0000000000,0.0000000000,-0.0000000000,0.0000000000,-0.0000000000,-0.0000000000,-0.0000000000,-0.3585902777,0.0000000000,-0.0000000000,0.0000000000,-0.0000000000,0.0000000000,0.0000000000,0.3987813038,0.1825723623,0.3691745608,0.2569553153,0.0126673033,0.0171887954,0.0000000000,0.0000000000,0.0000000000,0.0000000000,0.0000000000,0.0000000000,-0.0000000000,0.0000000000,-0.0000000000,0.0387703301,0.2405780829,0.0224914573,0.0000000000,0.0000000000,0.0000000000,-0.0000000000,-0.0000000000,-0.0000000000,-0.2666710652,-0.0000000000,-0.0000000000,-0.0000000000,-0.8007970560,-0.0000000000,-0.0000000000,-0.0000000000,-0.0000000000,0.0221252722,-0.3699311547,-0.0000000000,-0.0000000000,-0.0000000000,-0.2934716432,0.0000000000,-0.0000000000,-0.0000000000,0.0000000000,-0.0000000000,-0.1155966005,0.0000000000,-0.0000000000,-0.0000000000,0.0000000000,0.0000000000,0.0000000000,-0.0000000000,0.0148675989,0.0000000000
-0.5157819404,0.0000000000,0.0000000000,-0.0000000000,0.0000000000,-0.0000000000,-0.0000000000,0.0000000000,0.1054107388,-0.0320103122,-0.1005708105,0.0000000000,0.0000000000,0.0501366722,0.0000000000,-0.0000000000,0.0000000000,-0.0000000000,-0.0000000000,-0.0911019213,-0.1327223510,0.0000000000,-0.0000000000,-0.0864146271,1.8120818252,-0.0000000000,0.0000000000,0.0000000000,0.0000000000,0.0000000000,0.0000000000,-0.0000000000,-0.0000000000,0.0000000000,0.0441929296,0.0000000000,0.0483204359,0.0000000000,0.0000000000,-0.0000000000,0.0000000000,0.0000000000,0.0000000000,0.0000000000,-0.0000000000,0.0225471884,0.0000000000,0.0000000000,0.0000000000,0.0000000000,-0.0000000000,0.0000000000,-0.0000000000,0.0000000000,0.0000000000,-0.0000000000,0.0000000000,0.0000000000,-0.2718797944,-0.0000000000,-0.0000000000,0.0000000000,-0.0000000000,-0.0918164102,-0.0000000000,0.0000000000,0.0000000000,-0.0000000000,-0.1034440554,-0.0000000000,-0.0000000000,0.1346345272,0.0000000000,-0.0000000000,-0.0000000000,-0.4413820455,0.0000000000,0.0000000000,-0.0000000000,0.0785404197,-0.0000000000,0.1679550022,-0.0000000000,0.0000000000,-0.0000000000,0.0000000000,0.0341759276,0.0000000000,0.0384277706,-0.0000000000,-0.0000000000,-0.0000000000,-0.0000000000,-0.0000000000,0.0000000000,0.0000000000,-0.0000000000,0.0000000000,0.0000000000,-0.0000000000
0.0561837755,0.0000000000,0.0000000000,0.0000000000,0.0000000000,-0.4977993633,0.0000000000,0.0000000000,0.0000000000,-0.0000000000,-0.0000000000,-0.2517959371,-0.0000000000,0.0000000000,0.0534477269,-0.0000000000,-0.1626508791,-0.0000000000,-0.0000000000,-0.0000000000,0.0304449634,-0.0665252424,0.0000000000,-0.0000000000,-0.0000000000,1.6781831954,-0.0000000000,-0.0000000000,-0.0000000000,-0.0000000000,-0.0000000000,-0.0000000000,-0.0000000000,-0.0000000000,-0.0000000000,0.0000000000,-0.0000000000,0.0547332158,-0.0000000000,-0.2782297513,-0.0000000000,-0.1694676162,-0.0000000000,-0.0000000000,-0.0000000000,-0.0000000000,-0.0020882421,0.1322361451,-0.0000000000,-0.0000000000,0.0151432781,0.0000000000,0.0854922083,-0.0000000000,-0.0000000000,0.0000000000,0.0000000000,0.0170505631,-0.0926383761,-0.2388231314,-0.0553781197,-0.0000000000,-0.0000000000,0.0000000000,0.0000000000,0.0000000000,-0.1045664837,-0.0000000000,-0.0000000000,-0.0000000000,0.0000000000,-0.0000000000,-0.0103816163,-0.0563785850,-0.0000000000,-0.0000000000,0.0000000000,-0.0000000000,-0.0000000000,0.0000000000,-0.0000000000,-0.0000000000,0.0000000000,-0.0000000000,0.0000000000,-0.0000000000,-0.0000000000,-0.1526809296,0.0000000000,-0.0000000000,0.0000000000,0.1499624441,-0.0000000000,0.0216661922,-0.0000000000,0.0000000000,-0.0000000000,-0.0000000000,0.0000000000,0.0000000000
-0.0000000000,0.0000000000,0.0000000000,-0.0000000000,0.0000000000,-0.0000000000,0.0000000000,0.0321497820,0.0382534819,-0.0000000000,0.0000000000,0.0000000000,-0.0000000000,-0.0000000000,-0.0000000000,-0.0000000000,0.0000000000,-0.0000000000,0.0177884579,-0.0291703541,-0.0000000000,0.0000000000,-0.8100994735,-0.2424911919,0.0000000000,-0.0000000000,3.1549826629,-0.5704972661,-0.3883552034,-0.0000000000,0.0000000000,-0.0000000000,-0.0000000000,-0.0000000000,-0.3657182746,-0.0000000000,-0.1910820365,0.0000000000,-0.0000000000,-0.0000000000,-0.0000000000,-0.0000000000,0.0000000000,-0.2013806479,-0.0000000000,-0.0000000000,0.0000000000,-0.0986258805,-0.0000000000,0.0000000000,0.0000000000,0.1510036132,0.0280500536,0.0000000000,0.0000000000,0.0000000000,0.0000000000,0.1010292497,-0.0000000000,0.0124227675,0.0000000000,0.0000000000,0.0554952898,0.0000000000,0.0000000000,-0.0000000000,0.0000000000,0.0000000000,0.0000000000,-0.0000000000,-0.0333069277,0.0000000000,-0.0000000000,0.0000000000,0.0000000000,0.0000000000,-0.0000000000,-0.0000000000,-0.0000000000,-0.0000000000,-0.0000000000,-0.0000000000,-0.0000000000,-0.0000000000,-0.4374919239,0.0000000000,-0.0000000000,0.0000000000,-0.0000000000,-0.0000000000,-0.1122106887,-0.0000000000,0.0000000000,-0.0000000000,0.1730142827,-0.0000000000,-0.0000000000,-0.5480211124,-0.0000000000,0.0000000000
-0.0000000000,0.0000000000,0.0000000000,0.0000000000,-0.0000000000,-0.0713437560,0.0000000000,0.2137278204,0.0000000000,-0.0853893452,0.0000000000,-0.0000000000,-0.0000000000,-0.0000000000,-0.0000000000,-0.0000000000,-0.0000000000,0.0000000000,0.0000000000,-0.0000000000,-0.0000000000,0.0000000000,-0.0305404427,-0.1386821000,0.0000000000,-0.0000000000,-0.5704972661,4.0603977509,-0.0000000000,-0.3744160385,-0.0000000000,-0.0000000000,-0.0000000000,0.0000000000,-0.0000000000,0.0000000000,-0.5847626375,-0.0000000000,-0.0000000000,-0.0000000000,-0.0000000000,-0.4301715785,-0.0000000000,-0.1877834367,-0.0000000000,-0.3500532101,-0.0000000000,-0.0000000000,-0.0000000000,-0.0000000000,-0.0000000000,0.0000000000,-0.0000000000,-0.0000000000,-0.0000000000,0.0000000000,0.0000000000,0.0000000000,-0.0372908606,0.0000000000,-0.0000000000,0.0000000000,-0.0000000000,0.0000000000,0.0000000000,-0.0877934842,0.0000000000,0.0000000000,-0.0000000000,0.0000000000,-0.0000000000,-0.0000000000,-0.0000000000,0.0000000000,-0.0793706204,-0.0000000000,-0.1278303014,-0.7542851788,-0.0000000000,-0.0000000000,-0.0000000000,-0.0000000000,-0.0767236508,-0.0000000000,-0.0000000000,-0.0000000000,-0.1933178999,-0.6336349218,0.0000000000,-0.0000000000,-0.0674789443,-0.0159429654,-0.0000000000,-0.1317556882,0.0000000000,-0.0000000000,-0.0000000000,-0.0000000000,-0.0000000000,-0.0000000000
0.0000000000,0.0000000000,0.0000000000,-0.0000000000,-0.0000000000,-0.1621425850,-0.0000000000,0.0000000000,0.0000000000,-0.0000000000,-0.0000000000,0.0000000000,-0.0000000000,-0.3764810047,-0.0000000000,-0.1433669964,-0.0000000000,-0.0000000000,-0.0000000000,-0.1962286417,-0.1470382341,0.2606465590,-0.0000000000,-0.0000000000,0.0000000000,-0.0000000000,-0.3883552034,-0.0000000000,2.8514549780,-0.0000000000,0.0000000000,0.0000000000,-0.0000000000,-0.3065008356,0.0000000000,-0.0000000000,-0.5593604768,-0.0000000000,-0.0000000000,0.0000000000,-0.0000000000,-0.0000000000,0.0000000000,0.0000000000,-0.0000000000,-0.0000000000,0.0000000000,-0.0000000000,-0.0270726324,0.0000000000,0.0024773558,0.0000000000,-0.0000000000,-0.0000000000,-0.0000000000,-0.0000000000,0.0000000000,0.1298727260,-0.1981862645,-0.0000000000,-0.0000000000,-0.0000000000,0.0000000000,0.0000000000,0.0000000000,-0.0000000000,0.1725001286,-0.0000000000,0.0000000000,0.0000000000,-0.0901854360,0.0000000000,-0.0000000000,0.0000000000,-0.0000000000,-0.0447936794,-0.5676585418,-0.4502806086,0.0000000000,0.0000000000,0.0000000000,0.0041170318,0.0000000000,0.2108625962,-0.0000000000,0.0000000000,-0.0000000000,0.0000000000,0.0000000000,0.0021086573,-0.0000000000,-0.0000000000,0.0000000000,-0.0000000000,0.2701575366,0.0000000000,0.0000000000,0.0000000000,-0.0000000000,0.4460136000
