0,1,2,3,4,5,6,7,8,9,10,11,12,13,14,15,16,17,18,19,20,21,22,23,24,25,26,27,28,29,30,31,32,33,34,35,36,37,38,39,40,41,42,43,44,45,46,47,48,49,50,51,52,53,54,55,56,57,58,59,60,61,62,63,64,65,66,67,68,69,70,71,72,73,74,75,76,77,78,79,80,81,82,83,84,85,86,87,88,89,90,91,92,93,94,95,96,97,98,99
1.9341677798,-0.0888933967,-0.1833422886,-0.0000000000,0.0599155646,0.0000000000,-0.0000000000,0.0000000000,0.0078003935,-0.0000000000,-0.0000000000,-0.0000000000,-0.0471578162,-0.0000000000,-0.0000000000,-0.2858205604,0.1547169061,-0.0000000000,0.0000000000,-0.0000000000,0.0000000000,0.0000000000,0.0634755345,0.0000000000,0.0000000000,-0.0000000000,0.0000000000,-0.0000000000,-0.0000000000,0.0000000000,-0.1397890786,-0.1240690485,0.0000000000,0.0000000000,0.0000000000,-0.0000000000,0.0399955528,-0.5922631101,-0.0000000000,-0.0000000000,0.0000000000,-0.0000000000,0.0000000000,-0.0000000000,0.0000000000,0.0000000000,-0.0000000000,0.0000000000,-0.0000000000,-0.0000000000,-0.3222556185,-0.0000000000,-0.0000000000,-0.0000000000,0.0000000000,-0.0000000000,-0.0000000000,0.0000000000,0.1026604449,-0.0940703678,0.0000000000,-0.0000000000,0.0000000000,0.0000000000,0.0000000000,0.0000000000,-0.0000000000,0.0000000000,0.0000000000,-0.0000000000,-0.0000000000,0.0000000000,0.0596248041,0.0000000000,-0.0000000000,0.0000000000,0.0000000000,0.0000000000,-0.1957754915,-0.0213522055,0.1293121913,-0.0000000000,0.0000000000,0.0000000000,0.0000000000,0.0000000000,0.0011457981,-0.0000000000,-0.0000000000,0.0000000000,0.0000000000,-0.2070499959,0.2074658955,-0.0173055777,-0.0000000000,0.0000000000,0.0000000000,0.0000000000,-0.1671462931,-0.0272140228
-0.0888933967,2.7525753080,-0.0149119871,-1.0552524547,-0.2666759225,0.1405683665,0.0000000000,-0.0000000000,-0.0000000000,-0.0838592988,0.0000000000,-0.0000000000,0.0000000000,-0.0000000000,0.0000000000,-0.3778825741,0.0000000000,-0.0000000000,-0.0000000000,0.0000000000,-0.1949565086,0.0000000000,0.0000000000,-0.0000000000,-0.0000000000,0.0000000000,0.0000000000,-0.0000000000,-0.0000000000,0.0959026730,-0.0000000000,0.0000000000,-0.0000000000,0.0000000000,0.0000000000,0.0760900684,0.0591659821,-0.0000000000,0.0000000000,-0.0000000000,-0.0000000000,0.0000000000,-0.0000000000,-0.0000000000,0.0000000000,0.0000000000,0.0000000000,0.2269267071,0.0412899316,0.2439206980,0.0000000000,-0.0000000000,-0.1792811603,-0.1555579807,-0.0000000000,0.0000000000,-0.2709470242,0.0000000000,-0.0000000000,0.0000000000,-0.0000000000,-0.0000000000,0.1037237683,0.0000000000,0.0000000000,0.1521597580,0.0000000000,-0.0000000000,-0.0000000000,-0.0000000000,-0.0000000000,0.0000000000,0.0174456014,-0.0000000000,-0.0000000000,-0.0000000000,0.0000000000,0.0000000000,-0.1530921383,0.0000000000,-0.0000000000,0.0000000000,-0.0000000000,-0.0000000000,-0.0000000000,0.0000000000,0.0000000000,-0.0000000000,-0.0000000000,-0.0892053011,-0.0000000000,0.0000000000,-0.0000000000,-0.0000000000,-0.0000000000,-0.0000000000,0.0000000000,0.0000000000,0.0000000000,0.0000000000
-0.1833422886,-0.0149119871,1.5481578427,-0.0000000000,-0.1838557902,0.0000000000,0.0000000000,-0.0862016407,-0.0000000000,-0.0000000000,-0.2877031051,-0.0000000000,-0.0000000000,-0.0000000000,0.0000000000,0.0000000000,0.0000000000,-0.0000000000,-0.0000000000,0.0000000000,0.0000000000,0.0000000000,0.0000000000,0.0000000000,-0.0924843918,-0.0000000000,0.0327322690,0.0000000000,-0.0000000000,0.0000000000,0.0000000000,0.0000000000,0.0000000000,0.0000000000,0.0000000000,-0.0000000000,0.2307077230,-0.0000000000,0.0000000000,-0.0000000000,0.0000000000,-0.0000000000,0.0000000000,-0.0000000000,-0.0000000000,-0.0000000000,0.0000000000,0.2202924222,-0.0000000000,-0.0000000000,-0.0000000000,-0.0467254532,0.0367207406,-0.0000000000,-0.0000000000,-0.4406841370,-0.0000000000,-0.2805546422,0.0000000000,-0.0000000000,0.0000000000,-0.0435875621,0.0000000000,0.0000000000,0.0128232229,0.0000000000,0.0411242671,0.2246775580,0.1646775274,-0.0000000000,0.0026780998,0.1595585190,0.0000000000,0.0000000000,0.0000000000,-0.0433908644,-0.0000000000,0.0000000000,0.0111858492,0.0000000000,0.0000000000,0.0000000000,-0.0000000000,-0.0000000000,-0.0000000000,0.0000000000,0.0000000000,0.0000000000,-0.0000000000,-0.0000000000,0.0000000000,-0.0000000000,0.1102753392,-0.0000000000,0.0000000000,-0.0000000000,0.0000000000,0.0346224404,-0.0385125550,-0.0000000000
-0.0000000000,-1.0552524547,-0.0000000000,3.7058602265,-0.3019931549,0.0000000000,-0.0000000000,-0.7363752283,-0.0000000000,-0.0000000000,0.0000000000,0.0889047809,0.0000000000,-0.0000000000,0.0655451952,-0.0000000000,0.0000000000,-0.0000000000,-0.0000000000,0.0000000000,-0.0000000000,0.0104979629,0.0088188419,0.0000000000,-0.0000000000,0.2437572067,-0.0000000000,0.1604858373,0.0000000000,0.0000000000,0.0000000000,0.0000000000,-0.0201660037,-0.0000000000,-0.0000000000,0.0000000000,0.0000000000,0.0000000000,-0.0000000000,-0.0000000000,-0.0264052951,0.0000000000,-0.0000000000,0.0000000000,-0.0917841882,-0.0000000000,-0.0000000000,0.0000000000,0.0000000000,0.0000000000,-0.0000000000,-0.0126375087,-0.1312632117,-0.1092492872,-0.0000000000,0.0000000000,-0.7065332001,-0.0000000000,0.0000000000,0.0852339667,0.0000000000,0.0000000000,0.0000000000,0.0000000000,0.0000000000,0.1575021442,0.0000000000,0.0000000000,-0.0000000000,-0.0000000000,0.0000000000,0.0000000000,0.0595136010,0.0000000000,0.0000000000,0.0000000000,0.0981806307,0.0000000000,-0.0000000000,0.2164323925,-0.0000000000,0.0000000000,-0.2085662252,-0.0000000000,-0.0000000000,-0.0000000000,-0.0000000000,0.0000000000,0.0000000000,-0.1879456782,-0.0000000000,0.0000000000,-0.0000000000,-0.0000000000,-0.0000000000,-0.0000000000,-0.0000000000,0.3210442124,0.0000000000,0.0000000000
0.0599155646,-0.2666759225,-0.1838557902,-0.3019931549,2.3015640000,-0.0000000000,0.0000000000,-0.0000000000,-0.0000000000,-0.0000000000,0.1899110551,-0.0000000000,0.0000000000,-0.0000000000,0.0407617480,0.0000000000,-0.0000000000,0.0000000000,-0.0000000000,0.0000000000,-0.1589756839,0.0053252505,0.0000000000,0.0000000000,0.0000000000,0.1144016174,0.0419347900,-0.0000000000,0.0000000000,0.0471472351,0.0000000000,0.1311823394,-0.0000000000,0.0000000000,0.0000000000,0.1048652180,0.0000000000,0.0171419866,0.0000000000,0.0550019381,-0.0000000000,0.2186734622,0.0000000000,0.0000000000,0.0000000000,0.0000000000,0.0000000000,0.0000000000,0.0000000000,0.0000000000,0.0000000000,-0.2799777579,-0.0000000000,-0.1014386545,-0.8305199096,-0.0000000000,-0.0000000000,-0.0000000000,-0.0141482967,0.0418303051,-0.0000000000,-0.0696877814,-0.0000000000,-0.0541578829,-0.1055806288,-0.0000000000,0.0000000000,-0.0000000000,0.0000000000,0.0000000000,0.0000000000,0.0000000000,-0.0000000000,0.0000000000,0.0000000000,0.0000000000,0.0000000000,-0.0000000000,0.0000000000,-0.0000000000,-0.0000000000,0.0000000000,0.0000000000,0.0000000000,0.0522721721,-0.0000000000,0.0000000000,0.0000000000,0.0000000000,-0.0123459916,-0.0000000000,-0.0313162368,-0.0000000000,-0.0000000000,0.0000000000,-0.0000000000,0.0000000000,0.0000000000,0.0000000000,0.0000000000
0.0000000000,0.1405683665,0.0000000000,0.0000000000,-0.0000000000,2.7536879442,0.0000000000,-0.0000000000,-0.3533750733,-0.0000000000,-0.0000000000,0.0000000000,0.0000000000,-0.1034394885,-0.1011440125,0.0000000000,-0.0000000000,0.0000000000,-0.0000000000,-0.0000000000,-0.0000000000,-0.0000000000,-0.1066172655,0.0000000000,-0.2165271537,0.0000000000,0.0000000000,-0.0000000000,0.0000000000,-0.0000000000,-0.0000000000,0.0000000000,0.0000000000,0.0000000000,0.0000000000,-0.0000000000,-0.0000000000,0.0666445498,-0.0000000000,0.0000000000,0.0000000000,-0.0000000000,0.0000000000,-0.0480680573,-0.0000000000,-0.0000000000,0.0000000000,-0.0000000000,-0.7070084296,-0.0000000000,-0.0061437867,-0.0000000000,-0.0000000000,0.0001499229,-1.0408670537,-0.5357693690,0.0000000000,0.0000000000,-0.1568048027,0.0000000000,0.2236269192,0.0000000000,-0.0000000000,-0.0737464520,-0.0000000000,-0.0000000000,-0.0000000000,-0.0000000000,0.0000000000,0.0124582478,0.0000000000,-0.0000000000,-0.1038272576,-0.0000000000,0.0000000000,0.0000000000,-0.0350183008,-0.0000000000,-0.0000000000,-0.0000000000,0.0000000000,0.0000000000,0.0000000000,0.0000000000,0.0000000000,-0.0000000000,-0.0000000000,0.0000000000,-0.0000000000,0.0302478395,-0.0000000000,-0.0000000000,-0.0000000000,-0.0000000000,-0.0000000000,-0.1948753269,-0.0000000000,-0.1368500291,-0.0000000000,-0.0854257506
-0.0000000000,0.0000000000,0.0000000000,-0.0000000000,0.0000000000,0.0000000000,2.1492058580,-0.1649772593,0.0000000000,0.0000000000,0.0000000000,0.0000000000,-0.0000000000,-0.0284070343,-0.0000000000,-0.4816347375,-0.1141984225,-0.0300323726,-0.0023993953,-0.0000000000,-0.0000000000,-0.1126208953,-0.0000000000,-0.1294488395,-0.0000000000,0.0000000000,0.0000000000,0.0000000000,0.0000000000,0.0000000000,-0.0000000000,-0.0000000000,-0.0000000000,-0.0320219554,0.0000000000,0.0000000000,-0.0953001606,-0.0000000000,-0.0613026769,-0.0700046381,-0.0452774190,-0.0181126629,-0.1306169587,-0.0452090677,-0.0000000000,-0.0613786774,-0.3668130521,-0.0000000000,-0.0000000000,-0.0164815809,-0.1128726736,-0.0000000000,-0.0000000000,0.0000000000,0.0000000000,0.0761761324,0.0000000000,0.0000000000,0.0000000000,0.0000000000,0.2752694645,0.1110323145,0.1624236341,0.0000000000,-0.0000000000,0.0000000000,-0.2007761907,0.0000000000,0.0000000000,-0.0000000000,-0.0963656847,0.0975962336,0.0000000000,0.0000000000,0.0000000000,0.1143799457,0.0000000000,0.0000000000,-0.0238968675,-0.0000000000,0.0350394365,0.0055841300,0.0000000000,0.1331663199,-0.0000000000,0.0263134477,-0.0000000000,0.0000000000,0.0000000000,0.0000000000,-0.0000000000,0.0000000000,0.1414603576,-0.0000000000,-0.0000000000,-0.2093498079,-0.0000000000,0.0000000000,0.0000000000,-0.0000000000
0.0000000000,-0.0000000000,-0.0862016407,-0.7363752283,-0.0000000000,-0.0000000000,-0.1649772593,2.9121093856,-0.7132507512,-0.1494505192,-0.0000000000,-0.0000000000,-0.0000000000,-0.0000000000,0.0000000000,-0.0000000000,-0.0000000000,-0.6112518020,-0.0000000000,-0.0000000000,-0.0000000000,0.0000000000,-0.0000000000,-0.0000000000,-0.2387242870,-0.0000000000,-0.0000000000,0.1973406416,0.0000000000,0.0000000000,0.0000000000,-0.0000000000,-0.0000000000,-0.3211465816,-0.0000000000,-0.0138394989,-0.0000000000,0.0000000000,-0.0848484039,-0.0000000000,-0.0000000000,0.0000000000,-0.0000000000,-0.0000000000,-0.2200837282,0.0000000000,-0.0000000000,-0.0799217095,-0.0000000000,-0.0000000000,-0.0562294611,-0.4116730355,-0.0000000000,0.0000000000,0.0000000000,0.0000000000,-0.0000000000,-0.0000000000,-0.0000000000,0.0000000000,-0.0000000000,0.0000000000,0.0000000000,-0.0580363300,-0.0000000000,0.3227456648,-0.0000000000,-0.0000000000,-0.0000000000,-0.0000000000,-0.0000000000,-0.0000000000,-0.0000000000,-0.0000000000,0.0000000000,-0.0000000000,-0.0000000000,0.0000000000,-0.0000000000,-0.0000000000,-0.0000000000,0.0000000000,-0.0000000000,-0.0000000000,-0.0000000000,0.0000000000,-0.0504890775,0.0000000000,-0.0000000000,-0.0000000000,-0.0000000000,-0.0000000000,-0.0000000000,-0.0000000000,-0.0000000000,-0.0000000000,-0.0000000000,0.0000000000,-0.0000000000,0.0000000000
0.0078003935,-0.0000000000,-0.0000000000,-0.0000000000,-0.0000000000,-0.3533750733,0.0000000000,-0.7132507512,2.3783335483,-0.1786138502,-0.0000000000,-0.0000000000,0.0000000000,0.0000000000,-0.0000000000,-0.0000000000,0.0000000000,0.0000000000,0.0000000000,-0.0000000000,-0.0000000000,-0.0000000000,-0.0579098272,-0.0000000000,0.0000000000,-0.0000000000,-0.0719385541,0.0756510496,0.0000000000,0.0000000000,0.0000000000,-0.0000000000,-0.0000000000,-0.1050902850,-0.0000000000,-0.1142810805,-0.0000000000,0.0927973221,0.0000000000,0.0000000000,0.0000000000,0.1835947854,-0.0000000000,-0.0000000000,-0.1825644380,0.0000000000,0.0000000000,-0.0000000000,-0.0000000000,-0.0000000000,-0.0000000000,-0.0000000000,-0.0000000000,0.0000000000,-0.0000000000,-0.4808777117,-0.0000000000,-0.3262089641,-0.2340083997,0.0815255545,-0.0000000000,0.0000000000,0.0000000000,-0.0000000000,-0.0000000000,-0.0000000000,0.0000000000,-0.0000000000,-0.0000000000,0.0000000000,0.0000000000,-0.0000000000,-0.0000000000,-0.0000000000,-0.0000000000,-0.0000000000,-0.0630357054,0.0000000000,0.0000000000,-0.0000000000,-0.0000000000,0.0000000000,-0.2153504809,-0.0000000000,-0.0892789977,-0.0000000000,-0.0000000000,0.1384356715,-0.0000000000,-0.0000000000,-0.0287297907,0.0592764441,-0.1041039245,0.0000000000,-0.0000000000,-0.0000000000,-0.0000000000,0.0000000000,-0.0000000000,0.0000000000
-0.0000000000,-0.0838592988,-0.0000000000,-0.0000000000,-0.0000000000,-0.0000000000,0.0000000000,-0.1494505192,-0.1786138502,2.1543489821,-0.1570779858,-0.3747335522,-0.0462204349,-0.0000000000,-0.0000000000,-0.2172496282,-0.0000000000,-0.0000000000,-0.0000000000,0.1386702362,-0.0000000000,-0.0000000000,0.0000000000,-0.3220562019,-0.2214198528,0.0000000000,0.0000000000,-0.0000000000,-0.0000000000,0.1201579689,-0.0000000000,0.0000000000,-0.0000000000,-0.0000000000,-0.1083026305,-0.0000000000,-0.0000000000,-0.0000000000,-0.0000000000,-0.2138439274,-0.0000000000,0.2227368090,-0.0000000000,-0.0271673934,0.0000000000,0.2285615560,0.0000000000,-0.0000000000,-0.0000000000,0.0000000000,0.0731136215,0.0000000000,0.0000000000,0.1532816361,0.1356441701,0.0000000000,-0.0000000000,-0.0000000000,-0.2866400275,0.0000000000,-0.0000000000,0.0000000000,0.0000000000,-0.0000000000,0.0000000000,-0.0000000000,0.0000000000,0.0000000000,-0.0000000000,-0.0000000000,-0.0000000000,-0.0399288173,0.0000000000,0.0000000000,0.0000000000,-0.0886160009,-0.0000000000,0.0056679016,-0.1313059718,0.0000000000,-0.2862336742,-0.0000000000,0.0000000000,-0.0000000000,-0.0000000000,-0.0700375420,-0.3236537915,-0.0000000000,-0.0000000000,-0.0000000000,0.2743181964,0.0000000000,0.0000000000,0.0000000000,-0.0000000000,-0.0000000000,0.0000000000,-0.2655820802,-0.0000000000,0.0386743769
-0.0000000000,0.0000000000,-0.2877031051,0.0000000000,0.1899110551,-0.0000000000,0.0000000000,-0.0000000000,-0.0000000000,-0.1570779858,2.2012395362,-0.1688372509,-0.0000000000,-0.2205107835,-0.1534225149,0.0000000000,-0.0000000000,0.0000000000,-0.0000000000,0.1880005233,0.0000000000,-0.0000000000,-0.0000000000,0.0000000000,-0.0000000000,-0.2518794174,0.0000000000,0.0000000000,-0.0000000000,-0.1099154362,-0.0000000000,-0.0849623681,0.0000000000,-0.0000000000,-0.0000000000,-0.0000000000,-0.2454979375,-0.0000000000,0.0000000000,-0.0000000000,-0.0000000000,-0.0000000000,-0.1205916728,-0.0619767426,0.0000000000,-0.0000000000,-0.0000000000,-0.0000000000,-0.0000000000,-0.0602226527,-0.0000000000,0.0000000000,0.0000000000,0.0190447106,0.0979267638,-0.0310908018,0.0482286001,0.0000000000,-0.3019786310,-0.6378919848,-0.0028197551,0.0000000000,-0.0000000000,-0.0000000000,0.0000000000,-0.0000000000,-0.0000000000,0.0000000000,0.0000000000,0.3864888204,0.0394027076,0.0000000000,0.0000000000,-0.0000000000,0.0000000000,-0.0000000000,-0.0000000000,-0.0000000000,-0.0000000000,-0.0550496293,0.0000000000,-0.0000000000,-0.0000000000,-0.0000000000,0.0000000000,0.0000000000,-0.0000000000,-0.0000000000,0.0000000000,0.0000000000,-0.0437537615,0.0000000000,0.0000000000,-0.0000000000,0.0000000000,0.0000000000,-0.0000000000,-0.0000000000,-0.0000000000,-0.0000000000
-0.0000000000,-0.0000000000,-0.0000000000,0.0889047809,-0.0000000000,0.0000000000,0.0000000000,-0.0000000000,-0.0000000000,-0.3747335522,-0.1688372509,2.6726427605,-0.1258379916,-0.0000000000,0.0000000000,0.0000000000,-0.3105311118,-0.0000000000,-0.0000000000,0.0000000000,0.0000000000,-0.0000000000,0.0108955902,-0.2005756605,0.0000000000,-0.5439674822,0.0000000000,-0.0000000000,-0.1672868342,0.0551663652,-0.0000000000,0.0000000000,0.0000000000,0.0000000000,-0.0000000000,-0.0000000000,0.0000000000,0.0000000000,0.0000000000,-0.0000000000,-0.0000000000,0.0000000000,-0.0000000000,-0.0000000000,0.0000000000,-0.0000000000,0.0000000000,-0.0000000000,-0.0000000000,-0.0000000000,0.0000000000,0.1627452077,0.0000000000,0.0000000000,0.0000000000,-0.0000000000,0.0000000000,0.2185691665,-0.0804706194,0.0000000000,-0.8289113788,-0.0000000000,-0.0000000000,0.0000000000,0.0000000000,-0.0000000000,0.0000000000,-0.0000000000,0.0000000000,0.0000000000,0.0000000000,0.0000000000,0.0000000000,0.0000000000,-0.0000000000,-0.0000000000,-0.0362726404,-0.0000000000,-0.0000000000,-0.0000000000,0.0000000000,0.0000000000,0.0000000000,0.0000000000,0.1570757328,0.0182791749,-0.0000000000,0.0000000000,-0.0000000000,0.0000000000,0.0000000000,-0.0000000000,0.0000000000,0.0000000000,0.0000000000,0.0000000000,0.3587288506,-0.0000000000,-0.1825384224,0.0000000000
-0.0471578162,0.0000000000,-0.0000000000,0.0000000000,0.0000000000,0.0000000000,-0.0000000000,-0.0000000000,0.0000000000,-0.0462204349,-0.0000000000,-0.1258379916,1.8840795764,-0.0013535744,-0.0371885215,0.0000000000,-0.0628930532,-0.0606348119,-0.1318759688,0.0000000000,-0.0000000000,-0.0000000000,0.0000000000,0.0000000000,0.0000000000,-0.0000000000,0.0000000000,-0.0000000000,0.0000000000,-0.0000000000,-0.0000000000,-0.0000000000,-0.0000000000,-0.0000000000,0.0000000000,-0.0284801126,-0.0000000000,-0.2683576161,-0.3218618105,-0.0142634024,-0.0000000000,0.0000000000,0.0000000000,-0.0000000000,0.0000000000,-0.0000000000,-0.3118665522,-0.1579742172,-0.0000000000,-0.0083440269,0.0000000000,0.0077974654,0.0000000000,0.0000000000,0.2101947610,0.0000000000,0.0000000000,0.0000000000,0.0000000000,-0.0000000000,0.0000000000,-0.3844561548,-0.0949730176,-0.0000000000,0.0000000000,-0.0629235839,-0.0000000000,0.0000000000,0.0000000000,-0.0000000000,-0.0875483841,0.0000000000,-0.0000000000,0.0000000000,0.0000000000,0.0000000000,-0.0649432914,-0.0000000000,-0.0000000000,-0.0000000000,0.0364801969,-0.0000000000,0.1453843784,0.0000000000,0.0000000000,0.0000000000,-0.0000000000,0.0000000000,0.0000000000,-0.0000000000,0.4488630072,0.0000000000,0.0393249545,-0.0000000000,0.0000000000,0.0213486270,0.0000000000,-0.0000000000,-0.0000000000,-0.0000000000
-0.0000000000,-0.0000000000,-0.0000000000,-0.0000000000,-0.0000000000,-0.1034394885,-0.0284070343,-0.0000000000,0.0000000000,-0.0000000000,-0.2205107835,-0.0000000000,-0.0013535744,2.4300777365,-0.5163381182,-0.0000000000,-0.0580343594,-0.0000000000,-0.2924592258,0.0000000000,-0.7391474028,0.0000000000,-0.0541376965,0.0000000000,-0.0812156596,-0.0000000000,0.0000000000,-0.0000000000,0.0000000000,-0.0886542326,0.0000000000,-0.0000000000,0.0000000000,-0.0000000000,0.0000000000,0.0901144531,-0.0000000000,-0.0000000000,-0.0203707567,0.0000000000,0.0000000000,-0.0000000000,-0.0000000000,-0.3754059681,0.0000000000,-0.0000000000,-0.0000000000,-0.0000000000,-0.0000000000,-0.0000000000,-0.0000000000,-0.0000000000,-0.0000000000,-0.0070920861,-0.0325338686,-0.0000000000,0.0000000000,0.0000000000,-0.0000000000,-0.0013670665,0.1872952017,-0.0000000000,-0.0000000000,-0.1958289113,-0.0000000000,0.0000000000,-0.0000000000,-0.0000000000,0.0000000000,0.0000000000,-0.0000000000,0.0000000000,0.0000000000,0.0000000000,0.1274851927,-0.0000000000,-0.0000000000,-0.3181305674,-0.0000000000,-0.0000000000,0.0000000000,0.0000000000,0.0000000000,0.0268919735,0.0000000000,-0.0000000000,0.0000000000,0.0000000000,0.2984710324,0.0000000000,-0.0000000000,0.0000000000,0.0596250147,-0.0978589545,-0.0000000000,-0.0000000000,-0.0000000000,-0.0000000000,-0.0000000000,0.0000000000
-0.0000000000,0.0000000000,0.0000000000,0.0655451952,0.0407617480,-0.1011440125,-0.0000000000,0.0000000000,-0.0000000000,-0.0000000000,-0.1534225149,0.0000000000,-0.0371885215,-0.5163381182,1.9370958110,-0.0000000000,0.0000000000,0.0000000000,0.0000000000,0.0000000000,-0.1052688603,-0.0000000000,-0.0000000000,0.0000000000,-0.0000000000,-0.0000000000,-0.0000000000,-0.0000000000,-0.0000000000,-0.2310232452,-0.0596658725,0.0000000000,0.2432345356,-0.0000000000,-0.0000000000,-0.0000000000,-0.0000000000,-0.0000000000,0.0000000000,0.0000000000,0.0000000000,0.0000000000,-0.0000000000,-0.0633330134,0.0000000000,-0.0000000000,-0.0000000000,-0.0000000000,0.0000000000,-0.0000000000,-0.1361440174,-0.0000000000,-0.0000000000,0.0000000000,-0.0000000000,-0.0000000000,0.0000000000,0.0000000000,-0.0253673859,-0.0000000000,-0.0000000000,-0.0000000000,-0.0451188324,-0.0000000000,-0.1610734130,-0.3797932861,-0.0000000000,-0.1088265065,-0.0000000000,-0.0000000000,-0.0636360850,-0.1127295624,-0.0000000000,0.0000000000,0.0000000000,-0.0000000000,-0.2146845656,-0.0000000000,-0.0000000000,0.0000000000,-0.0000000000,-0.0000000000,-0.0000000000,-0.0000000000,-0.0000000000,-0.0966286640,0.0000000000,0.0000000000,0.0000000000,0.0000000000,0.0451748329,0.0000000000,0.0000000000,0.0000000000,-0.0000000000,-0.0000000000,-0.0000000000,-0.0445060923,0.0000000000,0.0000000000
-0.2858205604,-0.3778825741,0.0000000000,-0.0000000000,0.0000000000,0.0000000000,-0.4816347375,-0.0000000000,-0.0000000000,-0.2172496282,0.0000000000,0.0000000000,0.0000000000,-0.0000000000,-0.0000000000,2.6443506729,0.0000000000,-0.0000000000,0.0000000000,-0.0467282250,-0.1071821700,-0.0000000000,-0.0000000000,-0.0547072063,-0.1011952776,0.0000000000,-0.0000000000,0.0000000000,0.0000000000,0.3002262727,-0.0000000000,-0.0000000000,-0.1863134045,-0.2352339137,-0.0000000000,0.0000000000,0.0000000000,-0.1191898417,-0.0000000000,-0.0000000000,-0.0000000000,0.0000000000,-0.0000000000,-0.0000000000,0.0000000000,0.0000000000,0.0000000000,-0.0000000000,0.0000000000,0.0000000000,-0.0000000000,0.0000000000,-0.0000000000,-0.0000000000,0.0000000000,0.0000000000,0.0000000000,0.0000000000,0.0495013007,0.0000000000,0.0000000000,0.2124531998,0.2165018458,-0.0000000000,-0.0000000000,0.3266989730,-0.0000000000,0.0000000000,-0.1737978630,-0.0000000000,-0.2171452223,-0.0000000000,0.2877775415,0.0000000000,0.0000000000,-0.0000000000,0.0000000000,0.0798845095,-0.1598346245,0.0000000000,-0.0000000000,-0.0000000000,-0.0000000000,-0.0000000000,-0.1267076300,-0.0000000000,-0.0000000000,-0.0000000000,-0.0581364005,-0.0000000000,0.0000000000,0.4114455101,0.0000000000,0.0000000000,-0.0000000000,-0.0000000000,-0.0000000000,-0.0000000000,-0.0000000000,-0.0000000000
0.1547169061,0.0000000000,0.0000000000,0.0000000000,-0.0000000000,-0.0000000000,-0.1141984225,-0.0000000000,0.0000000000,-0.0000000000,-0.0000000000,-0.3105311118,-0.0628930532,-0.0580343594,0.0000000000,0.0000000000,3.2153351158,-0.1287318614,-0.9746885604,0.0000000000,-0.2522686688,-0.2721524437,-0.2112935734,-0.6733502619,-0.0000000000,-0.0000000000,0.0000000000,-0.0130179833,-0.0000000000,0.0000000000,0.0448884457,-0.0000000000,0.0000000000,-0.1203302865,0.0000000000,0.0000000000,-0.0000000000,0.0000000000,0.0000000000,0.0000000000,-0.0000000000,0.0000000000,0.0000000000,0.0000000000,-0.0000000000,0.0000000000,-0.0000000000,-0.6073947464,-0.0000000000,0.0000000000,0.0000000000,0.0000000000,0.0000000000,-0.0000000000,0.0000000000,0.0000000000,0.0000000000,0.0000000000,-0.0000000000,0.0000000000,0.0000000000,0.0000000000,-0.0000000000,-0.0000000000,-0.0000000000,-0.0000000000,0.0000000000,-0.0000000000,0.0000000000,0.0000000000,-0.0000000000,0.0000000000,-0.0000000000,0.0000000000,-0.0000000000,0.0000000000,-0.0000000000,-0.0000000000,0.0000000000,-0.0000000000,0.0000000000,0.0736405703,0.1821820391,0.2610184279,0.0000000000,0.0611701454,-0.0000000000,0.0000000000,0.1425067389,0.0000000000,0.1654075070,0.0000000000,0.0037432558,0.0000000000,0.0000000000,0.0000000000,0.0000000000,-0.0000000000,-0.0000000000,0.0000000000
-0.0000000000,-0.0000000000,-0.0000000000,-0.0000000000,0.0000000000,0.0000000000,-0.0300323726,-0.6112518020,0.0000000000,-0.0000000000,0.0000000000,-0.0000000000,-0.0606348119,-0.0000000000,0.0000000000,-0.0000000000,-0.1287318614,2.8396923591,-0.3060061028,-0.3026189282,-0.2279599889,-0.0461325069,-0.1489908684,-0.2049296397,-0.0863452699,-0.0946856078,0.0000000000,-0.0000000000,-0.0000000000,0.2235154593,0.0000000000,-0.0000000000,-0.0000000000,-0.5010115253,0.0000000000,0.0000000000,0.0000000000,-0.0000000000,-0.0000000000,0.0000000000,0.0000000000,-0.0000000000,-0.0000000000,-0.0000000000,-0.0000000000,-0.0000000000,0.0000000000,0.0000000000,-0.0000000000,0.0000000000,-0.0000000000,-0.0000000000,0.0000000000,-0.0000000000,0.0000000000,0.0000000000,-0.0000000000,-0.0000000000,0.0000000000,-0.0000000000,0.0000000000,-0.0000000000,0.2786956032,0.0000000000,0.1484688847,0.0199118169,0.0000000000,-0.0000000000,-0.0000000000,-0.8005763387,-0.0000000000,-0.0045352272,-0.0000000000,0.0000000000,-0.0000000000,-0.0579331725,-0.0000000000,0.0000000000,-0.0000000000,0.0000000000,-0.0000000000,0.0187178640,0.0000000000,0.0000000000,-0.0595592214,0.0297944925,-0.0000000000,0.0013824682,-0.0000000000,0.0000000000,-0.0000000000,-0.1255270862,0.0000000000,-0.1690490515,-0.0000000000,-0.0000000000,0.0000000000,0.0000000000,-0.0000000000,0.0000000000
0.0000000000,-0.0000000000,-0.0000000000,-0.0000000000,-0.0000000000,-0.0000000000,-0.0023993953,-0.0000000000,0.0000000000,-0.0000000000,-0.0000000000,-0.0000000000,-0.1318759688,-0.2924592258,0.0000000000,0.0000000000,-0.9746885604,-0.3060061028,2.5280205608,0.0000000000,-0.2338199618,-0.0000000000,0.0000000000,-0.0000000000,-0.2013350811,0.0000000000,0.0000000000,0.0000000000,-0.0000000000,0.0000000000,0.0000000000,0.0888162514,0.0000000000,-0.0000000000,-0.0000000000,-0.0000000000,-0.0000000000,0.0000000000,-0.0000000000,-0.0000000000,-0.0000000000,0.0000000000,0.0000000000,0.0000000000,-0.0000000000,-0.0000000000,-0.0000000000,-0.0000000000,-0.0739861146,0.0000000000,0.0000000000,0.0000000000,0.0000000000,-0.0000000000,0.0000000000,0.0000000000,0.0000000000,0.0000000000,-0.0000000000,0.0424953025,0.4086302206,0.0000000000,0.0000000000,-0.0000000000,-0.0000000000,-0.0000000000,0.0000000000,-0.0000000000,0.0000000000,-0.0000000000,-0.0256036906,0.0000000000,-0.0000000000,0.4456737444,0.0000000000,0.0000000000,-0.1842049138,-0.0000000000,0.0000000000,0.1857521245,0.0000000000,0.0027006824,0.0593853595,0.0000000000,0.0000000000,0.2064628103,-0.0000000000,0.0000000000,0.0178432326,0.0407845035,0.0000000000,0.0000000000,0.0000000000,0.0000000000,0.0000000000,-0.0000000000,0.0000000000,-0.0000000000,-0.0000000000,0.0000000000
-0.0000000000,0.0000000000,0.0000000000,0.0000000000,0.0000000000,-0.0000000000,-0.0000000000,-0.0000000000,-0.0000000000,0.1386702362,0.1880005233,0.0000000000,0.0000000000,0.0000000000,0.0000000000,-0.0467282250,0.0000000000,-0.3026189282,0.0000000000,2.7149500619,-0.0000000000,-0.0000000000,-0.0331007881,-0.1753169303,-0.0475263163,-0.0000000000,-0.4597448916,0.0000000000,-0.0000000000,0.0000000000,-0.0000000000,0.0674162727,0.0000000000,-0.0000000000,-0.0000000000,-0.1967870984,0.0000000000,0.0000000000,-0.0000000000,-0.0000000000,0.1492795149,0.0000000000,0.0000000000,0.0000000000,-0.0000000000,0.1803342257,0.2779849643,-0.0000000000,-0.0000000000,0.0000000000,-0.0970099342,0.0000000000,-0.0000000000,0.0000000000,-0.0000000000,0.0000000000,0.0000000000,0.0000000000,0.0000000000,0.0000000000,0.0000000000,0.0000000000,0.0000000000,-0.0000000000,-0.0000000000,0.0449526654,-0.1332865098,-0.0000000000,-0.0000000000,-0.1618739084,-0.5628944866,-0.0000000000,-0.0000000000,-0.0000000000,-0.0000000000,-0.0000000000,-0.5516361731,0.0000000000,-0.0000000000,0.0000000000,-0.0000000000,-0.0000000000,0.0000000000,0.0000000000,-0.0318140941,0.1271749618,0.0000000000,0.0000000000,-0.5547685027,0.0000000000,-0.0000000000,-0.0508613216,-0.0000000000,0.0000000000,-0.0000000000,0.0000000000,0.0000000000,0.0000000000,-0.1513291432,-0.0000000000
0.0000000000,-0.1949565086,0.0000000000,-0.0000000000,-0.1589756839,-0.0000000000,-0.0000000000,-0.0000000000,-0.0000000000,-0.0000000000,0.0000000000,0.0000000000,-0.0000000000,-0.7391474028,-0.1052688603,-0.1071821700,-0.2522686688,-0.2279599889,-0.2338199618,-0.0000000000,2.2730584458,-0.0000000000,-0.2761405422,-0.0000000000,0.0000000000,-0.0000000000,-0.0000000000,-0.0000000000,-0.0000000000,0.0000000000,0.0000000000,0.0000000000,0.0000000000,-0.0000000000,0.0801347006,0.0198130653,0.0000000000,-0.0000000000,-0.0000000000,-0.0000000000,0.0000000000,0.0519968179,0.0000000000,-0.0000000000,0.0034293029,-0.0000000000,0.0000000000,0.0000000000,0.0000000000,0.0000000000,0.0000000000,-0.0000000000,-0.0000000000,-0.1554080368,-0.0178455874,-0.0000000000,-0.0000000000,-0.0000000000,0.0000000000,0.0000000000,0.0709364597,-0.0000000000,0.0000000000,-0.0000000000,-0.0742396287,-0.0844662888,-0.0000000000,-0.0456961481,-0.0000000000,0.0000000000,-0.4728322479,-0.0000000000,-0.0000000000,0.0000000000,-0.0000000000,-0.0000000000,-0.1243371027,-0.1181905952,0.0000000000,-0.0000000000,0.0000000000,0.0000000000,0.0000000000,0.0000000000,-0.0000000000,-0.0000000000,0.0000000000,0.0371336844,-0.0000000000,0.0000000000,0.0000000000,0.1753383092,0.0000000000,0.0000000000,-0.0000000000,0.0000000000,-0.0000000000,-0.0000000000,0.0000000000,0.0000000000
0.0000000000,0.0000000000,0.0000000000,0.0104979629,0.0053252505,-0.0000000000,-0.1126208953,0.0000000000,-0.0000000000,-0.0000000000,-0.0000000000,-0.0000000000,-0.0000000000,0.0000000000,-0.0000000000,-0.0000000000,-0.2721524437,-0.0461325069,-0.0000000000,-0.0000000000,-0.0000000000,2.5943434627,-0.3652458525,-0.6298089461,-0.0000000000,-0.3114863615,0.0000000000,-0.0000000000,-0.0000000000,0.0000000000,-0.0000000000,0.0000000000,0.0000000000,-0.5798680216,0.0000000000,-0.0000000000,-0.0000000000,0.0000000000,0.1123104869,0.0000000000,0.0071165795,0.0000000000,-0.0000000000,0.0000000000,0.0000000000,0.0000000000,0.0000000000,-0.0000000000,-0.0335355186,0.0000000000,-0.0000000000,0.2429390092,0.0919195648,0.5421310161,0.0000000000,0.0000000000,0.0000000000,0.0000000000,0.0000000000,-0.0000000000,-0.0000000000,0.0000000000,0.0000000000,0.0000000000,0.0184931906,-0.0000000000,0.0000000000,-0.0000000000,-0.0000000000,-0.0000000000,-0.0000000000,-0.0147906017,-0.0000000000,0.0000000000,-0.0000000000,-0.0000000000,-0.0000000000,0.0000000000,-0.0000000000,0.0000000000,-0.0000000000,0.0000000000,0.0000000000,0.0000000000,-0.0000000000,0.0614286274,0.0000000000,0.0000000000,-0.0000000000,0.1107299433,0.0000000000,-0.0000000000,0.0000000000,0.1837745282,0.0000000000,-0.0000000000,0.0000000000,-0.0000000000,-0.0631086479,0.0000000000
0.0634755345,0.0000000000,0.0000000000,0.0088188419,0.0000000000,-0.1066172655,-0.0000000000,-0.0000000000,-0.0579098272,0.0000000000,-0.0000000000,0.0108955902,0.0000000000,-0.0541376965,-0.0000000000,-0.0000000000,-0.2112935734,-0.1489908684,0.0000000000,-0.0331007881,-0.2761405422,-0.3652458525,2.1217146377,-0.0000000000,-0.0000000000,-0.3845712650,-0.0000000000,-0.0000000000,0.0000000000,-0.2142790179,0.0673924845,-0.4359192742,-0.0000000000,-0.1763613908,0.0000000000,0.0000000000,-0.0000000000,0.0000000000,0.0581174314,0.1041132172,0.0063883360,0.0000000000,-0.0000000000,-0.0000000000,-0.0000000000,-0.0000000000,0.0000000000,-0.0429713433,-0.0000000000,0.0000000000,-0.0000000000,0.0000000000,0.1783648950,0.0000000000,-0.0000000000,-0.0212737014,0.0000000000,-0.0000000000,0.0000000000,-0.0882182682,0.0000000000,0.0523672118,0.0000000000,-0.0000000000,0.0000000000,-0.0000000000,0.0000000000,-0.0000000000,-0.0000000000,0.0000000000,0.0000000000,-0.0819284735,-0.4450157980,0.0000000000,-0.0000000000,-0.0000000000,-0.0000000000,-0.0000000000,0.0000000000,-0.0000000000,-0.0085046394,0.0000000000,-0.0000000000,0.0000000000,-0.0000000000,0.0000000000,-0.0000000000,0.0211691880,-0.0000000000,0.0000000000,-0.0000000000,0.1473810471,0.0000000000,0.0000000000,0.0000000000,-0.0000000000,-0.0000000000,-0.0280772071,-0.0000000000,0.0000000000
0.0000000000,-0.0000000000,0.0000000000,0.0000000000,0.0000000000,0.0000000000,-0.1294488395,-0.0000000000,-0.0000000000,-0.3220562019,0.0000000000,-0.2005756605,0.0000000000,0.0000000000,0.0000000000,-0.0547072063,-0.6733502619,-0.2049296397,-0.0000000000,-0.1753169303,-0.0000000000,-0.6298089461,-0.0000000000,3.8841920009,-0.0000000000,-0.0000000000,-0.0000000000,-0.1498697711,-0.0000000000,0.2769112939,0.0000000000,0.0000000000,0.0000000000,-0.0000000000,-0.0000000000,0.0000000000,0.0000000000,0.0000000000,0.0000000000,-0.0000000000,0.0000000000,0.0000000000,-0.0000000000,-0.0000000000,0.0000000000,0.0000000000,0.0000000000,-0.0000000000,0.0000000000,0.1056346305,0.0000000000,0.0000000000,0.0000000000,0.0000000000,0.0122741852,0.3056387637,0.0000000000,0.0000000000,-0.0000000000,0.0000000000,-0.0000000000,0.1343137278,0.1613571156,0.0000000000,0.0000000000,0.0000000000,0.0000000000,-0.0000000000,-0.0000000000,-0.0000000000,-0.2100685025,-0.0000000000,-0.0000000000,0.0000000000,-1.1337852356,-0.0000000000,-0.2526947689,-0.0000000000,-0.0000000000,0.0000000000,-0.0000000000,0.0000000000,0.0000000000,0.0000000000,-0.0892831664,0.2420249600,-0.0000000000,-0.0000000000,-0.0000000000,-0.0000000000,0.0000000000,0.0000000000,0.0000000000,0.0000000000,-0.2072245390,0.0000000000,0.2433599817,-0.0000000000,-0.0000000000,0.2881809809
0.0000000000,-0.0000000000,-0.0924843918,-0.0000000000,0.0000000000,-0.2165271537,-0.0000000000,-0.2387242870,0.0000000000,-0.2214198528,-0.0000000000,0.0000000000,0.0000000000,-0.0812156596,-0.0000000000,-0.1011952776,-0.0000000000,-0.0863452699,-0.2013350811,-0.0475263163,0.0000000000,-0.0000000000,-0.0000000000,-0.0000000000,2.1668146058,-0.0000000000,0.0000000000,-0.0000000000,-0.0000000000,0.0000000000,-0.0316940981,0.0000000000,-0.0000000000,-0.0000000000,-0.0000000000,-0.0000000000,0.0358093666,-0.1626367761,-0.0422577777,-0.0000000000,0.0000000000,-0.8494324760,-0.2680705868,-0.0000000000,-0.0000000000,0.0000000000,0.0000000000,-0.0000000000,-0.0625593632,0.0000000000,0.0000000000,-0.0000000000,0.0000000000,0.3622517862,0.0000000000,0.0000000000,0.0000000000,-0.0000000000,-0.0000000000,0.0000000000,0.0468128644,0.0198553163,0.0000000000,-0.0076293545,0.0000000000,0.0000000000,0.0000000000,0.0000000000,-0.0000000000,-0.0000000000,-0.0000000000,-0.0000000000,-0.0000000000,0.0000000000,0.0000000000,-0.3784596997,-0.0000000000,0.0000000000,-0.0000000000,0.1246983720,-0.0000000000,0.0000000000,0.0104652534,0.0000000000,0.0000000000,0.0000000000,-0.0000000000,-0.0526359554,-0.0000000000,0.0000000000,0.0000000000,-0.0000000000,0.0000000000,-0.0000000000,-0.0682938142,-0.0000000000,0.2691967234,-0.0000000000,-0.0000000000,0.0000000000
-0.0000000000,0.0000000000,-0.0000000000,0.2437572067,0.1144016174,0.0000000000,0.0000000000,-0.0000000000,-0.0000000000,0.0000000000,-0.2518794174,-0.5439674822,-0.0000000000,-0.0000000000,-0.0000000000,0.0000000000,-0.0000000000,-0.0946856078,0.0000000000,-0.0000000000,-0.0000000000,-0.3114863615,-0.3845712650,-0.0000000000,-0.0000000000,3.1418654520,-0.0631771119,-0.0074306661,-0.0000000000,-0.2590744625,0.0000000000,-0.0000000000,0.0000000000,-0.0000000000,0.0000000000,-0.0000000000,0.0000000000,0.0000000000,-0.0000000000,-0.0000000000,0.0000000000,-0.0000000000,-0.1749680131,-0.0000000000,-0.0000000000,-0.0000000000,0.0000000000,-0.0000000000,-0.0000000000,0.0000000000,-0.0000000000,0.0000000000,0.0271384330,0.0000000000,0.0000000000,-0.0000000000,0.0000000000,0.0000000000,-0.0000000000,-0.0000000000,-0.0165661557,0.0000000000,0.0000000000,0.0000000000,0.0036279415,-0.0000000000,0.0000000000,-0.0000000000,0.0000000000,-0.0000000000,0.0000000000,-0.0000000000,-0.0000000000,-0.0000000000,-0.0627277007,-0.5070963942,-0.2007030026,-0.2937560616,0.0000000000,-0.0909557429,0.0000000000,0.4171038693,0.0000000000,0.2543854697,0.0000000000,0.5025832686,0.0000000000,0.0000000000,-0.0000000000,0.0000000000,-0.3701673809,-0.0000000000,-0.0000000000,-0.0000000000,-0.0000000000,0.0000000000,0.0000000000,0.0000000000,-0.0000000000,0.0189257864
0.0000000000,0.0000000000,0.0327322690,-0.0000000000,0.0419347900,0.0000000000,0.0000000000,-0.0000000000,-0.0719385541,0.0000000000,0.0000000000,0.0000000000,0.0000000000,0.0000000000,-0.0000000000,-0.0000000000,0.0000000000,0.0000000000,0.0000000000,-0.4597448916,-0.0000000000,0.0000000000,-0.0000000000,-0.0000000000,0.0000000000,-0.0631771119,1.9122463623,0.0000000000,0.0000000000,-0.1278182461,0.0000000000,-0.0000000000,-0.0000000000,0.0000000000,-0.2435648889,-0.0000000000,0.2607188956,0.0884444768,0.0000000000,-0.0000000000,-0.0000000000,0.0000000000,-0.0761514306,0.0000000000,-0.6738029495,-0.0358389619,-0.0000000000,-0.0000000000,0.0000000000,0.0000000000,-0.0000000000,0.0000000000,-0.1175850598,-0.0260536462,0.0000000000,0.0000000000,0.0000000000,0.0000000000,-0.0000000000,0.0000000000,-0.0000000000,0.0000000000,0.0000000000,0.3250737752,-0.0000000000,-0.0712772530,0.0000000000,-0.0000000000,-0.0000000000,-0.0000000000,-0.0000000000,-0.0000000000,0.0000000000,-0.0212601006,-0.0000000000,0.0000000000,-0.0358966029,-0.0000000000,0.1367647453,0.0000000000,-0.0000000000,0.0000000000,-0.0306882140,-0.0000000000,-0.2525481033,0.0000000000,0.0145482423,-0.0000000000,-0.0000000000,-0.0000000000,-0.0770490857,0.0915932868,-0.0000000000,0.0000000000,-0.2159746505,0.0000000000,-0.0000000000,0.0863185166,0.0000000000,0.0485140671
-0.0000000000,-0.0000000000,0.0000000000,0.1604858373,-0.0000000000,-0.0000000000,0.0000000000,0.1973406416,0.0756510496,-0.0000000000,0.0000000000,-0.0000000000,-0.0000000000,-0.0000000000,-0.0000000000,0.0000000000,-0.0130179833,-0.0000000000,0.0000000000,0.0000000000,-0.0000000000,-0.0000000000,-0.0000000000,-0.1498697711,-0.0000000000,-0.0074306661,0.0000000000,2.7805696017,-0.3033200319,-0.0000000000,-0.0000000000,0.0000000000,0.0000000000,0.0000000000,0.0000000000,0.0397911184,0.0000000000,0.0000000000,0.0000000000,0.0000000000,0.0000000000,-0.0000000000,0.0000000000,-0.2670060643,0.0000000000,0.0000000000,0.0000000000,0.0000000000,0.0000000000,0.0000000000,0.0798015936,0.0000000000,0.3236205399,-0.0000000000,-0.0000000000,0.0000000000,0.0000000000,0.1274236460,-0.0000000000,-0.0533047724,0.0000000000,0.0000000000,-0.0000000000,0.0000000000,0.0000000000,-0.0000000000,0.0000000000,-0.0000000000,0.0000000000,0.1109510071,0.0000000000,-0.0000000000,0.0000000000,-0.0059814623,-0.2247509484,-0.2939911473,-0.0000000000,-0.4885126668,-0.0000000000,-0.0000000000,-0.0000000000,0.1385881643,0.0014157779,0.0593892822,0.0000000000,0.0000000000,-0.0000000000,-0.7220637032,0.0000000000,0.0000000000,0.0000000000,-0.0000000000,0.0000000000,-0.4950846367,-0.1877742513,-0.0000000000,0.1909886644,-0.0000000000,0.0000000000,-0.0000000000
-0.0000000000,-0.0000000000,-0.0000000000,0.0000000000,0.0000000000,0.0000000000,0.0000000000,0.0000000000,0.0000000000,-0.0000000000,-0.0000000000,-0.1672868342,0.0000000000,0.0000000000,-0.0000000000,0.0000000000,-0.0000000000,-0.0000000000,-0.0000000000,-0.0000000000,-0.0000000000,-0.0000000000,0.0000000000,-0.0000000000,-0.0000000000,-0.0000000000,0.0000000000,-0.3033200319,1.7464562729,0.0000000000,-0.0000000000,0.0000000000,0.1568898791,0.0000000000,0.0139367178,0.0000000000,0.0000000000,0.0000000000,0.2462473997,0.0000000000,0.0000000000,-0.0000000000,0.2160401320,-0.0000000000,0.1381842185,0.0000000000,0.0000000000,0.0458867966,-0.0000000000,0.0000000000,-0.0000000000,0.0000000000,0.0731761469,0.0000000000,0.0000000000,-0.0000000000,0.0000000000,0.0000000000,-0.0000000000,-0.0422777626,-0.0000000000,-0.0000000000,-0.0000000000,0.0068107256,0.0278782297,0.0000000000,0.0000000000,-0.0000000000,0.0000000000,0.0000000000,0.0000000000,-0.0000000000,0.0000000000,-0.0000000000,-0.0000000000,-0.1659562802,-0.3383280802,0.0000000000,0.0000000000,0.0000000000,0.0000000000,0.0000000000,0.0000000000,0.0000000000,0.0000000000,0.0162978510,-0.0000000000,-0.0000000000,-0.0324371612,0.0217660688,0.0000000000,0.0000000000,0.0000000000,0.0000000000,-0.0000000000,-0.0204187567,0.0000000000,-0.0000000000,-0.0557023526,-0.0000000000
