0,1,2,3,4,5,6,7,8,9,10,11,12,13,14,15,16,17,18,19,20,21,22,23,24,25,26,27,28,29,30,31,32,33,34,35,36,37,38,39,40,41,42,43,44,45,46,47,48,49,50,51,52,53,54,55,56,57,58,59,60,61,62,63,64,65,66,67,68,69,70,71,72,73,74,75,76,77,78,79,80,81,82,83,84,85,86,87,88,89,90,91,92,93,94,95,96,97,98,99
1.3289734995797235,-0.0,-0.000000000000000000e+00.1,0.0,0.000000000000000000e+00.1,-0.000000000000000000e+00.2,0.000000000000000000e+00.2,0.000000000000000000e+00.3,0.000000000000000000e+00.4,-0.000000000000000000e+00.3,-0.000000000000000000e+00.4,-0.000000000000000000e+00.5,0.000000000000000000e+00.5,0.010471585320095999,0.000000000000000000e+00.6,-0.058033511708853965,0.000000000000000000e+00.7,-0.000000000000000000e+00.6,0.000000000000000000e+00.8,-0.000000000000000000e+00.7,0.000000000000000000e+00.9,0.000000000000000000e+00.10,-0.035890683926432444,-0.000000000000000000e+00.8,-0.2220635179780321,-0.07097165610154287,0.011951978628478303,0.009677287130668346,0.000000000000000000e+00.11,-0.000000000000000000e+00.9,0.000000000000000000e+00.12,-0.000000000000000000e+00.10,0.000000000000000000e+00.13,-0.000000000000000000e+00.11,0.000000000000000000e+00.14,0.000000000000000000e+00.15,0.000000000000000000e+00.16,-0.000000000000000000e+00.12,0.000000000000000000e+00.17,-0.000000000000000000e+00.13,-0.000000000000000000e+00.14,0.000000000000000000e+00.18,0.000000000000000000e+00.19,0.000000000000000000e+00.20,0.000000000000000000e+00.21,0.000000000000000000e+00.22,0.000000000000000000e+00.23,0.000000000000000000e+00.24,-0.000000000000000000e+00.15,-0.000000000000000000e+00.16,-0.17065848957435265,-0.22156069942750775,0.000000000000000000e+00.25,-0.000000000000000000e+00.17,0.000000000000000000e+00.26,-0.000000000000000000e+00.18,-0.000000000000000000e+00.19,0.000000000000000000e+00.27,-0.000000000000000000e+00.20,-0.1394735398100526,0.1775404551386628,0.000000000000000000e+00.28,0.000000000000000000e+00.29,0.000000000000000000e+00.30,0.0778250358658727,0.000000000000000000e+00.31,0.000000000000000000e+00.32,0.000000000000000000e+00.33,0.007389139095763507,0.058953631054698113,0.000000000000000000e+00.34,0.005255783045236608,-0.000000000000000000e+00.21,0.000000000000000000e+00.35,0.000000000000000000e+00.36,-0.000000000000000000e+00.22,0.000000000000000000e+00.37,-0.000000000000000000e+00.23,-0.000000000000000000e+00.24,-0.0836976012999305,0.016709781713010217,0.06365985885418966,0.000000000000000000e+00.38,0.000000000000000000e+00.39,0.000000000000000000e+00.40,0.000000000000000000e+00.41,-0.004412173603843935,0.000000000000000000e+00.42,0.000000000000000000e+00.43,0.000000000000000000e+00.44,0.000000000000000000e+00.45,-0.045197091939087546,0.000000000000000000e+00.46,0.000000000000000000e+00.47,0.000000000000000000e+00.48,0.000000000000000000e+00.49,0.27245052697942485,-0.000000000000000000e+00.25,-0.000000000000000000e+00.26,-0.000000000000000000e+00.27
-0.0,2.485526835163159,-0.23798915201198864,-0.2295379975906107,-0.28198690291493805,-0.3473104402920972,-0.0,-0.0,-0.0,-0.0,-0.0,-0.0,-0.0,-0.0,0.0,-0.4357505251356166,-0.0,-0.0,-0.0,-0.0,0.0,0.0,-0.0,0.0,-0.0502989690900676,-0.0,-0.0,0.0,-0.0,-0.0,0.0,-0.0,-0.0,-0.0,0.0,-0.0,0.0,-0.22004922307448363,-0.0,0.0,0.0,-0.0,0.0,0.0,0.0,0.0,0.0,0.0,-0.0,0.0,0.0,-0.6045949832962592,-0.0,-0.0,-0.20690490157321245,-0.0,-0.0,-0.0,-0.07083536662937588,-0.0,-0.0,-0.0,-0.0,-0.0,0.0,-0.0,-0.0,-0.0,0.0,-0.0,0.08148842085627736,-0.017516958005416,-0.0,-0.0,0.0,-0.0,-0.04532060194542572,-0.0,0.0,-0.0,-0.0,0.0,-0.0,-0.02027153012043633,-0.0,-0.0,0.0,-0.0,-0.0,-0.0,-0.0,-0.0,-0.0,0.0,-0.0,0.0,-0.0,-0.0,-0.0,-0.0
-0.0,-0.2379891520119886,2.3948756299045093,-0.0,-0.1433544672497604,-0.9128904444439384,-0.10180399716166796,-0.0,-0.0,-0.0,-0.0,-0.0,0.0,0.0,-0.0,-0.0166220448099093,-0.0,-0.0,-0.0,-0.21841207819244435,0.0,-0.0,-0.0302372320429717,-0.0,-0.0665197089838529,-0.0,0.0,-0.0,0.0,-0.0,-0.0,0.0,-0.0,-0.0,0.0,-0.0,0.0,-0.0,-0.15588534716487196,-0.06198478458230747,0.0,-0.02520909278123344,-0.0,-0.0,0.0,0.0,0.0,-0.0,-0.0,-0.0,-0.0,-0.0,0.0,0.0,-0.08790766723683921,-0.4754220200593749,-0.0,0.0,0.0,0.0,-0.0,-0.0,0.0,0.0,0.0,0.0,0.0,0.0,0.0,0.0,0.0,-0.0,-0.0,-0.0,0.0,-0.00010059523008958367,-0.0,0.0,0.0,0.0229730208256229,0.0,0.0,0.0,0.0,0.0,0.09649573545001672,-0.0,0.0,0.0,-0.0,-0.0,0.0,-0.0,0.011249241388713704,-0.09724239889610407,0.0,0.0,0.0,-0.0,-0.0
0.0,-0.2295379975906107,-0.0,3.6477128377766337,-1.3310704037690024,-0.0,0.0,-0.5941158516936627,-0.0,0.0,-0.1976911009875528,0.0,-0.0,0.0,-0.0,-0.0,-0.0,-0.03880052103141954,0.0,0.0,0.0,0.0,-0.0,0.0,-0.0,-0.2865690717606196,-0.0,-0.0,-0.0,0.0,-0.0,-0.0,-0.0,0.0,0.0,0.08204908242029314,0.0,-0.0,-0.0,-0.0,-0.0,-0.16604828678828687,-0.07135390423497745,0.0,-0.0,-0.0,-0.0,0.0,0.0,0.0,0.0446346421879954,-0.3741404004592533,-0.0,-0.0,-0.0,0.0,0.0,-0.6895723756630556,-0.0,-0.0,-0.0,-0.0,-0.16179633616878475,0.0,0.0273603741530538,0.09285530253591263,-0.0,0.0,0.2136401138410184,-0.0,0.049996047889040954,-0.1194263050228413,0.0,-0.0,0.0,-0.0,-0.0,-0.0,0.0,0.0,0.0,-0.0,0.0,-0.0,-0.0,-0.0,0.0,0.0,-0.19198553652416836,-0.015820314677972187,-0.0,0.0,-0.0,0.0,0.0,0.0,-0.0,0.0,-0.0,-0.0
0.0,-0.281986902914938,-0.1433544672497604,-1.3310704037690024,2.8747891931299487,-0.0,0.0,-0.30797887894143267,-0.1439899932573971,0.0,-0.0,0.0,0.0,0.0,0.0,-0.0,0.0,-0.0,0.0,-0.0,0.0,0.0,-0.0,0.0,-0.0,-0.0,0.0,-0.0,0.25908955154554625,0.0,0.0,-0.0,-0.021814231274764964,0.0,-0.0,0.0,0.0,-0.0,-0.0,-0.0,0.0,-0.0,-0.0,0.0,0.0,-0.0,0.0,-0.0,0.0,0.0,0.0,-0.0268105634766712,-0.0,-0.008193287233443236,-0.40492520516243713,-0.0,-0.0,-0.0,-0.0,0.0,-0.0,-0.0,-0.0,0.0,0.0,0.006634579207790669,-0.0,0.0,0.0,-0.0,0.2148995109432031,-0.162099502508246,-0.0,-0.0,0.0,-0.0,0.0,0.0,0.0,0.0,0.0160820081806237,-0.0,0.0,-0.0,0.0,-0.0,0.1938374982655445,0.0,-0.0,-0.0,-0.0,-0.0,-0.035656040638830155,0.13007174296453233,-0.0,0.0,-0.0983298740978119,-0.0,-0.0,-0.0008470400865020213
-0.0,-0.3473104402920972,-0.9128904444439384,-0.0,-0.0,3.852133726765527,-0.0,-0.5519003089441928,-0.1481397032331022,-0.0,-0.0,-0.0,-0.0,-0.0,-0.1380282406528482,-0.0,-0.0,-0.033014779922871246,-0.0,-0.0,0.0,-0.0,-0.0,0.019334020770515308,-0.0,-0.0,0.0,-0.0,-0.17974124328920704,0.0,0.0,0.0,-0.0,-0.0,0.0,-0.0,-0.0,-0.0,-0.13535045599619538,-0.0,0.0,-0.0,-0.0,0.0,0.0,0.0,-0.0,0.0,-0.3632849011557656,-0.0,-0.0,-0.2421691616612066,0.0,0.0,-0.4438645703268872,-0.8206348669753292,-0.0,-0.0,-0.0,-0.0,-0.0,-0.2242999506671424,-0.0,-0.0,0.0,-0.0,0.0,0.0,0.1443676008486073,0.0,0.0,-0.0,-0.0,-0.0,0.0,-0.0,-0.0,-0.0,-0.0,0.0507333579354111,0.0,0.0,0.0,-0.0,0.0627154813978925,0.0,-0.0,0.0,-0.0,-0.0,-0.0,-0.0,-0.0,0.0,-0.0,-0.0,0.0,0.0,-0.0,-0.14556934140607095
0.0,-0.0,-0.10180399716166796,0.0,0.0,-0.0,2.1067229528306286,0.0,-0.0,-0.0,0.0,-0.06191235593165004,-0.0,-0.0,0.0,-0.1457636887912899,-0.054181647154592415,0.004332273704803124,-0.0,0.0,0.024719354972020813,-0.0,0.0,-0.005748187236769982,0.0625645612699537,0.0,-0.0,0.0,-0.04233826695143305,0.0,-0.0,0.0,-0.0,-0.0,-0.17977426598179305,-0.0,-0.20094948604687551,-0.0,0.0,-0.05383015464379523,-0.4711353803375255,0.0,-0.07342914565895801,-0.0,-0.0,-0.0,-0.0,-0.31203988144164185,-0.2972919684985756,-0.2431119352632986,0.013096917036265,0.1958597656796604,0.0,0.0,0.0,0.0,-0.0,0.05589368247956766,0.0,0.0912025817394674,0.0,0.0,0.0,-0.0,-0.0,-0.0,-0.0,-0.0,-0.1043598530350214,-0.0,0.0,-0.0,-0.0,0.0,0.0,0.0,-0.0,0.0,-0.0,0.1206500568001253,0.0,-0.0,-0.0,-0.09157236808760402,0.1900514082840076,-0.0,0.0,0.0,0.00581945368907886,0.0,-0.0808652887712626,0.0,-0.0,0.0,-0.20881734890482617,-0.0,-0.0,-0.0,-0.13561385453616448,-0.0
0.0,-0.0,-0.0,-0.5941158516936627,-0.30797887894143267,-0.5519003089441928,0.0,3.71329981082918,-1.0243295767806824,0.0,-0.0,0.0,-0.050924423331518,0.0,-0.0,-0.0,0.0,-0.26650315014431075,-0.0,-0.0,0.0,0.0,-0.0,0.0,0.0,0.0,-0.0,-0.0,0.0,0.0073230989752633485,0.0,-0.0,-0.0,-0.0,0.0,-0.0,0.0,-0.009177949322099399,-0.0,0.06087545445592821,-0.0,-0.0,-0.0,-0.0,-0.0,-0.0,-0.0,-0.0,-0.07021476810885488,-0.0,-0.0087097912443208,-0.0018628389257438,-0.0,-0.0,-0.0,-0.1042674033000228,-0.29364730410805684,-0.5156446848580711,-0.0,-0.0,0.0,-0.0,-0.0,0.0,0.0,0.0,0.0,-0.0,0.0,-0.0,0.0,-0.0,-0.0806976145909084,-0.0,0.0,0.0,0.0,-0.0,-0.054820053041210154,0.0,0.0,0.0,0.0,-0.0,0.0,0.0,0.0389947881627151,0.039015517865243314,-0.3132861677445177,0.0,-0.0,-0.0,-0.0,0.12005023263931935,0.0,-0.0,-0.0,0.0,-0.0,-0.0
0.0,-0.0,-0.0,-0.0,-0.1439899932573971,-0.1481397032331022,-0.0,-1.0243295767806824,3.8396854812565455,0.0,0.0,0.0,-0.0,0.0,-0.0,-0.0,0.0,-0.0,-0.0,-0.0,-0.13155354683815007,0.13151064145808836,-0.0,0.1204980679596486,0.0,0.0,0.0,-0.0,0.0,0.0,-0.0,0.0,-0.0,-0.0,0.0,-0.8386581775819874,-0.0,0.0,-0.0,0.0,-0.0,0.0,0.0,-0.0,-0.0,-0.0,-0.0,-0.14340242401841627,-0.2518110261340403,-0.35139831693549783,-0.0,-0.0870331617153147,-0.0,-0.0,-0.0,-0.21328645320021217,-0.1149426041075726,-0.27413805387879686,0.0,0.0,0.0,-0.0,0.0,0.0,0.0,0.0,0.0,0.0,0.0,-0.0,0.0,0.0,0.0,0.0,0.0,0.0,0.0,0.0571667700410518,-0.0,0.0,0.4079699747918207,0.0,-0.0,-0.0,0.0,-0.0,0.0,0.0,-0.0,0.0,-0.2278743231977459,-0.0,-0.0,0.0,0.0,-0.0,-0.3770978974331784,-0.0,-0.0,-0.17470547262255204
-0.0,-0.0,-0.0,0.0,0.0,-0.0,-0.0,0.0,0.0,2.607640281179948,-0.0,-0.4236780820783116,-0.022369455880466987,-0.2717587784022497,-0.13790638954065487,-0.0,-0.09576230551071907,-0.0,-0.0,-0.0,-0.0,0.0,-0.0,-0.0,-0.1511784660666123,-0.0,0.0054069177762043,-0.155116312589394,-0.09736646370814189,-0.3395307025307799,0.0,0.0,-0.0,-0.017159968541191777,0.0,-0.0,-0.0,-0.0,-0.15902129805275184,-0.18221872536070768,0.0,-0.0,0.011027156875048825,0.0,0.08004310206832989,0.0,0.26997934206259727,0.0,-0.0,-0.0,0.0,-0.0,0.0,0.0,-0.0,-0.0,-0.0,-0.0,-0.0,-0.308625014282582,-0.1936674133001977,-0.10483073876891393,-0.0,-0.0,-0.0,-0.0,-0.0,-0.1718509611337462,-0.0,-0.0,-0.0,-0.0,0.0,0.0,-0.028552486440088117,-0.24970662920453648,-0.0,-0.0,0.0,0.0699992290025689,-0.0,0.0,-0.0,0.0,0.0,0.21185520301702612,-0.052688078727495,-0.0,-0.0,-0.0,0.0,0.0,0.0,-0.0,0.0,-0.0,0.0,0.0,-0.023719063458698307,-0.0
-0.0,-0.0,-0.0,-0.1976911009875528,-0.0,-0.0,0.0,-0.0,0.0,-0.0,1.552862078053132,-0.11626861440868592,0.012251757050659038,-0.0,-0.07311265766263622,0.0,-0.03911905596168369,-0.0,-0.0,-0.0,0.0,0.0,-0.0,0.0,-0.0,-0.2792323377913117,0.0,0.0,-0.1461127742603314,0.0,-0.0,0.0,-0.047867346671180686,0.0,0.03420563370309137,0.05356776961074542,0.0,-0.0,0.0,-0.0,0.0,-0.0,-0.30153082749833227,0.12239919392695552,0.06434355075493864,-0.0,0.0,0.17383470612970495,-0.0,0.0,0.0,-0.0872555109196745,0.03993445283552699,-0.0,0.0,0.0,0.0,0.0,-0.0,-0.0197472382723576,0.0,-0.0589588480605857,-0.0,0.0,-0.0,-0.0,0.0,0.0,0.1539902297680545,0.0910722834888649,0.026279019085140742,-0.0,0.01979516710322349,0.0,0.0,-0.0,-0.058518570540032955,0.0,-0.0,0.3297881137173722,0.1608093681851375,0.0,0.0,-0.0,-0.0,0.0,0.0,0.10185222269994643,-0.12924174440085126,-0.0,0.0,-0.1085000310060358,-0.0,-0.07562831649985342,-0.0,0.0,-0.0,0.08688013854069726,-0.060814386461211616,-0.0
-0.0,-0.0,-0.0,0.0,0.0,-0.0,-0.06191235593165004,0.0,0.0,-0.4236780820783116,-0.11626861440868592,2.695522815604076,-0.6350517965487704,-0.0,0.0,-0.0,-0.17984635812188934,0.0,0.0,0.0,0.11146284280889816,-0.0,-0.0,-0.2175702296552519,0.0,-0.0,0.0,-0.0,-0.0,-0.0,-0.0,0.0,-0.09473453046372268,0.0,-0.0,0.0,0.0,-0.0,0.0,-0.0,-0.0,-0.0,-0.09064823136538783,0.0,0.18993707956005543,0.0,0.05052684653666722,0.0,-0.014131390439459608,-0.0,-0.0,0.0,0.0,-0.07755262790756844,0.07658673745919406,0.0013214911937302887,0.0,0.0,0.0,-0.0,0.0,-0.5705423377225276,-0.03589550661586099,-0.0,0.0,0.0,0.21429524658096985,-0.39479081364606855,-0.0,0.0,0.0,-0.2278114394587956,-0.0,0.0,-0.06242383099889202,0.0,-0.0,-0.0,-0.0,0.0136529870953084,-0.0,0.1391110346631399,-0.0,-0.0,0.026213762344152604,0.0,0.0,-0.0,-0.0,0.0,0.26375787411446955,0.0,0.0,0.0,-0.0,-0.0,0.0,0.0,-0.0,0.0
0.0,-0.0,0.0,-0.0,0.0,-0.0,-0.0,-0.050924423331518,-0.0,-0.022369455880466987,0.012251757050659038,-0.6350517965487704,2.5910521828431072,-0.2492904266445988,0.0,-0.0,-0.0,-0.06245147285368331,-0.0,0.009699609850774593,0.12515414374102485,-0.11534835483118148,-0.0,-0.0,0.0,0.0,0.0,-0.0358065272200587,-0.0,-0.0,-0.0,-0.0,-0.0,-0.0,-0.0,-0.0,-0.0,-0.12913397763727247,-0.0,0.0,-0.10133374379548526,-0.0,-0.0,0.0,0.0,-0.0,-0.0,-0.0,-0.09167021925012803,-0.0,-0.0,0.0,-0.0,-0.0,0.0,0.0,0.0,-0.05093296102212533,0.0,-0.0,0.0,-0.18199384345179803,-0.6209031052424867,-0.0,0.0,0.0,0.007306517332588237,-0.30826228414113666,-0.0,-0.0,-0.0,-0.0,-0.019508865046552894,0.0,-0.0,0.0,-0.0710069526681251,-0.0,-0.0756884575204079,0.0,-0.2773729410537596,0.0,0.0,0.0,0.009217541515828008,0.0,0.0,-0.0,-0.17014516619448783,-0.0,0.0,0.0,0.0,0.0,0.09923995954932376,-0.0,0.0,0.07803226317402585,0.0,0.0
0.0104715853200959,-0.0,0.0,0.0,0.0,-0.0,-0.0,0.0,0.0,-0.27175877840224977,-0.0,-0.0,-0.24929042664459888,3.032112587766782,-0.0,0.0,-0.7654643756235826,-0.0,-0.3182923496304526,0.0,-0.0,-0.0,-0.0,-0.0,-0.0,0.0,0.0,-0.0,-0.0406634094668806,-0.050966449255750695,0.0,0.0,0.0,-0.17411227277903885,0.0,0.0,0.0,-0.0,-0.0,-0.0,-0.0,0.0,0.0,0.0,0.037712369786495614,0.0,-0.0,-0.0,-0.0,0.0,-0.0,0.0,0.06919400059655384,0.0,-0.0,0.0,0.0,-0.0,0.0,-0.0,-0.0160779778277895,-0.0,-0.0,-0.05303077872471927,-0.2740451206719996,-0.612798141774872,0.0,-0.0,-0.0631040316423342,-0.0,-0.40005770865212775,0.0,-0.0,0.012605531923185143,-0.0,-0.025459796276561853,-0.0,-0.0,0.0,0.0,-0.0,0.0,0.0,0.0,0.0,0.05360456605624897,0.0,-0.0,-0.0,-0.0,0.0,0.0,0.0,-0.0,0.0,0.0,0.0735750190475475,0.09555490668346232,-0.020868264892892854,-0.0
0.0,0.0,-0.0,-0.0,0.0,-0.1380282406528482,0.0,-0.0,-0.0,-0.13790638954065487,-0.07311265766263622,0.0,0.0,-0.0,2.86285322024101,-0.0,0.0,-0.22542785191048473,-0.0,-0.0,-1.6096313824106763,0.0,-0.0,0.08917334750366204,-0.110961830214859,-0.0,0.0,0.0,-0.0,-0.08178804587992627,0.0,0.26005018786051365,0.0,-0.0,0.08150666603445411,-0.0,-0.0,0.0,-0.00360504235132514,-0.0,0.0,-0.0,0.0,-0.0,-0.0,0.0,0.0,0.0,-0.0,0.0,0.0,-0.0848071661722385,-0.0,0.0,0.0,-0.1013837231616018,0.0,-0.0,0.0,-0.0,-0.203854181560117,0.0,0.009738424369526332,0.0,-0.0,-0.40908610663091294,-0.0,0.0,0.0,-0.0,-0.0,0.0,0.3542521086796818,0.0,0.06090221452268297,-0.0,-0.0,0.0,0.0,0.0,0.0315603615857433,-0.0,-0.0,0.0,0.0,0.0,-0.0,0.06558168250871492,-0.0,-0.0,-0.0,0.0,-0.0,-0.0,0.0,0.0,-0.0,0.0,0.0,-0.0
-0.0580335117088539,-0.4357505251356166,-0.016622044809909333,-0.0,-0.0,-0.0,-0.14576368879128995,-0.0,-0.0,-0.0,0.0,-0.0,-0.0,0.0,-0.0,1.8799921316757129,-0.0,-0.0,0.0,-0.0,-0.0,-0.0,-0.0,-0.27420481681293046,-0.0,-0.0,-0.0,0.0,0.0,-0.006358517085968457,-0.030214761315223167,-0.0,0.0,-0.0749238750477842,-0.0,-0.0,0.031274742298370524,0.0,0.0,-0.2180352243130829,-0.16602808889662424,-0.0,-0.0,0.0,-0.0,0.0,0.0,-0.0,0.0,0.0,0.0,-0.0621866313234886,-0.2783373351333959,-0.02578663634982063,-0.0,-0.0,-0.0,-0.0,0.0,-0.0,0.0,0.0,-0.0,-0.0,0.0,-0.0,-0.0,-0.0,-0.0,-0.0718699058925724,-0.0,-0.0,-0.08734262473112203,0.0,0.0,-0.0,-0.0082590286991142,-0.0,0.0,0.0,-0.0606364231205573,0.0,-0.0,-0.0,-0.0,0.0,0.0501567037274739,0.0,-0.2751300490189369,-0.0,-0.0,-0.0,0.0,0.0,-0.10181858404998448,0.0,0.0,0.0,0.0,0.0
0.0,-0.0,-0.0,-0.0,0.0,-0.0,-0.054181647154592415,0.0,0.0,-0.09576230551071907,-0.03911905596168369,-0.17984635812188934,-0.0,-0.7654643756235826,0.0,-0.0,2.540804967606539,0.0,-0.5496226210452441,0.0,0.0,-0.1930219732174167,-0.0102573117164774,-0.3301059567892023,0.0,0.0,0.0,-0.0,-0.0,-0.0,0.0,-0.0,-0.0,-0.08069322819311425,-0.0,0.0,-0.0,-0.0,0.0,-0.0,-0.0,0.0,-0.0,0.0,0.0,0.0,-0.0,-0.0,-0.0,0.0,0.0,-0.0,0.0696903196215575,-0.0,-0.01733801298089177,0.0,-0.0,0.0,0.0,-0.0,-0.0,-0.0,0.0,-0.31882964556153004,-0.1746256725264146,-0.0,0.0,-0.0,-0.0487722276732777,-0.0,-0.0,-0.0,-0.0,0.0,0.0,-0.0,-0.0,-0.0,0.0,0.0,-0.0,0.0,0.024478439431370607,-0.0,0.0,0.0,-0.0,-0.0,-0.0,0.0,0.0,0.0,0.0,0.0,-0.0,0.0,0.0,0.0,-0.0,-0.0
-0.0,-0.0,-0.0,-0.0388005210314195,-0.0,-0.033014779922871246,0.004332273704803124,-0.26650315014431075,-0.0,-0.0,-0.0,0.0,-0.06245147285368331,-0.0,-0.22542785191048473,-0.0,0.0,2.852568251299684,-0.0,-0.33937667624493645,-0.22234726448055336,0.0,-0.1404679186793399,0.0,-0.0167879186119604,-0.05008441328251,0.0,-0.0,-0.02489439050845326,-0.0,0.0,0.0,0.0,-0.350288269991244,0.0,-0.20933982534371412,0.0079217415132687,-0.0,-0.0,0.0,-0.0,-0.0,0.0,0.013419700033276695,0.0,0.011476751589484965,0.0,0.0,0.0,0.0,-0.0,-0.1030311470980934,0.0,0.0,-0.0,-0.0,0.0,-0.2889755806760591,0.0,-0.0,0.0,-0.0,-0.0,0.0,0.0,-0.0,0.0,0.0,0.0,-0.1262671635213117,-0.2285838221962664,0.0,-0.0,0.0,0.0,-0.0,-0.12909525118120405,-0.0,0.0,0.0,-0.0,0.0,0.0,0.0,-0.0,0.0,-0.0,0.0,-0.7843061218763471,-0.0,0.06730209344898803,0.0,0.2999494746061141,0.0,0.2285108612536392,0.0,0.0,0.0,-0.0,-0.0
0.0,-0.0,-0.0,0.0,0.0,-0.0,-0.0,-0.0,-0.0,-0.0,-0.0,0.0,-0.0,-0.3182923496304526,-0.0,0.0,-0.5496226210452441,-0.0,2.0515309003440247,0.0,0.0,0.0,0.0,0.0,0.0,0.0,0.0,-0.0715310081878659,-0.08470274528408997,0.0,0.0,0.0,-0.011346821292305707,-0.36351513956341697,-0.0,-0.040287695388979805,-0.0,-0.02481484797135956,-0.0,0.0,-0.0,0.0,-0.0,-0.0,-0.0,0.0,-0.0,-0.0,-0.0,-0.0,0.0,0.0,0.0,-0.0,-0.0,-0.3048833449408761,-0.0,-0.0,0.0,0.0,-0.0,0.0,0.09002535055278724,-0.0,-0.1434824452715773,-0.23503867647362844,0.0,0.0,-0.0,-0.0,-0.0,0.0,-0.0,0.0,0.07241948695258643,-0.0,-0.021730803675831387,0.0,0.0,0.0,0.0,0.0,0.0,0.0,0.02365522064765099,0.0,-0.0,-0.0,-0.0,0.0,0.0,-0.0,-0.0,-0.0,-0.0,-0.0,0.0,-0.0,-0.0007765849506721421,-0.0
-0.0,-0.0,-0.21841207819244435,0.0,-0.0,-0.0,0.0,-0.0,-0.0,-0.0,-0.0,0.0,0.009699609850774593,0.0,-0.0,-0.0,0.0,-0.33937667624493645,0.0,2.814151299766728,-0.7927880919367648,0.17185365011423878,-0.0,0.0,-0.0,0.0,-0.0,-0.552565236258547,-0.0,-0.04116170750233829,0.0,0.0,0.0,-0.0,0.008429173447296035,-0.5675651971296539,0.0,0.08656074475715843,-0.0,-0.1688460817158252,0.0,-0.0,0.014255255080964715,0.0,0.0,0.0,0.03688834535609844,-0.0,0.0,-0.0,-0.0889450396579239,-0.0,-0.0,0.022135384847494628,-0.0,-0.0,-0.04905882958791017,-0.0,0.0,0.0,0.0,-0.0,0.0,0.22117700959916187,0.0593732939681448,0.0,-0.0,0.11148700403331754,0.0,-0.0,-0.37886867450869216,-0.0,-0.0,0.0,0.0,0.0,-0.0,-0.0,0.018416983910554772,0.0,0.0,-0.0,-0.0,0.22272247891578367,-0.43678311636164097,0.0,-0.0294630447361129,-0.0,-0.0,0.0,0.16220583705291447,0.0,0.0,-0.0,0.0,0.0,-0.0,-0.21653018487858772,-0.01019462387344656,-0.10849827778845555
0.0,0.0,0.0,0.0,0.0,0.0,0.024719354972020813,0.0,-0.13155354683815007,-0.0,0.0,0.11146284280889816,0.12515414374102485,-0.0,-1.6096313824106763,-0.0,0.0,-0.22234726448055336,0.0,-0.7927880919367648,3.202309534012784,0.11347915803776548,-0.0,0.0,-0.0,0.0,0.0,0.0,0.0,-0.27719441492703933,0.0,0.0,0.0,-0.10751292578842434,0.0,-0.05269019409347459,0.01106950852631338,0.0,-0.0,-0.0,-0.0,-0.0,0.022222225162230224,-0.0,-0.0,0.0,0.0,-0.0,0.0,0.01847975773572336,0.0,-0.1121593186169906,-0.0,0.0,0.0,-0.0,-0.0,0.0,0.0,0.0,-0.0,0.0,0.29108639186107665,0.26118344458086734,-0.0,-0.0,0.0,0.0,0.0,-0.0771294591785726,-0.0810377019657895,0.0,0.0,0.268245256285956,0.0,0.0,0.0,0.0,0.0,-0.0,0.0,-0.0,-0.0,0.0,-0.0415747376983288,-0.0,-0.0,0.0,-0.0,-0.0,-0.0,0.0,0.0,0.0,0.0,0.07197572423177666,-0.0,-0.0,0.0,0.0
0.0,0.0,-0.0,0.0,0.0,-0.0,-0.0,0.0,0.13151064145808836,0.0,0.0,-0.0,-0.11534835483118148,-0.0,0.0,-0.0,-0.1930219732174167,0.0,0.0,0.17185365011423878,0.11347915803776548,2.6275564860348424,-0.1108067687151781,-0.5643833022330551,0.0,-0.0,0.0,0.0,0.0,-0.0,0.04810914070460942,0.0,-0.0,-0.0,-0.396330056409516,0.0,0.0,0.0,0.0,-0.0,-0.1745534966463117,-0.0,-0.37341619829376466,0.004135230305334193,0.0,0.0,-0.0,-0.0,0.0,0.0,0.0,0.0,0.0,-0.0,-0.0,0.0,0.0,-0.0,0.31805183831269845,0.0,-0.0,0.0,0.0,-0.0,-0.0,0.0,0.0,0.0,-0.1365271324882118,-0.1813201040055721,-0.0,-0.3742974154469596,-0.2103447499243232,0.0,0.0,-0.04314230667863132,-0.0,-0.06184297502455896,0.0,0.0,-0.1646304969093393,-0.0,0.0819625775777357,-0.0,0.0,-0.0,0.0,0.0,-0.0,0.0,0.0,0.0,0.039617650577014885,0.02911834033328508,-0.08588624917638597,0.1601293293887764,0.1165940151098682,-0.0,0.0,0.0
-0.0358906839264324,-0.0,-0.030237232042971768,-0.0,-0.0,-0.0,0.0,-0.0,-0.0,-0.0,-0.0,-0.0,-0.0,-0.0,-0.0,-0.0,-0.010257311716477403,-0.14046791867933994,0.0,-0.0,-0.0,-0.11080676871517812,1.864496515231021,-0.0,0.0,-0.3606555679056568,-0.0,-0.0,0.0,-0.3311369547279629,0.0,0.0,-0.0,-0.0,0.0,0.0,0.0,-0.0,-0.0,-0.0,0.0,-0.0,-0.0,0.05525369067756991,0.0,0.0,-0.06524131526845006,-0.16275590910082607,0.0,0.0,-0.0,-0.1109819989876188,0.0,-0.0,-0.09344655846932809,-0.0,-0.0,-0.0,0.0,0.0,-0.0,-0.026346641611324124,-0.0,0.0,0.0090573655272471,-0.0,0.0,0.0,0.0,-0.0,-0.0,-0.0,-0.2689909039828619,-0.0,-0.0,-0.0,-0.0,-0.5085084863639445,-0.0,-0.2365100145730148,-0.0,-0.0,0.23098422183599784,0.0,-0.0,-0.0,-0.0104245964033131,-0.0,-0.0,-0.0,-0.0,-0.0,0.0,0.02970863948375184,0.0,0.0,0.0,-0.0,0.0,-0.0
-0.0,0.0,-0.0,0.0,0.0,0.019334020770515308,-0.005748187236769982,0.0,0.1204980679596486,-0.0,0.0,-0.2175702296552519,-0.0,-0.0,0.08917334750366204,-0.2742048168129304,-0.3301059567892023,0.0,0.0,0.0,0.0,-0.5643833022330551,-0.0,2.9634039081448327,0.0,0.0,-0.0,-0.0,0.01213520045825841,-0.09310008625565457,0.0,-0.0,0.0,-0.3000396256932561,-0.0,-0.0,0.03081682873161221,0.03936425094487459,0.09964400215035599,-0.0,-0.055338679695922766,0.0,0.0,0.0,0.0,0.0,0.0,-0.0,0.0,0.0,-0.0915226377816683,0.0,-0.0,-0.0,-0.0,0.0,-0.0,0.3012295042007127,0.0,-0.0,-0.0,0.0,0.0,-0.0,-0.0,0.0,0.0,-0.0,-1.1504921688984089,-0.0,-0.0,-0.0,-0.0,0.0,-0.0,-0.0,0.19565706127651833,-0.0,0.0,0.0,-0.0,0.0,0.0,0.0,0.0,0.0,0.0,-0.0,0.0,0.21600577162366869,0.0,0.0,0.033817019903631014,0.14382707656120972,-0.23278867415124968,0.06511164981184693,0.2970555890474569,0.0,0.0,0.04971096544659914
-0.2220635179780321,-0.0502989690900676,-0.06651970898385298,-0.0,-0.0,-0.0,0.06256456126995379,0.0,0.0,-0.1511784660666123,-0.0,0.0,0.0,-0.0,-0.11096183021485904,-0.0,0.0,-0.01678791861196041,0.0,-0.0,-0.0,0.0,0.0,0.0,1.901063804699316,-0.1257900555409121,0.0,0.0,0.0,-0.0,0.086173158265455,0.0,0.12962717723953143,0.0,0.04264268534326986,0.0,0.007836466676192028,-0.0,-0.0,-0.0,0.0,-0.0,0.0,0.0,0.0,0.2990730438853282,0.0,0.0,-0.0,0.0,0.0,-0.1721224832775928,0.0,-0.0,0.0,-0.0,0.0,0.0,-0.4176573508407945,-0.3358291554990171,-0.0,-0.0,0.042868425421535405,0.0,0.0,-0.0,0.0,0.02783198216794043,0.0,0.0,0.0,0.0446096536879334,0.0,0.0,0.0,-0.21892429111184383,-0.0,0.0,0.1384742396279896,0.0076303488739607,0.0,0.0,0.0,0.0,0.0,0.0,0.0,0.12515468465769422,-0.0,-0.0,0.0178029637834531,0.0936397326747338,0.012973553183976246,0.0,0.0,0.0,0.0,0.0,-0.0,0.0
-0.0709716561015428,-0.0,-0.0,-0.2865690717606196,-0.0,-0.0,0.0,0.0,0.0,-0.0,-0.2792323377913117,-0.0,0.0,0.0,-0.0,-0.0,0.0,-0.05008441328251004,0.0,0.0,0.0,-0.0,-0.3606555679056568,0.0,-0.1257900555409121,1.8876625169747847,-0.0,0.0,-0.0,-0.0,0.0,0.11614089913396576,0.016299256710285277,0.0,-0.0,0.12252898095259436,0.0,0.0,0.0,-0.1978794719016688,-0.0,-0.3320774890786137,-0.34069387164435444,0.09657895856303664,0.0,-0.0,0.0,0.0,0.0,0.034711981828454155,0.024431127225875,-0.0,0.03206539593035163,-0.0,0.0,0.0,0.1460716831747244,-0.0,0.11695645448074246,-0.0,0.0,-0.0,-0.0,0.0,0.0793902179355021,0.0,-0.0,0.0,0.0517179004838885,-0.0,0.0,-0.053193499117866,-0.0,0.11377700056540528,0.1379279520337994,-0.0,-0.07415638105741802,-0.02548259153754859,0.0837335365057857,0.0,-0.0,-0.0579132239497152,0.0,-0.0,-0.0,-0.0,-0.0182425896201302,0.0,-0.038291679039662754,-0.0,0.0,0.1017854449170209,0.028410267329823137,0.0,0.0,0.0,0.0,-0.0,-0.0,-0.0
0.0119519786284783,-0.0,0.0,-0.0,0.0,0.0,-0.0,-0.0,0.0,0.005406917776204385,0.0,0.0,0.0,0.0,0.0,-0.0,0.0,0.0,0.0,-0.0,0.0,0.0,-0.0,-0.0,0.0,-0.0,3.2372918420785446,-0.0090052950363847,-0.0,-0.0,0.0,-0.01834668650835297,-0.0,0.0,-0.292234692243402,-0.0,-0.0,0.0,0.0,-0.0,-0.0,-0.0,-0.0,-0.05027736511699383,-1.088763490048078,-0.6144970537444567,-0.02785533376950461,-0.042043300045910434,0.0,-0.0,0.0,-0.0,-0.0,-0.18772517788384424,-0.0,0.0,-0.0,-0.0,-0.0,-0.0,-0.0,0.0,-0.0,-0.0,0.0,0.0,-0.2704031012166141,0.0,-0.0,-0.0,0.0,-0.0,-0.0,-0.0,-0.0,-0.0,-0.0,-0.0,0.0,-0.0,-0.0186390249804547,-0.0398494313127397,-0.0,-0.0,-0.5595421143353304,-0.1367908952169187,-0.0,-0.16913304055104336,-0.0,-0.0,-0.0,0.0,-0.0,0.0,0.0,-0.0,-0.0,-0.0,0.2866070534078116,0.0
0.0096772871306683,0.0,-0.0,-0.0,-0.0,-0.0,0.0,-0.0,-0.0,-0.15511631258939407,0.0,-0.0,-0.03580652722005873,-0.0,0.0,0.0,-0.0,-0.0,-0.07153100818786597,-0.552565236258547,0.0,0.0,-0.0,-0.0,0.0,0.0,-0.0090052950363847,2.422121104522688,-0.0,-0.103367347271727,-0.0,0.0,-0.0,-0.14306732532865957,-0.0,-0.0,-0.0,0.0,-0.0031628979314012847,-0.05113108370373602,0.0,-0.029363257644691488,0.0,-0.15369948507693063,-0.0,-0.0,0.27537922542749826,-0.15641878655861316,0.0,-0.0,-0.0,0.0,-0.0,0.0,-0.0,-0.0,-0.0,-0.0,0.0,0.0,-0.0,-0.0,-0.0,0.0,-0.0,0.0,-0.047840858502929046,0.0,-0.0,-0.0,-0.009138155346191033,-0.010055296629023,-0.0,-0.0,-0.0,-0.0,-0.0,-0.02718775542530803,0.0,0.0,-0.0320473877687891,-0.0,-0.0,0.035180285470183224,-0.011988897278064764,0.0,-0.2494029788967054,-1.0289580480034537,-0.0,-0.0,0.0,0.0263020935769774,0.0,-0.0,0.0,-0.04489739836270785,-0.0834624490751293,-0.0,0.0,-0.011358115625614689
0.0,-0.0,0.0,-0.0,0.25908955154554625,-0.17974124328920704,-0.04233826695143305,0.0,0.0,-0.09736646370814189,-0.1461127742603314,-0.0,-0.0,-0.0406634094668806,-0.0,0.0,-0.0,-0.02489439050845326,-0.08470274528408997,-0.0,0.0,0.0,0.0,0.01213520045825841,0.0,-0.0,-0.0,-0.0,1.8991270532713092,0.0,0.0,0.0,0.0,0.0,-0.0,-0.0,-0.4611345199289631,-0.0,-0.0,-0.0,-0.0,0.028808775271628242,-0.0,0.016597997190827468,0.0,0.0,-0.012039385006660429,0.0,-0.0,-0.0,0.0,-0.0,0.0,0.0,0.0,0.0,0.0,-0.0,-0.0,0.0,0.0,-0.03540828019169652,-0.001880164098378193,-0.017601214453392636,-0.0,-0.2448764634640808,0.0,-0.2246452532017049,0.0,-0.0,-0.0,-0.0,0.0,0.0,0.0,0.11477602123061684,-0.6080616183055986,-0.0,0.0,0.019864577572863,-0.0701770285923878,-0.0,-0.0,-0.04598511833231474,-0.0,-0.0,-0.1980843144094711,-0.0,-0.014308747374279734,0.0,0.0,0.0,0.0,-0.03847671444544727,0.0,0.0,0.0,0.0,-0.0,-0.03762156207105771
-0.0,-0.0,-0.0,0.0,0.0,0.0,0.0,0.0073230989752633485,0.0,-0.3395307025307799,0.0,-0.0,-0.0,-0.0509664492557506,-0.08178804587992627,-0.0063585170859684,-0.0,-0.0,0.0,-0.04116170750233829,-0.27719441492703933,-0.0,-0.3311369547279629,-0.09310008625565457,-0.0,-0.0,-0.0,-0.103367347271727,0.0,1.9819220606677743,-0.0,0.0,0.0,-0.0842568618647007,0.0,0.0,0.0,0.0,-0.0,-0.008591454368464237,0.0,0.0,0.21094556741183548,0.0,0.0,0.0,0.023781112027729,-0.0,0.0006554976997372977,0.0,-0.0,-0.0,-0.0,-0.0,0.0,0.0,-0.0,0.09510899460383725,0.0,-0.0388387339100267,-0.2775392239580528,-0.0,-0.0,-0.0,-0.2149116921550584,-0.0,-0.0,-0.0,-0.2522385826076424,-0.0,-0.002175779264587545,-0.0,0.0,0.056778844089442955,-0.044547662674080314,-0.0,0.0,-0.004474361878991984,0.0,-0.0,-0.0056555605299191,-0.0,-0.0,0.030235081711534207,-0.0,0.0,-0.0,-0.07734759587708162,0.03677848852188011,-0.0,-0.0,0.0,0.0,-0.0,0.0,0.0,0.0,-0.0,0.05320313086298584,0.0
0.0,0.0,-0.0,-0.0,0.0,0.0,-0.0,0.0,-0.0,0.0,-0.0,-0.0,-0.0,0.0,0.0,-0.0302147613152231,0.0,0.0,0.0,0.0,0.0,0.04810914070460942,0.0,0.0,0.086173158265455,0.0,0.0,-0.0,0.0,-0.0,1.8535850805736904,0.0,-0.01027840447190555,0.119625153664474,0.0,0.0,-0.0,-0.0,-0.0,-0.15971593169308543,0.0,-0.05016774273318703,-0.1994567031591006,-0.059588476597185594,0.0,-0.1578294917274901,0.027166954894092887,-0.0,0.0,-0.0,-0.0,0.0,-0.0,-0.0,0.0,-0.0,0.0,-0.0,-0.0,0.1609560883178174,0.0,-0.0,-0.0,0.0,-0.0,0.0,-0.0,-0.0,0.1034797142739968,0.0,0.0,-0.0,0.16026200646429292,-0.0057832313897515,-0.0,-0.0,-0.0,0.0,-0.45911237834262103,0.0,-0.0,-0.0,-0.12132985176074498,0.0,-0.0,0.0,0.061127559508599,-0.0,0.0,-0.0,-0.14835093226433718,-0.0,-0.0,-0.4706795529318984,-0.03378671307733057,-0.0,-0.0,0.053138327724722205,-0.0,0.0
-0.0,-0.0,0.0,-0.0,-0.0,0.0,0.0,-0.0,0.0,0.0,0.0,0.0,-0.0,0.0,0.26005018786051365,-0.0,-0.0,0.0,0.0,0.0,0.0,0.0,0.0,-0.0,0.0,0.1161408991339657,-0.0183466865083529,0.0,0.0,0.0,0.0,1.8029647188422655,-0.0,-0.0,-0.0,0.0,0.0,-0.33827648181236786,0.0,0.09627064215809869,-0.0,0.0,0.0,-0.015711542981804622,-0.0,0.0,0.0,0.0,0.0,0.0,-0.0,-0.0,-0.14566785447308622,-0.12890210702455843,-0.0,0.0,-0.0,-0.0,-0.0,0.0,0.1613671715781343,0.17222768607892824,-0.08266276850114913,-0.0,0.0,-0.0,-0.0,0.0,-0.0,-0.0,0.0,0.015209716979905,-0.0,-0.0,-0.0,-0.0,-0.0,-0.0,-0.1493061519948997,-0.5496218307900187,-0.0,0.0,0.0,0.0,-0.0,-0.0,-0.0,-0.16267280714112142,-0.0,-0.0,0.0,-0.3152200725322024,-0.0,0.04686408233966427,0.0,-0.0,0.0,-0.0,-0.0,0.0
0.0,-0.0,-0.0,-0.0,-0.021814231274764964,-0.0,-0.0,-0.0,-0.0,-0.0,-0.047867346671180686,-0.09473453046372268,-0.0,0.0,0.0,0.0,-0.0,0.0,-0.011346821292305707,0.0,0.0,-0.0,-0.0,0.0,0.1296271772395314,0.0162992567102852,-0.0,-0.0,0.0,0.0,-0.01027840447190555,-0.0,2.941623443964532,0.0,-0.0,0.0,-0.0,-0.34363024518411756,-0.0,-0.0,-0.0,-0.0,-0.21083763344107728,-0.0,-0.0,-0.15731831378705724,-0.0,-0.0,-0.10381242171778796,-0.08136258996287601,0.0,0.0,-0.0,-0.09866906751877945,-0.0,0.0,-0.1360254106687486,-0.2391731596593776,-0.0,0.0,-0.0,-0.0,-0.0,-0.008394137739568376,-0.0,-0.0,-0.0,-0.0,0.0,0.0,0.020339254868302115,-0.0,0.0,-0.3890212985617253,-0.0,-0.0,-0.0,0.0,-0.11724605737500476,-0.0,0.0,-0.0,-0.0,-0.057748534593919744,0.0,-0.0,0.0659395059853874,-0.0,-0.0,-0.0,-0.3704352918344404,-0.2151854086649712,-0.9406556608332323,-0.0,-0.059628642696087926,-0.05888361567936854,-0.0411915489223619,0.0,0.0,-0.0
-0.0,-0.0,-0.0,0.0,0.0,-0.0,-0.0,-0.0,-0.0,-0.017159968541191777,0.0,0.0,-0.0,-0.1741122727790388,-0.0,-0.0749238750477842,-0.08069322819311425,-0.350288269991244,-0.36351513956341697,-0.0,-0.10751292578842434,-0.0,-0.0,-0.3000396256932561,0.0,0.0,0.0,-0.1430673253286595,0.0,-0.0842568618647007,0.119625153664474,-0.0,0.0,2.758864887782965,0.0,-0.13884869841201533,0.0,0.0,-0.0,-0.0,-0.1549060767335336,-0.0,0.128519165423754,0.0,-0.0,0.01482559504284702,0.0,-0.0,0.0,0.0,-0.0231289425619262,-0.0,-0.13566061368664908,-0.0,-0.021221577319327965,-0.0,-0.0,-0.0,0.0,-0.0,-0.0,0.16120070350170196,0.0,0.0,-0.2377952544865955,-0.04322083156293077,0.0,0.0,-0.2569296129311456,-0.4212869223173882,-0.22964385156269768,0.0,-0.0,0.08588763653028801,0.0,-0.0,-0.0,-0.0,-0.0,0.0,0.0,0.0,0.0,0.13003642615043803,0.0,0.0,-0.0,-0.0,-0.27793808891442007,0.0,0.0,0.0,0.0,0.0,-0.0,0.0,0.0,0.0,-0.0,-0.0
0.0,0.0,0.0,0.0,-0.0,0.0,-0.17977426598179305,0.0,0.0,0.0,0.03420563370309137,-0.0,-0.0,0.0,0.08150666603445411,-0.0,-0.0,0.0,-0.0,0.008429173447296035,0.0,-0.396330056409516,0.0,-0.0,0.0426426853432698,-0.0,-0.292234692243402,-0.0,-0.0,0.0,0.0,-0.0,-0.0,0.0,3.8611850022208736,-0.0,-0.0,0.0,0.3062139147118771,-0.0,-0.8315929169120334,-0.0,-0.1561263467398246,-0.0,-0.8578130475273075,-0.0,-0.11292268910458898,-0.12808787526120544,-0.0,-0.0,0.0688293758044094,0.0910269776248636,-0.0,-0.0,-0.0,0.0,0.0,-0.0,0.19860231547143237,0.0,0.0,0.0,0.0,-0.0,0.0,0.0,-0.0,0.0,-0.0,-0.0,0.0,-0.2190152359931361,-0.13427146672251045,0.0,0.0,-0.0,-0.0,0.0,0.0,0.0,-0.0,-0.0,-0.0,-0.5194066875275406,0.0,-0.2738624184323915,0.0,-0.0,-0.0,0.0,-0.0,0.0,0.0,0.07874420441369476,-0.026012890001382336,0.0,-0.0,-0.0,0.0217684087543388,-0.0
0.0,-0.0,-0.0,0.0820490824202931,0.0,-0.0,-0.0,-0.0,-0.8386581775819874,-0.0,0.05356776961074542,0.0,-0.0,0.0,-0.0,-0.0,0.0,-0.20933982534371412,-0.040287695388979805,-0.5675651971296539,-0.05269019409347459,0.0,0.0,-0.0,0.0,0.1225289809525943,-0.0,-0.0,-0.0,0.0,0.0,0.0,0.0,-0.13884869841201533,-0.0,2.606400088161396,0.0,0.0,0.0,0.0,-0.06629144029157108,0.0,0.21319796082498343,-0.0,-0.08306365234205089,0.0,-0.0,-0.3824055944241613,-0.0,-0.3221309008627169,-0.0,0.0,-0.0,0.0,0.0,-0.10706836252311656,-0.17569471684313412,-0.0,0.013724892709636298,-0.0,0.1926743449928569,0.0,0.15468805917295847,0.0,0.0,0.0,0.0,-0.0,-0.0,-0.0,-0.0,0.0,-0.0,0.052931340598207546,0.0,0.0303479119124045,0.0,0.0,-0.0,0.0,0.0,0.0,-0.0,0.0,0.0,-0.0,-0.0,0.0,-0.0,0.1462526508487852,-0.0,0.0911674116249422,0.0,0.0,0.0,0.0,0.0,-0.04970368878932282,-0.0,-0.0
0.0,0.0,0.0,0.0,0.0,-0.0,-0.20094948604687551,0.0,-0.0,-0.0,0.0,0.0,-0.0,0.0,-0.0,0.0312747422983705,-0.0,0.0079217415132687,-0.0,0.0,0.01106950852631338,0.0,0.0,0.03081682873161221,0.007836466676192,0.0,-0.0,-0.0,-0.4611345199289631,0.0,-0.0,0.0,-0.0,0.0,-0.0,0.0,2.4114880112185832,0.0,-0.0,-0.0,-0.0,0.0,0.0,-0.02853305531265007,-0.0,-0.005900103296393985,-0.0,0.0,-0.0,-0.726832313537326,0.0548065964582026,0.0,0.0,0.0,0.0,-0.0,0.0,0.0,-0.0,0.0,-0.0,0.0,-0.0,-0.0,-0.0492299400716203,-0.0,-0.20226143345750489,-0.0,-0.0,0.0,0.0,-0.0,0.11221706379300364,-0.0,-0.0,0.0,-0.0,0.0,-0.0,0.1309291595337315,-0.0,-0.0,-0.008386814786328441,-0.0,0.0,-0.0,-0.2285606634016296,-0.0,0.2583837546596471,-0.0,-0.06047137252922526,0.0,-0.04840582999514764,-0.24104493682857997,-0.0,-0.24838223594710312,-0.1367748474299567,-0.0,-0.0,-0.27195345046798264
-0.0,-0.2200492230744836,-0.0,-0.0,-0.0,-0.0,-0.0,-0.009177949322099399,0.0,-0.0,-0.0,-0.0,-0.12913397763727247,-0.0,0.0,0.0,-0.0,-0.0,-0.02481484797135956,0.08656074475715843,0.0,0.0,-0.0,0.03936425094487459,-0.0,0.0,0.0,0.0,-0.0,0.0,-0.0,-0.33827648181236786,-0.34363024518411756,0.0,0.0,0.0,0.0,2.371919878844464,-0.6122787525103687,0.07394496599531393,-0.0,-0.0,0.0,-0.0,0.0,0.0,-0.0,-0.0,-0.0,0.0,0.0,0.0,0.0,-0.028709560146481048,-0.0,-0.0,-0.0,-0.13889649031517687,-0.239070566109746,-0.0,-0.0,-0.044559274229894995,-0.0,-0.15158166361259884,0.0,-0.0,0.0,-0.0,0.0,0.0,0.0,0.0,-0.0,-0.1295535662650177,-0.164124171633496,-0.0,-0.029647064769687616,-0.0,-0.0332994444439246,-0.100920638307471,-0.0,0.0,0.0,-0.0,0.17692634228891488,0.0,0.0,-0.0,-0.0,-0.04128785383870262,-0.0,-0.0,-0.023221797790682244,0.17108843399064627,0.0,-0.2336625924329759,0.0,0.10346816963391652,0.0,0.0
0.0,-0.0,-0.15588534716487196,-0.0,-0.0,-0.13535045599619538,0.0,-0.0,-0.0,-0.15902129805275184,0.0,0.0,-0.0,-0.0,-0.00360504235132514,0.0,0.0,-0.0,-0.0,-0.0,-0.0,0.0,-0.0,0.09964400215035599,-0.0,0.0,0.0,-0.0031628979314012,-0.0,-0.0,-0.0,0.0,-0.0,-0.0,0.3062139147118771,0.0,-0.0,-0.6122787525103687,3.29639818001548,-0.0,0.09142780540528528,-0.0,0.04400528618642005,-0.0,0.0,0.0,0.0,-0.0,-0.0,-0.0,-0.0,-0.0,-0.0,0.0,-0.0,-0.0,-0.004518746089296797,-0.03360419841860531,-0.4482182097978735,-0.0,-0.5216812710614042,-0.41711632834641194,-0.0,-0.0,-0.0,-0.1111834609441136,-0.0,-0.0,0.0,0.0,-0.0,0.0,0.0,-0.9858183467859347,-0.0,-0.0,-0.0,-0.0,-0.0,-0.0,-0.0,0.0,-0.0,0.0,0.0,0.0,-0.0,-0.06151537786406921,-0.0,-0.22961545425932356,-0.0,-0.0,-0.0,-0.12843779605111963,0.0,-0.0,-0.0,0.0,-0.0,0.0
-0.0,0.0,-0.06198478458230747,-0.0,-0.0,-0.0,-0.05383015464379523,0.06087545445592821,0.0,-0.18221872536070768,-0.0,-0.0,0.0,-0.0,-0.0,-0.2180352243130829,-0.0,0.0,0.0,-0.1688460817158252,-0.0,-0.0,-0.0,-0.0,-0.0,-0.1978794719016688,-0.0,-0.051131083703736,-0.0,-0.008591454368464237,-0.15971593169308543,0.09627064215809869,-0.0,-0.0,-0.0,0.0,-0.0,0.07394496599531393,-0.0,2.4916395971781924,-0.0,-0.1657112690903735,-0.013536535166607206,0.0,0.0,-0.0,0.0,-0.0,0.23557350073491945,-0.0,-0.0,-0.0,0.0,0.1457229798660564,-0.0,0.0,0.0,0.0,0.0,0.0,-0.0,-0.0,0.0,0.0,-0.0,0.0,-0.4279962772571952,0.0,0.0,-0.0,-0.0565397930057984,-0.2545581841040026,0.0,0.0,0.0,-0.0,-0.0,-0.0,0.1502560601757292,0.0,-0.0,-0.6442899807240244,-0.0,-0.0,-0.2918978825516017,0.0,-0.0,-0.05566179083876344,0.0,-0.18185948873271263,-0.0,0.0,0.0,-0.19223943214780145,-0.0,0.1167747173590714,-0.0,-0.0,0.0,-0.0
-0.0,0.0,0.0,-0.0,0.0,0.0,-0.4711353803375255,-0.0,-0.0,0.0,0.0,-0.0,-0.10133374379548526,-0.0,0.0,-0.1660280888966242,-0.0,-0.0,-0.0,0.0,-0.0,-0.1745534966463117,0.0,-0.055338679695922766,0.0,-0.0,-0.0,0.0,-0.0,0.0,0.0,-0.0,-0.0,-0.1549060767335336,-0.8315929169120334,-0.06629144029157108,-0.0,-0.0,0.09142780540528528,-0.0,3.317737930617901,-0.0,-0.0,0.0,-0.41841271034212446,-0.0,-0.5782751175624903,-0.11819059946263052,-0.0,-0.0,0.0,0.0,-0.0,-0.054636533075790354,0.0,0.0,-0.0,-0.0,0.0,-0.0,0.0,0.0,0.0,0.0,-0.0,0.0,0.0,-0.0,-0.0,-0.770251379075281,0.0,-0.0,-0.0,0.10547929409359796,0.0,-0.0,-0.0,0.0,-0.0,0.0,-0.0,-0.0,-0.0,-0.2006980183870344,0.0,-0.0,0.0686237560466004,0.18004745097573596,-0.0,0.0,-0.0,-0.0,0.0,0.0,-0.0,0.0,0.0,0.0,0.0,0.0
0.0,-0.0,-0.02520909278123344,-0.1660482867882868,-0.0,-0.0,0.0,-0.0,0.0,-0.0,-0.0,-0.0,-0.0,0.0,-0.0,-0.0,0.0,-0.0,0.0,-0.0,-0.0,-0.0,-0.0,0.0,-0.0,-0.3320774890786137,-0.0,-0.0293632576446914,0.028808775271628242,0.0,-0.05016774273318703,0.0,-0.0,-0.0,-0.0,0.0,0.0,-0.0,-0.0,-0.1657112690903735,-0.0,2.0390397263123576,-0.1619419742362125,-0.0,-0.0,-0.0,0.0,-0.0,0.0,0.0,0.0589887463517472,-0.0,-0.0,-0.0,-0.004197369634692414,0.0,-0.0,-0.13874739562509902,0.0,-0.0,-0.0,-0.0,-0.0,0.09031888542731016,0.0,0.0,-0.0,0.4468714347167788,0.1058942774884796,-0.0,0.007554087268782931,-0.1926317018812978,-0.0,-0.03470748639877482,0.0,-0.4317097857464672,-0.0,-0.0,0.0,-0.0,-0.0,-0.0,-0.0,-0.0,-0.09714024813547589,-0.0,0.0,0.0,-0.0,-0.39321868975898944,-0.0,0.0,-0.0,-0.0,-0.0,0.0,-0.0,-0.0,0.07756115953910017,0.023039617288006072
0.0,0.0,-0.0,-0.0713539042349774,-0.0,-0.0,-0.07342914565895801,-0.0,0.0,0.011027156875048825,-0.30153082749833227,-0.09064823136538783,-0.0,0.0,0.0,-0.0,-0.0,0.0,-0.0,0.014255255080964715,0.022222225162230224,-0.37341619829376466,-0.0,0.0,0.0,-0.3406938716443544,-0.0,0.0,-0.0,0.21094556741183548,-0.1994567031591006,0.0,-0.21083763344107728,0.128519165423754,-0.1561263467398246,0.21319796082498343,0.0,0.0,0.04400528618642005,-0.013536535166607206,-0.0,-0.1619419742362125,2.5658562328550216,0.0,-0.0,-0.357193935169528,-0.013848553887112003,-0.0,-0.0,-0.0,0.0,0.0,0.27726443208810914,-0.0,0.0,0.01292366952188836,0.051830995089610234,-0.0,0.04336630084847063,0.0,0.0,-0.0,-0.0,0.0,0.0,0.0,0.0,0.0,0.0,0.0,0.0,-0.3480231394506363,0.0,-0.0,0.2692523670233325,-0.0,-0.02907938574642565,0.0,0.0,0.0109069618906791,0.0,-0.0,0.0,-0.32173636054964144,0.0,-0.0,0.0,0.0,-0.0,0.0,-0.0,0.0,0.0,-0.0,-0.41274305759007446,0.0,-0.0,0.0,0.0,0.0
0.0,0.0,-0.0,0.0,0.0,0.0,-0.0,-0.0,-0.0,0.0,0.12239919392695552,0.0,0.0,0.0,-0.0,0.0,0.0,0.013419700033276695,-0.0,0.0,-0.0,0.004135230305334193,0.0552536906775699,0.0,0.0,0.0965789585630366,-0.0502773651169938,-0.1536994850769306,0.016597997190827468,0.0,-0.059588476597185594,-0.015711542981804622,-0.0,0.0,-0.0,-0.0,-0.02853305531265007,-0.0,-0.0,0.0,0.0,-0.0,0.0,3.081797121983603,-0.02345223558834804,-0.0,0.0,-0.10401126612836235,-0.0,-0.11920619195436392,-0.0,0.0,-0.0,0.0,-0.0,-0.09548526617298697,-0.0,-0.0,-0.0,0.0,0.0,0.07059843303651865,0.0,-0.0,-0.0,-0.04549429750576046,-0.25664311618613966,0.0,-0.0,0.0,-0.0,0.1287280953511325,0.045426572739689475,-0.0,-0.0,-0.0,0.0,0.0,-0.0,-0.0,0.0,0.0,-0.12271467570937147,0.0,-0.0,0.0,-0.0,-0.05928879954913441,0.0,-0.0,-0.1009654653495686,-0.0,-0.23253323199601716,-0.0,-0.006572742006808567,-1.8074969238241203,-0.0,-0.0,-0.0,-0.0
0.0,0.0,0.0,-0.0,0.0,0.0,-0.0,-0.0,-0.0,0.08004310206832989,0.06434355075493864,0.18993707956005543,0.0,0.0377123697864956,-0.0,-0.0,0.0,0.0,-0.0,0.0,-0.0,0.0,0.0,0.0,0.0,0.0,-1.088763490048078,-0.0,0.0,0.0,0.0,-0.0,-0.0,-0.0,-0.8578130475273075,-0.08306365234205089,-0.0,0.0,0.0,0.0,-0.41841271034212446,-0.0,-0.0,-0.02345223558834804,3.813353530714681,-0.04300115805226572,-0.0,-0.030794630910255506,-0.0,-0.13679239186197287,0.0,0.0,-0.0,-0.04206085616915522,0.0,0.0,-0.0,-0.0,0.0,0.0,0.0,0.1072255395122235,0.0,0.0,0.0,0.0,-0.0,0.0,-0.0,-0.132518403974899,-0.0,-0.0,-0.0,0.0,-0.0,-0.0,0.0,0.02230525154072787,-0.0,0.0,0.0,-0.0,-0.5759467446573098,-0.11896396270293565,-0.0,-0.32325134789529386,0.0,0.0,-0.0,-0.0,-0.15207327245682556,0.0943542582585836,-0.0,0.0,-0.0,-0.0,-0.0647154268519916,-0.0,0.0,-0.0
