0,1,2,3,4,5,6,7,8,9,10,11,12,13,14,15,16,17,18,19,20,21,22,23,24,25,26,27,28,29,30,31,32,33,34,35,36,37,38,39,40,41,42,43,44,45,46,47,48,49,50,51,52,53,54,55,56,57,58,59,60,61,62,63,64,65,66,67,68,69,70,71,72,73,74,75,76,77,78,79,80,81,82,83,84,85,86,87,88,89,90,91,92,93,94,95,96,97,98,99
1.8400773375,-0.0570880766,-0.0964296720,-0.0986327622,-0.0000000000,-0.0000000000,-0.0000000000,-0.0000000000,-0.0000000000,-0.0000000000,-0.0000000000,0.0000000000,0.0000000000,0.1962258177,0.0000000000,-0.3366334398,0.1127174595,-0.0000000000,0.0000000000,-0.0000000000,0.2191063588,0.0147345441,0.0000000000,0.0000000000,-0.3308346346,0.0000000000,0.0000000000,-0.0000000000,-0.0000000000,0.1042458306,-0.0000000000,-0.1654926833,-0.0000000000,0.0000000000,0.0268892459,-0.0293602947,-0.0000000000,-0.0000000000,0.0000000000,0.1675473323,0.0000000000,-0.0206431657,0.0917998894,-0.0000000000,-0.0000000000,-0.0000000000,0.0000000000,-0.0000000000,-0.0883701334,0.0000000000,-0.2842065322,-0.0000000000,-0.0000000000,-0.0000000000,0.0000000000,-0.0000000000,-0.0000000000,-0.0000000000,-0.0000000000,0.0000000000,0.1316029499,0.2889740592,-0.0000000000,-0.0000000000,0.0000000000,0.0000000000,-0.0435390426,-0.0000000000,-0.0000000000,-0.0767949835,0.0000000000,0.0000000000,-0.0000000000,0.0000000000,0.0769472493,-0.0000000000,-0.0000000000,0.0711790733,-0.0000000000,-0.0000000000,-0.0000000000,-0.0000000000,-0.0000000000,-0.0000000000,-0.0190307432,-0.0000000000,0.0000000000,-0.0000000000,-0.0000000000,0.0000000000,-0.0194442814,-0.3413974772,0.0000000000,-0.0000000000,-0.0000000000,-0.0054428138,0.0000000000,-0.0000000000,-0.0500131692,0.0000000000
-0.0570880766,2.7755437679,-0.0000000000,-0.2862787561,-0.0000000000,-0.2741916273,0.0000000000,-0.0569558469,-0.0000000000,-0.0000000000,0.0000000000,0.0000000000,-0.0000000000,0.0000000000,-0.0371725721,-0.3494862818,0.0000000000,-0.0422280031,0.0000000000,0.0000000000,-0.0000000000,0.0000000000,-0.0000000000,0.0622602163,0.0000000000,0.0000000000,0.0000000000,0.0000000000,-0.0000000000,0.0000000000,0.0000000000,0.0000000000,-0.1139200667,-0.0000000000,0.0000000000,-0.2375678970,0.0000000000,-0.0000000000,0.0000000000,0.0000000000,-0.0000000000,0.0000000000,0.0000000000,-0.0000000000,-0.0000000000,-0.0000000000,-0.0000000000,-0.0000000000,-0.0000000000,0.0000000000,-0.0000000000,-1.2628121495,-0.2882200638,-0.1238000737,-0.0000000000,0.0000000000,-0.0000000000,-0.0000000000,-0.0000000000,0.0000000000,0.0000000000,0.0000000000,-0.0000000000,-0.0000000000,-0.0000000000,-0.0000000000,-0.0000000000,0.0000000000,0.0000000000,-0.0000000000,-0.0000000000,0.0000000000,0.0000000000,-0.0000000000,0.0000000000,0.0000000000,0.0000000000,0.0000000000,-0.0000000000,0.0000000000,0.0000000000,-0.0000000000,-0.0000000000,-0.0000000000,-0.0000000000,-0.0734537537,0.0000000000,0.0000000000,-0.0000000000,0.0583184215,-0.0000000000,-0.0000000000,-0.0000000000,0.0000000000,-0.0000000000,0.0000000000,-0.0000000000,-0.0000000000,-0.0000000000,0.0000000000
-0.0964296720,-0.0000000000,1.2899835808,-0.0000000000,-0.0411623279,0.0000000000,0.0000000000,-0.0850489057,-0.1276298862,-0.0000000000,-0.0000000000,-0.0057402922,-0.0000000000,0.0000000000,0.0000000000,0.0000000000,0.0000000000,-0.0000000000,0.0000000000,0.0000000000,0.0000000000,0.0000000000,0.0000000000,-0.0000000000,0.0000000000,-0.0397222632,0.0000000000,-0.0000000000,0.0000000000,-0.0000000000,0.0000000000,-0.0000000000,0.0513484552,0.0054355661,-0.0000000000,-0.0684873159,0.0000000000,0.0000000000,0.0558519701,0.0202621124,0.0000000000,0.0000000000,0.0000000000,0.0000000000,-0.0000000000,-0.0000000000,0.0000000000,0.0000000000,-0.0000000000,0.0449512643,-0.0000000000,-0.2400427692,-0.0000000000,0.0000000000,-0.0000000000,0.0000000000,-0.0000000000,-0.2450459546,0.2720080700,-0.0000000000,0.0000000000,0.0000000000,-0.0000000000,-0.0400502443,-0.0373091590,0.0000000000,0.0000000000,0.0000000000,0.0879982659,-0.1208729754,0.0000000000,0.0000000000,-0.0000000000,0.0000000000,0.0000000000,0.0000000000,0.0000000000,0.0000000000,0.0485584544,-0.0000000000,0.0000000000,-0.0000000000,0.0000000000,0.0000000000,-0.0000000000,0.0000000000,0.0000000000,0.0000000000,0.0000000000,-0.0631158607,-0.0000000000,0.0000000000,0.0000000000,-0.0000000000,0.0000000000,-0.0000000000,0.0000000000,0.0000000000,-0.0000000000,0.0000000000
-0.0986327622,-0.2862787561,-0.0000000000,2.8395496909,-1.1160493542,0.0000000000,-0.1523250601,-0.3664885814,-0.2076510097,-0.0992804581,0.0000000000,0.0000000000,0.0000000000,0.0000000000,-0.0000000000,-0.0992918007,0.0000000000,-0.0000000000,0.0000000000,0.0000000000,-0.0000000000,0.0000000000,0.0000000000,-0.0000000000,-0.0000000000,0.0000000000,0.0000000000,0.0000000000,0.0000000000,0.0000000000,0.0000000000,-0.0000000000,-0.0000000000,0.0000000000,0.0000000000,0.0000000000,0.0000000000,-0.0000000000,0.0000000000,-0.0000000000,0.0000000000,-0.0000000000,0.0000000000,0.0000000000,-0.0000000000,-0.0000000000,0.0000000000,0.0000000000,0.0000000000,0.0000000000,0.0000000000,-0.0000000000,-0.1545846644,-0.2418567497,-0.0000000000,-0.0000000000,-0.3585330043,-0.0000000000,-0.0000000000,0.0000000000,0.0000000000,0.0000000000,0.0000000000,-0.0000000000,-0.0000000000,0.0000000000,-0.0000000000,0.0000000000,0.0000000000,-0.0000000000,-0.0000000000,0.0039259172,0.0000000000,0.0000000000,0.0000000000,0.0000000000,0.0617586236,0.1559540084,0.0684910358,-0.0000000000,0.0000000000,0.0000000000,-0.0244697821,-0.0000000000,-0.0000000000,0.0000000000,0.0777090516,0.0000000000,0.0231472501,0.0000000000,-0.0000000000,0.0000000000,0.0000000000,-0.0000000000,-0.0000000000,0.0000000000,-0.0000000000,0.1242435031,0.3038954722,0.0000000000
-0.0000000000,-0.0000000000,-0.0411623279,-1.1160493542,3.0591200056,-0.0000000000,-0.0000000000,0.0000000000,-0.3122846544,-0.0710176305,-0.0000000000,-0.0000000000,-0.0000000000,-0.0000000000,-0.0000000000,-0.0000000000,0.0000000000,-0.0000000000,0.0000000000,-0.0000000000,-0.0476610922,-0.0000000000,0.0000000000,-0.2329442812,-0.0000000000,-0.0000000000,0.0000000000,-0.0000000000,-0.0000000000,-0.0000000000,0.0000000000,-0.0000000000,-0.0000000000,-0.0000000000,-0.1835222460,0.0000000000,-0.0000000000,0.0000000000,0.0000000000,-0.0000000000,-0.0000000000,0.0000000000,-0.0000000000,-0.0000000000,-0.1175282374,-0.0895761273,-0.0000000000,0.0000000000,-0.0000000000,0.0000000000,-0.0000000000,-0.0000000000,-0.3571825499,-0.5913983220,-0.0000000000,-0.0000000000,-0.0995166502,-0.0511692934,-0.0000000000,-0.0000000000,0.0000000000,-0.0000000000,0.0000000000,-0.0000000000,-0.0000000000,0.0000000000,-0.0000000000,0.0000000000,0.0000000000,-0.0000000000,-0.0622673881,0.0000000000,0.0960720222,-0.0000000000,0.0000000000,0.0000000000,0.0000000000,0.0000000000,0.1191834487,-0.0284316079,0.0000000000,-0.0000000000,-0.0000000000,-0.0000000000,-0.0000000000,-0.0000000000,0.0000000000,0.0652242701,0.0000000000,-0.0000000000,-0.2965675444,0.0000000000,0.0000000000,-0.0000000000,-0.0000000000,0.0000000000,-0.0000000000,0.0000000000,0.0000000000,0.0000000000
-0.0000000000,-0.2741916273,0.0000000000,0.0000000000,-0.0000000000,2.0341489875,0.0000000000,0.0000000000,-0.0624796420,-0.0000000000,0.0000000000,0.0000000000,-0.0000000000,0.0000000000,-0.0000000000,-0.0000000000,0.1698787306,-0.0718783685,0.0255317236,-0.0000000000,-0.0000000000,0.0000000000,-0.0000000000,0.0000000000,-0.0000000000,-0.0000000000,0.0000000000,0.0000000000,-0.1953020154,-0.0000000000,-0.0000000000,0.0408312523,0.0000000000,-0.0000000000,-0.0000000000,-0.0000000000,0.0000000000,-0.1263842295,-0.0000000000,0.0000000000,0.0000000000,0.0000000000,0.0000000000,-0.0000000000,0.0924823623,-0.0000000000,-0.0000000000,0.0000000000,-0.0000000000,0.0000000000,-0.0000000000,-0.1002894080,0.0000000000,-0.0000000000,-0.7790162032,-0.0000000000,-0.2566004823,-0.0519973373,-0.0000000000,-0.0000000000,-0.0000000000,0.0000000000,-0.0000000000,0.0000000000,-0.0000000000,-0.0000000000,-0.0000000000,0.0000000000,0.0000000000,-0.0000000000,-0.1367392240,0.0000000000,-0.0552558918,-0.0000000000,0.0000000000,-0.0489902730,-0.0000000000,-0.0000000000,-0.0597378957,0.0000000000,0.0000000000,-0.0000000000,-0.0756275068,-0.0000000000,0.0000000000,-0.0000000000,0.0000000000,0.1120902168,0.0000000000,0.1439766242,0.0000000000,0.0000000000,-0.0000000000,0.0000000000,0.0000000000,-0.0000000000,-0.0000000000,-0.0000000000,-0.0000000000,0.0000000000
-0.0000000000,0.0000000000,0.0000000000,-0.1523250601,-0.0000000000,0.0000000000,2.3418694241,-0.6549624416,-0.0000000000,-0.0000000000,0.0000000000,-0.0000000000,0.0000000000,0.0000000000,0.0000000000,-0.2851728447,-0.0000000000,-0.1361956872,-0.0000000000,-0.0939454779,-0.0000000000,-0.0000000000,-0.0192476038,-0.0551821315,-0.0000000000,-0.0000000000,-0.0185260015,0.0358406953,0.0000000000,0.0000000000,0.0439050948,0.0000000000,-0.0000000000,-0.0000000000,-0.0000000000,0.0000000000,0.3545677341,0.0000000000,0.0000000000,-0.0692550539,0.0000000000,-0.0000000000,0.0000000000,0.0000000000,0.0000000000,0.0988010753,0.0000000000,0.0067925476,0.0000000000,0.0000000000,-0.0000000000,0.1734132187,-0.0051768403,-0.0000000000,-0.0000000000,-0.0468558298,-0.0000000000,0.0000000000,-0.1936311784,0.0000000000,-0.0000000000,0.0019402683,0.0000000000,0.0000000000,0.0000000000,0.0000000000,-0.5031509832,0.0000000000,-0.0168665900,-0.1432749382,-0.0000000000,-0.0000000000,-0.0395697870,-0.0000000000,-0.4979335009,-0.0000000000,-0.0000000000,-0.0000000000,0.0968197274,0.0000000000,-0.0000000000,0.0000000000,-0.0000000000,-0.0439131408,-0.0000000000,0.0000000000,0.0000000000,0.0000000000,-0.0000000000,0.0000000000,0.0175938004,0.0000000000,-0.0000000000,0.0000000000,-0.0000000000,0.0000000000,0.0000000000,0.0000000000,0.0000000000,0.0000000000
-0.0000000000,-0.0569558469,-0.0850489057,-0.3664885814,0.0000000000,0.0000000000,-0.6549624416,2.5558623430,-0.2139859384,0.0000000000,0.4303480634,0.0000000000,0.0000000000,0.0000000000,-0.0000000000,-0.0000000000,0.0000000000,-0.0000000000,0.0000000000,0.0000000000,0.0000000000,0.0000000000,-0.0000000000,0.0000000000,-0.0000000000,-0.0000000000,-0.0000000000,0.0000000000,0.0045881307,0.0000000000,0.0000000000,0.0000000000,-0.0000000000,0.0000000000,0.0000000000,0.0000000000,0.0000000000,0.0000000000,0.0000000000,0.0000000000,0.0000000000,-0.1152104870,0.0000000000,-0.0000000000,0.0000000000,0.0000000000,0.0116052103,0.0594643405,0.0000000000,0.0000000000,0.0000000000,-0.0000000000,-0.0000000000,-0.0000000000,-0.0000000000,-0.0216488179,-0.7138625357,-0.1314375852,-0.0000000000,0.0000000000,0.0000000000,0.0300915869,0.0000000000,0.0000000000,0.0000000000,0.0000000000,-0.0000000000,0.0000000000,0.0000000000,-0.0268447674,0.0000000000,0.0000000000,0.0000000000,0.0000000000,0.0000000000,-0.0000000000,0.0000000000,0.0000000000,0.0441555197,-0.0000000000,-0.0000000000,0.0000000000,-0.0000000000,-0.0000000000,-0.2294753977,-0.0000000000,0.0000000000,-0.0000000000,0.0000000000,0.0000000000,0.0000000000,0.0000000000,-0.1461592790,0.0000000000,-0.0000000000,0.0000000000,-0.0000000000,0.0000000000,0.0274719941,0.0000000000
-0.0000000000,-0.0000000000,-0.1276298862,-0.2076510097,-0.3122846544,-0.0624796420,-0.0000000000,-0.2139859384,3.1406810273,-0.0000000000,0.0000000000,-0.0000000000,0.0000000000,0.0000000000,0.0000000000,-0.0000000000,0.0000000000,-0.0487061326,0.0000000000,-0.0000000000,0.0000000000,-0.0000000000,0.0000000000,-0.0000000000,-0.0902465373,-0.1291657880,0.0000000000,-0.0000000000,-0.1968306753,-0.0000000000,-0.0000000000,-0.0000000000,0.0000000000,0.0000000000,-0.0000000000,-0.0000000000,-0.0000000000,-0.0000000000,0.0000000000,-0.0000000000,0.0000000000,0.0000000000,0.0000000000,-0.0000000000,0.0000000000,-0.0000000000,0.0000000000,0.0000000000,-0.0000000000,0.0000000000,-0.0000000000,-0.0000000000,-0.0000000000,-0.0323060259,-0.0000000000,-0.1387418195,-0.5417756238,-1.0859966918,-0.0000000000,0.0000000000,0.0000000000,0.0000000000,-0.1543122150,0.0000000000,-0.0019472165,0.0849452406,-0.0000000000,0.0000000000,0.0000000000,-0.0758422970,-0.0466378087,0.0000000000,0.0000000000,-0.0000000000,0.0000000000,-0.0000000000,0.0000000000,0.0000000000,0.0000000000,-0.0000000000,0.0000000000,-0.0000000000,-0.1110468891,-0.0000000000,-0.0000000000,-0.0000000000,0.0000000000,0.0000000000,0.0000000000,-0.0527373905,-0.0000000000,0.0000000000,-0.0000000000,-0.0000000000,-0.0000000000,-0.0000000000,-0.0000000000,0.0000000000,0.0000000000,-0.0000000000
-0.0000000000,-0.0000000000,-0.0000000000,-0.0992804581,-0.0710176305,-0.0000000000,-0.0000000000,0.0000000000,-0.0000000000,2.7355269571,-0.2322084308,-0.4098959571,-0.1472931971,-0.0000000000,-0.0000000000,-0.0000000000,-0.0000000000,0.0000000000,-0.0000000000,-0.0000000000,-0.0000000000,-0.0000000000,0.0000000000,-0.2888027427,-0.0000000000,-0.0000000000,0.1073953529,-0.0000000000,-0.0000000000,-0.0000000000,0.0000000000,-0.1988281927,0.0000000000,0.0000000000,0.0000000000,0.0000000000,0.0000000000,-0.1083281379,0.0000000000,-0.1223022978,0.0000000000,0.0000000000,0.0540945336,0.0000000000,0.0000000000,0.0000000000,0.0000000000,0.0000000000,-0.0000000000,0.0000000000,0.0042466607,-0.0000000000,-0.0000000000,-0.0000000000,-0.0007166936,0.0000000000,-0.0000000000,-0.0000000000,-0.3032470015,-0.5191608050,-0.1675715812,-0.0000000000,-0.0000000000,0.0000000000,0.0000000000,0.0000000000,0.0000000000,0.0000000000,-0.0000000000,0.0000000000,-0.0000000000,-0.3357342689,0.0000000000,-0.3033386553,-0.0000000000,-0.0055077440,-0.0000000000,-0.0000000000,0.0000000000,0.0000000000,-0.0194562474,0.0000000000,-0.1068629764,-0.0000000000,-0.0000000000,-0.0000000000,-0.0000000000,0.0000000000,0.0000000000,-0.0000000000,0.0000000000,-0.0000000000,-0.0000000000,-0.0000000000,0.0000000000,0.0000000000,0.0000000000,0.0000000000,0.0000000000,0.0000000000
-0.0000000000,0.0000000000,-0.0000000000,0.0000000000,-0.0000000000,0.0000000000,0.0000000000,0.4303480634,0.0000000000,-0.2322084308,1.8158607906,-0.2652644223,-0.0000000000,-0.0000000000,-0.0513976246,-0.0055130136,0.0000000000,0.0000000000,0.0000000000,-0.0000000000,0.0000000000,0.0000000000,0.0000000000,-0.0000000000,0.1597721370,-0.0000000000,0.0000000000,-0.0097431998,-0.1935708140,-0.0000000000,0.0000000000,-0.1248637594,0.3078217152,0.0000000000,-0.0000000000,0.0000000000,-0.0000000000,0.0185732421,0.0000000000,-0.0000000000,-0.0000000000,0.0000000000,0.0000000000,-0.0000000000,-0.0000000000,-0.0000000000,0.0000000000,-0.0000000000,-0.0276689459,0.0000000000,-0.0000000000,0.0000000000,-0.1442322150,0.0000000000,0.0000000000,0.0000000000,-0.0000000000,-0.1949096088,0.0000000000,-0.4806868723,0.0000000000,-0.0000000000,0.0000000000,0.0000000000,0.0000000000,0.0000000000,-0.0000000000,0.0000000000,0.2511561767,0.0887422780,0.0000000000,-0.0000000000,0.0000000000,-0.0929324174,0.0000000000,0.0029467190,-0.0000000000,-0.0049255526,0.0000000000,-0.0000000000,0.0000000000,0.0000000000,0.0000000000,0.0000000000,0.0000000000,0.0000000000,0.0000000000,0.0000000000,0.1077195581,-0.1886277258,-0.0000000000,-0.0105670490,0.3732977518,-0.0000000000,0.0000000000,-0.0000000000,0.0000000000,0.0000000000,-0.1049563196,0.0081721260
0.0000000000,0.0000000000,-0.0057402922,0.0000000000,-0.0000000000,0.0000000000,-0.0000000000,0.0000000000,-0.0000000000,-0.4098959571,-0.2652644223,3.2501239393,-0.0442614186,-0.0000000000,0.0000000000,-0.0000000000,-0.2520079871,-0.0000000000,-0.0000000000,-0.0000000000,-0.0000000000,-0.0000000000,-0.0000000000,-0.8707308823,-0.0000000000,-0.2442833116,-0.0000000000,-0.0898121903,-0.0000000000,-0.0000000000,0.0000000000,-0.0000000000,0.0000000000,0.0000000000,-0.0079091095,-0.0000000000,0.0000000000,0.1250863831,0.0569138424,0.0000000000,-0.0000000000,0.0000000000,0.0000000000,-0.0000000000,0.0000000000,-0.0000000000,0.0000000000,-0.0000000000,-0.0000000000,-0.0000000000,0.0000000000,-0.0000000000,-0.0432320489,0.0000000000,-0.0160240071,-0.0000000000,-0.0000000000,-0.0000000000,-0.0000000000,-0.4393180453,-0.2070266700,-0.2197382256,-0.0000000000,-0.0000000000,0.0000000000,0.0000000000,0.0000000000,0.0000000000,0.0791093726,0.0000000000,-0.0000000000,-0.0000000000,0.0000000000,-0.0000000000,-0.1174067946,0.0000000000,-0.0223087257,-0.4653517419,0.0000000000,-0.0393883829,-0.0000000000,0.0000000000,-0.0000000000,-0.0000000000,-0.0772050598,0.0000000000,-0.0000000000,0.0000000000,0.0000000000,-0.1391532672,-0.0000000000,-0.0000000000,0.0000000000,0.0000000000,0.0000000000,-0.0000000000,0.0000000000,0.0000000000,-0.0000000000,0.0000000000
0.0000000000,-0.0000000000,-0.0000000000,0.0000000000,-0.0000000000,-0.0000000000,0.0000000000,0.0000000000,0.0000000000,-0.1472931971,-0.0000000000,-0.0442614186,3.8420568773,0.0000000000,-0.0000000000,0.0000000000,-0.1772061623,0.0000000000,0.0000000000,0.0252486539,-0.0000000000,-0.0000000000,-0.0000000000,-0.0000000000,0.0000000000,-0.0000000000,-0.0000000000,-0.0000000000,-0.0000000000,-0.0000000000,-0.0000000000,0.0435733824,0.0000000000,0.0000000000,-0.1133308701,-0.0000000000,-0.1671017568,-0.0000000000,0.0000000000,-0.0028988452,0.0000000000,0.0000000000,0.0000000000,-0.0000000000,-0.1599981994,-0.0000000000,-0.0000000000,0.0585027367,0.0133849509,-0.0000000000,0.0000000000,-0.0347264665,0.0000000000,0.0000000000,-0.0000000000,-0.0000000000,0.0000000000,0.0000000000,0.0000000000,-0.0000000000,-0.2973633303,-2.5315592609,-0.3972817703,0.0000000000,0.0064216664,-0.0000000000,0.0542284499,0.0000000000,0.0000000000,0.0506394871,0.0000000000,-0.0000000000,0.0000000000,0.0000000000,0.0000000000,0.0000000000,-0.1352688414,-0.0000000000,-0.0000000000,-0.0000000000,-0.0000000000,0.0000000000,-0.0869688762,0.0000000000,-0.0653288526,-0.0000000000,-0.0000000000,0.0000000000,-0.0000000000,0.0000000000,-0.0000000000,0.0000000000,0.0000000000,-0.0025393107,0.3373825742,0.0000000000,-0.0000000000,0.0000000000,0.0000000000,0.0000000000
0.1962258177,0.0000000000,0.0000000000,0.0000000000,-0.0000000000,0.0000000000,0.0000000000,0.0000000000,0.0000000000,-0.0000000000,-0.0000000000,-0.0000000000,0.0000000000,1.7253263160,-0.3236521574,-0.0000000000,-0.0000000000,0.0187795145,-0.6808456986,0.1636607728,-0.0000000000,-0.0000000000,-0.1184669920,0.0000000000,0.0000000000,-0.0000000000,0.1455046316,-0.0000000000,-0.0000000000,-0.0000000000,0.1048028265,-0.0000000000,0.0000000000,0.0000000000,0.0920470214,0.0000000000,-0.0000000000,-0.0000000000,-0.0000000000,-0.0000000000,-0.0000000000,-0.0000000000,-0.0000000000,0.0000000000,0.0404415059,0.0000000000,-0.0000000000,-0.0000000000,-0.0000000000,-0.1875627810,0.0000000000,0.0000000000,0.0051002108,0.0000000000,-0.0510708597,0.0000000000,-0.0000000000,-0.0000000000,-0.0000000000,-0.0185980212,-0.0000000000,0.0000000000,-0.0000000000,-0.1940798220,-0.0000000000,-0.0000000000,0.0000000000,-0.0000000000,0.0000000000,0.1180698323,0.0000000000,-0.1850492592,-0.0000000000,-0.0000000000,-0.0000000000,-0.0000000000,0.0000000000,-0.0000000000,0.0000000000,0.0000000000,-0.0000000000,0.0000000000,0.0000000000,0.0000000000,0.0000000000,-0.0000000000,-0.0000000000,-0.0000000000,0.0431384414,0.0000000000,0.0000000000,0.0000000000,-0.0000000000,0.0000000000,0.0000000000,0.0000000000,0.0000000000,0.0000000000,0.0628864771,-0.0000000000
0.0000000000,-0.0371725721,0.0000000000,-0.0000000000,-0.0000000000,-0.0000000000,0.0000000000,-0.0000000000,0.0000000000,-0.0000000000,-0.0513976246,0.0000000000,-0.0000000000,-0.3236521574,2.8333756002,-0.0000000000,-0.0000000000,-0.0000000000,-0.0000000000,-0.0000000000,-0.2189943965,-0.0000000000,-0.3911704240,0.0000000000,0.1396429558,0.0000000000,0.0000000000,-0.0000000000,-0.0000000000,-0.0000000000,0.0000000000,0.0000000000,-0.0000000000,-0.0000000000,0.0000000000,0.0000000000,-0.0000000000,-0.0000000000,-0.1005651058,-0.0000000000,-0.0624069314,-0.0358379093,-0.0000000000,0.0000000000,-0.0000000000,-0.0000000000,-0.0671579620,-0.0000000000,-0.0000000000,-0.0078098692,-0.0000000000,-0.0000000000,-0.0000000000,-0.0000000000,-0.0000000000,-0.0000000000,-0.0000000000,-0.1098999810,-0.0000000000,-0.0000000000,-0.0000000000,0.0000000000,0.0000000000,0.0000000000,-0.0000000000,-1.4630102529,-0.0000000000,0.0000000000,0.0000000000,0.0000000000,-0.0605042018,-0.0000000000,0.0000000000,-0.1864328912,0.0000000000,-0.0000000000,-0.0000000000,-0.0000000000,0.0000000000,0.0000000000,0.0000000000,0.0000000000,0.0000000000,0.0000000000,0.0000000000,-0.0000000000,-0.0000000000,-0.0000000000,-0.0000000000,0.0000000000,0.0000000000,-0.0000000000,-0.0000000000,0.0000000000,0.0000000000,0.0000000000,-0.0000000000,0.0000000000,-0.0000000000,-0.0000000000
-0.3366334398,-0.3494862818,0.0000000000,-0.0992918007,-0.0000000000,-0.0000000000,-0.2851728447,-0.0000000000,-0.0000000000,-0.0000000000,-0.0055130136,-0.0000000000,0.0000000000,-0.0000000000,-0.0000000000,2.4624752544,-0.1398461277,-0.0069372555,-0.0000000000,-0.0000000000,0.0000000000,-0.0000000000,-0.0000000000,-0.0000000000,0.0000000000,0.0000000000,-0.0000000000,-0.0000000000,-0.0000000000,0.0157371035,-0.0000000000,-0.0536302447,-0.2434164135,-0.5444628074,0.0000000000,-0.0000000000,0.0000000000,0.0000000000,0.0000000000,-0.0000000000,-0.1445316133,-0.0000000000,-0.0000000000,0.0000000000,-0.0000000000,-0.0000000000,-0.0000000000,-0.0000000000,-0.0000000000,0.0000000000,-0.2922672105,0.0000000000,-0.5640445049,-0.0000000000,-0.0000000000,-0.0000000000,-0.0000000000,-0.0787927961,-0.0000000000,0.0000000000,0.4417285384,0.0483846668,0.0000000000,-0.0000000000,0.0000000000,0.0000000000,-0.0000000000,-0.1729601358,-0.0000000000,-0.0000000000,0.0000000000,-0.0000000000,-0.0000000000,-0.0000000000,-0.0000000000,0.0000000000,-0.0000000000,0.0000000000,-0.0000000000,-0.0000000000,-0.0000000000,-0.0000000000,-0.0000000000,-0.0000000000,-0.0000000000,-0.0000000000,0.1182052096,-0.0000000000,0.0000000000,-0.0000000000,-0.0000000000,-0.0000000000,0.0000000000,0.0000000000,-0.0018585320,0.0000000000,-0.0000000000,-0.0000000000,-0.0000000000,0.0000000000
0.1127174595,0.0000000000,0.0000000000,0.0000000000,0.0000000000,0.1698787306,-0.0000000000,0.0000000000,0.0000000000,-0.0000000000,0.0000000000,-0.2520079871,-0.1772061623,-0.0000000000,-0.0000000000,-0.1398461277,2.6031198192,0.0000000000,-0.7632924454,0.0000000000,-0.0000000000,-0.3287963350,-0.0000000000,-0.5675703041,0.0000000000,0.0000000000,-0.1873429159,-0.0000000000,0.0000000000,0.0720925260,-0.0000000000,-0.0000000000,-0.1442443532,-0.0000000000,-0.0000000000,-0.0000000000,-0.0000000000,0.0333995792,0.1487912519,-0.0000000000,-0.0000000000,0.0739317288,-0.0000000000,0.0000000000,-0.0154729950,0.0000000000,0.0000000000,0.0000000000,0.0681625159,-0.0000000000,0.1142820090,0.0000000000,-0.0000000000,0.0000000000,-0.0000000000,0.0000000000,0.0006459029,0.0000000000,-0.0000000000,0.0000000000,-0.0000000000,-0.0000000000,-0.0000000000,-0.0000000000,0.0000000000,-0.0000000000,0.0000000000,-0.2627510064,-0.0000000000,0.0000000000,0.0000000000,-0.0000000000,-0.0000000000,0.0000000000,-0.1048409980,0.0407030800,-0.0264016091,-0.0611860184,0.0000000000,0.0000000000,-0.0766821527,0.0000000000,0.0000000000,-0.0000000000,-0.0000000000,0.0000000000,-0.0222673937,-0.0000000000,-0.0000000000,-0.0000000000,0.0000000000,-0.0000000000,0.0000000000,0.0707337802,0.1974730528,0.0000000000,0.0000000000,0.0000000000,0.0000000000,-0.0000000000
-0.0000000000,-0.0422280031,-0.0000000000,-0.0000000000,-0.0000000000,-0.0718783685,-0.1361956872,-0.0000000000,-0.0487061326,0.0000000000,0.0000000000,-0.0000000000,0.0000000000,0.0187795145,-0.0000000000,-0.0069372555,0.0000000000,1.9056024772,-0.1131131245,-0.0043540048,0.0000000000,-0.0000000000,-0.0122729021,-0.0000000000,-0.0000000000,-0.0000000000,-0.1076258709,0.0849378775,0.0000000000,0.0000000000,0.0000000000,0.0218015829,-0.0000000000,-0.3317967083,-0.0000000000,-0.4030063088,0.0000000000,0.0000000000,0.0460751960,0.1578723307,0.0000000000,-0.0000000000,0.0698350230,-0.0000000000,0.0000000000,0.0000000000,-0.0000000000,-0.0000000000,-0.1371036445,0.0056543823,-0.1152618064,0.0000000000,-0.0000000000,-0.0000000000,0.0000000000,0.0000000000,-0.0000000000,-0.0000000000,-0.0000000000,-0.0000000000,-0.0000000000,0.1250621692,-0.0000000000,-0.0000000000,0.0000000000,0.0000000000,-0.0000000000,-0.0000000000,0.0000000000,-0.3248342159,-0.3059405387,0.0434368426,-0.1007091779,0.0000000000,-0.2540984568,-0.0000000000,-0.0000000000,0.0000000000,0.0000000000,-0.0000000000,0.0000000000,-0.0000000000,-0.0000000000,0.0000000000,-0.0000000000,0.0000000000,0.0216607330,0.1224393057,0.0000000000,0.0249739533,0.0000000000,0.0000000000,0.0376437606,-0.1156923086,-0.0000000000,0.0000000000,0.0000000000,0.0000000000,-0.0000000000,0.1709419853
0.0000000000,0.0000000000,0.0000000000,0.0000000000,0.0000000000,0.0255317236,-0.0000000000,0.0000000000,0.0000000000,-0.0000000000,0.0000000000,-0.0000000000,0.0000000000,-0.6808456986,-0.0000000000,-0.0000000000,-0.7632924454,-0.1131131245,2.5997244073,0.0000000000,-0.0000000000,-0.0000000000,-0.0724620764,-0.0000000000,-0.0000000000,0.0000000000,-0.1128347467,-0.0000000000,-0.0000000000,0.0000000000,-0.0000000000,-0.0000000000,-0.0000000000,-0.1213527880,0.0455605436,-0.0000000000,-0.0000000000,0.0000000000,0.0000000000,0.0000000000,-0.0000000000,-0.0000000000,-0.0000000000,0.0000000000,-0.0000000000,0.0505287468,-0.0000000000,-0.0703972060,-0.0481537199,-0.0000000000,-0.0000000000,0.0000000000,0.0000000000,0.1298410434,-0.0000000000,0.0075228730,0.0000000000,-0.0000000000,-0.0000000000,-0.0000000000,-0.0000000000,0.0521058664,-0.0126497886,-0.1202304236,-0.0000000000,-0.0000000000,0.0197735335,-0.9005137991,-0.0000000000,-0.0000000000,0.0000000000,-0.0000000000,-0.0000000000,0.0000000000,-0.0044647520,-0.0000000000,-0.0000000000,-0.0000000000,0.0000000000,0.0000000000,-0.0328096004,0.1297201774,0.0722214913,0.0000000000,0.0000000000,0.0000000000,-0.0000000000,-0.0522677161,0.1162386465,0.0000000000,0.0000000000,-0.0000000000,-0.0000000000,0.0059919137,0.0000000000,0.0000000000,0.0000000000,0.0902909591,0.0000000000,0.0000000000
-0.0000000000,0.0000000000,0.0000000000,0.0000000000,-0.0000000000,-0.0000000000,-0.0939454779,0.0000000000,-0.0000000000,-0.0000000000,-0.0000000000,-0.0000000000,0.0252486539,0.1636607728,-0.0000000000,-0.0000000000,0.0000000000,-0.0043540048,0.0000000000,1.8573081955,-0.3942065296,0.0741797264,-0.0000000000,-0.0376031599,0.0000000000,0.0000000000,-0.0000000000,0.0000000000,-0.3626152427,0.0000000000,-0.0000000000,-0.0000000000,0.0000000000,-0.2287674855,0.1401555120,0.0000000000,0.0000000000,0.0882287216,0.0244064452,-0.0000000000,-0.0000000000,0.0000000000,0.0000000000,0.0246978343,0.0000000000,0.0105057225,0.0000000000,0.0000000000,-0.0297153557,-0.0000000000,-0.0000000000,0.1459733088,-0.1459766985,-0.1381708604,-0.0000000000,-0.0000000000,0.0000000000,-0.0000000000,-0.0000000000,0.0000000000,0.0000000000,0.0000000000,0.0253775163,0.0000000000,-0.0420295516,-0.0000000000,-0.0567284418,0.0000000000,-0.0236733287,-0.2412508801,-0.1920064607,-0.0000000000,-0.0179883593,-0.0000000000,-0.0000000000,0.0000000000,-0.3111499866,-0.0000000000,0.0000000000,-0.0000000000,-0.0000000000,-0.0000000000,0.0000000000,0.0000000000,0.0000000000,0.0186927392,0.1826215624,0.0000000000,-0.0000000000,0.0000000000,0.0000000000,-0.0000000000,0.1811738673,0.0810104315,-0.0000000000,0.0401232073,0.0000000000,-0.0000000000,-0.2186609380,0.0000000000
0.2191063588,-0.0000000000,0.0000000000,-0.0000000000,-0.0476610922,-0.0000000000,-0.0000000000,0.0000000000,0.0000000000,-0.0000000000,0.0000000000,-0.0000000000,-0.0000000000,-0.0000000000,-0.2189943965,0.0000000000,-0.0000000000,0.0000000000,-0.0000000000,-0.3942065296,2.7077101920,0.0000000000,-0.1404793393,-0.0743334402,0.0000000000,0.0000000000,-0.0000000000,0.0000000000,-0.0000000000,-0.0000000000,-0.0000000000,0.0000000000,0.0000000000,0.0000000000,-0.0000000000,0.0195094317,0.0000000000,0.0000000000,0.0000000000,0.0000000000,-0.0000000000,0.0387473062,0.0000000000,0.0000000000,-0.0000000000,-0.0000000000,-0.0000000000,-0.0000000000,0.0000000000,-0.0000000000,0.0791269691,0.0000000000,-0.0236517231,-0.0239906420,-0.0000000000,-0.0000000000,-0.0000000000,-0.0000000000,-0.0000000000,0.0000000000,-0.0000000000,-0.0000000000,0.0000000000,0.0000000000,-0.5373329745,-0.2457119083,-0.0000000000,0.0000000000,-0.0000000000,0.0000000000,-1.2102464327,0.0000000000,0.0000000000,0.0000000000,-0.0000000000,0.0000000000,-0.0000000000,-0.0000000000,0.0000000000,0.0000000000,0.0000000000,0.0000000000,0.0000000000,0.0150943380,0.0000000000,0.0036151206,0.0000000000,0.1443945870,0.0000000000,0.0000000000,0.0335398590,0.0000000000,0.0000000000,0.0216355284,0.0000000000,0.0000000000,-0.0000000000,0.0000000000,0.0000000000,-0.0000000000
0.0147345441,0.0000000000,0.0000000000,0.0000000000,-0.0000000000,0.0000000000,-0.0000000000,0.0000000000,-0.0000000000,-0.0000000000,0.0000000000,-0.0000000000,-0.0000000000,-0.0000000000,-0.0000000000,-0.0000000000,-0.3287963350,-0.0000000000,-0.0000000000,0.0741797264,0.0000000000,2.7218740317,-0.3825563203,-0.3542187656,0.0000000000,-0.4110126282,-0.1041483016,-0.1530989936,-0.0000000000,-0.0739555648,0.0000000000,-0.0000000000,-0.0000000000,-0.3948102728,-0.3031797843,-0.0000000000,-0.0000000000,-0.0000000000,-0.0000000000,-0.1820642790,-0.0000000000,-0.0000000000,-0.0000000000,-0.0000000000,-0.0000000000,-0.0000000000,-0.3806074041,-0.0000000000,0.2428154404,0.0000000000,-0.0000000000,0.0000000000,-0.0000000000,0.0000000000,0.0000000000,0.0251431030,0.0000000000,0.0000000000,0.0000000000,-0.0000000000,-0.0000000000,-0.0000000000,-0.0000000000,-0.0000000000,0.0721411586,-0.0000000000,0.0000000000,-0.1884279144,0.0000000000,0.0000000000,0.0000000000,-0.1997771265,-0.0000000000,-0.0000000000,-0.0000000000,0.0000000000,-0.0000000000,-0.0000000000,0.0000000000,0.0000000000,-0.0000000000,-0.0000000000,-0.0000000000,0.0000000000,-0.0000000000,-0.0000000000,-0.0000000000,-0.0000000000,0.0000000000,-0.0000000000,0.0000000000,0.0000000000,-0.0000000000,-0.0000000000,0.0000000000,0.0000000000,0.0000000000,0.0000000000,0.0000000000,0.0516290966
0.0000000000,-0.0000000000,0.0000000000,0.0000000000,0.0000000000,-0.0000000000,-0.0192476038,-0.0000000000,0.0000000000,0.0000000000,0.0000000000,-0.0000000000,-0.0000000000,-0.1184669920,-0.3911704240,-0.0000000000,-0.0000000000,-0.0122729021,-0.0724620764,-0.0000000000,-0.1404793393,-0.3825563203,2.7696537114,-0.0000000000,0.0000000000,-0.0000000000,-0.0459619858,0.0000000000,0.0000000000,-0.2125929682,0.0217593635,0.0000000000,-0.0000000000,-0.0000000000,0.0000000000,-0.0000000000,0.0000000000,0.0000000000,-0.0000000000,-0.0000000000,0.0000000000,0.0000000000,0.0000000000,0.0000000000,0.0000000000,0.0000000000,-0.0000000000,-0.0863151665,0.0000000000,-0.0000000000,-0.0000000000,-0.0000000000,-0.0000000000,0.0000000000,-0.0000000000,0.0000000000,-0.0000000000,-0.0000000000,-0.0000000000,-0.0000000000,-0.0257227707,0.0000000000,0.0000000000,-0.0000000000,0.0000000000,-0.1879204501,0.0000000000,-0.0000000000,-0.0000000000,-0.0000000000,-0.0000000000,-0.0000000000,-0.7780174163,0.0000000000,-0.0000000000,-0.0000000000,-0.0000000000,-0.6986609640,0.0000000000,0.0686236359,0.0000000000,0.0000000000,0.0129266728,0.0000000000,0.0000000000,0.0000000000,0.0000000000,0.0000000000,-0.0000000000,0.0764857923,0.2186722794,0.0000000000,-0.0000000000,0.0000000000,0.0000000000,0.0000000000,0.0000000000,0.0000000000,-0.0000000000,0.0000000000
0.0000000000,0.0622602163,-0.0000000000,-0.0000000000,-0.2329442812,0.0000000000,-0.0551821315,0.0000000000,-0.0000000000,-0.2888027427,-0.0000000000,-0.8707308823,-0.0000000000,0.0000000000,0.0000000000,-0.0000000000,-0.5675703041,-0.0000000000,-0.0000000000,-0.0376031599,-0.0743334402,-0.3542187656,-0.0000000000,3.0468935280,-0.0000000000,-0.0134435167,-0.0000000000,-0.0000000000,-0.0165895077,-0.0000000000,-0.0000000000,-0.0000000000,-0.0000000000,-0.0000000000,-0.0000000000,-0.0000000000,0.0000000000,0.0000000000,0.4024727718,-0.0000000000,0.0000000000,0.0000000000,-0.0000000000,0.0000000000,-0.0475242313,0.0000000000,0.0000000000,0.0000000000,0.0000000000,0.0000000000,0.0000000000,0.0000000000,-0.0000000000,-0.0000000000,0.0000000000,0.0000000000,0.0000000000,-0.0000000000,-0.0000000000,-0.0000000000,-0.0000000000,-0.0000000000,0.0000000000,0.0000000000,0.0000000000,0.2721641695,0.0000000000,0.0000000000,0.0000000000,0.0000000000,-0.0000000000,-0.0000000000,0.0000000000,-0.0000000000,-0.7433649775,0.0000000000,-0.0825449771,-0.0000000000,0.0000000000,-0.0000000000,-0.0000000000,0.0000000000,-0.0000000000,0.0000000000,-0.1075031588,0.0000000000,0.0000000000,0.0000000000,0.0000000000,-0.1642517357,0.0000000000,0.0000000000,0.1291443976,-0.0000000000,0.0000000000,0.0176500914,0.0000000000,0.3285565332,0.0000000000,0.0000000000
-0.3308346346,0.0000000000,0.0000000000,-0.0000000000,-0.0000000000,-0.0000000000,-0.0000000000,-0.0000000000,-0.0902465373,-0.0000000000,0.1597721370,-0.0000000000,0.0000000000,0.0000000000,0.1396429558,0.0000000000,0.0000000000,-0.0000000000,-0.0000000000,0.0000000000,0.0000000000,0.0000000000,0.0000000000,-0.0000000000,1.8519321379,-0.0000000000,0.0061847217,-0.0000000000,-0.0000000000,0.0000000000,-0.0000000000,-0.0000000000,-0.0000000000,0.0000000000,0.0000000000,-0.0000000000,-0.0000000000,-0.0000000000,0.0000000000,0.0000000000,0.0000000000,-0.0000000000,0.0000000000,-0.0000000000,0.0000000000,0.0000000000,0.0130235099,0.2304079568,0.0000000000,0.0211364882,0.0000000000,-0.0000000000,0.0000000000,-0.0000000000,-0.0000000000,0.0000000000,-0.0000000000,-0.0000000000,-0.2300133894,0.0000000000,-0.0203566214,0.0000000000,-0.0000000000,0.0000000000,-0.0000000000,0.1623005107,-0.0000000000,-0.0000000000,-0.0000000000,-0.0000000000,-0.0000000000,0.0000000000,0.0132841394,0.0000000000,-0.0000000000,-0.7386488034,-0.0000000000,0.0000000000,-0.1980921787,-0.0000000000,-0.1850074222,0.0000000000,-0.1291321818,0.0000000000,-0.0000000000,0.0000000000,-0.1157884928,0.0000000000,-0.0000000000,-0.0000000000,-0.0105524095,0.0000000000,0.0000000000,-0.1307502541,-0.0000000000,-0.0000000000,0.1849416434,0.0000000000,0.0000000000,-0.0000000000
0.0000000000,0.0000000000,-0.0397222632,0.0000000000,-0.0000000000,-0.0000000000,-0.0000000000,-0.0000000000,-0.1291657880,-0.0000000000,-0.0000000000,-0.2442833116,-0.0000000000,-0.0000000000,0.0000000000,0.0000000000,0.0000000000,-0.0000000000,0.0000000000,0.0000000000,0.0000000000,-0.4110126282,-0.0000000000,-0.0134435167,-0.0000000000,2.4460563236,-0.0000000000,-0.1036041442,-0.0000000000,-0.6436335206,0.0015961917,0.0000000000,0.0000000000,0.0000000000,-0.1731178460,-0.0194498143,-0.0000000000,0.0000000000,0.0000000000,-0.0000000000,0.0755551695,-0.0000000000,0.0000000000,-0.0000000000,0.0119094882,-0.0000000000,-0.0000000000,0.0291091623,0.0000000000,0.1527364846,-0.0000000000,-0.0000000000,-0.0000000000,-0.0000000000,-0.0387808091,-0.0000000000,-0.0000000000,-0.0000000000,-0.0000000000,-0.2533228324,-0.3718460051,-0.0000000000,-0.0000000000,0.0000000000,-0.0000000000,0.0793686142,0.0000000000,0.1474357580,0.0000000000,-0.0000000000,-0.0623954547,-0.0000000000,-0.0000000000,-0.0000000000,-0.0000000000,-0.1637428813,-0.0000000000,-0.0195989080,0.0000000000,-0.0000000000,0.0000000000,0.0000000000,0.0000000000,0.0000000000,-0.2443904532,0.0000000000,-0.0000000000,0.0000000000,-0.0000000000,-0.0000000000,-0.0000000000,0.0000000000,0.0000000000,-0.0000000000,-0.0000000000,0.0000000000,0.0526886924,0.0776811587,-0.0000000000,0.3411963724
0.0000000000,0.0000000000,0.0000000000,0.0000000000,0.0000000000,0.0000000000,-0.0185260015,-0.0000000000,0.0000000000,0.1073953529,0.0000000000,-0.0000000000,-0.0000000000,0.1455046316,0.0000000000,-0.0000000000,-0.1873429159,-0.1076258709,-0.1128347467,-0.0000000000,-0.0000000000,-0.1041483016,-0.0459619858,-0.0000000000,0.0061847217,-0.0000000000,2.1111734634,-0.1150678733,0.0000000000,-0.0000000000,-0.1134944498,0.0000000000,-0.0000000000,0.0000000000,-0.5124572667,-0.0000000000,0.0000000000,0.0000000000,0.0000000000,0.0000000000,-0.0000000000,-0.0000000000,-0.0000000000,-0.1065330277,-0.1958270559,-0.0000000000,-0.4723224965,-0.0158644810,-0.0000000000,0.0000000000,-0.0130371659,0.0000000000,-0.0880485220,0.0000000000,-0.0000000000,0.0000000000,-0.0000000000,-0.0000000000,-0.0000000000,-0.0000000000,-0.0000000000,-0.0000000000,-0.0000000000,-0.0000000000,0.0000000000,-0.0000000000,0.0000000000,-0.0000000000,-0.0000000000,-0.0000000000,-0.0000000000,-0.0000000000,-0.0000000000,0.0000000000,-0.0398215251,0.0000000000,-0.0000000000,-0.1011761593,0.0000000000,0.0000000000,0.0000000000,0.1278066917,0.1980189834,-0.0000000000,-0.4296625474,0.0000000000,0.0000000000,-0.1008632195,0.0000000000,0.0000000000,0.0000000000,-0.0047145524,-0.0000000000,0.0000000000,0.0000000000,-0.0000000000,-0.0000000000,0.0000000000,-0.0000000000,0.1247729475
-0.0000000000,0.0000000000,-0.0000000000,0.0000000000,-0.0000000000,0.0000000000,0.0358406953,0.0000000000,-0.0000000000,-0.0000000000,-0.0097431998,-0.0898121903,-0.0000000000,-0.0000000000,-0.0000000000,-0.0000000000,-0.0000000000,0.0849378775,-0.0000000000,0.0000000000,0.0000000000,-0.1530989936,0.0000000000,-0.0000000000,-0.0000000000,-0.1036041442,-0.1150678733,2.5624642320,-0.2903254599,-0.5422052213,-0.0000000000,-0.0000000000,0.0000000000,-0.0000000000,-0.0312650868,-0.0000000000,-0.4115308204,0.0000000000,-0.0000000000,0.0000000000,-0.0000000000,-0.1709871540,-0.0529458053,-0.0000000000,-0.0345499157,-0.1205258766,-0.0000000000,-0.0000000000,0.0000000000,-0.0000000000,-0.0000000000,-0.0000000000,-0.0000000000,0.0000000000,-0.0053845609,0.0000000000,0.0000000000,-0.0000000000,0.0000000000,-0.0000000000,-0.0000000000,-0.0000000000,-0.0000000000,-0.0000000000,-0.0690400889,0.0000000000,0.0465430496,-0.0050855717,-0.0000000000,0.0000000000,0.0000000000,-0.0000000000,-0.0000000000,-0.0000000000,0.0000000000,-0.0000000000,-0.0000000000,-0.0701967494,0.0000000000,-0.0000000000,-0.0000000000,-0.0000000000,0.0000000000,-0.0000000000,-0.0000000000,-0.0000000000,-0.0460786947,-0.3708193661,0.0000000000,-0.3762862973,-0.0000000000,-0.0000000000,-0.0000000000,0.0000000000,-0.0000000000,-0.0000000000,-0.0000000000,-0.0000000000,-0.0000000000,0.0000000000
-0.0000000000,-0.0000000000,0.0000000000,0.0000000000,-0.0000000000,-0.1953020154,0.0000000000,0.0045881307,-0.1968306753,-0.0000000000,-0.1935708140,-0.0000000000,-0.0000000000,-0.0000000000,-0.0000000000,-0.0000000000,0.0000000000,0.0000000000,-0.0000000000,-0.3626152427,-0.0000000000,-0.0000000000,0.0000000000,-0.0165895077,-0.0000000000,-0.0000000000,0.0000000000,-0.2903254599,2.3235139075,-0.1088721558,-0.2373296004,-0.0406938532,0.0000000000,-0.1015818513,0.0000000000,-0.0000000000,-0.4011887648,-0.2152324639,-0.0000000000,-0.0048312923,-0.0000000000,0.0000000000,-0.0000000000,0.0000000000,0.0000000000,-0.0000000000,-0.0000000000,0.0000000000,-0.0000000000,0.0000000000,-0.0000000000,-0.0000000000,-0.0000000000,-0.0000000000,-0.0000000000,0.0000000000,-0.0000000000,-0.0819504712,-0.0000000000,-0.0000000000,0.0000000000,-0.0000000000,-0.0000000000,0.0000000000,-0.0000000000,0.0000000000,0.0000000000,-0.0000000000,0.0000000000,0.0000000000,-0.0000000000,-0.0000000000,-0.0000000000,-0.1056817278,0.0000000000,-0.0000000000,-0.5270685383,-0.0000000000,-0.0000000000,-0.0000000000,0.0000000000,-0.0000000000,-0.0000000000,0.0974172684,0.0000000000,0.0000000000,-0.0000000000,0.0000000000,0.0000000000,-0.0000000000,-0.0000000000,-0.0000000000,0.0000000000,0.0000000000,-0.0000000000,0.0000000000,0.0000000000,0.0000000000,-0.0000000000,0.0000000000
