0,1,2,3,4,5,6,7,8,9,10,11,12,13,14,15,16,17,18,19,20,21,22,23,24,25,26,27,28,29,30,31,32,33,34,35,36,37,38,39,40,41,42,43,44,45,46,47,48,49,50,51,52,53,54,55,56,57,58,59,60,61,62,63,64,65,66,67,68,69,70,71,72,73,74,75,76,77,78,79,80,81,82,83,84,85,86,87,88,89,90,91,92,93,94,95,96,97,98,99
2.0797552276,-0.1411598211,-0.7023418695,-0.0000000000,-0.0000000000,0.0000000000,0.0000000000,0.0628309372,0.0000000000,-0.0000000000,-0.1484501729,-0.0000000000,-0.0000000000,-0.0000000000,-0.0000000000,-0.2232963725,-0.0000000000,0.0000000000,-0.0000000000,0.0000000000,0.0000000000,-0.0000000000,-0.0000000000,-0.0000000000,0.1238550082,-0.0000000000,-0.0000000000,-0.0000000000,0.0000000000,-0.0000000000,-0.0542579220,-0.1923876483,0.0000000000,0.0000000000,0.0000000000,0.0000000000,0.0000000000,-0.0000000000,-0.0235476015,-0.0000000000,-0.0000000000,0.0000000000,0.0000000000,-0.0000000000,-0.0000000000,-0.0000000000,0.0000000000,-0.0000000000,-0.0050564826,-0.0000000000,-0.6640392845,-0.0000000000,-0.0000000000,0.0000000000,0.0703424755,-0.0000000000,0.1071810371,-0.0000000000,0.0000000000,-0.0000000000,-0.0130218959,-0.0785471053,0.0000000000,-0.0000000000,0.0000000000,-0.0000000000,-0.0000000000,-0.0000000000,0.5900802574,0.0000000000,-0.0000000000,0.0000000000,-0.0000000000,-0.0000000000,-0.0048055276,0.0009079235,0.0668989773,-0.0000000000,-0.0011503665,-0.0000000000,0.1128223446,0.0000000000,-0.0000000000,0.1191689205,-0.0000000000,0.0000000000,0.0000000000,-0.0000000000,-0.0000000000,-0.0000000000,-0.0000000000,-0.0000000000,-0.0046762971,0.0000000000,0.0000000000,-0.0000000000,-0.0000000000,-0.0000000000,-0.0000000000,-0.0520660438
-0.1411598211,3.6127277278,-1.3625482515,-0.5782043160,-0.4391809729,-0.0000000000,-0.0000000000,-0.0000000000,-0.0000000000,-0.0000000000,-0.0000000000,-0.0000000000,-0.1694666416,-0.0000000000,-0.0387276445,-0.3582772240,-0.0000000000,0.0000000000,-0.0000000000,-0.0000000000,-0.0000000000,-0.0000000000,-0.0373347568,-0.1154955409,0.3191073881,-0.0000000000,0.0000000000,-0.0000000000,-0.0000000000,-0.0000000000,0.0455998452,-0.0000000000,-0.0000000000,-0.0000000000,0.0000000000,0.0000000000,0.0000000000,-0.0000000000,-0.0000000000,-0.0650651972,0.0000000000,0.0000000000,0.0000000000,0.0000000000,0.0365980234,0.0000000000,-0.0000000000,-0.0000000000,0.0000000000,0.0000000000,-0.0952334079,-0.4051166535,0.0000000000,-0.0000000000,-0.0000000000,-0.0000000000,0.0000000000,-0.0000000000,0.0000000000,0.0000000000,-0.0000000000,-0.0000000000,-0.0539233536,0.0000000000,0.0000000000,-0.0000000000,0.0000000000,-0.0000000000,0.0000000000,0.0000000000,-0.0000000000,0.0000000000,-0.0000000000,0.0000000000,-0.0000000000,0.0000000000,0.0000000000,-0.0000000000,0.0000000000,-0.0000000000,-0.0000000000,0.0000000000,0.0000000000,0.0000000000,-0.0000000000,-0.0000000000,0.0000000000,-0.0000000000,0.0000000000,0.0000000000,-0.0000000000,-0.0000000000,-0.0000000000,0.0000000000,-0.0000000000,-0.0000000000,-0.0000000000,-0.2233804645,-0.0000000000,0.0000000000
-0.7023418695,-1.3625482515,3.2718563137,-0.0750096847,-0.0000000000,-0.7072909008,0.0000000000,0.0000000000,-0.0000000000,-0.0000000000,-0.0000000000,0.0000000000,-0.0000000000,0.0000000000,0.0000000000,-0.0000000000,-0.0000000000,0.0000000000,0.0000000000,0.0000000000,0.0000000000,-0.0000000000,-0.0000000000,-0.0000000000,0.0000000000,-0.0000000000,0.0000000000,-0.0000000000,0.0000000000,0.0000000000,0.0000000000,-0.0000000000,-0.0000000000,0.0000000000,0.0000000000,0.0000000000,0.0000000000,-0.2487698675,-0.0038738496,-0.0000000000,0.0000000000,0.0539400411,0.1413080681,0.0000000000,0.0978136025,0.0000000000,0.0000000000,-0.0000000000,0.0000000000,-0.0000000000,-0.0000000000,-0.0555588719,0.0000000000,0.0000000000,0.0000000000,-0.3866743724,0.0000000000,0.0000000000,0.0000000000,0.0000000000,0.0000000000,-0.0000000000,-0.0000000000,0.0652149187,0.0000000000,0.0000000000,0.1482000533,0.0000000000,0.0000000000,0.0000000000,-0.0000000000,0.0000000000,0.0000000000,0.0000000000,-0.0000000000,0.0000000000,0.0000000000,0.0000000000,0.1121662604,-0.0000000000,0.0000000000,0.3290819391,0.0000000000,0.1076190971,-0.0000000000,-0.0000000000,-0.0000000000,-0.1834569494,0.0000000000,0.0000000000,-0.0000000000,-0.2480120332,-0.0000000000,0.0000000000,0.0000000000,0.0000000000,-0.0000000000,-0.0000000000,-0.0000000000,0.0000000000
-0.0000000000,-0.5782043160,-0.0750096847,3.2656284208,-0.3307561092,-0.0426136085,-0.6347711636,-0.0740438344,-0.0000000000,0.0000000000,0.0000000000,0.0000000000,-0.0000000000,0.0000000000,-0.0000000000,-0.0000000000,-0.0000000000,-0.0000000000,-0.0000000000,-0.0000000000,-0.0000000000,0.0000000000,-0.0000000000,0.0000000000,0.0000000000,0.0000000000,0.0858167201,0.0000000000,-0.0000000000,0.0000000000,0.0000000000,0.0000000000,-0.3978451402,-0.0000000000,0.0000000000,0.0000000000,-0.0000000000,-0.0000000000,-0.0000000000,-0.0000000000,0.0000000000,0.0000000000,0.0000000000,-0.0000000000,0.0289749833,0.0000000000,0.0000000000,-0.0000000000,0.0000000000,-0.0000000000,-0.0000000000,-0.0000000000,-0.0000000000,-1.0060568536,-0.0000000000,-0.0000000000,-0.0000000000,-0.0000000000,-0.0000000000,0.0430922121,0.0000000000,-0.0000000000,-0.1393410213,0.0000000000,0.0000000000,0.0000000000,-0.0000000000,-0.0000000000,-0.0000000000,0.0000000000,-0.0000000000,0.0000000000,-0.0000000000,0.0000000000,0.0006561630,-0.0000000000,-0.0000000000,-0.0000000000,0.3091116276,0.0000000000,-0.0000000000,0.0000000000,0.0000000000,-0.0000000000,-0.0000000000,-0.0000000000,-0.0264581723,0.0000000000,-0.0000000000,0.0000000000,-0.1650802479,-0.0303130629,-0.0895490778,-0.0000000000,-0.0000000000,-0.0000000000,0.0000000000,-0.0000000000,-0.0000000000,0.0000000000
-0.0000000000,-0.4391809729,-0.0000000000,-0.3307561092,3.5444594000,-0.0142069787,-0.0428987358,-0.0710724966,-0.0000000000,0.0000000000,-0.0122945391,-0.0000000000,0.0000000000,0.0000000000,-0.0000000000,-0.0898561568,0.0000000000,-0.0000000000,0.0000000000,-0.1601701091,-0.0000000000,0.0000000000,-0.0000000000,-0.0000000000,0.0668464380,-0.0000000000,0.0000000000,0.0000000000,-0.0000000000,-0.0000000000,0.0228068298,-0.0000000000,-0.0976661614,-0.0000000000,-0.0000000000,-0.0000000000,0.0000000000,0.0000000000,-0.0000000000,-0.0000000000,-0.0000000000,-0.0000000000,-0.0000000000,-0.0907705799,0.0000000000,-0.0000000000,-0.0000000000,-0.0000000000,-0.0000000000,-0.0038083149,-0.0000000000,-0.4636163597,-0.0000000000,-1.3967997652,-0.2221433666,-0.0000000000,-0.0000000000,-0.0000000000,0.0084297388,0.0000000000,-0.0000000000,0.0000000000,-0.0000000000,0.0000000000,0.0000000000,-0.0000000000,-0.0000000000,0.0000000000,-0.0000000000,-0.0000000000,-0.0000000000,0.0000000000,-0.0000000000,0.0000000000,0.0000000000,0.0000000000,0.0000000000,-0.0000000000,0.2019726688,-0.2839344266,-0.0000000000,-0.0000000000,0.0000000000,-0.0000000000,0.0000000000,-0.0100719041,-0.0000000000,0.0000000000,-0.0000000000,-0.0000000000,-0.0000000000,0.0000000000,0.0000000000,0.0000000000,-0.0000000000,-0.0000000000,0.0000000000,-0.0000000000,-0.0000000000,0.0000000000
0.0000000000,-0.0000000000,-0.7072909008,-0.0426136085,-0.0142069787,2.5061379676,-0.0000000000,-0.1807139478,-0.1730171822,0.0000000000,0.0000000000,0.0794340072,0.0000000000,0.0000000000,0.0000000000,-0.0000000000,-0.0000000000,0.0000000000,-0.0000000000,-0.0000000000,0.0000000000,0.0000000000,0.0000000000,-0.0000000000,-0.0000000000,0.0517564009,0.0000000000,0.0000000000,-0.0000000000,0.0000000000,0.0000000000,-0.0000000000,0.0000000000,-0.0000000000,0.0000000000,-0.0000000000,-0.0000000000,-0.0000000000,-0.0730520320,-0.0000000000,0.0000000000,0.0000000000,0.0000000000,0.0000000000,0.0000000000,0.0641235225,-0.0000000000,0.0000000000,-0.0000000000,-0.0000000000,0.0000000000,-0.0549238383,0.0000000000,-0.0000000000,-0.8900663555,-0.4747478504,-0.0000000000,-0.0000000000,0.0000000000,0.0447949057,0.0000000000,0.0022235731,0.0000000000,0.0361060607,0.0000000000,0.1795508254,0.0000000000,0.0000000000,-0.0000000000,0.0000000000,0.0000000000,0.0190374502,0.0000000000,0.3071321647,0.0564714696,-0.0000000000,-0.0000000000,0.0000000000,0.0000000000,-0.0321807729,-0.0000000000,0.0000000000,0.0067627525,0.0000000000,-0.0000000000,0.0000000000,-0.0000000000,0.0000000000,-0.0000000000,0.0000000000,0.0121708192,-0.0000000000,0.0072533569,0.0000000000,0.0000000000,0.0000000000,0.0000000000,0.0000000000,-0.0000000000,0.0000000000
0.0000000000,-0.0000000000,0.0000000000,-0.6347711636,-0.0428987358,-0.0000000000,2.7213169484,-0.6381310473,-0.0000000000,-0.0299874816,0.0000000000,-0.0000000000,0.0000000000,0.0000000000,-0.0000000000,-0.0000000000,-0.0000000000,-0.0000000000,-0.0000000000,-0.1545682033,-0.0000000000,0.1521385782,-0.0000000000,-0.0000000000,-0.0000000000,0.0000000000,0.0000000000,0.1251718596,-0.0938069144,-0.0000000000,0.0000000000,0.0000000000,-0.0000000000,-0.0640006500,0.0000000000,-0.0000000000,0.0000000000,0.0937820364,-0.0000000000,-0.4715318505,-0.2075583004,-0.0000000000,0.0000000000,-0.0000000000,0.0000000000,0.0000000000,0.0000000000,0.0000000000,-0.0550007672,-0.0000000000,-0.0000000000,0.0000000000,-0.0000000000,-0.1307433495,-0.0000000000,-0.0000000000,-0.0000000000,-0.0000000000,-0.0000000000,0.0000000000,-0.0000000000,0.0000000000,-0.0000000000,0.0000000000,-0.0000000000,-0.0000000000,-0.3422628457,0.0000000000,-0.1065178683,-0.0000000000,-0.1094841299,0.0107648449,-0.0000000000,-0.0000000000,0.0000000000,-0.3371253078,-0.0000000000,-0.0000000000,0.0000000000,0.0000000000,-0.0000000000,-0.0000000000,-0.0000000000,-0.0000000000,-0.0000000000,-0.0000000000,-0.0000000000,0.2233295088,-0.0347906580,-0.0000000000,0.0000000000,0.0000000000,-0.0000000000,0.0000000000,-0.0000000000,-0.0072295952,0.0000000000,0.0000000000,-0.0000000000,-0.0000000000
0.0628309372,-0.0000000000,0.0000000000,-0.0740438344,-0.0710724966,-0.1807139478,-0.6381310473,4.6336344270,-1.1950410480,0.0000000000,0.0000000000,0.0000000000,0.0000000000,0.0000000000,0.0000000000,-0.0000000000,-0.0000000000,-0.4695511885,-0.3838942379,-0.0000000000,-0.0000000000,0.0000000000,-0.0000000000,-0.0000000000,-0.0000000000,0.0000000000,0.0000000000,0.0815045774,-0.0000000000,0.0000000000,0.0000000000,0.0000000000,0.0000000000,-0.0000000000,0.0000000000,-0.3746218610,0.0000000000,0.0000000000,0.0000000000,-0.0000000000,-0.0000000000,-0.0000000000,0.0000000000,-0.0000000000,0.0000000000,0.0000000000,0.0000000000,0.0000000000,-0.0000000000,-0.0000000000,0.0126285349,-0.0000000000,-0.0000000000,-0.0566431798,-0.2979549697,-0.0000000000,-1.2567992704,-0.1073966867,0.0000000000,0.0000000000,0.0000000000,0.1888588217,-0.0000000000,0.0000000000,-0.0000000000,0.0000000000,-0.0000000000,0.0000000000,-0.0000000000,-0.0000000000,-0.0000000000,0.0000000000,-0.0000000000,0.0000000000,0.0190660337,-0.0000000000,-0.0000000000,0.0000000000,0.0496320770,0.0000000000,-0.0000000000,0.0000000000,0.0000000000,-0.0000000000,-0.0000000000,-0.0000000000,-0.0000000000,0.0000000000,-0.0000000000,-0.0000000000,0.0000000000,0.0000000000,0.0000000000,0.0000000000,-0.0000000000,0.0000000000,0.0000000000,0.0000000000,-0.0000000000,0.0000000000
0.0000000000,-0.0000000000,-0.0000000000,-0.0000000000,-0.0000000000,-0.1730171822,-0.0000000000,-1.1950410480,4.0025584907,0.0000000000,-0.0000000000,0.0000000000,-0.0000000000,-0.0000000000,-0.0000000000,0.0000000000,-0.0000000000,-0.1193855431,-0.0000000000,-0.0404885968,-0.3752408692,-0.0000000000,-0.0000000000,-0.0000000000,0.0000000000,-0.0000000000,-0.0000000000,0.1387110940,-0.0000000000,0.0000000000,0.0000000000,0.0000000000,0.0000000000,-0.0000000000,-0.0000000000,-0.0475757925,0.1060387041,0.0000000000,0.0000000000,-0.0000000000,-0.0000000000,0.0000000000,0.0040271641,-0.0000000000,0.0000000000,0.0000000000,0.0000000000,0.0000000000,-0.0000000000,-0.0000000000,0.0769410531,-0.0000000000,0.0000000000,-0.0000000000,-0.0000000000,-0.2824391668,-0.0000000000,-1.9124344603,0.0000000000,0.1050899694,0.0000000000,0.0000000000,-0.0000000000,0.0000000000,-0.0000000000,-0.0000000000,-0.0000000000,0.0000000000,0.0000000000,-0.0000000000,-0.0008914945,0.0000000000,-0.0000000000,0.0000000000,0.0000000000,0.0000000000,-0.0000000000,0.0000000000,0.0076713709,0.0000000000,0.0000000000,0.0000000000,0.0000000000,-0.0000000000,-0.0000000000,0.0000000000,0.1510424149,0.0000000000,-0.0000000000,-0.0000000000,0.0013680584,0.0000000000,0.0000000000,0.0000000000,0.0000000000,-0.0000000000,-0.0000000000,0.0000000000,-0.0841400013,-0.0000000000
-0.0000000000,-0.0000000000,-0.0000000000,0.0000000000,0.0000000000,0.0000000000,-0.0299874816,0.0000000000,0.0000000000,3.1401284375,-0.0000000000,-0.5257836111,-0.0080581222,-0.0000000000,-0.0000000000,0.0000000000,-0.0000000000,0.0000000000,-0.0000000000,-0.0000000000,-0.0000000000,-0.0000000000,-0.0000000000,-0.0000000000,-0.3149107211,-0.0000000000,0.0000000000,0.0000000000,-0.1020196622,-0.0000000000,-0.0000000000,-0.0000000000,0.0000000000,0.0000000000,0.2337538956,-0.0000000000,0.0000000000,-0.0000000000,-0.0000000000,-0.0963560287,0.0000000000,-0.0316502809,0.0000000000,0.0000000000,0.0000000000,0.0000000000,0.0098798580,-0.0000000000,-0.0000000000,0.0000000000,-0.0000000000,0.0000000000,-0.0000000000,0.0000000000,-0.0000000000,-0.0000000000,0.0000000000,0.0000000000,-0.8236391105,-0.2157888713,-0.6660959453,-0.0000000000,-0.0000000000,-0.0450128693,-0.1146963641,-0.1884969941,0.0000000000,-0.0000000000,-0.0000000000,-0.0000000000,-0.0000000000,0.0000000000,-0.0000000000,-0.0000000000,-0.0000000000,-0.1187973093,-0.0000000000,-0.2981147169,-0.0000000000,0.0000000000,0.0000000000,0.0839816457,0.0000000000,0.0000000000,0.0000000000,0.0000000000,0.0000000000,0.0000000000,-0.0000000000,0.0000000000,0.0000000000,0.0000000000,-0.0000000000,0.0000000000,0.0000000000,0.0000000000,0.0000000000,-0.0000000000,-0.2414862173,-0.0000000000
-0.1484501729,-0.0000000000,-0.0000000000,0.0000000000,-0.0122945391,0.0000000000,0.0000000000,0.0000000000,-0.0000000000,-0.0000000000,2.6131317569,-1.1559630502,-0.0366840201,-0.0000000000,-0.0000000000,-0.0000000000,0.0000000000,0.0000000000,0.2796306161,-0.0000000000,-0.0000000000,0.0000000000,-0.0000000000,-0.2341157926,0.0000000000,-0.3209837694,-0.0000000000,0.0000000000,0.0000000000,-0.0000000000,0.0000000000,-0.0000000000,-0.0000000000,0.1866709836,-0.0000000000,0.0000000000,0.0000000000,-0.0000000000,-0.0000000000,-0.0000000000,-0.0000000000,-0.0284361044,-0.0000000000,-0.0000000000,0.0000000000,0.0000000000,-0.0000000000,-0.0586999820,-0.0000000000,0.0000000000,0.0000000000,-0.0000000000,-0.0000000000,-0.0000000000,-0.0000000000,-0.0000000000,0.0000000000,-0.0000000000,0.0000000000,-0.5084714399,-0.0000000000,0.0000000000,-0.0000000000,-0.0004327635,-0.0000000000,-0.0601408138,0.0000000000,0.0000000000,0.0000000000,0.0000000000,0.0000000000,0.0000000000,0.0000000000,-0.0000000000,-0.0796419435,0.0000000000,0.0000000000,-0.0000000000,0.0056366595,-0.0000000000,0.0000000000,0.0000000000,0.0000000000,0.1893109205,0.1867702602,0.0000000000,0.0000000000,-0.0000000000,0.0000000000,-0.0000000000,0.0884344282,0.5252885618,-0.0000000000,0.0252400000,0.0000000000,-0.3050741802,0.0000000000,-0.0000000000,-0.0000000000,0.0000000000
-0.0000000000,-0.0000000000,0.0000000000,0.0000000000,-0.0000000000,0.0794340072,-0.0000000000,0.0000000000,0.0000000000,-0.5257836111,-1.1559630502,3.4197276155,-0.0000000000,-0.2369921022,-0.0000000000,-0.0000000000,-0.0000000000,0.0000000000,0.0000000000,-0.0000000000,-0.0000000000,-0.0000000000,-0.0000000000,-0.0153117869,0.0000000000,-0.6279413226,0.0000000000,0.0522414234,-0.0000000000,-0.3746907403,0.0777149897,-0.0000000000,-0.0000000000,0.0000000000,0.0000000000,-0.0000000000,0.0000000000,-0.0000000000,-0.0000000000,-0.0000000000,0.0000000000,-0.0000000000,-0.0000000000,0.0000000000,0.3318215616,0.0045103190,-0.0000000000,-0.0000000000,-0.0045853357,0.0000000000,0.0000000000,-0.0000000000,-0.0000000000,-0.0000000000,-0.0000000000,0.0000000000,0.0000000000,0.0000000000,-0.0000000000,-0.6160798265,-0.0187287182,0.0000000000,-0.0000000000,-0.0000000000,0.0000000000,-0.0000000000,-0.0000000000,0.0000000000,-0.0000000000,0.0000000000,-0.0000000000,0.0000000000,-0.0319343890,-0.2140903201,-0.0000000000,0.0000000000,0.0000000000,-0.0000000000,0.0000000000,-0.0000000000,0.0059224418,0.0000000000,0.0840087363,0.0000000000,0.0000000000,-0.0000000000,0.1694166028,0.0288091261,0.0000000000,0.0000000000,0.0000000000,0.0247514943,-0.0000000000,0.0029768798,0.0000000000,0.0000000000,0.0391995670,-0.0000000000,-0.0000000000,0.0000000000
-0.0000000000,-0.1694666416,-0.0000000000,-0.0000000000,0.0000000000,0.0000000000,0.0000000000,0.0000000000,-0.0000000000,-0.0080581222,-0.0366840201,-0.0000000000,2.7917652477,-0.4492524051,-0.0000000000,0.0000000000,-0.7588911950,0.0000000000,-0.0000000000,0.0000000000,-0.0000000000,-0.0251789387,-0.0000000000,-0.0000000000,0.0000000000,0.0000000000,0.0000000000,-0.0000000000,-0.0000000000,-0.0000000000,0.0000000000,0.0000000000,-0.0000000000,0.0000000000,0.0000000000,0.0000000000,-0.0013259447,-0.2405865675,-0.0000000000,0.0000000000,0.0000000000,0.0000000000,0.0000000000,0.0000000000,0.1239218860,0.0000000000,-0.0000000000,0.0000000000,0.0000000000,-0.0000000000,-0.0000000000,-0.0000000000,0.0000000000,0.0000000000,0.0000000000,-0.0000000000,0.0983267647,0.0000000000,-0.0000000000,0.0000000000,-0.0000000000,-0.6936935486,-0.6464967739,-0.0000000000,-0.0000000000,-0.0033914963,0.0000000000,-0.0303102413,0.0000000000,0.0000000000,-0.0000000000,-0.0000000000,-0.0000000000,0.0000000000,-0.0000000000,0.1203760472,-0.0000000000,-0.0000000000,0.0000000000,0.1937476200,0.1276674174,0.0000000000,0.0000000000,0.0000000000,0.0000000000,-0.0000000000,-0.0000000000,-0.0000000000,-0.0000000000,0.0477194608,-0.0000000000,-0.0000000000,-0.2271080596,-0.0000000000,0.0000000000,-0.0000000000,0.0000000000,-0.0000000000,-0.0000000000,-0.0000000000
-0.0000000000,-0.0000000000,0.0000000000,0.0000000000,0.0000000000,0.0000000000,0.0000000000,0.0000000000,-0.0000000000,-0.0000000000,-0.0000000000,-0.2369921022,-0.4492524051,3.4049157513,-0.0666611280,0.0000000000,-0.5637349606,0.0000000000,-0.2639259746,0.0000000000,-0.0000000000,-0.0000000000,-0.8226102952,0.0000000000,-0.0000000000,-0.0000000000,0.0000000000,0.0000000000,-0.0000000000,-0.0000000000,0.0000000000,0.0651780040,0.0000000000,0.0000000000,0.0000000000,0.0000000000,-0.0000000000,-0.0000000000,0.0000000000,0.0000000000,0.0000000000,0.0000000000,0.0000000000,-0.0000000000,0.0000000000,0.0000000000,0.0000000000,0.1471343598,-0.0390911877,-0.0000000000,-0.0000000000,-0.0000000000,-0.0000000000,0.0000000000,-0.0000000000,-0.0000000000,0.0000000000,0.0000000000,-0.0000000000,-0.0000000000,-0.0000000000,-0.0000000000,-0.0000000000,-0.3777064970,-0.3479453251,-0.0627648846,-0.0000000000,-0.1822924217,-0.0000000000,0.0000000000,-0.0000000000,-0.0000000000,-0.3592087748,-0.0000000000,0.0000000000,0.0000000000,-0.0000000000,-0.0000000000,-0.0000000000,0.0827891585,0.0000000000,0.0000000000,-0.0000000000,-0.0000000000,0.0000000000,0.0000000000,-0.0000000000,0.0000000000,0.0000000000,0.0993744844,0.0000000000,-0.0000000000,-0.0000000000,-0.0000000000,-0.0000000000,0.0000000000,0.0000000000,-0.0000000000,-0.1143267698,-0.0000000000
-0.0000000000,-0.0387276445,0.0000000000,-0.0000000000,-0.0000000000,0.0000000000,-0.0000000000,0.0000000000,-0.0000000000,-0.0000000000,-0.0000000000,-0.0000000000,-0.0000000000,-0.0666611280,4.3351370433,-0.0000000000,-0.1754940642,0.0000000000,-0.0000000000,-0.0000000000,-0.7693846808,0.0000000000,-0.0000000000,-0.1750485301,0.0000000000,0.0000000000,-0.0000000000,0.0000000000,-0.2057153790,-0.3659628181,0.0000000000,0.0000000000,-0.0000000000,0.0000000000,0.0000000000,0.0000000000,-0.0000000000,-0.0000000000,-0.0000000000,-0.0000000000,-0.0000000000,0.0000000000,0.0000000000,-0.0000000000,0.0000000000,-0.0000000000,0.0000000000,0.0000000000,-0.0102942391,-0.0000000000,-0.0301573316,-0.0000000000,-0.0000000000,-0.0000000000,-0.0000000000,-0.0000000000,0.0000000000,-0.0000000000,-0.0000000000,0.0000000000,-0.0000000000,-0.0000000000,0.0000000000,-0.0000000000,-0.0000000000,-2.3140231094,0.0000000000,-0.0000000000,0.0000000000,0.0000000000,-0.3136009112,0.0000000000,-0.0000000000,0.0000000000,-0.0000000000,0.0000000000,-0.0000000000,-0.0000000000,-0.0000000000,0.0000000000,0.0000000000,0.0000000000,-0.0000000000,0.0000000000,-0.0000000000,0.0000000000,-0.0000000000,0.0000000000,0.0000000000,0.0000000000,-0.0000000000,-0.0000000000,-0.0000000000,-0.0000000000,-0.0000000000,-0.0000000000,-0.0000000000,-0.0000000000,-0.0000000000,-0.0000000000
-0.2232963725,-0.3582772240,-0.0000000000,-0.0000000000,-0.0898561568,-0.0000000000,-0.0000000000,-0.0000000000,0.0000000000,0.0000000000,-0.0000000000,-0.0000000000,0.0000000000,0.0000000000,-0.0000000000,3.6252916956,-0.0000000000,-0.0000000000,-0.0000000000,-0.0000000000,0.0000000000,-0.0000000000,-0.0000000000,-0.0029467738,0.0000000000,0.0000000000,-0.0000000000,-0.0363517015,-0.0000000000,-0.0000000000,-0.0000000000,-0.1116363203,-0.1803317898,-0.0000000000,-0.0000000000,-0.0000000000,-0.0000000000,-0.0000000000,-0.0933736152,-0.4107758486,-0.0000000000,-0.0000000000,-0.0000000000,0.0000000000,-0.0000000000,-0.0000000000,-0.6567687000,-0.0114783986,-0.0000000000,-0.0000000000,-0.0000000000,-0.5343101980,-0.7058172593,-0.4543830185,-0.0000000000,-0.0000000000,-0.0000000000,-0.0000000000,0.0000000000,0.0000000000,-0.0000000000,0.0000000000,-0.0000000000,0.0000000000,0.0000000000,0.0000000000,-0.0000000000,0.0000000000,-0.0000000000,-0.0000000000,-0.0000000000,0.0000000000,-0.0000000000,-0.0000000000,-0.0000000000,0.0000000000,-0.0000000000,-0.0000000000,-0.0000000000,-0.0000000000,-0.1762055668,-0.0000000000,-0.0000000000,-0.0000000000,-0.0000000000,-0.0085691464,-0.1937991062,-0.0000000000,-0.0000000000,-0.0000000000,-0.0000000000,0.0000000000,0.0000000000,0.0000000000,-0.0000000000,-0.0000000000,-0.0000000000,-0.0480727074,-0.0000000000,-0.0000000000
-0.0000000000,-0.0000000000,-0.0000000000,-0.0000000000,0.0000000000,-0.0000000000,-0.0000000000,-0.0000000000,-0.0000000000,-0.0000000000,0.0000000000,-0.0000000000,-0.7588911950,-0.5637349606,-0.1754940642,-0.0000000000,3.3839826336,-0.0000000000,-0.5132105670,-0.0000000000,-0.0000000000,-0.3287726686,-0.0000000000,-0.6887214657,0.0000000000,0.0000000000,0.0000000000,-0.0000000000,-0.5155869960,-0.0000000000,0.2757464319,0.0000000000,0.0000000000,-0.0000000000,-0.0000000000,0.0000000000,-0.1348216735,-0.0000000000,0.0000000000,-0.0000000000,0.0000000000,0.0000000000,0.0000000000,0.0000000000,0.0000000000,0.0881911843,0.0000000000,0.0884177246,0.0000000000,-0.0000000000,0.0000000000,-0.0000000000,-0.0000000000,0.0000000000,-0.0000000000,-0.0000000000,0.0000000000,-0.0000000000,-0.0000000000,0.3505733214,-0.0000000000,-0.0000000000,-0.0000000000,-0.0000000000,-0.0000000000,-0.0000000000,0.0000000000,-0.0942018126,-0.0000000000,0.0000000000,-0.0000000000,-0.0000000000,-0.0000000000,0.0000000000,-0.0000000000,-0.0000000000,-0.0000000000,-0.0000000000,0.0000000000,0.0000000000,-0.0000000000,0.0000000000,-0.0000000000,-0.0000000000,-0.0000000000,0.0000000000,-0.0000000000,-0.0000000000,-0.0000000000,0.0000000000,0.0000000000,-0.0100315743,0.0000000000,-0.0000000000,0.0000000000,0.0000000000,0.0000000000,0.0000000000,0.0000000000,0.0000000000
0.0000000000,0.0000000000,0.0000000000,-0.0000000000,-0.0000000000,0.0000000000,-0.0000000000,-0.4695511885,-0.1193855431,0.0000000000,0.0000000000,0.0000000000,0.0000000000,0.0000000000,0.0000000000,-0.0000000000,-0.0000000000,5.1677035924,-0.0000000000,-0.5958417236,-0.0000000000,-0.0000000000,-0.0000000000,-0.0000000000,0.0000000000,0.0000000000,-0.0890802379,0.0000000000,-0.0000000000,0.0000000000,0.0000000000,-0.0000000000,0.0000000000,-1.1816638332,-0.0000000000,-0.3364613096,0.0000000000,0.1051231503,0.1415864909,-0.0000000000,-0.1015884219,0.0000000000,0.0000000000,-0.0000000000,-0.0000000000,-0.0000000000,-0.0000000000,-0.0000000000,-0.0000000000,-0.0000000000,0.0000000000,-0.0000000000,-0.0000000000,-0.0000000000,0.0000000000,0.0000000000,-0.0000000000,-0.0000000000,0.0000000000,0.0000000000,0.0000000000,0.0000000000,0.0000000000,0.2426955913,-0.0000000000,0.0000000000,-0.0000000000,0.0000000000,-0.0000000000,-1.3445765792,-0.4849994404,-0.0000000000,-0.0000000000,0.0000000000,0.0000000000,-0.0000000000,-0.0000000000,0.0000000000,0.1359939249,0.0000000000,0.0000000000,-0.0000000000,-0.0000000000,-0.3188902367,-0.0000000000,-0.0000000000,0.0000000000,0.0000000000,-0.4470268006,-0.0000000000,0.0000000000,0.0000000000,0.2240297704,0.0000000000,0.0000000000,-0.0000000000,-0.0000000000,-0.0000000000,-0.0000000000,-0.0000000000
-0.0000000000,-0.0000000000,0.0000000000,-0.0000000000,0.0000000000,-0.0000000000,-0.0000000000,-0.3838942379,-0.0000000000,-0.0000000000,0.2796306161,0.0000000000,-0.0000000000,-0.2639259746,-0.0000000000,-0.0000000000,-0.5132105670,-0.0000000000,3.0820874528,-0.0000000000,-0.0000000000,-0.0000000000,-0.0765888196,-0.0000000000,-0.0000000000,0.0000000000,0.0000000000,-0.0000000000,-0.3577040332,0.0000000000,-0.0000000000,0.1144117789,0.2766442562,-0.5557311621,0.0000000000,-0.0000000000,-0.0000000000,0.0000000000,0.0000000000,-0.0446745196,0.0000000000,0.0000000000,0.0000000000,0.0000000000,-0.0000000000,0.2083260854,0.1254763581,0.0000000000,-0.0530108718,-0.0000000000,-0.0000000000,-0.0000000000,-0.0000000000,0.0000000000,-0.0000000000,-0.0093282288,-0.0000000000,-0.0000000000,-0.0000000000,0.0000000000,0.0000000000,-0.0000000000,0.0000000000,0.0000000000,-0.5320804228,0.0000000000,-0.0000000000,-0.0748552419,-0.0000000000,-0.0000000000,-0.0435561821,0.0000000000,-0.0000000000,0.0000000000,0.0000000000,-0.0000000000,-0.5856802305,-0.0000000000,-0.0000000000,0.0000000000,-0.0000000000,0.0000000000,-0.0000000000,-0.0000000000,-0.0000000000,0.0000000000,-0.0000000000,0.0000000000,-0.0000000000,0.0000000000,0.1766564315,-0.0107396011,0.0000000000,-0.0000000000,-0.0000000000,0.0543934313,0.0000000000,-0.0000000000,-0.0000000000,-0.0000000000
0.0000000000,-0.0000000000,0.0000000000,-0.0000000000,-0.1601701091,-0.0000000000,-0.1545682033,-0.0000000000,-0.0404885968,-0.0000000000,-0.0000000000,-0.0000000000,0.0000000000,0.0000000000,-0.0000000000,-0.0000000000,-0.0000000000,-0.5958417236,-0.0000000000,4.3297470506,-0.3606420420,-0.0000000000,-0.0000000000,-0.0000000000,0.0000000000,-0.1758321550,-0.1423018815,-0.0000000000,-0.5523720525,-0.0116551819,-0.0000000000,-0.0000000000,0.0000000000,-0.0000000000,-0.0000000000,-0.8168662699,0.0000000000,0.0000000000,0.0000000000,-0.0000000000,-0.0000000000,-0.0000000000,-0.0040282778,-0.0000000000,-0.0000000000,-0.0000000000,-0.0000000000,-0.1111559116,-0.0000000000,-0.0000000000,-0.0000000000,-0.0000000000,-0.4509376910,-0.0439137801,-0.0000000000,-0.0000000000,-0.0000000000,-0.0000000000,0.0000000000,-0.0000000000,-0.0911079409,0.0000000000,-0.0000000000,0.0000000000,-0.0000000000,-0.0000000000,-0.0000000000,0.0000000000,-0.0000000000,-0.5967403043,-0.2791173897,-0.0000000000,-0.0000000000,-0.0000000000,-0.0000000000,-0.0000000000,-0.0000000000,-0.0000000000,0.0000000000,0.0000000000,-0.0000000000,-0.0000000000,-0.0000000000,-0.0000000000,-0.0000000000,-0.0000000000,0.0000000000,-0.0000000000,-0.0000000000,-0.0000000000,0.0000000000,0.3171419374,0.0000000000,0.0000000000,-0.0000000000,-0.0000000000,-0.0000000000,-0.0658985653,-0.0000000000,0.0000000000
0.0000000000,-0.0000000000,0.0000000000,-0.0000000000,-0.0000000000,0.0000000000,-0.0000000000,-0.0000000000,-0.3752408692,-0.0000000000,-0.0000000000,-0.0000000000,-0.0000000000,-0.0000000000,-0.7693846808,0.0000000000,-0.0000000000,-0.0000000000,-0.0000000000,-0.3606420420,3.2464952955,0.0000000000,-0.6365659264,-0.0000000000,0.0000000000,-0.0000000000,-0.0000000000,0.0000000000,-0.0000000000,-0.0000000000,0.3286031596,0.0000000000,0.0000000000,0.0000000000,0.0000000000,0.0000000000,0.4372647512,0.0000000000,0.1240438053,-0.0000000000,0.0000000000,0.0000000000,0.0000000000,-0.0000000000,0.0000000000,0.0000000000,0.0000000000,0.0000000000,0.0000000000,0.0000000000,-0.0000000000,-0.0000000000,-0.0000000000,-0.0000000000,-0.0000000000,-0.0000000000,-0.0000000000,-0.0000000000,-0.0000000000,0.0000000000,-0.0000000000,-0.0000000000,-0.0000000000,-0.0000000000,-0.0000000000,-0.0680119711,0.0000000000,0.0000000000,-0.0000000000,-0.0000000000,-0.9668987601,0.0000000000,-0.0000000000,0.0000000000,-0.0000000000,-0.0000000000,-0.0000000000,0.0000000000,0.0000000000,0.1227731172,0.0000000000,0.0000000000,0.0000000000,0.0000000000,-0.0000000000,0.0000000000,0.0000000000,0.0000000000,0.0000000000,0.0000000000,0.0000000000,0.0000000000,0.0000000000,0.0000000000,-0.0000000000,-0.0000000000,0.0000000000,-0.0000000000,-0.0000000000,0.0000000000
-0.0000000000,-0.0000000000,-0.0000000000,0.0000000000,0.0000000000,0.0000000000,0.1521385782,0.0000000000,-0.0000000000,-0.0000000000,0.0000000000,-0.0000000000,-0.0251789387,-0.0000000000,0.0000000000,-0.0000000000,-0.3287726686,-0.0000000000,-0.0000000000,-0.0000000000,0.0000000000,3.2614524899,-0.2019099155,0.0000000000,0.0000000000,-0.4398290947,-0.0000000000,-0.3634910725,-0.1562557567,-0.0000000000,-0.0000000000,-0.0000000000,0.0000000000,-0.0000000000,-0.1824721573,-0.0000000000,-0.0000000000,-0.1389413897,0.0000000000,0.0000000000,0.0471419266,0.0000000000,-0.0000000000,0.0187504597,0.0000000000,0.0000000000,-0.0000000000,-0.0000000000,0.0000000000,0.0000000000,0.0000000000,-0.0000000000,-0.0000000000,0.0000000000,-0.0000000000,-0.0000000000,0.0000000000,-0.0000000000,-0.0000000000,0.0000000000,-0.0000000000,-0.0000000000,-0.1611162239,0.0000000000,-0.0000000000,0.0000000000,0.0000000000,-0.0437693301,-0.0000000000,-0.0000000000,-0.0000000000,-1.1238717536,-0.4574241860,-0.0000000000,-0.0269503411,0.0000000000,-0.0000000000,-0.0573727577,0.0000000000,-0.0000000000,-0.0000000000,0.0000000000,-0.0000000000,-0.0000000000,-0.0000000000,-0.0000000000,0.0000000000,-0.0143294377,-0.0000000000,0.0000000000,0.0000000000,-0.0000000000,0.0000000000,0.0000000000,0.0000000000,0.1957799794,0.0000000000,-0.0000000000,0.0000000000,0.0327834954
-0.0000000000,-0.0373347568,-0.0000000000,-0.0000000000,-0.0000000000,0.0000000000,-0.0000000000,-0.0000000000,-0.0000000000,-0.0000000000,-0.0000000000,-0.0000000000,-0.0000000000,-0.8226102952,-0.0000000000,-0.0000000000,-0.0000000000,-0.0000000000,-0.0765888196,-0.0000000000,-0.6365659264,-0.2019099155,3.6562146049,-0.0000000000,0.0000000000,-0.0000000000,0.0000000000,-0.0000000000,-0.2086560619,-0.2847168446,0.0000000000,0.0000000000,0.0000000000,-0.0000000000,0.0000000000,-0.0000000000,0.0000000000,0.0000000000,0.0000000000,0.0000000000,0.0579782091,0.0000000000,0.0000000000,0.0000000000,0.0000000000,0.2305404682,0.0000000000,0.0000000000,0.0000000000,0.0000000000,-0.0000000000,-0.0000000000,-0.0000000000,-0.0000000000,-0.0000000000,-0.0000000000,-0.0000000000,-0.0000000000,0.0000000000,-0.0000000000,-0.0000000000,-0.0000000000,-0.1513364044,-0.0000000000,-0.0000000000,-0.0000000000,-0.0000000000,-0.0000000000,-0.0000000000,-0.0000000000,-0.4418763486,-0.0000000000,-0.7674769611,-0.0000000000,-0.0000000000,-0.0000000000,-0.0000000000,-0.0000000000,0.0000000000,0.0000000000,0.0000000000,0.0942143153,0.0000000000,0.0000000000,-0.0000000000,-0.0000000000,0.0000000000,-0.0000000000,-0.0000000000,0.0000000000,0.0000000000,-0.0000000000,0.0000000000,0.0000000000,0.0000000000,0.0000000000,0.0000000000,-0.2715638014,-0.0000000000,0.0660650276
-0.0000000000,-0.1154955409,-0.0000000000,0.0000000000,-0.0000000000,-0.0000000000,-0.0000000000,-0.0000000000,-0.0000000000,-0.0000000000,-0.2341157926,-0.0153117869,-0.0000000000,0.0000000000,-0.1750485301,-0.0029467738,-0.6887214657,-0.0000000000,-0.0000000000,-0.0000000000,-0.0000000000,0.0000000000,-0.0000000000,2.4934770122,0.2014398173,0.0000000000,0.0000000000,0.0000000000,-0.0000000000,-0.2176761972,0.0285675178,-0.0000000000,0.0000000000,-0.0698486855,0.0000000000,-0.0000000000,-0.0000000000,0.0000000000,0.0000000000,-0.9022915249,-0.1024106715,0.0000000000,0.0000000000,0.1192526243,0.0000000000,0.0000000000,-0.0000000000,0.0000000000,0.0000000000,-0.0000000000,0.0120807478,-0.0000000000,-0.0000000000,-0.0000000000,0.0000000000,-0.0000000000,0.0000000000,-0.0000000000,0.0176685163,0.1311073196,-0.0000000000,0.0010534833,0.1720556810,-0.0000000000,-0.0000000000,-0.0000000000,0.0026970425,0.0000000000,0.0000000000,0.0000000000,-0.0000000000,0.0362055719,0.0000000000,0.0000000000,-0.0000000000,0.0000000000,-0.0000000000,0.0000000000,0.0000000000,0.0000000000,-0.1527362737,0.0000000000,0.0000000000,0.0000000000,-0.0000000000,0.0000000000,-0.0000000000,-0.0000000000,-0.0000000000,-0.0987389070,0.0457523694,0.0000000000,0.0000000000,0.2780776771,0.0000000000,0.0000000000,0.0000000000,0.0000000000,0.0000000000,0.0000000000
0.1238550082,0.3191073881,0.0000000000,0.0000000000,0.0668464380,-0.0000000000,-0.0000000000,-0.0000000000,0.0000000000,-0.3149107211,0.0000000000,0.0000000000,0.0000000000,-0.0000000000,0.0000000000,0.0000000000,0.0000000000,0.0000000000,-0.0000000000,0.0000000000,0.0000000000,0.0000000000,0.0000000000,0.2014398173,2.9029744111,0.0000000000,0.0000000000,0.0000000000,-0.0000000000,0.0000000000,-0.0365119861,0.0000000000,0.0000000000,0.0000000000,0.0592897165,-0.0000000000,-0.0000000000,-0.0000000000,-0.2357837111,0.0000000000,0.0799203745,-0.2850672274,0.0000000000,0.2098510212,0.0000000000,0.0000000000,0.0000000000,0.0000000000,-0.0000000000,0.0000000000,0.0000000000,0.0000000000,-0.0000000000,-0.0000000000,-0.0525084098,-0.0000000000,-0.0000000000,0.0000000000,-0.3654335729,-0.2433664437,0.0000000000,0.1258982820,-0.0000000000,-0.0000000000,0.0000000000,0.0000000000,0.0000000000,-0.0000000000,-0.0000000000,-0.0000000000,0.0000000000,0.0000000000,-0.0000000000,-0.0000000000,0.2484167293,-1.2115734505,-0.1694522692,-0.0000000000,-0.0000000000,-0.0000000000,0.0000000000,0.0000000000,0.0000000000,0.0000000000,0.0000000000,-0.0000000000,-0.1654814763,0.2192451852,0.0000000000,0.1585313928,0.0047626569,-0.0000000000,-0.0000000000,-0.3161284655,-0.0000000000,0.1678289624,0.0000000000,-0.0000000000,-0.0000000000,0.0000000000
-0.0000000000,-0.0000000000,-0.0000000000,0.0000000000,-0.0000000000,0.0517564009,0.0000000000,0.0000000000,-0.0000000000,-0.0000000000,-0.3209837694,-0.6279413226,0.0000000000,-0.0000000000,0.0000000000,0.0000000000,0.0000000000,0.0000000000,0.0000000000,-0.1758321550,-0.0000000000,-0.4398290947,-0.0000000000,0.0000000000,0.0000000000,2.9424736582,-0.1298809983,-0.0000000000,-0.0000000000,-0.1401131566,0.0000000000,-0.0000000000,0.0000000000,0.0000000000,-0.0000000000,-0.0000000000,0.2762865686,-0.0000000000,0.0134876471,0.0000000000,0.0000000000,-0.0000000000,-0.6508545662,-0.0000000000,-0.0000000000,0.0000000000,-0.0000000000,-0.0000000000,0.0000000000,0.0000000000,0.0000000000,-0.0000000000,-0.0000000000,-0.0000000000,-0.0000000000,0.0000000000,0.0000000000,-0.0000000000,0.0000000000,-0.1989811058,-0.1256443976,0.0000000000,-0.0000000000,0.0000000000,-0.0000000000,0.0000000000,0.0000000000,-0.0000000000,-0.0000000000,-0.0000000000,-0.0000000000,-0.0466902255,-0.0000000000,-0.0000000000,-0.4038604995,-0.0000000000,0.0000000000,-0.0000000000,0.0000000000,-0.0000000000,-0.0000000000,0.0000000000,-0.0000000000,0.0000000000,-0.0000000000,-0.0000000000,0.2307934089,-0.0000000000,-0.0000000000,0.0000000000,0.0160584823,0.0772286040,0.0000000000,0.0000000000,-0.0000000000,-0.0000000000,0.0000000000,-0.1816519704,0.0000000000,0.4141810606
-0.0000000000,0.0000000000,0.0000000000,0.0858167201,0.0000000000,0.0000000000,0.0000000000,0.0000000000,-0.0000000000,0.0000000000,-0.0000000000,0.0000000000,0.0000000000,0.0000000000,-0.0000000000,-0.0000000000,0.0000000000,-0.0890802379,0.0000000000,-0.1423018815,-0.0000000000,-0.0000000000,0.0000000000,0.0000000000,0.0000000000,-0.1298809983,4.1950643892,-0.4580802638,-0.0000000000,-0.0000000000,-0.0000000000,-0.0000000000,0.0000000000,-0.0000000000,-0.4841999162,-0.0000000000,0.0000000000,0.0000000000,0.1046406936,-0.0000000000,-0.0000000000,-0.0000000000,-0.0000000000,-0.0000000000,-0.6749931729,-0.1190744130,-0.0000000000,-0.0000000000,0.0000000000,-0.0000000000,0.0000000000,-0.0000000000,-0.0000000000,0.0000000000,0.0919622082,0.0000000000,-0.0000000000,-0.0000000000,0.0000000000,0.0000000000,-0.0000000000,-0.0000000000,0.0000000000,0.0000000000,-0.0000000000,-0.0000000000,0.0000000000,0.0000000000,-0.0000000000,-0.0909531521,-0.0000000000,-0.0000000000,0.0000000000,0.0000000000,-0.0000000000,0.0000000000,-0.0000000000,-0.0000000000,-0.0000000000,0.0000000000,-0.0000000000,-0.0000000000,-0.0000000000,-0.0000000000,-1.0586242579,-0.0000000000,0.0000000000,-0.8371249876,-0.0000000000,-0.0000000000,0.0136912250,0.0000000000,0.2135496001,0.0000000000,0.0000000000,-0.0000000000,-0.7289641369,-0.0000000000,0.0000000000,0.0000000000
-0.0000000000,-0.0000000000,-0.0000000000,0.0000000000,0.0000000000,0.0000000000,0.1251718596,0.0815045774,0.1387110940,0.0000000000,0.0000000000,0.0522414234,-0.0000000000,0.0000000000,0.0000000000,-0.0363517015,-0.0000000000,0.0000000000,-0.0000000000,-0.0000000000,0.0000000000,-0.3634910725,-0.0000000000,0.0000000000,0.0000000000,-0.0000000000,-0.4580802638,3.6371448826,-0.0000000000,-0.0333057971,-0.0682208522,-0.0000000000,-0.0000000000,-0.0000000000,-0.3084079278,-0.0000000000,-0.3202266693,-0.0000000000,0.0000000000,-0.0000000000,0.0000000000,0.0000000000,-0.0000000000,0.0000000000,-0.0000000000,-0.0579486548,-0.0000000000,-0.2919285965,0.0000000000,0.0000000000,-0.0000000000,-0.0000000000,-0.0000000000,0.0000000000,0.0000000000,-0.0000000000,0.0000000000,0.0000000000,0.0000000000,0.0000000000,-0.0000000000,-0.0000000000,-0.0000000000,-0.0000000000,-0.0000000000,0.0000000000,0.4199686363,-0.0083969051,-0.0000000000,-0.0000000000,-0.0000000000,-0.2221651931,-0.0000000000,0.0254632620,-0.0000000000,0.0000000000,-0.0000000000,-0.3851421117,0.0000000000,0.0000000000,-0.0000000000,0.0000000000,-0.0000000000,0.0000000000,-0.0000000000,-0.0000000000,-0.0000000000,-1.8683040877,-0.0000000000,0.0000000000,0.0000000000,-0.0000000000,0.0000000000,0.0000000000,0.0000000000,0.0000000000,-0.0000000000,-0.0000000000,0.0593252741,0.0000000000
0.0000000000,-0.0000000000,0.0000000000,-0.0000000000,-0.0000000000,-0.0000000000,-0.0938069144,-0.0000000000,-0.0000000000,-0.1020196622,0.0000000000,-0.0000000000,-0.0000000000,-0.0000000000,-0.2057153790,-0.0000000000,-0.5155869960,-0.0000000000,-0.3577040332,-0.5523720525,-0.0000000000,-0.1562557567,-0.2086560619,-0.0000000000,-0.0000000000,-0.0000000000,-0.0000000000,-0.0000000000,4.6188358529,-0.0000000000,-0.0000000000,0.0000000000,-0.0000000000,-0.2200388322,-0.0000000000,-0.0000000000,-0.0446376666,-0.0000000000,-0.0000000000,-0.0000000000,-0.0000000000,-0.0000000000,-0.0000000000,0.0000000000,-0.0000000000,0.0000000000,-0.0000000000,-0.0000000000,-0.0000000000,-0.0000000000,0.0000000000,-0.0000000000,-0.0000000000,-0.0000000000,-0.2056748709,-0.0000000000,-0.0000000000,-0.0000000000,-0.0000000000,0.0000000000,-0.0000000000,-0.0000000000,-0.0000000000,0.0000000000,-0.0081899942,-0.0000000000,-0.0000000000,-0.0000000000,-0.5756377630,-0.0000000000,-0.1506197510,-0.0000000000,-0.0000000000,-0.0000000000,-0.0000000000,-0.0000000000,-1.4082708712,-0.0499788259,0.0000000000,0.0000000000,-0.0568686857,-0.0000000000,-0.0000000000,-0.0000000000,-0.0000000000,-0.0000000000,-0.2599283904,-0.0000000000,-0.0000000000,-0.0000000000,0.0000000000,0.0000000000,0.0000000000,-0.0000000000,-0.0000000000,0.0000000000,0.0000000000,-0.0000000000,-0.0000000000,-0.0000000000
