0,1,2,3,4,5,6,7,8,9,10,11,12,13,14,15,16,17,18,19,20,21,22,23,24,25,26,27,28,29,30,31,32,33,34,35,36,37,38,39,40,41,42,43,44,45,46,47,48,49,50,51,52,53,54,55,56,57,58,59,60,61,62,63,64,65,66,67,68,69,70,71,72,73,74,75,76,77,78,79,80,81,82,83,84,85,86,87,88,89,90,91,92,93,94,95,96,97,98,99
2.6066125119,0.0000000000,-0.0000000000,0.0000000000,0.3704233637,0.0000000000,0.0312203861,0.0000000000,0.0000000000,-0.4512993444,-0.0000000000,-0.0000000000,-0.0000000000,0.0000000000,-0.0000000000,0.0000000000,0.0000000000,0.0000000000,0.0000000000,0.0000000000,0.0000000000,0.0000000000,0.0847473720,0.0000000000,-0.0000000000,0.0000000000,0.0178439111,0.0129668510,0.0103284762,0.0000000000,-0.1839527093,0.0000000000,-0.1286915155,0.1193109286,0.0000000000,-0.0000000000,0.0000000000,-0.0000000000,-0.0000000000,-0.0000000000,0.0000000000,-0.0000000000,-0.0000000000,-0.2220107943,-0.0000000000,-0.0000000000,-0.0000000000,0.0000000000,-0.0000000000,-0.3253953412,-0.7513352436,0.0000000000,0.0000000000,0.0000000000,0.0000000000,-0.0000000000,-0.0000000000,0.0000000000,-0.0000000000,-0.0000000000,-0.0000000000,-0.0000000000,0.0000000000,-0.0000000000,0.0000000000,-0.0000000000,0.0000000000,0.0000000000,0.0000000000,0.0000000000,0.0000000000,0.0000000000,0.0000000000,-0.0203832063,-0.0000000000,-0.0000000000,0.0320569537,0.0000000000,-0.0584524882,0.1311321977,0.1084721914,0.1574804156,-0.0000000000,-0.0000000000,0.0000000000,0.0000000000,-0.0000000000,0.1251272480,-0.0000000000,0.2752417650,-0.0000000000,0.0000000000,-0.0000000000,-0.0000000000,-0.0000000000,-0.2303341215,0.0000000000,0.0000000000,-0.2051831384,-0.1735323616
0.0000000000,3.1451999902,-0.5418683181,-0.0000000000,-0.2387842606,-0.0000000000,-0.1637841204,-0.0000000000,-0.0000000000,-0.0000000000,0.0000000000,0.0000000000,-0.0000000000,-0.0000000000,-0.0000000000,-0.9180246633,0.0000000000,-0.0000000000,-0.1329311143,-0.0301723927,-0.0000000000,-0.0000000000,-0.0000000000,-0.0000000000,0.0000000000,-0.0000000000,-0.0000000000,0.0000000000,0.0000000000,0.0000000000,-0.0000000000,-0.2757301961,-0.0971202616,-0.0000000000,0.0000000000,-0.0000000000,-0.0000000000,-0.0000000000,-0.0000000000,-0.0000000000,-0.0000000000,-0.0000000000,-0.0000000000,-0.0000000000,-0.0000000000,-0.0000000000,-0.0000000000,-0.0000000000,-0.0000000000,-0.0000000000,-0.0000000000,-1.1938588516,-0.0000000000,-0.0000000000,-0.0132789410,-0.0000000000,-0.0369738483,-0.0000000000,-0.0000000000,0.0000000000,0.2059099878,0.0000000000,0.0000000000,-0.0000000000,-0.0000000000,-0.0000000000,0.0000000000,-0.0000000000,-0.0276656684,-0.0000000000,-0.0210641331,0.0000000000,-0.0000000000,-0.0000000000,-0.0000000000,0.0000000000,0.0000000000,0.0000000000,0.0000000000,-0.0000000000,0.0000000000,0.0000000000,0.0000000000,0.0000000000,0.0129264359,-0.0000000000,-0.0000000000,0.0000000000,0.0000000000,0.0162928713,-0.0000000000,0.0000000000,0.0000000000,-0.0000000000,0.0280507465,0.0000000000,0.0000000000,0.0000000000,0.0000000000,0.0000000000
-0.0000000000,-0.5418683181,4.2445863418,-0.0000000000,-0.1823997057,-0.9328415333,-0.0000000000,-0.0000000000,-0.0000000000,-0.0000000000,0.0000000000,-0.0000000000,-0.0000000000,-0.0000000000,-0.0000000000,-0.0000000000,-0.0000000000,0.0000000000,-0.0000000000,-0.0000000000,-0.0000000000,0.0000000000,0.0000000000,-0.0000000000,-0.0000000000,-0.0000000000,0.0000000000,-0.0000000000,-0.0000000000,0.0000000000,-0.0000000000,-0.0000000000,0.0000000000,0.0000000000,0.0000000000,-0.0000000000,-0.0000000000,0.0000000000,0.0000000000,0.0000000000,-0.0000000000,-0.0198300508,-0.0000000000,-0.1356187415,-0.0000000000,-0.0000000000,0.0000000000,0.0000000000,-0.0363584182,-0.0000000000,-0.0000000000,-0.5271523854,-0.0000000000,-0.0000000000,-0.9444567045,-0.9651419488,-0.0000000000,-0.0000000000,-0.0180095777,-0.0000000000,-0.0000000000,-0.0000000000,0.0000000000,-0.0000000000,-0.0000000000,-0.0000000000,0.0000000000,-0.0000000000,-0.0000000000,0.0000000000,-0.0000000000,0.0000000000,0.0000000000,-0.0000000000,-0.0000000000,-0.0017500720,-0.0000000000,0.0000000000,0.0000000000,-0.0000000000,-0.0000000000,0.3889928877,0.0000000000,0.0736545613,0.0000000000,0.1292673066,-0.0000000000,0.0000000000,0.0000000000,0.0000000000,0.0000000000,0.0000000000,0.0000000000,-0.0000000000,-0.0000000000,-0.0000000000,0.2642121201,0.0774664130,-0.0000000000,0.0000000000
0.0000000000,-0.0000000000,-0.0000000000,3.3678854348,-0.0000000000,-0.0000000000,0.0000000000,-0.0000000000,0.0000000000,-0.0000000000,0.0193403481,0.0000000000,-0.0000000000,-0.0370739027,-0.0000000000,-0.0000000000,-0.0000000000,-0.0000000000,-0.0000000000,-0.0000000000,-0.0000000000,-0.0000000000,-0.1318268593,0.1436101183,-0.0000000000,-0.0000000000,0.0000000000,-0.0000000000,0.0000000000,-0.0000000000,0.0000000000,-0.0000000000,0.0000000000,-0.0000000000,0.0000000000,-0.0000000000,-0.0000000000,-0.0000000000,-0.0000000000,0.0046334166,0.0000000000,0.0000000000,-0.1280220939,0.0000000000,0.0000000000,-0.0000000000,-0.0025150458,-0.0000000000,0.0000000000,-0.0000000000,-0.0000000000,-0.6630612582,-0.0000000000,-1.7352807438,-0.5344835535,-0.0000000000,-0.0000000000,-0.0000000000,-0.0000000000,0.0000000000,0.0000000000,-0.0292350738,-0.0000000000,-0.0000000000,-0.0000000000,-0.1112362588,0.0000000000,0.0000000000,-0.0000000000,-0.0000000000,-0.0000000000,0.0000000000,-0.0000000000,0.2565913752,0.2150868481,-0.0000000000,0.0000000000,0.0000000000,0.0000000000,0.0000000000,0.0540301438,0.0000000000,0.0000000000,-0.0000000000,0.0000000000,-0.0000000000,-0.0000000000,-0.0000000000,0.0000000000,0.2569613324,-0.0172849681,-0.0000000000,0.0000000000,0.0000000000,-0.0000000000,-0.0000000000,0.0000000000,0.0000000000,0.0000000000,0.0000000000
0.3704233637,-0.2387842606,-0.1823997057,-0.0000000000,2.0930365451,-0.0000000000,-0.0000000000,-0.0000000000,0.0000000000,0.0000000000,-0.0000000000,-0.0000000000,-0.0000000000,0.0000000000,0.0000000000,-0.0000000000,-0.0000000000,-0.0000000000,-0.0000000000,-0.0531602008,-0.0000000000,0.0000000000,-0.0000000000,-0.0000000000,0.6858584828,-0.0178819426,0.0000000000,0.0000000000,0.0000000000,0.0000000000,-0.0000000000,0.0000000000,-0.0000000000,0.0000000000,0.0000000000,-0.0000000000,0.0000000000,0.0000000000,0.0000000000,0.0665863400,-0.0000000000,-0.0000000000,-0.0000000000,0.0000000000,0.0000000000,0.1180512052,0.0000000000,0.0000000000,-0.0000000000,0.0000000000,-0.0000000000,-0.0011394166,-0.0000000000,-0.0000000000,-0.1400293807,-0.0000000000,-0.0000000000,-0.5458453488,-0.0000000000,-0.0000000000,0.0000000000,-0.0000000000,0.0000000000,0.0000000000,-0.0000000000,-0.0000000000,-0.0359815503,-0.0000000000,-0.0000000000,-0.0000000000,-0.0000000000,-0.0000000000,-0.0000000000,0.0000000000,-0.1691213342,-0.0000000000,-0.0000000000,0.0000000000,0.0000000000,-0.0437891014,-0.0000000000,-0.0000000000,0.1049742592,0.0000000000,0.0000000000,0.0000000000,-0.0000000000,0.0000000000,-0.0000000000,-0.0000000000,-0.0000000000,0.0010729032,0.0579839937,0.0000000000,-0.0000000000,0.0000000000,0.3959761057,0.0000000000,-0.0000000000,-0.0000000000
0.0000000000,-0.0000000000,-0.9328415333,-0.0000000000,-0.0000000000,5.5829606911,-0.0112585872,-0.0000000000,-0.6266800682,-0.0000000000,0.0000000000,-0.0000000000,-0.0000000000,-0.0000000000,-0.2482030072,-0.0000000000,0.0000000000,-0.0000000000,-0.0000000000,-0.1646255554,-0.0000000000,-0.0000000000,-0.0000000000,-0.1160543241,-0.0000000000,-0.0000000000,-0.0000000000,-0.0000000000,-0.0000000000,-0.0000000000,0.0000000000,-0.0000000000,0.0000000000,-0.0000000000,-0.0000000000,-0.0000000000,-0.0000000000,0.0000000000,0.0000000000,0.0000000000,-0.0000000000,0.0000000000,0.0000000000,-0.0000000000,0.0000000000,0.0000000000,0.0000000000,0.0000000000,-0.6184621169,-0.0000000000,-0.0000000000,-0.0000000000,-0.0000000000,-0.0000000000,-1.2632750600,-1.8264627520,-0.0000000000,-0.1869068314,-0.0000000000,0.0000000000,-0.0000000000,-0.0000000000,-0.0000000000,-0.0000000000,-0.1717685052,-0.0000000000,0.0000000000,0.0000000000,-0.0000000000,0.0000000000,-0.0000000000,0.0000000000,0.0000000000,-0.0000000000,-0.0000000000,-0.0000000000,-0.0756985542,-0.0000000000,-0.0000000000,0.0000000000,0.0000000000,0.0000000000,-0.0000000000,0.0000000000,0.0000000000,0.0000000000,-0.0000000000,0.0000000000,-0.0000000000,0.0000000000,0.0000000000,0.0000000000,0.0000000000,0.0000000000,-0.0000000000,0.0000000000,0.0000000000,0.0000000000,-0.0000000000,0.0000000000
0.0312203861,-0.1637841204,-0.0000000000,0.0000000000,-0.0000000000,-0.0112585872,2.7542274901,-0.8201362333,-0.2737258698,0.0000000000,-0.0000000000,0.0000000000,-0.0000000000,0.0000000000,0.0000000000,-0.2172448835,-0.0000000000,-0.2224119192,-0.1832196101,-0.0000000000,-0.0000000000,-0.0589425532,-0.0464138890,-0.2487615771,0.0000000000,-0.1526458371,-0.0000000000,-0.0000000000,-0.0000000000,-0.0000000000,-0.0000000000,-0.0000000000,-0.0000000000,-0.1469395917,-0.1034504491,-0.0000000000,0.0000000000,-0.0000000000,-0.0000000000,-0.0000000000,-0.0000000000,-0.0000000000,-0.1798739702,0.0000000000,-0.0000000000,0.0000000000,-0.0000000000,0.0000000000,-0.0000000000,0.1685721412,0.0000000000,-0.0000000000,-0.2841168752,0.0000000000,-0.0000000000,-0.0000000000,-0.0000000000,-0.3901539517,0.0000000000,0.0000000000,0.0735734898,-0.0000000000,0.0000000000,0.2081426103,0.0000000000,0.0000000000,-0.0273641879,0.0000000000,-0.0000000000,-0.0000000000,-0.0000000000,-0.0000000000,-0.0000000000,-0.0000000000,-0.0000000000,-0.0306764079,-0.0000000000,-0.0000000000,-0.0000000000,0.0000000000,-0.0000000000,0.0000000000,-0.0000000000,-0.0000000000,0.0000000000,-0.0000000000,-0.0000000000,0.0000000000,0.0000000000,-0.0395434930,0.0000000000,0.0000000000,0.0000000000,-0.0000000000,-0.0000000000,0.0000000000,0.0000000000,0.0000000000,0.0000000000,0.0497706964
0.0000000000,-0.0000000000,-0.0000000000,-0.0000000000,-0.0000000000,-0.0000000000,-0.8201362333,4.3523310212,-0.1873955899,0.0042579867,-0.0000000000,0.0000000000,-0.0000000000,0.0000000000,0.0000000000,0.0000000000,0.3554074707,-0.7158130170,0.0000000000,-0.0000000000,-0.0000000000,-0.0000000000,-0.0000000000,0.0000000000,0.0000000000,-0.0000000000,0.0000000000,0.0000000000,0.0000000000,0.0000000000,-0.0000000000,0.0000000000,0.0000000000,0.0000000000,-0.0000000000,0.0000000000,0.0000000000,0.0000000000,0.0000000000,0.0000000000,0.0000000000,0.0000000000,-0.0000000000,0.0000000000,0.0000000000,0.1735971137,0.0000000000,0.0843700838,-0.0000000000,0.2484642880,-0.0000000000,-0.0000000000,-0.0000000000,-0.0000000000,-0.0000000000,-0.0000000000,-1.5229142918,-1.1430466164,0.0000000000,0.0000000000,0.1366496131,-0.0000000000,0.0000000000,0.1296321747,0.0000000000,0.0000000000,-0.0000000000,0.0000000000,-0.0000000000,-0.0000000000,0.0000000000,-0.0000000000,-0.0000000000,0.0000000000,0.0000000000,-0.0000000000,0.0000000000,0.0000000000,0.0000000000,0.0000000000,-0.0000000000,0.0000000000,-0.0000000000,0.0000000000,0.0000000000,0.0000000000,0.0000000000,0.0000000000,0.0000000000,0.0000000000,0.0000000000,0.0000000000,0.0366992596,-0.0000000000,-0.0000000000,0.0000000000,0.0000000000,0.0000000000,-0.0000000000,0.0000000000
0.0000000000,-0.0000000000,-0.0000000000,0.0000000000,0.0000000000,-0.6266800682,-0.2737258698,-0.1873955899,2.0979253784,0.0000000000,0.0179184393,0.0000000000,0.0000000000,-0.0000000000,0.0000000000,0.1449633642,0.0330486099,0.0000000000,-0.0430580566,0.0000000000,-0.0000000000,-0.0000000000,-0.0000000000,-0.2741319305,0.0000000000,0.0000000000,-0.0000000000,-0.0000000000,-0.2385180269,-0.0000000000,-0.0000000000,-0.0000000000,-0.0000000000,-0.0000000000,-0.0000000000,-0.0113571065,-0.0294185923,0.0000000000,-0.0000000000,-0.1193019859,-0.0000000000,-0.0000000000,-0.0000000000,0.0000000000,0.0000000000,-0.0000000000,-0.0000000000,0.0000000000,-0.0000000000,-0.0000000000,0.0000000000,-0.0000000000,-0.0000000000,0.0000000000,-0.0000000000,-0.1177047560,-0.0000000000,-0.4841605667,0.0000000000,0.5062441314,0.0000000000,0.0000000000,-0.0000000000,0.0000000000,-0.0000000000,0.0000000000,-0.0000000000,0.0000000000,-0.0000000000,0.1613703729,0.0510336154,-0.0000000000,0.0000000000,-0.0000000000,0.0000000000,0.0000000000,-0.0000000000,-0.0000000000,-0.0000000000,-0.0000000000,-0.0000000000,0.0000000000,-0.0000000000,0.0000000000,0.0000000000,0.0000000000,-0.0000000000,-0.0000000000,0.0000000000,0.0000000000,-0.0000000000,-0.0000000000,-0.0422752906,-0.0000000000,-0.1619993791,0.0000000000,0.0000000000,0.0000000000,0.0000000000,0.0000000000
-0.4512993444,-0.0000000000,-0.0000000000,-0.0000000000,0.0000000000,-0.0000000000,0.0000000000,0.0042579867,0.0000000000,4.0572832998,-0.0000000000,-0.5037957491,-0.0000000000,-0.0428951543,-0.1333569884,-0.0000000000,-0.0000000000,0.0000000000,-0.0000000000,0.0000000000,-0.0000000000,-0.0000000000,0.0000000000,-0.7889228101,-0.4824268359,-0.0000000000,0.0000000000,-0.0000000000,0.0000000000,-0.0000000000,0.0000000000,-0.0000000000,-0.0359766918,-0.0000000000,0.0000000000,-0.0000000000,-0.0000000000,0.0000000000,-0.1542293508,-0.0000000000,-0.0000000000,-0.0000000000,0.0000000000,-0.0000000000,-0.0000000000,-0.0000000000,-0.0000000000,0.0000000000,-0.2644760124,-0.0000000000,-0.0000000000,-0.0000000000,-0.0000000000,-0.0000000000,-0.0000000000,-0.0000000000,0.0000000000,0.0000000000,-1.3899939826,-0.0000000000,-0.0000000000,-0.0000000000,-0.0000000000,-0.0000000000,-0.0000000000,-0.0463748346,0.0000000000,0.0000000000,0.0000000000,0.3365886837,0.0000000000,0.1234862780,0.0000000000,-0.6237974404,-0.0000000000,-0.0000000000,-0.0000000000,-0.0000000000,0.0000000000,0.0000000000,0.0000000000,0.0000000000,0.0000000000,0.0000000000,0.0000000000,0.0000000000,-0.0000000000,0.0000000000,-0.0000000000,0.0000000000,0.0000000000,0.0000000000,-0.0000000000,0.0673075196,0.0000000000,-0.0000000000,0.0000000000,0.0000000000,-0.0000000000,-0.0000000000
-0.0000000000,0.0000000000,0.0000000000,0.0193403481,-0.0000000000,0.0000000000,-0.0000000000,-0.0000000000,0.0179184393,-0.0000000000,2.5631837070,-0.5749955201,-0.0000000000,0.0000000000,-0.0000000000,-0.0000000000,-0.0000000000,-0.0000000000,0.0079819078,-0.0000000000,0.0688133501,-0.0000000000,0.3633350485,-0.0000000000,-0.0729178938,-0.1071475070,0.0000000000,-0.0000000000,0.0000000000,0.0000000000,-0.0507710053,-0.0000000000,0.0237103539,0.0000000000,-0.0000000000,0.0000000000,0.0000000000,0.0000000000,0.0508592665,0.0000000000,0.0325768672,-0.0000000000,0.0000000000,-0.3327413417,-0.0000000000,0.0000000000,0.0000000000,0.0000000000,-0.0000000000,0.0000000000,-0.0000000000,0.0000000000,-0.0000000000,0.0000000000,0.0000000000,-0.0000000000,-0.0000000000,0.0000000000,-0.0000000000,-0.4976180866,-0.0000000000,-0.2359590787,0.0000000000,0.0000000000,0.2271846763,-0.0000000000,0.0000000000,0.0000000000,0.0000000000,0.0000000000,0.0000000000,0.0000000000,0.0100819214,-0.0241635258,-0.4237146886,-0.0000000000,-0.0000000000,0.0000000000,-0.0000000000,-0.0000000000,-0.0000000000,0.0000000000,-0.0000000000,0.0000000000,0.0000000000,0.0000000000,-0.0000000000,0.0000000000,-0.1780292613,-0.0000000000,0.1294084472,-0.0000000000,0.0000000000,-0.0000000000,0.0000000000,-0.0000000000,0.0427973546,0.0000000000,-0.0703294049,-0.0000000000
-0.0000000000,0.0000000000,-0.0000000000,0.0000000000,-0.0000000000,-0.0000000000,0.0000000000,0.0000000000,0.0000000000,-0.5037957491,-0.5749955201,3.8530993970,-0.0000000000,-0.0000000000,-0.0000000000,-0.0000000000,-0.5606300458,0.0000000000,0.0000000000,0.0000000000,0.0000000000,0.0000000000,0.0000000000,-0.1838222150,-0.0000000000,-0.4165568544,0.0000000000,-0.0000000000,-0.0000000000,0.0000000000,0.0000000000,0.0000000000,0.0000000000,0.0000000000,-0.0000000000,-0.0000000000,-0.0000000000,0.0000000000,0.0000000000,-0.0000000000,0.0000000000,-0.0000000000,0.0000000000,-0.0000000000,-0.0000000000,0.0000000000,0.0000000000,0.0000000000,-0.3564284529,-0.0000000000,-0.0000000000,0.0000000000,0.0000000000,0.0000000000,-0.0000000000,-0.0000000000,-0.0000000000,0.0000000000,-0.1357651708,-0.3297405310,-0.6034387873,-0.2471587395,-0.0000000000,-0.0000000000,-0.0000000000,-0.0000000000,0.0000000000,-0.0000000000,0.0000000000,0.0000000000,0.0000000000,0.0000000000,0.1069190287,-0.0000000000,-0.4336860376,-0.0000000000,-0.0000000000,0.0000000000,0.0000000000,0.0000000000,0.0000000000,0.0000000000,-0.0000000000,-0.0000000000,-0.0000000000,0.0000000000,-0.1365184266,0.0000000000,-0.0000000000,0.0000000000,0.1364214619,0.0000000000,-0.0000000000,-0.0000000000,0.0000000000,-0.0000000000,0.0000000000,0.0000000000,-0.0000000000,-0.0000000000
-0.0000000000,-0.0000000000,-0.0000000000,-0.0000000000,-0.0000000000,-0.0000000000,-0.0000000000,-0.0000000000,0.0000000000,-0.0000000000,-0.0000000000,-0.0000000000,3.1805400495,-0.0000000000,-0.0901571217,-0.0000000000,-0.5506335580,-0.0000000000,0.0880450148,-0.0000000000,-0.0000000000,-0.0000000000,-0.0000000000,0.0146797221,-0.0000000000,-0.1345871983,-0.0000000000,-0.0000000000,-0.0000000000,-0.1106405540,-0.0000000000,-0.2982717307,-0.0000000000,0.0000000000,0.0000000000,-0.0000000000,-0.2101424143,-0.0000000000,0.0000000000,0.0000000000,-0.0000000000,-0.0000000000,-0.0000000000,-0.0000000000,-0.0000000000,-0.0000000000,0.0000000000,-0.0000000000,-0.0000000000,-0.0000000000,0.0000000000,0.0000000000,0.1377288144,0.0000000000,-0.0000000000,-0.0000000000,-0.0000000000,0.0000000000,-0.0000000000,-0.0000000000,-0.0000000000,-1.4978330206,-0.4626423890,-0.0000000000,0.0000000000,-0.0000000000,0.0000000000,-0.0000000000,-0.0000000000,-0.0000000000,-0.0000000000,-0.0000000000,-0.0797283961,0.0032063052,-0.0000000000,-0.0000000000,-0.0000000000,-0.0000000000,-0.0000000000,0.0000000000,-0.0000000000,0.0000000000,0.0000000000,0.0000000000,0.0000000000,-0.0000000000,-0.0212357568,0.0000000000,-0.0000000000,0.0000000000,0.0000000000,-0.0000000000,0.0000000000,-0.1421402973,-0.0000000000,-0.0000000000,0.0000000000,0.0000000000,-0.0000000000,-0.0000000000
0.0000000000,-0.0000000000,-0.0000000000,-0.0370739027,0.0000000000,-0.0000000000,0.0000000000,0.0000000000,-0.0000000000,-0.0428951543,0.0000000000,-0.0000000000,-0.0000000000,3.4408496577,-0.5919955579,0.0000000000,-0.0665937917,0.0000000000,-0.5470967809,0.0000000000,-0.0000000000,-0.0000000000,-0.4887410833,-0.0217723808,-0.0000000000,0.0000000000,-0.0568167987,-0.0329754983,-0.0000000000,-0.7167685382,0.0259945749,-0.0000000000,0.0000000000,-0.0367065268,0.0000000000,-0.1448743476,-0.2017800626,-0.0000000000,-0.0767011192,-0.0000000000,-0.0342851128,0.0313328713,-0.0000000000,0.0000000000,-0.0000000000,-0.0125675996,-0.0000000000,-0.0000000000,-0.0000000000,-0.0000000000,0.0000000000,0.0000000000,0.1097034982,-0.0000000000,-0.4751251702,-0.0000000000,0.0000000000,-0.0000000000,-0.0000000000,0.0781739456,-0.0000000000,-0.0000000000,-0.0104532481,-0.1237059726,-0.6154438813,-0.0000000000,0.0601806850,-0.0000000000,-0.0000000000,0.0000000000,0.0000000000,0.0000000000,-0.0000000000,0.0000000000,0.0000000000,0.0000000000,-0.0000000000,-0.0000000000,0.0000000000,-0.0000000000,0.0000000000,0.0000000000,0.0605016849,0.0000000000,0.0000000000,0.0000000000,-0.0000000000,-0.0000000000,0.0000000000,0.0668770490,0.0000000000,0.0000000000,-0.0000000000,0.0278858371,0.0000000000,-0.0000000000,-0.0000000000,-0.0000000000,0.0000000000,0.0000000000
-0.0000000000,-0.0000000000,-0.0000000000,-0.0000000000,0.0000000000,-0.2482030072,0.0000000000,0.0000000000,0.0000000000,-0.1333569884,-0.0000000000,-0.0000000000,-0.0901571217,-0.5919955579,5.5511272880,-0.0000000000,0.0000000000,0.0000000000,0.1424860185,-0.3757849488,-0.0000000000,-0.0000000000,-0.0000000000,-0.0000000000,-0.0000000000,-0.0000000000,-0.0000000000,-0.2993393815,-0.0000000000,-0.4902398887,0.0000000000,-0.3375172649,0.0000000000,0.0000000000,0.0000000000,-0.0000000000,-0.0000000000,0.0000000000,0.0000000000,-0.0000000000,-0.0000000000,0.0000000000,-0.0000000000,-0.0000000000,-0.0000000000,-0.0000000000,-0.0000000000,-0.0000000000,-0.0000000000,-0.0000000000,-0.0000000000,-0.0000000000,0.0000000000,-0.0000000000,-0.1122907501,-0.0487409090,0.0000000000,-0.0000000000,-0.0010682197,0.0000000000,-0.0000000000,-0.0000000000,-0.0022556704,-0.0000000000,-0.0000000000,-2.7091823788,0.0989281235,0.0000000000,0.0871229821,0.0000000000,-0.0000000000,0.0000000000,-0.0000000000,0.0000000000,0.0000000000,0.0000000000,-0.6389406466,-0.1830298024,-0.0000000000,-0.0162978404,0.0000000000,0.0000000000,0.0000000000,0.0000000000,-0.0000000000,-0.0000000000,-0.0000000000,-0.0000000000,-0.0000000000,0.0000000000,0.0000000000,0.0467011543,0.1970788757,0.0000000000,0.0000000000,-0.0000000000,-0.0000000000,-0.0000000000,-0.1322421206,0.0000000000
0.0000000000,-0.9180246633,-0.0000000000,-0.0000000000,-0.0000000000,-0.0000000000,-0.2172448835,0.0000000000,0.1449633642,-0.0000000000,-0.0000000000,-0.0000000000,-0.0000000000,0.0000000000,-0.0000000000,2.8794135645,-0.0000000000,-0.0000000000,0.0000000000,-0.5624735825,0.0000000000,-0.1718378157,-0.0000000000,0.0000000000,-0.0499882498,-0.0533192574,-0.0000000000,-0.0000000000,-0.0000000000,-0.0000000000,-0.0000000000,-0.0768599687,-0.0000000000,-0.3968738494,-0.0000000000,-0.0000000000,-0.0000000000,-0.1748343364,-0.0000000000,-0.1008366032,-0.0000000000,-0.1715617422,-0.0000000000,-0.0000000000,-0.3401832088,0.0000000000,-0.0000000000,-0.0000000000,-0.0000000000,-0.0000000000,-0.0000000000,-0.0000000000,-0.3608883321,-0.0000000000,-0.0000000000,-0.0000000000,-0.0000000000,-0.0000000000,-0.0000000000,0.0000000000,-0.0000000000,-0.0000000000,0.0000000000,0.0000000000,0.1730491588,-0.0000000000,-0.0337809252,0.0000000000,0.0000000000,-0.2655454003,-0.0000000000,0.0000000000,0.0000000000,-0.0000000000,0.0000000000,-0.0737021552,-0.0000000000,0.0000000000,-0.0000000000,-0.0000000000,0.0000000000,-0.0000000000,-0.0000000000,-0.0000000000,-0.0000000000,-0.0261921148,-0.0000000000,0.0000000000,-0.0437970765,-0.0243423803,0.0000000000,0.0000000000,-0.0000000000,-0.0120926226,-0.0000000000,0.0000000000,0.0000000000,0.0000000000,0.0000000000,-0.0000000000
0.0000000000,0.0000000000,-0.0000000000,-0.0000000000,-0.0000000000,0.0000000000,-0.0000000000,0.3554074707,0.0330486099,-0.0000000000,-0.0000000000,-0.5606300458,-0.5506335580,-0.0665937917,0.0000000000,-0.0000000000,2.8615775500,0.0000000000,-0.2503652818,0.0000000000,0.0000000000,-0.1520955614,-0.0000000000,-0.0000000000,-0.0165043063,-0.0000000000,-0.0000000000,-0.0000000000,0.0000000000,-0.0000000000,0.0294529700,0.0000000000,0.0000000000,-0.4241371827,-0.0000000000,-0.0000000000,-0.0000000000,-0.1073392385,-0.2615769229,-0.0000000000,-0.0000000000,-0.0000000000,0.0000000000,0.0000000000,-0.0000000000,0.0000000000,-0.0000000000,0.0000000000,0.0000000000,-0.0000000000,0.0145730237,0.0000000000,0.0000000000,-0.0000000000,-0.0000000000,0.0000000000,0.0000000000,0.0000000000,-0.1450563064,-0.0000000000,-0.0000000000,-0.0920538277,-0.0000000000,-0.0000000000,0.0000000000,0.0000000000,-0.0000000000,-0.6088381940,-0.0000000000,0.0000000000,0.0000000000,0.0000000000,-0.0000000000,-0.0000000000,-0.0000000000,-0.3310174829,0.0000000000,0.0000000000,0.0000000000,0.0000000000,0.0000000000,-0.0000000000,0.0000000000,-0.0000000000,0.0000000000,0.0000000000,-0.0000000000,0.0000000000,0.0571363089,0.0000000000,0.0000000000,-0.1354832154,-0.0000000000,-0.0000000000,-0.0000000000,-0.0000000000,0.0000000000,0.2090123972,0.0000000000,-0.1229074256
0.0000000000,-0.0000000000,0.0000000000,-0.0000000000,-0.0000000000,-0.0000000000,-0.2224119192,-0.7158130170,0.0000000000,0.0000000000,-0.0000000000,0.0000000000,-0.0000000000,0.0000000000,0.0000000000,-0.0000000000,0.0000000000,4.1333007432,0.0000000000,-0.9610698113,-0.0995728830,-0.0000000000,-0.0000000000,0.0000000000,0.0000000000,-0.0000000000,-0.0000000000,0.0000000000,0.0000000000,0.0000000000,-0.0000000000,0.0000000000,-0.0000000000,-0.4803920244,-0.2930538328,0.0000000000,0.0000000000,-0.0000000000,0.0000000000,0.1875320211,0.0000000000,0.0000000000,0.0000000000,0.0000000000,0.0000000000,0.0000000000,-0.0000000000,-0.0000000000,0.0000000000,0.0000000000,0.0000000000,-0.0000000000,-0.0000000000,-0.0000000000,-0.0000000000,-0.0000000000,-0.6045913408,-0.0000000000,0.0000000000,0.0000000000,0.0751581927,-0.0000000000,0.0000000000,0.0000000000,0.0000000000,0.0000000000,-0.0000000000,0.0349600922,-0.0000000000,-1.2548692180,-0.0142220640,-0.0000000000,-0.2054738895,0.0000000000,0.0000000000,0.0000000000,-0.0000000000,0.0000000000,0.0000000000,0.0000000000,-0.1105345768,-0.0000000000,-0.0848424801,0.0000000000,-0.0000000000,-0.0000000000,-0.0000000000,0.0000000000,-0.0000000000,-0.0000000000,-0.0000000000,0.0000000000,0.0000000000,-0.0000000000,-0.0000000000,0.0376369510,0.0000000000,-0.0000000000,-0.0000000000,0.0000000000
0.0000000000,-0.1329311143,-0.0000000000,-0.0000000000,-0.0000000000,-0.0000000000,-0.1832196101,0.0000000000,-0.0430580566,-0.0000000000,0.0079819078,0.0000000000,0.0880450148,-0.5470967809,0.1424860185,0.0000000000,-0.2503652818,0.0000000000,2.7887591577,0.0000000000,-0.0000000000,0.0000000000,-0.0000000000,-0.6609380029,0.0000000000,0.0000000000,-0.0000000000,0.0289489031,0.2433723997,0.0000000000,0.0000000000,-0.0000000000,-0.0000000000,-0.4688326902,-0.0000000000,-0.0090193582,0.0000000000,-0.0000000000,-0.4377612067,-0.0000000000,-0.0000000000,0.0000000000,0.0000000000,0.1608871873,-0.0000000000,0.0000000000,-0.0000000000,0.0000000000,-0.0000000000,0.0000000000,0.0914770710,-0.0000000000,-0.0000000000,-0.0000000000,-0.0000000000,0.0000000000,0.0000000000,-0.0000000000,0.0000000000,0.0000000000,0.0272835099,0.1896664406,0.0000000000,-0.0000000000,-0.2785382812,0.0000000000,-0.0000000000,-0.5391063601,-0.1338490496,0.0000000000,0.0000000000,0.1116262294,-0.1270931620,-0.0000000000,-0.0000000000,0.0000000000,0.0000000000,0.0000000000,0.0717792171,0.0000000000,0.0000000000,-0.0000000000,0.0882131978,-0.0000000000,0.0000000000,0.0000000000,-0.0000000000,0.0000000000,0.3473881361,0.5449997934,-0.0000000000,0.0000000000,-0.1183581362,0.0000000000,0.0000000000,0.0000000000,0.0000000000,0.0012133154,0.3866716820,-0.0000000000
0.0000000000,-0.0301723927,-0.0000000000,-0.0000000000,-0.0531602008,-0.1646255554,-0.0000000000,-0.0000000000,0.0000000000,0.0000000000,-0.0000000000,0.0000000000,-0.0000000000,0.0000000000,-0.3757849488,-0.5624735825,0.0000000000,-0.9610698113,0.0000000000,4.7569077705,-0.0000000000,0.0000000000,-0.0000000000,0.0000000000,0.0000000000,-0.0000000000,-0.0000000000,-0.0000000000,-0.0000000000,-0.0000000000,-0.0000000000,-0.0000000000,-0.0000000000,-0.0000000000,-0.0000000000,-0.0000000000,-0.0000000000,0.0000000000,0.0000000000,0.0000000000,0.0000000000,0.0000000000,0.0000000000,-0.0000000000,-0.0000000000,0.0000000000,-0.0000000000,-0.0000000000,-0.0000000000,0.0000000000,-0.0000000000,-0.0000000000,-0.0778268284,-0.0000000000,-0.0533501209,-0.3738849937,-0.0000000000,-0.2909070216,-0.0000000000,0.0000000000,0.0000000000,-0.0000000000,0.0000000000,-0.0000000000,0.0000000000,-0.0512351883,-0.0000000000,0.2290646055,0.0000000000,-0.0000000000,-0.8904938325,0.0000000000,0.0000000000,0.0000000000,0.0000000000,0.0000000000,-0.8051109077,0.0000000000,-0.0000000000,-0.0000000000,-0.0000000000,-0.0000000000,-0.0000000000,0.0010643737,-0.0000000000,-0.0000000000,-0.0000000000,0.0000000000,-0.9168428638,-0.0000000000,0.0000000000,0.0000000000,0.3532986803,-0.0000000000,0.0000000000,0.0000000000,0.0000000000,-0.0000000000,-0.2697327374,0.0000000000
0.0000000000,-0.0000000000,-0.0000000000,-0.0000000000,-0.0000000000,-0.0000000000,-0.0000000000,-0.0000000000,-0.0000000000,-0.0000000000,0.0688133501,0.0000000000,-0.0000000000,-0.0000000000,-0.0000000000,0.0000000000,0.0000000000,-0.0995728830,-0.0000000000,-0.0000000000,3.0431908888,0.0000000000,-0.7025205730,-0.0587703188,0.0000000000,-0.0000000000,-0.0000000000,0.0142192383,-0.0000000000,-0.0000000000,-0.0000000000,-0.0000000000,-0.0000000000,-0.0000000000,0.0000000000,-0.0000000000,-0.0000000000,0.0000000000,0.0000000000,0.0000000000,-0.0000000000,0.0000000000,0.0000000000,0.0000000000,0.0000000000,-0.0000000000,-0.0000000000,-0.0000000000,-0.0000000000,0.0000000000,-0.0000000000,-0.0964498033,0.0000000000,-0.0000000000,-0.0000000000,-0.0000000000,-0.0000000000,-0.0000000000,-0.0000000000,0.0000000000,0.0000000000,0.0000000000,0.0000000000,0.0000000000,-0.4572997778,-0.1036216283,0.2270839965,0.0000000000,-0.0000000000,0.0000000000,-0.9594359940,0.0000000000,-0.3867909817,0.0000000000,0.0000000000,0.0000000000,-0.2139761114,-0.0000000000,0.0000000000,-0.0000000000,-0.0875957904,0.0000000000,0.0000000000,0.0000000000,-0.0000000000,0.0000000000,-0.0000000000,0.0000000000,0.0000000000,0.0267906326,-0.0000000000,0.0000000000,-0.0000000000,0.0916056360,0.0000000000,0.0000000000,0.0000000000,-0.0000000000,-0.0000000000,0.0000000000
0.0000000000,-0.0000000000,0.0000000000,-0.0000000000,0.0000000000,-0.0000000000,-0.0589425532,-0.0000000000,-0.0000000000,-0.0000000000,-0.0000000000,0.0000000000,-0.0000000000,-0.0000000000,-0.0000000000,-0.1718378157,-0.1520955614,-0.0000000000,0.0000000000,0.0000000000,0.0000000000,3.1291313264,-0.1219297912,-0.0000000000,-0.0000000000,-0.0000000000,-0.0000000000,-0.0000000000,0.0000000000,-0.1395583035,0.0000000000,-0.0000000000,0.0000000000,-0.1426686879,-0.9525810768,0.0000000000,0.0000000000,-0.0000000000,-0.0148793163,-0.0000000000,-0.0000000000,-0.0000000000,-0.0679234361,0.0000000000,-0.0000000000,-0.0000000000,-0.5667845690,0.0000000000,0.2547460951,0.0000000000,0.0000000000,-0.0000000000,-0.0000000000,-0.2014491394,-0.0000000000,-0.0000000000,-0.0000000000,-0.0000000000,-0.1370826944,0.0000000000,-0.0000000000,-0.0000000000,-0.0000000000,0.0000000000,0.0000000000,0.0000000000,-0.0000000000,0.0000000000,-0.0000000000,-0.0000000000,0.0000000000,-0.5932800422,-0.0000000000,-0.0000000000,0.0000000000,-0.0000000000,-0.0000000000,-0.0000000000,-0.0000000000,0.0000000000,-0.0000000000,-0.0000000000,-0.0000000000,-0.0000000000,-0.0000000000,-0.0631556220,0.0000000000,-0.0000000000,0.0000000000,-0.2618176524,-0.0000000000,-0.0000000000,-0.2372299471,-0.0000000000,-0.0000000000,0.0000000000,-0.0000000000,0.0000000000,0.0000000000,0.0000000000
0.0847473720,-0.0000000000,0.0000000000,-0.1318268593,-0.0000000000,-0.0000000000,-0.0464138890,-0.0000000000,-0.0000000000,0.0000000000,0.3633350485,0.0000000000,-0.0000000000,-0.4887410833,-0.0000000000,-0.0000000000,-0.0000000000,-0.0000000000,-0.0000000000,-0.0000000000,-0.7025205730,-0.1219297912,4.8486589329,0.0000000000,0.1154833046,-0.0000000000,-0.0000000000,0.0000000000,0.0000000000,-0.9657576346,0.0000000000,-0.0000000000,-0.0000000000,-0.0435485721,-0.0000000000,-0.0000000000,0.0000000000,0.0000000000,-0.0000000000,-0.0000000000,-0.0000000000,0.0000000000,-0.0000000000,0.1563424995,0.0000000000,-0.0000000000,-0.5615603771,-0.0000000000,0.0000000000,0.0000000000,0.0000000000,-0.0000000000,0.0000000000,-0.0253675405,-0.0000000000,0.0000000000,-0.0000000000,-0.0000000000,-0.0000000000,0.0914802249,0.0000000000,-0.0000000000,-0.0000000000,0.0000000000,-0.0000000000,-0.0000000000,-0.0000000000,0.0000000000,-0.0000000000,-0.0000000000,-0.0000000000,-0.0000000000,-0.9801773573,0.0000000000,0.0000000000,0.0000000000,-0.0000000000,-0.8457132268,0.0000000000,0.0000000000,0.0000000000,-0.0000000000,0.0288468559,-0.0000000000,-0.0000000000,-0.4050096966,0.0000000000,-0.0000000000,0.0000000000,0.0000000000,-0.0000000000,0.0000000000,-0.0000000000,0.2078881555,0.0000000000,0.0000000000,-0.0000000000,-0.0000000000,0.0000000000,0.0000000000
0.0000000000,-0.0000000000,-0.0000000000,0.1436101183,-0.0000000000,-0.1160543241,-0.2487615771,0.0000000000,-0.2741319305,-0.7889228101,-0.0000000000,-0.1838222150,0.0146797221,-0.0217723808,-0.0000000000,0.0000000000,-0.0000000000,0.0000000000,-0.6609380029,0.0000000000,-0.0587703188,-0.0000000000,0.0000000000,2.5341589396,-0.0000000000,-0.0207670597,-0.0000000000,-0.0000000000,-0.0000000000,-0.0000000000,0.0000000000,0.0000000000,0.0000000000,-0.0000000000,-0.0000000000,-0.0000000000,-0.0000000000,0.0000000000,-0.0000000000,-0.0000000000,-0.0000000000,0.0000000000,0.0565111491,0.0000000000,0.0000000000,0.0000000000,0.0000000000,0.0063696076,-0.0309981923,0.0000000000,-0.0000000000,-0.0000000000,-0.0000000000,0.0000000000,-0.0000000000,-0.0000000000,0.0000000000,-0.0000000000,-0.0286627953,-0.0000000000,-0.0000000000,0.0000000000,0.0000000000,-0.0000000000,-0.0000000000,0.0000000000,0.0728569955,-0.0000000000,-0.0000000000,0.0000000000,0.0000000000,0.0000000000,0.0000000000,-0.1773803901,-0.4507524909,-0.0000000000,-0.0035387471,0.0000000000,0.0000000000,-0.0000000000,-0.4990370360,-0.0000000000,-0.0000000000,0.0000000000,0.0000000000,0.2211140019,0.0000000000,0.0000000000,0.0000000000,-0.0000000000,0.0394424839,0.0000000000,-0.0000000000,0.0366578405,0.0000000000,0.0000000000,0.1054249476,0.0000000000,-0.0000000000,0.0000000000
-0.0000000000,0.0000000000,-0.0000000000,-0.0000000000,0.6858584828,-0.0000000000,0.0000000000,0.0000000000,0.0000000000,-0.4824268359,-0.0729178938,-0.0000000000,-0.0000000000,-0.0000000000,-0.0000000000,-0.0499882498,-0.0165043063,0.0000000000,0.0000000000,0.0000000000,0.0000000000,-0.0000000000,0.1154833046,-0.0000000000,2.5919075878,-0.0758119630,-0.0000000000,-0.2124481048,-0.0000000000,-0.0000000000,0.0000000000,-0.0000000000,-0.0000000000,-0.0305427675,-0.0000000000,0.0000000000,-0.0205718679,-0.0000000000,-0.0000000000,0.0000000000,0.0000000000,-0.0000000000,0.0000000000,-0.1104546405,-0.0000000000,0.0000000000,0.0000000000,0.0000000000,0.0000000000,-0.0000000000,-0.0000000000,-0.0000000000,-0.0000000000,-0.0000000000,-0.0000000000,-0.0000000000,-0.0000000000,0.0000000000,-0.1559617384,-0.0000000000,-0.3058316750,0.0000000000,-0.0000000000,-0.0000000000,0.0000000000,0.0000000000,0.0000000000,0.0000000000,0.0000000000,0.0000000000,0.0000000000,0.0000000000,0.0000000000,-0.0000000000,0.0000000000,-0.4433112088,0.0000000000,0.0000000000,-0.0000000000,0.1903984175,-0.0000000000,0.0000000000,-0.0000000000,0.0000000000,0.0000000000,0.0000000000,-0.0000000000,-0.0000000000,-0.0000000000,-0.0000000000,0.0323843356,-0.4255049976,-0.0000000000,-0.0000000000,0.0000000000,-0.0000000000,0.0000000000,0.3749944132,-0.0000000000,-0.0000000000
0.0000000000,-0.0000000000,-0.0000000000,-0.0000000000,-0.0178819426,-0.0000000000,-0.1526458371,-0.0000000000,0.0000000000,-0.0000000000,-0.1071475070,-0.4165568544,-0.1345871983,0.0000000000,-0.0000000000,-0.0533192574,-0.0000000000,-0.0000000000,0.0000000000,-0.0000000000,-0.0000000000,-0.0000000000,-0.0000000000,-0.0207670597,-0.0758119630,2.9069483795,-0.0000000000,-0.0408079365,-0.0000000000,-0.0000000000,0.0000000000,0.0000000000,0.0000000000,-0.0000000000,-0.0541279647,0.0000000000,0.0000000000,0.0000000000,0.1029168983,0.0000000000,0.0000000000,-0.0209451956,0.0000000000,-0.0000000000,-0.0000000000,0.0000000000,0.0000000000,0.0000000000,-0.0000000000,0.0000000000,-0.0000000000,-0.0743910022,-0.0000000000,-0.0000000000,-0.0000000000,-0.0756773994,-0.1428638345,-0.0000000000,-0.0000000000,-0.9910960414,-0.2299745368,-0.0176433751,-0.0000000000,-0.0000000000,-0.0000000000,-0.1048076456,-0.0000000000,0.0000000000,-0.0000000000,-0.0000000000,-0.0000000000,-0.0000000000,-0.0000000000,-0.0000000000,-0.0000000000,-0.5550136142,-0.0438895880,-0.0000000000,0.0000000000,0.0000000000,-0.0000000000,-0.0000000000,0.0000000000,-0.0000000000,-0.1925248239,-0.0000000000,-0.0000000000,-0.0000000000,-0.0982012509,-0.2344653350,0.1612945185,0.0000000000,0.0000000000,0.1259282187,0.0048138619,-0.0000000000,0.0000000000,0.0000000000,-0.0000000000,0.0000000000
0.0178439111,-0.0000000000,0.0000000000,0.0000000000,0.0000000000,-0.0000000000,-0.0000000000,0.0000000000,-0.0000000000,0.0000000000,0.0000000000,0.0000000000,-0.0000000000,-0.0568167987,-0.0000000000,-0.0000000000,-0.0000000000,-0.0000000000,-0.0000000000,-0.0000000000,-0.0000000000,-0.0000000000,-0.0000000000,-0.0000000000,-0.0000000000,-0.0000000000,5.0871726867,-0.7672263771,-0.3451491239,-0.0282537404,0.0000000000,-0.0000000000,-0.0000000000,-0.0835474989,-0.1699649534,-0.0000000000,-0.0000000000,-0.0000000000,-0.0000000000,-0.0000000000,-0.3729390923,-0.0000000000,-0.0000000000,-0.0000000000,-0.2576498698,-0.9173141814,-0.2661522012,-0.3422446068,0.0000000000,-0.0000000000,0.1456289518,0.0000000000,0.0000000000,0.0000000000,-0.0000000000,0.0000000000,0.0751541286,0.0000000000,0.0000000000,0.0000000000,-0.0000000000,0.0000000000,-0.0361887237,-0.4429810878,-0.0000000000,-0.0000000000,0.0000000000,-0.0000000000,-0.0000000000,0.0000000000,-0.0000000000,-0.0000000000,-0.0000000000,0.0000000000,0.0000000000,0.0000000000,-0.0000000000,-0.0000000000,-0.0000000000,-0.0000000000,-0.0000000000,-0.0688410167,0.0000000000,-0.0000000000,-0.6125754092,-0.0000000000,-0.0000000000,-0.5908889626,0.0000000000,-0.0000000000,0.0000000000,-0.0000000000,0.0000000000,0.0000000000,0.0000000000,-0.0000000000,-0.1951303013,-0.0000000000,0.0000000000,0.0000000000
0.0129668510,0.0000000000,-0.0000000000,-0.0000000000,0.0000000000,-0.0000000000,-0.0000000000,0.0000000000,-0.0000000000,-0.0000000000,-0.0000000000,-0.0000000000,-0.0000000000,-0.0329754983,-0.2993393815,-0.0000000000,-0.0000000000,0.0000000000,0.0289489031,-0.0000000000,0.0142192383,-0.0000000000,0.0000000000,-0.0000000000,-0.2124481048,-0.0408079365,-0.7672263771,4.4645608400,-0.7024674954,-0.0000000000,0.0971110549,-0.0000000000,0.0000000000,-0.0000000000,-0.0000000000,-0.0000000000,-0.5034086053,0.0000000000,0.0000000000,-0.0000000000,-0.0000000000,0.0000000000,0.0000000000,-0.0000000000,-0.2025763714,-0.0000000000,-0.0000000000,-0.0000000000,0.0000000000,0.0000000000,0.0000000000,-0.0000000000,0.0000000000,0.0000000000,-0.0000000000,-0.0000000000,0.0000000000,-0.0000000000,-0.0000000000,0.0000000000,-0.1675068234,-0.0000000000,-0.7450980396,-0.0000000000,-0.0000000000,-0.0000000000,0.0000000000,0.0000000000,0.0000000000,0.0577281157,0.0000000000,-0.0000000000,0.0000000000,0.0000000000,0.0000000000,-0.0000000000,-0.2566248701,-0.0000000000,-0.0000000000,-0.0000000000,0.0000000000,-0.0000000000,0.0000000000,0.0000000000,-0.0000000000,-0.0000000000,-0.0000000000,-1.2012431098,-0.0000000000,-0.0000000000,0.1952334295,-0.0000000000,0.0000000000,-0.0000000000,0.0000000000,-0.0000000000,-0.0000000000,-0.0000000000,0.0000000000,0.0000000000
0.0103284762,0.0000000000,-0.0000000000,0.0000000000,0.0000000000,-0.0000000000,-0.0000000000,0.0000000000,-0.2385180269,0.0000000000,0.0000000000,-0.0000000000,-0.0000000000,-0.0000000000,-0.0000000000,-0.0000000000,0.0000000000,0.0000000000,0.2433723997,-0.0000000000,-0.0000000000,0.0000000000,0.0000000000,-0.0000000000,-0.0000000000,-0.0000000000,-0.3451491239,-0.7024674954,3.5264764970,-0.0000000000,0.0053830875,-0.0000000000,-0.0000000000,-0.0000000000,-0.0000000000,-0.0000000000,-0.8241535206,0.4731387322,0.0000000000,-0.0000000000,-0.0000000000,0.0000000000,0.0000000000,-0.0000000000,-0.0000000000,-0.0000000000,-0.0000000000,-0.1097602076,-0.0000000000,0.0000000000,0.0000000000,0.0000000000,0.0000000000,0.2985278960,-0.0000000000,-0.0000000000,0.0465999372,0.0000000000,0.0000000000,0.0000000000,-0.0000000000,0.0000000000,-0.0000000000,-0.0000000000,0.0000000000,-0.0000000000,0.0000000000,0.0000000000,0.0810789419,0.0000000000,-0.0000000000,-0.0000000000,0.0043712146,0.0000000000,0.0000000000,0.0000000000,-1.0706395089,-0.0000000000,-0.0000000000,-0.0000000000,-0.0000000000,-0.0000000000,-0.2382322709,0.0000000000,-0.0000000000,-0.0000000000,-0.0526840551,-0.0634828901,-0.0758025050,-0.2511224969,0.0000000000,-0.0000000000,0.0000000000,0.0000000000,-0.0000000000,0.0000000000,-0.0000000000,-0.1206676244,-0.0000000000,0.0000000000
