0,1,2,3,4,5,6,7,8,9,10,11,12,13,14,15,16,17,18,19,20,21,22,23,24,25,26,27,28,29,30,31,32,33,34,35,36,37,38,39,40,41,42,43,44,45,46,47,48,49,50,51,52,53,54,55,56,57,58,59,60,61,62,63,64,65,66,67,68,69,70,71,72,73,74,75,76,77,78,79,80,81,82,83,84,85,86,87,88,89,90,91,92,93,94,95,96,97,98,99
2.6690367452,-0.4965741620,-0.1893264453,-0.0000000000,-0.0000000000,-0.0000000000,-0.2298243481,0.0000000000,0.0000000000,-0.0527189361,-0.0000000000,0.0000000000,0.0000000000,-0.0000000000,-0.0000000000,-0.4678589533,0.0000000000,0.0000000000,-0.0000000000,-0.0000000000,-0.0000000000,0.0000000000,-0.0000000000,0.0000000000,-0.3204722262,0.0000000000,0.2859159016,0.0000000000,-0.0000000000,-0.0000000000,0.1919938022,-0.1599133190,-0.3768869003,-0.0000000000,0.0000000000,-0.0000000000,-0.0000000000,-0.0000000000,-0.0773437067,-0.1965973550,-0.0000000000,0.0000000000,0.0000000000,0.0000000000,0.0000000000,0.0000000000,0.0000000000,0.0000000000,-0.1320088266,-0.0000000000,-0.0000000000,-0.0284033778,0.0000000000,0.0000000000,0.0000000000,-0.0000000000,0.0000000000,-0.0000000000,-0.0000000000,-0.0000000000,0.0000000000,0.0000000000,-0.0000000000,0.0000000000,-0.0000000000,-0.0000000000,0.0000000000,0.1634579880,0.0000000000,-0.0000000000,-0.0000000000,0.0000000000,0.0000000000,-0.0208951329,0.0000000000,-0.0000000000,0.0000000000,-0.1686652781,-0.0000000000,0.0000000000,0.0000000000,-0.0000000000,0.0000000000,0.0000000000,0.0000000000,-0.0000000000,-0.0000000000,-0.0000000000,-0.0000000000,-0.0000000000,0.0000000000,0.0000000000,0.0000000000,-0.0000000000,0.0000000000,-0.0000000000,-0.0000000000,-0.0222924836,-0.2055527771,-0.0769323026
-0.4965741620,3.7995038243,-0.4284899631,-0.1167333240,-0.5100478670,-0.0000000000,-0.0000000000,-0.5424707371,-0.0000000000,-0.0000000000,0.0000000000,0.0000000000,-0.0000000000,-0.0000000000,-0.0000000000,-0.7022558656,0.0000000000,0.0000000000,-0.0000000000,-0.1807392381,0.0000000000,-0.0000000000,-0.0781351056,0.0000000000,-0.0000000000,-0.0000000000,-0.0000000000,-0.0000000000,0.0000000000,-0.0000000000,0.0000000000,-0.0000000000,-0.0000000000,-0.0000000000,-0.0000000000,-0.0000000000,-0.0000000000,-0.0000000000,-0.0000000000,-0.0000000000,0.1928332086,-0.0000000000,-0.0000000000,-0.0000000000,-0.0000000000,0.0000000000,0.0000000000,-0.0000000000,-0.0000000000,0.0000000000,0.0000000000,-0.8569819973,-0.0000000000,-0.3541030886,-0.0000000000,0.0000000000,-0.0000000000,-0.0000000000,0.0000000000,-0.0000000000,-0.0000000000,0.0000000000,-0.0000000000,-0.0000000000,0.0000000000,0.0000000000,0.0000000000,0.0000000000,0.1342643140,-0.0000000000,0.0000000000,-0.0000000000,0.0000000000,-0.1058455135,-0.0000000000,-0.2452990969,0.0000000000,-0.0000000000,-0.0000000000,0.1244478653,0.0000000000,0.0000000000,0.0000000000,-0.0000000000,-0.0000000000,-0.0000000000,-0.0000000000,-0.0000000000,-0.0000000000,0.0000000000,0.1275034775,0.0000000000,0.0000000000,-0.0000000000,-0.0000000000,-0.0000000000,-0.0000000000,-0.2246156877,-0.2755706901,0.0000000000
-0.1893264453,-0.4284899631,3.0031156756,-0.0000000000,-0.3593785466,-0.6029040325,0.0000000000,-0.0444544421,-0.0000000000,0.0000000000,0.0000000000,0.0000000000,0.0000000000,0.0000000000,0.0000000000,-0.0000000000,0.1580000083,-0.0000000000,0.0467723097,-0.0000000000,0.0000000000,-0.0000000000,-0.0000000000,0.0000000000,-0.1085252185,-0.0000000000,0.0000000000,0.0000000000,-0.0000000000,0.0000000000,0.0751778502,0.0000000000,-0.0000000000,-0.0000000000,-0.0000000000,-0.2754036277,-0.0000000000,0.0000000000,-0.0000000000,-0.0000000000,0.0000000000,-0.0000000000,0.0000000000,0.0000000000,0.0000000000,0.3827992359,0.0000000000,0.0000000000,-0.0000000000,0.0224193893,0.0000000000,-0.3082358233,0.0000000000,-0.0000000000,-0.5584645323,-0.3865153224,-0.0000000000,-0.0000000000,0.0000000000,-0.0000000000,-0.0000000000,-0.0856615711,0.0000000000,0.0000000000,0.0332799705,0.0000000000,0.3742156049,0.0000000000,0.0000000000,-0.1274640285,-0.0000000000,0.0000000000,-0.0000000000,0.0000000000,-0.0000000000,-0.1378974420,-0.0000000000,0.0000000000,0.0000000000,0.1070417056,-0.0000000000,0.0000000000,-0.0000000000,-0.0000000000,-0.0000000000,0.0000000000,-0.0000000000,-0.0000000000,-0.0000000000,0.0000000000,0.0000000000,0.0000000000,0.0000000000,-0.0000000000,-0.0000000000,-0.0000000000,0.0000000000,0.0365752977,-0.0000000000,0.0757084660
-0.0000000000,-0.1167333240,-0.0000000000,4.0659684242,-0.1368083529,0.0263667546,-0.4205454914,-0.6196024972,-0.0000000000,-0.0000000000,0.0000000000,0.0973171246,0.0000000000,0.0000000000,0.0000000000,-0.0000000000,0.0000000000,0.0000000000,0.0000000000,-0.0000000000,-0.0000000000,0.0000000000,-0.0000000000,0.2949312215,0.0000000000,0.0000000000,-0.0000000000,0.1412389553,0.0000000000,0.3415455098,0.0000000000,0.0000000000,-0.0000000000,0.0000000000,-0.0000000000,0.0000000000,0.1531916414,-0.2031001938,-0.0000000000,-0.0215368191,-0.0000000000,0.0000000000,0.0000000000,0.0000000000,-0.0000000000,0.0000000000,0.0564808273,-0.0000000000,0.0157624753,0.0000000000,0.0000000000,0.0000000000,0.0000000000,-0.8087592214,0.0000000000,0.0000000000,-0.0000000000,0.0000000000,0.0000000000,-0.0000000000,-0.0000000000,0.0000000000,0.0336381587,-0.0000000000,0.0000000000,0.0000000000,-0.0000000000,0.0000000000,0.2325099358,-0.0000000000,0.0000000000,0.0000000000,0.0000000000,-0.0000000000,0.0000000000,-0.0000000000,0.1200399361,0.0000000000,-0.0000000000,0.4936320248,0.0000000000,0.0654572509,0.0000000000,-0.2662462795,-0.6818923889,-0.0000000000,0.1433542954,0.0000000000,0.0000000000,0.0000000000,0.1028603052,0.0000000000,-0.0000000000,0.0000000000,-0.0000000000,-0.0000000000,-0.6735838807,-0.0000000000,0.0000000000,0.0000000000
-0.0000000000,-0.5100478670,-0.3593785466,-0.1368083529,2.3355485210,-0.0000000000,0.0000000000,-0.0000000000,-0.4855392688,-0.0000000000,-0.0000000000,0.0000000000,-0.0000000000,-0.0000000000,0.0000000000,-0.0000000000,-0.0000000000,0.0000000000,-0.1135856334,0.0000000000,0.0165159661,-0.1302441265,-0.0000000000,0.0000000000,-0.0000000000,-0.0000000000,-0.0000000000,-0.0000000000,0.0000000000,-0.0000000000,0.1124143242,0.0000000000,-0.0000000000,-0.0000000000,-0.1359989797,-0.0000000000,-0.0000000000,0.0000000000,0.0000000000,0.0000000000,0.0000000000,0.0000000000,0.0581916724,0.0000000000,-0.0000000000,-0.0000000000,0.0000000000,-0.0000000000,0.0000000000,0.0000000000,-0.0000000000,-0.0000000000,0.0000000000,-0.3884866117,-0.3666735749,-0.0000000000,-0.0000000000,-0.0000000000,-0.0000000000,-0.0000000000,-0.0000000000,-0.0000000000,0.0000000000,-0.0000000000,0.1331396495,0.0000000000,0.0000000000,0.0000000000,0.0466478063,-0.0000000000,0.0000000000,-0.0000000000,0.0921679713,-0.0000000000,0.0000000000,-0.0040678373,0.0000000000,-0.0000000000,-0.0000000000,0.0000000000,0.0654783967,0.0000000000,0.0000000000,-0.0000000000,-0.0000000000,0.0000000000,-0.0000000000,-0.0000000000,0.0000000000,0.0000000000,-0.0000000000,-0.0000000000,-0.0000000000,-0.0000000000,0.0000000000,0.0000000000,0.0000000000,-0.0000000000,0.0000000000,0.0000000000
-0.0000000000,-0.0000000000,-0.6029040325,0.0263667546,-0.0000000000,4.8614096389,0.0000000000,0.0000000000,-0.3810062175,-0.0000000000,-0.0000000000,-0.0000000000,-0.3699769016,-0.0000000000,-0.0000000000,-0.0000000000,0.0000000000,-0.0000000000,-0.0000000000,-0.0000000000,-0.0000000000,-0.0000000000,-0.0000000000,-0.0000000000,-0.0000000000,-0.0070408739,-0.0000000000,-0.0000000000,-0.4949552567,-0.0000000000,0.0587180171,-0.0000000000,-0.0000000000,-0.1174498340,-0.0000000000,-0.0000000000,-0.0000000000,0.0000000000,-0.0000000000,0.0000000000,0.0000000000,-0.0000000000,-0.0000000000,-0.0000000000,-0.0000000000,0.0000000000,-0.0000000000,0.0000000000,-0.6514630545,0.0000000000,0.0000000000,-0.0000000000,0.0000000000,0.1887303065,-1.4908206900,-0.6353179454,0.0000000000,-0.4091658836,-0.0000000000,-0.0000000000,-0.0000000000,-0.0000000000,-0.1081252151,-0.0000000000,0.0000000000,-0.0000000000,0.0000000000,0.0000000000,-0.0000000000,-0.0000000000,-0.0000000000,-0.0000000000,0.0000000000,-0.0000000000,-0.1590381318,-0.0000000000,-0.0000000000,-0.0000000000,0.2051188027,0.0000000000,-0.0000000000,-0.0000000000,-0.0000000000,-0.0000000000,0.0000000000,0.0000000000,-0.1038004401,-0.0000000000,-0.0000000000,-0.0000000000,0.0000000000,0.0000000000,0.0000000000,-0.0000000000,-0.0000000000,-0.0000000000,0.0000000000,0.0000000000,-0.0000000000,0.0000000000
-0.2298243481,-0.0000000000,0.0000000000,-0.4205454914,0.0000000000,0.0000000000,2.3904891411,-0.1223248861,0.0000000000,-0.0000000000,0.0000000000,0.0000000000,-0.0000000000,0.0000000000,-0.0000000000,-0.4583742081,0.0000000000,0.0000000000,0.0000000000,-0.0296102371,-0.0000000000,0.1934756759,-0.0000000000,0.0000000000,0.0000000000,0.0000000000,0.0000000000,0.2725181547,0.0000000000,0.0000000000,0.0000000000,0.0000000000,-0.0000000000,-0.0000000000,0.0000000000,-0.0000000000,0.0000000000,-0.0000000000,-0.0000000000,-0.6705833918,-0.1813471650,0.0000000000,-0.0000000000,0.0000000000,-0.0000000000,0.0000000000,0.0000000000,-0.0000000000,0.0000000000,-0.1865360845,-0.0000000000,-0.0000000000,-0.0000000000,-0.0918539752,0.1214606317,0.0000000000,-0.0000000000,0.0531513974,0.0000000000,0.0000000000,0.0000000000,0.0000000000,-0.0000000000,0.0000000000,0.0000000000,0.0000000000,-0.1829619359,0.1011288542,0.0000000000,-0.0000000000,0.0000000000,0.0000000000,0.0000000000,-0.0000000000,0.0000000000,-0.0000000000,0.0000000000,-0.0000000000,-0.0192328607,0.0000000000,-0.0000000000,-0.0000000000,0.0086870323,-0.0000000000,-0.0592616688,-0.0000000000,0.0000000000,0.0000000000,-0.0000000000,-0.0000000000,0.0000000000,0.1243347790,-0.0000000000,-0.0000000000,0.0000000000,0.0000000000,-0.0000000000,-0.0000000000,-0.0000000000,-0.0000000000
0.0000000000,-0.5424707371,-0.0444544421,-0.6196024972,-0.0000000000,0.0000000000,-0.1223248861,2.2234368112,-0.6068764772,0.0000000000,-0.0000000000,0.0000000000,0.0000000000,0.1557880900,0.0000000000,-0.0000000000,0.0000000000,0.0000000000,0.0000000000,-0.0172070083,0.2316299008,-0.0000000000,-0.0000000000,-0.0000000000,0.0000000000,-0.0000000000,-0.0000000000,-0.0000000000,0.0000000000,-0.0000000000,0.0000000000,0.0000000000,0.0000000000,0.0577245107,-0.0117042931,-0.0000000000,0.0000000000,0.0000000000,0.0000000000,-0.0000000000,0.0000000000,0.0000000000,0.0000000000,0.0000000000,-0.0000000000,-0.0000000000,0.0000000000,-0.0000000000,0.0000000000,0.0000000000,-0.0000000000,-0.0000000000,-0.0000000000,-0.0602138010,-0.0000000000,-0.0000000000,-0.3639929326,-0.1694824846,-0.0000000000,0.0905174733,-0.0000000000,0.1112346704,0.0532600701,0.0097549654,0.0453149906,0.0000000000,0.0000000000,0.0000000000,0.1265206466,-0.0000000000,0.0000000000,-0.0000000000,0.0000000000,-0.0000000000,0.0000000000,-0.0000000000,0.0000000000,0.0000000000,-0.1476149601,0.0000000000,0.0000000000,0.0000000000,-0.0000000000,-0.0000000000,-0.0000000000,0.0000000000,0.0000000000,-0.0000000000,0.0000000000,0.0177494121,0.0000000000,-0.0000000000,-0.0000000000,-0.0000000000,-0.0000000000,-0.0000000000,0.0000000000,-0.0000000000,0.0000000000,0.1175264931
0.0000000000,-0.0000000000,-0.0000000000,-0.0000000000,-0.4855392688,-0.3810062175,0.0000000000,-0.6068764772,3.2053769480,-0.0000000000,-0.2079482226,0.0000000000,-0.0000000000,0.0000000000,0.0000000000,0.0000000000,-0.0000000000,-0.0000000000,-0.0000000000,-0.0000000000,0.0000000000,-0.0000000000,0.0000000000,-0.0000000000,0.0000000000,-0.0000000000,-0.0000000000,-0.0000000000,-0.0000000000,0.0000000000,0.0000000000,-0.0000000000,0.0000000000,-0.0110680996,-0.2623126732,-0.1989749108,0.0000000000,0.0000000000,-0.0000000000,-0.0000000000,0.0000000000,0.0000000000,0.2544930847,0.0000000000,0.0000000000,0.0000000000,0.0000000000,0.0000000000,-0.0000000000,0.0000000000,-0.0000000000,-0.0000000000,-0.0000000000,0.0000000000,-0.5758208114,-0.4804452470,0.0000000000,-0.5041672625,-0.0000000000,-0.0000000000,-0.0000000000,0.0000000000,0.0000000000,-0.0000000000,0.0000000000,0.0000000000,0.0000000000,-0.0000000000,-0.0000000000,-0.0478907163,-0.0053268629,-0.0000000000,0.0000000000,-0.0705973424,-0.0000000000,0.0000000000,-0.0000000000,0.0000000000,0.0000000000,0.0000000000,0.0000000000,-0.0052894657,-0.0000000000,-0.0722505546,-0.0000000000,0.0000000000,-0.0000000000,-0.0000000000,-0.0000000000,-0.0000000000,-0.0000000000,-0.0000000000,-0.0000000000,-0.0000000000,-0.0000000000,-0.0000000000,0.0000000000,0.0000000000,-0.0000000000,0.0000000000
-0.0527189361,-0.0000000000,0.0000000000,-0.0000000000,-0.0000000000,-0.0000000000,-0.0000000000,0.0000000000,-0.0000000000,3.4249530181,-0.2389303596,-0.0000000000,-0.0000000000,-0.0000000000,0.0000000000,-0.5825456594,-0.0000000000,0.0000000000,-0.0114924876,-0.0095671236,-0.0770328710,-0.0000000000,-0.0000000000,-0.0000000000,-0.0000000000,-0.0000000000,0.0000000000,-0.0000000000,-0.0000000000,-0.0000000000,0.0000000000,0.0000000000,-0.3354415803,-0.1406053269,-0.0000000000,0.0000000000,-0.0000000000,-0.1771417549,-0.5844700235,-0.3447342824,-0.0000000000,0.0406227453,-0.0000000000,-0.0000000000,0.0195111366,-0.0000000000,0.0000000000,0.0000000000,0.0000000000,0.0000000000,0.0000000000,-0.0000000000,0.0000000000,0.2572835335,-0.0000000000,0.0000000000,0.2644478838,-0.0000000000,-0.1292653492,-0.6064476740,-0.4075360598,0.0000000000,-0.0000000000,0.0000000000,0.2583709269,0.0000000000,0.0000000000,0.0592274279,0.0000000000,0.0000000000,0.0000000000,-0.0000000000,0.0000000000,-0.0000000000,-0.0000000000,-0.0913625480,-0.0000000000,-0.2815296243,0.0000000000,0.0000000000,-0.0000000000,-0.0000000000,0.0000000000,-0.0000000000,-0.0000000000,-0.0000000000,-0.0000000000,-0.0159800156,0.0000000000,-0.3197093714,0.0000000000,0.0000000000,-0.0000000000,0.0589222768,0.0304556804,-0.0000000000,-0.0000000000,0.0000000000,0.0250025598,0.0000000000
-0.0000000000,0.0000000000,0.0000000000,0.0000000000,-0.0000000000,-0.0000000000,0.0000000000,-0.0000000000,-0.2079482226,-0.2389303596,2.9711290287,-0.8386604905,-0.0000000000,-0.0000000000,-0.0000000000,0.0000000000,-0.0000000000,-0.0000000000,-0.0648902117,-0.0000000000,0.0000000000,-0.0000000000,0.0000000000,-0.7432306872,-0.1189803107,-0.1695280858,0.0000000000,-0.2055793728,-0.0000000000,-0.0000000000,0.0000000000,0.0000000000,0.0000000000,-0.0000000000,0.0000000000,-0.0000000000,-0.0000000000,0.0000000000,-0.0000000000,-0.1758150559,-0.2960489460,0.0000000000,0.0000000000,-0.0000000000,0.3484363124,-0.0000000000,-0.0000000000,0.0000000000,-0.0000000000,-0.0000000000,-0.0000000000,-0.0000000000,-0.0000000000,0.0000000000,-0.0000000000,-0.0000000000,0.0000000000,0.0000000000,-0.3194225151,-0.1045864522,-0.0000000000,0.0000000000,0.0624556921,0.0952947061,0.0000000000,-0.0000000000,-0.0000000000,0.0000000000,0.0573681813,0.0712665023,-0.0000000000,0.0000000000,0.3239543656,-0.0000000000,-0.0000000000,-0.0000000000,-0.0000000000,0.0000000000,0.0000000000,-0.0000000000,0.0242328582,-0.0000000000,-0.0000000000,0.0000000000,0.0000000000,0.0000000000,-0.0000000000,-0.0000000000,0.0000000000,-0.0000000000,-0.1983510786,-0.2195717604,-0.0071646258,-0.0000000000,-0.0000000000,-0.0000000000,0.0000000000,0.0000000000,-0.0000000000,-0.0000000000
0.0000000000,0.0000000000,0.0000000000,0.0973171246,0.0000000000,-0.0000000000,0.0000000000,0.0000000000,0.0000000000,-0.0000000000,-0.8386604905,4.9551175786,-0.3029806385,-0.0000000000,-0.0408457866,0.0000000000,-0.5951909409,-0.0000000000,-0.0000000000,-0.1390570658,0.0000000000,-0.0000000000,0.0000000000,-0.8616118637,-0.2202335362,-0.9080596820,-0.0000000000,-0.7004126767,-0.0000000000,-0.0000000000,-0.0000000000,0.0000000000,0.4539943766,0.0000000000,-0.0000000000,-0.0000000000,-0.0000000000,0.0000000000,0.0000000000,0.0000000000,0.0000000000,-0.0000000000,-0.0000000000,-0.0488198910,0.0000000000,-0.0000000000,-0.0000000000,-0.0000000000,-0.0000000000,-0.0000000000,-0.0000000000,-0.0000000000,-0.0000000000,-0.0000000000,-0.0000000000,-0.0000000000,0.0000000000,0.0000000000,-0.3035805851,-0.0000000000,-0.0000000000,0.0000000000,0.0000000000,0.0000000000,0.0000000000,-0.0000000000,0.0000000000,0.0000000000,0.0000000000,0.0914902322,0.0000000000,-0.0000000000,-0.0000000000,-0.0000000000,-0.2921693773,-0.0000000000,-0.0000000000,0.0000000000,0.0000000000,-0.0000000000,0.0000000000,0.0000000000,0.0000000000,0.0000000000,0.0000000000,0.0000000000,-0.0000000000,-0.0000000000,-0.0000000000,-0.0000000000,-0.0000000000,-0.0000000000,-0.0000000000,-0.0000000000,-0.0000000000,-0.0000000000,0.0000000000,0.0000000000,-0.0000000000,0.0000000000
0.0000000000,-0.0000000000,0.0000000000,0.0000000000,-0.0000000000,-0.3699769016,-0.0000000000,0.0000000000,-0.0000000000,-0.0000000000,-0.0000000000,-0.3029806385,3.8017143805,-0.7427469100,-0.0000000000,0.0000000000,-0.0000000000,0.0000000000,-0.0000000000,-0.0000000000,0.0153785457,-0.0000000000,-0.0000000000,0.0000000000,-0.0000000000,-0.1464557728,-0.0460670000,-0.6172638150,-0.0000000000,-0.0415693718,-0.0000000000,0.0000000000,0.0000000000,0.1079475957,-0.2388012914,0.0000000000,-0.0000000000,0.0000000000,0.0000000000,0.0000000000,0.0850580014,-0.0000000000,-0.0000000000,-0.1802051143,-0.0000000000,-0.0000000000,-0.0000000000,-0.0000000000,-0.0000000000,0.0000000000,-0.0000000000,-0.1824233584,-0.0000000000,-0.0000000000,-0.0263456263,-0.0000000000,-0.0000000000,-0.0000000000,-0.0000000000,-0.0000000000,-0.6563791714,-0.7703527639,-0.0296260385,-0.0000000000,0.0000000000,-0.0000000000,-0.0000000000,-0.0000000000,0.0000000000,0.0000000000,0.0000000000,-0.0000000000,-0.0000000000,-0.1340811582,-0.0081425770,-0.0000000000,-0.0000000000,0.0000000000,0.0000000000,-0.0000000000,-0.0000000000,0.0783638571,0.0000000000,0.0000000000,0.0000000000,0.0000000000,-0.0000000000,-0.0000000000,-0.0000000000,-0.0000000000,-0.0000000000,-0.0000000000,-0.0000000000,-0.0000000000,-0.0000000000,-0.0000000000,0.0000000000,-0.0000000000,-0.0000000000,0.0000000000
-0.0000000000,-0.0000000000,0.0000000000,0.0000000000,-0.0000000000,-0.0000000000,0.0000000000,0.1557880900,0.0000000000,-0.0000000000,-0.0000000000,-0.0000000000,-0.7427469100,3.3089243652,-0.0883640408,-0.0000000000,-0.3687133474,0.0000000000,-1.3497104776,-0.0000000000,-0.0000000000,-0.0000000000,-0.0000000000,0.0000000000,-0.0000000000,-0.0000000000,-0.0000000000,-0.0000000000,-0.0000000000,-0.2749732774,-0.0000000000,-0.0000000000,0.0000000000,-0.0000000000,-0.0000000000,0.0000000000,-0.0000000000,0.0000000000,0.0000000000,0.0000000000,0.0000000000,-0.0000000000,-0.0000000000,0.0000000000,0.0000000000,0.0000000000,0.0000000000,-0.0000000000,-0.0000000000,0.0000000000,-0.0000000000,-0.0000000000,0.0000000000,0.0000000000,-0.0000000000,0.0000000000,0.1249544055,0.0000000000,0.0000000000,-0.0000000000,-0.0947051204,-0.0000000000,-0.3821580645,-0.3126585333,-0.0000000000,-0.0000000000,-0.0000000000,-0.0000000000,0.0000000000,0.0877332539,-0.0000000000,-0.0000000000,0.0000000000,-0.0000000000,-0.0000000000,-0.0000000000,0.0000000000,-0.1625286124,-0.0000000000,-0.0000000000,0.0225611991,0.0000000000,0.0000000000,0.0000000000,0.0000000000,0.0000000000,-0.0000000000,-0.0000000000,0.0000000000,0.0000000000,0.0000000000,0.0000000000,0.0000000000,0.0000000000,0.0000000000,0.1024528897,-0.0000000000,-0.0000000000,-0.0000000000,-0.0000000000
-0.0000000000,-0.0000000000,0.0000000000,0.0000000000,0.0000000000,-0.0000000000,-0.0000000000,0.0000000000,0.0000000000,0.0000000000,-0.0000000000,-0.0408457866,-0.0000000000,-0.0883640408,4.3343251568,0.0000000000,-0.2917908939,-0.0000000000,-0.0000000000,-0.4059065162,-0.0646405469,-0.0000000000,-0.0000000000,-0.0325130510,-0.0000000000,-0.0000000000,0.0000000000,-0.2282415076,-0.4194296945,-0.0000000000,-0.0000000000,0.0000000000,0.0000000000,0.0000000000,-0.0000000000,-0.0000000000,-0.0000000000,0.0000000000,0.0000000000,0.0000000000,0.0000000000,-0.0000000000,-0.0000000000,-0.0000000000,0.0304044247,-0.0000000000,0.0000000000,-0.0000000000,-0.0000000000,-0.0000000000,-0.2941329550,-0.0000000000,-0.0915547486,-0.0000000000,0.0000000000,-0.0000000000,-0.0000000000,0.1007365746,-0.0000000000,0.0000000000,0.0000000000,-0.0000000000,-0.0000000000,-0.0000000000,-0.3387086517,-2.2605904048,-0.0000000000,-0.0000000000,0.0000000000,0.0000000000,-0.2010656138,-0.0000000000,-0.0000000000,-0.0000000000,-0.0000000000,0.0000000000,-0.0000000000,-0.0000000000,-0.0000000000,-0.0000000000,0.0000000000,0.1207847958,0.0000000000,0.0000000000,0.0000000000,0.0000000000,-0.0000000000,-0.0000000000,-0.0000000000,-0.0000000000,-0.0000000000,-0.0000000000,-0.0000000000,-0.0000000000,-0.0090155125,-0.0000000000,-0.0000000000,-0.0248191995,-0.0000000000,-0.0000000000
-0.4678589533,-0.7022558656,-0.0000000000,-0.0000000000,-0.0000000000,-0.0000000000,-0.4583742081,-0.0000000000,0.0000000000,-0.5825456594,0.0000000000,0.0000000000,0.0000000000,-0.0000000000,0.0000000000,3.9422119917,0.0000000000,0.0000000000,-0.0000000000,-0.0406808847,-0.0000000000,0.0000000000,-0.0000000000,0.0000000000,0.0000000000,0.0000000000,0.0000000000,0.0000000000,0.0000000000,-0.0000000000,0.0000000000,-0.3513098826,-0.6756514026,-0.1707216304,0.0000000000,0.0000000000,-0.0000000000,-0.2634210735,-0.0000000000,-0.0000000000,-0.0000000000,0.0000000000,-0.2274972238,-0.0000000000,-0.0000000000,0.0000000000,0.0000000000,0.0000000000,0.0000000000,-0.0000000000,0.0000000000,-0.0000000000,0.0000000000,0.0000000000,0.0000000000,0.0000000000,-0.0000000000,-0.0000000000,0.0000000000,-0.0000000000,-0.0000000000,0.0000000000,-0.0098690813,-0.0000000000,0.0000000000,0.1138135984,0.0000000000,0.0000000000,-0.0000000000,-0.0000000000,0.0000000000,-0.0000000000,0.0000000000,-0.0000000000,-0.0000000000,-0.0105420680,0.0000000000,-0.0000000000,-0.0000000000,0.0000000000,-0.1978914630,-0.0000000000,-0.0000000000,-0.0000000000,-0.0000000000,-0.0672823356,-0.0000000000,-0.0000000000,0.0000000000,-0.0000000000,0.7587525107,0.0012158632,-0.0000000000,0.0000000000,0.0000000000,0.0000000000,-0.0000000000,-0.0000000000,0.0000000000,0.0000000000
0.0000000000,0.0000000000,0.1580000083,0.0000000000,-0.0000000000,0.0000000000,0.0000000000,0.0000000000,-0.0000000000,-0.0000000000,-0.0000000000,-0.5951909409,-0.0000000000,-0.3687133474,-0.2917908939,0.0000000000,2.8008666086,-0.0000000000,-0.5714209001,-0.0000000000,-0.0000000000,-0.0000000000,-0.0000000000,-0.0055774099,0.0000000000,-0.0000000000,-0.1342262894,-0.0000000000,-0.0000000000,-0.0000000000,-0.0679371580,0.0000000000,0.1102810029,-0.0000000000,-0.0000000000,0.0000000000,0.0000000000,-0.0000000000,0.0000000000,0.0000000000,-0.0569018962,-0.0000000000,0.0000000000,-0.0000000000,0.1720202825,-0.0000000000,-0.0000000000,-0.1590143980,-0.0000000000,-0.0000000000,-0.0000000000,-0.0000000000,-0.0000000000,-0.0000000000,-0.0000000000,0.0000000000,0.0000000000,0.2707018664,-0.0000000000,-0.0000000000,-0.0000000000,0.0000000000,0.0000000000,-0.0157269396,-0.0000000000,-0.0000000000,-0.0000000000,-0.4678222501,-0.0000000000,0.0000000000,-0.0000000000,-0.0081399238,-0.0000000000,-0.0000000000,-0.3470320449,0.0000000000,-0.0000000000,-0.0000000000,-0.0000000000,-0.0000000000,0.0759532178,0.0000000000,0.0000000000,-0.0000000000,-0.0000000000,-0.0000000000,-0.0000000000,-0.0000000000,0.0000000000,0.0000000000,-0.0000000000,-0.0000000000,-0.2252455169,0.0000000000,-0.0000000000,0.0000000000,-0.0000000000,-0.0000000000,0.0000000000,-0.0000000000
0.0000000000,0.0000000000,-0.0000000000,0.0000000000,0.0000000000,-0.0000000000,0.0000000000,0.0000000000,-0.0000000000,0.0000000000,-0.0000000000,-0.0000000000,0.0000000000,0.0000000000,-0.0000000000,0.0000000000,-0.0000000000,2.7409584995,-0.0000000000,-0.0275225645,-0.2615061462,-0.0488871081,0.0000000000,-0.0000000000,0.0000000000,0.0000000000,0.0000000000,0.0000000000,-0.0000000000,0.0013577587,-0.0000000000,0.0000000000,0.0000000000,-0.5597675083,0.0000000000,-0.0000000000,0.0000000000,0.0000000000,0.0000000000,0.0000000000,-0.0671280246,0.0000000000,-0.0000000000,-0.0154846864,0.0000000000,0.0000000000,-0.0000000000,0.0000000000,-0.3897157212,-0.0000000000,-0.0000000000,-0.0000000000,-0.0000000000,0.0000000000,-0.0000000000,-0.0000000000,-0.1551694179,-0.1393500503,-0.0000000000,0.0000000000,0.0000000000,0.1653957628,0.0000000000,-0.0741732420,-0.3234909830,-0.0000000000,-0.0000000000,-0.0000000000,-0.0000000000,-0.9099795484,-0.0000000000,-0.0000000000,-0.0000000000,0.1157476446,-0.0000000000,0.1582272206,-0.0000000000,0.1818606551,0.0000000000,-0.0000000000,-0.0000000000,-0.0000000000,-0.3758388642,-0.0000000000,0.0000000000,-0.0000000000,0.0000000000,0.0000000000,-0.0000000000,-0.0000000000,-0.0000000000,-0.2608322611,-0.0000000000,-0.0000000000,-0.0911665133,-0.0323330584,-0.0000000000,0.0000000000,-0.0000000000,-0.1200685750
-0.0000000000,-0.0000000000,0.0467723097,0.0000000000,-0.1135856334,-0.0000000000,0.0000000000,0.0000000000,-0.0000000000,-0.0114924876,-0.0648902117,-0.0000000000,-0.0000000000,-1.3497104776,-0.0000000000,-0.0000000000,-0.5714209001,-0.0000000000,2.9355017730,-0.0000000000,0.0000000000,-0.0000000000,-0.0000000000,0.0000000000,-0.0000000000,-0.0000000000,-0.0000000000,-0.0000000000,0.0000000000,-0.0000000000,0.0000000000,-0.0000000000,-0.0000000000,-0.5528833696,-0.0000000000,0.0952696663,-0.0000000000,-0.0000000000,-0.0000000000,0.0000000000,-0.0000000000,-0.0000000000,-0.0000000000,-0.0000000000,0.0000000000,0.0000000000,-0.0000000000,-0.0000000000,-0.0911443452,-0.0000000000,0.0000000000,-0.0000000000,0.0000000000,0.0000000000,-0.0000000000,0.0000000000,0.1071536074,-0.0000000000,0.0000000000,-0.0649896740,-0.0498444672,0.2081381826,-0.0000000000,-0.2593016756,0.0000000000,0.0000000000,0.0000000000,-0.0000000000,0.0000000000,0.1264721600,0.0000000000,-0.0000000000,0.0000000000,-0.0000000000,-0.0000000000,-0.0000000000,0.0000000000,-0.3193146541,-0.0000000000,0.0000000000,0.5292543966,0.0000000000,0.0000000000,-0.0000000000,0.0000000000,-0.0797189733,-0.0000000000,-0.0507835978,0.1884615652,0.0000000000,0.0000000000,-0.0000000000,0.0000000000,0.0000000000,0.0000000000,0.0000000000,-0.0000000000,-0.2755819788,-0.0000000000,-0.0000000000
-0.0000000000,-0.1807392381,-0.0000000000,-0.0000000000,0.0000000000,-0.0000000000,-0.0296102371,-0.0172070083,-0.0000000000,-0.0095671236,-0.0000000000,-0.1390570658,-0.0000000000,-0.0000000000,-0.4059065162,-0.0406808847,-0.0000000000,-0.0275225645,-0.0000000000,3.2684755227,-0.0000000000,-0.0000000000,-0.0000000000,-0.0755332417,-0.0000000000,-0.0000000000,-0.0000000000,-0.0000000000,-0.1514527369,-0.0000000000,0.0000000000,-0.0000000000,0.0000000000,-0.0000000000,-0.0000000000,-0.2868346896,-0.0886716000,-0.0000000000,-0.0000000000,-0.0000000000,-0.0000000000,-0.0000000000,-0.0177920444,-0.2811164180,-0.0000000000,-0.0000000000,0.0000000000,-0.0000000000,-0.2169068856,-0.0996111196,0.0000000000,-0.0000000000,-0.0000000000,-0.0000000000,-0.0000000000,-0.0000000000,0.0000000000,0.0000000000,-0.0000000000,-0.0000000000,-0.0000000000,0.0000000000,-0.0562910654,0.0000000000,-0.0000000000,-0.0000000000,0.0000000000,0.0000000000,-0.0000000000,-0.0000000000,-0.3447755283,-0.0000000000,-0.1089806220,-0.0000000000,-0.6597463173,-0.0000000000,-0.0000000000,-0.0000000000,-0.0000000000,0.0000000000,-0.0000000000,-0.0000000000,-0.0832682339,-0.0000000000,-0.0000000000,0.0000000000,-0.0000000000,-0.0000000000,-0.5490503776,-0.0000000000,0.0000000000,0.0000000000,0.0000000000,-0.0000000000,-0.0000000000,-0.0000000000,-0.0000000000,-0.0000000000,-0.0000000000,-0.0000000000
-0.0000000000,0.0000000000,0.0000000000,-0.0000000000,0.0165159661,-0.0000000000,-0.0000000000,0.2316299008,0.0000000000,-0.0770328710,0.0000000000,0.0000000000,0.0153785457,-0.0000000000,-0.0646405469,-0.0000000000,-0.0000000000,-0.2615061462,0.0000000000,-0.0000000000,2.5261552552,-0.0000000000,-0.2681994934,-0.0000000000,0.0000000000,0.0000000000,0.4172359765,0.0000000000,-0.5922045039,0.0000000000,0.0000000000,0.0000000000,-0.0390273674,-0.5765279326,0.0258000393,-0.0000000000,0.0000000000,-0.0000000000,-0.0000000000,-0.0000000000,-0.0000000000,0.0505001191,-0.0000000000,-0.0000000000,0.0000000000,0.0558365445,0.0147133830,0.0000000000,-0.0000000000,-0.0000000000,0.0129213790,0.0000000000,0.1769770091,0.0922949501,0.0000000000,0.0000000000,0.0000000000,-0.0000000000,0.1139583774,-0.0000000000,0.0000000000,0.0000000000,-0.0000000000,0.0000000000,-0.0000000000,-0.0000000000,0.0000000000,0.0000000000,-0.0000000000,-0.0043058622,-0.5647770219,0.0000000000,0.0000000000,0.0000000000,-0.0000000000,0.1838470365,-0.0298422052,-0.0000000000,0.2363434584,0.0796756159,-0.0000000000,0.0000000000,0.0000000000,-0.0000000000,-0.0000000000,-0.0000000000,0.0000000000,0.0000000000,-0.0000000000,-0.1514714249,0.1527704270,0.1930634958,0.0811960210,0.2588856054,0.0113501826,0.0000000000,-0.0731438981,0.0000000000,-0.0000000000,-0.0000000000
0.0000000000,-0.0000000000,-0.0000000000,0.0000000000,-0.1302441265,-0.0000000000,0.1934756759,-0.0000000000,-0.0000000000,-0.0000000000,-0.0000000000,-0.0000000000,-0.0000000000,-0.0000000000,-0.0000000000,0.0000000000,-0.0000000000,-0.0488871081,-0.0000000000,-0.0000000000,-0.0000000000,2.5427289619,-0.0212707325,0.0000000000,-0.0000000000,-0.7289612868,-0.0000000000,-0.0000000000,-0.0968443026,-0.0000000000,0.1145822225,0.0000000000,0.0000000000,-0.0000000000,-0.2207400725,0.0000000000,-0.0000000000,-0.0000000000,-0.0000000000,0.0000000000,0.0000000000,0.0000000000,-0.0000000000,-0.0000000000,0.0000000000,-0.0000000000,-0.4531343852,-0.0000000000,-0.0000000000,0.0000000000,0.0000000000,-0.0000000000,0.0000000000,0.0000000000,-0.0000000000,-0.0000000000,-0.0000000000,-0.0000000000,-0.0000000000,0.0000000000,-0.2713319494,0.0000000000,0.0000000000,-0.0000000000,0.0000000000,-0.0000000000,0.0577054353,-0.0000000000,0.0000000000,-0.0000000000,0.0000000000,-0.5631795243,-0.0000000000,-0.0000000000,-0.0000000000,-0.0000000000,-0.0000000000,-0.0000000000,0.0156691411,-0.0000000000,0.0000000000,0.0000000000,0.0000000000,0.0000000000,0.0000000000,0.0000000000,-0.0000000000,-0.0523849483,0.0000000000,0.0000000000,-0.0000000000,-0.0857975039,-0.0000000000,-0.0000000000,-0.0000000000,-0.0000000000,-0.0000000000,-0.0000000000,0.0000000000,0.0000000000
-0.0000000000,-0.0781351056,-0.0000000000,-0.0000000000,-0.0000000000,-0.0000000000,-0.0000000000,-0.0000000000,0.0000000000,-0.0000000000,0.0000000000,0.0000000000,-0.0000000000,-0.0000000000,-0.0000000000,-0.0000000000,-0.0000000000,0.0000000000,-0.0000000000,-0.0000000000,-0.2681994934,-0.0212707325,3.4369212997,0.0000000000,-0.0000000000,-0.0000000000,-0.0000000000,-0.0000000000,-0.2926406763,-0.2612643980,-0.0000000000,-0.0000000000,-0.0000000000,-0.0000000000,-0.0000000000,-0.0000000000,-0.1196095742,-0.0000000000,-0.0000000000,0.0000000000,0.1218697225,-0.0000000000,-0.0796482547,0.0000000000,0.0000000000,0.0000000000,-0.0000000000,-0.2440641161,-0.0000000000,0.0000000000,0.0000000000,-0.0000000000,0.0000000000,0.0000000000,-0.0000000000,0.0000000000,-0.0000000000,0.0000000000,0.0000000000,-0.0000000000,-0.0000000000,-0.0000000000,-0.4108444424,0.0000000000,0.0000000000,-0.0000000000,0.2599738364,0.0000000000,0.0000000000,-0.0000000000,0.0000000000,-0.0000000000,-0.9077350535,0.0000000000,-0.0000000000,-0.0000000000,-0.0000000000,-1.2689505166,-0.0000000000,0.0000000000,-0.0000000000,0.0000000000,0.0000000000,-0.0000000000,-0.0000000000,-0.0000000000,-0.0000000000,-0.0000000000,-0.0000000000,0.0000000000,0.1041392785,0.2127811529,0.2918709735,0.0000000000,0.0000000000,0.0067562319,-0.0000000000,-0.0000000000,-0.0254310611,0.0000000000
0.0000000000,0.0000000000,0.0000000000,0.2949312215,0.0000000000,-0.0000000000,0.0000000000,-0.0000000000,-0.0000000000,-0.0000000000,-0.7432306872,-0.8616118637,0.0000000000,0.0000000000,-0.0325130510,0.0000000000,-0.0055774099,-0.0000000000,0.0000000000,-0.0755332417,-0.0000000000,0.0000000000,0.0000000000,3.6213743497,-0.0000000000,-0.0000000000,0.0000000000,-0.0000000000,-0.0000000000,0.0000000000,-0.1658366399,0.0000000000,0.0570825636,0.0000000000,0.0000000000,-0.1605373228,-0.0000000000,0.2596221331,0.0000000000,-0.0000000000,-0.0906784338,0.0000000000,0.0000000000,-0.0000000000,0.0891187598,0.0000000000,-0.0000000000,-0.0000000000,-0.0000000000,-0.0000000000,-0.0000000000,0.0000000000,-0.0907567741,0.0000000000,-0.0000000000,-0.0000000000,0.0000000000,0.0000000000,-0.5575415945,-0.0000000000,0.0000000000,0.0000000000,0.0000000000,0.2532009420,-0.0000000000,-0.0000000000,0.0000000000,0.0000000000,-0.0000000000,-0.0000000000,-0.0000000000,0.0000000000,-0.0000000000,0.0000000000,-0.0000000000,0.0000000000,-0.6399879627,0.0000000000,0.0000000000,-0.0000000000,-0.0000000000,-0.0000000000,-0.0000000000,0.0000000000,-0.0000000000,0.1957546473,-0.0000000000,-0.0000000000,-0.0000000000,-0.0000000000,-0.0000000000,-0.0000000000,-0.0000000000,-0.0000000000,-0.0000000000,0.0000000000,0.0000000000,0.1652518921,0.0000000000,0.0000000000
-0.3204722262,-0.0000000000,-0.1085252185,0.0000000000,-0.0000000000,-0.0000000000,0.0000000000,0.0000000000,0.0000000000,-0.0000000000,-0.1189803107,-0.2202335362,-0.0000000000,-0.0000000000,-0.0000000000,0.0000000000,0.0000000000,0.0000000000,-0.0000000000,-0.0000000000,0.0000000000,-0.0000000000,-0.0000000000,-0.0000000000,2.3933559389,-0.6023620092,-0.0000000000,-0.0000000000,-0.0000000000,-0.0000000000,0.0484086291,0.0000000000,-0.0000000000,0.0000000000,0.0000000000,-0.0000000000,-0.0000000000,-0.0000000000,-0.0000000000,0.0000000000,0.0000000000,-0.2537313389,-0.0000000000,-0.0000000000,0.0000000000,-0.0000000000,0.0000000000,0.1237729565,-0.0000000000,0.0000000000,-0.0000000000,-0.1285470298,-0.0000000000,0.0000000000,-0.0000000000,-0.0000000000,-0.0000000000,-0.0000000000,-0.0000000000,-0.3820722965,-0.0000000000,-0.2449524401,-0.0000000000,0.0000000000,0.0000000000,-0.0000000000,0.0000000000,0.0000000000,0.0000000000,0.0000000000,-0.0000000000,0.0000000000,-0.0000000000,-0.0000000000,-0.0000000000,-0.1898329100,-0.0000000000,-0.0000000000,0.0000000000,-0.0000000000,-0.0000000000,0.0000000000,0.0000000000,0.0000000000,-0.0000000000,0.0000000000,-0.0000000000,-0.3236317676,0.0000000000,-0.0000000000,-0.0000000000,-0.0000000000,-0.0000000000,-0.0000000000,-0.0000000000,-0.0000000000,-0.0000000000,0.0000000000,-0.0000000000,0.0000000000
0.0000000000,-0.0000000000,-0.0000000000,0.0000000000,-0.0000000000,-0.0070408739,0.0000000000,-0.0000000000,-0.0000000000,-0.0000000000,-0.1695280858,-0.9080596820,-0.1464557728,-0.0000000000,-0.0000000000,0.0000000000,-0.0000000000,0.0000000000,-0.0000000000,-0.0000000000,0.0000000000,-0.7289612868,-0.0000000000,-0.0000000000,-0.6023620092,4.1110622571,-0.6835068841,-0.3294545124,-0.0542387128,-0.0000000000,0.0000000000,0.5795097066,0.1613747164,0.0000000000,-0.1424962998,-0.0000000000,-0.0000000000,0.0000000000,0.0000000000,0.0000000000,0.0000000000,-0.1529326846,-0.0000000000,-0.0000000000,0.0000000000,-0.0000000000,-0.0000000000,0.0000000000,-0.0000000000,0.0000000000,-0.0000000000,-0.0000000000,0.0000000000,-0.0000000000,-0.2094785690,-0.0000000000,-0.0000000000,0.0000000000,-0.0000000000,-0.0000000000,-0.0000000000,-0.0000000000,0.0000000000,0.0771813294,0.0000000000,-0.0000000000,0.2772927888,0.0000000000,0.1432392295,0.0186881425,0.0000000000,-0.0000000000,0.0000000000,0.0000000000,-0.0000000000,-0.3014022886,-0.0302847853,0.0000000000,0.0000000000,-0.0000000000,0.0000000000,0.1238618509,-0.0000000000,0.0000000000,0.0000000000,0.2744948137,-0.0000000000,-0.1985455852,0.0000000000,0.0000000000,-0.0000000000,-0.0000000000,-0.0000000000,-0.0000000000,-0.0000000000,-0.0000000000,0.0000000000,0.0000000000,0.0000000000,0.2130863883
0.2859159016,-0.0000000000,0.0000000000,-0.0000000000,-0.0000000000,-0.0000000000,0.0000000000,-0.0000000000,-0.0000000000,0.0000000000,0.0000000000,-0.0000000000,-0.0460670000,-0.0000000000,0.0000000000,0.0000000000,-0.1342262894,0.0000000000,-0.0000000000,-0.0000000000,0.4172359765,-0.0000000000,-0.0000000000,0.0000000000,-0.0000000000,-0.6835068841,3.1866880262,-0.1330064946,-0.0000000000,-0.0000000000,0.0196598147,0.0237716661,0.0000000000,0.0000000000,-0.5205081189,-0.0000000000,-0.0000000000,-0.0000000000,0.0000000000,0.0336181970,-0.0000000000,-0.1172955757,-0.0000000000,-0.0000000000,-0.4916131683,-0.3885724308,-0.0087494503,-0.2848719055,0.0000000000,0.0000000000,0.0000000000,0.0000000000,0.0000000000,-0.1499092669,-0.0000000000,0.0000000000,-0.0000000000,0.0000000000,0.0000000000,0.0000000000,-0.0000000000,-0.0000000000,0.0000000000,0.0000000000,0.0189650347,0.0000000000,0.0000000000,0.0000000000,0.0829065839,0.0733304732,0.0000000000,-0.0000000000,-0.0000000000,0.0000000000,-0.0000000000,-0.0000000000,-0.0000000000,0.0000000000,-0.0000000000,-0.0000000000,0.0000000000,0.0000000000,-0.0000000000,-0.0000000000,-0.0000000000,-0.0000000000,-0.1535229688,-0.5930225132,0.0000000000,0.0000000000,-0.0000000000,-0.0000000000,0.0000000000,-0.0000000000,-0.0000000000,-0.0000000000,-0.0000000000,-0.0000000000,0.0000000000,0.0000000000
0.0000000000,-0.0000000000,0.0000000000,0.1412389553,-0.0000000000,-0.0000000000,0.2725181547,-0.0000000000,-0.0000000000,-0.0000000000,-0.2055793728,-0.7004126767,-0.6172638150,-0.0000000000,-0.2282415076,0.0000000000,-0.0000000000,0.0000000000,-0.0000000000,-0.0000000000,0.0000000000,-0.0000000000,-0.0000000000,-0.0000000000,-0.0000000000,-0.3294545124,-0.1330064946,4.4990766267,-0.0345633448,-0.7798067755,-0.0000000000,0.0000000000,0.2779002694,0.0000000000,-0.1783410604,0.0000000000,-0.0000000000,0.0428949156,0.0000000000,0.0000000000,0.0000000000,-0.0000000000,-0.0000000000,-0.1501444154,0.0000000000,-0.7042663990,-0.0000000000,-0.0000000000,-0.0000000000,0.0000000000,-0.0000000000,-0.0000000000,-0.0000000000,0.0000000000,-0.0000000000,-0.0000000000,-0.0000000000,-0.0000000000,-0.3252733331,0.0000000000,-0.0000000000,-0.0000000000,-0.0000000000,0.0000000000,0.0000000000,-0.0000000000,0.0000000000,0.0000000000,0.0000000000,0.0000000000,-0.0000000000,-0.0000000000,-0.0000000000,-0.0000000000,-0.0000000000,-0.0000000000,-0.0000000000,-0.0000000000,0.0000000000,-0.0000000000,0.0000000000,0.0000000000,0.0000000000,0.0000000000,0.0009472625,0.0482864798,-0.1636056715,-0.2489312672,-0.0000000000,0.0000000000,-0.0000000000,-0.0000000000,-0.0000000000,-0.0000000000,-0.0000000000,-0.0000000000,0.0000000000,-0.0000000000,0.0000000000,0.0000000000
-0.0000000000,0.0000000000,-0.0000000000,0.0000000000,0.0000000000,-0.4949552567,0.0000000000,0.0000000000,-0.0000000000,-0.0000000000,-0.0000000000,-0.0000000000,-0.0000000000,-0.0000000000,-0.4194296945,0.0000000000,-0.0000000000,-0.0000000000,0.0000000000,-0.1514527369,-0.5922045039,-0.0968443026,-0.2926406763,-0.0000000000,-0.0000000000,-0.0542387128,-0.0000000000,-0.0345633448,4.5009759674,0.0000000000,-0.0000000000,0.0000000000,0.0000000000,-0.0000000000,-0.0000000000,-0.0000000000,-0.1778961736,0.0000000000,0.0000000000,0.0000000000,0.0000000000,-0.0000000000,-0.0000000000,-0.1050248926,0.0000000000,0.0000000000,0.0000000000,-0.0000000000,-0.0000000000,-0.0000000000,-0.0000000000,0.0000000000,0.0000000000,0.0000000000,-0.0000000000,-0.0000000000,0.0000000000,0.0000000000,-0.0000000000,-0.0000000000,0.0000000000,-0.0000000000,-0.0000000000,0.0000000000,-0.0000000000,-0.0000000000,0.0000000000,0.0000000000,-0.0000000000,-0.0000000000,-0.2379794689,-0.0000000000,-0.0000000000,-0.0000000000,-0.0000000000,-0.0000000000,-1.8662040754,-0.0000000000,0.0000000000,-0.0000000000,-0.0000000000,0.0000000000,-0.0000000000,-0.0000000000,0.0000000000,0.0000000000,-0.8303814030,-0.0000000000,-0.0000000000,-0.0000000000,-0.0000000000,0.0000000000,0.0000000000,-0.0000000000,-0.0000000000,-0.0000000000,-0.0000000000,0.0000000000,-0.0000000000,0.0000000000
