0,1,2,3,4,5,6,7,8,9,10,11,12,13,14,15,16,17,18,19,20,21,22,23,24,25,26,27,28,29,30,31,32,33,34,35,36,37,38,39,40,41,42,43,44,45,46,47,48,49,50,51,52,53,54,55,56,57,58,59,60,61,62,63,64,65,66,67,68,69,70,71,72,73,74,75,76,77,78,79,80,81,82,83,84,85,86,87,88,89,90,91,92,93,94,95,96,97,98,99
1.9983869361,0.0289163565,0.0000000000,-0.0000000000,-0.0000000000,0.0000000000,-0.0000000000,-0.0000000000,0.2965521066,0.0000000000,-0.0000000000,0.0161652517,0.0000000000,-0.1154593068,-0.0000000000,-0.3101912236,-0.0000000000,-0.4464993811,-0.0027681732,-0.0000000000,-0.2361335031,0.0000000000,-0.0915553525,0.0835882535,-0.0000000000,0.0574562398,0.0000000000,-0.0000000000,-0.0000000000,0.0000000000,-0.0000000000,-0.3173172681,-0.0000000000,-0.0000000000,-0.0000000000,0.0000000000,0.0000000000,-0.0642766684,-0.0000000000,-0.0000000000,-0.0000000000,-0.0000000000,0.0000000000,-0.2726163765,0.0000000000,0.0000000000,-0.0000000000,-0.0177875103,-0.0820961986,-0.0501900922,-0.1438310252,0.0000000000,0.0000000000,0.0000000000,0.0000000000,0.0526487997,-0.0000000000,-0.0000000000,0.0509781729,-0.2333910989,0.0000000000,0.0000000000,-0.0000000000,-0.0000000000,0.0000000000,0.0000000000,-0.0000000000,0.0000000000,0.0000000000,-0.0000000000,0.0000000000,-0.0000000000,0.0000000000,0.0363120901,0.0593049695,0.1318367711,-0.0000000000,0.0000000000,0.0000000000,0.0000000000,0.0000000000,-0.0000000000,0.0000000000,-0.0524366447,0.0000000000,-0.1689201283,-0.0000000000,-0.0000000000,-0.0000000000,0.0000000000,0.1758322601,0.0000000000,0.2353669151,-0.1647177629,0.0000000000,-0.0000000000,0.0000000000,-0.0000000000,-0.0316520873,-0.0000000000
0.0289163565,3.7791715824,-0.2164846035,-0.4570825511,-0.4460194084,-0.0000000000,-0.0000000000,-0.5124182177,-0.0000000000,0.0000000000,-0.0000000000,-0.0000000000,-0.0000000000,-0.0000000000,0.0000000000,-0.0000000000,0.0000000000,0.0000000000,0.0461815704,0.0000000000,0.0000000000,-0.0000000000,0.0000000000,0.1913732821,0.0000000000,-0.0000000000,-0.0000000000,0.0000000000,0.0000000000,-0.0000000000,-0.0664938272,-0.0000000000,-0.0000000000,0.0000000000,-0.0000000000,0.0000000000,0.0000000000,-0.1856948505,0.0000000000,0.0000000000,0.0000000000,0.0000000000,-0.0000000000,-0.0000000000,-0.0000000000,-0.0000000000,0.0000000000,0.0000000000,0.0000000000,0.0000000000,0.2245043336,-1.0276977743,0.0000000000,0.0000000000,-0.8731581353,-0.0000000000,-0.0000000000,-0.0000000000,0.0000000000,0.0000000000,-0.0311049347,-0.0000000000,-0.0000000000,0.0000000000,0.0000000000,0.0595346339,0.0000000000,0.0000000000,0.0000000000,-0.0000000000,0.0000000000,-0.0000000000,0.0000000000,0.0000000000,0.0000000000,0.0000000000,-0.1841686883,0.0027975977,-0.0348574934,0.0000000000,-0.0000000000,0.0000000000,-0.0000000000,0.0000000000,-0.0000000000,0.0000000000,0.0000000000,-0.0000000000,0.0000000000,-0.0000000000,0.0000000000,0.0000000000,0.0000000000,0.0000000000,0.0000000000,-0.0000000000,-0.0000000000,0.0000000000,0.0000000000,0.0000000000
0.0000000000,-0.2164846035,3.9661532847,0.0000000000,-0.0000000000,-0.3817494706,-0.2271985084,-0.5190836431,-0.3327865800,-0.0000000000,-0.1680680901,0.0000000000,-0.0000000000,-0.0000000000,-0.0000000000,-0.0000000000,0.1620363111,-0.0000000000,0.0000000000,-0.0000000000,0.0000000000,-0.0000000000,0.0000000000,0.0000000000,-0.0000000000,0.0000000000,-0.0000000000,0.0000000000,-0.0000000000,-0.0000000000,-0.0000000000,-0.0000000000,-0.0000000000,0.0000000000,-0.0837521317,0.0000000000,0.0000000000,-0.0000000000,-0.0000000000,-0.0000000000,0.0000000000,0.0000000000,-0.0000000000,0.0000000000,-0.0000000000,-0.0000000000,-0.0000000000,0.0000000000,-0.0000000000,0.0000000000,-0.0000000000,-0.8368507200,0.0000000000,0.0000000000,-0.3769529897,-0.8947327650,-0.0248576850,-0.0000000000,-0.0000000000,-0.0000000000,-0.0000000000,0.0000000000,-0.0000000000,0.0000000000,0.0000000000,0.0000000000,-0.0000000000,0.1797339683,0.0000000000,-0.0000000000,0.0000000000,0.0000000000,-0.0000000000,-0.0000000000,0.1296610126,0.0000000000,-0.0000000000,0.0000000000,0.0000000000,0.0000000000,0.0000000000,0.0000000000,0.0000000000,0.0000000000,0.0000000000,0.0000000000,0.0000000000,0.0129637352,-0.0000000000,-0.0000000000,-0.0000000000,-0.0000000000,-0.0000000000,-0.0000000000,0.0000000000,0.0000000000,0.0000000000,0.0000000000,-0.0000000000,0.0000000000
-0.0000000000,-0.4570825511,0.0000000000,2.8002607896,-0.2637023603,0.0000000000,0.0000000000,-0.5083074861,0.0000000000,0.0000000000,0.0000000000,0.0000000000,0.0000000000,0.0000000000,0.0756684012,-0.0000000000,0.0000000000,-0.0000000000,-0.0000000000,0.0000000000,0.0000000000,-0.1554618038,0.1923240674,0.0069131906,0.0000000000,-0.0000000000,0.0000000000,0.0000000000,0.1223096780,0.0000000000,-0.0000000000,0.0000000000,-0.0000000000,0.0000000000,0.0000000000,0.2594240023,0.0000000000,-0.0000000000,0.0092794761,0.0247364015,0.0000000000,-0.0000000000,0.0000000000,-0.0000000000,0.0000000000,-0.0000000000,0.0000000000,0.0318725659,-0.0000000000,0.0000000000,-0.0000000000,-0.0915578695,-0.0000000000,-0.9909593363,-0.0000000000,-0.0000000000,-0.0000000000,-0.0000000000,0.0000000000,0.0000000000,0.0000000000,0.2330671953,-0.1905349572,0.0000000000,-0.0000000000,0.0000000000,0.0000000000,-0.0000000000,-0.0000000000,-0.2259258224,-0.0000000000,-0.0000000000,-0.0000000000,0.0000000000,-0.0000000000,-0.0000000000,-0.1425737158,-0.0000000000,-0.0657576961,-0.0000000000,0.0000000000,0.0316132592,-0.0000000000,0.0000000000,0.0000000000,0.0000000000,0.0000000000,-0.0000000000,0.0000000000,0.0000000000,0.0000000000,0.0000000000,0.0000000000,-0.0708863680,-0.0000000000,0.0000000000,-0.0000000000,0.0000000000,-0.0000000000,0.0000000000
-0.0000000000,-0.4460194084,-0.0000000000,-0.2637023603,3.3156755874,-0.0000000000,0.0000000000,-0.0710392873,-0.0000000000,0.0000000000,-0.0000000000,0.1719173515,0.0000000000,-0.0000000000,0.0000000000,-0.0000000000,0.0000000000,-0.0000000000,0.0000000000,-0.0342669091,0.0000000000,-0.0173205637,-0.0000000000,0.0197167464,0.0000000000,0.0000000000,0.0000000000,-0.0000000000,0.0000000000,0.0000000000,0.0000000000,0.0000000000,-0.0000000000,0.0000000000,-0.0000000000,0.0000000000,0.0812268797,-0.0000000000,-0.0000000000,0.0000000000,0.0968368243,-0.0000000000,0.0000000000,0.0000000000,0.0394334445,0.0000000000,-0.0000000000,0.0503075225,-0.0000000000,0.0000000000,-0.0000000000,-0.0000000000,0.0000000000,-0.0924078853,-1.1682814173,-0.3372802742,-0.0000000000,-0.3963500610,0.0000000000,-0.0000000000,-0.0000000000,0.0000000000,-0.0000000000,0.0000000000,0.0000000000,0.1723241232,0.0000000000,0.0000000000,0.0000000000,0.0000000000,0.0000000000,-0.0000000000,-0.0000000000,0.0000000000,0.0393823330,0.0000000000,-0.0000000000,0.2388486425,-0.0000000000,0.1795196922,0.0000000000,0.0299374042,0.0000000000,-0.0000000000,0.0000000000,-0.0000000000,0.0000000000,-0.0000000000,-0.0000000000,0.0000000000,-0.0000000000,0.0000000000,0.0000000000,0.0000000000,-0.0000000000,0.0000000000,0.0000000000,0.0000000000,-0.2507791519,0.0000000000
0.0000000000,-0.0000000000,-0.3817494706,0.0000000000,-0.0000000000,4.5605918434,-0.0000000000,-0.0000000000,-0.8693295488,0.0000000000,-0.0000000000,0.0000000000,-0.0461538416,0.0000000000,0.0000000000,0.0000000000,0.1498221345,0.0000000000,0.0375605983,-0.0000000000,0.0000000000,-0.0000000000,0.0000000000,0.0000000000,-0.0000000000,-0.0000000000,-0.0000000000,0.0000000000,-0.0000000000,-0.0000000000,0.0000000000,0.0000000000,-0.0000000000,0.0569953702,-0.0000000000,-0.0000000000,0.0000000000,0.0000000000,-0.0000000000,-0.0000000000,-0.0000000000,-0.0000000000,-0.0000000000,-0.0000000000,-0.0000000000,0.0000000000,-0.0000000000,0.0000000000,-0.2588833014,-0.0000000000,0.0000000000,-0.0000000000,0.0000000000,0.0000000000,-1.3184329539,-1.5680458702,-0.0000000000,-0.0000000000,-0.0000000000,-0.0000000000,-0.0000000000,-0.0000000000,-0.0000000000,0.0000000000,0.0000000000,0.1740808124,-0.0000000000,0.0000000000,0.0000000000,0.0000000000,0.0000000000,0.0000000000,0.0000000000,-0.0000000000,0.0000000000,-0.0000000000,-0.0000000000,-0.0000000000,0.0000000000,0.0596942088,0.0000000000,0.0000000000,0.0000000000,0.0000000000,0.0000000000,-0.0000000000,0.0000000000,0.0000000000,-0.0000000000,-0.0000000000,-0.0000000000,0.0000000000,-0.0000000000,-0.0000000000,-0.0000000000,0.0000000000,0.0000000000,-0.0000000000,-0.0000000000,-0.0000000000
-0.0000000000,-0.0000000000,-0.2271985084,0.0000000000,0.0000000000,-0.0000000000,2.1968134186,-0.1612757904,-0.0000000000,-0.2727698027,-0.0501337666,-0.0000000000,0.0000000000,0.0000000000,0.0000000000,-0.1439071054,0.0000000000,-0.0000000000,0.0000000000,-0.0000000000,-0.2041504912,0.0000000000,0.0000000000,0.0000000000,-0.0292092189,0.0000000000,-0.0000000000,0.0401083521,-0.0518416808,0.0232758519,0.2260845192,-0.0000000000,0.0000000000,0.0000000000,0.0000000000,0.0000000000,-0.0000000000,-0.0000000000,0.1950814043,-0.2531054801,-0.0791569362,0.0000000000,0.0000000000,-0.0000000000,-0.0000000000,-0.0000000000,0.0000000000,-0.0000000000,-0.0000000000,-0.0000000000,0.0000000000,-0.0000000000,-0.3414703419,0.1666512136,-0.0000000000,-0.0482343855,-0.3669720524,-0.0000000000,-0.0000000000,0.0000000000,0.0000000000,0.2538085601,-0.0000000000,0.0000000000,0.0000000000,0.0000000000,-0.2705895968,0.1459854480,-0.0000000000,-0.0000000000,-0.0000000000,0.1303132271,0.0000000000,-0.0000000000,-0.0000000000,0.0000000000,-0.2997445496,0.0000000000,-0.0661058775,-0.0000000000,-0.0000000000,0.0000000000,-0.0000000000,0.0000000000,-0.0000000000,0.0000000000,-0.0000000000,0.1225348020,0.0000000000,-0.0504854496,0.0000000000,-0.0000000000,0.0000000000,-0.0000000000,-0.0000000000,-0.0129924070,-0.1219493073,0.0000000000,-0.0015542261,-0.1798015666
-0.0000000000,-0.5124182177,-0.5190836431,-0.5083074861,-0.0710392873,-0.0000000000,-0.1612757904,5.8828193274,-0.1203410088,0.0000000000,-0.0000000000,0.0000000000,0.0000000000,-0.0000000000,0.0000000000,-0.0440058068,0.0000000000,-0.1794214817,-0.0000000000,-0.0000000000,0.0000000000,-0.0000000000,0.0000000000,0.0000000000,0.0000000000,0.0000000000,-0.0000000000,0.0000000000,-0.0000000000,-0.0000000000,0.0000000000,-0.0000000000,0.0000000000,0.0000000000,-0.0000000000,0.0552859066,0.0000000000,-0.0000000000,0.0000000000,0.0000000000,-0.0000000000,-0.0000000000,0.0000000000,-0.0000000000,0.0000000000,-0.0000000000,-0.0000000000,0.0000000000,0.0000000000,0.0000000000,0.0000000000,-0.9773308457,-0.0000000000,-0.0000000000,-0.0112727207,-0.1276609112,-1.4037618017,-1.3029610720,0.0000000000,0.0000000000,-0.0000000000,0.1673067478,-0.0000000000,0.0000000000,0.0000000000,0.0000000000,0.0000000000,0.0000000000,0.0000000000,-0.0000000000,0.0000000000,-0.0000000000,-0.0000000000,0.0000000000,0.0000000000,0.0000000000,-0.0000000000,0.0332452543,0.0000000000,0.0000000000,0.0731970649,0.2664316498,0.0794802252,0.1194675984,0.0000000000,0.0000000000,0.0000000000,0.0372752252,0.0000000000,0.0000000000,0.0000000000,0.0000000000,0.0000000000,0.0000000000,0.0000000000,0.0000000000,-0.0000000000,0.0000000000,0.0000000000,0.0000000000
0.2965521066,-0.0000000000,-0.3327865800,0.0000000000,-0.0000000000,-0.8693295488,-0.0000000000,-0.1203410088,4.3117600198,-0.0000000000,0.0000000000,0.0000000000,0.0000000000,0.0000000000,-0.0000000000,0.0000000000,0.1596916396,0.0000000000,0.0000000000,-0.0000000000,0.0000000000,-0.0000000000,0.0000000000,-0.0000000000,0.0000000000,-0.0000000000,-0.0023225289,0.0000000000,-0.0847402898,-0.0000000000,0.0000000000,0.0000000000,-0.0000000000,0.0576562775,0.0000000000,-0.2042454851,-0.0000000000,-0.0000000000,-0.0000000000,-0.0000000000,0.0000000000,0.0000000000,-0.0000000000,0.0000000000,0.0000000000,-0.0000000000,-0.0000000000,0.0000000000,0.0000000000,0.0000000000,0.1164092187,-0.0000000000,0.0000000000,0.0000000000,-1.0473267076,-0.1348058166,-0.0000000000,-1.3479345872,-0.0909230848,-0.0000000000,-0.0000000000,0.0000000000,-0.0000000000,0.0388544197,-0.0000000000,0.0000000000,0.0000000000,0.1048664793,0.0000000000,-0.0000000000,0.0000000000,-0.0000000000,-0.0000000000,-0.0000000000,-0.0000000000,-0.3045993751,-0.1303887487,-0.0000000000,0.0568597923,0.0000000000,0.0000000000,0.0000000000,0.1627359651,0.0000000000,0.0000000000,0.0000000000,0.0000000000,0.0000000000,-0.0000000000,0.0000000000,0.0000000000,0.0000000000,-0.0000000000,0.0000000000,0.0000000000,0.0000000000,0.0000000000,0.0000000000,0.0000000000,0.1656380477
0.0000000000,0.0000000000,-0.0000000000,0.0000000000,0.0000000000,0.0000000000,-0.2727698027,0.0000000000,-0.0000000000,2.8228190136,-0.1094567313,-0.0317135317,0.0000000000,0.0000000000,-0.1255598769,0.0000000000,0.0082483319,0.0000000000,-0.0000000000,0.0000000000,-0.3037797800,0.0000000000,-0.0000000000,0.0000000000,-0.4411480321,0.0000000000,-0.0000000000,0.0000000000,-0.1445556006,-0.0000000000,0.0000000000,-0.0000000000,-0.3417258289,-0.0000000000,0.0798269015,-0.0000000000,0.0000000000,-0.0594863431,-0.0000000000,-0.2374786006,0.0000000000,0.4761635002,0.0000000000,0.0000000000,-0.0000000000,0.3938480889,0.0262692802,0.0000000000,-0.0000000000,-0.0000000000,-0.0000000000,0.0000000000,0.0003090453,0.2350130154,-0.0000000000,0.0000000000,0.0000000000,0.0000000000,-0.6378928849,-0.0000000000,0.0000000000,0.0000000000,-0.0000000000,-0.0000000000,-0.0000000000,-0.0542972218,0.0000000000,0.0000000000,-0.0000000000,0.0000000000,-0.0000000000,0.0000000000,-0.0379623195,-0.0060336355,-0.0908772580,-0.1037326726,-0.0000000000,-0.0000000000,-0.0000000000,-0.0000000000,-0.0139399140,-0.0000000000,-0.1616766080,-0.0000000000,-0.0000000000,-0.0000000000,-0.0000000000,0.0000000000,-0.0973897859,-0.0000000000,-0.0000000000,-0.1848002237,-0.1086168759,-0.0000000000,0.0000000000,-0.0000000000,0.0000000000,0.0000000000,-0.0239175465,-0.0000000000
-0.0000000000,-0.0000000000,-0.1680680901,0.0000000000,-0.0000000000,-0.0000000000,-0.0501337666,-0.0000000000,0.0000000000,-0.1094567313,1.5742939570,-0.0000000000,-0.0153982731,-0.0000000000,-0.0000000000,-0.0000000000,-0.0000000000,-0.1351140004,-0.1446959890,-0.0000000000,-0.0000000000,-0.0000000000,0.0000000000,0.0000000000,-0.0505794807,-0.0836533843,0.0000000000,0.0000000000,0.0000000000,-0.0000000000,-0.0000000000,-0.0000000000,-0.0000000000,-0.0000000000,-0.0000000000,-0.0000000000,0.1259967235,0.0000000000,-0.0000000000,-0.0000000000,-0.0000000000,-0.0000000000,0.0000000000,0.0000000000,-0.0000000000,0.0339161517,-0.0000000000,0.0000000000,-0.0403093615,-0.0845943855,-0.0000000000,-0.0000000000,-0.0000000000,0.0000000000,-0.0000000000,-0.0823624954,-0.0000000000,-0.0000000000,-0.1489597854,-0.4631698951,-0.0000000000,-0.0000000000,-0.0000000000,0.0000000000,-0.0000000000,-0.0000000000,0.0000000000,0.0000000000,-0.2001941771,-0.1088958120,0.0000000000,0.0000000000,0.0000000000,0.0000000000,0.0000000000,-0.0000000000,0.0370240347,0.0248090908,0.0087206243,0.0000000000,0.0000000000,-0.0000000000,-0.0000000000,-0.0000000000,-0.0000000000,-0.0000000000,0.0000000000,-0.0000000000,-0.0000000000,-0.0000000000,0.0000000000,0.0000000000,0.0000000000,-0.1715805253,-0.0393777719,0.0000000000,0.0000000000,-0.0000000000,-0.0000000000,-0.0000000000
0.0161652517,-0.0000000000,0.0000000000,0.0000000000,0.1719173515,0.0000000000,-0.0000000000,0.0000000000,0.0000000000,-0.0317135317,-0.0000000000,2.3922792695,-0.0000000000,-0.0000000000,-0.0000000000,0.0000000000,-0.1786444507,0.0000000000,-0.0000000000,0.0000000000,-0.0000000000,0.0000000000,0.0000000000,-0.1547953654,0.0086870658,-0.3238578092,-0.2604131362,0.0000000000,0.0000000000,0.0000000000,0.0000000000,0.0000000000,0.0000000000,-0.0000000000,0.0000000000,0.0000000000,0.0000000000,-0.0000000000,0.0000000000,0.0000000000,0.0000000000,0.2128937181,-0.0000000000,0.0000000000,-0.0384430761,0.0000000000,0.2340809054,-0.0000000000,0.0000000000,0.0586375531,0.0000000000,0.0000000000,-0.0000000000,0.2273506262,0.0000000000,0.0496287849,0.0000000000,0.0000000000,-0.0000000000,-0.0000000000,-0.6432305652,-0.0380288905,-0.0000000000,-0.0000000000,-0.0000000000,-0.0000000000,-0.0000000000,-0.0000000000,-0.1602780671,0.0000000000,-0.0000000000,-0.0000000000,-0.0000000000,0.0000000000,-0.0000000000,-0.0000000000,0.0000000000,-0.0000000000,-0.2122646345,-0.0000000000,-0.0000000000,-0.2117811756,-0.0000000000,0.0000000000,-0.5097907294,-0.0000000000,-0.0000000000,-0.0000000000,0.0000000000,-0.0000000000,-0.0000000000,0.0000000000,0.0000000000,0.0747084579,-0.0000000000,-0.0000000000,-0.0000000000,-0.0000000000,0.0000000000,0.0000000000
0.0000000000,-0.0000000000,-0.0000000000,0.0000000000,0.0000000000,-0.0461538416,0.0000000000,0.0000000000,0.0000000000,0.0000000000,-0.0153982731,-0.0000000000,3.6236472735,-0.0000000000,0.0541881918,0.0986071690,-0.0000000000,0.0000000000,0.0000000000,0.0000000000,0.0000000000,0.0000000000,0.0000000000,0.0000000000,-0.0000000000,-0.0619252636,-0.0000000000,-0.0000000000,0.0000000000,-0.0000000000,-0.0534134234,0.1000044975,-0.0000000000,0.0000000000,-0.0000000000,-0.0000000000,-0.0370743965,0.0000000000,0.0000000000,0.0000000000,-0.0000000000,0.0000000000,-0.0277702793,0.0000000000,-0.0000000000,-0.0000000000,-0.0000000000,-0.0000000000,0.0000000000,-0.0000000000,0.0678077096,-0.0000000000,0.0377968484,0.1446130944,-0.0000000000,-0.0000000000,-0.0000000000,0.0000000000,0.0390195140,-0.0000000000,-0.1340986020,-2.3967509627,-0.5462959169,0.0357361443,0.2609887638,0.0000000000,-0.0000000000,-0.3375895001,0.0000000000,0.0000000000,0.0000000000,0.0537815076,-0.0000000000,-0.0000000000,0.0000000000,0.0000000000,-0.0000000000,-0.0411874458,-0.0000000000,0.1194182158,0.0000000000,-0.1305642625,-0.0000000000,0.0406075117,-0.0000000000,0.0000000000,0.0000000000,-0.0000000000,-0.0000000000,-0.3973376353,-0.0000000000,0.0000000000,-0.0000000000,0.0000000000,-0.0000000000,-0.0000000000,0.0000000000,-0.0000000000,0.0000000000,-0.0000000000
-0.1154593068,-0.0000000000,-0.0000000000,0.0000000000,-0.0000000000,0.0000000000,0.0000000000,-0.0000000000,0.0000000000,0.0000000000,-0.0000000000,-0.0000000000,-0.0000000000,1.6907764624,-0.4698792807,0.0094746140,0.0000000000,0.0000000000,-0.1030657001,-0.0281172354,-0.0000000000,0.0553947066,-0.2885759118,0.0378386599,-0.0000000000,0.0213997493,-0.0000000000,-0.0000000000,-0.0000000000,-0.0092638898,-0.0493092076,-0.0000000000,0.1221423823,0.0000000000,-0.0000000000,0.0000000000,-0.0000000000,0.0000000000,-0.0933287523,0.0000000000,-0.0000000000,0.0000000000,0.0000000000,0.0000000000,0.0000000000,0.0000000000,-0.0498075146,-0.0000000000,-0.0000000000,-0.0000000000,-0.0712776925,-0.0038039386,0.0000000000,-0.0000000000,-0.0000000000,-0.0000000000,-0.0000000000,-0.1727597798,-0.0000000000,-0.0000000000,-0.2017173741,-0.1324907464,-0.0052897510,-0.4785329648,-0.0268648808,-0.0090387556,0.0000000000,-0.0390840374,-0.0000000000,-0.0000000000,0.0000000000,-0.0000000000,-0.0000000000,0.0973367003,0.0000000000,0.0597279216,0.0322146374,0.0000000000,0.0000000000,-0.0000000000,0.1212191226,0.0000000000,-0.0000000000,0.0000000000,-0.0000000000,-0.0000000000,-0.0000000000,-0.0000000000,0.0000000000,-0.0000000000,0.0000000000,-0.0000000000,0.0000000000,-0.0000000000,0.0000000000,0.0000000000,0.0000000000,0.0000000000,0.0019826045,0.0000000000
-0.0000000000,0.0000000000,-0.0000000000,0.0756684012,0.0000000000,0.0000000000,0.0000000000,0.0000000000,-0.0000000000,-0.1255598769,-0.0000000000,-0.0000000000,0.0541881918,-0.4698792807,3.5281186379,0.0000000000,0.0000000000,0.0000000000,-0.0000000000,-0.0000000000,-0.1507294847,0.0000000000,-0.0662689019,0.0306720275,0.0000000000,0.3450383384,0.0000000000,0.0000000000,-0.0000000000,-0.0000000000,-0.0000000000,-0.2992699818,-0.0000000000,-0.0000000000,0.0000000000,-0.0000000000,-0.0000000000,-0.0000000000,-0.0000000000,0.0000000000,-0.0000000000,0.0212673845,0.0000000000,0.0000000000,0.0000000000,-0.0000000000,-0.1855281385,-0.0263276094,0.0000000000,-0.0000000000,-0.0000000000,0.0000000000,0.2305453767,0.0000000000,0.0000000000,0.0680227597,0.0000000000,-0.0000000000,-0.0000000000,-0.0000000000,-0.0000000000,0.0000000000,0.0000000000,-0.4539814070,-0.0295239212,-2.0415453642,0.0000000000,0.0000000000,-0.0000000000,0.0000000000,-0.0000000000,-0.0938054495,-0.0000000000,0.0000000000,-0.0000000000,-0.0000000000,0.0000000000,0.0000000000,0.0000000000,-0.0000000000,-0.0000000000,-0.0000000000,-0.0000000000,-0.0000000000,0.0000000000,-0.0021843211,-0.0000000000,0.0000000000,-0.0000000000,0.0000000000,0.0000000000,-0.0000000000,0.0000000000,-0.0000000000,0.1237523580,0.0000000000,0.0000000000,0.0000000000,0.0000000000,0.0000000000
-0.3101912236,-0.0000000000,-0.0000000000,-0.0000000000,-0.0000000000,0.0000000000,-0.1439071054,-0.0440058068,0.0000000000,0.0000000000,-0.0000000000,0.0000000000,0.0986071690,0.0094746140,0.0000000000,2.0626589213,-0.0943219946,-0.3090595573,-0.2394435313,0.0000000000,-0.0000000000,-0.3276346480,-0.2161067504,-0.0000000000,0.3998044805,0.2363261104,0.0000000000,0.0000000000,-0.0000000000,-0.0000000000,0.0000000000,-0.0003880030,-0.3837983343,-0.0000000000,-0.0000000000,0.0594223643,0.2045716276,-0.0000000000,-0.0000000000,-0.3875226885,-0.0645277589,0.0000000000,-0.0269965318,-0.1409212882,0.0000000000,-0.0000000000,0.0000000000,0.0000000000,0.0000000000,0.0000000000,-0.0475940128,-0.0000000000,-0.0401492443,0.0000000000,0.0000000000,0.0000000000,-0.0000000000,-0.0000000000,0.0161198005,0.0000000000,0.0000000000,0.0176972927,0.1362525664,0.0000000000,0.1073644114,0.0000000000,-0.0000000000,0.0373434709,-0.0000000000,-0.0000000000,0.0000000000,-0.0000000000,0.1319760294,0.0000000000,0.0000000000,0.2161538920,-0.0000000000,-0.0000000000,-0.0000000000,0.0505569590,0.0000000000,0.0000000000,0.0000000000,-0.0000000000,0.0000000000,-0.0000000000,0.0000000000,-0.0000000000,0.0000000000,0.0000000000,0.0208515957,0.0093571269,0.1136619700,-0.0000000000,0.0000000000,-0.0000000000,-0.1003448956,0.0000000000,-0.0000000000,-0.0000000000
-0.0000000000,0.0000000000,0.1620363111,0.0000000000,0.0000000000,0.1498221345,0.0000000000,0.0000000000,0.1596916396,0.0082483319,-0.0000000000,-0.1786444507,-0.0000000000,0.0000000000,0.0000000000,-0.0943219946,2.8235266251,-0.1509681596,-0.4302061041,0.0000000000,-0.0000000000,-0.2145083133,-0.1589180825,-0.6412156372,0.0000000000,-0.0000000000,-0.0000000000,-0.0000000000,-0.0000000000,0.0000000000,0.0000000000,0.0000000000,0.0000000000,-0.2028821677,-0.0000000000,0.0326781245,-0.0450846764,0.0000000000,0.0000000000,-0.0000000000,-0.0023272045,0.0000000000,-0.0000000000,-0.0781575179,0.0679742873,-0.0000000000,0.0000000000,-0.0000000000,0.3173733316,0.0000000000,-0.0000000000,0.0000000000,-0.0309855441,-0.0000000000,0.0000000000,0.0000000000,0.0000000000,0.0000000000,0.1183238036,0.0000000000,0.0000000000,-0.0000000000,0.0000000000,0.0000000000,0.0000000000,0.0000000000,-0.1459338415,-0.5046766966,-0.2095196527,-0.0418824880,0.0000000000,-0.0000000000,-0.0000000000,-0.0000000000,0.0000000000,0.0000000000,-0.0692484837,0.0000000000,-0.0262533756,0.0000000000,-0.3980163346,-0.0000000000,0.0000000000,-0.0000000000,-0.0000000000,0.0000000000,-0.1482793039,-0.0000000000,0.0000000000,-0.0000000000,0.0000000000,0.2021936080,0.0000000000,0.1952185361,-0.0000000000,-0.0000000000,-0.0000000000,-0.0000000000,0.0000000000,-0.0000000000
-0.4464993811,0.0000000000,-0.0000000000,-0.0000000000,-0.0000000000,0.0000000000,-0.0000000000,-0.1794214817,0.0000000000,0.0000000000,-0.1351140004,0.0000000000,0.0000000000,0.0000000000,0.0000000000,-0.3090595573,-0.1509681596,3.1221607929,-0.0080362922,-0.1331000978,-0.0777159186,-0.0000000000,-0.0885238671,-0.0000000000,0.0000000000,-0.0000000000,-0.0000000000,0.0000000000,-0.0000000000,0.1033236154,0.0000000000,0.0000000000,0.0079206979,-0.3446970907,-0.0000000000,0.0000000000,0.0000000000,0.0000000000,-0.0000000000,-0.0000000000,-0.0000000000,0.0000000000,0.0155106847,-0.0634525491,0.1935596709,0.0000000000,0.0000000000,-0.0000000000,-0.0000000000,-0.0000000000,-0.0239740005,-0.0000000000,-0.1697687073,-0.0000000000,0.0000000000,-0.0000000000,-0.0000000000,-0.0145926712,-0.0000000000,-0.0000000000,0.0079032260,0.0635798892,-0.0000000000,0.0000000000,-0.0000000000,0.0000000000,-0.4763217480,-0.0000000000,-0.0000000000,-1.3336590489,-0.2196277482,-0.0000000000,-0.2286164690,0.0000000000,0.0000000000,0.0000000000,-0.0145031639,0.0344566186,-0.0000000000,0.0000000000,0.0000000000,0.0000000000,0.1317489080,-0.0000000000,0.0000000000,-0.0000000000,-0.0000000000,0.0685428290,-0.0000000000,0.0000000000,-0.0000000000,0.0000000000,0.0000000000,0.0000000000,0.0000000000,-0.0000000000,0.0000000000,-0.0000000000,-0.0000000000,-0.0000000000
-0.0027681732,0.0461815704,0.0000000000,-0.0000000000,0.0000000000,0.0375605983,0.0000000000,-0.0000000000,0.0000000000,-0.0000000000,-0.1446959890,-0.0000000000,0.0000000000,-0.1030657001,-0.0000000000,-0.2394435313,-0.4302061041,-0.0080362922,1.9834344430,0.0000000000,-0.0000000000,-0.0041967085,-0.0000000000,-0.0000000000,0.0000000000,-0.0000000000,0.0000000000,0.0000000000,-0.0000000000,0.0000000000,0.0000000000,-0.0000000000,-0.0000000000,-0.4649315215,-0.0000000000,-0.0000000000,-0.0000000000,0.0000000000,-0.0005938798,-0.0000000000,-0.0000000000,0.0000000000,0.0000000000,-0.0000000000,0.0000000000,0.0000000000,0.0000000000,-0.0000000000,0.0000000000,-0.0000000000,-0.0000000000,0.0000000000,-0.1262629051,-0.0000000000,0.0000000000,0.0000000000,0.0000000000,-0.0000000000,-0.1946558684,-0.0000000000,0.0244655195,0.0630597800,0.0000000000,0.0000000000,-0.0000000000,-0.0000000000,0.0488824992,-0.0000000000,-0.1566083387,-0.2832004339,0.0000000000,0.0000000000,-0.1527192036,0.0000000000,0.0000000000,-0.0000000000,-0.0000000000,-0.0000000000,0.0000000000,0.0000000000,0.0000000000,-0.0000000000,0.0000000000,-0.0952571905,-0.0000000000,0.0000000000,-0.1383680186,0.0000000000,0.0000000000,0.3487452633,0.0000000000,0.0000000000,0.2962370247,0.0000000000,0.0000000000,-0.0000000000,0.1050660001,-0.0000000000,0.0000000000,0.0000000000
-0.0000000000,0.0000000000,-0.0000000000,0.0000000000,-0.0342669091,-0.0000000000,-0.0000000000,-0.0000000000,-0.0000000000,0.0000000000,-0.0000000000,0.0000000000,0.0000000000,-0.0281172354,-0.0000000000,0.0000000000,0.0000000000,-0.1331000978,0.0000000000,2.8238086032,-0.0000000000,0.0510244293,-0.3401919620,-0.0000000000,0.0000000000,0.0000000000,-0.0000000000,0.0000000000,-0.3361016292,0.0000000000,0.0000000000,0.0000000000,0.0000000000,0.0000000000,-0.0000000000,-0.0000000000,-0.0000000000,0.0227832473,-0.0000000000,-0.0000000000,-0.0000000000,0.0000000000,0.1132292436,-0.0000000000,0.0595182980,0.0000000000,0.0000000000,-0.0000000000,-0.4930580169,-0.0000000000,-0.0000000000,0.0000000000,0.0000000000,-0.0000000000,-0.0000000000,-0.2063176374,0.0000000000,-0.0000000000,-0.0000000000,-0.0015622283,0.0085258783,-0.0000000000,0.0000000000,-0.0000000000,-0.0000000000,0.0000000000,-0.4441261442,-0.0000000000,0.0000000000,0.0000000000,-0.8144902492,-0.0000000000,-0.0000000000,-0.0775199565,0.0000000000,0.0000000000,-0.0427278173,0.0590010405,0.0454024754,0.0696854258,-0.0000000000,0.2585247426,0.0860328601,0.0000000000,-0.0000000000,-0.0000000000,0.0000000000,0.0000000000,-0.1730929606,-0.0000000000,-0.0000000000,0.0000000000,-0.0000000000,0.0000000000,0.0000000000,0.0000000000,0.0000000000,0.0000000000,-0.3131655861,-0.0504206593
-0.2361335031,0.0000000000,0.0000000000,0.0000000000,0.0000000000,0.0000000000,-0.2041504912,0.0000000000,0.0000000000,-0.3037797800,-0.0000000000,-0.0000000000,0.0000000000,-0.0000000000,-0.1507294847,-0.0000000000,-0.0000000000,-0.0777159186,-0.0000000000,-0.0000000000,2.2519966298,0.0199225580,-0.2569812808,0.0000000000,0.0000000000,0.0000000000,-0.0000000000,-0.0000000000,-0.1035953877,0.0000000000,0.0000000000,-0.0796838383,-0.0000000000,-0.0000000000,0.0379535349,-0.0000000000,-0.0000000000,-0.0000000000,-0.0000000000,-0.0000000000,-0.0458206950,-0.0000000000,0.3652373016,-0.0000000000,0.0000000000,-0.0000000000,0.0000000000,-0.1274724937,-0.0000000000,-0.0000000000,0.0000000000,0.0947079107,0.0000000000,0.2234305543,0.0000000000,0.0000000000,0.0000000000,-0.0000000000,0.0000000000,-0.0000000000,0.0000000000,0.1476801304,-0.0916942537,-0.0665477965,-0.0827335834,-0.0000000000,-0.0000000000,0.0000000000,-0.0000000000,-0.0000000000,-0.4764502509,0.0000000000,-0.0000000000,0.0000000000,-0.0679142022,0.0000000000,-0.0000000000,-0.0000000000,-0.0000000000,-0.0000000000,-0.0000000000,-0.0000000000,0.0000000000,0.0000000000,0.0000000000,-0.0000000000,-0.0000000000,0.0000000000,-0.0000000000,-0.0000000000,0.2547809010,0.0000000000,-0.0000000000,-0.0000000000,-0.0000000000,0.0000000000,-0.0000000000,0.0000000000,-0.0000000000,-0.1164533925
0.0000000000,-0.0000000000,-0.0000000000,-0.1554618038,-0.0173205637,-0.0000000000,0.0000000000,-0.0000000000,-0.0000000000,0.0000000000,-0.0000000000,0.0000000000,0.0000000000,0.0553947066,0.0000000000,-0.3276346480,-0.2145083133,-0.0000000000,-0.0041967085,0.0510244293,0.0199225580,2.8908850840,0.0000000000,-0.0000000000,-0.0000000000,-0.2670841071,0.0000000000,-0.0000000000,0.2167277928,0.0000000000,-0.0000000000,0.0000000000,-0.0000000000,-0.5053667423,-1.2399764408,0.0542931231,0.1679814276,0.0000000000,0.0000000000,-0.0000000000,0.0000000000,-0.0000000000,-0.3204794145,0.0000000000,0.0000000000,0.0000000000,-0.0000000000,-0.0000000000,0.0000000000,0.0000000000,-0.0000000000,-0.0000000000,-0.0000000000,-0.0000000000,-0.0000000000,-0.0000000000,-0.0000000000,-0.0000000000,-0.0000000000,0.0055776078,0.0000000000,0.0000000000,-0.0000000000,0.0938525939,0.0000000000,0.0000000000,0.0000000000,-0.0000000000,-0.0000000000,-0.1003840728,0.1504733596,-0.1857457610,-0.0000000000,-0.0000000000,0.0000000000,-0.0000000000,-0.1770000113,-0.0141170379,-0.0000000000,0.0000000000,-0.0000000000,-0.0000000000,-0.0000000000,-0.4975970400,0.0000000000,-0.0000000000,0.0000000000,-0.0000000000,-0.0000000000,0.0000000000,-0.0000000000,0.0000000000,0.1181964106,0.0000000000,-0.0000000000,0.0000000000,0.0000000000,-0.2783038878,-0.0000000000,0.0000000000
-0.0915553525,0.0000000000,0.0000000000,0.1923240674,-0.0000000000,0.0000000000,0.0000000000,0.0000000000,0.0000000000,-0.0000000000,0.0000000000,0.0000000000,0.0000000000,-0.2885759118,-0.0662689019,-0.2161067504,-0.1589180825,-0.0885238671,-0.0000000000,-0.3401919620,-0.2569812808,0.0000000000,2.2528426330,-0.0000000000,0.0514136294,0.0873464036,-0.0000000000,-0.0000000000,-0.1586047198,-0.1982124708,-0.0000000000,0.0000000000,0.0000000000,-0.0000000000,0.0000000000,0.0000000000,0.0000000000,-0.0000000000,-0.0847290989,-0.0148189382,-0.0000000000,0.0361039943,0.0000000000,-0.1532381378,0.0000000000,0.0464497002,0.0000000000,-0.0680935487,-0.0000000000,0.0000000000,-0.0000000000,0.0670257257,0.0000000000,0.0000000000,0.0000000000,0.0000000000,0.0000000000,-0.0000000000,0.0802987579,-0.0000000000,0.1195372998,0.0000000000,0.1774469418,-0.0000000000,-0.0000000000,-0.0000000000,-0.0712201835,-0.0000000000,0.0000000000,-0.0000000000,0.0000000000,-0.3312716640,-0.6357006606,-0.0000000000,0.0000000000,0.0000000000,0.0000000000,-0.0000000000,0.0687882948,0.0000000000,-0.0000000000,0.0000000000,0.0000000000,-0.0000000000,-0.0000000000,-0.0866805489,0.0000000000,0.0000000000,-0.0000000000,-0.0000000000,0.0182512936,0.0000000000,-0.0000000000,0.0000000000,0.0000000000,0.1137000295,-0.0000000000,-0.0000000000,-0.0576851493,-0.0000000000
0.0835882535,0.1913732821,0.0000000000,0.0069131906,0.0197167464,0.0000000000,0.0000000000,0.0000000000,-0.0000000000,0.0000000000,0.0000000000,-0.1547953654,0.0000000000,0.0378386599,0.0306720275,-0.0000000000,-0.6412156372,-0.0000000000,-0.0000000000,-0.0000000000,0.0000000000,-0.0000000000,-0.0000000000,2.4741682639,0.1611013990,-0.0699773050,-0.4079722628,-0.0000000000,-0.1491126599,-0.0000000000,0.2130263340,0.0774657197,0.1853524736,-0.0000000000,0.0000000000,0.0000000000,0.0000000000,0.0000000000,-0.0000000000,-0.6148753613,-0.0000000000,0.0000000000,-0.1955355507,-0.0000000000,0.0000000000,-0.0000000000,0.0000000000,0.0000000000,0.0376552804,0.3055691719,-0.0000000000,0.0000000000,-0.0281565352,-0.0000000000,0.0000000000,0.0000000000,0.0000000000,0.0000000000,-0.0000000000,0.0000000000,0.0000000000,-0.0000000000,0.0000000000,0.0000000000,-0.0000000000,0.0000000000,-0.0000000000,-0.0318418778,-0.0000000000,-0.0000000000,-0.4437804893,-0.0000000000,-0.0208289619,-0.0490151930,-0.0000000000,0.0000000000,-0.0000000000,-0.0000000000,-0.0000000000,-0.0000000000,-0.0537570221,0.0000000000,0.1063335087,0.0000000000,-0.0000000000,0.0000000000,0.0000000000,0.0000000000,-0.0000000000,-0.0000000000,-0.1922602915,-0.0000000000,-0.2394557025,0.0073759609,-0.0197278049,0.0000000000,-0.0000000000,0.0000000000,-0.0000000000,0.0000000000
-0.0000000000,0.0000000000,-0.0000000000,0.0000000000,0.0000000000,-0.0000000000,-0.0292092189,0.0000000000,0.0000000000,-0.4411480321,-0.0505794807,0.0086870658,-0.0000000000,-0.0000000000,0.0000000000,0.3998044805,0.0000000000,0.0000000000,0.0000000000,0.0000000000,0.0000000000,-0.0000000000,0.0514136294,0.1611013990,2.0284780937,0.0000000000,0.0000000000,-0.2262269649,-0.0000000000,0.0000000000,-0.0000000000,-0.1259146988,0.0000000000,-0.0000000000,-0.0901700495,-0.0000000000,-0.1539237679,-0.0000000000,0.0000000000,-0.0000000000,0.0000000000,-0.1230527077,0.0000000000,0.0000000000,-0.0761579287,0.0000000000,-0.0000000000,-0.0000000000,-0.0000000000,-0.2190427215,-0.0000000000,0.0000000000,0.0000000000,-0.0000000000,-0.0000000000,-0.0000000000,0.0000000000,0.0000000000,-0.2264623456,-0.0000000000,0.0000000000,0.0000000000,-0.0000000000,0.0000000000,0.0000000000,0.0000000000,-0.0000000000,-0.0000000000,-0.0000000000,0.0000000000,0.0000000000,0.0208312945,-0.0000000000,-0.0000000000,-0.0000000000,-0.0905855334,-0.0000000000,0.0000000000,-0.0000000000,-0.0770455280,-0.0000000000,-0.0009122662,-0.0418608675,-0.0000000000,0.0000000000,-0.0000000000,-0.1774185201,0.0000000000,-0.1835545018,-0.0000000000,-0.0000000000,-0.4435589000,-0.0000000000,-0.0014406922,-0.0000000000,-0.0000000000,0.0000000000,0.0000000000,0.0000000000,-0.0186420774
0.0574562398,-0.0000000000,0.0000000000,-0.0000000000,0.0000000000,-0.0000000000,0.0000000000,0.0000000000,-0.0000000000,0.0000000000,-0.0836533843,-0.3238578092,-0.0619252636,0.0213997493,0.3450383384,0.2363261104,-0.0000000000,-0.0000000000,-0.0000000000,0.0000000000,0.0000000000,-0.2670841071,0.0873464036,-0.0699773050,0.0000000000,1.7977998170,-0.0000000000,-0.2829801071,0.0000000000,0.0594823661,0.0000000000,0.0000000000,0.0198375178,-0.0000000000,-0.0090035507,0.0000000000,0.0000000000,0.1182161293,0.0000000000,0.0000000000,0.0000000000,-0.1061926969,-0.0000000000,-0.0000000000,-0.0000000000,0.0000000000,0.0000000000,-0.0000000000,0.0000000000,0.0000000000,0.0000000000,0.0000000000,-0.0000000000,-0.0405149280,-0.0000000000,-0.0000000000,0.0000000000,0.0000000000,-0.0000000000,-0.0000000000,-0.0691596929,-0.0000000000,-0.0862476258,0.0072986519,-0.0000000000,-0.0000000000,0.0000000000,-0.0938825591,0.0000000000,-0.0000000000,0.0000000000,0.0000000000,-0.0000000000,-0.0000000000,-0.0000000000,-0.4592848269,-0.0113667974,-0.1763971370,0.0000000000,-0.0000000000,0.0000000000,0.0000000000,0.1343333721,0.0000000000,-0.0000000000,0.1964565511,0.0000000000,-0.0000000000,0.0319238196,0.0000000000,0.0000000000,-0.0000000000,0.0000000000,-0.0000000000,-0.0000000000,-0.0000000000,0.0601721850,-0.0000000000,0.0000000000,0.0000000000
0.0000000000,-0.0000000000,-0.0000000000,0.0000000000,0.0000000000,-0.0000000000,-0.0000000000,-0.0000000000,-0.0023225289,-0.0000000000,0.0000000000,-0.2604131362,-0.0000000000,-0.0000000000,0.0000000000,0.0000000000,-0.0000000000,-0.0000000000,0.0000000000,-0.0000000000,-0.0000000000,0.0000000000,-0.0000000000,-0.4079722628,0.0000000000,-0.0000000000,2.4781886567,-0.5824782840,-0.7653313437,-0.1096309125,0.0000000000,-0.0000000000,0.0000000000,0.3816466781,0.0000000000,0.0000000000,-0.0000000000,-0.0000000000,0.0000000000,0.0000000000,0.0000000000,0.0000000000,-0.0000000000,-0.0000000000,-0.2316867615,-0.1196992577,0.0468871874,-0.0837477450,0.0000000000,0.2073729847,0.0000000000,-0.0000000000,0.0000000000,0.0000000000,-0.0000000000,0.0000000000,-0.0000000000,-0.0000000000,-0.0000000000,-0.0998373279,-0.0000000000,-0.0000000000,-0.1169659406,-0.0000000000,-0.0350361492,0.0000000000,0.0000000000,-0.0000000000,0.0000000000,-0.0000000000,-0.0000000000,-0.0000000000,-0.0102422243,0.0000000000,-0.0000000000,-0.1658974481,-0.1262561898,-0.0000000000,0.0000000000,-0.1211588367,-0.0000000000,0.0000000000,0.0000000000,0.0000000000,-0.4372423862,0.0000000000,-0.0000000000,-0.0000000000,-0.0000000000,-0.0000000000,-0.0000000000,0.1498590372,-0.0000000000,0.0533590699,0.0000000000,-0.0000000000,-0.1407217614,0.0000000000,0.0000000000,0.0000000000
-0.0000000000,0.0000000000,0.0000000000,0.0000000000,-0.0000000000,0.0000000000,0.0401083521,0.0000000000,0.0000000000,0.0000000000,0.0000000000,0.0000000000,-0.0000000000,-0.0000000000,0.0000000000,0.0000000000,-0.0000000000,0.0000000000,0.0000000000,0.0000000000,-0.0000000000,-0.0000000000,-0.0000000000,-0.0000000000,-0.2262269649,-0.2829801071,-0.5824782840,2.0630899664,-0.0518332140,-0.0000000000,-0.0451076767,-0.0000000000,0.0000000000,0.0000000000,-0.2042622327,0.0000000000,-0.0000000000,-0.0000000000,-0.0000000000,0.2000061310,0.0000000000,-0.2601484302,-0.2317881491,-0.3672727589,-0.0906156213,-0.1206045079,-0.0000000000,-0.4051819512,0.0000000000,0.0000000000,-0.0000000000,0.0000000000,0.0000000000,-0.0000000000,-0.0000000000,0.0000000000,0.0000000000,0.0000000000,-0.0000000000,-0.0384439323,0.0000000000,-0.0000000000,-0.1700723550,-0.0000000000,-0.0000000000,0.0000000000,0.0251953721,-0.0342172061,0.0000000000,-0.0000000000,0.0000000000,0.0000000000,-0.0000000000,0.0000000000,0.0000000000,-0.0414472785,-0.0000000000,-0.0304055400,0.0231895773,-0.0246865838,-0.0000000000,0.0000000000,0.1039968271,0.0000000000,0.0000000000,0.0159231905,-0.0000000000,-0.3077208712,0.0000000000,0.0000000000,-0.0000000000,0.0000000000,0.0000000000,0.0000000000,0.0000000000,0.0000000000,0.0000000000,0.0000000000,0.0000000000,0.0000000000
-0.0000000000,0.0000000000,-0.0000000000,0.1223096780,0.0000000000,-0.0000000000,-0.0518416808,-0.0000000000,-0.0847402898,-0.1445556006,0.0000000000,0.0000000000,0.0000000000,-0.0000000000,-0.0000000000,-0.0000000000,-0.0000000000,-0.0000000000,-0.0000000000,-0.3361016292,-0.1035953877,0.2167277928,-0.1586047198,-0.1491126599,-0.0000000000,0.0000000000,-0.7653313437,-0.0518332140,2.8065705458,-0.0285026290,0.0000000000,-0.0000000000,-0.0000000000,0.0000000000,0.0265544873,0.0000000000,-0.1010896779,-0.1649996309,-0.2083856519,-0.3073393477,-0.0000000000,0.0000000000,-0.0000000000,-0.3189082775,0.0000000000,-0.0000000000,0.0000000000,-0.0000000000,0.0000000000,0.0000000000,0.0000000000,0.0000000000,0.0803910324,0.0000000000,-0.0000000000,0.0000000000,0.0000000000,0.0000000000,-0.0000000000,-0.0000000000,0.0000000000,0.0000000000,-0.0000000000,0.0000000000,-0.0000000000,0.0000000000,-0.0000000000,0.0000000000,0.0000000000,-0.0000000000,-0.0043599457,-0.0000000000,-0.0000000000,-0.0000000000,-0.0000000000,-0.0000000000,-0.7887164417,-0.0000000000,0.1674819745,0.0000000000,-0.0000000000,0.1951447799,0.1629492622,0.0000000000,-0.0000000000,0.0000000000,-0.0000000000,0.0000000000,0.0000000000,-0.0000000000,0.0000000000,0.0000000000,-0.2298102987,0.0000000000,0.0498106865,-0.0000000000,-0.0000000000,0.0757403867,0.0000000000,-0.0000000000
