0,1,2,3,4,5,6,7,8,9,10,11,12,13,14,15,16,17,18,19,20,21,22,23,24,25,26,27,28,29,30,31,32,33,34,35,36,37,38,39,40,41,42,43,44,45,46,47,48,49,50,51,52,53,54,55,56,57,58,59,60,61,62,63,64,65,66,67,68,69,70,71,72,73,74,75,76,77,78,79,80,81,82,83,84,85,86,87,88,89,90,91,92,93,94,95,96,97,98,99
2.1603652045,-0.0827586842,-0.6543773141,-0.2108061728,-0.0000000000,-0.2473036679,-0.0000000000,-0.0000000000,0.0000000000,-0.2386172545,-0.0172399928,-0.0000000000,0.0000000000,0.0000000000,0.0000000000,0.0000000000,-0.0000000000,0.0000000000,0.0434360985,0.0000000000,-0.0000000000,0.0000000000,0.0717969948,0.1802971158,-0.0000000000,0.0983753680,-0.0000000000,-0.0199623728,0.0000000000,-0.0000000000,0.0000000000,-0.0066183611,-0.1438952966,0.0000000000,-0.0000000000,0.0000000000,0.0131069121,-0.3242501406,-0.0196847390,0.2706171645,-0.0000000000,-0.0000000000,0.0000000000,-0.0033450954,-0.0000000000,-0.0000000000,-0.0000000000,0.0000000000,-0.0000000000,0.1942526144,-0.5054543000,-0.0000000000,0.0000000000,-0.0000000000,-0.0000000000,-0.0000000000,0.0318400112,0.0000000000,0.0000000000,0.0000000000,-0.0000000000,-0.0314077898,-0.1472553521,-0.0000000000,0.0000000000,0.0000000000,0.1089630206,0.0000000000,-0.0000000000,-0.0000000000,0.0000000000,0.0000000000,-0.0000000000,0.0235785389,0.0000000000,0.0000000000,-0.0000000000,-0.0000000000,-0.0000000000,-0.0000000000,-0.0000000000,-0.0000000000,-0.0383914164,0.0000000000,-0.2976456029,0.0000000000,0.0000000000,-0.0000000000,0.0718436123,0.0000000000,0.0000000000,0.1653178366,0.0000000000,-0.0000000000,0.3355435208,-0.0868492021,-0.0000000000,0.0000000000,-0.0000000000,0.0259020147
-0.0827586842,2.2097489219,-0.3210422147,0.0951741022,-0.5460552964,0.0000000000,-0.0000000000,-0.0000000000,-0.0495716159,-0.0000000000,-0.0000000000,-0.0000000000,-0.0000000000,0.0026613862,0.0000000000,-0.0000000000,-0.1230507515,-0.0000000000,0.0189900725,-0.1099479056,-0.0000000000,0.0000000000,-0.0000000000,0.0104764382,-0.0562680533,-0.0000000000,-0.0000000000,0.0000000000,0.0000000000,-0.0000000000,-0.0000000000,0.0000000000,0.0000000000,0.0000000000,-0.0000000000,-0.0000000000,0.0000000000,-0.0531981397,-0.0000000000,-0.0000000000,-0.0000000000,0.0000000000,0.0000000000,0.0000000000,-0.0000000000,0.0000000000,0.0000000000,-0.0000000000,0.0000000000,-0.0000000000,-0.0000000000,-0.3532012059,-0.0000000000,-0.0000000000,-0.2975565574,-0.0000000000,0.0000000000,-0.0000000000,0.0000000000,0.0436767131,0.0000000000,-0.0000000000,-0.1312181471,0.0000000000,0.0000000000,-0.0000000000,-0.0000000000,-0.0000000000,0.0000000000,0.0000000000,-0.0000000000,0.0000000000,-0.0000000000,-0.0786847966,0.1808678087,-0.0000000000,-0.0000000000,-0.0000000000,-0.0000000000,-0.0000000000,0.0000000000,0.0000000000,0.0000000000,0.0000000000,-0.2858512150,0.0000000000,-0.0000000000,-0.0169830156,-0.0933989728,-0.0095414988,-0.2004657066,-0.0907949501,-0.0887340825,0.0000000000,0.0679327977,-0.0000000000,-0.0000000000,-0.0000000000,-0.0029130019,-0.0000000000
-0.6543773141,-0.3210422147,2.2915119377,0.0000000000,-0.0000000000,-0.2821668208,-0.0000000000,0.0000000000,-0.2649424481,-0.0000000000,-0.0000000000,-0.0000000000,-0.0000000000,0.0000000000,0.0000000000,-0.0000000000,-0.0000000000,-0.0000000000,0.0000000000,-0.0360249186,-0.0000000000,-0.0000000000,0.0000000000,0.0000000000,0.0000000000,0.0000000000,-0.0000000000,0.0000000000,-0.0000000000,0.0000000000,0.1386722230,0.0000000000,0.0000000000,0.0000000000,-0.0000000000,-0.1120246519,0.0000000000,-0.1243833360,-0.0225968059,0.0000000000,-0.0000000000,-0.0000000000,-0.0000000000,-0.0000000000,0.0000000000,0.1621233667,0.0007460736,-0.0000000000,-0.0126595421,-0.0000000000,-0.1390090174,-0.0000000000,-0.0000000000,0.0000000000,-0.0493387203,-0.4206783361,0.0000000000,-0.0000000000,0.0342930723,0.0687519837,-0.0196219745,0.0000000000,0.0000000000,-0.0000000000,0.0000000000,0.0000000000,0.0000000000,-0.0000000000,-0.0000000000,-0.0000000000,-0.0000000000,0.0000000000,0.0000000000,0.0000000000,0.0658102370,-0.0000000000,-0.0257113173,0.0343453798,0.0000000000,-0.0000000000,0.0000000000,0.0000000000,0.0000000000,0.0600560851,-0.0000000000,0.0000000000,0.0000000000,0.0000000000,-0.0000000000,0.1986337655,-0.0000000000,0.0806091473,-0.0000000000,-0.0000000000,0.0000000000,-0.0000000000,0.0000000000,0.0000000000,0.0000000000,-0.0000000000
-0.2108061728,0.0951741022,0.0000000000,2.1072200165,0.0000000000,0.0000000000,0.0000000000,-0.3721804788,0.0000000000,-0.0000000000,0.0000000000,0.1072987452,0.2996030720,0.0000000000,-0.0000000000,0.0366801628,0.0739548091,-0.0000000000,-0.0206653282,0.0000000000,-0.0087683673,0.0000000000,0.0000000000,0.0000000000,0.0000000000,0.0000000000,-0.0000000000,-0.0000000000,0.0000000000,-0.1582820717,-0.0000000000,-0.0000000000,-0.1733482309,0.0000000000,0.0000000000,0.2400789841,0.0000000000,-0.0757192304,-0.0000000000,0.0000000000,0.0031004127,0.0000000000,-0.0000000000,-0.0000000000,-0.0246847549,-0.0000000000,-0.0013185958,0.2188750885,0.0000000000,0.0029065813,-0.0069826490,0.0000000000,-0.0000000000,-0.7641742741,0.1338430613,-0.0000000000,0.0000000000,-0.0000000000,-0.0000000000,-0.0000000000,-0.0000000000,-0.0000000000,0.0000000000,0.0000000000,0.0599131920,0.0000000000,0.0000000000,0.0000000000,-0.0000000000,-0.0000000000,0.0000000000,0.0000000000,-0.0000000000,0.1612828533,-0.2350434476,0.0000000000,-0.0000000000,-0.0749718504,0.0000000000,0.0000000000,-0.0000000000,-0.0180358743,0.0000000000,-0.1137880735,-0.0201212339,-0.1755968532,-0.0107372081,-0.0000000000,0.1202122399,-0.0000000000,0.0125424222,0.0000000000,0.0000000000,0.0000000000,0.0000000000,-0.0000000000,-0.0000000000,-0.0000000000,-0.0000000000,-0.0000000000
-0.0000000000,-0.5460552964,-0.0000000000,0.0000000000,3.2228493501,0.0000000000,-0.0692386782,-0.4603536589,-0.0381658513,-0.0000000000,0.0000000000,-0.0000000000,-0.0000000000,0.1091344697,0.0000000000,0.0000000000,-0.0000000000,-0.0000000000,0.0000000000,-0.1046251829,0.0000000000,-0.0000000000,-0.2507125570,0.0000000000,0.0000000000,0.1244959315,-0.0696149060,-0.0000000000,0.2688174135,-0.0392814302,0.0000000000,0.0000000000,0.0000000000,0.0000000000,-0.0000000000,-0.0000000000,0.0000000000,-0.0000000000,-0.0979266434,0.0000000000,0.0000000000,-0.2351557084,-0.0000000000,0.0000000000,-0.0000000000,0.0000000000,0.1235515587,-0.0000000000,0.0000000000,0.0000000000,0.0000000000,-0.0480240558,-0.0000000000,-0.5366678473,-0.1370514909,-0.0000000000,-0.0456918158,-1.1078603708,-0.0000000000,0.0034927513,-0.0000000000,0.0000000000,-0.0000000000,-0.0000000000,0.1289107773,0.0000000000,0.0000000000,-0.0000000000,-0.0000000000,-0.0000000000,0.0000000000,-0.0156762063,-0.0000000000,-0.0716070335,0.0000000000,-0.0000000000,0.0000000000,-0.0178497499,-0.0000000000,-0.0000000000,-0.0000000000,0.0000000000,0.0000000000,0.0000000000,-0.1239031027,0.0000000000,0.0000000000,0.0000000000,-0.1548988613,0.0000000000,-0.0000000000,0.0000000000,0.0000000000,-0.0846063669,-0.0000000000,0.0000000000,0.0000000000,0.0000000000,0.0000000000,-0.0000000000
-0.2473036679,0.0000000000,-0.2821668208,0.0000000000,0.0000000000,2.3441543189,-0.2192195827,0.0000000000,-0.0000000000,-0.0118171221,-0.0000000000,-0.0167416738,0.0000000000,-0.1714504810,0.0000000000,-0.1300983267,-0.0000000000,-0.0000000000,-0.0352979354,-0.0000000000,-0.1257170627,-0.0000000000,0.0000000000,0.0000000000,0.0000000000,-0.0000000000,0.0000000000,-0.0000000000,-0.0000000000,0.1631820214,-0.0000000000,0.0000000000,-0.0000000000,-0.0000000000,0.0000000000,0.0000000000,0.0000000000,-0.0000000000,-0.0629903125,0.0000000000,-0.0000000000,0.0000000000,0.0000000000,-0.0000000000,0.0000000000,0.0000000000,-0.0000000000,-0.0000000000,-0.5133013534,-0.1227184544,-0.0000000000,0.0000000000,0.0000000000,0.0000000000,-0.3851318490,-0.4985433492,0.0000000000,0.0000000000,-0.0000000000,-0.0000000000,-0.0000000000,-0.0000000000,-0.0000000000,-0.0000000000,-0.0218483510,-0.0000000000,-0.0000000000,-0.0126662592,-0.0000000000,-0.0000000000,-0.0000000000,0.0000000000,0.0000000000,0.0000000000,0.0002295277,0.0000000000,-0.0000000000,0.0000000000,0.0000000000,0.0000000000,0.0000000000,-0.0000000000,-0.0128559257,0.0000000000,-0.0000000000,-0.0000000000,0.0000000000,0.0000000000,-0.0079381894,-0.0000000000,-0.0000000000,0.0000000000,-0.0000000000,0.0000000000,0.0000000000,-0.0000000000,-0.0000000000,-0.1281089563,-0.0472307588,-0.0000000000
-0.0000000000,-0.0000000000,-0.0000000000,0.0000000000,-0.0692386782,-0.2192195827,2.1610723286,-0.2145825689,-0.0425510582,0.0053125676,-0.0000000000,0.0000000000,0.0000000000,0.0000000000,0.0000000000,-0.0000000000,0.0312875063,-0.0000000000,-0.0000000000,-0.0000000000,0.0000000000,-0.0000000000,-0.0000000000,0.0487107620,0.0656652867,0.0719812630,0.0000000000,0.0000000000,0.0000000000,-0.0000000000,-0.0754176899,0.0000000000,-0.2154995926,-0.0000000000,0.0000000000,-0.4739357982,0.0000000000,-0.0000000000,0.0000000000,0.0000000000,-0.0062789404,0.0000000000,-0.0000000000,-0.2116231577,-0.0000000000,-0.3833616421,0.0000000000,-0.0000000000,-0.1430616032,-0.5282341860,0.0000000000,-0.0000000000,0.0828975828,-0.0000000000,-0.1256764702,0.0000000000,-0.0087540632,-0.0000000000,0.0000000000,0.0000000000,0.0000000000,0.0000000000,-0.0000000000,-0.2554206562,0.0000000000,0.0000000000,-0.1106385931,-0.0000000000,-0.0000000000,-0.0000000000,-0.0000000000,0.0000000000,0.0707741942,0.0000000000,0.0000000000,0.0550963183,-0.0000000000,0.1819710886,0.0000000000,0.0000000000,0.0000000000,0.0000000000,-0.0000000000,0.0000000000,0.2254982091,-0.0000000000,0.0000000000,0.1598087617,-0.0000000000,0.0000000000,0.0000000000,0.0000000000,-0.0000000000,0.0070322243,-0.0000000000,-0.0000000000,0.0000000000,0.0000000000,-0.0000000000,-0.0000000000
-0.0000000000,-0.0000000000,0.0000000000,-0.3721804788,-0.4603536589,0.0000000000,-0.2145825689,2.5806822960,-0.0000000000,-0.0000000000,0.0000000000,0.0775389663,0.0000000000,0.0000000000,-0.0000000000,-0.0000000000,0.0000000000,-0.6079598952,-0.0000000000,-0.0000000000,-0.0000000000,-0.0037090613,0.0000000000,0.1214324951,0.0000000000,0.0000000000,0.0000000000,0.0000000000,0.3611534785,-0.0000000000,-0.0000000000,-0.0000000000,-0.0805581531,-0.0000000000,-0.0000000000,-0.0000000000,0.0000000000,-0.0000000000,-0.0000000000,0.0000000000,-0.0000000000,0.0000000000,-0.0000000000,0.0000000000,-0.0000000000,0.0000000000,0.0000000000,0.0000000000,0.0222822578,0.1783192721,-0.0000000000,-0.0000000000,-0.0000000000,-0.2187677325,-0.0000000000,0.0000000000,-0.5494155889,-0.2238122111,-0.0000000000,0.1865638672,0.0000000000,-0.0000000000,-0.0465883104,-0.0000000000,0.0630065411,-0.0000000000,0.0000000000,0.0000000000,-0.0000000000,-0.0000000000,0.0000000000,-0.0000000000,-0.0671390415,-0.0000000000,0.0000000000,0.0000000000,0.0000000000,-0.0000000000,-0.0000000000,-0.0000000000,-0.0000000000,0.0000000000,0.0000000000,-0.0000000000,-0.0000000000,-0.0859584217,0.0000000000,0.0595635743,-0.0000000000,0.0000000000,0.0000000000,0.0000000000,0.0000000000,0.0000000000,-0.0000000000,0.0000000000,0.0000000000,0.0000000000,-0.0000000000,-0.0000000000
0.0000000000,-0.0495716159,-0.2649424481,0.0000000000,-0.0381658513,-0.0000000000,-0.0425510582,-0.0000000000,3.3546897982,0.0000000000,-0.0000000000,0.0000000000,0.0000000000,0.0000000000,0.0727987576,0.0000000000,0.0000000000,-0.0000000000,0.0000000000,-0.0623555372,-0.0000000000,-0.0818815824,-0.0000000000,0.0000000000,-0.0000000000,-0.0000000000,-0.2406742403,0.1360291544,0.0000000000,0.0000000000,0.0000000000,0.0216940770,0.0000000000,0.0000000000,-0.1191169306,-1.4446026160,-0.0000000000,-0.0000000000,-0.0256881126,-0.0000000000,-0.2572323787,0.0000000000,-0.0000000000,0.0000000000,-0.4096353474,0.0634433799,0.0000000000,0.0000000000,-0.1265880969,-0.3042314355,0.2122467548,0.0000000000,0.0074835793,0.0000000000,-0.3550701171,-0.0467650606,0.0000000000,-0.4657048956,-0.0000000000,0.0000000000,-0.0000000000,0.0000000000,-0.0000000000,-0.0000000000,0.0000000000,0.0000000000,0.0000000000,-0.0000000000,0.0000000000,0.0000000000,0.0000000000,0.0186948498,0.1332617475,-0.0000000000,0.0000000000,-0.2118356647,-0.0000000000,0.0000000000,0.0000000000,0.0953426010,0.0000000000,0.0000000000,0.0000000000,-0.0000000000,-0.0158859747,-0.0000000000,-0.0000000000,-0.0000000000,-0.0000000000,0.0000000000,0.0000000000,-0.0000000000,-0.0000000000,0.0000000000,-0.0000000000,0.0000000000,0.0000000000,0.0000000000,-0.0000000000,-0.0000000000
-0.2386172545,-0.0000000000,-0.0000000000,-0.0000000000,-0.0000000000,-0.0118171221,0.0053125676,-0.0000000000,0.0000000000,2.5712449658,-0.4072183791,-0.1026445888,-0.0000000000,-0.0000000000,-0.2725112481,0.0000000000,-0.2426014953,-0.0000000000,0.0000000000,0.0000000000,-0.4517853877,0.0000000000,0.0675992035,-0.0000000000,-0.1944998509,0.0000000000,0.0000000000,-0.0000000000,-0.0000000000,0.0000000000,0.0000000000,0.0000000000,0.1577118016,-0.2519940646,0.0000000000,0.5266917030,-0.0000000000,0.0000000000,-0.0000000000,-0.0900375784,0.0000000000,-0.0584770941,0.2253680417,0.0000000000,0.0348509530,0.0000000000,-0.0000000000,0.0000000000,-0.0000000000,0.0000000000,-0.0288000022,-0.0000000000,-0.0000000000,0.0000000000,-0.0000000000,-0.0000000000,0.0000000000,0.0000000000,-0.4197119106,-0.2322179004,-0.0000000000,-0.0782433924,-0.0000000000,0.0000000000,-0.0000000000,-0.0000000000,-0.0000000000,-0.0000000000,-0.0000000000,-0.0000000000,-0.1735432755,-0.0000000000,-0.0000000000,-0.0000000000,-0.0000000000,-0.0000000000,-0.0000000000,-0.0000000000,0.0000000000,0.0000000000,0.0000000000,-0.0000000000,-0.0000000000,0.0906553731,-0.0000000000,0.1472884030,-0.0000000000,0.0000000000,-0.0000000000,0.0000000000,-0.0000000000,0.0000000000,0.0000000000,-0.0000000000,0.0000000000,0.0000000000,0.0000000000,0.0000000000,-0.0000000000,-0.0000000000
-0.0172399928,-0.0000000000,-0.0000000000,0.0000000000,0.0000000000,-0.0000000000,-0.0000000000,0.0000000000,-0.0000000000,-0.4072183791,1.4239101739,-0.0000000000,-0.0000000000,0.2037925743,0.0000000000,0.1407471060,-0.0856585894,0.0000000000,0.0000000000,0.0000000000,-0.0000000000,0.0000000000,0.0000000000,0.0237186486,-0.0152026121,-0.1166378519,0.2787160504,-0.0000000000,-0.0000000000,0.0000000000,-0.0148610780,0.1139675097,0.0000000000,-0.0548074647,0.0000000000,0.0000000000,0.0000000000,-0.0000000000,-0.0000000000,-0.0000000000,-0.0368307870,-0.0000000000,-0.0000000000,-0.0000000000,0.0000000000,-0.0000000000,-0.0000000000,-0.0000000000,-0.0169481890,-0.0000000000,-0.0000000000,0.0117275163,0.0000000000,0.0000000000,-0.0000000000,-0.0000000000,0.0000000000,0.0000000000,-0.1294507629,-0.0100291376,0.0846088343,-0.0000000000,0.0000000000,0.1547005679,-0.0591685764,0.0000000000,-0.0000000000,-0.0000000000,-0.0000000000,0.0000000000,-0.0000000000,0.0000000000,0.0366130487,-0.0000000000,-0.0000000000,-0.0000000000,-0.0000000000,0.0036172167,-0.0000000000,0.0000000000,0.0000000000,0.0000000000,0.0000000000,0.0000000000,-0.0000000000,0.0000000000,-0.1355460259,-0.0031094703,0.0000000000,-0.0000000000,0.0559581489,0.0000000000,-0.0000000000,0.0000000000,0.1718754729,-0.0000000000,-0.0000000000,0.0000000000,-0.0000000000,-0.0454444388
-0.0000000000,-0.0000000000,-0.0000000000,0.1072987452,-0.0000000000,-0.0167416738,0.0000000000,0.0775389663,0.0000000000,-0.1026445888,-0.0000000000,2.5129605155,-0.5893301518,0.0000000000,-0.0000000000,0.0000000000,-0.2438208021,-0.0000000000,0.0414364321,0.0000000000,-0.0000000000,-0.0933653099,0.0000000000,-0.0000000000,-0.0000000000,-0.0000000000,-0.0000000000,-0.0976274182,0.0000000000,-0.0000000000,0.0000000000,0.0000000000,0.0000000000,-0.0000000000,0.0000000000,0.0000000000,-0.0000000000,0.0000000000,-0.0000000000,0.0000000000,0.0000000000,-0.5911570725,-0.0000000000,-0.0000000000,-0.0000000000,-0.0000000000,-0.0000000000,0.0000000000,-0.1582179956,0.0000000000,0.0000000000,0.0000000000,0.1378329783,0.0977883264,-0.0385072447,-0.0108659183,0.0000000000,0.0000000000,-0.0000000000,-0.2624617124,-0.5770199959,-0.3107720670,-0.0000000000,0.0000000000,-0.0000000000,0.0000000000,-0.0000000000,-0.0000000000,-0.0000000000,-0.0000000000,-0.0000000000,-0.0000000000,-0.0000000000,0.0000000000,0.0000000000,-0.0000000000,0.0000000000,-0.0000000000,0.0000000000,0.0000000000,0.0000000000,-0.0000000000,-0.0864821201,0.1834832678,-0.0000000000,0.0000000000,0.0499708491,0.0000000000,-0.0000000000,0.0000000000,0.0000000000,0.1349792572,0.0000000000,-0.0630998166,0.1338701693,-0.0397790296,-0.0000000000,0.0000000000,-0.0000000000,0.0062028404
0.0000000000,-0.0000000000,-0.0000000000,0.2996030720,-0.0000000000,0.0000000000,0.0000000000,0.0000000000,0.0000000000,-0.0000000000,-0.0000000000,-0.5893301518,2.5820274133,-0.0000000000,-0.0000000000,-0.0000000000,-0.4019426500,-0.0684459033,0.0000000000,0.0000000000,0.0000000000,-0.0000000000,-0.1767892506,-0.7430808172,-0.0000000000,-0.0000000000,0.0000000000,-0.0832000261,-0.0000000000,-0.0000000000,-0.0609687616,0.1062136736,0.0676125228,-0.0109160957,-0.0000000000,0.0000000000,-0.0000000000,0.0000000000,-0.0000000000,-0.0000000000,-0.0000000000,-0.0000000000,-0.0000000000,-0.0000000000,0.0000000000,0.0000000000,-0.0000000000,-0.0000000000,0.0000000000,0.0519187786,0.0000000000,-0.0000000000,-0.0000000000,0.0000000000,-0.0000000000,0.0000000000,-0.0000000000,0.2588830720,0.0000000000,0.0000000000,-0.0194401405,-0.0000000000,-0.1512329530,0.0000000000,-0.0000000000,-0.0000000000,0.0000000000,-0.0695918621,-0.0226536196,-0.1577049615,-0.0000000000,-0.2347237883,-0.0957715788,-0.0000000000,-0.0000000000,-0.0000000000,0.0000000000,-0.0000000000,-0.0410546139,0.0000000000,-0.0000000000,0.0000000000,0.0000000000,0.1472102195,0.0000000000,0.2258215433,0.1050608286,0.0000000000,-0.0297266964,0.0000000000,-0.0000000000,0.0000000000,-0.0000000000,-0.0000000000,0.0000000000,0.0000000000,0.1263777197,0.0000000000,0.0000000000,0.0286566701
0.0000000000,0.0026613862,0.0000000000,0.0000000000,0.1091344697,-0.1714504810,0.0000000000,0.0000000000,0.0000000000,-0.0000000000,0.2037925743,0.0000000000,-0.0000000000,2.4416368819,-0.3030910085,-0.0000000000,-0.2275774331,-0.0302992994,-0.1385943360,-0.0000000000,-0.0000000000,-0.0000000000,0.0000000000,-0.0000000000,0.0000000000,-0.0208429659,0.0000000000,0.0000000000,-0.0000000000,0.0000000000,-0.0000000000,-0.0000000000,0.0000000000,-0.0000000000,0.0000000000,0.0000000000,0.0000000000,0.2009568466,0.0177274705,-0.0000000000,0.0000000000,0.0000000000,0.0000000000,0.0000000000,0.3510936360,-0.0000000000,-0.0000000000,0.0000000000,0.0000000000,0.0000000000,-0.0000000000,-0.0000000000,-0.1285860249,0.0000000000,0.0000000000,-0.0000000000,-0.1328356945,0.0227826587,0.0000000000,0.0961528537,-0.0000000000,-0.0000000000,-0.0000000000,-0.0000000000,-0.1303124150,-0.7333619267,-0.0000000000,-0.0000000000,0.0000000000,-0.0000000000,-0.0000000000,-0.0232474022,0.0000000000,-0.0000000000,0.0000000000,-0.0000000000,-0.0000000000,0.0000000000,0.0357572088,-0.1332968803,-0.0000000000,0.0421810679,-0.0000000000,-0.0000000000,0.1227162514,0.2514201122,0.0000000000,0.0000000000,-0.0000000000,0.0000000000,-0.0801492470,-0.0000000000,-0.0000000000,0.0000000000,-0.3662380935,-0.0000000000,-0.0000000000,0.0000000000,-0.0000000000,0.0000000000
0.0000000000,0.0000000000,0.0000000000,-0.0000000000,0.0000000000,0.0000000000,0.0000000000,-0.0000000000,0.0727987576,-0.2725112481,0.0000000000,-0.0000000000,-0.0000000000,-0.3030910085,3.3775293746,-0.0000000000,-0.0000000000,-0.1022213050,-0.4291719110,-0.0135597331,-0.7097664590,-0.0000000000,-0.0666633091,-0.0000000000,-0.0000000000,-0.0000000000,-0.0000000000,-0.1650663603,-0.0000000000,-0.0383970394,-0.0000000000,-0.0000000000,0.0000000000,-0.3257895792,-0.0000000000,0.0000000000,-0.1122457101,0.0000000000,0.3672442311,-0.0000000000,0.0000000000,-0.1547802175,0.0000000000,0.0000000000,0.0000000000,-0.0000000000,-0.0976540462,-0.0000000000,0.0000000000,-0.0000000000,-0.0000000000,-0.0000000000,-0.0000000000,0.0000000000,0.0000000000,0.0000000000,-0.0000000000,0.0000000000,0.0000000000,-0.0000000000,-0.0160076708,-0.0000000000,-0.0000000000,-0.0000000000,-0.0000000000,-0.7538219617,-0.0000000000,-0.0814452608,0.0000000000,-0.0000000000,-0.0645351360,-0.0000000000,-0.0518570708,-0.0000000000,0.0000000000,-0.0000000000,-0.0000000000,-0.3023503912,0.0058172555,0.0000000000,0.0000000000,0.0000000000,-0.0000000000,-0.0000000000,-0.0000000000,0.0000000000,-0.1716990237,0.0000000000,-0.0000000000,0.0000000000,-0.0000000000,0.0000000000,0.0000000000,-0.0000000000,-0.2596894819,-0.0000000000,-0.0000000000,-0.0000000000,-0.0000000000,-0.0000000000
0.0000000000,-0.0000000000,-0.0000000000,0.0366801628,0.0000000000,-0.1300983267,-0.0000000000,-0.0000000000,0.0000000000,0.0000000000,0.1407471060,0.0000000000,-0.0000000000,-0.0000000000,-0.0000000000,2.0278211995,0.0000000000,-0.1571334974,-0.0000000000,-0.0000000000,0.0000000000,-0.0000000000,-0.0000000000,-0.0455536695,0.0000000000,0.0000000000,0.2580952791,0.0358954121,-0.2938863034,0.0000000000,-0.0000000000,0.0000000000,-0.1663514737,-0.0000000000,-0.0000000000,-0.0000000000,0.0000000000,0.0000000000,0.0000000000,-0.0801562972,-0.0576945883,0.0643570941,0.0000000000,0.2302313106,0.0822751254,0.0000000000,0.0425425545,-0.0000000000,-0.0000000000,-0.0000000000,-0.1534800988,-0.0942312610,-0.3831663738,0.0000000000,-0.0000000000,-0.0000000000,-0.0000000000,-0.0000000000,0.0516977491,0.0000000000,0.0000000000,0.0749695429,0.0000000000,-0.0910458821,0.0000000000,-0.0017838807,-0.0000000000,0.0000000000,-0.0647816531,-0.0926862384,-0.1838902737,-0.0000000000,-0.1555123647,-0.0707516776,0.0000000000,0.0364488059,-0.0000000000,0.2108835352,-0.0000000000,0.0000000000,-0.0000000000,0.0000000000,-0.0617036629,0.0000000000,0.1965254094,-0.0469691629,0.0000000000,0.0114944913,-0.0467156217,0.0000000000,-0.1363541394,0.0000000000,0.0000000000,0.0000000000,-0.0000000000,0.0654636724,0.0000000000,-0.0000000000,-0.0000000000,-0.1018304843
-0.0000000000,-0.1230507515,-0.0000000000,0.0739548091,-0.0000000000,-0.0000000000,0.0312875063,0.0000000000,0.0000000000,-0.2426014953,-0.0856585894,-0.2438208021,-0.4019426500,-0.2275774331,-0.0000000000,0.0000000000,2.0968480303,0.0000000000,0.0000000000,0.0000000000,-0.0000000000,0.0000000000,0.0000000000,-0.0000000000,-0.2566917329,-0.0000000000,0.0066065761,0.0000000000,-0.0000000000,0.0000000000,-0.0000000000,-0.0000000000,0.0000000000,0.0000000000,0.0000000000,0.0000000000,0.0000000000,0.0033006932,-0.0000000000,0.0000000000,0.0000000000,-0.0000000000,0.0000000000,-0.0000000000,0.2029485379,0.0000000000,-0.0000000000,-0.0000000000,0.0000000000,0.0000000000,-0.0944938723,-0.0000000000,0.0000000000,-0.0000000000,0.0000000000,-0.0000000000,-0.0000000000,0.0768095330,0.0000000000,0.0000000000,-0.0352164161,-0.1454632647,-0.0000000000,0.0000000000,-0.0000000000,-0.0000000000,-0.0926893360,-0.0781715127,0.0000000000,0.0000000000,-0.0000000000,-0.0000000000,-0.0000000000,0.0000000000,0.1759886901,-0.0000000000,-0.0000000000,-0.0026448798,-0.0713242800,-0.2383003159,0.0000000000,0.0000000000,-0.1211134142,0.0758276131,-0.0000000000,0.3046212972,0.0000000000,-0.0000000000,-0.0000000000,-0.0000000000,-0.1359593674,-0.0000000000,-0.0000000000,-0.0000000000,0.0000000000,-0.0000000000,-0.0000000000,-0.0000000000,-0.0000000000,-0.0042681788
0.0000000000,-0.0000000000,-0.0000000000,-0.0000000000,-0.0000000000,-0.0000000000,-0.0000000000,-0.6079598952,-0.0000000000,-0.0000000000,0.0000000000,-0.0000000000,-0.0684459033,-0.0302992994,-0.1022213050,-0.1571334974,0.0000000000,3.4774928559,-0.0000000000,-0.4956840789,-0.3488783278,-0.4105578991,-0.0000000000,-0.0000000000,0.0000000000,-0.0000000000,-0.0000000000,-0.0000000000,0.0000000000,-0.0000000000,-0.0000000000,0.0000000000,-0.0000000000,-1.0381923644,-0.0000000000,-0.0000000000,0.0000000000,-0.0000000000,-0.0000000000,-0.0715573368,-0.0000000000,-0.0000000000,0.0000000000,0.0000000000,0.0000000000,0.0000000000,0.0000000000,0.0000000000,0.0000000000,-0.0000000000,-0.0000000000,-0.0000000000,-0.0000000000,0.0000000000,-0.0000000000,-0.0000000000,-0.0000000000,-0.0000000000,-0.0000000000,0.0000000000,-0.0000000000,-0.0000000000,-0.0000000000,-0.0000000000,-0.0000000000,-0.1510442100,0.0000000000,-0.3481913561,-0.0000000000,-0.2588020471,-0.0024823398,-0.1398221516,-0.0000000000,-0.0000000000,-0.0000000000,-0.0000000000,-0.0000000000,-0.0000000000,0.0000000000,0.0000000000,-0.0000000000,0.0725765510,0.2517056314,0.0000000000,0.0000000000,0.0000000000,0.0000000000,0.0000000000,-0.4131885823,0.0284111610,-0.0000000000,0.0000000000,-0.0000000000,0.0000000000,-0.0000000000,0.1171915582,0.0386426228,0.0000000000,-0.0000000000,-0.0000000000
0.0434360985,0.0189900725,0.0000000000,-0.0206653282,0.0000000000,-0.0352979354,-0.0000000000,-0.0000000000,0.0000000000,0.0000000000,0.0000000000,0.0414364321,0.0000000000,-0.1385943360,-0.4291719110,-0.0000000000,0.0000000000,-0.0000000000,2.4119713413,-0.0295771661,-0.0000000000,-0.0000000000,-0.0000000000,0.0000000000,0.0000000000,0.0000000000,-0.0000000000,0.0000000000,-0.0000000000,-0.0000000000,0.0000000000,0.0000000000,-0.0000000000,-0.0000000000,-0.0000000000,0.0000000000,-0.0000000000,0.0000000000,0.0000000000,0.0000000000,-0.1530973496,0.0000000000,0.0000000000,0.0468672224,0.0000000000,-0.0671356058,-0.3132454024,-0.0000000000,-0.0000000000,-0.2010695518,0.0000000000,0.0000000000,0.0000000000,0.0000000000,0.0000000000,0.0000000000,-0.0000000000,0.0000000000,0.0000000000,0.0000000000,-0.0000000000,0.0000000000,-0.0000000000,-0.0000000000,-0.5380487846,-0.1057245348,0.0000000000,0.0000000000,0.0000000000,0.0000000000,-0.3157262512,0.0000000000,-0.0000000000,-0.0000000000,0.0000000000,0.2488222558,-0.0000000000,-0.0000000000,0.1167507485,0.0000000000,-0.0000000000,-0.0000000000,-0.0000000000,-0.0000000000,-0.0000000000,-0.0960681886,-0.1913906700,0.0000000000,-0.0000000000,-0.0000000000,-0.0000000000,0.0000000000,-0.0000000000,0.2520234817,-0.1579015006,0.0000000000,-0.0000000000,-0.1574511433,-0.0000000000,-0.1549182185
0.0000000000,-0.1099479056,-0.0360249186,0.0000000000,-0.1046251829,-0.0000000000,-0.0000000000,-0.0000000000,-0.0623555372,0.0000000000,0.0000000000,0.0000000000,0.0000000000,-0.0000000000,-0.0135597331,-0.0000000000,0.0000000000,-0.4956840789,-0.0295771661,3.7097858491,-0.4639813236,-0.0000000000,-0.0345761180,0.0000000000,0.0000000000,-0.0000000000,-0.6918024624,0.0013977289,-0.0000000000,-0.0000000000,-0.0000000000,0.0000000000,-0.0000000000,0.0000000000,-0.0511836297,-0.6992003065,-0.0000000000,-0.0000000000,0.0000000000,-0.0000000000,-0.0000000000,0.0000000000,0.0000000000,0.1807426285,0.0000000000,0.0000000000,0.0000000000,-0.0000000000,0.0000000000,-0.2688976438,0.0000000000,-0.0000000000,-0.0000000000,-0.0000000000,-0.0000000000,0.0000000000,-0.0000000000,-0.0038519618,0.0000000000,0.0000000000,-0.0000000000,0.0001567673,-0.0000000000,-0.4486376718,-0.0000000000,-0.0675753166,0.0000000000,-0.0000000000,0.0000000000,0.0000000000,-0.2347646412,0.0000000000,0.0000000000,-0.0000000000,0.0000000000,-0.0000000000,-0.4493442555,-0.0000000000,0.0000000000,0.0000000000,0.0000000000,0.5385475937,0.0000000000,0.0000000000,0.0000000000,-0.0000000000,-0.0000000000,0.0000000000,-0.3146423844,0.0000000000,-0.1140659914,-0.0000000000,-0.0000000000,0.0000000000,-0.0514112442,0.0000000000,0.0000000000,0.0000000000,-0.0000000000,-0.0000000000
-0.0000000000,-0.0000000000,-0.0000000000,-0.0087683673,0.0000000000,-0.1257170627,0.0000000000,-0.0000000000,-0.0000000000,-0.4517853877,-0.0000000000,-0.0000000000,0.0000000000,-0.0000000000,-0.7097664590,0.0000000000,-0.0000000000,-0.3488783278,-0.0000000000,-0.4639813236,3.1584805496,-0.0000000000,0.0000000000,0.0000000000,-0.0000000000,-0.0000000000,-0.4261788250,0.0000000000,0.0000000000,0.0000000000,-0.0000000000,-0.0000000000,0.0000000000,-0.0000000000,-0.0052483171,-0.0000000000,-0.0000000000,-0.4110518470,-0.0000000000,-0.0000000000,-0.0000000000,-0.0000000000,0.0000000000,0.0000000000,-0.0000000000,0.0000000000,-0.0000000000,0.0000000000,-0.0000000000,-0.0000000000,-0.0000000000,0.0000000000,0.0000000000,0.0000000000,-0.0000000000,-0.0000000000,0.0000000000,-0.0000000000,-0.0000000000,-0.0000000000,-0.0000000000,-0.0000000000,-0.0000000000,-0.0000000000,-0.2987327384,-0.0284153940,-0.0000000000,-0.0000000000,0.0000000000,0.0000000000,-0.1474761942,0.0223761192,0.0000000000,0.0000000000,0.0000000000,-0.0096986512,-0.0000000000,-0.0000000000,0.1976795309,0.1134176543,0.0000000000,0.0000000000,0.0000000000,0.0000000000,-0.0840319947,0.0000000000,-0.2849293516,0.0000000000,-0.0000000000,0.0000000000,0.0000000000,0.0000000000,-0.0000000000,0.0916929619,0.0000000000,-0.0000000000,-0.0000000000,0.0000000000,-0.0000000000,-0.0000000000
0.0000000000,0.0000000000,-0.0000000000,0.0000000000,-0.0000000000,-0.0000000000,-0.0000000000,-0.0037090613,-0.0818815824,0.0000000000,0.0000000000,-0.0933653099,-0.0000000000,-0.0000000000,-0.0000000000,-0.0000000000,0.0000000000,-0.4105578991,-0.0000000000,-0.0000000000,-0.0000000000,2.6278682466,-0.0323725614,-0.0000000000,0.0000000000,-0.1266438005,-0.0000000000,-0.0000000000,0.0000000000,0.0000000000,0.0000000000,0.0000000000,-0.0000000000,-0.1770927369,-0.7022906391,-0.1630181801,0.0000000000,0.0000000000,0.0000000000,-0.0000000000,-0.0000000000,-0.1044963095,-0.5625398611,0.0818949834,-0.0000000000,0.0000000000,-0.0000000000,0.2141441489,0.0000000000,0.0000000000,0.0000000000,0.0000000000,0.0000000000,0.0000000000,-0.0000000000,-0.0000000000,-0.0000000000,-0.0000000000,-0.0000000000,0.0000000000,-0.0000000000,-0.0000000000,-0.0000000000,-0.0000000000,-0.0000000000,-0.0000000000,0.0000000000,0.0000000000,-0.0000000000,-0.0000000000,-0.0000000000,-0.1820423243,-0.0000000000,-0.0000000000,0.0000000000,-0.0000000000,0.0000000000,-0.0000000000,0.1041244711,0.0589946737,-0.0000000000,0.0000000000,-0.0000000000,-0.3192149830,-0.0000000000,-0.0000000000,0.0074343518,-0.0000000000,-0.0000000000,0.0000000000,0.0213833385,0.0000000000,0.2945152309,-0.0000000000,-0.1347532837,-0.0000000000,0.1222162536,0.2987959463,0.0000000000,0.0000000000
0.0717969948,-0.0000000000,0.0000000000,0.0000000000,-0.2507125570,0.0000000000,-0.0000000000,0.0000000000,-0.0000000000,0.0675992035,0.0000000000,0.0000000000,-0.1767892506,0.0000000000,-0.0666633091,-0.0000000000,0.0000000000,-0.0000000000,-0.0000000000,-0.0345761180,0.0000000000,-0.0323725614,1.9443765577,-0.0000000000,-0.0000000000,-0.0000000000,-0.1815534236,-0.0424286929,-0.0000000000,-0.4825932425,-0.2168530379,0.0428136611,-0.0000000000,-0.0000000000,-0.1307029481,-0.0000000000,-0.1492575099,0.0000000000,0.0000000000,-0.1773405497,-0.0000000000,-0.0000000000,-0.0000000000,-0.0000000000,-0.0723539058,-0.0000000000,-0.1385752089,-0.6793745767,0.0752029292,-0.0000000000,0.0000000000,-0.0000000000,0.0000000000,-0.1189515690,0.0000000000,0.1059121245,-0.0000000000,-0.0000000000,-0.0000000000,0.0000000000,0.0000000000,0.1138135678,0.0000000000,-0.0000000000,-0.0000000000,-0.0000000000,0.0000000000,-0.0000000000,0.0000000000,0.0000000000,0.0000000000,-0.0000000000,-0.0000000000,0.0000000000,0.0000000000,-0.0000000000,0.0000000000,-0.0000000000,-0.0929688637,0.0000000000,0.0000000000,0.0996097827,-0.0000000000,-0.0000000000,0.0000000000,-0.0376023400,-0.0000000000,-0.0000000000,-0.0000000000,-0.0000000000,-0.0000000000,0.0000000000,0.0000000000,-0.0424693964,-0.0234509990,0.0000000000,0.0000000000,-0.1099864506,0.0000000000,0.0000000000
0.1802971158,0.0104764382,0.0000000000,0.0000000000,0.0000000000,0.0000000000,0.0487107620,0.1214324951,0.0000000000,-0.0000000000,0.0237186486,-0.0000000000,-0.7430808172,-0.0000000000,-0.0000000000,-0.0455536695,-0.0000000000,-0.0000000000,0.0000000000,0.0000000000,0.0000000000,-0.0000000000,-0.0000000000,3.0244242103,-0.0000000000,0.0000000000,0.0000000000,-0.0000000000,-0.3373811409,-0.0000000000,-0.0079942656,-0.0000000000,-0.0000000000,-0.4406512116,-0.0000000000,0.0000000000,-0.0000000000,0.0000000000,-0.0000000000,-0.1489223896,-0.0000000000,-0.0000000000,0.0000000000,-0.0000000000,0.2969334388,0.0000000000,0.0000000000,0.0000000000,0.2199537131,0.0000000000,0.0000000000,0.0000000000,0.0000000000,0.0536614042,0.0000000000,0.0000000000,0.0000000000,0.0000000000,-0.0000000000,-0.0437572740,-0.0000000000,0.0000000000,0.0000000000,-0.0000000000,-0.0000000000,0.0000000000,0.0000000000,-0.0000000000,-0.6065002935,-0.0000000000,-0.0000000000,-0.0000000000,-0.0000000000,0.0000000000,-0.3815573402,-0.0000000000,0.0000000000,0.0000000000,-0.0000000000,0.0000000000,-0.0000000000,-0.0000000000,0.0000000000,0.0000000000,0.1629719262,-0.0000000000,0.0000000000,0.0000000000,0.0000000000,0.0000000000,-0.0000000000,0.0000000000,0.0000000000,-0.1098074995,-0.0000000000,-0.0000000000,0.1616130271,0.0000000000,0.1187018473,0.0000000000
-0.0000000000,-0.0562680533,0.0000000000,0.0000000000,0.0000000000,0.0000000000,0.0656652867,0.0000000000,-0.0000000000,-0.1944998509,-0.0152026121,-0.0000000000,-0.0000000000,0.0000000000,-0.0000000000,0.0000000000,-0.2566917329,0.0000000000,0.0000000000,0.0000000000,-0.0000000000,0.0000000000,-0.0000000000,-0.0000000000,2.9355572787,-0.3985443484,-0.0000000000,-0.0000000000,-0.0000000000,0.0000000000,-0.0000000000,0.0000000000,-0.0000000000,-0.0000000000,-0.0000000000,0.0000000000,-0.2916060188,0.0000000000,-0.0000000000,-0.1649302034,-0.0000000000,-0.0607806902,-0.0000000000,0.0000000000,-0.0000000000,-0.0000000000,-0.0000000000,0.0006415643,0.0000000000,-0.0000000000,-0.1566559196,-0.0000000000,0.0000000000,-0.0000000000,-0.0000000000,-0.0000000000,0.0000000000,0.0980646179,-0.7908739218,-0.2890531627,-0.0000000000,-0.0000000000,-0.0000000000,0.0823003226,-0.0000000000,0.0000000000,-0.0000000000,-0.0000000000,0.0000000000,0.1920499003,-0.0000000000,0.0000000000,0.0000000000,-0.0000000000,-0.0000000000,-0.4085177140,-0.0000000000,-0.0000000000,-0.0000000000,0.0042908367,0.1055928844,0.0000000000,-0.0000000000,0.0000000000,-0.0000000000,0.0432271856,-0.3621273412,-0.0000000000,0.0000000000,-0.0426914109,0.0000000000,-0.2775074909,-0.0000000000,-0.0000000000,0.0000000000,-0.0000000000,-0.0157676586,0.0000000000,-0.0000000000,-0.0000000000
0.0983753680,-0.0000000000,0.0000000000,0.0000000000,0.1244959315,-0.0000000000,0.0719812630,0.0000000000,-0.0000000000,0.0000000000,-0.1166378519,-0.0000000000,-0.0000000000,-0.0208429659,-0.0000000000,0.0000000000,-0.0000000000,-0.0000000000,0.0000000000,-0.0000000000,-0.0000000000,-0.1266438005,-0.0000000000,0.0000000000,-0.3985443484,1.6765971590,-0.0000000000,-0.0000000000,-0.0000000000,-0.0000000000,-0.0000000000,0.0000000000,0.0000000000,-0.0225126053,-0.0000000000,-0.0000000000,-0.0160036198,0.0000000000,0.0000000000,-0.0000000000,-0.0000000000,-0.0000000000,-0.0000000000,0.0000000000,-0.0000000000,-0.0000000000,-0.0255737726,0.0000000000,0.0000000000,0.0000000000,0.0000000000,0.0000000000,-0.0000000000,0.0000000000,-0.0000000000,0.0000000000,0.0000000000,0.0000000000,-0.0000000000,0.0000000000,-0.0000000000,-0.0370953846,-0.1528217258,0.0000000000,-0.0849392483,-0.1679717559,0.0000000000,-0.0000000000,0.0000000000,-0.0000000000,-0.0000000000,0.0000000000,0.0000000000,-0.0000000000,-0.0000000000,-0.1429654366,-0.0000000000,-0.0000000000,0.0284791502,0.0748134685,-0.0000000000,0.2290169143,0.0000000000,-0.0000000000,-0.0000000000,0.0382991788,-0.1095930869,-0.1119393582,-0.0000000000,-0.0058281084,0.0951343401,-0.0226576696,-0.0000000000,0.0000000000,0.0000000000,-0.0000000000,-0.0000000000,0.0000000000,-0.0000000000,0.0000000000
-0.0000000000,-0.0000000000,-0.0000000000,-0.0000000000,-0.0696149060,0.0000000000,0.0000000000,0.0000000000,-0.2406742403,0.0000000000,0.2787160504,-0.0000000000,0.0000000000,0.0000000000,-0.0000000000,0.2580952791,0.0066065761,-0.0000000000,-0.0000000000,-0.6918024624,-0.4261788250,-0.0000000000,-0.1815534236,0.0000000000,-0.0000000000,-0.0000000000,3.0588122804,-0.0000000000,0.0000000000,-0.0000000000,0.3682619791,0.0000000000,0.0000000000,0.0000000000,-0.5272534388,-0.0000000000,-0.1050262929,-0.1418481061,-0.0000000000,0.0000000000,0.0000000000,-0.3235610023,0.0000000000,0.0000000000,-0.3457348781,0.0000000000,-0.0000000000,0.0000000000,-0.0000000000,-0.0000000000,0.0000000000,0.0000000000,0.0176000919,-0.0000000000,-0.0000000000,-0.0000000000,0.0000000000,-0.0523053451,-0.0000000000,0.0000000000,-0.2448217489,0.0000000000,-0.0000000000,-0.0000000000,-0.0000000000,-0.0000000000,0.0674421498,0.0000000000,0.1667277008,0.0000000000,0.0000000000,0.1091806963,0.0000000000,0.0000000000,0.1177801567,-0.0000000000,-0.0000000000,-0.4032872400,0.0000000000,0.0000000000,0.1216505138,0.0000000000,0.0000000000,0.0000000000,-0.3484473637,0.0000000000,-0.0000000000,-0.0000000000,-0.0000000000,0.0000000000,-0.0000000000,-0.0000000000,-0.0824851239,-0.0000000000,-0.0186160935,-0.0000000000,-0.0000000000,0.0000000000,0.0000000000,0.1217630796
-0.0199623728,0.0000000000,0.0000000000,-0.0000000000,-0.0000000000,-0.0000000000,0.0000000000,0.0000000000,0.1360291544,-0.0000000000,-0.0000000000,-0.0976274182,-0.0832000261,0.0000000000,-0.1650663603,0.0358954121,0.0000000000,-0.0000000000,0.0000000000,0.0013977289,0.0000000000,-0.0000000000,-0.0424286929,-0.0000000000,-0.0000000000,-0.0000000000,-0.0000000000,2.2281885024,-0.0000000000,-0.5826608282,-0.0000000000,0.0000000000,0.0540941652,-0.1220684889,0.0000000000,0.0000000000,-0.0000000000,0.0000000000,0.1439231353,0.0000000000,0.0000000000,-0.1198994058,-0.0000000000,-0.1050236035,-0.0000000000,-0.0000000000,-0.0000000000,0.0000000000,-0.0000000000,0.0000000000,-0.0000000000,-0.0000000000,0.0000000000,0.0000000000,0.0000000000,-0.0000000000,0.0000000000,0.0000000000,-0.0000000000,-0.0000000000,-0.0000000000,-0.0636980142,-0.0000000000,0.0000000000,-0.0000000000,0.0000000000,0.2476594200,-0.0000000000,-0.1472096083,-0.0000000000,-0.0000000000,-0.2211971083,-0.0000000000,-0.0000000000,-0.0480445473,-0.0094723597,-0.0000000000,-0.2268697718,0.0000000000,0.0014970998,-0.0000000000,-0.0000000000,-0.0000000000,-0.0000000000,-0.0794454697,0.0000000000,-0.0121279865,-0.8628773301,0.0000000000,-0.0000000000,0.1897981485,0.0000000000,0.0000000000,-0.1653377974,0.0000000000,-0.0000000000,-0.0775648612,-0.0181779265,-0.0000000000,0.0000000000
0.0000000000,0.0000000000,-0.0000000000,0.0000000000,0.2688174135,-0.0000000000,0.0000000000,0.3611534785,0.0000000000,-0.0000000000,-0.0000000000,0.0000000000,-0.0000000000,-0.0000000000,-0.0000000000,-0.2938863034,-0.0000000000,0.0000000000,-0.0000000000,-0.0000000000,0.0000000000,0.0000000000,-0.0000000000,-0.3373811409,-0.0000000000,-0.0000000000,0.0000000000,-0.0000000000,3.0771545518,0.0000000000,-0.0000000000,0.0000000000,-0.0000000000,-0.0000000000,-0.0000000000,0.0000000000,-0.2598915287,0.0000000000,0.1097515740,-0.1057671879,-0.0165557592,0.0000000000,0.0000000000,-0.0000000000,0.2020603169,-0.0000000000,-0.0000000000,-0.1565555716,-0.0000000000,-0.0943855760,-0.0843239413,0.0000000000,-0.0000000000,0.0000000000,0.0000000000,0.1536647128,0.0000000000,0.4275671940,0.0000000000,0.0000000000,-0.0000000000,0.0000000000,-0.0000000000,-0.0000000000,-0.0000000000,-0.2381669697,0.0000000000,0.0000000000,-0.0000000000,0.0000000000,-0.7465775998,0.0000000000,-0.0000000000,0.0000000000,0.0000000000,-0.0000000000,-0.5705955993,0.0184166934,0.0000000000,0.0000000000,-0.0000000000,0.1816246292,-0.1524041667,-0.0000000000,0.0000000000,0.0000000000,-0.0323686312,-0.0000000000,0.0000000000,0.0000000000,-0.0000000000,0.0000000000,-0.0000000000,0.0000000000,-0.0000000000,-0.0000000000,-0.0000000000,0.0000000000,0.0000000000,-0.0000000000
