2.238861436126167170e+00,-0.000000000000000000e+00,-4.778563300604082298e-01,0.000000000000000000e+00,0.000000000000000000e+00.1,-2.319991838674272944e-01,-2.162724009846883344e-01,0.000000000000000000e+00.2,-0.000000000000000000e+00.1,-0.000000000000000000e+00.2,-1.064592062736341351e-03,-0.000000000000000000e+00.3,0.000000000000000000e+00.3,0.000000000000000000e+00.4,-0.000000000000000000e+00.4,-1.509062459237695691e-02,0.000000000000000000e+00.5,0.000000000000000000e+00.6,0.000000000000000000e+00.7,0.000000000000000000e+00.8,-0.000000000000000000e+00.5,-0.000000000000000000e+00.6,-0.000000000000000000e+00.7,0.000000000000000000e+00.9,-2.523348587184492398e-01,-0.000000000000000000e+00.8,0.000000000000000000e+00.10,-0.000000000000000000e+00.9,0.000000000000000000e+00.11,-8.828164326059148581e-02,0.000000000000000000e+00.12,0.000000000000000000e+00.13,-0.000000000000000000e+00.10,0.000000000000000000e+00.14,0.000000000000000000e+00.15,0.000000000000000000e+00.16,-0.000000000000000000e+00.11,0.000000000000000000e+00.17,-1.088242749378266760e-01,-1.759188730343087259e-01,-0.000000000000000000e+00.12,-0.000000000000000000e+00.13,0.000000000000000000e+00.18,0.000000000000000000e+00.19,2.448469654618419880e-02,-0.000000000000000000e+00.14,-0.000000000000000000e+00.15,-0.000000000000000000e+00.16,-6.236629067279686467e-01,-0.000000000000000000e+00.17,-2.349494391766891455e-01,0.000000000000000000e+00.20,0.000000000000000000e+00.21,-0.000000000000000000e+00.18,0.000000000000000000e+00.22,-0.000000000000000000e+00.19,0.000000000000000000e+00.23,0.000000000000000000e+00.24,1.096283108439371629e-01,-0.000000000000000000e+00.20,0.000000000000000000e+00.25,0.000000000000000000e+00.26,0.000000000000000000e+00.27,-0.000000000000000000e+00.21,0.000000000000000000e+00.28,-5.862537369169016493e-02,0.000000000000000000e+00.29,-0.000000000000000000e+00.22,0.000000000000000000e+00.30,0.000000000000000000e+00.31,-0.000000000000000000e+00.23,1.188806420422652832e-01,-0.000000000000000000e+00.24,0.000000000000000000e+00.32,4.914613110233327642e-03,0.000000000000000000e+00.33,0.000000000000000000e+00.34,-0.000000000000000000e+00.25,-0.000000000000000000e+00.26,-0.000000000000000000e+00.27,1.427724886853471223e-02,2.960965468385452493e-01,1.433471790324701567e-01,5.734891815961756095e-02,-0.000000000000000000e+00.28,0.000000000000000000e+00.35,0.000000000000000000e+00.36,0.000000000000000000e+00.37,0.000000000000000000e+00.38,0.000000000000000000e+00.39,0.000000000000000000e+00.40,0.000000000000000000e+00.41,0.000000000000000000e+00.42,3.002184862674867408e-02,0.000000000000000000e+00.43,0.000000000000000000e+00.44,-0.000000000000000000e+00.29,-0.000000000000000000e+00.30,-0.000000000000000000e+00.31,-0.000000000000000000e+00.32
-0.0,4.837433563996448,-0.20338741422003548,-0.3651852331955925,-0.8797576091217265,-0.0,-0.16546254766644583,-0.05733673623419691,-0.16134593447240325,-0.0,0.0,0.0,0.0,0.0,0.0,-0.7937146770255661,0.0,-0.0,0.0,-0.0,-0.0,0.0,0.0,0.0,-0.0,0.0,-0.0,0.0,0.05259137280082328,0.0,0.0,-0.12678853477979,-0.0,-0.0,-0.0,-0.0,0.0,-0.0,-0.0,-0.1845350587861647,-0.0,0.0,-0.0,0.0,-0.0,-0.0,-0.0,0.0,0.0,0.0,0.0,-1.3033477480278979,-0.25224126196000046,-0.356580900738645,-0.1159670524488032,-0.0,-0.3746063275498781,-0.0,0.0,0.0,-0.0,-0.0,0.0,-0.0,-0.0,0.0,-0.0,-0.0,0.0,-0.0,-0.0,0.0,0.0,-0.0,0.0,0.0,0.0,0.0,-0.0,-0.0,0.0,-0.0,-0.05979628257450582,0.0,-0.0,-0.0,0.0,0.10030103199169596,-0.0,0.0,-0.0,-0.0,-0.0,0.0,0.0,0.0,0.0,0.0,-0.0,-0.0
-0.4778563300604082,-0.20338741422003548,3.5130637862003953,-0.0,-0.0,-0.9044682493832886,-0.12923347164797175,-0.0,-0.3194715406578493,-0.0,0.0,0.0,0.0,0.0,-0.0,-0.2216007948158836,0.0,-0.0,0.0,-0.0,-0.0,0.0,0.0,-0.0,-0.0,0.0,-0.0,-0.0,0.0,-0.0,0.0,0.0,-0.0,-0.0,-0.0,-0.0,0.0,0.0,-0.0,-0.21827561553607897,0.0,-0.0,0.0,0.0,-0.0,-0.0,-0.0,-0.0,-0.06900367424242905,-0.03887012108789934,-0.12056225873839148,-0.1782908947362838,-0.04635363897138606,-0.0,-0.34784409542419276,-0.5252857158007032,-0.0,-0.0,-0.0,0.0,0.0384609477927476,0.0,-0.0,-0.0,-0.0,-0.0,0.0,-0.0,-0.0,-0.0,-0.0,0.0,-0.0,0.0,0.0,0.0,0.0,-0.0,-0.0,-0.0,0.0,0.0,-0.0,0.0,-0.0,-0.0,0.0,-0.0,-0.0,0.0,0.0,0.045957860779690746,0.0,0.1154528043892918,0.04563072640389466,0.054479503349301565,-0.0,0.0,-0.0,-0.0
0.0,-0.3651852331955925,-0.0,3.0452723544524702,-0.0,0.0,-0.0,-0.5262315654350348,-0.0,-0.16674998399730948,-0.0,0.0,-0.0,-0.0,-0.05336324732334331,-0.0,0.0,-0.0,-0.0,-0.0,-0.0,0.019459446950765708,0.0,0.20098509807662063,0.0,0.05920222096010863,0.0,-0.0,-0.0,-0.0,0.0,-0.011255095550340216,-0.4004362234358873,-0.0,0.0,0.0,-0.0,-0.0,-0.0,-0.0,-0.0,0.0,-0.07997822460141223,0.0,0.0,-0.0,-0.0,0.0,0.0,0.0,0.025919237538352888,-0.24450520837020775,-0.0,-1.3262419482820536,-0.0,-0.0,-0.0,-0.0,-0.0,-0.0,-0.0,-0.0,-0.0,-0.0,-0.0,-0.024147534861583785,0.0,0.0,0.0,-0.0,-0.0,0.0021735657179331527,0.0,0.0,0.0,0.0,0.0,-0.0,0.035166855064876545,-0.0,0.0,-0.0,-0.0,0.0,-0.0,0.0,0.0,0.0,-0.0,0.016238619831440086,0.0,-0.0,0.0,-0.0,-0.08837450765816282,0.0,-0.0,0.0,0.0,-0.0
0.0,-0.8797576091217265,-0.0,-0.0,2.820966503270793,0.0,0.0,-0.0,-0.0,0.0,0.1353473686783651,0.0,0.0,0.0,0.0,-0.02846540669557452,0.060602973233260506,-0.0,0.0,-0.0,-0.0,-0.0,0.0,0.0,0.0,0.0,-0.10913697996370632,0.0,0.007380098568647485,0.0,0.0,-0.03654466203540938,-0.0,-0.0,-0.02092259096015655,0.0,0.0,-0.0,-0.0,-0.0,0.0,0.034477754944259725,-0.0,0.0,-0.07460565934817354,-0.0,-0.0,-0.0,0.0,0.09804590734489885,0.0,-0.0,-0.17290904264677623,-1.085395075761208,-0.33285124166319247,-0.0,-0.0,-0.0,-0.0,-0.0,-0.0,-0.0,0.0,-0.0338218371000179,-0.0,-0.0,0.0,-0.0,-0.0,-0.0,-0.0,-0.0,-0.0,-0.0,-0.0,-0.0,-0.0,0.0,0.0,0.0,0.0,-0.0,-0.0,-0.0,-0.08629250392573097,0.0,0.08589880278442413,0.0,-0.0,0.0,0.0,0.0,-0.0,0.0,0.0,0.08918830377592529,0.0,0.0,0.0,0.0
-0.23199918386742727,-0.0,-0.9044682493832886,0.0,0.0,3.4673489340261208,0.0,0.0,-0.11931590008496656,-0.0,-0.0,-0.1053304091485288,-0.0,0.0,-0.0,-0.0,0.05647326172549529,0.0003750890768767032,0.0,0.08837643981679054,0.0,-0.0,0.0,0.0,-0.13277009792854305,-0.0,0.0,-0.0,0.0,-0.0,-0.0,0.0,-0.0,0.0,-0.0,-0.0,-0.0,0.0,-0.0,-0.0,0.0,-0.0,0.019461083785991273,0.0,-0.0,0.0,-0.0,0.0,-0.509242592922395,0.0,-0.057877110575220166,0.0,0.0,0.0,-0.9823826642407772,-0.5246953025888299,0.0,-0.0,-0.0,-0.0,-0.0,-0.0,-0.09301730877733312,-0.0,0.0,-0.0,0.18278999190964876,-0.0,-0.24074950360981945,0.0,0.0,-0.0,-0.0,-0.0,-0.0,-0.0,-0.0,-0.026725963508843226,-0.0,-0.0,-0.0,0.0,0.0,0.0,-0.0,-0.0,-0.0,-0.0,0.0,0.0,0.0,-0.0,-0.0,0.0,0.046512565803190416,0.0,0.0,0.0,-0.0,0.0
-0.21627240098468836,-0.16546254766644583,-0.12923347164797175,-0.0,0.0,0.0,2.9782603344127194,-0.2612204371263083,-0.0,-0.0,-0.0,-0.0,-0.0,0.0,0.0,-0.7384319630999305,-0.5968079137646617,-0.0,-0.0,-0.0,-0.0,0.0,-0.0,-0.007192597508517064,-0.0,0.0,-0.0,-0.0,0.0,0.0,-0.0,0.0,-0.0,-0.0,0.0,0.0,0.0,0.0,0.0,-0.2708722451270028,-0.12825488325522275,0.0,-0.0,0.0,0.0,-0.0,0.0,-0.0,-0.0,-0.0,-0.0,-0.10128958353646464,-0.04494535626459384,-0.0,0.0,-0.026558498834918925,-0.0,-0.0,0.0,0.0,0.0,-0.0,0.0,0.0,0.0,0.0,-0.728001515874713,-0.0,0.0,-0.0,-0.0,0.0,-0.0,0.0,0.0,0.3378137357993456,0.0,0.0,-0.0,-0.0,0.0,0.06862276955870664,-0.0,0.04916924045313911,-0.0,0.0,0.0,0.0,-0.0,0.0,-0.0,0.0,0.0,0.0,-0.0,0.0,-0.0,-0.04385602302709622,-0.06311569614692648,-0.04662099551006228
0.0,-0.05733673623419691,-0.0,-0.5262315654350348,-0.0,0.0,-0.2612204371263083,3.739739907755263,-0.03175796486392964,-0.0,0.0,-0.0,-0.0,0.0,0.0,-0.0,-0.0,-0.0,0.0,-0.06349017166593313,-0.04617163666631811,0.013131790294344756,0.021199085447401768,-0.0,-0.0,0.0,0.0,0.0,0.0,0.20993382742661443,0.0,-0.0,0.0,-0.0,0.016816434716045808,-0.0,-0.0,-0.0,0.0,-0.0,-0.0,0.0,0.0,0.0,0.0,0.0,0.0,0.0,0.0,0.0,0.0,-0.4193825491749525,-0.20108382433916208,-0.0,-0.0,-0.0,-1.1362762668789483,-0.37628919881855016,-0.0,-0.0,-0.0,0.0,-0.0,-0.0,-0.0,0.0,-0.49303200295708943,0.0,-0.0,-0.34773905820770434,-0.0,-0.0,0.0,-0.0,-0.0,0.0,-0.0,0.0,0.0,-0.0,-0.0,-0.0,-0.0,0.0,0.0,0.0,0.0,0.0,-0.05777978429997117,-0.0,-0.02516896822596573,-0.0,-0.0,0.0,0.0,0.0,0.0,0.0,0.0,-0.0
-0.0,-0.16134593447240325,-0.3194715406578493,-0.0,-0.0,-0.11931590008496656,-0.0,-0.03175796486392964,4.256909431761134,-0.22924721247646004,-0.15776533633952866,-0.0,0.0,0.0,0.0,-0.0,0.0,-0.0,0.0,-0.0,-0.0,0.15358030789460833,0.0,0.0,-0.0,0.0,-0.0,0.0,0.0,0.0,-0.0,-0.0,-0.0,-0.0,-0.0,-0.3748194193025652,-0.0,0.0,-0.0,-0.045077846581003445,-0.0,-0.0,0.009383339852945488,0.0,-0.0,-0.0,-0.06415688806090736,-0.0,-0.0,-0.0,-0.0,-0.03600107025797405,-0.0,-0.0,-0.27869095219922785,-0.9052990728547105,-0.41239228102819087,-1.4220202782220999,-0.0,-0.0,0.0,-0.0,-0.20928026962119511,-0.0,-0.0,-0.0,-0.0,-0.0,-0.0,-0.0,-0.0,-0.0,-0.0,-0.0,0.0,0.0,-0.0,-0.0,-0.0,-0.05734010339853891,0.0,0.0,0.0,0.0,-0.0,-0.0,-0.0,0.0,-0.0,0.0,-0.0,-0.0,-0.0,0.0,0.06312070833634358,0.025567732532994637,0.0,0.0,-0.0,-0.0
-0.0,-0.0,-0.0,-0.16674998399730948,0.0,-0.0,-0.0,-0.0,-0.22924721247646004,2.9980094929219248,-0.7608326632228176,-0.47670940283429136,-0.0,-0.05877775718818738,-0.18024252233121923,0.0,-0.0,0.0,-0.019282398799361194,0.0,0.0,0.0,-0.0,-0.0,-0.48069599177974126,-0.0,0.02321850706339264,0.0,0.0,-0.0531720737772982,0.0,-0.0,-0.0,-0.0,-0.0,-0.0,-0.0,0.0,-0.24858985175511647,-0.1607629547625483,-0.0,-0.18957365664765172,-0.0,0.06098140388917752,0.0,-0.0,-0.0,0.0,-0.0,-0.0,0.0,-0.3242808380864505,-0.0,-0.0,-0.0,-0.17507231846433863,-0.0,-0.0,-0.37054520320361534,-0.0,0.0,0.0,-0.049758647595238285,-0.0,0.0,-0.0,0.0,0.0,-0.0,0.0,0.0,0.0,-0.0,0.0,0.0,-0.0,0.0,-0.0,0.0,-0.006640996446027823,0.0,0.0,0.0,0.0,0.0,-0.0,-0.0,0.0,-0.0,0.19709569807195584,0.0,-0.0,-0.0,0.0,0.0,0.1978211071558151,-0.0,0.0,-0.0,-0.0
-0.0010645920627363411,0.0,0.0,-0.0,0.1353473686783651,-0.0,-0.0,0.0,-0.15776533633952866,-0.7608326632228176,2.681233577184301,-1.0272835283469213,-0.0,0.0,-0.0,0.0,-0.0,0.0,0.0,0.0,0.1612252586116753,0.0,-0.0,0.0,-0.0,-0.200553040547722,0.0,0.01254979968332009,0.0,-0.06814066546964796,0.07987851160335632,0.0,0.0,0.0,0.0,-0.0,-0.0,0.08336119018032496,-0.0,-0.0,-0.0,-0.0,0.0,0.02534993599972176,0.1420771448641074,-0.0,-0.0,-0.0,-0.015419009060603736,-0.11553915286015824,-0.0,-0.0,0.0,-0.0,-0.0,-0.28736290420788524,-0.0,-0.0,-0.0,-0.0,0.0,0.0,-0.0,0.0,0.0,-0.0,0.0,0.2335976482144084,0.0,0.17309627287273596,0.0,0.0,-0.0,0.0,0.045075177727407933,-0.0,0.0,-0.0,0.0,-0.0,0.0,0.0,0.08773959631593302,0.06119287441833104,-0.0,-0.0,-0.1839846964253931,0.0,0.0,0.0,0.0,0.0,0.0,0.0,0.0927043138055196,0.07418023198548167,-0.0,-0.0,-0.03819853227498784,-0.07229938895348961
-0.0,0.0,0.0,0.0,0.0,-0.1053304091485288,-0.0,-0.0,-0.0,-0.47670940283429136,-1.0272835283469213,3.4689307041803703,-0.30050000190167087,-0.0,-0.0,0.0,-0.0,0.0,-0.0,0.2438198000688132,0.0,-0.0710238768806131,-0.0,-0.6265498544867913,-0.1848453223486461,-0.6957662204729885,-0.0,0.0,0.0,-0.0,0.0,0.0,0.0,-0.0,-0.0,-0.0,0.0,0.0,-0.0,-0.0,-0.0,-0.07132798087986593,-0.0,0.0,0.0,-0.0,-0.0,-0.0,-0.0,-0.0,-0.0,-0.0,-0.0,0.0,-0.0,-0.0,-0.0,-0.11938778887994309,-0.0,-0.37280025695484725,-0.0,-0.0,-0.18738049745936097,-0.0,0.0,-0.0,0.0,-0.0,-0.0,0.0,0.0,-0.0,-0.0,-0.0,-0.0,-0.0,0.0,-0.0,0.0,-0.0,-0.0,0.0,0.18581645349196188,0.0,-0.0,-0.0,-0.0,0.0,0.0,0.0,-0.0,-0.0,-0.0,-0.0,0.0,0.0,-0.0,-0.0,-0.12873785968335544,-0.0
0.0,0.0,0.0,-0.0,0.0,-0.0,-0.0,-0.0,0.0,-0.0,-0.0,-0.30050000190167087,2.232939234957284,-0.0,0.0,0.0,-0.6401784312271156,0.0,-0.14057044260669102,0.0,0.0,-0.3504776102462971,0.0,0.0,0.0,-0.0,0.033604539725540714,0.0,-0.0,0.0,0.0,-0.0,0.0,0.0,0.0,0.0,-0.0,0.0,0.0,0.0,0.0,0.0,-0.0,0.0,-0.004411483956150998,0.0692597541872051,0.005056554566890797,0.01871411176786056,0.0,0.0,0.3509867992101359,-0.0,0.0,-0.0,-0.0,0.0,-0.0,0.0,-0.0,-0.0,-0.2846998049384129,-0.5683233616704297,-0.0,0.0,0.0,0.0,0.0,-0.0,-0.0,-0.0,0.0,-0.0,0.0,0.0,-0.0,-0.0,-0.0,0.0,0.0,-0.0,0.0,-0.0,-0.0,-0.0,0.0,0.0,-0.0,0.0008272511649229884,0.0,0.08044877783234533,-0.0,-0.052663393378390634,-0.0,-0.0,-0.0,0.0,0.0,0.0,-0.0,0.0
0.0,0.0,0.0,-0.0,0.0,0.0,0.0,0.0,0.0,-0.05877775718818738,0.0,-0.0,-0.0,3.5395701822088235,-2.2234828146102354,0.0024374209190829305,0.0,0.0,-0.5595625580581616,-0.0,-0.0,0.0,-0.09351370459476913,0.0,0.0334439007365753,0.15492293132751617,0.24006566903755164,-0.0,-0.07101504328222072,-0.0,0.0,-0.0,-0.03976526454489541,0.0,-0.0,0.0,-0.0,0.0,-0.0,0.0,-0.0,-0.0,0.0,-0.0,0.0,-0.0,-0.0,0.10398665814947967,0.0,-0.0,0.0,-0.0,0.1283960783864358,0.0,0.0,0.0,0.00793015335494931,0.0,-0.0,0.0,0.0,0.0,-0.12138994590299394,-0.04039311014639225,0.0,-0.20074325631795956,0.011057823637873866,0.0,0.0,0.030231807773449425,0.0,0.0,0.0,0.0,0.0,-0.09282425181638858,0.0,-0.11617005839910557,0.10432310421552828,-0.0,-0.0,-0.07931623641135968,0.0,-0.1591870450755463,0.0,-0.0,-0.0,-0.0,0.09816425761636113,0.0,0.0,0.0,0.0,-0.022894050300947145,-0.17691222589141883,-0.0,0.0,0.0,0.009670459394879925,0.12086687937516984
-0.0,0.0,-0.0,-0.05336324732334331,0.0,-0.0,0.0,0.0,0.0,-0.18024252233121923,-0.0,-0.0,0.0,-2.2234828146102354,4.6073590352956755,0.0,0.019140039580626694,-0.0,-0.0,-0.0,-0.37035978800741126,-0.0,-0.2879653069099944,0.0,0.0033456937990580552,0.23167313478454,0.0,-0.0,-0.25201981511520216,-0.0818962596878463,0.0,-0.0,-0.16138888360368403,-0.0,-0.0,-0.0,-0.0,0.0,-0.014983777122373332,-0.0,-0.0,-0.0,-0.0,0.0,0.0,-0.0,-0.0,0.02644287014598192,0.0,-0.0,0.0,-0.0,0.003029206665999407,-0.0,-0.0,-0.0,0.0,0.0,-0.0,-0.0,0.0,0.093209307936026,-0.0,-0.0,0.0,-1.6950786549667824,0.33444724600963505,0.0,0.17315252410364054,0.0,0.0,0.06939362108386092,0.0,0.0,0.04794103246780997,-0.0,-0.0,-0.0,0.0,-0.0,0.0,-0.0,0.17858532383886516,-0.0,0.0,0.0,-0.0,0.0,0.0,0.0,0.0,0.0,0.0,-0.10558723023041151,-0.0,0.0,0.0,0.0,-0.0,0.0
-0.015090624592376955,-0.7937146770255661,-0.2216007948158836,-0.0,-0.02846540669557452,-0.0,-0.7384319630999305,-0.0,-0.0,0.0,0.0,0.0,0.0,0.0024374209190829305,0.0,3.2855507214586024,-0.0,-0.3056849278438817,0.0,-0.0,-0.0,-0.0,-0.0,0.0,-0.0,0.0,-0.2269558122615473,-0.0,0.0,0.0,-0.0,-0.0,-0.9729026444869672,-0.13841427349787733,-0.10513127873942554,0.0,0.0,0.0,0.0,-0.105903271330581,-0.0,0.35414368061558316,-0.0981423373995201,0.0,-0.0,-0.0,-0.0,-0.0,-0.0,0.0,0.0,-0.0,-0.0,-0.0,-0.0,-0.0,-0.0,0.0,0.06168106901315284,0.0,0.0,-0.0,0.017868411250062863,-0.0,0.0,0.0,-0.0,-0.0,0.0,-0.0,-0.0,0.0,-0.0,0.0,0.0,0.0,0.0,0.0,-0.0,-0.0,0.029010679482483183,0.0977199576362264,-0.0,0.0,-0.0,0.0,0.08794297509322528,0.09082486986969553,0.0,0.1067497773382309,0.0,0.05663860768335405,0.0,0.0,0.0,0.0,0.0,0.0,-0.0,0.0
0.0,0.0,0.0,0.0,0.060602973233260506,0.05647326172549529,-0.5968079137646617,-0.0,0.0,-0.0,-0.0,-0.0,-0.6401784312271156,0.0,0.019140039580626694,-0.0,2.46462552441692,-0.0,-0.6600085770261641,-0.0,-0.0,-0.2144626163069196,-0.0,-0.6112332530660053,-0.0,-0.0,-0.0,-0.0,-0.0,0.0,0.03059694650422307,0.0,0.0,-0.0,0.011862464380247876,0.0,0.0,0.0,0.0904293028287717,-0.0,-0.0,-0.0,-0.0,0.0,-0.0,0.0,0.0,-0.059126036120542166,0.0,-0.0,0.0,0.0,-0.0,0.0,0.0,0.0,-0.0,0.0,0.0,-0.0,-0.0,-0.0,0.1454682832535053,0.06498921352782469,-0.0,0.10297209830496747,-0.035019315706015415,-0.169222013944211,-0.15351258220965797,-0.0,-0.0,-0.0,-0.0,0.0,-0.0,-0.0,-0.0,-0.0,0.0,-0.0,-0.11190607005343858,0.0,-0.0,0.0,-0.0,0.0,-0.0,0.0,-0.0,-0.0,0.0,0.0,0.0,0.0,-0.0,0.0,-0.0,-0.0,-0.0,-0.0
0.0,-0.0,-0.0,-0.0,-0.0,0.0003750890768767032,-0.0,-0.0,-0.0,0.0,0.0,0.0,0.0,0.0,-0.0,-0.3056849278438817,-0.0,4.48319259634332,-0.0800713858049807,-1.074318519152518,-0.1942416025552234,-0.0,-0.0,-0.00885816936750616,-0.0,0.0,-0.11952020012990368,-0.0,0.0,0.0,0.0,0.0,-0.0,-1.999287448687652,-0.0,-0.5113778986710685,0.020166149818974053,0.0,0.0,-0.0,-0.0,0.0,-0.0,0.0,-0.0018759752838882337,0.0,-0.0,-0.0,-0.0,-0.0,0.0,-0.0,-0.0,-0.0,0.0,0.0,-0.0,-0.0,0.0,0.0,0.0,0.0,0.2312985012191148,0.0,-0.0,0.0,-0.0,0.0,-0.0,-0.5529483021615789,-0.0,-0.0,-0.0,0.0,0.0,0.0,0.0,0.07200991783300019,-0.0,0.0,0.0,-0.0,-0.0,-0.0,0.0,-0.0,0.0,0.0,-0.1159868179224214,0.0,0.0,0.0,-0.0,0.0,0.0,0.0,0.0,0.0,-0.0,0.0
0.0,0.0,0.0,-0.0,0.0,0.0,-0.0,0.0,0.0,-0.019282398799361194,0.0,-0.0,-0.14057044260669102,-0.5595625580581616,-0.0,0.0,-0.6600085770261641,-0.0800713858049807,2.356354001795786,-0.0,-0.4312482744730287,-0.1598497884169638,-0.0,-0.0924848192282128,0.0,-0.0,0.10777773764694584,-0.0,-0.2661544962156938,0.0,0.0,-0.0,-0.0,-0.21349372190486732,0.0,-0.0,-0.0,0.0,-0.0,-0.0,-0.0,-0.0,-0.24836317026096785,0.0,-0.0,0.0,0.0,0.0,0.0,-0.05128326650278951,0.2471174445914285,0.0,0.0,0.0,0.0,0.0,0.18382037001791743,0.022203803962416294,-0.0,-0.0,0.0,0.0,0.0,0.027804414329755472,-0.0,0.0,0.0,-0.0,-0.0,-0.0,-0.0,0.0,0.08603548870353132,0.0,0.0,-0.0,-0.0,0.0,0.04384867729591648,-0.0,-0.0,-0.0,0.0,0.0,0.021915515348281282,0.0,-0.0,0.0,-0.0,-0.0,0.0,-0.0,0.0,-0.15427132548926556,-0.0,0.0,-0.0,0.0,-0.0,-0.0
0.0,-0.0,-0.0,-0.0,-0.0,0.08837643981679054,-0.0,-0.06349017166593313,-0.0,0.0,0.0,0.2438198000688132,0.0,-0.0,-0.0,-0.0,-0.0,-1.074318519152518,-0.0,3.6474644472304,-1.2205902590768227,0.0010606804368370588,-0.0,-0.0,0.0,0.0,-0.030455847009693972,-0.0,-0.0,0.0,0.06571362281145515,-0.0,-0.0,-0.0,0.0,-0.0,0.019236505796809293,-0.0,-0.0,-0.0,-0.9489516161968092,0.04758864791057218,-0.0,0.0,-0.0,-0.0,-0.0,-0.0,0.0,-0.0,0.0,-0.0,-0.0,-0.0,0.0,0.0,-0.0,0.0,0.0,0.0,0.0,0.12710996927836,0.026920912080183088,-0.0,-0.0,-0.0,-0.16151114000305702,0.0,0.0,-0.15771326134118763,-0.1863895114606418,0.1083161339298016,0.0,0.0,0.0,0.0,0.0,0.0,0.0,0.0,0.0,-0.0,-0.0,0.0,0.0,0.0,0.11687467681360009,0.0,-0.1943256272996964,-0.0,0.0,0.12947606335372644,0.0,0.0,-0.0,0.0,0.0,0.0,-0.0,-0.0
-0.0,-0.0,-0.0,-0.0,-0.0,0.0,-0.0,-0.04617163666631811,-0.0,0.0,0.1612252586116753,0.0,0.0,-0.0,-0.37035978800741126,-0.0,-0.0,-0.1942416025552234,-0.4312482744730287,-1.2205902590768227,3.5001430828744984,0.0,-0.0,-0.0,0.07206863607963147,0.05796760743619871,-0.0,-0.0,-0.2667042843210402,0.0,0.06424425946607565,0.0,-0.0,-0.0,0.0,-0.0,0.0,0.0,-0.0,-0.0,-0.0,0.17732667544559988,0.0,0.0,0.0,0.0,0.0,0.0,0.0,-0.0,0.0,-0.0,-0.0,-0.004104091030852628,-0.0,0.0,-0.0,-0.0,0.0,0.0,0.0,0.04285318101621666,0.0,-0.0,-0.0,-0.0,-0.0,-0.0,0.0,-0.0,-1.2667327688915435,0.0,0.0,-0.0,-0.0,0.0,-0.2537061026533661,0.0,0.06321088762838975,0.0,-0.0,-0.0,0.0,0.0,0.0,0.05655460965428128,0.0,0.0,-0.0,-0.0,0.0,0.0,-0.0,-0.0,-0.0,0.0,0.0,0.0,-0.0,-0.0
-0.0,0.0,0.0,0.019459446950765708,-0.0,-0.0,0.0,0.013131790294344756,0.15358030789460833,0.0,0.0,-0.0710238768806131,-0.3504776102462971,0.0,-0.0,-0.0,-0.2144626163069196,-0.0,-0.1598497884169638,0.0010606804368370588,0.0,2.05934848108078,-0.1074196694983026,-0.03806965457344324,-0.0,-0.26820912067798214,0.0,0.0,-0.0,-0.0,0.0,0.0,0.0,-0.333278094466396,-0.5530951107209248,0.0,-0.047685555687812325,0.0,-0.0,-0.0,0.0,-0.0,-0.28940544098368554,0.0,-0.04945158144631339,0.1301368674553905,0.0,-0.0,-0.0,0.0,0.0,-0.0,-0.0,0.0,-0.0,0.0,0.07512944420267988,0.0,0.0,-0.0,0.0,0.0,0.036009568647872324,0.03223100699758033,0.0,0.0,0.0,-0.0,-0.0,-0.0,0.0,-0.18950818067186867,0.0,0.0,-0.0,-0.03450016062944369,-0.0,0.0,-0.0,0.13042522450247399,-0.0,0.0,0.0,-0.0,0.0,0.0,-0.03922153531145409,0.0,0.0,0.0,0.0,-0.0,-0.0,-0.04218240434302859,0.0,0.0,0.0,8.372950667947737e-05,-0.004880368626451504,0.35832966062885097
-0.0,0.0,0.0,0.0,0.0,0.0,-0.0,0.021199085447401768,0.0,-0.0,-0.0,-0.0,0.0,-0.09351370459476913,-0.2879653069099944,-0.0,-0.0,-0.0,-0.0,-0.0,-0.0,-0.1074196694983026,3.7255544062837584,-0.0,0.0,0.0,-0.0,-0.1881192567897229,-0.0,-1.595203287099957,0.0,0.0,-0.08623741796459822,-0.132311214789761,-0.21898925529514204,0.0,-0.0,0.0,-0.0,-0.0,-0.0,-0.0,-0.0025577326661539238,0.0,-0.0,-0.0,-0.8172283112590398,-0.24531647684099056,-0.0,-0.0,0.0,0.0,0.0,0.0,0.0,-0.0,0.13764700882106695,0.0,0.0,0.43271064991859,0.0,0.0,0.20847924728874545,0.0,0.08956145277385766,-0.0,0.0,0.0,0.0,0.0,-0.0,0.0,-0.16859046319645668,0.0,0.0,0.0,0.0,-0.3013857204842976,0.0,0.0,0.0,0.0,0.0,0.0,-0.0,-0.0,-0.0,-0.0,0.0,-0.0,0.0,0.06511276969746635,0.0,-0.0,-0.0,0.0,-0.0,-0.0,0.0,0.0
0.0,0.0,-0.0,0.20098509807662063,0.0,0.0,-0.007192597508517064,-0.0,0.0,-0.0,0.0,-0.6265498544867913,0.0,0.0,0.0,0.0,-0.6112332530660053,-0.00885816936750616,-0.0924848192282128,-0.0,-0.0,-0.03806965457344324,-0.0,2.315556172752669,-0.2205039411711576,-0.1144573030580601,-0.0,-0.08882355581900349,-0.0,-0.0,-0.0,0.2253687140174762,0.13848080484076933,-0.0592917697294692,-0.0,-0.0,0.0,0.07306600047296911,0.0,-0.09723471017429154,-0.0,-0.0,-0.0,-0.0,0.0,0.0,0.0,-0.0,-0.0,-0.14779300099876608,-0.03473332546830574,0.0,-0.0,0.0,-0.0,0.0,-0.0,-0.0,-0.0,-0.0,0.1609556833936188,0.0,-0.0,0.0,-0.0,0.0,-0.03252848623429219,-0.0,-0.0,-0.0,-0.02965248341746092,-0.018197040325667168,-0.0,-0.22490246338512213,-0.16158484464761447,-0.0,-0.2203541969683178,-0.0,-0.0,0.0,-0.17403877477882462,0.04487041232519685,0.0,0.0,0.0,-0.0,0.0,-0.0,-0.0,-0.17073493833542228,0.0,-0.0,-0.0,0.0,0.0,0.0,0.0,0.0,-0.0,-0.0
-0.25233485871844924,-0.0,-0.0,0.0,0.0,-0.13277009792854305,-0.0,-0.0,-0.0,-0.48069599177974126,-0.0,-0.1848453223486461,0.0,0.0334439007365753,0.0033456937990580552,-0.0,-0.0,-0.0,0.0,0.0,0.07206863607963147,-0.0,0.0,-0.2205039411711576,1.953678869199824,-0.09968383748808093,0.0,0.0,0.0336118752309279,0.0,-0.0,-0.0,-0.0,-0.0,-0.0,-0.035709790773393965,0.0,-0.0,-0.0,-0.15028516788299714,0.0,-0.43976558273978,-0.0,-0.0,-0.0,0.07350637142308586,0.0,0.0,-0.027476236146793696,-0.0,-0.0,-0.0,-0.0,0.0,-0.0,-0.0,-0.018064816405793546,-0.0,-0.02501695172671477,-0.0,-0.0,0.0,0.0,0.0,0.0,0.07888684285520325,-0.0,0.0,-0.0,0.0,0.0,-0.0,0.0,-0.0,-0.0,-0.08026494870041175,0.0,0.0,-0.09568214267965391,0.0,0.0,0.0,-0.0,-0.0,0.0,0.0,0.0,0.0,-0.0,-0.0,0.0,-0.0,-0.02423819074308095,0.0,0.12637472170509723,0.0,0.0,0.0,-0.0,-0.0
-0.0,0.0,0.0,0.05920222096010863,0.0,-0.0,0.0,0.0,0.0,-0.0,-0.200553040547722,-0.6957662204729885,-0.0,0.15492293132751617,0.23167313478454,0.0,-0.0,0.0,-0.0,0.0,0.05796760743619871,-0.26820912067798214,0.0,-0.1144573030580601,-0.09968383748808093,2.1862850002836254,0.0,0.0,0.0018265048751111024,0.0,0.052548585278398646,0.0,0.26847339191282393,0.0,0.0,0.0,0.015833391607688974,0.026011622659364225,0.0,0.0,0.0,-0.07296966184695051,-0.13426806739987762,0.0,0.0,0.0,0.06331210637290594,-0.0,-0.0,0.0,-0.0,0.0,-0.0,0.0,0.0,0.0,-0.0,0.0,-0.0,-0.0,-0.0,0.0,-0.0,0.06051443426937993,0.0,0.0,-0.0,0.0,-0.0,0.0,-0.0,-0.0,0.0,-0.0,-0.20999130503552593,-0.3072753189832993,-0.0,-0.0,0.17193649470075367,0.0,-0.0,0.0,0.0,0.0,0.0,0.0,0.0,0.0,0.0,0.0,0.0,-0.0,-0.0,0.03610168120434571,0.0,0.05385272460435323,0.11461805131239255,0.0,-0.0,-0.0
0.0,-0.0,-0.0,0.0,-0.10913697996370632,0.0,-0.0,0.0,-0.0,0.02321850706339264,0.0,-0.0,0.033604539725540714,0.24006566903755164,0.0,-0.2269558122615473,-0.0,-0.11952020012990368,0.10777773764694584,-0.030455847009693972,-0.0,0.0,-0.0,-0.0,0.0,0.0,2.8763385062527567,0.0,0.0,0.0,-0.0,0.0,-0.0,-0.0,-0.1417041829676614,0.0,0.0,0.0,0.0,-0.0,-0.0,0.0356156390185999,-0.0,-0.0,-0.4087450299353152,-0.3400631569720254,-0.47503494339354246,-0.4201316760046256,0.0,-0.0,-0.0,0.0,-0.0,-0.0,-0.0,0.0,-0.0,-0.0,-0.0,0.0,0.0,-0.0,0.0,-0.18017067142484783,0.0,-0.0,-0.0,-0.0,0.0,-0.0,-0.2582213227453577,-0.0,-0.2253988622663849,-0.0,-0.0,0.11829841544081537,0.0,0.0,-0.0,0.0,-0.0,0.0,-0.0,-0.0,-0.465398450122902,-0.006798618544863204,0.0,0.0,-0.0,0.0,0.0,0.14479481943876865,-0.0,0.0,0.0,-0.0,-0.0,-0.0,0.0,-0.0
-0.0,0.0,-0.0,-0.0,0.0,-0.0,-0.0,0.0,0.0,0.0,0.01254979968332009,0.0,0.0,-0.0,-0.0,-0.0,-0.0,-0.0,-0.0,-0.0,-0.0,0.0,-0.1881192567897229,-0.08882355581900349,0.0,0.0,0.0,1.977482915233273,-0.0,-0.015141739663414092,0.0,0.0,-0.0,-0.0,-0.03840339058718201,0.0,0.0,-0.0,0.0,0.0,-0.0,-0.0719028625829068,-0.0,-0.0,0.1174018411625456,-0.0,-0.0,0.0,0.0,-0.0,-0.0,0.13279397125430678,0.0,-0.0,0.0476687311885492,0.0,0.0,0.0,0.0,0.0,0.0,-0.0,-0.0,-0.0,-0.0,-0.0,-0.0,-0.0,-0.0,0.0,-0.0,0.0,-0.0,0.0,0.0,0.0,-0.0,-0.7977134211409593,0.02890187780028684,0.0,0.0,0.0,0.0,-0.0,0.0,0.0,0.1282656613145978,-0.5279287683918205,0.0,-0.0,-0.0,0.0,0.0,0.0,-0.0,-0.0,0.0,0.0,0.0801654684767408,-0.0
0.0,0.05259137280082328,0.0,-0.0,0.007380098568647485,0.0,0.0,0.0,0.0,0.0,0.0,0.0,-0.0,-0.07101504328222072,-0.25201981511520216,0.0,-0.0,0.0,-0.2661544962156938,-0.0,-0.2667042843210402,-0.0,-0.0,-0.0,0.0336118752309279,0.0018265048751111024,0.0,-0.0,2.6054244487803317,0.0,-0.0,0.0,-0.0,0.0,0.0,-0.0,-0.6051646292566489,0.0401257801529768,0.0,-0.0,-0.0,0.0,0.20008839970644007,-0.0,-0.0,0.0,0.0,0.0,0.03926429268936284,-0.0,0.0,0.19207306919494585,0.0,0.0,0.0,0.0,0.0,-0.0,0.0,0.0,0.0,0.045623538619934526,0.0,0.0,-0.0,-0.0,0.0,0.0,0.0,0.0,0.0,-0.0,0.0,-0.0,0.0,-0.0,-1.1171664680439748,-0.0,-0.0,-0.0,-0.0,-0.0,0.0,0.0,-0.0,-0.0,-0.18177272162143196,0.0,-0.0,-0.080805581543751,0.0,-0.0,-0.03145761855655493,-0.0,-0.0,0.0,0.0,0.011903375929048948,0.0,0.0
-0.08828164326059149,0.0,-0.0,-0.0,0.0,-0.0,0.0,0.20993382742661443,0.0,-0.0531720737772982,-0.06814066546964796,-0.0,0.0,-0.0,-0.0818962596878463,0.0,0.0,0.0,0.0,0.0,0.0,-0.0,-1.595203287099957,-0.0,0.0,0.0,0.0,-0.015141739663414092,0.0,3.4996516140167433,0.0,0.0,-0.0,-0.0,-0.0,0.0,-0.12235728667266486,0.0,-0.14983367960215965,-0.24363832795338464,0.0,-0.0,-0.0,0.04492990314132695,0.0,-0.24914241465116915,-0.0915324384662256,-0.0,-0.0,-0.0,0.0,0.0,0.0,-0.0,0.0,-0.0,0.0,0.0,0.0,0.0,0.0,0.0,0.0,0.0,0.131098943732968,-0.025472401828183028,0.0,0.0,0.0,0.2323495285336853,0.0,0.0,-0.0,0.0,0.0,0.0,0.0,-1.3375706373688392,0.0,-0.0,0.11640387989268196,0.0,0.09644580703360317,0.1811500593189754,-0.0,-0.0,-0.0,-0.0,0.0,0.0,0.0,0.0,0.0,-0.0,0.0,0.0,-0.0,-0.0,0.0,-0.0
0.0,0.0,0.0,0.0,0.0,-0.0,-0.0,0.0,-0.0,0.0,0.07987851160335632,0.0,0.0,0.0,0.0,-0.0,0.03059694650422307,0.0,0.0,0.06571362281145515,0.06424425946607565,0.0,0.0,-0.0,-0.0,0.052548585278398646,-0.0,0.0,-0.0,0.0,2.190475701864232,-0.1346949086861687,-0.17813185931195466,8.428789593801486e-05,-0.0,0.0,-0.0,-0.03853375984604373,0.0,-0.0,0.0,0.0,0.0,-0.3256120423992592,-0.0,0.0,0.0,0.0,0.0,0.0,-0.0,0.0,0.0,0.36514080907360913,0.0,0.0,-0.0,0.0,0.0,0.0,0.0,-0.11746172877838568,-0.0,-0.0,0.0,0.0,-0.0,-0.0,0.0,0.02354351151539048,0.0538847579941194,-0.03675452062736499,0.04550961610947044,-0.06852975338120476,-0.0,0.0,0.0,-0.0,-1.1435751638627876,-0.01765471316546624,-0.0,0.06944452279304243,-0.0,-0.0,-0.0,-0.0,0.0,-0.047598088420662696,0.0,-0.0,-0.0,-0.0,-0.10502704182779472,-0.0,0.0,-0.1643344560052079,-0.0,0.0,0.05187361321956237,0.0
0.0,-0.12678853477979,0.0,-0.011255095550340216,-0.03654466203540938,0.0,0.0,-0.0,-0.0,-0.0,0.0,0.0,-0.0,-0.0,-0.0,-0.0,0.0,0.0,-0.0,-0.0,0.0,0.0,0.0,0.2253687140174762,-0.0,0.0,0.0,0.0,0.0,0.0,-0.1346949086861687,1.9912045239036869,-0.13200662082702488,0.0,-0.0,-0.0,-0.0,-0.43865021729813874,-0.0,0.0,0.0,-0.0,-0.0,0.1412456160701597,-0.12783984232048043,0.0,-0.0,0.07114311472563019,0.1239776754869773,0.028661941891686887,0.0,-0.0,-0.0,-0.0,-0.0,0.0,-0.17751026073460227,-0.0,-0.0,-0.0,-0.0161344733938948,0.0,-0.0,-0.0,0.0,-0.0,0.0,0.0,0.0,0.0,0.0,-0.0,0.029471515112442927,0.0,0.0,-0.0,-0.0,0.0,-0.0,-0.8626912451314172,0.0,-0.0,-0.0,-0.0,0.0,0.0,-0.0,0.0,-0.0,0.0,0.0,-0.0606792506198008,-0.0,-0.0,0.0,0.027106999894926303,0.0,0.04149116963136396,0.0,0.0
-0.0,-0.0,-0.0,-0.4004362234358873,-0.0,-0.0,-0.0,0.0,-0.0,-0.0,0.0,0.0,0.0,-0.03976526454489541,-0.16138888360368403,-0.9729026444869672,0.0,-0.0,-0.0,-0.0,-0.0,0.0,-0.08623741796459822,0.13848080484076933,-0.0,0.26847339191282393,-0.0,-0.0,-0.0,-0.0,-0.17813185931195466,-0.13200662082702488,2.6463284814411594,-0.0,-0.0,-0.0,-0.0,-0.1663311096661292,-0.2251829209222476,-0.005623249553676429,-0.013047923233001628,-0.0,-0.15411642802373635,-0.0,-0.05854714483641784,-0.018202134993371474,-0.20857171788489867,0.0,0.0,0.0,0.0,-0.0,0.0,0.0,0.0,-0.0,0.0,0.0,0.0,0.0,-0.0,-0.0,0.0,-0.13364044635932867,0.0,-0.0,0.0,0.0,0.0,0.0,0.0,0.0,0.0,0.0,0.0,0.0,0.23853220570076492,-0.0,-0.0,-0.39866186603570497,0.0,-0.0,-0.0,-0.0,-0.0,-0.0,0.0,-0.0,0.0,0.0,-0.0,0.0,-0.0,-0.0,-0.0,-0.0,-0.0,0.0,0.0,0.0
0.0,-0.0,-0.0,-0.0,-0.0,0.0,-0.0,-0.0,-0.0,-0.0,0.0,-0.0,0.0,0.0,-0.0,-0.13841427349787733,-0.0,-1.999287448687652,-0.21349372190486732,-0.0,-0.0,-0.333278094466396,-0.132311214789761,-0.0592917697294692,-0.0,0.0,-0.0,-0.0,0.0,-0.0,8.428789593801486e-05,0.0,-0.0,3.419110526829456,-0.5565354388647872,-0.0,0.0,0.0,-0.0,-0.12678530652830075,-0.06183854837893532,-0.0,-0.1351819412341916,0.0715862127732897,-0.0,0.0,-0.0,-0.013133506746662225,-0.0,-0.05934724506537093,0.0,-0.0,-0.0,0.0,-0.0,-0.0,0.0,-0.0,-0.0,0.0,0.01707057758289514,0.033996683777382644,0.018221511580702184,0.0,0.0,-0.0,0.0,0.0,-0.3136344238327213,-0.0,-0.0,-0.0,-0.0,0.25356452659789364,0.0,0.0,0.0,0.0,-0.0,0.0,0.0,-0.0816555414589313,0.0,-0.0,0.0,-0.0,0.0,-0.0,-0.0,0.0,0.0,0.0,0.0,-0.0,0.00847861861689298,0.03646510417071127,0.0,0.0,-0.20148242805322636,-0.0
0.0,-0.0,-0.0,0.0,-0.02092259096015655,-0.0,0.0,0.016816434716045808,-0.0,-0.0,0.0,-0.0,0.0,-0.0,-0.0,-0.10513127873942554,0.011862464380247876,-0.0,0.0,0.0,0.0,-0.5530951107209248,-0.21898925529514204,-0.0,-0.0,0.0,-0.1417041829676614,-0.03840339058718201,0.0,-0.0,-0.0,-0.0,-0.0,-0.5565354388647872,2.4834796528508254,-0.0,0.0,0.0,0.0,-0.0,0.0,-0.0,-0.11196220503559048,-0.0,-0.279342015131837,-0.0,-0.36709767365795326,-0.0,-0.09590707412429593,0.0,-0.0,-0.0,0.0,0.0,-0.0,-0.0,0.04970658249618557,0.0,-0.0,0.035184726130548405,0.0,-0.0,-0.0,-0.0,0.0,-0.0,0.35116474133282916,-0.0,-0.0,-0.0,0.0,-0.0,-0.0,0.0,-0.0,-0.0,0.12811586823709317,-0.0,-0.17137319225152883,0.0,0.0,0.0,-0.0,-0.5381219110504222,-0.0,-0.0,0.1865052400926683,-0.05047105150365951,0.0,0.15086287800609952,0.12584069103053125,0.1834104944671233,0.0,-0.0,0.0,0.0,0.0,0.0,0.0,0.2253489568569832
0.0,-0.0,-0.0,0.0,0.0,-0.0,0.0,-0.0,-0.3748194193025652,-0.0,-0.0,-0.0,0.0,0.0,-0.0,0.0,0.0,-0.5113778986710685,-0.0,-0.0,-0.0,0.0,0.0,-0.0,-0.035709790773393965,0.0,0.0,0.0,-0.0,0.0,0.0,-0.0,-0.0,-0.0,-0.0,2.7428290362606895,-0.0,-0.0,-0.0,-0.0,0.0,-0.0,-0.0,0.0,-0.012471091350429847,0.08086394114611682,-0.0,0.0,-0.0,-0.24128087309988996,-0.0,-0.0,-0.0,-0.0,-0.1495572543619589,-0.0,-0.0,-0.0,-0.2426111458490996,-0.09383803564973049,0.0,0.0,0.0,-0.0,-0.09447921906563443,-0.07783007763173945,0.0,-0.0,-0.0,-0.0,-0.0,-0.0,-0.0,-0.0,-0.0,-0.0,-0.0,0.0,-0.0,0.0,0.0,-0.0,0.0,0.0,-0.0,-0.0,-0.003228749593867603,0.0,-1.1523073155812023,0.0,0.0,-0.0,-0.06461781286952818,0.0,0.1725760900859752,0.0,0.0,0.19361112759420945,-0.0453282286373412,-0.0
-0.0,0.0,0.0,-0.0,0.0,-0.0,0.0,-0.0,-0.0,-0.0,-0.0,0.0,-0.0,-0.0,-0.0,0.0,0.0,0.020166149818974053,-0.0,0.019236505796809293,0.0,-0.047685555687812325,-0.0,0.0,0.0,0.015833391607688974,0.0,0.0,-0.6051646292566489,-0.12235728667266486,-0.0,-0.0,-0.0,0.0,0.0,-0.0,3.2644002503687006,-0.0,-0.0043087911158668345,-0.17102669018322292,0.0,0.0,0.0,-0.0,-0.0,-0.0,0.0,0.0,0.0,-0.0,0.0,-0.0,-0.0,0.0,-0.0,-0.0,-0.0,-0.0,-0.0,0.0,0.0,0.08781041273532143,0.0,0.0,0.0,-0.0,0.0,0.0,0.0,0.19724806154579397,0.004294599471552277,0.0,-0.0,-0.0,0.0,-0.0,-0.0,-0.0,-0.0,-0.03535043863764342,-0.0,0.0,0.0,0.0,-0.0,-0.0,-2.156260831709181,0.07003852473090137,0.0,-0.0,-0.0,-0.24903414112953917,-0.14077892528104446,-0.0,-0.0,0.0,-0.0,0.0,-0.0,0.0
0.0,-0.0,0.0,-0.0,-0.0,0.0,0.0,-0.0,0.0,0.0,0.08336119018032496,0.0,0.0,0.0,0.0,0.0,0.0,0.0,0.0,-0.0,0.0,0.0,0.0,0.07306600047296911,-0.0,0.026011622659364225,0.0,-0.0,0.0401257801529768,0.0,-0.03853375984604373,-0.43865021729813874,-0.1663311096661292,0.0,0.0,-0.0,-0.0,2.3358608152310167,-0.7143619124863394,-0.0,-0.1926928315478117,-0.028779787705112764,-0.1672858869093853,-0.0,-0.0,-0.0,-0.0,-0.0,0.0,0.0,0.0,-0.0,0.0,0.0,0.0,0.0,-0.0,-0.0,0.0,-0.0,-0.0,0.0,0.061977705251408895,-0.0,0.0,0.0,-0.24488387582457105,-0.0,0.09317316352614041,0.0,0.13340562459822317,0.05900783349420729,0.14075181039782672,-0.0,0.0,-0.0,0.0,0.0,-0.0,-0.0,0.0,-0.0,-0.0,-0.0,-0.0,0.0,0.0,-0.0,0.0,-0.0,-0.1275727263484162,-0.6092758730389634,-0.1712341608120783,-0.0,-0.0,-0.15437125513546737,-0.0,-0.0,0.03682131556718112,-0.0
-0.10882427493782668,-0.0,-0.0,-0.0,-0.0,-0.0,0.0,0.0,-0.0,-0.24858985175511647,-0.0,-0.0,0.0,-0.0,-0.014983777122373332,0.0,0.0904293028287717,0.0,-0.0,-0.0,-0.0,-0.0,-0.0,0.0,-0.0,0.0,0.0,0.0,0.0,-0.14983367960215965,0.0,-0.0,-0.2251829209222476,-0.0,0.0,-0.0,-0.0043087911158668345,-0.7143619124863394,2.8457723583469696,-1.4273712867734063,-0.22533466692436943,0.0,-0.0,0.0,-0.0,-0.0,-0.0,0.0,-0.0,0.0,0.05972871879887184,-0.0,0.0,0.0,-0.0,0.0,-0.0,0.0,0.0,-0.0,0.0,0.0,0.0,-0.0,0.0,-0.0,0.0,0.0,0.0,0.0,0.0,0.0,0.0,-0.0,0.0,-0.0,0.0,-0.0,0.0,-0.0,0.18528318645828376,-0.0,0.0,0.03364544753678984,0.0,0.0,-0.0,0.0,0.0,-0.0,0.0,-0.0,-0.12906913843398,-0.0,0.0,0.0,0.0,0.0,0.0,0.0
-0.17591887303430873,-0.1845350587861647,-0.21827561553607897,-0.0,-0.0,-0.0,-0.2708722451270028,-0.0,-0.045077846581003445,-0.1607629547625483,-0.0,-0.0,0.0,0.0,-0.0,-0.105903271330581,-0.0,-0.0,-0.0,-0.0,-0.0,-0.0,-0.0,-0.09723471017429154,-0.15028516788299714,0.0,-0.0,0.0,-0.0,-0.24363832795338464,-0.0,0.0,-0.005623249553676429,-0.12678530652830075,-0.0,-0.0,-0.17102669018322292,-0.0,-1.4273712867734063,3.1616990799892806,-0.2482063275564676,0.0,-0.0,0.0,-0.07394875699009945,0.0,-0.0,0.0,-0.0,-0.0,0.0,-0.0,-0.0,-0.0,-0.0,-0.007233020899447947,-0.2419562497549481,-0.0,0.0,-0.0,0.0,0.0,0.0,-0.0,0.0,-0.0,-0.0,0.0,-0.0,-0.0,0.0,0.0,-0.0,-0.0,0.0,0.0,-0.0,-0.0,-0.0,-0.0,0.0,0.0,-0.0,0.22028352597227624,-0.0,-0.0,-0.0,0.0,-0.0,-0.0,-0.0,-0.0,-0.0,0.0,0.0,0.05767672597473664,0.0,0.0,-0.0,-0.0
-0.0,-0.0,0.0,-0.0,0.0,0.0,-0.12825488325522275,-0.0,-0.0,-0.0,-0.0,-0.0,0.0,-0.0,-0.0,-0.0,-0.0,-0.0,-0.0,-0.9489516161968092,-0.0,0.0,-0.0,-0.0,0.0,0.0,-0.0,-0.0,-0.0,0.0,0.0,0.0,-0.013047923233001628,-0.06183854837893532,0.0,0.0,0.0,-0.1926928315478117,-0.22533466692436943,-0.2482063275564676,2.787252259439747,-0.0,-0.08529166677206054,-0.0,0.0,-0.13542216577746818,-0.12455910405349048,-0.0,-0.0,-0.25372215635240514,0.0,-0.0,0.0,-0.0,0.0,-0.0,0.0,-0.0,0.0,-0.0,0.0,0.0,0.0,-0.0,0.0,-0.0,-0.1864118286022664,0.0,0.15077609263779504,-0.0,0.0,0.27229903962986773,0.0,0.0,0.2796670654492006,0.0,0.08720463020324468,0.32270620982696546,-0.0,-0.0,0.0,-0.19032433470312576,0.0,0.0,0.0654429651196727,0.0,0.0,0.0,0.0,-0.15494571055946724,-0.1019941373478671,-0.0,-0.0,-0.17340075146616116,-0.0,-0.17467302724750727,-0.0,-0.0,-0.0,-0.07985639082298726
-0.0,0.0,-0.0,0.0,0.034477754944259725,-0.0,0.0,0.0,-0.0,-0.18957365664765172,-0.0,-0.07132798087986593,0.0,-0.0,-0.0,0.35414368061558316,-0.0,0.0,-0.0,0.04758864791057218,0.17732667544559988,-0.0,-0.0,-0.0,-0.43976558273978,-0.07296966184695051,0.0356156390185999,-0.0719028625829068,0.0,-0.0,0.0,-0.0,-0.0,-0.0,-0.0,-0.0,0.0,-0.028779787705112764,0.0,0.0,-0.0,1.7624068512993865,-0.10961825246747772,-0.0,0.0,-0.0,-0.0,-0.0,-0.0,-0.34835563705801553,-0.0,0.0,0.0,0.0,-0.0,-0.0,0.0,-0.0,-0.0,-0.09501706819646655,0.0,-0.0,-0.0,0.0,0.0,0.0,0.0,0.0,-0.0,0.0,0.12992546883396985,0.0,0.0,0.0,0.0,-0.1694611131408559,0.0,-0.0,-0.0,-0.0,0.0,-0.1263221672573362,0.0,-0.09917140900251446,0.0,-0.0,0.0,-0.3283593200103281,-0.0,0.0,-0.0,-0.0,0.0,-0.19457235725824937,0.0,-0.0,-0.0,0.0,-0.0,-0.045229203413910714
0.0,-0.0,0.0,-0.07997822460141223,-0.0,0.019461083785991273,-0.0,0.0,0.009383339852945488,-0.0,0.0,-0.0,-0.0,0.0,-0.0,-0.0981423373995201,-0.0,-0.0,-0.24836317026096785,-0.0,0.0,-0.28940544098368554,-0.0025577326661539238,-0.0,-0.0,-0.13426806739987762,-0.0,-0.0,0.20008839970644007,-0.0,0.0,-0.0,-0.15411642802373635,-0.1351819412341916,-0.11196220503559048,-0.0,0.0,-0.1672858869093853,-0.0,-0.0,-0.08529166677206054,-0.10961825246747772,1.60775631266241,-0.0,-0.0,-0.0,0.0,-0.0,0.0,-0.0,0.09371343914213523,-0.0,0.0,0.0,0.0,0.0,0.0,0.0,0.0,-0.0,-0.0,-0.0,0.20492054837361395,-0.0,-0.0,0.0,-0.0,-0.0,0.0,-0.0,-0.0,0.1923310994243269,0.061734677357963647,0.0,0.0,-0.0,0.04805693024073802,0.0,0.0,-0.0,0.0,-0.0,-0.0,-0.0,-0.0,0.002358122380238593,0.008200711425722016,-0.0,-0.0,0.0,0.1517569250976427,0.0,0.0,-0.0,-0.5242861387045804,-0.0,-0.0,0.0,-0.0,-0.0
0.0,0.0,0.0,0.0,0.0,0.0,0.0,0.0,0.0,0.06098140388917752,0.02534993599972176,0.0,0.0,-0.0,0.0,0.0,0.0,0.0,0.0,0.0,0.0,0.0,0.0,-0.0,-0.0,0.0,-0.0,-0.0,-0.0,0.04492990314132695,-0.3256120423992592,0.1412456160701597,-0.0,0.0715862127732897,-0.0,0.0,-0.0,-0.0,0.0,0.0,-0.0,-0.0,-0.0,3.6486211829882,-0.0,-0.18593516420091008,0.0,-0.0,-0.0,-0.0,-0.19596169668044708,0.0,0.0,0.0,-0.0,0.0,0.0,0.0,0.0,0.0,0.0,-0.0,0.0,-0.0,-0.0,0.0,-0.0,-0.30004272950775907,0.0,0.0,-0.0,0.0,0.0,-0.053901582917059536,0.0,0.0,0.0,0.0032478595408518404,-0.228404232929736,0.0,-0.0,-0.0,-0.042718262222228735,-0.0,-0.05465144900625102,0.0,0.0,-0.0,0.0,-0.0,-0.0,-0.0,-0.0,-0.0,-0.14068278023300987,-2.449557061185162,-0.09377964509466617,-0.0,-0.0,-0.0
0.0244846965461842,-0.0,-0.0,0.0,-0.07460565934817354,-0.0,0.0,0.0,-0.0,0.0,0.1420771448641074,0.0,-0.004411483956150998,0.0,0.0,-0.0,-0.0,-0.0018759752838882337,-0.0,-0.0,0.0,-0.04945158144631339,-0.0,0.0,-0.0,0.0,-0.4087450299353152,0.1174018411625456,-0.0,0.0,-0.0,-0.12783984232048043,-0.05854714483641784,-0.0,-0.279342015131837,-0.012471091350429847,-0.0,-0.0,-0.0,-0.07394875699009945,0.0,0.0,-0.0,-0.0,2.531341002741974,0.0,-0.0,0.0,0.0,0.0,0.17038558224210856,-0.0,-0.0,-0.0,-0.06957179412098459,-0.0,-0.0,0.0,-0.0,0.0,-0.0,-0.0,0.07266347655662328,0.0,0.0,0.0,0.0,-0.0,-0.0,-0.0,-0.0,-0.05823241231767084,0.0,-0.0,-0.0,0.0,0.0,0.0,-0.8136523426110912,0.0,0.0,0.0,-0.8030675795316179,0.0,-0.0,-0.0,-0.0,0.0,-0.0,0.0,0.0,0.0,-0.16154430368247252,0.0,0.13048817742622557,-0.0,-0.0,0.007033442152691107,-0.0,0.0
-0.0,-0.0,-0.0,-0.0,-0.0,0.0,-0.0,0.0,-0.0,-0.0,-0.0,-0.0,0.0692597541872051,-0.0,-0.0,-0.0,0.0,0.0,0.0,-0.0,0.0,0.1301368674553905,-0.0,0.0,0.07350637142308586,0.0,-0.3400631569720254,-0.0,0.0,-0.24914241465116915,0.0,0.0,-0.018202134993371474,0.0,-0.0,0.08086394114611682,-0.0,-0.0,-0.0,0.0,-0.13542216577746818,-0.0,-0.0,-0.18593516420091008,0.0,2.958058352294388,-0.43260862693025615,-0.12948422085087463,0.0,-0.09231881014460208,-0.0,-0.0,0.0,-0.0,-0.0,-0.0,0.0,-0.0,-0.0,0.0,0.0,-0.1426850263782535,-0.0,-0.006129912813926775,-0.0,-0.0,-0.0,-0.0,0.072674755189391,0.0,-0.0,0.1643782670441135,-0.0,-0.0,0.0,0.07010941867530285,0.0810420035038787,-0.0,0.0,-0.0,0.0,-0.0,-0.0,0.0,-0.04581109819983661,-0.0,0.0,-0.0,0.0,0.0,-0.0,0.0,0.0,-0.0,-0.10527157106355478,-0.1612543466397074,-0.951279928146278,-0.3832398893248324,0.0,-0.09542529486207715
-0.0,-0.0,-0.0,-0.0,-0.0,-0.0,0.0,0.0,-0.06415688806090736,-0.0,-0.0,-0.0,0.005056554566890797,-0.0,-0.0,-0.0,0.0,-0.0,0.0,-0.0,0.0,0.0,-0.8172283112590398,0.0,0.0,0.06331210637290594,-0.47503494339354246,-0.0,0.0,-0.0915324384662256,0.0,-0.0,-0.20857171788489867,-0.0,-0.36709767365795326,-0.0,0.0,-0.0,-0.0,-0.0,-0.12455910405349048,-0.0,0.0,0.0,-0.0,-0.43260862693025615,3.382388421414617,-0.3772453267382785,-0.0,-0.0,0.0,-0.0,-0.0,-0.05349011303216276,-0.0,-0.0,0.0,-0.0,0.0,0.0,0.0,-0.0,-0.0,-0.003701975581555183,0.2180688359619755,-0.03837785519752693,0.0,0.048738126802486514,0.0,0.0,0.0,0.0,-0.1149811744168321,0.0,0.2214554424699792,0.0964086664131208,0.0,-0.0,-0.0,-0.0,0.0,-0.0,-0.0,0.0,-0.0,-0.7735454117003421,0.0,-0.0,0.0,0.0,-0.0,0.0002498316990684383,-0.0,-0.0,0.13531550172344933,0.0,-0.0,-0.0,0.0,-0.0
-0.0,0.0,-0.0,0.0,-0.0,0.0,-0.0,0.0,-0.0,0.0,-0.0,-0.0,0.01871411176786056,0.10398665814947967,0.02644287014598192,-0.0,-0.059126036120542166,-0.0,0.0,-0.0,0.0,-0.0,-0.24531647684099056,-0.0,0.0,-0.0,-0.4201316760046256,0.0,0.0,-0.0,0.0,0.07114311472563019,0.0,-0.013133506746662225,-0.0,0.0,0.0,-0.0,0.0,0.0,-0.0,-0.0,-0.0,-0.0,0.0,-0.12948422085087463,-0.3772453267382785,2.7913168319912534,-0.0,-0.0,-0.0,0.0,0.0,-0.0,-0.0,-0.0,0.0,-0.0,0.0,0.0,0.0,-0.0,0.06947590873147817,-0.0,-0.0,0.0,-0.0,0.0,0.0,-0.0,-0.0,0.0,-0.27608337750600276,-0.0,0.0,0.0,0.0,0.0,0.0,0.0,-0.0,0.0,0.0,-0.0,-0.0,-0.04223840777324909,-0.0,-0.11805028511187604,-0.0,-0.0,0.0,0.0,-0.0,-0.0,-0.0,-0.0,-0.0,-1.1357113271590211,-0.0,-0.013259814616981617
