2.321388604651991816e+00,-0.000000000000000000e+00,0.000000000000000000e+00,0.000000000000000000e+00.1,1.429590648565478572e-01,0.000000000000000000e+00.2,0.000000000000000000e+00.3,0.000000000000000000e+00.4,0.000000000000000000e+00.5,-0.000000000000000000e+00.1,-0.000000000000000000e+00.2,0.000000000000000000e+00.6,0.000000000000000000e+00.7,-0.000000000000000000e+00.3,0.000000000000000000e+00.8,-0.000000000000000000e+00.4,-7.915627699688054797e-02,-0.000000000000000000e+00.5,-0.000000000000000000e+00.6,0.000000000000000000e+00.9,-0.000000000000000000e+00.7,0.000000000000000000e+00.10,0.000000000000000000e+00.11,-3.652978262588478797e-01,-0.000000000000000000e+00.8,0.000000000000000000e+00.12,1.193948782847961965e-01,0.000000000000000000e+00.13,-0.000000000000000000e+00.9,6.667616885358995660e-02,-0.000000000000000000e+00.10,-2.595984304409044985e-02,-1.659258856760233714e-01,1.334913081430395831e-01,0.000000000000000000e+00.14,-0.000000000000000000e+00.11,0.000000000000000000e+00.15,-3.526341525105607944e-01,2.873052835690250162e-01,-0.000000000000000000e+00.12,0.000000000000000000e+00.16,3.226668691277418365e-03,0.000000000000000000e+00.17,0.000000000000000000e+00.18,0.000000000000000000e+00.19,-0.000000000000000000e+00.13,0.000000000000000000e+00.20,0.000000000000000000e+00.21,-0.000000000000000000e+00.14,0.000000000000000000e+00.22,-5.274622082870183970e-01,-0.000000000000000000e+00.15,-2.309655976156025498e-02,1.781788735592221562e-01,0.000000000000000000e+00.23,-0.000000000000000000e+00.16,0.000000000000000000e+00.24,-0.000000000000000000e+00.17,0.000000000000000000e+00.25,-0.000000000000000000e+00.18,0.000000000000000000e+00.26,0.000000000000000000e+00.27,1.484489921244596666e-01,-0.000000000000000000e+00.19,0.000000000000000000e+00.28,0.000000000000000000e+00.29,-0.000000000000000000e+00.20,0.000000000000000000e+00.30,0.000000000000000000e+00.31,-0.000000000000000000e+00.21,0.000000000000000000e+00.32,-3.333065684855582300e-01,0.000000000000000000e+00.33,-0.000000000000000000e+00.22,-0.000000000000000000e+00.23,-0.000000000000000000e+00.24,-0.000000000000000000e+00.25,1.336686862494429195e-01,9.864445892542646199e-02,-0.000000000000000000e+00.26,0.000000000000000000e+00.34,4.285392934442810303e-02,-0.000000000000000000e+00.27,-0.000000000000000000e+00.28,0.000000000000000000e+00.35,-0.000000000000000000e+00.29,0.000000000000000000e+00.36,0.000000000000000000e+00.37,-5.732974983254676138e-01,0.000000000000000000e+00.38,0.000000000000000000e+00.39,-0.000000000000000000e+00.30,0.000000000000000000e+00.40,0.000000000000000000e+00.41,0.000000000000000000e+00.42,8.249666586724030737e-06,-0.000000000000000000e+00.31,-0.000000000000000000e+00.32,-4.463297403608788017e-01,-2.912323851662190419e-02
-0.0,3.029636094284175,-1.0454469293669548,-0.2643617309008476,-0.28415982922208594,-0.026806027514589544,0.0,-0.19573126767549043,-0.09657344265683585,-0.0,0.050184327043863046,0.0,0.0,0.12425224354736247,0.0,-0.36508394033681624,0.0,-0.0,0.14841290176631247,-0.0,-0.0,0.0,-0.0,-0.0,-0.07995930223556225,-0.0,-0.0,0.0,-0.0,0.0,-0.0,-0.0,0.0,-0.0,-0.0,-0.30060026360379066,-0.0,0.0,0.0,-0.0,0.0,0.0,-0.0,0.2824535906958341,-0.0,0.0,-0.0,0.007586139471592326,-0.259452081087518,-0.0,0.0,-0.0,-0.0,-0.004005960273049582,-0.0,-0.0,0.0,-0.0,-0.0,0.0,-0.0,0.0,-0.0,0.0,0.0,0.0,0.0,0.0,-0.0,-0.05674754553322278,-0.0016827695285389897,-0.0,-0.0,-0.0,0.0,0.036060287035397376,0.0,-0.0,-0.0,-0.0,-0.1307054472614532,-0.0,0.0,0.0,-0.07603578054271788,-0.0,0.0,-0.0,-0.014817373947115116,-0.0,0.0,0.0,-0.0,0.0,-0.0,0.0,-0.0,-0.03930568383408377,-0.0,-0.0
0.0,-1.0454469293669548,3.7130236121860856,-0.0,-0.0,-0.8256218510504537,-0.014649057958300316,-0.024670345391142334,-0.7938824289841531,-0.0,0.0,-0.0,0.0,0.0,0.0,-0.45467849854265296,0.0,-0.0,0.0,-0.0,-0.0,0.0,-0.0,-0.0,-0.0,0.0,0.0,0.0,-0.0,0.3141710942604229,0.0,-0.0,0.0,0.0,-0.0,-0.0,0.0,0.1122063691508021,-0.0,-0.0,0.0,-0.24815390374208937,0.009726919619380162,0.12973599831734278,-0.0,0.0,0.16137296638144408,0.0,-0.1424524740257449,-0.0,0.0025109252347229206,-0.046085326165396574,-0.0,-0.0,-0.0,-0.30067184808292374,-0.0,-0.0,-0.0,-0.0,-0.0,0.0,-0.19205825313544408,0.0,-0.0,0.0,0.0,0.0,0.0,-0.0,-0.1692474304147784,0.0,0.0,0.0,-0.05465219469841944,0.0,-0.0,0.0,-0.0,0.0,-0.0,0.0,0.0,0.0,-0.0,0.0,0.0,0.0,-0.0,0.0,0.17538028546238163,0.0,0.0,-0.0,0.0,0.0,0.0,0.0,0.0,-0.0
0.0,-0.2643617309008476,-0.0,3.061054228513268,-1.0720521085978727,-0.0,-0.14356645473505358,-0.7175237708865022,-0.0,-0.0,0.0,0.0,0.0,0.14509344720171038,0.0,-0.08177924633085377,0.0,0.0,0.11834252596038725,-0.0,-0.0,0.0863696971628349,-0.0,0.0013267040826958215,-0.0,0.0,-0.05326450600205535,-0.0,-0.0,-0.0,0.0,-0.1165424551733764,0.0,-0.0,-0.0,0.0,0.0,0.03010025620579738,0.0,-0.0,0.0,0.0,0.0,0.0,-0.0,0.0,0.0,0.0,-0.06686694948109169,0.0,0.0,-0.0,-0.0,-0.6396858431977511,-0.0,-0.0,0.0,0.0,-0.0,-0.0,-0.08825692945193603,0.06441441323464184,0.0,0.017069651289262997,0.0,0.0,0.0,0.0,0.0,-0.0,-0.037728598351210015,-0.0,0.0,-0.0,0.0,-0.0,0.0,-0.0,-0.09995567852939181,0.0,0.0,0.0,0.0,0.0,-0.22766834932478752,0.0,0.1109603851817154,-0.0,0.0,0.0,0.08894218781333171,0.024286839271452795,-0.0,0.06696794858032126,0.0,-0.0,0.0,0.0,-0.0,0.0
0.14295906485654783,-0.28415982922208594,-0.0,-1.0720521085978727,3.4933010988194964,-0.7714093276119913,0.19768159690452747,-0.0,-0.0,0.18184228707752773,0.0864680966887907,0.0,0.0,0.0,0.0,-0.0,0.046044420416075885,0.0,0.18223556729065865,-0.0,-0.0,0.20630130548989273,-0.0,0.0,-0.0,-0.0,-0.0,-0.0,-0.0,-0.0,-0.0,-0.0,0.0,-0.0,0.0,0.0,0.0,0.0,-0.0,0.0,0.0,-0.0,-0.0,0.0,-0.17543034138112248,0.09694577465300158,-0.0,0.07755346471946174,-0.0,0.0,0.0,0.0,-0.0,-0.21224615767724583,-0.5576355946663886,0.0,0.12848864859180667,0.0,-0.0,0.0,-0.0,0.0,0.019993244480647855,0.14821145576521627,0.0,0.000919773212773952,0.0,0.0,-0.0,-0.0,-0.0,0.0,-0.0,0.0,0.13778448627022633,-0.0,0.0,-0.0,-0.03428209439299855,-0.0,-0.0,-0.07743605079259512,0.012064507219740757,0.0,-0.33223135556549294,0.0,0.0,-0.0,0.13366258152741903,0.0,-0.0,0.001754060602834874,-0.22909914009592983,0.0,0.09203933417617256,0.0,0.0,-0.0,-0.0,0.0
0.0,-0.026806027514589544,-0.8256218510504537,-0.0,-0.7714093276119913,3.681963520819864,0.0,0.0,-0.0,0.0,0.0,0.0,0.0,0.0,0.0,-0.0,0.0,-0.0,0.0,-0.15931590505322504,-0.0,0.0,0.0,-0.0,0.0,-0.0,-0.0,-0.0,-0.021870751144783887,0.0,0.0,-0.0,-0.0,0.0,0.0,0.0,0.0,0.0,-0.0,-0.0,0.11998582260567428,-0.11718794848591152,0.0,0.0,-0.02773671774370798,0.06196484061428074,0.0,0.04977166189386789,-0.16137348745964708,-0.0,0.0,-0.0,-0.0,-0.0,-0.7410855600683411,-0.5943309811991079,0.0,0.0,-0.0,0.0,0.0,0.22256371566053768,0.0,0.316542679932128,0.0,0.22132582545502297,0.08279713272120187,0.0746777106371013,0.0,-0.0,-0.0,0.0,0.0,0.018226064502306898,-0.0,-0.0,0.0,0.0,-0.0,-0.0,-0.0,-0.0,0.32499477915209724,0.0,-0.0,0.0,-0.0,0.0,0.0,0.0,0.0,0.0,-0.0,-0.0,0.0,0.0,0.0,0.0,-0.0,0.0
0.0,0.0,-0.014649057958300316,-0.14356645473505358,0.19768159690452747,0.0,1.9276277862075184,-0.26669272250421666,-0.0,-0.0,0.0,-0.0,-0.010767722788043745,0.0,-0.03667923713558557,-0.04770258625670173,0.0,0.0,0.0,-0.2682269479581817,0.0,-0.0,-0.008465898022786307,0.0,-0.0,-0.06585132686592232,-0.0,0.0,0.0,-0.0,0.15907181270551565,-0.0,0.0,0.0,-0.0,-0.0,0.0,0.0,0.0,-0.1732217325365013,-0.23399836977878327,-0.0,0.10874866054782484,-0.0,-0.0,-0.0,0.1053559501969515,-0.007909386148114008,-0.0,-0.17201839832045243,-0.0,-0.11311188166395528,-0.04836724178545239,-0.03337646372550183,-0.0,-0.07879292824301583,-0.5145131796961137,-0.0,-0.0,-0.12620477654586426,-0.08824731929220753,-0.0,-0.08286601647419123,0.0,-0.0,-0.0,-0.06713085484361765,0.0,0.25505213853043224,0.0,-0.0,-0.0,0.0,-0.1998818251070128,-0.0,-0.0,0.1059158292223889,0.0,-0.0,0.006052365021620175,0.08164070389466589,0.08180318156549078,0.0,-0.0,0.0,0.0,0.155829130046626,-0.0,-0.0,-0.0,0.0,-0.0,-0.0,0.0,-0.0,-0.0,0.0,0.2165852877388449,-0.0,-0.0
0.0,-0.19573126767549043,-0.024670345391142334,-0.7175237708865022,-0.0,0.0,-0.26669272250421666,3.2356285159760785,-0.9250096497945195,0.0,0.08496723590597277,-0.0,0.0,0.0,-0.0,-0.0,0.0,-0.1521829124826267,0.0,0.0,-0.0,0.0,-0.1876964981939188,0.15802981673964417,0.0,-0.0,0.0,0.029290523155358173,0.0,0.0,-0.0,-0.0,0.2847277332633654,-0.1820061875820648,-0.0,-0.0,0.0,0.11460158312464072,0.0,-0.0,-0.0,0.0,-0.0,0.0,-0.0,-0.0,-0.0,-0.0,-0.0,0.0,0.0,-0.0,-0.0,-0.0,-0.0,-0.0,-0.5568039821282704,-0.4436493601564027,-0.0,0.0,-0.05303009859370302,0.0,-0.0,0.0,-0.0,-0.0,-0.0,-0.0,0.0,-0.0,-0.06499397296785868,-0.0,-0.0,-0.0,0.037649293408454555,0.0,0.0,-0.0,-0.036226571657580905,-0.0,0.0,-0.0,-0.0,-0.0,-0.20511350152045588,-0.0,0.07750274251451089,-0.0,-0.0,0.0,-0.0,0.005978882670859584,0.0,0.013526716779425716,0.0,0.0,-0.0,-0.0,0.0,-0.0
0.0,-0.09657344265683585,-0.7938824289841531,-0.0,-0.0,-0.0,-0.0,-0.9250096497945195,3.9418664062357913,0.0,0.07116801031887564,-0.0,-0.0,-0.0,-0.0,-0.0,0.09942711665921648,-0.1447695809392502,0.0,-0.0,-0.12932165140191515,0.0,0.0,0.0,0.062203591947312585,0.0,-0.0,0.12691777163246107,-0.0,0.06212006991803155,-0.0,-0.0,0.0,-0.0,0.0,-0.29746485326340805,-0.15697200395978325,0.0,-0.0,-0.0,-0.0,-0.0,-0.0,0.0,-0.08325214265940188,-0.0,-0.0,0.0,-0.28469651580307104,-0.0,0.0,-0.2604454785130651,0.0,0.0,0.0,-0.07294283138842095,-0.0,-1.4675386378767723,0.02441654723164406,0.0,-0.0,0.0,-0.0,0.0,-0.0,-0.0,0.011599712764187,0.0,0.0,-0.0,-0.009648434146980071,0.5169456129972421,0.06182683865373913,0.0,0.0,0.14423710507654927,0.0,0.0,-0.0,0.0,0.0,-0.0,-0.0,0.0,-0.0,0.0,0.0,0.0,-0.0,0.0,-0.0,0.06865661139840323,-0.0,0.0,-0.0,-0.0,-0.0,-0.0,0.0,-0.0
-0.0,-0.0,-0.0,-0.0,0.18184228707752773,0.0,-0.0,0.0,0.0,2.520826697389386,-0.24295702769362665,-0.2770279064124549,-0.10534466732932736,0.0,-0.0,0.016901463869281333,-0.0,0.0,0.0,0.0,-0.0,0.0,0.06588666224707473,-0.1618768809519938,-0.7490424254475395,0.02745639212087808,-0.0,-0.0,-0.135105865610863,0.0,0.0,-0.0,-0.0,0.0,0.0,-0.0,-0.0,-0.0,0.0,0.0,-0.0,0.1738549997299481,0.18778062915339364,0.0,0.0,-0.0,0.0,-0.0,-0.1710395499976594,-0.0,0.0,0.0,0.0,0.0,-0.0,-0.09056622930624403,0.0,-0.17262195964716784,-0.5804046255923284,-0.12943161878692133,0.0,0.0,-0.05351831391220386,-0.0,-0.0,-0.0,0.0,0.09557589858917982,0.24068563290823547,0.16671804502435358,0.0,0.0,0.0,-0.08220440574869164,-0.0,0.0,0.0,-0.0,0.0,0.0,0.0,0.0,-0.047354002760847336,-0.0,0.05024527016236124,-0.0,0.0,-0.0,-0.0,0.0,0.04477961463715888,0.0,-0.0,0.0,-0.03221398814495399,-0.04867884851413788,-0.0,-0.19294571438650857,-0.07768761842176208,-0.0
-0.0,0.050184327043863046,0.0,0.0,0.0864680966887907,0.0,0.0,0.08496723590597277,0.07116801031887564,-0.24295702769362665,1.9626862156650733,-0.2527222675466383,-0.0,-0.0,-0.0,0.09238983843170132,-0.09463921228114544,0.0,-0.07582623517839927,0.1645924959060533,-0.0,0.0,0.1694431473540724,-0.11938090580706476,-0.0,0.0,0.0,0.0,-0.0,0.0,0.08872261330471326,-0.0,-0.0034423831676988455,0.0,0.0,0.0,0.0,-0.12328211174699244,-0.0,-0.0,-0.22061402723940643,-0.0,0.0,-0.0,-0.0,0.0,-0.0,-0.0,-0.0,-0.0,0.0,0.0,0.0,-0.0,-0.0,-0.0,0.0,0.0,-0.12376340359854116,-0.0,-0.0,-0.0,0.0,-0.0,-0.08664128976285779,-0.0,-0.0,-0.0,-0.0,0.0,0.0,-0.0,0.13283157671688367,0.0,-0.2635347700387342,-0.0,-0.0,0.021312752169814347,0.0,-0.20415280839093483,0.0,0.0,-0.0,-0.0702081864989308,0.0,0.0,-0.0,0.0,0.0,-0.0,-0.030490285441367403,-0.2844255809152327,0.0,-0.0,-0.0,-0.0,0.0,0.0,-0.0815794591342643,-0.0
0.0,0.0,-0.0,0.0,0.0,0.0,-0.0,-0.0,-0.0,-0.2770279064124549,-0.2527222675466383,2.597490406583991,-0.5036851934295404,-0.19710781327174903,-0.05083929825517909,0.11962848502618624,-0.0,-0.0,-0.05412498544757224,0.06486424845977026,-0.05829033707226325,0.0,0.0,0.0,-0.0,0.0,0.037698119229760095,0.0824467562269939,-0.0,0.0,-0.0,0.0,-0.0,-0.0,-0.031347315628016494,-0.0664507566144827,-0.006822104768510704,0.0,0.0,0.0,-0.0,0.0,0.0,-0.0,0.04261811981974121,0.0,-0.0,0.0,-0.0,-0.0,0.053263304551039635,0.0,0.0,-0.0,0.0,-0.03655841063788186,-0.0,-0.239371932956858,-0.17964955029721036,-0.02483633129605853,-0.14107734352782275,-0.18749289240973097,-0.19183287232967505,-0.05786863779651839,-0.3733605217555564,-0.027218771967180207,-0.0,-0.0,0.0,0.06679211162736247,0.0,0.0,0.0,0.0,-0.23419377648361,-0.0,-0.0,0.0,0.0,-0.0,0.0,-0.0,-0.0,0.0,0.0,0.0,0.0,0.0,-0.0,0.0,0.0,0.0,0.0,-0.0,-0.0,-0.0,0.09172174669401993,0.0,0.0,-0.0
0.0,0.0,0.0,0.0,0.0,0.0,-0.010767722788043745,0.0,-0.0,-0.10534466732932736,-0.0,-0.5036851934295404,3.4552202605692948,-0.0,-0.15717669179313357,0.0,-0.05211245770356676,-0.0,-0.0032830869908952146,0.0,-0.0,-0.0,0.0,0.0,-0.0,0.0,-0.0,0.0,-0.0,-0.0,-0.0,-0.1530162808316091,-0.0,-0.0,-0.0,-0.0,-0.0,0.0,-0.0,0.0,-0.0,0.0,0.0,0.0,0.0,0.0,0.0,0.0,-0.0,-0.026109635584212743,0.0,-0.0,0.0,-0.0164284898717816,0.0,-0.0,-0.0,-0.15308691259495052,-0.0,-0.0,-0.41590874221038815,-1.7651739801605737,-0.19350731437851704,-0.0,-0.13904701904356315,-0.0,0.0,-0.0,0.0,0.0,-0.0,0.029742555685765292,0.0,-0.0,-0.0,0.0,0.0,0.0,0.0,-0.0,0.0,0.0,-0.0,0.0,0.13435657015243282,0.0,0.12111316082316093,0.2577690118245558,-0.0,0.0,-0.0,-0.0,-0.20155515288846848,0.0,-0.0,-0.0,0.0,0.0,0.0,-0.0
-0.0,0.12425224354736247,0.0,0.14509344720171038,0.0,0.0,0.0,0.0,-0.0,0.0,-0.0,-0.19710781327174903,-0.0,3.9797952396555183,-0.7721256220442468,0.0,-0.0,-0.0,-1.6044951555475864,0.0,-0.48380435915523834,-0.0,-0.0,-0.0,0.05803872053411209,0.0,-0.0,-0.0,-0.0,-0.0,-0.0,0.0,-0.0,-0.0,-0.0,0.0,-0.0,-0.16618349215764003,-0.06612603428907723,0.0,-0.0,0.0176950366531008,-0.0,-0.0,0.0,-0.0,-0.24020793180521327,0.0,0.0,-0.0,-0.0,0.0,0.09643652109484005,0.0,0.0,-0.0,-0.0,-0.05947806043965796,0.0,0.0,-0.0,-0.09038552959649349,-0.0,-0.3443863779500585,-0.0,-0.12776975914044522,-0.0,-0.0,0.0,0.18296225294128232,0.0,0.0,0.0,0.09648867310010144,-0.0,-0.0,-0.0,0.0,0.0,-0.0,0.0,0.0,-0.0019619841890272795,0.016904098901191083,0.17393276644798472,0.0,0.0,0.13712266968250894,0.0,0.13217128019227717,-0.0,-0.0,-0.0,-0.0,0.0,0.0,-0.0,0.0,0.0,0.0
0.0,0.0,0.0,0.0,0.0,0.0,-0.03667923713558557,-0.0,-0.0,-0.0,-0.0,-0.05083929825517909,-0.15717669179313357,-0.7721256220442468,4.434095049709404,0.0,-0.0,0.0,-0.0,0.0,-0.2316214188906984,-0.0,-0.0,0.0,0.0,-0.0,-0.0,-0.0,-0.020855938496855488,-0.058254140004673285,0.2005837886237072,0.0,0.0,-0.0,-0.016214060289655687,0.0,-0.06792610802596978,-0.0,-0.0,0.0,-0.23089335786686513,0.0,-0.0,-0.010664476526729036,0.0,-0.0,-0.0,-0.0,-0.0,-0.0,0.0,0.0,0.0,-0.0,0.0,-0.0,-0.0,-0.1752044602704469,-0.0,-0.0,-0.0,-0.19260647864302788,-0.0759671237962192,-0.0,-0.14047907426639195,-2.118300069629993,-0.0,-0.0,0.0,0.31087909382250584,-0.38390234977307647,0.0,-0.0,-0.0,-0.0,-0.0,-0.0,-0.0,0.0,0.18736417400277813,0.0,-0.0,-0.0,-0.0,0.0,0.0,-0.0,-0.0,0.158804035459015,0.0,-0.0,-0.0,-0.0,-0.0,0.0,-0.16399508269466423,-0.0,-0.0,0.0,-0.0
-0.0,-0.36508394033681624,-0.45467849854265296,-0.08177924633085377,-0.0,-0.0,-0.04770258625670173,-0.0,-0.0,0.016901463869281333,0.09238983843170132,0.11962848502618624,0.0,0.0,0.0,3.3514589732512703,0.0,-0.0,0.0,-0.033524758006534164,-0.0,-0.0,-0.0,-0.0,-0.0,-0.0,0.0,0.1853299129236048,0.0,0.0,0.0,-0.0,-0.0,-0.0,-0.0,-0.0,0.0,-0.0,-0.0,-0.5602463578437427,0.0,-0.0,0.0,0.02262415316559593,-0.0,0.1784058998781659,0.0,0.0,-0.0,0.0,0.0,-0.27705679977056574,-0.6049812926965079,-0.0,-0.0,-0.0,-0.0,0.0,0.0,0.0,-0.0,0.18321016929082012,0.0,0.0,-0.0,0.4614653348480561,-0.0,0.0,0.0,-0.7101364587261685,-0.30661566954056707,-0.0,-0.0,-0.0,-0.0,-0.0,0.0,0.0,0.0,0.0,-0.0,0.0,-0.0,0.0,-0.0,0.0,0.0,0.0,-0.0338226921151921,-0.0,0.0,0.0,-0.0,0.0,0.0,0.1243475993978083,0.0,0.0,-0.0,-0.0
-0.07915627699688055,0.0,0.0,0.0,0.046044420416075885,0.0,0.0,0.0,0.09942711665921648,-0.0,-0.09463921228114544,-0.0,-0.05211245770356676,-0.0,-0.0,0.0,2.8140842930619363,-0.03714077713033156,-1.0989759221659379,-0.0,-0.4580447627656891,-0.0,-0.19165513336432288,-0.07654824684846147,-0.1438337062568326,-0.0,-0.0,-0.0,-0.0,-0.0,0.0005029018045074804,-0.0,-0.029075782987217528,-0.06561690319946088,-0.09622107177465183,0.0,0.0,0.0,0.0,0.0,0.0,0.08134908441357343,0.0,0.0,0.0,0.022232178833979623,0.0,0.0,0.05844998819276662,0.0,-0.0,0.0,-0.0,0.0,0.0,-0.0,0.0,0.0,0.0,-0.0,-0.08183875566895228,0.0,-0.0,-0.0,-0.31129261791890933,-0.0,-0.0,-0.09234587793641774,-0.17065441834536363,-0.0,0.0,-0.0,-0.0,-0.0,-0.22964520340951716,-0.0,-0.028025272374623034,-0.0,0.0,0.0,-0.2779803618231329,0.0,0.0,0.0,0.0,-0.0,0.0,-0.0,-0.0,-0.0,0.10801977161507438,-0.0,0.0,0.0,0.0,0.280607279592978,0.1602757425678173,0.0,0.0,0.0
-0.0,-0.0,-0.0,0.0,0.0,-0.0,0.0,-0.1521829124826267,-0.1447695809392502,0.0,0.0,-0.0,-0.0,-0.0,0.0,-0.0,-0.03714077713033156,2.797572677616381,-0.5786233931522362,0.0,-0.13818150940578444,0.0,-0.2011112036102492,0.0,0.0,0.0,0.0,0.20057602660254056,0.1294529600463155,0.0,-0.07666647090396862,0.04989427374900418,-0.05042255200114546,-1.005178099957425,0.0,-0.0,0.0,-0.0,0.0,0.0,-0.0,0.0,-0.0,0.0,-0.0,0.0,0.0,0.0,0.040451043645669336,0.0,0.0,-0.0,0.0,-0.0,0.0,-0.0,-0.0,-0.0,0.0,0.0,-0.0,0.0,0.0,-0.0,-0.0,0.0,0.0,-0.017444232810194967,-0.14315161081415873,-1.0203035607325657,0.0,0.0,-0.0,0.0,0.0,-0.0,0.0,0.004019417501443353,-0.07213650478836765,0.0,-0.0,0.0,0.0,0.0,0.0,-0.0,0.0,0.04033823122518528,-0.0238463058134738,0.0,0.0,0.08556750491518626,0.0,-0.001315134632143287,-0.0,0.12718196674431637,0.0,0.0,0.0,0.0
-0.0,0.14841290176631247,0.0,0.11834252596038725,0.18223556729065865,0.0,0.0,0.0,0.0,0.0,-0.07582623517839927,-0.05412498544757224,-0.0032830869908952146,-1.6044951555475864,-0.0,0.0,-1.0989759221659379,-0.5786233931522362,4.003612545381931,0.28896123735111173,-0.0,-0.0,-0.0,-0.0,0.0,0.0,0.0,0.0,-0.0,-0.0,-0.0,-0.0,-0.0,-0.03635298745872,-0.0,0.0,0.0,-0.0,-0.0,0.0,-0.0,0.0,-0.0,-0.0,0.0,0.0,-0.0,0.0,0.16570805559728363,0.0,-0.0,0.0,0.1587617940846449,0.0,0.0,-0.0,-0.0,-0.0,0.0,0.0,-0.0,-0.0,0.0,-0.04884160258133428,-0.0,-0.0,0.0,-0.41484166679281226,-0.0,0.0,0.0,0.0,0.0,0.0,-0.0,-0.0,-0.0,0.0,0.0,-0.0,-0.0,0.17459774757594299,-0.0,0.0,0.0,0.0,0.0,0.0,0.0,0.0,0.0,-0.0,0.0,-0.0,0.0,0.0,0.0,0.01901764315441997,0.0,0.0
0.0,-0.0,-0.0,-0.0,-0.0,-0.15931590505322504,-0.2682269479581817,0.0,-0.0,0.0,0.1645924959060533,0.06486424845977026,0.0,0.0,0.0,-0.033524758006534164,-0.0,0.0,0.28896123735111173,2.5791464462538345,-0.20356123907186935,0.0,-0.0,-0.24568413388829077,-0.0,-0.0,-0.3302522758004364,-0.0,-0.189397656228522,0.0,0.0,-0.0,0.13461280472699755,0.09418023360677716,0.0,0.0,0.0,0.051166439760648746,0.0,-0.12543617585491823,0.0,-0.0,0.0,-0.0,-0.0,-0.0,0.0,-0.0,-0.0,-0.19777590494058567,-0.0,0.0,-0.0,-0.0,-0.25792489888244674,-0.0,0.0,0.0,0.0,0.0,-0.0,0.0,0.0,0.0,0.0,0.0,-0.06761333539168984,0.0,0.020046020074071767,-0.0,-0.5967220378468824,-0.0,-0.0,-0.0,-0.0,-0.0,-0.0,-0.0,-0.15510633355606773,0.21725529322475357,-0.0,0.0,0.0,0.0,-0.0,0.0,-0.13899594976062085,-0.0,-0.19852855717868395,-0.1457533573709755,0.0,-0.0,-0.0,-0.0,-0.0,-0.0,-0.0,-0.2572967318517721,-0.0,-0.16214465510083523
-0.0,-0.0,-0.0,-0.0,-0.0,-0.0,0.0,-0.0,-0.12932165140191515,-0.0,-0.0,-0.05829033707226325,-0.0,-0.48380435915523834,-0.2316214188906984,-0.0,-0.4580447627656891,-0.13818150940578444,-0.0,-0.20356123907186935,2.767511371949852,0.06752890181809107,-0.0,-0.0,0.03920586339460819,-0.0,-0.0,0.0,-0.3434342478855143,0.0,0.0,-0.0,0.0,-0.0,-0.0,0.0,-0.0,-0.0,-0.0,-0.0,-0.0,-0.0,-0.0,0.0,0.0,0.0,-0.0,0.0,-0.0,-0.0,0.1753303442627061,0.09332376957802557,0.0,-0.08917452919580131,-0.0,-0.0,0.0,-0.0,0.0,-0.0,-0.39106383823400026,-0.0,0.0,-0.0,-0.0,-0.0,0.0,-0.3235922930185228,-0.0,-0.0,-0.8731113008880421,0.0,-0.0,0.0,-0.0005286254211137899,-0.0,-0.0,-0.0,-0.07701885157488272,0.005896461635714841,-0.0,-0.0,-0.0,0.11731599707044396,-0.0,0.0,-0.0,0.0,-0.0,0.0,0.0,0.0,-0.0749723832254749,-0.0,-0.0,-0.0,-0.0,-0.0,0.0,-0.0
0.0,0.0,0.0,0.0863696971628349,0.20630130548989273,0.0,-0.0,0.0,0.0,0.0,0.0,0.0,-0.0,-0.0,-0.0,-0.0,-0.0,0.0,-0.0,0.0,0.06752890181809107,2.245632019447995,-0.19068529649013236,-0.0,-0.0,-0.26707787031669467,-0.0,-0.1665508804066619,-0.0,-0.17578325582852658,0.0,-0.031556792404309086,-0.189618927108871,-0.1868437896705288,-0.6893559424117198,-0.0,-0.0,-0.0,-0.3006929823532471,-0.1755722909770446,-0.0,-0.0,-0.18288725958276528,-0.0,-0.0,-0.0,-0.1406361029843801,-0.0,0.04356113191671248,-0.0,-0.04562058392988613,-0.0,0.0,0.0,-0.0,-0.0,-0.0,-0.0,0.0336991033647024,0.0,0.0,-0.0,-0.01866726993570864,-0.0,0.0,-0.0,-0.0,0.0,-0.0,0.0,0.0,-0.093583903402132,-0.0,-0.0,0.0,0.0,-0.0,-0.0,0.0,-0.0,-0.06511752105787001,0.3410272625951727,-0.02155836051394752,-0.0,0.0,-0.0,-0.0,-0.0,-0.0,0.0,0.0,-0.13101003848435483,-0.0,-0.0,-0.0,0.0,-0.0,0.0011838439730082026,0.0,0.0
0.0,-0.0,-0.0,-0.0,-0.0,0.0,-0.008465898022786307,-0.1876964981939188,0.0,0.06588666224707473,0.1694431473540724,0.0,0.0,-0.0,-0.0,-0.0,-0.19165513336432288,-0.2011112036102492,-0.0,-0.0,-0.0,-0.19068529649013236,2.7268234595264556,0.013984211760798412,-0.0,-0.0,-0.09101283964768477,-0.0,0.025939764632271677,-0.9002214581152871,0.0,0.0,-0.0,-0.07906686197755745,-0.31166605027372074,-0.0,0.0,0.0,0.0,-0.0,-0.0,0.0,-0.0,-0.0,-0.03827009955000879,-0.0,-0.0,-0.32040054556794895,0.0,0.0,-0.0,0.0,-0.0,0.0,-0.00971593309442826,-0.0,-0.0,-0.0,0.0,-0.0,-0.0,0.0,-0.024014825741609732,-0.0,-0.0,-0.0,-0.0,-0.0,-0.0,-0.0,-0.0,-0.0,-0.7290877620567439,-0.0,0.05380879696790536,0.0,0.0,-0.1918407552564602,-0.0,0.1789439748480733,-0.0,0.0,0.12548829491514393,0.0,-0.0,-0.0,0.017870762295398242,-0.0,0.0,0.0,0.0,-0.0,-0.0,0.0,0.0,0.0,0.0,0.0,0.0,0.25002360698717985
-0.36529782625884794,-0.0,-0.0,0.0013267040826958215,0.0,-0.0,0.0,0.15802981673964417,0.0,-0.1618768809519938,-0.11938090580706476,0.0,0.0,-0.0,0.0,-0.0,-0.07654824684846147,0.0,-0.0,-0.24568413388829077,-0.0,-0.0,0.013984211760798412,2.2182309755758154,-0.055044150767335154,0.0,0.0,-0.0,-0.0,0.0,0.0,0.0,0.0,0.0,0.08626647647444581,-0.0,0.0,-0.0353705832130037,-0.0,-0.31958001249003487,0.021810124255814897,-0.0,0.0,0.24309062126051864,0.0,0.0,-0.0,-0.0,0.0,-0.0,-0.0,0.0,0.0,0.0,-0.0,0.0,0.4100780161378397,0.13995933947142272,-0.0,-0.1524340863349546,0.08281120548822837,0.03369238048009527,0.01982150274033334,0.0,0.0,0.0,-0.0,0.0,0.0,0.0,0.0,-0.0,0.0,-0.2308639819429781,-0.3361691174273728,0.0,-0.0583886512376196,0.0,-0.0,-0.0,-0.2790845569349193,0.09924465235286627,-0.0,0.12154904718292872,0.0,0.0,-0.07083386485122051,-0.0,-0.0,-0.2298000780566929,0.0,-0.2157419844226456,-0.0,-0.0,-0.0,0.0,-0.11651693051979096,-0.0,-0.0,-0.015171380565233547
-0.0,-0.07995930223556225,-0.0,-0.0,-0.0,0.0,-0.0,0.0,0.062203591947312585,-0.7490424254475395,-0.0,-0.0,-0.0,0.05803872053411209,0.0,-0.0,-0.1438337062568326,0.0,0.0,-0.0,0.03920586339460819,-0.0,-0.0,-0.055044150767335154,2.1149542493551414,-0.15009139427044868,-0.0,-0.11327534959957997,-0.0,-0.0,-0.0,-0.2346471700058212,-0.276781022797434,-0.0,-0.011276400206456523,-0.0,0.0,0.0,0.0,-0.0,0.0,0.0,-0.0,0.0,-0.008462403923698184,0.0,-0.0,-0.0,-0.0,-0.0,-0.0,0.0,-0.0,0.0,-0.0,-0.09926095828763232,0.1423019756282723,-0.0,-0.0,-0.0,-0.0,0.0,-0.0,-0.0,0.0,0.0,-0.0,0.0,0.0,0.0,0.0,-0.0,-0.0,-0.28349696532017754,-0.0,0.0,0.0,-0.15528985169948,-0.0,-0.07607579731507937,-0.0,0.0,-0.0,0.0,0.0,-0.133739790435932,0.1347111978305122,-0.0,-0.0,-0.0,0.0,-0.04381738031516288,-0.0,0.4796133564996993,0.0,0.0,0.0,-0.12183114014087568,-0.15837951402662867,0.0
0.0,-0.0,0.0,0.0,-0.0,-0.0,-0.06585132686592232,-0.0,0.0,0.02745639212087808,0.0,0.0,0.0,0.0,-0.0,-0.0,-0.0,0.0,0.0,-0.0,-0.0,-0.26707787031669467,-0.0,0.0,-0.15009139427044868,1.9883898842384864,-0.0072149453181003555,-0.0,-0.13583899389565,-0.3047310773194133,0.0,-0.1182501043923607,0.10248433486113288,-0.0,-0.0,0.0,0.12905001046178616,0.11117589325785636,-0.0,-0.0,0.1218993088850196,-0.13109192241883855,-0.27696918621372973,0.0,-0.0,0.0,-0.0,0.03197246536002826,0.0,0.11193258043945024,-0.0,0.0,0.0,0.0,-0.0,-0.034490034707491145,-0.07456781611178942,-0.0,0.0,0.0,-0.16228349995217853,-0.0,-0.0,0.0,0.0,-0.0,-0.0,0.0,-0.0,0.0,-0.0,-0.1315320335842071,-0.04703441071769823,-0.06332438170872348,-0.0,-0.1936220736895696,-0.061246021235310165,-0.2861045749371269,-0.019642502535304692,-0.12587009804651908,-0.3415595483901028,0.02951500492339181,0.0,0.08554599055908979,-0.4599241034068921,0.0,0.0,-0.03900177395822273,-0.0,-0.0,0.0,-0.0,-0.0,0.0,0.0,0.0,0.0,0.0,0.13088837571869655,0.06398210226307227
0.1193948782847962,-0.0,0.0,-0.05326450600205535,-0.0,-0.0,-0.0,0.0,-0.0,-0.0,0.0,0.037698119229760095,-0.0,-0.0,-0.0,0.0,-0.0,0.0,0.0,-0.3302522758004364,-0.0,-0.0,-0.09101283964768477,0.0,-0.0,-0.0072149453181003555,2.2429030193605857,-0.19559016466650364,-0.2028253946795548,-0.3678606017602289,0.0,-0.0,0.0,-0.0,-0.0,0.1469760904231359,0.0,0.0,-0.08003307195008036,-0.0,0.0,0.0,-0.0,-0.0,-0.041176322797646485,-0.09506970721383,-0.0,-0.0,-0.0,0.0,-0.0,0.0,0.16185060488010927,0.0,-0.0,-0.0,0.0,-0.031288176666870685,0.1390772371941588,0.0,-0.16892466925631125,-0.0,0.0,0.0,0.0,-0.0,0.0,0.0,0.257113864900262,0.04915464967588514,-0.0,0.0,-0.0,-0.0,0.0,-0.0,0.0,-0.22702561071476743,0.0,0.0,0.0,0.0,0.0,-0.0,-0.08136062545851708,0.0,0.0,-0.0,0.0,0.0,0.06208265688533577,-0.0,-0.014144126790734604,0.0,-0.14033982806529824,-0.13310590842818268,-0.30590563520769887,-0.3373251846068074,0.0,0.0
0.0,0.0,0.0,-0.0,-0.0,-0.0,0.0,0.029290523155358173,0.12691777163246107,-0.0,0.0,0.0824467562269939,0.0,-0.0,-0.0,0.1853299129236048,-0.0,0.20057602660254056,0.0,-0.0,0.0,-0.1665508804066619,-0.0,-0.0,-0.11327534959957997,-0.0,-0.19559016466650364,2.9465538854418405,-0.324342345950605,-0.24472945033614343,0.011356150386233804,0.0,-0.0,-0.0,-0.0,0.012305416650066658,-0.0,0.0,0.0,0.1345570156193918,0.0,0.0,-0.0,-0.21913465215863945,-0.35969529692537755,-0.012056264291523145,-0.06609052352249893,-0.2793053391202444,-0.0,0.0,-0.0,0.18186104020327531,0.0,0.0,-0.0,-0.0,0.08344034405202679,0.0,-0.0,0.0,0.3100679506342969,0.09070024659210463,-0.0,-0.0,0.04970793511071928,-0.0,-0.0,0.0,0.0,0.0,0.0,-0.0,-0.0,0.0,0.0,-0.0,-0.04840967726103565,-0.2643264579896424,-0.0,0.0,0.0,0.0,0.0,-0.0,-0.0,-0.0,-0.0,-1.0350880161835014,0.17451638190109145,0.0,-0.0,-0.0,0.0,0.0,0.03013715135429725,-0.11779316926912609,-0.0,-0.0,-0.0,0.0
-0.0,-0.0,-0.0,-0.0,-0.0,-0.021870751144783887,0.0,0.0,-0.0,-0.135105865610863,-0.0,-0.0,-0.0,-0.0,-0.020855938496855488,0.0,-0.0,0.1294529600463155,-0.0,-0.189397656228522,-0.3434342478855143,-0.0,0.025939764632271677,-0.0,-0.0,-0.13583899389565,-0.2028253946795548,-0.324342345950605,1.9331200214024,0.0,0.016195979601070467,-0.0,-0.0,-0.0,-0.0,0.0,-0.3101033702171622,0.0,-0.059739457938697366,-0.0,0.0,-0.0,-0.0,-0.0,-0.2097416506867633,-0.0,-0.0,0.44186329346587205,-0.08801557564481279,-0.0,0.0,0.0,0.0,0.0,-0.0,-0.0676133364521522,0.0,-0.1810086128888247,0.0,0.06327387135957212,0.0,0.0,-0.0,0.0,0.07347483314904019,-0.0,0.0869890705052142,0.05180936355327786,0.09994269869292256,0.0,-0.0,0.0,0.0,0.0,-0.13322704176410283,-0.0570754949033636,-0.3563956456296557,-0.0,0.0,0.0,-0.0,0.0,-0.06733126858008906,0.0,-0.0,0.03928580379633265,-0.109005948665086,-0.0,-0.0,0.0,0.07969116419910247,0.0,-0.0,-0.0,0.0,-0.0,-0.0,-0.0,0.016969009794720314,0.0
0.06667616885358996,0.0,0.3141710942604229,-0.0,-0.0,0.0,-0.0,0.0,0.06212006991803155,0.0,0.0,0.0,-0.0,-0.0,-0.058254140004673285,0.0,-0.0,0.0,-0.0,0.0,0.0,-0.17578325582852658,-0.9002214581152871,0.0,-0.0,-0.3047310773194133,-0.3678606017602289,-0.24472945033614343,0.0,2.84406428164602,0.0,-0.0,-0.0,-0.0,-0.0,0.0,0.0,-0.0,0.0,0.0,-0.0,0.013142516046081147,-0.0,-0.0,-0.0,-0.026505100485413827,-0.03918616378318687,-0.0,0.0,-0.0,-0.2823930385859977,0.09015773325156044,0.0,-0.0,-0.03791291005789594,-0.0,-0.0,-0.0,-0.02990570414503724,-0.0,-0.06935909070294241,-0.15818864636928637,-0.0,-0.0,0.0,-0.19670045227084085,-0.0,0.0,-0.0,0.0,0.0,-0.04812017433054967,-0.0,-0.0,0.04902318067994439,-0.0,0.0,-0.40009345362609017,0.0,-0.0,0.2177974193531491,0.0,0.0,-0.0,-0.0,-0.05211184978835116,0.0,-0.0,0.06238469057621885,0.0,0.0,-0.0,-0.18670803041915007,0.05091191670568529,0.0,-0.0,-0.0,0.0,0.0,0.0
-0.0,-0.0,0.0,0.0,-0.0,0.0,0.15907181270551565,-0.0,-0.0,0.0,0.08872261330471326,-0.0,-0.0,-0.0,0.2005837886237072,0.0,0.0005029018045074804,-0.07666647090396862,-0.0,0.0,0.0,0.0,0.0,0.0,-0.0,0.0,0.0,0.011356150386233804,0.016195979601070467,0.0,1.787448612621496,-0.05155480309252936,-0.03949004967574187,0.0,0.0050802963813332755,0.0,0.0,-0.0,0.04090244830779559,0.0406646630982474,0.0,-0.12145164651019166,-0.4851050156216136,-0.18669838679924208,0.0,0.0,0.0,-0.0,-0.0,-0.0,-0.0,0.0,0.08880368540360589,0.0,0.0,0.0,-0.0,-0.0,0.0,0.0,0.03090195569934911,-0.0,0.0,-0.0,0.0,0.0,0.0,-0.0,0.0,-0.0,0.13248671045811913,0.0,-0.0,0.008635154634457878,0.0,0.0,0.05695973787545753,0.311506009315796,-0.319431221551884,-0.1059407554461364,0.0,0.0,-0.0,0.2452792458511772,0.1272345784937859,0.0,0.0,0.037025704505854816,-0.0,0.0,0.0,-0.0,0.0,-0.2965691536784796,-0.0,-0.0,0.0,0.0,-0.08150345085133065,-0.0
-0.025959843044090446,-0.0,-0.0,-0.1165424551733764,-0.0,-0.0,-0.0,-0.0,-0.0,-0.0,-0.0,0.0,-0.1530162808316091,0.0,0.0,-0.0,-0.0,0.04989427374900418,-0.0,-0.0,-0.0,-0.031556792404309086,0.0,0.0,-0.2346471700058212,-0.1182501043923607,-0.0,0.0,-0.0,-0.0,-0.05155480309252936,2.086317622931855,-0.0,0.0,-0.0,-0.0,0.0,-0.0,-0.0,-0.019433515006655366,0.0,-0.03141210441625875,-0.0,0.0,0.021200382726169763,0.0,0.0,0.11292699140766246,-0.055249562070898206,-0.0,-0.3357944914658153,-0.0,-0.0,-0.0,0.0,-0.0,-0.0,-0.0,0.0,0.0,-0.1352921423353694,-0.0,0.0,0.0,0.0,0.0644244271633556,-0.0,0.06288116500981748,0.10643492265186706,0.0,0.0,-0.0,0.0,-0.0,0.0,0.0,0.0,-0.0,-0.05305887207311165,-0.9890399242592448,0.0,0.1341234640587544,-0.0,0.11605930869628343,-0.0,0.0,0.0986149126730368,-0.0,-0.29424881053784085,-0.0,0.0,-0.0,-0.0,0.0,0.0,-0.0,-0.0,0.0,-0.0,-0.0
-0.16592588567602337,0.0,0.0,0.0,0.0,-0.0,0.0,0.2847277332633654,0.0,-0.0,-0.0034423831676988455,-0.0,-0.0,-0.0,0.0,-0.0,-0.029075782987217528,-0.05042255200114546,-0.0,0.13461280472699755,0.0,-0.189618927108871,-0.0,0.0,-0.276781022797434,0.10248433486113288,0.0,-0.0,-0.0,-0.0,-0.03949004967574187,-0.0,1.6420065860112176,-0.06686417714982658,-0.0,-0.007137073564161604,-0.12851101860847397,-0.0530699940332477,-0.0,0.0,-0.24793657858957835,0.0,-0.0,-0.0,-0.22781605393486568,0.0,-0.0,-0.0,-0.0,-0.0,-0.0,-0.04977751909647036,-0.07350626427211952,0.0,-0.0,0.0,0.0,0.0,-0.09933337342499872,-0.0,0.0,-0.0,-0.0,-0.07489099041172109,-0.0,0.0,0.0,0.0,-0.015534427255515664,-0.006867240561613395,0.2125307044140876,-0.0,0.0,0.17234423880955047,-0.0,0.0,0.1395512820293385,0.04004132225444586,0.0,-0.03272173137315992,0.0,-0.0,-0.0,-0.0,0.0966208832632843,-0.009231847231263638,-0.0,0.0,0.0,0.0,-0.0,-0.0,-0.13835219170445,-0.0,-0.0,0.0,0.22021263134518432,0.2906270912072533,-0.0,0.0
0.13349130814303958,-0.0,0.0,-0.0,-0.0,0.0,0.0,-0.1820061875820648,-0.0,0.0,0.0,-0.0,-0.0,-0.0,-0.0,-0.0,-0.06561690319946088,-1.005178099957425,-0.03635298745872,0.09418023360677716,-0.0,-0.1868437896705288,-0.07906686197755745,0.0,-0.0,-0.0,-0.0,-0.0,-0.0,-0.0,0.0,0.0,-0.06686417714982658,2.829198581594905,-0.5403828379174241,-0.01590832112806072,-0.015527319517472575,0.0,-0.13679172355887428,0.0,-0.1927017430158108,0.1968030914000996,-0.0,0.14179848222303285,-0.08748601838832624,0.0,-0.5782001576402882,0.0,0.0,0.0,0.0,0.0,-0.0,-0.0,-0.0,0.0,-0.0,-0.0,0.0,0.1622389643427317,-0.06363947172279771,0.0,-0.0,-0.0,-0.0,-0.0,0.0,-0.0,-0.11167568758355575,-0.0,0.0,0.0,-0.0,-0.0,0.06181980797865272,0.0,0.0,-0.0,-0.0,0.0,-0.06925703230269274,-0.07446414851876523,-8.449254535978134e-05,0.0,-0.0,-0.09888795369384733,-0.0,0.0,0.0,0.0,-0.0,0.09930717139360871,-0.0,0.0,0.0,0.0,0.0,0.0,0.2527450055760835,0.31912170883309454
0.0,-0.0,-0.0,-0.0,0.0,0.0,-0.0,-0.0,0.0,0.0,0.0,-0.031347315628016494,-0.0,-0.0,-0.016214060289655687,-0.0,-0.09622107177465183,0.0,-0.0,0.0,-0.0,-0.6893559424117198,-0.31166605027372074,0.08626647647444581,-0.011276400206456523,-0.0,-0.0,-0.0,-0.0,-0.0,0.0050802963813332755,-0.0,-0.0,-0.5403828379174241,2.0519039450463654,-0.06330525394068942,-0.046706526973599775,0.11606950025108796,-0.0,-0.0,-0.0,0.0,0.0,-0.0,-0.13830170190835095,0.0,-0.0,-0.0,-0.0,-0.0,0.0,-0.13793865541442524,-0.0,-0.0,-0.006881162448327456,-0.0,-0.0,-0.0,0.0,0.0,-0.0,0.0,-0.0,-0.0,-0.0,-0.0,-0.27920829022980814,-0.0,-0.0,-0.0,-0.0,-0.05257723464841749,-0.0,-0.0,0.0,-0.0,-0.0,-0.0,0.179198703580704,0.04653289266959818,-0.07478307945745864,0.0,-0.0447443232708235,-0.06451783939494084,0.0,-0.10110833562650366,-0.0,-0.0,-0.08661092747574006,0.0,0.11417097069087156,0.0,0.0,0.0,0.0,0.0,0.07218897164208848,-0.0,-0.0,0.0
-0.0,-0.30060026360379066,-0.0,0.0,0.0,0.0,-0.0,-0.0,-0.29746485326340805,-0.0,0.0,-0.0664507566144827,-0.0,0.0,0.0,-0.0,0.0,-0.0,0.0,0.0,0.0,-0.0,-0.0,-0.0,-0.0,0.0,0.1469760904231359,0.012305416650066658,0.0,0.0,0.0,-0.0,-0.007137073564161604,-0.01590832112806072,-0.06330525394068942,2.1658588447639304,-0.2621480178167566,-0.0,-0.0,-0.3246718300858013,-0.0,-0.0,-0.0,0.0,-0.0,-0.0,-0.06403038826501288,-0.0,-0.02617087750409689,-0.5295651575121006,-0.0,-0.3500459744991269,-0.07012200525587246,-0.0,0.0,0.0,0.0,-0.0,-0.0,-0.0003538150390308494,-0.0,-0.0,-0.0,0.0,-0.0,0.0,-0.0,0.028608645948965353,0.0,0.0,0.0,0.0,0.025358167031686717,-0.0,0.0,0.15812138077535606,0.0,0.0,-0.0,-0.0,0.0,0.0,0.05675858867018009,0.058151211280119595,0.0,-0.0,-0.0,0.0,-0.23957932384426592,-0.14651530722020056,-0.06544551098865364,-0.0,-0.06096377785472944,0.0,-0.13859758580107223,0.0,-0.0,0.0,-0.0,-0.0
0.0,-0.0,0.0,0.0,0.0,0.0,0.0,0.0,-0.15697200395978325,-0.0,0.0,-0.006822104768510704,-0.0,-0.0,-0.06792610802596978,0.0,0.0,0.0,0.0,0.0,-0.0,-0.0,0.0,0.0,0.0,0.12905001046178616,0.0,-0.0,-0.3101033702171622,0.0,0.0,0.0,-0.12851101860847397,-0.015527319517472575,-0.046706526973599775,-0.2621480178167566,2.8242009917681927,-0.0,-0.0,0.07997975251772153,-0.0,0.0,-0.0,-0.0,-0.0,-0.062269095720881566,-0.654267592894077,-0.0,-0.2887819301049125,-0.22400800217876424,0.029754705640913103,-0.0,0.0,0.0,0.0,0.06044583327012093,0.0,-0.0,-0.0,0.022152484081921543,0.21460371980616533,-0.0,-0.031376733074301194,-0.0,0.0,-0.0,0.08708559680050902,0.0,0.0,0.004903174437940273,0.0,0.161303610184268,0.0,0.0,0.17545214955121483,0.015697512352199627,-0.0,0.0,-0.0,0.0,-0.0,-0.16803666424945318,-0.1693570175705488,0.0,0.0,-0.0,-1.0968489439293116,-0.0,0.0,0.0,-0.0,0.0024857774791356537,-0.0,-0.0,-0.0,-0.14792774048472335,-0.11840437822123986,-0.0,0.0,-0.0
-0.3526341525105608,0.0,0.1122063691508021,0.03010025620579738,0.0,0.0,0.0,0.11460158312464072,0.0,-0.0,-0.12328211174699244,0.0,0.0,-0.16618349215764003,-0.0,-0.0,0.0,-0.0,-0.0,0.051166439760648746,-0.0,-0.0,0.0,-0.0353705832130037,0.0,0.11117589325785636,0.0,0.0,0.0,-0.0,-0.0,-0.0,-0.0530699940332477,0.0,0.11606950025108796,-0.0,-0.0,2.064638226278606,-0.35403315476903824,-0.4216799588432232,-0.0,-0.0,-0.11729695091632678,-0.0,0.05170285521679752,-0.0,-0.0,0.0,0.0,-0.0,-0.0,0.0,0.08624398070682769,-0.0,0.0,0.0,0.0,0.0,-0.0,-0.013302003363240547,-0.0,-0.0,0.04677115479741904,-0.0,0.0,-0.0,-0.0,0.0,-0.0,0.0,0.0,-0.0,0.0,0.0,-0.0,-0.0878173552956175,-0.0,0.0,0.0,-0.3143069074497053,0.0,0.0,-0.0503554820338527,-0.0,0.0,0.0,-0.0,0.0,0.0,0.0,-0.0,-0.0775104847913141,-0.2223918483162656,-0.0,-0.0,-0.0,-0.12503492317016604,0.0,-0.0,-0.17473824038870772
0.287305283569025,0.0,-0.0,0.0,-0.0,-0.0,0.0,0.0,-0.0,0.0,-0.0,0.0,-0.0,-0.06612603428907723,-0.0,-0.0,0.0,0.0,-0.0,0.0,-0.0,-0.3006929823532471,0.0,-0.0,0.0,-0.0,-0.08003307195008036,0.0,-0.059739457938697366,0.0,0.04090244830779559,-0.0,-0.0,-0.13679172355887428,-0.0,-0.0,-0.0,-0.35403315476903824,2.6062729526423127,-0.9303889548324491,-0.017470337664302282,-0.0,-0.10294063571384916,0.0,-0.0,0.0,-0.0,0.2179228144224988,0.0,-0.0,0.0,-0.0,0.01092496142082962,0.0,-0.009564982218056073,0.0,0.0,-0.0,0.06768322235168321,0.0,-0.052520877655054254,-0.0,0.028197333887333736,0.06552129785359634,-0.0,-0.0,0.26691937711211944,0.046618005229551035,0.0,0.09252345541482568,-0.0,0.0,0.0,0.0,-0.0,0.0,-0.0,0.0,0.0,-0.0,-0.09987146266548629,-0.0,-0.002834666955091645,-0.0,-0.0,0.07220029748384375,-0.006293175244966772,0.0,0.0,0.0,-0.0,-0.0,-0.9379241790439043,-0.0,-0.0,-0.0,-0.0,0.0,0.2937968539878544,0.0
-0.0,-0.0,-0.0,-0.0,0.0,-0.0,-0.1732217325365013,-0.0,-0.0,0.0,-0.0,0.0,0.0,0.0,0.0,-0.5602463578437427,0.0,0.0,0.0,-0.12543617585491823,-0.0,-0.1755722909770446,-0.0,-0.31958001249003487,-0.0,-0.0,-0.0,0.1345570156193918,-0.0,0.0,0.0406646630982474,-0.019433515006655366,0.0,0.0,-0.0,-0.3246718300858013,0.07997975251772153,-0.4216799588432232,-0.9303889548324491,2.836488576505894,-0.0,-0.14828212582816677,-0.0,0.0,-0.0,0.0,-0.0,0.0,0.0,-0.0,-0.0,-0.004986227136005033,0.0,0.0,-0.0,-0.0,0.0,0.0,0.13286577722872997,-0.12006000898183694,-0.15759692329449995,0.0,0.0,0.0,-0.0,0.0,-0.0,0.0,0.0,0.0,-0.0,-0.0,0.0,-0.01740319228098274,-0.0,0.0,-0.0,-0.0,0.0,0.0,-0.0072501983758500605,0.03703605129290106,0.0,-0.0,-0.0,0.0,-0.0,-0.0,-0.0,-0.5665493341338541,0.0,-0.3309594996583089,-0.1189824857373886,-0.0,-0.049091982764947285,0.0,-0.10362430629169536,0.0,-0.0,-0.0
0.0,0.0,0.0,0.0,0.0,0.11998582260567428,-0.23399836977878327,-0.0,-0.0,-0.0,-0.22061402723940643,-0.0,-0.0,-0.0,-0.23089335786686513,0.0,0.0,-0.0,-0.0,0.0,-0.0,-0.0,-0.0,0.021810124255814897,0.0,0.1218993088850196,0.0,0.0,0.0,-0.0,0.0,0.0,-0.24793657858957835,-0.1927017430158108,-0.0,-0.0,-0.0,-0.0,-0.017470337664302282,-0.0,2.8635531118437494,0.0,-0.0,-0.0,-0.004993883074256195,-0.30001663007536494,-0.5586257151036138,-0.2641792433751136,0.0,-0.34516797767367574,0.0,-0.0,-0.0,-0.0,-0.0,0.0,-0.14683370886941527,-0.1382014543595242,-0.0,0.0,-0.0,-0.031125364452737447,-0.0,-0.0,-0.12016796286473765,-0.3418247678215287,-0.0,0.0,0.0,0.0,-0.0,0.0,0.0,0.0,0.0,0.06600920534470449,0.0,0.0,0.0,0.0,0.0,-0.1877532038126168,-0.0,-0.055087131960294335,0.0,-0.0,-0.0,0.0,0.028322947386521927,-0.0,-0.2832248805105958,-0.0,-0.3051470333950522,0.0,-0.1720828690231885,-0.0,-0.0,0.08868101372193243,0.0,0.0
0.0032266686912774184,0.0,-0.24815390374208937,0.0,-0.0,-0.11718794848591152,-0.0,0.0,-0.0,0.1738549997299481,-0.0,0.0,0.0,0.0176950366531008,0.0,-0.0,0.08134908441357343,0.0,0.0,-0.0,-0.0,-0.0,0.0,-0.0,0.0,-0.13109192241883855,0.0,0.0,-0.0,0.013142516046081147,-0.12145164651019166,-0.03141210441625875,0.0,0.1968030914000996,0.0,-0.0,0.0,-0.0,-0.0,-0.14828212582816677,0.0,2.9381258440607634,-0.0,-0.0,0.0,0.08470401926827936,0.038457393806434,0.0,-0.0,-0.08512395575840355,0.0,-0.0,0.0,-0.0,0.0,-0.0,-0.0,0.22252631026833855,0.0,-0.010355456693573947,-0.0,-0.0,0.0,0.0,0.0,0.13241405023457453,0.0,0.0,-0.0,-0.0,0.0,-0.0,0.0,0.0,-0.0,-0.020260856618518168,-0.0,0.0,-0.05873117327825676,-0.0,-0.0,0.0,0.06446484498512016,-0.0,-0.0,0.2715851313432652,-0.0,-0.0,-0.0,-0.0,0.0,-0.0,0.0,-1.863169970462288,-0.21774729659926487,-0.0,0.031937763432851304,0.22912265829713796,0.0,-0.0
0.0,-0.0,0.009726919619380162,0.0,-0.0,0.0,0.10874866054782484,-0.0,-0.0,0.18778062915339364,0.0,0.0,0.0,-0.0,-0.0,0.0,0.0,-0.0,-0.0,0.0,-0.0,-0.18288725958276528,-0.0,0.0,-0.0,-0.27696918621372973,-0.0,-0.0,-0.0,-0.0,-0.4851050156216136,-0.0,-0.0,-0.0,0.0,-0.0,-0.0,-0.11729695091632678,-0.10294063571384916,-0.0,-0.0,-0.0,2.4183852914478576,-0.0,-0.0,-0.2537901621119248,-0.648770253539297,0.0,0.0,0.0,-0.0,0.0,0.21735628697358753,0.0012397545132327972,0.0,0.034946968634890295,-0.0,-0.0,0.0,0.0,0.0,-0.0,0.0,-0.0,0.1673261150231498,-0.0,0.0,-0.0,-0.029694783452847155,-0.0,0.0,-0.0,-0.061362498677477555,0.0,0.066341050308583,0.0,-0.0,-0.0,-0.3763920008632057,-0.010483141811216096,-0.0,-0.0,-0.0,0.0,-0.0,-0.0,-0.0,-0.0,0.0,0.0,-0.3120642026183548,-0.11649017186725948,-0.03072788272154437,-0.0,-0.1628889682143483,-0.0,-0.0,0.0,0.0,-0.0
