0,1,2,3,4,5,6,7,8,9,10,11,12,13,14,15,16,17,18,19,20,21,22,23,24,25,26,27,28,29,30,31,32,33,34,35,36,37,38,39,40,41,42,43,44,45,46,47,48,49,50,51,52,53,54,55,56,57,58,59,60,61,62,63,64,65,66,67,68,69,70,71,72,73,74,75,76,77,78,79,80,81,82,83,84,85,86,87,88,89,90,91,92,93,94,95,96,97,98,99
2.1515962900,-0.0000000000,-0.0000000000,0.0000000000,0.0000000000,-0.3545138503,0.1040307410,0.3226960786,0.0333059922,-0.0000000000,-0.0000000000,0.0000000000,0.2277672789,0.0000000000,0.0000000000,0.0000000000,0.0000000000,0.0000000000,0.0735409789,-0.0000000000,0.0000000000,-0.0000000000,-0.0000000000,0.0000000000,-0.3208461960,-0.0000000000,0.0000000000,0.0057182218,0.0661325393,0.0144053617,-0.0000000000,-0.0000000000,-0.1523133759,0.0000000000,-0.1427721324,0.0000000000,-0.0000000000,-0.2055069562,-0.0000000000,0.0755559217,-0.0000000000,-0.0000000000,-0.0000000000,0.0000000000,0.0000000000,0.0000000000,0.0000000000,-0.0251004979,-0.2898760492,0.0000000000,-0.6210013467,0.0000000000,0.0590306995,0.0000000000,-0.0000000000,-0.0000000000,0.0524436627,0.1181697966,-0.0000000000,0.0000000000,-0.0000000000,0.0000000000,0.1221439687,0.0000000000,0.0000000000,0.0000000000,0.0159173123,0.0000000000,-0.0000000000,0.0000000000,0.0000000000,0.0000000000,-0.0000000000,0.1141949736,0.0000000000,-0.0000000000,0.0000000000,0.0000000000,0.0000000000,0.0000000000,-0.0000000000,0.0000000000,0.0000000000,-0.0000000000,0.0000000000,-0.0000000000,-0.0386818350,0.0000000000,0.0000000000,0.1684480945,-0.0000000000,0.0000000000,-0.0000000000,0.0000000000,0.1554632120,0.0000000000,0.0304089146,-0.0000000000,-0.0000000000,0.0451442747
-0.0000000000,3.7952117033,-0.9450940343,-0.0000000000,-0.2726393081,-0.0000000000,-0.0000000000,-0.0000000000,-0.0000000000,-0.0000000000,-0.0000000000,-0.0000000000,-0.0000000000,0.0000000000,0.0000000000,-0.3023822743,-0.0000000000,-0.0000000000,-0.0000000000,-0.1511312248,-0.0000000000,0.0000000000,0.0000000000,-0.0000000000,0.0000000000,0.0000000000,-0.3048540414,0.1029286538,0.1237264070,-0.0000000000,0.0000000000,0.0000000000,0.3081795402,0.0000000000,0.0000000000,-0.0453637892,0.0368965714,-0.0000000000,-0.0057166935,-0.0000000000,0.0000000000,0.0068086287,-0.0000000000,0.0000000000,-0.0000000000,0.0000000000,-0.0000000000,0.0000000000,0.0000000000,-0.0000000000,-0.0456289650,-0.2030190087,-0.4005521388,-0.0000000000,-1.0817063189,-0.0000000000,0.0000000000,-0.0000000000,0.0000000000,-0.0000000000,-0.0000000000,-0.0000000000,-0.0000000000,0.0000000000,0.0000000000,0.0226971741,-0.0000000000,0.0802119789,0.0000000000,0.0000000000,0.0000000000,0.0000000000,-0.0000000000,-0.0000000000,-0.0000000000,0.0000000000,0.1492553030,-0.0000000000,0.1615659413,0.0000000000,0.0000000000,0.0000000000,0.0000000000,0.0000000000,-0.0000000000,-0.0000000000,0.0000000000,0.0537796031,-0.2132595549,-0.0000000000,0.0000000000,-0.2507413663,-0.0000000000,0.0000000000,0.0000000000,0.0000000000,0.0000000000,-0.0000000000,-0.0000000000,-0.0000000000
-0.0000000000,-0.9450940343,3.2241434092,-0.0000000000,-0.1399697734,-0.3389132826,-0.0000000000,-0.0000000000,-0.4480911419,0.0000000000,0.0000000000,0.0000000000,-0.0000000000,0.0000000000,-0.0000000000,-0.0756951849,0.0000000000,-0.0000000000,0.0000000000,-0.0000000000,-0.0000000000,0.0819490705,0.0000000000,0.0000000000,0.0000000000,-0.0000000000,-0.0000000000,0.2651130164,0.0000000000,-0.0000000000,0.0000000000,0.0491575259,0.0000000000,0.0000000000,0.1599515914,-0.0000000000,0.0000000000,0.0000000000,-0.0000000000,0.0000000000,0.1173689912,0.0000000000,0.0000000000,0.0000000000,0.0000000000,0.0000000000,0.0000000000,0.0098395889,-0.0000000000,0.0000000000,-0.0000000000,-0.0000000000,-0.2663627317,-0.0000000000,-0.0259724195,-0.6390764028,-0.0000000000,-0.2479702086,0.0000000000,0.0000000000,0.0000000000,0.0000000000,-0.0262793019,-0.0000000000,-0.0000000000,0.0000000000,-0.0000000000,0.0000000000,0.1491725780,-0.0000000000,-0.0000000000,0.0000000000,-0.0000000000,0.0000000000,0.0000000000,0.0000000000,0.0000000000,-0.0000000000,0.0000000000,0.0000000000,0.0000000000,0.0000000000,0.0000000000,0.0533884216,-0.0376965921,0.0000000000,0.1682819059,0.0000000000,-0.0000000000,0.0428263820,0.0000000000,-0.0000000000,0.0000000000,0.0000000000,0.0000000000,0.0000000000,0.0000000000,0.0000000000,0.0000000000,0.0000000000
0.0000000000,-0.0000000000,-0.0000000000,2.3347246939,-0.6529505325,-0.0000000000,-0.0000000000,-0.0000000000,-0.0000000000,-0.0000000000,0.1298638883,0.0000000000,0.0000000000,0.0000000000,0.0000000000,-0.3491506698,0.0822484705,-0.0000000000,0.0000000000,-0.0202458260,-0.0361615364,0.1867734193,0.0000000000,0.0588099419,0.0000000000,0.0000000000,-0.0000000000,0.0303105243,-0.0000000000,0.0000000000,0.0000000000,-0.0494860581,-0.0829932529,0.0000000000,-0.0000000000,-0.0000000000,-0.0000000000,0.0000000000,0.0000000000,0.0000000000,-0.0000000000,-0.0000000000,0.0726470991,0.1975704239,-0.0000000000,0.0000000000,-0.0000000000,-0.0137651495,-0.0000000000,-0.0000000000,-0.0000000000,-0.0000000000,-0.0000000000,-0.7153582035,-0.0000000000,-0.0000000000,0.0000000000,-0.0000000000,0.0000000000,0.0000000000,0.0000000000,-0.0000000000,-0.0000000000,-0.0171928091,0.0000000000,0.0000000000,0.0000000000,-0.0000000000,-0.0000000000,-0.0665528891,-0.0846680121,-0.0000000000,-0.0000000000,0.0000000000,0.0000000000,0.0000000000,0.2221548382,-0.0000000000,0.0000000000,-0.3817644619,-0.0000000000,-0.0000000000,0.0714190668,0.0000000000,-0.0000000000,-0.0000000000,0.0000000000,-0.0000000000,-0.0000000000,0.0000000000,-0.0000000000,0.0000000000,0.0000000000,0.0000000000,0.0050300759,0.0000000000,0.0000000000,-0.0000000000,-0.0000000000,0.0000000000
0.0000000000,-0.2726393081,-0.1399697734,-0.6529505325,3.0605986122,-0.0000000000,-0.0000000000,-0.1969946869,-0.3945370007,0.0000000000,0.0000000000,0.0000000000,-0.0000000000,0.0000000000,0.0457346082,-0.0000000000,-0.0000000000,-0.0000000000,-0.0000000000,-0.0282743332,-0.0000000000,0.0312397063,0.0000000000,-0.0000000000,0.0622557005,0.1707064625,-0.0000000000,0.0000000000,0.0000000000,-0.0000000000,0.2018391942,0.0000000000,-0.0000000000,-0.0000000000,-0.0000000000,-0.0000000000,-0.0000000000,-0.0000000000,0.0000000000,0.1476841644,-0.0000000000,0.1215118711,-0.0000000000,0.0000000000,-0.0000000000,0.0000000000,-0.0000000000,-0.0000000000,-0.0000000000,-0.0000000000,-0.0000000000,-0.0000000000,-0.0000000000,-0.4636883244,-0.8466827684,0.0000000000,0.0000000000,-0.0000000000,0.0000000000,-0.0000000000,0.0000000000,-0.0000000000,-0.0000000000,0.0000000000,0.0000000000,0.0000000000,0.0000000000,0.0000000000,0.0000000000,-0.0000000000,-0.0000000000,-0.0000000000,-0.0000000000,0.0000000000,-0.0000000000,0.0000000000,0.1351281665,-0.0000000000,0.0000000000,0.0000000000,0.0000000000,-0.0000000000,0.0000000000,0.0000000000,-0.0000000000,-0.0000000000,0.0000000000,-0.0000000000,-0.0000000000,0.0000000000,-0.0000000000,0.0000000000,0.0000000000,0.0000000000,-0.0000000000,0.0000000000,-0.0000000000,-0.0000000000,0.0000000000,0.0000000000
-0.3545138503,-0.0000000000,-0.3389132826,-0.0000000000,-0.0000000000,3.3609296568,-0.0000000000,-0.0000000000,-0.0000000000,0.0000000000,0.1415763677,0.0000000000,-0.0000000000,0.0000000000,0.0009781361,-0.0000000000,-0.0000000000,-0.0084395423,-0.0561796742,-0.0360140608,-0.0000000000,-0.0000000000,-0.0000000000,0.0000000000,-0.0000000000,0.0000000000,-0.0000000000,0.0000000000,0.0000000000,0.0000000000,-0.0000000000,0.0000000000,-0.0000000000,-0.0000000000,0.0000000000,-0.0000000000,0.0000000000,-0.0000000000,-0.0000000000,0.0000000000,-0.0000000000,0.0000000000,0.0000000000,0.0000000000,-0.0000000000,0.0000000000,0.0000000000,-0.0000000000,-0.0903631234,0.0000000000,-0.2100399032,-0.0000000000,-0.0000000000,-0.0000000000,-0.9283224064,-1.1153519629,-0.0000000000,-0.0000000000,0.0030421691,0.3445088779,0.0000000000,0.0000000000,0.0000000000,0.3527859209,0.0000000000,0.0021171666,-0.0000000000,0.0000000000,0.0000000000,-0.0000000000,0.0000000000,0.0000000000,-0.0529702478,0.0000000000,0.0000000000,0.0000000000,-0.0000000000,0.0000000000,0.0000000000,0.0000000000,0.0000000000,0.0000000000,0.0000000000,0.0000000000,-0.0557581512,-0.0000000000,0.0000000000,0.0000000000,-0.0000000000,0.0531000490,-0.0000000000,-0.0000000000,-0.0000000000,0.0000000000,0.0532288634,0.0000000000,-0.0000000000,-0.1587009572,-0.1848638387,0.0000000000
0.1040307410,-0.0000000000,-0.0000000000,-0.0000000000,-0.0000000000,-0.0000000000,4.1832673349,-0.5242978037,-0.0000000000,-0.0720038671,0.0000000000,-0.0000000000,-0.0440109395,-0.0000000000,0.0000000000,-0.6504777154,-0.0000000000,-1.0121190363,-0.0000000000,-0.0000000000,0.0000000000,0.0000000000,-0.0000000000,-0.0000000000,-0.0407248653,0.0000000000,-0.0000000000,0.0000000000,-0.0000000000,0.0000000000,-0.0000000000,-0.0000000000,-0.0000000000,-0.1105762236,0.0000000000,-0.0000000000,0.0000000000,0.0000000000,0.0000000000,-0.0000000000,0.0000000000,-0.0000000000,-0.0000000000,0.0000000000,-0.0000000000,0.0000000000,0.0000000000,-0.0000000000,0.0000000000,0.0000000000,-0.0000000000,-0.6520925296,-0.1887360616,-0.0000000000,-0.0581689459,-0.1667882094,-0.7711679872,-0.3074074440,-0.0641144215,0.0000000000,0.0000000000,-0.0000000000,-0.0000000000,0.0000000000,0.0000000000,0.0000000000,-0.0529223838,-0.0000000000,-0.0000000000,-0.1783881041,-0.1261082626,-0.0081553148,-0.0000000000,-0.0000000000,-0.0000000000,0.0000000000,-0.0000000000,0.0000000000,-0.1940357840,-0.0000000000,0.0000000000,0.0000000000,-0.0000000000,0.0000000000,0.0000000000,-0.0000000000,0.0000000000,0.0000000000,-0.0660603811,0.0000000000,0.0000000000,-0.0000000000,0.0000000000,-0.0000000000,-0.0000000000,-0.0000000000,0.0000000000,0.0000000000,0.0000000000,0.0000000000
0.3226960786,-0.0000000000,-0.0000000000,-0.0000000000,-0.1969946869,-0.0000000000,-0.5242978037,3.7235292728,-0.3477006958,-0.0000000000,-0.0000000000,-0.0000000000,-0.0000000000,-0.0000000000,-0.0000000000,-0.0000000000,-0.0000000000,-0.3295270968,-0.0000000000,0.0000000000,-0.0000000000,0.0000000000,-0.0000000000,0.0000000000,-0.0000000000,0.0000000000,-0.0000000000,0.0000000000,0.0000000000,-0.0000000000,-0.0000000000,0.0000000000,0.1822479695,-0.0000000000,0.0000000000,0.0000000000,0.0000000000,0.0357578446,0.3373828055,0.0000000000,0.0000000000,0.0000000000,0.0000000000,0.0000000000,-0.0000000000,0.0000000000,-0.0000000000,0.0000000000,0.0000000000,0.0000000000,0.0000000000,-0.2586272683,-0.0000000000,-0.0683522675,-0.1131932804,0.0000000000,-0.8374875133,-0.8648551915,0.0000000000,0.0000000000,0.1146537896,0.0000000000,-0.0000000000,-0.0000000000,-0.0000000000,-0.0000000000,-0.0000000000,-0.0000000000,0.0000000000,-0.0000000000,-0.0000000000,-0.0000000000,0.0000000000,0.0000000000,-0.0000000000,0.0000000000,0.0023212725,-0.0000000000,-0.0000000000,0.0000000000,0.0000000000,-0.0000000000,-0.0000000000,0.0000000000,0.0000000000,-0.0000000000,0.1458697155,-0.0000000000,0.0000000000,0.0000000000,0.0000000000,0.0000000000,0.0000000000,-0.0000000000,-0.0000000000,0.0000000000,0.0000000000,0.0000000000,0.3140619406,0.0000000000
0.0333059922,-0.0000000000,-0.4480911419,-0.0000000000,-0.3945370007,-0.0000000000,-0.0000000000,-0.3477006958,3.4880690921,-0.0000000000,-0.0000000000,-0.0000000000,-0.0702781518,-0.0000000000,-0.0000000000,-0.0000000000,-0.0000000000,-0.0376013312,-0.0000000000,-0.0000000000,-0.3895538892,0.0000000000,-0.0000000000,-0.0000000000,0.0000000000,0.0000000000,-0.2947663079,0.0000000000,-0.0000000000,-0.0310108554,0.0000000000,0.1955785316,0.0000000000,-0.0000000000,0.0000000000,-0.4111389351,0.0000000000,-0.0000000000,-0.0000000000,-0.0000000000,-0.0000000000,0.0000000000,-0.0000000000,0.0000000000,-0.0158975218,0.0000000000,-0.0000000000,0.0000000000,0.0000000000,-0.0123664672,0.0000000000,-0.0000000000,-0.0000000000,-0.1139212722,-0.3372525709,-0.0000000000,-0.0000000000,-1.2344393506,0.0000000000,0.0000000000,0.0000000000,0.0000000000,-0.0746934096,-0.0000000000,-0.0000000000,-0.0000000000,-0.0000000000,-0.0000000000,0.0000000000,-0.2846162721,-0.0000000000,-0.0000000000,-0.0000000000,-0.0000000000,-0.0000000000,-0.0000000000,0.0000000000,-0.0000000000,0.0000000000,0.0000000000,-0.0000000000,-0.0000000000,0.0000000000,0.0000000000,-0.0326247407,-0.0000000000,0.0000000000,0.0000000000,-0.0000000000,-0.0000000000,0.0000000000,0.0000000000,0.0000000000,0.0000000000,-0.0054216089,0.0000000000,-0.0000000000,-0.0000000000,0.0000000000,-0.0000000000
-0.0000000000,-0.0000000000,0.0000000000,-0.0000000000,0.0000000000,0.0000000000,-0.0720038671,-0.0000000000,-0.0000000000,2.5358638305,-0.4124951774,-0.3457745284,-0.1075375842,0.0000000000,-0.0000000000,-0.0042305924,0.0000000000,0.0000000000,0.0235337232,0.0000000000,-0.0000000000,0.0763268454,0.0000000000,-0.0000000000,-0.2147410213,-0.0000000000,-0.0000000000,-0.0000000000,-0.0000000000,-0.0000000000,-0.0000000000,-0.0000000000,-0.0000000000,0.0000000000,-0.0000000000,0.0000000000,-0.0000000000,-0.0000000000,-0.0000000000,-0.0249164755,-0.0000000000,-0.0000000000,-0.0000000000,-0.0000000000,-0.0389287432,-0.0000000000,0.0000000000,0.0000000000,-0.0000000000,-0.0000000000,-0.0804700392,-0.0000000000,-0.0000000000,-0.0515142821,-0.0000000000,0.0000000000,-0.0000000000,-0.0000000000,-0.9817626540,-0.0351310308,-0.0000000000,-0.0654499482,-0.0000000000,-0.0000000000,-0.0000000000,-0.0000000000,-0.0200497352,0.0000000000,-0.0830451375,-0.0000000000,-0.2609756615,-0.2340390339,0.0000000000,-0.0000000000,-0.0000000000,-0.0000000000,0.0000000000,0.0000000000,-0.0000000000,-0.2801424867,-0.1218378409,-0.0000000000,0.0000000000,-0.0000000000,-0.0000000000,-0.0000000000,-0.0000000000,-0.0000000000,-0.0000000000,0.0000000000,-0.0000000000,-0.0000000000,-0.0000000000,0.0000000000,-0.0000000000,-0.0000000000,0.0000000000,-0.0000000000,-0.0000000000,0.0000000000
-0.0000000000,-0.0000000000,0.0000000000,0.1298638883,0.0000000000,0.1415763677,0.0000000000,-0.0000000000,-0.0000000000,-0.4124951774,1.9302360569,-0.2967360513,-0.0000000000,0.0000000000,-0.0000000000,0.0000000000,0.0000000000,0.0000000000,0.1714330592,0.0000000000,-0.0000000000,0.0000000000,0.1175015002,-0.0000000000,-0.0000000000,-0.4463640430,0.0000000000,-0.0000000000,0.0400835704,0.0000000000,0.0000000000,0.0000000000,0.0306706579,0.0000000000,-0.0000000000,-0.2441367313,-0.1382374920,0.0000000000,-0.0000000000,-0.0000000000,-0.2326945986,0.0000000000,-0.0000000000,-0.0000000000,-0.0000000000,0.0000000000,0.0000000000,0.0000000000,-0.0000000000,-0.0000000000,0.0019061343,0.0000000000,0.0000000000,0.0000000000,0.0000000000,-0.0000000000,0.0320984172,0.0000000000,-0.1288136280,-0.0511357665,-0.0368283703,-0.0000000000,0.0000000000,-0.0000000000,-0.0000000000,-0.0000000000,0.0185288722,0.0000000000,-0.1536407815,-0.0000000000,-0.0000000000,0.0000000000,-0.0000000000,0.0000000000,-0.0000000000,-0.2204424000,0.0000000000,-0.0000000000,0.0000000000,0.0935677681,-0.0412603942,-0.0616545790,-0.0000000000,0.2182471137,0.0000000000,-0.0000000000,-0.0000000000,-0.0000000000,-0.0000000000,-0.0000000000,0.0000000000,-0.0000000000,-0.0000000000,0.0000000000,-0.0000000000,-0.0000000000,0.0000000000,-0.0000000000,-0.0000000000,0.0000000000
0.0000000000,-0.0000000000,0.0000000000,0.0000000000,0.0000000000,0.0000000000,-0.0000000000,-0.0000000000,-0.0000000000,-0.3457745284,-0.2967360513,2.9170570335,-0.2751974600,-0.0000000000,0.0000000000,0.0000000000,-0.2812172619,-0.0000000000,-0.0681227583,0.0000000000,-0.1609860038,0.0000000000,0.0000000000,-0.0000000000,0.0000000000,-0.3749166663,0.0000000000,-0.0000000000,0.0000000000,-0.0000000000,0.0411644051,-0.0000000000,0.0000000000,-0.0000000000,0.0000000000,0.0000000000,0.0000000000,-0.0000000000,-0.0000000000,-0.0153924041,-0.0000000000,-0.0000000000,0.0835008188,0.0000000000,0.0000000000,0.0000000000,-0.0000000000,0.0024290835,0.0000000000,-0.0000000000,0.0856958126,0.0000000000,0.0000000000,-0.0000000000,0.0000000000,-0.0000000000,-0.0000000000,0.0000000000,-0.0000000000,-0.0000000000,-0.5741432448,-0.0000000000,-0.0000000000,-0.0000000000,-0.0000000000,-0.0000000000,-0.0000000000,-0.0000000000,-0.2161069036,-0.0000000000,0.0000000000,-0.0000000000,-0.0000000000,-0.3055254640,-0.0000000000,-0.0000000000,0.1409276718,-0.0000000000,0.0000000000,-0.0000000000,-0.0000000000,-0.0000000000,-0.0000000000,0.0000000000,0.0000000000,-0.0109735179,0.0000000000,-0.0000000000,-0.0000000000,-0.0000000000,-0.0000000000,-0.2652586513,-0.5735537460,0.0000000000,0.0000000000,0.0000000000,-0.0000000000,-0.0000000000,0.0000000000,-0.0000000000
0.2277672789,-0.0000000000,-0.0000000000,0.0000000000,-0.0000000000,-0.0000000000,-0.0440109395,-0.0000000000,-0.0702781518,-0.1075375842,-0.0000000000,-0.2751974600,3.3193515419,0.0000000000,-0.0000000000,0.0000000000,-0.0000000000,-0.0000000000,-0.0459600983,0.0000000000,-0.0000000000,0.0000000000,-0.0000000000,-0.0000000000,0.0000000000,0.0000000000,-0.0000000000,-0.0000000000,-0.0000000000,-0.0000000000,-0.0000000000,-0.0000000000,0.0000000000,-0.0000000000,0.0000000000,-0.0000000000,-0.0558434907,-0.0000000000,-0.0000000000,0.0000000000,0.0000000000,0.0161423540,-0.0000000000,-0.1320638341,-0.0000000000,0.0000000000,0.3016145420,0.0000000000,-0.0000000000,-0.0000000000,0.0000000000,-0.0000000000,-0.0591809436,-0.0000000000,-0.0000000000,-0.0000000000,-0.0000000000,-0.0000000000,-0.0000000000,-0.0000000000,-0.3297821441,-1.3716984904,-0.8251585469,0.0586758532,0.0000000000,-0.0000000000,-0.0000000000,0.0000000000,-0.0000000000,-0.2264425083,0.0000000000,-0.0000000000,-0.0000000000,-0.0000000000,-0.0000000000,-0.0740386664,-0.0000000000,-0.0000000000,-0.0000000000,-0.0000000000,-0.0000000000,0.0000000000,-0.1260283642,0.0000000000,-0.0000000000,0.0000000000,-0.0000000000,-0.0000000000,-0.0000000000,0.0000000000,-0.0000000000,-0.2351596023,0.0000000000,0.0000000000,0.0000000000,-0.0318433344,0.0000000000,-0.0000000000,-0.0000000000,0.0000000000
0.0000000000,0.0000000000,0.0000000000,0.0000000000,0.0000000000,0.0000000000,-0.0000000000,-0.0000000000,-0.0000000000,0.0000000000,0.0000000000,-0.0000000000,0.0000000000,2.6003500032,-0.2563927951,0.0000000000,-0.4994558416,-0.0000000000,-0.8343238251,0.0479282611,-0.1535391341,-0.0000000000,-0.3232796628,0.0000000000,-0.0000000000,-0.0000000000,-0.1896163791,-0.0000000000,-0.0000000000,-0.2340056219,-0.0000000000,0.0000000000,-0.0000000000,0.0000000000,0.0000000000,0.0000000000,0.0000000000,-0.2663526358,-0.0000000000,0.0000000000,0.0000000000,-0.0000000000,-0.0000000000,0.0000000000,0.0000000000,-0.0000000000,-0.0043178536,-0.0000000000,-0.0000000000,0.0000000000,0.0000000000,-0.0000000000,-0.0000000000,-0.0000000000,-0.0000000000,0.0000000000,-0.0000000000,-0.0000000000,-0.0000000000,0.2454862043,0.0000000000,0.0911203245,0.0000000000,0.0000000000,-0.0000000000,-0.0000000000,-0.0000000000,-0.2536523869,0.0507031352,0.0000000000,-0.0000000000,0.0000000000,-0.0000000000,-0.0616378737,0.0000000000,0.0000000000,-0.0000000000,-0.0000000000,-0.0000000000,0.0000000000,0.1901291264,0.0000000000,-0.0000000000,0.0393508559,0.0000000000,0.0000000000,0.0000000000,-0.0000000000,0.0000000000,-0.0000000000,-0.0000000000,-0.0000000000,-0.2144635898,-0.0000000000,-0.0000000000,0.0000000000,-0.0000000000,0.0000000000,0.0000000000,-0.0000000000
0.0000000000,0.0000000000,-0.0000000000,0.0000000000,0.0457346082,0.0009781361,0.0000000000,-0.0000000000,-0.0000000000,-0.0000000000,-0.0000000000,0.0000000000,-0.0000000000,-0.2563927951,3.0903971280,0.0000000000,0.0000000000,0.0000000000,-0.0000000000,0.0000000000,-0.0000000000,0.0060017245,-0.0000000000,0.0000000000,0.0000000000,-0.0000000000,-0.0622996500,-0.0000000000,-0.3239742901,-0.1815549390,-0.0000000000,0.0213776491,0.0000000000,0.1552974839,0.0655256355,-0.0000000000,-0.0000000000,0.0000000000,0.0000000000,0.0000000000,0.0000000000,0.0000000000,-0.0000000000,-0.1643190889,-0.0000000000,-0.0308263914,0.0088505872,0.0000000000,-0.0000000000,-0.0000000000,0.0000000000,-0.0000000000,0.0000000000,0.2074472693,0.0000000000,-0.0000000000,0.0000000000,-0.0000000000,-0.0000000000,0.0000000000,-0.0000000000,0.0000000000,-0.0000000000,-0.0000000000,-0.4996799848,-1.2392618640,0.0000000000,-0.0000000000,0.0079547845,0.0000000000,-0.5272490752,0.0232271797,-0.0000000000,-0.0000000000,0.0000000000,0.0000000000,-0.1571145311,-0.0000000000,-0.1151173602,-0.0000000000,-0.0000000000,0.0000000000,0.0000000000,0.0000000000,-0.0000000000,0.0000000000,0.0000000000,0.0000000000,0.0000000000,-0.0000000000,0.0216644717,-0.0000000000,-0.0000000000,-0.0000000000,-0.0000000000,-0.0000000000,0.0000000000,0.1451757793,0.0000000000,-0.0000000000
0.0000000000,-0.3023822743,-0.0756951849,-0.3491506698,-0.0000000000,-0.0000000000,-0.6504777154,-0.0000000000,-0.0000000000,-0.0042305924,0.0000000000,0.0000000000,0.0000000000,0.0000000000,0.0000000000,3.2675966127,0.0977616464,-0.0000000000,0.1265922889,-0.0694675171,0.0000000000,0.0000000000,0.0054527146,-0.0000000000,0.0000000000,-0.0000000000,-0.0150543264,0.0000000000,0.0000000000,0.0000000000,0.0000000000,-0.0000000000,-0.0000000000,-0.0000000000,-0.0000000000,-0.0022546111,0.0000000000,-0.0000000000,-0.0000000000,-0.4143317434,0.0000000000,-0.0000000000,-0.0405138168,-0.0000000000,-0.0000000000,0.0000000000,-0.0000000000,0.0000000000,-0.0000000000,0.0000000000,-0.1094699915,-0.3650827214,-1.1078957861,-0.0000000000,-0.0000000000,-0.0000000000,0.0000000000,-0.0000000000,-0.2226656954,-0.0239069109,-0.0000000000,-0.0000000000,-0.0000000000,-0.0000000000,0.0000000000,0.0478874701,-0.0000000000,0.0000000000,0.0000000000,0.0000000000,-0.0000000000,-0.0000000000,0.0000000000,-0.0000000000,-0.0000000000,0.0000000000,0.0000000000,0.0000000000,-0.0000000000,-0.0150320632,0.0000000000,0.0000000000,0.0000000000,0.0000000000,-0.0000000000,-0.0000000000,0.0000000000,0.0000000000,-0.1279215416,0.0000000000,0.0000000000,-0.0215954110,0.0000000000,-0.0000000000,0.0000000000,-0.0000000000,0.0000000000,0.0000000000,-0.0000000000,0.0704668453
0.0000000000,-0.0000000000,0.0000000000,0.0822484705,-0.0000000000,-0.0000000000,-0.0000000000,-0.0000000000,-0.0000000000,0.0000000000,0.0000000000,-0.2812172619,-0.0000000000,-0.4994558416,0.0000000000,0.0977616464,2.8987059098,-0.0000000000,-1.1550424238,0.0000000000,-0.0000000000,-0.0740264253,-0.0000000000,-0.1517106382,-0.0000000000,-0.0000000000,0.0000000000,0.0000000000,0.0000000000,-0.0000000000,0.0000000000,0.0089598358,0.0000000000,-0.1536106286,0.0000000000,0.1520386596,0.0000000000,-0.0000000000,-0.0074143589,-0.0000000000,0.0000000000,0.0000000000,0.0000000000,0.0000000000,0.0000000000,-0.0000000000,-0.0000000000,0.0000000000,0.0000000000,0.0000000000,0.0000000000,0.0000000000,-0.0000000000,-0.0000000000,-0.0000000000,0.0000000000,-0.0000000000,-0.0000000000,-0.0000000000,0.1075221945,-0.0000000000,0.0000000000,0.1998710927,0.0000000000,0.0000000000,0.0000000000,-0.0000000000,-0.4675820466,-0.0000000000,-0.0000000000,0.0499495130,-0.1025298141,-0.0168762821,-0.0000000000,-0.2926510701,-0.0000000000,0.0000000000,0.0000000000,0.0000000000,0.3398909551,0.0000000000,0.0000000000,-0.1187351065,0.0000000000,0.0000000000,0.0000000000,0.0000000000,-0.0000000000,0.0000000000,-0.0000000000,-0.0000000000,0.0000000000,-0.0000000000,0.0000000000,0.0000000000,0.0497180329,-0.0000000000,0.0000000000,0.0531755088,-0.0000000000
0.0000000000,-0.0000000000,-0.0000000000,-0.0000000000,-0.0000000000,-0.0084395423,-1.0121190363,-0.3295270968,-0.0376013312,0.0000000000,0.0000000000,-0.0000000000,-0.0000000000,-0.0000000000,0.0000000000,-0.0000000000,-0.0000000000,4.1991829107,-0.0936306570,-0.4400996405,-0.0000000000,-0.0000000000,-0.2518281854,-0.0000000000,-0.0000000000,0.0000000000,0.0000000000,0.0000000000,-0.0000000000,0.0000000000,-0.0248105667,0.0000000000,-0.0000000000,-1.1981562807,-0.0000000000,0.0000000000,0.0793093926,0.0000000000,0.0000000000,-0.0000000000,-0.0000000000,0.0000000000,-0.0000000000,0.0000000000,-0.0560896911,0.0000000000,-0.0000000000,0.0000000000,0.0000000000,0.0000000000,0.0000000000,-0.0000000000,-0.0000000000,-0.0000000000,-0.0925373670,-0.0687112461,-0.0000000000,-0.4796223707,0.0000000000,0.0000000000,0.0000000000,-0.0000000000,0.0000000000,0.0301781091,0.0000000000,0.0000000000,-0.0000000000,-0.0000000000,-0.0000000000,-0.5577637000,-0.0000000000,-0.0000000000,-0.0000000000,0.0000000000,-0.2504026715,-0.0000000000,-0.0000000000,0.0000000000,-0.0000000000,0.0000000000,0.0000000000,0.0000000000,-0.0000000000,-0.0000000000,0.0000000000,-0.0000000000,0.0757296862,0.3137896516,-0.0000000000,0.0000000000,0.0000000000,0.0000000000,0.0000000000,-0.0000000000,0.0000000000,0.3720591646,0.0000000000,0.0000000000,0.0000000000,0.0000000000
0.0735409789,-0.0000000000,0.0000000000,0.0000000000,-0.0000000000,-0.0561796742,-0.0000000000,-0.0000000000,-0.0000000000,0.0235337232,0.1714330592,-0.0681227583,-0.0459600983,-0.8343238251,-0.0000000000,0.1265922889,-1.1550424238,-0.0936306570,3.0696287010,0.0000000000,-0.3737428916,-0.0000000000,-0.0023491756,0.0000000000,-0.0000000000,-0.0000000000,-0.0000000000,-0.0000000000,-0.0000000000,-0.0000000000,-0.0000000000,0.0000000000,0.0000000000,-0.0673565236,0.0000000000,0.0000000000,0.0000000000,-0.0000000000,-0.0000000000,0.0000000000,0.0000000000,0.0000000000,0.1094983695,0.0000000000,-0.0000000000,0.0000000000,0.0000000000,0.0000000000,-0.0000000000,0.0000000000,0.0000000000,0.0000000000,0.0000000000,-0.0000000000,-0.0000000000,-0.0000000000,-0.0000000000,-0.0000000000,-0.0000000000,0.1500808074,-0.0000000000,-0.0000000000,0.0000000000,0.0000000000,0.0000000000,-0.0000000000,0.0000000000,-0.4477822180,0.0000000000,-0.0000000000,0.0000000000,-0.0000000000,-0.1780737512,-0.0000000000,-0.0000000000,-0.0000000000,-0.0000000000,-0.0000000000,-0.0000000000,0.0000000000,0.0000000000,0.3935726523,-0.0000000000,0.1415121811,-0.0000000000,0.0000000000,0.0000000000,0.0000000000,0.0000000000,-0.0000000000,0.0000000000,-0.0000000000,-0.0000000000,-0.0000000000,0.0000000000,0.0000000000,0.0000000000,0.0000000000,0.0000000000,-0.0000000000
-0.0000000000,-0.1511312248,-0.0000000000,-0.0202458260,-0.0282743332,-0.0360140608,-0.0000000000,0.0000000000,-0.0000000000,0.0000000000,0.0000000000,0.0000000000,0.0000000000,0.0479282611,0.0000000000,-0.0694675171,0.0000000000,-0.4400996405,0.0000000000,3.3902041614,-0.0000000000,0.0000000000,0.0000000000,-0.0000000000,-0.0000000000,0.1620596640,-0.0000000000,0.0117271360,-0.1217707908,0.2179940977,0.0000000000,0.0000000000,-0.0000000000,0.0000000000,-0.0000000000,-0.2764114910,0.0000000000,0.0000000000,0.0000000000,-0.1701185356,-0.2062458102,0.0000000000,-0.0000000000,0.0000000000,-0.0000000000,0.0000000000,0.0000000000,-0.0000000000,-0.0000000000,-0.0000000000,-0.0000000000,-0.0000000000,-0.0000000000,-0.0000000000,-0.0000000000,-0.4214371256,0.0000000000,-0.0088708049,0.0000000000,0.0000000000,0.0000000000,0.0000000000,0.0000000000,0.0814630611,0.0000000000,0.1145792268,-0.0653715117,0.1152153638,0.0000000000,-0.0000000000,-0.5820376749,0.0000000000,0.0000000000,-0.0000000000,-0.0000000000,0.0706527063,-0.0905771486,0.0000000000,0.0629917723,-0.0000000000,-0.0000000000,-0.0000000000,0.0969146807,-0.0000000000,-0.0000000000,-0.0000000000,0.0000000000,0.0000000000,-1.2762246263,-0.0000000000,-0.0000000000,0.0000000000,0.0000000000,0.0000000000,0.0000000000,0.0000000000,-0.0000000000,-0.0000000000,-0.0000000000,-0.0000000000
0.0000000000,-0.0000000000,-0.0000000000,-0.0361615364,-0.0000000000,-0.0000000000,0.0000000000,-0.0000000000,-0.3895538892,-0.0000000000,-0.0000000000,-0.1609860038,-0.0000000000,-0.1535391341,-0.0000000000,0.0000000000,-0.0000000000,-0.0000000000,-0.3737428916,-0.0000000000,2.1859701062,0.0000000000,-0.1243017216,-0.0000000000,0.0786743204,-0.0000000000,-0.0186789046,-0.0000000000,-0.0000000000,-0.0000000000,0.0013771107,0.0000000000,-0.0000000000,0.0000000000,0.0000000000,-0.0000000000,0.0000000000,-0.0000000000,-0.1614789333,-0.0000000000,-0.0000000000,0.1544255512,-0.0000000000,0.0000000000,-0.2954844570,-0.0000000000,-0.0070440199,0.0000000000,-0.0000000000,-0.2300108465,0.1308680308,0.0000000000,0.0000000000,-0.0000000000,-0.0000000000,-0.0000000000,0.0467984123,-0.0000000000,-0.0000000000,-0.0000000000,-0.3801828173,-0.0526128178,-0.0000000000,-0.0000000000,-0.0000000000,-0.0000000000,0.0000000000,-0.0710850737,-0.0000000000,-0.0000000000,-0.2103934534,0.0000000000,-0.1206531645,-0.0000000000,-0.0000000000,0.0000000000,0.0000000000,-0.1695243594,0.0000000000,-0.0000000000,0.0000000000,-0.0000000000,0.0000000000,0.0375098567,-0.0000000000,-0.0000000000,0.0000000000,0.0000000000,-0.0000000000,-0.0000000000,0.0000000000,-0.0000000000,-0.1057076258,0.0000000000,0.0000000000,0.2623235505,0.0000000000,0.0000000000,0.0000000000,-0.0000000000
-0.0000000000,0.0000000000,0.0819490705,0.1867734193,0.0312397063,-0.0000000000,0.0000000000,0.0000000000,0.0000000000,0.0763268454,0.0000000000,0.0000000000,0.0000000000,-0.0000000000,0.0060017245,0.0000000000,-0.0740264253,-0.0000000000,-0.0000000000,0.0000000000,0.0000000000,3.0848213113,-0.5425407728,-0.0000000000,0.0000000000,-0.0000000000,-0.0000000000,-0.0651640466,-0.0000000000,0.0000000000,-0.0000000000,-0.0000000000,-0.0000000000,-0.6669499804,-1.3250931053,0.0000000000,0.0000000000,0.0000000000,-0.0000000000,0.0000000000,-0.0000000000,0.0000000000,-0.0000000000,0.0000000000,-0.0000000000,0.0000000000,-0.3369560674,-0.0000000000,0.0000000000,0.2674622740,0.0000000000,0.0000000000,0.0000000000,0.0000000000,-0.0000000000,0.0000000000,0.0000000000,0.0008735812,0.0000000000,0.0000000000,-0.0000000000,0.0000000000,0.0000000000,0.0699600048,0.0281974198,0.0000000000,0.0000000000,-0.0000000000,-0.0033182449,-0.0000000000,0.0000000000,-0.3706807890,-0.0000000000,0.0000000000,-0.0000000000,-0.0000000000,-0.0000000000,-0.0000000000,0.0000000000,0.0000000000,-0.0000000000,0.0000000000,-0.0000000000,-0.0000000000,0.0000000000,-0.0000000000,-0.0000000000,-0.0000000000,0.0000000000,0.0000000000,0.0000000000,0.0000000000,0.0000000000,-0.0000000000,0.0000000000,0.0000000000,0.0000000000,-0.0000000000,0.0000000000,0.0000000000
-0.0000000000,0.0000000000,0.0000000000,0.0000000000,0.0000000000,-0.0000000000,-0.0000000000,-0.0000000000,-0.0000000000,0.0000000000,0.1175015002,0.0000000000,-0.0000000000,-0.3232796628,-0.0000000000,0.0054527146,-0.0000000000,-0.2518281854,-0.0023491756,0.0000000000,-0.1243017216,-0.5425407728,2.6697186678,-0.0000000000,0.0000000000,-0.0000000000,-0.0000000000,-0.0000000000,-0.2407087403,-0.0698010328,-0.0937310510,-0.0000000000,-0.0473555046,-0.0836093076,-0.0000000000,0.0099513876,0.0000000000,0.0000000000,0.0000000000,0.0000000000,-0.0000000000,0.0000000000,-0.0000000000,0.0000000000,-0.0000000000,0.0000000000,-0.0000000000,-0.3912521422,-0.0000000000,0.0000000000,0.0000000000,-0.0000000000,0.0388979157,-0.0000000000,-0.0000000000,0.0000000000,-0.0000000000,-0.0000000000,0.0000000000,0.0000000000,-0.0000000000,0.0000000000,-0.0000000000,0.0000000000,0.0000000000,-0.2828635778,0.0000000000,-0.3975886869,-0.0000000000,-0.0000000000,-0.0000000000,-0.0000000000,-0.8123347795,0.0000000000,-0.0000000000,0.0000000000,-0.0274914532,-0.0922215616,-0.0000000000,-0.0000000000,0.0000000000,0.0000000000,-0.0000000000,-0.0000000000,0.0000000000,-0.0000000000,0.0000000000,0.0000000000,0.0000000000,0.0000000000,0.0000000000,0.1288887775,0.0000000000,-0.0000000000,0.0423708068,0.1555018379,0.0000000000,-0.0000000000,0.0000000000,0.0000000000
0.0000000000,-0.0000000000,0.0000000000,0.0588099419,-0.0000000000,0.0000000000,-0.0000000000,0.0000000000,-0.0000000000,-0.0000000000,-0.0000000000,-0.0000000000,-0.0000000000,0.0000000000,0.0000000000,-0.0000000000,-0.1517106382,-0.0000000000,0.0000000000,-0.0000000000,-0.0000000000,-0.0000000000,-0.0000000000,3.2497266715,0.0001394085,-0.0000000000,0.0000000000,0.0000000000,-0.3645040241,0.0000000000,0.0402874019,0.0000000000,-0.0764520293,-0.2497367948,-0.0000000000,0.0000000000,-0.0000000000,0.0000000000,-0.0248751582,-0.7221837205,-0.3107069480,0.0000000000,-0.3452211559,0.0000000000,0.0164371131,-0.0000000000,-0.0000000000,0.0000000000,0.0390538230,-0.0000000000,0.0000000000,0.0000000000,-0.0000000000,-0.0000000000,0.0000000000,0.0000000000,-0.0000000000,-0.0000000000,-0.0000000000,-0.2544215414,-0.0000000000,0.0000000000,0.0000000000,-0.0000000000,-0.0000000000,0.0000000000,-0.0000000000,-0.0000000000,-0.0000000000,0.0000000000,-0.0000000000,-0.0000000000,0.0000000000,-0.0000000000,-1.3479131069,-0.1103161738,-0.0000000000,0.0000000000,0.0000000000,0.0000000000,-0.0096191160,0.0000000000,-0.0000000000,-0.0980354088,0.1875967878,0.0000000000,0.0000000000,0.0000000000,-0.0000000000,-0.0000000000,-0.0000000000,0.0000000000,-0.0000000000,0.0797230751,-0.0000000000,0.0000000000,-0.0000000000,0.2480530221,0.0000000000,-0.0000000000
-0.3208461960,0.0000000000,0.0000000000,0.0000000000,0.0622557005,-0.0000000000,-0.0407248653,-0.0000000000,0.0000000000,-0.2147410213,-0.0000000000,0.0000000000,0.0000000000,-0.0000000000,0.0000000000,0.0000000000,-0.0000000000,-0.0000000000,-0.0000000000,-0.0000000000,0.0786743204,0.0000000000,0.0000000000,0.0001394085,1.5124754521,-0.0000000000,0.1445238883,0.0362745496,0.0000000000,-0.0000000000,-0.0000000000,-0.0981479997,-0.0000000000,0.0000000000,0.0000000000,-0.0000000000,-0.0000000000,-0.0000000000,0.0000000000,-0.0000000000,0.0000000000,-0.2246473038,0.0000000000,0.0000000000,-0.0000000000,0.0000000000,0.1874995234,0.0000000000,-0.0000000000,0.1094793003,-0.0117798660,-0.0211703070,-0.0000000000,-0.0000000000,0.0000000000,-0.0000000000,-0.0223942882,-0.0386116353,-0.3412400109,0.1576355639,0.0000000000,0.0000000000,0.1798099031,0.0000000000,0.0000000000,0.0000000000,-0.0000000000,0.0000000000,-0.0000000000,0.0000000000,-0.0000000000,-0.0000000000,0.0000000000,0.0000000000,-0.0000000000,-0.1605627031,-0.0000000000,0.0816891160,-0.0000000000,-0.0000000000,0.0000000000,0.0000000000,-0.0488300657,-0.0000000000,0.0000000000,-0.0000000000,-0.0230925322,-0.0000000000,0.0000000000,0.0000000000,0.0000000000,-0.1628458431,0.0000000000,-0.0000000000,0.0000000000,0.0000000000,0.1640994089,-0.0000000000,0.0000000000,0.0000000000
-0.0000000000,0.0000000000,-0.0000000000,0.0000000000,0.1707064625,0.0000000000,0.0000000000,0.0000000000,0.0000000000,-0.0000000000,-0.4463640430,-0.3749166663,0.0000000000,-0.0000000000,-0.0000000000,-0.0000000000,-0.0000000000,0.0000000000,-0.0000000000,0.1620596640,-0.0000000000,-0.0000000000,-0.0000000000,-0.0000000000,-0.0000000000,3.2837039506,0.0753084558,-0.0000000000,0.0000000000,-0.0000000000,-0.0000000000,-0.0000000000,-0.0000000000,-0.0000000000,-0.0000000000,0.0000000000,0.0000000000,-0.0000000000,-0.0000000000,-0.0000000000,-0.0000000000,-0.0000000000,0.0000000000,0.0000000000,0.1683571543,0.0000000000,-0.0000000000,0.1561716695,-0.0000000000,-0.0000000000,0.0000000000,0.0000000000,0.0000000000,0.0000000000,0.2856923931,-0.0000000000,-0.0000000000,0.0000000000,-0.3497133118,-0.1639475481,-0.1597206120,0.0000000000,-0.0000000000,-0.0000000000,-0.0000000000,-0.1087906367,0.0000000000,-0.0000000000,-0.0000000000,0.0000000000,0.0000000000,-0.0000000000,0.0000000000,-0.0000000000,-0.2766090311,-0.7249648159,0.0000000000,-0.0000000000,-0.0000000000,-0.0000000000,-0.0000000000,0.0000000000,-0.0000000000,0.0000000000,0.0478848053,-0.0000000000,0.0000000000,-0.0000000000,0.0000000000,-0.0000000000,0.0000000000,-0.0000000000,-0.2676390370,0.0000000000,0.0000000000,0.0000000000,0.1297494449,0.6465815574,0.0000000000,0.0000000000
0.0000000000,-0.3048540414,-0.0000000000,-0.0000000000,-0.0000000000,-0.0000000000,-0.0000000000,-0.0000000000,-0.2947663079,-0.0000000000,0.0000000000,0.0000000000,-0.0000000000,-0.1896163791,-0.0622996500,-0.0150543264,0.0000000000,0.0000000000,-0.0000000000,-0.0000000000,-0.0186789046,-0.0000000000,-0.0000000000,0.0000000000,0.1445238883,0.0753084558,2.4594742056,-0.1686536029,-0.0259582793,-0.0000000000,0.0209284537,0.0481764913,0.0320307629,0.0000000000,-0.0000000000,-0.0445324684,0.0000000000,-0.0000000000,-0.0557870459,0.0000000000,0.0000000000,-0.0000000000,-0.1724029549,0.0000000000,-0.5971734543,-0.0580938644,-0.0000000000,-0.0000000000,-0.0000000000,-0.0000000000,-0.0000000000,-0.0000000000,-0.0000000000,-0.0000000000,-0.5360599367,-0.0000000000,0.1471341291,-0.0000000000,-0.0000000000,0.0000000000,0.0000000000,0.0000000000,-0.0000000000,-0.0000000000,-0.0000000000,-0.0000000000,-0.0000000000,0.0000000000,0.2711357373,0.0000000000,-0.0000000000,0.0000000000,-0.0000000000,-0.0000000000,0.0000000000,0.0540248289,-0.0000000000,-0.3666974866,0.0000000000,-0.0000000000,-0.0000000000,0.0000000000,0.0000000000,0.0000000000,-0.4684580143,-0.0000000000,0.0000000000,-0.0000000000,-0.0000000000,-0.0000000000,0.1497674235,-0.0000000000,-0.0000000000,0.0000000000,-0.1123124192,0.0000000000,-0.0000000000,-0.0000000000,-0.0000000000,0.0000000000
0.0057182218,0.1029286538,0.2651130164,0.0303105243,0.0000000000,0.0000000000,0.0000000000,0.0000000000,0.0000000000,-0.0000000000,-0.0000000000,-0.0000000000,-0.0000000000,-0.0000000000,-0.0000000000,0.0000000000,0.0000000000,0.0000000000,-0.0000000000,0.0117271360,-0.0000000000,-0.0651640466,-0.0000000000,0.0000000000,0.0362745496,-0.0000000000,-0.1686536029,2.3834047864,-0.2825852665,-0.0210769492,-0.0000000000,-0.0000000000,0.1574701969,0.0000000000,-0.0000000000,0.0000000000,-0.0873193393,0.0000000000,0.0000000000,0.0809729953,0.0000000000,-0.0727953036,-0.0000000000,-0.0831255756,-0.0000000000,-0.3629192880,-0.0000000000,-0.1135082154,0.0000000000,0.0000000000,0.0000000000,0.0000000000,0.0000000000,0.0000000000,-0.0000000000,0.0049923270,0.0000000000,0.0000000000,-0.0000000000,-0.0000000000,-0.0000000000,-0.0762384521,-0.0606616242,0.0000000000,0.0000000000,-0.0000000000,0.0000000000,0.0000000000,0.0000000000,0.0242845625,0.0000000000,-0.0000000000,0.0000000000,0.0000000000,0.0329413523,-0.0000000000,-0.0000000000,-0.5548155650,-0.0061192531,-0.0000000000,-0.0000000000,0.0000000000,-0.0000000000,0.0000000000,0.0000000000,0.0000000000,-0.0000000000,-0.6301630588,0.0737122471,0.0000000000,0.0000000000,-0.0000000000,-0.0000000000,-0.0258738207,-0.1487460291,-0.2790378541,-0.0000000000,0.0000000000,0.0000000000,0.0049565549
0.0661325393,0.1237264070,0.0000000000,-0.0000000000,0.0000000000,0.0000000000,-0.0000000000,0.0000000000,-0.0000000000,-0.0000000000,0.0400835704,0.0000000000,-0.0000000000,-0.0000000000,-0.3239742901,0.0000000000,0.0000000000,-0.0000000000,-0.0000000000,-0.1217707908,-0.0000000000,-0.0000000000,-0.2407087403,-0.3645040241,0.0000000000,0.0000000000,-0.0259582793,-0.2825852665,2.7752626673,-0.0000000000,0.0000000000,0.0000000000,-0.0405267160,-0.0000000000,-0.0000000000,-0.0000000000,-0.0684405439,0.0968769909,0.0000000000,-0.0000000000,-0.0000000000,-0.0000000000,-0.0000000000,0.0000000000,0.0000000000,-0.1418885314,0.0000000000,-0.0000000000,-0.0000000000,-0.0805441506,0.0000000000,0.0000000000,-0.0000000000,-0.0000000000,0.0000000000,-0.0000000000,-0.0000000000,-0.0000000000,0.0000000000,0.0000000000,0.0000000000,0.0000000000,-0.2345728404,-0.0000000000,-0.0000476920,-0.0000000000,-0.4468417908,-0.0000000000,-0.0000000000,0.0000000000,-0.0122994340,-0.0000000000,-0.0000000000,-0.0263744437,-0.0043741799,0.0000000000,-1.3913625589,-0.0000000000,0.0000000000,-0.0000000000,-0.1307815346,0.0000000000,0.0745891764,-0.0000000000,0.0000000000,0.5184299083,-0.0000000000,0.0000000000,-0.0000000000,0.0000000000,0.0000000000,0.0000000000,0.0000000000,0.0000000000,0.0000000000,-0.0000000000,0.0000000000,0.0000000000,-0.0000000000,-0.0000000000
