0,1,2,3,4,5,6,7,8,9,10,11,12,13,14,15,16,17,18,19,20,21,22,23,24,25,26,27,28,29,30,31,32,33,34,35,36,37,38,39,40,41,42,43,44,45,46,47,48,49,50,51,52,53,54,55,56,57,58,59,60,61,62,63,64,65,66,67,68,69,70,71,72,73,74,75,76,77,78,79,80,81,82,83,84,85,86,87,88,89,90,91,92,93,94,95,96,97,98,99
2.0325752272,0.0087300425,-0.0802343750,-0.0000000000,0.0000000000,-0.0000000000,-0.0000000000,0.0000000000,0.0000000000,0.0000000000,-0.0444020312,-0.0000000000,0.0000000000,-0.0000000000,-0.0000000000,-0.0315118213,-0.0000000000,-0.0000000000,-0.0000000000,-0.0000000000,0.0181562019,-0.1062032631,-0.0000000000,-0.0596077229,-0.4572837206,-0.0000000000,-0.0000000000,-0.0000000000,-0.0000000000,0.0327543934,-0.0000000000,-0.0000000000,-0.3538372015,-0.0000000000,0.0000000000,-0.0000000000,-0.0000000000,-0.0000000000,0.0000000000,0.0000000000,-0.0329610540,-0.2151408836,0.0000000000,0.0000000000,0.0000000000,0.0422206154,0.0000000000,-0.0689524555,-0.1004375308,-0.0178293007,-0.7959689590,-0.0000000000,0.0000000000,0.0000000000,0.0643665854,0.0000000000,0.0000000000,0.0000000000,-0.0000000000,-0.2689209808,-0.0000000000,-0.0000000000,-0.0000000000,-0.0000000000,-0.0000000000,-0.0000000000,-0.0000000000,-0.0000000000,-0.0000000000,-0.0000000000,-0.0000000000,-0.0000000000,0.0000000000,0.0000000000,-0.0000000000,-0.0000000000,-0.0000000000,0.0000000000,-0.0000000000,-0.0000000000,-0.0000000000,0.0000000000,0.0000000000,0.0000000000,0.0000000000,0.0000000000,-0.0000000000,-0.0000000000,-0.0000000000,0.2857161330,0.0000000000,-0.0000000000,-0.0000000000,-0.0000000000,0.2066886149,-0.0000000000,0.0125809899,0.0000000000,-0.0417729367,-0.0000000000
0.0087300425,2.6975494406,-0.0000000000,-0.0000000000,-0.0000000000,-0.0000000000,-0.0000000000,-0.0000000000,0.0655450063,0.0000000000,0.0000000000,0.0000000000,0.0000000000,-0.0000000000,-0.0000000000,-0.1997168842,0.0609768753,-0.0000000000,0.0318855372,-0.0000000000,-0.0000000000,0.3342860350,-0.0000000000,0.1635655405,0.0000000000,0.0000000000,-0.0000000000,0.0000000000,0.0000000000,-0.1807301553,0.0000000000,0.0000000000,-0.0000000000,0.0000000000,0.0000000000,-0.0000000000,0.0000000000,0.0000000000,-0.0000000000,0.0687524756,0.0332719138,0.0000000000,-0.0000000000,0.0000000000,-0.1413460379,0.0000000000,0.0000000000,-0.0000000000,0.0000000000,0.1081272722,-0.0000000000,-1.2544701958,-0.2833802873,-0.0000000000,-0.1032414866,0.0000000000,-0.4587063562,-0.0000000000,0.0000000000,0.0000000000,-0.0000000000,-0.0000000000,0.0000000000,0.0000000000,-0.0000000000,-0.0000000000,0.0000000000,0.0409130050,-0.0000000000,-0.0469819923,-0.0000000000,0.0000000000,-0.0000000000,0.0000000000,0.0000000000,-0.0000000000,0.0417333141,-0.1070838741,-0.0000000000,-0.0000000000,0.0000000000,0.0000000000,-0.0000000000,0.0000000000,-0.0000000000,-0.0000000000,0.0000000000,-0.0000000000,0.0000000000,0.0000000000,-0.0000000000,0.0000000000,0.0000000000,-0.0910733087,-0.0523085196,0.0000000000,0.0000000000,-0.0000000000,0.0335652223,0.0000000000
-0.0802343750,-0.0000000000,3.4581392668,-0.2582345053,-0.0579552615,-0.9870443032,-0.3036690653,-0.0000000000,-0.0000000000,-0.0000000000,-0.0326752787,-0.0000000000,0.0000000000,-0.0000000000,-0.0000000000,-0.0000000000,0.1951802449,0.0000000000,-0.0000000000,-0.0000000000,-0.0000000000,0.0000000000,0.0000000000,-0.0000000000,-0.1371087242,-0.0052116531,-0.0000000000,0.0000000000,-0.0000000000,0.0000000000,0.0000000000,-0.0000000000,0.0000000000,0.0000000000,0.0000000000,-0.0000000000,-0.0000000000,-0.0000000000,-0.0000000000,-0.0000000000,0.1127751083,-0.0000000000,0.0000000000,-0.0000000000,-0.0000000000,0.0000000000,0.0352314821,0.0000000000,-0.0000000000,0.0000000000,-0.0000000000,-0.2781813615,0.0000000000,-0.0000000000,-0.0000000000,-0.9813605020,-0.0000000000,-0.4703123404,0.0000000000,-0.0000000000,-0.1520922313,-0.2868668689,-0.0149482550,-0.0000000000,-0.0268683916,-0.0000000000,-0.0000000000,0.0000000000,0.0000000000,0.0000000000,0.0000000000,0.0000000000,0.0000000000,-0.0000000000,-0.0000000000,-0.0000000000,-0.0000000000,-0.0000000000,-0.0000000000,-0.0000000000,0.0000000000,0.0000000000,-0.0000000000,0.0000000000,-0.0000000000,0.0000000000,-0.0000000000,-0.0000000000,-0.0000000000,0.0000000000,0.0000000000,0.0000000000,0.2446491947,0.0000000000,0.0000000000,-0.0000000000,-0.0000000000,0.0000000000,-0.0000000000,0.0000000000
-0.0000000000,-0.0000000000,-0.2582345053,3.6786108224,-0.3463717716,-0.0000000000,-0.0000000000,-0.1375108287,-0.0000000000,0.0000000000,-0.0000000000,-0.0000000000,-0.0000000000,-0.0000000000,-0.0000000000,-0.4780053003,-0.0000000000,-0.0000000000,-0.0947877500,-0.0000000000,-0.0000000000,0.0000000000,0.0000000000,-0.0000000000,-0.0000000000,0.0000000000,-0.0000000000,0.0000000000,0.0000000000,-0.0000000000,0.0000000000,-0.0000000000,0.0000000000,-0.0000000000,0.0000000000,-0.0000000000,-0.0382923603,-0.0000000000,0.0000000000,0.0000000000,0.1771630330,-0.0000000000,0.1655906526,0.0000000000,-0.0000000000,-0.0000000000,0.2346222350,0.0000000000,0.0000000000,-0.0000000000,-0.2614288591,-0.0000000000,0.0000000000,-1.5436057191,0.0000000000,-0.0000000000,-0.3898446650,-0.0507671210,0.0000000000,-0.0000000000,-0.0000000000,-0.0000000000,-0.0000000000,0.0000000000,-0.0000000000,0.0000000000,-0.0000000000,-0.0000000000,-0.0000000000,-0.0000000000,0.0000000000,0.1815232141,0.0000000000,0.0000000000,-0.0000000000,0.0000000000,-0.0000000000,0.0000000000,0.0000000000,-0.0000000000,0.0000000000,0.1574997672,0.0000000000,-0.0000000000,-0.0000000000,0.0000000000,-0.0000000000,0.0000000000,0.0000000000,0.1524537141,0.0000000000,-0.0000000000,0.0000000000,0.0000000000,0.0000000000,0.0000000000,-0.5687325709,-0.0000000000,0.0000000000,-0.0000000000
0.0000000000,-0.0000000000,-0.0579552615,-0.3463717716,2.0216714685,-0.2357678453,-0.0359635264,-0.0000000000,-0.0000000000,-0.0000000000,-0.0000000000,-0.0000000000,0.1013073632,0.0000000000,0.0000000000,0.0000000000,-0.0000000000,-0.0000000000,-0.0022822268,0.0000000000,-0.0000000000,0.0196602456,0.0000000000,-0.1448101790,0.0000000000,-0.0253351676,-0.0000000000,0.0000000000,0.0000000000,-0.0000000000,0.0237228537,0.0000000000,-0.0000000000,-0.0000000000,-0.0000000000,-0.0625907111,-0.0000000000,0.0000000000,-0.0000000000,-0.0432283207,0.0000000000,-0.0000000000,-0.0000000000,0.0000000000,-0.0000000000,-0.0000000000,-0.0000000000,0.0568558417,0.0000000000,-0.0000000000,0.0000000000,-0.0000000000,0.0000000000,-0.1798775582,-0.2414843971,-0.0000000000,-0.2863582188,-0.0854910008,0.0000000000,-0.0000000000,-0.0519446915,-0.0000000000,0.0000000000,0.0000000000,0.0000000000,0.0000000000,-0.0000000000,-0.0916863320,-0.2138486561,-0.0000000000,0.0000000000,-0.0000000000,0.0000000000,-0.0000000000,-0.0831453440,0.0000000000,0.0000000000,0.0000000000,0.0000000000,0.3771697539,-0.0000000000,0.0000000000,-0.0000000000,-0.0000000000,-0.1703516250,0.0000000000,-0.1078750337,0.0000000000,-0.0000000000,-0.0000000000,0.0000000000,0.0000000000,0.0000000000,0.0761764008,-0.0000000000,0.0912213592,-0.1155893847,0.0000000000,0.0000000000,0.0000000000
-0.0000000000,-0.0000000000,-0.9870443032,-0.0000000000,-0.2357678453,3.8582441242,-0.0000000000,-0.0000000000,-0.0000000000,-0.0000000000,-0.0000000000,-0.3518547205,0.0000000000,-0.0000000000,-0.0000000000,0.0000000000,0.0000000000,0.0000000000,-0.0000000000,-0.0000000000,-0.0000000000,0.0000000000,0.0000000000,-0.0641004658,-0.0000000000,-0.0000000000,-0.0000000000,0.0771805690,-0.0000000000,0.0000000000,0.0000000000,0.0477978306,0.0000000000,0.0392400592,-0.0000000000,-0.8951172753,-0.0266817677,0.0000000000,-0.0000000000,-0.0000000000,0.0000000000,-0.0000000000,-0.0000000000,-0.0000000000,-0.2016893319,-0.0000000000,-0.0000000000,0.0000000000,-0.2284853875,-0.0000000000,0.0000000000,-0.0000000000,0.0000000000,-0.0000000000,-0.3945288755,-0.9425732384,-0.0000000000,-0.0251065169,-0.0000000000,-0.0000000000,-0.0000000000,-0.0000000000,-0.0000000000,-0.0000000000,-0.0000000000,-0.0000000000,-0.0000000000,0.0000000000,0.0000000000,0.1157967044,0.0000000000,0.2047356657,0.0000000000,-0.0000000000,-0.0000000000,-0.0000000000,0.0000000000,0.0000000000,-0.0000000000,0.0000000000,0.1752581031,0.0000000000,-0.0000000000,-0.0000000000,-0.0000000000,0.0000000000,-0.0454118085,0.0000000000,-0.0053342792,-0.0000000000,0.0000000000,-0.0000000000,0.0000000000,0.0000000000,-0.0000000000,-0.0000000000,-0.0092928004,0.0000000000,-0.1240476912,-0.0000000000
-0.0000000000,-0.0000000000,-0.3036690653,-0.0000000000,-0.0359635264,-0.0000000000,3.3558979354,-0.2811170362,-0.0000000000,-0.0000000000,-0.0000000000,-0.0000000000,0.0000000000,-0.0000000000,-0.0000000000,-0.0000000000,0.0000000000,-0.0000000000,-0.0000000000,-0.1110511202,-0.0000000000,-0.0211781523,-0.0000000000,-0.0000000000,-0.0000000000,-0.0000000000,-0.1069574606,0.0000000000,-0.0000000000,-0.0000000000,-0.0000000000,0.0000000000,-0.0000000000,-0.0000000000,0.0000000000,-0.0000000000,0.0000000000,-0.0000000000,-0.0000000000,-0.1763111703,-0.0000000000,-0.0000000000,0.0000000000,0.0000000000,0.0000000000,-0.0000000000,0.1438816056,-0.0000000000,-0.0000000000,-0.0000000000,-0.0000000000,-0.1198095052,-0.0832355122,-0.2473981306,0.0000000000,-0.0000000000,-0.1215645366,-0.0989861619,-0.0000000000,-0.0000000000,-0.0000000000,-0.0000000000,-0.0000000000,-0.0000000000,-0.4295993304,-0.0000000000,-1.5512847582,-0.0000000000,-0.0000000000,-0.0000000000,-0.0000000000,-0.0000000000,-0.0000000000,-0.1691259233,-0.0000000000,-0.0000000000,-0.0287059006,0.0000000000,0.0000000000,0.0000000000,-0.0000000000,0.0000000000,-0.0000000000,-0.0000000000,-0.0000000000,-0.0000000000,0.0000000000,0.0000000000,0.0000000000,-0.0000000000,-0.0000000000,0.0000000000,-0.0000000000,0.0358296108,-0.0000000000,0.0000000000,0.0000000000,0.0000000000,-0.0000000000,-0.0000000000
0.0000000000,-0.0000000000,-0.0000000000,-0.1375108287,-0.0000000000,-0.0000000000,-0.2811170362,3.9972010430,-0.0000000000,-0.0000000000,0.0000000000,-0.0000000000,-0.0000000000,-0.0000000000,-0.0000000000,0.0000000000,-0.0000000000,-0.3997112366,-0.0000000000,-0.0000000000,-0.0000000000,-0.0000000000,-0.0000000000,-0.0000000000,0.0000000000,-0.0000000000,-0.0528155813,0.0000000000,0.0000000000,0.0000000000,-0.0000000000,-0.0000000000,0.0504772805,-0.0000000000,0.0000000000,-0.0000000000,0.0000000000,0.0000000000,0.0000000000,0.0353595216,-0.0000000000,-0.0000000000,-0.0000000000,-0.0000000000,-0.0000000000,-0.0000000000,0.1157167269,0.0000000000,0.0000000000,0.0000000000,-0.1845805726,-0.0000000000,0.0000000000,-0.0000000000,0.0000000000,-0.0000000000,-1.6321785482,-1.1560771705,-0.0000000000,-0.0000000000,-0.1246279253,-0.0000000000,0.0000000000,0.0000000000,-0.0000000000,-0.0000000000,-0.0000000000,0.0000000000,-0.0000000000,-0.2408190853,-0.0000000000,-0.0000000000,-0.0000000000,0.0000000000,-0.0000000000,-0.0000000000,-0.0000000000,-0.0000000000,-0.0782927598,-0.2149764005,-0.0000000000,-0.0000000000,-0.0000000000,-0.0000000000,-0.0000000000,-0.0000000000,0.0000000000,-0.0000000000,0.0000000000,-0.0000000000,-0.0000000000,-0.0000000000,-0.0000000000,-0.0965748036,-0.0000000000,-0.0000000000,0.0000000000,-0.0000000000,0.0000000000,0.0000000000
0.0000000000,0.0655450063,-0.0000000000,-0.0000000000,-0.0000000000,-0.0000000000,-0.0000000000,-0.0000000000,2.9806461353,-0.0000000000,-0.0000000000,-0.1118489039,-0.0953139210,-0.1079866305,-0.0000000000,0.0000000000,-0.0000000000,0.0000000000,-0.0000000000,0.0000000000,-0.0000000000,0.0000000000,0.0000000000,-0.0000000000,-0.0000000000,0.0000000000,-0.0000000000,-0.0000000000,-0.0000000000,0.0655082415,0.0000000000,0.0000000000,0.0000000000,0.0000000000,-0.0000000000,-0.1380043549,-0.0000000000,-0.0000000000,-0.0000000000,-0.0000000000,-0.0000000000,0.0000000000,0.0000000000,-0.0000000000,-0.0000000000,-0.0000000000,0.0000000000,0.0000000000,0.0000000000,-0.0000000000,0.0000000000,0.0000000000,0.1578264932,-0.0000000000,0.0000000000,-0.6745047125,0.0000000000,-0.8207382789,-0.0000000000,0.0000000000,-0.0000000000,-0.4575974912,-0.2364905302,-0.1730600076,-0.1936505818,-0.0000000000,0.0000000000,-0.0000000000,0.0675461348,0.1619042365,-0.0000000000,0.0000000000,0.0000000000,-0.2573684286,0.0000000000,0.0158182816,-0.1528934050,0.0000000000,0.0000000000,-0.0000000000,0.0000000000,0.0000000000,0.0000000000,0.0000000000,-0.0000000000,-0.0000000000,-0.0000000000,-0.0000000000,-0.0000000000,-0.0000000000,-0.0000000000,-0.0000000000,-0.0000000000,0.0000000000,0.0000000000,-0.0000000000,-0.0000000000,-0.0000000000,-0.0000000000,-0.0000000000
0.0000000000,0.0000000000,-0.0000000000,0.0000000000,-0.0000000000,-0.0000000000,-0.0000000000,-0.0000000000,-0.0000000000,4.0534017715,-0.1219867961,-0.6314668007,0.0000000000,-0.0000000000,-0.0000000000,0.0000000000,0.0000000000,0.0000000000,-0.0000000000,0.0000000000,-0.0000000000,-0.0000000000,0.0000000000,-0.0000000000,-0.0000000000,-0.5384773549,-0.0000000000,-0.0000000000,0.0000000000,-0.0000000000,0.0000000000,0.0000000000,0.0000000000,0.0000000000,-0.0000000000,0.0000000000,0.0000000000,-0.0000000000,-0.0900803510,-0.0000000000,0.0000000000,-0.0000000000,-0.0000000000,-0.0000000000,-0.0000000000,-0.0000000000,0.0000000000,-0.0000000000,-0.2303324377,0.0000000000,-0.0000000000,0.0000000000,0.0000000000,0.0000000000,0.0000000000,-0.7135157638,0.0000000000,0.0000000000,-0.6173205191,-0.0000000000,-0.5526832246,-0.0000000000,-0.0000000000,-0.0000000000,-0.0000000000,-0.5749606190,-0.0000000000,0.0000000000,0.0000000000,0.0000000000,-0.0000000000,-0.0000000000,-0.0000000000,-0.0502671145,-0.3272694820,-0.0303111632,-0.0000000000,-0.0486349034,-0.0000000000,-0.0000000000,0.0000000000,0.0000000000,-0.0000000000,-0.0000000000,0.0000000000,-0.0502134679,0.0000000000,-0.0000000000,0.0000000000,-0.0000000000,-0.0000000000,-0.0000000000,-0.0000000000,-0.0000000000,-0.0000000000,-0.2433254955,-0.0000000000,0.0000000000,-0.0552796651,0.0000000000
-0.0444020312,0.0000000000,-0.0326752787,-0.0000000000,-0.0000000000,-0.0000000000,-0.0000000000,0.0000000000,-0.0000000000,-0.1219867961,1.8336257653,-0.4719110385,-0.2115093434,-0.0000000000,-0.0000000000,-0.0000000000,-0.0000000000,0.0000000000,-0.0000000000,0.0000000000,0.0000000000,-0.0000000000,0.0000000000,-0.0820806686,-0.0000000000,-0.0000000000,0.0000000000,-0.0000000000,0.0000000000,0.0000000000,-0.0000000000,-0.0000000000,-0.0000000000,0.0000000000,-0.0403724748,0.0000000000,-0.0000000000,-0.1613302829,-0.0000000000,-0.3388143598,-0.0000000000,-0.0000000000,-0.0000000000,-0.0000000000,0.0000000000,-0.0000000000,0.0000000000,0.0000000000,-0.0000000000,-0.0000000000,-0.0000000000,0.0000000000,-0.0000000000,0.0000000000,0.0812204350,-0.0000000000,0.0000000000,0.0000000000,-0.0000000000,-0.2265099826,-0.0000000000,-0.0000000000,-0.0000000000,-0.0000000000,0.0000000000,-0.0000000000,-0.0000000000,0.0000000000,0.0000000000,0.0814800750,0.0000000000,-0.0000000000,0.0803023349,-0.0000000000,-0.0000000000,0.0000000000,-0.0000000000,0.0000000000,-0.0000000000,0.0000000000,0.0000000000,0.0000000000,0.0000000000,0.0000000000,0.0000000000,0.1496635862,-0.0000000000,-0.0000000000,0.0515317139,0.0000000000,-0.0000000000,-0.0000000000,-0.0000000000,-0.0000000000,0.0000000000,-0.0000000000,0.0000000000,0.0000000000,0.0000000000,-0.0000000000
-0.0000000000,0.0000000000,-0.0000000000,-0.0000000000,-0.0000000000,-0.3518547205,-0.0000000000,-0.0000000000,-0.1118489039,-0.6314668007,-0.4719110385,3.9055041263,0.0000000000,-0.0402983153,-0.0000000000,0.0000000000,0.0000000000,0.0000000000,-0.1961035752,0.0000000000,-0.0000000000,-0.0000000000,0.0000000000,-0.0000000000,-0.2270242970,-0.2689969362,-0.0000000000,0.0000000000,0.0000000000,-0.0000000000,-0.0000000000,0.0000000000,-0.0000000000,0.0000000000,-0.0000000000,0.0000000000,0.0000000000,-0.0000000000,-0.0000000000,-0.0000000000,0.0000000000,-0.1329857096,-0.1891740440,-0.5624249297,-0.0000000000,-0.0000000000,0.0000000000,-0.0000000000,-0.0620582871,0.0000000000,-0.0000000000,0.0000000000,0.0000000000,-0.0000000000,0.1314820735,-0.0000000000,0.0000000000,-0.0000000000,-0.5709869030,-0.3040603750,-0.4803165214,-0.0000000000,-0.0000000000,-0.0000000000,-0.0000000000,-0.0685312096,-0.0000000000,-0.0000000000,0.0620898306,0.1140810965,-0.0000000000,0.0000000000,0.0000000000,-0.1072089711,-0.0000000000,-0.0000000000,-0.0000000000,0.0000000000,-0.0000000000,0.0000000000,0.0000000000,0.0050085173,-0.0000000000,-0.0000000000,0.0000000000,-0.0000000000,0.0000000000,0.0000000000,0.1706984860,0.0000000000,-0.0000000000,-0.0000000000,-0.0000000000,-0.0000000000,-0.0000000000,-0.0156244634,-0.1640453344,0.0000000000,-0.0000000000,0.0000000000
0.0000000000,0.0000000000,0.0000000000,-0.0000000000,0.1013073632,0.0000000000,0.0000000000,-0.0000000000,-0.0953139210,0.0000000000,-0.2115093434,0.0000000000,2.7716147858,-0.4617914191,-0.0380559285,-0.0000000000,-0.2436801668,0.0000000000,0.0000000000,-0.0000000000,0.0000000000,0.0000000000,-0.0000000000,-0.0000000000,0.0000000000,0.0000000000,-0.0000000000,-0.2696159784,-0.0000000000,0.0000000000,0.0000000000,-0.0000000000,0.0000000000,0.0000000000,-0.1359547506,0.0000000000,-0.0000000000,-0.0000000000,-0.1850543543,-0.0000000000,-0.0000000000,0.0000000000,0.0000000000,-0.0000000000,-0.0000000000,-0.0000000000,-0.0000000000,-0.0000000000,0.0027007594,-0.0000000000,-0.0000000000,0.0000000000,-0.0000000000,-0.0000000000,0.0846142488,-0.0000000000,0.0000000000,-0.0000000000,0.0000000000,0.0000000000,0.0000000000,-1.1326786417,-0.4089260458,-0.0000000000,-0.0000000000,-0.0000000000,-0.0000000000,0.0000000000,0.0461391166,0.1940345136,-0.0000000000,0.0000000000,-0.0000000000,-0.0000000000,0.0469148334,0.0520747204,-0.0000000000,-0.0000000000,0.0000000000,-0.1641724068,0.0000000000,0.0000000000,0.0000000000,0.0000000000,0.0910172646,0.0000000000,0.0000000000,-0.0000000000,0.0000000000,-0.0000000000,-0.0000000000,-0.0000000000,-0.0000000000,0.0000000000,0.3126591645,0.0000000000,0.0000000000,-0.0000000000,0.0000000000,-0.0000000000
-0.0000000000,-0.0000000000,-0.0000000000,-0.0000000000,0.0000000000,-0.0000000000,-0.0000000000,-0.0000000000,-0.1079866305,-0.0000000000,-0.0000000000,-0.0402983153,-0.4617914191,2.8818760609,-0.7217258559,-0.0000000000,-0.0006863112,-0.0000000000,-0.3266731015,0.0000000000,-0.4105247676,0.0000000000,-0.0000000000,0.0000000000,-0.0000000000,0.0000000000,-0.1722409163,0.0000000000,0.0000000000,0.0000000000,0.0000000000,0.0000000000,-0.0000000000,0.0000000000,-0.0302896186,0.0000000000,0.0000000000,-0.0000000000,-0.0000000000,-0.0000000000,0.0000000000,-0.0000000000,0.0000000000,-0.0000000000,-0.0000000000,-0.0000000000,-0.0000000000,0.0000000000,0.0000000000,0.0000000000,-0.0000000000,-0.0000000000,-0.0000000000,-0.0343358346,0.0887211274,-0.0141604280,-0.0000000000,-0.0000000000,-0.0000000000,0.0000000000,-0.0000000000,-0.0000000000,-0.1451769481,-0.3245449985,-0.0204235798,-0.2130288830,-0.0000000000,-0.0000000000,0.0000000000,0.0000000000,-0.0000000000,0.1452288652,-0.0411622227,-0.0000000000,0.0000000000,0.1140776400,-0.0000000000,-0.0000000000,0.0000000000,-0.0000000000,0.0000000000,0.0109296961,-0.0788828915,-0.0000000000,-0.0000000000,0.0000000000,0.0000000000,-0.0000000000,0.0000000000,0.2300397548,-0.0000000000,-0.1620990238,-0.0305423156,0.0000000000,0.0000000000,-0.0000000000,-0.0000000000,-0.0000000000,0.0000000000,0.0000000000
-0.0000000000,-0.0000000000,-0.0000000000,-0.0000000000,0.0000000000,-0.0000000000,-0.0000000000,-0.0000000000,-0.0000000000,-0.0000000000,-0.0000000000,-0.0000000000,-0.0380559285,-0.7217258559,4.4689666012,-0.0000000000,0.0000000000,0.0000000000,-0.0000000000,-0.0000000000,-0.2313417535,0.0000000000,-0.0000000000,0.0000000000,0.0000000000,0.0000000000,0.0000000000,0.0000000000,-0.0000000000,-0.1791514761,-0.0000000000,0.0000000000,0.0000000000,0.0000000000,0.0000000000,0.0000000000,0.0000000000,-0.0000000000,-0.0000000000,-0.3064277484,0.0000000000,-0.0000000000,-0.0000000000,-0.0000000000,-0.0000000000,0.0000000000,0.0000000000,-0.0000000000,0.0000000000,-0.0000000000,-0.0000000000,-0.0000000000,-0.1712812081,-0.0000000000,0.0000000000,-0.0000000000,-0.0000000000,-0.0000000000,-0.0000000000,0.0000000000,-0.0000000000,-0.0000000000,-0.2075330999,-0.0000000000,-0.2243090019,-2.0797165208,-0.1658648739,0.0000000000,0.0000000000,0.0000000000,-0.4279659308,0.0000000000,-0.0202575062,-0.0000000000,0.0000000000,0.0000000000,-0.0000000000,-0.0000000000,-0.0000000000,-0.0000000000,0.0000000000,0.0039653045,-0.0000000000,0.0000000000,0.0000000000,0.1698049883,0.0000000000,0.0000000000,-0.0000000000,0.0000000000,-0.0000000000,-0.1471000304,-0.0000000000,0.0000000000,-0.0000000000,0.0000000000,0.0000000000,-0.0000000000,-0.0000000000,0.0000000000
-0.0315118213,-0.1997168842,-0.0000000000,-0.4780053003,0.0000000000,0.0000000000,-0.0000000000,0.0000000000,0.0000000000,0.0000000000,-0.0000000000,0.0000000000,-0.0000000000,-0.0000000000,-0.0000000000,2.3335829009,0.0000000000,-0.0000000000,0.0000000000,-0.0000000000,0.0000000000,0.0000000000,-0.0000000000,-0.0000000000,-0.0000000000,0.0003385835,0.0000000000,-0.0000000000,-0.0846183677,-0.0000000000,-0.0000000000,-0.4292521749,-0.1639535889,-0.0000000000,0.0473978298,0.0000000000,-0.0953300884,-0.3681302062,-0.0331911539,0.0000000000,0.0000000000,0.0000000000,0.0000000000,0.0000000000,-0.0000000000,0.0000000000,0.0000000000,-0.0000000000,0.0000000000,-0.0000000000,-0.0402199933,-0.5049452866,-0.1738691978,0.0000000000,-0.2643601265,0.0000000000,-0.0000000000,-0.0000000000,0.2449548701,0.0000000000,-0.0000000000,-0.0000000000,-0.0840428115,-0.0000000000,-0.0000000000,-0.0000000000,-0.0000000000,0.0000000000,-0.1482987166,-0.0000000000,-0.0000000000,0.0000000000,0.0000000000,0.0000000000,-0.0000000000,0.0000000000,-0.0000000000,-0.1413831643,-0.0000000000,-0.0000000000,-0.0000000000,0.0000000000,-0.0000000000,-0.0000000000,-0.0000000000,0.0000000000,-0.0000000000,0.0000000000,0.0000000000,0.0000000000,0.0643192296,0.0000000000,0.0975596161,0.0000000000,0.3123946575,0.0782388087,0.0000000000,-0.0000000000,0.0000000000,0.0000000000
-0.0000000000,0.0609768753,0.1951802449,-0.0000000000,-0.0000000000,0.0000000000,0.0000000000,-0.0000000000,-0.0000000000,0.0000000000,-0.0000000000,0.0000000000,-0.2436801668,-0.0006863112,0.0000000000,0.0000000000,1.7671404573,-0.2161972667,-0.3514482707,0.0000000000,-0.0000000000,-0.0000000000,-0.0397030219,-0.3777958529,0.2008071612,0.0000000000,-0.0000000000,-0.1728452452,-0.0000000000,0.0000000000,0.0000000000,-0.0000000000,0.1314164056,-0.1945360295,-0.1113865596,0.0000000000,-0.0000000000,0.0000000000,0.1301554122,-0.0000000000,-0.0000000000,-0.0000000000,0.0000000000,-0.0000000000,0.0000000000,-0.0000000000,0.0000000000,0.0000000000,0.0589724058,0.0000000000,-0.0000000000,0.0953079691,0.0499348801,0.0000000000,0.1011877262,0.0000000000,-0.0000000000,0.0000000000,-0.0000000000,-0.1146219908,0.0000000000,-0.0000000000,0.0851618155,0.0143005033,0.0000000000,0.0000000000,-0.0000000000,-0.0304425052,-0.0306883258,-0.0000000000,-0.1210660863,-0.0000000000,-0.0000000000,0.0881841844,-0.0117488476,0.0000000000,-0.0269968378,-0.0000000000,-0.0000000000,-0.0000000000,-0.0494450036,0.0828782267,0.0851699588,0.0000000000,0.0000000000,0.0846171973,-0.0000000000,-0.1625626447,-0.0000000000,0.0000000000,-0.0000000000,-0.1414956737,-0.0821308509,-0.0000000000,0.0000000000,0.0000000000,0.0000000000,0.0000000000,0.0000000000,0.0000000000
-0.0000000000,-0.0000000000,0.0000000000,-0.0000000000,-0.0000000000,0.0000000000,-0.0000000000,-0.3997112366,0.0000000000,0.0000000000,0.0000000000,0.0000000000,0.0000000000,-0.0000000000,0.0000000000,-0.0000000000,-0.2161972667,3.8472269791,-0.1608288992,-0.3211224071,-0.2396919385,0.0000000000,-0.3948142614,0.0000000000,0.0000000000,0.0000000000,-0.0000000000,0.0000000000,0.0000000000,0.0000000000,-0.0000000000,-0.0000000000,0.0000000000,-0.2906886605,0.0000000000,-0.3390186775,-0.0000000000,0.0000000000,0.0000000000,0.3128850049,-0.0000000000,-0.0000000000,-0.0000000000,-0.0000000000,0.0000000000,-0.0000000000,0.0000000000,-0.0000000000,0.0000000000,-0.0000000000,-0.0000000000,-0.0000000000,-0.0000000000,-0.0000000000,0.0000000000,0.0000000000,-0.3213084945,0.0000000000,0.0000000000,-0.0000000000,0.0000000000,0.0000000000,0.0773609592,0.0307124942,-0.0000000000,0.0000000000,-0.0000000000,-0.0000000000,-0.1568341936,-1.5884545691,-0.0000000000,-0.0000000000,-0.0038099535,0.2307444752,-0.0000000000,-0.0000000000,0.0000000000,-0.0000000000,-0.0000000000,-0.0000000000,0.0000000000,-0.0000000000,-0.0000000000,0.0000000000,0.0000000000,0.0000000000,-0.0000000000,-0.0171460461,-0.0000000000,0.0000000000,-0.0000000000,-0.0000000000,-0.0000000000,-0.0000000000,-0.0000000000,-0.0000000000,0.0000000000,-0.2464804073,0.0000000000,-0.0000000000
-0.0000000000,0.0318855372,-0.0000000000,-0.0947877500,-0.0022822268,-0.0000000000,-0.0000000000,-0.0000000000,-0.0000000000,-0.0000000000,-0.0000000000,-0.1961035752,0.0000000000,-0.3266731015,-0.0000000000,0.0000000000,-0.3514482707,-0.1608288992,2.5205486812,-0.0000000000,-0.3959969937,-0.0000000000,-0.0121592532,0.0000000000,0.0000000000,0.0000000000,0.0000000000,0.0000000000,0.0000000000,0.0000000000,-0.0000000000,-0.0000000000,-0.0000000000,-0.3748338892,-0.0000000000,-0.0000000000,-0.0551950334,-0.0000000000,0.0000000000,-0.0000000000,0.0000000000,-0.0968607846,-0.0000000000,-0.0000000000,0.0000000000,-0.0000000000,0.0000000000,0.0000000000,0.0000000000,-0.0000000000,-0.0000000000,0.0000000000,0.1128536868,-0.0000000000,0.0000000000,-0.0000000000,-0.0051068948,-0.0000000000,0.0000000000,-0.0000000000,-0.0000000000,-0.0000000000,-0.0000000000,-0.0000000000,-0.1567988663,-0.0000000000,-0.0000000000,-0.6409894891,-0.0000000000,-0.0000000000,-0.0000000000,-0.0000000000,-0.1050840027,0.0000000000,-0.0000000000,0.0261616223,-0.0000000000,0.0000000000,-0.0000000000,-0.0000000000,0.0000000000,0.1016374318,-0.0000000000,0.0000000000,0.0000000000,0.0000000000,-0.0000000000,-0.0000000000,-0.0000000000,0.1732302808,-0.0000000000,-0.2997903600,-0.0000000000,0.0000000000,-0.0000000000,-0.0000000000,-0.0030230025,-0.0000000000,0.0000000000,-0.0000000000
-0.0000000000,-0.0000000000,-0.0000000000,-0.0000000000,0.0000000000,-0.0000000000,-0.1110511202,-0.0000000000,0.0000000000,0.0000000000,0.0000000000,0.0000000000,-0.0000000000,0.0000000000,-0.0000000000,-0.0000000000,0.0000000000,-0.3211224071,-0.0000000000,3.0076805269,-0.1875327004,0.0795662147,-0.0000000000,-0.0000000000,0.0000000000,0.0475739645,-0.0000000000,0.0000000000,-0.3733212392,-0.0000000000,-0.0000000000,0.0000000000,0.3394280990,-0.0000000000,0.0000000000,-0.3483352379,-0.0000000000,0.1408433224,0.0000000000,-0.0000000000,0.0000000000,0.0000000000,0.1637092843,-0.0000000000,-0.0000000000,-0.0000000000,0.0000000000,-0.0761432467,-0.0000000000,-0.0000000000,0.0000000000,-0.0000000000,-0.6382436310,-0.0000000000,0.0000000000,-0.0000000000,-0.0000000000,-0.0000000000,0.0000000000,0.0000000000,0.0000000000,-0.0000000000,0.0000000000,0.0000000000,-0.1319338229,-0.0000000000,-0.0085620354,0.0124164049,0.0000000000,-0.0000000000,-0.4291857124,0.1129367820,-0.0412683589,0.0000000000,0.0373276029,0.0000000000,-0.0000000000,0.0000000000,0.0000000000,-0.0000000000,0.1046912383,0.0705781999,0.0000000000,0.0000000000,0.0000000000,0.0000000000,0.0000000000,0.0000000000,-0.6693277901,0.0000000000,0.0000000000,0.0000000000,-0.0000000000,0.0370652955,0.0000000000,-0.0000000000,-0.0000000000,-0.0000000000,-0.1227473571,-0.0000000000
0.0181562019,-0.0000000000,-0.0000000000,-0.0000000000,-0.0000000000,-0.0000000000,-0.0000000000,-0.0000000000,-0.0000000000,-0.0000000000,0.0000000000,-0.0000000000,0.0000000000,-0.4105247676,-0.2313417535,0.0000000000,-0.0000000000,-0.2396919385,-0.3959969937,-0.1875327004,3.0200645622,0.1744811874,-0.0000000000,0.0000000000,0.0000000000,0.0000000000,-0.0000000000,0.2593441336,0.0000000000,0.0000000000,-0.0279411731,0.0612198545,0.0000000000,0.0000000000,0.0000000000,-0.0000000000,0.1840551018,0.0000000000,0.0000000000,0.0000000000,-0.0000000000,-0.0000000000,-0.0000000000,-0.0248741309,-0.0000000000,-0.0000000000,-0.0000000000,0.0000000000,-0.0000000000,-0.0000000000,-0.0000000000,-0.0000000000,-0.0000000000,-0.0000000000,0.0000000000,-0.0000000000,-0.2194724857,-0.0000000000,-0.0000000000,-0.0000000000,-0.0000000000,-0.0000000000,0.0000000000,-0.0000000000,-0.4048164625,-0.0000000000,-0.0000000000,-0.0434756703,-0.0000000000,-0.0000000000,-0.4978677235,0.0000000000,-0.4669019009,0.0000000000,0.0000000000,0.0000000000,0.0000000000,0.1618939187,-0.0000000000,-0.0000000000,0.0708252214,0.0000000000,-0.0000000000,0.0000000000,0.0000000000,0.0000000000,0.0000000000,0.0000000000,-0.0000000000,0.0000000000,-0.0000000000,-0.0000000000,-0.0890242696,-0.0000000000,-0.3405936081,-0.0563998275,-0.0000000000,-0.0000000000,-0.0000000000,-0.0000000000
-0.1062032631,0.3342860350,0.0000000000,0.0000000000,0.0196602456,0.0000000000,-0.0211781523,-0.0000000000,0.0000000000,-0.0000000000,-0.0000000000,-0.0000000000,0.0000000000,0.0000000000,0.0000000000,0.0000000000,-0.0000000000,0.0000000000,-0.0000000000,0.0795662147,0.1744811874,1.5787807876,-0.0000000000,0.0000000000,-0.0000000000,-0.0000000000,-0.0000000000,-0.0000000000,0.0000000000,-0.0000000000,0.0000000000,-0.0000000000,-0.0000000000,-0.0505355044,-0.0000000000,0.0166975727,0.0000000000,-0.0000000000,0.0572539880,-0.0000000000,-0.0000000000,0.0000000000,-0.0000000000,-0.0000000000,0.0133752414,-0.1328600173,-0.0000000000,-0.0000000000,-0.0000000000,-0.0000000000,-0.0000000000,0.0000000000,0.0612662476,0.0000000000,0.0422102260,0.0286222769,0.0000000000,0.1688415411,-0.0000000000,-0.1922122092,0.0000000000,0.0000000000,-0.0000000000,0.0000000000,0.0000000000,0.0000000000,-0.0726197208,-0.0000000000,-0.0000000000,-0.0000000000,-0.0000000000,-0.4053317723,-0.1479525725,0.0000000000,-0.1109283959,-0.0000000000,-0.0426313886,-0.0000000000,0.0000000000,-0.0000000000,-0.0000000000,-0.0000000000,0.0000000000,-0.0000000000,-0.0000000000,-0.0828572804,0.0000000000,-0.0000000000,0.0000000000,0.0000000000,0.0000000000,-0.0000000000,-0.0000000000,0.0000000000,0.0000000000,-0.0000000000,-0.0000000000,0.0000000000,-0.0000000000,-0.0000000000
-0.0000000000,-0.0000000000,0.0000000000,0.0000000000,0.0000000000,0.0000000000,-0.0000000000,-0.0000000000,0.0000000000,0.0000000000,0.0000000000,0.0000000000,-0.0000000000,-0.0000000000,-0.0000000000,-0.0000000000,-0.0397030219,-0.3948142614,-0.0121592532,-0.0000000000,-0.0000000000,-0.0000000000,2.9479260005,0.0393616361,0.0000000000,0.0000000000,0.0000000000,-0.0000000000,-0.0000000000,-0.3807643909,-0.0000000000,-0.0000000000,-0.0000000000,-0.1859682183,-0.0000000000,0.0000000000,0.0000000000,-0.0000000000,-0.0000000000,0.0000000000,-0.0000000000,-0.0000000000,-0.0000000000,-0.0000000000,-0.0000000000,-0.0000000000,-0.0563499862,-0.0000000000,0.0000000000,-0.0000000000,-0.0000000000,-0.0000000000,-0.0000000000,0.0000000000,0.0000000000,0.0000000000,-0.0000000000,0.0000000000,0.0000000000,0.0000000000,-0.0000000000,0.0000000000,-0.0000000000,0.0000000000,-0.0000000000,-0.0000000000,-0.0000000000,-0.1338454820,-0.2722595053,-0.3899419817,-0.0854658444,-0.1469833217,-0.5677905932,0.0000000000,-0.0000000000,-0.0148275460,0.0000000000,-0.3223052145,-0.0147711363,-0.0000000000,0.0000000000,-0.0000000000,-0.0000000000,-0.0000000000,-0.0000000000,-0.0000000000,0.0000000000,-0.0000000000,-0.0000000000,0.0000000000,-0.0000000000,-0.0000000000,-0.0000000000,-0.0000000000,-0.1820399367,-0.0000000000,0.0000000000,-0.6296950015,0.0000000000,0.0000000000
-0.0596077229,0.1635655405,-0.0000000000,-0.0000000000,-0.1448101790,-0.0641004658,-0.0000000000,-0.0000000000,-0.0000000000,-0.0000000000,-0.0820806686,-0.0000000000,-0.0000000000,0.0000000000,0.0000000000,-0.0000000000,-0.3777958529,0.0000000000,0.0000000000,-0.0000000000,0.0000000000,0.0000000000,0.0393616361,2.6385554685,-0.0776852201,-0.2240118676,-0.0000000000,-0.0907903319,-0.0333646251,0.0000000000,0.0000000000,-0.0000000000,0.0227902555,-0.0000000000,-0.0000000000,-0.0000000000,-0.0000000000,0.0000000000,0.0000000000,-0.2140413586,-0.0000000000,-0.0000000000,-0.0000000000,-0.0000000000,0.0000000000,-0.0000000000,0.0000000000,0.0000000000,-0.0000000000,0.0000000000,-0.0000000000,-0.0000000000,0.0511920191,0.0000000000,-0.0000000000,-0.0000000000,0.0000000000,-0.0000000000,-0.0000000000,-0.5053344123,-0.0000000000,-0.0000000000,0.0000000000,0.0000000000,0.0000000000,-0.0000000000,-0.0000000000,0.0000000000,0.0000000000,0.0905085755,-0.0000000000,-0.0000000000,0.0000000000,-0.0000000000,-0.4766294571,-0.0000000000,-0.5499487658,-0.0000000000,0.0154832182,0.0098789794,-0.1936847268,0.0000000000,0.0572972615,-0.0030413454,0.0000000000,0.0000000000,-0.0000000000,-0.0000000000,-0.0000000000,-0.2441489888,0.0206167747,0.0000000000,0.0000000000,0.0000000000,0.0306363806,0.0000000000,0.0000000000,0.2303575267,-0.0000000000,0.0000000000
-0.4572837206,0.0000000000,-0.1371087242,-0.0000000000,0.0000000000,-0.0000000000,-0.0000000000,0.0000000000,-0.0000000000,-0.0000000000,-0.0000000000,-0.2270242970,0.0000000000,-0.0000000000,0.0000000000,-0.0000000000,0.2008071612,0.0000000000,0.0000000000,0.0000000000,0.0000000000,-0.0000000000,0.0000000000,-0.0776852201,2.1398388678,-0.5563427281,-0.0000000000,-0.0000000000,-0.0000000000,0.0000000000,-0.0000000000,0.0000000000,-0.0000000000,0.0000000000,-0.0000000000,0.0000000000,0.0000000000,-0.0731581084,0.0000000000,0.0000000000,0.0000000000,-0.2532848569,-0.0000000000,-0.0677738141,-0.1347136567,0.0000000000,0.0000000000,0.0000000000,-0.0000000000,0.0000000000,-0.0000000000,-0.0000000000,0.2542488994,-0.0000000000,-0.0000000000,-0.0000000000,0.0000000000,0.0000000000,-0.0000000000,-0.0000000000,-0.0000000000,0.0000000000,-0.0000000000,-0.0000000000,0.0000000000,-0.0000000000,0.0000000000,0.0000000000,0.0000000000,0.0283200582,0.0000000000,0.0000000000,0.0000000000,-0.1515083821,0.0000000000,-0.1479009303,-0.0000000000,0.0000000000,-0.0000000000,0.0097992501,0.0000000000,0.0000000000,-0.0000000000,-0.0666566869,-0.0000000000,-0.0000000000,-0.0000000000,-0.0000000000,-0.0000000000,-0.0000000000,-0.0000000000,-0.0000000000,0.0000000000,-0.0000000000,0.0000000000,-0.0000000000,0.0000000000,-0.0000000000,0.0000000000,0.0000000000
-0.0000000000,0.0000000000,-0.0052116531,0.0000000000,-0.0253351676,-0.0000000000,-0.0000000000,-0.0000000000,0.0000000000,-0.5384773549,-0.0000000000,-0.2689969362,0.0000000000,0.0000000000,0.0000000000,0.0003385835,0.0000000000,0.0000000000,0.0000000000,0.0475739645,0.0000000000,-0.0000000000,0.0000000000,-0.2240118676,-0.5563427281,2.8972088550,-0.2051217870,-0.0000000000,0.0441031696,0.0000000000,0.0000000000,0.0000000000,-0.0000000000,0.0000000000,-0.0000000000,0.0000000000,0.1735727404,0.0000000000,-0.0000000000,-0.0000000000,0.0000000000,-0.0180825959,-0.0784434074,0.0000000000,-0.0000000000,-0.0000000000,0.0000000000,0.1364649295,-0.0000000000,0.0057100566,-0.0000000000,-0.0000000000,0.1133221461,-0.0000000000,0.0000000000,-0.0000000000,0.0000000000,0.0000000000,-0.2276502962,-0.0465242327,-0.2898823934,-0.0000000000,0.0000000000,0.0582324909,0.0000000000,-0.0000000000,-0.0000000000,0.0000000000,0.0000000000,0.0000000000,-0.0000000000,-0.0000000000,0.0000000000,-0.0000000000,-0.0365448146,-0.6942765029,-0.0000000000,-0.0000000000,0.0095316763,0.1864279414,-0.0000000000,0.0000000000,-0.0000000000,-0.0000000000,-0.0000000000,-0.0000000000,-0.0000000000,-0.0000000000,0.0000000000,-0.0000000000,-0.0000000000,0.0000000000,0.0000000000,-0.0000000000,-0.0000000000,-0.0000000000,-0.0000000000,0.2460502411,-0.0000000000,0.3867009745
-0.0000000000,-0.0000000000,-0.0000000000,-0.0000000000,-0.0000000000,-0.0000000000,-0.1069574606,-0.0528155813,-0.0000000000,-0.0000000000,0.0000000000,-0.0000000000,-0.0000000000,-0.1722409163,0.0000000000,0.0000000000,-0.0000000000,-0.0000000000,0.0000000000,-0.0000000000,-0.0000000000,-0.0000000000,0.0000000000,-0.0000000000,-0.0000000000,-0.2051217870,2.6053897870,-0.0000000000,-0.0000000000,-0.0000000000,0.1475323576,0.0000000000,-0.0000000000,-0.0000000000,-0.6055039555,-0.0000000000,0.0162306739,0.3758370610,0.0000000000,0.0000000000,-0.0000000000,0.0000000000,0.0000000000,0.0000000000,-0.0362050688,-0.0668779772,-0.0000000000,-0.0830535150,0.0000000000,0.0000000000,-0.2196288096,-0.0000000000,0.0000000000,-0.0941061897,0.0000000000,-0.0000000000,0.0000000000,-0.0000000000,-0.1435923112,-0.0000000000,0.0000000000,-0.0000000000,-0.0000000000,0.1292695590,0.0000000000,-0.0000000000,-0.0000000000,0.2369082554,0.0000000000,0.0000000000,-0.0000000000,0.0000000000,-0.0000000000,-0.0000000000,-0.0000000000,-0.0000000000,-0.1109958135,-0.0000000000,0.1807033292,-0.0000000000,-0.0000000000,0.0000000000,-0.0072457814,-0.2761907722,-0.8129899322,-0.1346108717,0.0000000000,-0.2237106612,-0.0000000000,-0.0497750707,-0.0000000000,-0.0000000000,-0.0061509728,-0.0000000000,0.0000000000,0.0000000000,-0.0000000000,-0.0000000000,-0.0000000000,0.0000000000
-0.0000000000,0.0000000000,0.0000000000,0.0000000000,0.0000000000,0.0771805690,0.0000000000,0.0000000000,-0.0000000000,-0.0000000000,-0.0000000000,0.0000000000,-0.2696159784,0.0000000000,0.0000000000,-0.0000000000,-0.1728452452,0.0000000000,0.0000000000,0.0000000000,0.2593441336,-0.0000000000,-0.0000000000,-0.0907903319,-0.0000000000,-0.0000000000,-0.0000000000,2.9381048419,-0.0724617966,-0.0000000000,0.0000000000,-0.1568559873,0.0000000000,-0.1220991964,-0.0000000000,0.0000000000,-0.4418423698,-0.0000000000,-0.0000000000,-0.0000000000,-0.2633283437,-0.0000000000,-0.0000000000,-0.0000000000,0.0000000000,-0.0000000000,-0.0000000000,-0.0000000000,0.0021381913,0.0000000000,-0.0000000000,-0.0000000000,0.0000000000,0.0000000000,0.0000000000,0.0000000000,0.1566776221,0.0000000000,-0.0000000000,-0.0000000000,-0.0000000000,-0.0000000000,-0.0000000000,0.0411216038,0.0000000000,0.0000000000,0.0000000000,0.0010617913,0.0000000000,0.0000000000,-0.0000000000,-0.3554553719,0.0000000000,-0.0000000000,-0.0000000000,-0.0000000000,-0.5945885419,-0.2600792414,0.0000000000,-0.0000000000,-0.0647807249,-0.0000000000,0.0000000000,-0.0213327482,0.0000000000,-0.0000000000,-0.0000000000,-0.8587612203,0.0000000000,-0.0000000000,-0.0000000000,0.0000000000,-0.0000000000,-0.0000000000,0.0000000000,-0.0000000000,0.0000000000,-0.0000000000,0.0000000000,0.0000000000
-0.0000000000,0.0000000000,-0.0000000000,0.0000000000,0.0000000000,-0.0000000000,-0.0000000000,0.0000000000,-0.0000000000,0.0000000000,0.0000000000,0.0000000000,-0.0000000000,0.0000000000,-0.0000000000,-0.0846183677,-0.0000000000,0.0000000000,0.0000000000,-0.3733212392,0.0000000000,0.0000000000,-0.0000000000,-0.0333646251,-0.0000000000,0.0441031696,-0.0000000000,-0.0724617966,2.4676255043,0.0000000000,-0.0000000000,0.0000000000,0.0000000000,-0.0000000000,0.0000000000,-0.0000000000,-0.0000000000,0.0000000000,0.0000000000,-0.0000000000,-0.0000000000,0.0000000000,0.0000000000,-0.0000000000,-0.1315265724,0.0000000000,-0.0000000000,-0.2190646948,0.0000000000,0.0000000000,0.0000000000,-0.0063571129,-0.0000000000,0.0000000000,-0.0000000000,0.0000000000,0.1874867442,-0.0000000000,-0.0000000000,0.0636186188,0.0000000000,-0.0608366135,-0.0000000000,-0.0000000000,-0.0000000000,-0.0000000000,-0.0000000000,0.0905569698,0.0000000000,0.0000000000,-0.1571740920,0.0000000000,-0.0000000000,-0.0000000000,-0.0000000000,-0.0000000000,-1.2370807136,-0.0000000000,-0.0000000000,-0.0000000000,-0.2667046315,-0.0000000000,-0.0000000000,-0.0229894795,-0.0000000000,-0.0000000000,-0.0000000000,-0.0000000000,-0.3173831052,-0.1459203993,0.0276164011,0.0000000000,0.0000000000,0.0416025050,0.0000000000,0.0000000000,0.0730613422,-0.0000000000,-0.0000000000,0.0000000000
