2.576128060265343578e+00,-0.000000000000000000e+00,0.000000000000000000e+00,0.000000000000000000e+00.1,-0.000000000000000000e+00.1,0.000000000000000000e+00.2,-0.000000000000000000e+00.2,-0.000000000000000000e+00.3,3.739048763561791250e-02,-0.000000000000000000e+00.4,0.000000000000000000e+00.3,-0.000000000000000000e+00.5,0.000000000000000000e+00.4,-0.000000000000000000e+00.6,0.000000000000000000e+00.5,-5.911063357603484753e-02,-0.000000000000000000e+00.7,-0.000000000000000000e+00.8,0.000000000000000000e+00.6,-5.025959252501004809e-02,-2.084526079902007927e-03,-0.000000000000000000e+00.9,0.000000000000000000e+00.7,0.000000000000000000e+00.8,-4.435838310977081034e-01,0.000000000000000000e+00.9,0.000000000000000000e+00.10,-3.128028483533221854e-02,0.000000000000000000e+00.11,1.854579238523294468e-02,0.000000000000000000e+00.12,-6.476887784177766394e-02,-0.000000000000000000e+00.10,0.000000000000000000e+00.13,0.000000000000000000e+00.14,-0.000000000000000000e+00.11,0.000000000000000000e+00.15,-0.000000000000000000e+00.12,2.292824882219953939e-02,4.098327952014647890e-02,4.676526285148432938e-02,0.000000000000000000e+00.16,1.528222458344134227e-01,0.000000000000000000e+00.17,-0.000000000000000000e+00.13,0.000000000000000000e+00.18,0.000000000000000000e+00.19,-1.540516235177996907e-01,-5.181067550548505984e-01,-0.000000000000000000e+00.14,-8.934798468364886226e-01,0.000000000000000000e+00.20,3.689259639379920824e-02,1.021702253267300076e-01,-0.000000000000000000e+00.15,0.000000000000000000e+00.21,1.949824064992041750e-01,1.723166668246272834e-02,0.000000000000000000e+00.22,1.622970968585034646e-01,0.000000000000000000e+00.23,-0.000000000000000000e+00.16,0.000000000000000000e+00.24,4.823179200855246679e-02,0.000000000000000000e+00.25,-0.000000000000000000e+00.17,-0.000000000000000000e+00.18,-0.000000000000000000e+00.19,0.000000000000000000e+00.26,5.270534150980227955e-02,-0.000000000000000000e+00.20,1.000921747904116726e-01,0.000000000000000000e+00.27,5.513558512246987536e-02,-0.000000000000000000e+00.21,0.000000000000000000e+00.28,0.000000000000000000e+00.29,0.000000000000000000e+00.30,0.000000000000000000e+00.31,-7.368370010107538892e-02,4.575253507359897803e-02,0.000000000000000000e+00.32,-0.000000000000000000e+00.22,0.000000000000000000e+00.33,-0.000000000000000000e+00.23,-0.000000000000000000e+00.24,0.000000000000000000e+00.34,-0.000000000000000000e+00.25,-0.000000000000000000e+00.26,0.000000000000000000e+00.35,0.000000000000000000e+00.36,-0.000000000000000000e+00.27,0.000000000000000000e+00.37,-1.786931942906004947e-02,0.000000000000000000e+00.38,-0.000000000000000000e+00.28,0.000000000000000000e+00.39,-1.598721345025260962e-02,-3.209843641284495508e-01,-1.773202980129873207e-02
-0.0,2.8928667540036628,-0.06552284745105295,-0.565582372095266,-0.10541988548285725,0.0,-0.0,-0.8087539197059037,-0.0,-0.0,-0.0,-0.0,-0.0,0.0,-0.0,-0.0,-0.0,0.0,0.05091290536261664,-0.0,-0.0,-0.0,-0.0,-0.0,0.0,-0.12862509391761176,0.0,-0.0,-0.0,-0.0,-0.0,0.0,-0.0,0.11436439228684672,0.0,-0.0,-0.0007215843185783365,0.0,0.0,0.024058817716430488,0.0,0.0,0.0,0.0,0.0,0.08706877618562153,0.0,0.0,0.0,0.0,0.0,-0.6800167930514897,0.0,-0.0,-0.14506144881418487,0.0,-0.0,-0.3235285583643198,0.0,0.0,-0.0,0.0,0.08661275599222938,0.0,0.0,-0.0,0.0,0.0,0.3639264906297287,0.0,-0.0,0.0,-0.0,0.0,-0.0,-0.0,-0.0,-0.0,-0.0,0.0,0.08417817874650253,0.02935151167450543,0.0,0.0,0.0,0.046785682430105245,-0.0,0.0,-0.0,0.0,0.037268186707110955,0.00032761239818743384,0.0,0.04525204542048114,0.0,-0.0,0.0,0.0,0.0,0.0
0.0,-0.06552284745105295,2.0227086402925605,-0.0,0.042804608323973085,-0.0,-0.07902937526177657,-0.1570748563094382,-0.24509297884342524,-0.0,0.0,-0.0,-0.25881330288283005,-0.0,0.013027274898162015,-0.0,-0.0,-0.06940885811864102,-0.05854254783597251,-0.0,-0.0,-0.0,-0.0,-0.0,0.0,-0.23787318130810048,0.0143365268581511,-0.0,-0.0,0.023361359898120874,-0.11088991959141496,0.0,0.0,-0.0059152448313244165,-0.0,-0.0,-0.0,0.0,-0.0,-0.0,-0.0,-0.0,-0.0,0.0,-0.0,0.09432154106849955,-0.0,0.0,-0.0,0.0,0.4484088526315823,-0.1370644786594322,0.0,0.0,0.0,-0.19778983997584015,-0.0,-0.0730934016120659,0.0,0.0,-0.0,0.0,0.0,-0.0,-0.0,0.012264692644989552,0.0,-0.0,0.0,-0.16468625776219764,0.02658078093645516,0.0,0.0,0.0,-0.0,0.0,-0.0,0.0,-0.02201562774667024,0.0,0.0,0.0,0.12807670553583017,0.0,0.0,0.0,0.0,0.0,-0.0,0.0,0.0,0.0,0.1607167398900075,0.0,0.0,0.02209178880308261,0.0,0.039082975950794414,0.025237594108969415,0.052966564151682945
0.0,-0.565582372095266,-0.0,2.3669225244077383,-0.33192715476328327,0.0,-0.16380980015273944,-0.08337927290330391,0.0,-0.0,-0.15699539111749453,-0.0,-0.0,0.0,-0.0,-0.08338729339046563,-0.0,-0.0,0.0,0.0,-0.23413258787875707,-0.0,0.03049057097272986,-0.0,0.0,-0.14714286942271543,0.0,0.0,-0.0,0.0,-0.0,-0.0,-0.1652579033992616,0.0,-0.0,0.0,-0.0,-0.0,0.0,0.0,0.0,-0.0,0.0,-0.0,0.0,0.00037917646176334127,0.0,-0.0,0.08024195831716664,0.0,0.058128897521740365,-0.31296443391814566,-0.0,-0.7858903360671428,0.0,0.08843366631561203,-0.0,-0.13969081225634258,0.0,-0.0,-0.0,0.0,0.0,-0.0,-0.0,0.0,-0.0,0.0,0.0,-0.0,-0.0,-0.0,0.19808577716206133,0.0,-0.0,-0.0,-0.0,0.0,0.0,0.0,0.0,-0.0,-0.0,-0.16646615296943945,-0.0,-0.0,-0.2626578129860547,0.0,-0.0,0.0,0.0,0.0,0.0,-0.0,-0.0,-0.04185738505569082,-0.0,-0.0,0.0,-0.0
-0.0,-0.10541988548285725,0.042804608323973085,-0.33192715476328327,2.4255700235996502,-0.0,-0.0,-0.0,0.0,0.0,0.0,0.0,0.0,0.0,0.0,-0.11845752598973648,-0.03814390281216931,0.0,0.0,-0.0,-0.0,-0.15211200757080307,-0.030306597741068027,-0.0,0.0,0.0,0.0,0.13322507650432955,0.0,-0.00915476295010265,0.0,-0.0,-0.0,0.0,-0.0,0.07249719050062142,-0.0,0.0,-0.0,0.020800821437765554,0.0,-0.0,0.0,-0.0,0.0,0.0,-0.0,-0.0,0.0,-0.0,-0.0,0.0,0.06460639806015245,-0.4727973480797618,-1.376185788359402,0.0,0.0,-0.14064225687634485,0.03122439413612985,0.0,0.0,0.0,0.05788910822003456,0.0,0.22423092936941755,0.0,-0.0,0.040963561849491806,0.0,0.18416549418129705,-0.009505426823442438,-0.0,0.0,0.0,0.0,0.06046415160886564,0.10132369162575439,-0.0,-0.0,0.0,0.009205359966637931,-0.0,0.0,-0.014742839659811852,0.0,-0.01721589160902408,-0.0,0.0,-0.0,0.0,-0.0,0.0,0.0,0.0,0.0,-0.0,-0.0,-0.0,-0.0,-0.0
0.0,0.0,-0.0,0.0,-0.0,2.910618212701588,-0.0,-0.0,-0.0889773256932788,-0.0,0.08316313294441773,-0.0,-0.0,-0.0,0.0,-0.0,-0.03967863455869176,-0.11191853646811392,-0.12417571900210912,-0.0,-0.0,-0.0,-0.0,0.0,-0.23745814302691973,0.0,0.0623760315204985,0.0,-0.0,-0.0,0.032898976662060986,-0.0,-0.0,-0.0,0.0,0.0,0.026428200545297716,0.0,-0.0,-0.0,0.0,-0.06045503683847898,0.0,-0.0,-0.0,0.0,-0.0,0.0,-0.21668609724081103,-0.0,-0.0,0.0,0.0,0.0,-1.1119443703972776,-1.1210357552936645,0.0,0.0,-0.007257990948481218,-0.015536718171018258,-0.0,0.0,-0.0,-0.010188703327140128,0.0,0.0,-0.0,-0.0,-0.03344924421128765,-0.02113158640786282,-0.0,-0.07426804224394636,-0.0,-0.06490941043383941,0.0,-0.0,-0.0,-0.0,-0.0,0.0,0.0,0.0,0.0,0.0,0.1154511230291816,-0.0,0.0,-0.0,-0.0,0.0,-0.0,-0.0,-0.0,-0.17932664041221932,-0.0,0.0,0.0399231744164095,0.019807837348868967,-0.0,-0.0
-0.0,-0.0,-0.07902937526177657,-0.16380980015273944,-0.0,-0.0,3.16611940298668,-1.449279847325934,-0.16975050247597323,-0.0,-0.0,-0.32533843102962345,-0.0,-0.0,-0.011807045179509907,-0.21212920624814607,-0.2133656523732539,-0.1974165239078229,-0.0,-0.0,-0.12616320236076367,-0.0,-0.0,-0.0,-0.0,-0.0353030215574928,-0.0,-0.0,-0.0,0.0,-0.0,-0.007534231983729665,-0.09779054421246201,0.0,0.0,-0.0,-0.0,-0.09211143550168781,0.0,-0.0,0.0,0.0,0.0,-0.0,0.0,0.0,0.0,0.0,-0.05209900711643344,-0.0,-0.0,-0.0,0.0,0.2554204290204006,-0.0,-0.0,-0.0,-0.0,0.0,0.0,0.0,0.15861916955400499,0.011458981143098053,0.0,-0.0,0.0,-0.0,0.0,0.0,-0.0,0.0,0.1452606824689404,0.2739745316569451,0.0,-0.0,-0.0,-0.0,0.20564070086454575,0.0,-0.0,0.0,0.11098480536844912,0.0,0.0,0.0,0.0,-0.0,0.0,-0.031751968268125826,0.0,0.0,0.018680088758704912,0.0,0.0,0.0,-0.0,0.0,0.0,-0.0,-0.0
-0.0,-0.8087539197059037,-0.1570748563094382,-0.08337927290330391,-0.0,-0.0,-1.449279847325934,4.466055633751782,-0.293074267122257,-0.0,-0.2055815336066584,-0.0,-0.0,-0.0,-0.0,-0.0,-0.0,-0.0,-0.0,0.0,-0.1937122677035704,0.0,0.0,-0.0,-0.0,-0.0,0.0,0.0,-0.0,0.0,-0.0,-0.0,-0.0,0.0,0.0,-0.0,-0.0,-0.0,0.0,0.0,0.0,0.0,0.0,-0.0,0.0,0.0,0.031000698552631246,0.0,-0.0,0.0,-0.0,-0.046676225064869355,-0.0,0.0,-0.0,-0.0,-0.6954792936140672,-0.8114494009460158,0.0,0.0,0.0,0.0,0.0,0.0,-0.0,0.0,0.0,0.0,0.0,-0.0,0.03553911837135162,0.0,-0.0,0.0,0.0,0.0,-0.0,0.0,-0.03171109694469829,-0.0,0.19831268048314205,0.0,-0.0,0.0,0.0,0.05439061173188271,-0.0,0.0,-0.0,0.07640322847392153,0.0,0.1970971690223323,0.0,0.0,0.0,-0.3423919496228149,0.0,0.0,-0.0,0.0
0.03739048763561791,-0.0,-0.24509297884342524,0.0,0.0,-0.0889773256932788,-0.16975050247597323,-0.293074267122257,2.952274859802648,-0.0,-0.0,-0.0,-0.08720909880903004,-0.0,-0.04030610981305512,0.0,-0.0,-0.0,-0.0,-0.0,-0.0,-0.0,-0.0,-0.0,-0.0,-0.0,-0.0,0.0,-0.3419358909866868,-0.0,0.0,0.0,-0.0,-0.0,0.0,-0.5387203077239294,-0.02361477495057895,0.0,-0.18568421345233305,-0.14312429639080118,-0.13185678550025767,-0.0,-0.0,-0.0,-0.02867881764820065,-0.0,-0.0,0.16659519491542915,-0.0,0.0,0.0,-0.0,-0.0,0.138024005890217,-0.017603315393176926,-0.5809742833678131,-0.0,-0.783394283483541,-0.11631339928702192,-0.0,-0.0,0.0,0.0,-0.01106199462599712,-0.0,-0.0,-0.0,-0.0,-0.0,-0.0,0.0,0.0,-0.0,-0.0,0.0,-0.0,-0.06596263205816977,0.0,0.12362324052410414,0.09741687672640544,-0.0,0.0,0.02196875777398367,0.0,0.0,0.1361724787589997,-0.0,-0.0,-0.0,-0.0,-0.008531035014404519,0.0,0.0,0.0,-0.0,-0.0,0.0,0.0,-0.0,0.0
-0.0,-0.0,-0.0,-0.0,0.0,-0.0,-0.0,-0.0,-0.0,3.3504129130445035,-0.0,-1.2336737363654615,0.0,0.0,-0.0,-0.2673084446551852,-0.0,-0.078471391776981,-0.0,-0.07529910961227294,-0.041921094319153474,-0.0,-0.0,-0.0,-0.6475903400448846,-0.13099262123834685,-0.0,-0.0,-0.0,0.0,-0.09001365636073395,-0.4540831702618977,-0.07208809514884237,-0.0,-0.0,0.0,-0.0,-0.13354322122816256,-0.0,-0.13527658206208,0.0,-0.3656621480639039,-0.0,-0.09701131116689188,-0.0,0.0,0.0,0.0,-0.0,0.0,0.0,0.0,0.08604759413369313,-0.0,-0.0,0.0,0.0,0.004445860448212374,-0.31556223560707647,-0.0,-0.0,0.0,0.0,0.0,-0.0,0.07106619158503913,-0.0,0.0,0.0,-0.0,-0.0,0.0,0.0,-0.0,-0.0,-0.23374800628441575,-0.0,0.0,-0.0,-0.0,-0.0,0.0,-0.0,-0.0,-0.0,-0.0,-0.0,-0.03620099057967984,-0.0,0.0,0.0,-0.0,0.0,-0.0,-0.0,-0.1691426796175499,-0.0,-0.0,0.0,0.0
0.0,-0.0,0.0,-0.15699539111749453,0.0,0.08316313294441773,-0.0,-0.2055815336066584,-0.0,-0.0,2.0921299792252923,-0.42531866523904654,-0.16329844841725835,-0.40657071404879935,-0.24345722689926172,0.0,-0.0,-0.0,0.0,0.0,-0.0,-0.0,-0.0,-0.0,0.0,-0.45650465423062025,-0.0,-0.0,-0.0,0.0,-0.04177729163225018,-0.0026639323078418075,0.0,0.0,-0.0,0.0,-0.0,-0.0,0.0,-0.0,-0.0,-0.034383830357134354,-0.03447934545197664,-0.020253689070300993,-0.11117753319144039,-0.0,0.0,-0.0,0.0,0.0,0.0,0.0,-0.0,0.0,0.0,0.0,-0.0,-0.0,0.0,-0.1521075587907542,-0.0,0.0,-0.0,0.0,-0.0,-0.0,-0.0,0.13233102592175305,0.05898686598824919,-0.0,0.11700876660995652,-0.0,0.028342346876088217,-0.14905827088819104,0.0,0.0,0.0,-0.0,-0.0,-0.051586902349598486,0.0,0.0,-0.055062999835923054,-0.0,-0.0,0.0,-0.0,-0.03103290446819331,0.0,-0.0,0.0,-0.0,-0.0,0.0,-0.0,-0.15351842252273107,-0.0,0.0,0.0,0.0
-0.0,-0.0,-0.0,-0.0,0.0,-0.0,-0.32533843102962345,-0.0,-0.0,-1.2336737363654615,-0.42531866523904654,3.918080823826191,-0.6118118898146471,-0.0,0.0,-0.0,-0.38956883711403134,-0.014150037120569009,-0.0,-0.1297790734712553,-0.0,-0.0,-0.0,-0.1907061121127765,-0.0,-0.6381815448376926,-0.0,-0.1614840394371695,0.0,0.19026925287781807,-0.06877173419819525,-0.0,-0.0,-0.0,-0.0,0.0,0.0,-0.0,0.0,-0.0,-0.0,-0.0,-0.0,-0.0,-0.0,0.0,0.0,0.0,-0.0,0.0,-0.0,0.0,0.0,0.06902101820212941,-0.0,0.0,0.0,0.0,0.0,-0.0,-0.7003423301545303,0.0,-0.0,0.07758829499938953,-0.0,0.022577558411817043,-0.0,0.0,0.2700957692142811,-0.0,0.0,0.0,0.07854048365477438,-0.0,-0.0,-0.0,-0.0,-0.0,-0.0,0.0,0.0,0.04455716792534472,0.0,0.0,0.0,0.0,0.0,-0.0,0.0,0.0,0.0,0.0,0.0,0.0,0.0,-0.0,0.0,0.0,-0.0,0.0
0.0,-0.0,-0.25881330288283005,-0.0,0.0,-0.0,-0.0,-0.0,-0.08720909880903004,0.0,-0.16329844841725835,-0.6118118898146471,2.7724001710589663,-0.30851265063986744,-0.0,0.0,-0.20550676484992844,-0.0,-0.0,-0.0,0.0,-0.02447450091938686,-0.0,0.0,0.0245703407202336,-0.18104900495637943,-0.0,-0.07728492100031005,0.0,-0.0,-0.005429249675780396,0.0,-0.0,-0.05872055520397685,-0.0,-0.12676431520094117,-0.0,0.0,0.0,-0.0,-0.221025080054536,0.012266270297083784,0.0,0.0,-0.0,0.0,-0.0,0.0,-0.0,-0.0,0.0,-0.0,0.0,0.29028964172011057,0.0,-0.0,0.0,-0.0,0.2369212557239252,-0.0,-0.0,-0.6425495939571907,-0.09539841537498485,0.0,-0.0,0.0,0.0,-0.0,0.0,-0.0,0.20225808517152008,0.0022810126587716265,0.01828896777748886,0.0,0.0,0.0,-0.0,-0.0,-0.0,0.0,0.0,0.0,0.11363693796316685,0.16102153026925975,0.0,0.03514559786879876,0.0,-0.006222042530759398,-0.0,0.0,0.009964124215231986,0.3596334354552626,0.17318929111889947,0.049655204992738886,0.006678874477162899,0.0,0.10998383312820777,0.0,0.0,0.0
-0.0,0.0,-0.0,0.0,0.0,-0.0,-0.0,-0.0,-0.0,0.0,-0.40657071404879935,-0.0,-0.30851265063986744,2.145485210916114,-0.20968075451804985,0.24645830989846576,-0.2249995287473604,-0.0,-0.5323185297347636,-0.0,-0.27994798140488686,0.0,-0.002342869533437843,0.11691541205455235,0.0,0.0,0.0,0.0,-0.0,-0.0,-0.0,-0.0,0.0,0.0,0.0,-0.0,0.005107105533365012,-0.16288048204200703,-0.0,-0.2092600479655068,-0.015423115399254908,-0.0,0.0,-0.0,-0.0,-0.0,-0.0,0.0,-0.0,-0.10153985287805078,-0.0,0.0,0.00661309662433994,0.12116700598077335,-0.0,-0.0,-0.08583035532653446,-0.0,0.0,-0.0,0.0,0.0,-0.0,-0.04521471456420497,-0.0,-0.0,-0.0,-0.0,0.0,-0.0,0.0,0.0,-0.0,-0.09483738712571187,0.028860692985182332,0.19403232240648108,0.14890066999874854,-0.0,-0.0,0.0,0.04162347419880893,0.0,-0.0,0.02465849636855789,0.24346950769987064,-0.0,0.0934674399180678,-0.0,-0.05044883701650521,-0.0,0.0,-0.0,-0.0,-0.0,0.0,0.0,-0.0,0.0,-0.0,-0.0
0.0,-0.0,0.013027274898162015,-0.0,0.0,0.0,-0.011807045179509907,-0.0,-0.04030610981305512,-0.0,-0.24345722689926172,0.0,-0.0,-0.20968075451804985,3.171011799149651,0.0,0.0,0.0,0.0,0.0,-0.2161467687253938,0.0,-0.12860270608086996,0.0,-0.06341669888817629,-0.0,-0.0,-0.0,-0.28085012378203894,-0.2576807669901022,-0.0,-0.03845479735306733,-0.0,0.0,0.0,-0.133633723008803,-0.1309511712113279,-0.0,-0.0,-0.10278087906183928,0.0,0.0,-0.0,-0.0,-0.0,-0.0,0.0,0.0,0.0,-0.0,0.0,0.0,0.0,0.0,-0.0,0.0,-0.0,-0.024961729894564397,0.0,-0.0,0.0,0.0,0.0,-0.029025170211781613,-0.0,-1.9290828781433504,0.0,0.021026917935728195,0.0,0.0,-0.0,0.0,-0.0,-0.0,0.0,-0.0,-0.0,-0.025033120896821855,0.0,-0.16740374880555287,0.0,0.0,0.0,-0.0,0.030755529606917808,0.0,-0.0,0.0,0.0,0.223840012448898,0.0,-0.0,-0.0,-0.0,-0.0,-0.0,-0.0,0.17127318521376916,0.0,0.0
-0.05911063357603485,-0.0,-0.0,-0.08338729339046563,-0.11845752598973648,-0.0,-0.21212920624814607,-0.0,0.0,-0.2673084446551852,0.0,-0.0,0.0,0.24645830989846576,0.0,2.323889054726717,-0.24487735496688007,-0.39433453589676937,-0.0,-0.002764332690117696,-0.0,-0.10198038991497556,-0.0,-0.2680089816957993,-0.0,-0.0,-0.0,-0.0,0.0,0.2902475992458162,0.0,-0.0,-0.1568030339605481,-0.48756456232239714,-0.31139999109967814,0.10989718837340436,0.0,0.0,0.0,0.0,0.0,0.0,0.0,0.0,0.0,0.21785901715757805,0.0,-0.07950084312973615,0.0,0.025307057347060714,-0.0,0.0,-0.030148211343954175,-0.0,-0.0,0.0,0.0,0.0,0.0,0.0,0.0,0.13711978725688098,0.07838794311223543,0.0,-0.0,0.0,-0.08052008731909102,0.0,-0.0,-0.0,-0.0,-0.016228205615918527,0.0,0.0,-0.0,-0.0,-0.0,0.0,-0.0,-0.0,-0.0,0.0,0.0,-0.09084834425393824,-0.0,-0.027746210009795064,0.0,0.03492920420692448,0.0,0.0,-0.0,-0.0,0.08059925870485243,0.04978049582653259,0.0,-0.0,0.0,-0.0,0.0,0.0
-0.0,-0.0,-0.0,-0.0,-0.03814390281216931,-0.03967863455869176,-0.2133656523732539,-0.0,-0.0,-0.0,-0.0,-0.38956883711403134,-0.20550676484992844,-0.2249995287473604,0.0,-0.24487735496688007,2.970418282146868,-0.0,-0.6353848159642774,-0.16845595269998367,-0.0,-0.907331363155182,-0.0,-0.1821463877088458,-0.0,0.0,0.0281924638046512,0.0,0.0,0.0,-0.0,-0.0,-0.0,-0.0,-0.0,0.0,0.10023560484524108,-0.0,0.0,-0.0,-0.0,0.0,0.0,-0.0,-0.0,0.0,0.0,0.0,-0.0,0.0,-0.13939863857739107,0.027449123056920054,0.0,0.0,-0.0,-0.05051779509781834,0.0,-0.0,0.3261340999590529,0.055815187617036,0.04292146919441427,0.0,0.0,0.09124306243422392,0.0,0.19661880363985623,-0.0,0.0,0.0,0.0,0.0,-0.0,0.0,0.0,-0.0,0.04590301902198502,0.0,0.0,-0.0,0.0,0.0,0.04248406316771573,0.0,0.0,0.12564179987529123,-0.0,0.07000712091762967,0.0,0.0,0.0,0.0,0.0,0.0,0.0,0.0,0.0,0.08058833027944723,-0.0,-0.0,-0.0
-0.0,0.0,-0.06940885811864102,-0.0,0.0,-0.11191853646811392,-0.1974165239078229,-0.0,-0.0,-0.078471391776981,-0.0,-0.014150037120569009,-0.0,-0.0,0.0,-0.39433453589676937,-0.0,3.450232953321821,-0.4379768245676122,-0.4937530354290722,-0.28921885875792586,-0.0,-0.017483078867455003,-0.0,-0.0,-0.0,-0.1004003486770998,-0.0,-0.0,0.1362797789249166,0.0,0.0,-0.0,-0.8290145001554373,-0.0,-0.0,0.1354713862987004,-0.0,0.0,0.0,0.0,0.0,0.0,-0.0,-0.0,0.1410886795622754,0.0,-0.0,-0.0,0.0,-0.0,0.0,0.0,0.0,0.0,0.0,-0.0,0.0,0.0,-0.0,0.0,0.0,0.0,0.0,-0.0,0.14024783514921352,-0.0,0.0,-0.0,-0.8907325458763519,-0.0,0.0,-0.0,0.0,0.0,-0.0,-0.10092283131702906,0.0,-0.0,0.0,0.0,0.0,0.0,0.0,-0.07238030635361142,-0.0,0.0,-0.0,-0.025852464616262186,0.0,0.0,0.10039381873833354,0.08035603762468967,-0.0,0.0,-0.0,0.3494933579199625,-0.0,-0.0,0.0
0.0,0.05091290536261664,-0.05854254783597251,0.0,0.0,-0.12417571900210912,-0.0,-0.0,-0.0,-0.0,0.0,-0.0,-0.0,-0.5323185297347636,0.0,-0.0,-0.6353848159642774,-0.4379768245676122,2.486950420894364,-0.0,-0.049632582069070966,-0.0,-0.04333400876200145,0.0,0.0,0.0,-0.0,0.0,-0.0,0.0,-0.0,-0.0,0.0,-0.3307829720100682,0.0,-0.0,0.08295941981554851,-0.0,-0.02869301480773696,-0.006827784157640363,-0.0,0.0,0.0,-0.0,-0.0,-0.0,-0.0,0.0,-0.0,0.0,0.0,0.13368367709544263,0.0,0.04711661851009368,0.0,-0.0,0.0,0.0,0.0,0.0,0.06593946403801133,0.18904593314143356,0.01931223630006723,-0.0,-0.0,0.09246093065549152,0.0,-0.04435938999835791,-0.0,-0.463853112927983,0.0,0.0,0.0,0.0,0.0035760548823696846,0.04659604570741276,0.0,0.0,-0.0,0.0,0.0,0.0,0.0,0.0,0.0,0.0,0.0,0.0,-0.0,0.0,-0.0,0.0,0.0,0.0,0.0285172714625536,0.0,0.0,0.0,0.0,0.0
-0.05025959252501005,-0.0,-0.0,0.0,-0.0,-0.0,-0.0,0.0,-0.0,-0.07529910961227294,0.0,-0.1297790734712553,-0.0,-0.0,0.0,-0.002764332690117696,-0.16845595269998367,-0.4937530354290722,-0.0,3.1648544898885955,-0.0,-0.0,-0.43478412053170234,-0.0,-0.162321893803732,-0.0,-0.0,-0.0,-0.0,0.0,0.0,0.0,-0.06184225606737051,-0.0,-0.0,-0.0,0.0,0.0,-0.0,-0.0,-0.0,0.0,0.006081322966121057,0.0,-0.0,0.0,0.0,-0.09520489437421216,-0.8768832466171563,-0.0,-0.0,0.0,0.0,-0.0,-0.11275058243582244,0.0,0.01775640894212612,0.0,-0.0,0.0,-0.0,-0.0,0.0,0.06237484593612968,-0.0,0.0,-0.331931988295124,0.0,0.0,0.0,-0.7875575791302653,0.0,-0.0,-0.0,0.0,-0.0,-0.0,-0.0,0.08570007271967958,0.18015179330394096,0.0,0.0,0.231344323420094,0.10504942409230658,-0.0,0.0,0.0,-0.0,-0.38849817593291186,-0.0,0.15150907125118018,-0.0,0.0,0.0,0.0,0.0,0.26782950451016946,-0.0,-0.03657772803914335,-0.16150996450199248
-0.002084526079902008,-0.0,-0.0,-0.23413258787875707,-0.0,-0.0,-0.12616320236076367,-0.1937122677035704,-0.0,-0.041921094319153474,-0.0,-0.0,0.0,-0.27994798140488686,-0.2161467687253938,-0.0,-0.0,-0.28921885875792586,-0.049632582069070966,-0.0,2.2931622630467103,0.0,-0.2251835648834493,-0.0,-0.021858361403171135,-0.0,0.04605918750136016,-0.0,-0.3163879262769485,-0.0,-0.03327933816451125,-0.023546217173877948,-0.0,-0.0,0.0,-0.0,0.07455200090110876,-0.4212376531553824,-0.0,-0.0,0.0,0.0,0.0,-0.0,0.14425485401999907,0.0,0.02095785700157892,0.0,-0.0,0.0,0.03700588654072103,0.0,0.0,0.0,-0.029299107257730887,0.0,-0.0,-0.0,0.07201796020791282,0.0,0.0,0.09056128454291501,0.09471614374903425,-0.0,-0.054928713241297736,0.0,0.0,0.0,0.0,-0.0,-0.39525620569400927,0.11436602707299116,-0.0,0.0,0.0,0.0,0.0,-0.0,-0.0,0.0,0.0,0.0,0.0,0.0,0.0,0.0,0.0,-0.0,-0.013214382993762827,0.0106897355142618,0.38494951984078773,0.0,0.0,-0.02016344637633104,0.0,-0.0,0.0,0.0,0.0,0.0
-0.0,-0.0,-0.0,-0.0,-0.15211200757080307,-0.0,-0.0,0.0,-0.0,-0.0,-0.0,-0.0,-0.02447450091938686,0.0,0.0,-0.10198038991497556,-0.907331363155182,-0.0,-0.0,-0.0,0.0,3.3070508548271853,-0.27534708199202274,-0.20857772908149927,0.0,-0.0,-0.0,-0.1053695428895838,0.0,0.0,-0.0,0.0,-0.1234383092829146,-0.38454045591862057,-1.0634375411630195,0.0,-0.0,0.0,0.0,0.0,-0.0,-0.0,-0.14445240629967687,-0.0,-0.05990884153283554,-0.0,-0.39576723850278894,-0.0,0.0,0.0,0.0,0.0,0.0,0.0,-0.0,-0.04159934031559055,0.22080101704990787,-0.0,0.0,0.0,0.0,0.0,0.0,0.0,0.031418275788512716,0.0,0.0,0.0,0.0,0.0,0.34814707554997126,-0.0,0.0,0.08323093902968492,0.0,0.0,0.0,0.0,-0.04471809949983536,0.0,0.0,0.0,0.0,-0.0,0.0026149925998907846,-0.0,-0.0,-0.0,0.06729249783874872,0.0,0.0,0.0,0.0,0.0,0.0,0.0,0.0,-0.0,0.0,0.0
0.0,-0.0,-0.0,0.03049057097272986,-0.030306597741068027,-0.0,-0.0,0.0,-0.0,-0.0,-0.0,-0.0,-0.0,-0.002342869533437843,-0.12860270608086996,-0.0,-0.0,-0.017483078867455003,-0.04333400876200145,-0.43478412053170234,-0.2251835648834493,-0.27534708199202274,2.339269172334241,-0.0,0.0,-0.0,-0.021246301157874195,-0.0,-0.0,-0.5537309833146147,-0.0,0.0,-0.0,-0.46650716229139666,-0.0,0.0,0.055198112622031385,0.0,-0.0634364470979932,-0.0,-0.07978782360142873,0.0,-0.0,-0.0,-0.17619253267656534,-0.0,-0.0,-0.35230030343291696,-0.0,-0.0,0.0,0.0,0.0,-0.0,-0.0,-0.0,0.0,-0.0,0.035358721620128514,-0.0,0.04638658509321255,0.0,0.0,0.0,0.0,-0.0,-0.0,0.05703572340749344,0.0,0.0,-0.0,0.0,-0.3425363119909751,0.0,0.2646558740922927,0.0,0.0,-0.0,-0.017178611474413463,0.0,0.0,0.0,0.09068010575337898,0.0,0.0,0.0,0.09977982679950653,-0.0,0.0,0.0,0.06997926854437125,-0.0,0.0,0.0,0.06572126942097971,0.0,0.0,-0.0,0.0,0.0
0.0,-0.0,-0.0,-0.0,-0.0,0.0,-0.0,-0.0,-0.0,-0.0,-0.0,-0.1907061121127765,0.0,0.11691541205455235,0.0,-0.2680089816957993,-0.1821463877088458,-0.0,0.0,-0.0,-0.0,-0.20857772908149927,-0.0,2.2758073633491778,-0.0,-0.15305397939702525,-0.033963673686443166,-0.0,-0.07075080614900993,-0.0,-0.0,-0.0,0.0,-0.0,-0.0,0.0,-0.0,0.0,-0.0,-0.6176952381243461,0.0,0.0,-0.36027612202852544,0.0,0.0,0.0,0.0,0.0,0.0,0.451113074091896,0.0,-0.0,-0.0,-0.0,-0.0,0.0,0.0,0.0,0.0,0.0,0.057873284413938304,0.025961835643555333,0.04402177616400381,0.49352873105161,0.0,0.0,-0.0,0.0,0.0,0.04383907780631044,-0.041114121366558,-0.1282610870899478,0.0,-0.0,-0.5334370936693079,-0.0,-0.007589463199327891,-0.0,-0.0,0.0,-0.019043933366423543,0.0,0.0,0.0,-0.0,0.0,-0.0,0.04209315421657927,0.08345609312048585,-0.0,-0.0,-0.0,-0.0,0.2293618370549912,-0.0,0.04762398422315508,-0.0,0.0,0.04372978086884988,0.0
-0.4435838310977081,0.0,0.0,0.0,0.0,-0.23745814302691973,-0.0,-0.0,-0.0,-0.6475903400448846,0.0,-0.0,0.0245703407202336,0.0,-0.06341669888817629,-0.0,-0.0,-0.0,0.0,-0.162321893803732,-0.021858361403171135,0.0,0.0,-0.0,3.0121361424310207,-0.0,0.0,-0.0,-0.01852395621928479,0.0,0.0,-0.3159323850310686,-0.0,0.0,0.0,-0.0,0.0,-0.0,-0.0,-0.0,0.0,-0.0,0.0,-0.2494191315832781,-0.0,-0.0,0.07249127649687065,0.0,-0.21435390339478527,-0.0,-0.04146317062218796,0.018058179668135572,0.0,0.0031637918463266546,-0.1840575283564496,-0.0,0.0,0.0,-0.26962026553207685,0.0,-0.0,0.21258001558509984,0.0,0.0,0.0,-0.0,-0.0,0.0,0.0,0.0,-0.0,0.0,-0.0,-0.0,-0.0,-0.612702647501226,-0.0,-0.0,0.023638637653355467,-0.0,0.0,0.2978539106732055,0.0,0.0,0.0,0.0,-0.0,-0.0,0.0,0.0,0.0,-0.0,-0.0,-0.3327902528282324,-0.0,-0.0,0.0,0.0,-0.0,-0.0
0.0,-0.12862509391761176,-0.23787318130810048,-0.14714286942271543,0.0,0.0,-0.0353030215574928,-0.0,-0.0,-0.13099262123834685,-0.45650465423062025,-0.6381815448376926,-0.18104900495637943,0.0,-0.0,-0.0,0.0,-0.0,0.0,-0.0,-0.0,-0.0,-0.0,-0.15305397939702525,-0.0,3.0806902839771615,-0.11075197682361328,-0.44685419726640174,-0.0,0.0,-0.0,0.0,-0.0,-0.0,-0.0,-0.0,-0.03974200708300675,0.02686924883444857,0.0,-0.0,0.0,-0.0,-0.09245757750098227,-0.0,-0.0,0.20142409300599973,0.0,0.0,0.0,0.22330525709367077,0.0,0.0,0.0,0.0,0.0,0.0,0.0,0.0,0.0,-0.12304449165316445,-0.25999692817547854,0.0,0.0,0.0,0.0,-0.0,0.0,0.12683248082257917,0.0,-0.0,0.0,0.0,0.017636898790169366,-0.0,0.0,-0.37738537272018224,-0.22086519637278065,-0.0,0.0,0.0,-0.0,0.09617907888452441,0.0,-0.0,-0.0,0.0,-0.0,-0.0,0.0,0.0,0.0,0.11163351106924004,0.0,0.10212326105004634,-0.0,-0.0,0.0,0.0,0.0,0.21381779933112197
0.0,0.0,0.0143365268581511,0.0,0.0,0.0623760315204985,-0.0,0.0,-0.0,-0.0,-0.0,-0.0,-0.0,0.0,-0.0,-0.0,0.0281924638046512,-0.1004003486770998,-0.0,-0.0,0.04605918750136016,-0.0,-0.021246301157874195,-0.033963673686443166,0.0,-0.11075197682361328,2.1572692064589596,-0.18994234545491023,-0.06873967451369187,-0.0,0.0,0.0,0.0,-0.0,-0.0,0.0,-0.026665595381618536,0.0,-0.0,-0.0,-0.05045734240059162,0.0,-0.0,-0.0,-0.0,-0.31733800035620946,-0.04242808928403102,-0.6499260460913183,0.0,0.0,-0.0,-0.07945025385955636,-0.03781950529664303,0.0,0.0,0.09677210265045434,0.0,0.0,-0.1522010600168179,-0.18950573105242516,-0.0,-0.019232390002059896,-0.0,0.0,-0.0,-0.0,-0.0,-0.0,0.0,-0.09109394986981048,-0.0,-0.0,-0.08357278275475193,0.0,-0.0,-0.0,-0.0,-0.0,0.0,-0.0,-0.0,0.0,-0.0,0.0,-0.8582836990067345,0.06996735859670149,-0.0,-0.0,0.0,-0.0,-0.14436843767156293,0.0,-0.0,0.1515607422859683,0.003042246739421485,-0.06327177844437196,-0.0,-0.0910088103437172,0.0,0.11515713933979312
-0.03128028483533222,-0.0,-0.0,0.0,0.13322507650432955,0.0,-0.0,0.0,0.0,-0.0,-0.0,-0.1614840394371695,-0.07728492100031005,0.0,-0.0,-0.0,0.0,-0.0,0.0,-0.0,-0.0,-0.1053695428895838,-0.0,-0.0,-0.0,-0.44685419726640174,-0.18994234545491023,2.3850955399870983,-0.0,0.0,-0.1294540775379061,-0.0,0.0,-0.0,-0.18430333254181908,-0.0,-0.06335983432678885,0.0,0.3064817264652184,0.010531248823215739,0.0,-0.0,-0.0,-0.0,-0.0,-0.0,-0.0,-0.18142296233443092,-0.07185279862198148,0.0,-0.0,0.0,0.0,0.08716364109570966,0.0,0.0,0.1388976500843601,0.07759424327224092,0.0,-0.0,-0.18467861053327525,-0.011713290440380131,-0.15258544958103856,0.0,-0.0,-0.0,0.0,-0.0,0.0,0.0,0.0,0.0,0.0,0.0,-0.13415764072877143,-0.11026678394728236,-0.15471159584882654,-0.22003694036644503,-0.0,-0.0,0.0,0.22202665078830236,0.03186375364109386,0.0,-0.0,0.0,-0.0,-0.46968872412550133,0.03679838477791588,0.3990081477568908,0.1317194163096689,0.0,0.0,-0.0,0.0,-0.0,0.0,0.0,-0.0,0.0
0.0,-0.0,-0.0,-0.0,0.0,-0.0,-0.0,-0.0,-0.3419358909866868,-0.0,-0.0,0.0,0.0,-0.0,-0.28085012378203894,0.0,0.0,-0.0,-0.0,-0.0,-0.3163879262769485,0.0,-0.0,-0.07075080614900993,-0.01852395621928479,-0.0,-0.06873967451369187,-0.0,2.6274507317057627,-0.14509589582576427,-0.0,0.0,-0.0,-0.0,0.0,-0.2651332123304596,-0.35704132802665556,0.0,-0.09865131365181241,-0.013862050969412384,0.0,-0.0,-0.0,-0.0,0.0,-0.0,0.0,0.009461969321338496,0.0,0.0,0.0,-0.0,-0.0,-0.0,-0.0,0.0,-0.0,-0.0,-0.0,-0.0,0.0,0.0,0.0,-0.0,-0.0,-0.0,-0.0,-0.0,-0.0,-0.0,-0.19347959616099905,-0.0,-0.0,-0.0,-0.0,-0.08926873934451478,-1.144735605575152,-0.03590367532468146,0.0,0.0,-0.09904960443012241,0.0,0.0,-0.0,-0.0,0.0,-0.10961630299166877,-0.0,-0.003943680457099922,-0.0,-0.0,-0.0,-0.0,-0.0,-0.0,0.0,-0.0,0.0,0.026995907947830446,0.0
0.018545792385232945,-0.0,0.023361359898120874,0.0,-0.00915476295010265,-0.0,0.0,0.0,-0.0,0.0,0.0,0.19026925287781807,-0.0,-0.0,-0.2576807669901022,0.2902475992458162,0.0,0.1362797789249166,0.0,0.0,-0.0,0.0,-0.5537309833146147,-0.0,0.0,0.0,-0.0,0.0,-0.14509589582576427,2.25183242977906,-0.0,-0.0,-0.0,0.0,0.0,-0.0,0.0,0.0,-0.546042248578868,-0.0,-0.0748493888440873,-0.0,-0.0,0.0,-0.0,-0.3597978595749832,-0.3247534377917496,0.0,0.0,-0.0,0.0,-0.06769763798078209,-0.0,-0.019104152489000176,-0.18522911908016065,0.0,-0.0,-0.06506498286465018,0.0,-0.11239515176688024,0.0,-0.10352981607772847,-0.10615436762345536,-0.0,0.04405081906353992,-0.185908770896356,0.0,0.0,0.0,0.0,-0.0,-0.0,-0.11156938658319442,0.0,0.0,0.0,0.08070641154408384,-0.4549004560826704,0.0,0.0,0.0,-0.0,0.0,0.05876402594951259,0.20486961836166728,0.0,0.0,0.0,-0.0,0.0,0.0,-0.011336330272283595,-0.0,-0.0,0.0,0.02146685436176296,-0.0,0.0,0.03917151992774624,0.0
0.0,-0.0,-0.11088991959141496,-0.0,0.0,0.032898976662060986,-0.0,-0.0,0.0,-0.09001365636073395,-0.04177729163225018,-0.06877173419819525,-0.005429249675780396,-0.0,-0.0,0.0,-0.0,0.0,-0.0,0.0,-0.03327933816451125,-0.0,-0.0,-0.0,0.0,-0.0,0.0,-0.1294540775379061,-0.0,-0.0,1.8135895030640488,-0.0,-0.15882060129165412,-0.0,0.0,-0.0,-0.0,-0.23701944717832557,-0.12267080605613674,0.0,0.0,-0.0,-0.0,-0.0,-0.0023826576981846766,0.0,0.0,0.028115752347189573,0.0,0.11210084345698676,0.0,0.07273729782125911,0.0,0.0,0.1233109386653114,0.0,-0.0,-0.0,0.045400990772205635,0.0,0.0,0.0,0.0,0.0,0.0,0.0,0.1402013036576763,-0.0,0.0,-0.02334824701516254,0.0,0.002984966597736172,-0.0,0.058328000176720005,0.0,0.0,-0.0,-0.0,-0.6284840773077616,-0.23893878662340523,-0.0,0.0,-0.0,0.0,-0.0,0.0,0.0,-0.0,-0.0,0.0,0.0,0.0,0.039753035248451675,-0.223770657628852,0.0,-0.2430838445656432,-0.0,-0.0,0.03625520241106216,0.0
-0.06476887784177766,0.0,0.0,-0.0,-0.0,-0.0,-0.007534231983729665,-0.0,0.0,-0.4540831702618977,-0.0026639323078418075,-0.0,0.0,-0.0,-0.03845479735306733,-0.0,-0.0,0.0,-0.0,0.0,-0.023546217173877948,0.0,0.0,-0.0,-0.3159323850310686,0.0,0.0,-0.0,0.0,-0.0,-0.0,2.756487296932177,-0.09834204537774062,0.0,-0.0,0.22560372008594673,0.0,-0.5304750980834853,-0.0,-0.0,0.0,-0.0,-0.0,-0.09637135700091944,-0.0,-0.0,0.0,-0.0,-0.0,-0.0,-0.0056240718875277375,0.0,0.0,-0.0,-0.0,0.1263279993523178,0.0,0.0,-0.0,-0.0,0.0,0.40980347863181743,-0.004202036827615811,-0.0,0.0,-0.0,0.0,0.0,0.055757763179645016,0.0,-0.0,-0.0,0.13936351408744255,-0.0,-0.0,-0.0,0.02371511564186843,-0.0,-0.0122027546311034,-0.6564160725910994,0.11882982758419489,0.15809889775961036,-0.0,0.0,0.1531589468763032,-0.0,0.0,0.0,0.0,0.0,0.0,-0.4222273525958423,-0.0,-0.2251433732189844,-0.0,-0.0,-0.0,0.0,0.0,-0.0
-0.0,-0.0,0.0,-0.1652579033992616,-0.0,-0.0,-0.09779054421246201,-0.0,-0.0,-0.07208809514884237,0.0,-0.0,-0.0,0.0,-0.0,-0.1568030339605481,-0.0,-0.0,0.0,-0.06184225606737051,-0.0,-0.1234383092829146,-0.0,0.0,-0.0,-0.0,0.0,0.0,-0.0,-0.0,-0.15882060129165412,-0.09834204537774062,1.3889257616261053,-0.10629526164098224,-0.0,0.0,0.0,-0.0,-0.023819751984945393,0.0,-0.0,-0.0,-0.0,-0.0,-0.07334490957480377,0.0,-0.0,-0.0,-0.0,-0.0,-0.0,0.1118789985108938,0.0,-0.0,0.0,0.08112770995935308,0.0,-0.0,0.0,-0.0,0.0,0.0,0.0,-0.0,0.0,0.0,-0.0,-0.0,-0.0,-0.0,0.0,-0.0,0.0,0.0,0.0,0.0,-0.0,0.0,0.0,0.0,0.0,-0.0,-0.043171142120964415,-0.0,0.0,-0.1661658349232011,-0.0,-0.025495695004673084,-0.0,-0.0,0.030420109390023847,0.0,0.06197182142917733,-0.0,-0.0,-0.0,-0.0,-0.09674399359413896,0.0,-0.22231456914035805
0.0,0.11436439228684672,-0.0059152448313244165,0.0,0.0,-0.0,0.0,0.0,-0.0,-0.0,0.0,-0.0,-0.05872055520397685,0.0,0.0,-0.48756456232239714,-0.0,-0.8290145001554373,-0.3307829720100682,-0.0,-0.0,-0.38454045591862057,-0.46650716229139666,-0.0,0.0,-0.0,-0.0,-0.0,-0.0,0.0,-0.0,0.0,-0.10629526164098224,3.272528869008896,-0.5970308774623786,-0.0,0.0,-0.0,-0.0,-0.0,-0.0,0.0,-0.0,0.012798280423318036,-0.0,0.0,-0.0,-0.0,0.0,0.0,0.1921904406970148,0.007787617501826232,-0.0,-0.0,0.09383238563307224,0.0,0.0,0.0,0.0,-0.0,0.0,0.0,-0.0,0.0,-0.032594250862789255,0.0,-0.0,0.0,-0.28349418088510014,-0.033947431746702686,0.0,-0.0,0.0,0.0,0.0,0.0,-0.0,0.0,-0.0,0.2788114571769272,-0.0,-0.0,0.0,-0.0,-0.0,-0.11735595390554845,0.0,-0.0,-0.1226499512391684,-0.0,0.0,0.0,0.27830692374437294,0.0,0.0,0.1484678805800312,0.0,-0.0,0.0,0.0
0.0,0.0,-0.0,-0.0,-0.0,0.0,0.0,0.0,0.0,-0.0,-0.0,-0.0,-0.0,0.0,0.0,-0.31139999109967814,-0.0,-0.0,0.0,-0.0,0.0,-1.0634375411630195,-0.0,-0.0,0.0,-0.0,-0.0,-0.18430333254181908,0.0,0.0,0.0,-0.0,-0.0,-0.5970308774623786,3.59376414412392,0.0,-0.0,0.0,0.0,0.0,-0.0,-0.0,-0.6912768912616905,0.0,-0.02165564722548072,0.0,-0.40495231019068406,-0.7943504301071822,0.0,0.0,0.0,0.0,0.0,-0.021204388361160075,0.0,0.0,0.2417712876876928,0.0,0.0,0.0,-0.0,0.0,-0.0,0.0,-0.0,0.0,0.0,0.04956531862546348,0.0,0.0,0.0,-0.0,0.08127900167228994,0.0,0.0,0.0,0.0,0.0,-0.0,0.0,0.0,0.0,-0.0,-0.5232424141834248,0.0,-0.0,-0.0,0.0,0.025635191954562264,0.0,0.0,0.0,0.0,0.3384798275050085,0.0,0.0,0.0,-0.0,0.0,0.0
-0.0,-0.0,-0.0,0.0,0.07249719050062142,0.0,-0.0,-0.0,-0.5387203077239294,0.0,0.0,0.0,-0.12676431520094117,-0.0,-0.133633723008803,0.10989718837340436,0.0,-0.0,-0.0,-0.0,-0.0,0.0,0.0,0.0,-0.0,-0.0,0.0,-0.0,-0.2651332123304596,-0.0,-0.0,0.22560372008594673,0.0,-0.0,0.0,3.203700181612373,-0.5364282915665194,-0.0,-0.0,-0.0,-0.0,0.11608217234344533,0.0,0.0,-0.0,0.0,0.0,0.03833754041954508,-0.0,-0.0,0.0,-0.0,0.04961174886894156,0.0,0.0,-0.0,0.0,-0.0,0.0,0.0,0.0,-0.0,0.0,-0.0,-0.0,-0.0,0.0,-0.0,0.0,0.0,0.0,0.37084654906819287,0.01896635474441878,0.0,0.0,-0.0,-0.11963259086440822,-0.0,0.0,0.0,-0.0,0.0,0.20031829346349944,0.0,0.0,0.0,-0.09023087935493145,-0.0,-1.559546157854871,0.0,-0.0,0.0,0.0,0.0,0.0,0.0,0.05111865997927716,0.0,-0.0034984703968924803,-0.0
0.0,-0.0007215843185783365,-0.0,-0.0,-0.0,0.026428200545297716,-0.0,-0.0,-0.02361477495057895,-0.0,-0.0,0.0,-0.0,0.005107105533365012,-0.1309511712113279,0.0,0.10023560484524108,0.1354713862987004,0.08295941981554851,0.0,0.07455200090110876,-0.0,0.055198112622031385,-0.0,0.0,-0.03974200708300675,-0.026665595381618536,-0.06335983432678885,-0.35704132802665556,0.0,-0.0,0.0,0.0,0.0,-0.0,-0.5364282915665194,2.539537636859871,0.0398017895558135,0.0,0.0,0.0,-0.0,-0.0,0.0,0.0,-0.009850820098966135,-0.0,0.0,0.059368304921908345,-0.0,0.019221734296489424,-0.020607092085053354,0.0,0.0,0.0,0.0,0.0,-0.0,-0.0,0.0,0.0,-0.0,0.0,-0.0,-0.0,-0.0,0.1426371997858605,-0.0,0.0,0.0,0.08596852010406714,-0.0,0.0904543899254334,0.0,-0.0,-0.0,-0.18759320404623503,0.0,0.0,0.0,-0.0,0.0,0.06636912884534167,-0.0,0.0,0.0,-1.2958068241530036,0.0,-0.0,0.0,-0.0,0.012431593953010488,-0.0,0.19379223168785087,-0.0,-0.0,-0.0,0.0,0.05248632351046253,0.0
-0.0,0.0,0.0,-0.0,0.0,0.0,-0.09211143550168781,-0.0,0.0,-0.13354322122816256,-0.0,-0.0,0.0,-0.16288048204200703,-0.0,0.0,-0.0,-0.0,-0.0,0.0,-0.4212376531553824,0.0,0.0,0.0,-0.0,0.02686924883444857,0.0,0.0,0.0,0.0,-0.23701944717832557,-0.5304750980834853,-0.0,-0.0,0.0,-0.0,0.0398017895558135,2.3395011312768856,-0.3913849714371131,-0.2645911540398973,-0.06630843229797159,0.0,-0.0,-0.0,0.0,-0.0,0.0,0.2718085344185854,0.0,-0.0,0.0,0.0,0.27713871846526505,0.11470433317188539,0.04504436409587114,0.0,-0.046209654841583625,-0.0,0.0,0.0,0.07786485061349017,0.016609332421778526,0.0,-0.0,-0.0,0.26250413868896155,0.0,-0.0,-0.0,-0.033029181147365715,0.0,0.0,0.0004363595293311578,0.0,0.0,0.0,0.05005946233027993,0.0,-0.15784594120904283,-0.0,0.0,-0.0,-0.033788334028936155,0.0,0.0,-0.0958325137210088,-0.0,-0.0,-0.22060078648381237,-0.0,0.0,-0.0,0.0,-0.3872021647769858,0.0,0.0,-0.02747834455755144,-0.0,0.01227697450856108,-0.09433497692167261
0.022928248822199536,0.0,-0.0,0.0,-0.0,-0.0,0.0,0.0,-0.18568421345233305,-0.0,0.0,0.0,0.0,-0.0,-0.0,0.0,0.0,0.0,-0.02869301480773696,-0.0,-0.0,0.0,-0.0634364470979932,-0.0,-0.0,0.0,-0.0,0.3064817264652184,-0.09865131365181241,-0.546042248578868,-0.12267080605613674,-0.0,-0.023819751984945393,-0.0,0.0,-0.0,0.0,-0.3913849714371131,2.753809150840924,-0.983427866272748,-0.3664264159000484,0.0,-0.43343249771578274,0.0,0.0,-0.0,-0.0,0.05531820141446589,0.0,0.0,0.0,0.0,-0.0,-0.0,-0.0,-0.0,-0.01609932385684158,-0.0,-0.0,-0.0,0.1787393679704845,0.0061758754702437605,0.02713731694345538,-0.0398955458806967,-0.0,0.0,0.0,-0.0,-0.08422211476387716,-0.030826971553239015,-0.0,0.0,-0.0,0.0,0.1595315181635047,0.0,0.0,0.0,-0.0,-0.0,-0.0,-0.1484535692416893,-0.0,0.0,0.0,-0.0,0.0,0.0,-0.0006905964109654004,-0.0,-0.11315523126303452,-0.0,0.0,-0.0,0.0,0.0,-0.0,-0.0,0.0,0.17834567210399976
0.04098327952014648,0.024058817716430488,-0.0,0.0,0.020800821437765554,-0.0,-0.0,0.0,-0.14312429639080118,-0.13527658206208,-0.0,-0.0,-0.0,-0.2092600479655068,-0.10278087906183928,0.0,-0.0,0.0,-0.006827784157640363,-0.0,-0.0,0.0,-0.0,-0.6176952381243461,-0.0,-0.0,-0.0,0.010531248823215739,-0.013862050969412384,-0.0,0.0,-0.0,0.0,-0.0,0.0,-0.0,0.0,-0.2645911540398973,-0.983427866272748,2.850114856617763,-0.22477268846830456,0.0,-0.18127270456456923,0.0,-0.0,-0.0,-0.0,0.46083834956264685,0.0,0.0,0.0,0.0,0.0,0.0407401539279256,0.0,-0.0,0.0,0.0,-0.0,-0.0,0.0,0.1963174188050516,0.0,-0.0,0.0,-0.0,-0.0,0.0,0.0,0.0,-0.0,-0.0,0.01463219524037724,-0.47966463390963937,0.0,-0.0,0.0,-0.0,0.03295096410705632,-0.0,-0.0,0.0,0.0,0.0,0.0,-0.0,0.0,0.029890112434313047,-0.0,-0.22040484276114128,-0.0,-0.3202394766179376,-0.0,-0.0,-0.0,0.1923320118634489,-0.0,0.0,0.03390484649590714,0.0
0.04676526285148433,0.0,-0.0,0.0,0.0,0.0,0.0,0.0,-0.13185678550025767,0.0,-0.0,-0.0,-0.221025080054536,-0.015423115399254908,0.0,0.0,-0.0,0.0,-0.0,-0.0,0.0,-0.0,-0.07978782360142873,0.0,0.0,0.0,-0.05045734240059162,0.0,0.0,-0.0748493888440873,0.0,0.0,-0.0,-0.0,-0.0,-0.0,0.0,-0.06630843229797159,-0.3664264159000484,-0.22477268846830456,3.4705688357866964,-0.0,-0.22263552397769856,0.0,-0.13706338144657018,-0.6624476653911714,-1.335818139664144,-0.0,0.0,-0.16845051977971873,0.0,-0.0,0.0,0.0,0.0,-0.0,-0.0,-0.05340731183132153,-0.0,-0.0,-0.0,-0.0,-0.0,-0.0,-0.0,0.0,-0.0,-0.0,0.0,-0.0,0.0,0.0,0.0,0.0,0.07772919579892301,0.08930396134621096,0.008887155606635198,0.044876413903091605,0.2079669332888049,0.19209375752406996,0.0,-0.46671684123697144,-0.0,0.05406712953950813,0.0,-0.0,0.0,-0.0,-0.0,-0.17618873252815104,0.0,0.0,0.0,0.0,0.053651204839667246,0.0,-0.0,-0.0,0.0,-0.0
0.0,0.0,-0.0,-0.0,-0.0,-0.06045503683847898,0.0,0.0,-0.0,-0.3656621480639039,-0.034383830357134354,-0.0,0.012266270297083784,-0.0,0.0,0.0,0.0,0.0,0.0,0.0,0.0,-0.0,0.0,0.0,-0.0,-0.0,0.0,-0.0,-0.0,-0.0,-0.0,-0.0,-0.0,0.0,-0.0,0.11608217234344533,-0.0,0.0,0.0,0.0,-0.0,2.085567631393987,-0.569378391718611,-0.44490079608817257,-0.23691615104747177,-0.004378333168844756,-0.0,0.0,0.0,-0.0,-0.0,0.0,0.18322201380492945,-0.0,-0.004814683368701078,-0.0,-0.0,0.0,-0.19089579719877064,-0.04374974713684453,-0.0,0.1565304940596043,-0.09157646849761455,-0.0,0.0,0.014008689373663213,0.0,0.0,0.0,0.0,0.029624630662952463,-0.0,-0.0,-0.0,0.0,-0.0,0.001977705617817616,0.0,-0.050061554958005655,-0.0,0.0,0.0,-0.0,-0.0,0.0,-0.0,-0.013612633223020197,-0.0,0.0,0.0,0.0,-0.0,-0.0,-0.34859592236348413,-0.3858026329472468,-0.0,-0.0,0.11500114301576413,0.0,-0.0
0.15282224583441342,0.0,-0.0,0.0,0.0,0.0,0.0,0.0,-0.0,-0.0,-0.03447934545197664,-0.0,0.0,0.0,-0.0,0.0,0.0,0.0,0.0,0.006081322966121057,0.0,-0.14445240629967687,-0.0,-0.36027612202852544,0.0,-0.09245757750098227,-0.0,-0.0,-0.0,-0.0,-0.0,-0.0,-0.0,-0.0,-0.6912768912616905,0.0,-0.0,-0.0,-0.43343249771578274,-0.18127270456456923,-0.22263552397769856,-0.569378391718611,2.8697302095530115,0.0,-0.3045967300950144,-0.0,-0.5249130082629877,0.0,0.03414885530516091,0.0,0.10850547211510346,0.0,0.0,-0.0,0.09484759497032207,0.0,0.0,0.0,-0.0,-0.005666178337101242,0.0,0.0,-0.0,-0.0,0.0,0.0,0.0,0.0,0.0,0.0,0.0,-0.0,0.002789121834454588,0.0,0.0,0.0,0.0,0.20259552117891472,-0.0,-0.0,-0.0,-0.0,-0.0,-0.0,0.0,-0.0,-0.0,0.0,0.0,-0.0,-0.0,-0.0,-0.0,0.0,-0.15156858541224671,0.05447904286073064,-0.09600823841419309,-0.0,0.2904814521407608,0.1018235789567778
0.0,0.0,0.0,-0.0,-0.0,-0.0,-0.0,-0.0,-0.0,-0.09701131116689188,-0.020253689070300993,-0.0,0.0,-0.0,-0.0,0.0,-0.0,-0.0,-0.0,0.0,-0.0,-0.0,-0.0,0.0,-0.2494191315832781,-0.0,-0.0,-0.0,-0.0,0.0,-0.0,-0.09637135700091944,-0.0,0.012798280423318036,0.0,0.0,0.0,-0.0,0.0,0.0,0.0,-0.44490079608817257,0.0,2.673167131144284,-0.0,-0.276215319094979,0.0,-0.0,-0.003496257783902637,-0.0,-0.014433922169832199,0.0,0.0,0.024086739960718407,-0.0,-0.0,-0.29582012823777054,-0.0,-0.0,-0.08263501974565246,-0.0,0.03291210784419124,0.0,-0.0,-0.0,0.0,-0.0,0.0,0.1839226736544859,-0.017053208618963603,0.0,0.0,-0.0,0.0,0.0,-0.0,0.0,0.0,-0.0,-0.0,0.2544262408529012,0.0022833590199919616,0.0,0.0,0.0,0.0,-0.0,-0.0,0.022726674213918607,0.09927793655777213,0.0,0.0,-0.0,-0.0115044263997988,0.0,-1.4238497033446105,-0.0,0.0,-0.0,-0.0
