0,1,2,3,4,5,6,7,8,9,10,11,12,13,14,15,16,17,18,19,20,21,22,23,24,25,26,27,28,29,30,31,32,33,34,35,36,37,38,39,40,41,42,43,44,45,46,47,48,49,50,51,52,53,54,55,56,57,58,59,60,61,62,63,64,65,66,67,68,69,70,71,72,73,74,75,76,77,78,79,80,81,82,83,84,85,86,87,88,89,90,91,92,93,94,95,96,97,98,99
2.0115315699,0.0000000000,0.0642904616,0.0000000000,-0.0021210333,-0.0000000000,-0.0000000000,-0.0026848610,0.0000000000,0.0000000000,-0.0000000000,-0.0000000000,0.0000000000,0.0000000000,-0.0000000000,-0.0000000000,0.2886455632,0.0000000000,0.0000000000,0.3854355799,0.0000000000,0.0000000000,0.0000000000,0.0000000000,-0.0000000000,-0.0000000000,-0.0000000000,-0.0000000000,-0.0000000000,0.0580514316,0.0000000000,-0.2961613632,0.0000000000,-0.0000000000,0.0000000000,-0.0000000000,-0.0000000000,-0.1520624314,0.0000000000,0.0361349971,-0.0000000000,-0.0228854468,-0.0000000000,0.0000000000,-0.0000000000,-0.0000000000,-0.0000000000,0.0899348714,-0.0000000000,-0.0000000000,-1.0017226821,-0.0526376359,-0.0000000000,0.0000000000,-0.0412703441,-0.1408777148,-0.0000000000,-0.0000000000,0.0000000000,-0.0000000000,-0.0000000000,-0.0000000000,0.0000000000,-0.0000000000,0.0000000000,-0.0000000000,-0.0000000000,0.0000000000,-0.0000000000,0.0000000000,-0.0000000000,0.0019024685,0.0000000000,0.0000000000,-0.0000000000,-0.0000000000,-0.0000000000,0.0000000000,0.1159797047,-0.0000000000,0.0000000000,0.1065416794,0.0000000000,-0.0000000000,0.0572166549,-0.0000000000,-0.0000000000,0.0000000000,0.0000000000,0.2312469716,0.1439740072,0.0000000000,0.0000000000,0.0000000000,-0.0000000000,0.0000000000,0.0000000000,0.0000000000,-0.0000000000,0.0000000000
0.0000000000,2.9702255525,-0.4248562834,-0.0000000000,-0.5811391347,-0.0000000000,-0.0000000000,-0.0128766118,-0.0000000000,-0.0000000000,-0.0000000000,0.0000000000,0.0000000000,0.0000000000,0.0000000000,-0.3627200573,0.0000000000,0.0000000000,0.1315712970,-0.4937751261,0.0000000000,0.0000000000,0.0000000000,0.0000000000,0.0000000000,0.0000000000,0.0000000000,0.0000000000,0.0000000000,0.0000000000,0.1215981254,0.0000000000,-0.0000000000,0.1599412296,0.0000000000,-0.0000000000,0.0000000000,-0.0000000000,0.0000000000,0.0126398468,0.0000000000,0.0000000000,0.0000000000,-0.0000000000,0.0000000000,-0.0000000000,0.0000000000,0.0000000000,-0.0000000000,-0.0000000000,0.0000000000,-0.6588615178,-0.0549813805,-0.1128267354,0.0000000000,0.0000000000,-0.4592950571,-0.0000000000,-0.0000000000,-0.0000000000,0.0000000000,0.0000000000,-0.0000000000,0.0000000000,0.0000000000,0.0000000000,-0.0000000000,0.0000000000,0.1636083989,-0.0000000000,-0.0000000000,0.0000000000,-0.0000000000,-0.0000000000,0.0000000000,0.0000000000,-0.0000000000,0.0000000000,0.0000000000,0.0000000000,0.0000000000,-0.0000000000,0.0000000000,0.0000000000,-0.0000000000,-0.0000000000,0.0000000000,0.0000000000,-0.0948000013,-0.1302342066,-0.0000000000,0.0136363977,-0.0000000000,0.0000000000,-0.0000000000,-0.0000000000,-0.0000000000,-0.0000000000,-0.0197425547,-0.0067977502
0.0642904616,-0.4248562834,2.8212450300,-0.0000000000,-0.0311707611,-0.9385644535,-0.3859933720,-0.0524398956,-0.3794666450,0.0000000000,0.0000000000,0.0000000000,-0.0000000000,-0.0000000000,-0.0000000000,-0.0000000000,-0.0241699950,-0.0000000000,-0.0000000000,-0.0636566599,-0.0000000000,0.0000000000,0.0000000000,0.0000000000,0.0000000000,-0.0000000000,0.0000000000,0.0000000000,-0.0000000000,-0.0000000000,0.0000000000,0.0000000000,-0.0664535045,0.0000000000,0.0000000000,-0.0000000000,0.0000000000,-0.0000000000,-0.0000000000,0.0000000000,0.0000000000,0.0000000000,0.0488179460,0.0000000000,0.0000000000,0.0000000000,0.0000000000,0.0000000000,-0.0000000000,0.0000000000,0.0464278254,-0.2275030494,0.0000000000,-0.0000000000,-0.0000000000,-0.0000000000,-0.0000000000,-0.2227167686,0.0197097602,-0.0000000000,-0.0000000000,0.0000000000,-0.2606061967,-0.0000000000,-0.0000000000,-0.0000000000,0.0000000000,-0.1465635969,-0.0000000000,-0.1593452070,-0.0000000000,-0.0000000000,-0.0000000000,0.0000000000,0.0000000000,-0.0000000000,-0.0000000000,-0.0000000000,0.0000000000,0.0000000000,-0.1111368871,-0.0000000000,-0.0000000000,-0.0000000000,-0.0295510398,-0.0000000000,0.0000000000,-0.0000000000,-0.0384634062,-0.0000000000,-0.0000000000,0.0000000000,-0.0000000000,0.0704622186,0.0000000000,-0.0000000000,0.0000000000,0.0000000000,-0.0000000000,-0.0000000000
0.0000000000,-0.0000000000,-0.0000000000,3.4747973256,-0.0000000000,0.0000000000,-0.7895029598,-0.2602102134,0.0000000000,-0.0000000000,-0.0000000000,0.0497114391,-0.0000000000,0.0000000000,-0.0000000000,-0.0000000000,-0.0000000000,0.0000000000,0.1278017539,0.0000000000,-0.0000000000,0.0000000000,-0.0000000000,0.0000000000,0.0000000000,0.0000000000,0.0000000000,-0.0000000000,0.0000000000,-0.0000000000,0.0000000000,-0.0000000000,-0.0211333780,0.0000000000,0.0000000000,0.0000000000,-0.0000000000,-0.0721811175,0.1673672152,0.0000000000,-0.0000000000,0.0000000000,0.0000000000,-0.0000000000,-0.1076515710,-0.0575921955,0.0000000000,-0.0000000000,0.0000000000,-0.0000000000,0.0307822680,0.2875238712,0.0000000000,-1.7663337005,0.3535687072,0.0000000000,-0.0000000000,0.0000000000,0.0000000000,-0.0000000000,-0.0827105142,-0.0000000000,-0.0000000000,0.0000000000,0.0000000000,0.0000000000,0.0000000000,-0.0986247887,0.3136756630,0.0000000000,0.0000000000,0.0000000000,0.3445774076,-0.0000000000,-0.0000000000,-0.0000000000,-0.0000000000,-0.0000000000,-0.0724279393,0.0000000000,0.1274979795,0.0255271120,-0.0431911443,-0.1046258671,-0.0401828780,0.0000000000,0.0000000000,0.0000000000,0.0000000000,0.0000000000,0.0000000000,-0.0000000000,0.0000000000,0.1655414376,0.0948393912,-0.0000000000,0.0000000000,-0.0000000000,-0.0000000000,-0.0316775781
-0.0021210333,-0.5811391347,-0.0311707611,-0.0000000000,3.1503685380,-0.0294725560,-0.0000000000,-0.6040858928,-0.2892927191,-0.0000000000,-0.0000000000,0.0000000000,0.0000000000,0.0000000000,-0.0000000000,0.0000000000,0.0000000000,-0.0000000000,0.1338729450,-0.0000000000,0.0000000000,0.0000000000,-0.0000000000,0.0000000000,-0.0000000000,-0.0000000000,-0.0000000000,-0.0000000000,-0.0000000000,-0.0801551993,-0.0000000000,-0.2586637028,-0.0000000000,0.1242689175,0.0000000000,-0.0000000000,0.0000000000,-0.0000000000,-0.0000000000,-0.0000000000,0.0000000000,-0.0000000000,0.0000000000,0.0000000000,-0.0000000000,-0.1732359703,0.0000000000,0.0000000000,-0.3987885907,-0.0000000000,-0.0000000000,-0.0000000000,0.0000000000,-0.9417046275,-0.0000000000,0.0000000000,-0.0165455324,-0.0209739024,0.0000000000,0.0000000000,-0.0000000000,0.0000000000,-0.0063690901,0.0000000000,0.0000000000,0.0000000000,0.0000000000,-0.0000000000,0.2546335071,0.0000000000,0.0000000000,-0.0000000000,-0.0000000000,-0.0000000000,-0.0000000000,-0.0000000000,-0.0000000000,-0.1620055162,0.0000000000,-0.0000000000,-0.0000000000,0.1422304092,0.0000000000,-0.0000000000,-0.0051393792,0.0000000000,-0.0000000000,0.0000000000,-0.0000000000,-0.0000000000,-0.0000000000,0.0000000000,-0.0000000000,0.2475199045,0.0000000000,0.0000000000,-0.0000000000,-0.0000000000,-0.0257991485,-0.0000000000
-0.0000000000,-0.0000000000,-0.9385644535,0.0000000000,-0.0294725560,4.2337960840,0.0000000000,-0.0000000000,-0.3246526281,0.0000000000,-0.0000000000,-0.0000000000,0.0000000000,-0.0000000000,-0.0000000000,0.0000000000,0.0000000000,-0.0000000000,0.0000000000,0.0000000000,0.0900759175,0.0000000000,0.0000000000,0.0000000000,-0.0000000000,-0.0450893868,-0.0000000000,-0.0000000000,-0.0000000000,-0.1487675694,0.0000000000,0.0000000000,0.0000000000,0.0000000000,-0.0000000000,-0.2092389801,0.0000000000,-0.0000000000,-0.0000000000,-0.1335761849,0.0000000000,-0.0000000000,0.0000000000,0.0000000000,0.0000000000,-0.0000000000,-0.0000000000,0.0000000000,-0.0000000000,-0.0000000000,-0.0000000000,-0.0000000000,0.0000000000,0.0000000000,-1.3603383931,-1.4797365790,-0.0000000000,-0.0000000000,0.0000000000,-0.0000000000,-0.0000000000,0.1241831365,-0.0000000000,-0.0000000000,-0.0000000000,-0.0000000000,0.0000000000,0.0000000000,0.0000000000,-0.0000000000,0.0000000000,-0.0000000000,-0.0000000000,-0.0000000000,0.0000000000,-0.0000000000,-0.0000000000,-0.1703496975,0.0169880598,0.0000000000,-0.0000000000,0.0000000000,-0.0000000000,-0.0000000000,-0.0000000000,-0.0000000000,-0.0000000000,-0.0000000000,-0.1445386086,-0.0000000000,0.0000000000,0.0000000000,-0.0000000000,0.0000000000,-0.0000000000,-0.0000000000,0.0000000000,0.0000000000,-0.0000000000,-0.0000000000
-0.0000000000,-0.0000000000,-0.3859933720,-0.7895029598,-0.0000000000,0.0000000000,2.7332675026,-0.5986023292,-0.0000000000,-0.0000000000,0.0000000000,0.0436718939,-0.0241400923,0.0000000000,-0.0000000000,-0.3486045845,-0.0000000000,0.0000000000,0.0000000000,-0.0651562847,-0.0000000000,0.0000000000,-0.0325482816,0.0227561192,0.0725270078,0.0000000000,0.0524529946,0.0000000000,-0.2566721037,-0.0000000000,0.0000000000,-0.0000000000,-0.4219678535,0.0000000000,0.0000000000,0.0000000000,0.0000000000,-0.0047616418,0.0000000000,0.0000000000,-0.0912727561,0.0000000000,0.0000000000,-0.0000000000,0.0000000000,0.0000000000,0.0000000000,-0.0000000000,0.0000000000,-0.0000000000,0.0000000000,-0.0000000000,-0.0000000000,-0.0000000000,0.0000000000,-0.0000000000,-0.3171013407,-0.0000000000,0.0000000000,0.0000000000,-0.0000000000,-0.0000000000,-0.0000000000,0.0000000000,0.0000000000,0.0000000000,-0.1888702244,-0.0000000000,0.0000000000,-0.0000000000,-0.0000000000,0.0100291564,0.0000000000,0.0000000000,0.0000000000,0.0000000000,-0.0000000000,0.0000000000,-0.0000000000,0.0000000000,0.0517605527,0.0000000000,-0.0000000000,-0.0000000000,0.0000000000,0.0000000000,0.1133888636,0.0000000000,0.0000000000,0.0000000000,-0.0000000000,0.0000000000,0.0000000000,0.0000000000,0.0000000000,-0.0000000000,0.2163928431,0.0000000000,-0.0000000000,-0.0000000000
-0.0026848610,-0.0128766118,-0.0524398956,-0.2602102134,-0.6040858928,-0.0000000000,-0.5986023292,4.2466519265,-0.0000000000,-0.0000000000,-0.0000000000,0.0000000000,-0.0000000000,0.0000000000,-0.0000000000,0.0000000000,-0.0000000000,0.0000000000,0.0000000000,0.0000000000,0.0000000000,0.0000000000,-0.0000000000,0.0000000000,0.0000000000,-0.0000000000,0.0000000000,0.0000000000,0.0000000000,-0.0000000000,0.0000000000,-0.2086623608,-0.3430104156,0.1931082132,0.0000000000,0.0000000000,0.0000000000,-0.1136747507,0.0000000000,0.0000000000,0.0000000000,0.0000000000,0.0000000000,0.0000000000,-0.0000000000,-0.0000000000,0.0000000000,0.0829954988,0.0000000000,0.0000000000,-0.0000000000,-0.0000000000,0.0000000000,-0.8023119467,-0.0000000000,-0.0000000000,-1.0445557588,-0.9429110752,0.0000000000,-0.0000000000,-0.1093445911,-0.0000000000,-0.0000000000,0.0000000000,0.0000000000,0.0000000000,0.0000000000,-0.0000000000,0.0010293986,0.0000000000,0.0000000000,0.0000000000,0.0000000000,0.0000000000,-0.0000000000,-0.0000000000,-0.0000000000,-0.0000000000,-0.0000000000,-0.0000000000,0.0000000000,0.0000000000,-0.2314598293,-0.0000000000,-0.0000000000,-0.0000000000,0.0000000000,0.0000000000,0.0000000000,0.0000000000,0.0000000000,0.0000000000,0.0000000000,0.0000000000,0.0000000000,0.0000000000,0.0000000000,0.0000000000,-0.0000000000,0.0000000000
0.0000000000,-0.0000000000,-0.3794666450,0.0000000000,-0.2892927191,-0.3246526281,-0.0000000000,-0.0000000000,3.7615620139,-0.0000000000,0.0000000000,-0.0000000000,-0.0000000000,-0.0000000000,0.0603620033,0.0000000000,0.0000000000,0.0000000000,0.0000000000,-0.0532409780,0.0000000000,0.2323682994,0.0000000000,-0.0000000000,-0.0000000000,0.0000000000,-0.0868380873,0.0000000000,-0.0000000000,-0.0000000000,0.0000000000,-0.0000000000,-0.0000000000,0.0000000000,0.0000000000,-0.0000000000,0.0000000000,-0.0000000000,-0.5238704745,-0.2020204408,-0.0000000000,0.0000000000,0.1615163644,0.0000000000,-0.0000000000,0.0000000000,0.0000000000,0.0000000000,0.0000000000,0.0000000000,-0.0000000000,-0.0000000000,0.0000000000,0.0000000000,-0.1795198877,-0.1719422970,0.0000000000,-1.6405431501,0.0000000000,0.0000000000,-0.0000000000,-0.0000000000,-0.0476505067,-0.0000000000,-0.0000000000,0.0000000000,-0.0000000000,0.0000000000,0.0122198845,0.0000000000,0.0000000000,0.0782940101,0.0000000000,-0.0203489129,0.0000000000,0.0000000000,-0.0300788655,0.0000000000,0.0000000000,-0.0000000000,-0.0117437286,0.0000000000,-0.0000000000,0.0000000000,-0.3421433881,0.0000000000,-0.0000000000,0.0000000000,-0.0777346059,-0.0255033278,-0.0000000000,-0.0000000000,-0.1414103989,0.0000000000,0.1204346494,0.0000000000,-0.0000000000,0.0000000000,0.0000000000,0.0000000000
0.0000000000,-0.0000000000,0.0000000000,-0.0000000000,-0.0000000000,0.0000000000,-0.0000000000,-0.0000000000,-0.0000000000,3.1022860397,-0.0000000000,-0.6919327466,-0.0000000000,-0.0000000000,-0.0000000000,-0.0268325581,-0.0000000000,0.0000000000,0.0000000000,-0.0000000000,-0.0000000000,0.0000000000,-0.0000000000,-0.4122472268,-0.3714878461,-0.0000000000,-0.0000000000,-0.0000000000,-0.1103623328,0.0269277982,-0.0000000000,-0.2088530376,-0.0501019295,0.0713579047,0.0000000000,-0.0000000000,0.0000000000,-0.0616029614,-0.0000000000,-0.0000000000,-0.0000000000,-0.1277787956,-0.0000000000,-0.0303644892,0.0000000000,0.0000000000,0.0000000000,-0.0000000000,0.0000000000,-0.0000000000,-0.0000000000,0.0000000000,0.0000000000,-0.0000000000,0.0000000000,0.0000000000,-0.0000000000,0.0000000000,-0.5848579472,-0.0000000000,-0.5550416717,-0.0000000000,-0.0000000000,-0.0000000000,0.0000000000,-0.0000000000,-0.0000000000,-0.0000000000,0.0000000000,0.0000000000,-0.0924067107,-0.0000000000,-0.0000000000,-0.0000000000,-0.0000000000,-0.1807757677,-0.0801662053,-0.0000000000,-0.0817503210,-0.0000000000,-0.0000000000,-0.0000000000,-0.0000000000,-0.0700123610,-0.0000000000,-0.0000000000,-0.1969607094,-0.0000000000,0.0000000000,-0.0000000000,0.0000000000,-0.1600454968,0.0000000000,-0.0000000000,0.0000000000,-0.0000000000,-0.0000000000,-0.0000000000,-0.0000000000,0.0000000000
-0.0000000000,-0.0000000000,0.0000000000,-0.0000000000,-0.0000000000,-0.0000000000,0.0000000000,-0.0000000000,0.0000000000,-0.0000000000,2.8896219292,-0.3155899084,-0.0000000000,0.0000000000,-0.2330134428,-0.0000000000,0.0000000000,-0.0000000000,0.2407713585,0.0000000000,0.0000000000,-0.0000000000,0.0000000000,0.0000000000,-0.0000000000,-0.5413286930,0.0384624012,-0.0000000000,0.0000000000,-0.0000000000,0.0000000000,0.0000000000,0.1037806411,0.0000000000,0.0000000000,-0.0000000000,-0.0000000000,-0.0000000000,0.0000000000,0.0000000000,0.0000000000,-0.0342673039,-0.0000000000,-0.1086127392,0.0089337854,0.0000000000,0.0000000000,0.0000000000,0.0000000000,0.0000000000,-0.0000000000,-0.0000000000,0.0000000000,0.0000000000,0.0000000000,0.0000000000,-0.2169331375,0.0000000000,-0.6624348455,-0.7601384332,-0.0000000000,-0.0000000000,-0.0000000000,0.0000000000,-0.0000000000,-0.0507784989,0.0000000000,0.0977105672,0.0902500078,-0.0000000000,-0.0000000000,-0.0954047424,0.0000000000,-0.0000000000,-0.0000000000,-0.0000000000,0.0000000000,0.0000000000,0.1427187959,0.0000000000,0.0807527588,-0.0000000000,-0.0000000000,0.0000000000,0.1062702235,-0.0000000000,-0.0000000000,0.0000000000,0.0000000000,-0.0000000000,-0.0000000000,0.0000000000,-0.0000000000,-0.1761867586,-0.0000000000,-0.4514050325,0.0000000000,-0.0000000000,-0.0000000000,-0.0000000000
-0.0000000000,0.0000000000,0.0000000000,0.0497114391,0.0000000000,-0.0000000000,0.0436718939,0.0000000000,-0.0000000000,-0.6919327466,-0.3155899084,4.2930991735,-0.0000000000,-0.0000000000,-0.0000000000,-0.0000000000,-0.0000000000,0.0000000000,0.0000000000,0.0000000000,-0.0000000000,-0.0000000000,-0.0000000000,-0.5301102071,-0.2957807749,-0.8877016742,-0.0000000000,-0.0000000000,-0.0000000000,0.0000000000,0.0000000000,0.0000000000,0.0000000000,0.0000000000,0.0000000000,-0.0000000000,-0.0000000000,0.0000000000,-0.0000000000,-0.0000000000,0.0000000000,-0.0000000000,-0.0000000000,-0.0000000000,0.0796150752,0.0233426018,0.0000000000,0.0000000000,0.0000000000,0.0000000000,-0.0000000000,-0.0000000000,-0.0000000000,0.0119207319,-0.0000000000,-0.0000000000,-0.0000000000,0.0000000000,-0.5539618151,-0.1425531005,-0.3461558189,0.0000000000,-0.0000000000,-0.0000000000,-0.0000000000,-0.0000000000,-0.0115374857,0.0000000000,-0.0000000000,-0.0000000000,-0.0000000000,-0.0152561356,-0.0137473510,-0.2155302703,-0.0000000000,-0.7153823386,-0.0000000000,-0.0000000000,0.2631327888,0.0000000000,-0.0000000000,-0.0000000000,0.0793495684,-0.0000000000,-0.0000000000,-0.0000000000,-0.0269383147,-0.0000000000,-0.0000000000,-0.0000000000,0.0000000000,0.0000000000,-0.0000000000,-0.0000000000,0.0000000000,-0.0000000000,0.0000000000,-0.0000000000,-0.0000000000,0.0000000000
0.0000000000,0.0000000000,-0.0000000000,-0.0000000000,0.0000000000,0.0000000000,-0.0241400923,-0.0000000000,-0.0000000000,-0.0000000000,-0.0000000000,-0.0000000000,3.7320739546,-0.3239106443,0.0000000000,0.0000000000,-0.1390202243,-0.0000000000,-0.2893255694,0.0000000000,0.0000000000,-0.0068097059,-0.0000000000,0.0000000000,0.0742420221,-0.0000000000,0.0000000000,-0.0000000000,-0.0000000000,-0.0000000000,-0.0000000000,-0.0000000000,-0.0000000000,-0.0000000000,-0.0268777012,0.0000000000,-0.0000000000,-0.0303714352,-0.1827491397,0.0000000000,-0.0000000000,0.0000000000,-0.0000000000,-0.0000000000,-0.0000000000,-0.0000000000,-0.0573708519,-0.0000000000,0.0000000000,-0.0000000000,-0.0000000000,-0.0000000000,-0.0000000000,-0.0000000000,0.0000000000,-0.0000000000,-0.0000000000,-0.0000000000,-0.0000000000,-0.0000000000,-0.5024196212,-1.7484132666,-0.7953707839,-0.0000000000,-0.0000000000,-0.0000000000,-0.0000000000,-0.0115919920,0.0000000000,0.0000000000,0.0000000000,-0.1774434750,0.0000000000,-0.0000000000,0.0000000000,0.0000000000,0.0000000000,0.0000000000,0.0734870093,-0.0000000000,-0.0000000000,-0.0000000000,-0.0000000000,-0.0000000000,0.0000000000,-0.0119081439,0.0000000000,-0.0000000000,0.0000000000,-0.0000000000,-0.0000000000,0.0000000000,-0.1050555411,0.0000000000,0.0000000000,-0.0000000000,0.0000000000,0.0000000000,0.0000000000,0.0031832581
0.0000000000,0.0000000000,-0.0000000000,0.0000000000,0.0000000000,-0.0000000000,0.0000000000,0.0000000000,-0.0000000000,-0.0000000000,0.0000000000,-0.0000000000,-0.3239106443,3.9863924019,-0.0000000000,0.0000000000,0.0000000000,0.0000000000,-0.2937675448,0.0000000000,-0.0000000000,-0.0000000000,-0.0503941477,0.0000000000,-0.0000000000,-0.0000000000,0.0000000000,0.0000000000,-0.0000000000,-0.0000000000,0.0000000000,0.0000000000,0.0000000000,0.0000000000,-0.0000000000,0.0000000000,0.0022566202,-0.0000000000,-0.2882112311,-0.0000000000,0.0000000000,0.0000000000,0.0000000000,-0.0337789785,0.0567454081,-0.0000000000,-0.0000000000,-0.0007873036,0.0000000000,0.0000000000,-0.0000000000,0.0000000000,0.0000000000,0.1285224089,-0.0000000000,-0.0000000000,0.1736402807,-0.0000000000,-0.0680835136,0.0000000000,-0.0000000000,-0.0000000000,-0.5432950214,-1.5199377033,-0.8217034873,-0.2210520157,0.0000000000,-0.1421031834,0.0000000000,0.0000000000,0.0000000000,-0.0225860154,-0.0236864045,-0.0204356478,0.0000000000,-0.0000000000,0.0000000000,-0.0000000000,0.0049852854,0.0000000000,-0.0000000000,0.0000000000,0.0000000000,-0.0000000000,0.0000000000,-0.0000000000,-0.0000000000,0.0000000000,0.0000000000,0.0000000000,0.0000000000,-0.0000000000,-0.0000000000,0.0000000000,0.1527112310,0.0000000000,0.0000000000,0.0000000000,0.0000000000,0.0214947212
-0.0000000000,0.0000000000,-0.0000000000,-0.0000000000,-0.0000000000,-0.0000000000,-0.0000000000,-0.0000000000,0.0603620033,-0.0000000000,-0.2330134428,-0.0000000000,0.0000000000,-0.0000000000,4.1759040502,-0.0000000000,-0.0000000000,0.0000000000,0.0000000000,0.0416836227,-0.0876072461,0.0000000000,-0.2810117583,0.0000000000,-0.0000000000,-0.1614671191,0.0000000000,0.0000000000,-0.0000000000,-0.2300396262,-0.0000000000,0.0000000000,-0.0000000000,0.0000000000,0.0000000000,0.0000000000,0.1346030717,-0.0000000000,-0.0000000000,0.0082475226,0.0000000000,0.0000000000,0.0000000000,-0.0000000000,0.0000000000,0.0000000000,-0.0000000000,-0.0007902077,0.0000000000,-0.0000000000,0.0000000000,0.0000000000,0.0000000000,-0.0000000000,0.0000000000,-0.0000000000,-0.0000000000,0.0457058637,-0.0000000000,-0.0000000000,-0.0000000000,0.0000000000,-0.0000000000,-0.0000000000,-0.0000000000,-2.8896991232,-0.0000000000,-0.0000000000,-0.0000000000,-0.0000000000,-0.1637428814,-0.0000000000,-0.0000000000,0.0000000000,-0.0000000000,-0.0000000000,0.0000000000,-0.2407437775,-0.0000000000,0.0000000000,-0.0000000000,0.0000000000,0.0000000000,-0.0787420823,0.1461262830,-0.0000000000,0.0000000000,0.0379054614,0.0000000000,0.0000000000,0.0000000000,0.0000000000,0.0262429755,0.0000000000,0.0000000000,0.0000000000,0.0455667941,-0.0000000000,0.0000000000,0.0000000000
-0.0000000000,-0.3627200573,-0.0000000000,-0.0000000000,0.0000000000,0.0000000000,-0.3486045845,0.0000000000,0.0000000000,-0.0268325581,-0.0000000000,-0.0000000000,0.0000000000,0.0000000000,-0.0000000000,2.0446560222,-0.0000000000,-0.0000000000,-0.0000000000,-0.0015227708,-0.0000000000,-0.0000000000,-0.1336005398,-0.0000000000,-0.0000000000,-0.0000000000,0.0000000000,-0.0000000000,-0.0000000000,0.1798600416,0.0000000000,0.0000000000,-0.2869512650,-0.0000000000,-0.0000000000,0.0000000000,-0.0578994934,0.0000000000,0.4874935867,0.1210065601,-0.0000000000,-0.0000000000,-0.0000000000,-0.0653103510,0.0000000000,0.0000000000,0.0000000000,-0.0000000000,0.0247979121,-0.0000000000,0.0000000000,-0.0000000000,-0.3809793048,0.0000000000,0.0000000000,-0.0000000000,-0.0000000000,0.0000000000,-0.0000000000,-0.0485381925,-0.0000000000,0.0000000000,-0.0000000000,-0.0000000000,-0.0000000000,-0.0000000000,-0.0000000000,0.0000000000,-0.0000000000,-0.0017248835,-0.0000000000,0.1733347634,-0.0000000000,0.0000000000,-0.0000000000,-0.0000000000,-0.0000000000,-0.0000000000,-0.0000000000,0.2290188327,0.0000000000,-0.0000000000,0.0000000000,-0.0000000000,-0.0000000000,-0.0000000000,-0.0000000000,-0.0000000000,-0.0000000000,0.0000000000,0.1330307182,0.0565365650,0.1795774069,-0.0000000000,0.0000000000,-0.0000000000,0.0000000000,0.0821230123,-0.0000000000,-0.0000000000
0.2886455632,0.0000000000,-0.0241699950,-0.0000000000,0.0000000000,0.0000000000,-0.0000000000,-0.0000000000,0.0000000000,-0.0000000000,0.0000000000,-0.0000000000,-0.1390202243,0.0000000000,-0.0000000000,-0.0000000000,2.7470751676,-0.0000000000,-0.5519807195,-0.0000000000,-0.2046292362,-0.6224994334,-0.0326971874,-0.2140482325,0.0376223942,-0.0000000000,0.0000000000,-0.0000000000,0.0000000000,0.0000000000,-0.0000000000,-0.0000000000,-0.2438108664,-0.0000000000,-0.0000000000,0.0000000000,-0.0000000000,0.0000000000,0.0000000000,0.1035110448,0.0000000000,0.0000000000,-0.3252333326,0.0000000000,0.0000000000,0.0000000000,0.0000000000,0.0000000000,0.0000000000,0.0000000000,0.1441447357,0.0000000000,0.0000000000,-0.0000000000,0.0000000000,0.2780079831,0.0000000000,0.0000000000,0.0000000000,-0.0703837482,-0.0000000000,0.0000000000,0.0000000000,0.0000000000,0.1218763446,0.0000000000,-0.0000000000,-0.1825927827,-0.3304142250,-0.0000000000,0.0000000000,-0.0000000000,0.0000000000,0.0000000000,-0.3135271004,0.0000000000,-0.0000000000,-0.0000000000,0.0000000000,0.0000000000,-0.0259537181,-0.0000000000,0.0000000000,-0.0000000000,0.0000000000,0.0000000000,0.1481318518,-0.0000000000,0.0953659396,0.0000000000,0.0000000000,0.0935865614,0.0090354485,0.0000000000,0.0000000000,0.0000000000,0.1205629454,0.0150061281,0.0000000000,0.0485675445
0.0000000000,0.0000000000,-0.0000000000,0.0000000000,-0.0000000000,-0.0000000000,0.0000000000,0.0000000000,0.0000000000,0.0000000000,-0.0000000000,0.0000000000,-0.0000000000,0.0000000000,0.0000000000,-0.0000000000,-0.0000000000,2.9105825913,-0.3238173348,-0.0000000000,0.0000000000,-0.6256278952,0.0000000000,0.0000000000,-0.0000000000,-0.0624078744,-0.0000000000,-0.0000000000,0.0000000000,-0.0000000000,-0.0902821650,0.0000000000,0.0000000000,-0.6789053131,-0.0305521537,-0.0000000000,-0.0000000000,0.1795205763,-0.0000000000,0.0000000000,0.0000000000,-0.0000000000,-0.0000000000,0.0000000000,0.0000000000,0.0000000000,0.0000000000,-0.0000000000,-0.0000000000,0.0000000000,-0.1446541134,-0.0004849213,-0.2294089478,0.0000000000,-0.0000000000,-0.0000000000,-0.3413143866,-0.0000000000,0.0000000000,0.0000000000,0.0000000000,0.0000000000,-0.0000000000,0.0179081697,0.1041896711,0.0000000000,-0.0000000000,0.2502733753,-0.0000000000,-1.0223808186,0.1872593086,-0.0000000000,-0.2375212039,0.2946892825,0.1571792024,0.0000000000,0.0000000000,0.0000000000,-0.0000000000,-0.0000000000,-0.0000000000,-0.0000000000,0.0000000000,-0.0261349822,0.0000000000,-0.0000000000,-0.0000000000,-0.0053040260,-0.0000000000,0.0000000000,-0.2272811456,0.0000000000,0.0000000000,-0.0000000000,0.0000000000,0.0000000000,0.0209277911,0.0000000000,-0.0000000000,0.0000000000
0.0000000000,0.1315712970,-0.0000000000,0.1278017539,0.1338729450,0.0000000000,0.0000000000,0.0000000000,0.0000000000,0.0000000000,0.2407713585,0.0000000000,-0.2893255694,-0.2937675448,0.0000000000,-0.0000000000,-0.5519807195,-0.3238173348,2.4415074259,-0.0000000000,-0.0000000000,-0.0000000000,-0.0000000000,0.0000000000,0.0457966540,-0.0000000000,0.0000000000,0.0000000000,-0.0000000000,0.0000000000,-0.0526883757,-0.0000000000,0.0000000000,-0.6623529388,-0.0820597589,0.0000000000,0.0000000000,-0.0000000000,-0.0000000000,0.0975392203,0.0000000000,0.0649009955,0.0000000000,0.0000000000,0.0000000000,0.0000000000,-0.0000000000,-0.0619727993,0.0000000000,-0.0000000000,-0.0000000000,-0.0000000000,-0.0000000000,0.0000000000,-0.0000000000,-0.0000000000,0.0000000000,-0.0000000000,0.0000000000,0.0000000000,0.0000000000,-0.0000000000,-0.0000000000,-0.0000000000,-0.0000000000,-0.0000000000,-0.0607200064,-0.0000000000,-0.2096167971,-0.0000000000,0.0000000000,-0.0000000000,-0.0000000000,-0.0000000000,0.0000000000,0.0000000000,0.0000000000,0.0000000000,-0.0000000000,-0.0000000000,-0.0000000000,-0.0000000000,-0.0000000000,-0.0000000000,0.1032999705,0.0000000000,0.0000000000,-0.0000000000,0.0000000000,0.0914812728,-0.0000000000,0.0000000000,-0.0000000000,0.0000000000,0.0476545761,0.0000000000,0.3201550144,-0.0000000000,0.0000000000,0.0000000000
0.3854355799,-0.4937751261,-0.0636566599,0.0000000000,-0.0000000000,0.0000000000,-0.0651562847,0.0000000000,-0.0532409780,-0.0000000000,0.0000000000,0.0000000000,0.0000000000,0.0000000000,0.0416836227,-0.0015227708,-0.0000000000,-0.0000000000,-0.0000000000,2.1808840621,-0.5009976857,-0.0000000000,-0.0206204803,-0.0265054587,0.1991073782,0.0000000000,-0.1099296917,0.0000000000,-0.0011739755,0.0000000000,0.0000000000,0.0000000000,-0.0000000000,-0.0000000000,0.0000000000,-0.0000000000,-0.0000000000,0.0000000000,0.0335628344,0.0000000000,-0.0000000000,0.0081668829,0.0000000000,-0.0000000000,-0.0000000000,0.0866697296,0.0000000000,-0.0000000000,0.0000000000,-0.0000000000,0.0000000000,-0.0018707083,-0.1496940903,-0.0000000000,0.0000000000,0.0793797079,0.0000000000,-0.0416313283,0.0000000000,0.0000000000,0.1632938229,0.0000000000,0.0000000000,0.1534794243,0.0000000000,0.2234450778,-0.0151094806,0.0000000000,-0.0000000000,-0.0000000000,-0.0346947739,0.1219581685,-0.0000000000,0.0000000000,0.0000000000,0.1943967231,-0.1486454692,0.0000000000,-0.0000000000,-0.0000000000,-0.0000000000,-0.0000000000,0.0000000000,0.1710959977,-0.0000000000,0.1290263180,0.0000000000,0.0000000000,-0.5399746527,-0.1678070318,-0.0703567581,0.0000000000,0.0000000000,0.0000000000,0.0000000000,-0.0000000000,-0.0000000000,0.0000000000,0.0000000000,-0.0000000000
0.0000000000,0.0000000000,-0.0000000000,-0.0000000000,0.0000000000,0.0900759175,-0.0000000000,0.0000000000,0.0000000000,-0.0000000000,0.0000000000,-0.0000000000,0.0000000000,-0.0000000000,-0.0876072461,-0.0000000000,-0.2046292362,0.0000000000,-0.0000000000,-0.5009976857,2.9629545923,-0.0000000000,-0.6211264995,-0.1075810131,0.0000000000,0.0000000000,-0.0000000000,-0.0000000000,-0.0000000000,-0.0925980282,-0.0000000000,0.0000000000,0.0000000000,0.0088903431,0.0144545933,0.1301335288,0.0454765435,0.0000000000,0.0000000000,0.0000000000,0.0000000000,0.0000000000,0.0123622214,0.0000000000,0.1131195536,0.1466619882,0.0000000000,-0.0000000000,0.0739430993,0.0000000000,0.3700005236,0.0000000000,-0.0000000000,-0.0000000000,0.1201728282,0.0000000000,0.0000000000,0.0000000000,-0.0000000000,0.0000000000,0.0000000000,0.0000000000,0.0000000000,0.0000000000,0.0000000000,-0.0000000000,-0.0000000000,-0.0000000000,-0.0000000000,0.0000000000,-1.2760828804,0.0000000000,-0.0884007680,0.0000000000,-0.1391204678,-0.0000000000,-0.0000000000,-0.0000000000,-0.0000000000,-0.0000000000,-0.0000000000,0.0000000000,0.0139199609,0.0000000000,-0.0000000000,0.1214031076,0.0000000000,0.0000000000,0.0000000000,-0.0000000000,-0.0000000000,-0.0000000000,0.0434301380,-0.0000000000,0.0000000000,0.0565296938,0.0000000000,-0.0000000000,0.0656476510,0.0000000000
0.0000000000,0.0000000000,0.0000000000,0.0000000000,0.0000000000,0.0000000000,0.0000000000,0.0000000000,0.2323682994,0.0000000000,-0.0000000000,-0.0000000000,-0.0068097059,-0.0000000000,0.0000000000,-0.0000000000,-0.6224994334,-0.6256278952,-0.0000000000,-0.0000000000,-0.0000000000,2.9269135449,-0.0925015462,-0.0000000000,0.0000000000,-0.0000000000,-0.0000000000,-0.3857955932,0.0000000000,-0.5481922975,-0.0000000000,-0.0000000000,0.0000000000,-0.0000000000,-0.4967584746,0.0000000000,-0.0000000000,0.1213445201,0.0000000000,-0.0000000000,0.0000000000,-0.0000000000,-0.2147331921,-0.0000000000,0.0000000000,-0.0000000000,0.0000000000,0.0000000000,-0.0000000000,0.0000000000,0.0000000000,0.0000000000,-0.0000000000,0.0000000000,0.0767115400,0.0219802440,0.0000000000,0.0000000000,0.0000000000,-0.0000000000,-0.0000000000,-0.0000000000,0.0000000000,0.0339589622,0.0000000000,0.0000000000,0.0000000000,0.0000000000,-0.0000000000,-0.0000000000,0.0000000000,-0.6179930808,-0.0000000000,0.0000000000,-0.0000000000,-0.0000000000,0.0278931902,-0.0000000000,0.0000000000,-0.0000000000,-0.0000000000,0.0000000000,0.2487555633,-0.0000000000,0.0000000000,0.0000000000,0.0000000000,-0.0000000000,0.1162168021,0.0000000000,-0.0000000000,0.0000000000,0.0000000000,-0.0000000000,-0.0000000000,0.0000000000,0.0000000000,0.0000000000,-0.0000000000,0.0003240591
0.0000000000,0.0000000000,0.0000000000,-0.0000000000,-0.0000000000,0.0000000000,-0.0325482816,-0.0000000000,0.0000000000,-0.0000000000,0.0000000000,-0.0000000000,-0.0000000000,-0.0503941477,-0.2810117583,-0.1336005398,-0.0326971874,0.0000000000,-0.0000000000,-0.0206204803,-0.6211264995,-0.0925015462,2.4809429884,-0.2736166950,0.0543714359,-0.0000000000,-0.3276364929,-0.0000000000,-0.0943401029,-0.1891418787,-0.0490519941,0.0000000000,-0.0000000000,0.0000000000,-0.0696276904,0.0000000000,0.0000000000,-0.0000000000,0.0000000000,-0.0000000000,-0.0000000000,0.0000000000,-0.0000000000,-0.0000000000,-0.0000000000,0.0000000000,-0.0000000000,-0.5861359362,-0.0000000000,0.0000000000,0.0836852605,0.1783836323,0.0000000000,-0.0000000000,0.0000000000,0.0000000000,0.0000000000,0.0000000000,-0.0000000000,0.0000000000,0.0000000000,0.0000000000,-0.0000000000,0.0000000000,-0.0000000000,-0.0000000000,-0.0000000000,0.0000000000,0.0000000000,0.0096190980,-0.0000000000,0.0000000000,-0.2702701642,-0.0000000000,-0.0000000000,0.0000000000,0.0000000000,-0.0954423396,-0.0000000000,0.0000000000,0.0000000000,0.3462653508,0.0000000000,-0.0000000000,0.0000000000,0.0000000000,0.0000000000,0.0918041360,0.0947819472,-0.0000000000,0.0543559097,0.0448443243,0.1006394921,0.0000000000,0.0000000000,0.1553342608,0.0000000000,0.0000000000,0.0000000000,0.0000000000
0.0000000000,0.0000000000,0.0000000000,0.0000000000,0.0000000000,0.0000000000,0.0227561192,0.0000000000,-0.0000000000,-0.4122472268,0.0000000000,-0.5301102071,0.0000000000,0.0000000000,0.0000000000,-0.0000000000,-0.2140482325,0.0000000000,0.0000000000,-0.0265054587,-0.1075810131,-0.0000000000,-0.2736166950,2.9941310539,-0.0000000000,-0.0000000000,-0.4180580002,-0.0000000000,-0.0791883680,0.0017407797,0.0000000000,-0.0000000000,0.0000000000,0.0000000000,-0.0000000000,0.0000000000,-0.0000000000,0.0000000000,0.0000000000,-0.0000000000,0.0000000000,-0.0000000000,-0.0648443805,-0.0000000000,0.0000000000,0.0000000000,0.0000000000,0.0000000000,0.0000000000,0.0000000000,0.0000000000,0.0000000000,0.0000000000,0.0000000000,0.0000000000,0.4396419437,0.1086322832,0.0000000000,0.0000000000,-0.0000000000,0.0000000000,0.0000000000,0.0397769627,0.0000000000,0.0000000000,0.0000000000,-0.3425507775,0.0000000000,-0.0000000000,0.1165753959,-0.0000000000,-0.0000000000,-0.0000000000,-0.1016367976,-0.4538176163,-0.0000000000,-0.4014953915,-0.0000000000,0.0000000000,-0.0000000000,-0.3981734609,0.0000000000,0.1124358749,0.0000000000,-0.0000000000,0.1380811659,-0.0000000000,0.0000000000,0.0000000000,-0.0064617979,0.0494014039,0.0000000000,0.0000000000,-0.0000000000,-0.0000000000,0.0000000000,-0.0000000000,0.0000000000,0.0000000000,0.0000000000
-0.0000000000,0.0000000000,0.0000000000,0.0000000000,-0.0000000000,-0.0000000000,0.0725270078,0.0000000000,-0.0000000000,-0.3714878461,-0.0000000000,-0.2957807749,0.0742420221,-0.0000000000,-0.0000000000,-0.0000000000,0.0376223942,-0.0000000000,0.0457966540,0.1991073782,0.0000000000,0.0000000000,0.0543714359,-0.0000000000,2.2221114600,-0.7418167555,-0.0000000000,0.0000000000,-0.0000000000,0.0092992977,0.0000000000,0.0000000000,-0.0000000000,-0.0000000000,-0.0000000000,-0.2759532189,0.1063999703,0.0000000000,-0.0806745836,-0.0000000000,0.0000000000,-0.3717169533,-0.0000000000,-0.0000000000,0.0000000000,0.0000000000,-0.0000000000,-0.0000000000,0.0000000000,-0.0000000000,-0.1448860042,0.0000000000,0.0000000000,0.0000000000,0.0000000000,-0.3327276745,-0.0000000000,0.0000000000,-0.0000000000,0.2175592808,-0.0000000000,0.0000000000,-0.0000000000,-0.0000000000,0.0000000000,-0.0000000000,-0.0000000000,0.0505254986,0.0016941862,-0.0000000000,0.0000000000,0.0000000000,-0.0000000000,-0.0000000000,0.0000000000,-0.0259044852,0.0000000000,-0.0000000000,0.0000000000,0.0000000000,-0.0000000000,0.0000000000,0.3055231579,-0.0215277362,0.0000000000,-0.0000000000,-0.0000000000,0.0000000000,-0.0000000000,0.0000000000,0.0134954899,-0.2698425503,-0.0000000000,0.0000000000,0.1951703048,0.1881631625,0.0000000000,-0.0000000000,0.0000000000,-0.0000000000
-0.0000000000,0.0000000000,-0.0000000000,0.0000000000,-0.0000000000,-0.0450893868,0.0000000000,-0.0000000000,0.0000000000,-0.0000000000,-0.5413286930,-0.8877016742,-0.0000000000,-0.0000000000,-0.1614671191,-0.0000000000,-0.0000000000,-0.0624078744,-0.0000000000,0.0000000000,0.0000000000,-0.0000000000,-0.0000000000,-0.0000000000,-0.7418167555,3.5685131170,-0.0000000000,-0.0905858176,-0.0000000000,-0.0000000000,0.0000000000,0.0000000000,-0.0000000000,-0.0000000000,-0.0570716365,-0.0000000000,0.0000000000,0.0000000000,-0.0000000000,0.0000000000,0.0384303745,-0.0265751534,-0.0000000000,-0.0000000000,0.0000000000,0.1047505870,0.0000000000,0.0000000000,0.1345116287,0.0000000000,-0.0000000000,-0.0000000000,-0.0000000000,0.0000000000,-0.0000000000,-0.0000000000,-0.0537299854,0.0000000000,-0.0000000000,-0.0000000000,-0.3041602133,0.3721580212,-0.0000000000,0.0000000000,-0.0000000000,-0.0000000000,-0.0000000000,0.0000000000,0.0000000000,-0.0000000000,0.0000000000,-0.0000000000,-0.0000000000,-0.0000000000,-0.0000000000,-0.7833369208,-0.0000000000,-0.1091489445,0.0884146109,0.0000000000,-0.0000000000,0.0000000000,0.0000000000,-0.0000000000,-0.0000000000,0.0000000000,-0.0000000000,-0.0000000000,0.0000000000,0.0000000000,0.2337652740,0.0000000000,0.0000000000,-0.0000000000,0.0000000000,0.0000000000,0.2556281776,0.0000000000,0.0000000000,0.1808805994
-0.0000000000,0.0000000000,0.0000000000,0.0000000000,-0.0000000000,-0.0000000000,0.0524529946,0.0000000000,-0.0868380873,-0.0000000000,0.0384624012,-0.0000000000,0.0000000000,0.0000000000,0.0000000000,0.0000000000,0.0000000000,-0.0000000000,0.0000000000,-0.1099296917,-0.0000000000,-0.0000000000,-0.3276364929,-0.4180580002,-0.0000000000,-0.0000000000,2.5336297945,-0.1951798598,-0.0000000000,-0.1820270000,-0.0000000000,-0.0000000000,0.0824175788,-0.0000000000,-0.2657753513,-0.3524275842,0.0000000000,0.0000000000,0.0000000000,-0.1433260896,-0.0000000000,-0.0000000000,-0.0000000000,-0.0000000000,-0.5535138383,-0.2952638592,-0.0471848242,-0.0551249029,0.0000000000,0.0000000000,-0.0446054414,-0.0000000000,-0.0000000000,0.0000000000,-0.0000000000,-0.0000000000,0.0000000000,-0.0000000000,0.0000000000,0.3459678670,0.0000000000,0.0477206328,0.0504987083,0.0000000000,0.0000000000,0.0000000000,-0.0284828515,0.0126281273,0.0000000000,0.3360375831,-0.0000000000,0.0797252573,-0.0000000000,-0.0000000000,0.0000000000,-0.0000000000,-0.0000000000,-0.0000000000,0.0000000000,-0.0000000000,-0.0426609249,0.0000000000,0.0000000000,0.0576884748,-0.4281693224,0.0000000000,-0.0000000000,0.0000000000,-0.0000000000,-0.0000000000,0.0000000000,0.0000000000,0.0000000000,0.0000000000,0.0978232265,0.0000000000,-0.0000000000,-0.0000000000,0.3705966270,0.1753164211
-0.0000000000,0.0000000000,0.0000000000,-0.0000000000,-0.0000000000,-0.0000000000,0.0000000000,0.0000000000,0.0000000000,-0.0000000000,-0.0000000000,-0.0000000000,-0.0000000000,0.0000000000,0.0000000000,-0.0000000000,-0.0000000000,-0.0000000000,0.0000000000,0.0000000000,-0.0000000000,-0.3857955932,-0.0000000000,-0.0000000000,0.0000000000,-0.0905858176,-0.1951798598,2.9809967418,-0.2004850617,-0.1858728782,-0.0000000000,-0.0862538905,0.0680483155,-0.0000000000,-0.1424980559,-0.0884802815,-0.2748357277,0.0000000000,0.0490778707,-0.0000000000,0.0042849363,-0.0000000000,-0.0000000000,-0.4203057087,-0.0000000000,-0.0000000000,0.0000000000,-0.0000000000,-0.0000000000,0.0000000000,-0.0000000000,0.0000000000,-0.0000000000,-0.0000000000,0.0000000000,-0.0000000000,-0.0000000000,0.0137325212,0.0000000000,-0.0000000000,-0.0270410822,0.0000000000,0.0000000000,0.0000000000,0.0000000000,0.0000000000,0.0000000000,-0.0000000000,-0.0000000000,-0.0000000000,0.0000000000,-0.0000000000,0.0000000000,0.0000000000,-0.2152714088,-0.2690821545,-0.1029586462,-0.4835686320,0.0000000000,-0.0000000000,-0.0000000000,0.1183919078,0.0000000000,-0.0000000000,-0.0000000000,0.0000000000,-0.0000000000,-0.8344402305,-0.0000000000,0.0000000000,0.0000000000,0.0000000000,0.1203133391,0.0000000000,0.0000000000,-0.0000000000,0.0000000000,0.0000000000,-0.0000000000,0.0000000000
-0.0000000000,0.0000000000,-0.0000000000,0.0000000000,-0.0000000000,-0.0000000000,-0.2566721037,0.0000000000,-0.0000000000,-0.1103623328,0.0000000000,-0.0000000000,-0.0000000000,-0.0000000000,-0.0000000000,-0.0000000000,0.0000000000,0.0000000000,-0.0000000000,-0.0011739755,-0.0000000000,0.0000000000,-0.0943401029,-0.0791883680,-0.0000000000,-0.0000000000,-0.0000000000,-0.2004850617,2.4800036250,-0.0000000000,0.0400140502,-0.0000000000,0.0000000000,0.0000000000,-0.0000000000,-0.1386006534,-0.0000000000,-0.0000000000,0.0000000000,-0.0000000000,-0.0000000000,-0.0000000000,0.0000000000,-0.0000000000,0.0000000000,0.0000000000,-0.0000000000,-0.1903353085,-0.0000000000,-0.1915823722,-0.0000000000,-0.0000000000,0.0000000000,0.0000000000,-0.0000000000,-0.1642485952,0.0000000000,-0.0000000000,0.1057700340,0.0000000000,-0.0000000000,0.0000000000,-0.0000000000,-0.0000000000,-0.1746817662,-0.0000000000,-0.1503206275,-0.0000000000,-0.0000000000,-0.0000000000,-0.5148380535,0.0000000000,-0.3070755823,-0.0000000000,-0.0000000000,-0.0000000000,-0.6226687581,-0.3414097816,-0.0000000000,0.0000000000,-0.0000000000,-0.0000000000,0.0000000000,0.0000000000,0.0000000000,-0.0000000000,-0.0000000000,0.0000000000,-0.0000000000,-0.0000000000,0.0000000000,0.0000000000,-0.0000000000,0.0000000000,0.0000000000,0.0000000000,0.0000000000,-0.0000000000,-0.0000000000,-0.0000000000
