0,1,2,3,4,5,6,7,8,9,10,11,12,13,14,15,16,17,18,19,20,21,22,23,24,25,26,27,28,29,30,31,32,33,34,35,36,37,38,39,40,41,42,43,44,45,46,47,48,49,50,51,52,53,54,55,56,57,58,59,60,61,62,63,64,65,66,67,68,69,70,71,72,73,74,75,76,77,78,79,80,81,82,83,84,85,86,87,88,89,90,91,92,93,94,95,96,97,98,99
1.5098642747,0.0000000000,-0.0000000000,0.0000000000,0.0000000000,0.0000000000,-0.0828344904,0.0000000000,0.0000000000,-0.1039684484,0.0000000000,0.0000000000,0.2462827338,0.0000000000,0.0000000000,-0.2012668282,-0.0000000000,0.0000000000,-0.0000000000,-0.0000000000,0.0000000000,0.0154776860,-0.0000000000,-0.0000000000,-0.0917301449,0.0000000000,-0.0000000000,-0.0909029879,0.0000000000,-0.0000000000,-0.0000000000,-0.0815823586,-0.0476426164,-0.0000000000,0.0000000000,-0.0000000000,-0.0000000000,-0.0000000000,-0.0231854166,-0.1171945422,-0.0756960718,0.0000000000,-0.0000000000,0.0000000000,-0.0000000000,-0.0000000000,-0.0074323185,-0.0000000000,-0.0000000000,-0.0000000000,-0.4088038406,0.0000000000,0.0000000000,0.0942068310,-0.0089132712,0.0000000000,0.0624569215,0.0163005692,-0.0000000000,0.0000000000,0.0000000000,0.0673206655,0.0000000000,0.0000000000,0.0000000000,0.0000000000,-0.0000000000,0.0000000000,0.0000000000,0.0000000000,-0.0000000000,0.0000000000,0.0000000000,0.0000000000,0.0000000000,0.0000000000,0.0000000000,-0.0000000000,-0.0000000000,-0.0000000000,-0.0000000000,-0.0000000000,0.0000000000,0.0000000000,0.0000000000,-0.0000000000,0.0000000000,-0.0000000000,-0.0000000000,0.0000000000,-0.0000000000,-0.0283226355,-0.1913643842,0.0000000000,0.2513036335,0.0000000000,-0.0000000000,0.0000000000,-0.0000000000,-0.0000000000
0.0000000000,2.6400647594,-0.0000000000,-0.0000000000,-0.0000000000,-0.0000000000,-0.0115419312,-0.1935620054,-0.0900492817,-0.1012248213,-0.0000000000,-0.0856682836,-0.4019338108,-0.1320190554,-0.2611413918,-0.2283842496,-0.0000000000,-0.0776082263,-0.0000000000,-0.0000000000,-0.2599359904,-0.0000000000,-0.1276280107,-0.0000000000,-0.0000000000,-0.0000000000,-0.0000000000,-0.0000000000,-0.1290037149,-0.0000000000,0.0000000000,0.0000000000,0.0000000000,0.0000000000,0.0000000000,-0.0000000000,0.0000000000,-0.2646636624,-0.0000000000,-0.0130583370,-0.0000000000,-0.0000000000,-0.0000000000,0.0000000000,-0.0000000000,0.0000000000,-0.0000000000,-0.0000000000,-0.0000000000,0.0000000000,0.0000000000,-0.7169033855,-0.0000000000,-0.0000000000,0.0000000000,-0.0000000000,-0.0000000000,-0.0000000000,0.0000000000,0.0000000000,0.0000000000,-0.0577625680,-0.0000000000,-0.0000000000,-0.0427333173,-0.0000000000,-0.0000000000,-0.0000000000,0.0000000000,0.0000000000,-0.0000000000,-0.0000000000,0.0000000000,0.0000000000,0.0000000000,-0.0000000000,-0.1012631473,-0.0182291736,0.0000000000,-0.1165811712,0.0000000000,0.0000000000,-0.1507622447,0.0000000000,-0.0000000000,-0.0000000000,-0.0000000000,-0.0000000000,-0.1671313730,-0.0000000000,0.0000000000,-0.0000000000,-0.0126753558,-0.0000000000,-0.0000000000,0.0000000000,0.0000000000,-0.1453648954,0.0000000000,-0.0000000000
-0.0000000000,-0.0000000000,1.4496512602,-0.0000000000,-0.0745414155,-0.0000000000,-0.0000000000,-0.1420278790,-0.2848988621,-0.0000000000,0.0567192363,0.0000000000,-0.0000000000,-0.0361830202,-0.0000000000,-0.0000000000,0.0000000000,-0.1778607204,-0.0000000000,0.0417618438,-0.0149397992,0.0000000000,0.0000000000,-0.0000000000,0.0000000000,0.0000000000,0.0000000000,-0.0000000000,-0.0000000000,0.2637302876,-0.0667111450,0.0000000000,-0.0000000000,0.0000000000,0.0463152351,0.0000000000,0.0024690610,-0.0000000000,0.0000000000,-0.0000000000,0.0000000000,-0.0000000000,0.0000000000,0.0000000000,-0.0000000000,-0.0000000000,0.0421208803,0.0000000000,-0.0000000000,0.0111080527,-0.1685389819,-0.2033257083,0.0000000000,0.0000000000,-0.0000000000,-0.0235558195,-0.0508821433,-0.0000000000,-0.0000000000,0.0000000000,0.0000000000,0.0000000000,0.0000000000,-0.0000000000,0.0000000000,0.0000000000,0.0000000000,-0.0000000000,0.0000000000,0.0000000000,-0.0000000000,-0.0000000000,-0.0000000000,-0.0000000000,0.0590486412,0.0916732880,-0.0000000000,0.0503729086,0.0000000000,-0.0000000000,0.1229971991,0.0976684187,-0.0000000000,0.0000000000,0.0000000000,0.0000000000,0.0838979652,0.0000000000,0.0249598833,0.0000000000,0.0000000000,0.0000000000,0.0805129567,0.0000000000,0.0000000000,0.0000000000,-0.0000000000,0.0000000000,-0.0000000000,0.0000000000
0.0000000000,-0.0000000000,-0.0000000000,2.6108508550,-0.6881243367,0.0808813991,-0.2559525469,-0.2734945310,-0.0000000000,-0.1340296293,0.0000000000,-0.0000000000,0.0000000000,0.0000000000,0.0000000000,-0.0000000000,-0.0000000000,-0.0000000000,0.0000000000,-0.0000000000,0.0000000000,0.0000000000,-0.0000000000,-0.0000000000,0.0000000000,0.0000000000,-0.0736394703,0.0000000000,0.0000000000,0.0029775894,0.0000000000,0.0324863913,0.0000000000,-0.0000000000,-0.0379416701,0.0700773983,0.0000000000,-0.0000000000,0.0656254583,-0.0000000000,0.0000000000,0.0000000000,-0.0000000000,-0.0000000000,-0.0000000000,-0.0000000000,-0.0000000000,-0.0000000000,0.0000000000,0.0000000000,0.3639643927,-0.0000000000,0.0000000000,-0.8004905714,-0.0000000000,-0.0000000000,-0.0000000000,-0.2201120049,0.0000000000,-0.0000000000,-0.0797478521,0.0000000000,-0.0000000000,0.0000000000,-0.0329370072,0.0000000000,-0.1083269380,-0.0372782673,-0.0000000000,-0.0000000000,0.0000000000,0.0000000000,0.0000000000,0.0000000000,-0.0000000000,-0.1030714661,-0.0000000000,-0.0000000000,0.0000000000,0.0000000000,-0.1527980084,-0.0000000000,-0.0228712648,-0.0000000000,-0.2154940745,-0.2458176605,0.0280487627,-0.0000000000,-0.0000000000,-0.0000000000,-0.0000000000,0.0457042748,-0.0000000000,-0.0000000000,0.0000000000,0.0000000000,-0.0000000000,-0.0000000000,0.0000000000,0.0000000000
0.0000000000,-0.0000000000,-0.0745414155,-0.6881243367,1.9380457943,0.0000000000,-0.0000000000,-0.0843342691,-0.1784908382,-0.0000000000,0.0000000000,-0.0000000000,-0.0864906574,-0.0560700341,-0.0000000000,0.0000000000,-0.0000000000,-0.0000000000,-0.0547051994,-0.0000000000,-0.0000000000,-0.0000000000,-0.0095964508,-0.0000000000,0.0000000000,0.0000000000,-0.0000000000,0.0107396986,-0.0000000000,0.0000000000,0.0000000000,0.0000000000,0.0000000000,-0.0000000000,-0.0000000000,0.0000000000,-0.0000000000,0.0000000000,0.1562650916,-0.0000000000,-0.0000000000,0.0000000000,-0.0000000000,0.0000000000,0.0000000000,0.0000000000,-0.0652221167,-0.0000000000,0.0000000000,0.0000000000,-0.0000000000,-0.0000000000,-0.0000000000,-0.3683847181,-0.0481063778,-0.0000000000,-0.0000000000,-0.0000000000,0.0000000000,0.0000000000,-0.0000000000,-0.0000000000,-0.0000000000,0.0000000000,-0.0759820607,0.0000000000,-0.0000000000,-0.0000000000,-0.0000000000,-0.0000000000,0.0000000000,0.0000000000,0.0000000000,-0.0000000000,-0.0000000000,0.0000000000,-0.0281389357,-0.0000000000,0.0098340486,0.0000000000,-0.0000000000,-0.0000000000,-0.0000000000,0.0000000000,0.0000000000,-0.0000000000,0.0000000000,0.0000000000,-0.0000000000,-0.0000000000,-0.1701100077,0.0919401154,-0.0152104213,0.0078089847,0.0000000000,0.1594595588,0.0000000000,0.0000000000,0.1076411246,0.0000000000
0.0000000000,-0.0000000000,-0.0000000000,0.0808813991,0.0000000000,1.8118418103,-0.1642612709,0.0000000000,-0.3821260734,-0.0000000000,0.0000000000,0.0000000000,-0.1538301250,0.0000000000,0.0000000000,0.0000000000,0.0000000000,-0.0506601376,0.0000000000,0.0000000000,-0.0000000000,0.0000000000,0.0894035773,0.0000000000,0.2683695481,-0.0000000000,0.0000000000,-0.0543293988,-0.0000000000,0.0000000000,0.1196590266,-0.0000000000,0.0000000000,0.0000000000,0.0857869326,-0.1538392778,0.0000000000,-0.0000000000,-0.0000000000,0.0000000000,0.0000000000,-0.0000000000,0.0000000000,-0.0000000000,-0.0000000000,-0.0000000000,0.0000000000,-0.0000000000,0.0000000000,-0.0324364777,0.0000000000,0.0000000000,-0.0000000000,0.2084990164,-0.4762229709,-0.3157713332,0.0000000000,-0.0000000000,0.0649954741,0.0356113208,0.0000000000,-0.0000000000,-0.0000000000,-0.0000000000,0.0000000000,-0.0000000000,-0.0000000000,-0.0000000000,0.0000000000,-0.0000000000,-0.0000000000,-0.0000000000,0.0000000000,0.0000000000,0.0000000000,0.0000000000,-0.0000000000,0.0000000000,-0.0000000000,-0.0000000000,0.0000000000,0.0000000000,-0.0000000000,-0.0000000000,0.0000000000,0.0856892770,0.0000000000,0.0000000000,-0.0000000000,0.0000000000,0.0000000000,0.0000000000,-0.0000000000,0.0000000000,-0.0000000000,-0.0650812516,-0.0000000000,0.0000000000,-0.0724718552,-0.0000000000
-0.0828344904,-0.0115419312,-0.0000000000,-0.2559525469,-0.0000000000,-0.1642612709,1.6146242748,-0.0316812421,-0.0000000000,-0.1871899413,0.0000000000,0.0000000000,-0.0000000000,0.0910188281,0.0000000000,-0.4555491251,0.0000000000,-0.1220072240,-0.0000000000,-0.0000000000,-0.0874670691,0.0000000000,-0.0000000000,0.0000000000,0.0000000000,-0.0303046824,-0.0000000000,-0.0000000000,-0.0000000000,0.0000000000,0.0772434352,0.0000000000,-0.0000000000,-0.0132813726,0.0000000000,-0.0000000000,0.0000000000,-0.0000000000,0.0000000000,-0.0000000000,-0.0000000000,0.0000000000,-0.0000000000,-0.0000000000,-0.2374910614,-0.0000000000,-0.0000000000,-0.0000000000,0.1037364024,-0.1693792054,-0.0000000000,0.0000000000,0.0000000000,0.0000000000,-0.1274303952,-0.1198295457,0.0000000000,-0.0000000000,0.0000000000,-0.0000000000,-0.0000000000,0.0000000000,0.0000000000,-0.0000000000,-0.0000000000,-0.0000000000,-0.0263517003,-0.0328984490,-0.0000000000,0.0000000000,-0.0000000000,-0.0000000000,0.1019362699,-0.0000000000,0.0000000000,-0.0000000000,0.0000000000,-0.0000000000,0.0000000000,0.0000000000,-0.0000000000,0.0000000000,-0.0000000000,-0.1404721194,0.0000000000,0.0000000000,0.0000000000,0.0000000000,-0.0000000000,-0.0000000000,0.0295052728,0.0000000000,-0.0000000000,0.0174330112,-0.0000000000,-0.0000000000,0.0000000000,0.0000000000,0.0000000000,-0.0000000000
0.0000000000,-0.1935620054,-0.1420278790,-0.2734945310,-0.0843342691,0.0000000000,-0.0316812421,2.2371930127,-0.2141680190,-0.0000000000,0.0000000000,0.0534386799,-0.0000000000,-0.0000000000,-0.0000000000,0.0000000000,0.0000000000,-0.2179851601,-0.0000000000,-0.0000000000,-0.0000000000,0.0000000000,-0.0000000000,0.0000000000,-0.1260427102,-0.0000000000,-0.0000000000,-0.0000000000,0.0000000000,0.0000000000,0.0000000000,0.0000000000,0.0122600238,-0.0000000000,-0.0000000000,-0.1317317774,0.0585237630,-0.0000000000,-0.0136417226,-0.0000000000,0.0711548711,0.0000000000,0.0000000000,-0.0000000000,-0.0000000000,-0.0000000000,0.0000000000,0.1313523962,-0.0078576912,0.0000000000,0.0000000000,-0.0000000000,0.0000000000,-0.0000000000,-0.0103188033,-0.0000000000,-1.0185006101,-0.0000000000,0.0000000000,0.0000000000,0.0000000000,-0.0861175930,0.0000000000,0.1046411942,0.0000000000,0.0000000000,-0.0000000000,-0.0000000000,0.0000000000,0.0000000000,0.0000000000,-0.0000000000,-0.0000000000,-0.0000000000,0.1007009248,0.0000000000,0.0000000000,-0.0000000000,-0.0000000000,-0.0159306363,-0.0000000000,0.0000000000,-0.1254552911,-0.0394984995,-0.0000000000,-0.0000000000,0.0000000000,-0.0661918673,-0.0000000000,-0.0000000000,0.0000000000,0.0000000000,-0.0000000000,0.0000000000,-0.0000000000,-0.0000000000,-0.0000000000,-0.0000000000,-0.0000000000,-0.0000000000
0.0000000000,-0.0900492817,-0.2848988621,-0.0000000000,-0.1784908382,-0.3821260734,-0.0000000000,-0.2141680190,3.0128033588,-0.0000000000,0.0000000000,0.0000000000,-0.0000000000,-0.0000000000,-0.0000000000,0.0000000000,-0.0000000000,-0.0000000000,-0.0000000000,0.0000000000,0.0000000000,0.0993016231,0.1592282562,0.0173568000,0.0000000000,0.0000000000,0.0000000000,-0.0000000000,-0.0000000000,0.0000000000,-0.0000000000,0.0000000000,0.0000000000,0.0000000000,0.0000000000,-0.1658452979,0.0000000000,-0.0922802906,-0.0557259800,-0.0000000000,0.0000000000,0.0000000000,-0.0000000000,0.0000000000,-0.0000000000,-0.0000000000,0.0000000000,0.0000000000,-0.0000000000,-0.0020580840,-0.0000000000,-0.0328178885,-0.0000000000,-0.0000000000,-0.2504063358,-0.0647107137,-0.0540941272,-1.3107765707,-0.0000000000,0.0000000000,-0.0000000000,-0.0273312628,-0.0693812430,-0.0266402499,-0.0000000000,0.0000000000,-0.3470000730,-0.0000000000,-0.0000000000,-0.0000000000,0.0000000000,-0.0000000000,0.0000000000,-0.0000000000,0.0000000000,0.0000000000,-0.1085834309,0.0000000000,0.0000000000,-0.0000000000,0.0000000000,-0.0000000000,-0.0000000000,0.0000000000,0.0000000000,0.0000000000,0.0000000000,-0.0000000000,-0.1154505545,-0.0000000000,-0.0000000000,-0.0624194261,-0.0483532492,0.0000000000,-0.0000000000,-0.0000000000,-0.0000000000,-0.0000000000,0.0000000000,-0.0000000000
-0.1039684484,-0.1012248213,-0.0000000000,-0.1340296293,-0.0000000000,-0.0000000000,-0.1871899413,-0.0000000000,-0.0000000000,1.9610321327,0.0000000000,-0.0059683224,-0.0000000000,-0.0000000000,-0.0000000000,-0.0000000000,0.0000000000,-0.0000000000,-0.0000000000,-0.0000000000,-0.0301704590,0.1085537031,-0.0000000000,-0.0000000000,-0.3502828481,-0.0000000000,-0.0000000000,0.0000000000,-0.0000000000,0.1157396140,-0.0000000000,-0.1375897095,0.0000000000,0.0000000000,0.0000000000,0.0000000000,0.0849374191,-0.0000000000,0.0000000000,-0.5014396206,0.0000000000,-0.0000000000,0.0000000000,0.1301568213,0.0000000000,0.0000000000,-0.0000000000,-0.0000000000,0.0000000000,0.0504166043,0.0000000000,-0.0000000000,0.0385306348,-0.0000000000,-0.0000000000,-0.0020749913,0.0000000000,0.0000000000,-0.0598241998,0.0000000000,-0.0000000000,0.1784993341,0.0000000000,-0.0000000000,-0.0000000000,0.0000000000,-0.0000000000,-0.0000000000,-0.0000000000,0.0000000000,-0.0000000000,0.0000000000,0.0000000000,-0.1380512957,-0.0000000000,-0.6133017842,0.0000000000,-0.2238392572,-0.0000000000,0.0000000000,-0.0000000000,0.0000000000,0.0410106729,-0.0000000000,-0.0188437118,0.0000000000,0.1191378986,-0.0000000000,-0.0274624563,-0.0000000000,0.1222615024,-0.0000000000,-0.0984542597,-0.0000000000,0.0003855601,0.0193857173,0.0000000000,0.0000000000,-0.0555135205,0.0000000000
0.0000000000,-0.0000000000,0.0567192363,0.0000000000,0.0000000000,0.0000000000,0.0000000000,0.0000000000,0.0000000000,0.0000000000,2.3676170531,-1.0688688674,0.0000000000,0.0000000000,-0.0000000000,-0.1073501377,-0.0000000000,0.1281589043,-0.0000000000,0.0111192488,0.1212644566,-0.0000000000,0.0000000000,-0.0000000000,-0.0000000000,-0.2472677397,0.0000000000,0.0000000000,-0.0000000000,-0.0000000000,0.0000000000,0.1120028856,0.0344584988,0.0000000000,-0.0000000000,0.0000000000,-0.0666383720,0.0000000000,-0.1944617277,-0.0000000000,-0.0010558767,-0.0000000000,-0.1730999082,-0.0332409026,0.0000000000,0.0000000000,0.0000000000,-0.0000000000,-0.0000000000,-0.0000000000,0.0000000000,-0.0025980435,0.0000000000,0.0000000000,0.0092621579,0.0000000000,0.0000000000,0.0000000000,-0.0000000000,-0.6479994685,-0.2746145258,-0.0722401184,0.0000000000,0.0000000000,0.0000000000,0.0000000000,0.0000000000,0.0000000000,0.0864973402,0.0000000000,0.0000000000,-0.0000000000,0.0258882367,0.0000000000,-0.0000000000,-0.0000000000,-0.0000000000,-0.0000000000,-0.0000000000,0.1857880808,-0.0000000000,-0.1303140335,-0.0000000000,0.0000000000,-0.0000000000,-0.0000000000,-0.0095147784,-0.0000000000,0.0000000000,-0.0000000000,0.0000000000,0.0000000000,0.0000000000,-0.0000000000,-0.0000000000,-0.0000000000,0.0000000000,-0.0000000000,0.0000000000,-0.0000000000
0.0000000000,-0.0856682836,0.0000000000,-0.0000000000,-0.0000000000,0.0000000000,0.0000000000,0.0534386799,0.0000000000,-0.0059683224,-1.0688688674,2.3515547471,-0.0828695420,-0.1425339822,-0.0000000000,-0.0000000000,-0.1306311219,0.0000000000,-0.0000000000,0.0000000000,-0.0000000000,-0.0000000000,0.0000000000,-0.3955150355,-0.0000000000,-0.0190933739,0.0000000000,0.0000000000,-0.0000000000,-0.0000000000,0.0000000000,0.0000000000,0.0705409266,0.0000000000,0.0000000000,0.0699248252,0.0000000000,0.0065559689,-0.0000000000,-0.0000000000,-0.0000000000,-0.2654950696,-0.0318789194,0.0000000000,0.3689010054,0.2423494356,0.0000000000,0.0000000000,-0.0000000000,0.0000000000,-0.0000000000,-0.0582488755,-0.0000000000,-0.0000000000,0.0000000000,-0.0000000000,0.0362918659,0.0000000000,-0.1070778048,-0.0000000000,-0.0000000000,-0.0000000000,-0.0000000000,0.0000000000,-0.0000000000,0.0000000000,0.0000000000,0.0000000000,0.0664430674,0.0000000000,0.0000000000,0.0000000000,0.0000000000,0.0000000000,-0.0000000000,-0.0000000000,-0.0684406425,-0.0479648396,-0.0000000000,0.0000000000,0.0000000000,-0.0000000000,0.0637326230,0.3111970193,0.0000000000,0.0000000000,-0.0000000000,0.0000000000,0.0000000000,-0.0000000000,-0.0000000000,-0.0000000000,-0.0000000000,-0.0793914480,-0.0000000000,0.0000000000,0.0000000000,0.0000000000,0.0000000000,-0.0162116599
0.2462827338,-0.4019338108,-0.0000000000,0.0000000000,-0.0864906574,-0.1538301250,-0.0000000000,-0.0000000000,-0.0000000000,-0.0000000000,0.0000000000,-0.0828695420,1.8474963941,-0.6348094615,-0.0000000000,0.0000000000,-0.0000000000,-0.0000000000,-0.1314277380,0.0000000000,-0.0000000000,-0.3207910927,-0.0000000000,0.2497426019,-0.0630244744,-0.0000000000,0.0000000000,0.0104373760,-0.0566231792,-0.1068588681,-0.0000000000,-0.0000000000,-0.0000000000,-0.0000000000,0.0000000000,-0.0000000000,0.1191912818,0.0000000000,0.0000000000,0.0000000000,0.0141567427,-0.0000000000,-0.0000000000,-0.0000000000,0.0000000000,0.0000000000,0.0000000000,0.0000000000,-0.0000000000,0.0000000000,0.0000000000,0.0000000000,-0.0000000000,0.0000000000,-0.0000000000,-0.0000000000,-0.0000000000,0.0000000000,0.0000000000,0.1579137315,0.0000000000,-0.1488326041,-0.0000000000,-0.0000000000,-0.0000000000,-0.0000000000,0.0000000000,-0.0000000000,0.0000000000,0.0000000000,0.0285148879,0.0000000000,0.1902562630,-0.0000000000,0.0000000000,0.0000000000,0.0000000000,0.0000000000,-0.0000000000,0.0000000000,0.0411180778,0.0000000000,-0.0000000000,0.0000000000,0.0000000000,0.0000000000,-0.0640424267,0.0000000000,-0.0290822477,0.0000000000,0.1039558858,-0.0000000000,0.0338471482,0.0000000000,0.0000000000,-0.0000000000,0.1288442472,0.0000000000,0.0000000000,-0.0000000000
0.0000000000,-0.1320190554,-0.0361830202,0.0000000000,-0.0560700341,0.0000000000,0.0910188281,-0.0000000000,-0.0000000000,-0.0000000000,0.0000000000,-0.1425339822,-0.6348094615,2.9502921187,-1.0091195504,0.0000000000,-0.3615731167,0.0000000000,-0.7052196607,0.0447041918,-0.0086638921,0.0000000000,-0.0000000000,0.0000000000,-0.0000000000,0.0348644094,0.0000000000,0.0000000000,-0.0000000000,-0.0000000000,-0.0900957951,-0.0000000000,0.0000000000,0.0000000000,0.0000000000,-0.0000000000,0.0173991385,0.0000000000,0.2108040246,0.0000000000,0.0000000000,-0.0000000000,-0.0000000000,0.0000000000,0.0298728290,0.0520761283,0.0000000000,0.0000000000,-0.0249129204,0.0455518786,0.0000000000,-0.0212091675,-0.0152069191,-0.0000000000,0.0000000000,0.0000000000,-0.0000000000,-0.0000000000,-0.0000000000,0.0690065599,0.0000000000,-0.0986284227,-0.2405530060,-0.0000000000,-0.0000000000,0.0000000000,0.0000000000,-0.0000000000,0.0000000000,0.0000000000,0.0000000000,0.0311368307,0.0000000000,0.0000000000,-0.0000000000,0.0895414765,-0.0000000000,-0.0000000000,-0.0000000000,-0.0000000000,0.0000000000,0.0000000000,-0.0000000000,0.1023996232,0.0000000000,0.0000000000,-0.0246025653,0.0000000000,-0.0000000000,0.0000000000,0.0000000000,-0.0199942022,0.0000000000,-0.0000000000,0.0000000000,0.0000000000,0.0145090550,0.0000000000,0.0000000000,-0.0000000000
0.0000000000,-0.2611413918,-0.0000000000,0.0000000000,-0.0000000000,0.0000000000,0.0000000000,-0.0000000000,-0.0000000000,-0.0000000000,-0.0000000000,-0.0000000000,-0.0000000000,-1.0091195504,2.7543564926,0.0000000000,-0.0000000000,-0.0000000000,-0.0000000000,-0.0000000000,-0.1679764806,0.0000000000,-0.0000000000,0.0000000000,-0.0613916469,-0.0000000000,-0.0000000000,0.0000000000,-0.1225784763,-0.0658038993,0.0000000000,-0.0000000000,0.0000000000,0.0657472655,0.3497501697,-0.0000000000,0.0000000000,0.0000000000,0.0000000000,-0.0297834116,0.0000000000,-0.0000000000,-0.0000000000,0.0000000000,0.1079351002,0.0000000000,-0.0000000000,-0.0000000000,-0.0000000000,0.0000000000,-0.0000000000,-0.0000000000,-0.0185652866,-0.0000000000,0.0000000000,0.0693182207,-0.0000000000,0.0000000000,-0.0000000000,0.0000000000,0.0000000000,-0.0000000000,-0.0000000000,-0.0000000000,-0.0000000000,-0.9842980379,0.0000000000,0.0000000000,0.0000000000,0.0000000000,-0.0000000000,0.0000000000,-0.0000000000,0.0000000000,-0.0000000000,0.0000000000,-0.0769218943,-0.0000000000,-0.0000000000,-0.1845341249,0.0000000000,0.0000000000,0.0000000000,0.0000000000,-0.0000000000,0.0000000000,-0.0000000000,-0.0000000000,-0.0278610134,-0.0000000000,0.0000000000,-0.0000000000,-0.0658153067,-0.0422569691,-0.2651276387,0.0000000000,0.0000000000,-0.0000000000,-0.0000000000,-0.0000000000
-0.2012668282,-0.2283842496,-0.0000000000,-0.0000000000,0.0000000000,0.0000000000,-0.4555491251,0.0000000000,0.0000000000,-0.0000000000,-0.1073501377,-0.0000000000,0.0000000000,0.0000000000,0.0000000000,1.8399533079,-0.0000000000,-0.1371594061,-0.0000000000,-0.0000000000,-0.0738745863,0.0000000000,-0.0441450191,-0.4481891170,0.0000000000,-0.0554207251,-0.0568168309,-0.0042513853,-0.0000000000,0.0000000000,0.0412623015,0.0000000000,-0.0000000000,-0.0000000000,-0.0000000000,0.0000000000,-0.0108051067,0.0000000000,-0.0000000000,-0.0008310059,-0.0000000000,0.0000000000,-0.0386722398,-0.0000000000,-0.1092830308,0.0099911065,0.0000000000,-0.0000000000,-0.1569542238,-0.0000000000,-0.0000000000,-0.0000000000,0.0000000000,0.1586626012,0.0245822703,0.0000000000,0.0000000000,0.0000000000,0.0000000000,0.0000000000,-0.0000000000,0.0000000000,0.1231862697,-0.1337874980,-0.0000000000,-0.0000000000,-0.0000000000,-0.0000000000,0.0000000000,-0.0000000000,-0.0021615128,0.0000000000,0.0000000000,-0.0000000000,0.0000000000,-0.0000000000,-0.1900295475,-0.2271060481,0.0000000000,0.0000000000,-0.0000000000,-0.0000000000,0.0000000000,-0.0000000000,0.0000000000,-0.0000000000,-0.0000000000,-0.0000000000,-0.0000000000,-0.0000000000,0.2015785267,0.0175445063,0.0000000000,0.0000000000,0.0000000000,0.0000000000,0.0000000000,-0.0000000000,-0.0000000000,-0.0000000000
-0.0000000000,-0.0000000000,0.0000000000,-0.0000000000,-0.0000000000,0.0000000000,0.0000000000,0.0000000000,-0.0000000000,0.0000000000,-0.0000000000,-0.1306311219,-0.0000000000,-0.3615731167,-0.0000000000,-0.0000000000,3.1158733773,0.0000000000,-1.0538648131,0.0000000000,-0.0000000000,-0.0445769340,-0.0000000000,-0.7411053281,-0.0000000000,0.0000000000,0.0000000000,-0.0000000000,-0.0000000000,-0.0000000000,-0.0000000000,0.0000000000,0.0000000000,-0.0000000000,-0.0000000000,0.0272646323,-0.0000000000,0.0000000000,-0.0000000000,0.0000000000,0.0000000000,0.0000000000,0.0000000000,0.0000000000,0.0000000000,0.0188689013,0.0000000000,0.0000000000,0.0000000000,0.0000000000,-0.0000000000,-0.0000000000,-0.0000000000,-0.0722099263,0.0000000000,0.0000000000,-0.0000000000,0.0000000000,0.0000000000,0.0815930595,-0.0000000000,0.0000000000,-0.0000000000,-0.0000000000,-0.0000000000,0.0000000000,-0.0000000000,-0.2313099228,-0.0000000000,0.0000000000,0.0000000000,0.0000000000,0.0000000000,0.0000000000,-0.4873713929,0.0137189852,-0.0000000000,-0.0000000000,0.0000000000,0.0000000000,-0.0000000000,0.0000000000,0.1878034653,0.0000000000,0.0000000000,0.0000000000,-0.0003482148,-0.0000000000,0.0000000000,0.0000000000,0.0000000000,-0.0000000000,0.0672722684,0.0000000000,0.3029148678,0.0000000000,0.0000000000,0.0000000000,0.0000000000,-0.0000000000
0.0000000000,-0.0776082263,-0.1778607204,-0.0000000000,-0.0000000000,-0.0506601376,-0.1220072240,-0.2179851601,-0.0000000000,-0.0000000000,0.1281589043,0.0000000000,-0.0000000000,0.0000000000,-0.0000000000,-0.1371594061,0.0000000000,2.4151346519,-0.0000000000,-0.1908521968,-0.0468403358,-0.0000000000,-0.0000000000,0.0000000000,0.0779502421,0.0000000000,0.0000000000,-0.0000000000,0.0000000000,-0.0000000000,-0.0000000000,-0.0000000000,-0.0402735608,-0.6883874559,0.0000000000,-0.0657941292,0.0309777317,-0.0000000000,-0.0000000000,-0.0000000000,-0.0000000000,0.0000000000,0.0000000000,0.0000000000,-0.0443756359,0.0000000000,-0.0000000000,0.0000000000,-0.0000000000,0.0000000000,-0.0000000000,-0.0000000000,-0.0000000000,0.0000000000,-0.0263540127,-0.0000000000,-0.0000000000,-0.0000000000,0.0000000000,0.0000000000,0.2044969140,-0.0000000000,0.0000000000,-0.0000000000,-0.0000000000,-0.0000000000,-0.0000000000,-0.0000000000,-0.0000000000,-0.6130319564,-0.2687826499,-0.0646111291,-0.0000000000,-0.0000000000,0.0000000000,-0.0000000000,-0.0000000000,-0.0000000000,-0.0000000000,-0.0000000000,0.0000000000,0.0000000000,-0.0000000000,-0.0000000000,0.0000000000,0.0000000000,0.0000000000,0.0000000000,-0.0000000000,0.0000000000,-0.0000000000,0.0000000000,0.0000000000,-0.0000000000,-0.0000000000,0.0000000000,0.0000000000,0.0000000000,-0.0000000000,0.0000000000
-0.0000000000,-0.0000000000,-0.0000000000,0.0000000000,-0.0547051994,0.0000000000,-0.0000000000,-0.0000000000,-0.0000000000,-0.0000000000,-0.0000000000,-0.0000000000,-0.1314277380,-0.7052196607,-0.0000000000,-0.0000000000,-1.0538648131,-0.0000000000,3.2565015516,-0.0000000000,-0.6234300560,-0.0000000000,-0.0000000000,-0.0432647342,-0.1219201968,-0.0409516236,0.0000000000,-0.0711425007,-0.1725068501,-0.1282946794,-0.0000000000,-0.0000000000,-0.0000000000,-0.5411931729,0.0000000000,-0.0000000000,-0.0000000000,0.0000000000,0.0000000000,-0.0000000000,0.0000000000,0.0000000000,0.0000000000,0.0000000000,0.0079280046,0.0869379295,0.1842005565,0.0000000000,0.0000000000,0.0000000000,-0.0000000000,-0.0000000000,-0.0000000000,-0.0000000000,0.0000000000,0.2596415280,0.0000000000,0.0000000000,-0.0000000000,0.0021838610,0.0427841898,-0.0000000000,-0.0000000000,-0.0000000000,-0.0000000000,0.0000000000,-0.0000000000,-0.0285686529,-0.0000000000,-0.0000000000,-0.0000000000,0.0000000000,0.0000000000,-0.0849721397,-0.0000000000,0.1703519402,0.0000000000,-0.0000000000,0.0000000000,0.0000000000,-0.0000000000,-0.0000000000,0.0000000000,0.0000000000,0.0000000000,-0.0000000000,-0.0539148598,-0.0000000000,-0.0000000000,-0.0000000000,0.0000000000,-0.0000000000,0.0000000000,0.0000000000,0.0000000000,0.0000000000,0.0220094285,0.0000000000,0.0000000000,-0.0000000000
-0.0000000000,-0.0000000000,0.0417618438,-0.0000000000,-0.0000000000,0.0000000000,-0.0000000000,-0.0000000000,0.0000000000,-0.0000000000,0.0111192488,0.0000000000,0.0000000000,0.0447041918,-0.0000000000,-0.0000000000,0.0000000000,-0.1908521968,-0.0000000000,2.3187810553,-0.0000000000,-0.0000000000,-0.5333818481,-0.0000000000,-0.0000000000,-0.0000000000,-0.4485735236,-0.0000000000,-0.0000000000,-0.0173170550,0.0000000000,-0.0000000000,-0.0000000000,-0.0000000000,-0.0000000000,-0.1004024073,-0.0000000000,0.0000000000,0.0000000000,-0.0000000000,-0.0000000000,0.1165776175,-0.0000000000,0.0000000000,-0.0000000000,-0.0000000000,-0.3408075253,-0.0000000000,0.0000000000,-0.0681721482,-0.0963141120,0.0000000000,-0.0000000000,-0.0000000000,0.0000000000,0.0553070476,0.0000000000,0.0000000000,0.1452993285,0.0000000000,0.0834110491,0.0000000000,0.0000000000,0.0000000000,0.0000000000,-0.0000000000,-0.0000000000,0.0000000000,-0.0000000000,-0.0314316959,-0.1616774014,0.0000000000,-0.0000000000,0.0000000000,0.0000000000,0.0000000000,-0.0000000000,-0.0155104966,0.0000000000,-0.0000000000,-0.1584588276,-0.0000000000,0.0000000000,-0.0000000000,-0.0000000000,-0.0000000000,-0.0000000000,-0.0000000000,-0.4500150215,-0.0000000000,0.0000000000,0.0000000000,-0.0000000000,-0.0000000000,-0.0000000000,0.2004005513,-0.0000000000,-0.0000000000,-0.0000000000,-0.0000000000
0.0000000000,-0.2599359904,-0.0149397992,0.0000000000,-0.0000000000,-0.0000000000,-0.0874670691,-0.0000000000,0.0000000000,-0.0301704590,0.1212644566,-0.0000000000,-0.0000000000,-0.0086638921,-0.1679764806,-0.0738745863,-0.0000000000,-0.0468403358,-0.6234300560,-0.0000000000,2.6019122560,-0.0000000000,-0.0842109816,-0.2271205817,-0.0000000000,-0.0000000000,-0.0000000000,-0.0000000000,-0.0000000000,-0.0000000000,0.0000000000,0.0000000000,0.0000000000,-0.0276104243,0.0000000000,-0.0000000000,0.0000000000,0.1566531117,0.0000000000,-0.0575065126,0.0000000000,0.0875234778,0.0000000000,0.0000000000,0.0000000000,-0.0000000000,0.0000000000,0.0000000000,-0.0000000000,0.0000000000,-0.0000000000,-0.0000000000,0.0000000000,-0.0000000000,0.0000000000,0.1075654738,0.0000000000,0.0000000000,0.0000000000,0.1963303773,0.0523854801,0.0000000000,-0.0000000000,0.0000000000,-0.0000000000,-0.0000000000,-0.0000000000,-0.0000000000,-0.0000000000,-0.0000000000,-0.5151401039,-0.0000000000,-0.0000000000,-0.0000000000,0.0000000000,0.0000000000,0.0000000000,-0.5931432976,-0.0000000000,0.0000000000,0.0000000000,0.0349186906,0.0000000000,-0.0000000000,-0.0733360571,-0.0000000000,-0.0000000000,-0.0000000000,-0.0000000000,0.0000000000,0.0000000000,0.0000000000,0.0000000000,0.0000000000,0.0000000000,0.0000000000,0.0000000000,-0.0000000000,-0.0000000000,0.0000000000
0.0154776860,-0.0000000000,0.0000000000,0.0000000000,-0.0000000000,0.0000000000,0.0000000000,0.0000000000,0.0993016231,0.1085537031,-0.0000000000,-0.0000000000,-0.3207910927,0.0000000000,0.0000000000,0.0000000000,-0.0445769340,-0.0000000000,-0.0000000000,-0.0000000000,-0.0000000000,2.7592253037,-0.1410222890,-0.0000000000,0.0000000000,-0.1777378466,0.0000000000,-0.0000000000,-0.0000000000,-0.2446298590,0.0000000000,0.1804117079,-0.0000000000,-0.6032572439,-0.8382775642,0.0000000000,-0.0000000000,-0.0000000000,-0.0000000000,0.0000000000,-0.0010418980,0.0000000000,-0.2617124430,-0.0000000000,-0.0000000000,0.0000000000,-0.0000000000,0.0000000000,0.0000000000,0.0000000000,0.0000000000,0.0000000000,-0.0000000000,0.0000000000,0.0345155788,0.0424113459,0.0000000000,0.1276336134,0.0000000000,0.0000000000,0.0000000000,0.0000000000,-0.0000000000,0.0000000000,-0.0000000000,-0.0000000000,0.0000000000,0.0000000000,-0.0000000000,-0.0000000000,0.0000000000,-0.2096209289,-0.0000000000,-0.0000000000,-0.2773309632,0.0000000000,0.0000000000,-0.0000000000,0.0000000000,0.0000000000,-0.0851216751,-0.0000000000,-0.0000000000,-0.0137999204,0.0000000000,-0.0045238375,-0.0000000000,0.0000000000,0.0000000000,0.0000000000,0.0000000000,0.2681531455,0.0000000000,0.0000000000,-0.0000000000,0.0000000000,0.0509903830,-0.0000000000,0.0036293527,0.1862569286
-0.0000000000,-0.1276280107,0.0000000000,-0.0000000000,-0.0095964508,0.0894035773,-0.0000000000,-0.0000000000,0.1592282562,-0.0000000000,0.0000000000,0.0000000000,-0.0000000000,-0.0000000000,-0.0000000000,-0.0441450191,-0.0000000000,-0.0000000000,-0.0000000000,-0.5333818481,-0.0842109816,-0.1410222890,2.9981805381,-0.0000000000,-0.0000000000,-0.0000000000,-0.3820395011,-0.0000000000,0.0000000000,-0.4715489831,0.0000000000,-0.0563293044,-0.0000000000,-0.2856264354,-0.7083538871,0.0000000000,0.0000000000,0.0000000000,0.0000000000,-0.0000000000,-0.0892555149,0.0000000000,-0.0000000000,0.0000000000,-0.0000000000,0.0000000000,-0.1812546612,-0.0229524605,0.0000000000,0.0000000000,0.0000000000,-0.0000000000,0.0000000000,-0.0000000000,0.0000000000,0.0120613502,-0.0000000000,0.0000000000,0.0000000000,0.1513470625,0.0000000000,0.0354182898,0.0000000000,-0.0000000000,-0.0000000000,-0.0000000000,-0.0000000000,0.0000000000,-0.0000000000,-0.0000000000,-0.0000000000,-0.0000000000,-0.2855405553,0.0000000000,0.0000000000,-0.0000000000,0.0000000000,-0.1540405115,0.0000000000,-0.0000000000,-0.0000000000,-0.0000000000,-0.0000000000,0.0000000000,0.0000000000,-0.0000000000,0.0000000000,0.0000000000,-0.0000000000,0.0000000000,0.0000000000,0.0000000000,0.0000000000,-0.0000000000,0.0000000000,0.1871280715,0.0000000000,-0.0000000000,0.0000000000,0.0894706402
-0.0000000000,-0.0000000000,-0.0000000000,-0.0000000000,-0.0000000000,0.0000000000,0.0000000000,0.0000000000,0.0173568000,-0.0000000000,-0.0000000000,-0.3955150355,0.2497426019,0.0000000000,0.0000000000,-0.4481891170,-0.7411053281,0.0000000000,-0.0432647342,-0.0000000000,-0.2271205817,-0.0000000000,-0.0000000000,2.6774341934,-0.0000000000,-0.0000000000,-0.0000000000,-0.0000000000,-0.0000000000,0.0781577245,0.0000000000,0.0000000000,0.0430810266,-0.0000000000,-0.0000000000,0.0000000000,-0.0570524263,0.0000000000,0.0000000000,-0.0000000000,-0.0000000000,0.0000000000,-0.0000000000,0.0000000000,0.0000000000,0.0000000000,0.0149830592,0.0000000000,-0.0000000000,0.0000000000,-0.0149281322,-0.0000000000,0.0000000000,-0.0000000000,0.1259936424,0.0000000000,0.0000000000,0.0036835537,0.0000000000,0.0000000000,-0.0000000000,0.0000000000,0.0000000000,0.0000000000,-0.0000000000,0.0000000000,-0.0000000000,-0.0000000000,-0.0000000000,0.0000000000,-0.0545140671,0.0000000000,-0.0000000000,0.0000000000,-0.2352710422,0.0000000000,-0.0145068656,-0.0292757207,0.2254573913,0.0265623349,-0.6358256618,-0.0000000000,0.0533354396,0.0000000000,-0.0470331412,-0.0000000000,-0.0000000000,-0.0000000000,0.0757178369,-0.0000000000,0.0000000000,0.0043845864,0.0000000000,0.0000000000,0.2927519320,0.0000000000,0.0000000000,0.0000000000,0.0000000000,-0.0000000000
-0.0917301449,-0.0000000000,0.0000000000,0.0000000000,0.0000000000,0.2683695481,0.0000000000,-0.1260427102,0.0000000000,-0.3502828481,-0.0000000000,-0.0000000000,-0.0630244744,-0.0000000000,-0.0613916469,0.0000000000,-0.0000000000,0.0779502421,-0.1219201968,-0.0000000000,-0.0000000000,0.0000000000,-0.0000000000,-0.0000000000,1.8947475317,-0.1176496780,-0.0000000000,-0.0000000000,-0.0000000000,-0.0000000000,-0.0000000000,-0.1918243282,0.0000000000,0.0000000000,0.0000000000,0.0000000000,0.0000000000,0.0000000000,-0.0109738175,0.0000000000,0.0116551495,-0.3454438867,0.0000000000,-0.0000000000,0.0000000000,0.0000000000,0.0000000000,0.0000000000,-0.0000000000,0.0350801999,-0.0000000000,0.0000000000,0.0000000000,-0.0000000000,-0.0000000000,0.0000000000,-0.0000000000,0.0187694215,-0.0000000000,0.0666854415,0.0564205903,0.0000000000,0.0586828567,0.0259613589,0.0000000000,0.0000000000,0.0223974412,0.0755817256,0.1422812545,0.1365690724,0.0000000000,0.0000000000,-0.0000000000,-0.0424103515,0.0000000000,0.0000000000,0.2805490489,-0.0000000000,-0.0000000000,0.0000000000,-0.0000000000,0.0000000000,0.1474730352,0.0000000000,-0.0000000000,0.0000000000,0.0000000000,-0.0000000000,0.0000000000,-0.0000000000,0.0000000000,-0.5850571228,0.0000000000,-0.0000000000,0.1052048531,-0.0000000000,0.0796967714,0.0000000000,0.0000000000,0.0073334737
0.0000000000,-0.0000000000,0.0000000000,0.0000000000,0.0000000000,-0.0000000000,-0.0303046824,-0.0000000000,0.0000000000,-0.0000000000,-0.2472677397,-0.0190933739,-0.0000000000,0.0348644094,-0.0000000000,-0.0554207251,0.0000000000,0.0000000000,-0.0409516236,-0.0000000000,-0.0000000000,-0.1777378466,-0.0000000000,-0.0000000000,-0.1176496780,1.5378870776,-0.0000000000,-0.0000000000,-0.0792649725,-0.0846536995,0.0000000000,0.0000000000,0.0000000000,0.0000000000,0.0000000000,0.0762855768,0.0000000000,-0.0000000000,-0.0000000000,0.0000000000,-0.0000000000,-0.1662211093,-0.0575190243,-0.0000000000,-0.0000000000,0.0000000000,0.0000000000,0.0000000000,0.0185996742,0.0000000000,0.0000000000,-0.0000000000,-0.0000000000,0.0333152766,-0.0000000000,0.0000000000,0.0000000000,0.0881338278,0.0000000000,-0.0000000000,0.1191189804,-0.0000000000,0.1760083457,0.0000000000,-0.0000000000,-0.0000000000,0.1326595860,0.0206098441,0.0000000000,0.0000000000,-0.0000000000,-0.1974445200,-0.0000000000,-0.0033231839,-0.0751742845,-0.2768035200,0.0000000000,-0.2039136838,0.0000000000,-0.0000000000,-0.0320484698,0.0000000000,0.0790944579,-0.0000000000,-0.0000000000,0.0000000000,0.0516426508,0.0000000000,0.0000000000,-0.1366184090,0.0868004631,0.0000000000,-0.0177185912,-0.0000000000,-0.0000000000,-0.0000000000,0.0448456711,-0.0000000000,0.0000000000,0.0020251819
-0.0000000000,-0.0000000000,0.0000000000,-0.0736394703,-0.0000000000,0.0000000000,-0.0000000000,-0.0000000000,0.0000000000,-0.0000000000,0.0000000000,0.0000000000,0.0000000000,0.0000000000,-0.0000000000,-0.0568168309,0.0000000000,0.0000000000,0.0000000000,-0.4485735236,-0.0000000000,0.0000000000,-0.3820395011,-0.0000000000,-0.0000000000,-0.0000000000,2.6735633669,-0.0902855995,-0.0000000000,-0.0000000000,0.0000000000,-0.0420675227,-0.0000000000,0.0000000000,-0.0000000000,0.0169012458,0.0000000000,-0.2074883282,0.0000000000,0.0000000000,-0.0000000000,0.0000000000,-0.1647603581,0.0000000000,-0.3897278145,-0.3825930740,-0.1013175160,-0.3261829197,0.0000000000,-0.0000000000,0.0000000000,-0.0000000000,0.0000000000,-0.0000000000,0.0000000000,0.0000000000,0.0000000000,-0.0000000000,0.0000000000,0.0000000000,0.0000000000,0.1320319234,0.0000000000,0.0000000000,0.0000000000,-0.0000000000,-0.0000000000,0.3177154775,0.0000000000,0.0828890363,-0.0000000000,0.0997029021,-0.0000000000,0.1026502604,0.0785225474,-0.0000000000,-0.0000000000,-0.2082020419,0.1024192012,-0.0000000000,-0.0000000000,0.0000000000,0.0000000000,0.0000000000,-0.4850751808,-0.0000000000,0.0000000000,-0.0000000000,0.0000000000,-0.0000000000,0.0000000000,-0.0000000000,-0.0000000000,-0.0000000000,0.0000000000,0.0000000000,-0.0000000000,-0.1495249778,0.0006244830,0.0731717338
-0.0909029879,-0.0000000000,-0.0000000000,0.0000000000,0.0107396986,-0.0543293988,-0.0000000000,-0.0000000000,-0.0000000000,0.0000000000,0.0000000000,0.0000000000,0.0104373760,0.0000000000,0.0000000000,-0.0042513853,-0.0000000000,-0.0000000000,-0.0711425007,-0.0000000000,-0.0000000000,-0.0000000000,-0.0000000000,-0.0000000000,-0.0000000000,-0.0000000000,-0.0902855995,1.6006564454,-0.1103671333,-0.0754379854,-0.0000000000,-0.3417931428,-0.0000000000,-0.0000000000,-0.0000000000,-0.0000000000,-0.0000000000,-0.0589912700,-0.0000000000,0.0000000000,0.0000000000,0.0000000000,0.0000000000,0.0000000000,-0.0000000000,-0.0000000000,0.0000000000,-0.0000000000,0.0000000000,0.0000000000,0.0000000000,-0.0000000000,0.0000000000,-0.0000000000,-0.1333537847,0.0000000000,0.0000000000,-0.0000000000,0.0000000000,0.1119549879,0.2202815022,0.0000000000,-0.0357405783,-0.0000000000,0.0000000000,0.0000000000,-0.0602192787,-0.0000000000,0.0000000000,0.0000000000,-0.0000000000,-0.0339289133,-0.0491536482,0.0000000000,0.0000000000,0.0000000000,-0.0000000000,-0.1756733764,-0.0000000000,-0.0025950730,-0.0000000000,0.2372219591,-0.0000000000,-0.1227148375,-0.0276306973,-0.0000000000,-0.0000000000,-0.4684960682,0.0000000000,0.0000000000,0.0000000000,-0.0000000000,-0.0000000000,0.0000000000,0.0000000000,-0.0000000000,-0.0000000000,-0.0000000000,-0.0000000000,0.0000000000
0.0000000000,-0.1290037149,-0.0000000000,0.0000000000,-0.0000000000,-0.0000000000,-0.0000000000,0.0000000000,-0.0000000000,-0.0000000000,-0.0000000000,-0.0000000000,-0.0566231792,-0.0000000000,-0.1225784763,-0.0000000000,-0.0000000000,0.0000000000,-0.1725068501,-0.0000000000,-0.0000000000,-0.0000000000,0.0000000000,-0.0000000000,-0.0000000000,-0.0792649725,-0.0000000000,-0.1103671333,2.1088849782,-0.0000000000,0.0000000000,-0.1292086900,0.0000000000,0.0000000000,0.0000000000,-0.0000000000,-0.4684789708,-0.0000000000,-0.0000000000,0.0860800382,-0.0000000000,0.0000000000,-0.0262274310,0.0000000000,0.0000000000,0.1819748542,0.0000000000,0.0000000000,-0.0000000000,-0.0000000000,-0.0000000000,-0.0769578535,-0.0000000000,0.0000000000,-0.0000000000,-0.0000000000,0.0000000000,0.0000000000,0.0000000000,0.0057104327,-0.0000000000,-0.0000000000,-0.0000000000,-0.0000000000,-0.0000000000,-0.0000000000,-0.0000000000,-0.0000000000,0.0000000000,0.0000000000,-0.0000000000,0.0000000000,0.0000000000,-0.0000000000,-0.0000000000,0.0000000000,-0.7986856740,-0.0000000000,0.1964338303,-0.0000000000,-0.0000000000,-0.0000000000,0.0006306793,-0.0000000000,0.0000000000,-0.0000000000,-0.2154335235,-0.0000000000,-0.0000000000,-0.0000000000,0.0000000000,-0.0000000000,-0.0000000000,0.0743541884,0.0000000000,0.0000000000,0.0617755609,-0.0000000000,-0.0000000000,-0.0000000000
