0,1,2,3,4,5,6,7,8,9,10,11,12,13,14,15,16,17,18,19,20,21,22,23,24,25,26,27,28,29,30,31,32,33,34,35,36,37,38,39,40,41,42,43,44,45,46,47,48,49,50,51,52,53,54,55,56,57,58,59,60,61,62,63,64,65,66,67,68,69,70,71,72,73,74,75,76,77,78,79,80,81,82,83,84,85,86,87,88,89,90,91,92,93,94,95,96,97,98,99
2.3495608910,-0.0000000000,-0.0000000000,-0.0000000000,-0.0000000000,-0.0000000000,-0.0000000000,-0.0000000000,0.0000000000,0.0000000000,0.0000000000,0.0000000000,0.0303074941,0.0000000000,0.0000000000,-0.0164664619,0.0000000000,-0.1264876767,0.0000000000,-0.4151859045,-0.0000000000,0.0000000000,-0.0000000000,0.0000000000,-0.0970484876,-0.0000000000,-0.0000000000,-0.0000000000,-0.1902178472,0.0000000000,-0.0000000000,-0.0311638951,-0.0270091854,0.0000000000,0.0000000000,-0.0000000000,0.0000000000,-0.0000000000,0.0000000000,0.0000000000,-0.0000000000,-0.0000000000,0.0000000000,-0.0031395305,0.0000000000,0.0000000000,0.0000000000,-0.0000000000,-0.1015729302,0.0000000000,-0.8005959592,-0.0000000000,0.0000000000,-0.0000000000,0.1549779923,-0.0000000000,-0.0000000000,0.0000000000,0.0000000000,0.0000000000,0.0139910885,0.0000000000,-0.0000000000,-0.2213335119,0.0000000000,0.0000000000,-0.1719646110,-0.0000000000,0.0000000000,-0.0000000000,-0.0947092896,0.0000000000,-0.0000000000,-0.0000000000,0.0746046639,0.0000000000,0.0000000000,0.0357049838,0.0000000000,-0.0000000000,0.0000000000,0.0225051854,-0.0000000000,0.0000000000,-0.0000000000,-0.0000000000,0.0000000000,-0.0000000000,-0.1989984139,-0.0000000000,-0.0000000000,0.0000000000,-0.0000000000,0.0000000000,0.0000000000,-0.0000000000,0.1370323951,-0.0000000000,-0.6308764364,-0.0000000000
-0.0000000000,2.8575622786,-0.0000000000,-0.4021112084,-0.3959847617,-0.0000000000,-0.0000000000,-0.4581331068,0.0000000000,0.0000000000,0.0000000000,0.0000000000,-0.0730868760,0.0000000000,0.0000000000,-0.2631645127,0.0000000000,-0.0000000000,0.0998238461,-0.0000000000,0.0000000000,-0.0000000000,-0.0000000000,0.0000000000,-0.0000000000,0.0000000000,-0.0000000000,0.0000000000,0.0000000000,-0.0379447262,-0.0000000000,-0.0000000000,-0.0000000000,-0.0000000000,-0.0000000000,0.0000000000,0.0000000000,-0.0000000000,-0.0000000000,-0.0000000000,0.0000000000,-0.0000000000,-0.0000000000,0.0000000000,-0.0000000000,0.0000000000,-0.0000000000,-0.0000000000,0.0000000000,0.0000000000,-0.0000000000,-0.7322843088,-0.0422181062,-0.5348565848,-0.0000000000,0.0000000000,-0.0779492621,0.0000000000,-0.0000000000,-0.1503374774,-0.0000000000,-0.0000000000,-0.0000000000,-0.0000000000,0.0000000000,0.0000000000,-0.0000000000,0.0826547034,0.0000000000,0.0000000000,0.0000000000,-0.0000000000,0.0000000000,-0.0000000000,0.2958435461,-0.0000000000,-0.0000000000,-0.0000000000,0.0000000000,0.0000000000,0.0000000000,0.0000000000,-0.0142620505,-0.0000000000,-0.0000000000,-0.2207070817,-0.0000000000,-0.0314075856,-0.0000000000,0.0000000000,0.0043828380,0.0000000000,0.0000000000,-0.0000000000,-0.0000000000,0.0000000000,0.0000000000,0.0000000000,-0.0000000000,0.0000000000
-0.0000000000,-0.0000000000,2.8755371440,0.0000000000,-0.0814303798,-0.6873704537,-0.2789420838,-0.0379389463,-0.3505379046,0.0000000000,0.0000000000,0.0287576771,0.0000000000,0.0000000000,0.0000000000,0.0000000000,-0.0000000000,-0.0000000000,-0.0000000000,-0.1351326781,-0.0000000000,0.0000000000,0.0000000000,0.0000000000,-0.0000000000,0.0000000000,0.0000000000,0.0000000000,-0.0836970865,0.0821810702,-0.0000000000,0.0000000000,0.0214870055,0.0000000000,0.0000000000,-0.0000000000,0.0000000000,0.0000000000,0.0000000000,0.0000000000,0.1693839480,0.3266066647,0.0000000000,0.0000000000,0.0000000000,0.0000000000,0.0000000000,0.0000000000,-0.0529086977,0.0000000000,-0.0000000000,-0.6671130621,-0.0000000000,-0.0000000000,-0.2925713744,-0.1474639023,-0.0000000000,-0.2180406159,-0.0000000000,-0.0000000000,0.0000000000,0.0000000000,0.0000000000,0.0000000000,0.0000000000,0.0000000000,-0.0000000000,-0.0000000000,0.0000000000,-0.0000000000,-0.0000000000,0.0000000000,0.0000000000,-0.0000000000,0.0000000000,-0.0000000000,-0.0000000000,0.0000000000,0.0184783790,0.0000000000,0.0000000000,0.2008501542,0.0000000000,-0.0000000000,-0.0000000000,-0.0000000000,0.0000000000,0.0586079293,-0.0448697387,0.0000000000,0.0000000000,0.0000000000,-0.0000000000,0.0000000000,0.0000000000,0.0000000000,0.0000000000,0.0000000000,0.0000000000,0.0000000000
-0.0000000000,-0.4021112084,0.0000000000,3.7761168719,-0.6235892073,0.1753739610,0.0000000000,-0.0097004771,0.2782285596,0.0000000000,-0.0000000000,-0.0000000000,-0.0000000000,0.0000000000,-0.0000000000,-0.4084503539,-0.0000000000,0.0000000000,0.1505781792,0.0000000000,0.0000000000,-0.0000000000,0.0000000000,0.0000000000,0.0000000000,-0.0000000000,0.0000000000,0.0000000000,0.0000000000,-0.0000000000,0.0000000000,-0.0000000000,-0.0000000000,0.0000000000,0.0000000000,0.0000000000,0.0000000000,-0.0000000000,-0.0000000000,-0.0000000000,-0.0000000000,0.0000000000,-0.0000000000,0.0000000000,0.0000000000,0.0000000000,-0.0000000000,0.0000000000,0.0000000000,0.0000000000,-0.1074154644,0.0000000000,0.0000000000,-1.6173934204,0.0000000000,0.3224687126,-0.0000000000,0.3250997197,0.0000000000,0.0000000000,-0.0000000000,-0.0000000000,-0.0000000000,-0.0000000000,0.0308532357,0.0000000000,0.0000000000,0.0000000000,0.0000000000,0.0000000000,0.0000000000,-0.0000000000,0.0000000000,0.0000000000,0.1391256293,0.0000000000,0.0000000000,-0.0000000000,-0.0000000000,-0.0000000000,0.0000000000,0.0000000000,-0.0000000000,0.0000000000,0.0000000000,-0.0000000000,-0.0000000000,-0.0661694618,0.0000000000,0.1104116065,0.0000000000,0.0000000000,0.0000000000,0.0000000000,0.0000000000,0.0000000000,0.0000000000,0.0000000000,-0.0000000000,0.0000000000
-0.0000000000,-0.3959847617,-0.0814303798,-0.6235892073,2.8867613299,-0.0000000000,-0.0000000000,-0.2790397001,0.0000000000,0.0000000000,-0.0000000000,0.0036320279,0.0000000000,0.0000000000,-0.0000000000,-0.0000000000,0.0000000000,0.0000000000,0.0000000000,0.0000000000,0.0000000000,-0.0000000000,0.1050195158,-0.0000000000,0.2397457257,-0.0000000000,0.0000000000,-0.0000000000,-0.0000000000,0.0000000000,0.0000000000,0.0000000000,0.0000000000,0.0000000000,0.0000000000,0.0000000000,-0.0000000000,-0.0000000000,0.0000000000,-0.0000000000,-0.0000000000,0.0000000000,-0.0000000000,0.0000000000,0.0000000000,0.0000000000,0.0000000000,0.1428635432,0.0000000000,0.0000000000,-0.0632763318,-0.0000000000,-0.0000000000,-1.1785012705,-0.4352142365,0.0000000000,-0.1709508320,0.0000000000,0.0000000000,0.0000000000,0.1493266942,0.0000000000,-0.0000000000,0.0000000000,0.0000000000,0.0000000000,-0.0000000000,0.0000000000,0.0000000000,0.0000000000,0.0000000000,-0.1351630633,0.0000000000,0.0000000000,-0.0000000000,-0.0000000000,-0.0000000000,-0.0000000000,-0.0000000000,-0.0000000000,-0.0000000000,0.0000000000,-0.0000000000,-0.0000000000,0.0000000000,-0.0000000000,-0.0000000000,-0.0000000000,-0.0000000000,0.0000000000,0.0000000000,-0.0000000000,0.0000000000,-0.0000000000,0.0000000000,-0.0000000000,0.0000000000,0.1066381580,0.0000000000,-0.0000000000
-0.0000000000,-0.0000000000,-0.6873704537,0.1753739610,-0.0000000000,4.4300338224,-0.0000000000,-0.0000000000,-0.6914604420,-0.0000000000,-0.0000000000,0.0000000000,0.0000000000,0.0296123726,0.0000000000,0.0702116138,0.0000000000,0.0000000000,0.0000000000,-0.2120451790,-0.0000000000,0.0000000000,-0.0000000000,-0.0000000000,-0.0755317580,-0.0000000000,-0.0000000000,-0.0240431570,-0.0000000000,-0.0000000000,0.0000000000,0.0000000000,0.0000000000,0.0763101129,0.0000000000,-0.0000000000,0.0000000000,0.0000000000,0.0000000000,0.0000000000,0.2032638242,-0.0000000000,0.0000000000,-0.0000000000,0.0000000000,0.0000000000,0.1295097917,-0.0000000000,-0.2947661934,0.0000000000,-0.0000000000,-0.0000000000,0.0000000000,0.0000000000,-1.2640227253,-1.1804446449,0.0000000000,-0.0000000000,-0.0000000000,-0.0000000000,0.0000000000,0.0000000000,0.0000000000,0.0180590094,0.0000000000,0.0000000000,-0.0000000000,0.0000000000,0.0000000000,-0.0000000000,-0.0000000000,0.0000000000,-0.0000000000,-0.0000000000,0.0000000000,-0.0215402455,-0.0000000000,-0.0000000000,0.0000000000,0.2098116819,0.0000000000,0.0000000000,0.0000000000,-0.0000000000,-0.0814035672,0.0000000000,0.0000000000,0.0000000000,-0.0000000000,0.0000000000,0.0000000000,0.0000000000,0.0000000000,0.0000000000,0.0000000000,-0.0000000000,0.0000000000,-0.0000000000,-0.0000000000,-0.0000000000
-0.0000000000,-0.0000000000,-0.2789420838,0.0000000000,-0.0000000000,-0.0000000000,2.7700185081,-0.0936632987,-0.1693201761,0.0000000000,-0.0000000000,-0.0000000000,0.0000000000,0.0000000000,0.0000000000,-0.0000000000,-0.0000000000,0.0000000000,-0.0000000000,-0.2304822800,-0.0000000000,0.0000000000,-0.0000000000,-0.2001455556,0.0000000000,0.0000000000,-0.0000000000,0.0000000000,-0.0000000000,0.0000000000,0.0000000000,0.1744349927,-0.0000000000,-0.0000000000,-0.0000000000,0.0000000000,0.0235367889,0.0000000000,-0.0000000000,-0.5947218436,0.0000000000,0.0000000000,0.0000000000,0.0000000000,-0.0000000000,0.0000000000,0.0000000000,-0.0000000000,0.0000000000,0.0000000000,-0.0000000000,-0.0945307950,-0.8410545077,0.0000000000,0.0000000000,0.0000000000,-0.0000000000,-0.0000000000,0.0608810857,0.0000000000,0.0000000000,0.0000000000,0.0564127982,0.0000000000,0.0000000000,0.0000000000,-0.6579118091,0.0000000000,0.0000000000,0.0000000000,-0.0000000000,0.0000000000,0.0000000000,-0.2552775210,-0.0000000000,0.0000000000,-0.0000000000,0.0000000000,0.0000000000,0.0000000000,-0.0208985456,0.0000000000,-0.0172189768,-0.1543547890,-0.0061168903,-0.1002772745,0.0000000000,0.0742455632,-0.0000000000,-0.1046868282,0.0000000000,-0.0000000000,-0.0000000000,0.0000000000,-0.0000000000,0.0000000000,-0.0000000000,-0.0000000000,0.0000000000,0.0000000000
-0.0000000000,-0.4581331068,-0.0379389463,-0.0097004771,-0.2790397001,-0.0000000000,-0.0936632987,2.7257781484,-0.1352821996,0.0000000000,-0.1200215389,-0.0000000000,-0.0000000000,-0.0000000000,0.0319635042,-0.0658730034,-0.0000000000,-0.0953736076,-0.0000000000,-0.1580725280,-0.0000000000,-0.0000000000,-0.0000000000,0.0000000000,-0.0000000000,-0.0000000000,-0.0123883893,0.0000000000,-0.0000000000,0.0000000000,0.0000000000,-0.0000000000,0.0000000000,-0.0000000000,-0.1020669870,-0.0000000000,-0.0000000000,-0.0000000000,-0.0000000000,0.0000000000,-0.0000000000,0.0000000000,-0.0000000000,0.0000000000,-0.0000000000,0.0000000000,-0.0000000000,-0.0000000000,-0.0000000000,0.0000000000,-0.1043843441,-0.5463730898,0.0000000000,-0.0190463631,-0.1492731486,0.0000000000,-0.8919646386,-0.2249101263,0.0000000000,0.0000000000,0.0000000000,-0.0000000000,0.0000000000,0.0000000000,0.0000000000,0.0000000000,0.0000000000,0.0000000000,0.0000000000,-0.0000000000,0.0000000000,-0.0000000000,0.0000000000,0.1791101004,0.0000000000,0.0000000000,-0.0000000000,0.0000000000,0.0000000000,0.0000000000,0.0374797071,0.0000000000,-0.0282456791,-0.1714704468,-0.0000000000,0.0000000000,-0.0000000000,-0.0000000000,-0.0000000000,0.0000000000,0.1668758967,0.0000000000,0.0000000000,0.0000000000,0.0602258483,0.0000000000,0.0105954281,0.0000000000,0.0000000000,0.0000000000
0.0000000000,0.0000000000,-0.3505379046,0.2782285596,0.0000000000,-0.6914604420,-0.1693201761,-0.1352821996,4.5324823799,0.0000000000,-0.0000000000,0.0000000000,0.0000000000,-0.0000000000,0.0000000000,0.0000000000,0.0000000000,0.0000000000,-0.0000000000,-0.0000000000,-0.0348660537,0.0000000000,-0.0000000000,-0.0000000000,0.0000000000,0.0000000000,-0.0406119836,-0.1699500263,-0.4985058592,0.0000000000,0.0000000000,0.0000000000,0.0000000000,0.0000000000,0.0000000000,-0.1912324392,-0.0000000000,0.0000000000,0.0000000000,0.0000000000,0.0000000000,0.0000000000,0.0000000000,-0.0000000000,-0.0000000000,-0.0000000000,0.0000000000,-0.2122777224,-0.0000000000,-0.0000000000,-0.0000000000,-0.0000000000,-0.0000000000,0.0567932377,-0.1450825561,-0.2341167787,-0.0000000000,-2.2250305677,0.0000000000,0.0000000000,0.0000000000,0.0000000000,0.0000000000,0.0000000000,-0.0000000000,-0.0000000000,-0.0000000000,-0.0000000000,0.0000000000,0.0000000000,-0.0221199274,0.0503611094,-0.0000000000,0.0000000000,-0.0000000000,0.0000000000,-0.0000000000,0.0000000000,0.0000000000,0.0000000000,0.0592338644,0.0000000000,0.0000000000,-0.0000000000,-0.0000000000,0.0000000000,-0.0000000000,0.0568399312,-0.0000000000,0.0000000000,0.0000000000,0.0000000000,-0.0000000000,0.0000000000,0.0000000000,-0.0000000000,0.0000000000,0.0000000000,0.0000000000,-0.0000000000
0.0000000000,0.0000000000,0.0000000000,0.0000000000,0.0000000000,-0.0000000000,0.0000000000,0.0000000000,0.0000000000,2.8497211387,-0.0000000000,-0.6976602522,-0.0000000000,-0.0000000000,-0.0000000000,0.0000000000,-0.0000000000,0.0000000000,0.0000000000,0.0000000000,-0.0000000000,-0.0000000000,-0.0000000000,-0.0378610195,-0.1104737402,0.0000000000,-0.0000000000,0.0000000000,0.0000000000,-0.0600317139,0.0000000000,-0.0000000000,0.0000000000,0.0000000000,0.0000000000,0.0000000000,0.0000000000,-0.0000000000,-0.2331446310,-0.0858384784,0.0000000000,-0.0000000000,-0.0000000000,-0.0000000000,0.0000000000,-0.1545825811,0.0502352406,0.0000000000,-0.0000000000,-0.0000000000,0.0000000000,-0.0000000000,0.0000000000,0.0000000000,-0.0000000000,-0.0000000000,0.0000000000,0.0000000000,-1.0253709426,0.0000000000,-0.0000000000,-0.0000000000,-0.1188753184,-0.0000000000,-0.0000000000,-0.0000000000,0.0000000000,0.0000000000,0.0000000000,0.0000000000,0.0000000000,-0.0000000000,0.0000000000,-0.0000000000,-0.0000000000,-0.0000000000,0.0000000000,-0.0000000000,0.2374288347,0.2143626646,0.0000000000,0.1222454257,0.0000000000,-0.0000000000,0.0000000000,0.0000000000,0.0322941295,0.1380587435,0.0000000000,-0.0000000000,0.0000000000,-0.0000000000,-0.5664647414,0.0000000000,-0.2403084029,0.0000000000,-0.0000000000,0.0000000000,-0.0000000000,0.0000000000
0.0000000000,0.0000000000,0.0000000000,-0.0000000000,-0.0000000000,-0.0000000000,-0.0000000000,-0.1200215389,-0.0000000000,-0.0000000000,1.8214923654,-0.9645727935,-0.0000000000,-0.0000000000,-0.0000000000,-0.0000000000,0.0289215131,-0.0000000000,0.0653015948,-0.0000000000,-0.0000000000,-0.0000000000,-0.0000000000,-0.0320969317,0.0000000000,-0.0345981787,-0.0000000000,-0.0000000000,0.0000000000,-0.0000000000,-0.0000000000,0.0000000000,-0.0000000000,-0.0000000000,-0.0000000000,-0.0183154019,-0.0000000000,0.0000000000,0.0000000000,-0.0059568743,-0.1378717836,-0.0000000000,-0.0853942997,0.0000000000,-0.0867188686,-0.0380847543,0.0000000000,-0.0000000000,-0.0000000000,-0.0267812903,0.0000000000,-0.0000000000,-0.0000000000,0.0000000000,-0.0000000000,0.0000000000,-0.0000000000,-0.0000000000,0.0000000000,-0.1345262727,0.0000000000,-0.0000000000,0.0000000000,0.0457169838,-0.0000000000,-0.1304453188,-0.0000000000,0.0000000000,0.0135706013,0.0000000000,0.0000000000,-0.0000000000,0.0000000000,0.0000000000,-0.0545689231,0.0000000000,-0.0000000000,0.0000000000,0.1726675414,0.0000000000,0.0000000000,-0.0000000000,-0.0000000000,-0.0559727848,0.0000000000,0.0587831794,0.0000000000,0.1332883805,-0.0000000000,-0.1193506827,0.0997405325,0.0000000000,0.0013744634,0.0000000000,-0.0000000000,0.0214673255,-0.0000000000,0.0622896274,-0.0000000000,-0.0000000000
0.0000000000,0.0000000000,0.0287576771,-0.0000000000,0.0036320279,0.0000000000,-0.0000000000,-0.0000000000,0.0000000000,-0.6976602522,-0.9645727935,3.2318464619,-0.3109652450,-0.2251283697,0.0000000000,-0.0000000000,-0.4726234746,0.0000000000,0.0000000000,0.0000000000,-0.0000000000,-0.1615629983,-0.0000000000,-0.1024196982,-0.2590666438,-0.0866263981,-0.0000000000,-0.0000000000,0.0403336556,-0.0000000000,-0.0000000000,-0.0000000000,0.0000000000,-0.0000000000,-0.0000000000,0.0000000000,-0.0000000000,-0.0000000000,-0.0000000000,-0.0000000000,-0.0000000000,-0.0000000000,-0.0127266401,-0.0000000000,-0.0000000000,-0.0156772062,-0.0000000000,-0.0000000000,-0.0000000000,-0.0000000000,0.0000000000,-0.0000000000,0.0000000000,0.0000000000,0.0000000000,0.0000000000,-0.0000000000,0.0000000000,-0.0000000000,-0.0000000000,-0.6275084640,-0.2771786507,0.0000000000,0.0196928547,-0.0000000000,-0.0000000000,0.0000000000,0.0000000000,0.0000000000,0.0000000000,0.0000000000,-0.0000000000,0.0000000000,0.0000000000,-0.0052481483,-0.0000000000,0.0000000000,-0.0000000000,0.0000000000,0.0000000000,0.0000000000,0.0000000000,-0.0000000000,-0.0000000000,0.0235736493,0.0490390779,0.0000000000,0.0000000000,0.0000000000,-0.0000000000,0.0000000000,0.0000000000,0.0000000000,0.0000000000,-0.0000000000,0.0000000000,-0.0000000000,0.0000000000,-0.0000000000,0.0000000000
0.0303074941,-0.0730868760,0.0000000000,-0.0000000000,0.0000000000,0.0000000000,0.0000000000,-0.0000000000,0.0000000000,-0.0000000000,-0.0000000000,-0.3109652450,3.8086616038,-0.0000000000,0.0000000000,0.0000000000,0.0000000000,-0.0000000000,0.0000000000,0.0000000000,0.0000000000,-0.0000000000,-0.0000000000,-0.0000000000,0.0000000000,0.0000000000,-0.0000000000,-0.0000000000,0.0000000000,-0.5227785397,-0.0000000000,0.0000000000,-0.0000000000,-0.0000000000,-0.0000000000,-0.0000000000,-0.0774556854,0.0000000000,0.0000000000,0.0000000000,-0.0000000000,0.0000000000,-0.1864714701,0.0000000000,-0.0000000000,-0.0391994651,-0.0000000000,-0.0000000000,0.0033805237,-0.0000000000,0.0000000000,-0.0000000000,-0.0000000000,-0.0000000000,-0.0000000000,0.0000000000,-0.0092793969,0.0000000000,-0.0405863418,0.0000000000,-0.0274525807,-2.5682385991,-0.0000000000,0.0023396126,0.0000000000,-0.0000000000,0.0000000000,0.2800635009,0.0000000000,-0.0000000000,0.0000000000,-0.0000000000,0.0000000000,0.0000000000,0.0401575784,0.0000000000,0.0000000000,-0.0000000000,0.0000000000,0.0666718462,-0.0000000000,-0.0000000000,-0.0000000000,-0.0000000000,0.0000000000,-0.0000000000,0.0000000000,-0.0271694726,0.0000000000,0.1209183203,0.0000000000,-0.0000000000,0.0000000000,0.0000000000,-0.0000000000,0.0000000000,-0.0000000000,0.0000000000,0.0791160035,0.0000000000
0.0000000000,0.0000000000,0.0000000000,0.0000000000,0.0000000000,0.0296123726,0.0000000000,-0.0000000000,-0.0000000000,-0.0000000000,-0.0000000000,-0.2251283697,-0.0000000000,2.4780798002,-0.0000000000,0.0000000000,-0.3748314616,-0.0000000000,-0.9160076863,0.0867493527,-0.1453898539,-0.0374969915,-0.0000000000,0.0000000000,0.0000000000,0.0000000000,0.0000000000,-0.0000000000,-0.0000000000,-0.0000000000,-0.0000000000,-0.0367146213,-0.0000000000,-0.0408702127,-0.1357436864,-0.0000000000,-0.0000000000,-0.0000000000,-0.0000000000,0.0000000000,-0.0000000000,-0.0000000000,-0.0000000000,-0.1989044126,-0.0000000000,-0.0000000000,-0.0000000000,-0.0000000000,-0.0000000000,-0.1172643213,-0.0000000000,-0.0000000000,-0.0000000000,0.0000000000,0.0000000000,-0.0000000000,-0.0000000000,-0.0000000000,-0.0000000000,0.0000000000,-0.0000000000,-0.0000000000,-0.0545492906,-0.0445581667,-0.4317593803,-0.0480694783,0.0886521120,-0.0492690840,-0.0000000000,0.0000000000,0.0000000000,-0.1161353852,-0.0000000000,0.1168973977,-0.0000000000,-0.0000000000,0.0000000000,0.0000000000,-0.0000000000,-0.0000000000,0.1111071176,-0.0000000000,0.0000000000,-0.0000000000,0.0637620612,0.0000000000,0.0000000000,0.0000000000,0.0000000000,0.0000000000,-0.0000000000,-0.0000000000,0.0000000000,-0.0405082149,-0.0000000000,-0.0000000000,-0.0000000000,0.0000000000,0.0000000000,-0.0000000000
0.0000000000,0.0000000000,0.0000000000,-0.0000000000,-0.0000000000,0.0000000000,0.0000000000,0.0319635042,0.0000000000,-0.0000000000,-0.0000000000,0.0000000000,0.0000000000,-0.0000000000,2.8191750290,-0.0000000000,0.0000000000,0.0000000000,0.0000000000,0.0000000000,-0.1505021388,-0.0000000000,-0.0000000000,-0.0000000000,0.0937430093,-0.0000000000,0.0000000000,-0.0000000000,-0.0000000000,0.0000000000,0.1251446689,-0.0000000000,0.0000000000,0.0000000000,0.0000000000,0.0293681070,0.0000000000,-0.0000000000,0.0000000000,-0.0000000000,0.0000000000,0.0000000000,0.0000000000,0.0000000000,0.0000000000,0.0000000000,0.0000000000,0.0000000000,0.0000000000,0.0000000000,-0.0000000000,0.0000000000,0.0000000000,-0.0000000000,0.0713273588,-0.0000000000,0.0454969658,0.0000000000,0.1043533671,0.0000000000,0.1269068097,0.0000000000,-0.0000000000,-0.0000000000,-0.0000000000,-1.6809901932,-0.0000000000,0.0000000000,0.0000000000,0.0000000000,-0.3708453190,-0.0000000000,-0.1589683858,-0.0000000000,0.0000000000,0.0000000000,-0.1761309689,0.0000000000,0.0000000000,-0.0575761713,-0.0000000000,0.0000000000,0.0159835478,-0.0000000000,0.0000000000,-0.0000000000,0.1029868541,0.0031808068,0.0000000000,-0.0185574396,-0.0000000000,-0.0000000000,-0.0000000000,0.0000000000,0.0000000000,0.0000000000,-0.0000000000,0.0000000000,0.0000000000,-0.0000000000
-0.0164664619,-0.2631645127,0.0000000000,-0.4084503539,-0.0000000000,0.0702116138,-0.0000000000,-0.0658730034,0.0000000000,0.0000000000,-0.0000000000,-0.0000000000,0.0000000000,0.0000000000,-0.0000000000,2.2718453096,-0.0213805152,-0.0729080833,0.0000000000,-0.0000000000,0.0000000000,-0.3677515821,-0.0000000000,-0.2613616915,0.0000000000,-0.0000000000,-0.0000000000,0.0000000000,0.0856889132,-0.0000000000,0.0000000000,-0.0000000000,-0.6018266239,-0.3813113749,-0.0000000000,0.0000000000,0.0000000000,-0.0000000000,-0.0000000000,-0.2467042647,-0.0000000000,0.0000000000,-0.0000000000,0.0000000000,0.0000000000,0.0000000000,-0.0000000000,0.0000000000,0.0000000000,0.0000000000,-0.0000000000,-0.0000000000,-0.1330875039,-0.0000000000,0.0000000000,0.0654299048,-0.0000000000,0.0191536564,0.0000000000,-0.0000000000,-0.0000000000,0.0000000000,0.1045728249,0.0000000000,0.0000000000,-0.0000000000,-0.0000000000,0.0000000000,0.0000000000,0.0000000000,0.0000000000,0.0000000000,0.0674501434,0.0000000000,0.0000000000,0.0000000000,0.0000000000,0.0000000000,0.0000000000,0.0000000000,0.0000000000,0.0000000000,-0.0000000000,0.0000000000,0.0000000000,-0.0000000000,0.0000000000,-0.0000000000,0.0000000000,0.0000000000,0.0000000000,0.0000000000,0.0000000000,0.2334626407,0.0000000000,0.0258058656,0.0629678036,0.0000000000,-0.0000000000,0.0000000000
0.0000000000,0.0000000000,-0.0000000000,-0.0000000000,0.0000000000,0.0000000000,-0.0000000000,-0.0000000000,0.0000000000,-0.0000000000,0.0289215131,-0.4726234746,0.0000000000,-0.3748314616,0.0000000000,-0.0213805152,2.0229928931,-0.0000000000,-0.6985810556,0.0000000000,-0.1324679255,-0.0702431580,-0.0000000000,-0.0000000000,0.0000000000,-0.0000000000,0.0539452353,0.0000000000,0.0000000000,0.0000000000,-0.0328215997,-0.0000000000,0.0000000000,-0.3290328496,-0.0000000000,0.1472064987,0.0000000000,-0.0417463124,-0.0000000000,0.0000000000,0.0000000000,0.0894949885,0.0000000000,-0.0000000000,0.0010320956,-0.0000000000,-0.0000000000,0.0000000000,-0.0716918419,-0.0000000000,-0.0000000000,-0.0000000000,-0.0000000000,0.0000000000,0.0344742884,0.0000000000,-0.0306950464,0.0000000000,-0.0000000000,0.0000000000,-0.2058761713,0.0000000000,0.1618707789,0.0000000000,0.0000000000,0.0000000000,0.0424918676,-0.0000000000,-0.0000000000,-0.0000000000,0.0000000000,-0.0889409238,0.1558745992,0.0000000000,-0.0000000000,-0.0000000000,0.1110200594,0.0283757173,-0.0000000000,-0.0000000000,-0.0000000000,0.0000000000,-0.0000000000,-0.0000000000,0.0000000000,0.0000000000,0.0827918076,0.0000000000,0.0383566810,0.0000000000,-0.0000000000,-0.0140354536,0.0000000000,0.0000000000,-0.0000000000,-0.0000000000,0.0000000000,0.0000000000,-0.0000000000,-0.0000000000
-0.1264876767,-0.0000000000,-0.0000000000,0.0000000000,0.0000000000,0.0000000000,0.0000000000,-0.0953736076,0.0000000000,0.0000000000,-0.0000000000,0.0000000000,-0.0000000000,-0.0000000000,0.0000000000,-0.0729080833,-0.0000000000,2.9703669255,-0.0000000000,-0.3300120392,-0.0000000000,-0.0000000000,-0.2945413010,0.0000000000,-0.0000000000,-0.0000000000,-0.0190523315,-0.0000000000,0.0000000000,-0.0000000000,0.0000000000,-0.0000000000,-0.0000000000,-0.8798502420,-0.0913000525,-0.4381229962,0.0000000000,-0.0000000000,-0.0000000000,0.0000000000,-0.0000000000,0.0000000000,0.0000000000,0.0000000000,0.0000000000,0.0000000000,-0.0000000000,-0.0000000000,-0.0000000000,-0.0000000000,-0.0000000000,-0.0000000000,0.0000000000,0.0000000000,0.0000000000,-0.0000000000,-0.0253214297,0.0000000000,0.0000000000,0.0000000000,0.0000000000,0.0000000000,0.0000000000,0.0000000000,0.3744869995,0.0000000000,0.0000000000,-0.0000000000,-0.0000000000,-0.9775680560,0.0000000000,-0.0000000000,0.0000000000,0.0000000000,0.2233113947,0.0000000000,0.4644481487,0.1099047670,0.0383818265,0.0000000000,0.0000000000,-0.0000000000,-0.0000000000,-0.0000000000,-0.0000000000,-0.0000000000,-0.0000000000,-0.0000000000,-0.0000000000,0.0000000000,-0.0000000000,0.0000000000,0.0000000000,0.0000000000,0.1149296676,0.0075573466,0.2851879010,-0.0000000000,-0.0000000000,-0.0000000000
0.0000000000,0.0998238461,-0.0000000000,0.1505781792,0.0000000000,0.0000000000,-0.0000000000,-0.0000000000,-0.0000000000,0.0000000000,0.0653015948,0.0000000000,0.0000000000,-0.9160076863,0.0000000000,0.0000000000,-0.6985810556,-0.0000000000,3.1983455885,0.0000000000,-0.0306881979,-0.0000000000,-0.0000000000,0.0000000000,0.0000000000,0.0000000000,0.0000000000,-0.0000000000,-0.0000000000,0.0000000000,-0.0401518254,-0.0000000000,0.0000000000,-0.0345971394,-0.0000000000,-0.0000000000,-0.0000000000,-0.0000000000,0.0000000000,0.0662725659,0.0000000000,0.1271043621,0.0000000000,-0.0000000000,0.0000000000,-0.0000000000,-0.0000000000,-0.0000000000,-0.0082396429,-0.0000000000,-0.0000000000,-0.0000000000,-0.0000000000,0.0000000000,0.0000000000,-0.0000000000,-0.0000000000,-0.3581491767,-0.0000000000,0.0000000000,0.0000000000,0.0000000000,0.0000000000,-0.0000000000,-0.0000000000,0.0000000000,0.2176891189,-1.0684174650,-0.3207282270,-0.0000000000,0.0000000000,-0.0000000000,-0.0000000000,0.1219502089,-0.0000000000,-0.0000000000,0.0000000000,0.0000000000,-0.0022787061,-0.0000000000,0.0000000000,0.0000000000,0.0035945792,-0.0000000000,0.0000000000,0.1168475255,-0.0000000000,0.0000000000,0.0000000000,0.0243840726,-0.0000000000,-0.0000000000,0.0000000000,-0.0000000000,0.0000000000,-0.0000000000,0.0000000000,0.0000000000,0.0000000000,-0.0000000000
-0.4151859045,-0.0000000000,-0.1351326781,0.0000000000,0.0000000000,-0.2120451790,-0.2304822800,-0.1580725280,-0.0000000000,0.0000000000,-0.0000000000,0.0000000000,0.0000000000,0.0867493527,0.0000000000,-0.0000000000,0.0000000000,-0.3300120392,0.0000000000,3.7665399220,-0.2634061856,0.0000000000,-0.0000000000,-0.0000000000,-0.1911680975,-0.0000000000,-0.3488054718,0.0000000000,-0.0000000000,0.0000000000,0.0143845508,0.0000000000,-0.0000000000,0.0000000000,-0.0000000000,-0.0000000000,0.0000000000,0.0000000000,0.0000000000,-0.0000000000,0.0000000000,-0.0000000000,0.0380153404,0.0000000000,-0.0000000000,0.0602753668,0.0000000000,-0.0000000000,-0.2024934245,0.0000000000,-0.0000000000,-0.0100264517,0.0000000000,0.2632581653,-0.0000000000,-0.3798542458,-0.0000000000,-0.0000000000,0.0000000000,-0.0000000000,0.0429295842,0.0264913573,0.0000000000,0.0000000000,0.0949568540,0.0000000000,-0.1572784149,0.0000000000,0.1284036803,-0.0000000000,-0.1304094326,0.0000000000,0.0000000000,-0.0838259115,0.0000000000,0.0000000000,-0.0000000000,0.0000000000,0.1394405793,0.0599812248,0.0000000000,0.0000000000,-0.0000000000,-0.0000000000,-0.2273840984,-0.0000000000,0.0000000000,0.0000000000,-1.1405923232,-0.0000000000,0.0000000000,0.0000000000,-0.0000000000,0.1285523292,0.0000000000,0.0999710596,0.0000000000,-0.0836461209,-0.0000000000,-0.0000000000
-0.0000000000,0.0000000000,-0.0000000000,0.0000000000,0.0000000000,-0.0000000000,-0.0000000000,-0.0000000000,-0.0348660537,-0.0000000000,-0.0000000000,-0.0000000000,0.0000000000,-0.1453898539,-0.1505021388,0.0000000000,-0.1324679255,-0.0000000000,-0.0306881979,-0.2634061856,2.7760255343,0.0000000000,-0.4954146362,0.0000000000,-0.0000000000,0.0000000000,0.0000000000,-0.0000000000,-0.0000000000,0.0704846802,0.1069065141,0.0000000000,0.0127539921,0.0000000000,0.0000000000,0.0000000000,0.0000000000,-0.0000000000,0.0000000000,0.0000000000,0.0000000000,0.0000000000,0.2131502548,0.0000000000,0.0000000000,0.0000000000,0.0000000000,-0.0000000000,-0.0310999090,-0.0000000000,-0.0000000000,-0.0000000000,0.0000000000,0.3057470319,0.0000000000,-0.0000000000,-0.0000000000,-0.0714691006,0.0000000000,0.0000000000,0.0000000000,0.0000000000,0.0000000000,-0.0000000000,-0.0000000000,-0.0000000000,-0.0000000000,-0.0000000000,-0.0000000000,-0.2908976954,-1.0395117250,-0.0000000000,-0.1984615924,0.0494854357,-0.0000000000,0.0000000000,-0.0000000000,0.0625605152,0.0000000000,0.0095421335,0.0000000000,0.0000000000,0.0000000000,-0.0000000000,-0.0000000000,0.0000000000,0.0000000000,0.1220615680,-0.0000000000,0.0000000000,0.0000000000,0.0000000000,-0.0000000000,0.1075704820,0.0401227479,0.0000000000,0.0000000000,-0.0000000000,-0.0000000000,-0.0000000000
0.0000000000,-0.0000000000,0.0000000000,-0.0000000000,-0.0000000000,0.0000000000,0.0000000000,-0.0000000000,0.0000000000,-0.0000000000,-0.0000000000,-0.1615629983,-0.0000000000,-0.0374969915,-0.0000000000,-0.3677515821,-0.0702431580,-0.0000000000,-0.0000000000,0.0000000000,0.0000000000,3.2087677832,-0.0409226917,-0.0000000000,0.0000000000,-0.1457931016,-0.0000000000,-0.0000000000,0.0000000000,-0.3098123805,-0.0000000000,-0.0000000000,-0.0000000000,-0.2210959757,-1.2087694389,0.0000000000,-0.0000000000,-0.0000000000,-0.2397800598,-0.0000000000,-0.0000000000,-0.0000000000,-0.6258338465,0.0000000000,0.0000000000,-0.0000000000,-0.0000000000,0.0000000000,0.0000000000,-0.0000000000,-0.0000000000,-0.0000000000,-0.0000000000,-0.2318665314,0.0000000000,0.0000000000,-0.0011932323,0.0000000000,-0.0000000000,0.0000000000,-0.0000000000,-0.0000000000,-0.0000000000,-0.0000000000,-0.0000000000,-0.0000000000,0.0000000000,-0.0000000000,0.0000000000,0.0000000000,-0.0000000000,-0.2692899972,0.0000000000,0.0000000000,-0.0000000000,-0.0000000000,0.0000000000,0.0000000000,0.0000000000,-0.0000000000,0.0000000000,0.0000000000,-0.0000000000,-0.0000000000,0.0000000000,-0.0000000000,0.0000000000,-0.0000000000,0.0114629144,0.0000000000,-0.0000000000,-0.0000000000,0.0000000000,-0.0000000000,-0.0000000000,0.0000000000,0.0000000000,0.2178944563,0.0000000000,0.0000000000
-0.0000000000,-0.0000000000,0.0000000000,0.0000000000,0.1050195158,-0.0000000000,-0.0000000000,-0.0000000000,-0.0000000000,-0.0000000000,-0.0000000000,-0.0000000000,-0.0000000000,-0.0000000000,-0.0000000000,-0.0000000000,-0.0000000000,-0.2945413010,-0.0000000000,-0.0000000000,-0.4954146362,-0.0409226917,2.6272670276,-0.0000000000,-0.0503865724,-0.2409854138,-0.6447226208,-0.0684384366,0.0000000000,-0.1884987969,0.0000000000,-0.0000000000,-0.0000000000,-0.0085424869,-0.0492677764,0.0000000000,0.0000000000,-0.0000000000,-0.0951355105,-0.0039126547,0.0000000000,-0.0000000000,0.0000000000,-0.0000000000,-0.0000000000,-0.0000000000,-0.0000000000,-0.1064146399,0.0000000000,0.0000000000,-0.0000000000,0.0000000000,-0.0000000000,0.0558494202,0.1849647818,-0.0000000000,-0.0000000000,-0.0000000000,0.0000000000,0.0000000000,0.0000000000,0.0000000000,0.0000000000,0.0000000000,0.0000000000,-0.0000000000,-0.0000000000,-0.0000000000,-0.0000000000,-0.1142826478,-0.0329485690,-0.2182128417,-0.6951417727,-0.0000000000,-0.0000000000,-0.0000000000,0.0000000000,-0.0000000000,-0.0000000000,0.0000000000,0.0000000000,0.0000000000,-0.0000000000,-0.0000000000,-0.2794133741,-0.1000713437,0.2216136908,-0.0000000000,0.0000000000,0.0000000000,0.0000000000,0.0000000000,-0.0000000000,0.2346077019,0.0000000000,0.0000000000,0.0000000000,-0.0000000000,0.0000000000,0.0000000000
0.0000000000,0.0000000000,0.0000000000,0.0000000000,-0.0000000000,-0.0000000000,-0.2001455556,0.0000000000,-0.0000000000,-0.0378610195,-0.0320969317,-0.1024196982,-0.0000000000,0.0000000000,-0.0000000000,-0.2613616915,-0.0000000000,0.0000000000,0.0000000000,-0.0000000000,0.0000000000,-0.0000000000,-0.0000000000,1.9874117861,0.0000000000,-0.1418843918,-0.2157149307,0.0000000000,0.0000000000,0.0000000000,0.0000000000,-0.0000000000,-0.0000000000,0.0000000000,-0.0000000000,0.0000000000,0.0000000000,-0.0180808739,-0.1298224565,-0.0952274228,-0.0000000000,0.0000000000,-0.0000000000,0.0762573501,-0.0000000000,0.0000000000,0.0000000000,-0.0000000000,0.0107277261,0.0000000000,0.1919806318,0.0000000000,-0.0000000000,0.0000000000,-0.0000000000,0.0000000000,0.0093510075,-0.0000000000,0.0000000000,0.0000000000,-0.0000000000,0.0000000000,0.3412921575,0.0300866199,-0.0000000000,-0.0000000000,-0.1216470187,0.2351710887,0.0314928643,0.0000000000,-0.0000000000,0.0000000000,0.0000000000,-0.0000000000,-0.5989567475,0.0000000000,-0.4102022309,0.0000000000,0.0000000000,-0.0000000000,-0.2482740013,0.0000000000,-0.0000000000,-0.0164518710,-0.0000000000,-0.0000000000,0.0000000000,0.0374510187,-0.0000000000,-0.0625302520,0.0000000000,-0.0654157706,-0.0586789740,0.0336316316,-0.0000000000,0.0000000000,-0.0000000000,-0.0000000000,0.0000000000,0.0000000000
-0.0970484876,-0.0000000000,-0.0000000000,0.0000000000,0.2397457257,-0.0755317580,0.0000000000,-0.0000000000,0.0000000000,-0.1104737402,0.0000000000,-0.2590666438,0.0000000000,0.0000000000,0.0937430093,0.0000000000,0.0000000000,-0.0000000000,0.0000000000,-0.1911680975,-0.0000000000,0.0000000000,-0.0503865724,0.0000000000,1.7783182541,-0.0703538625,-0.0000000000,0.0000000000,0.0899423286,-0.0000000000,-0.0000000000,-0.1643535953,0.0000000000,0.0574955043,-0.0000000000,0.0000000000,0.1802960172,0.0000000000,0.0000000000,0.0000000000,0.0000000000,-0.5564979390,0.0000000000,-0.0000000000,-0.0000000000,0.0198950029,0.0742229233,0.0000000000,-0.0000000000,0.0662036133,-0.0631761609,-0.0000000000,0.0000000000,0.0916140789,0.0000000000,-0.0225063952,-0.0000000000,-0.0000000000,-0.0000000000,-0.0000000000,-0.0000000000,-0.0000000000,0.0000000000,0.0000000000,0.0212186590,0.0000000000,-0.0000000000,-0.0000000000,0.0000000000,-0.1365452033,-0.0000000000,-0.0000000000,-0.0000000000,-0.0000000000,0.0000000000,-0.3764445924,0.0429223958,0.0000000000,0.0000000000,0.0896025123,-0.0000000000,0.0000000000,-0.0000000000,0.0000000000,-0.0000000000,0.0000000000,0.0168700012,-0.0000000000,-0.0000000000,-0.0000000000,0.0000000000,0.2978852504,0.0000000000,0.0000000000,-0.0000000000,0.0000000000,0.0862507130,-0.0000000000,-0.0266152983,0.0391851220
-0.0000000000,0.0000000000,0.0000000000,-0.0000000000,-0.0000000000,-0.0000000000,0.0000000000,-0.0000000000,0.0000000000,0.0000000000,-0.0345981787,-0.0866263981,0.0000000000,0.0000000000,-0.0000000000,-0.0000000000,-0.0000000000,-0.0000000000,0.0000000000,-0.0000000000,0.0000000000,-0.1457931016,-0.2409854138,-0.1418843918,-0.0703538625,1.8235691388,-0.0000000000,-0.5706041848,0.0000000000,0.0000000000,0.0000000000,0.0000000000,0.1108942434,-0.0000000000,-0.0000000000,0.0000000000,0.0000000000,0.0000000000,0.0000000000,-0.0000000000,0.0000000000,-0.0526620297,-0.0000000000,-0.0000000000,-0.0000000000,0.0000000000,0.0000000000,0.0959864113,0.0000000000,0.0173712099,-0.0000000000,0.0000000000,0.0341091773,-0.0000000000,0.0000000000,-0.0000000000,0.0000000000,0.0000000000,0.0746136593,-0.0000000000,0.0000000000,0.1204977255,0.0000000000,0.2210040538,0.1555596647,-0.0000000000,0.0000000000,0.0000000000,0.0000000000,-0.0000000000,-0.0000000000,-0.0317227592,-0.0000000000,-0.1995654885,-0.1506034039,-0.2821284592,-0.0000000000,-0.0000000000,-0.0000000000,-0.0000000000,-0.0000000000,0.0000000000,-0.0208037722,-0.0000000000,-0.0000000000,0.0000000000,0.0000000000,-0.0466800839,0.0000000000,-0.0000000000,0.1532014373,0.0000000000,0.0796599444,0.0000000000,0.0000000000,-0.0000000000,0.0000000000,0.0465511172,-0.0000000000,0.1340549232
-0.0000000000,-0.0000000000,0.0000000000,0.0000000000,0.0000000000,-0.0000000000,-0.0000000000,-0.0123883893,-0.0406119836,-0.0000000000,-0.0000000000,-0.0000000000,-0.0000000000,0.0000000000,0.0000000000,-0.0000000000,0.0539452353,-0.0190523315,0.0000000000,-0.3488054718,0.0000000000,-0.0000000000,-0.6447226208,-0.2157149307,-0.0000000000,-0.0000000000,2.7912416051,-0.2720373811,0.0000000000,-0.0989828948,0.0000000000,-0.0000000000,-0.0520681095,-0.0000000000,-0.2989924452,-0.0000000000,0.0000000000,0.0000000000,-0.0523026238,-0.0417121780,0.0000000000,-0.0000000000,-0.0000000000,-0.0000000000,-0.5422212025,-0.0000000000,-0.0000000000,-0.4875653232,0.0000000000,0.0000000000,0.0000000000,-0.0000000000,0.0000000000,0.0000000000,0.0000000000,-0.0000000000,-0.0000000000,-0.0000000000,0.0000000000,0.0000000000,0.0000000000,-0.0000000000,0.0000000000,0.0000000000,0.0114905598,-0.0000000000,-0.0000000000,0.0000000000,0.0000000000,-0.0000000000,0.0000000000,0.0000000000,0.0000000000,-0.0533358822,0.0403134463,0.0000000000,0.0000000000,-0.0000000000,0.0000000000,0.0000000000,0.0000000000,0.1152763056,-0.0000000000,-0.0000000000,-0.7318334558,-0.0000000000,0.0143898092,-0.0000000000,-0.0000000000,-0.0000000000,0.0950465019,0.0000000000,-0.0089217237,0.2586217822,-0.0000000000,0.0000000000,0.0000000000,-0.0000000000,0.0000000000,0.0000000000
-0.0000000000,0.0000000000,0.0000000000,0.0000000000,-0.0000000000,-0.0240431570,0.0000000000,0.0000000000,-0.1699500263,0.0000000000,-0.0000000000,-0.0000000000,-0.0000000000,-0.0000000000,-0.0000000000,0.0000000000,0.0000000000,-0.0000000000,-0.0000000000,0.0000000000,-0.0000000000,-0.0000000000,-0.0684384366,0.0000000000,0.0000000000,-0.5706041848,-0.2720373811,2.3277988920,-0.0000000000,-0.3441468478,0.0000000000,-0.0000000000,0.0000000000,-0.0000000000,0.0000000000,-0.0000000000,-0.2755796252,0.0000000000,0.0433047017,0.0000000000,0.0000000000,0.0000000000,0.0000000000,-0.2683783320,0.0000000000,-0.0000000000,0.0000000000,-0.0000000000,0.0000000000,0.0000000000,-0.0000000000,0.0000000000,0.0000000000,0.0000000000,-0.0000000000,-0.0582626572,0.0000000000,-0.0000000000,0.0000000000,-0.0000000000,0.0000000000,0.0000000000,-0.0000000000,0.0000000000,-0.0000000000,-0.1361339025,0.0928351016,-0.0000000000,-0.0000000000,-0.0000000000,-0.0000000000,-0.0000000000,-0.0000000000,-0.0000000000,0.0000000000,-0.2537810519,-0.0061320788,-0.4631822298,-0.0000000000,0.0000000000,0.0000000000,0.0000000000,-0.0000000000,-0.0000000000,-0.0000000000,-0.0000000000,-0.0000000000,-0.5243092214,-0.0000000000,0.0000000000,0.0656810342,0.0000000000,0.0000000000,0.0000000000,0.0000000000,-0.0000000000,0.0000000000,0.0138605679,0.0000000000,0.0000000000
-0.1902178472,0.0000000000,-0.0836970865,0.0000000000,-0.0000000000,-0.0000000000,-0.0000000000,-0.0000000000,-0.4985058592,0.0000000000,0.0000000000,0.0403336556,0.0000000000,-0.0000000000,-0.0000000000,0.0856889132,0.0000000000,0.0000000000,-0.0000000000,-0.0000000000,-0.0000000000,0.0000000000,0.0000000000,0.0000000000,0.0899423286,0.0000000000,0.0000000000,-0.0000000000,2.3838906421,0.0000000000,0.0000000000,0.0000000000,0.0000000000,0.0122132540,0.0000000000,-0.0000000000,-0.0878059552,0.0000000000,0.0000000000,0.0000000000,-0.0000000000,0.0081553235,0.0000000000,-0.0000000000,0.0000000000,-0.0000000000,-0.0000000000,-0.0201510765,-0.0845973870,-0.0000000000,-0.0000000000,-0.0000000000,0.0000000000,0.0000000000,-0.0000000000,-0.0000000000,0.0000000000,-0.0000000000,0.0000000000,0.0000000000,0.0000000000,0.0000000000,-0.0000000000,-0.0282050292,-0.0000000000,-0.0728687991,-0.0000000000,0.0000000000,0.0000000000,0.0000000000,-0.4494975348,0.0828837933,0.0000000000,-0.0000000000,0.0000000000,-0.0000000000,-0.8147350682,0.0000000000,0.0000000000,-0.0000000000,-0.0000000000,-0.0000000000,-0.0000000000,-0.0000000000,-0.0000000000,-0.0000000000,-0.0000000000,0.0000000000,-0.2044746803,-0.0000000000,-0.1126704448,-0.0000000000,-0.0000000000,-0.0000000000,0.0000000000,-0.0000000000,-0.0000000000,-0.0125700637,-0.0000000000,-0.2054572396
