0,1,2,3,4,5,6,7,8,9,10,11,12,13,14,15,16,17,18,19,20,21,22,23,24,25,26,27,28,29,30,31,32,33,34,35,36,37,38,39,40,41,42,43,44,45,46,47,48,49,50,51,52,53,54,55,56,57,58,59,60,61,62,63,64,65,66,67,68,69,70,71,72,73,74,75,76,77,78,79,80,81,82,83,84,85,86,87,88,89,90,91,92,93,94,95,96,97,98,99
1.9778160552,-0.0000000000,-0.0938223696,-0.0000000000,0.0915070038,0.0000000000,-0.2044695055,-0.0000000000,-0.0000000000,-0.4315505118,-0.0000000000,0.0000000000,0.0000000000,0.0000000000,-0.0000000000,-0.0491588861,0.0855241506,-0.0000000000,-0.0000000000,-0.0000000000,-0.0000000000,-0.0000000000,-0.0000000000,0.1884636798,-0.0000000000,-0.0250463613,-0.0000000000,0.0000000000,-0.0000000000,-0.0000000000,-0.0000000000,0.0000000000,-0.1437877055,0.0000000000,-0.0000000000,-0.0000000000,0.0000000000,-0.0000000000,-0.0000000000,-0.0000000000,-0.0000000000,-0.0565906430,0.0000000000,-0.2624432350,0.0000000000,0.0000000000,-0.0000000000,-0.0000000000,-0.0386366982,-0.2100116204,-0.1655913296,-0.0000000000,0.0467952011,0.0000000000,-0.0558967382,-0.0000000000,0.0000000000,-0.0000000000,0.1906070999,-0.0000000000,0.0000000000,0.0000000000,-0.0000000000,-0.1094265078,-0.0000000000,-0.0000000000,-0.1162418732,0.0000000000,-0.0000000000,0.0000000000,-0.0000000000,-0.0000000000,-0.0000000000,0.0000000000,0.0000000000,-0.3733626166,0.0000000000,-0.0000000000,0.0000000000,0.0335096495,0.0000000000,-0.0000000000,0.0000000000,-0.1083065123,-0.0000000000,-0.0000000000,-0.0000000000,-0.0000000000,-0.0000000000,-0.0000000000,0.4611241482,0.0000000000,-0.0000000000,0.3356161423,0.0000000000,-0.0356537362,0.0000000000,-0.0000000000,-0.2386208334,-0.0000000000
-0.0000000000,3.1583839006,-0.0000000000,-0.8792121262,-0.6042630744,-0.0000000000,-0.2094616900,-0.6084254841,-0.0220627718,0.0000000000,-0.0000000000,0.1446214472,0.1195761063,0.0000000000,0.0000000000,-0.0000000000,0.1195811596,-0.1305836813,0.0000000000,-0.0000000000,-0.0000000000,0.0000000000,-0.0000000000,0.0546081460,0.0000000000,-0.0000000000,-0.0000000000,0.0000000000,0.0528306065,-0.0000000000,0.0000000000,-0.0000000000,-0.0000000000,0.0000000000,-0.0000000000,-0.0000000000,0.0000000000,-0.0000000000,0.0000000000,0.0000000000,0.0000000000,0.0000000000,0.0000000000,-0.0000000000,-0.0000000000,-0.0000000000,-0.0000000000,-0.0000000000,0.0000000000,0.0000000000,0.0000000000,-0.2996300349,-0.2161797636,-0.0831449280,-0.0680419450,0.0020457428,-0.0505898086,-0.0519553756,0.0000000000,0.0000000000,0.0000000000,0.0000000000,0.0000000000,-0.0000000000,0.0000000000,-0.0000000000,0.0000000000,-0.0000000000,-0.0000000000,-0.0000000000,0.0000000000,0.0000000000,-0.0000000000,0.0000000000,0.0000000000,0.0000000000,0.0000000000,-0.0000000000,-0.0000000000,0.0000000000,0.0000000000,0.0000000000,-0.0000000000,-0.0616746321,-0.1015450320,-0.0000000000,0.0000000000,0.0000000000,-0.0000000000,0.0000000000,0.0000000000,0.0000000000,0.0000000000,-0.0000000000,0.0000000000,0.0000000000,-0.0000000000,-0.0000000000,0.0000000000,0.0000000000
-0.0938223696,-0.0000000000,2.0507902303,0.0242347257,0.0000000000,-0.0000000000,-0.1903698586,-0.0000000000,-0.5290978032,-0.0000000000,-0.0000000000,-0.0000000000,-0.0000000000,-0.0000000000,-0.0000000000,-0.0000000000,0.0000000000,-0.0000000000,-0.3311617069,-0.0000000000,-0.1386126795,0.1372123926,-0.0000000000,0.0000000000,-0.1894732508,-0.0000000000,0.0000000000,0.1754387110,-0.0000000000,0.0000000000,-0.0000000000,-0.0000000000,0.0000000000,-0.0000000000,0.0000000000,-0.1494338666,0.0000000000,-0.0319032512,-0.0298773413,-0.0135496899,-0.0000000000,0.0000000000,0.0000000000,-0.0000000000,-0.0000000000,-0.0000000000,0.0000000000,0.0744512476,-0.0571151585,-0.0000000000,-0.0000000000,-0.0977479287,0.0000000000,0.1166787878,-0.2456820389,-0.0027056128,-0.0000000000,-0.0000000000,0.0026461221,-0.0000000000,-0.0000000000,-0.0000000000,0.0000000000,-0.1156478669,-0.0000000000,0.0000000000,-0.0000000000,-0.0000000000,0.0000000000,0.0000000000,0.0000000000,-0.0000000000,0.0000000000,-0.0027161578,0.0000000000,-0.0702465333,0.0000000000,0.0000000000,0.0000000000,-0.0000000000,0.0000000000,0.0000000000,-0.0000000000,-0.0000000000,0.0000000000,-0.0000000000,0.0000000000,0.0000000000,-0.0000000000,-0.0000000000,0.0000000000,-0.0000000000,-0.0892943401,0.0000000000,-0.0000000000,-0.0000000000,-0.0000000000,0.0512460676,-0.2017683099,-0.0000000000
-0.0000000000,-0.8792121262,0.0242347257,4.2333456365,-0.4057179374,-0.0000000000,-0.0000000000,-0.0000000000,-0.0000000000,-0.0000000000,0.0000000000,0.0000000000,0.0000000000,0.0000000000,0.0000000000,-0.5768473211,0.0000000000,-0.0000000000,0.0000000000,-0.0000000000,0.0000000000,-0.0000000000,0.0000000000,0.3072116537,0.0000000000,-0.0000000000,-0.1494710386,0.0000000000,0.1283279151,-0.0000000000,0.0417495951,-0.0000000000,-0.0000000000,-0.0000000000,-0.0000000000,-0.0000000000,0.0000000000,-0.0000000000,0.0000000000,0.0000000000,0.0000000000,0.0000000000,-0.0000000000,-0.0000000000,-0.1362335469,-0.0000000000,-0.0000000000,-0.0000000000,0.0000000000,0.0000000000,-0.0000000000,-0.1789941070,-0.0000000000,-2.0828697895,-0.0000000000,0.0158692313,-0.0061187574,-0.0000000000,0.0000000000,0.0000000000,0.0000000000,0.0000000000,0.0000000000,0.0000000000,0.0405128311,-0.0000000000,0.0000000000,0.0000000000,-0.0000000000,-0.0000000000,0.0000000000,0.0000000000,-0.0000000000,0.0000000000,0.0000000000,0.0000000000,-0.0000000000,-0.0000000000,-0.0000000000,0.0046511684,0.0000000000,0.0000000000,-0.0000000000,0.0000000000,-0.0000000000,-0.0000000000,-0.0000000000,0.0000000000,0.0000000000,0.0000000000,0.0158693717,0.0000000000,0.0000000000,-0.0000000000,0.0481755044,0.0000000000,-0.0000000000,-0.0000000000,0.1301423236,0.0441204708
0.0915070038,-0.6042630744,0.0000000000,-0.4057179374,2.6829807784,-0.1884612293,0.0000000000,0.0000000000,-0.0000000000,0.0000000000,-0.0000000000,0.0000000000,0.1586393554,0.0000000000,0.0000000000,-0.0000000000,0.0000000000,-0.0000000000,0.1369824520,-0.0000000000,-0.0000000000,0.0000000000,0.0000000000,0.0000000000,0.1449079988,0.0000000000,-0.0000000000,0.0000000000,0.0000000000,-0.0000000000,0.0000000000,-0.0000000000,-0.0000000000,0.0000000000,-0.0000000000,0.0000000000,0.0000000000,-0.0000000000,0.1401860409,0.0000000000,0.0000000000,0.0000000000,-0.0000000000,-0.0000000000,-0.0000000000,-0.0745970192,-0.0000000000,0.0000000000,0.0000000000,0.0000000000,0.0000000000,-0.0000000000,-0.8952034844,-0.4530707721,-0.1149588170,-0.0000000000,-0.0000000000,-0.0000000000,-0.0000000000,-0.0000000000,0.0000000000,0.0000000000,0.0000000000,0.0000000000,0.0607035764,0.0000000000,-0.0000000000,0.2753077683,0.0000000000,-0.0000000000,0.0000000000,0.1916860679,-0.0000000000,0.0000000000,0.0000000000,0.0000000000,0.0000000000,0.0000000000,-0.0000000000,-0.0000000000,0.0000000000,0.0000000000,-0.0364926009,-0.0000000000,-0.0000000000,-0.0000000000,0.0000000000,0.0000000000,0.0000000000,0.0000000000,0.0000000000,-0.0000000000,0.0000000000,-0.0000000000,0.0000000000,0.0000000000,-0.0000000000,-0.0000000000,0.0000000000,0.0446854756
0.0000000000,-0.0000000000,-0.0000000000,-0.0000000000,-0.1884612293,2.6281170270,0.0000000000,0.0000000000,-0.0000000000,-0.0000000000,-0.0744268571,-0.2477594664,0.0000000000,-0.0000000000,0.0000000000,0.0000000000,-0.0000000000,-0.0000000000,0.0000000000,-0.0000000000,-0.0000000000,-0.0000000000,0.0000000000,-0.0917841708,-0.1459560494,-0.0851681293,-0.0000000000,-0.0417543245,-0.0000000000,-0.0000000000,-0.0000000000,-0.0000000000,-0.0000000000,-0.0000000000,-0.0000000000,-0.0446014040,-0.0000000000,-0.0000000000,0.0000000000,-0.0000000000,-0.0000000000,-0.1065445433,-0.0000000000,-0.0000000000,0.0000000000,-0.0000000000,-0.0000000000,0.0000000000,-0.0000000000,-0.0000000000,0.0000000000,-0.0000000000,-0.0000000000,-0.0000000000,-1.6315127581,-0.1459156642,-0.0000000000,-0.0000000000,-0.0000000000,0.0000000000,0.0000000000,0.0000000000,0.0000000000,0.0246300639,0.0000000000,0.2339811490,0.0000000000,0.0000000000,-0.0000000000,-0.0000000000,0.0000000000,-0.0217402913,-0.0000000000,-0.0000000000,-0.0000000000,-0.0000000000,-0.0000000000,-0.0000000000,-0.0000000000,0.0000000000,-0.0000000000,0.0000000000,-0.0000000000,-0.0000000000,-0.0000000000,-0.0000000000,-0.0000000000,0.0000000000,-0.0000000000,0.0000000000,-0.0000000000,0.0000000000,0.0000000000,-0.3139647086,-0.0000000000,0.0000000000,-0.0000000000,0.0000000000,0.0000000000,0.0000000000
-0.2044695055,-0.2094616900,-0.1903698586,-0.0000000000,0.0000000000,0.0000000000,2.9847763219,-1.0540208881,-0.0000000000,-0.0000000000,-0.0000000000,0.0000000000,-0.0000000000,-0.0000000000,-0.0000000000,-0.4695242334,0.0000000000,-0.0000000000,-0.0000000000,-0.0000000000,-0.0249171253,0.0000000000,-0.0000000000,0.0000000000,0.0000000000,-0.0000000000,-0.1430149382,0.0138684140,0.0000000000,-0.0000000000,-0.0000000000,-0.0205477641,-0.0000000000,-0.0000000000,-0.0000000000,-0.0000000000,0.1637771075,-0.2004292677,-0.0000000000,-0.0000000000,0.0000000000,0.0000000000,0.0000000000,-0.0000000000,-0.0000000000,0.0000000000,-0.0000000000,0.0000000000,0.0000000000,0.0000000000,-0.0000000000,-0.0000000000,-0.0000000000,-0.0000000000,-0.0000000000,0.0000000000,-0.0945854224,-0.2998091307,0.0000000000,-0.0906541448,-0.0000000000,-0.0000000000,-0.0000000000,-0.0965803719,-0.0000000000,-0.2832410772,-0.0000000000,-0.0000000000,0.0000000000,-0.0000000000,-0.0000000000,-0.0320117420,-0.0000000000,-0.0000000000,-0.0000000000,-0.2102946155,0.0000000000,-0.0000000000,-0.0000000000,-0.0000000000,0.0069372731,0.0000000000,-0.0000000000,-0.0000000000,-0.1447014933,-0.0000000000,0.0000000000,0.2631596013,-0.0000000000,0.0000000000,0.0585790583,-0.0000000000,-0.0000000000,0.0005049371,0.0000000000,0.0000000000,-0.0000000000,0.0000000000,0.0000000000,0.0000000000
-0.0000000000,-0.6084254841,-0.0000000000,-0.0000000000,0.0000000000,0.0000000000,-1.0540208881,4.2156595946,-0.1995365035,-0.0000000000,0.0000000000,0.0000000000,-0.0000000000,0.0000000000,-0.0000000000,-0.2259454131,-0.0000000000,-0.3019313441,-0.0000000000,-0.0000000000,-0.0000000000,0.0000000000,-0.1555830647,0.0000000000,-0.0000000000,-0.0000000000,-0.0000000000,0.0000000000,0.0000000000,-0.0000000000,0.0000000000,-0.0000000000,-0.0000000000,-0.1408623814,-0.0000000000,-0.0000000000,0.0000000000,-0.0796563316,-0.0000000000,0.0000000000,-0.0000000000,0.0000000000,0.0000000000,-0.0568138294,-0.3191171927,-0.0000000000,-0.0000000000,0.0000000000,-0.0000000000,-0.0000000000,-0.0000000000,-0.4648036785,-0.0000000000,-0.2834690700,0.0000000000,0.3912758613,-0.0926939722,-0.8466879436,0.0910629588,0.0000000000,-0.0000000000,-0.0000000000,-0.0000000000,-0.0000000000,-0.0000000000,-0.0000000000,-0.0000000000,-0.0073423045,-0.0000000000,-0.0000000000,0.0000000000,0.0000000000,-0.0000000000,-0.0000000000,-0.0000000000,0.0000000000,0.0000000000,-0.0000000000,-0.0000000000,-0.0000000000,0.0000000000,-0.0000000000,-0.0000000000,-0.0150907422,-0.1609404848,-0.0000000000,-0.0000000000,0.0000000000,-0.0000000000,-0.0000000000,0.0004749656,-0.0000000000,-0.0000000000,0.0000000000,0.0000000000,-0.0000000000,-0.0000000000,0.0000000000,-0.0000000000,-0.0000000000
-0.0000000000,-0.0220627718,-0.5290978032,-0.0000000000,-0.0000000000,-0.0000000000,-0.0000000000,-0.1995365035,3.1811918099,0.0000000000,-0.0000000000,-0.0000000000,0.0000000000,-0.0000000000,-0.0000000000,-0.0000000000,-0.0000000000,-0.0728522682,-0.0000000000,-0.2474550833,-0.0000000000,0.0000000000,-0.0000000000,0.0000000000,0.0000000000,-0.0000000000,-0.0000000000,0.0000000000,-0.0000000000,-0.0000000000,-0.0000000000,-0.0000000000,-0.0000000000,-0.0000000000,-0.0000000000,-0.0706981639,0.0000000000,-0.0722281203,-0.0000000000,0.0000000000,-0.0000000000,-0.0000000000,0.0000000000,-0.0000000000,-0.0000000000,-0.0000000000,0.0000000000,0.0000000000,-0.0000000000,-0.0000000000,0.0000000000,-0.0000000000,-0.0043875822,-0.0000000000,-0.1204555934,-0.7480569004,-0.0000000000,-1.2600254648,0.0000000000,-0.0000000000,0.0000000000,-0.0000000000,0.0000000000,-0.2077844146,-0.1451608256,-0.0000000000,-0.0000000000,-0.0000000000,-0.0000000000,-0.0000000000,-0.0000000000,0.0000000000,-0.0000000000,0.0000000000,0.0000000000,0.0000000000,-0.0863144989,-0.0000000000,-0.0000000000,-0.0591440734,0.0000000000,-0.0000000000,-0.0056381443,-0.0000000000,-0.0406207198,-0.0000000000,0.0632073319,0.0000000000,-0.0000000000,-0.0000000000,0.0000000000,-0.0000000000,-0.0000000000,-0.0000000000,-0.0000000000,-0.0000000000,-0.0000000000,-0.0000000000,-0.0000000000,-0.0000000000
-0.4315505118,0.0000000000,-0.0000000000,-0.0000000000,0.0000000000,-0.0000000000,-0.0000000000,-0.0000000000,0.0000000000,2.5712522464,-0.9283944207,-0.2578237346,-0.0317693707,0.0000000000,-0.2791241914,-0.0000000000,0.0000000000,0.0000000000,-0.0267210058,0.0000000000,-0.0000000000,-0.0000000000,-0.0000000000,0.0581690485,-0.0832643027,-0.4127197994,0.0000000000,0.0000000000,0.0000000000,-0.0000000000,0.0000000000,0.0277625320,-0.0000000000,0.0000000000,0.0000000000,0.0000000000,0.0000000000,-0.0000000000,-0.0000000000,-0.0000000000,0.0000000000,0.0000000000,0.0000000000,-0.1211833685,0.0000000000,-0.0000000000,0.0000000000,0.0000000000,0.0000000000,-0.0000000000,-0.0000000000,-0.0000000000,0.0000000000,-0.0000000000,-0.0000000000,0.0834003058,-0.0000000000,-0.0000000000,-0.0812115464,-0.0000000000,-0.0000000000,-0.0000000000,-0.0956635855,0.0000000000,0.0000000000,-0.0221506091,0.0000000000,0.0000000000,-0.0000000000,0.0497906030,0.0417558218,-0.0000000000,-0.0000000000,-0.1062893960,0.0000000000,-0.0000000000,0.0000000000,-0.1426639432,0.1970857978,0.0000000000,-0.0000000000,-0.0000000000,0.0000000000,-0.0000000000,-0.0000000000,-0.0000000000,-0.0000000000,-0.0000000000,-0.0000000000,-0.0000000000,0.0000000000,0.0000000000,-0.0000000000,0.0000000000,0.0000000000,-0.0567397816,-0.0419384330,-0.0000000000,0.0000000000,-0.0000000000
-0.0000000000,-0.0000000000,-0.0000000000,0.0000000000,-0.0000000000,-0.0744268571,-0.0000000000,0.0000000000,-0.0000000000,-0.9283944207,2.7192551496,-0.7990350964,0.0000000000,-0.0000000000,-0.0953554479,0.0000000000,0.0000000000,0.0000000000,-0.0000000000,0.0000000000,-0.0000000000,-0.0000000000,0.0000000000,-0.0000000000,-0.0000000000,-0.1319823004,0.0000000000,-0.0000000000,-0.0000000000,0.0000000000,0.0000000000,0.0000000000,0.0000000000,0.0000000000,0.0000000000,-0.0000000000,0.0000000000,-0.0000000000,-0.0000000000,0.0000000000,0.0000000000,-0.0000000000,-0.0000000000,-0.0000000000,0.0000000000,-0.0000000000,0.1137212253,0.0000000000,0.0000000000,0.0000000000,0.0000000000,-0.0000000000,0.0000000000,0.0000000000,-0.0710846720,0.0000000000,-0.0000000000,-0.0261203293,-0.2161881510,-0.2157751167,-0.0000000000,0.0000000000,0.0000000000,0.0000000000,0.0000000000,-0.0000000000,0.0000000000,0.0000000000,-0.0015813770,0.0000000000,0.0000000000,-0.0000000000,-0.0000000000,-0.0000000000,0.0000000000,0.0000000000,-0.0000000000,-0.0000000000,0.0000000000,0.0000000000,-0.4345501338,-0.0000000000,-0.0000000000,-0.0011994231,-0.0000000000,-0.0000000000,0.0000000000,-0.0000000000,-0.0000000000,-0.0000000000,-0.0000000000,-0.0000000000,-0.0000000000,0.0000000000,0.0000000000,-0.0137184876,-0.0981408044,-0.0684524802,0.0000000000,-0.0000000000
0.0000000000,0.1446214472,-0.0000000000,0.0000000000,0.0000000000,-0.2477594664,0.0000000000,0.0000000000,-0.0000000000,-0.2578237346,-0.7990350964,3.1717861941,-0.2013902929,-0.0807293365,-0.1146966392,0.0000000000,-0.0844037863,0.0000000000,-0.0000000000,0.0000000000,-0.1259391395,-0.0000000000,-0.0000000000,-0.2557117917,-0.0000000000,-0.4289012208,0.0000000000,-0.0000000000,-0.0000000000,-0.0000000000,0.0000000000,0.0000000000,0.0000000000,0.0000000000,0.0000000000,-0.0000000000,0.0000000000,0.0000000000,-0.0000000000,-0.0000000000,0.0000000000,0.0000000000,0.0000000000,0.0000000000,0.1855116550,0.0000000000,0.0000000000,0.0000000000,0.0000000000,0.0000000000,-0.0000000000,-0.0000000000,-0.0000000000,0.0000000000,-0.0000000000,-0.0651704657,-0.0000000000,-0.0000000000,-0.8851966215,-0.0000000000,-0.0000000000,-0.2614152534,-0.0000000000,-0.0000000000,-0.0712732841,-0.0000000000,0.0000000000,-0.0000000000,-0.0378755371,0.0000000000,-0.0120138534,-0.0170558272,-0.0000000000,-0.0000000000,0.0000000000,0.0000000000,-0.0000000000,-0.0000000000,0.1503386912,-0.0000000000,-0.0000000000,0.0000000000,0.0000000000,-0.0000000000,0.0000000000,0.0000000000,0.0000000000,0.0000000000,-0.0000000000,0.0000000000,-0.1410971571,-0.0000000000,-0.0000000000,0.0000000000,0.0000000000,0.0000000000,0.0000000000,0.0000000000,0.0000000000,0.0000000000
0.0000000000,0.1195761063,-0.0000000000,0.0000000000,0.1586393554,0.0000000000,-0.0000000000,-0.0000000000,0.0000000000,-0.0317693707,0.0000000000,-0.2013902929,5.0165829573,-0.0000000000,-0.1553362134,-0.0000000000,-0.0000000000,0.0000000000,-0.0000000000,-0.0000000000,-0.0000000000,-0.3045912358,-0.2240056656,-0.0000000000,-0.0000000000,-0.0000000000,-0.0000000000,-0.0152108067,-0.0130241695,-0.0000000000,0.0000000000,0.0000000000,-0.0000000000,-0.0000000000,-0.0000000000,-0.0000000000,-0.0000000000,-0.0000000000,-0.4048074778,-0.0000000000,-0.0000000000,-0.0000000000,-0.1669615948,-0.0000000000,-0.0000000000,-0.0000000000,-0.0000000000,-0.0000000000,0.0000000000,0.0000000000,0.0000000000,-0.0000000000,0.0000000000,0.0000000000,0.4318732704,-0.0000000000,-0.0000000000,0.0000000000,-0.0000000000,0.0000000000,-0.0000000000,-2.0686927323,-1.2380662157,-0.0000000000,-0.0000000000,-0.0000000000,-0.0000000000,-0.0000000000,0.0000000000,0.0000000000,0.0000000000,-0.0000000000,-0.0000000000,-0.0724104034,0.0000000000,0.0000000000,-0.0000000000,-0.0000000000,0.0000000000,-0.0000000000,0.0000000000,0.0000000000,0.0000000000,0.0000000000,0.0000000000,-0.0000000000,-0.0000000000,-0.0000000000,-0.0000000000,-0.0000000000,-0.0000000000,-0.1787168770,-0.5270449398,0.0000000000,-0.0000000000,-0.0000000000,-0.0000000000,0.0000000000,0.0000000000,-0.0000000000
0.0000000000,0.0000000000,-0.0000000000,0.0000000000,0.0000000000,-0.0000000000,-0.0000000000,0.0000000000,-0.0000000000,0.0000000000,-0.0000000000,-0.0807293365,-0.0000000000,3.3870752830,-0.9133562142,0.0000000000,0.0000000000,-0.0000000000,-0.0000000000,-0.0000000000,-0.6299693015,0.0000000000,-0.0000000000,-0.0000000000,-0.0000000000,0.0000000000,0.0000000000,-0.0000000000,-0.0474837846,0.0000000000,-0.2731255300,-0.0000000000,-0.0000000000,-0.0000000000,-0.0000000000,-0.0000000000,0.0328657021,-0.0000000000,-0.2125164021,-0.0000000000,-0.0392621368,-0.0000000000,0.0000000000,0.0000000000,0.0000000000,-0.0000000000,-0.0000000000,-0.0000000000,0.0000000000,-0.0000000000,-0.0000000000,-0.0000000000,-0.0000000000,0.3075071890,0.0000000000,-0.0290910877,-0.0000000000,-0.0000000000,-0.0000000000,-0.0000000000,0.0000000000,-0.0000000000,-0.0000000000,-0.0000000000,-1.0028865778,-0.1781151261,-0.0000000000,-0.0000000000,0.0000000000,-0.0000000000,-0.0000000000,-0.0213322777,-0.0000000000,-0.0000000000,0.0000000000,0.0000000000,-0.0000000000,-0.0000000000,0.0000000000,-0.0000000000,0.0768482558,0.0000000000,0.0000000000,0.0000000000,0.0000000000,0.0000000000,0.2179555849,0.0000000000,-0.0000000000,0.0000000000,-0.1010901182,-0.0000000000,-0.2221525593,-0.0000000000,-0.1186838927,0.0000000000,-0.0000000000,0.0000000000,0.0000000000,0.0000000000
-0.0000000000,0.0000000000,-0.0000000000,0.0000000000,0.0000000000,0.0000000000,-0.0000000000,-0.0000000000,-0.0000000000,-0.2791241914,-0.0953554479,-0.1146966392,-0.1553362134,-0.9133562142,4.5305847607,-0.0000000000,0.0000000000,0.0000000000,-0.1777576143,-0.0000000000,-0.0982045785,-0.0000000000,-0.0000000000,0.0000000000,0.1422445130,-0.0000000000,-0.1032304334,-0.0000000000,-0.3876740558,-0.2903194696,-0.0222763968,-0.0000000000,-0.0000000000,-0.0000000000,0.0000000000,-0.0000000000,0.0000000000,-0.0184684526,-0.0061679560,-0.0000000000,-0.0000000000,-0.0000000000,-0.0000000000,-0.0000000000,-0.0000000000,-0.0000000000,-0.0000000000,-0.0000000000,0.0000000000,0.0000000000,0.0000000000,0.0000000000,0.0000000000,0.0000000000,-0.0000000000,0.0000000000,0.0000000000,-0.0000000000,-0.0000000000,-0.0000000000,0.0000000000,-0.0911435600,-0.0000000000,-0.0000000000,-0.0000000000,-1.9051197862,0.0000000000,0.0000000000,0.0000000000,0.0000000000,-0.0000000000,-0.0000000000,-0.1562181802,-0.0000000000,0.0252830019,-0.0000000000,-0.0000000000,-0.2951200768,-0.0837714628,-0.0000000000,0.0000000000,0.0000000000,-0.0000000000,0.0000000000,-0.0000000000,-0.0000000000,0.0000000000,-0.0000000000,-0.0000000000,-0.0000000000,-0.0000000000,-0.0000000000,-0.3678937329,-0.0000000000,-0.0000000000,-0.0000000000,-0.0000000000,-0.0000000000,-0.0000000000,0.0000000000
-0.0491588861,-0.0000000000,-0.0000000000,-0.5768473211,-0.0000000000,0.0000000000,-0.4695242334,-0.2259454131,-0.0000000000,-0.0000000000,0.0000000000,0.0000000000,-0.0000000000,0.0000000000,-0.0000000000,3.0422027575,0.0000000000,-0.5231870320,-0.3844052583,-0.0000000000,-0.0000000000,0.0000000000,-0.0000000000,0.1183344110,-0.0000000000,-0.0000000000,-0.0000000000,0.1522845289,-0.0000000000,-0.0000000000,0.0000000000,-0.0000000000,-0.5166122669,-0.0000000000,-0.0000000000,0.0404658769,0.0000000000,-0.3682212842,-0.0000000000,0.0000000000,0.0000000000,0.0000000000,0.0000000000,-0.0000000000,-0.0000000000,-0.0000000000,-0.0000000000,-0.0000000000,0.0000000000,-0.0000000000,0.0000000000,-0.0000000000,-0.0000000000,-0.0598677343,0.0000000000,0.1890476445,-0.0000000000,-0.1655984799,0.0313444865,0.0000000000,-0.0000000000,-0.0000000000,0.0000000000,-0.0000000000,0.0000000000,-0.0000000000,-0.0000000000,0.0000000000,0.0000000000,-0.0000000000,0.0000000000,0.0000000000,-0.0000000000,-0.0000000000,0.0000000000,-0.0000000000,0.0000000000,-0.0000000000,0.0000000000,-0.0000000000,0.0000000000,0.0000000000,-0.0000000000,-0.0000000000,-0.0000000000,-0.0000000000,0.0000000000,0.0000000000,0.1960928586,0.0000000000,0.4198773558,0.0000000000,0.0000000000,0.0000000000,0.0000000000,0.0000000000,-0.0000000000,-0.0000000000,0.0371239147,0.0000000000
0.0855241506,0.1195811596,0.0000000000,0.0000000000,0.0000000000,-0.0000000000,0.0000000000,-0.0000000000,-0.0000000000,0.0000000000,0.0000000000,-0.0844037863,-0.0000000000,0.0000000000,0.0000000000,0.0000000000,2.1071658742,-0.2735139811,-0.0000000000,-0.0000000000,0.0000000000,-0.0000000000,-0.0364274367,-0.3633387694,-0.0000000000,-0.2408585234,0.0000000000,-0.0000000000,-0.2024256803,0.0000000000,-0.0000000000,-0.0000000000,0.0000000000,-0.1933446597,-0.4067250377,0.0000000000,-0.0000000000,0.0000000000,0.0000000000,0.0000000000,0.0000000000,-0.0000000000,-0.0000000000,-0.0000000000,-0.0000000000,0.0000000000,0.0000000000,-0.0000000000,-0.0000000000,0.1725664170,0.0391061219,0.0065572126,0.0000000000,-0.0000000000,0.1352911273,-0.0000000000,0.0000000000,0.0000000000,0.0000000000,0.0000000000,-0.0000000000,-0.0000000000,0.0000000000,0.0000000000,0.0000000000,0.1751902888,0.0000000000,-0.6679408243,-0.0760524042,-0.0000000000,0.0000000000,0.0000000000,-0.0000000000,0.0151153377,-0.0000000000,0.0000000000,-0.0000000000,0.0000000000,-0.0000000000,-0.0175671352,-0.0000000000,0.0000000000,-0.2272285993,-0.0008971152,-0.0000000000,-0.0000000000,-0.0000000000,-0.0000000000,0.0000000000,0.0000000000,0.0000000000,-0.0000000000,0.0151392060,-0.1252297392,-0.0000000000,-0.0000000000,0.0539864266,-0.0000000000,0.0000000000,0.0000000000
-0.0000000000,-0.1305836813,-0.0000000000,-0.0000000000,-0.0000000000,-0.0000000000,-0.0000000000,-0.3019313441,-0.0728522682,0.0000000000,0.0000000000,0.0000000000,0.0000000000,-0.0000000000,0.0000000000,-0.5231870320,-0.2735139811,3.3006046617,-0.0469892357,-0.5746529164,-0.3150753129,0.0000000000,-0.3941546118,0.0000000000,-0.0000000000,0.0000000000,-0.0000000000,0.0000000000,-0.0000000000,0.0000000000,-0.2679895174,-0.0000000000,-0.0020975042,-0.7347193534,-0.0000000000,0.0000000000,0.0000000000,-0.0333539658,0.0000000000,0.0000000000,-0.0000000000,-0.0000000000,0.0000000000,-0.0000000000,-0.0000000000,-0.0000000000,-0.0000000000,-0.2411392637,-0.0000000000,-0.0000000000,0.0000000000,-0.0000000000,-0.0000000000,-0.0000000000,-0.0000000000,-0.0000000000,-0.0000000000,-0.0161796963,0.0661174171,0.0000000000,0.0000000000,-0.0000000000,0.0818422315,-0.0000000000,-0.0000000000,0.0000000000,-0.0000000000,-0.1945494337,-0.0000000000,-0.3624255026,-0.0000000000,0.0000000000,-0.0000000000,0.0000000000,0.0000000000,0.0000000000,0.0000000000,0.0788332224,-0.0000000000,-0.0000000000,0.0000000000,0.0000000000,-0.0000000000,-0.0000000000,-0.0000000000,0.0000000000,0.0089655667,0.2771761863,0.0000000000,0.5986405816,0.0000000000,-0.0000000000,0.0000000000,-0.0000000000,0.0000000000,-0.0000000000,0.0000000000,0.0000000000,0.0000000000,0.0000000000
-0.0000000000,0.0000000000,-0.3311617069,0.0000000000,0.1369824520,0.0000000000,-0.0000000000,-0.0000000000,-0.0000000000,-0.0267210058,-0.0000000000,-0.0000000000,-0.0000000000,-0.0000000000,-0.1777576143,-0.3844052583,-0.0000000000,-0.0469892357,3.1789649835,-0.3366144001,-0.8439728468,0.0000000000,-0.3842623516,0.0846037746,-0.0000000000,-0.0000000000,-0.0000000000,0.0000000000,-0.0000000000,-0.0000000000,-0.0000000000,-0.0160652361,-0.4638180706,-0.1060197631,0.0000000000,-0.0000000000,0.0000000000,-0.0000000000,-0.0000000000,-0.0000000000,-0.0000000000,0.0000000000,0.0000000000,-0.0000000000,-0.0000000000,-0.0000000000,0.0000000000,-0.0000000000,-0.1808545994,-0.0000000000,0.0000000000,-0.0000000000,0.0000000000,0.0000000000,0.0000000000,0.0000000000,0.0000000000,-0.0000000000,0.0765826968,0.0000000000,0.0000000000,-0.1561437855,0.0000000000,-0.0000000000,-0.0125475899,-0.0000000000,0.0000000000,-0.2995157464,0.0000000000,0.0000000000,-0.0000000000,0.0000000000,0.0000000000,-0.0000000000,0.0099797339,0.0000000000,0.0000000000,0.0000000000,0.0000000000,-0.0954362480,0.0000000000,0.0000000000,0.0000000000,-0.0011147244,-0.0000000000,0.0000000000,0.0000000000,0.0000000000,0.0175762642,0.0000000000,0.0000000000,-0.0000000000,-0.0000000000,0.0000000000,0.0000000000,-0.0000000000,-0.0000000000,0.0000000000,-0.0000000000,-0.0000000000
-0.0000000000,-0.0000000000,-0.0000000000,-0.0000000000,-0.0000000000,-0.0000000000,-0.0000000000,-0.0000000000,-0.2474550833,0.0000000000,0.0000000000,0.0000000000,-0.0000000000,-0.0000000000,-0.0000000000,-0.0000000000,-0.0000000000,-0.5746529164,-0.3366144001,3.4209872136,-0.9083598639,0.0000000000,-0.7018258108,0.0000000000,0.0000000000,-0.0000000000,-0.0946068111,-0.0000000000,-0.3291761019,-0.0000000000,-0.0000000000,-0.0000000000,-0.0000000000,-0.0000000000,0.0000000000,0.0000000000,-0.0000000000,-0.0000000000,0.0000000000,0.0000000000,-0.0000000000,-0.0000000000,0.0000000000,-0.0000000000,0.0000000000,-0.0000000000,0.0000000000,-0.2792245913,-0.4171626780,-0.0000000000,0.0000000000,-0.0000000000,-0.0000000000,-0.0000000000,0.0000000000,-0.0000000000,0.0000000000,-0.0000000000,0.0000000000,-0.0000000000,0.0000000000,-0.0000000000,0.1223064819,-0.0000000000,-0.0000000000,-0.0000000000,-0.0000000000,-0.0000000000,0.0000000000,0.0000000000,-0.0520234753,0.2067061458,-0.0000000000,0.0000000000,0.0000000000,0.0000000000,-0.0254255047,-0.0000000000,-0.0000000000,-0.0855209041,0.0000000000,-0.0000000000,-0.0000000000,-0.0000000000,-0.0296803475,0.0000000000,0.0000000000,0.0000000000,-0.0000000000,-0.0000000000,0.0000000000,-0.0000000000,-0.0000000000,-0.0000000000,0.0000000000,-0.0000000000,-0.0608994021,-0.0000000000,-0.0440510535,-0.0000000000
-0.0000000000,-0.0000000000,-0.1386126795,0.0000000000,-0.0000000000,-0.0000000000,-0.0249171253,-0.0000000000,-0.0000000000,-0.0000000000,-0.0000000000,-0.1259391395,-0.0000000000,-0.6299693015,-0.0982045785,-0.0000000000,0.0000000000,-0.3150753129,-0.8439728468,-0.9083598639,3.6394106740,0.0000000000,-0.0000000000,0.0000000000,0.0000000000,-0.0000000000,-0.0000000000,-0.0000000000,-0.0000000000,0.0000000000,-0.1928688276,-0.0000000000,-0.0000000000,-0.0000000000,0.0000000000,0.0000000000,0.1570445233,-0.0000000000,0.0000000000,0.0000000000,0.0000000000,0.0000000000,0.0000000000,0.0000000000,0.0000000000,-0.0000000000,0.0000000000,-0.0000000000,0.0000000000,0.0000000000,0.0000000000,-0.0000000000,-0.0000000000,0.0000000000,-0.0748733334,-0.0000000000,0.0000000000,-0.0000000000,-0.0000000000,-0.0000000000,0.0000000000,-0.0223433975,0.0000000000,-0.0000000000,-0.3775780890,-0.3267115546,0.0000000000,-0.0000000000,0.0000000000,0.0000000000,-0.2168978679,0.0000000000,-0.0000000000,-0.0000000000,0.0000000000,-0.0000000000,-0.0000000000,0.0000000000,-0.0000000000,-0.0000000000,0.0000000000,0.1537839046,-0.0000000000,-0.0000000000,-0.0000000000,0.0000000000,0.0000000000,0.0905597487,0.0000000000,0.0553041400,0.0000000000,0.0000000000,-0.0000000000,-0.0000000000,0.0614656721,0.0000000000,-0.0000000000,0.0000000000,0.0000000000,0.0956489349
-0.0000000000,0.0000000000,0.1372123926,-0.0000000000,0.0000000000,-0.0000000000,0.0000000000,0.0000000000,0.0000000000,-0.0000000000,-0.0000000000,-0.0000000000,-0.3045912358,0.0000000000,-0.0000000000,0.0000000000,-0.0000000000,0.0000000000,0.0000000000,0.0000000000,0.0000000000,4.0800258382,-0.0410526471,-0.0000000000,-0.0000000000,-0.0980333385,-0.2621446140,-0.0614792236,-0.0000000000,-1.3666497285,0.0000000000,-0.0000000000,-0.0162650221,-0.0000000000,-0.1675329392,-0.0000000000,-0.0271576446,-0.0000000000,-0.0000000000,-0.3838732203,-0.0000000000,-0.3943454349,-0.0000000000,-0.0000000000,0.0000000000,-0.0000000000,-0.7991368976,-0.2138049053,0.0000000000,-0.0000000000,0.0000000000,-0.0000000000,0.0000000000,-0.0000000000,0.0000000000,0.0000000000,-0.0000000000,0.0000000000,-0.0000000000,0.0000000000,0.0000000000,-0.0000000000,-0.0000000000,0.0000000000,0.0000000000,0.0000000000,0.0000000000,0.2711643673,0.0000000000,0.0317752083,0.2946414490,-0.0000000000,-0.2062218290,-0.0000000000,0.0000000000,0.0000000000,-0.0000000000,-0.0000000000,0.0000000000,0.0000000000,-0.0000000000,-0.0000000000,0.0000000000,0.0000000000,-0.0000000000,-0.0000000000,-0.0000000000,-0.0000000000,0.0000000000,-0.0000000000,0.0000000000,0.0000000000,-0.0000000000,0.0000000000,-0.0000000000,0.0000000000,-0.0000000000,-0.0000000000,0.0000000000,-0.0000000000
-0.0000000000,-0.0000000000,-0.0000000000,0.0000000000,0.0000000000,0.0000000000,-0.0000000000,-0.1555830647,-0.0000000000,-0.0000000000,0.0000000000,-0.0000000000,-0.2240056656,-0.0000000000,-0.0000000000,-0.0000000000,-0.0364274367,-0.3941546118,-0.3842623516,-0.7018258108,-0.0000000000,-0.0410526471,3.2690144251,-0.0000000000,-0.0000000000,-0.0459253255,-0.3116232968,-0.0000000000,-0.1317952191,-0.5302113215,0.0000000000,-0.0000000000,-0.0000000000,-0.0045362019,-0.0949328313,-0.0000000000,0.0000000000,-0.0000000000,-0.0000000000,-0.0757370292,-0.0000000000,-0.0000000000,0.0000000000,-0.0000000000,0.0000000000,-0.0000000000,-0.0000000000,-0.0548467017,-0.0000000000,-0.0000000000,-0.0000000000,-0.0000000000,0.0000000000,0.0000000000,0.0896209686,0.0000000000,-0.0000000000,-0.0000000000,0.0000000000,0.0780091027,0.0000000000,-0.1696450441,-0.0000000000,-0.0000000000,-0.0000000000,-0.0000000000,-0.0000000000,-0.0000000000,0.0000000000,0.0000000000,0.0000000000,-0.0000000000,-0.1918168072,-0.0000000000,0.0000000000,0.0000000000,-0.0000000000,-0.0000000000,0.0000000000,-0.1879838502,0.0000000000,0.0000000000,0.0000000000,-0.0000000000,-0.0000000000,0.0000000000,0.0000000000,0.0000000000,0.0000000000,-0.0000000000,-0.0000000000,-0.0000000000,-0.2399297186,0.0557925510,0.0000000000,0.0000000000,-0.0000000000,0.0000000000,-0.0000000000,-0.0000000000
0.1884636798,0.0546081460,0.0000000000,0.3072116537,0.0000000000,-0.0917841708,0.0000000000,0.0000000000,0.0000000000,0.0581690485,-0.0000000000,-0.2557117917,-0.0000000000,-0.0000000000,0.0000000000,0.1183344110,-0.3633387694,0.0000000000,0.0846037746,0.0000000000,0.0000000000,-0.0000000000,-0.0000000000,1.9374556993,-0.0000000000,-0.0000000000,0.0000000000,-0.0000000000,-0.0021741087,0.0000000000,0.0000000000,0.0000000000,0.0000000000,-0.0000000000,-0.6086159983,-0.0000000000,-0.0000000000,-0.0000000000,0.0000000000,-0.0754555936,-0.0395546519,-0.0000000000,-0.0000000000,0.0000000000,0.0000000000,-0.0000000000,-0.0000000000,0.0000000000,0.0848914314,0.0000000000,0.0000000000,0.0096975044,0.0000000000,0.0000000000,0.0000000000,0.0000000000,0.0000000000,0.0000000000,-0.1067871319,-0.0000000000,-0.0000000000,-0.0000000000,-0.0000000000,0.0000000000,0.0000000000,0.0859612912,-0.0001836474,0.0000000000,-0.0000000000,-0.0000000000,0.0000000000,-0.0000000000,-0.0000000000,-0.0212418136,-0.2953916687,0.0444637327,-0.0000000000,-0.0000000000,0.0000000000,-0.0000000000,-0.0000000000,-0.0000000000,0.0000000000,-0.0000000000,-0.0000000000,-0.0000000000,0.0545790552,-0.0000000000,-0.0000000000,-0.2877311983,-0.0000000000,-0.0000000000,-0.0000000000,-0.0000000000,-0.1880728511,0.0000000000,0.0000000000,0.0000000000,0.0000000000,0.0000000000
-0.0000000000,0.0000000000,-0.1894732508,0.0000000000,0.1449079988,-0.1459560494,0.0000000000,-0.0000000000,0.0000000000,-0.0832643027,-0.0000000000,-0.0000000000,-0.0000000000,-0.0000000000,0.1422445130,-0.0000000000,-0.0000000000,-0.0000000000,-0.0000000000,0.0000000000,0.0000000000,-0.0000000000,-0.0000000000,-0.0000000000,1.5132889619,-0.0000000000,0.1678970270,-0.0000000000,0.0000000000,0.0000000000,0.0000000000,-0.0000000000,-0.0000000000,-0.0000000000,-0.0000000000,-0.0000000000,-0.0791608723,-0.0000000000,-0.2055976092,-0.0359443272,-0.0000000000,-0.1010416067,0.0000000000,-0.0319859655,0.0000000000,0.0000000000,0.0000000000,0.0000000000,-0.0000000000,-0.0000000000,-0.0000000000,-0.1464700211,-0.0000000000,0.0000000000,-0.0000000000,-0.0000000000,-0.0000000000,-0.0000000000,0.0000000000,0.0000000000,-0.3559166455,-0.0000000000,0.0000000000,-0.0000000000,0.0000000000,0.0457109081,-0.1200496343,-0.0122827977,-0.0000000000,-0.0000000000,0.0000000000,-0.0848660347,0.0000000000,-0.0000000000,-0.1890366113,-0.0000000000,0.0226369708,0.0000000000,0.1426571051,0.0000000000,-0.0000000000,0.0000000000,0.0468100894,-0.1452402465,0.2357163241,-0.0000000000,-0.0000000000,0.0000000000,-0.0000000000,0.0000000000,0.0000000000,0.0000000000,0.0000000000,0.0000000000,-0.0000000000,-0.0000000000,0.0000000000,0.1935487975,-0.0000000000,-0.0000000000
-0.0250463613,-0.0000000000,-0.0000000000,-0.0000000000,0.0000000000,-0.0851681293,-0.0000000000,-0.0000000000,-0.0000000000,-0.4127197994,-0.1319823004,-0.4289012208,-0.0000000000,0.0000000000,-0.0000000000,-0.0000000000,-0.2408585234,0.0000000000,-0.0000000000,-0.0000000000,-0.0000000000,-0.0980333385,-0.0459253255,-0.0000000000,-0.0000000000,2.2478379782,-0.0043605642,-0.3008407413,-0.0000000000,-0.0725820401,0.0197110735,0.0000000000,-0.0000000000,0.0000000000,-0.0000000000,-0.0000000000,-0.0000000000,0.0000000000,0.0000000000,-0.0000000000,0.6697594805,-0.0000000000,-0.0000000000,-0.0000000000,0.0000000000,0.0000000000,0.0000000000,-0.0000000000,-0.0000000000,0.0000000000,0.0865399318,-0.0000000000,0.0000000000,-0.0000000000,-0.0000000000,0.0000000000,0.0000000000,-0.0000000000,0.0000000000,0.0000000000,-0.0673670365,-0.0138787260,-0.1792750674,-0.0000000000,0.0670782565,-0.0000000000,0.0000000000,-0.0000000000,-0.0000000000,0.0000000000,-0.0000000000,-0.0000000000,-0.0926554210,-0.1356725392,-0.0000000000,-0.2368521614,-0.0166721564,-0.1320781703,0.0000000000,0.0663383782,-0.0000000000,0.0000000000,0.0000000000,-0.0993286350,-0.1501138608,-0.0000000000,-0.0310640944,-0.0000000000,-0.0000000000,0.0000000000,0.0414143793,0.0000000000,-0.0000000000,0.0000000000,0.0707149532,-0.0000000000,0.0000000000,0.0000000000,-0.0000000000,0.0000000000
-0.0000000000,-0.0000000000,0.0000000000,-0.1494710386,-0.0000000000,-0.0000000000,-0.1430149382,-0.0000000000,-0.0000000000,0.0000000000,0.0000000000,0.0000000000,-0.0000000000,0.0000000000,-0.1032304334,-0.0000000000,0.0000000000,-0.0000000000,-0.0000000000,-0.0946068111,-0.0000000000,-0.2621446140,-0.3116232968,0.0000000000,0.1678970270,-0.0043605642,3.4563548931,-0.0000000000,-0.0000000000,-1.1442939023,0.0025347580,-0.0579741262,-0.0000000000,-0.0000000000,-0.0000000000,-0.0000000000,-0.0000000000,-0.0000000000,0.0000000000,-0.0000000000,0.0000000000,-0.0000000000,0.0000000000,0.0000000000,-0.0000000000,-0.0000000000,-0.0000000000,-0.5632572808,0.0000000000,0.0427483748,-0.0000000000,-0.0000000000,0.0000000000,-0.2863155959,0.0000000000,0.0008446484,-0.0000000000,0.0000000000,0.0000000000,0.0000000000,0.0000000000,-0.0000000000,-0.0000000000,0.0000000000,0.0000000000,-0.0000000000,0.0471862050,0.0107351918,0.0000000000,0.4951898546,0.0000000000,-0.0000000000,-0.0729352186,-0.0219029492,0.0000000000,-0.0000000000,-0.2964480769,-0.2659090973,0.0000000000,0.0000000000,0.0000000000,0.0000000000,0.0000000000,0.0000000000,-0.4912554162,0.0000000000,-0.0000000000,0.0000000000,0.0000000000,-0.0000000000,-0.0000000000,0.0000000000,-0.0745900014,0.0227140563,0.0000000000,0.1414191414,-0.0000000000,-0.0000000000,0.0239268812,0.0000000000
0.0000000000,0.0000000000,0.1754387110,0.0000000000,0.0000000000,-0.0417543245,0.0138684140,0.0000000000,0.0000000000,0.0000000000,-0.0000000000,-0.0000000000,-0.0152108067,-0.0000000000,-0.0000000000,0.1522845289,-0.0000000000,0.0000000000,0.0000000000,-0.0000000000,-0.0000000000,-0.0614792236,-0.0000000000,-0.0000000000,-0.0000000000,-0.3008407413,-0.0000000000,3.7052825051,-0.0000000000,-0.0000000000,0.0000000000,0.0000000000,-0.0000000000,-0.0000000000,-0.2425819599,-0.0000000000,-0.2796110809,0.0000000000,-0.0000000000,0.0000000000,0.0000000000,-0.6142611858,-0.2524799360,-0.0000000000,-0.0000000000,-0.0000000000,-0.0000000000,-0.5852249877,0.0000000000,0.0000000000,0.0000000000,0.0000000000,0.0000000000,-0.0000000000,-0.0000000000,-0.0000000000,0.0000000000,0.0000000000,-0.0000000000,0.0000000000,0.0000000000,-0.0000000000,-0.0000000000,-0.0000000000,0.0000000000,-0.0000000000,-0.0000000000,-0.0000000000,-0.0000000000,0.0000000000,0.0000000000,-0.0000000000,-0.0000000000,0.0000000000,0.0000000000,0.0000000000,-0.1774324258,-0.6551361841,-0.0000000000,0.0000000000,0.0000000000,0.0000000000,-0.0000000000,0.0000000000,-0.0000000000,-0.0000000000,-0.0943089639,-1.0829109470,-0.0000000000,-0.0000000000,-0.0385417459,-0.0000000000,-0.0000000000,-0.0000000000,-0.0000000000,-0.0000000000,-0.0000000000,-0.0000000000,-0.0000000000,0.0000000000
-0.0000000000,0.0528306065,-0.0000000000,0.1283279151,0.0000000000,-0.0000000000,0.0000000000,0.0000000000,-0.0000000000,0.0000000000,-0.0000000000,-0.0000000000,-0.0130241695,-0.0474837846,-0.3876740558,-0.0000000000,-0.2024256803,-0.0000000000,-0.0000000000,-0.3291761019,-0.0000000000,-0.0000000000,-0.1317952191,-0.0021741087,0.0000000000,-0.0000000000,-0.0000000000,-0.0000000000,2.1066629987,-0.0000000000,-0.1774211764,-0.0607717500,-0.0000000000,0.0000000000,-0.0000000000,-0.0000000000,-0.0956362883,-0.1480857930,0.0000000000,0.0000000000,0.0000000000,-0.0000000000,-0.0000000000,-0.0000000000,0.0000000000,0.0000000000,0.0000000000,-0.0000000000,0.0000000000,0.0000000000,0.0000000000,0.0050299330,0.0000000000,0.0000000000,0.0000000000,-0.1607012294,0.1677808440,-0.0000000000,0.0000000000,-0.0000000000,-0.0000000000,-0.0150419832,-0.0000000000,-0.0000000000,-0.0000000000,0.0000000000,-0.0889010235,-0.0000000000,-0.0000000000,0.0000000000,-0.0000000000,0.0000000000,-0.0724950312,0.0000000000,0.0000000000,-0.0000000000,-0.4546458481,-0.0000000000,-0.0611594502,-0.0000000000,0.0000000000,0.0000000000,-0.0000000000,-0.0000000000,-0.0000000000,-0.0000000000,-0.0000000000,-0.0000000000,-0.1286018373,-0.0000000000,0.0000000000,-0.0017248823,-0.0000000000,-0.0000000000,-0.0000000000,-0.0000000000,-0.0000000000,-0.1388518700,-0.0000000000,0.0000000000
