0,1,2,3,4,5,6,7,8,9,10,11,12,13,14,15,16,17,18,19,20,21,22,23,24,25,26,27,28,29,30,31,32,33,34,35,36,37,38,39,40,41,42,43,44,45,46,47,48,49,50,51,52,53,54,55,56,57,58,59,60,61,62,63,64,65,66,67,68,69,70,71,72,73,74,75,76,77,78,79,80,81,82,83,84,85,86,87,88,89,90,91,92,93,94,95,96,97,98,99
2.5002542235,-0.0000000000,-0.0000000000,0.0000000000,0.0000000000,-0.0000000000,-0.0000000000,-0.0000000000,-0.0000000000,-0.0000000000,-0.1082165927,-0.0000000000,0.0000000000,0.0000000000,0.0000000000,-0.5287673209,-0.0000000000,-0.0000000000,0.0000000000,-0.0000000000,-0.0189948906,0.0000000000,0.0000000000,0.0000000000,0.0000000000,0.0000000000,-0.0000000000,0.0000000000,0.0000000000,-0.0000000000,0.0000000000,-0.3248956800,-0.0000000000,-0.0000000000,-0.0000000000,-0.0838568615,-0.0000000000,-0.2499147110,-0.0000000000,0.0000000000,-0.0000000000,-0.0000000000,-0.0000000000,-0.0000000000,-0.0000000000,-0.0000000000,0.0000000000,-0.0000000000,-0.0741681944,-0.0513884178,-0.6064260679,-0.0000000000,-0.0000000000,0.0336575263,-0.0000000000,-0.0000000000,0.0000000000,0.0000000000,-0.0000000000,-0.0000000000,-0.0000000000,0.0000000000,0.1326242804,-0.0000000000,0.0000000000,-0.0000000000,-0.0000000000,0.1539651822,0.0000000000,-0.0000000000,0.0000000000,0.0003485415,-0.0000000000,0.0505718040,-0.0000000000,0.0068822459,0.0000000000,0.0000000000,-0.0000000000,-0.0000000000,0.0000000000,-0.1611656475,0.0000000000,-0.0000000000,0.0000000000,0.0000000000,-0.0660312833,-0.0000000000,-0.2482053470,0.0636428300,0.0000000000,0.0000000000,0.0205750269,-0.0000000000,0.0000000000,-0.0000000000,-0.0000000000,-0.1514004067,-0.2487436616,-0.0534801806
-0.0000000000,3.5984226807,-0.1823303102,-0.1646087404,-0.0362433143,-0.0000000000,-0.0000000000,-0.2533191182,-0.0000000000,0.0000000000,0.0000000000,0.0000000000,0.0000000000,-0.0000000000,0.0000000000,-0.0772425347,0.0000000000,0.0000000000,0.0000000000,-0.0000000000,-0.0000000000,0.2015269996,0.0000000000,0.0000000000,0.0000000000,-0.0000000000,-0.0000000000,0.0000000000,-0.0000000000,-0.0000000000,-0.0000000000,-0.0000000000,0.0000000000,0.0231339737,0.0000000000,-0.0287560705,-0.0000000000,-0.0000000000,0.0919478865,0.0003856649,0.0000000000,0.0000000000,-0.0000000000,-0.0000000000,-0.0000000000,-0.0000000000,0.0000000000,0.0000000000,-0.0000000000,0.0000000000,-0.0000000000,-1.6528952349,-0.2968376069,-0.0345313210,-0.1665207425,-0.0239964904,-0.6011366649,-0.0000000000,-0.0000000000,-0.0000000000,-0.0000000000,-0.0000000000,-0.0000000000,-0.0534389305,-0.0000000000,-0.0484836428,-0.0000000000,-0.0000000000,0.0000000000,-0.0000000000,-0.0670335964,-0.0000000000,-0.0000000000,0.0000000000,0.0000000000,0.0000000000,-0.0135522385,-0.0000000000,-0.0000000000,-0.0000000000,-0.0000000000,-0.0000000000,0.0000000000,0.0000000000,-0.0095581697,0.0000000000,-0.0000000000,0.0000000000,0.0000000000,-0.0000000000,0.0000000000,-0.0000000000,-0.0639419430,0.0000000000,-0.0607524932,0.0000000000,-0.0000000000,0.0000000000,0.0000000000,0.0000000000
-0.0000000000,-0.1823303102,3.5198628028,0.0000000000,0.0000000000,-0.0753365609,0.0000000000,-0.5727688420,-0.0915438583,0.0000000000,0.0000000000,-0.0000000000,0.0000000000,-0.0000000000,-0.0000000000,-0.0000000000,0.0000000000,-0.0000000000,0.0000000000,0.0000000000,0.0000000000,-0.0000000000,-0.0000000000,-0.0000000000,-0.0000000000,-0.0000000000,-0.0000000000,-0.0094373538,-0.3246927540,-0.0000000000,-0.7954890875,0.0000000000,0.0000000000,0.0000000000,0.0000000000,-0.0000000000,0.0000000000,-0.0000000000,0.0000000000,-0.0000000000,0.0000000000,-0.0000000000,-0.0000000000,-0.0000000000,-0.0000000000,0.0000000000,0.2005599788,0.0181174497,-0.0000000000,0.1295805643,-0.0000000000,-0.7808918357,0.0000000000,0.0000000000,-0.1631343993,-0.7849602847,-0.0000000000,-0.0000000000,-0.0000000000,-0.0000000000,-0.0412700939,-0.0000000000,-0.0596845448,-0.0378073380,0.0000000000,-0.0000000000,0.0000000000,-0.0000000000,-0.0000000000,0.0000000000,-0.0000000000,-0.0000000000,-0.0000000000,-0.0000000000,-0.0425347822,-0.1780202882,-0.0463770550,-0.0000000000,-0.0276942422,0.0952082838,-0.0000000000,0.0022384243,0.0000000000,0.0000000000,-0.0000000000,0.0000000000,0.0000000000,-0.0000000000,0.0000000000,0.0000000000,0.1998226771,-0.0000000000,-0.0000000000,-0.0000000000,-0.0000000000,-0.0000000000,0.1436685216,0.0000000000,-0.0000000000,0.0632156197
0.0000000000,-0.1646087404,0.0000000000,3.0073752587,-0.7103718071,0.0000000000,0.0000000000,-0.1219627934,-0.1491351968,-0.0292972736,-0.0000000000,-0.0000000000,-0.0000000000,-0.0178687171,-0.0000000000,-0.0191570929,-0.0000000000,0.0000000000,-0.0000000000,0.0000000000,-0.0000000000,0.0000000000,0.0000000000,0.0274768115,-0.0000000000,0.0000000000,0.4153079415,0.0989947554,0.0000000000,0.0000000000,0.0000000000,-0.0586690103,-0.0000000000,-0.0000000000,0.0000000000,0.0000000000,0.0000000000,-0.0000000000,0.0000000000,0.0000000000,0.0000000000,-0.0000000000,-0.0000000000,0.0000000000,0.0000000000,-0.0000000000,-0.0000000000,-0.0000000000,0.0000000000,-0.0000000000,0.0000000000,-0.0000000000,-0.0000000000,-1.4304948982,-0.0000000000,-0.0213155750,-0.0228528235,-0.0000000000,-0.0000000000,-0.0000000000,-0.0000000000,-0.0000000000,0.0000000000,-0.0000000000,-0.1026219779,-0.0837720754,-0.0000000000,-0.0000000000,0.0000000000,0.0000000000,-0.0000000000,0.0000000000,0.0000000000,0.1460552710,0.0000000000,-0.0000000000,0.0000000000,0.0000000000,0.0000000000,0.0000000000,0.0776089074,-0.0000000000,0.0000000000,0.0000000000,0.0000000000,-0.0000000000,-0.0000000000,0.0000000000,0.0000000000,-0.0000000000,0.0000000000,-0.0000000000,0.0000000000,0.1973837323,-0.0000000000,0.0000000000,-0.0000000000,-0.0000000000,0.0000000000,-0.0000000000
0.0000000000,-0.0362433143,0.0000000000,-0.7103718071,3.3434703728,-0.0000000000,0.0000000000,-0.0000000000,-0.0000000000,-0.1947981375,0.0000000000,-0.0000000000,0.0000000000,0.0000000000,0.0000000000,-0.0000000000,-0.0000000000,0.0000000000,-0.0000000000,-0.0000000000,-0.0783563159,0.0000000000,0.0000000000,-0.0000000000,-0.0000000000,-0.0000000000,0.0000000000,-0.0000000000,0.0000000000,0.0000000000,0.0000000000,-0.0451411039,-0.0000000000,-0.0000000000,0.0000000000,0.0000000000,-0.0000000000,-0.0000000000,0.0066488022,-0.0000000000,0.0000000000,-0.0000000000,-0.0000000000,-0.0000000000,0.0333642199,-0.0000000000,-0.0000000000,-0.0000000000,0.0000000000,0.0000000000,0.0000000000,-0.0000000000,-0.0308603645,-1.5601811507,-0.3730321868,-0.3933991487,-0.0000000000,-0.0000000000,-0.0000000000,0.0000000000,0.0000000000,0.0747289040,0.0798720370,0.1311172651,-0.0000000000,-0.0000000000,0.0000000000,0.0000000000,0.0000000000,0.0000000000,-0.0841866633,0.0000000000,-0.0000000000,0.0000000000,-0.0000000000,-0.0382948832,-0.0561495501,0.0000000000,0.0000000000,-0.0000000000,-0.0000000000,-0.0000000000,-0.0000000000,-0.0000000000,-0.0000000000,-0.0000000000,-0.1217568263,-0.0000000000,0.0000000000,-0.0000000000,-0.0000000000,0.0000000000,0.0387156297,0.0000000000,-0.0000000000,0.0000000000,-0.2691970199,-0.0000000000,0.0000000000,0.0000000000
-0.0000000000,-0.0000000000,-0.0753365609,0.0000000000,-0.0000000000,3.9263874457,0.0000000000,0.0000000000,-0.3551990978,-0.0000000000,0.0824707842,-0.0000000000,0.0000000000,0.0000000000,0.0000000000,0.0000000000,0.0000000000,-0.0000000000,0.0606317852,0.0000000000,-0.0000000000,-0.0000000000,0.0000000000,0.1436322596,-0.0000000000,-0.0000000000,-0.0000000000,-0.0000000000,0.0000000000,-0.0535268802,-0.0000000000,-0.2843006145,0.0000000000,-0.0000000000,-0.0000000000,-0.0000000000,-0.0000000000,-0.0000000000,-0.0000000000,-0.0000000000,0.1914650766,-0.0000000000,0.0000000000,-0.0000000000,0.0000000000,-0.0000000000,0.0000000000,0.1395483820,-0.1274382740,-0.0000000000,-0.0000000000,-0.0000000000,0.0000000000,0.0000000000,-1.4071727310,-1.3761452424,0.0000000000,-0.0000000000,0.0000000000,0.0000000000,0.0000000000,-0.0000000000,-0.0000000000,-0.0000000000,0.0231222109,-0.0000000000,0.0000000000,0.0000000000,-0.0000000000,-0.0000000000,-0.0000000000,-0.0000000000,-0.0000000000,-0.0000000000,-0.2344025767,-0.1742957608,-0.0000000000,-0.1618420340,-0.0000000000,0.0000000000,0.0000000000,0.0405568218,0.0000000000,-0.0000000000,0.0000000000,0.0000000000,-0.0000000000,-0.1753674220,0.0000000000,0.3822498938,0.0000000000,-0.0000000000,0.0000000000,-0.2028872659,-0.0000000000,-0.0000000000,0.0000000000,0.0000000000,-0.0582770414,0.0000000000
-0.0000000000,-0.0000000000,0.0000000000,0.0000000000,0.0000000000,0.0000000000,3.5113457384,-0.1270533240,0.0000000000,0.0000000000,0.0000000000,-0.0000000000,-0.2930198903,0.0000000000,0.0000000000,-0.2159268185,0.0000000000,-0.0000000000,0.1055091898,-0.3193288807,-0.0000000000,-0.0000000000,-0.0000000000,-0.0000000000,0.0000000000,-0.0000000000,0.0000000000,0.0000000000,-0.0625555141,0.0000000000,0.0000000000,-0.0000000000,0.0000000000,0.0000000000,0.0093789976,-0.0000000000,0.0000000000,-0.1897923569,-0.0000000000,-0.1142690684,-0.0000000000,-0.0892742967,0.0000000000,0.0000000000,0.0000000000,0.0000000000,0.0000000000,0.0000000000,-0.0000000000,0.0000000000,-0.0000000000,0.0000000000,-0.0000000000,0.0000000000,0.0000000000,-0.0000000000,0.0000000000,0.1581588463,0.0000000000,-0.0000000000,-0.0237323017,-0.0000000000,0.0000000000,0.0000000000,0.0000000000,0.3239855282,-1.6238713345,0.0000000000,0.2130059604,-0.0000000000,-0.0000000000,0.0000000000,-0.0000000000,-0.0919882900,-0.0000000000,-0.0000000000,-0.0000000000,0.0000000000,0.0000000000,-0.0000000000,0.0000000000,0.0000000000,0.0000000000,-0.0000000000,0.0000000000,0.0000000000,0.0000000000,0.3577000682,-0.1349655998,-0.0000000000,-0.0000000000,-0.6746474028,-0.0000000000,0.0000000000,-0.0000000000,-0.0000000000,-0.0000000000,-0.0000000000,-0.1460195880,-0.0000000000
-0.0000000000,-0.2533191182,-0.5727688420,-0.1219627934,-0.0000000000,0.0000000000,-0.1270533240,3.8057867496,-0.1073567037,0.0000000000,-0.0000000000,-0.0000000000,0.0000000000,-0.0000000000,0.0000000000,-0.6116197389,0.0000000000,-0.0098894638,0.0000000000,0.0000000000,0.0000000000,0.0000000000,-0.0000000000,-0.0000000000,-0.0000000000,-0.0000000000,0.0000000000,0.0000000000,-0.3132668435,0.0000000000,-0.0000000000,-0.0000000000,0.0000000000,0.0000000000,0.0000000000,-0.0000000000,0.0000000000,-0.0000000000,0.0000000000,0.0000000000,0.0000000000,-0.0000000000,-0.0000000000,0.0000000000,-0.0000000000,0.0000000000,0.0140693081,0.0000000000,0.0000000000,0.0020178550,-0.0000000000,-0.1005163440,-0.0000000000,-0.0000000000,0.0000000000,-0.0000000000,-1.1700010551,-0.4640897492,-0.0000000000,-0.0000000000,-0.1627143043,-0.0000000000,-0.0000000000,-0.0000000000,-0.0000000000,-0.0000000000,-0.1363938174,0.0000000000,0.0000000000,0.0000000000,-0.0000000000,0.0000000000,-0.0000000000,0.0000000000,0.0000000000,-0.0000000000,-0.0000000000,0.0584196804,-0.0000000000,-0.0000000000,-0.0000000000,0.0000000000,0.0000000000,0.0000000000,0.0000000000,0.1019223775,0.0000000000,0.4100636937,0.0000000000,0.0000000000,0.0000000000,-0.1096999483,-0.0000000000,0.0000000000,-0.0000000000,0.0000000000,0.0500888545,0.0000000000,0.0000000000,0.0000000000
-0.0000000000,-0.0000000000,-0.0915438583,-0.1491351968,-0.0000000000,-0.3551990978,0.0000000000,-0.1073567037,3.4840074624,-0.0932333901,-0.0000000000,-0.0000000000,0.0000000000,-0.0000000000,-0.0000000000,0.0000000000,-0.0000000000,-0.0000000000,0.0000000000,-0.0000000000,-0.0000000000,0.4199298914,0.0000000000,0.0000000000,-0.0000000000,0.0000000000,-0.0000000000,0.0000000000,-0.0000000000,0.0000000000,0.0000000000,-0.0000000000,-0.0000000000,0.0000000000,0.0000000000,-0.6952203873,-0.2139134194,-0.0000000000,0.0000000000,0.0000000000,0.0000000000,0.0000000000,0.0179962574,-0.0000000000,-0.0000000000,0.0000000000,0.0000000000,0.0000000000,-0.0000000000,-0.0000000000,0.0000000000,-0.0000000000,0.0000000000,0.0000000000,-0.1292827722,-0.5449288798,-0.0000000000,-1.4179607839,-0.0367546093,-0.0000000000,-0.0000000000,-0.0000000000,-0.0000000000,-0.0299158123,-0.0000000000,-0.0000000000,0.0000000000,-0.0000000000,0.0000000000,0.0000000000,-0.0000000000,0.1301888616,0.0000000000,-0.0000000000,-0.0000000000,-0.0000000000,-0.0000000000,0.0000000000,-0.0000000000,0.0000000000,0.0000000000,0.0000000000,0.0310790297,0.0000000000,0.0000000000,0.0000000000,-0.0000000000,0.0000000000,-0.0000000000,0.0401904672,0.0160263216,-0.0000000000,-0.0000000000,0.0000000000,0.0464629986,-0.0000000000,0.0000000000,0.0000000000,-0.0000000000,-0.0000000000
-0.0000000000,0.0000000000,0.0000000000,-0.0292972736,-0.1947981375,-0.0000000000,0.0000000000,0.0000000000,-0.0932333901,2.8733266588,-0.0000000000,-0.3852604834,-0.0000000000,-0.0000000000,0.0000000000,-0.0000000000,-0.2675246772,0.1429858623,0.0000000000,0.0000000000,-0.1094193076,0.0000000000,-0.0000000000,-0.0000000000,-0.6507529116,-0.0000000000,0.0000000000,-0.0000000000,0.0000000000,-0.0000000000,0.0000000000,-0.0000000000,-0.0000000000,0.0000000000,0.0000000000,0.0000000000,-0.1253054423,-0.0000000000,-0.0000000000,-0.6298070978,-0.0000000000,-0.0000000000,0.0000000000,-0.0000000000,0.0000000000,-0.0000000000,0.0000000000,0.0000000000,-0.0000000000,-0.0000000000,0.0000000000,0.0532104870,0.0000000000,-0.0000000000,-0.1614123968,-0.0000000000,0.0000000000,-0.2061688021,-0.2108804186,-0.0000000000,-0.0000000000,0.0000000000,-0.0000000000,0.0000000000,-0.0000000000,-0.0000000000,0.0000000000,0.0000000000,0.0000000000,0.0000000000,-0.0000000000,0.0000000000,0.3091431795,-0.3315841530,-0.2781081175,-0.0262610437,-0.0000000000,0.0000000000,0.0989943601,-0.0000000000,-0.0000000000,0.0000000000,0.0000000000,-0.0000000000,0.0000000000,0.0000000000,-0.0345285636,-0.2182176444,0.0000000000,-0.0000000000,0.0000000000,-0.0000000000,-0.0000000000,-0.0000000000,-0.0000000000,-0.0000000000,-0.0000000000,0.0478779421,-0.0000000000,-0.0000000000
-0.1082165927,0.0000000000,0.0000000000,-0.0000000000,0.0000000000,0.0824707842,0.0000000000,-0.0000000000,-0.0000000000,-0.0000000000,2.1807664348,-0.0642233216,0.0000000000,0.0000000000,-0.1716563729,0.0542142489,0.0000000000,0.2466013575,-0.0000000000,0.0000000000,-0.0000000000,0.0000000000,0.3668083913,0.0000000000,0.0000000000,0.0000000000,0.1726786997,0.0000000000,0.0000000000,0.0703510360,0.0000000000,0.0000000000,0.0000000000,0.0000000000,0.1813649396,0.0000000000,-0.0000000000,-0.0445715320,-0.0000000000,0.0000000000,-0.0000000000,0.0482087203,-0.0000000000,-0.0000000000,-0.0000000000,-0.0000000000,0.0000000000,0.0000000000,-0.0000000000,-0.0833290841,0.0000000000,0.0000000000,0.0000000000,-0.0000000000,0.0662411101,0.0000000000,0.1977338563,-0.0241176519,-0.1506817807,-1.0832787420,-0.0000000000,-0.0000000000,0.0000000000,-0.0000000000,-0.0657951016,-0.0000000000,0.0000000000,-0.0000000000,0.0196046419,0.0000000000,0.0000000000,0.0000000000,0.0000000000,0.0497501900,0.0000000000,0.0000000000,0.0164082244,0.0000000000,0.0000000000,0.0000000000,0.0000000000,-0.0000000000,0.0000000000,0.0000000000,0.0000000000,0.0000000000,-0.0000000000,-0.0000000000,-0.0000000000,-0.0000000000,0.0000000000,-0.0000000000,-0.0948069363,0.0547296202,0.0000000000,-0.0000000000,-0.0000000000,-0.0000000000,0.0000000000,-0.1273007585
-0.0000000000,0.0000000000,-0.0000000000,-0.0000000000,-0.0000000000,-0.0000000000,-0.0000000000,-0.0000000000,-0.0000000000,-0.3852604834,-0.0642233216,2.5908078814,-0.1130897921,-0.0000000000,-0.0000000000,-0.0000000000,-0.0952262865,0.0000000000,0.0000000000,0.0000000000,-0.1937506680,-0.0000000000,-0.0000000000,-0.2611991243,-0.0000000000,-0.3329173510,0.0311212491,0.0000000000,0.0286156936,-0.0000000000,0.1400445613,-0.0000000000,0.2388799267,0.0000000000,0.0200569556,0.0000000000,0.1124104875,0.0000000000,0.0000000000,-0.2974691784,0.0000000000,0.0000000000,-0.0000000000,0.0000000000,0.1988271461,-0.0000000000,0.0483891036,0.0000000000,-0.0000000000,-0.0000000000,0.0000000000,0.0000000000,0.0000000000,-0.0000000000,-0.0000000000,-0.0000000000,0.0000000000,-0.0000000000,-0.1185848067,-0.2118040269,-0.3335191689,0.0000000000,-0.0000000000,-0.0000000000,-0.0063051979,-0.0000000000,-0.0000000000,-0.0000000000,0.0000000000,0.0000000000,-0.0000000000,0.0000000000,-0.0000000000,-0.0000000000,-0.3115925277,-0.1326699306,-0.0000000000,-0.0000000000,0.0472461374,-0.0000000000,0.0000000000,0.0000000000,0.0000000000,-0.0000000000,0.0000000000,0.0329856592,0.0000000000,0.0000000000,0.0000000000,0.0000000000,-0.0000000000,-0.0018827013,-0.0000000000,-0.0000000000,-0.0000000000,0.0000000000,-0.0000000000,0.0000000000,-0.0000000000,-0.0000000000
0.0000000000,0.0000000000,0.0000000000,-0.0000000000,0.0000000000,0.0000000000,-0.2930198903,0.0000000000,0.0000000000,-0.0000000000,0.0000000000,-0.1130897921,2.4723016900,-0.3699243836,-0.0000000000,-0.0000000000,-0.5138280616,-0.0000000000,0.0000000000,-0.0000000000,-0.0000000000,-0.0000000000,-0.0000000000,-0.0000000000,0.0000000000,-0.0000000000,-0.0000000000,-0.0000000000,-0.0000000000,-0.1018101753,0.0378281962,0.0000000000,0.0848071534,0.0000000000,0.0000000000,0.0000000000,0.0661182491,-0.0000000000,-0.0000000000,-0.0000000000,-0.0000000000,0.0000000000,-0.0000000000,-0.0000000000,0.0000000000,-0.0000000000,-0.0000000000,-0.0000000000,-0.0000000000,-0.1011406728,0.0000000000,0.1678558373,-0.0000000000,-0.0000000000,0.0107326968,-0.0000000000,0.0000000000,0.0000000000,0.0000000000,-0.0000000000,-0.0000000000,-1.0500293894,-0.0000000000,-0.0000000000,-0.0000000000,0.0000000000,-0.0000000000,-0.1253096284,0.0000000000,-0.0000000000,-0.0296626372,-0.0000000000,-0.0000000000,-0.1371876269,-0.0000000000,0.0000000000,-0.0000000000,-0.0000000000,0.0000000000,-0.0000000000,0.0000000000,0.0000000000,0.0000000000,0.0000000000,-0.0000000000,0.0000000000,0.0274883415,-0.0000000000,-0.0000000000,-0.0000000000,-0.2932488600,-0.0000000000,-0.0000000000,0.0000000000,-0.0000000000,-0.0000000000,-0.0000000000,0.0000000000,-0.0068001192,-0.0000000000
0.0000000000,-0.0000000000,-0.0000000000,-0.0178687171,0.0000000000,0.0000000000,0.0000000000,-0.0000000000,-0.0000000000,-0.0000000000,0.0000000000,-0.0000000000,-0.3699243836,3.9466559709,-0.8441304338,-0.0000000000,-0.3738679363,-0.0000000000,-0.2025901263,0.0000000000,-0.3157470488,-0.0000000000,-0.0000000000,-0.0000000000,-0.0000000000,-0.0000000000,-0.0000000000,0.0000000000,0.0000000000,-0.0000000000,-0.0000000000,-0.0000000000,-0.0380642466,-0.0000000000,-0.0000000000,-0.0000000000,0.0000000000,-0.0000000000,-0.0000000000,-0.0000000000,-0.0000000000,0.0000000000,-0.0254095993,0.0000000000,-0.0000000000,-0.0000000000,-0.0000000000,-0.0000000000,0.0000000000,-0.0000000000,0.0000000000,-0.0000000000,0.0000000000,-0.0000000000,0.0000000000,-0.0000000000,-0.0000000000,-0.0000000000,-0.0000000000,-0.0000000000,-0.0000000000,-0.0000000000,-0.2166607163,-0.7349269250,-0.7764437389,-0.2968921481,0.0000000000,-0.3208606176,-0.0000000000,-0.0000000000,-0.0000000000,-0.0000000000,-0.0000000000,-0.0000000000,0.0000000000,0.0000000000,-0.0000000000,-0.0000000000,-0.0000000000,-0.0000000000,0.0000000000,-0.0000000000,0.0000000000,0.0000000000,0.0000000000,0.0000000000,0.0000000000,0.0000000000,-0.0000000000,-0.0000000000,-0.0000000000,-0.0000000000,-0.0000000000,-0.0000000000,0.0000000000,0.0000000000,0.0000000000,0.0000000000,-0.0000000000,-0.0000000000
0.0000000000,0.0000000000,-0.0000000000,-0.0000000000,0.0000000000,0.0000000000,0.0000000000,0.0000000000,-0.0000000000,0.0000000000,-0.1716563729,-0.0000000000,-0.0000000000,-0.8441304338,3.4417582921,0.0000000000,-0.0000000000,0.0000000000,-0.0000000000,0.0000000000,-0.0000000000,-0.0000000000,-0.0000000000,0.0911518403,0.0000000000,0.0000000000,-0.0000000000,0.0000000000,0.0330536230,-0.1583856366,-0.0000000000,-0.0000000000,-0.0000000000,-0.0000000000,-0.0000000000,-0.0000000000,0.0000000000,-0.0000000000,-0.0582653665,-0.0000000000,-0.0000000000,0.0000000000,-0.0486372710,-0.0000000000,-0.0344086631,-0.0000000000,-0.0000000000,-0.0025835319,-0.0000000000,-0.0108076392,0.0000000000,0.0000000000,0.0000000000,-0.0000000000,0.0000000000,0.0000000000,0.0000000000,-0.0000000000,0.0000000000,-0.0000000000,-0.0000000000,-0.1983226999,-0.0000000000,-0.0000000000,-0.4348574892,-1.7047533944,0.0000000000,-0.0259960945,-0.0000000000,0.0000000000,0.0000000000,-0.0097433685,-0.0000000000,-0.0000000000,0.0000000000,0.2165804761,0.0000000000,-0.0000000000,-0.0000000000,-0.0349856206,0.0000000000,-0.0000000000,-0.0000000000,-0.0000000000,-0.0000000000,0.0000000000,0.0000000000,-0.0000000000,-0.0000000000,0.0000000000,-0.0000000000,-0.0000000000,-0.0265930204,-0.0000000000,-0.0000000000,-0.0000000000,0.0000000000,-0.0000000000,-0.0000000000,-0.0000000000
-0.5287673209,-0.0772425347,-0.0000000000,-0.0191570929,-0.0000000000,0.0000000000,-0.2159268185,-0.6116197389,0.0000000000,-0.0000000000,0.0542142489,-0.0000000000,-0.0000000000,-0.0000000000,0.0000000000,2.5304796980,-0.1422297280,-0.1646465563,0.0000000000,-0.0000000000,-0.0045126744,-0.0000000000,-0.2528184630,-0.1621961223,-0.0000000000,-0.0000000000,-0.0000000000,0.0290680758,-0.0000000000,0.0000000000,0.0000000000,-0.0308240017,-0.3784046477,-0.0000000000,-0.0000000000,-0.0000000000,0.0000000000,-0.0000000000,0.0000000000,-0.0000000000,-0.0000000000,-0.0868074124,-0.0000000000,0.0000000000,-0.0000000000,-0.0000000000,0.0000000000,0.0000000000,0.0000000000,0.0000000000,-0.0000000000,-0.0000000000,-0.0000000000,-0.0000000000,-0.0000000000,-0.0000000000,-0.3621340834,0.0000000000,0.0000000000,0.0000000000,-0.0000000000,0.0625399477,0.0000000000,-0.0000000000,-0.0000000000,-0.0000000000,-0.3305554538,0.2082540402,0.0000000000,-0.0000000000,-0.1058442711,0.0993861584,-0.0000000000,0.0000000000,-0.0000000000,0.0000000000,-0.0193860652,0.0000000000,0.0000000000,-0.0000000000,-0.0000000000,-0.0000000000,0.0000000000,-0.0000000000,0.0000000000,0.0000000000,0.0000000000,0.0000000000,-0.0000000000,0.0000000000,0.0000000000,0.0000000000,0.0278899415,0.0112438220,0.0000000000,0.0429723447,-0.0000000000,-0.0000000000,-0.0000000000,0.0000000000
-0.0000000000,0.0000000000,0.0000000000,-0.0000000000,-0.0000000000,0.0000000000,0.0000000000,0.0000000000,-0.0000000000,-0.2675246772,0.0000000000,-0.0952262865,-0.5138280616,-0.3738679363,-0.0000000000,-0.1422297280,2.2698726399,-0.0000000000,-0.2574493237,-0.0000000000,-0.4251762931,-0.0000000000,-0.0000000000,-0.1759242432,-0.0000000000,-0.0000000000,-0.0000000000,-0.0000000000,0.0000000000,-0.0000000000,0.0000000000,-0.0000000000,-0.0000000000,-0.0597754686,-0.0735305175,-0.0000000000,-0.0000000000,0.0000000000,0.0000000000,-0.0000000000,0.0000000000,0.0000000000,0.0000000000,0.0000000000,0.0000000000,0.0000000000,-0.0000000000,-0.0000000000,-0.0000000000,-0.0045361618,0.0000000000,0.0334378132,-0.0000000000,-0.0000000000,-0.0000000000,-0.0000000000,0.0000000000,-0.0000000000,0.0000000000,0.0000000000,0.0000000000,0.0000000000,0.0000000000,-0.0000000000,-0.1437306692,-0.0000000000,0.0000000000,-0.0000000000,-0.0081998810,-0.0000000000,-0.0000000000,0.0000000000,-0.0000000000,-0.0000000000,-0.3421812931,0.0938948490,-0.0000000000,0.0000000000,0.0000000000,-0.0000000000,0.0000000000,-0.0000000000,0.0000000000,-0.0000000000,0.0000000000,0.0000000000,-0.0000000000,-0.0405831654,-0.0000000000,0.1821061368,-0.0000000000,0.4095831979,0.0000000000,0.0000000000,0.0128107504,0.0000000000,0.0000000000,0.0000000000,-0.0000000000,-0.0000000000
-0.0000000000,0.0000000000,-0.0000000000,0.0000000000,0.0000000000,-0.0000000000,-0.0000000000,-0.0098894638,-0.0000000000,0.1429858623,0.2466013575,0.0000000000,-0.0000000000,-0.0000000000,0.0000000000,-0.1646465563,-0.0000000000,3.7301825638,-0.0000000000,-0.0000000000,-0.0000000000,-0.4362584006,-0.0000000000,0.1089633620,-0.0000000000,-0.0000000000,-0.0000000000,-0.0000000000,-0.0000000000,0.0000000000,-0.0000000000,-0.0000000000,-0.0000000000,-0.6323888468,-0.1318183226,-0.3011436304,0.0000000000,-0.0000000000,0.0000000000,0.0000000000,0.0000000000,-0.0000000000,0.0000000000,0.0000000000,-0.0637008308,0.3209614162,-0.0000000000,-0.0000000000,-0.0000000000,0.0000000000,-0.0482950631,-0.0000000000,-0.0000000000,0.2196042415,0.0000000000,-0.0219734814,-0.1519954562,0.0000000000,0.0408161210,-0.0000000000,-0.0000000000,0.0000000000,0.0000000000,-0.0000000000,-0.0000000000,0.0000000000,-0.6267902722,-0.0000000000,-0.0000000000,-1.0573201635,-0.0000000000,-0.0000000000,-0.1122364180,0.0000000000,-0.0000000000,0.0000000000,-0.0000000000,0.0000000000,-0.0000000000,0.0000000000,0.0000000000,0.0000000000,0.0000000000,-0.0000000000,0.0000000000,0.0000000000,0.0000000000,0.0000000000,-0.5078520671,0.0000000000,0.0000000000,-0.0000000000,0.0000000000,-0.0000000000,0.0000000000,0.0000000000,0.3974235713,-0.0000000000,-0.4348817717,0.0000000000
0.0000000000,0.0000000000,0.0000000000,-0.0000000000,-0.0000000000,0.0606317852,0.1055091898,0.0000000000,0.0000000000,0.0000000000,-0.0000000000,0.0000000000,0.0000000000,-0.2025901263,-0.0000000000,0.0000000000,-0.2574493237,-0.0000000000,2.4364069011,-0.0000000000,-0.2811327945,-0.0000000000,-0.0000000000,0.0000000000,0.1477491418,-0.0000000000,0.0000000000,-0.2621578978,0.0000000000,0.0000000000,0.0000000000,0.0000000000,-0.0000000000,-0.1674970112,-0.0000000000,0.0000000000,-0.0000000000,0.0000000000,0.1272042421,0.0000000000,0.0000000000,0.0362930842,0.0000000000,0.1911689636,-0.0000000000,0.0000000000,-0.0000000000,-0.0558124148,0.0000000000,-0.0000000000,0.0309166663,0.0000000000,0.0000000000,-0.0000000000,0.0000000000,-0.0000000000,0.0000000000,0.0000000000,0.0000000000,-0.0000000000,0.0000000000,0.0153309816,0.0000000000,-0.0000000000,-0.1019021325,-0.0000000000,0.0000000000,-0.6787509584,-0.4048207558,-0.0000000000,-0.1022467041,-0.0000000000,-0.0726355678,0.0000000000,0.0000000000,0.0000000000,-0.0000000000,-0.0000000000,0.0000000000,0.0390979211,-0.0000000000,-0.0000000000,0.0000000000,0.0000000000,-0.0000000000,-0.1733950690,-0.0032291825,-0.0000000000,-0.0000000000,-0.0000000000,0.0505470894,0.1343582818,0.0000000000,0.0000000000,0.0000000000,0.0000000000,-0.0000000000,-0.0000000000,-0.0000000000,-0.0000000000
-0.0000000000,-0.0000000000,0.0000000000,0.0000000000,-0.0000000000,0.0000000000,-0.3193288807,0.0000000000,-0.0000000000,0.0000000000,0.0000000000,0.0000000000,-0.0000000000,0.0000000000,0.0000000000,-0.0000000000,-0.0000000000,-0.0000000000,-0.0000000000,3.7012627674,-0.2610775832,0.0000000000,-0.0000000000,0.0000000000,0.1040217901,0.0000000000,-0.1043172854,-0.0000000000,-0.6716704613,0.0000000000,0.0000000000,0.0000000000,0.0000000000,0.0000000000,0.0000000000,-0.0000000000,-0.0000000000,-0.3459731220,0.0000000000,-0.0000000000,-0.0000000000,0.0000000000,0.3005431778,-0.0000000000,-0.0000000000,-0.0000000000,0.0000000000,-0.0000000000,-0.3023494482,-0.0000000000,0.0000000000,0.0432615454,-0.0000000000,0.0000000000,0.0000000000,-0.0000000000,0.0000000000,0.0000000000,0.0000000000,-0.0000000000,-0.0000000000,-0.0000000000,0.0562881640,0.0000000000,0.0000000000,0.0000000000,-0.3859915550,-0.0000000000,0.0406202289,-0.0000000000,-0.4881516427,0.0000000000,-0.0000000000,-0.0000000000,-0.0000000000,0.0000000000,-0.0186876309,0.0000000000,0.0000000000,0.0000000000,0.0000000000,0.0000000000,0.0000000000,0.0000000000,-0.0000000000,0.0000000000,-0.1079892657,-0.0000000000,-0.7143733855,-0.0259317968,-0.0000000000,0.0000000000,-0.0000000000,0.0000000000,0.0000000000,-0.0000000000,-0.0047842559,-0.2977701790,-0.2592925356,-0.2802324938
-0.0189948906,-0.0000000000,0.0000000000,-0.0000000000,-0.0783563159,-0.0000000000,-0.0000000000,0.0000000000,-0.0000000000,-0.1094193076,-0.0000000000,-0.1937506680,-0.0000000000,-0.3157470488,-0.0000000000,-0.0045126744,-0.4251762931,-0.0000000000,-0.2811327945,-0.2610775832,2.8171763512,-0.0000000000,-0.2236792331,-0.0000000000,-0.0000000000,-0.0000000000,-0.0000000000,-0.0000000000,-0.0000000000,-0.0566837011,0.3222832623,-0.0057727100,-0.0000000000,-0.0000000000,-0.0000000000,-0.0000000000,-0.0000000000,-0.0000000000,0.0000000000,-0.0000000000,-0.0000000000,0.0000000000,-0.0000000000,0.0000000000,-0.0000000000,-0.1264035752,-0.0000000000,-0.0000000000,-0.0000000000,-0.1427486603,0.1038310289,0.0000000000,-0.0000000000,-0.0000000000,-0.0000000000,-0.0000000000,-0.0000000000,-0.0000000000,0.0000000000,-0.0000000000,-0.0000000000,0.0000000000,0.0000000000,-0.0000000000,-0.5380261110,-0.0000000000,-0.0000000000,-0.0000000000,-0.0000000000,-0.0923426269,-0.6692294247,0.0000000000,-0.0000000000,-0.0000000000,-0.0000000000,0.0000000000,-0.0000000000,-0.0000000000,0.1851863435,-0.0000000000,0.0000000000,-0.0000000000,0.0000000000,-0.0000000000,-0.0000000000,0.0000000000,-0.0000000000,-0.0000000000,-0.0026912006,-0.0000000000,-0.0000000000,0.0000000000,-0.0000000000,0.0531138032,0.0000000000,0.0000000000,-0.2741361879,-0.0000000000,-0.0000000000,-0.1045316946
0.0000000000,0.2015269996,-0.0000000000,0.0000000000,0.0000000000,-0.0000000000,-0.0000000000,0.0000000000,0.4199298914,0.0000000000,0.0000000000,-0.0000000000,-0.0000000000,-0.0000000000,-0.0000000000,-0.0000000000,-0.0000000000,-0.4362584006,-0.0000000000,0.0000000000,-0.0000000000,3.4633178543,-0.0000000000,0.0000000000,-0.0000000000,-0.3082000222,0.0000000000,-0.0825119154,0.0000000000,-0.2681391670,-0.0000000000,-0.0000000000,0.0969374534,-0.0798877437,-1.0045436921,0.0000000000,0.0827290346,0.0000000000,-0.0000000000,-0.0000000000,0.0000000000,-0.0000000000,-0.0000000000,0.0968433418,-0.0000000000,0.0484084373,-0.0000000000,-0.0000000000,0.0000000000,0.0000000000,-0.0000000000,0.0000000000,0.0000000000,0.0000000000,-0.0000000000,-0.0000000000,0.0000000000,0.1209031236,0.1498924228,0.0000000000,0.0000000000,0.0000000000,0.0000000000,0.0000000000,0.0000000000,0.0000000000,-0.0000000000,0.0000000000,-0.0000000000,-0.1568025804,0.0000000000,-0.7620110316,-0.3068848496,-0.0000000000,-0.0000000000,-0.0000000000,0.0000000000,-0.0000000000,-0.0000000000,0.0000000000,-0.0000000000,0.0000000000,-0.0000000000,-0.5264402930,0.0000000000,-0.0000000000,0.0000000000,-0.0000000000,-0.0000000000,0.0000000000,0.0000000000,0.0000000000,0.0000000000,-0.0000000000,-0.0000000000,0.0000000000,0.0254634338,-0.0000000000,-0.0000000000,0.0000000000
0.0000000000,0.0000000000,-0.0000000000,0.0000000000,0.0000000000,0.0000000000,-0.0000000000,-0.0000000000,0.0000000000,-0.0000000000,0.3668083913,-0.0000000000,-0.0000000000,-0.0000000000,-0.0000000000,-0.2528184630,-0.0000000000,-0.0000000000,-0.0000000000,-0.0000000000,-0.2236792331,-0.0000000000,2.8503317051,-0.2911574598,-0.0000000000,-0.3712279064,-0.0371369713,-0.0526160223,-0.0000000000,-0.6435787263,0.0000000000,-0.0000000000,0.0508324394,0.0000000000,-0.0000000000,0.0000000000,0.0000000000,0.0000000000,0.0288429752,-0.0000000000,-0.0000000000,-0.1613206163,-0.0000000000,0.0000000000,0.0000000000,-0.0335588855,0.0000000000,-0.1453448111,-0.0000000000,0.0000000000,0.0000000000,0.0000000000,0.0000000000,0.0000000000,-0.0000000000,-0.0000000000,-0.0000000000,0.0000000000,0.0000000000,0.0000000000,-0.0000000000,0.0000000000,-0.2269647148,0.0000000000,0.0000000000,-0.0000000000,-0.0000000000,-0.0000000000,0.0000000000,0.0000000000,-0.0000000000,0.0000000000,-0.7214868082,-0.0374783969,-0.1478430553,-0.0000000000,-0.2942891587,-0.0000000000,0.0269021507,-0.0000000000,0.0000000000,0.0245248993,0.1195073263,0.1290986970,-0.0000000000,0.2545203606,0.0000000000,-0.0000000000,0.0000000000,0.0000000000,0.0090379949,0.0000000000,0.0000000000,0.0000000000,-0.0000000000,0.0704674899,-0.0000000000,0.0000000000,-0.0000000000,0.0000000000
0.0000000000,0.0000000000,-0.0000000000,0.0274768115,-0.0000000000,0.1436322596,-0.0000000000,-0.0000000000,0.0000000000,-0.0000000000,0.0000000000,-0.2611991243,-0.0000000000,-0.0000000000,0.0911518403,-0.1621961223,-0.1759242432,0.1089633620,0.0000000000,0.0000000000,-0.0000000000,0.0000000000,-0.2911574598,2.3517743733,-0.0963037259,-0.3145680427,-0.0345654945,-0.0000000000,-0.0999213993,0.0000000000,0.0000000000,0.0550663309,-0.0000000000,0.0163340245,0.0000000000,0.0000000000,-0.0000000000,0.0000000000,0.0000000000,-0.4258381873,-0.1675743108,-0.1318329187,-0.0782991756,-0.0000000000,0.0000000000,-0.0738454386,0.0000000000,-0.0000000000,0.0000000000,-0.0000000000,0.0000000000,0.0000000000,0.0000000000,-0.0000000000,-0.0000000000,0.0231352615,0.0000000000,-0.0000000000,-0.0000000000,0.0000000000,0.0176203803,0.1703387831,-0.0000000000,0.1503368655,-0.0000000000,0.0000000000,-0.0000000000,0.0000000000,0.0000000000,0.0000000000,0.0000000000,0.2247265890,0.0090420273,-0.0000000000,-0.1656735687,-0.0000000000,-0.2412440542,0.2434329595,0.2365498717,-0.0000000000,-0.3756924018,-0.0000000000,-0.0000000000,0.0000000000,-0.0000000000,0.4275470957,-0.0000000000,0.0000000000,0.0000000000,-0.0000000000,-0.0688494742,0.0000000000,-0.0000000000,0.0000000000,-0.0000000000,-0.0000000000,-0.0000000000,0.0000000000,0.0685274495,0.0000000000
0.0000000000,0.0000000000,-0.0000000000,-0.0000000000,-0.0000000000,-0.0000000000,0.0000000000,-0.0000000000,-0.0000000000,-0.6507529116,0.0000000000,-0.0000000000,0.0000000000,-0.0000000000,0.0000000000,-0.0000000000,-0.0000000000,-0.0000000000,0.1477491418,0.1040217901,-0.0000000000,-0.0000000000,-0.0000000000,-0.0963037259,2.1757921493,-0.1883973842,0.0000000000,0.0000000000,-0.0000000000,-0.0000000000,0.0000000000,0.0000000000,-0.0135667848,-0.0000000000,-0.0000000000,0.0000000000,-0.0000000000,0.0000000000,-0.0000000000,-0.0846630600,0.0000000000,-0.2055469491,-0.0000000000,-0.0000000000,0.0000000000,0.0000000000,0.2231536624,0.0000000000,0.0192703555,0.0000000000,0.0000000000,0.0000000000,0.0000000000,0.0000000000,-0.0000000000,-0.0000000000,-0.0000000000,-0.1612139583,0.0000000000,0.0000000000,0.0000000000,0.1095518893,-0.0000000000,-0.0000000000,-0.0000000000,0.0000000000,-0.0000000000,0.2221178244,-0.0000000000,-0.0000000000,0.0000000000,0.0000000000,0.0000000000,-0.0000000000,-0.1486010466,-0.2077795948,-0.0000000000,0.0000000000,0.0068003150,0.0000000000,-0.0000000000,0.0000000000,0.0000000000,-0.0000000000,-0.0000000000,0.0000000000,-0.0000000000,-0.0000000000,0.0000000000,0.0333780472,0.0000000000,-0.0511694025,-0.0000000000,0.0000000000,-0.0000000000,-0.0000000000,0.0000000000,0.2721168328,0.0000000000,0.0000000000
0.0000000000,-0.0000000000,-0.0000000000,0.0000000000,-0.0000000000,-0.0000000000,-0.0000000000,-0.0000000000,0.0000000000,-0.0000000000,0.0000000000,-0.3329173510,-0.0000000000,-0.0000000000,0.0000000000,-0.0000000000,-0.0000000000,-0.0000000000,-0.0000000000,0.0000000000,-0.0000000000,-0.3082000222,-0.3712279064,-0.3145680427,-0.1883973842,2.6658761714,0.0000000000,-0.0000000000,-0.0000000000,-0.0000000000,0.0000000000,0.0000000000,0.0032120578,0.0000000000,-0.0000000000,0.0000000000,0.0000000000,0.0886350325,0.1396458328,-0.0000000000,0.1390006213,-0.0300146960,0.0000000000,0.0000000000,0.2058777210,0.0000000000,0.3475341324,0.0000000000,0.0000000000,0.3225610752,-0.0000000000,-0.0000000000,-0.0000000000,0.0000000000,-0.0000000000,-0.0572286282,-0.0000000000,0.0000000000,-0.0000000000,0.0000000000,0.0141033475,0.1637924393,-0.0631743497,0.0000000000,-0.0000000000,0.0000000000,-0.0396741445,0.0000000000,-0.0000000000,-0.0000000000,-0.0000000000,-0.0000000000,-0.1461475362,-0.0726070971,-0.0000000000,-0.6078405677,-0.0000000000,-0.0000000000,0.0457179572,-0.0000000000,-0.0856044929,0.0000000000,0.0000000000,-0.0000000000,-0.0976085963,-0.0000000000,0.0000000000,-0.0237207769,0.0000000000,0.0000000000,0.0000000000,-0.0000000000,-0.0000000000,-0.0000000000,-0.0000000000,0.0000000000,-0.0000000000,0.0000000000,0.0000000000,0.0000000000
-0.0000000000,-0.0000000000,-0.0000000000,0.4153079415,0.0000000000,-0.0000000000,0.0000000000,0.0000000000,-0.0000000000,0.0000000000,0.1726786997,0.0311212491,-0.0000000000,-0.0000000000,-0.0000000000,-0.0000000000,-0.0000000000,-0.0000000000,0.0000000000,-0.1043172854,-0.0000000000,0.0000000000,-0.0371369713,-0.0345654945,0.0000000000,0.0000000000,2.3324591499,-0.2090628058,-0.2773030748,-0.3734139429,-0.0000000000,0.0000000000,0.0000000000,0.0000000000,-0.0000000000,-0.1770968646,-0.0327595382,-0.0000000000,0.0000000000,-0.0000000000,-0.0905697039,-0.0908503975,-0.0000000000,-0.0739381212,-0.5615787023,-0.2231054357,-0.0000000000,-0.3111103000,-0.0000000000,-0.0000000000,0.0000000000,-0.1344678474,-0.0000000000,0.0000000000,-0.0000000000,0.0000000000,0.0000000000,-0.0000000000,0.0000000000,0.0817428421,0.0000000000,-0.0000000000,-0.0000000000,0.0000000000,0.1666754633,-0.0000000000,0.0000000000,0.0000000000,0.0000000000,0.0000000000,-0.0000000000,0.0000000000,-0.0000000000,-0.0000000000,-0.0000000000,0.0000000000,-0.0000000000,-0.0000000000,-0.0000000000,-0.0000000000,0.0000000000,0.0000000000,-0.0000000000,0.4164639172,-0.2712393206,0.0496824738,-0.0000000000,-0.0000000000,-0.0000000000,-0.0000000000,0.0000000000,0.0726470258,-0.0000000000,-0.0976981379,-0.0704027734,-0.0000000000,-0.0000000000,0.0000000000,-0.0000000000,-0.0000000000
0.0000000000,0.0000000000,-0.0094373538,0.0989947554,-0.0000000000,-0.0000000000,0.0000000000,0.0000000000,0.0000000000,-0.0000000000,0.0000000000,0.0000000000,-0.0000000000,0.0000000000,0.0000000000,0.0290680758,-0.0000000000,-0.0000000000,-0.2621578978,-0.0000000000,-0.0000000000,-0.0825119154,-0.0526160223,-0.0000000000,0.0000000000,-0.0000000000,-0.2090628058,3.2377819722,-0.0763395893,-0.0000000000,-0.0000000000,0.0000000000,0.0586586350,-0.0000000000,-0.0000000000,0.0000000000,-0.0000000000,0.0000000000,0.0000000000,-0.0000000000,0.0000000000,-0.1188096282,0.0000000000,-0.0598411856,-0.0000000000,-0.0000000000,-0.0000000000,-0.1554143741,-0.0000000000,0.0000000000,0.0000000000,0.0000000000,0.0000000000,0.0000000000,-0.0000000000,-0.0000000000,0.0000000000,0.0000000000,-0.0000000000,0.0000000000,0.0000000000,-0.0000000000,-0.0000000000,0.0000000000,0.0000000000,0.0000000000,0.0000000000,-0.0000000000,-0.0000000000,-0.0000000000,-0.0000000000,-0.0213931891,-0.1102159275,-0.0000000000,-0.0115905809,-0.2133789027,-0.0609922391,-0.6670104602,0.0000000000,0.0575778098,-0.0000000000,0.0000000000,-0.0000000000,-0.0000000000,-0.5247418809,-0.0000000000,-0.0000000000,-1.3132452310,0.0000000000,-0.0000000000,0.0000000000,0.0000000000,0.0000000000,-0.0755769731,0.0000000000,-0.0000000000,-0.0000000000,-0.0000000000,-0.0000000000,0.0000000000
0.0000000000,-0.0000000000,-0.3246927540,0.0000000000,0.0000000000,0.0000000000,-0.0625555141,-0.3132668435,-0.0000000000,0.0000000000,0.0000000000,0.0286156936,-0.0000000000,0.0000000000,0.0330536230,-0.0000000000,0.0000000000,-0.0000000000,0.0000000000,-0.6716704613,-0.0000000000,0.0000000000,-0.0000000000,-0.0999213993,-0.0000000000,-0.0000000000,-0.2773030748,-0.0763395893,3.0176702427,0.0000000000,0.0000000000,0.0629743657,0.0000000000,0.0061163170,0.0000000000,-0.0000000000,-0.1415793923,-0.0571964965,0.0000000000,-0.0000000000,-0.0000000000,-0.0473619373,0.0000000000,-0.0000000000,0.0000000000,0.0000000000,0.0468344301,-0.0000000000,-0.0000000000,0.0000000000,0.0000000000,-0.0000000000,-0.0000000000,0.0000000000,0.0000000000,-0.0000000000,-0.0000000000,-0.0000000000,0.0000000000,0.0000000000,-0.0000000000,-0.0000000000,0.0000000000,0.0000000000,0.0000000000,0.0000000000,-0.1404272374,-0.0000000000,0.0338802824,-0.0000000000,-0.0144105799,0.0000000000,0.0000000000,-0.0000000000,-0.0000000000,-0.0000000000,-1.3703812382,0.0000000000,-0.0000000000,0.0012148063,-0.0000000000,0.0000000000,0.0000000000,0.0525183008,-0.0000000000,0.0106275060,-0.0000000000,-0.0000000000,0.0000000000,-0.1269755536,0.0000000000,-0.0000000000,-0.0000000000,0.2514294583,0.0000000000,-0.0000000000,-0.0000000000,0.0000000000,0.0000000000,0.0000000000
