0,1,2,3,4,5,6,7,8,9,10,11,12,13,14,15,16,17,18,19,20,21,22,23,24,25,26,27,28,29,30,31,32,33,34,35,36,37,38,39,40,41,42,43,44,45,46,47,48,49,50,51,52,53,54,55,56,57,58,59,60,61,62,63,64,65,66,67,68,69,70,71,72,73,74,75,76,77,78,79,80,81,82,83,84,85,86,87,88,89,90,91,92,93,94,95,96,97,98,99
0.0,0.02327809219766319,0.04870449734596782,0.0,0.03250209928036352,0.0,0.09573162055627948,0.0,0.0,0.0,0.008006541882481066,0.0,0.0,0.0,0.04241650317606238,0.15112125479031002,0.07620915856269805,0.16939600935157406,0.12469020375033102,0.0,0.0013941175484410984,0.018626424247262907,0.04580297224718333,0.04166774483953173,0.0,0.018891950538586055,0.0,0.023457579007134743,0.020149129983211278,0.041934065811900734,0.03656455073467102,0.0,0.08741460714778748,0.0,0.04476261567334694,0.05011760310625535,0.04130155454907314,0.0036013042132445605,0.0,0.0,0.0,0.15090085538518716,0.0,0.08229705875706861,0.0,0.0,0.0,0.0,0.14774685418049893,0.044829218046521735,0.16793438901603963,0.11492751416669611,0.0,0.11905166422491087,0.047308916545291346,0.008201454004847175,0.08016337106024496,0.0,0.01421518320348003,0.0,0.0,0.04576652379765056,0.0,0.008827153728892423,0.00792361965099575,0.06635062907571676,0.0,0.0,0.0,0.053818086975907065,0.04543652017324362,0.08193046777594049,0.03833050662288784,0.022466351651720284,0.0,0.0,0.05802817342520461,0.0,0.0900509781954355,0.0901069154900207,0.0,0.06324909658784605,0.0,0.0,0.09400413682475728,0.0484338439786165,0.055627409423328444,0.009210237671883448,0.0,0.0,0.0,0.053815120767833236,0.029232532074535023,0.075620722024893,0.0,0.07962597901382651,0.00022036335349007175,0.10452505126659517,0.15752540770311318,0.03860202296520665
0.02327809219766319,0.0,0.19613090459247173,0.2693019067386202,0.04625778319028351,0.07582721047690821,0.11226473346599741,0.09954096973413318,0.012309443231620865,0.04283277403339536,0.01661681768069201,0.12536815703876591,0.03990022126609949,0.0,0.0,0.10778137941022381,0.0,0.0413982400413655,0.06264518514243367,0.09182993365614234,0.0,0.019299511880683795,0.010916356460654253,0.08104407193247098,0.0,0.0,0.0,0.0,0.0,0.011693536584710174,0.0,0.032927785254721176,0.07448896441030861,0.0,0.0,0.03607858412844589,0.0,0.007584030793876373,0.05998363566815357,0.03943178884873788,0.0,0.0,0.07489279647175806,0.0,0.0,0.05353354746049277,0.0,0.08521924608199516,0.1253816917048547,0.0,0.05472759713022812,0.5326959797869808,0.0880657263734288,0.0,0.0,0.07873773579921783,0.10311905187010595,0.024296807980684232,0.03814812648451671,0.04247876993133115,0.0829052043600984,0.02550436061937189,0.0,0.026953527739878247,0.06683042524047345,0.0,0.09007996441903021,0.016628387354145957,0.0,0.0,0.027359955154130144,0.002268602283860499,0.012045878073287053,0.02000314065495168,0.0,0.0,0.0,0.041343867408917934,0.0,0.035575037791234276,0.001323590191987467,0.0,0.0,0.12464534664179494,0.0,0.013084060124573416,0.0,0.0,0.10578780588468684,0.11385346068881574,0.026747126606963878,0.02664497043447689,0.07075158326172959,0.008046372499324939,0.08524875684503153,0.007503443383960473,0.15000274652714873,0.0,0.04559458519663906,0.12784363505131813
0.04870449734596782,0.19613090459247173,0.0,0.07975509035338568,0.0,0.31551866567985387,0.007010531082689564,0.21001106231277733,0.2248538495659016,0.05056646311758595,0.05381140450383848,0.0,0.08487480171237483,0.04560221240116702,0.08127299211609751,0.0,0.25292559105322887,0.05719640070936949,0.0547729429681012,0.08080005517626843,0.08365173434529094,0.054705274843867446,0.019675341441382166,0.0464938900508538,0.0,0.04243604396115597,0.002475148435890251,0.007956650895125872,0.03962761856066921,0.03064308668191984,0.06337305472267696,0.0,0.0,0.08100362028184582,0.0,0.07475995861522122,0.10291006577548911,0.0,0.0,0.11614781072827274,0.0,0.11952734775421359,0.0,0.071912806278148,0.04946678310640529,0.021308472113387822,0.0,0.11625116026053517,0.2863802252781942,0.040064238409850184,0.10732877359620474,0.3861366341465935,0.0,0.033487740462816884,0.33950835399754453,0.448100272024917,0.007424623600757574,0.12248714005165207,0.0,0.02855582109259025,0.032566592176702436,0.04167822771302987,0.026987485886703855,0.10996076424214785,0.0,0.013658210961661865,0.07913677317043621,0.055078252011786955,0.05195733982250639,0.11664959434281119,0.004892861230195056,0.08299725046266859,0.12522245444500824,0.023531872728852488,0.05883688907511253,0.0,0.1293327335002319,0.033831605854020896,0.02085825375851247,0.0,0.0,0.022247034868537963,0.02072094556141879,0.0,0.126958465547363,0.062289726325554184,0.013549711209995152,0.03809630803320996,0.056586548228703126,0.021766851715357305,0.09825509345090211,0.0,0.0,0.015608165744905644,0.028348921512586944,0.0,0.05045180617147915,0.0,0.1999673628251828,0.0
0.0,0.2693019067386202,0.07975509035338568,0.0,0.0881768300702297,0.0,0.10600488064810776,0.035486104108878536,0.004857768988294264,0.0,0.0,0.04600037306744076,0.14327364168464696,0.10294998157419633,0.089925984544303,0.0,0.0,0.0,0.010969877011797191,0.04259205363048135,0.11161606754777331,0.0,0.03047296366942831,0.016259776552431493,0.1751247029826395,0.0,0.056972440613565656,0.014221172121411385,0.0,0.013677574757163136,0.010231554055603276,0.15733106108042794,0.11029042501212638,0.0,0.0,0.039595327494231114,0.07550425033734776,0.015002360563150852,0.0,0.0,0.0,0.06613553408465256,0.0,0.13107371137677148,0.0,0.037667550215223944,0.0,0.10146731328041181,0.0,0.0,0.12148557895900591,0.12007810274969577,0.1033411078266222,0.30357141311090396,0.015596183745151926,0.0,0.23594096591245872,0.08704311155106659,0.11845915338465485,0.035134633029398454,0.0,0.0,0.09576981807175411,0.05117587341236085,0.06802197254805087,0.0,0.1698707773909609,0.0,0.08678304168084328,0.020516366946166986,0.07446059201632638,0.04170530312355636,0.0,0.030880591827189274,0.019077370210203615,0.16700210748160726,0.021484942052442335,0.0,0.11093818584715054,0.0892189765186,0.004276166776881141,0.0,0.0,0.0699453154507208,0.0,0.040872394926065425,0.0,0.11621655231211525,0.0,0.02575280504862887,0.08965884164086635,0.10908599272061403,0.1337136333030311,0.004952301709071794,0.1164246523079453,0.04242207438228007,0.05207931259513332,0.04124511457315716,0.0,0.0
0.03250209928036352,0.04625778319028351,0.0,0.0881768300702297,0.0,0.011088439091314406,0.0,0.0169027180568464,0.10776748492451871,0.0,0.0,0.1671207889665487,0.08252337265316623,0.054030752759085754,0.06046301221955419,0.0,0.0013181620117883597,0.014314580638182584,0.0,0.02475700127161229,0.0,0.0,0.0,0.025616540675816424,0.0,0.02561783550591379,0.09180593166837525,0.13094869987589064,0.05761299033541878,0.0,0.054065380040428046,0.0,0.06782271849988808,0.08252597299913766,0.0,0.03974059313138678,0.033985875095294826,0.14495216982234194,0.05567482427832893,0.07961335869119468,0.008201986353653545,0.017544009677104455,0.0,0.0013664807412663293,0.012577159742213961,0.02411110584665277,0.03570142185388825,0.0,0.14651987771669228,0.0809208025219803,0.06913167061806957,0.014832497629014618,0.10269471208895409,0.19485825138572954,0.26719693731411276,0.05618950906327269,0.20973764417781648,0.2041355956148756,0.07510595526233388,0.0,0.04247278278581845,0.17596441396370643,0.17382961238536243,0.02891989333965883,0.0,0.01220666750390409,0.0,0.0,0.05972405307887163,0.09427871994670944,0.0,0.09429073990709202,0.09301834364222294,0.06165395977398891,0.0,0.08090064817647669,0.0,0.15495726618629346,0.0,0.056907898832730286,0.03572870262173211,0.0,0.10652498033185553,0.09673776584430405,0.0,0.0,0.04255582580258288,0.05040184217783539,0.0,0.0,0.10256131207404229,0.017613157854585282,0.0,0.0,0.0018125121768699515,0.004876138549722686,0.0,0.019900516787121347,0.13181994249067408,0.09687745405727455
0.0,0.07582721047690821,0.31551866567985387,0.0,0.011088439091314406,0.0,0.061771670644434895,0.22833231964644085,0.3714945103258316,0.034159463692834624,0.0,0.004308175676154047,0.059504075628898256,0.0,0.08248300208201931,0.05111773434544853,0.07152011632380706,0.020187611430619867,0.12868060321375552,0.43987099958548015,0.10566976423007057,0.10466150583595057,0.06768686388618139,0.1193445322379314,0.0,0.016973950370069435,0.10402936416043618,0.0,0.0,0.01891217869291939,0.011950254589476739,0.061295984302370154,0.0,0.11406641046354205,0.003885982653749842,0.18860909331083198,0.06713343434037,0.06963715358678169,0.02526603994235277,0.05664136430397271,0.06759068050088857,0.009067537778227663,0.0,0.12984135992115098,0.08380784173036515,0.0,0.09426399830119436,0.09960034838907683,0.5219333797272778,0.0,0.14696862974683977,0.36595123260336093,0.10659947801356351,0.0,0.5082038814873955,0.7841353472053392,0.13029024393647326,0.09007123754449031,0.19919570441561785,0.0,0.07282421135772577,0.0,0.006596511747270384,0.11360564317094513,0.11602298869995264,0.09381931117384079,0.13296047222747864,0.03261921879808716,0.1319339453553785,0.02149122790590008,0.3018416075133996,0.0,0.11085322304324663,0.050365268976809485,0.05011312623405528,0.0,0.0,0.05628063015833362,0.05499158779909363,0.04252124861922635,0.008903819292067627,0.017193284332415182,0.00351661581115037,0.03540365203791751,0.0470655876434769,0.0,0.049879221211263314,0.15752491085864317,0.09525558716522164,0.0,0.056005277331859116,0.052576728011591634,0.2523422871234504,0.05136787674475762,0.08221531740862797,0.06627232585523002,0.0,0.014267823407842606,0.6895107944572594,0.09937496657082168
0.09573162055627948,0.11226473346599741,0.007010531082689564,0.10600488064810776,0.0,0.061771670644434895,0.0,0.0,0.017058483788065182,0.19418897295814208,0.0,0.041291230844378024,0.0,0.03895195492336345,0.00645524434846978,0.05841723840069868,0.21322874383109358,0.08604749719700466,0.13859638852428846,0.06065531612496411,0.0,0.036875457623942065,0.0744990105393164,0.0,0.0,0.11031829257294223,0.04411849689189573,0.04531318868529555,0.1759571036144254,0.0527518506313891,0.005600754041974021,0.08821047066585574,0.12386600407987647,0.11871916016818407,0.0,0.0,0.04236801983393246,0.14255784987073694,0.24252825542894652,0.294919244499785,0.12370338979502549,0.08482917901898368,0.15938885801567748,0.0,0.0,0.11335702278261905,0.02264553139685832,0.023030999779228623,0.02750968651498331,0.1276447296997758,0.0,0.10435815364558465,0.004081028650057217,0.11602790272297847,0.040457802040330115,0.0,0.0,0.0,0.0,0.005318687212223061,0.05479735473630454,0.0,0.0,0.0,0.04841821911876876,0.0,0.4090009614893111,0.03080999583093158,0.14659291794057205,0.1994018471553627,0.02155633327618034,0.0,0.1206651868182087,0.23946075552900048,0.08006788667134002,0.0024349900544637926,0.0,0.0,0.0,0.021683167165571948,0.01975001033546242,0.0,0.11960289744367936,0.0,0.0,0.0,0.012592897501323197,0.008104604344549848,0.11723984225799988,0.00128911671907872,0.0,0.039836471280726204,0.12121119095645883,0.02154415820012856,0.10151295266428306,0.005333855235206464,0.08599826790252063,0.0,0.07639413959252428,0.0
0.0,0.09954096973413318,0.21001106231277733,0.035486104108878536,0.0169027180568464,0.22833231964644085,0.0,0.0,0.5066128074595473,0.016891257423520933,0.0630180562779512,0.0,0.0,0.0,0.0,0.03851252907142566,0.18526049170937053,0.229232493227709,0.02306274376676498,0.22689769719733688,0.07304986081898956,0.0029050129840695327,0.0,0.07000529919986542,0.0,0.09777749955029513,0.0,0.0,0.0417675869192089,0.0,0.0,0.0,0.1265063835563658,0.0,0.004941941782530268,0.20029072097744693,0.12829288422793717,0.05558260041179697,0.03554298503458808,0.04137251879192716,0.03919046049873032,0.019737458791881046,0.0,0.10277370638777805,0.1616673254109373,0.0,0.0,0.05877723601143359,0.0,0.01432581970894553,0.0,0.32489503549130605,0.23271046141731588,0.1292480063707,0.3791964041542788,0.24036720630971598,0.38990877631161114,0.3896771835363424,0.036680774638308655,0.0,0.0,0.05265359843590023,0.004189223990807456,0.09238328598529,0.15869802275706002,0.057743791987004744,0.0,0.01850696386722639,0.08716152092615603,0.3724891223461073,0.15705648415583928,0.15515410689588682,0.25376695219746725,0.037532673554685037,0.0022777887646885375,0.06725848369088405,0.0,0.0,0.013418746455861719,0.04782005084843943,0.040963409750229385,0.015016973326019922,0.0,0.0,0.0,0.0,0.12085507081280733,0.01980361411312659,0.19793263195153976,0.03252077580188972,0.08306008622061478,0.0,0.05023011214965489,0.10210144992141723,0.0,0.0,0.06705739062587046,0.029823449336528807,0.23326910205317342,0.0
0.0,0.012309443231620865,0.2248538495659016,0.004857768988294264,0.10776748492451871,0.3714945103258316,0.017058483788065182,0.5066128074595473,0.0,0.0,0.002396686531223491,0.0,0.0,0.14115498207792632,0.16770406381111957,0.1399820907605478,0.0698349388591768,0.10379003298221834,0.09859522771988916,0.5210004353964237,0.13954426407960563,0.06918101825520795,0.0,0.0,0.11725360676212793,0.0,0.0011549012795084579,0.1343567304967177,0.05440003834945051,0.0791233834554479,0.0,0.0,0.023364259504266904,0.0,0.08071703088566773,0.38179824514100114,0.04241498427004187,0.14688924227032363,0.09826723208582555,0.12072424147804783,0.020493975301313583,0.0,0.0,0.015648669615834887,0.0645155839162892,0.0,0.06359411836841566,0.07614973022977711,0.1342228901152822,0.0984016093478366,0.0,0.0987373923272945,0.14901801304916118,0.0,0.5108530150852886,0.4946735578228183,0.09072671822098499,0.7644518681925248,0.0,0.05295184685997567,0.13630468126978323,0.03278624504337646,0.24168519889822004,0.057549628318268375,0.17638075390166907,0.08112645860005019,0.01578868994288074,0.1420954276150459,0.16090515933136595,0.07187738566814783,0.261679655435588,0.11217800484338536,0.11841864936915325,0.0,0.08115454328183525,0.14752454234571033,0.018059727114738244,0.10765874306063594,0.11651587735013846,0.007936059887606817,0.016089115287522215,0.0,0.010239672013577561,0.0,0.0,0.0,0.0,0.01815727120344901,0.2986021779125845,0.023174999290597853,0.01728661611126503,0.03658500098581419,0.00639513264570013,0.0,0.0,0.0,0.01938167889677267,0.08383001592342776,0.2922908447120678,0.09344471120478337
0.0,0.04283277403339536,0.05056646311758595,0.0,0.0,0.034159463692834624,0.19418897295814208,0.016891257423520933,0.0,0.0,0.13558640467026262,0.18955339383903924,0.0,0.0,0.0,0.0,0.11417605932680841,0.004512971945652033,0.15059331022230626,0.0,0.11982086090590593,0.105352096437477,0.07338617083804566,0.08015291562215943,0.060400273169485263,0.2376856858005958,0.010017111401986245,0.0,0.12205193037208417,0.08730549266151266,0.0,0.062212619875063435,0.0,0.15184243170431433,0.10499773384187572,0.030775952062320755,0.011657444787320781,0.0,0.11593771414889131,0.15845480437547987,0.05452555021331085,0.01680971383711327,0.1096196460115455,0.05111277119741553,0.047174596011725356,0.007662492798693243,0.03390802207850463,0.0,0.018605329665394965,0.0,0.021680641867227735,0.11892432374198858,0.0,0.05705190723872011,0.0,0.13323356886263138,0.013297442433088058,0.033165726962455455,0.3994395444956509,0.08913516918889108,0.26651951525113704,0.01957546192440507,0.0,0.0,0.06773680421803796,0.032118127278160546,0.120371089065479,0.058243975378558854,0.007954238964111404,0.08620734069525815,0.0,0.10296189978917569,0.027440880217313612,0.07163591498916366,0.017883126079864198,0.14851353811404655,0.0,0.05828335134576612,0.05811235709967644,0.0,0.11538047115770667,0.10482020265298209,0.054193759888530924,0.0,0.07093299639395179,0.10556137010042876,0.0,0.14889128134707263,0.0663423718950602,0.08270890995927571,0.0,0.0,0.007057871536261029,0.06751477120894744,0.10396527732394523,0.0,0.0,0.03170363840992474,0.0,0.02416457448789444
0.008006541882481066,0.01661681768069201,0.05381140450383848,0.0,0.0,0.0,0.0,0.0630180562779512,0.002396686531223491,0.13558640467026262,0.0,0.2380572547114026,0.05091181021250657,0.0,0.051034630555548244,0.0,0.0,0.08253199238453846,0.08676526909078586,0.0,0.21375584036709405,0.0,0.005136980994560503,0.015454623463577288,0.0,0.37155210418580564,0.08427006737974274,0.015894925651424696,0.0,0.00804757086985708,0.010081301256731123,0.0,0.0,0.04145032758656653,0.0,0.0,0.01893460940944136,0.059977937253871794,0.049509091539441386,0.0,0.0,0.14688249861234715,0.0,0.1369093940033892,0.0,0.03937818329576226,0.053209897679356466,0.026889990653863105,0.086039039135696,0.0455265039437851,0.0,0.0430322237909424,0.034205810086523236,0.017693309551900516,0.0,0.06859598060773164,0.02786838553455251,0.014041666602279346,0.017046249248771073,0.43719465737646424,0.3929832950736163,0.1210542236193426,0.10277386907175012,0.0,0.06364191640976369,0.09624568580104498,0.03191871450099937,0.0,0.03461853766162015,0.07469565590730864,0.00670839926679534,0.0,0.06832169588005899,0.0,0.05878165146169678,0.023068225650464402,0.05192593921729083,0.0,0.07718302432102142,0.10741737798562445,0.0,0.13211906004020824,0.0,0.015708442997982353,0.0,0.0756583029553135,0.05048397629736634,0.0357597441335451,0.217318507329328,0.025604053712289243,0.015695376638523495,0.060983015672053664,0.05291872932286745,0.013389034549394108,0.0047554531275166845,0.12953207001899303,0.16534008422846114,0.0724357769039714,0.0,0.08949701681522715
0.0,0.12536815703876591,0.0,0.04600037306744076,0.1671207889665487,0.004308175676154047,0.041291230844378024,0.0,0.0,0.18955339383903924,0.2380572547114026,0.0,0.15880812846235104,0.034511446972671944,0.04428632523220566,0.08973028370978042,0.0,0.0,0.013006689862752552,0.0,0.0,0.1015375024987164,0.0,0.04952977270862302,0.08500705054597324,0.35054205740477196,0.0,0.09891295225142871,0.0,0.012283409129675071,0.023670901142571754,0.0,0.22763196973418687,0.055107859983774876,0.008010381319981885,0.015204648877185978,0.0,0.03930416438277895,0.08466739611697038,0.035555227560821745,0.08508476435410861,0.0011692928258275614,0.0521215951597247,0.09481798897919225,0.09207244247268598,0.0,0.020365058577386463,0.0,0.0,0.016765958421689042,0.0,0.025094116502739627,0.0,0.04550015557894982,0.17151290914444095,0.0,0.0,0.011334988804516222,0.23933272970897157,0.28825663476401076,0.26590596868214167,0.06455086922148112,0.017474275405840345,0.07082798536699375,0.019527737081076246,0.0899482863490344,0.037219168072340825,0.03751810884712059,0.0,0.05512135293370557,0.0955626276607795,0.0,0.03562679465872742,0.044645584586045395,0.033589440035117324,0.04863923551828364,0.0,0.0,0.043330734879806876,0.09671991059352836,0.05782976442508758,0.06169761123549611,0.04951372797716047,0.0,0.0,0.17624948535107965,0.0,0.01453893876362411,0.05774591454933775,0.0,0.0,0.05982563948897557,0.0,0.0,0.0733731874906689,0.027818717453486297,0.06975287114274531,0.00826042656447079,0.02392517781824255,0.08655776702798201
0.0,0.03990022126609949,0.08487480171237483,0.14327364168464696,0.08252337265316623,0.059504075628898256,0.0,0.0,0.0,0.0,0.05091181021250657,0.15880812846235104,0.0,0.12341076360368852,0.17248911722096283,0.020174941202918184,0.07176035490761601,0.0,0.0,0.11419798514725166,0.1752889694917399,0.0,0.05332066657909129,0.04893931460943435,0.0,0.0,0.09327755723012476,0.17786507707122956,0.13382847471932413,0.07549433039118947,0.0,0.0877641081744942,0.021412060086982265,0.0,0.10581201388332895,0.024462452794273837,0.0,0.0026854626925971736,0.021458636586166424,0.0,0.0,0.0,0.09138797163969725,0.0,0.0,0.09248242830148046,0.07791801302579016,0.05465483732735921,0.009645991305968327,0.04088713930416343,0.07927513482730175,0.11150550593177844,0.0,0.0,0.0,0.08092342277927678,0.0,0.07704708202082511,0.0,0.06931774636899846,0.0,0.7543920180029495,0.2241723185045763,0.03381327670167611,0.15553838668834308,0.08000887410787971,0.025260091513688465,0.0,0.0694675290040272,0.05077105654772307,0.06689988300591265,0.05684122508929379,0.023126647272155854,0.030337260971914137,0.0,0.19758032502012268,0.12348175623428537,0.22356047399887524,0.08439992732923907,0.0,0.04157688518071012,0.06282637979900896,0.04567998728730194,0.0,0.04840100451225959,0.07998705740138812,0.0,0.12505945776132377,0.11221858759291292,0.0,0.035903241788241225,0.0,0.061235062645184524,0.05493326955506994,0.0,0.0,0.0,0.0,0.07036244296925442,0.0
0.0,0.0,0.04560221240116702,0.10294998157419633,0.054030752759085754,0.0,0.03895195492336345,0.0,0.14115498207792632,0.0,0.0,0.034511446972671944,0.12341076360368852,0.0,0.49090178577529286,0.05476406479179152,0.17772815719794322,0.06772220581887911,0.10337500213382089,0.12293547881063516,0.24993405804195623,0.11354004098031822,0.30952227177447433,0.060973096942385396,0.0,0.05892449315041848,0.17664256723727023,0.27876521373375507,0.024955249300593785,0.4627427592534912,0.031811053821327206,0.0,0.02317714492665912,0.0,0.043234687615577805,0.13911667696456043,0.0,0.06272752202612031,0.05326465189033458,0.0,0.0,0.0,0.0,0.06448310655145084,0.1157217413544811,0.1113239343938548,0.05291324342505943,0.42458925116549473,0.02106088135329287,0.0,0.0,0.0,0.0404753848140631,0.0,0.0667415504811455,0.1553254570168514,0.0,0.08540065064779023,0.01434787833366391,0.0,0.0,0.06543591287521977,0.40480236285357263,0.4535253818992997,0.26955197957839117,0.38838761687293477,0.0,0.09135332024151266,0.09241908752741512,0.027686390997761823,0.2844024531664644,0.06844022157655161,0.12591576868520749,0.17579218219334924,0.012980847552264141,0.1089266829858695,0.004585593605022975,0.3656036700337433,0.0,0.041088326123460917,0.0,0.0,0.0,0.0,0.1501183262452952,0.0009173089995586636,0.0042251669891548715,0.10164993174863524,0.09021728469248602,0.0,0.03136318116053349,0.027695859859989902,0.06687063883065258,0.0,0.022726363294769847,0.0,0.06436793285845877,0.2998103126460294,0.13662947061015585,0.0
0.04241650317606238,0.0,0.08127299211609751,0.089925984544303,0.06046301221955419,0.08248300208201931,0.006710346389286137,0.0,0.16770406381111957,0.0,0.051034630555548244,0.04428632523220566,0.17248911722096283,0.49090178577529286,0.0,0.15091592899491024,0.12255171222851313,0.04140404546174814,0.0,0.36163244856640375,0.5447071312484151,0.0,0.06246715883217835,0.02603354211113551,0.0,0.0,0.18864065964675447,0.23162404235378808,0.16650587633992986,0.15315148832132452,0.14136735472757644,0.11127855385638785,0.3297601398657424,0.0,0.013860707115089799,0.060895293804598793,0.10751909884880106,0.10951617149817938,0.09929258863266055,0.01635320320360023,0.043387173578895766,0.030618028729588964,0.0,0.07331875402307331,0.0,0.1249801496209435,0.09669613799569632,0.14037216087777438,0.11467582843534085,0.0,0.12827899537093312,0.05943750812352144,0.04289456290215776,0.02845907774961498,0.09393953079715622,0.09658582661062454,0.023639187398128758,0.14210151506805024,0.015324295590046333,0.009520241927235773,0.0,0.11807857301106006,0.2970395694426875,0.4855094948571983,0.16238984291858394,1.0966163911627391,0.0,0.0,0.0,0.0,0.4083225124874401,0.06261633928604748,0.14840188381642871,0.11595659923121637,0.033721023367029535,0.05794679973209149,0.07972936128241415,0.2817619718801381,0.10003591602257522,0.0,0.0,0.0001282036326024638,0.0,0.005449823409881205,0.0,0.0,0.023408780331231505,0.12180934521492404,0.13211179105063442,0.012331063472713844,0.0,0.0051716307153268914,0.0,0.011107774256541969,0.0,0.0,0.0,0.07692349361149287,0.07586113878392275,0.0
0.15112125479031002,0.10778137941022381,0.0,0.0,0.0,0.05111773434544853,0.05867234044151548,0.03851252907142566,0.14001610436598977,0.0,0.0,0.08973028370978042,0.020174941202918184,0.05476406479179152,0.15091592899491024,0.0,0.1340860288330643,0.1294384352276503,0.06580824272542474,0.10614916541475461,0.04379590089710961,0.020649157143211916,0.0,0.0,0.0,0.0,0.008369612553181138,0.1491602126695981,0.0,0.0,0.0,0.060785491052389506,0.31466848776476075,0.11459612378083861,0.0,0.11236518469989276,0.0,0.2330734381650177,0.29004142606631156,0.2956491277310844,0.040468279351292935,0.0766468861945766,0.1417340790611088,0.03880809799545881,0.0,0.017643930267904118,0.06810887306791802,0.0,0.25629086568826187,0.06967987270898668,0.0,0.21629844541486243,0.0861758271726365,0.0045195654568628285,0.02608868919816265,0.025355806981599116,0.0,0.09696041433248981,0.0,0.0,0.050813620284476,0.0,0.0,0.042385505138549995,0.17871361396829277,0.08670508693501144,0.0,0.12855527040688663,0.038166593453641706,0.0,0.14479933264779854,0.0,0.09697991310769227,0.1019056769868052,0.0,0.02817700153592062,0.0,0.0,0.0,0.0,0.025793541881481197,0.05432897550654037,0.061821341272469965,0.04313277895791856,0.077723665539978,0.0,0.0012830312366296504,0.1512765310829698,0.03267525225726953,0.0,0.06410633474742067,0.0,0.024721601974017737,0.0,0.0,0.06718102035887696,0.014735167823251238,0.0,0.022372567506844465,0.0
0.07620915856269805,0.0,0.25274806390201654,0.0,0.0011439459839137633,0.07152011632380706,0.21322874383109358,0.18493581638469525,0.07004502289279024,0.11417605932680841,0.0,0.0,0.07176035490761601,0.17772815719794322,0.12255171222851313,0.13427155759002174,0.0,0.3983518915963269,0.2515677263321767,0.05310751314527895,0.04790628281081455,0.2344095349182198,0.023961175261134393,0.10129906884705075,0.07644142557608413,0.060286511504019646,0.0,0.16963777318105322,0.14381646853079033,0.18336293097908252,0.0,0.0032068272533609665,0.04157324060249801,0.3078115930627394,0.061243281644923986,0.10012550444536883,0.047277446180225446,0.09846368406322448,0.00872448110063928,0.13434410082463843,0.0,0.1591862652821483,0.14111878086215857,0.0,0.05285445760326324,0.0,0.04957760925105781,0.08790008710067587,0.1670052541165914,0.0,0.07970952451305768,0.09495636358465953,0.09991577835103715,0.0,0.09439843866162967,0.1220405642167468,0.029096363287699933,0.12710669439468303,0.07652464976076656,0.0,0.0,0.0,0.13488144479842568,0.09970797896631733,0.1686563054786374,0.09859693881504938,0.0,0.16185789115428895,0.2083807361338983,0.3132697022958535,0.0679426899315323,0.17341075898276737,0.1514275670741143,0.08623163495626729,0.06224746288288863,0.1720362891852325,0.0,0.258636419959986,0.09259648107795115,0.0,0.11654858552900071,0.056915963551100734,0.03935127073929978,0.0,0.21870248369622614,0.06070762949891195,0.0,0.05375956087638345,0.0976956554409325,0.09099614603585726,0.0,0.0,0.017811073120805432,0.03396444703435142,0.0,0.02120721679971016,0.015677578846340356,0.08920353903920697,0.015714714358427972,0.01131103921790988
0.16939600935157406,0.0413982400413655,0.05719640070936949,0.0,0.014314580638182584,0.020187611430619867,0.08604749719700466,0.229232493227709,0.10379003298221834,0.004512971945652033,0.08253199238453846,0.0,0.0,0.06772220581887911,0.04140404546174814,0.1294384352276503,0.3980117555419054,0.0,0.20232246522392394,0.0,0.06691034522323358,0.43235701685636174,0.07472740478107642,0.02166549686254937,0.0,0.03770501996843434,0.01932362791853892,0.11541945824311295,0.20370308466268572,0.0,0.0,0.10317378018527101,0.10258142862335395,0.4883815991626128,0.16474868504765627,0.028311162342077534,0.06168801336110841,0.15494379988646623,0.25989490611554755,0.2434464607559197,0.0635005275013456,0.19455509906935076,0.07054605918971113,0.01643986778265294,0.04365925502260737,0.0,0.005663153723610925,0.0,0.01911348207720165,0.07321387141749014,0.08130333069353535,0.25048225914443467,0.06310694919746629,0.0,0.11564059182733466,0.1071631454330646,0.13691612295479683,0.22636927532442197,0.0,0.09841067757959054,0.04853690766883911,0.002067220321499086,0.02239862501234846,0.07537681330173829,0.29509004159035435,0.0,0.0,0.22662295649965625,0.32323496643961924,0.8819373702015527,0.13373817140350708,0.1778541855403355,0.24377683599720212,0.05457948795348022,0.01956450179854219,0.0142217891757066,0.057349807510113315,0.051774599633620966,0.0,0.03281530815965139,0.17145666929664172,0.0,0.0,0.12831595078816838,0.026617378233122047,0.03999160835053761,0.03509840442217449,0.03778859624545872,0.03847177101549315,0.024095039129817142,0.028834025165368704,0.0,0.07797085254198466,0.03592508728831412,0.0,0.01325498949023185,0.03141732271164166,0.0,0.04161799459893212,0.049879287349848145
0.12469020375033102,0.06264518514243367,0.0547729429681012,0.010969877011797191,0.0,0.12868060321375552,0.13859638852428846,0.02306274376676498,0.09859522771988916,0.15118854831754414,0.08676526909078586,0.013006689862752552,0.0,0.10337500213382089,0.0,0.06580824272542474,0.2515677263321767,0.20232246522392394,0.0,0.013257593955531721,0.10583841073445166,0.2128531894485608,0.08299999335723207,0.01260718023145424,0.023716591197274983,0.03657906215362461,0.10478367027714564,0.06622344821793735,0.08160406296830258,0.09826282889756532,0.008364895583151899,0.15902417511956735,0.01575578704654612,0.36891898597321937,0.17155544236541065,0.09488739893615561,0.0,0.019869606208826607,0.0,0.09793240969046124,0.018567487333748023,0.0,0.028431743320026293,0.043582146157096435,0.05174203117434972,0.035675430092176,0.007802560169536399,0.03827615652545413,0.03747807108946821,0.0,0.050478311430394385,0.0,0.03062482737310601,0.0,0.0,0.06340179826766734,0.04869408552339882,0.08629077154669673,0.10486695691126391,0.12243678746120956,0.11133047905962279,0.0,0.04172018367392294,0.07675995978201344,0.31304257063655916,0.0,0.0,0.3161349086510885,0.12488451791039745,0.10951683746518492,0.11736991845493927,0.022472032045096846,0.13770646132974518,0.15348521357515166,0.0,0.057752201396755076,0.04162641248807697,0.07475789116515852,0.0971984488007469,0.0,0.020901558074809756,0.041459992115471245,0.0,0.005049518460204627,0.08425389421980611,0.1899563018407222,0.0,0.11452406126317571,0.00470389257213899,0.12454283181222614,0.0,0.0,0.07466588701094601,0.0,0.12055234646468849,0.05391894453495816,0.07551061173682383,0.059968140450809226,0.0733159666570522,0.0
0.0,0.09162585202348916,0.08080005517626843,0.04259205363048135,0.025177169338839622,0.43987099958548015,0.060530002841756136,0.22647752913011,0.5210004353964237,0.0,0.0,0.0,0.11419798514725166,0.12293547881063516,0.36163244856640375,0.10656933348198105,0.05310751314527895,0.0,0.013257593955531721,0.0,0.38810931815620986,0.0,0.13564924233108622,0.0,0.08889044353816056,0.006782999393116107,0.10101638339481767,0.0,0.03040576544701734,0.0,0.07799736310489047,0.03556157495932322,0.04904610342572502,0.021958131066837083,0.031434736584384115,0.3939606443300385,0.004724142625115668,0.13284491846957502,0.0,0.034473551039441386,0.0,0.08647356795875671,0.0,0.05559755510784692,0.11295153963638471,0.0,0.0,0.08971358112065175,0.0766943496953818,0.1990205354151553,0.005942954353404417,0.18326128239431227,0.0751020517834129,0.01230017147403295,0.24298323398562527,0.2419904055516815,0.012758226286935681,0.30844348157179713,0.06896854093888383,0.0,0.08264665839809604,0.08590135630655604,0.18643089728159445,0.19340623258424783,0.11039923970841592,0.20921269460683423,0.010628935325894151,0.07973501812445027,0.009657503451767635,0.07533642654951711,0.33701204010565666,0.08184823636995464,0.13359313954522367,0.01362953596141514,0.0,0.0,0.0,0.10646345857375028,0.0,0.0538694163051292,0.0,0.07872152141015976,0.06578476237342334,0.002428023101386678,0.05705766001755386,0.0,0.07515327011715067,0.10087997339788535,0.23197008128619112,0.019475194833712628,0.020068950694713816,0.0,0.06199984603292741,0.0,0.0,0.0,0.025648519090172073,0.0951640127161073,0.1956933659557003,0.10997854571285082
0.0013941175484410984,0.0,0.08365173434529094,0.11161606754777331,0.0,0.10566976423007057,0.0,0.07304986081898956,0.13954426407960563,0.11982086090590593,0.21375584036709405,0.0,0.1752889694917399,0.24993405804195623,0.5447071312484151,0.04389000968687018,0.04756614675639259,0.06691034522323358,0.10583841073445166,0.38810931815620986,0.0,0.0,0.16065190105342975,0.0,0.0,0.004178887538630605,0.11009063284989429,0.0,0.015526969947221136,0.11287352764290137,0.0858621949072762,0.0,0.05845125038452004,0.0,0.015114180588453152,0.11206031186696652,0.0,0.07419675629633682,0.06455601786520049,0.06278173049645241,0.0,0.0,0.04113092951844388,0.02656689532695289,0.0,0.13090682896250305,0.14428752034872394,0.041841574627139444,0.0,0.0,0.013455278806459692,0.0,0.0,0.025854731147395338,0.07068003393843991,0.0,0.0,0.14027204058069165,0.0009725456150144751,0.04378129459537705,0.0,0.12549857106910833,0.20254956965287008,0.2296217527732325,0.1304128583599291,0.3272694589927543,0.0,0.0,0.019203052791587627,0.0,0.37986242392510494,0.0273921561478101,0.04053417746976917,0.13622821806812624,0.08491712024025588,0.0,0.08133848067813787,0.18625360889719556,0.0,0.0,0.04671958534667153,0.0,0.0033591295883295125,0.0,0.0,0.0,0.0,0.008475657462244879,0.00920367896557206,0.014666880585328279,0.08394170498269338,0.0,0.0,0.01642253494989898,0.0,0.0,0.0892637719032825,0.16148748936164026,0.03781091754032717,0.0
0.018626424247262907,0.019299511880683795,0.054705274843867446,0.0,0.0,0.10466150583595057,0.036875457623942065,0.0029050129840695327,0.06918101825520795,0.105352096437477,0.0,0.1015375024987164,0.0,0.11408949152976877,0.0,0.020649157143211916,0.2344095349182198,0.43235701685636174,0.2128531894485608,0.0,0.0,0.0,0.032147669604005724,0.17355932439112154,0.07134403965670089,0.053169253743492906,0.15901183059779544,0.042084705493879326,0.0836063007563923,0.07951771262228435,0.12281464850947366,0.12136030984389068,0.09416714295882489,0.34422123435873964,0.15468266446120849,0.09690893274300771,0.1118776745381811,0.10144666374139666,0.1678073166621692,0.10305283531067566,0.0,0.0,0.050913570792384455,0.0,0.004036662330243246,0.044100695290362424,0.1519921347777835,0.0,0.060943325170524254,0.08479576116327703,0.06867202017401386,0.03192403595956739,0.0,0.02032670132086256,0.043515179702669826,0.012000536546020069,0.0,0.0,0.0,0.018148330278914937,0.04255057761765446,0.0,0.03849182283124586,0.0,0.12610502036800497,0.0,0.08551487333011876,0.2017241526596667,0.28864397442260126,0.4236583359523207,0.1385158798552748,0.28063207633926446,0.12142515123088415,0.016256645461261154,0.162648601898991,0.04212334781078475,0.014388556565722688,0.17988825002477382,0.029670341393912114,0.0,0.10741421430757736,0.036436585192606064,0.12242141377778593,0.07921605616667726,0.0,0.009154489213853534,0.01611984502462871,0.12131469182666565,0.0,0.0,0.03427028078446748,0.0079481484411561,0.06430249392836362,0.1121348889309921,0.0,0.0,0.0,0.04122750401561781,0.0,0.0017833208771960152
0.04580297224718333,0.010916356460654253,0.019675341441382166,0.03047296366942831,0.0,0.06768686388618139,0.0744990105393164,0.0,0.0,0.07338617083804566,0.005136980994560503,0.0,0.05332066657909129,0.30952227177447433,0.06246715883217835,0.0,0.023961175261134393,0.07472740478107642,0.08299999335723207,0.13564924233108622,0.16065190105342975,0.03269712015345583,0.0,0.004842474980558009,0.052593006704012346,0.06264812409846954,0.13419047973193932,0.06297836333358342,0.07018561001842416,0.3030781760851964,0.0,0.0476802774632783,0.0,0.09741237507335887,0.09612939581884783,0.0,0.02253465339474703,0.03790255898934092,0.0,0.013754392200612031,0.0,0.18158733883606626,0.0,0.0,0.07392301840012472,0.09495047717699734,0.41189721635723986,0.32466062184589495,0.06480531681468582,0.0895889702356425,0.0,0.040599479484999534,0.0,0.024026815055044892,0.0,0.013394091238326578,0.04626545637655344,0.035406158865979975,0.10092012143850759,0.03204271846817752,0.11928367576651988,0.0,0.11372527635520768,0.09125757938208068,0.17942701689530027,0.15340872563571661,0.0,0.029166227663009803,0.07903288840516476,0.11788500197198859,0.06025002247317035,0.21048781598295507,0.25745277791716425,0.09912350167804229,0.0,0.25592406124511946,0.013479166764760464,0.20012268718651027,0.0,0.05966587495488396,0.0,0.0530859974416642,0.05029293099964782,0.21996934025464832,0.299634635691032,0.1471286011013766,0.04783181397940517,0.0656093470614425,0.022884214929181912,0.029100525847732595,0.13378537075576213,0.0,0.010912737732096112,0.07689508179390403,0.046026247137838094,0.0,0.02425636601003145,0.40256631266625265,0.17876703099855495,0.03780826044610075
0.04166774483953173,0.08104407193247098,0.0464938900508538,0.016259776552431493,0.025616540675816424,0.1193445322379314,0.0,0.07000529919986542,0.0,0.08015291562215943,0.015454623463577288,0.04952977270862302,0.04893931460943435,0.060973096942385396,0.02603354211113551,0.0,0.10189534213897611,0.02166549686254937,0.01260718023145424,0.0,0.0,0.17355932439112154,0.004842474980558009,0.0,0.17469440815839254,0.044539538332770245,0.0,0.0,0.32223111062597276,0.0,0.014014528646024704,0.050997238738234696,0.0,0.0,0.1702146518660861,0.01931798515205596,0.0,0.036333634253114866,0.0,0.0,0.0,0.004482882143993283,0.007871995565151835,0.039548193877627646,0.0,0.15031003419944478,0.029567123299023557,0.01898088270318654,0.10588740672697039,0.059991857651043645,0.09553202416353734,0.05512933274580689,0.0,0.06902715941936677,0.0,0.027572833442434774,0.06814719242931844,0.0,0.0,0.042716222669569426,0.08352487116774432,0.0904043577465723,0.0,0.03023928465775194,0.09676272105987671,0.0,0.015989365008536982,0.032696336288040584,0.005933128699554313,0.15474915842091796,0.07308937578374186,0.0,0.04021365760287665,0.13907488282679914,0.3897301675750362,0.13052029150030053,0.13942152738335523,0.06306222552685758,0.015516937299002276,0.0,0.05963172763508684,0.040006310609877804,0.027823584728313477,0.1729069506835752,0.09458266701516704,0.08724228382930654,0.07800618542419002,0.1473228006914744,0.0,0.13650264876527274,0.0,0.0,0.13845292748257032,0.13531186769961367,0.0,0.0,0.0,0.10726119320719052,0.03833566929098797,0.039716548548312414
0.0,0.0,0.0,0.1751247029826395,0.0,0.0,0.0,0.0,0.11725360676212793,0.060400273169485263,0.0,0.08500705054597324,0.0,0.0,0.0,0.0,0.07644142557608413,0.0,0.023716591197274983,0.08920100254437147,0.0,0.07134403965670089,0.052593006704012346,0.17469440815839254,0.0,0.0475780018079095,0.13872618659290614,0.06705770039480408,0.08610059278950333,0.07958875593950143,0.03311500010390578,0.0,0.0,0.09513156714817272,0.027792562438447188,0.0,0.09861359362005295,0.07124427924726984,0.07716697324277666,0.002634475256224178,0.05898230591915654,0.12369460599341453,0.0,0.019468817519894266,0.11311917386558212,0.15152011557964995,0.027307883578219005,0.0,0.0,0.0,0.07750390817735164,0.16441937779548743,0.0053461639248713055,0.08792580750381429,0.0,0.010585068491474559,0.0,0.015703170383736698,0.11902596708398416,0.1056543600739075,0.08233779385073614,0.0,0.07696103691121348,0.006205155793352901,0.0,0.01969066586564283,0.0936630013096944,0.1244358701171091,0.04973746366768195,0.03315800779075051,0.001135928859298474,0.13251616917704956,0.0,0.13775934748677177,0.05143213468239116,0.33731561613606864,0.11630365232674889,0.0,0.0,0.031212727942509844,0.0,0.12241180699632936,0.07229590555889276,0.05844358878537248,0.03918268893862242,0.060006147246246755,0.05082735198024935,0.194994410121049,0.0,0.09055044163930548,0.0,0.03507175839134602,0.023862675536532763,0.10655502415132245,0.021291512374332022,0.0,0.08424750042923579,0.10525191558734459,0.0,0.16083295215338822
0.01928877593541145,0.0,0.04243604396115597,0.0,0.02561783550591379,0.016973950370069435,0.11031829257294223,0.0973310709788664,0.0,0.2372094953244055,0.37155210418580564,0.3511372955000098,0.0,0.0580613979123239,0.0,0.0,0.060286511504019646,0.03740740092081518,0.03657906215362461,0.006782999393116107,0.004132303687699235,0.053169253743492906,0.06264812409846954,0.044539538332770245,0.047339906569814794,0.0,0.10756540256464131,0.08213774106288962,0.0,0.05996643871549745,0.0,0.0,0.0,0.013790846910085364,0.005790868061070764,0.11563377417173815,0.0,0.07150238616886817,0.0,0.003386616383612484,0.04476343115082626,0.047035923809177316,0.07210026682884285,0.059313823358860596,0.0,0.059053676929378796,0.17330684014383646,0.0568309781911025,0.0,0.0,0.0,0.021297025345744736,0.04866154936430922,0.0,0.003497101663892277,0.0694168043039114,0.0,0.006741170261180152,0.10082629423759304,0.2133613660653535,0.28258370724749016,0.023018593370154328,0.0,0.0,0.05140686297498043,0.0,0.0,0.0,0.0,0.0,0.0,0.0080917379284422,0.03450742025465825,0.0,0.030459080355039525,0.1596585956413481,0.0508351021398088,0.09938032455895973,0.0620818482846337,0.0018921073016207046,0.0,0.22734205864766643,0.15146474856043834,0.020764637497828087,0.028452220577446674,0.15810404983696014,0.0,0.0,0.12113525708307904,0.0,0.0,0.10930909100684083,0.017678300642139266,0.014421725572741906,0.0,0.09056524577580616,0.0,0.12800749926671084,0.04195469742258462,0.07669264279249877
