0,1,2,3,4,5,6,7,8,9,10,11,12,13,14,15,16,17,18,19,20,21,22,23,24,25,26,27,28,29,30,31,32,33,34,35,36,37,38,39,40,41,42,43,44,45,46,47,48,49,50,51,52,53,54,55,56,57,58,59,60,61,62,63,64,65,66,67,68,69,70,71,72,73,74,75,76,77,78,79,80,81,82,83,84,85,86,87,88,89,90,91,92,93,94,95,96,97,98,99
0.0,0.0,0.19311822481100238,0.01886428606549595,0.038690415738144246,0.0,0.0,0.017095324537253376,0.005617264150997059,0.0,0.05496625084216644,0.0,0.08479149197252323,0.0,0.05392292725086234,0.0,0.0012568587009931242,0.12397164038897035,0.014278137876263308,0.10914552413202339,0.03974227051189416,0.07438907045903953,0.0,0.03342338104490894,0.0,0.08035667363716437,0.1873879995831964,0.024602641736375386,0.06643886191793591,0.059598246589895876,0.006695548465004197,0.04849181694276572,0.11905261033619308,0.0,0.17258453255769002,0.06487979790180098,0.0,0.0,0.00448420242847547,0.013715415851243584,0.10652329465236532,0.0,0.03464729029071956,0.1529050928218867,0.0,0.07477724957466902,0.08438853586652995,0.0656024158280899,0.019075743797702494,0.12722037551675047,0.12409037038611892,0.0670230239958447,0.01312591474557534,0.0,0.009455386849233971,0.020028580396121765,0.09357998141461765,0.02017537454510565,0.0,0.0,0.0,0.06864086369923816,0.0,0.0,0.03740597826919734,0.019241536573351148,0.07564916954882239,0.05981507195511071,0.015920421856286282,0.011039671748680036,0.0,0.0,0.0,0.0233235170084769,0.0,0.13652781438959538,0.0391004510048969,0.06231562660028889,0.008054972366766222,0.0,0.0,0.019094398037205806,0.1632982762451176,0.1178555479484169,0.0,0.006757186242795754,0.0,0.025214289526005018,0.0,0.012129269249365748,0.051633166720776114,0.15623526817802746,0.0,0.009377060622453914,0.054876378933356396,0.16100475034210948,0.007437423025675294,0.14205988136402814,0.0,0.0
0.0,0.0,0.16341637768099515,0.0,0.19643075999364568,0.0730267468070851,0.1346497115765608,0.10759939430893439,0.017203403620078106,0.058823392597946444,0.0,0.0,0.03901543247957262,0.099945711681928,0.0671938207227396,0.07111266615348955,0.0,0.0036696676155405505,0.1728994903475063,0.15762261904769614,0.005011089286593773,0.07606582298987963,0.06637408996271521,0.030807208953608445,0.06784126358928555,0.0,0.03907680372427258,0.05775409986831814,0.0,0.0790383838582649,0.04347048515815777,0.0,0.0,0.1371739227920421,0.013066132740296776,0.0,0.0,0.01727292774106992,0.04328018605624884,0.026318145474496735,0.0,0.005636992286776721,0.0,0.02898593524741111,0.05459049024979201,0.007512652327399394,0.0,0.0,0.061168805845922325,0.03547637253180724,0.02510159633965303,0.20285863871165422,0.05590672495094662,0.0,0.060159582026130476,0.057566808961301064,0.17780495443625277,0.0,0.0,0.0,0.051823861913370184,0.0,0.0,0.0,0.027825759336522538,0.05688325551899087,0.038559182197428044,0.0898207198676424,0.0331800860382252,0.020949322580090524,0.0,0.07709227724431811,0.017564684426634614,0.0,0.0,0.012042509252445655,0.02918959438290658,0.14355289036055874,0.0,0.03485483947593071,0.0,0.0,0.0,0.04861944042814148,0.0,0.10710335670756832,0.017347079664747245,0.0,0.034466693275693405,0.0,0.03058788573571647,0.05080841004723302,0.0,0.0,0.0,0.027928404491056824,0.012758014520148464,0.0,0.0786828815838958,0.0
0.19311822481100238,0.16341637768099515,0.0,0.04378650916544213,0.2925631827101869,0.4140935815512612,0.06482032866025511,0.13967136040766048,0.23963730103746794,0.1069771438620557,0.08531585378096151,0.0,0.13748087408538945,0.025232984708551065,0.05538708893076105,0.06763462526029018,0.0,0.0,0.03984425741267161,0.04339051945919081,0.0,0.0998466195069172,0.0,0.0,0.07237312555259745,0.024705442463812233,0.09548145438238276,0.0,0.0101994044006819,0.10737524678585464,0.10357504481891855,0.050337834371568135,0.08793210967931397,0.0,0.0,0.03910876844832423,0.026117077052497883,0.028379141585802348,0.07688414586023296,0.10317316563423873,7.767212157006043e-05,0.0,0.0,0.04490520710964452,0.04855850155973229,0.04104180522946255,0.14488025387497983,0.11653895954290538,0.2112940324743433,0.08146462222199302,0.04226169107065392,0.19065658825330356,0.061268882414120096,0.0,0.10598768041342321,0.2185284671780341,0.04818790035698095,0.18429792848961046,0.0896315424281875,0.03487109362717078,0.07955973734012023,0.041648999848707735,0.0,0.0,0.07556434314222882,0.0,0.006510945352382613,0.0,0.057427965254620794,0.15055569525025891,0.01778295003795405,0.11833988649341931,0.11525749834037313,0.09340997352360603,0.0,0.0916309559355728,0.059140604359075866,0.0,0.0,0.0,0.0,0.019824011509151696,0.018861179017823027,0.009809786950150112,0.007350994961387691,0.07724662683835648,0.0022277553057445942,0.0,0.01346685697908434,0.08417501814475559,0.12351673356795256,0.0,0.0,0.0,0.0,0.0,0.11776144796891952,0.06808735072883243,0.07157792378923622,0.034298923190235975
0.01886428606549595,0.0,0.04378650916544213,0.0,0.0,0.0,0.04654766137445554,0.02304978045857542,0.0013805468346048677,0.0,0.011622929454710107,0.04996106209654583,0.0,0.02277810348887499,0.04267986100718835,0.2809346684789751,0.007539731333503941,0.04475851684266985,0.057972276899890485,0.09306926580293196,0.016867487853912344,0.043759049615669454,0.09231400987874494,0.04506432837170715,0.0,0.0,0.020766719897155284,0.009943735081369365,0.0,0.02228592065186019,0.039800368370536354,0.0,0.07641498906358102,0.01608056919820422,0.07937464123839,0.010468973103483936,0.04133360954871046,0.005423903604162117,0.0,0.03561284382169694,0.0,0.08126175591490803,0.015919857858048836,0.05313118013344331,0.028367786631085412,0.030058509271823297,0.0,0.14850308940333523,0.05425084754873932,0.08970757821976738,0.07928658201332706,0.0,0.06478452457219541,0.27264696556062296,0.0,0.0,0.007727860690083244,0.1156695296652015,0.027061036275165762,0.0,0.02469721372011735,0.0,0.12098845997834795,0.04402420323940648,0.0,0.07174295891614513,0.0,0.07835182043154054,0.0005421929307662943,0.0,0.0163113165720028,0.0,0.08636598053046152,0.11114436625464785,0.06362513261300595,0.0,0.0,0.042772878741477616,0.02916891032010671,0.04386446786890552,0.07369315374738772,0.005384420739787288,0.0,0.0,0.08511649766736884,0.0,0.03365435906464276,0.05743070178743004,0.053815566899352074,0.03900457819700076,0.011680339081045599,0.0,0.0,0.048884885443031045,0.034511155855091236,0.09760880706382791,0.09582508495196551,0.0,0.0,0.07873013661605643
0.038690415738144246,0.19643075999364568,0.2925631827101869,0.0,0.0,0.40123658878576185,0.16238991930968494,0.0599705105233439,0.17714813905957083,0.05626203423595699,0.1470150649084112,0.04848815467475154,0.0,0.11321098102730298,0.02189873009809462,0.030902314353715266,0.0,0.10154617572020408,0.05395577748538338,0.0419355773574317,0.05851097080237322,0.11571725145337419,0.026421391750463208,0.06600748912633136,0.13207343472608457,0.06992152453287837,0.035027806044699794,0.07626922320657714,0.07133384539180732,0.026382629877077957,0.03872270020486157,0.0,0.060924831140600766,0.029512442579766596,0.07305507444867665,0.10066617549989054,0.0,0.0,0.008443830151505516,0.07389836184396836,0.18097103531441228,0.0,0.0,0.0,0.0,0.07373818328480031,0.19187604382184675,0.04947255885540747,0.25542979577713876,0.05110383152555231,0.003799931825756886,0.038968116322659174,0.0,0.08663712059266793,0.6720509623205024,0.23648506864031216,0.0,0.1920295271135215,0.2070298942889277,0.15997873863683187,0.16645717263561233,0.0,0.0,0.03367675620315058,0.13421827021753518,0.08262726643124241,0.0,0.0,0.1149155889520661,0.04392560574040871,0.05920503078330519,0.08117302208702659,0.028903118884677337,0.04851068867782171,0.04831964314485182,0.07073834272062829,0.11204030927176767,0.0,0.0,0.050089531053504555,0.03196669031396748,0.09282497844376358,0.0,0.0,0.004885828720336605,0.0381706121499783,0.01539254456674799,0.0,0.0,0.011955392679391608,0.015074514290812413,0.13781861279232643,0.0938291489812495,0.0,0.0,0.0,0.02458328844201274,0.12583187961562903,0.11161560832207895,0.0
0.0,0.0730267468070851,0.4140935815512612,0.0,0.40123658878576185,0.0,0.12523112146442772,0.18553233426964066,0.6334391920272213,0.2775474163674714,0.22267055169816796,0.1903926219251053,0.09773068023790055,0.09574189905213704,0.0,0.0,0.0,0.0,0.0,0.065164807978495,0.0,0.0,0.10267861074210671,0.13329620906076833,0.2070569345479778,0.03197965144098758,0.052253178643131726,0.16128322174653276,0.180117304512446,0.13337568358557528,0.023064832049321193,0.0,0.02424618638746523,0.0,0.0,0.14284791882454506,0.05402214187544985,0.03172050985814856,0.13057761549267388,0.08062628891780577,0.0,0.02260968902558025,0.061121164655037585,0.017339616720264406,0.015234714520850012,0.0,0.10390477988123603,0.0016389703077424045,0.5301012236473577,0.0,0.0,0.02356433264808766,0.037559675233327816,0.029821434443745076,0.4907090764450084,0.8257852189347679,0.07260481159649146,0.09610889871995498,0.30918416185200837,0.15577854339366537,0.15727863599078962,0.02007121491683117,0.0,0.11527708241413137,0.0,0.05949876050181402,0.18318298285310286,0.04476592044781036,0.006407641282791143,0.03175997348934745,0.11131903210669147,0.0019030290949144657,0.16686080506338685,0.08673802954357068,0.14186560533300652,0.23108375096454425,0.19366258500808264,0.0,0.0,0.0,0.0,0.09960586650923631,0.02504936927437651,0.0,0.02979437730806822,0.03562222531562309,0.11490703873350316,0.03770733966594264,0.10757094603328676,0.08530243994583753,0.035651170470827775,0.0,0.2217068694219133,0.04087426942222372,0.025678870221441663,0.05655676931178677,0.0341187200334101,0.05851749793989436,0.22920087521539578,0.0
0.0,0.1346497115765608,0.06482032866025511,0.04654766137445554,0.16238991930968494,0.12523112146442772,0.0,0.23243181515897282,0.25363151859026356,0.29076955714553687,0.07175845946688186,0.037780955090291,0.0,0.08580091723392425,0.0,0.05263769165024801,0.03431045381683617,0.0,0.0771333833761143,0.0,0.0,0.0018240470899355543,0.05057924323129148,0.029870325940666298,0.12772787059018453,0.015022664420115905,0.044224940281878844,0.0,0.11050235771821004,0.025526976655596112,0.0,0.0,0.0,0.01649441905493143,0.0,0.0,0.1146300073723987,0.05301727817292523,0.061061682902916026,0.25597234530937474,0.0009404223432740721,0.0,0.0394809795313007,0.04431667584968846,0.0,0.021146255142503456,0.0,0.03571965438833713,0.06108107112544481,0.0,0.0,0.08861334301878188,0.011531436403026785,0.009001006132606015,0.06761603439227759,0.04586063671621732,0.08289783616276925,0.07892454925424319,0.1148279504638352,0.09122785260247834,0.04387667346945712,0.0,0.0,0.0,0.0,0.03896312398195079,0.12420677192432583,0.012763343239682534,0.0,0.006195300436150575,0.0,0.0,0.027025565930999473,0.19507677189999573,0.0440620201896027,0.0,0.04913103603354907,0.1305298946639013,0.0,0.05419755285075967,0.09853224132251892,0.011968872580930157,0.0,0.0,0.0,0.0,0.07006996988099035,0.0,0.005833114238124715,0.11490115502664633,0.09124538828050088,0.1586722525517712,0.2980261739757717,0.03348520833663926,0.05226062903735906,0.2008573403040188,0.0,0.0,0.0,0.009042796690845734
0.017095324537253376,0.10759939430893439,0.13967136040766048,0.02304978045857542,0.0599705105233439,0.18553233426964066,0.23243181515897282,0.0,0.28078310211301183,0.10316379706279344,0.14460443288486635,0.05579761422566154,0.0,0.051913426337934165,0.0,0.01643961522522419,0.04658375279238358,0.11137220341560017,0.06303915427980966,0.0,0.0,0.025863539949247727,0.0,0.15630916084936253,0.0,0.05529005189094027,0.0,0.07923070152354894,0.14686065904253853,0.09082572697038671,0.061249722256223826,0.0039978960713340506,0.03508650318859896,0.0,0.09107268014360326,0.12306093017176067,0.04796335329012491,0.09178345862011472,0.07865708835728125,0.06696122672283789,0.004296054981300923,0.1382839445766808,0.02404905677673108,0.0,0.12205519306396129,0.055619037181851017,0.0,0.0,0.15190977591068,0.15089806716607423,0.05789599951406821,0.08614861553385245,0.06385926767530448,0.0,0.07825810721054927,0.0,0.38882531909215645,0.0,0.13290986031363294,0.13390744379778674,0.09020403244311748,0.06959172615710019,0.050765961680585114,0.04242893802219161,0.0,0.13895218396716658,0.0,0.052514848589861884,0.13064042793246422,0.0,0.0,0.0,0.0,0.08232937704859289,0.22172572002328783,0.06188066400787262,0.0,0.0,0.05475791791397677,0.0,0.0464246836422495,0.0,0.0,0.009204428359950168,0.027753510675851523,0.07786471878253831,0.10987035732360839,0.06050004435903755,0.03477197120745501,0.09177743746020495,0.18301182165823882,0.0,0.05218393280156253,0.037086095767212335,0.15711097412442188,0.014242861534112361,0.04519203031300467,0.04215367399831882,0.1105151168195122,0.0
0.005617264150997059,0.017203403620078106,0.23963730103746794,0.0013805468346048677,0.17714813905957083,0.6334391920272213,0.25363151859026356,0.28078310211301183,0.0,0.3160425631808321,0.25604840190736633,0.17248422522160656,0.10427977053891357,0.040917305337079046,0.006667293720760359,0.0,0.0,0.0,0.031182490407635655,0.2248433512968906,0.07809284716865017,0.05621016692323755,0.030844025248941254,0.1316427355227625,0.09486185022590732,0.10201450201172069,0.027471654401170387,0.20703487193730652,0.2794432493732657,0.04540221787637355,0.015721340412487184,0.0,0.05256649443291739,0.0,0.0,0.16598115881412268,0.1605147714257904,0.0,0.06437019821454992,0.06694061032116183,0.04315529912993288,0.03714374216901328,0.0,0.034291112869059504,0.0,0.03198695773198468,0.0,0.03178620432614565,0.4317617002141181,0.023346516942649664,0.02668634816416038,0.0982212953953634,0.08819154052166356,0.0,0.26648389659624394,0.5015855696379856,0.0,0.2555268234479171,0.30697431036498735,0.24662559709545073,0.2840691723188624,0.04313886448861659,0.069202631636192,0.03802609756374453,0.040802492681219604,0.0,0.060216147018733235,0.08674994624526189,0.03256775963197711,0.042187334265073595,0.0,0.1361071295547185,0.10929812457018295,0.27222216814595823,0.13200939703072434,0.06874955520743242,0.21857886114494685,0.025399213972572277,0.0,0.0,0.04625292146037596,0.0,0.0,0.027749076776638404,0.02158857377833634,0.026627836786929482,0.15242756861611007,0.10968398636955579,0.04241596155015159,0.09472733866248229,0.09519791672706868,0.08203652919712079,0.23340773193456688,0.061242775092428925,0.07921660930662888,0.06477103029034259,0.0,0.0,0.17257913649380097,0.03447720143342581
0.0,0.058823392597946444,0.1069771438620557,0.0,0.05626203423595699,0.2775474163674714,0.29076955714553687,0.10316379706279344,0.3160425631808321,0.0,0.6809237785451958,0.8583438920506716,0.34203290181264157,0.0,0.01767735502785861,0.0,0.08155504868020813,0.05265538451340124,0.03913567158058928,0.003972471049861426,0.0017266963122706258,0.0634651286168122,0.005011560199689402,0.3537282970003077,0.16190980553688394,0.3268006428867345,0.0,0.2745199867323129,0.267386166183329,0.0,0.15971571264434292,0.04505397007997747,0.0055561099712839734,0.0,0.01764689118338536,0.2945060671925681,0.21844479745576972,0.0,0.4197740866297459,0.33502371529591324,0.08483591962745729,0.24445044723840947,0.1744664443238464,0.3664165444631102,0.0,0.003806243470484194,0.04604660301784458,0.0,0.2628404395608217,0.0,0.11417752228672695,0.03084571568236516,0.04252883617881409,0.034952024582424635,0.08040349476455644,0.1771564900071354,0.0,0.0,1.3490807695401177,0.8533978085214775,0.7179436404837425,0.23443614885972286,0.027745843815435656,0.09904676422766556,0.03190264598510906,0.0,0.06701901405503641,0.0,0.0,0.0,0.13518242833877148,0.0,0.06736560122118629,0.34900424299202726,0.3604388041385822,0.4933054655869613,0.12077388487140306,0.0,0.0122762376631802,0.007105716277067575,0.07609158752730583,0.0,0.0,0.0,0.09944824548314424,0.0,0.17722446322921526,0.10372098928665396,0.0,0.0,0.0342505975172136,0.13102139120580691,0.6452456981917667,0.06973542769922281,0.16851325503521553,0.14054681805259284,0.0,0.013313957338335403,0.0640102415789916,0.006686781222877247
0.05496625084216644,0.0,0.08531585378096151,0.011622929454710107,0.1470150649084112,0.22267055169816796,0.07175845946688186,0.14460443288486635,0.25604840190736633,0.6809237785451958,0.0,0.822138982087361,0.18439255572369984,0.0,0.0,0.0,0.19773059509901447,0.008343278223807982,0.0,0.03791832579595411,0.0,0.1328854977868641,0.0,0.419096964011088,0.14325102370841503,0.42178591881026684,0.0,0.17654394266851936,0.20206389469167219,0.011246415841412727,0.09042210889678293,0.0,0.07176002255354774,0.042983948314474496,0.0,0.16855200937416726,0.11997031712093875,0.0,0.24235276384532645,0.19594903345493275,0.11500251994669641,0.29293354537522687,0.15231397679081082,0.3963813225001913,0.06139180333070726,0.0,0.039981036090519506,0.0,0.30522037501653543,0.15052201164921053,0.04361115237422597,0.00021020422537532113,0.05094607775070026,0.0,0.16926031146573672,0.22544750673513203,0.0,0.0,0.8562841734642266,1.4720422365807662,0.6685454078873194,0.06984164125660275,0.030046459881679866,0.0,0.09563320036405099,0.03840206419595438,0.06761120528366682,0.0,0.0,0.043452045528614924,0.0,0.0,0.005271395503000154,0.1330429805932618,0.37083058726551954,0.42968088086732736,0.17288241948201533,0.10480675159541208,0.1082614496510832,0.02187674696203734,0.06882213370205958,0.0015593786834791068,0.029622737144897826,0.038982890895508326,0.0,0.022433976165493696,0.11113567865224816,0.19663764340569356,0.017153289768169877,0.03173257975174559,0.0,0.13008168534621145,0.3168775457085373,0.22692952045946901,0.11511931897818872,0.19045022616672114,0.0,0.0,0.0,0.06471464603347865
0.0,0.0,0.0,0.04996106209654583,0.04848815467475154,0.1903926219251053,0.037780955090291,0.05579761422566154,0.17248422522160656,0.8583438920506716,0.822138982087361,0.0,0.2391121519111925,0.09049130580967457,0.0,0.0,0.1210606782183401,0.03730608322954998,0.0,0.012493769016622469,0.042040643026992175,0.21738628101754776,0.06389651591985634,0.5948954424146673,0.18661057051725427,0.5508950427377153,0.0,0.05416063008720906,0.2063579018341528,0.0,0.08849288139992595,0.04946593612791261,0.0,0.055500195758304116,0.04878307154418593,0.2586399647279469,0.23505049888406804,0.06533642560889508,0.08585367198607674,0.15880943311183549,0.2339144410485523,0.4238503464575043,0.27145212099122196,0.3505497339997725,0.024190917594438144,0.06817228086538618,0.0,0.01657003909136323,0.2197781749768808,0.0,0.05141576531006242,0.01845327257391194,0.0,0.07453613283898353,0.07982602118370874,0.0419934141075653,9.123300311264515e-05,0.047911009879812116,0.8901049536798307,0.906942778369594,0.7906397950357911,0.18319911900650876,0.0,0.06854470696774895,0.033591158255029896,0.0,0.1302010496608923,0.0,0.0,0.006533332195794994,0.0030546952670089667,0.041771414349528246,0.02124335581515968,0.38684996970932817,0.5256273417470689,0.6514365351842453,0.12689184511170115,0.05943532870700974,0.05594095083959072,0.05766703074470936,0.03373214771321109,0.023996740090284074,0.06707984693548275,0.0,0.0,0.0,0.1049002427925565,0.0,0.0,0.09548729068753214,0.027795329390473356,0.1206208056889011,0.4213357319309545,0.27526222215077256,0.3124222026604597,0.17060056668560897,0.0,0.0,0.06430602592410439,0.0
0.08479149197252323,0.03901543247957262,0.13748087408538945,0.0,0.0,0.09773068023790055,0.0,0.0,0.10427977053891357,0.34203290181264157,0.18439255572369984,0.2391121519111925,0.0,0.0,0.0270113088708821,0.04790873086510761,0.29438837028250253,0.0,0.12920549522821423,0.0,0.0,0.339011949246947,0.0,0.3532315821142791,0.04451209497760544,0.10755599448705988,0.06373694946076425,0.29611739649221835,0.28411201426365107,0.03336311247036816,0.06686783113576045,0.0023903333236572344,0.010732616576612397,0.0,0.0853659098887416,0.014341023717630907,0.18832575408103214,0.0,0.06787527105059521,0.018558219595540937,0.07818422795017321,0.09171858727900961,0.06392436322940398,0.13783440953976633,0.0,0.01875778855294641,0.022403140545348865,0.030974735923323227,0.14967886131886754,0.01760489648269159,0.14120487583345653,0.005592767141683552,0.05848183538915386,0.0,0.15526183029971463,0.11276215648822996,0.0,0.0,0.16688325891097255,0.13676889234531453,0.2837184905246133,0.8020107104990508,0.2202350337891521,0.062498534089108215,0.12128512538162539,0.037983089577019236,0.03909244156929681,0.0,0.0,0.004909920660195244,0.04498112318181713,0.13741741351707715,0.1378759985619462,0.1774423404500669,0.3489663642223251,0.032821755270667996,0.15604256203515954,0.1597677316856685,0.04541791229531711,0.0,0.08175576863567668,0.010207251822024421,0.0,0.1072496035513062,0.12471479926937823,0.0,0.15002574435102245,0.1771357207012949,0.0,0.03663399171677639,0.0,0.0009009566254731816,0.09859250519216145,0.022099136850574297,0.1832932098033968,0.1726162895322636,0.0,0.0,0.08566912928756709,0.05741358534478813
0.0,0.099945711681928,0.02574318879018378,0.02277810348887499,0.11321098102730298,0.09574189905213704,0.08580091723392425,0.051913426337934165,0.040917305337079046,0.0,0.0,0.09049130580967457,0.0,0.0,0.0,0.037059447744506535,0.17169267674560063,0.06528674054159644,0.24438527830991674,0.0,0.024643481271976686,0.03643589202934239,0.14841531877802616,0.0428450713249684,0.05806329573512237,0.0,0.1338871224753455,0.08047497099687018,0.0,0.14932110126128828,0.06087511483148811,0.0,0.09649581068258906,0.06915637715864076,0.01585946695232554,0.01203659489058495,0.021613801609639438,0.0,0.05506625038616342,0.0,0.04196896488455515,0.0,0.010914531090422841,0.006732190219206569,0.10470546725946539,0.0827071453350805,0.18377934914723415,0.0,0.03921880305296943,0.0,0.0,0.12147654938750341,0.053106927779787316,0.0,0.10548463718876011,0.05156201617611167,0.030075385955815825,0.0,0.021118335388470744,0.0,0.0,0.024721412563180056,0.06899441641193649,0.3760296267188896,0.47547153162389755,0.1109603547484177,0.005249924031018871,0.2156027755535006,0.15945205075679025,0.15053423099964558,0.21118610905559576,0.061512098924196845,0.13771436600647968,0.027897459847233463,0.14070029518680016,0.02819310441676981,0.0,0.015428270564121771,0.08672728644200367,0.04929561135396243,0.051560747518407,0.027604268550649902,0.12096910054740384,0.14054476536649707,0.10246454791894788,0.004758094574433436,0.19014275533505165,0.07679005597849597,0.040488850274243315,0.03952567878396618,0.0,0.0,0.0,0.03393728098682347,0.0,0.08670927227426972,0.25362480872443127,0.19794067730121867,0.0,0.0
0.05392292725086234,0.0671938207227396,0.05538708893076105,0.04267986100718835,0.02189873009809462,0.0,0.0,0.0,0.006667293720760359,0.01767735502785861,0.0,0.0,0.0270113088708821,0.0,0.0,0.0014630519191101143,0.0,0.03644214939379653,0.0,0.3528454236336587,0.24216966611052593,0.0,0.03447667479440675,0.13556397327578118,0.051053544225350134,0.07666214949433581,0.0,0.08898900415276545,0.1096664686357216,0.03342958712825794,0.0,0.0,0.0,0.0498158414959442,0.030360483209148637,0.0,0.0,0.0,0.0,0.0,0.0,0.11395279792216462,0.0,0.002255445565438663,0.0,0.02238925755679988,0.0,0.0,0.0408325798087108,0.0,0.02755447727128857,0.0,0.044691345882528655,0.0016461851244331527,0.0,0.10872207304859804,0.047428984459712,0.049537785658318345,0.031043922338359398,0.0,0.08803966323242163,0.23521543125250544,0.08247902431691312,0.023221402395833035,0.0038778010612658953,0.8306711154234399,0.0,0.0,0.0,0.011804809713203746,0.4000286747733126,0.029988211957910682,0.0,0.08751023316834106,0.04491659498617695,0.005283105079210593,0.30559537755026733,0.10040011108432845,0.015084280449631837,0.0,0.03379587572569642,0.07610627483304144,0.0,0.07206575752913524,0.0,0.0,0.0,0.036178222274249716,0.02517213875558255,0.0,0.08332715075025376,0.015287360198300792,0.06685592963814635,0.0544451747882948,0.14415152991660873,0.005963308383287735,0.0,0.0,0.07384662621539029,0.016920791800692836
0.0,0.07111266615348955,0.06763462526029018,0.2809346684789751,0.030902314353715266,0.0,0.05263769165024801,0.01643961522522419,0.0,0.0,0.0,0.0,0.04790873086510761,0.037059447744506535,0.0014630519191101143,0.0,0.0,0.08530601515096858,0.056988548547067364,0.11411407816425223,0.0,0.07827396797128161,0.0,0.0,0.0668262304444931,0.0,0.05179367909052779,0.0,0.0,0.0,0.06882554372766769,0.04915298587230987,0.0,0.07743105660216809,0.0,0.12326659943730922,0.06445350895601498,0.019385385706234715,0.0,0.09628734793330818,0.036723297645061326,0.015438734373399043,0.0,0.0,0.0,0.011788637727956353,0.02879843279474459,0.1052028459073564,0.0,0.0,0.004879322007211417,0.009355563345730733,0.12357874251246326,0.04127732354385083,0.0,0.049500297754556666,0.08508517344108535,0.0,0.0,0.0,0.0,0.1029638439274323,0.0,0.03331817884237376,0.11587014697142006,0.00947129471055419,0.0,0.0,0.08891635826224986,0.11056447302812167,0.0,0.04526224039504401,0.14920271233577154,0.043276054000769726,0.006842853809884808,0.0037728567137609303,0.07908919733302078,0.10183075696255361,0.012084947355916142,0.049875516305100565,0.18209625417709896,0.042637012299810095,0.0,0.0,0.06137736202814148,0.07101829788233127,0.1109652610379892,0.013487091005965457,0.0,0.0,0.16631381669732415,0.0,0.0,0.012143767040379672,0.0,0.04068019237970644,0.0782507387120881,0.03726731870108413,0.01750995263777977,0.0
0.0012568587009931242,0.0,0.0,0.007539731333503941,0.0,0.0,0.03431045381683617,0.04658375279238358,0.0,0.08155504868020813,0.19773059509901447,0.1210606782183401,0.29438837028250253,0.17169267674560063,0.0,0.0,0.0,0.0,0.3315254202019511,0.0780495614478669,0.06021306950316063,0.3081580472527836,0.027192109298511458,0.19306070447671342,0.0,0.0,0.0,0.17463030516539346,0.21495123109375847,0.05460109265111246,0.10388003958784298,0.0,0.03176137957650571,0.09832640261270909,0.05088294733047283,0.012212308587206788,0.3943201633297173,0.03200552302703574,0.05160327404173781,0.038232450113534266,0.10999085785483453,0.20894537886222642,0.13555215695988831,0.23489301201029855,0.20106938673240782,0.07715676856406173,0.0,0.019107335338359288,0.029664774283003403,0.18030080043633356,0.12680783925985928,0.0,0.010103728180283156,0.0,0.09200956073509703,0.0,0.0,0.0,0.0870231514664832,0.11606704377115307,0.09897564547652138,0.1388906871311577,0.16802240837694837,0.17673653018056434,0.0,0.0,0.12126648704519649,0.22762814350327165,0.0752552735351264,0.0,0.0426002027139627,0.16928272976905845,0.0,0.16246398073708956,0.2347180769376549,0.04556952167507067,0.0,0.027329317657267538,0.08587998260766705,0.017656561902789747,0.13148800577512887,0.0,0.082212846240024,0.0,0.03018729527195374,0.0,0.046719730035733154,0.19986488286271653,0.03451913571959153,0.13626768081164142,0.0,0.14425635382660085,0.19583165665884295,0.17342853174752904,0.2279875490763188,0.3724983831217128,0.02555121856187892,0.0,0.04022488813467984,3.854132898517548e-05
0.12397164038897035,0.0036696676155405505,0.0,0.04475851684266985,0.10109974714877534,0.0,0.0,0.11137220341560017,0.0,0.05265538451340124,0.008740103620633821,0.03748923341270061,0.0,0.06528674054159644,0.03644214939379653,0.08530601515096858,0.0,0.0,0.038288103670724105,0.0,0.1188086145177385,0.054375262755017584,0.06533471628838727,0.0,0.0,0.0,0.0774945941649623,0.023339744958997155,0.1278699349502137,0.09419673986421406,0.0,0.0,0.0043791711550751344,0.3805296864590946,0.0838856598680433,0.030225965001969612,0.0,0.008059127255909182,0.03600631246410968,0.15884339480809695,0.06978155203809555,0.03729027758647918,0.0,0.0,0.07956808541873706,0.11949022235964657,0.0,0.0924309418007252,0.0,0.00026506503601497755,0.0,0.06784285475929952,0.047368387744511686,0.04301169609978883,0.0,0.047502654951927514,0.13160158861685867,0.06310658629216404,0.07021102296272064,0.014571350685168127,0.0,0.008947300765454358,0.08454705262855944,0.1079664153312141,0.08693648291405598,0.0,0.04837633270463293,0.00983928350119978,0.11343722280260504,0.5255656725691149,0.0,0.021514953913917,0.07588807565851186,0.10820168440592415,0.05884479729134906,0.018424454273599622,0.11343099435839843,0.0,0.05158914726013375,0.0,0.040493950764386,0.1037941858321636,0.0,0.03907099191479757,0.0,0.0,0.028450659249997567,0.0024219933432805263,0.05661228620667025,0.09813316950059825,0.0,0.057250346735644886,0.11953212994057116,0.0,0.015021820007115494,0.020469242607901617,0.0,0.0,0.0402808427921193,0.0
0.014278137876263308,0.1728994903475063,0.03984425741267161,0.057972276899890485,0.05395577748538338,0.0,0.0771333833761143,0.06303915427980966,0.031182490407635655,0.03913567158058928,0.0,0.0,0.12920549522821423,0.24438527830991674,0.0,0.056988548547067364,0.3315254202019511,0.03741508779770841,0.0,0.07677693244839201,0.08639599821272226,0.07856842242427131,0.0,0.03952923427217492,0.0,0.003482151883718476,0.043005741983753065,0.047894748287709454,0.009269759695596846,0.08661907014839043,0.0,0.03368993662243103,0.06221513102781273,0.16515411533870816,0.12141902182458342,0.0,0.05752751972278114,0.026293212325473547,0.09145695648024388,0.0,0.1747668649333609,0.10734017651298622,0.07472634143370938,0.23580773002542044,0.14063703308598985,0.19888956967797533,0.0,0.05836105855738083,0.0,0.20386577498096115,0.09701869221185122,0.014306732261399002,0.12626628330590517,0.03061092138943522,0.07774883883348771,0.08792482114247946,0.0918913554687193,0.03234882509659309,0.0,0.0,0.0,0.01140087907559817,0.03813200876605638,0.11666582632206257,0.22474188817943386,0.0,0.037829435626912655,0.3862360010409902,0.3681438108189812,0.11109151537572215,0.013228922803401044,0.0941299570140135,0.05458961923818473,0.02474767196204608,0.0844579797550189,0.023116374989920807,0.0035296223202010424,0.0,0.09554019982068773,0.0018658561851614408,0.0,0.11328123008340851,0.0,0.07406211293541132,0.08212375238105762,0.10384845531345377,0.024699200120941178,0.016343379233823008,0.30430749167370585,0.020149087697145518,0.03568234811256277,0.0,0.0,0.03460845454688721,0.04684509628514055,0.1845479338965439,0.1289710676801734,0.053544688752399594,0.08499139435896685,0.05439344922560796
0.10914552413202339,0.15762261904769614,0.04410480517347626,0.09306926580293196,0.04312605354790833,0.065164807978495,0.0,0.0,0.2248433512968906,0.003972471049861426,0.03836475436738285,0.012493769016622469,0.0,0.0,0.3527433828173323,0.11482836387853812,0.0780495614478669,0.0,0.07677693244839201,0.0,0.15507118272175946,0.0,0.0,0.06287796571812576,0.0,0.0,0.08631960739673161,0.08993191326614003,0.23794282411253986,0.0,0.0,0.07810489657992514,0.0,0.06793781730855875,0.0048225025371553265,0.12176995192576134,0.04448557786340901,0.09917321551488012,0.006124556856134777,0.0,0.0,0.025187339098641903,0.05470498062750728,0.0,0.04519853239397165,0.0,0.011800759362634583,0.0,0.09145084793840441,0.0,0.0354340314157513,0.11588854435239071,0.0,0.07088130500522682,0.06699195594090979,0.1901839295181964,0.0,0.10582783848549404,0.0,0.04730733654866537,0.0,0.030485134764617783,0.0,0.010074504292209685,0.024442226020952695,0.07097188369454743,0.0,0.0,0.02744421460306201,0.0,0.44434962458095395,0.09528037886837781,0.0339003162865299,0.026207360811668412,0.0,0.0,0.40974099868239255,0.09042805786863273,0.0,0.0,0.10664838687093559,0.0,0.013837868547966092,0.0347555553786103,0.0,0.0,0.007155480862500507,0.03334121488320285,0.2605498446148795,0.0,0.13557925410904392,0.09466491035234093,0.0,0.0,0.10933216053698303,0.0,0.0,0.0,0.41659499746786777,0.0
0.03974227051189416,0.005011089286593773,0.0,0.016867487853912344,0.05898716127856396,0.0,0.0,0.0,0.07809284716865017,0.0017266963122706258,0.0,0.042040643026992175,0.0,0.024643481271976686,0.24216966611052593,0.0,0.06021306950316063,0.1188086145177385,0.08639599821272226,0.15500662228219841,0.0,0.08266976666016568,0.0714836137728132,0.02068234822868087,0.06103491012129858,0.05163063566709081,0.019388604782734298,0.09375234561125279,0.0347785823287734,0.11225453067691804,0.1310021723756778,0.0,0.0,0.0,0.06668702302610097,0.06286193746007074,0.1012715091938623,0.0026108504032698043,0.0,0.057815153392232865,0.0,0.14247377840363917,0.11602962438506603,0.0785594027581018,0.0,0.00687750544879151,0.0,0.0,0.01333989309671546,0.006812721759711149,0.01740514972597884,0.04377163053199151,0.030826326366420798,0.10975333063628723,0.12213607939480253,0.05201441718042732,0.0956758040894905,0.0,0.04488607892185703,0.0,0.0012802830408293886,0.0028116326567029226,0.11733347756724521,0.11195248492085375,0.2158116746706238,0.30577230405037303,0.09134015884057778,0.015649844046201178,0.002153435163879447,0.0,0.43065367558419876,0.05310443203794568,0.0,0.05847738773880362,0.080271172361158,0.0,0.11937621491117634,0.0,0.04162713262858819,0.0,0.0,0.0,0.0,0.007442910204253028,0.0,0.060716057055541395,0.0,0.0495208557992286,0.020397404075501946,0.009071194825656104,0.01863645717955187,0.12976834762584888,0.0,0.06698645270698167,0.12907063434111565,0.07971003699107815,0.010842723657184195,0.0,0.0,0.003653151726460635
0.07483549903046782,0.07606582298987963,0.0998466195069172,0.043759049615669454,0.11571725145337419,0.0,0.0018240470899355543,0.025863539949247727,0.05621016692323755,0.0634651286168122,0.1328854977868641,0.21738628101754776,0.339011949246947,0.03612533302313148,0.0,0.07827396797128161,0.3081580472527836,0.054375262755017584,0.07856842242427131,0.0,0.08266976666016568,0.0,0.010431316750288744,0.09009870297525824,0.10571575445178505,0.13205852602431767,0.0,0.15798822945448254,0.102363745460337,0.1358334557076213,0.008568465983138207,0.0,0.11671026072832014,0.07770089531788704,0.15110256695607704,0.0,0.07101267236440512,0.09866665841164712,0.0585783767335597,0.05122647006616843,0.38930782095624306,0.06041278036696829,0.6128525678565779,0.31380168506081674,0.0038705323088943366,0.20206613713573907,0.03095388702451718,0.12038487262688857,0.0,0.05402726556548432,0.14715782384413378,0.0,0.007727279999247827,0.0,0.0,0.14377822069395618,0.0,0.06027807705094235,0.031464349644669376,0.1070239624003122,0.1273450695462004,0.27125763369003275,0.0,0.04439893379853199,0.017757116240312065,0.007962489297656195,0.048420684237881595,0.0,0.05795200384245813,0.1277691522122737,0.0,0.41488567341701943,0.05183695337989036,0.2800517115783596,0.1604347888520885,0.10468979912915799,0.0,0.011136785520292847,0.09310127507127719,0.07540615396311301,0.152450823061693,0.07438467615737787,0.0,0.0,0.03539601247201363,0.07509930256541164,0.07570906323256121,0.15908037964878385,0.0,0.0862835913543405,0.0,0.05685226995103276,0.07949908234352554,0.016945863530805294,0.17690291869576624,0.3310058827946394,0.02191957242866671,0.15495410831723655,0.0,0.004250023683514126
0.0,0.0661189879218993,0.0,0.09231400987874494,0.026421391750463208,0.10267861074210671,0.05057924323129148,0.0,0.030844025248941254,0.005011560199689402,0.0,0.06389651591985634,0.0,0.14841531877802616,0.03447667479440675,0.0,0.027192109298511458,0.06533471628838727,0.0,0.0,0.0714836137728132,0.010431316750288744,0.0,0.0,0.08247825274025988,0.13886382475457992,0.1926874291377234,0.0,0.005817039196288842,0.3002986377004859,0.18077434082172816,0.08580903578504229,0.09175661724081419,0.1316630275916424,0.06398947157124457,0.05577926372324704,0.0,0.0,0.0,0.026369661599644267,0.0,0.07775267014339482,0.0,0.029107205501988975,0.0,0.0,0.15321841486648635,0.03946311395295421,0.049612968402550806,0.0,0.0,0.01033495339711843,0.04756526849342935,0.0,0.0016285805740952064,0.12132552480775471,0.04233585567259812,0.0,0.027840908847854173,0.0,0.05817626893062089,0.0,0.007215648298371402,0.12978735287258214,0.22026491979675367,0.042608690289981155,0.0,0.015637196181319535,0.058708233048048175,0.1188687674371578,0.03171763688204887,0.012050352681699295,0.5695391118512401,0.12857467589530813,0.012350308297555124,0.0917976070046338,0.0,0.15492205920986502,0.11312712684609716,0.1016832838235655,0.02754321229044221,0.0,0.048227061797569526,0.0,0.024397962249655514,0.04874327770663722,0.004245320359328009,0.0013893999612841768,0.0,0.0,0.01741995688058795,0.0437690206918262,0.0640583657776661,0.09244744356017387,0.055776375121900035,0.0,0.15267419286605888,0.2658484968705985,0.0680711749222942,0.0
0.0337210000925281,0.030807208953608445,0.0,0.045421471228849875,0.06565034626918864,0.13329620906076833,0.029870325940666298,0.15630916084936253,0.1316427355227625,0.3537282970003077,0.419096964011088,0.5948954424146673,0.3532315821142791,0.0428450713249684,0.13556397327578118,0.0,0.19306070447671342,0.0,0.03952923427217492,0.06287796571812576,0.02068234822868087,0.09009870297525824,0.0,0.0,0.15787149818437873,0.3391084368320696,0.0,0.2876372962121341,0.3010877090375099,0.0,0.02334398931852144,0.007944601021085074,0.06547207424110457,0.05096649629159744,0.05410553309411181,0.12024800637927102,0.24057842508700533,0.023952925555764004,0.07780405199726514,0.17412582180415148,0.16690136059238458,0.29439492522834243,0.1715383445819123,0.37350690927716235,0.04871857047631467,0.14752150834996325,0.0054663919894712976,0.03113296789372777,0.11373018283610836,0.0,0.0,0.024345712262050956,0.002000001169360388,0.0790384320604689,0.09812698720810031,0.10101100881632075,0.0,0.0,0.2903711282836827,0.31772220492707914,0.3579049835615611,0.17309812658634138,0.00627118056460807,0.07526982804448812,0.04331100647870301,0.1401521976521738,0.07517358740031099,0.055278955924899176,0.029234487511240026,0.043335171645217496,0.11227203760169902,0.04766136285588818,0.03818672061763584,0.1271411115697334,0.8230760031054749,0.2557052063085483,0.08683410744043751,0.08135376454052023,0.0401703879619264,0.0,0.20851223070258174,0.056184807550234694,0.013231113000246708,0.09496996601988261,0.0,0.0,0.22527582888212372,0.18364349684333847,0.0,0.06685216528772475,0.050102274390820156,0.06596008558919975,0.26269856769071565,0.31587240318881493,0.3316835477416613,0.2678689567499002,0.0,0.04232293406185583,0.05965457095956195,0.007740022854421547
0.0,0.06784126358928555,0.07237312555259745,0.0,0.13207343472608457,0.2070569345479778,0.12772787059018453,0.0,0.09486185022590732,0.16190980553688394,0.14325102370841503,0.18661057051725427,0.04451209497760544,0.05806329573512237,0.051053544225350134,0.0668262304444931,0.0,0.0,0.0,0.0,0.06103491012129858,0.10571575445178505,0.08281838879468184,0.15787149818437873,0.0,0.12228032585061577,0.0,0.04446565954303017,0.1227087665135227,0.018524322301807228,0.049622388526316286,0.0,0.16868162250540752,0.0071135654574141505,0.07923614187796924,0.032778322538387084,0.0,0.0784263499257074,0.13701674497808547,0.07003348081093685,0.0,0.24472819771634224,0.169246854323005,0.12456001902490232,0.0,0.04958462281602083,0.08757417184580119,0.03831892314376972,0.22132907546513492,0.026535712589870197,0.0,0.0065309505910966514,0.0,0.08259775514303769,0.023251880604964636,0.016024161576020823,0.0,0.0,0.19189093333237928,0.1292691943192441,0.08342680725314056,0.06124732305236469,0.10250950453020868,0.08078192263227901,0.0,0.0,0.03471827833549934,0.03252042510306152,0.04857952218032757,0.07952146486847234,0.0,0.13267056185012605,0.007209249419195984,0.0014228243528022766,0.0,0.3980068004759625,0.0,0.044338696394192745,0.03074481547220209,0.036878348405972705,0.0,0.03452758316501647,0.0,0.0,0.0008325073664630089,0.010902768616822822,0.0,0.048028613452336444,0.0,0.0,0.0,0.18809335358721846,0.06604511835588456,0.09876264712381477,0.1796913421996882,0.03778171784252038,0.09557760167573859,0.10210333142102312,0.038577828463664865,0.0
