0,1,2,3,4,5,6,7,8,9,10,11,12,13,14,15,16,17,18,19,20,21,22,23,24,25,26,27,28,29,30,31,32,33,34,35,36,37,38,39,40,41,42,43,44,45,46,47,48,49,50,51,52,53,54,55,56,57,58,59,60,61,62,63,64,65,66,67,68,69,70,71,72,73,74,75,76,77,78,79,80,81,82,83,84,85,86,87,88,89,90,91,92,93,94,95,96,97,98,99
0.0,0.26602360093387345,0.35916184523118755,0.12944333524365037,0.08716673543346509,0.04503089300278518,0.022576642547043946,0.13693207058103019,0.16054018574713425,0.0,0.038989379102486676,0.013582458241330642,0.03489306400672021,0.08874953124524243,0.04475665056655975,0.4626730036676592,0.04306181454564051,0.08429330914272892,0.0,0.08643186143667902,0.12539342364967965,0.07300218931342917,0.0,0.009970689607688321,0.0,0.02318676015110377,0.09710479203255717,0.04428092231777381,0.07450848551816724,0.05132290261522421,0.03576793200491846,0.0,0.23174537650075422,0.09996021602309524,0.11781190345042702,0.05541204564520541,0.0,0.0,0.0,0.0,0.0,0.041598486128004986,0.0931257131804819,0.050921276719590125,0.19695368941765956,0.06957728322930734,0.09749514219873445,0.0417004960593399,0.0,0.09140796488631553,0.0,0.27173016754299395,0.3240716988563701,0.03717962461712876,0.02240473059484893,0.08354000171511444,0.13729477862455575,0.16193835516400013,0.04769986215107069,0.09113388773159681,0.157407795115041,0.1032285832182227,0.16812427109283146,0.0544501242027855,0.04358517548599883,0.0,0.0,0.10685820642058852,0.18615491474296908,0.09925753323157549,0.12918608750292027,0.0852690677825012,0.0,0.0,0.0,0.048457876874655526,0.021944711472531964,0.0660879451167724,0.0,0.11424663051597506,0.0,0.018030962205856316,0.12307009655237167,0.0,0.02154839223079108,0.019616082734537965,0.12399840906352111,0.02080980939623478,0.019579574858024085,0.0017697675851668926,0.04314102477550508,0.0,0.034895344444343834,0.0,0.0007257433965519589,0.08225581074803046,0.0,0.026970159359245294,0.0,0.0
0.26602360093387345,0.0,0.3518943138812207,0.06200996023718597,0.3557291713811046,0.067380254947488,0.0,0.21117227023603347,0.16799472720592057,0.012920073183610548,0.15718617088903963,0.0009046707057600578,0.10403529195165273,0.049239016787813394,0.0005276028244645126,0.3037574128912075,0.01624100409617668,0.12981494731468723,0.1249264962306027,0.0,0.026181777280786633,0.01958697787520647,0.021695129285706383,0.007308817907607956,0.04139175640281678,0.0,0.0651626550714024,0.015571459546534161,0.07193029638229609,0.046396548586534525,0.03995654413620109,0.02406366441853436,0.05433633459824527,0.12988090494992033,0.1405535196042793,0.1476334491673419,0.0,0.02190084804072079,0.04188636463894824,0.056536129878574926,0.0020854802405221307,0.0,0.1975841117151571,0.016514587857657137,0.05652557083512155,0.027634801003836085,0.0,0.14073394300602393,0.0,0.0,0.05721979561613999,0.30356703003839813,0.0548040709391211,0.2615387963775344,0.1361699586246794,0.0,0.19055580182614573,0.25611737249893185,0.0,0.008211582448105936,0.0,0.06984938588351941,0.12429033696002367,0.08370783854170671,0.0,0.1986499577206069,0.009993527051741058,0.14984303069273386,0.1995795358273531,0.09516331712021309,0.15435830186620825,0.0,0.0,0.0,0.12066316940595723,0.023227586476374018,0.0,0.06696852317924851,0.13063343727959031,0.0,0.026039256662757193,0.025960070648502143,0.012689791038831721,0.02217033796900658,0.0,0.042308283478970754,0.060218087632022854,0.0,0.1006088069970672,0.03403220841007348,0.01783707288733094,0.1297513001253936,0.0,0.0,0.03742089136018345,0.022575715873395463,0.05855438525781054,0.0,0.1055128381050201,0.15590784228833687
0.35916184523118755,0.3518943138812207,0.0,0.04013456253882364,0.173917034663714,0.13780093535680216,0.08750237872080646,0.12804484537723315,0.17760342085030256,0.0674560970797824,0.06457778966455763,0.04500637886664283,0.0012942487676492753,0.023822845688213246,0.0,0.4745098224364197,0.0,0.0,0.05218442161808712,0.007874049336138889,0.0,0.14119693447691795,0.08126002953400846,0.029794806549206854,0.0052536307938133575,0.0,0.20649285745723756,0.015998844075725493,0.02186487657411762,0.07335954833616887,0.0,0.0,0.06702723527688503,0.023951551597324983,0.11395927898549507,0.10364930622040314,0.0,0.08416159883175212,0.011565724994027082,0.08878132532859029,0.028379351691549815,0.0,0.19559977374475057,0.14252914245243709,0.06457209651559737,0.15767228971336467,0.0923339909535823,0.07947602062254466,0.0,0.0403271676485808,0.013682987437305005,0.3409521070717214,0.3920955538657509,0.06371797855720152,0.5034123291017618,0.3120787082877361,0.3412643883272488,0.20168068959507757,0.05558014681432466,0.18193264144273336,0.07688941700345842,0.07402416685442592,0.0,0.013068291591643355,0.021204411215910213,0.08397712286600001,0.14821076451700366,0.053498781154008856,0.1619427638360338,0.17795369235020297,0.15444067651688043,0.015075131124142604,0.0,0.021961253519360735,0.12394648482176285,0.057384684769681726,0.042715857013917446,0.0190526489524645,0.0343526966897314,0.0,0.0,0.008635556225748076,0.14295097477590835,0.029604904456854264,0.11960298960487536,0.0,0.00781044361199168,0.05802161880160339,0.12859208013890333,0.005164717299420474,0.025061908122347543,0.0,0.0890057573083105,0.035929536492170566,0.08913547797161137,0.033384817494429786,0.0616036849927859,0.04485586055899704,0.0,0.04864560334298851
0.12944333524365037,0.06200996023718597,0.04013456253882364,0.0,0.23801892860628238,0.03484374330487494,0.0,0.23975173499470293,0.09563218954789399,0.009423648286236208,0.0,0.05772611914169801,0.0536693491085134,0.02540121887088409,0.0,0.13070887588765379,0.0,0.20718095290243577,0.11681479435264341,0.07074140766219461,0.03143744223976652,0.0,0.09354907331896056,0.044491872951715195,0.0,0.0,0.24412050068826296,0.06039599244422833,0.0,0.13236360439283912,0.0,0.0,0.06508729022852311,0.07089670778953794,0.2044033819179374,0.022876873172019252,0.0,0.0,0.023004855806291413,0.0,0.0,0.022313369163454944,0.0655889985551914,0.14385789715428787,0.0,0.044495242959666115,0.0567458283887281,0.29447872367162153,0.0,0.0,0.0,0.009136366637628068,0.0,0.32993733748275655,0.08322960606344587,0.0,0.25764881245558335,0.01731772716219515,0.0,0.005804713729932409,0.05359994682582192,0.05337079728254768,0.042357674021406666,0.09886926017843312,0.0,0.04499966478605444,0.0,0.09328805605406609,0.21990958038636998,0.08942223530152127,0.09471769609420466,0.09045125049240754,0.012873226884625222,0.0,0.0,0.09276431125915474,0.007725926924717186,0.059549815926114746,0.0,0.0,0.027214820389020566,0.05643380471210602,0.09848916146616693,0.0,0.05455333149525465,0.06435290924149806,0.0,0.025018515019412657,0.0,0.05664601072933584,0.0029858410563972093,0.0,0.014534422406667247,0.0006319449169427394,0.14187924589105405,0.18442900015541763,0.0970034433592395,0.0,0.0,0.0
0.08716673543346509,0.3557291713811046,0.173917034663714,0.23801892860628238,0.0,0.1274919782272348,0.09613716171706121,0.20863159941111675,0.17182179904334927,0.017778793293578676,0.020503862897123692,0.0,0.0,0.0047154726483991105,0.0,0.3203061085660024,0.0,0.15795235729936596,0.0744737640282147,0.01624819195742555,0.014151804250385869,0.060484031171677,0.1412971145232751,0.0,0.03506626450384065,0.04907598728065654,0.19234365445501123,0.0015144685510715128,0.0717445144857205,0.0,0.05248889372140075,0.0,0.1549106742245856,0.1770215200835792,0.1777631604852843,0.1250741827799371,0.08121452747106073,0.0,0.0,0.0,0.0,0.0,0.10975096122191541,0.0866980200489782,0.15762236994120515,0.017517182312433377,0.03696874691410912,0.004034192303880246,0.0,0.11918577738169445,0.03879092009739571,0.049402507135295703,0.10187342372691788,0.46096711624794695,0.38267380209793167,0.0,0.544376061882951,0.3112059192377501,0.0,0.035288077101373716,0.0,0.06082704703109121,0.10932916173943008,0.11923100259810315,0.0,0.0,0.0,0.0,0.17063786442963025,0.16732068419716706,0.0,0.0,0.021071784282643335,0.035780105014741714,0.0,0.0,0.10791953342443428,0.0,0.057970539507453456,0.07090568013572351,0.0,0.003770554689153549,0.0973254341129941,0.1526391947889736,0.09459870747870447,0.0,0.0,0.09504590222762577,0.04622673751038997,0.0,0.03715300441784919,0.009744842063611259,0.118932651528731,0.013243445796312425,0.04167242640308322,0.09774104198707523,0.09537839288068284,0.05934205236094048,0.13164004331034285,0.09367727467916964
0.04503089300278518,0.067380254947488,0.13780093535680216,0.03484374330487494,0.1274919782272348,0.0,0.20076336213632473,0.0,0.04285201039141917,0.0,0.11360233396424313,0.0,0.0,0.0,0.03689032803844228,0.2090926990275035,0.10067587543941858,0.061667222637877384,0.1038570865927313,0.035878793166721934,0.0,0.0,0.07510860082853865,0.0,0.010442084632142024,0.0,0.014005473753284647,0.04288617771976888,0.0,0.0,0.12819999873954835,0.021314090094540994,0.02126449784504425,0.006773692106604834,0.050534875351310404,0.0,0.0,0.0,0.15655491608162952,0.19788924102357663,0.01941780385744485,0.08859500424668854,0.08810163824324668,0.01753229950769386,0.16376956748012272,0.02967087014619052,0.0,0.038415659679479575,0.12681325199048432,0.0,0.045970217156411586,0.0,0.07908212415223304,0.0,0.6818411313130031,0.24073323751376874,0.05881167828470346,0.1104256249276161,0.07319008538832117,0.03609225741179545,0.008389449414863304,0.01810942070673649,0.0,0.03512126696647222,0.026079989085410205,0.006791726218443372,0.22910036982857074,0.047541552203718584,0.0,0.0860870457130849,0.10677571762650784,0.0,0.010181311780497193,0.21878539185188517,0.056333126816038526,0.025683241130791234,0.002081809016516889,0.03886274482197294,0.0,0.0029601876089597745,0.024071582098690758,0.05863617015270295,0.0,0.05609644080441267,0.06032445288124588,0.03586260741934311,0.06349856616694183,0.01536528669564996,0.030061388772371078,0.03275742706192597,0.13543027291098442,0.06039575400996311,0.004461445062529101,0.0,0.0,0.0,0.0,0.0,0.17645162293830863,0.0925369817720938
0.022576642547043946,0.0,0.08750237872080646,0.0,0.09613716171706121,0.20076336213632473,0.0,0.16045003075242192,0.10962429493757364,0.03984666426054373,0.0024051933248840918,0.0,0.0,0.0,0.0,0.3221543457271032,0.12258578829588407,0.0,0.012533675548418,0.018865598934743488,0.2007019859744621,0.0,0.03154183966319879,0.0,0.02428193401514145,0.0,0.008893331459926657,0.0328060860951882,0.14399589160847093,0.06411732431795647,0.0,0.0,0.0758784212107404,0.06283711324342844,0.060173534503108694,0.08681432862464389,0.005324666945499157,0.04346160435852697,0.09724858056735464,0.43292902757373186,0.16047202912492642,0.014836723248480954,0.02738486338699264,0.0,0.05376413053113316,0.1294472158300004,0.0,0.0,0.40612691191778794,0.0,0.15470433533780836,0.039986371051699,0.0,0.011207755215712822,0.1337628463264382,0.14000568379427314,0.22747134260301305,0.10516925372099095,0.006830353162160296,0.06645705543851399,0.0877583817105072,0.17472447779071398,0.0,0.0,0.0163663873268729,0.036041300316118186,0.1490633239520407,0.0,0.039919658693994275,0.12596974949764972,0.1637188560250613,0.0020360501990648316,0.18783762026564155,0.01831032964108603,0.08546966369859366,0.053951104919461645,0.0,0.0016742595105072589,0.050991357321299446,0.040371896473201385,0.12586715505271284,0.08941659147006842,0.07241627013218777,0.016159558090245607,0.1129757709719379,0.08497297787297153,0.015499835061776768,0.0,0.06890371899719883,0.16445359321219533,0.02062960854079421,0.07512544308430824,0.0,0.027890661170220987,0.09067016080898771,0.0,0.007405525533206614,0.0662414146752508,0.14186313565648412,0.011540083486306418
0.13693207058103019,0.21117227023603347,0.12804484537723315,0.23975173499470293,0.20863159941111675,0.0,0.16045003075242192,0.0,0.5610316733793526,0.03190877792947555,0.09844754087535756,0.06440315765606863,0.0,0.0,0.040361492874454896,0.2031612189519052,0.13293455433724777,0.47101500661295015,0.0646243464815508,0.30424186109713647,0.07084342029128132,0.18071026205915652,0.0,0.0,0.08995294699736966,0.08354928868757305,0.07746799026108553,0.0,0.08095878629954667,0.057427201394476324,0.11891770091694509,0.00756006664722797,0.06097082408530996,0.022423401534379828,0.0,0.1499892830341203,0.04444921713479344,0.10495923961954023,0.07356303974790057,0.03948417781008562,0.0,0.09805787489259021,0.09249300426039042,0.11941046652445086,0.10755361633541582,0.06895286957179625,0.07586633864071102,0.11053311770329222,0.09676256979292397,0.0019117373831951667,0.10645963026626548,0.34829616083536097,0.18585306879724683,0.16098828666299436,0.04944288795714913,0.046337295709645954,0.6598502722315698,0.8448379964018895,0.0,0.09542230307897492,0.15105150424814484,0.20795870825300078,0.09828839850884341,0.11146671437480915,0.013809025848855683,0.10769867443125358,0.013656891388179382,0.0059479478365203065,0.314379857515132,0.5450529236611805,0.22506187094846153,0.054329959041122144,0.0,0.0412397826634856,0.0,0.16096376069449558,0.10305232792105956,0.07176986078902958,0.0338134492467117,0.0,0.05779049039436446,0.12755856325728887,0.03267320293439502,0.0021871121754482026,0.1436185541266668,0.0,0.0,0.05813749261836865,0.30647200063296376,0.05038769691692524,0.09641822601537564,0.0,0.06378881234062961,0.0,0.04015416872082733,0.11051527878525036,0.07949616151961436,0.0,0.026793843496239145,0.028062604961997195
0.16054018574713425,0.16799472720592057,0.17760342085030256,0.09563218954789399,0.17182179904334927,0.04285201039141917,0.10962429493757364,0.5610316733793526,0.0,0.05475650380848718,0.04399061954269845,0.0,0.0,0.03850282354797807,0.0,0.24507050536651054,0.0,0.24585335292707944,0.04388575075372625,0.2192746268531791,0.028609004292436513,0.0,0.01632026589161706,0.020574339725054624,0.04889008236127035,0.04177060528678744,0.07677703162115934,0.0,0.0,0.02491019419920848,0.0,0.0,0.22672036438978393,0.03817426854368877,0.058246614171661104,0.2598407466048025,0.0,0.0,0.014361933421267903,0.11245830264472367,0.0276798580070845,0.0,0.05717100209989434,0.0,0.05434035241576973,0.0,0.024321390255112263,0.01906301167785207,0.22178267394251616,0.133052938178567,0.1446157710912357,0.4368705808935287,0.14140508315710898,0.09472983415538616,0.08991909174866031,0.015817804657638046,0.349471150381341,0.48949642092130174,0.0,0.02928926745978533,0.04877942559259374,0.0,0.04344324745788919,0.0005397368979518369,0.0,0.0,0.04373729014640748,0.0914966192009885,0.05820660215376883,0.23229789702354342,0.24313230463184077,0.004483242630229256,0.02834116260465347,0.0005399243571226897,0.052666343502249635,0.0,0.0,0.04667197285098457,0.11810048067388346,0.0,0.023179949951019907,0.0020464092055303418,0.0,0.15971762498893582,0.0841997802972494,0.017754767894297974,0.0076253864071493815,0.0,0.2826100016100801,0.05820235116378658,0.003966833325030894,0.0,0.01605872905978245,0.0,0.047018840055764954,0.07863066361993898,0.0,0.07312831891480132,0.12061296757618267,0.07565767060090733
0.0,0.012920073183610548,0.0674560970797824,0.009843816353462653,0.017778793293578676,0.0,0.03984666426054373,0.03190877792947555,0.05475650380848718,0.0,0.09603393133304738,0.08173554894008861,0.026717929811381325,0.06007864940408725,0.0,0.025789503271747893,0.11223635542049948,0.0,0.0,0.0,0.10323699803721365,0.0,0.09807064173439439,0.12320308166719629,0.07261890183125619,0.0,0.0,0.0,0.0,0.0,0.06077021995836418,0.006161895716704446,0.032833702282829336,0.061831028351146955,0.0,0.02333609317350671,0.0,0.0,0.14069492283189433,0.06992790499978874,0.06923819432046852,0.03613924904607302,0.09165521215544903,0.11603484866973535,0.029755698744945658,0.04841984161756052,0.0,0.0,0.12546723868715182,0.042432375580561565,0.06311073850811999,0.042999420786561604,0.041512614369189293,0.0012425593976681526,0.020999615096717772,0.06812815880764056,0.0,0.0,0.0013347057143482388,0.1631637570436677,0.16538132440485676,0.0,0.05551926116039185,0.0,0.0,0.04775264173284555,0.14345146797329367,0.06911844420678248,0.03863619604673074,0.011274187861976426,0.0,0.0,0.06850477994062576,0.08973079328866218,0.13178736445084738,0.0291955968675488,0.030207435320412923,0.0,0.0,0.0,0.0,0.07364106148709215,0.019344597250956053,0.03013869997859997,0.018297374121162502,0.0,0.0,0.055496541017236556,0.0,0.189124601483857,0.11231861815423061,0.0,0.06896569339444403,0.012945585452035502,0.0,0.015724105351341056,0.1682479861928874,0.07149929979043712,0.25009549199058334,0.11095283317207594
0.038989379102486676,0.1574507211535896,0.06457778966455763,0.0,0.020503862897123692,0.11360233396424313,0.0024051933248840918,0.09844754087535756,0.04399061954269845,0.09603393133304738,0.0,0.1617928635402821,0.006322674564728903,0.006686456682035047,0.0066502466813114225,0.0,0.0,0.07745946132812165,0.06663329370575255,0.0,0.06308582960262044,0.05155345112512899,0.07274194969965597,0.15319105106083075,0.007580529648839818,0.06594050780506944,0.0,0.016514743777670482,0.08660053822794378,0.10355808042971448,0.0,0.0,0.0,0.0,0.0,0.07829362780787053,0.00014379439146150474,0.07579536514703333,0.04167811914577291,0.03291491961967674,0.03865488389220317,0.14049793490822804,0.04861869638341432,0.0,0.11975190342586206,0.014652653382336123,0.07453022701541068,0.0,0.018278214482762234,0.06772026571432521,0.015995408949365242,0.05847821636722239,0.018945265121648625,0.15816618221170708,0.08805497504125004,0.0,0.004880526445410371,0.004582220731212505,0.0433008690238581,0.24354497972597278,0.03348482985078993,0.06878446815292127,0.11969832633846256,0.09186018039498389,0.08755622915998318,0.018776385060768064,0.01640708160425186,0.0,0.20567932305814773,0.1256206020326469,0.054689954388533746,0.04324050383461664,0.0,0.1552217231673083,0.09129703176745751,0.12375087895719483,0.0,0.06155563547767828,0.13517501758818318,0.0,0.0,0.051746341044507815,0.022317405740256646,0.0,0.0,0.09657013555477745,0.037596051025358346,0.0,0.10977879050395334,0.0,0.0,0.03963900841504042,0.0,0.0,0.04174327684159174,0.014935413682323428,0.03545080252826294,0.034788856448323635,0.0,0.09971509662223355
0.013582458241330642,0.00135109927718835,0.04500637886664283,0.05772611914169801,0.0,0.0,0.0,0.06440315765606863,0.0,0.08173554894008861,0.1617928635402821,0.0,0.09048729236894903,0.0,0.0,0.0,0.07419123715278308,0.06795481708074558,0.08305765122150621,0.02780455142276539,0.0,0.0,0.0,0.254912902503011,0.0,0.15254515412153058,0.021148318405411537,0.005639709688367578,0.0,0.018074497626981767,0.04128042176285618,0.09943809012534643,0.07336931018378667,0.05639784422058769,0.05194868270393638,0.0,0.0,0.0,0.0,0.0043945941361820395,0.06879080217753186,0.08941740747817128,0.0,0.07574422930191327,0.21455355635619888,0.07365387671880708,0.0,0.10793991718622609,0.02478357679289145,0.2306197433030106,0.05152746992309476,0.06091681753048306,0.08747628249464201,0.0,0.002979196465781264,0.05543712585738936,0.0,0.019494764756715632,0.06649922620291937,0.04680769264059759,0.08987114437147481,0.09114690648111168,0.1235694676196375,0.0,0.0,0.11643487919651019,0.05652725221263388,0.030618049666554015,0.19183628420692678,0.010822723454223304,0.0,0.12412192526002253,0.0,0.16253022031581965,0.06415925565825775,0.11393718924728802,0.0,0.04241044736790345,0.08751380390109498,0.05546484771870874,0.12521293052885474,0.0413917513316413,0.009613660036468907,0.013958072468755134,0.0,0.0,0.019191266608424407,0.0,0.03536377097942145,0.0,0.006024671808384063,0.0,0.0,0.005880764075619993,0.0042587969704488415,0.0901960074554462,0.053954736117828084,0.1622344553656614,0.030273829693926224,0.16175352391470055
0.03489306400672021,0.10403529195165273,0.0012942487676492753,0.05311919323101444,0.0,0.0,0.0,0.0,0.0,0.026717929811381325,0.006322674564728903,0.09032856221021923,0.0,0.20947677033185697,0.17220596326305948,0.0,0.25961897352402286,0.0,0.0,0.042473571536788324,0.020311975366195778,0.26227891024968386,0.07720239723635247,0.29547598869882163,0.07683724286817561,0.040459787542299175,0.0,0.29930549236504156,0.02138645618345114,0.14653064598607957,0.0,0.0,0.0,0.03691101368275218,0.08747082586640964,0.0,0.020774818802565598,0.016103781896566804,0.0,0.08135988213661483,0.007530336829169926,0.0,0.0,0.042877961783241325,0.1262018358759609,0.08523536555508882,0.0,0.0,0.021337848064181486,0.06881968940080396,0.08830680342815267,0.09549432008328962,0.09151694588096015,0.05643124306268277,0.0,0.12684221008671903,0.023555009799742344,0.0,0.12156129312095221,0.0,0.04468402962376228,0.052534045130417706,0.058422253277384595,0.0,0.02636592925618686,0.12430397719854103,0.009622330628173525,0.047319844475967265,0.09423690233708992,0.06889127808852225,0.007624486389491203,0.13843188587842192,0.07387886257215648,0.09469733601340824,0.0,0.0,0.15741533707931543,0.0,0.08824219925141108,0.0,0.019654884289327157,0.0,0.08826268710749297,0.0,0.1457201960018608,0.0,0.07678561364430081,0.09242339907527253,0.06754377167006487,0.0,0.08501156278715527,0.0,0.0,0.0,0.07237465906617846,0.007443255237921775,0.004200299427425058,0.0,0.0,0.018672977758746878
0.08874953124524243,0.049239016787813394,0.023822845688213246,0.025235105914073408,0.0047154726483991105,0.0,0.0,0.0,0.03850282354797807,0.06007864940408725,0.006686456682035047,0.0,0.20947677033185697,0.0,0.5042785013253615,0.18806354422842952,0.34711118491924786,0.048978222846043806,0.32224470147321727,0.12358571731612455,0.34574427786553086,0.08430555903844006,0.15900821569455248,0.0,0.06430346678281618,0.029773422191967214,0.05180208244259177,0.00865221812749839,0.12505039091234682,0.009091904682779095,0.05805166326025857,0.19689714376162204,0.0412939206719698,0.247810721157248,0.0,0.05880119135918349,0.0,0.009029213790745949,0.11337280318798149,0.0,0.11129533205469944,0.06519824319045275,0.07274903882981132,0.03169363251510715,0.10639377690554719,0.0009482270010412464,0.02344065002152984,0.019748148686732137,0.012596994824931596,0.0,0.10196433470270305,0.0,0.04651331344815546,0.0,0.06530581327374607,0.0022107733217593406,0.15233926700380884,0.0271819779302076,0.0,0.0,0.0,0.08700657578795212,0.09663687464510007,0.09797145891454395,0.3076869272998266,0.15842189802920092,0.004696166565091087,0.07747033406526338,0.1579037021632015,0.047996007926597084,0.07420022844606056,0.06983263319271238,0.10314603194492467,0.0,0.0,0.05521277644152178,0.1286833671880112,0.06656091417211751,0.0,0.11858536182186263,0.0,0.17074430587774136,0.01604052461671923,0.04167385029675552,0.016573767963830033,0.0069610196593341556,0.0035436433348770002,0.0,0.0,0.06779699816016116,0.12796702533095017,0.0,0.031736708730329966,0.0,0.0,0.0,0.00805869651289326,0.141168185162595,0.0,0.163464391809244
0.04475665056655975,0.0005276028244645126,0.0,0.0,0.0,0.03689032803844228,0.0,0.040361492874454896,0.0,0.0,0.006385696416761011,0.0,0.17220596326305948,0.5042785013253615,0.0,0.08911488448732818,0.11349132611167878,0.16864549654088323,0.3377047217377438,0.13034540459802857,0.48229327165293157,0.10274008987346761,0.11881599170929213,0.0,0.06727912994182716,0.0,0.0,0.14732234259667232,0.1972691532209807,0.0,0.14678333092206364,0.08584582110777328,0.027622191054630374,0.20194963191206172,0.0,0.0,0.0,0.09865474181116651,0.0,0.11844609911852277,0.03665561102620751,0.03634521316543626,0.005890097270957906,0.004037015217871254,0.04595220364645414,0.0,0.0012424412441882637,0.02285990231780577,0.02348914775736244,0.06749968541474916,0.11305284465581122,0.048078274071187366,0.06949514571537208,0.0,0.05167506004305222,0.053120867476252887,0.1237393999315004,0.10294971357105398,0.0,0.00040567365575805425,0.0,0.05747459229024221,0.3511546562904462,0.2785735681102466,0.32667857110431475,0.519420395394453,0.11469715119735158,0.028748328110204557,0.1117030644914041,0.1004083067111674,0.17974000396244572,0.18820431221220968,0.0,0.17799273677812888,0.0487860707097747,0.0,0.12506539523959725,0.0,0.096117703649512,0.01720149497349066,0.040138089900011664,0.07329487415061786,0.0,0.0,0.046053615851944674,0.07852481059177352,0.0,0.10258836020937512,0.013438057364859812,0.04883745843258103,0.12807276024506065,0.08221786845673806,0.0025460347561070407,0.0,0.0,0.046063934496594516,0.10040464819455863,0.024802737644775252,0.0,0.0
0.4626730036676592,0.3037574128912075,0.4745098224364197,0.13070887588765379,0.3203061085660024,0.2090926990275035,0.3224519647747228,0.2031612189519052,0.24507050536651054,0.025789503271747893,0.0,0.0,0.0,0.18806354422842952,0.08911488448732818,0.0,0.11756909351266431,0.1045983647133566,0.02957360224827843,0.09419452542787798,0.1587136861736962,0.10261626281187786,0.03179513505067,0.01310081396389462,0.0,0.0,0.08404268636256074,0.0,0.04469675657426775,0.0,0.0,0.0,0.135812160602514,0.04792514079806942,0.03874636728634373,0.04904680169630815,0.0,0.0,0.14639407930657367,0.1407207479202599,0.015745171365574073,0.05338279284759784,0.08603759425584112,0.07835295085708927,0.13217668561299778,0.0,0.013283258565206957,0.017744333786701816,0.043914391277041886,0.011349344951762319,0.12309514950018485,0.14978725382969937,0.534844802696008,0.1913906835377972,0.3977107239703739,0.20830898013245935,0.36351302767159854,0.10623519695538342,0.0,0.010977636601028795,0.020252626555818498,0.13797000623669353,0.03291218736336221,0.02633392664469758,0.07136071766752927,0.07653112851595312,0.10400289930248574,0.0,0.20291581810747594,0.12235345147044452,0.09544665245342276,0.0,0.0,0.14547693921939375,0.0,0.05118258670510123,0.0,0.0,0.09742956486090737,0.004913774380395974,0.0,0.0,0.08728024326979744,0.13741981670295322,0.0770855230256009,0.04259755123326414,0.0,0.04595421755992035,0.005463510593119558,0.07903839978913885,0.1416580193001291,0.0,0.0050114686495037475,0.0,0.1819381355278593,0.0033760597746903542,0.015534303588528253,0.0,0.0,0.023573152927859997
0.04306181454564051,0.01624100409617668,0.0,0.0,0.0,0.10019968496322784,0.12258578829588407,0.13293455433724777,0.0,0.11223635542049948,0.0,0.07419123715278308,0.25961897352402286,0.34711118491924786,0.11349132611167878,0.11756909351266431,0.0,0.0004365280261167115,0.28707109433640676,0.02564974556020161,0.0857050012302909,0.136830755161232,0.0,0.07816996513372443,0.0,0.0,0.12532120097248356,0.02848172831595841,0.20203742937577873,0.010853853452652995,0.0,0.0,0.0,0.16880230479401304,0.0,0.055731833496010186,0.08878886513441353,0.0,0.0,0.0,0.03606837122394557,0.08618122436222064,0.1903472393441592,0.08553960949479178,0.18234943137903903,0.1048355651831776,0.0,0.0,0.024468323192945007,0.15024136184796522,0.03047459331355684,0.07622163776198532,0.0,0.05559604830478326,0.04293625709986948,0.023007163817052145,0.15521801542379032,0.07424182493757847,0.057813063489418504,0.0,0.05621599092477947,0.07965829998732588,0.13198904919443777,0.09850653365788586,0.19977362693735623,0.042248530687432506,0.015732919422703162,0.04965350726748197,0.08587822790548394,0.0,0.03872500434847481,0.060473367669482414,0.1247244762456372,0.06985313707555107,0.09753026748571125,0.09481291080841991,0.17575223792069217,0.006861453672155626,0.06463053415128339,0.07788015753656685,0.052243877847069964,0.08939843222216215,0.1278269193989665,0.0,0.0263259498658317,0.06019598380502433,0.10866140360223309,0.07521414393581871,0.10410257053571081,0.0,0.0,0.02047198039991871,0.09435899442301343,0.0,0.0,0.013953659520104633,0.019405292927812123,0.06114279008517176,0.0,0.1767306550589307
0.08429330914272892,0.12981494731468723,0.0,0.20731831553979774,0.15795235729936596,0.061667222637877384,0.0,0.47101500661295015,0.24585335292707944,0.0,0.07745946132812165,0.06795481708074558,0.0,0.048978222846043806,0.16864549654088323,0.1045983647133566,0.0004365280261167115,0.0,0.2784585417971166,0.34301694215566103,0.4567556093734848,0.06066779336128558,0.0,0.10071540073110974,0.17056466116595148,0.02277159349248592,0.0,0.05840699503943414,0.04700073221974277,0.0,0.0,0.08377397063937808,0.0061766813568966406,0.3391391355532587,0.012491782506506954,0.3591828977962854,0.0,0.08698900229798179,0.12281161902905513,0.062367824496311286,0.13284885464355067,0.10169344553417003,0.10431593423197638,0.04734842721309507,0.08028888153745628,0.0,0.0,0.03752489301931616,0.0,0.10023684673545219,0.17158599974571143,0.23437520528613653,0.1017685905905159,0.0,0.0,0.06932816051853896,0.2594521972472106,0.3313548895043743,0.07652646757293757,0.046104754016048854,0.10188083621723054,0.006880250468486171,0.012383902555407111,0.34861852484214717,0.28350932061362544,0.12161068422513654,0.017905357237387953,0.0,0.31147506997163354,1.0049909920941307,0.27297690104978667,0.09570167222974435,0.10599127540713438,0.046858678467389225,0.12707552902923158,0.028613344860727974,0.060960991460584424,0.004911821076083456,0.10111387684688733,0.0,0.10878137320805692,0.27908359579153963,0.11930621973977162,0.0,0.0,0.0,0.0,0.0245701090156496,0.4566700178257648,0.015548209493947418,0.026171626404528414,0.0,0.04319243948350859,0.03149973531995398,0.0,0.0,0.0,0.02445199941364473,0.0,0.02545873483023131
0.0,0.1249264962306027,0.05218442161808712,0.11681479435264341,0.0744737640282147,0.1038570865927313,0.012533675548418,0.0646243464815508,0.04388575075372625,0.0,0.06663329370575255,0.08305765122150621,0.0,0.32224470147321727,0.3377047217377438,0.02957360224827843,0.28707109433640676,0.2784585417971166,0.0,0.01779760691183263,0.17056534915527566,0.07366647946830662,0.0,0.0,0.07253538488557787,0.0,0.0989021638037979,0.04523824943318866,0.261792044855492,0.0,0.014514820097857317,0.0432302591212923,0.04291101441052314,0.33947888670083737,0.030628216080839543,0.05810875761366807,0.0,0.0,0.0,0.0,0.08137075250446335,0.03458091289334497,0.07283213662309773,0.10320886688483188,0.09698445277111079,0.07546233173356542,0.02502250595785327,0.09167340873791519,0.0,0.03325062822275937,0.09026673939993302,0.05578784724223462,0.05876583393139345,0.02041390607372584,0.012409913370257097,0.053668554299288296,0.15955519475228952,0.032145669397817045,0.0,0.04332304149935107,0.0,0.2111847639253912,0.017627707089489242,0.1593944681293511,0.5406942603131641,0.05363642366497867,0.0,0.2267686713858894,0.12916231389419375,0.082717568035374,0.18344679899886307,0.11183246354596665,0.0545225494289614,0.04958302960096228,0.050286403014502934,0.0,0.002142712224645127,0.07001451221611132,0.051692184460674806,0.0,0.22925987701445028,0.13353474620969719,0.09661605540956675,0.030100949242389152,0.0,0.0,0.0,0.0625408308501676,0.05069811444038752,0.0014339171951247565,0.12274583396485328,0.0,0.0,0.0,0.05936344536821814,0.0,0.0,0.19606181361148156,0.0,0.0092875045974119
0.08643186143667902,0.0,0.007874049336138889,0.07074140766219461,0.01624819195742555,0.035878793166721934,0.018865598934743488,0.30424186109713647,0.2192746268531791,0.0,0.0,0.02780455142276539,0.042473571536788324,0.12358571731612455,0.13034540459802857,0.09419452542787798,0.02564974556020161,0.34301694215566103,0.01779760691183263,0.0,0.23391662159641413,0.0,0.0565887061069561,0.030431219017759137,0.0,0.05396955159761596,0.09426709758175633,0.06440778868647223,0.0,0.0,0.09754713364637047,0.09304192711044479,0.0,0.07762994138708335,0.0,0.17647739808194274,0.0,0.0,0.04782526116762531,0.0595564823024084,0.07828645423887659,0.0,0.0,0.10085350446784958,0.04156018069756007,0.0198131986547887,0.023632935500397245,0.019031597786676624,0.00841725446518371,0.04469850106946893,0.16353620893186394,0.18037813132942304,0.06412835086580859,0.036103914923923064,0.0,0.043182605838169685,0.1990402573421033,0.20137253318945625,0.0,0.04288548384791424,0.16745423345257837,0.0,0.034430697483780914,0.2208276759572918,0.02165340818991801,0.12383743603921715,0.0009074771233215095,0.003660666197828899,0.1655133609150301,0.37345683321364476,0.3767751102091381,0.18194215905598465,0.03098008971557009,0.003381746069089697,0.0,0.00104237173225874,0.0,0.045531255838081375,0.0012846080589383746,0.19686717762195416,0.09590248887316166,0.03009778224150894,0.018627305120714865,0.07910341368915885,0.026717012918680894,0.08123526208794596,0.0,0.0,0.28704789892011107,0.08848921011671163,0.0,0.005165410385439273,0.13173769923279766,0.04598951084554814,0.013910047240576873,0.0,0.0,0.0671647106951152,0.08353738832495727,0.03922131639436133
0.12539342364967965,0.026181777280786633,0.0,0.03143744223976652,0.014151804250385869,0.0,0.2007019859744621,0.07084342029128132,0.028609004292436513,0.10323699803721365,0.06308582960262044,0.0,0.020311975366195778,0.34574427786553086,0.48229327165293157,0.1587136861736962,0.0857050012302909,0.4567556093734848,0.17056534915527566,0.23391662159641413,0.0,0.0,0.08652907354907446,0.001974090244260651,0.17375169394460022,0.03371868991077864,0.0,0.041858374957500555,0.08660353445492897,0.06973284747109831,0.050926027795057394,0.26050557680194997,0.0,0.3545305292935206,0.03362511195770024,0.1325301573487967,0.0,0.0037130928614246272,0.0,0.06712645914000115,0.15256204420526975,0.06760736928556854,0.10146407275354852,0.1506505414354664,0.13133844925388294,0.0,0.0,0.0038590435959586777,0.06279928754140185,0.027837879142631028,0.2528678874786241,0.0,0.0,0.011993160927790125,0.0012882371753408783,0.02127208907958167,0.10555201522288726,0.18532560064071069,0.057637099425943195,0.0,0.08282019635005211,0.027973808424961888,0.014855546557046129,0.29306381656952807,0.2377856342231448,0.30242636681072455,0.0856606645329232,0.0793007606088767,0.18273084209777268,0.19151906764754978,0.19931992635062334,0.014043893808197705,0.0,0.19019969379220258,0.009410619813694066,0.1406071286015429,0.061855573983292,0.12083409614672735,0.0,0.0954004616471753,0.1590291884255195,0.12104823858531377,0.15822933588522137,0.0382917195748651,0.0,0.0,0.0,0.0246900190236099,0.29387065892137665,0.008731646970413731,0.1691191541695405,0.0,0.0032388747397242845,0.022015543603435273,0.0,0.01564464759069928,0.07824837342213309,0.0,0.0,0.043185496011528546
0.07324028455152387,0.01958697787520647,0.14119693447691795,0.0,0.060484031171677,0.0,0.0,0.18071026205915652,0.0,0.0,0.05155345112512899,0.0,0.26227891024968386,0.08430555903844006,0.10274008987346761,0.10188156893432687,0.136830755161232,0.06066779336128558,0.07366647946830662,0.0,0.0,0.0,0.15041678505350697,0.12127394170627426,0.0,0.0,0.18820161276077574,0.159258037347914,0.11171609094803303,0.18757914670883613,0.0884753778662879,0.030693090617774477,0.0,0.0,0.28140445097849476,0.07431552483665671,0.10700227404859852,0.021256778706167268,0.0,0.030769831528448588,0.07586340724401586,0.007230233321588564,0.4510296248228518,0.08903104898629088,0.27875427723053736,0.20174618960654067,0.2154989936706242,0.21878687220111903,0.0008462711872496698,0.015318559997707926,0.07097556700614982,0.023403530518853355,0.0,0.10736672177833073,0.1242288379513159,0.1259046920171012,0.0027318728918648283,0.03131883391641166,0.0,0.09744820670887933,0.046265660192592595,0.0,0.0,0.0,0.0,0.012411956575108185,0.021321528882102925,0.0,0.0,0.008979917906065005,0.08159188763708425,0.22514769661252387,0.06951472497417166,0.024066656204820625,0.0,0.03327023838335963,0.08124276471481906,0.0,0.021945548745927912,0.059183290327596616,0.060711025920004325,0.02204804945538097,0.35503883236421396,0.06220687604618602,0.08317635251575739,0.14020090029254462,0.0,0.17718516561849018,0.04578756937508688,0.0,0.17499363091168352,0.02331059676252112,0.07038004547736199,0.01713613287844762,0.0,0.18777614364950335,0.09373984409508918,0.06461760471233235,0.0,0.02458678105756107
0.0,0.021695129285706383,0.08126002953400846,0.09354907331896056,0.1412971145232751,0.07510860082853865,0.03103163558156652,0.0,0.01632026589161706,0.09807064173439439,0.07274194969965597,0.0,0.07762256530357936,0.15900821569455248,0.11881599170929213,0.03131894457447926,0.0,0.0,0.0,0.0565887061069561,0.08652907354907446,0.15041678505350697,0.0,0.1638035354616223,0.059093365993368785,0.0,0.2965565830164123,0.002327318655729993,0.0,0.03328375053357169,0.0,0.0,0.006286482116466541,0.0,0.1972191903217948,0.14527921285087908,0.09788846039445653,0.0,0.04584835921418806,0.0327623325780122,0.14358328762593242,0.06368982414181756,0.0899858666866784,0.0,0.24841854131914065,0.07234893545053644,0.5992692253310228,0.32403219794400373,0.03338975011599521,0.008925901341390485,0.033708953563348576,0.10564403868037875,0.026655543220253097,0.0,0.07723739079114367,0.030114328827692827,0.09199784354058238,0.058640109609943813,0.0,0.0046873235533331226,0.1271810299137992,0.0,0.04577215520613098,0.0,0.019721994641085594,0.051898036015294746,0.11628259054720003,0.013641710898269377,0.05798023962089349,0.0,0.0,0.0,0.1006520237808437,0.052795617342477286,0.0,0.0,0.03345946526338617,0.042369242175325894,0.037178638683033505,0.0,0.0003965338602212043,0.0,0.07508242885383387,0.0033322194328508914,0.10865990815782789,0.0,0.09244102772595442,0.043304383912182054,0.0,0.07089924845720752,0.10974467654940723,0.0155330725496996,0.0,0.05315071381655612,0.0,0.0741554806333311,0.09500118955823789,0.09396996798166102,0.04087774410542089,0.04812803899064377
0.009970689607688321,0.007308817907607956,0.02968508524132929,0.044491872951715195,0.0,0.0,0.0,0.0,0.020948489384919,0.12240943087354594,0.15299263836241783,0.254912902503011,0.29592241727025037,0.0,0.0,0.01310081396389462,0.07816996513372443,0.10071540073110974,0.0,0.030431219017759137,0.002350030093885014,0.12127394170627426,0.16311454191548558,0.0,0.0600447264834707,0.0472229053037605,0.0,0.06434979731936785,0.050221308224715155,0.0,0.050571495225552265,0.0,0.024147233347506347,0.12397037447168158,0.009908867995292336,0.06608737534449505,0.08540602675515707,0.0,0.0,0.0,0.19992150828529764,0.0,0.08687998627903948,0.058169843699825474,0.13109359363369322,0.11198739661548673,0.050426370044999835,0.10989088072943876,0.0,0.18911233324027155,0.0,0.00784539440118781,0.08263087759803689,0.08286665639619617,0.0,0.045783799503906764,0.008625247242051604,0.0007784373632890862,0.0569519852979079,0.0,0.04191335276685004,0.05679560480201706,0.13700493411852088,0.11691983515444226,0.017609670277673573,0.03989710974390004,0.20109565870887636,0.0,0.1364309807505366,0.082610555067816,0.16825807580056917,0.13078131962154504,0.055475442472784575,0.11815103423249607,0.08120484298544595,0.06244975896482918,0.04954568646122137,0.018616867421062278,0.06168752803714783,0.03614664685186453,0.1942908937797121,0.08089110201391492,0.008273027539735356,0.03928052864545206,0.020840504711526098,0.08315042851821852,0.0,0.0,0.15515641538542324,0.0,0.0,0.07251398664380115,0.0,0.0,0.0,0.010338629633517282,0.0,0.020954632622408376,0.0,0.12344286817114636
0.0,0.04139175640281678,0.0052536307938133575,0.0,0.03506626450384065,0.010442084632142024,0.02428193401514145,0.08995294699736966,0.04889008236127035,0.07261890183125619,0.007580529648839818,0.0,0.07683724286817561,0.06430346678281618,0.06778933402345988,0.0,0.0,0.17056466116595148,0.07253538488557787,0.0,0.17375169394460022,0.0,0.059093365993368785,0.0603304407691847,0.0,0.24678568527665812,0.0616494437127062,0.07526109196514819,0.0661507857053838,0.023397909477226975,0.0,0.0,0.05230591502699289,0.10380955715693219,0.06164781071842773,0.11352937740730873,0.0,0.0,0.0736205451518499,0.014750719981677651,0.13801948131527597,0.2402134267802869,0.0,0.0,0.05466643849870012,0.1139505783199728,0.0,0.0,0.0,0.0837820517492518,0.0,0.10666434609890763,0.062271711087721116,0.12408214136031903,0.08592530688831301,0.03135004218616588,0.0,0.0,0.29574062686640223,0.003787481793666725,0.08273415196172218,0.011523328858332071,0.0,0.12033092514229438,0.025083048416179032,0.0,0.021316400106072386,0.10958942466327715,0.12260249390407951,0.15712202636983097,0.03063852762840691,0.0,0.04736896506417532,0.0876738817482523,0.0,0.32149624282975475,0.08559266422966783,0.031671312102269145,0.0,0.0,0.0,0.14020316896074458,0.0,0.05020876469581648,0.031638522808986824,0.04242570995169004,0.0,0.03478943631641185,0.0,0.0,0.0,0.00902545730032589,0.09544178032651329,0.004574267571276991,0.0,0.08143915841213634,0.0,0.0,0.12488319705590367,0.055292151318045324
