0,1,2,3,4,5,6,7,8,9,10,11,12,13,14,15,16,17,18,19,20,21,22,23,24,25,26,27,28,29,30,31,32,33,34,35,36,37,38,39,40,41,42,43,44,45,46,47,48,49,50,51,52,53,54,55,56,57,58,59,60,61,62,63,64,65,66,67,68,69,70,71,72,73,74,75,76,77,78,79,80,81,82,83,84,85,86,87,88,89,90,91,92,93,94,95,96,97,98,99
0.0,0.0007221148559133361,0.0,0.0,0.0,0.026131376112660476,0.00492279855587352,0.04297526265251683,0.0,0.07815621841811815,0.06440897178383809,0.09820792028521108,0.036341190035413806,0.0665399324724838,0.046030673668731925,0.02736943410039805,0.0,0.008541830374579007,0.0,0.0,0.0,0.0,0.01928111318883996,0.0,0.0,0.0,0.04997498654899024,0.005087655392026047,0.0,0.02462762380113581,0.03947202649712844,0.07455193740933463,0.032515744483862186,0.010991269077624377,0.005784558793130223,0.09864550237896763,0.0,0.13236824405417558,0.00933735211984299,0.07468902488117024,0.028680145233823673,0.0945925408631707,0.008131425828313166,0.05448830941877558,0.05091810595198121,0.0672278165535296,0.006689768762196735,0.04944859918772426,0.07580918344778498,0.005029971288164958,0.07938760033444003,0.018572388842747145,0.03927579090226585,0.013062316276128083,0.0,0.024615748742597976,0.028476344187021052,0.0,0.0207123472082138,0.0,0.051058964131031725,0.0,0.0,0.006733974469385284,0.06168747660346252,0.06991613070724689,0.013900120856483067,0.037197010532521446,0.0,0.0,0.01400753453473147,0.02722666090204351,0.0,0.06245542827432171,0.017517448942072633,0.0,4.780753454936004e-05,0.019947106431497996,0.11710009875371519,0.012826124201611222,0.026370445290722522,0.045609678336476556,0.008629588608221272,0.012001446409753314,0.022060633089048043,0.13578245373571862,0.0,0.004612236504788481,0.04112306177445957,0.0,0.0,0.007182326607356959,0.035371912048082876,0.006022518074687344,0.0,0.0,0.038810612519247556,0.0,0.028357067493402166,0.09721022391211465
0.0008301178799978715,0.0,0.22417488329901625,0.2607045943463606,0.18974791940550073,0.11442521937033767,0.35249787120759457,0.35437423946359203,0.17789504529993128,0.06930839540312927,0.04221689787859395,0.07427347208969914,0.0527362748362421,0.08683702706010932,0.11457157460639511,0.30559714455223697,0.004074245579460456,0.2080166842229212,0.0,0.006141040544836773,0.08601763396727558,0.03479256956251131,0.05188404429026017,0.010177696057164454,0.0030878976150283677,0.0,0.021190956379890658,0.06215990138019256,0.02968196739280149,0.05014447591447313,0.05206375514563444,0.0,0.0,0.13403922009978553,0.121623810391839,0.016723893275435664,0.047721964417923424,0.0640150758267457,0.010872476469781844,0.03768312113741512,0.0,0.0,0.05399592718512736,0.08324581494144434,0.06596888858685102,0.041521980378196766,0.0,0.02790783165894606,0.0,0.0,0.05719817686017281,0.41087634360523184,0.3531457044986279,0.3987983210082362,0.26422298178462666,0.04543112317899567,0.22375797600419034,0.34698698772514724,0.04790191370369756,0.03224117463546117,0.04140949050649523,0.0,0.0938614669836979,0.04359691240697394,0.009912703828494074,0.1212759419709517,0.03355803201032437,0.03869893007798186,0.16577795472052959,0.20026740721831127,0.13234668524586146,0.04391348406518647,0.2009070290519781,0.11525076947990565,0.07954040763780812,0.15516605364369873,0.030938485310039177,0.09564204991462599,0.0,0.024414495177986772,0.10540638801874147,0.03537971293906006,0.08797007952007307,0.01995736476347787,0.06381460905395375,0.06630499262903555,0.005279501959899235,0.056291682116921926,0.05368078880424143,0.08758625859098457,0.009555145410069521,0.0519624721512173,0.04007087658284414,0.024537097951806697,0.11490871266866165,0.04214190731230971,0.040380181701511475,0.0,0.0,0.0
0.0,0.22417488329901625,0.0,0.0,0.05648498721913908,0.1629376883700746,0.16580472572680538,0.18439388347975205,0.04620415920062948,0.0,0.07069437638982512,0.03182375119903469,0.0,0.07194290701892969,0.023287128966385406,0.1199347341573036,0.016492876734850892,0.02704514881553921,0.024981323039983128,0.10258577320958562,0.1414109739233944,0.0,0.03271355833923506,0.0,0.08617655796164714,0.0,0.006651563014298922,0.05322281505053583,0.003346512448287875,0.0,0.0,0.0,0.03083803250906536,0.070359027262211,0.07883867645736409,0.03485977606292323,0.0,0.07406054954841412,0.10354181518764838,0.059017001063601526,0.10875631977202538,0.03630951357563372,0.09717001930554314,0.005158498494663988,0.0045559945487649856,0.05014927443802719,0.015429514026388258,0.05827675154780465,0.04854513913384739,0.0,0.05427205125679313,0.2856895825845327,0.11038700490113484,0.15575949523464727,0.13820062776919917,0.15122143612033634,0.17065886923207607,0.19017552186868203,0.022211865857008295,0.07456165777995327,0.04357262533572959,0.0,0.08308775246334754,0.0,0.1370687570735809,0.0897657411177688,0.0,0.07164449078172153,0.06886580249044716,0.12821499477914777,0.05372322360789816,0.1059507392429695,0.05977043254441616,0.10788453110139962,0.0383439874063205,0.04690220830976166,0.0,0.060506623633167056,0.0,0.0,0.058216037327175396,0.05620400922593616,0.01202054078788617,0.0,0.030875562995683392,0.002096147433611417,7.382466341843141e-05,0.018431901698156672,0.07449402108354608,0.015159456842468,0.05348590190193514,0.07999030473578816,0.05625064686705672,0.07133828834588574,0.0,0.02502469683022479,0.06444501901256272,0.1281279989544193,0.032486504634897884,0.0
0.0,0.2607045943463606,0.0,0.0,0.11201633819793377,0.0,0.13844938804380869,0.16129184767787663,0.0538793026373825,0.05254153849090493,0.005958766716370967,0.09824652215929763,0.031395071888265846,0.06644904062230994,0.0,0.21361207932497983,0.0,0.1025665522620769,0.0,0.07611635238045489,0.0,0.0,0.0,0.019375265051868595,0.00593456391095204,0.0,0.0,0.0346428490753623,0.019265568131934696,0.0,0.050253568732268494,0.013713159798041996,0.06027134191925798,0.0,0.0,0.0,0.11452387108300455,0.0,0.0,0.04784723906532218,0.03566087641775839,0.01884305492661742,0.0,0.05395183321775221,0.0930092413950554,0.0,0.0,0.0,0.05900340418441319,0.0,0.08436550791472541,0.06226327187818459,0.1840277654622029,0.14887596020548566,0.045385734619861395,0.03220818392176783,0.06417515136917773,0.0398017514645983,0.04728718307650803,0.0,0.008411785623345658,0.05011096880211774,0.03703987510443696,0.0,0.02645180553161497,0.016690894588361704,0.0,0.05627593352195026,0.082830329408492,0.12250716005619866,0.20521235073927047,0.059890122601729434,0.12888709534706555,0.0,0.11682624110711837,0.0,0.0,0.007883282362639132,0.04436344592758035,0.14517124988020047,0.0,0.0,0.022732008127094527,0.011776536878849608,0.0,0.0,0.0615943699952477,0.017554390567465106,0.053071371782786425,0.05434920656423481,0.0,0.0,0.05098312424710283,0.0,0.08168232066288938,0.0,0.07750707611347707,0.0,0.04478702214643615,0.0
0.0,0.18974791940550073,0.05648498721913908,0.11201633819793377,0.0,0.06351235550823464,0.13526647950071835,0.19248201418199828,0.12651130282575807,0.043598033012010706,0.04107119264004888,0.036896424548229945,0.005657695250488537,0.09386613412173883,0.0017707485778193366,0.20138686306883846,0.05308524759404376,0.11369685560094478,0.020965898437594443,0.07346976157957608,0.10562665019202155,0.13052231797526792,0.021447609291050718,0.1276761374947557,0.03413380726588233,0.12455920147692323,0.07743512379516337,0.06932986764899951,0.05706163775717865,0.0,0.05917734232149563,0.0,0.05519977706234691,0.17571957051900888,0.06084862230517141,0.1198592072797835,0.06882474506319936,0.0,0.016491198621519487,0.0,0.1348729085554483,0.0,0.0,0.0,0.010829768463442413,0.0,0.00392552779392874,0.056899540534614435,0.0,0.019831589723808385,0.13803988948617718,0.08897589250870341,0.07880369541812504,0.2590634605016717,0.06458365560667856,0.0599923931626547,0.1555942689773815,0.1378786414684945,0.0,0.038941329471444686,0.0854876566406606,0.10183077698278264,0.11021049003833294,0.0,0.07785579388169461,0.08943776027890449,0.0,0.06751018277178877,0.12042479193747235,0.19581880300529741,0.09150506845611517,0.17760897199903347,0.13082185809821256,0.0,0.09709240731847002,0.04110229873503224,0.020158637918577416,0.035518467549911836,0.04644766618699858,0.07164366111663156,0.07707810373613677,0.0,0.0,0.042269036342001964,0.13264730040540895,0.11351638720127655,0.07120710623156734,0.0,0.011778060345129848,0.0,0.0,0.03270290314179247,0.0,0.0,0.10052588834781107,0.08368307398595709,0.014703376731386886,0.03843565344283961,0.0,0.006653853449470226
0.025997793424976656,0.11442521937033767,0.1629376883700746,0.0,0.06351235550823464,0.0,0.16058494677626012,0.307585301832503,0.3771330502697956,0.12176326329197273,0.04599264755013088,0.04051247956112869,0.0,0.14778727538958414,0.04036902218644833,0.08630895090913793,0.0818181547047856,0.14421994902042856,0.01634955449521769,0.07937138551138156,0.11416410007039168,0.014161795543988553,0.1628633551452774,0.0,0.032163126874470205,0.05275299874283945,0.04657043496208724,0.0,0.11015090893965951,0.03469784146180155,0.04418466419329059,0.09274915846660026,0.0,0.0746979932682823,0.06928015146469546,0.03519251420566061,0.027314121881936604,0.0,0.034180844849410086,0.10362975383729278,0.028876894595535774,0.0,0.0,0.13458583193923834,0.04613770111744264,0.021850213214157588,0.02420677699756535,0.05797072460495656,0.06685934836627894,0.0,0.0,0.12587858045732148,0.07646827203574835,0.1516622784970174,0.6520132775805174,0.33490096001201186,0.1285916823921096,0.5259408150420821,0.14491384065856927,0.017617676162453577,0.10392570948035607,0.0,0.09589154702310987,0.0548608611115724,0.034538230146444526,0.03863991018495039,0.09441722539523623,0.0,0.07333241927238587,0.12346121367123919,0.09661972978149258,0.1129352699129158,0.07419682809314754,0.09568289646596995,0.07273952829106722,0.13141202234078175,0.0,0.10205626228319709,0.0,0.0,0.0,0.012263015990598536,0.11059153553038259,0.05773803425105095,0.008038942482299749,0.034610648648381925,0.0,0.06760687662888643,0.11825534639006685,0.0,0.026775249214059826,0.0,0.04191330927164438,0.07266420854184164,0.0640918791564613,0.10515800240793505,0.02395589098724127,0.0,0.027844832159203303,0.0
0.00492279855587352,0.35249787120759457,0.16601623164897106,0.13844938804380869,0.13535890225662284,0.16058494677626012,0.0,0.4389874023661742,0.1604902010696465,0.10227187491659073,0.015414367036910459,0.05216480612038987,0.007866385501545725,0.10494070102740505,0.07801043865836554,0.33562092669361165,0.12272461594499484,0.2718517587464948,0.0,0.15120509443585828,0.1112195947603869,0.03979779262348382,0.13528681117565755,0.12019601246979628,0.009819900595295472,0.09867009170238683,0.07512673369205913,0.026817779495695415,0.06692128307050238,0.0,0.03224090274952163,0.10463759997763811,0.0030406918737018174,0.1147854596574227,0.09498553080936034,0.1276188866706116,0.0,0.037787787921132576,0.06621327352390916,0.29356091442247134,0.01924575827545505,0.0,0.07424458760145436,0.0,0.0,0.0,0.024800562146424898,0.032742710535032415,0.0,0.003725271138859565,0.10991226637966411,0.3841127826463868,0.33991467088555183,0.23221913348417456,0.18849826505405431,0.25846185590089465,0.7015362955304743,0.22564861293742533,0.04370887299258719,0.0,0.0,0.008795097086684578,0.07570338554853606,0.012937469514357591,0.04700254514544344,0.0,0.29440787133053803,0.08908625487287969,0.08973110834514175,0.2733586222909019,0.2792352607075106,0.2585007636955021,0.09402255125611036,0.30910852551983536,0.014581718562945323,0.09951279535695079,0.08927774372194186,0.11641758164648053,0.09541967047104105,0.05665192689272747,0.0,0.023496397373806044,0.05414807097215801,0.04690787725521384,0.07123671006120347,0.0,0.0,0.0,0.1528896739833705,0.07599410160855546,0.05048886857355939,0.15146598141241796,0.0,0.03902408309985805,0.03952187883432057,0.06722769450076882,0.03654286062816903,0.06816414624915001,0.04419870802757231,0.08269726296759305
0.04297526265251683,0.35437423946359203,0.18439388347975205,0.16129184767787663,0.19248201418199828,0.307585301832503,0.43872023699080653,0.0,0.41918125353556857,0.06596329483245489,0.03281400011037672,0.0865568936686385,0.06498092517289633,0.1541443009435941,0.12973124808546688,0.26241112695281466,0.18257372890222,0.1973168156086138,0.038101379770397514,0.06938610223892017,0.19556655047172988,0.0,0.09437112967665895,0.08517613473485897,0.045692361662986514,0.020677520969844654,0.06267704957943643,0.0,0.13017711625308648,0.0,0.07152187047452552,0.0,0.0,0.09436306855777365,0.0,0.0284974552944397,0.0,0.030233803239141377,0.0,0.07250548875792573,0.0,0.0,0.08151059724675758,0.10569792691414648,0.023529505731325173,0.02999465143123503,0.0,0.0,0.0,0.017979106497998387,0.04796286892265078,0.39028195381007524,0.2356997681290296,0.3926696292692884,0.48441973239594693,0.24031269546346312,0.5262580393686833,0.632964633638236,0.015443806583225417,0.0,0.034282693418147936,0.06483478530581976,0.2616684127495854,0.03141492199787432,0.1235197651729476,0.13015249448906996,0.0,0.19082425731361985,0.18229274591952027,0.16501557839022363,0.19693505659012267,0.24437525749418088,0.13223246421624513,0.09273196534312023,0.037848702336523043,0.12698940562389494,0.08490915710775448,0.10752828265687775,0.027265734580215195,0.0555655321273445,0.01876014372677659,0.0,0.13510944263647584,0.044578928258939055,0.0023999109825472154,0.0,0.0,0.043911364334937364,0.027461204491667335,0.09319612946614564,0.03440727192240667,0.0,0.05544807886609915,0.0,0.0,0.03302047426056687,0.07343276899764417,0.0,0.0,0.0
0.0,0.17789504529993128,0.04590556260463119,0.0538793026373825,0.12651130282575807,0.3771330502697956,0.1604902010696465,0.41918125353556857,0.0,0.042731558724461216,0.0,0.12569713048412057,0.10354367212134186,0.10399476142915898,0.0405953660287639,0.10804012675662733,0.13226667564140948,0.17050047487009667,0.004936521283989137,0.020590286088695287,0.00692956927681454,0.05540090060100056,0.07348800236225683,0.04542571550065544,0.0,0.07155097374834396,0.023502648528207715,0.0553597662776113,0.08655505088877424,0.012895765227097122,0.03703555131274028,0.0,0.0,0.03933168005272947,0.0,0.15425197449020756,0.01828172916570736,0.0,0.0,0.05550980872158995,0.0,0.0,0.0,0.0943583191536903,0.03349749461160645,0.00037905516642045,0.0,0.01553348343887695,0.07404160910588997,0.0,0.04051287853095298,0.11664566840727275,0.07237027268489316,0.22025656252132686,0.28627310757757396,0.19680977868253846,0.18105081106057241,0.7850173217946872,0.06034732161912215,0.026072726360097054,0.08902103539767348,0.002092415175290796,0.13239533013963145,0.07332556000277934,0.089824678318279,0.04369152840124979,0.08781792582538239,0.10742668469280581,0.058636100237477784,0.1853323255138104,0.08417788296690665,0.1008969650305378,0.1063064166296086,0.10474224694317691,0.05420015496994601,0.1774584442196856,0.06837320820669568,0.10678043253514247,0.0,0.06689569702276943,0.04062996285311593,0.0,0.10580163037777135,0.07261570724442334,0.060070097423293056,0.05419904197125014,0.0,0.03618007074573981,0.020653298230167483,0.04257459845604439,0.013092980494858963,0.0880562347525804,0.03498827669070481,0.01962678939897522,0.018548627376243854,0.10027002336273716,0.0,0.02130241111706832,0.07701663295660444,0.0
0.07815621841811815,0.06964680487859454,0.0,0.05254153849090493,0.04383975406591478,0.12176326329197273,0.10227187491659073,0.06619402856572609,0.042731558724461216,0.0,0.18020383371271143,0.4027039447765177,0.09541315235330927,0.34762180558287614,0.28352672119443234,0.1157862644183405,0.033599320360164775,0.001236507506614526,0.05407404929963322,0.06090667452286569,0.11729998144081843,0.028918496350399447,0.012553524716053754,0.09684766178526472,0.09152922253075468,0.06632254863403597,0.0,0.03422925198225313,0.06658699268620216,0.0,0.08434818608886019,0.019919242103795032,0.026768030001318444,0.01546349488890053,0.045480916214243106,0.0,0.025870410949531575,0.016706408510816395,0.022360304062244207,0.11981585236753922,0.11623211108330489,0.011309540069217139,0.01152375604201783,0.0,0.13827341099595714,0.034021686945479246,0.00038981211465882737,0.0,0.01437109139661974,0.0,0.062041252516404466,0.08876755074693188,0.10135565309209271,0.1870445784374164,0.11933189455103843,0.01536261105303982,0.040060678154543616,0.13768070951441436,0.4821632548704886,0.005801281916338663,0.20013362550202496,0.13523510483820722,0.11313922612811522,0.13291431119503505,0.04806956689392994,0.23111217662779948,0.03664841861803758,0.07115136314329007,0.04038539075732439,0.0,0.0893481306110746,0.157090812616969,0.08321950955157975,0.11816073577982245,0.0,0.3572094873169722,0.0,0.20419839135070905,0.026891874377701797,0.08091913739718004,0.0,0.06599869321660945,0.04400166867826627,0.028222133748633027,0.04109332002704402,0.0,0.0,0.0,0.0,0.008200948684272902,0.002309715939871726,0.1509265395149515,0.10700452966719931,0.06421031904541552,0.1622112567001035,0.16000113907651325,0.11932684474610644,0.003147491315356188,0.02168532737941664,0.010022673719795705
0.06440897178383809,0.04221689787859395,0.07097638428604647,0.005958766716370967,0.04107119264004888,0.04599264755013088,0.015414367036910459,0.03308116548574347,0.0,0.18059430618440242,0.0,0.13957830870411048,0.0,0.06608333353969797,0.13364997042107296,0.0,0.0019506738522183653,0.08925377862407835,0.0,0.0,0.039303254436699575,0.0,0.08774665823486094,0.0,0.0,0.16366967198948545,0.05171752161119603,0.08349268232516671,0.08574520921414175,0.12745526863139212,0.028657626623635135,0.0,0.0,0.0,0.0,0.0,0.017800835941826687,0.0,0.05599462844030478,0.010135491420823595,0.06304707443931123,0.12635555495375383,0.0,0.10905884130427923,0.04888672539624128,0.03849770617649151,0.0,0.025517011591853933,0.015214531361229966,0.0,0.01587757128809253,0.10763814867304333,0.0,0.10312177713017023,0.01880591762749395,0.05996114957273102,0.0148216534649106,0.0,0.21892724027348764,0.20191468894779785,0.24327130297650879,0.015999134970040796,0.15135125402754301,0.10225036952242217,0.0,0.04476143679272715,0.09535096747348515,0.028077986292735613,0.007554423101289842,0.0,0.02026104502356718,0.017775805188056548,0.10138679793187677,0.0112837805546806,0.06173752154197665,0.11482949675099041,0.0661658823037703,0.036025676534138906,0.003522146996099984,0.0,0.006084470097795336,0.05102901503308388,0.020384486663285628,0.0,0.038957289903695624,0.0,0.09109950607164086,0.0,0.04606012343978971,0.11371053543462084,0.0,0.045056536437325434,0.047955466501931276,0.035701051318804744,0.21296380599424092,0.11395419538738238,0.013386544058264782,0.060810854673830406,0.10599885713712087,0.0300904205308834
0.09820792028521108,0.07427347208969914,0.03182375119903469,0.09824652215929763,0.03710793047039607,0.04051247956112869,0.05216480612038987,0.08676839959080418,0.12569713048412057,0.4027039447765177,0.1397898146262766,0.0,0.2577656942326163,0.29441902621529525,0.19814613122649627,0.01217938776487637,0.059633035788694944,0.0,0.03200695952301924,0.10302828727289182,0.009522414921939948,0.07887372802564352,0.0,0.1951048867293177,0.0,0.00107050705438283,0.0,0.02085750208726722,0.006737136418044631,0.0594721368444735,0.02674893901642461,0.0,0.0,0.026298246015830973,0.0,0.014136450446966542,0.06693806004035041,0.00572051512500904,0.04631405155631452,0.14455734264725262,0.03826402687417518,0.012573049654888813,0.003777265500629845,0.027751272266551386,0.018471383447792533,0.03121863071165576,0.0,0.013969502636435482,0.06802732338539563,0.0,0.0,0.0,0.01880554695294956,0.18301221603809026,0.05239945328919626,0.05674642027846932,0.1101748834813292,0.16383234490538623,0.23870155279748628,0.08740523602465133,0.43386989296289746,0.14467265123562933,0.1735910124054394,0.009023265772091449,0.013191730449679362,0.07776627514119294,0.00045159229574220916,0.0,0.01605884695753046,0.08475281497238774,0.0,0.0,0.06393527204817051,0.1374735025038869,0.29675328906019827,0.3498467983287017,0.028123002495201277,0.16700370130062314,0.0,0.0,0.04530986291249439,0.0,0.0,0.04245947486213053,0.0,0.027344948523004398,0.02701916364344914,0.0,0.004244773381894884,0.011771311614788615,0.0,0.0,0.03174449963334025,0.0,0.0,0.0,0.061609122019589346,0.0439254004404952,0.07196502518674519,0.0
0.036341190035413806,0.0527362748362421,0.0,0.031395071888265846,0.005657695250488537,0.0,0.007866385501545725,0.06498092517289633,0.10354367212134186,0.09509589347006075,0.0,0.2577656942326163,0.0,0.215479104941513,0.055078348006523115,0.06774349220093523,0.039675200926342136,0.0,0.0,0.03684316303734736,0.025281888122786533,0.06086840601309529,0.0,0.10406855472857268,0.0,0.031459550169460115,0.03917315988792103,0.009974010982562564,0.05910984529443075,0.0,0.0,0.09202521664087415,0.09220663690813513,0.08682127284922192,0.040131492902901744,0.0,0.026637873804582046,0.05141180032259074,0.04880483968988214,0.0,0.0,0.030705601147429373,0.08047095523326275,0.06428857732239557,0.01982934006460635,0.010510367946751309,0.0,0.06720921678997804,0.05646104081471748,0.0,0.06814642416113337,0.0,0.0,0.05335299307295793,0.07162261667483838,0.010134589802659466,0.08768830029534413,0.08698323970586141,0.058018661563805196,0.0,0.036854582773244715,0.5218181088566598,0.13216906371861636,0.056310866546055216,0.07412781585483286,0.02787663557896547,0.0,0.04256691698674686,0.025348533520988425,0.027070488211503374,0.015609969445907979,0.07866021444679028,0.04708738831485526,0.03370995166967239,0.12547177788932107,0.0,0.08351397552610695,0.038842624471005394,0.0,0.0996158791924584,0.0,0.0,0.0,0.0,0.0,0.0,0.04036963569529117,0.008756140899778941,0.008325098412276244,0.06563319655081568,0.03440390863628506,0.05226783749079722,0.0,0.06361997244911288,0.0,0.027215615198087573,0.0,0.05667698852730618,0.06892394975778204,0.03178768604246818
0.06637072773475117,0.08729849452665306,0.07166089912270879,0.06644904062230994,0.09376904846434053,0.14766346704490152,0.10458349102552544,0.1541443009435941,0.10241773993265602,0.34762180558287614,0.06608333353969797,0.294323249948655,0.2155596786261471,0.0,0.20291438117811422,0.06311712605622688,0.07798852500392917,0.0,0.02334148819242543,0.003646003687564292,0.18608356788026592,0.0476801056774816,0.04410020809183601,0.07108386886184093,0.05521670069600759,0.011245759503315078,0.005966062086153023,0.05891582774813564,0.04034771459441888,0.06954574600505037,0.15765895147796583,0.0,0.0,0.0,0.04857568889127828,0.0,0.0,0.0,0.06715721554848342,0.06838511177573903,0.0,0.0,0.10064223848089648,0.06856514909160927,0.03658561935452154,0.016046379325767024,0.0,0.0028975082394198104,0.0,0.002663750553394184,0.0,0.11550251366920739,0.15050771337511515,0.20748119811326804,0.2257933595633137,0.0473466784950225,0.08899528625938746,0.07175055779616013,0.06077555074754937,0.0,0.1456144759039506,0.0742205222547514,0.2464554979767426,0.22165506302305804,0.11987606871000711,0.2074672935561077,0.0,0.04369455876788786,0.08251527058685015,0.0,0.05274460261219005,0.08393854954224,0.17595810650086818,0.1372794516141842,0.061346663681614455,0.1722909966874866,0.02504379065920448,0.12175715020158329,0.0,0.0,0.0,0.005177887043288809,0.022923987302767124,0.0,0.016499733513771986,0.0,0.017733452035020303,0.05474760256677147,0.0,0.0,0.000755787364860705,0.0,0.0693017960149187,0.011019233031322795,0.1006194571648189,0.08576600340093332,0.0,0.08752205106659217,0.027595184502744452,0.04426074796600599
0.04561391323096675,0.11457157460639511,0.023604387849633923,0.0,0.0015592426556532146,0.040108020811172373,0.07818635786981742,0.12973124808546688,0.0405953660287639,0.28352672119443234,0.13359363890590226,0.19814613122649627,0.05528139369180174,0.20298391737170318,0.0,0.08454486362286007,0.007951222579937411,0.12003301340591355,0.1092489804686041,0.06116124778981469,0.20179089890682,0.044824815214261626,0.12710364534950847,0.1476671898714632,0.0,0.14545105734357877,0.03018290790396483,0.0872559106547266,0.04363799567159976,0.152818807604711,0.03844506507257606,0.0,0.054191267075399896,0.04898132387574794,0.034972060121152726,0.023846006492121763,0.10287738310308914,0.0,0.09305371213982605,0.02616058664407328,0.0,0.04051363511012118,0.0686426230939916,0.0,0.0006219443942940828,0.04286114434020227,0.1207480023201426,0.0,0.0,0.09153692942845293,0.0,0.03742653450109046,0.07643307320017101,0.0857782255533528,0.1418247724875279,0.0,0.06448663503052465,0.08251873158560308,0.34350636410314817,0.1008464192828269,0.2124930526276323,0.0,0.09465931794014582,0.2567012096802892,0.2416272360551841,0.32509789016412904,0.13254272017874813,0.11169157349171499,0.03897185631010158,0.0,0.12616908254322556,0.0,0.06458059925317405,0.12044740323815661,0.17509979124231378,0.1558325220679153,0.0,0.0994587113656471,0.009357267491358456,0.03823095925210218,0.06375242627935318,0.0,0.049901579156691245,0.0592925801133517,0.07705236188400644,0.07600685500734938,0.013014975516793204,0.17131886949671893,0.025948856209571325,0.034502892116295314,0.10722905052067322,0.021676592294102015,0.12403196085462032,0.06653745715418502,0.029777775891577374,0.0,0.0265452530638135,0.07065102253245481,0.0,0.0
0.02718814330996988,0.30559714455223697,0.12005854250198622,0.21361207932497983,0.20138686306883846,0.08630895090913793,0.33562092669361165,0.26241112695281466,0.10804012675662733,0.1157862644183405,0.0,0.012360678555304538,0.06810607378179112,0.06358368323747499,0.08454486362286007,0.0,0.05072400157935597,0.26618727521705887,0.028045174535831663,0.1540479765936249,0.08043647266033283,0.012390053135359125,0.0839599803640807,0.052238330539254196,0.0,0.11817180153369744,0.08584350022286635,0.04957891387050095,0.0,0.0,0.024666931459151886,0.0,0.08332821647062172,0.2561023585507418,0.13794963307137076,0.1890560098683114,0.0,0.0,0.021750411425774274,0.23423598941315182,0.012517712712159845,0.08901918038738055,0.06692744398470118,0.1404300699147636,0.09099182989181731,0.03352652682492785,0.08011379649777739,0.0,0.0,4.5711835269912626e-05,0.15419542520715446,0.2834405744591524,0.42304866965123455,0.1837613399005651,0.20647717169333824,0.04891965457806835,0.34026470384530505,0.15339773428788162,0.0273932281134055,0.07325754743230206,0.0,0.0135521004631034,0.0,0.05791693879622084,0.06214707933717056,0.06400599274281582,0.31897279862700856,0.08619604988539287,0.017008820059967178,0.1660404632918464,0.2365305443465191,0.027431938750739793,0.19213143483785533,0.1222723936318828,0.08300530882917068,0.09427069635146834,0.0,0.07070004847072342,0.006285836111387777,0.12198955234575015,0.06665232477316607,0.05549063897629791,0.006431159019753885,0.03693936968620326,0.12377294479471646,0.0910511946229513,0.0,0.0,0.10630692991350976,0.07203412919906915,0.14798537971501702,0.025639555727926755,0.028882016779656183,0.0,0.1767611454451914,0.014245537479283144,0.10952112479728449,0.09689262908754426,0.056762526204301444,0.04525587570977141
0.0,0.0043414109548285396,0.016656623255237424,0.0,0.05342365706950902,0.0818181547047856,0.12248289489109032,0.18257372890222,0.13226667564140948,0.03351471799129824,0.0023866097854012835,0.05952728282761255,0.039675200926342136,0.07798852500392917,0.007951222579937411,0.05072400157935597,0.0,0.19179618559178246,0.0,0.09865648443121788,0.0020906869798675842,0.16217890756768405,0.1238635396108081,0.13865742468313735,0.0770404274255565,0.0,0.08560211934612427,0.09532737025152738,0.060495405281851156,0.0,0.0536532838352497,0.0,0.015237008085730697,0.14606231439137485,0.11491759204090757,0.025697761748050052,0.0,0.0644165981393785,0.02848808474763409,0.08022329421647179,0.0,0.018680657010475166,0.11294545219770269,0.0,0.029976128656345136,0.039809004899178824,0.01863552701198845,0.060474319724745484,0.13447488955240816,0.0,0.0,0.0,0.02657586217779473,0.014886229583032318,0.1266831099115442,0.04915438367586722,0.05530155895076749,0.2210635007433508,0.11166627822796382,0.0,0.0,0.08455789494349863,0.07573002033871923,0.12263707157320525,0.044901853642702605,0.019363233989682094,0.04064728941737883,0.21833113206946564,0.11407370712668197,0.05199897145905075,0.0,0.10201372659598196,0.09891378492624003,0.042349156393327814,0.14516553310019198,0.12011021233548291,0.2782651021707303,0.23236836429874996,0.06354502613768132,0.0,0.08856102892610185,0.03339722791150779,0.07231515745723671,0.08605531710091041,0.16447699207344257,0.07669214426650095,0.03807675017894763,0.0767786958113752,0.0024429341675817895,0.0658096233677572,0.0440805797486199,0.05516670258199996,0.09900925981997943,0.0,0.041876595143662154,0.0,0.02650853990784352,0.0,0.0,0.0
0.008541830374579007,0.2080166842229212,0.02704514881553921,0.1025665522620769,0.11364909619916475,0.14421994902042856,0.2718517587464948,0.1973168156086138,0.17050047487009667,0.001236507506614526,0.08925377862407835,0.0,0.0,0.0,0.12003301340591355,0.26618727521705887,0.1914577761163172,0.0,0.0,0.2954830692152428,0.11383250048608895,0.18514883327478282,0.39093378746163143,0.08703388566459447,0.0,0.06655256028006917,0.08467711448938653,0.09620638476907306,0.08299342425657841,0.0,0.01067496864291062,0.011524749138892787,0.03502729912691649,0.4038407741993484,0.13062706461284934,0.2071736891927154,0.08352583972044014,0.012583561912180574,0.04941624990247906,0.11228650912638738,0.08486460078515767,0.006658382783430117,0.002526507412583978,0.015431799828599768,0.0,0.0,0.0,0.15187717480201401,0.12139692620673337,0.0,0.01717405492801305,0.21237602100235708,0.27740904992578574,0.17869721032529062,0.2080382385468149,0.19811620941041141,0.2584018941978745,0.2339758308727733,0.009594536583358959,0.0,0.0,0.0,0.03257051144839407,0.0,0.0,0.0031502923368078584,0.27427355851952484,0.1373471082592781,0.16898903000618803,0.41874229488651604,0.24259114085494282,0.1782543276944084,0.23467527693801937,0.007807821014551575,0.08004326663538741,0.12013876046306926,0.10870339592571687,0.24197999763564315,0.047820179092503245,0.03709958918642764,0.12188243000701693,0.0,0.07711918634805537,0.13587824388154335,0.23882800870576482,0.17866002520875623,0.0,0.020738168347520514,0.23041216086562688,0.04632050055866843,0.09722194762546987,0.03892905493592469,0.05514627054004562,0.011433578369804298,0.13542351857013823,0.037779416815467926,0.05773044290864471,0.03806115442386959,0.08614277740740262,0.0
0.0,0.0,0.024981323039983128,0.0,0.020965898437594443,0.01634955449521769,0.0,0.038101379770397514,0.004936521283989137,0.053708171522588,0.0,0.03179545360085356,0.0,0.02334148819242543,0.10890874175273035,0.02815797769432038,0.0,0.0,0.0,0.10798090738268229,0.11036918142034446,0.0,0.0,0.03077645008196761,0.0,0.08061159996382461,0.10073326349543521,0.026653832652003828,0.06012478351895423,0.02176826487927519,0.0,0.01965252321264055,0.05008557327917007,0.0,0.0,0.05039850618425312,0.05181434593883205,0.004486230160361426,0.06029589586078288,0.05925107428125287,0.0,0.09808471916201444,0.0,0.0,0.026536384293747606,0.014538848647502434,0.0,0.03210966051152164,0.0,0.0,0.002733749265902752,0.04089173365124266,0.0,0.08505886762183179,0.022283906760298233,0.07061535687177578,0.09195026825574537,0.032439134428541294,0.053101205347816816,0.0902729689542694,0.0,0.0,0.0002020391863908344,0.07238590955494706,0.0,0.04507518688205092,0.0,0.0,0.0,0.0,0.020316190842625925,0.0,0.0,0.12342373321319444,0.0004646369287355512,0.0,0.03823168537236654,0.0,0.0,0.0,0.054713285325840744,0.08291923469317686,0.0,0.03790024426053984,0.0075766177859448725,0.0,0.0,0.030299125721410025,0.12252733991086995,0.05206287095785278,0.11997599328204034,0.0,0.0,0.025632825722596397,0.0,0.0003940480155231185,0.002040398076213812,0.05797694776936213,0.12675744140210998,0.07695128979404986
0.0,0.006141040544836773,0.10258577320958562,0.07611635238045489,0.07346976157957608,0.0790541266281326,0.15138638522628556,0.06938610223892017,0.020590286088695287,0.06090667452286569,0.0,0.10302828727289182,0.03684316303734736,0.003646003687564292,0.06116124778981469,0.1540479765936249,0.09865648443121788,0.2960470850076855,0.10798090738268229,0.0,0.1005778123174661,0.06999466419417688,0.3037325120910679,0.04496536115061911,6.778479285207695e-05,0.009285056863216123,0.18086741932630312,0.09337105688575953,0.08131937630260211,0.0,0.0,0.0,0.028797940147532675,0.06970757504724068,0.06472669504991613,0.19491491103498415,0.0,0.04247265215852636,0.0,0.1218518396999233,0.008784118533610386,0.065106126608375,0.0,0.0,0.0,0.06281225653225864,0.0,0.09716979616250176,0.024903751854142175,0.0374284047757083,0.053849581938768765,0.061279534225124,0.11319512999985859,0.12038904581251764,0.05289226931189628,0.12911680227190292,0.18098147499219275,0.1506594225608251,0.043284390194678224,0.04383288536236085,0.03041986735755353,0.01514162533355723,0.05691599512830958,0.0,0.01897938101197516,0.06407743834984725,0.1880644937041862,0.10286873992096979,0.07360085201877187,0.2519427543272359,0.31646587532323167,0.0,0.06189832058694833,0.04432601241802425,0.0,0.04340415497042427,0.06307631312147421,0.010686623880104218,0.021795844967648748,0.022866962180911443,0.06604596337232005,0.06838056074725518,0.04732115295426098,0.06658686549246262,0.15978409656965553,0.0791396085164946,0.13592734118653738,0.0706826511210088,0.42924699472131156,0.1674502890626859,0.12204453860072739,0.09847281535262464,0.12537248972586879,0.07313894156403,0.0,0.025219460274924277,0.1297017609068294,0.09755827580061949,0.0254550292458271,0.14945006349950463
0.0,0.08601763396727558,0.1410937150401459,0.0,0.10538492913811748,0.11450250954585739,0.11161006723207789,0.19553865958089522,0.00692956927681454,0.11729998144081843,0.03976472190324287,0.010767278349544274,0.02510684873892499,0.18676622147732536,0.20171085698033187,0.08059621139875217,0.0018368798732684155,0.11383250048608895,0.11036918142034446,0.10032400521086648,0.0,0.01935736054753079,0.1448925850808127,0.17319828644068247,0.019673058453494985,0.05886337680393261,0.044078300575087326,0.04401326917085324,0.07989065873005208,0.0,0.008535222671689269,0.0,0.0,0.0,0.10299189606804715,0.10805868986411538,0.061753364731670146,0.02158485056553472,0.037552053118077744,0.0,0.027311967263901504,0.0,0.04500343195196299,0.021571093078025072,0.1112803170558343,0.034356043080654874,0.003170373598538667,0.0178684899705841,0.0,0.023492545845824164,0.041521303250054764,0.016456084783912583,0.12637159529407604,0.03819798612583902,0.09665483385760609,0.029981810288540522,0.04128461710396536,0.12510809809212198,0.05706105504652781,0.06797494060880771,0.07514143173258869,0.0,0.22236969083835634,0.05834650636298111,0.2428970721719086,0.14850566075273663,0.018961725803523954,0.05422852923350874,0.032388734100266436,0.06833858683125005,0.2978377656752973,0.02091564972579274,0.0854745743425589,0.043669380425928495,0.04107315735798611,0.0797141666497061,0.06497154848089659,0.10203211404265344,0.0,0.0,0.06768258972208274,0.04329850311774086,0.04219110047294583,0.005472522582162576,0.04768068511092638,0.013268234646343746,0.02789877838722621,0.0,0.02299737014593628,0.0646960953388036,0.0,0.04117694581524711,0.06936414560936655,0.0,0.08163022441483658,0.07339479529331072,0.02839797832961022,0.0,0.07292530069169256,0.0
0.0,0.03479256956251131,0.0,0.0,0.13052231797526792,0.014161795543988553,0.03979779262348382,0.0,0.055205664365154394,0.02858008687493374,0.0,0.07887372802564352,0.06086840601309529,0.047726252424136195,0.045390577185627556,0.012208762344930513,0.1626403750342278,0.18458481748234012,0.0,0.06999466419417688,0.01935736054753079,0.0,0.19934802595962609,0.060599042173999695,0.0,0.22349338581329503,0.17585761518111775,0.1010065215051168,0.06888412177303094,0.20117233883876917,0.0,0.14969100393243417,0.0,0.15158946090608083,0.1579587901705124,0.0,0.00901030933833491,0.0,0.02520264111982584,0.055722469396418006,0.07136660188760047,0.13141664069519887,0.11052026380132096,0.0006004962879591069,0.06626757855805598,0.040502290233784155,0.05381271756774586,0.028652605889904592,0.0,0.0,0.0,0.08972893311043917,0.0301523072698906,0.0938409276822223,0.03139296335930908,0.00833559126247474,0.0710120985931928,0.007889640974976242,0.09898435386371318,0.0005501022805862732,0.048680643678375546,0.059325536202355256,0.0,0.022035961988949637,0.038320302575077125,0.05532378314918551,0.1160935860200425,0.24733308904321438,0.12119410811496811,0.12376617477676666,0.08734530274148078,0.20823051139663784,0.27148658381295965,0.016023045977420658,0.18386503921374908,0.06031603643744443,0.0,0.16455913585195292,0.05818819361141303,0.0,0.0,0.0,0.04057195315638662,0.09006151264738449,0.12243287425222249,0.04344283799803916,0.0016186961111901432,0.02196253254575975,0.0,0.0,0.0,0.03222469708264519,0.03972468612870328,0.013808532618664326,0.11619693870875603,0.0,0.0036781125443647866,0.0,0.06753388346934708,0.0
0.019404921533522135,0.05161687891489297,0.03271355833923506,0.0,0.021447609291050718,0.1628633551452774,0.13528681117565755,0.09437112967665895,0.07348800236225683,0.012553524716053754,0.08774665823486094,0.0,0.0,0.04320212140694757,0.12710364534950847,0.08376474412823587,0.12403857899466963,0.39093378746163143,0.0,0.3037325120910679,0.1448925850808127,0.19963003385584788,0.0,0.10678836922749646,0.0,0.19902660146390305,0.22950716215338174,0.07899250537695002,0.20447670081631708,0.04159628704069718,0.051756021932921836,0.010891570238705128,0.017138284670338955,0.183326752303965,0.13563469846445653,0.18152979142392178,0.042327256226267984,0.06577808002436702,0.013408852074256572,0.10044563254577366,0.11263046342082017,0.05334706907356246,0.0,0.02710475646379562,0.10274972937070359,0.0,0.05066642473216598,0.03151945394974609,0.0046995934790934335,0.0,0.0,0.08711727955924653,0.15654102012383175,0.08375970659658938,0.10646606338806786,0.16254792380343108,0.06240112239965434,0.0894614746646254,0.11280881833069145,0.019023978213837722,0.0,0.0009197875721551618,0.07358314532598786,0.07511543557513445,0.06677860998211127,0.029296579573879544,0.17493205584736682,0.2036529099314226,0.09299502936689574,0.16752806507684337,0.2512512558058497,0.11430748921612022,0.22256812170035056,0.0,0.12892926598412435,0.14057100818648038,0.12410299020965176,0.22337626912589004,0.0,0.0,0.029477710727345396,0.048865917214302,0.06980479409080242,0.029675194694253282,0.10284442665893856,0.166602986896645,0.014598823685417095,0.042855627286897846,0.1053771804885999,0.055604233598776975,0.0,0.0,0.0,0.023353749168710358,0.09770027096897049,0.11256830072483615,0.0,0.07179724311067881,0.1222828173241104,0.0
0.0,0.010177696057164454,0.0,0.019375265051868595,0.1276761374947557,0.0,0.12019601246979628,0.08517613473485897,0.04542571550065544,0.09684766178526472,0.0,0.1951048867293177,0.10406855472857268,0.07080098787615752,0.1476671898714632,0.052238330539254196,0.13848821994540428,0.08703388566459447,0.03077645008196761,0.04496536115061911,0.17319828644068247,0.060599042173999695,0.10678836922749646,0.0,0.06152600048411516,0.16255672226850182,0.12645721353365813,0.0,0.20813835680835924,0.0,0.060253308950669826,0.10340155882479296,0.15536290947789588,0.09023808938993083,0.10885689500329088,0.0,0.03927373015520663,0.02797196487641651,0.0,0.0056848196332870415,0.09519000092129071,0.026957055448987965,0.005588394678086139,0.0,0.14574973018439685,0.0,0.0,0.10036620534628238,0.0,0.004652904595524809,0.02067302190038056,0.0,0.10743891087348434,0.034322097752241376,0.011421492462540872,0.11610077569465282,0.08754223140584383,0.03603511955188665,0.026936836255611052,0.031283780159951924,0.0,0.0,0.0839477713775798,0.15611851964877843,0.11683520673186987,0.08666779600324492,0.07571775604906916,0.2138081115019781,0.03763523364472032,0.04890225637308854,0.1480053870228888,0.16634409654734128,0.1284962347467684,0.04863553228298745,0.3354821927131879,0.21873528608520498,0.07226991354517631,0.24927492881732416,0.09277252582703888,0.0,0.1665973873378621,0.0020475780302326996,0.04365135302886847,0.13891150770339733,0.2164734566683486,0.09632337994040396,0.016302444516643533,0.021417611432223094,0.0,0.0,0.016508169011909324,0.00040997036732726144,0.00802721188801181,0.0,0.11359605693857011,0.022614684010967778,0.01687795561860872,0.0024521466986113793,0.0,0.0
0.0,0.0030878976150283677,0.08617655796164714,0.00593456391095204,0.03413380726588233,0.032163126874470205,0.009819900595295472,0.045692361662986514,0.0,0.09152922253075468,0.0,0.0,0.0,0.054807993600034965,0.0,0.0,0.07735931327743728,0.0,0.0,0.0004907966371838768,0.019673058453494985,0.0,0.0,0.06152600048411516,0.0,0.011666744749336821,0.0,0.11114864894056442,0.02487004342475796,0.04775705946165987,0.046852273518761756,0.08135692716752096,0.0,0.023380675784000715,0.0,0.0,0.0,0.024524336983376305,0.04205864484768762,0.007189434556976071,0.043917303910737004,0.028789003427434512,0.06759270118873939,0.0635115790223848,0.0,0.05518839960054933,0.0,0.01655996066021892,0.0420683296011517,0.016755337670971926,0.0,0.16290655363033224,0.04082302170955554,0.0,0.0,0.06897999574452163,0.0,0.0,0.010089884602573207,0.01017904709808981,0.02149359201140788,0.006815348098357266,0.0,0.0,0.03388627260945665,0.011684197635828397,0.0,0.015042913214576625,0.0,0.049841674111964274,0.02755007044378699,0.0,0.0,0.023132421878825138,0.0,0.011542437603687006,0.0,0.03284354397103728,0.05284628801979485,0.042017446036967776,0.02549778153379112,0.00841183448655114,0.02605245116165289,0.04647784111957298,0.06678025048283276,0.02027997967914441,0.0,0.05774139540044976,0.0,0.01885141085694686,0.0,0.027940574021976694,0.015370705593482636,0.025801993365888176,0.03444335474821658,0.058415443628453634,0.0,0.0,0.0,0.0
0.0,0.0,0.0,0.0,0.12455920147692323,0.05275299874283945,0.09867009170238683,0.02094468634521185,0.07167713517560026,0.06632254863403597,0.16395167988570725,0.00107050705438283,0.031459550169460115,0.011245759503315078,0.14545105734357877,0.11817180153369744,0.0,0.06655256028006917,0.08061159996382461,0.009337933343757765,0.05886337680393261,0.22349338581329503,0.19902660146390305,0.16255672226850182,0.011666744749336821,0.0,0.0502638819898551,0.18073605516730273,0.03255825530510803,0.10081276356913094,0.0,0.0450042647086244,0.006503883938801636,0.0015446600831667823,0.08247017018378111,0.009884910345440368,0.0,0.0,0.062031174588242255,0.0,0.0436058709766689,0.03280864040435283,0.0,0.023568833909925146,0.04565638228783664,0.0,0.0,0.0,0.0779211563394484,0.0,0.012932333353588454,0.02045348048506579,0.017476742428363057,0.043201624822933216,0.053358655004273725,0.1005123637075167,0.0,0.0018107800339244307,0.04418032660519566,0.18188338666609516,0.027042979582843518,0.0036538255023623734,0.057784218881482996,0.05683814405223897,0.0,0.00260122723413847,0.1123918781852633,0.12776264933744752,0.022610893701173307,0.0,0.10610739896184596,0.06674615059997357,0.13338864312284615,0.06992416495988252,0.09130668320729685,0.371177690128929,0.006562581882523677,0.21348289618580818,0.0,0.012305336201916983,0.04132311745769446,0.0,0.05380221132441054,0.0,0.1445400116675697,0.01899687215678947,0.0,0.05878975803201003,0.06539499621297828,0.06413226965437824,0.0561664010012608,0.0,0.0,0.06481089494449677,0.22809175912640534,0.07736913900419795,0.0,0.17965953988454242,0.03726560608774365,0.009649110491996016
0.04961811837486296,0.021190956379890658,0.00663290072704914,0.0,0.07743512379516337,0.04657043496208724,0.07512673369205913,0.06267704957943643,0.024031978857478542,0.0,0.05171752161119603,0.0,0.03917315988792103,0.005784771295724411,0.03018290790396483,0.08614209681886464,0.08560211934612427,0.08467711448938653,0.10089701001582219,0.18076788712763703,0.044299002406912535,0.17585761518111775,0.22950716215338174,0.12645721353365813,0.0,0.04977601478266269,0.0,0.16811496989489205,0.0,0.038062490256909776,0.0,0.06838636458089864,0.039163276092199606,0.15876987342068638,0.18585836902220887,0.08243610042416805,0.015725817848448287,0.0,0.0014985626155112897,0.0,0.1241055593399345,0.12600228660378043,0.024479098976075253,0.07832689324131215,0.11190539480965533,0.06663767826415112,0.12390500392136516,0.08248472218794722,0.03436592258489579,0.010057446410626447,0.042254175698236196,0.0,0.0239619900061796,0.05572340888606009,0.0,0.07981104537814598,0.0,0.029205899191546703,0.09854770916438316,0.07847516014758682,0.0,0.048880559680779534,0.0,0.06987563613539383,0.03284470569869713,0.03840062788115306,0.06321991043679942,0.13413116149528648,0.14065310417531096,0.0,0.1832014202283978,0.03452566257899825,0.0,0.02082101390821567,0.012502737016350629,0.00825718733258185,0.03147318955945311,0.16253525078875075,0.045729486053110335,0.0,0.0,0.0,0.01917747128295444,0.0,0.22455352153480224,0.11844196682391805,0.022962826688412985,0.012656213611541123,0.027743588462900703,0.04192638459868414,0.0,0.01718499529964923,0.008215572255899417,0.10235200492567209,0.005943144271832512,0.0,0.0,0.03226208567423816,0.0,0.0
0.005087655392026047,0.062413708486792174,0.05333702824850528,0.034439803390083235,0.06904785975277905,0.0,0.026817779495695415,0.0,0.0553597662776113,0.03422925198225313,0.08322551694979996,0.02085750208726722,0.009478066061622048,0.05891582774813564,0.08741454009635108,0.04957891387050095,0.09532737025152738,0.09620638476907306,0.026605399063299284,0.09301653267336807,0.043383522214630155,0.10128852940133815,0.07732865878924633,0.0,0.1114472455365636,0.18073605516730273,0.16811496989489205,0.0,0.04784434823624917,0.0702098215914444,0.013865328922115339,0.0,0.0,0.0,0.11922916106733039,0.02743709775724401,0.05912035300689089,0.0,0.017817780630890123,0.08503264161355961,0.01721145832201776,0.10012286228221257,0.05759421359881278,0.14888726649463857,0.07086044738675046,0.0489351776201965,0.046068055092747695,0.060951486172168945,0.10640239488528724,0.007154383755833216,0.0,0.06259239200894218,0.0,0.07164019677034927,0.05855624021726724,0.0,0.0068353459304000275,0.153812004934041,0.007291955469804989,0.1075347390115815,0.0,0.2060829907691466,0.022846590789815657,0.0,0.04150872716472653,0.07571133683445064,0.0,0.1761189932300149,0.03988766554885226,0.0,0.11069543469562149,0.05470085853832751,0.02524206820624597,0.0,0.05159659805395789,0.02807773765919297,0.043414045977985705,0.06672979326186912,0.0,0.0,0.028667011250114616,0.0,0.0,0.07782489095374023,0.1010681683795358,0.005114205729922272,0.14917687529368528,0.30779513460447383,0.0,0.009746032711289931,0.012499155338511425,0.09804115493681476,0.0459884493203182,0.0,0.0655610654366261,0.19146000697086807,0.1377890826913042,0.0,0.07157978857958014,0.0
0.0,0.02968196739280149,0.003346512448287875,0.019265568131934696,0.05706163775717865,0.11036241486182563,0.06670977714833626,0.13027769249579402,0.08655505088877424,0.06658699268620216,0.08594044544998747,0.006737136418044631,0.05910984529443075,0.039725467982325124,0.04363799567159976,0.0,0.06073712633575479,0.08320493017874453,0.06012478351895423,0.08131937630260211,0.07989065873005208,0.06888412177303094,0.20447670081631708,0.20813835680835924,0.02487004342475796,0.03265977814774734,0.0,0.04784434823624917,0.0,0.0297024002180164,0.0,0.02308088510795958,0.0,0.04316235653147471,0.10222732792014666,0.03260554102380642,0.031118254971334025,0.05167510124052299,0.0,0.0,0.023123187958937308,0.0014457257373994281,0.014301911732552242,0.006332235204363101,0.0,0.12956503200173364,0.02903482643824873,0.0,0.0,0.003635854256712534,0.08386114366577813,0.08693779925529821,0.0404666119375765,0.0,0.13009495178416275,0.010150254441748885,0.2694045024707892,0.2099028911976175,0.03294798557175094,0.0,0.035391041322953676,0.0047279453938706695,0.18759723521657756,0.0,0.14029282251031816,0.01573016914078762,0.0028636828857000474,0.0,0.017231171588448113,0.0795279525945971,0.1527521616893548,0.1585696819890008,0.0966888031094375,0.007614708849534857,0.05165076799516877,0.043325392151984055,0.2362070510365868,0.06517476485600149,0.07218218180886238,0.009075734847137085,0.08694467190562527,0.01818491986495152,0.022137237334539428,0.0,0.0,0.019867755166939727,0.09933648631214265,0.0011718560643960707,0.203008986506517,0.021531141976287138,0.015556744949019041,0.042044308766389094,0.0,0.0791976657426301,0.0,0.16807499292205597,0.0,0.06693444665125359,0.05895476984610548,0.043368522590429226
0.02462762380113581,0.05014447591447313,0.0,0.0,0.0,0.03469784146180155,0.0,0.0,0.012986410622310984,0.0,0.12791673609793586,0.05936830666450055,0.0,0.06884918650138472,0.152818807604711,0.0,0.0,0.0,0.02176826487927519,0.0,0.0,0.20117233883876917,0.041711725176439174,0.0,0.04775705946165987,0.10075580825769226,0.03785944457163026,0.07039782685559182,0.029956207324615125,0.0,0.0,0.0,1.925329714413948e-05,0.031005838866445146,0.0,0.08553765695270465,0.03763897465145227,0.0036686224141266877,0.1285174767548689,0.05941847523048738,0.0,0.09283757343615129,0.2669390580223694,0.0,0.0,0.05767469396145364,0.11986664020587634,0.04540950993963966,0.05887221134974441,0.09196024190771279,0.0,0.024731548614410404,0.0,0.01805625634139263,0.0,0.0,0.013856718133066437,0.0009291723191315882,0.019897367051293635,0.12866679559123195,0.013124188634067835,0.0,0.04448089039697889,0.02067767920228647,0.02986539999840554,0.07890482879076233,0.01815109110335289,0.0,0.03274695087108492,0.0,0.0,0.041967794956626836,0.04847224603188538,0.05797295457514995,0.006661069421221022,0.07741814164197525,0.1073033405063879,0.16162499679073816,0.05012701236424766,0.0838174087293404,0.017434177960615305,0.0,0.0,0.0,0.0,0.0,0.04197197534606323,0.03839266277536657,0.09534469591562145,0.12331897958186788,0.0257365522705868,0.0,0.04086087208315625,0.15308022690740053,0.08792006130287255,0.0,0.0,0.0,0.0,0.0
0.04041854754517216,0.05206375514563444,0.0,0.050253568732268494,0.059522379632309885,0.04478587428700287,0.03224090274952163,0.07152187047452552,0.03684031507689545,0.08434818608886019,0.028657626623635135,0.02688994296453462,0.0,0.15784679240184785,0.03824201938729699,0.024666931459151886,0.05316098556813964,0.01067496864291062,0.0,0.0,0.008535222671689269,0.0,0.051756021932921836,0.06029485475680918,0.04704750975460703,0.0,0.0,0.014060565157961058,0.0,0.0,0.0,0.0,0.003630033941087518,0.1338188979115129,0.0017173693210872365,0.0,0.04208450321442436,0.0,0.0,0.0018091702465130588,0.030240193710078245,0.0951662841181089,0.010016204944443885,0.0659670310984306,0.0,0.008300100511485997,0.0,0.013420632788581965,0.0811025491423849,0.033362672269714455,0.03890168543671857,0.07627272407015129,0.0,0.09313120420699006,0.12515496322736475,0.0,0.04166272499155754,0.06542323327779576,0.0,0.0,0.0024258934256242703,0.04721782394029628,0.04551865528339816,0.0,0.0,0.0,0.0,0.04490484244345705,0.05803475944470238,0.04476575604341626,0.0,0.0,0.0029233167487108247,0.0627726027495088,0.06388794604977877,0.0,0.04593197340106858,0.0,0.1816937471997666,0.03626775687197048,0.013706875963322318,0.0,0.042682986421452185,0.11078287387744012,0.04462820207481455,0.05689778449399885,0.0,0.0,0.0,0.010378534251322069,0.0358392676735253,0.06249480605266733,0.0003923148371436369,0.0,0.0,0.16324622087708418,0.04857028806947117,0.07107855906684613,0.09320032156326441,0.0
0.07455193740933463,0.0,0.0,0.013713159798041996,0.0,0.09274915846660026,0.10463759997763811,0.0,0.0,0.020309714575485582,0.0,0.0,0.09222826232615322,0.0,0.0,0.0,0.0,0.011524749138892787,0.01965252321264055,0.0,0.0,0.1498862401682799,0.010891570238705128,0.10340155882479296,0.08161073427411969,0.0450042647086244,0.06792489711435534,0.0,0.02308088510795958,0.0,0.0,0.0,0.0963056447958257,0.08251620513319535,0.06995733950160865,0.012744359015651519,0.014221315267568535,0.33431416362158295,0.038591097449572676,0.02808704394301076,0.003971204463227185,0.0189068814510156,0.0,0.052732798933055935,0.04276025955688789,0.0,0.05992791035189349,0.0,0.09486372962794043,0.0666121891341489,0.0,0.0,0.04196799106684779,0.009986590466372292,0.02734046416384439,0.0,0.07660062458975991,0.0,0.026165270296477416,0.03986090357654737,0.0,0.10257702140325708,0.0,0.0,0.015432429952443982,0.0,0.0,0.152175298528328,0.0,0.021985277511719747,0.04190283892727642,0.0,0.014470099673884906,0.03654883576559298,0.0,0.05165822560192179,0.12884386288914307,0.07544778932078788,0.11897393421356561,0.1170404960751994,0.034497082586812056,0.0,0.01882141869568299,0.0,0.03238739831720272,0.032884083758486504,0.03505452796784114,0.009025488981224239,0.0027868171897638128,0.0,0.0,0.14727250884731014,0.03327146054294383,0.08476144191964607,0.0020524886082671223,0.0,0.0,0.0,0.0,0.10899924924569371
0.03236192199501442,0.0,0.03083803250906536,0.06027134191925798,0.05519977706234691,0.0,0.0030406918737018174,0.0,0.0,0.026429620525853625,0.0,0.0,0.09220663690813513,0.0,0.054191267075399896,0.08332821647062172,0.01585742545741642,0.03502729912691649,0.049890337043324795,0.028797940147532675,0.0,0.0,0.017138284670338955,0.15563007485326308,0.0,0.006503883938801636,0.03896803985635344,0.0,0.0,1.925329714413948e-05,0.003630033941087518,0.0963056447958257,0.0,0.016579362832174205,0.10999343971583642,0.07958186780302023,0.0,0.11773182163173868,0.018698664202677406,0.036026487779822425,0.0,0.0987238273554536,0.07283785015051336,0.061473965909613515,0.01768651415766964,0.07551278072995071,0.03805562396465012,0.020339258640425406,0.0,0.047337491936766174,0.16736407359732786,0.03944380532789271,0.04849083420326972,0.0,0.03445798724395521,0.12367946580345768,0.08990804771579608,0.0,0.0,0.03442643828040293,0.02159153106094447,0.0,0.0,0.0,0.0,0.0540539218551519,0.04524427105978024,0.0007645036930332694,0.0,0.010021715285748911,0.025613992892693727,0.0,0.0,0.006117021442708204,0.07713254191175078,0.0,0.0,0.11683199199661543,0.08494179465714691,0.08210955172766754,0.0,0.07044307728860177,0.0,0.0,0.003399124501085371,0.0,0.0,0.12021450821269797,0.027803695943400708,0.08087651387189343,0.0,0.01609455834116824,0.048093999578376234,0.0,0.0,0.03851591178892466,0.08927781802296808,0.11113109328372284,0.0,0.0
0.010991269077624377,0.13403922009978553,0.070359027262211,0.0,0.17571957051900888,0.07456080023768852,0.1147854596574227,0.09436306855777365,0.03933168005272947,0.01546349488890053,0.0,0.026298246015830973,0.08718385443007781,0.0,0.04898132387574794,0.2561023585507418,0.14630403544527937,0.4036377285140693,0.0,0.06970757504724068,0.0,0.15158946090608083,0.183326752303965,0.09023808938993083,0.023380675784000715,0.0015446600831667823,0.15876987342068638,0.0,0.04316235653147471,0.031005838866445146,0.1338188979115129,0.08229550330137014,0.016579362832174205,0.0,0.19267296607587614,0.12051370738203993,0.055414031249986895,0.0868672814820659,0.019055479890880633,0.03088282315352764,0.048706666095860385,0.011134970441523784,0.0,0.0,0.0,0.0,0.053230592247093256,0.00623090976225793,0.036528004110688794,0.03395933847411792,0.008376490702028505,0.028917586627635217,0.023315597902523244,0.13078174144681132,0.04012482284023644,0.10491508398777105,0.08020886217751055,0.14568732002470286,0.0,0.0,0.024798139711970535,0.051324213173599365,0.0,0.0,0.0,0.03839578285491996,0.12297870036350211,0.19138826200875503,0.3120828276786485,0.3780128455206788,0.11664942527489908,0.14011259139975474,0.19744069993738345,0.0505272079896506,0.1263522457207391,0.03862618786216565,0.03812347971657948,0.16475245102621194,0.0,0.03560161787184768,0.11691131437500735,0.05257438229429923,0.22947236958932438,0.14279891585335358,0.22258013215785866,0.26856506482974174,0.10633251383671771,0.12401098812338818,0.11033622069813465,0.08995878958930792,0.05341580031438564,0.0,0.01121281987888878,0.0749623667917394,0.25926680363622046,0.03788907967780508,0.10167557537060068,0.03708590992679861,0.11370733600814864,0.0
0.006005260624954989,0.1210597945993972,0.07883867645736409,0.0,0.06084862230517141,0.06928015146469546,0.09517353607350776,0.0,0.0,0.045480916214243106,0.0,0.0,0.03970599275360254,0.0498169975975018,0.034972060121152726,0.13794963307137076,0.11491759204090757,0.13062706461284934,0.0,0.06472669504991613,0.10299189606804715,0.1579587901705124,0.1352259913684839,0.10927609593010645,0.0,0.08249007662351415,0.18585836902220887,0.11922916106733039,0.10222732792014666,0.0,0.0018624019534287939,0.06995733950160865,0.10999343971583642,0.19267296607587614,0.0,0.0,0.0320770118765914,0.10904441482351279,0.0,0.0,0.09958910281202416,0.0,0.17066183821574077,0.0,0.029332946351621647,0.01298516486201029,0.07321253090207502,0.052580123264113876,0.09800385590291238,0.03365926470666114,0.046475419954215,0.0,0.17546247902561207,0.014363161451104833,0.0,0.0,0.08172321291736218,0.0,0.019326967599712752,0.0,0.0877117111925374,0.0,0.05476566945087313,0.0635561431259668,0.03151195943808993,0.011616372828608945,0.03309037735193332,0.1672491699984402,0.08605482270766585,0.07688339651294429,0.10707189032970899,0.062350004805960424,0.1788358669597252,0.12560711521719137,0.04160577234983265,0.06805641135429275,0.05888271888453511,0.16332088140983947,0.0,0.0,0.0566622925991882,0.0027014077406182224,0.20029194754700042,0.25729676004937696,0.1563508019499431,0.22478704018080453,0.04528702950129082,0.04960243629849792,0.04762335681026508,0.017246854887610574,0.04593189317105617,0.025107910613029194,0.0,0.2126833985257428,0.03847471518299228,0.010189766597623606,0.0,0.10750327437708762,0.011141457651342446,0.09578893723910609
0.09864550237896763,0.017041152158684625,0.034542517179674714,0.0,0.1198592072797835,0.03519251420566061,0.1276188866706116,0.02872818902771135,0.15425197449020756,0.0,0.0,0.013699493157216747,0.0,0.0,0.02359219938552215,0.1890560098683114,0.025697761748050052,0.2071736891927154,0.05039850618425312,0.19491491103498415,0.10805868986411538,0.0,0.18152979142392178,0.0,0.0,0.009884910345440368,0.08243610042416805,0.027719105653464915,0.03260554102380642,0.08534242071685894,0.0,0.012845881858291719,0.07958186780302023,0.12051370738203993,0.0,0.0,0.16488590348029497,0.0691384823688268,0.06877645481632166,0.0076547404113660455,0.043709674403002996,0.0,0.02504281990580548,0.0396624017402627,0.06930328591138135,0.0,0.009997946449820994,0.10102092035464993,0.13029306180250932,0.10767771257391745,0.16445458163676152,0.07479817758033569,0.12067312416605569,0.06850506142074142,0.05249674189889486,0.23329025339357745,0.15102963829228644,0.10486144099486694,0.06638015868323999,0.027005495680793246,0.0,0.026327068726413216,0.008762970858722685,0.0,0.0685848256109094,0.0,0.14359571333538135,0.03397370499095809,0.08206360077677877,0.11536423716549793,0.05392491476606942,0.013021030159155345,0.00034402323842241955,0.0,0.004886776986584795,0.02010699808436689,0.07133116783615323,0.05528984447259555,0.0,0.0,0.023305596415549967,0.05738881634672355,0.018469880452800513,0.0,0.09257504702601294,0.04067745657340538,0.09032275184397687,0.04060969525021729,0.6090574672017266,0.16973408373944698,0.08868223653266316,0.0,0.050654032019589845,0.0,0.015748277918821163,0.02898809538339986,0.13728884051255585,0.21237388677704283,0.4321205742271088,0.32016119362130535
0.0,0.04790333643182354,0.0,0.11452387108300455,0.06886342043182436,0.027314121881936604,0.0,0.0,0.018580325761706096,0.025870410949531575,0.017800835941826687,0.06693806004035041,0.026637873804582046,0.0,0.10287738310308914,0.0,0.0,0.08352583972044014,0.05181434593883205,0.0,0.061753364731670146,0.00901030933833491,0.04269655228084357,0.03927373015520663,0.0,0.0,0.015495084115176638,0.05880309412364193,0.03081567708738886,0.037435928966173204,0.04208450321442436,0.01400061343574377,0.0,0.055414031249986895,0.032149116168239456,0.16508894916557404,0.0,0.021080580651901215,0.0,0.05522274718068765,0.05809670207100526,0.033714929520828996,0.10552100671118003,0.006801612883071684,0.047943049027847184,0.004390598813398761,0.044529336916971474,0.06618705392833579,0.03933940216048226,0.14851371566513683,0.11754029930620558,0.029813109548165073,0.05309619718350422,0.029691012687369067,0.0,0.056434806907053936,0.03472927072373899,0.03771137887533893,0.15425693751002845,0.0956515697634277,0.0,0.07763509144085701,0.04771618888337725,0.18967525232140936,0.06721265236701468,0.07650572443080916,0.057712331640098036,0.059233288517657634,0.0,0.033447465259493825,0.0,0.0370394955848532,0.0,0.07638423134817973,0.0,0.0,0.011366644512017299,0.0,0.012283782242757724,0.011370404199488426,0.0,0.0,0.015549036691908658,0.02148003437340451,0.0647409485421866,0.0,0.463099676891515,0.08678925909881174,0.09944672503710628,0.0,0.016708932556504408,0.0032707530355309267,0.009165633779711246,0.03611321208832852,0.027049009104561872,0.04896396325590313,0.0,0.04185654898964053,0.0,0.025284495488381964
0.13236824405417558,0.06359206398241435,0.07406054954841412,0.0,0.0,0.0,0.037787787921132576,0.030429039474986652,0.0,0.016706408510816395,0.0,0.00572051512500904,0.05153870387588988,0.0,0.0,0.0,0.0644165981393785,0.012758601296042116,0.004486230160361426,0.04247265215852636,0.021711754118834303,0.0,0.06577808002436702,0.02797196487641651,0.024524336983376305,0.0,0.0,0.0,0.05167510124052299,0.0036686224141266877,0.0,0.33431416362158295,0.11773182163173868,0.0868672814820659,0.11005964324990813,0.0691384823688268,0.021080580651901215,0.0,0.21833830864609682,0.12207557820351944,0.14068784970790693,0.027799031119694284,0.0578166901606898,0.18998830167804392,0.04367057053789303,0.18251312551418364,0.07066101796575541,0.014811579335679337,0.07835947033591939,0.26047740366466154,0.03851067528782259,0.0,0.0664244166208463,0.0,0.04252322721189694,0.014707890024479475,0.08006544059785314,0.04470217720287817,0.0,0.0,0.0,0.0,0.0,0.0,0.0,0.08014888583776703,0.03499151038059978,0.11216769124719095,0.0758614377555289,0.0,0.01987137847337772,0.020535446913473976,0.0,0.01735162550226388,0.0,0.0,0.0,0.058800623308524536,0.05473818952863052,0.1668841289706644,0.10558147299886045,0.11589165642349553,0.0007303775540385971,0.11654901273270601,0.0480742338100999,0.162919460762037,0.013193993285591787,0.0,0.07980073088051176,0.03904389912105399,0.24694080778597804,0.2737197171629968,0.1193426025379214,0.0005159829377063829,0.0,0.08327753117939407,0.08694909094605663,0.1055363577610211,0.04292552438098385,0.21996033529811143
0.00933735211984299,0.010308460677340037,0.10338318574602434,0.0,0.016491198621519487,0.034180844849410086,0.06604592817889898,0.0,0.0,0.02278331590657512,0.05622536217357643,0.0461931910293627,0.047614621646320465,0.06622900670149301,0.09317457266677787,0.021750411425774274,0.02848808474763409,0.04941624990247906,0.06029589586078288,0.0,0.037204243379404645,0.02520264111982584,0.014124126647399482,0.0,0.04205864484768762,0.062031174588242255,0.0014985626155112897,0.017354082817629735,0.0,0.12832224051902408,0.0,0.038591097449572676,0.018698664202677406,0.018891733370493657,0.0,0.06877645481632166,0.0,0.21799989917063112,0.0,0.12479663935521002,0.15186573055323338,0.01761543961559786,0.12537485909766133,0.038415438296736326,0.009412373045933453,0.12507424452886928,0.0407132699316084,0.04907960674714085,0.062045016048142276,0.14823850656435011,0.045135761292536714,0.024368545709638312,0.03808767811818159,0.06946744919603676,0.0,0.0,0.08606046915745846,0.0,0.0,0.0,0.0,0.020977993110636195,0.0,0.02856831412606997,0.004716059912321935,0.05136450989876895,0.03079928936270937,0.022778079151822617,0.0,0.0,0.0,0.0,0.0,0.026349933866403052,0.016524825593000614,0.0,0.08013574878249452,0.0,0.019200801664975398,0.02347327099073704,0.013408238977425047,0.0,0.0,0.0,0.0,0.0,0.001064014672277569,0.0,0.020396239184805598,0.03498107969867448,0.02586897015973122,0.03373132446048199,0.10674000607806233,0.1178953097900064,0.07289141026656498,0.0,0.010331069975332063,0.0,0.029130754408886794,0.11264403544754042
0.07457365801453442,0.03768312113741512,0.059225580488730944,0.04784723906532218,0.0,0.10362975383729278,0.29356091442247134,0.07250548875792573,0.055474311224163575,0.11981585236753922,0.010135491420823595,0.14455734264725262,0.0,0.0686837083717382,0.02616058664407328,0.23423598941315182,0.07995612884110415,0.11228650912638738,0.05925107428125287,0.1218518396999233,0.0,0.05544046150019666,0.10029633424777451,0.0056848196332870415,0.007189434556976071,0.0,0.0,0.08613549392199493,0.0,0.05941847523048738,0.0018091702465130588,0.02808704394301076,0.036026487779822425,0.03088282315352764,0.0,0.0076547404113660455,0.055002045348861994,0.12207557820351944,0.12479663935521002,0.0,0.0,0.10943240913718277,0.018147225817715995,0.025041299369675585,0.0,0.0,0.0,0.06228740774935293,0.0,0.10229925521705896,0.04274418694837889,0.05823331646976593,0.10123938008656586,0.13504899276267324,0.07232483919955301,0.07219306581230445,0.22154277057506988,0.1137058007013163,0.05187619373017727,0.0,0.018080186763268724,0.041268861925479516,0.038351178792509266,0.14343232978809128,0.1318124126824438,0.11051248000178227,0.2750472011360796,0.08709217948365389,0.0,0.020460098627098855,0.11051950367317964,0.05443299543579849,0.0,0.3880845259697141,0.05062922318407903,0.04576743184238019,0.0,0.021271597666206343,0.019927036266540465,0.14460082498352778,0.0,0.1291235635960346,0.021983313514184477,0.05360684888973699,0.0,0.0,0.062167552334450704,0.0,0.1255513500097316,0.052936895841607434,0.09996481131576962,0.054485175151078646,0.19775699964650784,0.0,0.03587992583802979,0.0,0.08837284303060988,0.015743243656789474,0.08074581620298238,0.009523527028272305
0.028680145233823673,0.0,0.10875631977202538,0.035598972245417304,0.13466140263328263,0.02883040977747653,0.01911560078489094,0.0,0.0,0.1159649457079377,0.0627799090639436,0.03826402687417518,0.0,0.0,0.0,0.012517712712159845,0.0,0.08486460078515767,0.0,0.008784118533610386,0.027311967263901504,0.07120797244597599,0.11252764994087894,0.09531380926597333,0.04262265999221482,0.0436058709766689,0.12440415593593324,0.01721145832201776,0.023123187958937308,0.0,0.0307781331506356,0.003971204463227185,0.0,0.04894838714976402,0.09945190978142993,0.04357951691243933,0.05848717454269625,0.1410262591833722,0.150698917136888,0.0,0.0,0.0,0.013430465463450947,0.27180334792415417,0.0937121458026926,0.26759942085090893,0.12226647954844472,0.360633769747412,0.16487946378955387,0.39084656485144764,0.09171238797368408,0.0,0.05025714895404132,0.0,0.0,0.0,0.007917552389320015,0.028038072080541543,0.06583022743020006,0.0,0.0,0.0,0.039966965994587156,0.0,0.06988045015478406,0.017290535317773248,0.11489670232667404,0.015452070905811244,0.0,0.05014469713101155,0.0,0.034816396170236796,0.04211579489014916,0.1013714440372846,0.057854183909822776,0.0,0.07204871470893526,0.10098816951903755,0.05121741929414725,0.0,0.0,0.13033418560838372,0.04304842709238965,0.0,0.01121852387303024,0.0,0.015880936606419205,0.16784848496778526,0.08488963834903096,0.06632701482230408,0.09304419843751388,0.037175603916382194,0.08325802676031735,0.12940907714661254,0.07967905443338852,0.024217994688354505,0.1533958024845914,0.4593456422164808,0.16627478884561064,0.2313795945212802
0.09493095033863597,0.0,0.03630951357563372,0.01884305492661742,0.0,0.0,0.0,0.0,0.0,0.011647949544682845,0.12676648074539054,0.012314213349040593,0.030705601147429373,0.0,0.04051363511012118,0.08901918038738055,0.018855696394336707,0.006658382783430117,0.098475191633705,0.065106126608375,0.0,0.13141664069519887,0.05334706907356246,0.027449050763318272,0.028521838052067316,0.03337265619679419,0.12600228660378043,0.09877325306458262,0.0014457257373994281,0.09283757343615129,0.09550469359357372,0.0189068814510156,0.0987238273554536,0.011134970441523784,0.0,0.0,0.03390293478497686,0.027799031119694284,0.01761543961559786,0.10943240913718277,0.0,0.0,0.04855297876396447,0.1638601380785487,0.16509562655831944,0.09579510545090919,0.0196145556732783,0.03955757213158195,0.07105702388067314,0.009569869574464818,0.020568898960159565,0.0,0.03230042298974123,0.0,0.0,0.0,0.027935763039470096,0.0,0.018176597706125897,0.0,0.0,0.030537399753840955,0.07077074746360834,0.07577183418339928,0.0,0.0,0.03172907242205403,0.04914680076040856,0.0,0.0,0.0009936834995181165,0.029257305468657346,0.0,0.02910229703711842,0.0424754063344408,0.07605182771540653,0.07516695979570498,0.0,0.10030871794586904,0.12220141314370148,0.015730450608969715,0.06240140398250782,0.01933279271921018,0.0,0.07361793947742079,0.02785476766675643,0.0,0.0,0.0833110437164386,0.01403756854588023,0.0,0.0,0.03599005814317158,0.14403307488786865,0.12398065768042343,0.12805976946156505,0.22409961475412743,0.04996395732000991,0.033129376458124415,0.09911691072286999
0.007982127530313576,0.05431623476157865,0.097020721007544,0.0,0.0,0.0,0.07424458760145436,0.08151059724675758,0.0,0.01152375604201783,0.0,0.0034957315672587974,0.08047095523326275,0.10078420820947409,0.06866806741545517,0.06667363687810157,0.11281186951001887,0.0026758057105831234,0.0,0.0,0.04518257638704126,0.11074096563314573,0.0,0.005588394678086139,0.06759270118873939,0.0,0.024622456006760274,0.05732704822344559,0.014301911732552242,0.2669390580223694,0.010016204944443885,0.0,0.07283785015051336,0.0,0.17066183821574077,0.02504281990580548,0.1057745768363536,0.05780460410799426,0.12537485909766133,0.018147225817715995,0.013249174673023223,0.04823571988071551,0.0,0.0,0.0,0.043575792437478,0.0962542389324006,0.0,0.023009327541926528,0.0,0.03942935118537427,0.02028347368014316,0.18168278178963249,0.07042924042094345,0.0,0.0,0.05155369646817176,0.0,0.0034702313170926757,0.0,0.004342074708092003,0.0343881710336702,0.005067669143256737,0.047036712519678225,0.011123367669369166,0.11628801155451729,0.06145852024899723,0.010081623219644342,0.0,0.0,0.07106770831141818,0.03730144600937457,0.06648260021150287,0.08037122486488579,0.0,0.06345195302991913,0.03478098202132163,0.08673904378160646,0.06364417325645899,0.11404354937098837,0.077201231658373,0.05354070454287285,0.0,0.06059603746465214,0.0,0.0,0.004537317344690095,0.020353722319140122,0.04075733107006352,0.0,0.028450537445681157,0.0,0.0,0.09307927860003407,0.1348187056378034,0.0,0.06296378933834035,0.0,0.0,0.05052527963675679
0.05448830941877558,0.08324581494144434,0.00549690797012925,0.05376382795360435,0.0,0.13458583193923834,0.0,0.10569792691414648,0.0946254845290575,0.0,0.10905884130427923,0.027751272266551386,0.06428857732239557,0.06890355856707453,0.0,0.1405119431749564,0.0,0.015431799828599768,0.0,0.0,0.02166509571009856,9.778655991210528e-05,0.02710475646379562,0.0,0.06342970576219198,0.023568833909925146,0.07832689324131215,0.1486052585984181,0.006332235204363101,0.0,0.0659670310984306,0.05298660603965466,0.061473965909613515,0.0,0.0,0.0396624017402627,0.006801612883071684,0.18998830167804392,0.038415438296736326,0.025041299369675585,0.27180334792415417,0.16400114202665916,0.0,0.0,0.1777808909169143,0.24279525270642122,0.07146117182473466,0.05080295989610217,0.24140434091475793,0.3210188030592329,0.0484738527201416,0.1405191068551468,0.0,0.0029122818725419997,0.10820574848752029,0.03657250574024529,0.0,0.005831975872612638,0.04109274412542563,0.09359492253099422,0.06562881389702646,0.04244709169674721,0.004718690742128828,0.0,0.0,0.12303803606562225,0.06035382167707537,0.0,0.08297713823422104,0.0,0.0,0.0,0.0438900135375726,0.0,0.0830876426779068,0.0763653776289237,0.0,0.0,0.025456888623188956,0.033891269018965,0.03464554669687914,0.02479135453999337,0.10357376642053984,0.0,0.07182606535647107,0.010264466652171844,0.02275852015856339,0.08549320777131353,0.027603353610340164,0.052874351743309234,0.03540346129879701,0.047996962825905154,0.07171566509123517,0.06472098045094832,0.0788763578780034,0.39765891518215124,0.11943611985163427,0.1392168641318965,0.13415379460666133,0.24103673837034734
0.05091810595198121,0.06573815485357892,0.0045559945487649856,0.0930092413950554,0.010829768463442413,0.04613770111744264,0.0,0.023529505731325173,0.033469603720771346,0.13848491691812326,0.04888672539624128,0.01883396502864798,0.01982934006460635,0.0360780051413232,0.0004847513637007417,0.09099182989181731,0.029976128656345136,0.0,0.026536384293747606,0.0,0.1114683223199826,0.06626757855805598,0.10238714778984814,0.14597043201622206,0.0,0.04565638228783664,0.11190539480965533,0.07086044738675046,0.0,0.0,0.0,0.04276025955688789,0.01785026067805573,0.0,0.029332946351621647,0.06966586749223636,0.047943049027847184,0.04367057053789303,0.009412373045933453,0.0,0.09381574980346352,0.1660262526158487,0.0,0.17744248144144859,0.0,0.2677805682513208,0.050182088250084966,0.08133385343266175,0.04426218439217866,0.02154906226653308,0.0,0.0,0.0,0.0,0.040736020433090214,0.0,0.0985257004136173,0.0,0.061263166954842685,0.0,0.016426773084744717,0.0,0.1521825576455491,0.017115402847244443,0.0,0.0005564904016512884,0.0010875282814444276,0.0,0.043571936397347244,0.0,0.06355485162058505,0.06996519296940784,0.027732949644088567,0.0,0.04291551396988735,0.07225413108027512,0.01669698802343511,0.0,0.12185387155188065,0.0,0.028731251578250294,0.06725772160323817,0.17816757484258616,0.0,0.032497853405712096,0.0,0.04197523659900204,0.0,0.0,0.07079354171211616,0.1007573686216614,0.0,0.0338150759292688,0.1363439196450642,0.08172428563082157,0.06091141398362687,0.07928046564734137,0.10294603496386046,0.061568084133221124,0.08006767539030157
0.0672278165535296,0.041521980378196766,0.05014927443802719,0.0,0.0,0.021850213214157588,0.0,0.02999465143123503,0.0005283534644195953,0.034021686945479246,0.03849770617649151,0.03121863071165576,0.010510367946751309,0.01689240301443018,0.04306419002548134,0.03352652682492785,0.03993916238974293,0.0,0.014437325804863121,0.06281225653225864,0.03424804005657034,0.040502290233784155,0.0,0.0,0.05548699619654851,0.0,0.06663767826415112,0.0489351776201965,0.12956503200173364,0.057407528586086,0.009146124200149153,0.0,0.07551278072995071,0.0,0.012646755386544584,0.0,0.004390598813398761,0.1828515349896489,0.12507424452886928,0.0,0.26759942085090893,0.09579510545090919,0.043757083227905724,0.24294907519526943,0.2675267611447216,0.0,0.06084867602097166,0.12112843434879039,0.21639068074506884,0.2596347216461772,0.0,0.0,0.0,0.0,0.05402605699629914,0.022374676109339298,0.0,0.0,0.11045433242718738,0.05908690180633869,0.0,0.0,0.0,0.05000326973685887,0.030278378017632335,0.003136440525226991,0.0,0.04430959141024937,0.035216381716489664,0.0,0.0,0.04652524499092037,0.0011827937412602907,0.0,0.0,0.0,0.006835504577952012,0.083712027125316,0.08906736711805863,0.02265422073966361,0.0,0.13866638398804154,0.12799634235966906,0.040988863142514376,0.0,0.024795104526955658,0.029720082751766963,0.08327607145203642,0.0,0.0,0.05459151951192309,0.03406687750181048,0.0884642326829308,0.11451480761402344,0.04273830767094067,0.14203977585680594,0.37941383365390946,0.1545740643907365,0.16085073090687674,0.11022970848087255
0.006535946273348969,0.0,0.015429514026388258,0.0,0.00392552779392874,0.024447542632283437,0.024832361987869866,0.0,0.0,0.00038981211465882737,0.0,0.0,0.0,0.0,0.1207480023201426,0.07987207544387376,0.01907776666742622,0.0,0.0,0.0,0.003170373598538667,0.05402422348991154,0.05041646318778836,0.0,0.0,0.0,0.12390500392136516,0.046068055092747695,0.02903482643824873,0.12009737393914799,0.0,0.05992791035189349,0.03856323817784846,0.05302754656181419,0.07371725497223736,0.009997946449820994,0.04430863508514582,0.07066101796575541,0.040303219604045815,0.0,0.12226647954844472,0.0196145556732783,0.09618637606967351,0.07146117182473466,0.05029196145640524,0.06084867602097166,0.0,0.1475749321077613,0.0,0.0,0.04973453903318914,0.01907685166840034,0.029145229128187733,0.011611076355560801,0.0,0.08140044851139949,0.0,0.0,0.03481169253035521,0.0,0.0028045769533560083,0.017321600047483177,0.0,0.006461629913318223,0.02649719573524667,0.07684373647755294,0.020566804649551518,0.12364207908989489,0.0743771678740135,0.0,0.0004749608994365495,0.049990213580874965,0.0024286638786428227,0.0504471985710806,0.0,0.059104586174883345,0.045005150198155874,0.0,0.0004656986880005043,0.04472532935346463,0.07747205665916557,0.11000809441254056,0.15862099755963044,0.0,0.0,0.0,0.0,0.052882300366202006,0.0,0.0,0.002368053197314257,0.0,0.016005414886948177,0.15546044965113737,0.15676076829414765,0.0,0.04165547135266312,0.10962443890552231,0.01135627243698556,0.0
0.04916842251160958,0.02790783165894606,0.05827675154780465,0.0,0.056899540534614435,0.05797072460495656,0.032742710535032415,0.0,0.01553348343887695,0.0,0.025517011591853933,0.013969502636435482,0.06720921678997804,0.0028975082394198104,0.0,0.0,0.060474319724745484,0.15187717480201401,0.03210966051152164,0.09698850537207404,0.018056495234731074,0.028652605889904592,0.03170074474017337,0.10036620534628238,0.01655996066021892,0.0,0.08226402035612157,0.060951486172168945,0.0,0.04540950993963966,0.013420632788581965,0.0,0.020339258640425406,0.00623090976225793,0.052580123264113876,0.10148238782119323,0.06618705392833579,0.014811579335679337,0.04923823618876488,0.06228740774935293,0.360633769747412,0.03955757213158195,0.0,0.05080295989610217,0.08141988973998338,0.12112843434879039,0.1480100300047873,0.0,0.3150762452853866,0.313740272701144,0.007581448095462129,0.0,0.07464621930283366,0.0,0.029685597461372115,0.03514978397783741,0.02211223858502942,0.03600470838735692,0.029141571284606815,0.0,0.0,0.05401925843564426,0.0,0.0,0.0,0.0,0.0,0.0,0.0299427607555387,0.0,0.0,0.0,0.08216860086831534,0.08691269646941935,0.0,0.0,0.0,0.0,0.0,0.02231526766675218,0.0,0.10791949727744088,0.15956998713975112,0.013535124347424876,0.07943003500550283,0.0067281516680166575,0.03776303939149939,0.017087647146469376,0.0567175578982102,0.023193104940324005,0.07967716608129383,0.01672103951389703,0.0827759728265769,0.12918223806514906,0.0,0.010753198643518758,0.06711666781716996,0.2354655872799296,0.2151646965174807,0.1504376521923909
0.07580918344778498,0.0,0.04854513913384739,0.05900340418441319,0.0,0.06685934836627894,0.0,0.0,0.07404160910588997,0.01437109139661974,0.015426037283396088,0.06802732338539563,0.05646104081471748,0.0,0.0,0.0,0.13419541361562715,0.12139692620673337,0.0,0.024903751854142175,0.0,0.0,0.0046995934790934335,0.0,0.04226356583699653,0.0779211563394484,0.03409875720952771,0.10640239488528724,0.0,0.05887221134974441,0.0811025491423849,0.09498177944496344,0.0,0.036528004110688794,0.0983211147861609,0.13018271088659672,0.039171441575233334,0.07835947033591939,0.0621486107855298,0.0,0.16487946378955387,0.07105702388067314,0.023009327541926528,0.24140434091475793,0.04426218439217866,0.21639068074506884,0.0,0.3150762452853866,0.0,0.3182270746663498,0.02888616379551978,0.0029862289983806356,0.0,0.0,0.035125806554059835,0.19836080079683827,0.0,0.07468817944630013,0.0,0.0,0.0,0.023994332016166187,0.008254969772999221,0.061441363933022686,0.0,0.05781858943423712,0.14761001270080776,0.006854051334585165,0.0,0.0,0.022929256335920467,0.0,0.0,0.07131701217806619,0.0,0.0344725835064037,0.025629339210889057,0.05136698291750319,0.04288927707118306,0.04346331763633593,0.06895504046158862,0.09011250675851601,0.0138518071993472,0.0,0.05841680302112806,0.0,0.07347777139546086,0.13252115727404057,0.05618467519984005,0.11354357532782577,0.0,0.0,0.05437867342124436,0.002783887786002026,0.06311520795764425,0.21293828459416053,0.11962758957370756,0.0476128154236255,0.5545278370094318,0.30029130884607147
0.004880672990165813,0.0,0.0,0.0,0.019831589723808385,0.0,0.003725271138859565,0.017979106497998387,0.0,0.0,0.0,0.0,0.0,0.0028667962386732526,0.09153692942845293,4.5711835269912626e-05,0.0,0.0,0.0,0.0374284047757083,0.023492545845824164,0.0,0.0,0.004483699857792178,0.016924542408704557,0.0,0.010324611785993643,0.007365889677998894,0.0034820317678647683,0.09229129465545016,0.033362672269714455,0.0666121891341489,0.047337491936766174,0.03395933847411792,0.03344775878449635,0.10767771257391745,0.14851371566513683,0.26047740366466154,0.1489636697260619,0.10229925521705896,0.3905081553759828,0.009837034949832457,0.0,0.3210188030592329,0.021724101650394623,0.2596347216461772,0.0,0.313740272701144,0.3182270746663498,0.0,0.0,0.04052996938913944,0.03994615289280068,0.010316661670263905,0.0,0.0699667674287503,0.0,0.0,0.013879843995771246,0.009774464296270935,0.006707110087919688,0.0,0.0,0.0,0.0,0.10684995269010189,0.12111173460018465,0.0,0.0,0.0,0.0,0.015316266589601835,0.011358098254535154,0.16351709876380482,0.0138107767354958,0.03334732102709559,0.0,0.0,0.0,0.0,0.046900478903425746,0.08973708781313139,0.023057178270000644,0.0,0.0,0.0,0.013077000722523824,0.0,0.21517375118737903,0.08740699336266866,0.09565455504643161,0.08190487370525101,0.10078920377887446,0.029060637051807614,0.008390696520376384,0.34653813465796635,0.18674279867133148,0.20918705435472296,0.33873821770774715,0.7039880375284864
0.07902501875358503,0.05728723198529506,0.05458931014004165,0.08440680318864047,0.13803988948617718,0.0,0.10991226637966411,0.0482801278058993,0.04069416932138026,0.06240957052161633,0.01587757128809253,0.0,0.06845099268905264,0.0,0.0,0.15419542520715446,0.0,0.01717405492801305,0.002733749265902752,0.053849581938768765,0.04173280917222044,0.0,0.0,0.020491731109952394,0.0,0.012805429800289758,0.041987010322869445,0.0,0.08384348751923243,0.0,0.039012036352631174,0.0,0.16736407359732786,0.008557781492455785,0.04646333390151991,0.16467528346858673,0.11741674209406838,0.03851067528782259,0.045135761292536714,0.04274418694837889,0.09171238797368408,0.020410269518535085,0.03985333102019606,0.0488122621956073,0.0,0.0,0.04973453903318914,0.007581448095462129,0.02864504155844605,0.0,0.0,0.13930716295685475,0.16212005621390713,0.056015097661899826,0.10227894312080332,0.11936515435540418,0.10270444531098066,0.03337925870989045,0.030331630455437963,0.05376217571182007,0.0,0.03069616203936265,0.0,0.10950449484544222,0.01104383325021896,0.15088049671529014,0.0,0.0,0.0,0.12940501507588964,0.0,0.045791829157955544,0.0,0.11404865236297157,0.0,0.0,0.0,0.03837213767478209,0.0,0.20183559678454488,0.06127911452625412,0.041909765482267325,0.04196841472337809,0.0012609040801065952,0.07950735995240654,0.0,0.07648299095092881,0.08389421687647802,0.16530385605991915,0.04669127999545619,0.02771589328460511,0.0,0.12710791977079028,0.0,0.01550753782780534,0.07394011401067546,0.019014400800561493,0.05996186370252676,0.0,0.03451863752562723
0.018369343157468077,0.41087634360523184,0.2856895825845327,0.06206022619290508,0.08897589250870341,0.12587858045732148,0.3841127826463868,0.39028195381007524,0.11664566840727275,0.08893129726731841,0.10769380812624485,0.0,0.0,0.11550251366920739,0.03742653450109046,0.2834405744591524,0.0,0.21237602100235708,0.04089173365124266,0.061279534225124,0.016456084783912583,0.08972893311043917,0.08711727955924653,0.0,0.16290655363033224,0.02045348048506579,0.0,0.06259239200894218,0.08705865978225003,0.024731548614410404,0.07627272407015129,0.0,0.03944380532789271,0.028917586627635217,0.0,0.07479817758033569,0.029813109548165073,0.0,0.024650553605860104,0.0580961234391717,0.0,0.0,0.02028347368014316,0.1405191068551468,0.0,0.0,0.01875959278515138,0.0,0.0029862289983806356,0.04052996938913944,0.13891669048516375,0.0,0.3826938568779883,0.3244829955532027,0.28912850521542044,0.11950018873678125,0.43196993829388797,0.35844268811141156,0.0,0.022711203711785366,0.0,0.01652047401652501,0.14514388081748297,0.004107962839553725,0.0478376643125622,0.0069729178896063004,0.16800067743223357,0.05982531591274842,0.09202242185266796,0.19953448942311391,0.1568996019631994,0.1558503039681831,0.051917169197559954,0.1583171717455727,0.041987622367323674,0.0,0.0,0.06479434957332275,0.08628991353634285,0.025603375202357004,0.04793399305255752,0.00990088819130408,0.06606832529208306,0.0,0.10256649315939637,0.02939747216260047,0.05193628775674952,0.0477420881600823,0.14986674495190044,0.0,0.07619995036329019,0.09953093264630208,0.00024965753887329356,0.0,0.04349194612093843,0.0,0.0,0.0,0.021138809997118813,0.0
0.03952340759163109,0.3531457044986279,0.11066901279735575,0.18432636205820208,0.07880369541812504,0.07646827203574835,0.3396839371522802,0.23578882325415185,0.07241682032027308,0.10186326730529105,0.0,0.019262399744827352,0.0,0.15068900416554243,0.07678393252255988,0.42304866965123455,0.02657586217779473,0.27740904992578574,0.0,0.1134158318316838,0.12637159529407604,0.02994080134772492,0.15635972933340359,0.10743891087348434,0.04070216118260328,0.017476742428363057,0.0239619900061796,0.0,0.0404666119375765,0.0,0.0,0.04196799106684779,0.04826010046999718,0.023536299734348898,0.17546247902561207,0.12067312416605569,0.05309619718350422,0.0664244166208463,0.03808767811818159,0.10123938008656586,0.05003644712221611,0.03230042298974123,0.1818459435010178,0.0,0.0,0.0,0.029145229128187733,0.07464621930283366,0.0,0.03994615289280068,0.16212005621390713,0.3826938568779883,0.0,0.4130532146425132,0.11261485188285603,0.052200100107337555,0.42126389840966016,0.20798917975313325,0.031385047872553695,0.0,0.04198435555574198,0.08100034775244502,0.08659816396198794,0.04247234903915009,0.11591769078729142,0.10313137480246848,0.16617417679790059,0.09876103584489604,0.0,0.18476435989186246,0.2105837967983648,0.06456209252406309,0.12814392334064006,0.34254961674733453,0.0,0.06748383808263547,0.1679783642432633,0.0693852973670599,0.09261430802137749,0.09021874136157226,0.0022997111863261033,0.0,0.020777472954330634,0.0,0.0516900623553882,0.0,0.0,0.0,0.09738807448642994,0.014817178260630559,0.19265138760262213,0.08935746730615879,0.09767564575578636,0.12807198896416727,0.0,0.0,0.0,0.00929291074844718,0.0,0.0
0.01299371976083119,0.3987983210082362,0.15560567274579906,0.14857736360948737,0.2594539329733627,0.15177262941293002,0.23221913348417456,0.39254272571598836,0.22036353103368667,0.1869163930300437,0.10312177713017023,0.18301221603809026,0.05335299307295793,0.20730168468353094,0.0854507325125784,0.18394263069099281,0.01455736771032301,0.17896437570065782,0.08523917398486969,0.12024804186440763,0.03921623606540825,0.09434854189542108,0.08375970659658938,0.034322097752241376,0.0,0.043201624822933216,0.05568191088867236,0.07164019677034927,0.0,0.017844750419226507,0.09343982627853542,0.009986590466372292,0.0,0.13078174144681132,0.01417515618695786,0.06850506142074142,0.0299986576650646,0.0,0.06946744919603676,0.13522403214653478,0.0,0.0,0.07041197463137872,0.0029122818725419997,0.0,0.0,0.011220603883869806,0.0,0.0,0.010316661670263905,0.05592109502982545,0.3244829955532027,0.4130532146425132,0.0,0.28440618502116566,0.09858839323912383,0.4266827998307363,0.26472135822797993,0.02693784339912142,0.0,0.016503664384109662,0.10910981867158842,0.11192606363061408,0.02969799668503148,0.10893425669262857,0.11980389117724988,0.03702580936487365,0.045748101076446446,0.09457397162887071,0.23255344237319475,0.25850327377390503,0.244310175112465,0.250091053530332,0.15608437194437208,0.1064811766373226,0.02103972936839993,0.01681044597542325,0.17296341963841533,0.029385917483770285,0.03449042288574944,0.020487840378033972,0.0,0.12657524764129935,0.012347964153117008,0.028686113622299114,0.052883381139650965,0.01770559121802684,0.0,0.048695044028007395,0.1067022286279018,0.0013848047843900702,0.0,0.05266833817564365,0.0042978369572908015,0.0,0.0,0.0,0.02548849373452855,0.021414415263395714,0.0
0.0,0.2639691746780275,0.13820062776919917,0.045616468353133044,0.06458365560667856,0.6527421595276723,0.18875207216065304,0.48441973239594693,0.28627310757757396,0.11963049114703761,0.01880591762749395,0.05239945328919626,0.07162261667483838,0.22657208591310685,0.1418247724875279,0.20662592311112515,0.12613319451391325,0.20837664802227973,0.022016741384930594,0.05289226931189628,0.09678365981373904,0.03139296335930908,0.10646606338806786,0.011412296552881784,0.0,0.05357935683609849,0.0,0.058160696674514956,0.13103782795845076,0.0,0.12502138053968093,0.027086657057245667,0.03435649784098693,0.040345524672061206,0.0,0.05249674189889486,0.0,0.04282182380789523,0.0,0.07232483919955301,0.0,0.0,0.0,0.10801051225167457,0.040736020433090214,0.05436446647176396,0.0,0.029685597461372115,0.035125806554059835,0.0,0.10254610849617007,0.28957463714031206,0.11261485188285603,0.28440618502116566,0.0,0.31309791868471404,0.29413375872347913,0.5188074606734157,0.1727803173880864,0.09475070241516814,0.09889795259638712,0.026294046345040734,0.26373727053657525,0.12213279125528409,0.007500849016104816,0.0038309643426868156,0.015542664569769382,0.04533277807604863,0.0,0.19569681724730703,0.15040081499660563,0.09703542605666371,0.19573096844259563,0.0,0.06925506407093662,0.11183432856703357,0.0,0.10439267588368528,0.0,0.0,0.0,0.045945939896733456,0.07759288669102249,0.00686260621151602,0.05458221747510272,0.0,0.0,0.04290978009631541,0.035445561658321356,0.037735522220947004,0.0,0.17957418304067962,0.03573769501387858,0.06343885645428493,0.09083558658150803,0.020158643260060227,0.023136649521665387,0.0,0.1382985754611319,0.0
0.0244919403979158,0.04543112317899567,0.15122143612033634,0.03220818392176783,0.0599923931626547,0.3347259206281503,0.258633849727711,0.24059470335968447,0.19667258565194468,0.015247244186403552,0.05996114957273102,0.05665399752256528,0.010874860530239783,0.047216521004458833,0.0,0.048724418342223075,0.049615984191502704,0.19829124879427296,0.07047816384118111,0.12960941901485423,0.030388677944748643,0.008211782917791677,0.1632630152545631,0.11636794107002091,0.06901683871160946,0.10069840403370245,0.07981104537814598,0.0,0.010150254441748885,0.0,0.0,0.0,0.12341230042809004,0.10491508398777105,0.0,0.23345759873858762,0.056434806907053936,0.014707890024479475,0.0,0.07236810519616554,0.0,0.0,0.0,0.03657250574024529,0.0,0.02203359146015549,0.08140044851139994,0.0347859028214228,0.19818500366672653,0.0699667674287503,0.11936515435540418,0.11877784462367824,0.052200100107337555,0.09910226177329617,0.31287721685288883,0.0,0.21489151353926417,0.470535698473316,0.0,0.0,0.0,0.0,0.008201210018659921,0.06054924105163151,0.0,0.0,0.20273573398374767,0.08797590307519787,0.0,0.1286155542658376,0.06356159159028563,0.09458611846273657,0.0953009192046963,0.08030095315120311,0.0,0.03034576779105924,0.031981219823161045,0.01365435142513105,0.0,0.0,0.0148035972100371,0.014465978837310267,0.0,0.0,0.0,0.0,0.10348517636939425,0.0,0.16106874172646846,0.11953293522442632,0.12810439773794968,0.0,0.11372774473272118,0.03725887390065985,0.1369002890011335,0.05783457062185793,0.010168304161726205,0.10910426518266325,0.17434322807296843,0.11386941957488972
0.02837274944963397,0.22375797600419034,0.17065886923207607,0.06435019075303927,0.1555942689773815,0.1285916823921096,0.7015362955304743,0.5262580393686833,0.18105081106057241,0.040060678154543616,0.0148216534649106,0.1101748834813292,0.08768830029534413,0.08872812088401982,0.06448663503052465,0.3400440020134803,0.05530155895076749,0.2581347288225069,0.09195026825574537,0.18081227025446012,0.04128461710396536,0.0710120985931928,0.06240112239965434,0.08754223140584383,0.0,0.0,0.0,0.007152604813648988,0.2696252043026144,0.013766072737852575,0.04166272499155754,0.07660062458975991,0.08990804771579608,0.08020886217751055,0.08172321291736218,0.15102963829228644,0.03435118565459838,0.08006544059785314,0.08606046915745846,0.22154277057506988,0.007816976146612031,0.02864398741520713,0.05155369646817176,0.0,0.0985257004136173,0.0,0.0,0.02211223858502942,0.0,0.0,0.10270444531098066,0.4322685348898867,0.42126389840966016,0.4263655409474878,0.29440092409884633,0.21465454202111767,0.0,0.29355688463872953,0.04324119232628343,0.004179031884798512,0.0,0.02409416676078946,0.04530029050140616,0.08801070400374922,0.028711123335986244,0.11537257147080915,0.0971937452392937,0.04295516220700257,0.05777769327946913,0.36560458147967934,0.2200503490422938,0.1551398318125683,0.07544749430119024,0.17686901235955377,0.08111436129552496,0.09624340873641923,0.04424756898025395,0.0691196199527302,0.0,0.07501996994144644,0.0,0.0,0.0,0.07700884679860653,0.0015439492392053111,0.0,0.0,0.04040446006061105,0.17058282778530476,0.037640956616769916,0.04065731411601403,0.08036979943066136,0.09657738560589735,0.0,0.058618112150535584,0.07834419155944516,0.08751778259993381,0.03648451508369277,0.022953408912142148,0.12184856069284633
0.0,0.34698698772514724,0.19017552186868203,0.0398017514645983,0.1378786414684945,0.5257455788062373,0.22564861293742533,0.632964633638236,0.7850173217946872,0.13779875933143737,0.0,0.16411153272264478,0.08686787283922559,0.07175055779616013,0.08312990588911928,0.15339773428788162,0.22125873697919562,0.2339758308727733,0.032439134428541294,0.1506594225608251,0.12549857056381297,0.007889640974976242,0.08909889308377039,0.03603511955188665,0.0,0.0018107800339244307,0.029205899191546703,0.15391775789512385,0.2099028911976175,0.0009291723191315882,0.06529307578723298,0.0,0.0,0.14568732002470286,0.0,0.10486144099486694,0.03771137887533893,0.04470217720287817,0.0,0.1137058007013163,0.028038072080541543,0.0,0.0,0.005831975872612638,0.0,0.0,0.0,0.03636728996821326,0.07468817944630013,0.0,0.03350011923684271,0.35844268811141156,0.20779394351728753,0.26472135822797993,0.5188074606734157,0.4703241925511499,0.29355688463872953,0.0,0.1275872252729009,0.12220473269077914,0.08623944878665757,0.05131117083158854,0.22328111021597952,0.13495519421427682,0.05405537032975838,0.03905544401294758,0.02843026363773271,0.07094856585302534,0.012752293494425526,0.28313682153068553,0.1791796980484106,0.17321002433636812,0.13099071240141136,0.08278925770501244,0.12420762258539586,0.15370904326803725,0.1099457943587776,0.14837115183890504,0.0,0.0,0.011459743464144356,0.0,0.02392273354565022,0.09692828590659763,0.0650252763319723,0.055836500728355,0.0,0.08290221268480114,0.17895180841164082,0.04934311241499634,0.025903982501660483,0.06462329814882706,0.05792576973201857,0.0676573426357443,0.13797520687238052,0.0,0.038922967743275194,0.11763865254569605,0.0,0.0
0.02050930152293473,0.04790191370369756,0.022211865857008295,0.04728718307650803,0.0,0.14471079497328931,0.04370887299258719,0.015443806583225417,0.06034732161912215,0.48255372734217916,0.21892724027348764,0.23870155279748628,0.05811443783044634,0.06033448351961823,0.3437480851570518,0.0273932281134055,0.11152961286287244,0.009188763466225769,0.053101205347816816,0.043284390194678224,0.05770533462481797,0.0991873995489927,0.11280881833069145,0.02647443464439858,0.01025275547311777,0.04418032660519566,0.09824911256838487,0.007291955469804989,0.03289722415043084,0.019694321366014567,0.0,0.02636831598175693,0.0,0.0,0.019123921914434128,0.06612635157664126,0.15425693751002845,0.0,0.0,0.05187619373017727,0.06614748631344858,0.018007392968393265,0.0031318218416269694,0.04109274412542563,0.06152261421936611,0.11045433242718738,0.03481169253035521,0.029141571284606815,0.0,0.014082889681050315,0.030110928623613198,0.0,0.031385047872553695,0.026991239003595346,0.1727803173880864,0.0,0.04324119232628343,0.1275872252729009,0.0,0.1346849339366396,0.16244407814909012,0.07684351227521136,0.0949323213526383,0.1926037039937194,0.162137412404054,0.2474664017807755,0.11881975581354887,0.0,0.040383358818854465,0.00969381047468243,0.13596259624381313,0.0,0.16665222296809779,0.10041156810471152,0.1735242188871049,0.3356496825652986,0.04025496420450381,0.10342509276226863,0.04388890434479542,0.0,0.01983643146710623,0.0,0.040216615118354504,0.0,0.02243065734783878,0.04683235678864994,0.02270856823489842,0.024656944187338325,0.0,0.06907295979735428,0.03770745539808429,0.032051771217290526,0.026550094196091667,0.08590784530464068,0.17703592262978818,0.08913708021621591,0.0778627774739662,0.010583375022581887,0.06590659094538776,0.0
0.0,0.03224117463546117,0.07456165777995327,0.0,0.038772124733712054,0.017617676162453577,0.0,0.0,0.025939143672413234,0.005801281916338663,0.20191468894779785,0.08740523602465133,0.0,0.0,0.10059261217622817,0.07325754743230206,0.0,0.0,0.0902729689542694,0.04399151480398533,0.06689903775625528,0.00044434931950343426,0.01925471194710937,0.031283780159951924,0.009897039201869351,0.18222179614155998,0.07847516014758682,0.10778854611818023,0.0,0.12878484540825452,0.0,0.03986090357654737,0.03442643828040293,0.0,0.0,0.027005495680793246,0.0956515697634277,0.0,0.0,0.0,0.0,0.0,0.0,0.09359492253099422,0.0,0.05874849233087298,0.0,0.0,0.0,0.009774464296270935,0.054065837785786997,0.022711203711785366,0.0,0.0,0.09479859054848783,0.0,0.0043540712686600536,0.12184215110992369,0.1346849339366396,0.0,0.1379082245563401,0.045334323729124826,0.0,0.051575669629962295,0.0,0.09427662047312602,0.05596428775912132,0.0,0.0,0.005132219186204878,0.008042422175450703,0.07578588093186767,0.0,0.0,0.05796033641790066,0.12550526928676664,0.025466514457273437,0.09683581214242887,0.06773814783861853,0.007306927072692648,0.0,0.0,0.0,0.0,0.03855036991218119,0.0,0.06045738097009545,0.0,0.04600805493722193,0.03029698414664983,0.0,0.028501442814593325,0.0,0.04882702614053036,0.026580127137994847,0.0,0.032701727339104814,0.0,0.02763249266426726,0.0
0.051058964131031725,0.04155878880449437,0.04331881822913042,0.008411785623345658,0.0854876566406606,0.10432145069604326,0.0,0.0344941993403145,0.08902103539767348,0.20013362550202496,0.24327130297650879,0.4332353751964,0.03651795440028183,0.1455659553806159,0.21279164922363147,0.0,0.0,0.0,0.0,0.03041986735755353,0.07525948154961126,0.048680643678375546,0.0,0.0,0.02064756832274428,0.027042979582843518,0.0,0.0,0.035391041322953676,0.013124188634067835,0.0024258934256242703,0.0,0.02159153106094447,0.024798139711970535,0.08749100936071219,0.0,0.0,0.0,0.0,0.01822948506126787,0.0,0.0,0.0046092400834591984,0.06523834142533547,0.01637389660420352,0.0,0.0027468935200385403,0.0,0.0,0.006707110087919688,0.0,0.0,0.04198435555574198,0.016282962552284008,0.09920732701413781,0.0,0.0,0.08623944878665757,0.16244407814909012,0.1379082245563401,0.0,0.17412246934979692,0.05372738282857181,0.08462015478946627,0.06760119466372227,0.1268403101975193,0.030977348201306487,0.0027867537652848107,0.0,0.0,0.017705179972122398,0.006122872523394385,0.026298188128123456,0.03116461723955677,0.23413256144998051,0.18032914881168782,0.0,0.0492209584371035,0.0,0.027598143814422382,0.03464790999192813,0.0,0.0,0.029058609789022416,0.03174692901178355,0.03751915993253441,0.0,0.02343223191883803,0.0,0.0,0.0,0.02513118895426203,0.0,0.0,0.03226472610693554,0.03520649627543104,0.0,0.0,0.029445225401218522,0.009441902293571225
0.0,0.0,0.0,0.05040956539811692,0.1014403045110921,0.0,0.008795097086684578,0.06483478530581976,0.002092415175290796,0.13608112852687082,0.01625294207663952,0.14467265123562933,0.5217697646458785,0.07408332922415761,0.0,0.0135521004631034,0.08455789494349863,0.0,0.0,0.01514162533355723,0.0,0.059325536202355256,0.0009197875721551618,0.0,0.007153757573822972,0.0036538255023623734,0.048880559680779534,0.2060829907691466,0.004507243562045016,0.0,0.04675635647375298,0.10257702140325708,0.0,0.051324213173599365,0.0,0.026327068726413216,0.07746005205699547,0.0,0.020977993110636195,0.04083665417148774,0.0,0.030537399753840955,0.03433667393957851,0.0427456882927455,0.0,0.0,0.017321600047483177,0.05401925843564426,0.023994332016166187,0.0,0.03069616203936265,0.01652047401652501,0.08100034775244502,0.10910981867158842,0.026294046345040734,0.0,0.02409416676078946,0.05131117083158854,0.07660179122130728,0.045334323729124826,0.17434317118162257,0.0,0.014240836992200467,0.03138841088627364,0.08345706016145238,0.00685330108671689,0.00018509767613794637,0.0,0.03700007696934504,0.017617096224635365,0.0,0.016769403691036633,0.0393413468988717,0.0,0.030823142530577385,0.15603471581712114,0.05739883080197661,0.02764324417137498,0.0,0.0582560458246717,0.004943453563242883,0.01579641566370471,0.03116636101583703,0.0,0.04971412086516658,0.07276572749442556,0.02335183900939164,0.0032287556606416246,0.03730985603296322,0.0,0.05689613945295591,0.0,0.014191897988628632,0.0,0.0,0.0,0.0251114887224535,0.06732166935284889,0.0,0.13710807885859255
0.0,0.0938614669836979,0.08342616193881325,0.03703987510443696,0.11080270662039693,0.09601596227144205,0.07587842493239716,0.2616684127495854,0.13239533013963145,0.11313922612811522,0.15096078155585202,0.17336027867216686,0.13216906371861636,0.2475957796783863,0.09501948231046287,0.0,0.07574506075985132,0.03257051144839407,0.0002020391863908344,0.05691599512830958,0.22222623464766977,0.0,0.0731701101760982,0.08369396427098064,0.0,0.057784218881482996,0.0,0.023115085807676294,0.18759723521657756,0.04408205065803772,0.04580066317961862,0.0,0.0,0.00038180550251976086,0.05485318914280324,0.008762970858722685,0.047904194147524226,0.0,0.0,0.03702636147784499,0.040148256785015324,0.07142641582232301,0.004677196671565742,0.004523454506283109,0.15246456554177046,0.0,0.0,0.0,0.007972961876778317,0.0,0.0,0.14514388081748297,0.08641687317156066,0.11211581465792708,0.26373727053657525,0.008772276008508051,0.04586605247277209,0.22328111021597952,0.0949323213526383,0.0,0.05372738282857181,0.014240836992200467,0.0,0.139293962596287,0.14966406293044843,0.09916602064740188,0.0,0.10711178071076288,0.048684052147367485,0.04552370394544125,0.1195996869650644,0.16492597867334124,0.21301957242217728,0.054185381305015934,0.053255005981534875,0.09681590252949501,0.17276016323786791,0.21807453472303662,0.08486686526822762,0.0,0.0627471719883328,0.06882413999878523,0.024428029594180334,0.013727192538146582,0.0,0.030965583393558038,0.09567074612886772,0.001948902651670359,0.04812411398928207,0.0,0.05989407249617518,0.010490077133113562,0.0,0.0,0.00936494043243874,0.0,0.0,0.033132203573327246,0.0,0.0
0.006733974469385284,0.04359691240697394,0.0,0.0,0.0,0.05506390679685147,0.012937469514357591,0.031116325401876033,0.07332556000277934,0.13291431119503505,0.10205513328657645,0.009023265772091449,0.056310866546055216,0.22165506302305804,0.2567012096802892,0.05791693879622084,0.12244183533736042,0.0,0.07238590955494706,0.0,0.058736978834672104,0.022035961988949637,0.07511543557513445,0.15611851964877843,0.0,0.05702614931638594,0.06987563613539383,0.0,0.0,0.02067767920228647,0.0,0.0,0.0,0.0,0.0635561431259668,0.0,0.18967525232140936,0.0,0.028619075547389627,0.1435733337362013,0.0,0.07526421997020183,0.047036712519678225,0.0,0.017192314091668326,0.05000326973685887,0.0060711574416272285,0.0,0.061441363933022686,0.0,0.10950449484544222,0.004455568224678519,0.04247234903915009,0.02969799668503148,0.12213279125528409,0.060557050501065746,0.08801070400374922,0.13495519421427682,0.1926037039937194,0.051575669629962295,0.08462015478946627,0.03138841088627364,0.139293962596287,0.0,0.2590230721653217,0.31464446523354894,0.0,0.052025991067585764,0.04792393192271005,0.06635935006563276,0.043603871346876044,0.056755653430636155,0.06802585975434283,0.07221404085542149,0.058658691036753474,0.01814026026005955,0.0,0.08888339540735979,0.0,0.014381148126281662,0.0,0.12500403430747298,0.0902188981847325,0.0,0.015200622464671465,0.04323396874831342,0.055059677477542035,0.0,0.0,0.06243319018293558,0.0,0.04224747224975722,0.05585232382876404,0.0,0.0,0.025918353173231434,0.06255836474874865,0.0,0.05081934203143845,0.0
0.06168747660346252,0.009912703828494074,0.13614054822659005,0.02645180553161497,0.07785579388169461,0.034538230146444526,0.04700254514544344,0.1235197651729476,0.089824678318279,0.04806956689392994,0.0,0.013022525711947175,0.07412781585483286,0.11970102932614557,0.24154799871458765,0.061784497756315115,0.04456344416723779,0.0,0.0,0.01897938101197516,0.2428970721719086,0.03819339902177843,0.06662931168411168,0.11705590856369508,0.03388627260945665,0.0,0.03284470569869713,0.04150872716472653,0.14029282251031816,0.02947492752671499,0.0,0.015432429952443982,0.0,0.0,0.03151195943808993,0.0685848256109094,0.06721265236701468,0.0,0.004716059912321935,0.13167140873433336,0.06988045015478406,0.0,0.011123367669369166,0.0,0.0,0.030278378017632335,0.02769821759915292,0.0,0.0,0.0,0.01104383325021896,0.04801895510299037,0.11628027236814775,0.10893425669262857,0.007500849016104816,0.0,0.028711123335986244,0.05366489785806783,0.162137412404054,0.0,0.06719356506827534,0.08345706016145238,0.14977740581696786,0.2590230721653217,0.0,0.3025016881774256,0.07654312364809668,0.009859218535966718,0.05965230878595795,0.07944310532155319,0.16913811720719307,0.050616663057038824,0.17500847422806265,0.0,0.11617369196931948,0.05729890333465981,0.10892362630698527,0.13888244191310406,0.023888322066532908,0.0,0.12692951277517128,0.0,0.0,0.0,0.0,0.13563080244923276,0.016422642298934864,0.011605512686593489,0.026856968297110928,0.05470424137443164,0.0,0.12166051710661696,0.0146681699153004,0.04610483121725739,0.0,0.07290298359790004,0.0,0.0,0.0803301370719205,0.07255296427796765
0.06991613070724689,0.12108070573510599,0.0897657411177688,0.01672312406221632,0.08943776027890449,0.03863991018495039,0.0,0.13015249448906996,0.04369152840124979,0.23111217662779948,0.04472999672321576,0.07776627514119294,0.02787663557896547,0.2074672935561077,0.32509789016412904,0.06382470195238854,0.01942488753784355,0.0031502923368078584,0.044930154249708476,0.06385673651802248,0.1487876686489571,0.05532378314918551,0.029296579573879544,0.08666779600324492,0.011684197635828397,0.00288323513035893,0.03840062788115306,0.07571133683445064,0.01573016914078762,0.07890482879076233,0.0,0.0,0.053715512379686636,0.03861648468674561,0.011616372828608945,0.0,0.07650572443080916,0.08014888583776703,0.05136450989876895,0.11051248000178227,0.01712187397470233,0.0,0.11628801155451729,0.12313203869769529,0.000361254165805569,0.003136440525226991,0.07684373647755294,0.0,0.058100597330458026,0.10713196058632324,0.15088049671529014,0.0069729178896063004,0.1029361385666232,0.11980389117724988,0.0038309643426868156,0.0,0.11537257147080915,0.03891041138060558,0.2474664017807755,0.09427662047312602,0.1265731448221521,0.00685330108671689,0.09919960967722563,0.31464446523354894,0.3025016881774256,0.0,0.06183550413684191,0.060091062607420476,0.011736154729939496,0.09220183139396809,0.09597804353752881,0.0,0.17878683322946598,0.08673190365347017,0.10574081664257218,0.15514386014613457,0.013323667436638154,0.09467517124124036,0.0,0.0943187803824097,0.006748241080754891,0.0,0.0,0.0,0.03004346340663977,0.019871652540580875,0.06746594716749321,0.011817416668038927,0.0,0.009741042096800712,0.1310677813894765,0.08974100612143943,0.19640959432818184,0.0,0.135335394179124,0.06242257438887133,0.05422574566157268,0.0,0.0129965693054368,0.0
0.013900120856483067,0.03355803201032437,0.0,0.0,0.0,0.09441722539523623,0.29440787133053803,0.0,0.08781792582538239,0.03664841861803758,0.09535096747348515,0.00045159229574220916,0.0,0.0,0.13278682289597699,0.31897279862700856,0.04047225003351729,0.27427355851952484,0.0,0.1880644937041862,0.018961725803523954,0.1160935860200425,0.17541000429485765,0.07571775604906916,0.0,0.1123918781852633,0.06296933376120961,0.0,0.0030751888078657252,0.01815109110335289,0.0,0.0,0.04524427105978024,0.12297870036350211,0.03309037735193332,0.14359571333538135,0.057712331640098036,0.03499151038059978,0.03079928936270937,0.2750472011360796,0.1146659685934015,0.03172907242205403,0.06145852024899723,0.06060762878367454,0.0013082301132700813,0.0,0.020636340843140477,0.0,0.14761001270080776,0.12111173460018465,0.0,0.16800067743223357,0.16617417679790059,0.03702580936487365,0.015542664569769382,0.20273573398374767,0.0971937452392937,0.02843026363773271,0.11844167074440826,0.05596428775912132,0.030977348201306487,0.00018509767613794637,0.0,0.0,0.07654312364809668,0.06183550413684191,0.0,0.0694558258650626,0.0,0.12746315383806817,0.2591713164431453,0.08009751842326951,0.035430777439167116,0.21016602994034095,0.13939968485405663,0.08943047465640053,0.0,0.0,0.04939527394555965,0.05486813865825546,0.0,0.1793578349703333,0.0645122529963329,0.03777865468117492,0.06365165438480602,0.07813382670536573,0.0,0.0,0.07633026276819699,0.008153929060228382,0.08081418880076896,0.07655693653740858,0.1622280166721599,0.0763178654948109,0.05189175774442134,0.04785247355925071,0.06339442382259941,0.16406496993843156,0.18806606660774117,0.17134603273404814
0.037197010532521446,0.03869893007798186,0.07164449078172153,0.05627593352195026,0.06772168869395445,0.0,0.08908625487287969,0.19082425731361985,0.10742668469280581,0.07115136314329007,0.027484468135766438,0.0,0.04256691698674686,0.04352535403015523,0.11169157349171499,0.08619604988539287,0.21816776197786103,0.1373471082592781,0.0,0.10286873992096979,0.05397472212691001,0.24733308904321438,0.2036529099314226,0.2138081115019781,0.015465925058907981,0.12796569502272614,0.13413116149528648,0.1758598984753621,0.0,0.0,0.04490484244345705,0.152175298528328,0.0007645036930332694,0.19138826200875503,0.1672491699984402,0.03397370499095809,0.059233288517657634,0.11216769124719095,0.022778079151822617,0.08709217948365389,0.01569379195971443,0.04914680076040856,0.010081623219644342,0.0,0.0,0.04430959141024937,0.12345407382574747,0.0,0.006854051334585165,0.0,0.0,0.05982531591274842,0.09876103584489604,0.045748101076446446,0.04533277807604863,0.08809361071883748,0.04295516220700257,0.07094856585302534,0.0,0.0,0.002566051933458713,0.0,0.10711178071076288,0.052025991067585764,0.009859218535966718,0.060091062607420476,0.0694558258650626,0.0,0.4009073132069254,0.22112273382198033,0.1501871543324249,0.2541976067073377,0.34896630742659474,0.05060617231958009,0.21749385378655406,0.05620817191424621,0.13886657248779244,0.15815996954005795,0.0514073748055619,0.0,0.17088734629644753,0.04275813674232776,0.136564311117509,0.2797846920627487,0.2645392061107419,0.2407170629778519,0.052184102933162446,0.13827648523688918,0.023689802716646113,0.021847346294193937,0.05061171364826178,0.0,0.07650549020180453,0.0,0.07855038159748373,0.0,0.0,0.08357435384861889,0.0,0.03286237840191131
0.0,0.16577795472052959,0.06927254464845811,0.082830329408492,0.11996332447092817,0.07333241927238587,0.08939269886967693,0.18229274591952027,0.058636100237477784,0.04038539075732439,0.007554423101289842,0.01605884695753046,0.02495806104929832,0.08251527058685015,0.0388346632795078,0.017008820059967178,0.11407370712668197,0.16898903000618803,0.0,0.07401466795344458,0.03243980542037317,0.12116497992193898,0.09299502936689574,0.03749422969660943,0.0,0.022610893701173307,0.14093511207153142,0.03974449230923227,0.016977364481848944,0.03267003962666104,0.05828920265933757,0.0,0.0,0.3120828276786485,0.08605482270766585,0.08206360077677877,0.0,0.0758614377555289,0.0,0.0,0.0,0.0,0.0,0.08297713823422104,0.043571936397347244,0.035216381716489664,0.0752137251850864,0.030404228222081997,0.0,0.0,0.0,0.0922531555859396,0.0,0.09490283350158002,0.0,0.0,0.05821115444459579,0.012752293494425526,0.040383358818854465,0.0,0.0,0.03694607545730255,0.048582083190542136,0.04792393192271005,0.05965230878595795,0.01245780570539834,0.0,0.4004207113467788,0.0,0.45915236281077254,0.2582713395457761,0.3526230386141487,0.3266569504529002,0.0,0.043345371343922245,0.0,0.10783935000422362,0.1905322782683272,0.0,0.0064669673917054915,0.3837900407520105,0.09033401864628665,0.1262214449114869,0.4912717688151287,0.2250861677733127,0.5033704679860609,0.00370119650973022,0.03848587459185726,0.07932530749096278,0.05240492235865002,0.056904141231069794,0.0,0.06563458118361165,0.07718043195576163,0.11800538941122118,0.0,0.002627884847969053,0.08816401015706532,0.0,0.007995903295953344
0.0,0.20026740721831127,0.12821499477914777,0.12264816400430911,0.19581880300529741,0.12346121367123919,0.2734958153214957,0.16497897159600283,0.1853323255138104,0.0,0.0,0.08549006418679461,0.027070488211503374,0.0,0.0,0.1660404632918464,0.052006027278624245,0.4191532206781523,0.0,0.2519427543272359,0.06814335059540522,0.12357093854092183,0.16752806507684337,0.04899131149821123,0.04955066160947741,0.0,0.0,0.0,0.07958599579984815,0.0,0.04476575604341626,0.021985277511719747,0.01021285240582026,0.3780128455206788,0.07688339651294429,0.11552529062604355,0.033447465259493825,0.0,0.0,0.020715443958586377,0.0504118625063783,0.0,0.0,0.0,0.0,0.0,0.0,0.0,0.0,0.0,0.12940501507588964,0.19953448942311391,0.18476435989186246,0.2326731407796947,0.1951892030341087,0.1286155542658376,0.3653972227324571,0.28313682153068553,0.00969381047468243,0.005132219186204878,0.0,0.017617096224635365,0.04552370394544125,0.06619014532789969,0.07944310532155319,0.09220183139396809,0.12746315383806817,0.22112273382198033,0.4589106417568689,0.0,0.22944348617135013,0.3441594738822231,0.4902564847734201,0.04786639355769129,0.0,0.1028154005780273,0.058134355779278835,0.15855950236667615,0.0,0.0,0.16863933497204808,0.0,0.12884831600424373,0.23229101116088113,0.17660773593658963,0.10935426134178483,0.04142455790905597,0.03946038125659346,0.22260387564946837,0.011494034624842886,0.0,0.0,0.0,0.06444494602716944,0.061008139479831414,0.0,0.0,0.07384173894154822,0.050784358474343705,0.0
0.01400753453473147,0.13234668524586146,0.053535218343750746,0.20540035600341744,0.09150506845611517,0.09712734399469136,0.2789366641115114,0.19693505659012267,0.08417788296690665,0.0893481306110746,0.02026104502356718,0.0,0.015609969445907979,0.05298632366609368,0.12594274373820635,0.2365305443465191,0.0,0.24259114085494282,0.020316190842625925,0.31646587532323167,0.2976839431864491,0.08734530274148078,0.2512512558058497,0.1480053870228888,0.027738075707934406,0.1062131519229288,0.1832014202283978,0.11069543469562149,0.1527521616893548,0.0,0.0,0.04190283892727642,0.025613992892693727,0.11664942527489908,0.10707189032970899,0.054074213064068566,0.0,0.01987137847337772,0.0,0.11051950367317964,0.0,0.0012756913957394644,0.07083697457814697,0.0,0.06355485162058505,0.0,0.0006864668216026715,0.0,0.022929256335920467,0.0,0.0,0.1568996019631994,0.2105837967983648,0.2583282343900435,0.15069941159260392,0.06356159159028563,0.2200503490422938,0.17899840725798244,0.13596259624381313,0.008042422175450703,0.017705179972122398,0.0,0.11969368959713789,0.04390246794287478,0.16913811720719307,0.09597804353752881,0.2591713164431453,0.14988855773642573,0.2582713395457761,0.22944348617135013,0.0,0.16626837814283446,0.23900189010535344,0.07127412953107193,0.20676795285553506,0.1445049333143107,0.09442570556714802,0.23714431393867885,0.11022923542139784,0.0,0.1519842004794314,0.11809410034048273,0.03740761869663389,0.21846634896919603,0.20567286501962112,0.18536810820528027,0.0,0.0028176220438056454,0.18588309116071056,0.0,0.011122031497986296,0.013953055602256459,0.009663279575914618,0.05292676291527476,0.1413832666427468,0.0,0.06043670800437351,0.0,0.02301659650033372,0.0
0.02722666090204351,0.04391348406518647,0.1059507392429695,0.05931905661188175,0.17760897199903347,0.11325252879616476,0.2585007636955021,0.24437525749418088,0.1008969650305378,0.157090812616969,0.017775805188056548,0.0002047325766456609,0.07809619865434758,0.08395721182948934,0.0,0.027334320632816933,0.10201372659598196,0.1782543276944084,0.0,0.0,0.021074279167416776,0.20793824866782673,0.1139902303328717,0.16634409654734128,0.0,0.06674615059997357,0.03452566257899825,0.05526487433077021,0.1586850488556366,0.041877572150667675,0.0,0.0,0.0,0.14011259139975474,0.061752811613962955,0.013216266395000176,0.03713605263627695,0.020535446913473976,0.0,0.05443299543579849,0.03523940801456815,0.029524470844024986,0.03730144600937457,0.0,0.07017847625226459,0.04676696604482489,0.049684830698603744,0.0,0.0,0.015316266589601835,0.0457918291579551,0.15568109923045093,0.0641577341181021,0.244310175112465,0.09775070062980662,0.09458611846273657,0.15532112260299646,0.17289276545311916,0.0,0.07578588093186767,0.006122872523394385,0.017068000287035368,0.1651567124066129,0.05659591469221681,0.050616663057038824,0.0,0.08041477730651847,0.25443932776124134,0.3526230386141487,0.3441594738822231,0.16649911187610655,0.0,0.4917459608735659,0.12186368705028316,0.15352392931758319,0.10918686637614883,0.1388687593495983,0.2532934351907281,0.03271976753361727,0.040191086069067516,0.1369583035178219,0.0,0.038878063110285854,0.20291143107750953,0.25635876738918206,0.12115375631374281,0.10537053364641835,0.038207042273990854,0.07656120242244224,0.0481672951654919,0.0,0.0,0.0564585627162244,0.06865022510699026,0.0,0.006832226301111355,0.04458450427005678,0.0,0.03944458113541094,0.0
0.0,0.2009070290519781,0.05977043254441616,0.12912881640096918,0.13082185809821256,0.07419682809314754,0.09402255125611036,0.13223246421624513,0.10641441965369314,0.08288110007611493,0.10138679793187677,0.06374003581232479,0.04708738831485526,0.17570429939426857,0.06458059925317405,0.19213143483785533,0.09916759203283965,0.23467527693801937,0.0,0.06189832058694833,0.0854745743425589,0.2720505996054019,0.22256812170035056,0.1284962347467684,0.0,0.13338864312284615,0.0,0.02524206820624597,0.0966283728459616,0.04847224603188538,0.0029233167487108247,0.014470099673884906,0.0,0.19723765425210393,0.1789259275459374,0.00034402323842241955,0.0,0.0,0.0,0.0,0.04189509305832395,0.0,0.0670205609265766,0.04325350668716732,0.027732949644088567,0.0011827937412602907,0.0024286638786428227,0.08257879417190983,0.0,0.011358098254535154,0.0,0.051917169197559954,0.12814392334064006,0.24991601414647047,0.1955357322067508,0.0953009192046963,0.07559679259918939,0.13099071240141136,0.16665222296809779,0.0,0.026298188128123456,0.0393413468988717,0.21350002571073645,0.0677841387004392,0.17526228133466137,0.17878683322946598,0.035430777439167116,0.34896630742659474,0.3266569504529002,0.4902564847734201,0.23900189010535344,0.4917459608735659,0.0,0.09638624455664546,0.08657975444429855,0.16050082489955786,0.05080253012514069,0.3545802572095105,0.0,0.0,0.16763554188727925,0.013414487895643923,0.1577509404656081,0.24507588870146124,0.23610650515225684,0.25608512677113415,0.17271186887070566,0.0,0.12767894599180885,0.0,0.027262890935729533,0.0,0.0,0.0,0.01874339465788477,0.0,0.03001893165698144,0.0,0.0,0.0
0.06245542827432171,0.11525076947990565,0.10788453110139962,0.0,0.0,0.09568289646596995,0.30910852551983536,0.09273196534312023,0.10474224694317691,0.11816073577982245,0.0112837805546806,0.13761069553448113,0.03370995166967239,0.13740635516748378,0.12049066581314527,0.12261080310734807,0.042095349286728645,0.0076585227165524294,0.12342373321319444,0.04432601241802425,0.043669380425928495,0.016023045977420658,0.0,0.04863553228298745,0.023132421878825138,0.06992416495988252,0.020579292854312037,0.0,0.007614708849534857,0.05797295457514995,0.06328021696270758,0.03654883576559298,0.006117021442708204,0.0505272079896506,0.12560711521719137,0.0,0.07615349761490808,0.01735162550226388,0.026349933866403052,0.3880845259697141,0.1013714440372846,0.02910229703711842,0.08037122486488579,0.0,0.0,0.0,0.0504471985710806,0.08691269646941935,0.07152005786334614,0.16351709876380482,0.11443912483466212,0.1583171717455727,0.34254961674733453,0.15601650908164455,0.0,0.07998369426795415,0.17686901235955377,0.08271460855601287,0.10020852241943246,0.0,0.03116461723955677,0.0,0.054185381305015934,0.07221404085542149,0.0,0.08673190365347017,0.21003587244977728,0.050873337694947285,0.0,0.04786639355769129,0.07127412953107193,0.12186368705028316,0.09638624455664546,0.0,0.0,0.15281482860662798,0.0,0.16497220297196158,0.008808361252241603,0.03165578865385976,0.0,0.026642506581165293,0.0,0.0,0.07542902371929783,0.0,0.02478094399007169,0.0,0.08235806689442349,0.01017137518346578,0.0,0.004634555891066761,0.10788804031282018,0.0,0.04626236406640594,0.0006683438179226897,0.0,0.0,0.0,0.0
0.017517448942072633,0.07954040763780812,0.0383439874063205,0.11682624110711837,0.09709240731847002,0.07273952829106722,0.014581718562945323,0.03807943606979469,0.05420015496994601,0.0,0.06173752154197665,0.29655024337491875,0.12547177788932107,0.061346663681614455,0.17489674555703383,0.08300530882917068,0.14516553310019198,0.08004326663538741,0.0004646369287355512,0.0,0.04081935025138694,0.18386503921374908,0.12870856415229914,0.3354821927131879,0.0,0.09153741694056894,0.012502737016350629,0.05103258226151608,0.05165076799516877,0.006810367719220167,0.06396726077059123,0.0,0.07713254191175078,0.1263522457207391,0.04160577234983265,0.004886776986584795,0.0,0.0,0.016524825593000614,0.050783045672926796,0.05734656969662533,0.0424754063344408,0.0,0.0830876426779068,0.04291551396988735,0.0,0.0,0.0,0.0,0.0138107767354958,0.0,0.041987622367323674,0.0,0.1064811766373226,0.06925506407093662,0.0,0.08111436129552496,0.12420762258539586,0.1735242188871049,0.058181038249725425,0.2344194738313532,0.030823142530577385,0.052972998085314416,0.058658691036753474,0.11617369196931948,0.10564128444390564,0.13939968485405663,0.21749385378655406,0.043345371343922245,0.0,0.20676795285553506,0.15374463114940795,0.08657975444429855,0.0,0.0,0.3162165721079657,0.10782302995634652,0.25538919938565696,0.13924718008921744,0.0,0.06054805185743506,0.0,0.04058784702745388,0.15401202191601548,0.20102015768725368,0.07856027741367644,0.0,0.05393249190429694,0.0,0.0,0.08443661713133821,0.0,0.0,0.0,0.0956255350541495,0.0,0.005564701180727827,0.04238266398792945,0.0,0.0
0.0,0.15516605364369873,0.04704321225787167,0.0,0.04110229873503224,0.13141202234078175,0.09951279535695079,0.12698940562389494,0.1779286552803323,0.3576867314490393,0.11444206128741241,0.35005830425086737,0.0,0.17227817814674973,0.1558325220679153,0.09456929294746708,0.12011021233548291,0.12013876046306926,0.0,0.04340415497042427,0.07954008927412781,0.06061463303344361,0.14057100818648038,0.21873528608520498,0.012791059328177479,0.37144485550429573,0.008487921065853943,0.028402989412266155,0.043325392151984055,0.07752389460305853,0.0,0.05165822560192179,0.0,0.0387761241870801,0.06760736801184875,0.02010699808436689,0.0,0.0,0.0,0.04576743184238019,0.0,0.07655944192860531,0.06358553571760206,0.0763653776289237,0.07225413108027512,0.0,0.05878049402337959,0.0,0.03438936806161719,0.03361448640246323,0.0,0.0,0.06748383808263547,0.021227734632548234,0.1117204810983341,0.03034576779105924,0.09624340873641923,0.15370904326803725,0.3359034896718973,0.1256462732348762,0.18064640769493634,0.1562554176489459,0.09720637500118556,0.01814026026005955,0.05765630517864562,0.15514386014613457,0.08973113845960246,0.05620817191424621,0.0,0.1028154005780273,0.1445049333143107,0.1095304032679092,0.16024701779295825,0.15281482860662798,0.3163250366834358,0.0,0.0201493446306662,0.27297035824538574,0.0,0.0281038909370106,0.0,0.0,0.0,0.09970619146230053,0.14661287199575979,0.09054717949403646,0.0,0.09491472262344525,0.0,0.03700242146958477,0.026776449268345104,0.01675885406247346,0.004101174801145913,0.04556246640252226,0.14220987138742558,0.0,0.0,0.06943168526378996,0.03748262562171201,0.0856266375466892
0.0,0.031097114751663657,0.0,0.0,0.020158637918577416,0.0,0.08927774372194186,0.08490915710775448,0.06837320820669568,0.0,0.0661658823037703,0.028123002495201277,0.08351397552610695,0.02501362682650221,0.0,0.0,0.2784463929611585,0.10848269409389166,0.03842692160821226,0.06360507792688885,0.06497154848089659,0.0,0.12410299020965176,0.07226991354517631,0.0,0.006562581882523677,0.0317039232927252,0.04333473125717324,0.2362070510365868,0.10766592208724335,0.045470505934525285,0.12884386288914307,0.0,0.03812347971657948,0.05888271888453511,0.07133116783615323,0.011437848315678512,0.0,0.07900515348946291,0.0,0.07224395094478098,0.07546555639170416,0.03478098202132163,0.0,0.017042076633285053,0.006835504577952012,0.045005150198155874,0.0,0.025441333946741196,0.0,0.0,0.0,0.1679783642432633,0.016772599622155937,0.0,0.03243206139409338,0.04424756898025395,0.10973428843661148,0.04025496420450381,0.025466514457273437,0.0,0.05739883080197661,0.17238522092130104,0.0,0.10911886254283054,0.013450570989938182,0.0,0.13916516908379162,0.10783935000422362,0.058134355779278835,0.09442570556714802,0.1388687593495983,0.05080253012514069,0.0,0.10782302995634652,0.0201493446306662,0.0,0.12735093616710458,0.0,0.0,0.04354623940416191,0.09658619269154345,0.15612176744581152,0.05161578811509404,0.1053098143275446,0.056036354945017575,0.14271373316933778,0.05489227330001745,0.10632285311368417,0.01667561791017702,0.0,0.0,0.03208411672737155,0.09562482206719869,0.012783097399550414,0.04685965252516855,0.06262944216667377,0.0,0.10450410302817126,0.018983664024648572
0.019947106431497996,0.0959804593900917,0.060506623633167056,0.008181878958638311,0.035276746496008204,0.10205626228319709,0.11641758164648053,0.10752828265687775,0.10678043253514247,0.20339218054151287,0.035814170611972784,0.1667729675673506,0.0394066402634472,0.12175715020158329,0.0994587113656471,0.07070004847072342,0.23236836429874996,0.24197999763564315,0.0,0.010686623880104218,0.10192411101856891,0.16455913585195292,0.2237992809702214,0.2490077634419574,0.03266449133851612,0.2136009460028312,0.16253525078875075,0.06672979326186912,0.06517476485600149,0.1619235933867369,0.0,0.07525255308494305,0.11714925087986394,0.16488781481639814,0.16332088140983947,0.05528984447259555,0.0,0.058800623308524536,0.0,0.021271597666206343,0.1012553348944043,0.0,0.08673904378160646,0.0,0.0,0.083712027125316,0.0,0.0,0.05172956449835908,0.0,0.03837213767478209,0.06479434957332275,0.06914357631315626,0.1730369361796371,0.10419743964784,0.013387186049763411,0.0691196199527302,0.14837115183890504,0.10342509276226863,0.09717422161789369,0.0492209584371035,0.02764324417137498,0.21807453472303662,0.08888339540735979,0.13888244191310406,0.09467517124124036,0.0,0.15847722842330692,0.19067328221643765,0.15855950236667615,0.23714431393867885,0.2535920317867273,0.3545802572095105,0.16497220297196158,0.25538919938565696,0.27297035824538574,0.12737208675932088,0.0,0.027220029350194075,0.0,0.18955276574524538,0.09838657206524815,0.0022378055829697097,0.13748568251685933,0.33081033256882586,0.21498180559026192,0.09174352723620638,0.0,0.03264392120322901,0.10388671907493618,0.040378364577026815,0.019246858760997743,0.05452327850689409,0.0,0.06118938421919218,0.0038779638971111474,0.0,0.011454776363416741,0.00666234937734389,0.0
0.11710009875371519,0.0,0.0,0.04436344592758035,0.04644766618699858,0.0,0.09522443423519578,0.027460970816060026,0.0,0.027103380299868363,0.003522146996099984,0.0,0.0,0.0,0.009357267491358456,0.006319468537890671,0.063443503295042,0.048062037254208434,0.0,0.021795844967648748,0.0,0.058282196243487405,0.0,0.09277252582703888,0.05284628801979485,0.0,0.045729486053110335,0.0,0.07162320187171023,0.05012701236424766,0.18122129241259133,0.11925594210978652,0.08468798755054818,0.0,0.0,0.0,0.012283782242757724,0.0545429532927848,0.019771867654823083,0.019927036266540465,0.05121741929414725,0.10030871794586904,0.06364417325645899,0.025456888623188956,0.1222443440235712,0.08906736711805863,0.0006772046101666263,0.0,0.04270798628075578,0.0,0.0,0.08628991353634285,0.09356879628551074,0.029385917483770285,0.0,0.0,0.0,0.0,0.04413062539869905,0.06799195494521726,0.0,0.0,0.08505487053237504,0.0,0.023888322066532908,0.0,0.049757855526415096,0.051797847277252895,0.0,0.0,0.11006886279909667,0.03261056760509362,0.0,0.00899636651638902,0.13924718008921744,0.0,0.0,0.026857447769338627,0.0,0.034244382909068616,0.014142018508930487,0.07528906722829598,0.13367328319360272,0.0734141769274479,0.017728772220273914,0.0,0.060113872592994166,0.024817085213264978,0.0,0.0,0.05625609048835267,0.09797238694785948,0.0,0.0,0.029932777549599443,0.10754956820716677,0.1297427519375507,0.04755830129273253,0.04512641510806592,0.0924405840349749
0.012826124201611222,0.024414495177986772,0.0,0.14517124988020047,0.07164366111663156,0.0,0.05680122519072661,0.0555655321273445,0.06689569702276943,0.08091913739718004,0.0,0.0,0.0996158791924584,0.0,0.03829261280026319,0.12198955234575015,0.0,0.03709958918642764,0.0,0.022866962180911443,0.0,0.0,0.0,0.0,0.042017446036967776,0.011842913316188142,0.0,0.0,0.009075734847137085,0.08398661346707348,0.03626775687197048,0.1170404960751994,0.08210955172766754,0.03560161787184768,0.0,0.0,0.011370404199488426,0.16666342713883964,0.02347327099073704,0.14440558874768206,0.0,0.12323198611739228,0.11404354937098837,0.03418986561496418,0.0,0.02265422073966361,0.04472532935346463,0.02231526766675218,0.04346331763633593,0.0,0.20240110864009653,0.025603375202357004,0.09021874136157226,0.0343153835018879,0.0,0.0,0.07516926823944559,0.0,0.0,0.007488217863120816,0.027598143814422382,0.05821151826211057,0.0,0.014679744722279953,0.0,0.09451401661825587,0.05486813865825546,0.0,0.006550476192936028,0.0,0.0,0.040191086069067516,0.0,0.03165578865385976,0.0,0.0281038909370106,0.0,0.0,0.034850533998946,0.0,0.0,0.004837140219313696,0.06216263434454916,0.0,0.041643885406616565,0.0,0.005825562314386357,0.0,0.0,0.06557181403810741,0.055849310033744715,0.063456896728451,0.047629546459610594,0.0785320213550369,0.07340228483761324,0.02734181731747931,0.0,0.0,0.08149977913193052,0.0
0.026370445290722522,0.10540638801874147,0.058216037327175396,0.0,0.07736011163235723,0.0,0.0,0.01876014372677659,0.04062996285311593,0.0,0.006084470097795336,0.04530986291249439,0.0,0.0,0.06375242627935318,0.06665232477316607,0.08824377004285289,0.12188243000701693,0.054713285325840744,0.06604596337232005,0.06734418024661704,0.0,0.029477710727345396,0.1665973873378621,0.02549778153379112,0.04146412140580491,0.0,0.028413204143515003,0.08699033435358938,0.01773498638325144,0.013706875963322318,0.034497082586812056,0.0,0.11691131437500735,0.0566622925991882,0.023305596415549967,0.0,0.10558147299886045,0.013408238977425047,0.0,0.0,0.015730450608969715,0.077201231658373,0.03464554669687914,0.028272063951675364,0.0,0.07747205665916557,0.0,0.06895504046158862,0.046900478903425746,0.06127911452625412,0.04741469462473358,0.002553518292925272,0.020487840378033972,0.0,0.0148035972100371,0.0,0.011349392548231751,0.01983643146710623,0.0,0.03464790999192813,0.004722751731417674,0.062448575392333616,0.0,0.12692951277517128,0.006748241080754891,0.0,0.17088734629644753,0.3840886373480088,0.16863933497204808,0.1519842004794314,0.1369583035178219,0.16787726294118288,0.0,0.06054805185743506,0.0,0.043608143576503,0.18955276574524538,0.014532490980621482,0.0,0.0,0.131171724077765,0.10336079952437371,0.2904092161570495,0.23440008872602336,0.3460130929849381,0.11002075544138856,0.15557229264471628,0.0,0.002591433783340147,0.014137983282965116,0.03724451572835452,0.0,0.07634282135849979,0.0858378513524749,0.05976939453540675,0.028195589749448136,0.0,0.0,0.0
0.045609678336476556,0.03522108349743558,0.05620400922593616,0.0,0.0,0.012263015990598536,0.023496397373806044,0.0,0.0,0.06599869321660945,0.051419487504774875,0.0,0.0,0.005177887043288809,0.0,0.05549063897629791,0.03339722791150779,0.0,0.08311447092902213,0.06850746430055432,0.04329850311774086,0.0,0.048865917214302,0.0020475780302326996,0.009510992053414213,0.0,0.0,0.0,0.01818491986495152,0.0,0.0,0.0,0.07044307728860177,0.05257438229429923,0.0027014077406182224,0.05738881634672355,0.0,0.11589165642349553,0.0,0.12896493415441013,0.13033418560838372,0.06240140398250782,0.05354070454287285,0.02479135453999337,0.06725772160323817,0.1388156822860407,0.11021114009782007,0.10791949727744088,0.09011250675851601,0.08973708781313139,0.041909765482267325,0.00990088819130408,0.0,0.0,0.045945939896733456,0.014686680669135477,0.0,0.0,0.0,0.0,0.0,0.01579641566370471,0.06882413999878523,0.12500403430747298,0.0,0.0,0.1793578349703333,0.04275813674232776,0.09033401864628665,0.0,0.11809410034048273,0.0,0.013414487895643923,0.026642506581165293,0.0,0.0,0.09649041642490319,0.09838657206524815,0.0750775613061303,0.004837140219313696,0.131171724077765,0.0,0.25303297386489243,0.0307115786136829,0.0,0.19353381059975616,0.13900031037344895,0.10884417995864704,0.1351786296419495,0.1916793154162928,0.26065513203218016,0.04304438291995982,0.02857345945406964,0.08306780131779057,0.0,0.1798071590039032,0.32915684240091814,0.5078299983833046,0.17564467125609529,0.3420466324397178
0.008621147130174922,0.08797007952007307,0.01202054078788617,0.022732008127094527,0.0,0.1108122373622078,0.05414807097215801,0.1353401763697475,0.10551962248155089,0.04400166867826627,0.020384486663285628,0.0,0.0,0.02317779440936585,0.049460175493040826,0.006431159019753885,0.07231515745723671,0.07711918634805537,0.0,0.04732115295426098,0.04219110047294583,0.04057195315638662,0.0696355893530698,0.04365135302886847,0.02605245116165289,0.05380221132441054,0.019476067878953618,0.0,0.022137237334539428,0.0,0.042910571741209935,0.01901665493152871,0.0,0.22929733020546283,0.2005591129223676,0.018469880452800513,0.0159400876413347,0.0007303775540385971,0.0,0.021983313514184477,0.04304842709238965,0.020748748449887167,0.0,0.10357376642053984,0.17816757484258616,0.12799634235966906,0.15864994047529546,0.15956998713975112,0.013584641823980448,0.023057178270000644,0.04196841472337809,0.06606832529208306,0.020777472954330634,0.12657524764129935,0.07687000603461813,0.0,0.0,0.02392273354565022,0.03998588138508241,0.0,0.0,0.03116636101583703,0.024240024330032917,0.0902188981847325,0.0,0.0,0.0645122529963329,0.136564311117509,0.1257348430513403,0.12884831600424373,0.03740761869663389,0.038878063110285854,0.15806926041535618,0.0,0.04058784702745388,0.0,0.1559102615236463,0.002150572371209414,0.13367328319360272,0.06216263434454916,0.10336079952437371,0.25303297386489243,0.0,0.2539792510665855,0.04285219014377706,0.194484285135474,0.07307272088081085,0.19430495326074482,0.045643302022917887,0.0634015428197281,0.19103398699696372,0.0,0.06060285876012683,0.022908479168396667,0.23786213644793452,0.08866975960625156,0.2681769976597783,0.21678274682151644,0.10064050582699391,0.10273988990289329
0.012165192930139401,0.01995736476347787,0.0,0.011776536878849608,0.042269036342001964,0.05773803425105095,0.047138610988485485,0.044578928258939055,0.07261570724442334,0.028222133748633027,0.0,0.04245947486213053,0.0,0.0,0.05914631482389332,0.03693936968620326,0.08605531710091041,0.13587824388154335,0.03790024426053984,0.06658686549246262,0.005023479239718132,0.09006151264738449,0.029736723689792743,0.13891150770339733,0.04647784111957298,0.0,0.0,0.07807869806033896,0.0,0.0,0.11124434134398387,0.0,0.0,0.14279891585335358,0.25729676004937696,0.0,0.02148003437340451,0.11637980799497338,0.0,0.05360684888973699,0.0,0.0,0.06059603746465214,0.0,0.0,0.040988863142514376,0.0,0.013535124347424876,0.0,0.0,0.0009937387047398438,0.0,0.0,0.012347964153117008,0.00686260621151602,0.0,0.07700884679860653,0.09692828590659763,0.0,0.0,0.029142118590253396,0.0,0.013727192538146582,0.0,0.0,0.0,0.03777865468117492,0.2797846920627487,0.49138457197361785,0.23229101116088113,0.21846634896919603,0.20291143107750953,0.24507588870146124,0.0,0.15472010695978744,0.09995999856890014,0.05161578811509404,0.13748568251685933,0.0734141769274479,0.0,0.2899967796088263,0.030942312346954548,0.2539792510665855,0.0,0.24494863750119222,0.2942815575216313,0.10401463583851056,0.19240987745582228,0.0,0.0,0.03052289955791787,0.11719079175563918,0.02297762892868649,0.09416368796937435,0.1169514559447471,0.0,0.0,0.0,0.014486116291681839,0.0
0.022060633089048043,0.06381460905395375,0.03099937134036601,0.0,0.13264730040540895,0.008038942482299749,0.07123671006120347,0.002558540424171696,0.060070097423293056,0.04109332002704402,0.038957289903695624,0.0,0.0,0.016415131144905448,0.07686435661985902,0.12377294479471646,0.1647187131273462,0.23882800870576482,0.0075766177859448725,0.15978409656965553,0.04768068511092638,0.12243287425222249,0.10284442665893856,0.2164734566683486,0.06611984375615121,0.1445400116675697,0.22455352153480224,0.10125617364368278,0.0,0.0,0.04499078365567,0.03238739831720272,0.003399124501085371,0.22258013215785866,0.15624279892585857,0.09257504702601294,0.0647409485421866,0.04880255672414924,0.0,0.0,0.01121852387303024,0.07361793947742079,0.0,0.07209323073183871,0.03258791399192562,0.0,0.0,0.07943003500550283,0.05841680302112806,0.0,0.07961536297649108,0.10276953884467543,0.05147855643322208,0.028686113622299114,0.05434049642119865,0.0,0.0015439492392053111,0.06482223064669324,0.022633703033117847,0.03855036991218119,0.03174692901178355,0.04971412086516658,0.0,0.014777610620339665,0.0,0.03004346340663977,0.06365165438480602,0.2645392061107419,0.2255091796176445,0.17687490131195727,0.20543114396571704,0.25635876738918206,0.23591849988810942,0.07542902371929783,0.201527771900452,0.14661287199575979,0.1053098143275446,0.33081033256882586,0.017728772220273914,0.041643885406616565,0.23482310057035427,0.0,0.04285219014377706,0.24473713157902655,0.0,0.28558352003381593,0.042566853273986904,0.13615229503355675,0.05504730145048464,0.019599593241590885,0.01836487633104822,0.045292640947135254,0.017255041783187597,0.052622292055539255,0.11216389541416083,0.0,0.12058308917719751,0.0,0.05686961227092935,0.0
0.13578245373571862,0.06630499262903555,0.002096147433611417,0.0,0.11312591472958555,0.034610648648381925,0.0,0.0,0.05419904197125014,0.0,0.0,0.027199915890661952,0.0,0.0,0.07600685500734938,0.0910511946229513,0.0767141109832643,0.17866002520875623,0.0,0.0791396085164946,0.013446905383389218,0.04344283799803916,0.166602986896645,0.09632337994040396,0.02045501906300551,0.01899687215678947,0.11844196682391805,0.005537217574253628,0.019867755166939727,0.0,0.05689778449399885,0.032884083758486504,0.0,0.26839586009200955,0.22478704018080453,0.04067745657340538,0.0,0.162919460762037,0.0,0.0,0.0,0.02785476766675643,0.0,0.010264466652171844,0.0,0.024795104526955658,0.0,0.0067281516680166575,0.0,0.0,0.0,0.029306826767386163,0.0,0.05256612225640245,0.0,0.0,0.0,0.055836500728355,0.04683235678864994,0.0,0.03751915993253441,0.07276572749442556,0.030965583393558038,0.04307022222792689,0.13585150428105797,0.019640918807309227,0.07813382670536573,0.2407170629778519,0.5033704679860609,0.10935426134178483,0.18536810820528027,0.12115375631374281,0.25608512677113415,0.0,0.07856027741367644,0.09054717949403646,0.056036354945017575,0.21522627347432355,0.0,0.0,0.3460130929849381,0.19353381059975616,0.194484285135474,0.2942815575216313,0.28558352003381593,0.0,0.12846488244972276,0.13310458773547795,0.06561352188887426,0.14429830819874745,0.07611614700323965,0.023232268004196754,0.0,0.06264585638106901,0.0781964000305595,0.026480476335708047,0.02320361861641107,0.15218929333109266,0.0,0.02494886128895013
0.0,0.005279501959899235,7.382466341843141e-05,0.0615943699952477,0.07120710623156734,0.0,0.0,0.0,0.0,0.0,0.09109950607164086,0.02682392740760431,0.04057268138057024,0.017878484667362304,0.013164273814792349,0.0,0.03807675017894763,0.0,0.0,0.13592734118653738,0.028385638772564725,0.0016186961111901432,0.014598823685417095,0.016302444516643533,0.0,0.0,0.022962826688412985,0.14906938051912588,0.09933648631214265,0.04197197534606323,0.0,0.03505452796784114,0.0,0.1064697068673115,0.04528702950129082,0.09032275184397687,0.463213019778034,0.013193993285591787,0.001064014672277569,0.062167552334450704,0.015660234774593995,0.0,0.004537317344690095,0.022476512262342485,0.04197523659900204,0.029720082751766963,0.0,0.03776303939149939,0.07347777139546086,0.013077000722523824,0.07648299095092881,0.051619028873501005,0.0,0.01770559121802684,0.0,0.10375252448441596,0.0,0.0,0.02270856823489842,0.060774639853344414,0.0,0.02335183900939164,0.09593680335222565,0.055059677477542035,0.016422642298934864,0.06773311254286085,0.0,0.05191693755779481,0.00370119650973022,0.04142455790905597,0.0,0.10553973838415098,0.17271186887070566,0.02478094399007169,0.0,0.0,0.14255991068048912,0.09174352723620638,0.06001145919910256,0.005877861960594366,0.11002075544138856,0.13900031037344895,0.07307272088081085,0.10401463583851056,0.042566853273986904,0.12807440997803177,0.0,0.0,0.10664796387512387,0.12238325238304304,0.0,0.0411201416620246,0.061828053737948974,0.016669420590794015,0.0,0.15069062759720975,0.08525894492454711,0.01743345674283736,0.08611312648081437,0.09118966007164442
0.004817856362330453,0.05668215458861248,0.01893951591135412,0.017554390567465106,0.0,0.06760687662888643,0.0,0.043911364334937364,0.03636136153616709,0.0,0.0,0.0,0.008756140899778941,0.05464607972413171,0.17131886949671893,0.0,0.0767786958113752,0.020738168347520514,0.030299125721410025,0.07034424164554398,0.0,0.02196253254575975,0.042855627286897846,0.021469674428448826,0.057499674346546126,0.05878975803201003,0.01231780413607586,0.3074644162534512,0.0011718560643960707,0.038279859616877854,0.0,0.009025488981224239,0.12077852400513978,0.12387740543570391,0.04960243629849792,0.04060969525021729,0.08678925909881174,0.0,0.0,0.0,0.16762778313596005,0.0,0.020692131794605384,0.08549320777131353,0.0,0.08290419290756867,0.052882300366202006,0.017087647146469376,0.1323625278324161,0.0,0.08423262635194328,0.0477420881600823,0.0,0.0,0.04290978009631541,0.0,0.04040446006061105,0.08290221268480114,0.024656944187338325,0.0,0.02343223191883803,0.0032287556606416246,0.002040778527362619,0.0,0.011605512686593489,0.011817416668038927,0.0,0.13827648523688918,0.03848587459185726,0.03920513840897666,0.0026840393561218256,0.037976308540719206,0.0,0.0,0.05356991032344194,0.09471948638759953,0.05489227330001745,0.0,0.025028591135430656,0.0,0.15557229264471628,0.10884417995864704,0.19430495326074482,0.19240987745582228,0.13651487661441175,0.13310458773547795,0.0,0.0,0.0,0.12230722141779049,0.0,0.012405128784566344,0.013629867160084963,0.04381449614488275,0.055795509311701075,0.24887020755305755,0.0997776694342809,0.04515140638974646,0.0,0.0159571134294465
0.04112306177445957,0.05368078880424143,0.07449402108354608,0.053071371782786425,0.011778060345129848,0.11825534639006685,0.1531103758151957,0.027461204491667335,0.020653298230167483,0.0,0.04584861751762315,0.004244773381894884,0.008122052726997175,0.0,0.025760850945423908,0.10630692991350976,0.0024429341675817895,0.23041216086562688,0.12252733991086995,0.42924699472131156,0.02319260638178111,0.0,0.1053771804885999,0.0,0.0,0.06539499621297828,0.028060847346149664,0.0,0.203008986506517,0.09534469591562145,0.0,0.0027868171897638128,0.027803695943400708,0.11033622069813465,0.04762335681026508,0.6090574672017266,0.09965823095927195,0.07980073088051176,0.020214948394378318,0.12576285593189773,0.08474863440092051,0.08364945319190387,0.04075733107006352,0.027603353610340164,0.0,0.0,0.0,0.0567175578982102,0.05618467519984005,0.21517375118737903,0.16513465132218652,0.14986674495190044,0.09738807448642994,0.048695044028007395,0.03583603413001191,0.16106874172646846,0.1708499931606724,0.17895180841164082,0.0,0.04600805493722193,0.0,0.037463678521810984,0.04812411398928207,0.0,0.026983871850410512,0.0,0.07633026276819699,0.023689802716646113,0.0794886775825665,0.22260387564946837,0.18588309116071056,0.07656120242244224,0.12767894599180885,0.08235806689442349,0.0,0.0,0.10632285311368417,0.03248017468284248,0.0,0.0,0.0,0.1351786296419495,0.04534470542691871,0.0,0.05478013607511789,0.06561352188887426,0.10691512925049107,0.0,0.0,0.20514316143102018,0.15455008787746172,0.005908855171778971,0.1287758635212759,0.0,0.01931984375695084,0.08914446049508351,0.10912841458411515,0.18354358025508732,0.33827837574938746,0.3061202679733479
0.0,0.08758625859098457,0.015159456842468,0.05434920656423481,0.0,0.0,0.07599410160855546,0.09309944104458401,0.04295981364843504,0.008163347631444218,0.11371053543462084,0.01194051635252169,0.0657939410516617,0.0,0.035179711067225394,0.07167154761821282,0.06450037167111544,0.04632050055866843,0.05206287095785278,0.16709051819175924,0.06458550400695229,0.0,0.055532805707613875,0.0,0.01885141085694686,0.06485138978974225,0.04212943028396321,0.009587403269665895,0.021531141976287138,0.12331897958186788,0.010527832549321214,0.0,0.08066500794972731,0.08995878958930792,0.017246854887610574,0.17035845911669378,0.0,0.03904389912105399,0.03498107969867448,0.052882663553873055,0.06646801877041497,0.01403756854588023,0.0,0.052874351743309234,0.07103526276601979,0.0,0.0,0.023193104940324005,0.11354357532782577,0.08740699336266866,0.04684057829345534,0.0,0.015270405236699869,0.1067022286279018,0.03837003998744448,0.11983153182042461,0.03747175187903684,0.04906730406308801,0.06907295979735428,0.029951895536800333,0.0,0.0,0.0,0.06282366265462658,0.05470424137443164,0.009741042096800712,0.008020346372544118,0.021988350242304833,0.05304306240702239,0.011465833835220707,0.0,0.04804643463854008,0.0,0.009940641450194132,0.0,0.03672041357336342,0.016709206939999888,0.10388671907493618,0.0,0.06506399322571799,0.0031317514332438456,0.1916793154162928,0.06319003689756242,0.0,0.01984131429549496,0.14429830819874745,0.12206599349979408,0.12230722141779049,0.20514316143102018,0.0,0.18231197288883072,0.0,0.12190826298436308,0.036228552211452936,0.14972635024283232,0.13428535696691757,0.15458761569636081,0.2541213527477,0.13391321636749032,0.23276056578476645
0.0,0.009234259302381087,0.05348590190193514,0.0,0.0,0.026775249214059826,0.05048886857355939,0.03425729499578001,0.013092980494858963,0.0021916661228491563,0.0,0.0,0.03440390863628506,0.0005865826271285179,0.10722905052067322,0.14790480603038247,0.04378198315262072,0.09722194762546987,0.11980678854430771,0.12204453860072739,0.0,0.0,0.0,0.015942407040543394,0.0,0.0561664010012608,0.0,0.012499155338511425,0.015768250871184275,0.0257365522705868,0.035585460566926574,0.0,0.0,0.05341580031438564,0.04593189317105617,0.08886352732309044,0.016708932556504408,0.24694080778597804,0.026231551740586223,0.09996481131576962,0.09297168212134332,0.0,0.028450537445681157,0.03516174024489338,0.1005976298832425,0.0543243541365559,0.0027252631991943055,0.07967716608129383,0.0,0.09565455504643161,0.028446937232987413,0.07636915510102327,0.19265138760262213,0.0014426525579742666,0.0,0.127892891815784,0.04065731411601403,0.026266564082516375,0.03770745539808429,0.0,0.0,0.05672693471522372,0.05989407249617518,0.0,0.0,0.1310677813894765,0.08095922143311096,0.05061171364826178,0.056904141231069794,0.0,0.01103015562229448,0.0,0.026900309354874086,0.0,0.08443661713133821,0.02672996445028586,0.0,0.04040253668241833,0.05609234396796614,0.05621189161460105,0.01454890907460138,0.2612663063356959,0.19103398699696372,0.03052289955791787,0.018618683437646943,0.07611614700323965,0.0,0.0,0.15455008787746172,0.18231197288883072,0.0,0.0773732233037907,0.17800122306751076,0.011662962383544695,0.0,0.04860062332468118,0.23959867834821713,0.20475901886011272,0.004595120729455449,0.1539331998298854
0.007112317654099698,0.05162406267575248,0.08030756361903668,0.0,0.033283033671162254,0.0,0.15146598141241796,0.0,0.08817428456960297,0.15106250760777185,0.04529825749122951,0.0,0.05226783749079722,0.0,0.021676592294102015,0.025686040545985556,0.055221089819127656,0.03924631381917365,0.0,0.09821900824602592,0.04127212348022136,0.03198297602874156,0.0,0.00040997036732726144,0.027940574021976694,0.0,0.01718499529964923,0.09820490145720084,0.042044308766389094,0.0,0.06304397932425543,0.14693409937184443,0.01609455834116824,0.0,0.025107910613029194,0.0,0.0034068524984891546,0.2737197171629968,0.034785008509090165,0.054485175151078646,0.03736360918052917,0.0,0.0,0.04774315571930643,0.0,0.03406687750181048,0.0,0.01672103951389703,0.0,0.0819225298517976,0.0,0.09986934212176735,0.08935746730615879,0.0,0.17964367784367674,0.0,0.08038315769942939,0.06428488867336224,0.03230557832389014,0.02841822736980726,0.02529493547464856,0.0,0.010345044500771117,0.04224747224975722,0.12171642566506335,0.08974100612143943,0.07630312943080986,0.0,0.0,0.0,0.013882553628200789,0.0,0.0,0.004667733290622422,0.0,0.01675885406247346,0.0,0.019246858760997743,0.09813945885276354,0.063456896728451,0.03724451572835452,0.04304438291995982,0.0,0.11719079175563918,0.045292640947135254,0.02333180020286374,0.0411201416620246,0.012733175557533727,0.005610258575779792,0.0,0.0773732233037907,0.0,0.06860426879413684,0.044782352506212764,0.0,0.0,0.07868227483783574,0.0,0.026730548790407038,0.07520865701580792
0.035371912048082876,0.04007087658284414,0.05625064686705672,0.050795118982955856,0.0,0.04191330927164438,0.0,0.0551660709698778,0.03498827669070481,0.1070985322992728,0.04768830112656364,0.03174449963334025,0.0,0.0693017960149187,0.12397500554318208,0.028686780543810908,0.09869200093673092,0.05499697224204558,0.0,0.12579550157020059,0.06869197514024172,0.03972468612870328,0.0,0.00802721188801181,0.015370705593482636,0.0,0.008215572255899417,0.04582981987869417,0.0,0.04064017025133104,0.0003923148371436369,0.03327146054294383,0.0477954029823775,0.01121281987888878,0.0,0.050654032019589845,0.009261184690430913,0.1193426025379214,0.10674000607806233,0.19775699964650784,0.08325802676031735,0.03599005814317158,0.0,0.07206817496151086,0.0338150759292688,0.0884642326829308,0.016005414886948177,0.0827759728265769,0.05437867342124436,0.10078920377887446,0.12763668457620447,0.00024965753887329356,0.09767564575578636,0.053123508815158704,0.03573769501387858,0.11428195155486032,0.09657738560589735,0.05792576973201857,0.026550094196091667,0.0,0.0,0.014191897988628632,0.0,0.05585232382876404,0.014831916435686932,0.19640959432818184,0.1620165107499938,0.07650549020180453,0.06533598458761203,0.0,0.009663279575914618,0.0564585627162244,0.0,0.10788804031282018,0.0,0.004213412057501031,0.032511157255935785,0.05515779627339201,0.0,0.047629546459610594,0.0,0.028428426821727193,0.06060285876012683,0.02297762892868649,0.017255041783187597,0.0,0.061828053737948974,0.013629867160084963,0.1287758635212759,0.12190826298436308,0.17800122306751076,0.0683625477402332,0.0,0.0064211764081090195,0.05021884916046071,0.0,0.1505124683824457,0.20500996844445396,0.07230077178043937,0.07241524261190779
0.005567347435172287,0.024537097951806697,0.07133828834588574,0.0,0.0,0.07266420854184164,0.03902408309985805,0.0,0.01962678939897522,0.06454872852088123,0.035701051318804744,0.0,0.06361997244911288,0.01086993473332365,0.0661990476787202,0.0,0.0,0.011433578369804298,0.025632825722596397,0.07313894156403,0.0,0.013808532618664326,0.023556794853989427,0.0,0.025503396769888997,0.0646228896803489,0.10235200492567209,0.0,0.0791976657426301,0.15347069937909064,0.0,0.08498214375147128,0.0,0.07512611331212549,0.2126833985257428,0.0,0.03611321208832852,0.0005159829377063829,0.11781473610537185,0.0,0.12918837531478777,0.14403307488786865,0.09307927860003407,0.06472098045094832,0.13668232912052902,0.11445840603477953,0.15546044965113737,0.1288438285896829,0.002783887786002026,0.029060637051807614,0.0,0.0,0.12846246143585827,0.0042978369572908015,0.06343885645428493,0.03751268100725991,0.0,0.06743664080391865,0.08590784530464068,0.04882702614053036,0.0,0.0,0.0,0.0,0.04610483121725739,0.0,0.0763178654948109,0.0,0.07718043195576163,0.06481522164687714,0.05292676291527476,0.0690828508568746,0.0,0.0,0.0,0.045429672548114475,0.09586654312110232,0.0,0.0,0.0785320213550369,0.07634282135849979,0.08306780131779057,0.022908479168396667,0.09416368796937435,0.052622292055539255,0.06250082374872656,0.016669420590794015,0.04381449614488275,0.0,0.036228552211452936,0.011662962383544695,0.04471185053215798,0.006719773004107754,0.0,0.15792100383961616,0.08761767224045336,0.10281030073544306,0.16261872843364644,0.051709780819347184,0.05348770356682264
0.0,0.11508375205252275,0.0,0.08168232066288938,0.10052588834781107,0.0640918791564613,0.03952187883432057,0.0,0.018548627376243854,0.1622112567001035,0.21344105012630754,0.0,0.0,0.10025865294465319,0.0300315829981761,0.1767611454451914,0.042071831379507874,0.13542351857013823,0.0,0.0,0.08163022441483658,0.11619693870875603,0.09770027096897049,0.11359605693857011,0.03444335474821658,0.22809175912640534,0.005943144271832512,0.0652790575404052,0.0,0.08792006130287255,0.0,0.0020524886082671223,0.0,0.25926680363622046,0.03847471518299228,0.015748277918821163,0.026704626743802695,0.0,0.07289141026656498,0.03587992583802979,0.07967905443338852,0.12398065768042343,0.1348187056378034,0.0788763578780034,0.08172428563082157,0.04273830767094067,0.15676076829414765,0.0,0.06311520795764425,0.008602202442542506,0.01550753782780534,0.04349194612093843,0.0,0.0,0.09083558658150803,0.13670505276528822,0.05844307276667404,0.13797520687238052,0.17703592262978818,0.026580127137994847,0.03226472610693554,0.0,0.00970899006582826,0.0,0.0,0.13512388825695787,0.05172801122403525,0.07855038159748373,0.11797228413644723,0.061275304855198165,0.1413832666427468,0.0,0.01874339465788477,0.04626236406640594,0.0953435271579286,0.14220987138742558,0.012552363666278765,0.06118938421919218,0.029932777549599443,0.07340228483761324,0.0858378513524749,0.0,0.23758012855171406,0.1169514559447471,0.11237540133632651,0.0781964000305595,0.0,0.056094105907699365,0.019618440352950017,0.14972635024283232,0.0,0.0,0.05021884916046071,0.15792100383961616,0.0,0.00793226949987158,0.1150525742517785,0.017952130454669923,0.017549788984389636,0.0
0.0,0.04188810020571054,0.025749859991936574,0.0,0.08389457990812321,0.10484074352468609,0.06722769450076882,0.03328763963593451,0.10027002336273716,0.15974028177250865,0.1142714542706309,0.0,0.027482780573454768,0.08569740688563598,0.0,0.014466239311108797,0.0,0.037779416815467926,0.0003940480155231185,0.025219460274924277,0.07339479529331072,0.0,0.11231449361823742,0.022614684010967778,0.058415443628453634,0.07736913900419795,0.0,0.19174201486708897,0.16807499292205597,0.0,0.16324622087708418,0.0,0.03851591178892466,0.03788907967780508,0.010189766597623606,0.028800090119252886,0.04950541841664746,0.08297893458339534,0.0,0.0,0.024232837209208213,0.12805976946156505,0.0,0.39765891518215124,0.06091141398362687,0.14216993334736916,0.0,0.010960557390739645,0.21293828459416053,0.3463174328261416,0.07394011401067546,0.0,0.0,0.0,0.020158643260060227,0.05784941314271208,0.07834419155944516,0.0,0.08934012590149543,0.0,0.03520649627543104,0.0,0.0,0.025918353173231434,0.07258572471465152,0.06293018860206967,0.04785247355925071,0.0,0.0,0.0,0.0,0.006832226301111355,0.0,0.0003104489555032508,0.0,0.0,0.04685965252516855,0.0038779638971111474,0.10754956820716677,0.02734181731747931,0.05976939453540675,0.1798071590039032,0.08866975960625156,0.0,0.0,0.026163217452459087,0.1503733687139608,0.24806178491722397,0.08914446049508351,0.13417960400583473,0.04836988959140953,0.0,0.0,0.08761767224045336,0.00793226949987158,0.0,0.18058259191724835,0.15871531112917658,0.24032406650885996,0.3635484602526504
0.038810612519247556,0.040380181701511475,0.0646565249347284,0.07722506821725661,0.014703376731386886,0.02395589098724127,0.03654286062816903,0.07343276899764417,0.0,0.11932684474610644,0.013545173499888818,0.06141388578374407,0.0,0.0,0.02636396227338622,0.10932588856143965,0.026263797340766004,0.05773044290864471,0.002040398076213812,0.1297017609068294,0.028490271822918967,0.003457410712540021,0.0,0.01687795561860872,0.0,0.0,0.0,0.1373629718591025,0.0,0.0,0.049083029698963276,0.0,0.08927781802296808,0.10167557537060068,0.0,0.13695260032860013,0.0,0.08694909094605663,0.010331069975332063,0.08837284303060988,0.15328098498398735,0.22381760685790608,0.06299928683576717,0.11943611985163427,0.07928046564734137,0.37941383365390946,0.0418669772748288,0.06692143158132469,0.11978621901533204,0.18674279867133148,0.019112202004467616,0.0,0.0,0.0,0.023136649521665387,0.010168304161726205,0.08762353556101621,0.038922967743275194,0.0778627774739662,0.03300032393510399,0.0,0.0251114887224535,0.0,0.06255836474874865,0.0,0.05422574566157268,0.06339442382259941,0.0,0.002627884847969053,0.0,0.060205974271101415,0.04458450427005678,0.03001893165698144,0.0,0.005266104584729536,0.0,0.062460237428941134,0.0,0.1298461122977037,0.0,0.02844939685604686,0.32915684240091814,0.2683722338956236,0.0,0.12032928207059879,0.02320361861641107,0.08525894492454711,0.0997776694342809,0.10912841458411515,0.15443831739836167,0.23959867834821713,0.0779047387811116,0.15060311377766,0.10281030073544306,0.1150525742517785,0.18068212411591444,0.0,0.3368859773632109,0.1752167939871372,0.272322996700773
0.0,0.0,0.1279693695127948,0.0,0.03843565344283961,0.0,0.06816414624915001,0.0,0.02130241111706832,0.003147491315356188,0.060810854673830406,0.0439254004404952,0.05667698852730618,0.08753959533663336,0.07065102253245481,0.09689262908754426,0.0,0.03806115442386959,0.05797694776936213,0.09755827580061949,0.0,0.0,0.07179724311067881,0.0024521466986113793,0.0,0.1798475451486894,0.03226208567423816,0.0,0.06706460414181681,0.0,0.07107855906684613,0.0,0.1109817949857228,0.03708590992679861,0.10769851061293334,0.21237388677704283,0.04140511342454367,0.1055363577610211,0.0,0.015743243656789474,0.45855089269076643,0.050113255618009056,0.0,0.1392168641318965,0.10258345338300501,0.1545740643907365,0.10962443890552231,0.2354655872799296,0.0476128154236255,0.20905347166703958,0.059917447458872175,0.0,0.00929291074844718,0.02566353311839009,0.0,0.10910426518266325,0.03648451508369277,0.1174179507138704,0.010510486827866927,0.0,0.0,0.06732166935284889,0.033132203573327246,0.0,0.0,0.0,0.16406496993843156,0.08357435384861889,0.08816401015706532,0.07384173894154822,0.0,0.0,0.0,0.0,0.04208406739193071,0.06929810257610702,0.0,0.011604074661415886,0.04780002234663616,0.0,0.0,0.5078299983833046,0.21678274682151644,0.0,0.0,0.15218929333109266,0.01743345674283736,0.04490968533584283,0.18354358025508732,0.2541213527477,0.20452828512684107,0.0,0.20500996844445396,0.16215726096710315,0.017952130454669923,0.15849460929735137,0.3368859773632109,0.0,0.18040616587586333,0.40384488130977614
0.028305570399309588,0.0,0.032486504634897884,0.04478702214643615,0.0,0.027844832159203303,0.04419870802757231,0.0,0.07701663295660444,0.02152669793779216,0.10599885713712087,0.0716854577795738,0.06892394975778204,0.026458403819830334,0.0,0.056762526204301444,0.0,0.08614277740740262,0.12675744140210998,0.025835739905725852,0.07292530069169256,0.06753388346934708,0.1221136125863782,0.0,0.0,0.03726560608774365,0.0,0.0712811919835814,0.05895476984610548,0.0,0.0933640680836505,0.0,0.0,0.11370733600814864,0.011141457651342446,0.4321205742271088,0.0,0.04292552438098385,0.029130754408886794,0.08074581620298238,0.16627478884561064,0.03247370809941019,0.0,0.13415379460666133,0.061568084133221124,0.16085073090687674,0.01135627243698556,0.21541850362407988,0.5545278370094318,0.33873821770774715,0.0,0.021420670167883404,0.0,0.021414415263395714,0.1382985754611319,0.1747076690465459,0.022953408912142148,0.0,0.06590659094538776,0.027796239184653793,0.029445225401218522,0.0,0.0,0.05081934203143845,0.0803301370719205,0.0129965693054368,0.18792506265963116,0.0,0.0,0.050784358474343705,0.023129399658821992,0.0397618400186599,0.0,0.0,0.0,0.03749598389048048,0.10450410302817126,0.006218186940795789,0.04512641510806592,0.08149977913193052,0.0,0.17564467125609529,0.10064050582699391,0.014486116291681839,0.05644660042659755,0.0,0.0863669335874131,0.0,0.3381245532605397,0.1337796336798065,0.004595120729455449,0.026730548790407038,0.07230077178043937,0.051709780819347184,0.017549788984389636,0.24032406650885996,0.17498606025386465,0.18040616587586333,0.0,0.4564336316590256
0.09721022391211465,0.0,0.0,0.0,0.006653853449470226,0.0,0.08269726296759305,0.0,0.0,0.009972306476898396,0.029848699476979768,0.0,0.03178768604246818,0.04394348908275747,0.0,0.04525587570977141,0.0,0.0,0.07695128979404986,0.1497673223827536,0.0,0.0,0.0,0.0,0.0,0.009273099963700737,0.0,0.0,0.043368522590429226,0.0,0.0,0.10899924924569371,0.0,0.0,0.09561973250137301,0.32016119362130535,0.02545953487224306,0.21996033529811143,0.11264403544754042,0.009523527028272305,0.23163340162787938,0.09911691072286999,0.05091575210844779,0.24103673837034734,0.07938316531492928,0.10986766010822402,0.0,0.1504376521923909,0.30029130884607147,0.7042034706163158,0.03451863752562723,0.0,0.0,0.0,0.0,0.11394748471039495,0.12184856069284633,0.0,0.0,0.0,0.00948331604056829,0.13710807885859255,0.0,0.0,0.07231124322406401,0.0,0.17134603273404814,0.03286237840191131,0.007832533204349179,0.0,0.0,0.0,0.0,0.0,0.0,0.0856266375466892,0.01934624560550402,0.0,0.09231368048167488,0.0,0.0,0.3420466324397178,0.10273988990289329,0.0,0.0,0.02494886128895013,0.09085125059617871,0.016224278804813697,0.3061202679733479,0.23276056578476645,0.1539331998298854,0.07554706649127318,0.07241524261190779,0.05348770356682264,0.0,0.36336045498850345,0.27169324974454945,0.40384488130977614,0.4564336316590256,0.0
