0,1,2,3,4,5,6,7,8,9,10,11,12,13,14,15,16,17,18,19,20,21,22,23,24,25,26,27,28,29,30,31,32,33,34,35,36,37,38,39,40,41,42,43,44,45,46,47,48,49,50,51,52,53,54,55,56,57,58,59,60,61,62,63,64,65,66,67,68,69,70,71,72,73,74,75,76,77,78,79,80,81,82,83,84,85,86,87,88,89,90,91,92,93,94,95,96,97,98,99
0.9999999999999998,0.4365303741705075,0.5450736242945148,-0.16383680940547268,0.15862647920166592,0.348564141420438,-0.1972764636046928,-0.23270706051856907,-0.14550738319667392,-0.14051309715325325,0.08615954863029755,-0.20521913373631148,-0.4007162699696661,-0.42707990083626746,-0.5082866298567447,0.4819187049485634,-0.30787202737251457,-0.17926625291865256,-0.16390542865163546,0.23916609762175667,-0.4315469568601558,-0.24751413464314825,-0.4567257454486148,-0.04687983886439105,0.4987575408801212,-0.3824558958757357,-0.34219343971768534,0.3283736255635598,-0.3151911677245624,-0.5114108734934689,0.17516403427559152,0.4993624391861119,0.4683126379466755,-0.2480121944178066,-0.15377821173440304,-0.029808413787265304,0.003862221684015859,0.15929031895230134,-0.08255409699558805,-0.04082832238786318,-0.22136260214297399,-0.05804935964074392,-0.35650226430931964,0.08961369681153364,-0.4665601545780092,-0.2771269369210653,-0.15696821107674133,0.002589133241571626,0.3924267213840404,0.11984344253019909,0.5557218908118572,0.4518264806443963,0.5169481068390387,0.058679495468551536,0.13232422919006492,0.2662278265592832,-0.17966751057936575,-0.18198577364659066,0.03552293467361746,-0.2525041025893852,-0.656291475538031,-0.3990968868530289,-0.16713877160198212,-0.22476561941363696,-0.5787215363744206,-0.5421119144842839,0.029298129931777925,-0.29595807160629856,-0.16612573728621288,-0.13515874732569674,-0.48209354693877043,-0.4363163305651775,-0.35764689421820106,0.0007783748682226827,-0.2305987626191612,0.08071209981574923,-0.2518997913212654,-0.3246675492619307,0.05069706715871598,0.5444673991403707,-0.19094318463554008,0.0047678569721342125,0.4560449373228755,0.036906625712162924,-0.336951895967434,0.01945794913170611,0.21506750949022133,0.0238775074184375,0.060799682004015664,0.32147245953638454,0.7246410481725007,0.01038792750425282,-0.19883327653017444,0.253090359720515,0.061596291754688184,0.19634404718403495,-0.2004137869250408,0.1631326100240783,0.29999681913811,0.15131485159904548
0.4365303741705075,0.9999999999999993,0.7484140456757682,0.28299720629097047,0.6793348015421391,0.533525251095158,0.2594188118443023,0.2852006920507604,0.21690923619794164,0.10469079066596551,0.060099516433446715,0.0581953646592926,-0.12634059858526253,-0.19426518546530286,-0.18925320619492042,0.5996922585452977,0.20023963792743854,0.33202845234923906,0.0543651482911457,0.3539603878520478,0.0551121104021702,0.08806993968816054,-0.027176309212315824,0.31383625734325227,0.22101932985720857,-0.023973446765076373,-0.42164379563202165,0.22790633485478495,0.12108499807398443,-0.12474111416711103,-0.12744105173970577,0.2437116069381469,0.5337142044025466,0.296895654364202,-0.4213285611702052,0.05080150190091166,0.11556145885775602,0.13735537116693525,-0.0016104621358192118,0.21239421559377594,0.17074651631189058,-0.19349677521133846,-0.27496491741965307,0.13077271032809054,-0.6174212481876498,-0.5618717186724035,0.05659377284732371,0.22959409460647878,0.08258359100357689,-0.027083730791928523,0.3066809712360279,0.8271732655822785,0.6667970374245158,0.5397430640371409,0.48082002215951936,0.4201118209793228,0.3493424745811232,0.28220865143179297,0.2414384231938707,-0.2055498347413354,-0.19672377458720533,-0.0989967408051239,0.17296560596656155,-0.10997218390759285,-0.2901968595195877,-0.1522054585052633,0.2979997739625398,-0.09112153063240447,0.1777555788660078,0.32846407716163983,-0.08228963704786217,-0.3445989346778151,0.01490415888196558,0.291218576745991,0.28367361066557256,0.10768773677494636,0.19944144421121868,0.09775107425766066,-0.33070391673074095,0.2621541258725888,0.29730575303219703,0.4039874774539977,0.2277823418354516,-0.010403653963743724,-0.4301130523290997,-0.08760940367668521,0.24996859008345002,-0.05616360854774005,0.028784777693592906,0.1909683189841531,0.32672924846288354,-0.02402024073012042,-0.09552424260854145,-0.10150019678711647,0.22969347583624394,-0.05435512522321808,-0.5123561433229011,-0.14037036983562295,0.12854058869486867,-0.017723839926270836
0.5450736242945148,0.7484140456757682,0.9999999999999998,0.23544624749420023,0.610444062492491,0.6711532354065287,0.121995203362977,0.20081761478154583,0.26680789452214265,-0.03788739780475609,0.09947096006530894,-0.13471438774788097,-0.2668439016716585,-0.2616122051879196,-0.2549147851642052,0.5026395689000779,0.03563492190282629,0.2404348900400875,-0.06331765561985182,0.31449761542100346,-0.02078122782933008,-0.0070918993207551,-0.12450211533210107,0.18605983861158312,0.2105819225515296,-0.08430100900381143,-0.463511737475996,0.17239491541524668,0.08996322357702068,-0.20967009669384956,-0.0516345579912491,0.13401608456925532,0.5318805555499819,0.3316617705427332,-0.34164596275848236,-0.013937131305776687,0.031364695265805355,-0.01681250040751743,-0.1106693990386941,0.08120005368893803,0.07343129518600267,0.018863826610211368,-0.2589984474357912,-0.03423991701255596,-0.399509694307217,-0.5115537127069566,-0.016622168699318568,0.22907053293722698,0.055381384800712356,-0.10159060938582433,0.25073372994045634,0.6495221264842816,0.5307557803261002,0.4463562050830113,0.5273512310719692,0.6775214708903441,0.26617957503255524,0.2747279249300205,0.16873234876574575,-0.13812295452449427,-0.3731531690596053,-0.31612891615123984,0.012395714676744286,-0.15205001932434908,-0.3035169941769998,-0.22711243070126186,0.06664796978654784,-0.17061960265798007,0.2863507511622068,0.3550252941399138,-0.09364013188383133,-0.31221368875670946,-0.017724013646256857,0.03541569844752463,0.028007775812041676,0.098412551782488,0.2109878798817603,0.006811155695254415,-0.20589919924394265,0.15491295750929307,0.2943433787488813,0.424889362439351,0.30592475539888603,0.08954699966521351,-0.26184084606838137,0.0948394045128307,0.33974641308519854,-0.0320971575201081,0.0357633770853126,0.13808418344415446,0.3994986861209759,-0.24069749658116693,-0.20973088512013896,0.08538312058531831,0.08059532825340054,-0.16863527134980238,-0.37575275143081033,-0.05257689720089432,0.15055049710973334,-0.08731570099311048
-0.16383680940547268,0.28299720629097047,0.23544624749420023,0.9999999999999999,0.6171755704807025,0.048902407060853366,0.7918516734228098,0.9491480773323054,0.5805315987947375,0.4963102772766317,0.17777674026291226,0.3105445838611753,0.3662692977829962,0.4607007247745689,0.23389938312878125,0.38459950442766705,0.6668412816594222,0.41260823170697636,0.5409229717200381,-0.09660521482569474,0.4096126600587397,0.47414993868257405,0.46182411219913727,0.5371874164103616,0.22650945476039241,0.3309582013456387,-0.48145221111421665,-0.3384417237107809,0.3292394129638712,0.3993309346852136,0.03984871867530554,0.26826677855014797,0.512335980483092,0.6529063305163242,-0.04388596185451282,-0.3773125543089893,-0.1081006994699088,0.543029667684333,0.5578739640965594,0.7061007638518667,0.7882840915457973,0.3313062792090703,0.2598108832061273,-0.0008323787846853615,-0.03707164387406991,-0.48180362118046427,0.2634471488279323,-0.13597147586002012,-0.4763982535729685,0.016263299788279235,-0.6077846762364457,-0.06409831858642553,0.14953368441431436,0.8646324940078403,0.10099112841334128,0.10095155833041605,0.7799731489587343,0.7392524470493426,0.10638008921185003,0.18147033808516363,0.2750219607625111,0.08748609238950318,0.36829051303103516,0.43344489977220657,0.41534245286574234,0.22857108357494535,0.254420794797028,0.494537613297373,0.1738875164243481,0.21175442654521673,0.2598182630991285,-0.09349995366601307,0.006126891896238943,-0.003953187723215191,0.30779340052930293,0.18607289271163477,0.3037035790231314,0.3226591152784146,-0.14413068787317007,0.04398050929187237,0.010071311062867102,0.238076284820966,-0.5153381958327659,-0.0808224348499419,-0.3206716750551934,-0.27626122208311427,-0.03855723511442929,0.1241935479696396,-0.32154562620943894,-0.11255032261967747,-0.2519883511861874,0.30587592932895163,0.21020567826639136,0.08698666871975644,-0.0526915734211976,-0.21775601086620358,-0.5468044845783966,-0.7588490032841286,-0.5871817794662636,-0.19931898955597444
0.15862647920166592,0.6793348015421391,0.610444062492491,0.6171755704807025,1.0000000000000004,0.5425683629349544,0.3667363876536385,0.603074186855922,0.5571934185707148,0.31304401385132063,0.15792029360622103,0.09479739961577183,0.05961121167385706,-0.054371078650488854,-0.07022853539448495,0.35258335189023765,0.2109418702764913,0.3296582112827389,0.07419445866288799,0.2679307049100319,0.1677809816158629,0.03770429385280486,0.07271983863319208,0.23873326284349797,0.20988908585826144,-0.05648317751417091,-0.5888790053070223,-0.06867092768820945,0.22850993666788597,0.005492788826810503,-0.16405694488200692,0.1645044360478505,0.4204370285743439,0.501527891221286,-0.46797052407475503,-0.12352132241712503,0.04621951635061,0.18402555849994692,0.08683577907037779,0.3084516644770795,0.36030942367655217,-0.10933306324333404,-0.1269041221927071,-0.1226851773591634,-0.3302043071520362,-0.7009636033025074,0.006772811034390865,-0.015074642620245802,-0.21257471578251877,-0.0620603983895453,-0.20170731978215875,0.4467792472886269,0.4145692949158909,0.7801940286773245,0.6342400270372535,0.4814424373147234,0.5289056461636693,0.6345044424344263,0.29249147730277236,-0.12499402331390459,0.00646787014861748,0.045619717467099155,0.2552712155956411,0.04784708738438525,-0.0362190805941514,-0.011239176095689328,0.15984715865189883,0.029995430640026483,0.22830244258331725,0.34666200836745,0.10159599435385212,-0.3244644515071172,-0.03144652760527947,0.033142402680987205,0.15768153876341404,0.04227704523570918,0.3065842448240414,0.08806369655250092,-0.2515828621269433,0.02163431652741722,0.17817890691460944,0.43477352695241406,-0.06956729676720474,-0.13797581480550694,-0.5289802840824003,-0.21639462214293298,0.3397018390587505,-0.05457569410874232,-0.010734514526635578,-0.08606725571874274,0.0735664234866746,-0.008209122744266733,-0.004795987882584983,-0.1668190326393744,-0.0031121301282282976,-0.36653861869409293,-0.6885785407110057,-0.45499051562704684,-0.1586612579057732,-0.16178682970337427
0.348564141420438,0.533525251095158,0.6711532354065287,0.048902407060853366,0.5425683629349544,0.9999999999999993,0.09718390259094338,0.1439365239465002,0.5975280450542085,0.14252015898519607,0.3478241834641193,0.04791942357557693,0.09460727446787054,0.03470570413073523,0.18479786666317874,-0.0024085430472451405,-0.12976951478601106,0.36138854897854505,0.0026462972094993768,0.6619543410121068,0.2341412301409634,-0.36291255884093,0.07854100195411498,-0.06047018593466356,0.22953647546214195,-0.06176855062425997,-0.18599341746490206,0.08505671557722118,0.37721047662472834,-0.035476460225084216,0.031958029510199555,0.04149941516503903,0.03664592615714096,0.066600523744006,-0.4639541158140773,0.39088969789370226,0.15444602374114483,-0.05570948720275502,-0.11793488889022713,-0.008957652172729235,-0.06596756107152654,-0.13033691085894117,-0.37710251578496434,-0.03401354169543642,-0.3765956746573582,-0.31170814764258986,0.01691760820630402,0.18445809016675122,0.29324282596139944,0.1898790692787461,0.18135791345188595,0.4745823546323357,0.24866771952783126,0.19113619840162474,0.9029369936182728,0.9223551477448245,0.336981987995936,0.45706312484570794,0.2058566654531843,-0.10228541480693192,-0.1928290772679975,0.20356197018451738,0.284228356069934,0.13880410069424134,0.043606527318833216,0.1887210058952577,0.19593539118313427,-0.03584661839300966,0.11848143376372794,0.34716425120760125,0.31885063320866575,-0.04623347698812466,0.19303319618999873,0.0805646853370006,-0.1416856366551936,-0.09488231798081853,0.48824299932167275,-0.004653697798033077,-0.05890800044855663,0.07760087764022681,0.0783625237835301,0.28552668969075506,0.04352805068751345,-0.22527067382435942,-0.22994659757403735,-0.12408686537135244,0.47686469498934947,-0.012046384573282729,0.4981434045205388,-0.061997246770023516,0.27324833792429604,-0.09191485485142678,-0.05619036522684184,-0.07771489557972239,-0.10606098370536877,-0.060557978424077424,-0.2879229670993561,0.037413730823682566,0.35200442941746063,0.15399953410667566
-0.1972764636046928,0.2594188118443023,0.121995203362977,0.7918516734228098,0.3667363876536385,0.09718390259094338,0.9999999999999996,0.845671393207148,0.6157202361746081,0.46924316866214844,0.2298039585586724,0.41519158337386036,0.5569769919892993,0.6802284721327625,0.4687045614188335,0.42482600261755415,0.7807351821598434,0.5745896424897271,0.6591775935363393,0.12614481542719141,0.5897932670297255,0.47327296655190954,0.647357638772467,0.5898566814484173,0.3006054959009786,0.523278267849448,-0.24362506532083938,-0.30193526371408025,0.5077900269127656,0.48737537826140165,0.19923370720391415,0.22499090447043596,0.35392833050711503,0.5052335506056472,0.03505940116351195,-0.11239090091771389,-0.14957908433775458,0.5218674441616419,0.6845124627091922,0.8700184577317973,0.734778362968622,0.3403980086280336,0.2196814617754278,0.1556461960065348,-0.15555111768101035,-0.23701874138356152,0.33184982376108774,-0.05249779133909181,-0.2723909172963925,0.19029239640813297,-0.45005983585669695,-0.07204147843174125,0.17697287517778276,0.5742282695214771,0.1415262228372279,0.11927474115927199,0.7720207381030706,0.7181901370077468,0.012051498728595261,0.2656345445919182,0.3292478033004029,0.2749781113336049,0.5121194496261192,0.6392484697169153,0.6242814958337787,0.45905573019230633,0.6044111354894365,0.5565790723211474,0.16962897665719592,0.22857234644701258,0.47844584800566714,0.1498623949928599,0.21294602124114786,0.3133969977914137,0.319658761149556,0.17675552027548694,0.44029655949731544,0.4037198448134907,-0.03368826728027358,0.11008389675797252,0.09065075258105156,0.27590423737513287,-0.5314554315465282,-0.06185183460001458,-0.17416028681864124,-0.3191919558820737,-0.14850288721099308,0.19967248064431772,-0.09598439688320612,0.04552209024461247,-0.1812224978734387,0.4205836100647389,0.28477151367754466,0.18524150500509667,-0.022434048653416555,0.09435375483257026,-0.3228910048496118,-0.5453031633828521,-0.4260831767413129,-0.008615613057136814
-0.23270706051856907,0.2852006920507604,0.20081761478154583,0.9491480773323054,0.603074186855922,0.1439365239465002,0.845671393207148,0.9999999999999996,0.7022923874982167,0.48004354585251385,0.24095935766134502,0.3330829796871462,0.475084195432404,0.5247218213787832,0.3486743339131149,0.29943521935674966,0.6544335340289449,0.48516437776142984,0.54895467842302,-0.0002921602786483852,0.47056028588193993,0.4532861773349013,0.5243030863479722,0.5020277121661114,0.20221981507435927,0.3700912745708998,-0.41518911368275885,-0.40239361813416785,0.40355898325635736,0.4405452264285865,0.07911445553437618,0.2270250840804507,0.3731338143128678,0.5924082194283032,-0.10127570190094368,-0.28976935096225204,-0.14994785399083596,0.49474744560357636,0.5255706548188731,0.7132101152428113,0.7501955961671529,0.299717710705773,0.26169616187903083,0.018008889809861806,-0.019020781426270703,-0.42358916651411177,0.2661237001811459,-0.15273030772396765,-0.4044738219812112,0.05411249446183397,-0.5964971338515831,-0.054918941685290656,0.12563292293179487,0.7953599586812531,0.222984450403518,0.19109300438028548,0.8970081480599086,0.8373169354457476,0.058499823928333305,0.1846877846397679,0.3292785093886176,0.2312323363096027,0.44630646639875865,0.5034269430293737,0.49723951975884884,0.3427678448586469,0.3607200252607272,0.5152186671539221,0.1565343254924948,0.2869650270358507,0.37292045493058606,0.07305886957923685,0.08582360017790235,0.0245417803269505,0.29121452392579084,0.12415512961797806,0.37300754889918136,0.31810617957289355,-0.06717666455873014,0.029125949603642426,-0.012216185837810057,0.18872359119409013,-0.5541334289175157,-0.11882867866434851,-0.26799290880341975,-0.36641170542659335,-0.0800383414150908,0.12123011631094703,-0.23924888674065453,-0.193830805088221,-0.2995322625011908,0.3220987251341978,0.16703164649637955,0.07070579428656111,-0.10869943073324514,-0.1788507993858869,-0.5110526938149216,-0.7355094236193574,-0.5132247536678809,-0.17515961971965516
-0.14550738319667392,0.21690923619794164,0.26680789452214265,0.5805315987947375,0.5571934185707148,0.5975280450542085,0.6157202361746081,0.7022923874982167,0.9999999999999999,0.5007811593319578,0.5061204389931134,0.3062753448171731,0.633889170957388,0.58457487480439,0.5906795553175309,-0.09836429720006726,0.2978887208030139,0.4919953615408829,0.4967814238877863,0.40489636142930785,0.5876601374630289,-0.07599720386470342,0.4852573632087625,0.14531573383174287,0.2733525898968799,0.18543973916682555,-0.1989763457282261,-0.31310363498359217,0.6052788314740224,0.31582036769757554,0.2368262844013381,0.1630507148669775,0.013738706292115923,0.27776093500193155,-0.26385143221275364,0.22850493027094188,0.03941652980093542,0.3496589099604283,0.3543500459659357,0.45895664722039337,0.4792803939778396,0.16224912140642336,0.02588888482498904,0.07016916287697077,-0.09629484494844026,-0.2846534238033988,0.15128659493424432,-0.06811540864785964,-0.03883707271334701,0.39391595947501934,-0.4243511775776014,-0.07102496794041463,0.011737319924547525,0.49459395637347586,0.6763885549348676,0.6332450058489377,0.7515936267504179,0.9147311181179241,0.15527083380629988,0.12494751458019418,0.2184879966318607,0.489566971941874,0.5441151024532191,0.644285442527433,0.5967884351582818,0.5839374272303275,0.3534432803272352,0.4795744548288998,0.03353434864851157,0.24250704637175505,0.6406220900412279,0.06798422028702625,0.1537491354994412,-0.026628252898243828,-0.056954884564240436,-0.03832094463554289,0.6507059346765778,0.1827268340475957,0.1257623660155815,0.06991595191675098,-0.14225645136179157,0.20714501659186121,-0.5271529933328091,-0.40918235085013765,-0.24023964058890573,-0.47365053573003263,0.285649564265151,0.029718796616677968,0.31705473821145314,-0.25178035617216715,-0.13108322227713223,0.314340109720223,0.1560068937648335,0.042098936094702125,-0.3092827161139607,-0.02981444223369481,-0.37168348946426566,-0.43592508117254875,-0.14660942731320545,0.17620334449560884
-0.14051309715325325,0.10469079066596551,-0.03788739780475609,0.4963102772766317,0.31304401385132063,0.14252015898519607,0.46924316866214844,0.48004354585251385,0.5007811593319578,1.0000000000000002,0.4823549570759931,0.6963759250961569,0.46205139186455074,0.5230408880905499,0.5281479241184656,-0.0506338711538365,0.30689294382771865,0.17121190833080743,0.4626601684600567,0.2596129050765995,0.5123367789604081,0.12283957227481569,0.5256035515953231,0.425870864751036,0.35067739008294857,0.25023812554588104,0.018478822459607597,0.03540204421305681,0.6129163342050538,0.48284994127917785,0.08049452739165065,0.25252601797102286,0.16761825349773002,0.226510174202852,-0.20727684929328685,0.16779086740661528,0.30526141221005787,0.5395891127150969,0.5056353571028008,0.5561805976468577,0.5375985635726301,0.09157677026793365,0.1128211423695765,0.16316241964237077,-0.23565808557491558,-0.10077768003729967,0.29791575580921165,0.1036528771470038,-0.01398996347966607,0.4062085412413183,-0.2261958428228103,-0.09021201445161528,-0.2305031409978531,0.35850455847448154,0.22841810195104578,0.14301101714141162,0.36970738817434,0.4399929836680849,0.47443183533158567,0.41145740821029364,0.4854800476146909,0.3657227196657395,0.46155351103923375,0.47064217732406305,0.3984620683056396,0.477136563227575,0.11250298756571286,0.36842790960711713,-0.3098639536395843,-0.2694927805883296,0.3800515546018985,-0.057760875506674456,0.10207614825519173,0.2550393228777711,0.32376064620520767,0.2170040508046883,0.4830103251848435,0.333781264832931,-0.028467474640540134,0.1427426390912484,-0.12412857347921416,0.07124517476396275,-0.4816201889062256,-0.459943075218067,-0.43108701003599276,-0.34412295176575347,0.251291135064084,0.2916286214685262,0.1616608287084653,-0.17214907388559172,-0.17880316010296463,0.595470623989123,0.6402586109368278,-0.09373252760060446,0.14679768113046054,0.04995889223146729,-0.3476304536370873,-0.4459861188278658,-0.14390243499054317,0.20916107337499537
0.08615954863029755,0.060099516433446715,0.09947096006530894,0.17777674026291226,0.15792029360622103,0.3478241834641193,0.2298039585586724,0.24095935766134502,0.5061204389931134,0.4823549570759931,0.9999999999999999,0.5182537058448713,0.3089378433710614,0.31825739570679856,0.29609223244832117,-0.16259292416989377,-0.02786205213172958,0.10270738173768046,0.3339827452462473,0.4798556104443413,0.21247017328252096,-0.19302854947051185,0.19611753557113293,0.31340123293220196,0.37518132540116356,0.11184328742891822,-0.13968907091269675,-0.08233362811692217,0.4100319845971145,0.21061713249398742,0.30156343318828277,0.285035555362496,-0.0470962560500085,-0.15707442968171892,-0.10864850272728485,0.19801687681244368,0.07978343070279381,0.2687376142019363,0.3302689726879172,0.3957926305577269,0.23265109180769689,0.24980864333206704,-0.08133763115480498,0.33063335114604103,-0.2752445601982894,-0.1764367930800737,0.08060497045236166,-0.15401219247339262,0.18338003273630668,0.40637047298030515,-0.04235724032883486,-0.09668023145461382,0.034114398501285045,0.13224190660389246,0.3196388472684884,0.4023809472034065,0.32797100393787965,0.3792479291673508,0.24012245557171166,0.4125544555347768,0.12963736831007844,0.2112358324344762,0.30267366320937145,0.4009493483869491,0.27005108482974294,0.15686620474056398,0.2614444958969463,0.20169698814081133,-0.4187855960228911,-0.2875910052762,0.20355855286231914,-0.17525024205441556,-0.12387327131693847,0.09802405146165895,-0.07819751683523114,0.19913026178895424,0.33450308673192464,0.10440061349930817,0.18268511971113321,0.32510403907430446,-0.407491072369992,-0.10924208698412508,-0.3957332389242066,-0.36043067267914464,-0.20265640018212897,-0.4172933217032642,0.1822069875044897,-0.026348478972896133,0.2594701202683577,0.029418760776510098,4.459848038658396e-05,0.40460364581435854,0.21119055057046862,0.19267379594186232,-0.09613797281950408,0.32793494494888237,-0.19419910266270765,-0.2750610500993419,0.04134183837539782,0.2796768252201435
-0.20521913373631148,0.0581953646592926,-0.13471438774788097,0.3105445838611753,0.09479739961577183,0.04791942357557693,0.41519158337386036,0.3330829796871462,0.3062753448171731,0.6963759250961569,0.5182537058448713,1.0,0.4251815069975875,0.5079117757133996,0.5418403413970801,-0.06854612054832417,0.4444784196916217,0.34132177552359944,0.3929707055118777,0.32019813167024613,0.4732209694873454,0.22692486768680076,0.4327909271680654,0.5997115631473626,0.14081274754775727,0.4513400270716521,0.013184924434589913,-0.06720877192035829,0.6344666914331137,0.3923670310123521,0.10099180078931168,0.013487446170174621,-0.04473016610067064,0.19283693911332078,-0.11212031302247256,0.2331785041903418,0.3018076546084617,0.30293286193496904,0.4726119031733349,0.5737747652136072,0.4564331967448461,0.2282705558496787,0.3134723567811562,0.38014862938568633,-0.20832990639368948,-0.07271311825513757,0.25000196642642764,-0.03958715430425637,0.006630140780671242,0.37605648116122864,-0.159245215897432,-0.025885090823720428,-0.1308848865467783,0.19917882292150865,0.11797788818411145,0.028071615310043672,0.3098163974631976,0.28806460147207436,0.5650709793413342,0.571471253722306,0.582427058306992,0.4209092652160474,0.3548936052876581,0.3824418111175312,0.407709404065476,0.4595191343228071,0.21648262844139124,0.290297579284998,-0.24750456469255286,-0.08673288481372432,0.3849470731517605,0.08991683775836964,0.05250348978813896,0.43092874906115797,0.45760240732237994,0.30410146076035777,0.42921280408961204,0.39612064210624615,0.0007524829907835412,0.031536656354136106,-0.05435684773820162,0.058080166280819155,-0.3168592349887955,-0.18061989731838843,-0.23184314800991845,-0.2804165306863303,0.1096314923901864,0.1750104478409478,0.2495438947151486,0.13285969416396215,-0.1969973925807964,0.4888529330530251,0.5825488847520628,0.07769407910082564,0.36002394870512605,0.2612036390282334,-0.23184620076346718,-0.383285932983686,-0.06878259574032142,0.3454110598346542
-0.4007162699696661,-0.12634059858526253,-0.2668439016716585,0.3662692977829962,0.05961121167385706,0.09460727446787054,0.5569769919892993,0.475084195432404,0.633889170957388,0.46205139186455074,0.3089378433710614,0.4251815069975875,1.0,0.7607405324989956,0.6874696978820644,-0.24736752374725454,0.46227087074112466,0.3212995613345929,0.5072345188846284,0.02780750171570693,0.4998918818611176,-0.0033275182798326,0.49747022525805784,0.12080478938394239,0.16146715662284009,0.49371760365072304,0.14231050901221848,-0.26601511733966654,0.5845775981867667,0.3691269891745117,0.30812978810741676,0.11693323425901325,-0.2509638530669261,-0.00636040420541662,0.11587070933482274,0.326089103899563,0.16253592946723538,0.37787756000749567,0.39667693552158767,0.40292931397082116,0.34296165756274233,0.238583641668603,0.14580857365211336,0.19572382278146377,-0.004643864133024327,0.09135309785197163,0.12834158542436586,-0.2363569260447565,0.04906936667979123,0.44032175592510053,-0.4139128293047147,-0.32400697239409404,-0.26639930915095095,0.17097826339438765,0.22249684617684204,0.15113903353081545,0.5085244530329869,0.5699363150290715,-0.041301561712959206,0.19520411943158833,0.49786263247773765,0.804503684863579,0.5600312316922822,0.7426188584991814,0.6982812144010329,0.6816860473073855,0.43075036307453257,0.604904133239815,-0.1173872699703391,0.022012491446505408,0.6244200875759899,0.37862439307202017,0.12962607187065434,0.13218764077972606,0.023269560072126674,0.012840031521531346,0.5254504528668934,0.21535554551574115,0.1905392205616606,0.02938113528601767,-0.17771493744622785,0.006186417574349795,-0.7242519477533289,-0.3552860508171253,0.03120165333657928,-0.4926368686234495,0.10256491492973366,0.1398567591493222,0.39686960033963353,-0.1947346862879549,-0.2918143603317212,0.4691785409527829,0.34418218213709373,0.06506079459248218,-0.23604489636558915,0.2796941577862558,-0.02709039003234607,-0.32635170222059967,-0.0536996406559539,0.3993564427536529
-0.42707990083626746,-0.19426518546530286,-0.2616122051879196,0.4607007247745689,-0.054371078650488854,0.03470570413073523,0.6802284721327625,0.5247218213787832,0.58457487480439,0.5230408880905499,0.31825739570679856,0.5079117757133996,0.7607405324989956,0.9999999999999999,0.8297169934149708,-0.14389154620314995,0.5866313058321839,0.5295795329165782,0.7869828874625198,0.16406595916474537,0.7250578392138166,0.12952472283807484,0.7685228080129234,0.2766244013942892,0.14790703488466148,0.4884577243867957,0.2122772922211844,-0.3160826351736484,0.6053373727614365,0.6495651359861554,0.21205046457574692,0.059910193110458435,-0.10678660905467147,0.19874253587164892,0.07218657801099809,0.27977048998423765,0.08859251888975031,0.4607162147192511,0.6729991003123839,0.5695434326245098,0.5812286058479534,0.21007549151833407,0.21969006979603417,0.14970739309974468,-0.010395458273401808,0.20805863350494125,0.4061926787118538,0.02969298431595408,0.04379918106023529,0.47055191583590905,-0.43193553940654494,-0.3607498116512831,-0.25450226791779657,0.18345169268031686,0.08149905803770423,0.08734944266275188,0.5116277093863494,0.5594263221372361,0.05393476012789571,0.3911269869358526,0.48069256381812075,0.5633139451115671,0.5559046907570585,0.8848570050079623,0.9023869888986604,0.7856478130188872,0.3793496714774985,0.748708299760992,-0.026732851780736817,0.04668768088749265,0.7239629561432823,0.2971198493239772,0.3626961234234419,0.14731916794042077,0.13095730669149636,0.024233885311657575,0.5181249088430886,0.3792595958988856,0.06676031343157479,0.004171326660418581,-0.13117907158242648,0.07224579186491799,-0.7024337860482773,-0.37481382062677754,0.01318497568161456,-0.37879847254553684,-0.06665403098648051,0.11938309298028427,0.24307698348523765,-0.11898544177556433,-0.35024033746018574,0.4617845682090327,0.46798810467605495,-0.009934990012221662,-0.18322598095544956,0.14482554365523964,0.021392285950291454,-0.319082129556966,-0.19228031375566398,0.2809027426207413
-0.5082866298567447,-0.18925320619492042,-0.2549147851642052,0.23389938312878125,-0.07022853539448495,0.18479786666317874,0.4687045614188335,0.3486743339131149,0.5906795553175309,0.5281479241184656,0.29609223244832117,0.5418403413970801,0.6874696978820644,0.8297169934149708,1.0000000000000004,-0.34891119459104214,0.37519915929387004,0.43343011270168774,0.5332194979141899,0.2455630241324871,0.7771473542645935,0.008115445307411696,0.7213593191989597,0.17249112838370023,-0.055634236199257024,0.35309033196198064,0.43963525140259097,-0.15850788370302046,0.749826658697557,0.6419813880724178,0.10634109647954848,-0.19020656460752491,-0.29833731162977106,0.13260103729197434,-0.02899869129085546,0.3641804475112326,0.1332780192831012,0.20458517177437563,0.40190781943155474,0.32828634523604805,0.37696444171779275,0.05300460059432349,0.213498387490128,0.19769030611384636,0.107022896755166,0.3194359272593089,0.30280553041304337,0.20014421196835783,0.02218099171248661,0.39998593623670337,-0.3370458368015694,-0.2478721982809388,-0.36990462877782765,0.020676722841809388,0.3073270022368422,0.21852603363905831,0.4056113158733725,0.48832086038924605,0.19577554033808137,0.3080206171797848,0.4990484803073333,0.6848170224352487,0.5859528579308614,0.7061159353592211,0.8494904269183885,0.9592802008177134,0.26532265867920124,0.5278436895065576,0.0028808371996314197,0.09471801298134978,0.8573176920100835,0.3742419825110524,0.4817192181272074,0.2247159662611376,0.16133334266336613,-0.05456260768175731,0.7169125818738866,0.48923799605329316,0.03456684689617297,-0.19341229354867057,-0.004765591074472392,0.0627647604592078,-0.5321164999968672,-0.2805336719649069,0.16071107651673575,-0.23015321762170307,0.0410718600638952,0.18441175898691958,0.3150897674073286,-0.15165508061529073,-0.3756988097458899,0.33276558508191795,0.4365551212459324,-0.09568197849685005,-0.03331740490047751,0.11451355965105062,0.11811613188745652,-0.12535533870294507,-0.11537977593810238,0.2515654703167421
0.4819187049485634,0.5996922585452977,0.5026395689000779,0.38459950442766705,0.35258335189023765,-0.0024085430472451405,0.42482600261755415,0.29943521935674966,-0.09836429720006726,-0.0506338711538365,-0.16259292416989377,-0.06854612054832417,-0.24736752374725454,-0.14389154620314995,-0.34891119459104214,1.0000000000000002,0.4329354735983727,0.1836933950867866,0.18967171162381802,-0.041561056917998336,-0.11176602753057775,0.4176134543247983,-0.029672618041738295,0.44804688472908266,0.32701647258678224,0.10436366402398502,-0.5386815717567124,0.0511489581322572,-0.18880907822983653,-0.09643325686995459,0.01659468435622812,0.3385111158397102,0.7737021110868211,0.3668656857767257,-0.08187338884320283,-0.343300842848592,-0.24679598843659473,0.28144007402202215,0.3126562604102115,0.44760369462424604,0.28371851311499385,0.10771809870185863,-0.10083149824081933,0.07871234828141356,-0.46684683680379047,-0.4366446966761001,0.0556380972134039,0.09561664318243658,-0.13587776892260156,-0.17258899197721983,0.11623777908226482,0.47910010729157143,0.658029676880009,0.4575550285056515,-0.0835058883357302,-0.016729866000323942,0.21797075544743458,0.08068665068636773,-0.06573008127209655,-0.04448584236994468,-0.26186748640964147,-0.4380164783242319,0.035676595061779455,-0.06409346631470575,-0.2515214142016113,-0.3261535101924996,0.35979808062729063,-0.05686453221079071,0.24733249798546875,0.18315463079631608,-0.30162803790048615,-0.26239410353629256,-0.11522859454782285,0.3018564898285514,0.34953678139515276,0.28257343872175517,-0.13016632050034482,0.13454548198022973,-0.3012468007724427,0.2468634305295154,0.2214404719230014,0.2909819193958389,0.18500534277964953,0.30187162488932956,-0.31699018732732337,0.018493695522363546,-0.18194257590916102,0.02955687613091026,-0.38485511118637905,0.3748602132355498,0.32428965853177455,0.06546017080298115,-0.0889187417000364,0.2194298267726245,0.26593784236271134,0.05317213462192544,-0.35489955682614055,-0.18547179547848405,-0.1743104701950066,-0.22234599984779121
-0.30787202737251457,0.20023963792743854,0.03563492190282629,0.6668412816594222,0.2109418702764913,-0.12976951478601106,0.7807351821598434,0.6544335340289449,0.2978887208030139,0.30689294382771865,-0.02786205213172958,0.4444784196916217,0.46227087074112466,0.5866313058321839,0.37519915929387004,0.4329354735983727,1.0000000000000004,0.5836638502535736,0.6453896565659314,-0.1298362451620362,0.5150440015030339,0.6599531842854829,0.6100081535989118,0.6488639782087147,0.05091526203115189,0.5976189486411704,-0.15911664675680603,-0.16554717749778372,0.4071147757802165,0.4706424497850694,0.06946340578988039,0.008702012268607865,0.34396832832321766,0.6234831803266335,0.10131801736350525,-0.13084486856918157,0.08639030292004968,0.37199300268654123,0.6013766054102401,0.6805717410997294,0.6731412117719496,0.3261426253224592,0.37356973795203746,0.23053650837951925,-0.0683542378693738,-0.16329279215731277,0.4009627921055507,0.025455404726535916,-0.39029312618638434,0.06733061518488279,-0.37304795200413476,0.04859030955928237,0.14977411230008275,0.5080771559208117,-0.07478091745512555,-0.11628796445326828,0.5850683760070318,0.4756621887762132,0.14060466313961154,0.23776699347449662,0.3795696070695811,0.22181804897984625,0.3961583505127782,0.4838184717890228,0.4798106544710421,0.39195044415364216,0.377140931807378,0.5719073690873888,0.3362963088133104,0.2673647616255877,0.3644902363526003,0.2506772621752981,0.21489409955235847,0.27977547180107365,0.5615715136830104,0.21610057496433438,0.3228585903303299,0.4676197904397766,-0.12572344015593712,-0.06107242479941939,0.2310826638174563,0.1987879180597729,-0.3682304727411662,0.09576036035795035,-0.08075497910921338,-0.1705921271519443,-0.15485031073257405,0.08904178384004016,-0.2129627398518665,0.052277396953978685,-0.2196449738694912,0.23772447983122513,0.3168111533954397,0.1089834012611945,0.23498053296473076,0.019972794874422682,-0.25616140251466263,-0.4994919012912005,-0.4771061818805664,-0.038346054764450556
-0.17926625291865256,0.33202845234923906,0.2404348900400875,0.41260823170697636,0.3296582112827389,0.36138854897854505,0.5745896424897271,0.48516437776142984,0.4919953615408829,0.17121190833080743,0.10270738173768046,0.34132177552359944,0.3212995613345929,0.5295795329165782,0.43343011270168774,0.1836933950867866,0.5836638502535736,1.0000000000000002,0.5608013455232773,0.4762592531299411,0.6762627056685665,0.30082575006119233,0.5902756722574783,0.36081517496570686,-0.06476034133294478,0.32908796856908484,-0.14253025752208384,-0.11935061270160609,0.4913761911853938,0.37305826812381887,-0.12904214017177518,-0.12578445208243563,0.074426509783825,0.6277778606954005,-0.20488878674219463,0.29581446880575085,0.20363627951124535,0.0792206002867921,0.37040783877940253,0.43167791422976554,0.5516466887723952,0.013668459172591317,0.10469546800906186,0.12719055376343988,-0.21376438037060277,-0.21568353852220407,0.44828475200396384,0.23699901595560594,-0.053470056798962655,0.24009658817848345,-0.22323924653880647,0.26413832932440023,0.19408918682436335,0.34640345195644706,0.3611925692890638,0.3335097239801186,0.5534205611910391,0.5500398974218073,0.19480320420022926,0.08806834185124918,0.12938898699395304,0.23854644284011972,0.3795379874304752,0.3958983970523648,0.5092816135245651,0.42945970438270153,0.34415895417152786,0.4715426941408149,0.48302157872741924,0.6824896543961455,0.5516807241122026,0.14138520213404196,0.40599822250558404,0.2568589555197142,0.285164315997731,-0.06377533061644246,0.4941421955838319,0.3783398974012867,-0.2633059053909043,-0.12133057681369781,0.34195176598378324,0.47908428363460737,-0.24507487409070472,-0.09872979285757612,-0.17066177541973337,-0.17978393235846135,0.1418033860655226,-0.14163737956060093,0.24682267017689274,0.04911767364859305,-0.21594604017378785,-0.03226804238493222,0.11532232856207053,-0.14252545630380792,-0.07757216342864204,-0.09100501716410639,-0.2911416075636788,-0.3247433726642219,-0.06373098962662216,0.1358017841161262
-0.16390542865163546,0.0543651482911457,-0.06331765561985182,0.5409229717200381,0.07419445866288799,0.0026462972094993768,0.6591775935363393,0.54895467842302,0.4967814238877863,0.4626601684600567,0.3339827452462473,0.3929707055118777,0.5072345188846284,0.7869828874625198,0.5332194979141899,0.18967171162381802,0.6453896565659314,0.5608013455232773,1.0,0.162517443425338,0.6308740193344482,0.27835932285651005,0.7304825312264044,0.3905927809044933,0.20834187983491073,0.2838219679421205,-0.10348391382436281,-0.20009529450519578,0.3286385347589428,0.5528470988790023,0.16221508027940476,0.2664103162525727,0.1974931591964874,0.3348518481713919,-0.10147914010084273,0.14378249335205415,0.10657242562261048,0.5652016094879082,0.7136874680037371,0.6022459255264814,0.6648690204520524,0.15381732479463278,0.18510490357307346,0.2536476933336329,-0.18088113197769373,-0.05520021577378021,0.5082271895188597,0.09734320850404554,-0.0847639756642057,0.4660268508170426,-0.2874620239305004,-0.09302540046636953,0.10879703379147034,0.40050034910344634,0.005985145098696349,0.034629850343543975,0.5751053326408262,0.5723683541572616,0.05077472239207312,0.22810195566917088,0.20805616444524722,0.22282261351422977,0.518044108537051,0.7421148131462714,0.5983263651503448,0.46992105144079227,0.3825231992916307,0.7955412281006848,0.11257994444995283,0.10587091378789067,0.4621128349421542,0.07724925904144297,0.22454304972492037,0.11224398650205553,0.22816424827828002,-0.013077173918868814,0.3241892329712808,0.40512443440567686,-0.043148152774013855,0.22637206183342337,-0.218672827724377,0.056400604212667405,-0.5092704755877561,-0.32482000386906,-0.264640748194337,-0.4526956116540879,-0.025739706995365146,-0.0891134836216958,0.026200024374454796,-0.0900321241846869,-0.19059364501361534,0.4553157580399303,0.3323026514452695,-0.011758215652727257,-0.11203016985306209,0.08436093503153837,-0.2177627430294339,-0.4288805729471093,-0.31842328718284124,0.19118231502880847
