0,1,2,3,4,5,6,7,8,9,10,11,12,13,14,15,16,17,18,19,20,21,22,23,24,25,26,27,28,29,30,31,32,33,34,35,36,37,38,39,40,41,42,43,44,45,46,47,48,49,50,51,52,53,54,55,56,57,58,59,60,61,62,63,64,65,66,67,68,69,70,71,72,73,74,75,76,77,78,79,80,81,82,83,84,85,86,87,88,89,90,91,92,93,94,95,96,97,98,99
1.0000000000000002,0.19379517311727154,0.34473308218037757,0.12142614775971305,0.19967295062468515,0.25146102294840755,0.14985600026727014,0.0949180947753978,0.08447797406869552,-0.04937728924096613,0.16542165062568973,-0.1015371179986726,0.12414814607003548,0.09735204946640141,0.0747968345549568,-0.03639001417866667,-0.29239912327517115,0.034987955926310994,-0.250377333441237,-0.015060860104400896,-0.10634907950401261,-0.15482588211556597,-0.17307207420061424,-0.3307593069443789,0.06843882233419947,-0.069404250103555,0.06026213072153643,0.011003209634034823,0.1519708025459527,-0.028420374428662347,0.15633312613537198,0.3121269240932844,0.23564975366737925,-0.10569107861351834,0.01835501100592847,0.23212963997439032,0.14287771064679367,0.02079183746976972,-0.14899262193052715,-0.09550858755611079,0.22419022300618688,0.12038539694322366,-0.035507200877544165,0.2461618383949765,0.14171531362728257,0.04649332411045802,-0.0041380766182505455,0.18917819161476634,0.5654453211871985,0.2578820240743637,0.41667987409646384,0.22484843077068917,-0.11972504072388657,0.1375955511676168,0.19043142367851762,0.23742427593495843,0.10136909331115275,0.1028409793461159,-0.14306307838538113,-0.12585948579065676,-0.1258860932383394,-0.0235339336232027,0.067344190949301,0.16971887441954947,0.023376730093886026,0.104460706691522,0.18598812390074226,-0.09074148938499516,-0.11670889371419782,0.04437385581414335,0.02467389387125627,-0.10299090531646464,0.006963074578457503,-0.19408534568459637,-0.2659304154207731,0.03367427049288225,0.16936292190132612,-0.07435852307374649,0.039014646399778294,0.2234600038736164,-0.13402059063245575,0.2222810040757634,-0.007501220363650989,-0.03244266237076316,-0.02104819212379923,0.019442220358275964,0.08570406881057675,-0.08995921160836655,0.24867562044557806,0.26092150799657704,-0.034770193748314145,-0.01637031587098927,-0.2789770341351195,0.03898047467101948,-0.13551167998515268,0.1085728670833063,0.0015151557924184247,0.2547913677420163,0.6770363469082668,0.38985012084637594
0.19379517311727154,1.0000000000000002,0.4205769030615421,0.7743197438886009,0.8264403287430383,0.42921498531375596,0.18302538024017828,0.650390750731503,0.370685192693066,-0.07342251176776766,-0.0686202271144914,-0.059425439748320825,-0.09446416746563349,-0.27854708646128157,-0.09678351672763907,0.12139873741068573,-0.25156404590488873,0.14283156973787783,-0.24371238279073745,-0.021339918113313823,-0.018623982986300157,-0.0932614726799105,-0.09865320337898428,-0.2045339887766043,-0.15880277360008935,-0.13509726028980099,-0.0722914789554865,0.07348224110441501,-0.09983315521677981,-0.009630494505670257,-0.0691224646302504,-0.006083750823518003,-0.07346597867031639,-0.1545191689729344,-0.24080125582236112,0.3614789253081486,0.09878804902164316,0.13744038669205197,-0.06753613939273748,-0.10590557941231048,0.044468407283412045,-0.05745144358008626,-0.038353493477351744,0.21209042194174627,-0.005608101918138246,0.31701574036453395,0.04297361262635649,-0.06923911272605844,0.19704086413728047,0.2923229820200032,0.2003629384636202,0.8629239712436104,0.1660052394365794,0.719572305003006,0.765480806541993,0.17769494324137508,0.6691489701864491,0.6281741325626541,-0.1772603841440524,-0.13524024247175392,-0.1703367055379714,-0.15944677226223944,-0.15061187728158934,-0.3187714290483143,-0.06829096940769859,-0.14524752650794068,-0.04233228051659958,0.02916748230459608,0.06567945399836861,0.35423468879853204,-0.10144749937049893,0.0017814624808285718,-0.03899644669159731,-0.24428822647572854,-0.08715112972647182,-0.19901158890383572,-0.23194645402624567,-0.09229406250423047,-0.08411634045090967,0.10646809404529635,-0.1994772975431141,0.05737596362011611,-0.12142788109997427,-0.15205833387830694,-0.17800814053472475,0.08552153373579625,0.08708341572054745,0.06338518690872756,0.19971259201286748,0.04376350002383077,-0.03339158416790929,-0.11106005986139476,-0.17236799152751742,-0.04781546442344037,-0.018283251153256016,0.06963316025118754,0.2468280949856413,-0.02957943113694771,0.13055596142885575,0.3001059534133772
0.34473308218037757,0.4205769030615421,0.9999999999999999,0.04613948706609014,0.28513963085588706,0.7374605527355856,-0.12262618546682434,0.4552474015287886,0.7540117250262854,-0.0032001053213435147,0.2323944165507126,0.09382484931338392,0.21759739971537287,-0.011758731038833068,0.24860321959673118,-0.14331632767692104,-0.15048602185413718,0.09121997048839095,-0.13799906427485262,-0.01250256551129437,0.2633630821960418,-0.24682589689153114,0.0567531669223004,-0.12402290443937454,0.12027692592479708,0.1307449010579332,0.05753422397128886,0.16714523076268656,0.22976347500797817,0.025923411624128218,0.06742673963656452,0.15683998419993161,-0.0243514467067733,-0.14374492568320216,-0.18291995098064362,0.3205633261749311,0.0777610919911583,0.09432640537225409,-0.10865472447694557,-0.3124667102687052,-0.11144329055829752,-0.025141489887195154,-0.13561061169177366,0.13269180945199288,-0.022829140136477456,-0.0261587365613158,-0.32606847593266025,-0.17500357344905443,0.36382400274078924,0.004705967560874384,0.14451921995172123,0.5143116271521257,-0.2793896889663379,-0.04477772022503715,0.5545239012009778,0.7615544508585504,0.330343204235198,0.6330989412424269,0.024753453595924173,0.039298734904538175,0.03973009483637515,0.09018429988664925,0.21561397817817063,0.13339305850828134,0.3385416561410233,0.2608382765750347,-0.1768331257919615,0.058821059240952954,0.16053261937524205,0.24978550585285203,0.32760537559464664,-0.08423072142720246,0.25345036383913694,-0.36875179280976,0.039918775386967593,0.10348910337194243,0.23624545323579255,0.20157202232880164,0.04692973934528669,0.06263419254034168,-0.0656403249860655,0.009949279214413865,0.09624740773119574,-0.09993886028495498,0.23328821285326057,-0.10685785057509034,0.20301535620045252,0.11566329581118676,0.25032469487942954,0.03223699579343945,0.07830491555999762,-0.15036791486391296,-0.14165223817238531,-0.01820758922970186,-0.10491053784872982,0.125169020934658,0.05446255312782503,0.11568828098111719,0.2258585553544036,0.1404234607192912
0.12142614775971305,0.7743197438886009,0.04613948706609014,1.0000000000000009,0.7584848963570399,0.10763411435342635,0.2779014954620619,0.6123173588049923,0.13754837803609393,-0.15314589685903982,-0.21708978844170282,-0.21944088375224555,-0.2729244764815615,-0.2576077685168357,-0.26091867491764903,0.12675762771878402,-0.2855829176466282,0.2391935326952587,-0.20133008751042297,0.06062634835195405,-0.09765074283144425,-0.024401306877235514,-0.24922738501438768,-0.31525780615289667,-0.2901248462670581,-0.39921940258490635,-0.21716016972311694,-0.0983710449433231,-0.16436009479614597,-0.18241967607160944,-0.08415835907993159,-0.02495813697537423,0.08150635529588046,-0.09943299775034162,-0.12742787211995227,0.23925678488639454,0.09520486624944693,0.16298161380028392,-0.02648262165278575,-0.029122149979107146,0.12440947476126517,-0.13366883375066624,0.023206586251417916,0.2015945030560888,0.019602301975665117,0.2666120338559573,0.19481047041712854,0.03873631987966368,0.12949184015084717,0.3640992987597087,0.08847733062145592,0.7019154713060513,0.31925802612834514,0.9250165812025246,0.556430772561899,-0.03493116884573356,0.668457598841928,0.47431176212955417,-0.34484967296303903,-0.15838024989349742,-0.272465644939694,-0.2317332071860953,-0.22369451415326608,-0.2338851223699054,-0.15143567938865837,-0.3033713290628723,0.0723955446692987,0.009256404573884412,0.05240944532049989,0.29688462380180985,-0.221354198965293,-0.0371563280427604,-0.2694511446284919,-0.15451486189010374,-0.290604972832271,-0.44649694081622904,-0.34766791905947203,-0.3969909700170336,-0.050255890190006564,0.14738983549204282,-0.3111427405747238,0.08308698125973552,-0.2288581700398078,-0.024875816200158066,-0.4277874435625771,0.17832161931230067,0.018749396552039495,-0.14197781755116456,0.1778720077308943,0.06874254720121854,-0.01898507738943261,-0.07323594276725717,-0.17051229683358643,-0.09088342333756658,0.01089694971840131,-0.013535216027904851,0.18551556103958422,-0.05725574667390482,0.17573930288591283,0.32878548475144176
0.19967295062468515,0.8264403287430383,0.28513963085588706,0.7584848963570399,1.0000000000000009,0.5309481624837955,0.0036698988387161764,0.4490670846971098,0.3694121011592267,-0.09329512475668646,0.01071653234406003,-0.08382125475032838,-0.017471016269197195,-0.2125858196942016,0.0041154453875004715,-0.10436695497862108,-0.27830361084874505,0.027609532748513778,-0.264440667641431,-0.021446862314960388,0.01807832448473156,-0.19546338684964265,-0.2197536835697842,-0.21850105253477467,-0.09593437518255159,-0.08636783512178904,-0.021594112850337153,0.11197930628307835,-0.043301878975614584,-0.026508753340350286,-0.03997578001613354,0.00041302406780539043,0.0021272065878860246,-0.1126594527370217,-0.0886524181972788,0.4635548250104531,0.23906365962868587,0.14420453383992787,-0.11624432063247149,-0.19335684505171746,0.11126180039098173,0.004523428862109933,-0.028676210641976795,0.31249786639950394,0.08863908343235377,0.2531389114590759,0.07926903782131708,-0.028289715304039974,0.28718905469488476,0.39177712144113624,0.16655798404930652,0.7184657932396555,-0.10885960204604256,0.7875091435752241,0.8670848009174321,0.24393452842403435,0.45810682658052965,0.609994223301176,-0.15374460356513148,-0.02388836879963847,-0.09489282897627034,-0.08053354285611748,-0.23878752862582991,-0.3374731992279434,-0.13232858913140735,-0.07534102054927126,-0.09499680631076977,-0.15969904360149115,-0.11389186052435694,0.10860240946976185,-0.12509712124328623,-0.14847018360006656,-0.257453647608743,-0.29694590472143934,-0.1575377475306098,-0.1318045081594898,-0.24710192209025203,-0.10217853129425267,-0.02717469524163143,0.07541266192203322,-0.14600064821391848,0.17176048540913055,-0.03378534851045574,-0.05971325794645324,-0.1997489247964215,0.06166817098782029,0.2117548166844523,0.08335418693674439,0.2790203177053741,0.1208248108739318,-0.08065185401158678,-0.09004118148846939,-0.20685279484442182,-0.04262757725991807,-0.0011369073809907979,0.174579212049781,0.18150299401075012,-0.05978428784539832,0.2903251542931341,0.3720359770904779
0.25146102294840755,0.42921498531375596,0.7374605527355856,0.10763411435342635,0.5309481624837955,1.0000000000000002,-0.2124470407665427,0.28877263371813794,0.7665488973539154,0.10068117345794968,0.3297256694836964,0.12887447612000763,0.2081911179684171,-0.1430009430817902,0.2964685334644579,-0.26782056356783096,-0.10944238735190098,-0.033734555836307946,-0.195886924983359,0.06082990691993162,0.2864251602842888,-0.31917589607323804,-0.030821419211096383,-0.03998433979912794,0.25494483860388545,0.22453781417895824,0.08598179746369397,0.2232948710779441,0.3026966384185378,0.019828477202560545,0.10061014391667451,0.08186484047821005,-0.14663640075704473,-0.12769223382390135,-0.13548440829422118,0.4608586533496372,0.278658254465906,0.06390356593191104,-0.13929577289328152,-0.25526044194346437,-0.11471568691945064,0.07681525142376334,-0.12627383388097943,0.2329335188252477,0.01656794362685466,-0.061756280330549966,-0.3384479169799689,-0.23476671995800544,0.4505020956226439,0.07835258906458258,0.1526163762013308,0.4742920823877371,-0.4075579688602924,0.08653072140293712,0.7554103493419891,0.821099438120617,0.13758937660560933,0.6826802681716075,0.19437600271897063,0.21755005868003965,0.14675602977291452,0.09783119481747292,0.10129096301422118,-0.06641952815603744,0.14012864602872113,0.2771928232691966,-0.2233987709029141,-0.11636283909590965,-0.039390130675642454,0.01829340919167222,0.24631874309425209,-0.20379422773931757,0.003432654327294047,-0.2754022962435554,0.1296826502201404,0.22677223181972142,0.1985224119677579,0.27158007200244627,0.026768713475251428,0.045399490566520984,0.011942907226603518,0.00987467141972553,0.07807312325681152,-0.06091419784440731,0.1616386128345279,-0.22383094166790063,0.34402371448364155,0.2503399221239534,0.27050255392362876,0.026434029722138628,0.004371304919993881,-0.028650777676758183,-0.06663408650013632,-0.015145790991037862,-0.0051791532908432,0.26698520863863956,-0.06696059829575371,0.007772377771791429,0.31508205092504965,0.21519236515986104
0.14985600026727014,0.18302538024017828,-0.12262618546682434,0.2779014954620619,0.0036698988387161764,-0.2124470407665427,0.9999999999999996,0.3542579284605506,-0.09122282047625091,0.1049824375256806,-0.057290732325872326,0.03059732622320297,-0.18303610274542742,0.08954351372106066,0.015688624062747212,0.6651175173296738,0.18362651289558457,0.3077196940375368,0.108976062939661,0.42746015786146585,0.09845569249628074,0.3265717755806359,0.08900814718805995,0.16253737818291458,-0.0515905110644664,-0.20045281694795158,-0.05071050607876147,-0.32327398621718884,0.24282382020789334,-0.20496795960279474,0.09232989528221065,0.13259783632245864,0.17663048379494245,0.10416896568564465,0.12094849760590752,-0.016771799308241485,0.02284245775461388,0.12124469206188963,0.20122858999850338,0.4849307753306299,0.23925492692127073,0.05692281054044549,0.20723657477027257,0.035979141885399,-0.024741211290081958,0.08393991461389862,0.1653501162578596,0.15367066732639265,0.06442955856809994,0.21025999231601952,0.1034970085835767,0.14210041201689874,0.6826723832062136,0.19743636696159628,-0.08720144004629059,-0.3070246832899925,0.35012203782322737,-0.008738100777252915,0.02897191143543279,-0.08055694250822477,-0.04070190138979261,-0.1088654579820988,0.05692958156110439,0.07403479393519465,-0.014253463148432925,0.01164346781342322,0.535209192889557,0.1425767657473762,0.16220541039037512,0.2078585023735995,0.12390611454147761,0.1433864014453899,-0.02048846966070063,0.2913355418981228,0.09535669505776373,-0.2891039318227845,0.19638250202956392,-0.1446596416020993,-0.07412497726620272,0.21675952055229802,0.042237411858531075,0.0431114195710468,-0.15328447627701788,0.04609982443384746,-0.1490174876232697,-0.02995316519557099,-0.019486797599650264,-0.26142762318743645,0.018219781509361554,0.05510579878612117,0.07745172226563217,0.10309175795981843,0.007265021768217868,0.1083886834513929,0.006263737443732394,0.003304605515862574,-0.02685110418408572,0.04109808202908927,0.04739133348910656,0.19904721981864756
0.0949180947753978,0.650390750731503,0.4552474015287886,0.6123173588049923,0.4490670846971098,0.28877263371813794,0.3542579284605506,1.0000000000000004,0.5697733177219044,-0.2310187173785807,-0.2203248062192439,-0.3029474933016707,-0.1947381581563052,-0.06991319026063358,-0.029146660132557022,0.22093147484085826,-0.11316138722651385,0.5731949746386008,0.016908457754072584,0.19084020611644292,0.3185759518680962,0.1818994249727364,0.10107051758144744,-0.274285640818908,-0.24387503097908947,-0.32025484324192677,-0.23291486705925374,-0.1725423600880237,0.19047872569568414,-0.2294846642737076,0.0022395793517055894,0.0999423575747716,-0.09234721719224846,-0.0011192653551431223,-0.21749568507135883,0.20670809179648864,0.05478485621767434,0.09310950136161338,-0.09532881663264917,-0.17506337156256102,-0.14919479045502576,-0.1894484239778909,-0.12795654733251705,0.10139336417969752,-0.10704684977917682,0.010893681514517523,-0.16296620935889905,-0.18290189930565193,0.18419743273722305,0.050679213498481035,0.09506052945203688,0.6402081125203622,0.336387352053056,0.40332165009565923,0.5116786889140128,0.31710117640612817,0.9126353840159248,0.7373559822923579,-0.334339121802684,-0.22406852976557606,-0.2837244071908945,-0.12528181195551993,0.0975955422340896,0.010382511811437584,0.21743258294915319,0.018834465491427647,-0.046008957151671914,0.346729167725528,0.4909410937004946,0.7062737936691741,0.2874437377865551,0.17388502283214308,0.24262219521509118,-0.2769153724856125,-0.05539362442695985,-0.34357976696715553,0.04345663381951419,-0.20267527943359379,-0.004983877188178486,0.1640234123028812,-0.28686512005326736,-0.10303143329179873,-0.14370764607653533,0.035637804284734044,-0.07981550885119802,-0.004336972008392151,0.05899594305375469,-0.13064418385199109,0.23587253093327865,-0.08592202203632496,0.0840191499384377,-0.15868565769134915,-0.24365422882702426,0.03781139210098707,-0.07860710934978045,-0.003910185978659695,0.07015969800101368,-0.012653094108924099,0.04702362523175042,0.1606345033296206
0.08447797406869552,0.370685192693066,0.7540117250262854,0.13754837803609393,0.3694121011592267,0.7665488973539154,-0.09122282047625091,0.5697733177219044,0.9999999999999997,-0.15187519251548587,0.23159234835772685,-0.00763169311758954,0.1423619820972009,0.05738140330566499,0.35487402095227477,-0.21486349173968095,-0.07499045733284226,0.19017839850551846,-0.04466004384531721,0.15924670605374738,0.49275743625373847,-0.21436058040971878,0.09529396396466731,-0.14519833914650676,0.01633910308849445,0.03642820556370524,-0.06810526397146027,0.0022734324408928155,0.32742094819083173,-0.17315219140774246,0.025936241468066498,0.14357205559444874,-0.10292549002355522,-0.06230064768059811,-0.1865817369322491,0.43648365486041607,0.14314719144830304,0.08852530993038808,-0.15065429637341088,-0.3067433931241705,-0.22370245640810182,-0.15570807621810373,-0.16843535873102922,0.12888624670722507,-0.12561169606594147,-0.1807792746426827,-0.36781377062402576,-0.3079795759093683,0.29406251239347714,-0.02518289672115645,0.013929676225091888,0.47838756333125537,-0.1934792347974878,0.002205099149222896,0.6219105772422604,0.8040567576749879,0.4395666658951756,0.852240323400596,-0.015766782738679208,0.13294916246977354,0.09528740321103375,0.14709977769528151,0.23133605955305261,0.15532665387539182,0.408095550149994,0.3776355400580118,-0.24878703409403755,0.11849758619805409,0.27150763474782647,0.30158272993774105,0.475955839013102,-0.10459989496611341,0.1544637498254099,-0.34300860158123203,0.1702441068911248,0.04644395408873005,0.18711130558359199,0.12184171345556254,0.002307857526342311,0.12618722859726939,-0.10637860375547838,-0.052894180874007844,0.031248970646488766,-0.06970472824894926,0.12957829348201272,-0.2735256230174393,0.21159079901340483,0.03218402491551879,0.33683802350681663,-0.09420968773488157,0.06759264182876636,-0.09244652113984189,-0.20638960562177036,-0.0036106607362827673,-0.09964909672346087,0.12236594911671421,-0.1353617525062062,-0.02584334359543796,0.16343846811479,0.1125191776540747
-0.04937728924096613,-0.07342251176776766,-0.0032001053213435147,-0.15314589685903982,-0.09329512475668646,0.10068117345794968,0.1049824375256806,-0.2310187173785807,-0.15187519251548587,1.0000000000000004,0.4429739003573204,0.675721406564054,0.3876032280940779,-0.016358342477431037,0.029883259904131283,0.1858840863789489,0.3509330185881658,-0.30041993562313424,0.11485018048518597,-0.07672950082739409,-0.04335579156979694,0.13377857356384418,-0.03325036795981323,0.4434903800090696,0.5417649534385393,0.34393003250010096,0.10292689741264842,0.13542594126864616,0.06381688408959268,0.28777848486312246,0.31600797720604784,0.05449241758571592,0.07320247492536687,-0.12050119431421878,0.09831423890107693,-0.06127643750979386,0.05148500284670931,0.30431500138882317,0.500464339708404,0.5162007537394544,0.03354553109380537,0.3128054743934238,0.2157573264397582,0.03905405033895159,-0.13183007398963445,-0.08021228070138055,-0.11973515281874401,-0.1509787056454262,-0.09335091371550028,-0.03554774718152073,0.19431333454158434,-0.04994028129774149,-0.021627781318502116,-0.22386973962275475,-0.030649123322335478,-0.040660364356209906,-0.36319328934622164,-0.1522489814952188,0.7862379791371562,0.47135078430350874,0.4745290171636387,0.26828950914985333,0.1593200271596271,0.058699230664053026,-0.012597856891249079,0.009900230131840467,0.08677951079607003,-0.029316226562775098,-0.15175882286572143,-0.3189327542249285,-0.14122650256724725,-0.09439965245889236,-0.010599048888787361,0.4630157184047391,0.3095326340250207,0.33815332676255394,0.19500497645244735,0.3527146243568011,0.22027199036619027,0.08500310124521192,0.10986586621346386,-0.12565559293333525,0.01744502693231069,-0.18358507511675756,-0.020429138170047344,-0.2608956873487154,0.11923760110486921,0.05970360459327943,-0.2931309748639433,-0.023861032324812077,0.21847599814981974,0.4156946340104377,0.5930341382754293,0.14249197835125246,0.1392314243744298,0.0748935926673121,-0.08026141390275586,-0.19122932699447556,-0.0773800215523226,-0.022042732247517877
0.16542165062568973,-0.0686202271144914,0.2323944165507126,-0.21708978844170282,0.01071653234406003,0.3297256694836964,-0.057290732325872326,-0.2203248062192439,0.23159234835772685,0.4429739003573204,0.9999999999999991,0.6589736689475562,0.5632783783531498,0.2683199505054544,0.42698323380303915,-0.20131588854121954,0.1560905766273314,-0.3704205117416312,-0.1263412010065854,0.03254779342786903,0.2613804943849291,-0.20599295755969152,-0.11777736674034216,0.29074642252097654,0.4911961763451497,0.4995808951472201,0.027254364062032133,-0.047779720495580304,0.1606981548395839,0.02577251973120646,0.11208439480566597,0.14032856633478982,-0.2221400937345608,-0.26143447266504355,-0.1332435259978141,0.22155897437788696,0.006148222566164656,0.2009885522182115,0.14476609512235877,0.13538624577639113,-0.08885251241132301,0.2596267027114478,-0.021980233549279683,-0.012895366265413459,-0.1738174351041783,-0.2894487727942748,-0.2866908671177482,-0.30579697976367615,0.1335531520227897,0.0371091420236367,0.14124630941785452,-0.0041948851607151,-0.2922614313240986,-0.18931687464611202,0.08353559301710142,0.3422473738060468,-0.24278905809152823,0.0022380268194562626,0.599075240633917,0.6471664333630888,0.6097734070236185,0.45150108253352567,0.300567095323119,0.21787410940639043,0.27458745110119925,0.4445449892525797,0.011871786358416429,-0.08522546233984767,-0.11323416395596271,-0.22631946405408904,0.259585033887632,-0.18655854199194158,0.015345313961950725,0.20494284791647893,0.3991951975915877,0.4991589958436378,0.3263087573782687,0.3844581877462229,-0.05565995897715741,0.0389140020265937,0.1709239539408369,-0.05266934795250503,0.053733352366762514,-0.23611304534397123,-0.027804922357732128,-0.408904288748896,0.14650289194999802,0.1240807585181068,0.11030630557237651,0.08897628418852975,0.11660722360107811,0.32408061738193794,0.23017492306658896,-0.03759492322785185,0.16004053457925324,0.24213600435735505,-0.1853186274800401,-0.12490165812156466,0.20726782221889506,0.11736319362169535
-0.1015371179986726,-0.059425439748320825,0.09382484931338392,-0.21944088375224555,-0.08382125475032838,0.12887447612000763,0.03059732622320297,-0.3029474933016707,-0.00763169311758954,0.675721406564054,0.6589736689475562,1.0,0.6226913382215238,0.17468799644625702,0.2236068126673588,0.09075743035712593,0.43690214764839175,-0.4782113004091751,-0.028311570044020264,-0.0913121815916167,0.12085805498921569,-0.13988639353110854,-0.12424975549740333,0.5568222514019918,0.4735061422137321,0.6050615798444501,0.018121788029307338,0.059278990404702143,-0.012666010348157264,0.2294044781359512,-0.026000821678178465,-0.060454800345983474,-0.1794313373771573,-0.2911378639098703,-0.11389895497368702,0.015492844092895646,-0.032540052707222586,0.14209889668557138,0.2914322604821791,0.3169916047718216,-0.07653742396678669,0.27503497707700786,0.1380866045117332,-0.02769527150907262,-0.24308788159885458,-0.12523224253897364,-0.2037865821548893,-0.3037162211658777,-0.14649070007304105,-0.008155974514632293,-0.0313183171818532,-0.0672014680750112,-0.15973775728765613,-0.20512549167321664,0.00858948609176538,0.02248321644907198,-0.3618429926238224,-0.12987884707831943,0.6998521154420166,0.6404987736877494,0.8454215560229149,0.4866413275874009,0.28237503196635794,0.129795170662085,0.2387670626657165,0.1458681046227489,0.041553384015026916,-0.017008035349864205,-0.11921180237760418,-0.34382177326566055,0.017012313875902362,-0.19401138388326974,0.005556427245739835,0.31077459434945776,0.5799531689450617,0.4631142975859937,0.23680094846320263,0.48735196272969034,-0.11558358965301421,-0.07587739576051478,0.16913450474733857,-0.13903627962890067,-0.03869076917329854,-0.3218350425485202,-0.085038586769978,-0.3827100482567715,0.03290917996395986,0.0339352005639573,-0.22874225140098434,-0.061347674552202865,0.024755220755980873,0.3428463156959926,0.3801825871302609,-0.05488845425894416,0.14857493279161854,0.09514128696950402,-0.17026464558708437,-0.28035244845674795,-0.07975914304120442,-0.01042253127336196
0.12414814607003548,-0.09446416746563349,0.21759739971537287,-0.2729244764815615,-0.017471016269197195,0.2081911179684171,-0.18303610274542742,-0.1947381581563052,0.1423619820972009,0.3876032280940779,0.5632783783531498,0.6226913382215238,1.0000000000000004,0.36048659681401846,0.29188520441410015,-0.051946041271933176,0.3579897079609324,-0.29992298694637604,0.05332122112183012,-0.23094601740653242,0.14355090659130387,-0.013825993706301623,0.035414920069111455,0.379066695717067,0.3978499310958897,0.472776674594209,-0.011655003889579445,0.006333747916701773,0.06683754447031476,0.257349294376388,0.08372418939632775,0.19843748468271866,-0.11173138571909558,-0.1083525935251488,-0.0024089484845975736,0.1346691765657444,0.07432219841594007,0.23195065952084698,0.10293143608266958,0.08317482201204394,-0.17038162753576144,0.15422281740446164,0.06895191356387045,0.015947445510344816,-0.2619025933203423,-0.19209239663883718,-0.29318854376679665,-0.35353885126386486,-0.06390826240306013,-0.08547031453035336,0.03975466614310048,-0.09314319733022083,-0.3078764662505213,-0.2595292780513735,0.030595775954103007,0.19892308605481918,-0.22460622222272003,-0.0257370476595082,0.38684406548742006,0.47587643787431455,0.722172901900524,0.8873335252103397,0.5064362903765024,0.28916408165218416,0.3448680531427665,0.28185717852642733,-0.02847928506717805,0.2007448024300078,0.10206281380258206,-0.0895118066906813,0.09763155574204353,0.03852789835011189,0.3012011023035995,0.16873708086034056,0.5255443802683352,0.36624739707096465,0.3417790648400363,0.5142350921768905,-0.021612962906629268,0.03098149188516252,0.13872315166560095,-0.037762234697589256,0.03903718007099603,-0.20705449448104676,0.11265410830392844,-0.2996364062373635,0.19638360282098666,-0.020661441752485635,0.04463969216188227,0.040248994099400554,-0.016872212262428864,0.22882328738075797,0.17405358164105994,-0.11784704614016805,0.1230377394211037,0.05623409825403155,-0.11292561618297697,-0.1419427138969447,0.01573270432279685,0.011988693970884002
0.09735204946640141,-0.27854708646128157,-0.011758731038833068,-0.2576077685168357,-0.2125858196942016,-0.1430009430817902,0.08954351372106066,-0.06991319026063358,0.05738140330566499,-0.016358342477431037,0.2683199505054544,0.17468799644625702,0.36048659681401846,1.0000000000000009,0.6066034344567045,0.029894086423445185,0.15196086396429284,-0.017776599653625897,0.262073577007544,-0.052629842662732976,0.31616646974423734,0.2516492230810087,0.26416276500384717,-0.028058983155208325,-0.18108737824457885,0.010362586938724513,-0.1105881077997731,-0.3745761781118202,0.048818424779609335,0.008264259818296302,-0.289291022806592,0.09361866846267526,0.0028735094438345297,-0.13708353982366595,-0.001762404523652538,-0.17217529034364357,-0.24191487708722575,0.14742693695982578,0.1216895302136205,0.14652046361071952,-0.25230339424571596,-0.24388528716097307,-0.2044141462323556,-0.23683017677561596,-0.38085184596059474,-0.2157269416148375,-0.11555287233262664,-0.13125037101552264,-0.11978479283401665,-0.1612048852189514,-0.07807030892605638,-0.2915109255062786,0.023561834768388752,-0.2547161416489538,-0.22927322907149386,-0.08461405048953347,-0.02270919558425745,-0.0942357414738324,0.004948775438490748,0.17536626193821517,0.2067551886157711,0.4145890398380048,0.5740095456280936,0.6560949170724094,0.6193345435766947,0.6166045968949769,0.053942672074945824,0.3102704417351843,0.31461727207741136,0.09105249920416017,0.41984068231377647,0.20370388140995704,0.3768077872548164,0.06590720221614803,0.1915430977070028,-0.0893588074113842,0.16044696959752822,0.014347182415920555,-0.34271266098605263,0.0408495470026269,-0.012349057966010638,-0.11154670798843966,-0.08629634666123867,-0.07226710055314549,0.12387548760456124,-0.2340255928568629,-0.19556509117999263,-0.18247116853362952,0.017448454025641044,-0.11155557499231315,-0.0034531127563285696,0.07654925864356103,-0.10013428690236517,-0.22176065327802816,-0.16798449253757333,-0.21173516182324267,-0.20910358177969127,0.0689411552855967,-0.028975550273282812,-0.09131132324425865
0.0747968345549568,-0.09678351672763907,0.24860321959673118,-0.26091867491764903,0.0041154453875004715,0.2964685334644579,0.015688624062747212,-0.029146660132557022,0.35487402095227477,0.029883259904131283,0.42698323380303915,0.2236068126673588,0.29188520441410015,0.6066034344567045,1.0,0.004069035004523754,0.19131803997138322,-0.010061531297304537,0.08480614069954504,0.17798052331794081,0.7065354893493623,0.12629609754680127,0.3028189550840583,0.1856706284097561,0.07354877555965843,0.24186242203820787,-0.013094227691225209,-0.10895586562405364,0.42815037215897145,0.1244438299842355,-0.16596575915824754,-0.0392227228744804,-0.09577525607060519,-0.1176685505970856,-0.09158103484209307,-0.012941698766633928,-0.03307145773020246,-0.003084343734219941,0.0019140989212642926,-0.003248205784088522,-0.23058725930346308,-0.11934376553576898,-0.22070191780388504,-0.1532712127728742,-0.3004129993704714,-0.21801774209970218,-0.2291125127094971,-0.17540945406775135,0.04875434471064288,-0.23021463901898878,-0.012730250448932839,-0.10270684803650063,-0.13682619384185465,-0.19586076997745783,0.10217574991115787,0.28253112013762294,-0.05602351732417623,0.0991744621945129,0.26094346010056746,0.3685247251045876,0.24963786424004455,0.27411464756047843,0.39230058890639047,0.27148054999773485,0.5021271243632305,0.9178875716725046,-0.026440260633305793,0.00010968287028134681,0.0943994186723111,-0.0024858654109603884,0.6864984365306188,0.11278532382243876,0.24347175195879858,0.030428043631593536,0.33913387724444766,0.18188434559742694,0.3593712891346376,0.35165712600823723,-0.3463168934699285,-0.1752641434866804,0.1162052265996415,-0.18599842295802732,-0.10725264866175281,-0.032734735584119566,0.2481044840795986,-0.3456304905961118,-0.0874177055026032,0.04982389909836544,0.04249411530865774,-0.19163104351251425,-0.07699014866179119,-0.08462530233124561,-0.10964934278421168,-0.10374253665156666,-0.062122759814346784,0.05832576374577668,-0.2335537472967057,-0.01339184925122275,0.002051377985935843,-0.1523122209563307
-0.03639001417866667,0.12139873741068573,-0.14331632767692104,0.12675762771878402,-0.10436695497862108,-0.26782056356783096,0.6651175173296738,0.22093147484085826,-0.21486349173968095,0.1858840863789489,-0.20131588854121954,0.09075743035712593,-0.051946041271933176,0.029894086423445185,0.004069035004523754,0.9999999999999999,0.5279506621044993,0.35390415142309745,0.3462113418375796,0.2436029775165466,0.08685752349199098,0.552809026940514,0.15963607939144162,0.43588842567568525,-0.01730438056969619,-0.13196156593562566,-0.09115430296003202,-0.22353979552523132,0.18319913940947175,-0.11582563766551963,0.013991871093260815,-0.017060413806430638,0.13539724101229383,0.24428347573763085,0.1089310428275806,-0.13736736401755922,0.049094533902303214,0.15105846427682415,0.2771134977327392,0.46538495495585236,0.19455995495156594,0.02974544090322623,0.3107501104269063,-0.06060740918366892,-0.14577959475612878,0.11251975506666033,0.09901960339523178,0.00029431313056745283,-0.11637909945864203,0.09624002810829707,0.07192576111009955,0.06134296898982427,0.6083807395380967,0.05804580611636405,-0.16624627000293915,-0.37516695309760406,0.201535787370728,-0.11589396862892577,0.08239532666353798,0.0014850822766604166,0.05069367686249535,-0.0053706438327956576,0.12050076657813534,0.0480396435818159,0.05012837873030036,-0.04655930648890374,0.4396674359974486,0.3339875877704915,0.29140333527050194,0.25384579898791826,0.03711720407076211,0.1878399248152848,0.17506816741180445,0.34460289264949284,0.2928026528609798,-0.23786443010066136,0.1833213478239306,-0.10227858858677495,-0.061451421389528416,0.034397932784252926,0.12812039521227767,0.005808996665615213,-0.15278126941892972,0.09370801936294018,-0.018041616362310588,0.023868207401564468,-0.051745560469807717,-0.23725536274196612,-0.10167415575935014,0.038411871011007175,-0.008636307499941985,0.09217430999835184,0.13996305184112823,0.06950381960453113,0.12189297322527094,-0.11403776132413188,0.05867176711628237,-0.02973669696943493,-0.16914574676314642,0.12001790955356936
-0.29239912327517115,-0.25156404590488873,-0.15048602185413718,-0.2855829176466282,-0.27830361084874505,-0.10944238735190098,0.18362651289558457,-0.11316138722651385,-0.07499045733284226,0.3509330185881658,0.1560905766273314,0.43690214764839175,0.3579897079609324,0.15196086396429284,0.19131803997138322,0.5279506621044993,1.0000000000000002,0.002412740529565877,0.48408256638156505,0.10156390343966884,0.2824607138724766,0.3791911314534929,0.18426214266388893,0.8153456195336606,0.2928727750395242,0.369600881505618,0.05439615307612468,-0.06023783140725537,0.28407637868883034,0.10794724590511513,0.06694369976334251,-0.1831169911160161,-0.10803479200448957,0.2769698016792826,0.2024705592437472,-0.0839821146647699,0.09876278606264469,-0.0027702221860211357,0.13555307908530198,0.2728610754969691,-0.10923877058347467,0.1572900813402172,0.2797889850451362,-0.13995549653625045,-0.2394292362276613,-0.2377402562400078,-0.21208277215996904,-0.1954505702940191,-0.2786508327323053,-0.2614002056186705,-0.06439902214222393,-0.2784217988417304,0.06114142119878295,-0.3199165545940209,-0.22453692948783463,-0.11540303427907611,-0.2159261960153109,-0.16385515112417506,0.3723762741822044,0.3829859067160503,0.47431925455707263,0.39263215142323143,0.3468061927793721,0.1608383283806928,0.30404443892521515,0.10459603942435988,-0.013518513189645072,0.30915723443702564,0.22656980065785612,-0.1082357299147918,0.14862280593846858,0.052009267381004955,0.22326526823327125,0.23635841748600214,0.7030861953812533,0.22257721663231295,0.39882438361324946,0.3100785204557271,-0.03565536127988709,-0.2775455549349935,0.3226136323012905,-0.3078562061820525,-0.06015309179418654,0.04471807688804802,0.19430810325305414,-0.38213587120423703,0.006282227653229742,-0.1448388859228837,-0.2614008307650401,-0.25706319961089713,-0.21722283175684054,0.05883644556953163,0.17423862296480244,0.009855414023716895,0.15255035269785958,-0.04357647834683498,-0.3317361093036288,-0.23311930077411905,-0.2954681949851491,-0.26246474980528584
0.034987955926310994,0.14283156973787783,0.09121997048839095,0.2391935326952587,0.027609532748513778,-0.033734555836307946,0.3077196940375368,0.5731949746386008,0.19017839850551846,-0.30041993562313424,-0.3704205117416312,-0.4782113004091751,-0.29992298694637604,-0.017776599653625897,-0.010061531297304537,0.35390415142309745,0.002412740529565877,0.9999999999999998,0.4138716723716134,0.40124566003529205,0.3566125431350495,0.5266402401744532,0.4951084282041417,-0.231553246561062,-0.34401494893075335,-0.3721492709757582,-0.03059028916499322,-0.18565905988776574,0.4134408419845691,-0.1992580542977112,-0.05467857372456424,0.0368446789568538,0.160774333999816,0.5730599762253512,0.20141967216332998,0.16812101122737538,0.08233532427193892,-0.019559575103965755,0.09002335779073715,-0.05466014478184001,0.1856668766101734,-0.2484923087618076,0.05113711373484104,-0.15212156969423868,0.08778821422850715,-0.013277872675035302,0.14270635072264032,0.20934143982776438,0.11178372686636896,0.046490087630981766,-0.08158776951492602,0.07142598097874862,0.3593478310086038,0.12806857739850047,-0.013720888852583846,0.056963112006957195,0.48187931742008044,0.2170113574537364,-0.3177567927301147,-0.3245676497257161,-0.44316431053663324,-0.17424881501916337,-0.007169374011020876,0.10465134235105036,0.07141677361769715,0.023388968508463042,0.2207956300214567,0.4298514982617288,0.5169053497715954,0.7153726396750225,0.37569096783455486,0.3072043725798739,0.3622132610327058,-0.03548698319727219,-0.15776317651503977,-0.44689445980230696,0.15983366796868137,-0.35057864673537836,-0.18568846000656775,0.012890765843054222,-0.22381478331993102,0.06737172556039539,-0.17612468689892943,0.3023391045326168,0.06335586957281464,0.22041409225212336,0.0024844970985441928,-0.22424267432335654,0.37979515991533175,0.011923660222136695,0.1111975004158923,-0.23996019191653192,-0.15153839766359506,-0.027040087920415547,-0.10206733234642305,-0.23359022028759877,-0.04595645179274152,0.20897835626502206,0.030796975429712565,0.10812098814908752
-0.250377333441237,-0.24371238279073745,-0.13799906427485262,-0.20133008751042297,-0.264440667641431,-0.195886924983359,0.108976062939661,0.016908457754072584,-0.04466004384531721,0.11485018048518597,-0.1263412010065854,-0.028311570044020264,0.05332122112183012,0.262073577007544,0.08480614069954504,0.3462113418375796,0.48408256638156505,0.4138716723716134,1.0000000000000002,-0.02412433538890697,0.2262367926172052,0.5860317579210673,0.5967113136031025,0.19256657266447744,-0.10777857083618113,-0.07653862287237795,0.09430731756582313,0.005168297255085326,0.20564560632308218,0.08129356916530724,0.012800736964122721,0.017902038283599982,0.22729119839241557,0.6066352567752148,0.43986228603748534,-0.01811244098441316,0.0896120422301278,0.03990856341521554,0.19436149444124368,0.11215311180864376,0.037983307048736106,-0.12950356903444443,0.19899897478797202,-0.29283283916479846,-0.030310424066921,-0.13976675980176545,0.04160007271997981,0.11253419966280315,-0.20924697346419324,-0.19372600870730694,0.023605648158239494,-0.32235146817315946,0.23213927713517024,-0.29310943129572736,-0.30836766902389895,-0.10163997429409707,-0.07247027181219025,-0.108146828435795,0.041109765633946915,-0.008396857785715568,-0.06974235630475994,0.15448267991941178,0.15793025551955683,0.29065563158027286,0.21891284516288248,0.020741473481224265,-0.024629974082019973,0.5861586602382259,0.5535234446850776,0.2354413429982656,0.11413721332429577,0.3425282130294422,0.4423306909640299,0.09205306512444998,0.1734770714418211,-0.08498746029525286,0.2004849015830476,-0.06434076228297403,-0.10372056173506086,-0.04257290174709936,0.0820433830401674,-0.03615699351291374,0.01733657457317016,0.30048801738745723,0.20096207873487842,-0.023762486181945222,0.05343955636624506,-0.10559018880525937,-0.038436973871091296,-0.14934204492436184,0.013391856821506903,0.03847040897745898,0.07655186089166323,0.036490974754182615,-0.04602931142473115,-0.2754197396412475,-0.18533112553360828,0.09030283680983581,-0.18088491705699,-0.1678359008326102
