0,1,2,3,4,5,6,7,8,9,10,11,12,13,14,15,16,17,18,19,20,21,22,23,24,25,26,27,28,29,30,31,32,33,34,35,36,37,38,39,40,41,42,43,44,45,46,47,48,49,50,51,52,53,54,55,56,57,58,59,60,61,62,63,64,65,66,67,68,69,70,71,72,73,74,75,76,77,78,79,80,81,82,83,84,85,86,87,88,89,90,91,92,93,94,95,96,97,98,99
0.9999999999999997,0.06258927426390722,0.14712820091494144,0.10544283414931556,0.07136618529357239,0.2326136614683478,0.32527830775987204,0.2760540521298992,0.20057331605051767,0.21498431212319724,0.3277918755327094,0.04964616139424904,0.21542510469245105,0.1376670371239777,0.1252881777755231,0.3076969415187015,0.05882188210896075,0.4923126056146107,0.2000328243605121,0.31832364336526714,0.161702768335837,0.30049277284212184,0.3025372469406942,0.09743922582451342,0.22709349342305002,0.14592213257664197,0.12103030060838663,0.1450104440924832,0.19472939910523965,0.060985060481560285,0.05927448247831816,0.3362131337840122,0.2561264015488074,0.4447956523382782,0.32438692751824905,0.21933991611347115,0.11331819810184492,0.27685482532086414,-0.09575141311957418,0.05898924031148098,0.3294152755856611,0.1475892435137872,0.10282219421327794,-0.061258255136244395,0.03461698852654191,-0.07348973202221917,0.09663476266793118,0.22601917233603325,0.23422920335256545,0.053553965423664654,0.6218748367233385,0.12083414061005071,0.22160185321731513,-0.20067786475381172,0.13396687735569426,0.24691493008680934,0.28356956162031405,0.19837346134842562,0.20581722469892438,0.275701110722754,0.1692504175633333,0.17437120194511782,-0.04765839829751717,0.007099738348613367,0.18441129277155957,0.18984810772879016,0.4088137044494153,0.3269923872350904,0.41214287867058086,0.42248808776099295,0.30997092644713303,0.3972292394252958,0.3760819239141927,0.17591870229986525,0.17835179767531695,0.28575123634318045,0.15654233278185078,0.01978108844498002,0.10317814812493373,0.37738284360337904,0.2666401586448326,0.18983763167717158,0.10316732349522811,0.18991424968783788,0.04801012609553008,0.18525844019941232,0.10794668476185698,0.1442421171034726,0.30714382558765213,0.27910066651052845,0.08046809725366356,0.23205697530329028,-0.00789134535912428,0.2623954261900302,0.09099283353119846,0.05809183640190175,0.053146872006867234,0.27265427670863707,0.27034509711141314,0.042059439403630564
0.06258927426390722,1.0,0.7861703426192387,0.7580922189702942,0.8191629736838749,0.6837241810996495,0.5496294120908455,0.8373556124879603,0.8120509557181486,0.04070676760314293,0.053986742961797424,-0.010847118001005898,0.04618065614458867,-0.13766823013082585,-0.03530201010436945,0.5363526965998208,0.037301792466912446,0.5044538736388701,-0.019451514478967362,0.5238649225941263,-0.010905564645061766,0.11321154409839553,0.25648265944461296,-0.016510606605650322,0.16750957152641885,0.21568610939497698,-0.04687035638616764,0.2843894477262616,0.20364129748731744,0.3042070131578907,0.1312403342527909,-0.01559489044995231,-0.23427054305757763,0.23179733048683013,0.22552637335380185,0.44232766493868975,0.02052440550019867,0.11771383685886123,-0.12333157678864737,0.13391547761822414,0.01016681920880296,0.12204641812062884,0.05932975987833558,-0.10771720338056351,0.11202176341300842,-0.048559137557981115,0.10036188905294577,-0.0024180069605412857,0.06140811705605531,-0.06263575482471868,0.12570302059576988,0.8599200445424158,0.6733207110738807,0.6252480874333889,0.7836860261941268,0.6759692563571047,0.8085423883899537,0.8309578744545538,-0.0943896231586706,-0.09439008965335816,0.011932020772478591,-0.05057727707521273,-0.05717633037313147,-0.31613442671876135,0.017875416520778484,-0.03229653331453304,0.20068436956226307,0.36015740881280267,0.18681148104795706,0.5664570388925912,0.19053559802991074,0.5294851474246044,0.2097565695793985,0.1752874456855719,-0.034673432487988556,0.22575898308767947,0.051091909512779234,0.33656295085367427,0.10556226496566885,-0.009431075898404591,-0.16924598604939653,-0.16025046603988094,-0.02761170580104467,-0.009504563470243492,-0.1818186803744763,0.33128138473710067,0.02912671566382077,0.002419650694477716,0.43562061581527384,0.22491519015927025,-0.14340483288291592,0.0007692062617091152,-0.02220188434757936,0.01964029111295197,0.13779595449640195,-0.15502208301195938,-0.04288826353850759,-0.21340411609171278,0.3900365076422829,-0.15822851941799992
0.14712820091494144,0.7861703426192387,1.0000000000000004,0.4632123925827567,0.7089376637945619,0.774067885208173,0.4530599899776016,0.7385941614322452,0.8344799606135463,0.16576941124280928,0.06595967348408907,0.04361625449366199,0.062775277946683,0.02379746366092144,0.10109545152587641,0.5644878911201128,0.11368215665824961,0.5590178435925911,0.1402527676901553,0.6251692129759066,0.11891830366978297,0.1255870148450707,0.24581854188845786,0.08731385072952426,0.32244431167238063,0.09473648120992582,-0.11436953800246522,0.24103859210141815,0.29157514075173513,0.27300907665910007,0.10308557026819268,0.03534780896553341,-0.10978561588904809,0.2960420360313965,0.2291457436619555,0.42375468193552146,0.0674530289105555,0.2565499096387637,0.007665051614011223,0.2672785882355311,0.0978954961223327,0.15561662675662022,0.06713132729965915,0.01882486953637504,0.05886250863791534,-0.0295425200630928,0.0344140129179466,-0.02093169473980327,0.09825615843593513,-0.002556275346848334,0.252691947004747,0.8662668339724686,0.5439885019252494,0.38177741109612395,0.8551525358100243,0.7597608168631707,0.7012598121186817,0.8215281562283193,0.015419479863869018,-0.0958125980075871,0.01629394062032317,-0.014295544229177413,0.001316794649848259,-0.1467144383399854,0.14468031718000093,0.03925131135399497,0.23969107766980452,0.3630156442638209,0.23060667805913104,0.5705885454275765,0.3445490629670501,0.428659322556991,0.2398253622791765,0.10375110699924228,-0.018330678686958077,0.159544743880994,0.09428470863142234,0.286735388716283,0.218890325133882,0.02928593112623675,-0.14012818980173058,-0.1594305288482041,-0.04840760884592167,-0.051862567300085295,-0.2953998030544658,0.2039931300719092,0.038145732539120014,-0.055812620250221795,0.49700887642143304,0.2004448885344395,-0.10602517661474987,0.021514018616284332,0.05915341642081526,0.08997127111244045,0.09255865838613637,-0.031524307463804975,-0.008535472273734022,-0.2046361405708566,0.4114202679210272,-0.09187673288418054
0.10544283414931556,0.7580922189702942,0.4632123925827567,1.0,0.7144018257569484,0.4286764352372086,0.4699612883162906,0.7006636117510296,0.5062687255471713,0.18646584995328025,0.2929492318681167,0.23551128404779859,0.18509688579512834,-0.02804762105270971,0.09554604127975014,0.30079532021841227,-0.06539446256108278,0.35379894722152205,-0.007061056693456757,0.22698724014200575,0.026997375054319053,0.15311952307192758,0.2782213443950783,-0.06192467663796659,0.2161525255471066,0.4371115805041964,0.028696714683562753,0.3740010831545002,0.18843832082571912,0.39276078060943986,-0.011785876272651237,0.06088477487517817,-0.2341176917338519,0.09648408026621237,0.19689915372640032,0.25135003724363586,0.07096119303279318,0.08075687857029254,-0.05230025524517382,0.04981438136346033,-0.10537636069826779,0.22345451783441614,0.14708353873875776,-0.12010202844656298,-0.013474957799137169,0.049521767283446934,0.03205188551829786,0.0022801435946913223,0.064487785239968,-0.005280251831427488,0.10671766277345142,0.6150680139673198,0.5738695682257136,0.6651898483296841,0.5429006277620028,0.3852331714104117,0.7001450892592636,0.5989459952451704,0.11728480409364336,0.1091245229729731,0.2390679524102718,0.12018436748878335,0.01631885266981523,-0.20412047738323144,0.044933652302181236,0.12250886971412543,0.2943913163970071,0.28266812957850723,0.13911180962766723,0.40578492578179504,0.1716288443496485,0.5316255415985277,0.2211372724441696,0.33675870325936114,0.08026334778358311,0.4180258501404295,0.05627611678445846,0.42204899665209494,0.03826036441986582,0.04749181094893257,-0.07612136077452245,-0.07332949019668637,-0.04796971570151207,0.07550381137156623,-0.018694547430628403,0.2721266378818065,0.11858049687341489,0.17719615718375573,0.2812768332398483,0.1756431243553062,-0.06767018345713668,-0.023513818524872374,0.08181239473831768,0.05802098453738886,0.23128856628830602,-0.09953695914277073,0.09377378618024663,-0.16114938701429682,0.24958344953980408,-0.09122348789124236
0.07136618529357239,0.8191629736838749,0.7089376637945619,0.7144018257569484,0.9999999999999997,0.6222303878286694,0.3548223726760227,0.6478859819882014,0.7323231010719077,-0.10191287660954478,-0.0663619778634867,0.006490005068125265,-0.1538176570058944,-0.18649390909552052,-0.19283865287735683,0.4392556752646018,-0.013713043498386946,0.41810548974922146,0.027730111166770308,0.48564582843495885,-0.06334257945280754,0.11583346590907365,0.1643950979341821,-0.06189702115656609,0.1097391196756626,0.17125485828065215,-0.15825632875352114,0.2531274475368412,0.199723713626488,0.20235782864145918,0.05653499434641533,-0.0662798486885534,-0.14755145817753446,0.217565204293434,0.2207275089683663,0.49495494548902363,0.16686630706130595,0.10023815579427167,-0.1731406019341543,0.06158745657924753,0.028685038814698235,0.15694338971258098,0.06393673222931538,-0.039147173279399726,0.1639031710112895,-0.16370719559313018,0.02202455584606879,-0.05094918836846594,0.09260535855768928,-0.11328542421218239,0.12483660577813925,0.6920351892173884,0.5040662571643131,0.5548963953062517,0.7837580371651685,0.5596469812102753,0.6182120501542652,0.7031635925313042,-0.18630424170158139,-0.2085623504272877,-0.0161294004887099,-0.21266476169818097,-0.14968528076825283,-0.33428733150255596,0.05874978655541398,-0.2129252479609289,0.19789794097413826,0.22775570377951304,0.25447629786489673,0.4968090958362718,0.1262780169857835,0.45837996139326337,0.12411929918963126,0.07505161975267247,-0.048220501216386866,0.21808465785152076,0.17709467266066664,0.2255021445536959,0.07986230055395914,-0.047274493672561126,-0.07948525610621092,0.01100430506198341,0.027933664839903945,0.06168426713992029,-0.15743889227101926,0.2999929752208241,0.1699640553565689,0.11119096335722035,0.38152306912583556,0.3293467191590695,-0.13972012463506325,-0.09236927464796738,-0.11658764762719163,0.030848485015048204,0.18870122212504895,-0.06982220874128056,-0.0776586827556604,-0.15355919958776706,0.43483689261500597,-0.19178945591916655
0.2326136614683478,0.6837241810996495,0.774067885208173,0.4286764352372086,0.6222303878286694,1.0000000000000004,0.4739163867127,0.7301865871973329,0.8277467270296373,0.31263552133848627,0.26609934375882566,0.2862715793652088,0.27348237581479407,0.1443552806186615,0.26332851766741916,0.34529198980589204,0.18148321140197843,0.45901465913475215,0.24454000464207984,0.5460666195940423,0.1980323272849381,0.20304038004804398,0.3125506466563466,0.1297183430767864,0.32377552082163724,0.33760864709335303,-0.0612450776614141,0.34593853995873775,0.39254349477468187,0.36347040977270306,0.13436212147555554,0.21437606753952698,-0.10229262447631794,0.22013657210718432,0.31113637694642754,0.3872353700862818,0.09821464615738495,0.4318121910496758,0.1442082703116213,0.3902160901121416,0.09506910445458132,0.319002353725203,0.19856061405453826,0.059103850025706,0.08019831060007429,0.04797016701515988,0.008576362634921644,0.03781569690390795,0.2869307450407642,0.16841130933191276,0.338715049609129,0.7013404698456184,0.39680747736618727,0.23376372266468512,0.8973012319708459,0.8953988587361589,0.6568703719171558,0.8482118052848638,0.21760821117580592,0.20626322933128946,0.21906472277331374,0.22517893626139027,0.13414247545653193,0.004013397160364541,0.2923859657385665,0.21063794007572123,0.2657903758759275,0.3553946051581916,0.10319715134642891,0.40369467908606854,0.4011148788660412,0.4448307066553188,0.2695046086668734,0.32725811608858707,0.09078428161520834,0.2715665305585848,0.2529719992954482,0.29849255730523794,0.17156762438637463,0.23028842270042907,-0.045164869819574925,-0.13343297195141995,-0.012363575935254426,-0.0016836294787804624,-0.2616341935425286,0.1770584911390272,0.17985523353785784,0.02829012027766753,0.48771276390953144,0.15708561025697218,0.0739920858172243,0.1928439216432887,0.2556382723680071,0.21665711828001447,0.17325151107989128,0.027469068683462626,-0.0031478268452909564,-0.1405229906181113,0.5267418042729942,0.09093405270247004
0.32527830775987204,0.5496294120908455,0.4530599899776016,0.4699612883162906,0.3548223726760227,0.4739163867127,1.0000000000000004,0.6416901021576987,0.4861821962392773,0.29217995166118893,0.3462728793038288,0.1954314732784463,0.367065224643275,0.18758159622496567,0.23177482400302674,0.6464315786501057,0.5333396777069642,0.6185151708413559,0.27792705199501216,0.5709852792804228,0.31957856077592495,0.19886151448338948,0.6595730393971616,0.487504762038082,0.19824361429051243,0.32559807227391757,-0.0377332533756337,0.26019005121337835,0.35266126580125845,0.47491490370243367,-0.03863138505695206,0.11897364062067446,-0.3343251821195699,0.3798746067829661,0.447954632705131,0.27252702526936945,-0.1518431387373724,-0.06968087704736071,-0.10990190023922143,0.3668004603828527,0.11189572693280159,0.024472009741973808,0.006297429626436034,-0.3472709409183317,-0.005876683522462859,-0.18091776007579208,0.20099813141025483,0.00553592707396867,-0.13413468075487583,-0.210052702451921,0.39976733602608905,0.5010550748130246,0.7177520052182305,0.381097920205077,0.40363877775928503,0.47721385412849104,0.564965664669631,0.5507285470472051,0.31694187649799316,0.25771323971838445,0.35438060718786757,0.2998819557973035,0.22113755082035186,-0.008103697809593956,0.2366569646234258,0.2861075632059331,0.2641601000277913,0.6736602389743697,0.2533631904792816,0.47314534235986716,0.5349707944465854,0.49233139556161604,0.6207856370202025,0.28928225534388624,0.36478570154702583,0.40835197217207764,-0.07667254099096965,0.5008955941153312,-0.23723706986606843,0.23423336187496685,0.20199891659796337,-0.34035836283810517,-0.15189484120051905,0.0832733344943727,-0.17180738231180792,0.3171330953480107,-0.0940738047828759,-0.09388070165547836,0.3054650896136801,0.23837055629365358,-0.1966475011352042,0.24027041820493097,0.13370717748270125,0.1228852118428884,-0.010750524204549411,-0.4206656035543695,-0.16600957142311112,-0.35252298532372944,0.11315172969925166,-0.2684953322835961
0.2760540521298992,0.8373556124879603,0.7385941614322452,0.7006636117510296,0.6478859819882014,0.7301865871973329,0.6416901021576987,0.9999999999999989,0.8134331506931868,0.2278408657350632,0.2628574759356427,0.14067841686676205,0.26272491836271833,-0.0290979468765509,0.11959730505175915,0.5007020215064719,0.04139573090164313,0.6207362602451015,0.004748156839674224,0.5052951483098079,-0.006310363213458413,0.24419595390659796,0.3742521600730405,0.014845151009327373,0.31096168092564214,0.35765481745087185,-0.11378563034360499,0.34784860410980173,0.2982668920193914,0.32867699534783096,0.05126076549429946,0.2344493384028013,-0.23511866093622363,0.28080387417682673,0.29465208801980597,0.3392365999446325,0.02753261061414962,0.2885977552387845,-0.02314622453200559,0.28213590932284904,0.041042006497369804,0.19305342363163525,0.14608770112391922,-0.15823842603706037,-0.034178916024637414,0.002941735061916488,0.05645551859226383,0.05824679412928221,0.07259594244561304,0.0012790761197761394,0.3517759284431108,0.7949424753956124,0.6257355178744202,0.46008835222108324,0.7765116306710798,0.7091274723967124,0.9241610814000148,0.903901239666192,0.09857042863720773,0.07219827816091275,0.07914212224244649,0.1646020785648314,-0.018432879008497258,-0.25320253868876264,0.0191612896389599,0.128689945131169,0.3276417672986976,0.37984081363805067,0.19049666184905623,0.6046744588236775,0.27839651019533423,0.5684622707683166,0.270137415938331,0.3032305885347955,0.034914037913568646,0.3164957677302196,0.03776858829965457,0.36301517617086837,0.097847671785611,0.26317416466470367,-0.0817022150429427,-0.19534359179330135,-0.023038467267281565,0.03705642620495923,-0.23805588435297112,0.25178916582622834,0.08701907422366217,0.0012764455344849504,0.46939588992108405,0.17272472569263364,-0.03357808226923681,0.13332168912900957,0.0947354181107213,0.14325238187670342,0.1724470398035972,-0.18540779208810543,0.028030160883068877,-0.21374268201643057,0.2951598096295562,-0.13158350236800362
0.20057331605051767,0.8120509557181486,0.8344799606135463,0.5062687255471713,0.7323231010719077,0.8277467270296373,0.4861821962392773,0.8134331506931868,1.0,0.07670193845758676,0.06736192800260435,-0.011732727231828315,0.08799529941560913,-0.05722762011649241,0.01052670114548554,0.4874711158561116,0.05636889014784422,0.5720976864196597,0.009243052466617723,0.6753030364144011,0.04693864175262102,0.08050272509947709,0.2473287271246565,0.024398133612576957,0.19184625844106942,0.10937837092177657,-0.04354222204953299,0.20444313703324107,0.27396410383235964,0.187043703317054,0.11250798000247969,0.11209852891436804,-0.15336937670508072,0.26263851171143177,0.2193323851385791,0.5639658399059718,0.0883305419526007,0.2288408470832954,-0.04867538918244835,0.19958418856800875,0.137631560735944,0.16574297081352896,0.03059741804379112,0.012146402403089675,0.09553566342988307,-0.04464415781105199,0.09168965728623309,0.03612650112624782,0.19717216844198726,0.06327399535607506,0.24054376725253365,0.7603674185475922,0.485403177644057,0.3768416891851659,0.8593065425210473,0.8151225355540137,0.719749860607949,0.9131981607011093,-0.04691376968764806,-0.10026439477984447,-0.04425930276511814,0.008235108432896784,-0.029040634639149722,-0.23351735819139724,0.07148064222689911,-0.007238754992550846,0.23817346792511593,0.2874636134051796,0.1315888134571216,0.5663276439129823,0.2610073457895523,0.37557916487568915,0.18133592497863077,0.1462419763344449,-0.07708071774965496,0.08828621385907978,0.15550737711031648,0.17689037516182654,0.11503099770878182,0.1613944606292789,-0.19442468911387534,-0.1171398439535462,0.007960938648267359,-0.06773741116676042,-0.2352455631804744,0.24708135125516698,0.07499605751073217,-0.10339022760997828,0.5934789110273371,0.16564561940519995,-0.03846469473836829,0.13070457838752195,0.06221201346873837,0.08669725675012091,0.032981677622519315,-0.01158300440237516,-0.059213011064383765,-0.13144077805050605,0.5432136189023714,0.01064557697782332
0.21498431212319724,0.04070676760314293,0.16576941124280928,0.18646584995328025,-0.10191287660954478,0.31263552133848627,0.29217995166118893,0.2278408657350632,0.07670193845758676,1.0000000000000007,0.7573878447140396,0.5677066866308057,0.7722048944161477,0.6347334961798419,0.7296388775764088,-0.073669681106199,0.2787952120686067,0.1044791867843372,0.28841819351124265,-0.016690174418386942,0.2912227083146188,0.07928033908787573,0.3618698642106328,0.41338612306312433,0.6662503392159106,0.47853320873949273,0.06471261105369873,0.4091904085350132,0.4658634487828132,0.5098283326612408,-0.054188136119560575,0.43850516029152614,-0.01685009593814641,0.12907228376404153,0.2189159573739018,-0.011453211147805242,0.2532105977691974,0.40525018299829835,0.4808539837474606,0.502978558660928,0.07152324789621063,0.35176903473555254,0.2523456135847124,-0.07966851006514232,-0.1488747538983654,0.1474123485450376,0.10984767310106405,0.09094889237389696,-0.023781485628080978,0.22512181411891236,0.31648618710818605,0.1822425697908568,0.1779193102642386,-0.0090256074011446,0.1589854356577704,0.3671867387775955,0.23591660981732837,0.26594160127964434,0.8664570862594825,0.6507476344002829,0.6224763294812143,0.8065034544192999,0.5266363916132092,0.47515528491646497,0.4654155045458097,0.7171891706252663,0.32697035957637627,0.35789424182554297,0.17699878869888783,0.031706603304481586,0.36448890472719686,0.297437589271847,0.46452749728844833,0.5637234952792153,0.45392936354176505,0.6182602944701445,0.22429753355522677,0.5249007022236591,0.26725093242538345,0.46004951559834356,0.31416038389440615,0.024285940297373323,-0.0034516124653541764,0.26869069628253023,0.13123929561622164,0.12544702509137515,0.24629473302373692,0.2877988106322551,0.16727948308327298,0.1377784013924881,0.45157921493081055,0.4234097266734943,0.7450072160827385,0.2538929126331608,0.1633063421356905,-0.060803758240443956,0.32779036221044816,0.0072550271412740765,-0.06280213972084323,0.1485670410176448
0.3277918755327094,0.053986742961797424,0.06595967348408907,0.2929492318681167,-0.0663619778634867,0.26609934375882566,0.3462728793038288,0.2628574759356427,0.06736192800260435,0.7573878447140396,0.9999999999999998,0.6516181243612201,0.7002363693807958,0.5833043628477524,0.6229460088104546,-0.14315775382599807,0.28089686496526234,0.05607471611505691,0.3282233402020113,0.006276812432948473,0.3301607389269279,0.027656028453306045,0.43755011267856153,0.46061366152063027,0.4417779480192268,0.5894333273205218,0.12549615551426535,0.5251455047111925,0.4481674699877134,0.5828970133691443,-0.023185677347110162,0.4057997638566219,-0.13792650246666516,0.0457697619925923,0.20397030456062712,-0.04771447745614352,0.14322579275643826,0.23765142095769903,0.32655729868530964,0.3888903859816054,0.019950005827900977,0.37718221525177686,0.16489255599497066,-0.07085885631787806,-0.11865564218829361,0.17869270201494497,0.09475709582748697,0.005277524560770782,-0.03602571299701707,0.1282730609281199,0.3505973092646349,0.10534452393448743,0.1301236048211261,-0.019774925921535864,0.12980880614432572,0.28323563365196214,0.2169825126389366,0.2230833731584159,0.7911090461043188,0.7508480715402117,0.7468938068487491,0.7146932222121039,0.532366941352117,0.4345023283607759,0.3609046405627662,0.6677765317854182,0.27249570109331517,0.26968547013311617,-0.0028988028463172414,-0.041415433806499355,0.4429165700067206,0.25856657281813,0.437586128571333,0.6424212740824468,0.5902786792410217,0.6706967231835853,0.22865064747405306,0.6039532444838792,0.11825447582061989,0.4595575343104442,0.2971936994276797,-0.041661005749219944,-0.06978440740189037,0.1790268555294588,0.19603316106780708,0.21253138892355264,0.12052419275643486,0.3427735767314474,0.14102840324077479,0.19043624014492072,0.27980881195074886,0.44148782700033185,0.5970453516045536,0.26352835519830015,0.1533317635325861,-0.0642260881318774,0.28044236249043913,-0.07283763039285535,-0.1173525405061377,0.07850995328818254
0.04964616139424904,-0.010847118001005898,0.04361625449366199,0.23551128404779859,0.006490005068125265,0.2862715793652088,0.1954314732784463,0.14067841686676205,-0.011732727231828315,0.5677066866308057,0.6516181243612201,0.9999999999999999,0.5573246230690515,0.548028163820599,0.5456783050049056,-0.22640384115656842,0.36513974922346315,-0.06378416207779031,0.370300289586525,-0.08729810839829832,0.43326987244697374,0.09542979832845135,0.4061314613753206,0.4357358269356283,0.31515106365990947,0.6409009066829192,-0.1301134032873856,0.3763014332067294,0.2074965546570604,0.5452901352383485,0.056246338874902845,0.30956752997450193,-0.2235011874604654,-0.11094641119258052,0.17427211146971539,-0.15450353772764305,-0.01774091054952301,0.18638557912590023,0.23911782284810718,0.2418877921730133,-0.23290556762822173,0.3317859311544895,0.17384780216622203,-0.20486411806886026,-0.17590154319938336,-0.017551458135040592,-0.17747709417827046,-0.10322946342128113,-0.07787494037223139,-0.003774382294055085,0.19265732597545288,0.10109501776796594,0.053931906768964505,-0.023189956756316403,0.20246269641269787,0.27157920162008364,0.059491340203510205,0.12560630064620054,0.7019949792684903,0.713317452140636,0.765225965946398,0.5981803465469969,0.5900002864894615,0.5240795343368617,0.4764160271498903,0.5591866833585799,0.1332470094613704,0.23501180876282907,-0.12295910944340199,-0.14605300842293453,0.43805814212725974,0.2878489146307683,0.34885531465090924,0.4159689853389134,0.5911606163261178,0.5705036226248257,0.1763357799603627,0.5070043974706651,-0.02655443748243621,0.2654926545758314,0.29092167222991705,-0.20137497828498285,-0.025668375353023343,0.1451932136492243,0.0021657254274125644,-0.07658329389428346,0.03629282696275025,0.14534230867315467,0.008699806704330777,0.07695432941905611,0.06663957037208362,0.17943460572961625,0.4617579010864216,0.17969572429999492,0.2788805437723848,-0.16592403312318574,0.04115141686160059,-0.21422873145056523,-0.0451578015463923,-0.006333408119930695
0.21542510469245105,0.04618065614458867,0.062775277946683,0.18509688579512834,-0.1538176570058944,0.27348237581479407,0.367065224643275,0.26272491836271833,0.08799529941560913,0.7722048944161477,0.7002363693807958,0.5573246230690515,1.0,0.6330743631320621,0.811084837229251,-0.10295805338236041,0.3163642401785266,0.16075736886741995,0.2851669998330809,-0.021342224001563773,0.347407383129929,0.14314599417914767,0.4685595036994493,0.4328777713357066,0.5097156124923642,0.5136623083700094,0.18531725457587392,0.45384164097424395,0.36574090198945725,0.5364313053665162,-0.013786498992255775,0.40986046332442166,-0.19742569579448804,0.13734765897874787,0.321047959054927,-0.052763010918537315,0.19534376318161517,0.2662392064729377,0.4212618593302512,0.4564544652929633,0.05169806810101453,0.26091649638500203,0.21046191692290844,-0.14717442484127105,-0.1222955796069362,0.20010620748323996,0.13730596500201164,0.16181103617436138,-0.011288460567619537,0.24450355541691152,0.37188256812569076,0.09387844418361342,0.13505950910818373,0.0252912349501097,0.12423803959696716,0.32428500813076266,0.25261880591796393,0.27759128219275736,0.7522311474711103,0.6217348257023086,0.5577954367792631,0.929081103557385,0.5863954027978501,0.4484583232614041,0.44088284090265367,0.8148707107990356,0.2752277243579939,0.3647179426612133,0.12549032170145935,0.03487811376074607,0.4169360139747803,0.3398814573957478,0.4856168694352379,0.5503229943998842,0.3865580999617607,0.5204280033676453,0.1966065376948402,0.553872773013719,0.07316896689474005,0.5176928838060783,0.3317526522789329,-0.03851234278126817,0.03445299865830149,0.335508236580359,0.16283660944411907,0.1788198433148235,0.1776391533808541,0.24420324780810082,0.15198142884956248,0.10913358359116117,0.3591910197955369,0.5061299136756103,0.693306997498213,0.28566511291628444,0.15207384902368795,-0.14180347102498753,0.2589677025102038,-0.009505330575233773,-0.12106960801342893,0.1963712352936246
0.1376670371239777,-0.13766823013082585,0.02379746366092144,-0.02804762105270971,-0.18649390909552052,0.1443552806186615,0.18758159622496567,-0.0290979468765509,-0.05722762011649241,0.6347334961798419,0.5833043628477524,0.548028163820599,0.6330743631320621,0.9999999999999998,0.7891763902776961,-0.19091327441735712,0.4057101519586432,-0.043680751124990744,0.5354686719509082,0.00866677937511676,0.6197842458269239,0.014254763313166503,0.45241722213052116,0.5047963669395594,0.40900799333609583,0.4000375527835468,0.12315658853492896,0.39595255752433867,0.37035916339315167,0.47822561245011314,0.1310231823650551,0.27545309921757355,-0.1280225250496918,-0.006158003943073039,0.16732449725510798,-0.0823700501446779,0.1719245857375088,0.19616287185561238,0.3456593563961153,0.29262677301208356,-0.038906705977114174,0.19923604492065558,0.13611073051430053,-0.1093443641705538,0.02253414264763979,0.0302652164570988,-0.04134667056842992,-0.025045010196551587,-0.12072310884019848,0.1021822857107908,0.3110156293919733,-0.004681162027520241,0.05929270310484414,-0.12684360393869834,-0.0063796390618133265,0.19908889911897457,-0.06923075299377081,0.054767793897495004,0.6702320650963484,0.6219907428195889,0.5809807577575442,0.6817530820065235,0.8121684348533126,0.8263627926975848,0.6897151528457082,0.773372366173018,0.24797162268115908,0.37151527426700687,0.07609772653334991,-0.15384600335682214,0.5738059390078479,0.22567271547535933,0.421451504591349,0.4618553899046821,0.44229285556700365,0.4595541031395394,0.2289706637473423,0.5340389511287885,0.16123014123169518,0.337083731583242,0.3015342031377688,-0.0518316474796362,-0.03600233913980306,0.14869554173563668,0.10553421485516802,0.09735840125812298,0.10255788135059758,0.0909369036828981,0.028878897605231633,0.20800740478336993,0.237520856426231,0.41491215555763244,0.57371554876347,0.22383987773090241,0.05593326493663591,-0.12826998031706452,0.15382713872853523,-0.08032626803218866,-0.09548240583644244,0.09752658228032143
0.1252881777755231,-0.03530201010436945,0.10109545152587641,0.09554604127975014,-0.19283865287735683,0.26332851766741916,0.23177482400302674,0.11959730505175915,0.01052670114548554,0.7296388775764088,0.6229460088104546,0.5456783050049056,0.811084837229251,0.7891763902776961,0.9999999999999999,-0.11798408912443016,0.26413837049393324,0.052756539571272014,0.40189631838287904,0.02391199379895322,0.5607046663062492,0.10652259678451344,0.3561503347111447,0.40950714893406454,0.47254022531216056,0.44828209872079844,0.17138318806776723,0.36049137350508126,0.39181363787913276,0.4837071394178557,0.04350303810736135,0.3217416523666728,-0.12688688985203955,0.013603659942703655,0.15495857989997902,-0.10337052657943915,0.11380273273260212,0.35322764622788716,0.5071088369264287,0.40014268001502057,-0.020095081556600364,0.2793184589442469,0.24751705967369939,-0.07381308577217864,-0.09672017434520715,0.21361494726159058,-0.01956381212888256,0.008481281747599994,0.022931492293863515,0.28618278324667557,0.32178385771886747,0.1114918652748697,0.09951092004650602,0.02450574409604265,0.0962288971716588,0.2844580693442203,0.13097641228052992,0.19886746957651036,0.7047252929915437,0.6427474481049058,0.5456023539209988,0.8013243139739125,0.6516973863012482,0.6415949261579652,0.5800552368450338,0.9158290214776201,0.29907969830305325,0.31295389679883096,0.05060376750823556,-0.08269592886831767,0.5798949754041162,0.2472825559206593,0.3876197398615004,0.5521619649739468,0.33992919331352667,0.42588484962624545,0.19293322774403038,0.5026984080768395,0.2458908257954035,0.37642378027091533,0.20633878637740666,-0.0962736825257285,0.027826756757872707,0.12369702795051755,0.019998471189635676,0.032369323485084533,0.17886947785949736,0.13140271046300137,0.13471582346326647,0.09390695303690032,0.29304806131557193,0.33689701523655924,0.6485825589724789,0.22487983430150826,0.14230391181763985,-0.08765877481039365,0.2733059067859556,-0.09724590284666437,-0.03298624800634868,0.2790960477503456
0.3076969415187015,0.5363526965998208,0.5644878911201128,0.30079532021841227,0.4392556752646018,0.34529198980589204,0.6464315786501057,0.5007020215064719,0.4874711158561116,-0.073669681106199,-0.14315775382599807,-0.22640384115656842,-0.10295805338236041,-0.19091327441735712,-0.11798408912443016,0.9999999999999994,0.19799487277642533,0.772302317525567,0.09264548056545159,0.710659356512024,0.080445209006448,0.4057712739732548,0.26542932204180514,0.09947108787932521,-0.015883865013233724,-0.08269489457260895,0.0019369150092958037,-0.09319393893939946,0.08082670493938476,0.03232542007571626,-0.006662444736831441,-0.06777731971269872,0.07102889041189765,0.6616329027289004,0.42171875144099413,0.4673403337621829,-0.20405941690033214,0.02774072044021301,-0.19466129778962962,0.31572657747315497,0.3951327490003243,-0.09902871802246643,0.13322984477633024,-0.24421893910138215,0.2092326966604838,-0.16345428672890325,0.3623696267462881,0.12982659656624954,0.0984358254108342,-0.10189401090933957,0.33222310507946773,0.6103234801638657,0.7679285356881166,0.4355520811629252,0.37953399643367114,0.2891321241548153,0.5231113583817827,0.43329785171434243,-0.1339468059477016,-0.18111369236551017,-0.11207128018301647,-0.16572250298336827,-0.30992102689928636,-0.36515259803501193,-0.05337642760689617,-0.1443096474948105,0.30771533012180424,0.4891739098811962,0.4588589463772454,0.6913713106272051,0.2535518850482131,0.4385654257506014,0.26462230146906435,-0.07991790207140498,-0.039251238504362476,-0.012069174599156338,-0.2581832506211933,-0.012349131701870419,0.02425044605755357,-0.04621816030606857,0.04469046317976209,-0.12653287675020086,0.1422682013990353,0.10800195668351038,-0.22080508105826707,0.17400905037400094,-0.1720818162725072,-0.20826145580336441,0.3306446996914995,0.14916708692602665,-0.20863146767412502,-0.0988936868973493,-0.20891108464409797,0.02173218890777018,0.04599450768568465,-0.28440869909879773,-0.16187198058101973,-0.09186625297182836,0.2969829762445895,-0.23929321400449494
0.05882188210896075,0.037301792466912446,0.11368215665824961,-0.06539446256108278,-0.013713043498386946,0.18148321140197843,0.5333396777069642,0.04139573090164313,0.05636889014784422,0.2787952120686067,0.28089686496526234,0.36513974922346315,0.3163642401785266,0.4057101519586432,0.26413837049393324,0.19799487277642533,0.9999999999999997,0.16319549617661422,0.5053496389456336,0.20757166875267716,0.4355954370823615,-0.14351959748267415,0.5160384933073658,0.7912427073537599,0.18932880071012798,0.07953015613252876,-0.24449757482677806,0.16033779350993033,0.16505442827806688,0.3663864644457031,0.0037385654237192386,0.08709546433893198,-0.34265814687187157,0.18560812186326583,0.18896480552686667,0.024425332924928194,-0.15831920852791467,-0.2110344332870811,-0.16035571708393123,0.15028276852583608,-0.08803915203280731,-0.2175089185287961,-0.32869975458810013,-0.3065284580275556,-0.12236153196785006,-0.4431518362531479,-0.01597948172269508,-0.14011544019585456,-0.2782867694349224,-0.31113896697376175,0.25690598480167187,0.03205436861860686,0.23295768938282488,0.08216724909538052,0.06469720238739574,0.2406085463979451,-0.09831458984653925,0.028952035728407613,0.4252525972693098,0.3100069777430887,0.47493428583730335,0.3778742007677337,0.6231765812333196,0.4744159004449157,0.44686547016397865,0.3372021301589319,-0.20019154410559176,0.5916353329561483,0.1771684245820158,-0.010372753565999758,0.4834657203500889,0.08695946971626353,0.6010279833456968,-0.02793350002357015,0.6078529388610331,0.23468833187970592,-0.014309899137638799,0.4593249295776415,-0.2868994361796573,0.13111876317905632,0.363874650064796,-0.3859454859260164,-0.3279993960176038,0.006163290832478629,-0.21280258029645685,0.12323074940085009,-0.18314517283889298,-0.10365696984528298,-0.010606742172733942,0.13663702335562103,-0.19410178241304318,0.3893560983143349,0.17117973685803908,-0.09974133542236342,-0.33471860473343307,-0.3485312512417366,-0.3743886891564662,-0.2992958528026364,-0.07658815367114374,-0.21943355934434794
0.4923126056146107,0.5044538736388701,0.5590178435925911,0.35379894722152205,0.41810548974922146,0.45901465913475215,0.6185151708413559,0.6207362602451015,0.5720976864196597,0.1044791867843372,0.05607471611505691,-0.06378416207779031,0.16075736886741995,-0.043680751124990744,0.052756539571272014,0.772302317525567,0.16319549617661422,1.0000000000000007,0.1597582949568727,0.7265093547379333,0.1801369400272373,0.49307423890484164,0.4069862059205435,0.06113237898037362,0.2087746846664575,0.0774069764653725,0.09629925723389503,0.10454649414655837,0.19427784875091816,0.15238898539470222,0.07758699371457481,0.12158237325654757,0.03836777572689207,0.7965012637056916,0.5634879602946535,0.5633282858892407,-0.05983194225717148,0.21759028067364683,-0.19901271851042962,0.21859584103038474,0.44001669861676584,0.12658103774520899,0.2301748095955408,-0.2183469349131627,0.1898509211261939,-0.13887919424060968,0.30158272721559815,0.37736063244465606,0.19333571624637433,0.05831091923375969,0.4597744958869168,0.6094420586898338,0.6985716620748214,0.28497589957780295,0.4392795526998732,0.4712191994445778,0.6439724207625834,0.5653039451864492,0.016885595459615446,-0.05121912338670638,-0.026793641542579762,0.10682194134123825,-0.21859734714928675,-0.30283770065438304,0.08586095093298482,0.004177251286469044,0.4777913015714248,0.5623758666875743,0.5789277365311295,0.8692198425380352,0.4243917615590447,0.5809716237920107,0.4042866766458883,0.09917399049514057,-0.01836787980535987,0.11093106026279327,-0.06097511213517104,0.08298102711955915,0.12643056804696087,0.22887842116772192,0.1495611051797539,0.06353371565910876,0.3093808077335021,0.25643065769799744,-0.12010743837967156,0.2278177035084688,-0.04674066818536623,-0.027203876165474653,0.5057607600780178,0.1733478995099054,0.034248704926330795,0.024659838578950554,-0.06575181139896794,0.223237968412945,0.15325578810051196,-0.16999290023816677,-0.0527025063815465,0.09834984652822634,0.3701344531245528,-0.12234512228684911
0.2000328243605121,-0.019451514478967362,0.1402527676901553,-0.007061056693456757,0.027730111166770308,0.24454000464207984,0.27792705199501216,0.004748156839674224,0.009243052466617723,0.28841819351124265,0.3282233402020113,0.370300289586525,0.2851669998330809,0.5354686719509082,0.40189631838287904,0.09264548056545159,0.5053496389456336,0.1597582949568727,1.0000000000000007,0.2987524019291587,0.6071537653155846,0.09629309778693197,0.3375975770187483,0.4141122134285941,0.18094137928528053,0.19527514133808924,0.06203931709442363,0.2768773183828508,0.3393772545169467,0.34316289017848245,0.08207616278500895,0.23389741332923672,-0.09592520506718029,0.1854085368790993,0.17109513310081267,0.12239296707172406,0.13045481006165766,0.1636292053791983,0.1571557963293168,0.21922008035277415,0.08184184073927785,0.16186373754775404,-0.04723612952837503,-0.02116723420825103,0.09091038773346129,-0.03737611304632334,0.060087291611498374,-0.03402226541474964,0.07429068547491875,0.059787681365093485,0.41633800498202916,0.08528291872080285,0.14138131163845954,-0.07597971788690332,0.1276435884835145,0.20761114469275618,-0.02239862057773422,0.02786439737475688,0.3673899540579517,0.36266583417966464,0.4246717470474509,0.29653514976627393,0.46004614829100204,0.5210288695030688,0.5755742377946357,0.36281854559482035,0.11226735858181046,0.4159410933455533,0.21889524406244396,0.0814492104806619,0.592460686956565,0.17779717880870866,0.3377734510144277,0.2602776541316445,0.406791647307461,0.28302525172025406,0.1840304651926776,0.3572270842645468,-0.0308781662989119,0.2689050527682287,0.23154401020635537,-0.09075789861632434,-0.05450096505010385,0.00510482249213623,-0.036776326482805766,0.17040418187579345,0.12007448947027129,0.1978740317541449,0.17870697802767754,0.2532761177797273,-0.020102345641365336,0.23883397403754755,0.2508258255984506,0.22460553381659348,-0.015265140584038323,-0.04618358274099894,-0.0013698390214331878,-0.08839381089226218,0.14208479456591175,-0.016870020834810057
