0,1,2,3,4,5,6,7,8,9,10,11,12,13,14,15,16,17,18,19,20,21,22,23,24,25,26,27,28,29,30,31,32,33,34,35,36,37,38,39,40,41,42,43,44,45,46,47,48,49,50,51,52,53,54,55,56,57,58,59,60,61,62,63,64,65,66,67,68,69,70,71,72,73,74,75,76,77,78,79,80,81,82,83,84,85,86,87,88,89,90,91,92,93,94,95,96,97,98,99
0.9999999999999997,0.42317817029998545,0.705248793209627,0.3258597506445651,0.2551483463140188,0.6659613456535156,0.5229762503434046,0.28711084390919533,0.5074340113677589,0.4537519417258653,0.3941909176881122,0.31325983670795365,-0.12100030194364143,-0.10911347376114801,0.04421652909375083,0.4722345016140597,0.08761544720013605,0.175472326808638,-0.10767560191054784,0.14796446206481176,0.11686546787461778,-0.060252789752266105,0.18776733847724286,0.13814199021421386,0.4798066207732951,0.04837965991413098,0.1675035244711396,0.06857994139545853,-0.005605515896164346,0.23789401366052548,-0.07798272866610388,0.04869972851343547,0.33138454528407346,0.19944139028038463,0.018217065810510722,0.32272132006353405,0.15182295539926124,0.17145357219743879,0.5058131369064341,0.5865317598448588,0.2887790243113865,0.11504411918746532,-0.006769367008172437,-0.05357770894370272,-0.011829134344349198,0.2005493277022487,0.18936615776513718,0.1848962488681729,0.711352130112387,0.4493912253245895,0.4691029332350705,0.3840588155709832,0.34134459870562234,0.3681087029409019,0.4337350395074718,0.6325296651314832,0.3207914257551733,0.3668525778513722,0.030808449111644615,0.08923250953581276,-0.12642515802381837,-0.09434990593529917,-0.04372185879266853,0.09347677330578523,0.04612677343261414,0.14524064252343988,0.16830177794470652,0.01090710280327131,0.0754386568151841,0.15400407901657548,0.18595380902071124,-0.1521845764290732,0.21244285057113957,0.0507420914204603,-0.1602001572045509,-0.1462244703166062,0.06840966957515468,0.09695006172420122,0.06806330876052054,0.14236776257574224,-0.1362072487922177,-0.1783640620933748,-0.033603944658788375,-0.21709008814321337,0.1837262432137297,0.06321590810254249,0.07885774980390496,-0.050275510811864314,0.21544384192703056,0.028750968442866075,0.020442198427664107,-0.00840350158350394,0.0839023409595386,-0.1648637209229653,-0.20685226047073252,-0.11981480951675944,0.17850061184119587,0.16766509477981242,0.5469130815466221,0.38198945796464473
0.42317817029998545,1.0000000000000002,0.7434484449098318,0.8068084155506374,0.8327260752475383,0.562378418768343,0.7317577450230368,0.8046490581610982,0.7630139654914491,0.4360153099571431,0.14778379490837407,0.11085012113109524,0.002406189867764823,-0.1679535924917297,-0.05588677653321073,0.7874346930247116,0.1490099858235593,0.5433535934799288,0.0027257209907552617,0.49977633742806216,0.34697175988804724,-0.10988134646347338,-0.02113346674737104,0.051964001127123245,0.2907847102008937,-0.1538280488209954,0.41696066882924526,-0.24770175589723653,-0.059999488436839686,-0.06771218955616522,-0.024647058852724103,0.4658254896975815,0.5703378099188148,0.437694140459224,0.0948895650266435,0.5356439817109621,0.08250764552008952,0.39917729683041064,0.5479478154161479,0.6878224218875306,0.4674872068514187,-0.12243903009117654,0.16343493607925152,-0.03924812875226717,0.42678875035359254,0.26640735651385167,0.28903869872057336,0.2013969915320251,0.39618294727465325,0.4271150236339168,0.1520441429837871,0.8934669252864074,0.8207990860616654,0.8331321622577664,0.7308922292945835,0.6775393964815978,0.8132382897098617,0.7325887428288087,0.17165804161757076,0.031030096350429533,-0.05060454609939104,0.037075608026278434,0.03167933240512557,0.2209165001454272,0.3117255984818529,0.028217714575602373,0.4771311501429741,0.18590936493319193,0.3030947581938676,0.6285697595416065,0.37562889741625544,0.07307940645474491,0.2417303539484634,0.30180309511745973,-0.021694080540645058,-0.20766431810258665,0.13016239624209602,-0.16293286863722564,0.19460806146835188,0.40043717485654207,0.0930830054838202,0.22633869338796878,0.5133183952097526,0.010319734006034427,0.41334775150459824,0.27918069135682305,0.07262087606287856,-0.20662155380786704,0.621092039679499,0.2639245321530854,0.41007620322726845,0.10852673812250158,0.34832570042407485,-0.01479496695780854,-0.04852410349342874,-0.11487121779238813,0.2660286727584937,0.2159406588143912,0.4870416592214485,0.45730270586234073
0.705248793209627,0.7434484449098318,1.0000000000000004,0.5773086866993659,0.5522058006205409,0.8472240545020221,0.648797731753955,0.6052223720723907,0.7962644391311429,0.5605670912108017,0.30933315884382356,0.2672182743034342,-0.05209974801821229,-0.10009102376123742,0.021049827838735352,0.6352629608197433,0.12607746918561097,0.4477219408102472,0.01791355076873211,0.35684220176949,0.2717699794456189,-0.08822548006033729,0.07052866737749823,0.23234772280625973,0.47097831394812417,-0.05721943487615634,0.3228921566290774,-0.05640379485577695,0.007806131968812984,0.09481594153975799,-0.05486918757458104,0.17768793986350723,0.4112245540267374,0.45329138385910034,0.1576707159558625,0.6051272340647692,0.10571639869381765,0.14459320634816267,0.4785756517347729,0.6763661314648399,0.32663001423264604,0.09240206709140204,0.023255755083642225,-0.0798622125103156,0.2534790494351961,0.2179172808456937,0.2901653574700466,0.21405426112269893,0.6859458888642224,0.5744396644363922,0.4450126035176689,0.732119716648673,0.6657918538085529,0.6106310954437769,0.8030585013873406,0.8303163969461909,0.6186918317357493,0.6816680323973497,0.25052913257970943,0.057229846972128656,-0.1370907462759089,0.004858600270405872,0.1095380471643037,0.20623081317827938,0.24292584601854267,0.12395306673606066,0.25704975384866735,0.14139459161599743,0.3963998191981863,0.4955767592537452,0.35947978814001347,0.09420483960169891,0.3098916401466997,0.1723099949580592,-0.005618088020764434,-0.18956961924884988,0.18984778514508846,0.01743106255386605,0.1865252276614974,0.27130105714744135,0.09900898485125692,0.1240624643852741,0.28348372617025286,-0.03867126067112393,0.3767234341856472,0.32135144126597937,0.12241331993477844,0.0029392995443895315,0.5871018450588306,0.14279092223767606,0.22734772404812473,-0.029613092925340232,0.16773446862059294,-0.12905940479689113,-0.21491035883256024,-0.18438583741718192,0.2821247818713574,0.19011202604382244,0.6379800820721929,0.5073043053656856
0.3258597506445651,0.8068084155506374,0.5773086866993659,1.0000000000000004,0.7065206058559941,0.36700335904029274,0.5861685325495332,0.7545647141671626,0.6261366799868479,0.43283271683274227,0.12560235993340854,0.07268097185186294,0.0644769738547726,0.05815100487683884,0.13288147538191886,0.6354820765517336,0.09168349264438416,0.43303302886275424,0.05047681675290023,0.4600724085909424,0.3786113896568127,-0.165675898020286,0.03071356229935608,-0.0743272078651271,0.17289149895969014,-0.21319666988746838,0.292805262844925,-0.12146653113993622,0.04223561258620207,-0.004386315586230082,-0.08404168310187765,0.43697850342246825,0.6268776523985069,0.35845634930412656,0.04094691332100209,0.41972442901984314,0.13359710023465207,0.3696397621773998,0.480251757691797,0.5412935267986468,0.4140508911366221,-0.06445519146417822,0.2318706715348084,-0.0331784913899636,0.25825798451417287,0.3000930232475873,0.2623480100637676,0.1481971023903546,0.24340644918203802,0.3648318102567162,0.06272585323587725,0.7524240268089288,0.6842724343931043,0.8603278490035697,0.5477523199694364,0.529385443746263,0.7186134110607484,0.6397234459838724,0.1878701363981053,0.10778442267591745,0.03711609856904912,0.08038688899037424,0.09630090213510843,0.25625085841541007,0.3109679632032245,0.16383936708538802,0.313758245867296,0.08349813260680464,0.16060617535184854,0.4930884984551544,0.3130898045445568,-0.03283779140395965,0.1944771547880734,0.13273516491789916,-0.08326700099140943,-0.12955863147384078,0.11108204697265915,-0.07701522334601137,0.02528055338743021,0.4139529803995385,0.045866613140174484,0.23376103824482353,0.39830934219986047,0.018225046591133214,0.39933928011089964,0.21101816765378723,0.06461263203726222,-0.10906799705958456,0.49806221897263847,0.13425069013383206,0.27189289325056865,0.09262473931611921,0.22680516652828125,0.06309131159479917,0.11049278409932203,-0.07190572615898015,0.26999308453246645,0.19415787356723352,0.3426345828540948,0.3788087322778878
0.2551483463140188,0.8327260752475383,0.5522058006205409,0.7065206058559941,0.9999999999999999,0.42892837459707367,0.4229418276660923,0.6206807891926132,0.5736252036468146,0.22424488855901184,-0.024365684247183543,0.015841775268919455,-0.07463999957113492,-0.1467675654201206,-0.03501449884945127,0.6549399003937949,0.0174455244683038,0.4819193904894582,-0.04406670052298715,0.4335246846940215,0.36074001280077694,-0.012563728936876996,-0.003066212240247017,-0.030615965877032553,0.1361755807927646,-0.14499925587042536,0.4740155664845989,-0.20317212114844263,-0.0745632365805302,-0.08172374963087062,-0.10866182429865658,0.40437284987201666,0.45558355440236714,0.3882853875283238,0.2052262691700114,0.4202359850241654,-0.046867070457616185,0.28239173114071303,0.3992776408307312,0.4734988960083316,0.33350929865136686,-0.15036307294299417,0.1297993183319829,-0.045901842209227155,0.42788658952467945,0.2403628268487809,0.31260426091325655,0.22142275330987907,0.27189860014626144,0.23659653997853125,0.11339235910057438,0.6807938694135341,0.7348652711597103,0.8372954475798469,0.6624279266564461,0.49294949473469546,0.6415441426020002,0.5896765717547856,0.16744970850006016,0.06143456589945246,0.022251226192910905,0.05283273121124189,0.02376555861208661,0.27808186396040985,0.3207840477798258,0.09557755394950167,0.2920999102154739,0.19698894243458387,0.2938908831094329,0.5604904201966849,0.3930260281493185,0.11222138667573843,0.2563743928695219,0.22305005925421933,0.05240343904078223,-0.10481380263148325,0.13060244662096682,-0.1507254892849302,0.08048540476212357,0.21732554802037893,0.11908434372564232,0.21429286752896595,0.4450598093534739,0.09476177580628088,0.44514649097982956,0.26543061651777805,-0.044144475982549,-0.16078010210592858,0.501478052986417,0.20721457135133858,0.24744239511807326,0.037241531025294566,0.29776003866824086,-0.021367033336957685,-0.04596584842736903,-0.13134444552319804,0.18526017799203898,0.1448563623298751,0.29891752092558876,0.2892716950399209
0.6659613456535156,0.562378418768343,0.8472240545020221,0.36700335904029274,0.42892837459707367,0.9999999999999997,0.41481659697048257,0.4283458687444397,0.7688754253550066,0.5865833539046083,0.43858551604392937,0.44889685751525366,0.09117874761767555,-0.05034335953585425,0.07164589498143939,0.43729255916865456,0.09305217493310852,0.26633652535567215,-0.01608684266224761,0.14677397298627126,0.1378815714831694,0.035157462545599975,0.03871434908564448,0.2491880463306226,0.5258908407696551,0.12775985979989976,0.24236256517260316,-0.046560712654025144,0.08158789562964441,0.12698712947891275,-0.011545885151612548,0.15462933326525025,0.30044315974044494,0.3159084362393274,0.14815085212215998,0.5588256946455079,0.23064326342148314,0.1067308299402257,0.4597138295610712,0.5929563197714955,0.1474004157117202,0.16663611545874044,-0.09338655156677272,-0.05963190170011791,0.22024439729420817,0.11971274156925683,0.22176033949835908,0.13591261582205816,0.7153208958689017,0.40247519345197863,0.4519383424451206,0.548005914328538,0.46892017365913163,0.3989778281841814,0.8422062577113266,0.8305102534716822,0.48496960864990146,0.6052914684111187,0.374446514489234,0.2360861022703582,0.09059765576565637,0.17556243458768833,0.28074823516088177,0.31922730609760636,0.23370763168303268,0.21551011814587048,0.11569509901066398,0.24811686301839123,0.47756317678051363,0.3493697812223791,0.28859122422514366,0.28998932968373575,0.27434596024400465,0.23888122307741214,0.19751459105098543,0.046512217363129195,0.28888631918913116,0.1269372305457225,0.13333309769203455,0.2638737485478128,0.186906249664294,0.08720096332974696,0.13585095240454462,0.0010243433755266578,0.36442263761168514,0.37512847282211415,0.24986833607629683,0.08571147417387175,0.42860132977423065,0.1320311375686739,0.14667161240842921,0.12641108364146733,0.29974711975529456,-0.04424750040355918,-0.20256483156221983,-0.16928992886768734,0.22215143982636246,0.09619153920456641,0.612989550446202,0.31518969253372164
0.5229762503434046,0.7317577450230368,0.648797731753955,0.5861685325495332,0.4229418276660923,0.41481659697048257,0.9999999999999997,0.7174726114509745,0.6125611180623018,0.3595919673608779,0.17368347611719745,0.17587979633789672,0.07632703924336419,-0.18803107052859602,-0.1523148228593697,0.7490811197229763,0.4470468868931737,0.5513470426305179,0.16313798771191493,0.540611076293033,0.3639395874485668,-0.08272395370369258,0.10171894837171212,0.30527792101728224,0.3200017318191649,-0.11507564380495132,0.40914549644587306,-0.13515198239891169,-0.006708151068927349,-0.019410189474151143,0.08208939119874584,0.23709939016331216,0.518362205036748,0.4512369406303565,0.005791399771865328,0.4163961862109473,0.09954561800163467,0.3486556447581019,0.42966805831577054,0.6730880530597179,0.6008836159869547,-0.07632766864395446,0.2477315487883792,0.08018843490197555,0.28638417764889745,0.3356550258270402,0.23675666007446577,0.2733632102482974,0.42251061712032084,0.5533002035888639,0.23233850011320126,0.6857481851597659,0.66382306478972,0.5387599657347032,0.4726486406760191,0.6012046314480384,0.6126960144088808,0.5413805774759872,-0.0023154570146361295,-0.06694967123892845,-0.19832738615278414,0.005652858595587999,-0.11647660009911649,0.053664478342160225,0.2058614673967541,-0.12782065190934483,0.6798555744930657,0.17079714789089936,0.1931058152119126,0.5170194925955759,0.3543872819188373,-0.02547447096673375,0.2655516110184648,0.35829681033952493,-0.0850706133103459,-0.32359456285934063,0.08729008004372112,-0.12170837188839854,0.23567820686405294,0.388861779607909,0.11450222986584457,0.11803588423867438,0.4168962063739922,-0.0755542966727423,0.3609701282585887,0.19807749097185076,0.061097855303233466,-0.1260495819623887,0.5589033449581298,0.39217401347323333,0.47409447116274966,0.04033751034108549,0.2723282449899228,-0.04370698057441782,0.06807692152613892,0.05733064606466387,0.3798180206429488,0.37438543409651726,0.5531049377683521,0.5941867627048943
0.28711084390919533,0.8046490581610982,0.6052223720723907,0.7545647141671626,0.6206807891926132,0.4283458687444397,0.7174726114509745,1.0000000000000004,0.7399296969953963,0.3875652577995504,0.13862226445864478,0.17469862388130888,0.06537030539160271,-0.20318284703258827,-0.1540435216885191,0.550498452002161,0.24755996319067053,0.5770517515428567,0.026553119624977327,0.5548405859907283,0.4491375045457089,-0.17500723935141585,-0.193428025940555,0.23029959513864387,0.33758333042105276,-0.048941390786674546,0.30871502080424457,-0.2510688086343355,0.10825796029042363,-0.2618791335941497,-0.05247880302119541,0.3519229564703599,0.3825884469520509,0.41371444689589454,-0.13079276477797372,0.5806135921004953,0.1656449182770859,0.4226453363616096,0.4318466136624588,0.5920589508524641,0.5005147190316552,-0.05678209525462398,0.0298525306388308,-0.04589787766166882,0.2874736112062965,0.11516192179562983,0.12214683487390086,0.11538639166316313,0.28221686879346597,0.4280666955590244,0.1673921585763077,0.7999139162375521,0.8042352428785876,0.7402882822639534,0.6060718569420687,0.5623677875980357,0.8695336493854432,0.7801239207582916,0.2489682252074975,0.1367822583407975,0.005737131396066476,0.039997666913168355,0.059989748299033495,0.15650075777080338,0.3757192358499926,-0.06389052447153284,0.6463554209209383,0.17254248165478073,0.37540665602579554,0.7050896001251237,0.41936003573738806,0.15753459194530928,0.17813495621836692,0.4408112103025207,0.09913900086673594,-0.10806049999278988,0.29100894031039426,-0.282650678870059,0.10040417291581272,0.3397817881601965,0.2820549201410094,0.34640735246394005,0.4664720795953229,-0.008956021263841638,0.32068534278188077,0.21093823006162635,0.1802461780876944,-0.2045609679417798,0.6972703658531665,0.4428297480741898,0.5115289035588617,0.2622349199497775,0.41487111903065726,0.042834462693483184,0.0018300223230245916,-0.0758284373281625,0.19038529881983066,0.1727381862814513,0.42501125590430877,0.4821139331768235
0.5074340113677589,0.7630139654914491,0.7962644391311429,0.6261366799868479,0.5736252036468146,0.7688754253550066,0.6125611180623018,0.7399296969953963,0.9999999999999999,0.6450143058749722,0.4666783951901463,0.4341210114693302,0.056486472440390935,-0.07217244781589834,0.018713908322322965,0.5332905008747639,0.15529772761295066,0.4702048162198657,0.011999128948177392,0.33943428662417796,0.29621952684734304,-0.14076042258043941,-0.07433493639326019,0.2625240225951509,0.4820883195890165,0.04620236927492413,0.35733689030283344,-0.13774692561204877,0.141813013693594,-0.015037225153749459,-0.049767006295621204,0.35878240755277174,0.39639314826288624,0.4048783198133484,0.03324504773282142,0.6965601114978269,0.24034082044032398,0.24877148359741882,0.4467686518349699,0.6506432316848083,0.3461418299126859,0.15881252830363676,-0.08435165492197155,-0.09705007841851948,0.25522926987795885,0.21206905887773522,0.28964320913427133,0.1869250899089664,0.5426835478354989,0.5392730751110525,0.364482772137628,0.7630806135759393,0.7138600092861543,0.6488523569610914,0.8141925868467894,0.8486193764952809,0.7779657286277704,0.8931123997184102,0.42139697013412375,0.20964620644233364,0.034871146531287374,0.1698844815625243,0.314378854401751,0.34120629289941645,0.31405460796467644,0.15573112321068378,0.35778497546864657,0.21281390185669224,0.4205899640209511,0.5337215998918012,0.36134093652840105,0.25969557147325284,0.28189620373615326,0.35910658040582283,0.12654781991071995,-0.06917872645907076,0.33110210851346583,-0.026475529502953538,0.13148728860337644,0.39601819636740465,0.21346289776517433,0.1969936024327177,0.2856660222517268,0.00701234503868611,0.40887319463195765,0.38732967182642764,0.2880807577541504,-0.023255793755794577,0.6475484039972188,0.25234648517745095,0.3882018092566746,0.19254927857122836,0.41924079666252245,0.0006238531941779935,-0.17339186556420247,-0.19691586495404528,0.23677740937167294,0.1477662656131813,0.5454323910800751,0.49346561921960674
0.4537519417258653,0.4360153099571431,0.5605670912108017,0.43283271683274227,0.22424488855901184,0.5865833539046083,0.3595919673608779,0.3875652577995504,0.6450143058749722,1.0000000000000004,0.747444737261132,0.7240986267578936,0.33223650144961164,0.2052155303186038,0.2303481073221975,0.17799270570134268,0.27021095290177016,0.1959580167460093,0.26702482587433335,0.06330987165286436,0.09106081249077357,0.11099740566653694,-0.013066513615164171,0.4014861131828428,0.6784001735645372,0.3701836756029255,-0.08688694603155747,-0.09156688952453794,0.09273496136415788,0.13919588120360102,-0.2528266768785688,0.19797157626180958,0.18398081830311075,0.23427597956787813,-0.01666156656128235,0.4723348213587381,0.2862512045514565,0.10980720716652707,0.4640332521936905,0.5379839579361116,0.09290211173340628,0.4333125761902586,0.08508576506765633,-0.32720916427384805,-0.07966318716680193,-0.06574946247837576,0.03325095063730098,-0.07383019835059075,0.4615461382776234,0.32991150579745504,0.13065155212610882,0.5423465796768692,0.3678367729095172,0.37478322123003804,0.5389778642172928,0.6503655540883034,0.4581308196160008,0.5594173071353291,0.5831061430304035,0.4471933525176033,0.23996024545329392,0.17101831850773547,0.36869643118858303,0.26911850135022125,0.1383281345354201,0.21456622628787628,0.01741452704322167,0.14017464113203867,0.29615419504007834,0.1670532031948011,0.12521264673428098,0.16315398069623216,0.07054130460982314,0.08595415500133782,0.21603444358518337,0.28936922151323463,0.2395413898509424,0.10097378978076897,-0.1738472582209793,0.24654805358775364,0.10428000659353134,0.03761256593598292,-0.07623912408646319,-0.05306303001221826,0.0704095197711851,0.1705078456521942,0.3375245213188895,-0.026037946693793643,0.30546258266684967,-0.04004436478665576,0.02991915175662396,0.2529555251178606,0.26246310618357244,0.1128531418610825,-0.17378291308952737,-0.38232705698045655,0.003976275553873748,-0.07565342759299812,0.4699899126640055,0.21720863584960975
0.3941909176881122,0.14778379490837407,0.30933315884382356,0.12560235993340854,-0.024365684247183543,0.43858551604392937,0.17368347611719745,0.13862226445864478,0.4666783951901463,0.747444737261132,0.9999999999999998,0.7907754872098726,0.2640061321333823,0.0029011910431378622,0.03366102448089596,-0.03928042031434468,0.202045993006836,-0.08351843897530234,0.053965765235393814,-0.1855392700105926,-0.1564428697178123,0.06180468820966631,-0.08595443571688964,0.3474151126395609,0.5372324346818335,0.5652468363079665,-0.1961530658012622,-0.1327836046647836,0.06742549630350099,0.10868892841730475,-0.37146485523250683,-0.044101663999463456,-0.09246847942309593,-0.025422679948585717,-0.23011292352925525,0.25225628169189496,0.2532098433821195,-0.10330288621430332,0.2038550982407917,0.3247732664553809,-0.032317930837558614,0.3099491491326985,-0.07543984218351538,-0.40127936181332535,-0.3216186519381029,-0.13401533087826026,-0.0766442333704141,-0.061681227835945575,0.38504696669184,0.26429247611944556,0.13825305489534315,0.2274064191789318,0.11836270225953194,0.149905110817507,0.30375107122197065,0.5161486325228586,0.21149516361360085,0.38326003162538563,0.4061086343601418,0.4356885933039011,0.18649036818258985,0.03993767300104035,0.2558975458963716,0.04608931684893691,-0.017174987625123244,0.07385437205407182,-0.07505392393544623,-0.09867068989191269,0.06446124456929386,-0.09539367042503276,-0.07443428527960032,0.06113976204383195,-0.019836748547081604,-0.01680805721232209,0.07430390452814621,0.2372597933702951,0.15812606820609512,0.06525295413680163,-0.2997637744324387,0.06754903077779816,-0.02554416273340403,-0.1483040560012662,-0.3116325685414389,-0.2531109851538502,-0.06934695398195086,0.021578771870201085,0.35291714739245145,-0.09713782310262876,0.10812529218647367,-0.08489932709953865,-0.04382362434111588,0.14200671199482093,0.06820154427651223,-0.021601317773167924,-0.26059789025029406,-0.44037374899860315,-0.1011426529464276,-0.09704812907833765,0.41266973702197707,0.18455960218125403
0.31325983670795365,0.11085012113109524,0.2672182743034342,0.07268097185186294,0.015841775268919455,0.44889685751525366,0.17587979633789672,0.17469862388130888,0.4341210114693302,0.7240986267578936,0.7907754872098726,1.0000000000000002,0.5103767716427439,0.09077161696896945,0.0662699462259041,-0.10054225578816446,0.43771581580975855,-0.008220018427442737,0.2674724615814184,-0.22446019585392285,-0.06170792763348105,0.3433652142430092,-0.15239203586164413,0.6502307584581983,0.6174989907654334,0.710002312434726,-0.15593309475419304,-0.03347088155312926,0.164752732270246,0.01869734862806036,-0.273531238072947,-0.07989244259610977,-0.16291382712973512,0.07312367065233692,-0.08210144998438547,0.26098036228922605,0.227357083105752,-0.07969636207306408,0.15127833952895295,0.2847220439458741,-0.06446820997030894,0.4734685533807611,0.019418319005719914,-0.2357986771621533,-0.26561642849093203,-0.15844671814321584,-0.1415423489707924,-0.10206084686324271,0.3182412166459664,0.1285386596362874,0.1407394618602931,0.2068127449234962,0.13141467185498473,0.09218965074042956,0.3941441068257099,0.46413115981875946,0.2034940154520258,0.39840923472694023,0.5585562963477444,0.6264090179333872,0.45096044403792773,0.3492810504901789,0.43231539213821096,0.22016228073064154,0.16759047549105796,0.15871145231555536,-0.014777714354715154,0.281057300579638,0.349821233493466,0.016285393278778718,0.07996916072300596,0.3613574595415515,0.005585164781357697,0.21768664042217997,0.4542149383887273,0.5096167712844978,0.30643092876219646,0.10215451320711845,-0.3087989659331951,0.06887614061881964,0.24506227992126525,-0.09944472399167031,-0.28304858602275873,-0.053367234808448946,0.006938966733260004,0.0772729687861415,0.30311505711437675,0.018777256634664265,0.07831143384444204,0.04293406258690602,-0.005117305539887266,0.3595899264165195,0.25443254223138834,0.20390344933365936,-0.05219768557218634,-0.2908380119460699,-0.12745835399714517,-0.1343038507832623,0.3665808027249999,0.03843021322599171
-0.12100030194364143,0.002406189867764823,-0.05209974801821229,0.0644769738547726,-0.07463999957113492,0.09117874761767555,0.07632703924336419,0.06537030539160271,0.056486472440390935,0.33223650144961164,0.2640061321333823,0.5103767716427439,0.9999999999999991,0.27849134338592985,0.14976615386444356,-0.09044954425180832,0.6443981692782463,-0.0009497932543749447,0.5379649169084508,-0.09967048196130956,0.06343265572904258,0.5630746480152855,-0.11225542092438705,0.3759812455140454,0.16352744700184974,0.40358585393047747,-0.20661912974460883,-0.05555553511624264,0.2938620042365808,-0.10930366263100444,-0.14359165522704584,0.027762561788870866,-0.09806688581443619,0.06919878106571167,0.012250352865668595,0.01680849489971307,0.21598191872313968,-0.04260258550475883,-0.0495894814954145,0.007017192124258254,-0.15289218040420677,0.1672753636591083,0.20758436032517324,-0.12540291090842356,0.044712785785188336,-0.27955132035859437,-0.2369447780524133,-0.21296238097572565,-0.08485895059340488,-0.21841127599402899,-0.3158081699983546,0.07714741416381618,-0.0052218772957704825,0.031742760838491556,0.17019426622141934,0.06086820779961338,0.08609269264068543,0.08860931842720654,0.36133436884675235,0.44476918585371766,0.6002377409711969,0.6124710717387535,0.3645528585754887,0.21560939631135115,0.2640244009760147,0.12745174905811774,-0.058411419305122295,0.4694312972442786,0.3761923106468798,0.09425465984924629,0.13445116524707007,0.4412047530498746,-0.07868474042157125,0.12216656375663516,0.5136704390606236,0.46126186424792825,0.31640579949264014,0.031036227742120562,-0.21656431153979774,0.12571382336899764,0.2903796338829671,0.06664779065372192,0.0034841965808795066,0.16642696810751925,-0.019962171365164656,0.02984513722182199,0.23665559995678292,-0.05578074509291687,-0.051518528479681386,-0.04402843663938086,-0.018212295265156733,0.3615868558850712,0.2479070403979471,0.3057463724376071,0.20727999383491755,-0.10485885086183265,-0.19002488891551053,-0.155542510838026,0.053786034546183574,-0.28699672972663753
-0.10911347376114801,-0.1679535924917297,-0.10009102376123742,0.05815100487683884,-0.1467675654201206,-0.05034335953585425,-0.18803107052859602,-0.20318284703258827,-0.07217244781589834,0.2052155303186038,0.0029011910431378622,0.09077161696896945,0.27849134338592985,0.9999999999999999,0.911664091088158,-0.14294210947787186,0.08806316890211845,0.0190949057704185,0.5638676563739706,0.07991380652622586,0.379583193854224,0.24546262100173738,0.36994731391706087,0.0804026562020011,-0.12449981005090398,-0.1500896766613836,-0.12847519579327216,0.34952117972106245,0.4480595231484189,0.374010577334532,-0.08465195501407342,-0.03614163922939811,0.1457308445092533,0.11322338603058069,0.27653289954528704,-0.014391511790963249,0.23515291798856494,-0.14282303798214221,0.044290606316114645,-0.0552711596252814,-0.06905928998855615,0.08644362100996504,0.08366914005929958,0.04289976552687075,-0.16258427739785736,0.07541560959463743,0.15693575837659351,-0.07464140723505122,-0.17307521565915315,-0.14358398829077398,-0.15537629297316774,-0.08170841313260092,-0.22306524916354892,-0.10430430405263894,-0.03229144889814126,-0.08067428205755464,-0.22054132674043683,-0.0433129760652551,0.212497109827889,0.08628130819211227,0.21027041160206347,0.2406398427316081,0.43205677079587834,0.5234923843612889,0.254325980764144,0.7656016287103257,-0.34331318329132254,0.13534184040633432,0.025564863013957113,-0.10884822342078021,0.20568780482335242,0.1722006410080665,0.1508551778460094,-0.050199887398247336,0.13553465292111522,0.3291953668855559,0.25288842346491347,0.4730592041255309,-0.25772319758023826,0.0798097730648505,0.19877270048699397,0.1270514392950531,-0.19943844373765224,0.3226625434333355,0.026025998479600243,0.17408197841765918,0.1646481637017328,0.28819413036357977,-0.145356764417591,-0.08960332269094524,-0.17877524296365693,0.06243912683643014,0.03427562469532232,0.32616379508910065,0.33110930779324393,0.10559158792096908,0.03982268728639792,-0.003931630336835463,-0.20388148591753572,-0.2972445376171228
0.04421652909375083,-0.05588677653321073,0.021049827838735352,0.13288147538191886,-0.03501449884945127,0.07164589498143939,-0.1523148228593697,-0.1540435216885191,0.018713908322322965,0.2303481073221975,0.03366102448089596,0.0662699462259041,0.14976615386444356,0.911664091088158,0.9999999999999999,-0.003913744423058274,0.025008857804715495,0.1393793884719564,0.46559735552703385,0.19336748383772043,0.45484810789925184,0.22987690179209944,0.462925202730511,0.01873699839507699,-0.12282429332417034,-0.2222599705514919,-0.013047382211289333,0.35665216984904624,0.44808188512717984,0.46101437290791736,-0.1357904736160503,-0.019804448333193274,0.22570187646598144,0.23272882745060644,0.3177265678940799,0.1359035913310293,0.25542232722899666,-0.11597135441976443,0.12943164657384454,0.03980769885565993,0.006737201137433986,0.0291728690169497,0.09414308770769839,0.014277187064246803,-0.0711457674808593,0.1527936188944466,0.27442977691435766,0.013824118763211646,-0.022119796322282576,0.007185216907416674,-0.08449959547125106,0.0063619229550754145,-0.1605017837723895,0.005430827345531851,0.07583166805906955,0.058414164646741124,-0.16161494752960345,0.025574283422990597,0.21952556808502283,0.060338429848321266,0.13809547789717488,0.12458752017086594,0.32580114946600736,0.5100422520388636,0.24829001256392824,0.874955122082224,-0.3661702224496337,0.09262334662875181,0.007609272743958611,-0.019792103573956964,0.30548180859258794,0.0692731537220415,0.22568827402624475,-0.10072381915583825,0.04129981771480458,0.1988947286942792,0.2795378324527084,0.4841924053011236,-0.20769811541708783,0.05319403787418242,0.08396181294447815,0.07817837237561892,-0.20162893802337617,0.22581572255347657,0.07785708406187088,0.19694556475539307,0.1776734273207406,0.22325723677003256,-0.019733309492930697,-0.13582352076031687,-0.23303575769762708,-0.02423442277811897,-0.0006209725828888117,0.2664388526863254,0.22717258770681178,0.044986155868717764,0.10016032865100344,0.015225517278331284,-0.04098042225778511,-0.1717027693554549
0.4722345016140597,0.7874346930247116,0.6352629608197433,0.6354820765517336,0.6549399003937949,0.43729255916865456,0.7490811197229763,0.550498452002161,0.5332905008747639,0.17799270570134268,-0.03928042031434468,-0.10054225578816446,-0.09044954425180832,-0.14294210947787186,-0.003913744423058274,1.0,0.16564283764407886,0.6494605434758509,0.05681741567829683,0.5681099044724001,0.36019328052946875,0.002678633289346769,0.23194373142979,-0.05065714183451693,0.11346023052074239,-0.3164467449888296,0.5710174710755611,-0.10305525960391528,-0.06408678228937394,0.0597384954207663,0.14273099086518767,0.3596313909910602,0.7661711345921487,0.5819388512509587,0.3147144273822324,0.414908961747942,9.07011627416219e-06,0.28260232992023376,0.4490248700120201,0.6261676163407615,0.5060168205469269,-0.2851413387441992,0.29102211307408155,0.04607713520416725,0.477300077261095,0.3472367576091335,0.4223963042584683,0.3293298187163598,0.3733932465632598,0.3627886328665234,0.12757953184601692,0.6322538624835211,0.6286067762936991,0.6056273539170175,0.48915923939614264,0.5417176627338878,0.5202934047524873,0.41840144746489477,-0.0894207065207074,-0.17895355123401852,-0.1884093359305086,-0.031199345692422678,-0.16596152914297468,0.16421463138224507,0.1566945731671405,0.03668511336849065,0.360574067819969,0.09071363593599353,0.15503854381102974,0.49143172230896687,0.3271358957377606,-0.06624557565371889,0.3054750677408747,0.1027813301942599,-0.1786353656626916,-0.37624268014465595,-0.035748546649888385,-0.06423061436684914,0.3198546383422119,0.37891058600955596,-0.05405553794640096,0.07332999547697376,0.4534421659033465,0.03138973522478545,0.402703122534401,0.27543273997251755,-0.09925139472620301,-0.1725065976502853,0.459578354254048,0.11395979402301973,0.27100264585039074,-0.13923741085677685,0.15967217648997264,-0.1206660217839318,-0.054561219681139146,-0.007339853044560531,0.32160947756760433,0.28210651880628057,0.42924773406624195,0.36411967365742115
0.08761544720013605,0.1490099858235593,0.12607746918561097,0.09168349264438416,0.0174455244683038,0.09305217493310852,0.4470468868931737,0.24755996319067053,0.15529772761295066,0.27021095290177016,0.202045993006836,0.43771581580975855,0.6443981692782463,0.08806316890211845,0.025008857804715495,0.16564283764407886,0.9999999999999999,0.35941926958256526,0.6617549301568706,0.2477736309364873,0.3695446007079018,0.5043784436119779,0.06546177944984384,0.6613608595078195,0.2624549232672554,0.302653991268138,0.07490123224096254,0.03531242118549385,0.3734221299210205,-0.07835639076171107,-0.141452669173188,-0.023323383894436715,0.03973079204441776,0.39312638496458113,-0.004258013767229205,0.2191252302325976,0.24257519418729337,0.044291303069736214,0.009896599921397709,0.21375798656816952,0.13904022012710437,0.18025202009374539,0.26559815248276897,0.002349705483964539,0.1035635958266332,-0.05280684505874623,-0.0933938909764104,0.1488934423785242,0.0730581622224724,0.15856482766508673,-0.09185773025513409,0.13807461281675842,0.2094482578742016,0.08686055754169877,0.22007992287559222,0.15522230007066357,0.17841459822108788,0.21675335768816328,0.2519817511961115,0.3253115866326234,0.3105756211876248,0.30412460425001653,0.049423617976574186,0.07948410027771217,0.4019504203879833,0.024505342296458014,0.337165921024631,0.479984834633596,0.5157578454942325,0.38023938673494445,0.43191990378611905,0.3916508852582617,0.178269205154704,0.33819541244375906,0.41775538601892065,0.255556147257379,0.444616876497806,0.02771839435050019,-0.12266071325787666,0.09932358114427978,0.5075680669730703,0.13970946199845208,0.11529187617451211,0.1601398841135521,0.22441797818356565,0.15497246297996714,0.3375700153960257,0.02748783127732575,0.32229474291442045,0.3442356856652688,0.124138368695078,0.2369041056275439,0.2922569792879007,0.24917588350732273,0.2320188034905706,-0.019041861287807597,0.14642415761022978,0.12715863615380288,0.28093955856010133,0.11748618340095673
0.175472326808638,0.5433535934799288,0.4477219408102472,0.43303302886275424,0.4819193904894582,0.26633652535567215,0.5513470426305179,0.5770517515428567,0.4702048162198657,0.1959580167460093,-0.08351843897530234,-0.008220018427442737,-0.0009497932543749447,0.0190949057704185,0.1393793884719564,0.6494605434758509,0.35941926958256526,0.9999999999999993,0.40639039696904106,0.8230746185413493,0.6882764455073482,0.2130828154922837,0.19977583786035558,0.288027244653124,0.14613643233376677,-0.15333072351357596,0.5312272608958539,-0.08576946410516689,0.19116976702842525,-0.07280774752851578,0.007384669665856826,0.17895366795244996,0.46659182746213096,0.887872723129894,0.3783220718747243,0.6891692682781844,0.006897678390027449,0.1881094846708204,0.3391640430076725,0.4992716063400906,0.5638492234717118,-0.07198416435015603,0.31001731875820354,0.024404049538515805,0.4602205537595261,0.19492822691620376,0.3650489010940541,0.37199507653062,0.34754474378227973,0.48910593994113793,0.04718509094533095,0.5126443542425733,0.5260199436455423,0.4305042118872676,0.4235796333311272,0.40199765619319955,0.4212176729115599,0.4423015938499873,0.11135983998111829,-0.05973413585853609,-0.20103183028793406,-0.10616956212054052,-0.19311748759387432,0.13049220882197426,0.37918628012607536,0.1178939096639724,0.366417947629913,0.14208549328965478,0.39134276382021516,0.7672338880269077,0.6081765005453299,0.13614780365801868,0.33323939612528547,0.19411263391645123,-0.04694610632973108,-0.21321793574179987,0.2647936878893953,-0.1786428742378771,0.21440083798471202,0.09483463929551667,0.1912609626226053,0.3638390910969581,0.42495853882970713,0.2124891207194405,0.32253341907990374,0.3484551895979354,0.03702994563581498,-0.07381011503549388,0.7406898721873527,0.2844131928210972,0.23309471865732104,-0.07209918351784049,0.27190439986347753,0.03930740639892912,-0.0013588108738137553,0.0043216910010805,0.24368397622359905,0.22380755886671264,0.45991680332917995,0.43344118871580434
-0.10767560191054784,0.0027257209907552617,0.01791355076873211,0.05047681675290023,-0.04406670052298715,-0.01608684266224761,0.16313798771191493,0.026553119624977327,0.011999128948177392,0.26702482587433335,0.053965765235393814,0.2674724615814184,0.5379649169084508,0.5638676563739706,0.46559735552703385,0.05681741567829683,0.6617549301568706,0.40639039696904106,0.9999999999999999,0.3589583019986221,0.5615219754851232,0.5171354341803008,0.12779131067011068,0.47853917975483545,0.06671186343087777,0.15003754662133154,-0.10501950394529704,0.05831885136129633,0.5250696688449441,0.020339815587388472,-0.16369412557229773,-0.00021530958750360998,0.093792108583796,0.4482407432656903,0.14800414768804387,0.21428671023681595,0.2676837281799991,-0.038780132128369345,0.07332217269695962,0.1259351687740865,0.17350040323171095,0.160826900052491,0.3794533374827922,-0.012458889249802494,0.024746155026873152,-0.08064149490314476,-0.09951031690367985,-0.06000746311110648,-0.0375945686351166,0.1284313178915984,-0.2758352248962073,0.04894600344806274,-0.017808836960892905,-0.03985332789995316,0.08391641412468097,0.029117571992469827,-0.08840289747747548,0.003918358135809238,0.2521664430493696,0.2324781206185253,0.19203248725557012,0.14286958154259732,0.07253871270458764,0.13458751107980424,0.3739917024369737,0.2519512995932786,0.053286560998289226,0.3345404064022658,0.3373733479515789,0.2311271585942722,0.39648786366660616,0.20451829349952425,-0.0384996723106652,0.13685407531700688,0.2518996561561553,0.33825551504682866,0.45697952447310025,0.03423980984264877,-0.2123036978527201,0.09511295714260858,0.33463541264100316,0.2575695286377668,-0.05034751041940659,0.17529266717435307,0.00371896646494984,0.029108078475233466,0.27097410250306,0.05404582883790496,0.2133647127587611,0.19895629127537884,-0.003294017746962139,0.20881397824113673,0.21616508410275617,0.40521501697259216,0.326408189776234,0.0009841035566065172,0.04334824803634398,-0.09979403026924406,0.14613866284126054,-0.02115970853146717
