0,1,2,3,4,5,6,7,8,9,10,11,12,13,14,15,16,17,18,19,20,21,22,23,24,25,26,27,28,29,30,31,32,33,34,35,36,37,38,39,40,41,42,43,44,45,46,47,48,49,50,51,52,53,54,55,56,57,58,59,60,61,62,63,64,65,66,67,68,69,70,71,72,73,74,75,76,77,78,79,80,81,82,83,84,85,86,87,88,89,90,91,92,93,94,95,96,97,98,99
1.0,0.18135470460262537,0.2846987115722594,0.127206316444287,-0.15608508875526317,-0.085952423768314,0.2910563753942172,0.12575671815147046,-0.13751167727423266,0.527221529863402,-0.041265140086620876,-0.09636491407259408,-0.15052745288440014,0.12217231862565021,0.28113133027053383,0.4585658598445037,0.1419060696471346,0.040731854687453564,0.21087749397506528,0.2632292048094069,0.37663178413988907,-0.1680100867635785,-0.0004902713854051576,0.012625149341874335,0.024997186047264013,-0.15047931473198212,0.14655854128903567,0.19263144363011678,0.2697511455799714,0.0900837372653383,0.23430168696878148,0.3282739805255167,0.47948322994112164,-0.15218197733835084,-0.11727915936969083,0.2036759404192099,0.10818143714617488,0.6077304907384582,0.4108313548420302,0.3820981628082454,0.2348630610178956,0.24067922667723424,0.06074075992633818,0.6182179075715781,0.4099465323194367,0.1482018313308019,-0.0631884449497818,0.10510631764223703,0.34345778949862155,0.24281841621335387,0.03130793760991528,0.13394377398589255,-0.04881317620830222,-0.3224989643356897,-0.049585816556916615,-0.13533402069646358,0.07873177162076749,0.14269245326235946,-0.11350556923965018,0.41397951371483926,0.2674654773258332,-0.3308125010504012,-0.03873405395768519,0.3910815088766484,0.25219920148150726,0.32966995545603567,0.30528544840606664,0.2502738998968858,0.009621696385766453,0.07934362281934408,0.37314148597613045,-0.33558659317681017,0.1491925475209261,0.0083705659546726,0.31898727450765296,0.054516209303339495,0.2549324380600426,0.1771786243270162,0.3818099055465277,-0.07142566560832525,0.01617510105923423,0.17748675189563018,0.2777190286523813,0.051246702615678805,0.13375171699043173,-0.05119230743220689,0.2542342677000629,0.3341284846434344,0.2592961051552812,0.10963668582049406,-0.17763193937685987,-0.11752188512881447,0.20035453089636474,0.10183275440797906,-0.11490199551845975,0.537853728509289,0.2607194675453675,0.1679408722627304,0.4366493648481184,0.32872539692063324
0.18135470460262537,0.9999999999999993,0.640748396610758,0.34224821700499075,0.46093855020452507,0.4916644546995402,0.34374901515393347,0.41526885355273585,0.537406433950041,0.4273621310498318,0.22467570390129213,0.4099168760001552,0.405055324538823,0.41391578527879325,0.5514321177738672,0.6325800375683784,0.4203131496526912,0.5952646888193958,0.3645477759241545,0.3294262933942363,0.37239010767958575,0.19794376325275934,0.2735156692880152,0.4452043991364563,0.3554412973888189,0.23243017277167544,0.43171096729066594,0.4111757167986484,0.5098020655953237,0.5821710359985673,-0.06443871945339386,-0.15862326615213965,0.3032837269323191,0.37978812580331694,0.3066902948803687,0.5834987681084944,0.4950994763973775,0.03988271439728814,0.4646105354074166,0.5220579528371989,0.05418801394823523,0.44687844824632045,0.30869318191302025,0.007021477973772362,0.19010113359242153,0.280870800516298,0.22113895961191843,-0.035294222112334406,0.10336215784859927,-0.010588639833349418,-0.10796062229222855,0.7697778303507069,0.6143698775426562,0.27979598864845623,0.6012537240314162,0.6228673395882615,0.6081503457143315,0.6617539209637538,0.22568024737790676,0.055292436663901885,0.39364809771793063,0.30194628049687333,0.5770507765436732,0.4081503206177508,0.5704536710265545,0.5791585985126217,0.5031951503929267,0.4714455555537053,0.6271251976480794,0.6371485799361344,0.5718275879365424,0.11774842161932672,0.38663372813725555,0.4007959438112938,0.47742579245725386,0.3747973221766591,0.5640226504225875,0.5733723579283675,-0.11356358259386354,-0.09463572465953263,0.4171066784366542,0.26849560565355274,0.21517167258618716,0.43052404727206595,0.39040098291999636,0.377665415771142,0.44215622377828634,0.48046503357273784,0.45452139919554146,0.16768576452534323,-0.06335621228436478,0.05232842526902707,0.2885357713687016,0.3450254401582571,0.25821597636767757,0.22833653530339917,0.22201103215473614,0.22300843356540082,0.03865528099654233,-0.05687025832730726
0.2846987115722594,0.640748396610758,1.0,0.23828046502390324,0.23877678647469935,0.7008222508188704,0.40452444692920936,0.444636709366824,0.5270952292279719,0.32754830412566494,-0.01171327189905181,0.1552308666261587,0.20974766726148558,0.08923690492380561,0.23362162656690122,0.39714330665264685,0.28714012085630425,0.5439774457709405,0.09044243937842808,0.38049318751575156,0.3017530842633156,0.10700312148547879,0.2573362682291985,0.33573249766221275,0.22777656297956642,0.26512635036560533,0.2857097884951269,0.30729403327812777,0.38277929415815537,0.3698971968895731,0.0327929328393439,-0.22582994166533235,0.12821443000135055,0.1897633147524914,0.1385512888972233,0.6022288918419693,0.19924948963748976,0.019465354611802568,0.3141307619982505,0.24347260468374796,-0.056131017149252484,0.2314556001447557,0.10223383702444674,0.06265246351535178,0.12179955990950407,0.06518579256235629,-0.03546927186501106,-0.027872263257283616,0.2993965662761791,-0.010783800941427408,-0.2156724553632195,0.5342392063979685,0.18106547052368055,0.00902005665233977,0.5996929092041878,0.6766519677660006,0.4945569266114984,0.41053732360835515,-0.08050809208183853,0.010295212559403069,0.3159109921884739,0.0947752362726263,0.3932719200147381,0.19010492444081403,0.3214740209821261,0.3289332569527422,0.3843875870316056,0.1973982532142016,0.36274838432031026,0.5424799805204924,0.41726718800928697,-0.0516909962111289,0.39344197123786834,0.15866225730055275,0.3679741200550348,0.33646613684533694,0.47751177058613237,0.45586242495067286,0.028519258586232662,-0.18463702510081428,0.3358090663802331,0.015087511392206805,0.09864330310037546,0.26991682239363735,0.3081705708692058,0.18435079940791466,0.24838589924718127,0.30839599936697,0.5152300228712413,-0.021811446694518448,-0.2911178782405016,-0.04812619936643486,0.09265284915356736,0.30389363298569944,0.19526551545318888,0.19823225144399026,0.038010731120947584,0.018074151969035238,0.3025838601834853,-0.019955816103119618
0.127206316444287,0.34224821700499075,0.23828046502390324,0.9999999999999997,0.7003263003300606,0.09056482802798001,0.4768622436778038,0.7190280551068237,0.5222204047849545,0.10953971336766517,-0.1502448409886713,-0.07371017698939925,0.1368429235088571,-0.06324900416849316,-0.13449830993787082,0.29129669047171486,0.013155893817616993,0.09015279809707698,-0.046005715045071144,-0.19149038653548567,-0.1667253393718392,0.03264554046288143,-0.05112923464210063,0.005826815095900999,-0.09835536459144976,0.001378472587209731,0.3806290276645014,-0.026359946907862555,0.25014881199289546,0.002959381251353372,-0.24672147203366024,-0.01886162507522208,0.18675405864951133,0.18463395433072202,0.09347142355536248,0.14407678363881093,0.4128303803599149,-0.011731260005484726,0.2630883665278088,0.4088798731126705,0.10260856220825254,0.33405758875294894,0.03678619313208052,-0.005288554154960428,0.1723180066802756,0.24178369477334172,-0.14448430952631783,-0.18263923292136,-0.25531944443086496,-0.054393155129217365,-0.13186026486244118,0.2735906940000619,0.08734924453356509,0.4127264868425061,0.18614989712331323,0.06422220770010897,0.5079508348158228,0.2875208790825899,0.04937886971050164,0.03019724089961781,0.08348872143029136,-0.0024260556628609526,0.11246353271596818,-0.057377506653120094,0.10566985191700981,-0.11488264348752725,0.18257642551623443,0.01664097683705881,0.20537832284019183,0.165648967669379,-0.11619847827196364,0.01689459545005901,0.10682494857642538,0.18415539031789466,-0.030127611363736866,0.04602534311332282,0.08675820247479403,0.07145763566938397,-0.26594209500651783,-0.09459215483129728,0.13195467489023568,0.1314190424285888,0.3150876118502647,0.4339173374876694,0.5811150364658482,0.16341446386986871,0.4017606803338083,-0.0492045316794343,0.06563545835446803,0.2026533671394223,0.013646918470207454,-0.182308397610649,0.1955661641616657,-0.24391293855052137,0.13560308331797707,0.11329572027479701,0.46059739921967935,0.043323822431025914,-0.19146731927896765,-0.03148094018473414
-0.15608508875526317,0.46093855020452507,0.23877678647469935,0.7003263003300606,1.0,0.3527450670623056,0.41182796471222255,0.5524702519093947,0.6756816378402896,0.11640669153666268,0.2552714730875994,0.33517512772596597,0.33917801743516474,0.1317438426534615,0.14079216010068826,0.20117565874386575,0.1185361165970804,0.2553974426214555,-0.0007721512841148094,-0.035154928201711906,-0.10817643354866523,0.19177902407789343,0.13437421726905213,0.26798143809516556,0.00025446553331807893,0.3906301865486765,0.6371474814007524,0.23844217167062348,0.4296171181733342,0.2965953768584166,-0.36025076613884,-0.22484679437860758,0.026372949238887562,0.36884155638892496,0.3607901343641534,0.38999082285275666,0.43582517587148495,-0.2290096679537662,0.2616490674757633,0.3992215348446895,0.1589518784443511,0.5083744820921972,0.2433943687447309,-0.09513443194269762,0.09659602480248675,0.3911172024258912,0.03745328457396582,0.01128046599425148,-0.1527345623806836,0.06259168407718363,-0.06275269202131901,0.48304321603719785,0.46825386256048773,0.6864387630877323,0.5750068066395363,0.27920168011111784,0.6385714831923018,0.5704035920892068,0.39559868302894574,-0.05336502539686814,0.1565598240944117,0.3948066582776772,0.32542939587175806,0.014242003226357845,0.3132051001139503,0.13320618957595132,0.3303543621651363,0.033221021005349176,0.40156728095797806,0.3228349628828208,0.10651354410978997,0.19080222951403206,0.22129236896946847,0.41790578057732597,0.10489709881186846,0.3589663245337039,0.2237770333583309,0.3114393800210197,-0.326864057614553,0.013163282782488312,0.30273764005956744,0.25687400568388047,0.2579001742468691,0.5039163874685326,0.6807576662358551,0.41662161918826857,0.4412691297697491,0.14473748887248242,0.26007280218388873,0.33173510994504307,0.17878062185504112,0.08096634438448227,0.3587843990782978,0.08082434031721357,0.4072724729516895,0.15650809220424133,0.392383304237427,0.2782126772206453,-0.20573418356695622,-0.013922229847051094
-0.085952423768314,0.4916644546995402,0.7008222508188704,0.09056482802798001,0.3527450670623056,1.0000000000000002,0.14504076666274068,0.25714076345977044,0.5368781343401802,0.03195455767006363,0.2030013604725304,0.3509455210944586,0.19558262695451872,0.2044102079930361,0.17821253814315774,0.24229551615521935,0.26577299995636994,0.4308750253682768,0.018634474181749835,0.15856825508164618,0.05677981523448369,0.18263988543681897,0.21227661446201482,0.3356418589703663,0.13349047700250222,0.3904537447730693,0.26078960426118225,0.21877608723078407,0.1783293835642708,0.38362885877755076,-0.1530904130736729,-0.311011936302679,-0.1303310023488034,0.2480113101106193,0.30577256277043474,0.5644184985153452,0.06549253779003641,-0.3032831975685564,0.07210962815133136,-0.001507992277891667,-0.15807459271115026,0.12886944610605808,0.1744585601429673,-0.1621888399758138,0.1143746491348164,0.013995024921822837,-0.002204208120723336,-0.08636627316913664,0.2522843151362358,-0.08124542360303115,-0.0658922661451938,0.44529367823237787,0.286256446332885,0.14430416547255706,0.7556317014586392,0.8087477343350231,0.40627819540192084,0.4374198155451685,0.16078607863326988,-0.11985325233788677,0.27914946812472197,0.254887125302169,0.44715422260402093,0.14873281880088396,0.2856825260426085,0.23298573147848822,0.17062114243777182,0.1283649562275295,0.38085853115554236,0.4293814031742527,0.2127210491722611,0.15259870800963313,0.24569270751435512,0.25465161674971043,0.2072857586613568,0.3946058606913168,0.20740973165810453,0.3346408459908428,-0.18648564503732754,-0.10445021618334088,0.27526651800411234,-0.03293101967359209,0.1011159824445122,0.284891622873426,0.2518522786384306,0.23513465951114138,0.049873920357685335,0.08992408505539848,0.3550430456085759,-0.07808036878747354,-0.11921176762581846,-0.06283107056322519,0.029362110045430767,0.26975304952423257,0.21435529766162112,0.005194507274761997,-0.09732217482503604,-0.08724201830255669,0.09512126463000656,-0.19255793377746025
0.2910563753942172,0.34374901515393347,0.40452444692920936,0.4768622436778038,0.41182796471222255,0.14504076666274068,0.9999999999999999,0.650585466851969,0.5557007919239961,0.19730363714139326,-0.049761671863925896,0.03296127770501649,0.21067828720227644,0.014152072106506895,0.2740952651018307,0.4191814954592736,0.2513876470728702,0.36330469378285934,0.06231229036779358,0.4115407445164787,0.319083129599441,0.04131748700418339,0.3533842908309062,0.31739413942907874,0.049338184466082374,0.14334779337002898,0.5241207246406401,0.37313445166347897,0.672257359743157,0.3124305953985812,0.2618301580535809,-0.10648505096498623,0.22607829300627635,0.20665970372426862,0.15647028639201802,0.38683458369251283,0.34042597790259427,0.15569439630981008,0.2785959737553981,0.6132262497869428,0.3957966172366017,0.3292068790588588,0.12294303745028695,0.3271340180266528,-0.09070378672633973,0.3689325586229627,0.16272265028684224,0.29457393440896923,0.19979086291595646,0.313712426887444,0.022993052869271537,0.28279789083625373,0.09981030888668634,0.20766651521451987,0.3815081071252074,0.1257489703280754,0.5176703464442775,0.34448293679066366,-0.028389658782317712,-0.09951808578752891,0.2010572693715217,0.0998915793783144,0.16815633943414696,-0.018420739092615573,0.15216869207852257,0.1850924878722814,0.7470641878637582,0.01429990822794887,0.2374972654856281,0.3266071786707388,0.2903455079219313,0.010416662809848373,0.39894338260319717,0.21523586970745484,0.29672307698510775,0.09871112736837331,0.5110849911182186,0.4498701340259441,0.21952182003962864,-0.13820550766351222,0.2825817356926477,0.1438532477514697,0.0018592109188067033,0.1952858122913674,0.4619856791636538,0.20897206479783112,0.4460556139560196,0.3113596033066326,0.4381051887243504,0.293516517180358,0.02479476999255618,0.13161906866578735,0.31328446069157345,0.05311135896106863,0.33411401347130026,0.3122141595612664,0.4241288015118045,0.404291753000849,0.2225284892958228,0.3375376154515223
0.12575671815147046,0.41526885355273585,0.444636709366824,0.7190280551068237,0.5524702519093947,0.25714076345977044,0.650585466851969,0.9999999999999993,0.7968723356103198,0.14064161241382794,-0.0535396715560981,0.0772256483581143,0.26960714573501166,0.012124377761076341,0.1022238803389993,0.34861209752797256,0.22961378575590857,0.44621655954612854,0.044528023578314646,0.12074931231964116,0.10644041202633507,0.14079146399516673,0.17704675413841822,0.335277099948242,-0.003920939966489843,0.18695370494371638,0.49572074647334874,0.20262058495455001,0.4087133650644417,0.2524181997188165,-0.12936866707288597,-0.029689287507953497,0.06191230186970896,0.18173717003547732,0.2482868124912393,0.358928030149306,0.2959736256694983,-0.14015238868348617,0.1575668631960562,0.41529662337482887,0.03081340307559221,0.3538673515620883,0.1345996327308681,-0.05153205986336369,0.06568035231988206,0.2630674276402284,-0.08307328130704916,-0.12676284583703828,-0.18442925433368937,-0.1067758852712207,0.006460355986863769,0.29233437326407724,0.09596056469592527,0.25702516036011847,0.4275193861305674,0.29837476598250434,0.7140284655109349,0.4332071522567899,0.03058144883685848,-0.15437853758398734,0.07217018949605185,0.09945944691695374,0.4018369328723525,-0.006105652735370585,0.18442400359339053,0.07716558204481887,0.46589976387668786,0.06150331764537197,0.3503511502569069,0.44064378775069013,0.15049703252782065,0.20422908710459167,0.35930115995752077,0.2954541778389043,0.21793996811905209,0.1493994119405656,0.41786803867051603,0.39615931346593986,-0.27305853781702366,0.005954051900510992,0.3653656293608666,0.012043885140814569,0.1687342965200343,0.48248665177542643,0.5355081942464444,0.1835676182279477,0.3546355110979453,0.14996851450301382,0.298471755442086,0.15061955374542793,0.019349518452870012,-0.09145993683923276,0.2260475027625472,-0.18197662404630863,0.3636243441648931,0.05877598587142062,0.4182883427996289,0.12094199235890654,-0.10761075519848513,-0.05054843473042983
-0.13751167727423266,0.537406433950041,0.5270952292279719,0.5222204047849545,0.6756816378402896,0.5368781343401802,0.5557007919239961,0.7968723356103198,0.9999999999999996,0.17068160160681203,0.19904427851655548,0.37287458872942936,0.4061848036820898,0.25498507051240765,0.24216926084282436,0.23852967357981042,0.24731521588169528,0.6051805839003266,0.11691516629228482,0.18993928023812853,0.12902512137753613,0.25289262784654715,0.32245203474102996,0.3800781532114855,0.13342786363421302,0.4387015289077024,0.6219586958721186,0.3688763958743284,0.4506503755310363,0.4534535045715594,-0.06633230134652777,-0.14887337128032466,0.051886220687723236,0.31879650311514934,0.3352371447405408,0.5654066257244145,0.3045380948521634,-0.18529664047849523,0.25773392248389654,0.41840265957902206,0.15998565707732507,0.4534926804014134,0.24584964007780713,-0.12137655350928603,-0.10840810537557952,0.39156987763669227,0.1831102193420423,0.12023118484515609,-0.054447297967679366,0.03391400119270585,0.011574501173035342,0.5188135815994428,0.3345243344848521,0.44897772532315355,0.7618820534987011,0.5907684811544445,0.7980782491353328,0.6734107760600294,0.27393385182331614,-0.08550370862562488,0.1763276084282144,0.38545843776870276,0.5517338240971739,0.14454665671056297,0.44818915090918854,0.26690439486670076,0.4817071145175124,0.1655550858783518,0.4504103509812988,0.5446782700403345,0.24788961145850402,0.26875565967274323,0.3672503085220665,0.4409951908136008,0.2788376562890443,0.3169148966584784,0.48421145955285416,0.5294030622085902,-0.1963470711381399,0.09899727297139602,0.34010339501673603,0.12410327523815898,-0.0022224054966623616,0.37222681295887067,0.4621577796984983,0.32703544743237284,0.30391235089908775,0.24417653248741006,0.4180825610898974,0.23097536343909456,0.16054841548082407,0.1492262721608668,0.3247338621358684,0.22380480312033782,0.44916847469264976,-0.02477273641996472,0.3002344075793306,0.26131045503877226,-0.10361223426509075,-0.01499031533195663
0.527221529863402,0.4273621310498318,0.32754830412566494,0.10953971336766517,0.11640669153666268,0.03195455767006363,0.19730363714139326,0.14064161241382794,0.17068160160681203,0.9999999999999994,0.14860889421060253,0.3226818131415222,0.2981357962489403,0.3159495478613909,0.4719463332149991,0.511568744724018,0.47341777948215336,0.4520686767773601,0.5409474599178516,0.5126550735506531,0.4626897994008382,0.18831426725041153,0.38128603015004325,0.3204651141054395,0.3105854897659781,0.24917086351666326,0.30525337460167284,0.3977384765995737,0.4028700941795996,0.3938732345337955,0.14715260764394272,0.23832991926997718,0.5244147061454597,0.26718318374720706,0.2879173631369932,0.4219074790955717,0.1021994864587772,0.3694509570321801,0.33739785135958145,0.4042405121179512,0.08709716852957293,0.2778375659356864,0.2872087028796279,0.15389579017719815,0.23963335099743863,-0.06207416433045328,0.067723442161502,0.19048707439333437,0.2474745626544736,0.05262963328578536,-0.33497450382427085,0.36368073011206364,0.16014168136214643,-0.02817518776499626,0.3676183913718255,0.1908859991551416,0.32794422645424526,0.4610643534022351,0.06229809514152227,0.5817644835179557,0.4751962579511122,0.07177495733407942,0.33107427712245013,0.5295160093983821,0.34804591381230005,0.5161642524008017,0.39864964733576336,0.45749605189387643,0.5007873581093122,0.548185663437022,0.6195302624742721,0.04818205054472144,0.5187337971718728,0.3434524943602676,0.6455382558346567,0.43657873485187665,0.5282481962452494,0.5052871591336189,0.038316107460049056,-0.14775403902168274,0.43122217428340154,0.31175805723484706,0.023267939368888234,0.3756649000555138,0.20806265774936744,0.4491319397410927,0.304186634751329,0.608366646046642,0.5419372698463669,0.11683989601469437,-0.3574870684018131,-0.013883159600432664,0.394818553435533,0.45976687456289544,0.11395334392467889,0.09997891653263624,0.006475238076150892,0.38822665275971635,0.3007774645708325,-0.0069926646651598
-0.041265140086620876,0.22467570390129213,-0.01171327189905181,-0.1502448409886713,0.2552714730875994,0.2030013604725304,-0.049761671863925896,-0.0535396715560981,0.19904427851655548,0.14860889421060253,1.0,0.6934206838160594,0.420990412134255,0.40256063215638144,0.4375029738091622,0.08912409631044539,0.1371917211759151,0.13416175851636364,0.1225367381902568,0.000816233103327262,0.22841085252743046,0.3192722508030654,0.020043114655684,0.3867242438698007,0.18594568930083635,0.6639872290251285,0.24598416711751822,0.44767287019301844,0.08928953068215906,0.5692769533880038,0.03225415313386211,-0.11145755711117478,-0.09058855246400731,0.021208518999115755,0.23963112828241448,0.2631635465876682,0.043004545989235025,-0.10850253926569954,0.2586846822346645,0.2651347808826358,-0.008557779057801272,0.500944082192002,0.4112324210145761,0.03333082178519902,-0.05743794885985177,0.24101015052527391,0.15565987360901115,-0.0026743650946565024,-0.034510398027517486,0.05964067942943823,0.30826088355977654,0.26690041496563377,0.4693453825208278,0.08340983489176548,0.4410591696047557,0.2509861420938384,0.15031563807479625,0.3613257265550245,0.6535615659834586,0.2022445144637354,0.39385721119913203,0.5131974538276121,0.4850055735531995,0.3371093616257959,0.49008236484641804,0.5090935188996975,0.24436022362723725,0.2701241725886695,0.1825818908194887,0.09406516966435859,0.3215678739437044,0.3991383781136991,0.0213294979872474,0.5758751362874822,0.34836072428363296,0.5066463169667569,0.21938657859320057,0.4971934212544587,0.12194781772792898,0.20334214690726057,0.08024954959100761,0.043596916130471314,0.04112961187929268,0.14933575730953338,0.05473088289235911,0.12875531660588846,0.04610515883597397,0.34809502471577286,0.06212936333000117,0.15361007316552408,0.4250391102127968,0.43169403084931757,0.3354074404498923,0.3859358208172539,0.44993199894958835,0.17715345496939489,0.16204091644149837,0.1898058742652361,-0.10112305256412454,0.04998725464792932
-0.09636491407259408,0.4099168760001552,0.1552308666261587,-0.07371017698939925,0.33517512772596597,0.3509455210944586,0.03296127770501649,0.0772256483581143,0.37287458872942936,0.3226818131415222,0.6934206838160594,0.9999999999999996,0.47526599621121995,0.6703526064467471,0.5915988903392675,0.26034895793749746,0.4552608423441817,0.45098096587663705,0.4937076089960674,0.30276730184572237,0.3423458826559591,0.4416952592125257,0.35995894158646585,0.5435366295238878,0.4018131400668574,0.7534864684907949,0.29181532408777877,0.47188138322730855,0.20444892661604952,0.5943690341246357,0.061265303523119735,0.037410265717214695,0.014801934022503578,0.3197573243902321,0.40766822398735325,0.3997239527743664,-0.03725537700435816,-0.11730171540972383,0.18058537015038842,0.32856098661553484,-0.03610697541500042,0.345093254255748,0.3945268283554676,-0.2795161343870269,-0.1409365114324599,0.0630366911062022,0.17783524006310347,0.10304633883149153,0.06751498939139106,-0.07079703615481311,0.1324613182757117,0.29944615992561396,0.44792639827315517,0.22130538884264647,0.5842736296343785,0.3621525985602732,0.2559725175553376,0.54535560058867,0.4266760957196999,0.20510804123711926,0.33417271662467435,0.514784018697653,0.6244839625178609,0.5061273900784118,0.5506143951693065,0.6048254408658575,0.36307981468790756,0.5023088672103997,0.5374756795790149,0.43342167928115755,0.561637320632374,0.4112508564428265,0.33432364536102827,0.5829674073930378,0.4613060900689003,0.5495204102424672,0.4064942831705624,0.5591654220208809,-0.12086203623489125,0.23848338195366278,0.3522150064613367,0.18364547826961902,-0.038980911870986006,0.23802161704694158,0.09693019655884644,0.36177692488355007,0.05252424336532245,0.3745977032272151,0.3686862136252472,0.11344054026229133,0.17749367190285759,0.2844126400350262,0.2862395792278351,0.4252889596775669,0.4202334866041453,-0.11192647916409243,-0.03877969203924797,0.3184016207599332,0.008238460183368733,-0.11899675513048451
-0.15052745288440014,0.405055324538823,0.20974766726148558,0.1368429235088571,0.33917801743516474,0.19558262695451872,0.21067828720227644,0.26960714573501166,0.4061848036820898,0.2981357962489403,0.420990412134255,0.47526599621121995,0.9999999999999999,0.16414247606745166,0.5266989484596543,0.25898643678201533,0.28639660360794633,0.5105065578590229,0.1434179459119008,0.3675924795875154,0.41075424349273737,0.39579190998794717,0.4761046633528807,0.5596800206954361,0.26056292722011176,0.5689772400362423,0.37219019623795446,0.5270589961093906,0.44777260339679104,0.6616460139498593,-0.20299990355218425,-0.16452195139299092,-0.12307464920804397,0.31559793862648594,0.5317076390940076,0.43760610961463536,0.08951975939638143,-0.3192830797200616,0.1624032884451116,0.2755377298712753,-0.17199750201206868,0.1564079868578601,0.25465054780690394,-0.29081235815021217,-0.2218544748711898,-0.05102645706404641,0.008222979767894559,-0.0435736926066551,-0.0003282905570813878,-0.045113802174632345,0.021702672308053155,0.3030324318652977,0.4274655914115657,0.36104162158298225,0.502204878985098,0.35309817676722016,0.4914494460608963,0.340999484850253,0.2780140902329338,-0.02048285166528873,0.4451123999685833,0.8305986884996555,0.727463510960603,-0.022887373469634452,0.2420879340690125,0.536822441597336,0.44120432617657757,0.22317703786097415,0.4631817838145561,0.5074794091664873,0.4766292847573338,0.6096652777657429,0.49262227013510596,0.5447513435792325,0.4384982083772743,0.4436338190313699,0.5322400433847151,0.6977439560681015,-0.2114039082041177,0.10693352621622404,0.4495517033214107,-0.06673032903010513,-0.21721535585875076,0.25830060689386,0.1118957261007713,0.24048826463497058,0.13421527867290814,0.3536663068024808,0.37036499968807834,0.07332569958112366,0.029355245287637118,0.29956633834725893,0.4958012815398952,0.2655694839522311,0.5097386094283222,-0.21242153573988243,-0.16399488009720062,0.18059363927096506,-0.03968846281365206,-0.1555457700306896
0.12217231862565021,0.41391578527879325,0.08923690492380561,-0.06324900416849316,0.1317438426534615,0.2044102079930361,0.014152072106506895,0.012124377761076341,0.25498507051240765,0.3159495478613909,0.40256063215638144,0.6703526064467471,0.16414247606745166,1.0,0.562247289638878,0.31775092714469394,0.44254459890471526,0.4384916234870345,0.7413640284191501,0.2289246387009489,0.2955330136245677,0.4138593715834953,0.3319565820988321,0.07536904693658651,0.1985683263811169,0.3503449347651065,0.24400897085441686,0.4988765568483949,0.11527968143168621,0.5132316356033745,0.2249956112029695,0.2896963202356443,0.4347375643557605,0.3679263890699262,0.2570904154184014,0.3527130512304778,0.2562871529789997,0.28912208055905253,0.35041909618458533,0.36264463702211075,0.36312598667503276,0.34106378248682384,0.4834215825736451,0.09086250186507751,0.12808201681111814,0.36300859700295596,0.5613600072806102,0.38781210698472723,0.2304168896038278,0.2797558981198528,0.08233408022440036,0.33572108341908663,0.2928525549061891,0.10516064709465973,0.40644505674960424,0.2849393098213754,0.22003856676696915,0.49137200479561244,0.294266093281008,0.30052497496322444,0.09829833480167029,0.14055616328448256,0.3885354486826248,0.7809858924070571,0.6244277773214656,0.5301062245969642,0.16422290144837812,0.6927374568835829,0.49873611395072864,0.3538219479992883,0.3808323709678847,0.08519853487084852,0.1974529708038205,0.21215260803563118,0.30671942584071676,0.08890078661359987,0.18435715035188646,0.3551510357264227,0.043788813201748544,0.25596123387165753,0.023610184261570487,0.49308159378982364,0.04547006976145701,0.09428128425382465,-0.08858138269913925,0.3911031388511155,0.20897781534851373,0.48028915808041855,0.3239144898277652,0.03956527464744237,0.2605234506154865,0.1872473571241784,0.135633793805605,0.3898574802866807,0.05923325757310969,0.0397487713317237,0.13635482789499548,0.4082506486201089,0.16356957735650685,0.22668845257070613
0.28113133027053383,0.5514321177738672,0.23362162656690122,-0.13449830993787082,0.14079216010068826,0.17821253814315774,0.2740952651018307,0.1022238803389993,0.24216926084282436,0.4719463332149991,0.4375029738091622,0.5915988903392675,0.5266989484596543,0.562247289638878,1.0000000000000004,0.4449436375710084,0.5093506742295705,0.5792518128627259,0.47778658104220373,0.6470142362289188,0.7915913203100952,0.33967006179956827,0.5556359385334394,0.6236550918125764,0.3698884710023814,0.4076245341762621,0.4817229302761253,0.7678451899838067,0.5934693668612018,0.7770316692988554,0.2338507465469185,0.09588694101082718,0.21360916113068498,0.32418153967883406,0.4539632456516137,0.5785331675318429,0.19821254585976997,0.10506326961032086,0.3128050105035886,0.5228888375675538,0.14135854896418013,0.381132014012531,0.3971520155121529,0.1639486801712298,-0.015430838606370125,0.2547205948955477,0.28871515317453006,0.23458023689202775,0.19543505625873756,0.15177441043002976,0.17806706099198213,0.37131463925076374,0.49238857897194915,0.1351343060722891,0.5053917656101778,0.3160355285284515,0.3743304273816944,0.5074070180897544,0.3063865733928228,0.0603018625755913,0.33267610827512206,0.4261529536219497,0.6139484827288086,0.47461745916977427,0.577381092403509,0.9387246888286341,0.6040731432743159,0.4588116523004373,0.536024177428455,0.5306988841000005,0.8322423532202761,0.35936560697327896,0.506196430944815,0.46252326368468316,0.6629994232659476,0.4143179897682203,0.6977159162924539,0.7591039949684124,0.14386953859120788,0.1662025834137173,0.43724206508603064,0.1856780083835687,-0.005025480815798742,0.2584263164597222,0.0879203018948437,0.277684018371742,0.18660691424805884,0.6178455167972969,0.528798150212737,0.1714826021582432,0.07666496680893674,0.3815074639104991,0.49359205297308484,0.45569915559201934,0.40315156951726694,0.25514426158162945,0.031091047655483692,0.3838067757325578,0.10455483822971748,0.07518912436713379
0.4585658598445037,0.6325800375683784,0.39714330665264685,0.29129669047171486,0.20117565874386575,0.24229551615521935,0.4191814954592736,0.34861209752797256,0.23852967357981042,0.511568744724018,0.08912409631044539,0.26034895793749746,0.25898643678201533,0.31775092714469394,0.4449436375710084,0.9999999999999996,0.6132182133546643,0.44068027098820906,0.4667809180489526,0.40377662811260573,0.3372987547379085,0.33714024746287885,0.27889593403100754,0.33328377472458093,0.06596801113762267,0.04567175654463784,0.23469870600700068,0.4081259980199629,0.4020323262897349,0.41410241596253006,0.024336973589981988,0.0698589876452473,0.6248459972502527,0.4557313665168786,0.3933738751034139,0.3678706953543733,0.39803535087858904,0.3373312084611106,0.37648125194097015,0.49659600406019627,0.24175290429792934,0.17878626656904945,0.4807211103150426,0.1896079385379398,0.32497199797273996,0.14872308345921403,0.22071196131746232,0.06441875139086409,0.2505271971168248,0.15982312021988554,-0.20165953563079175,0.3682722398804698,0.213514930526203,-0.04829824851609853,0.33315721684580846,0.24686801222057794,0.2898095601968707,0.4549602820666547,-0.11893727909805063,0.25982118883007876,0.5350021525577704,0.024624098082646224,0.3760971140592296,0.431036480625898,0.37051071020513676,0.4184636770138405,0.4498889558928023,0.5036533655419071,0.5934426611596794,0.47115073834178617,0.5167584166523742,0.05255635518862631,0.3585370883766672,0.2621302911929712,0.5572910889825269,0.11338538795479293,0.41246182875320786,0.45467588994029634,-0.11022598213038008,-0.2443991858033274,0.3034140390585717,0.3320110100045974,0.22861297646376366,0.4707265188026973,0.2535876585034522,0.33458263885985023,0.46490940406319703,0.502661809361694,0.42190109833857803,0.06936920386156961,-0.24322207602290943,-0.2371976054769932,0.1423502915004732,0.16348285231689022,0.27577674523177,0.13799047665478606,0.26783020061352963,0.2721080926179673,0.18722766557042309,0.11568352067509148
0.1419060696471346,0.4203131496526912,0.28714012085630425,0.013155893817616993,0.1185361165970804,0.26577299995636994,0.2513876470728702,0.22961378575590857,0.24731521588169528,0.47341777948215336,0.1371917211759151,0.4552608423441817,0.28639660360794633,0.44254459890471526,0.5093506742295705,0.6132182133546643,1.0000000000000002,0.6378274628145463,0.7565450469649252,0.5165247768327659,0.4713815500241168,0.6521155764664957,0.5467923277181045,0.47639580931965947,0.19075859366212486,0.3822674076687079,0.20721178719849392,0.5297055580402377,0.3259074423344634,0.5598240091438171,0.1773666734527228,-0.08396449419908393,0.2886817917980542,0.6223060210394504,0.5951213285763781,0.37233181967607326,0.125788241352281,-0.010823709254389236,-0.03641761309220313,0.1661374379861667,0.034292490022647885,0.07159007575457843,0.547017784074267,-0.11702209026819226,0.07128194567163885,-0.06243023794082211,0.19612057152268264,0.0975891634367443,0.08999212331371449,-0.04979106376617273,-0.33141644487219507,0.18600450025843476,0.08194437880854001,-0.09914140052026758,0.4687796226725243,0.32255551161466167,0.21373682485630105,0.27937787286252963,-0.19128669726472497,0.23360670419080296,0.3796490072691148,0.07650349116871018,0.42839714372545157,0.5187502643785596,0.32800767633666195,0.46130529573878437,0.3554047460772493,0.6569032404036205,0.7389032387374642,0.619505139151399,0.5250422024076008,0.3501955689311389,0.5282950314918753,0.1809789995519151,0.6527777440755724,0.26110860794907775,0.48922686643008817,0.5254120827519718,-0.13585506605808884,-0.33521760637481196,0.5260570837429797,0.22227495750331244,0.0790634066674147,0.5557900150066303,0.19505286009608136,0.4673249136128997,0.18890038296799344,0.5303908908161811,0.46527224968738445,-0.07871361542671333,-0.34744137299033745,-0.19111423861560722,-0.04191365811538983,0.41308837030577666,0.3679170732539551,-0.04775698843673067,0.010938325460651804,0.2668069725018021,0.10504949270331261,-0.10616172751341443
0.040731854687453564,0.5952646888193958,0.5439774457709405,0.09015279809707698,0.2553974426214555,0.4308750253682768,0.36330469378285934,0.44621655954612854,0.6051805839003266,0.4520686767773601,0.13416175851636364,0.45098096587663705,0.5105065578590229,0.4384916234870345,0.5792518128627259,0.44068027098820906,0.6378274628145463,0.9999999999999999,0.4973698764993993,0.7478079869617028,0.49858827940817896,0.5986481695629439,0.7701382458411538,0.48732877220140164,0.3173105722431793,0.42133107148424737,0.5060002087179383,0.5985688009934919,0.5382391248579541,0.7132720430407796,0.10061987227163847,-0.12039450540879545,0.21745403017553452,0.6997831416359466,0.6491891639930485,0.7330735962267281,0.2449642607338219,-0.1163695682096446,0.08308087562963946,0.24864042531973793,0.09047054627464093,0.1710515125119993,0.46425226259940605,-0.20474643712671214,-0.07491759277366142,0.14110846829962556,0.3950278601917106,0.3025385844633183,0.2781893729591785,0.0685953257635858,-0.16450633240662255,0.4906329568524251,0.3193882582367418,0.23846432327443987,0.6968240745017172,0.556812007162872,0.6499857546185931,0.5640329893297249,0.0005162869693610001,-0.06281122815989448,0.26817972338763274,0.3477813894698361,0.6303746510326202,0.2690146542216908,0.407004761981871,0.5467546852002381,0.47768639894986836,0.35708665747802787,0.7055748259842431,0.9126474137087895,0.6150275639549182,0.3412703929197111,0.7459776875490235,0.2048827141645421,0.5163310817160192,0.2441734692115697,0.6146733276577865,0.6990654469640566,-0.09346680120761951,-0.052441589060723465,0.5667749204953278,0.25374551840073883,-0.07670464873498625,0.42584030934043143,0.1924104564008416,0.5837516308992408,0.31505104345973184,0.49413404559921026,0.7940774787802402,-0.05916897923377286,-0.2415566583696757,0.05701909904071719,0.11003988086007771,0.39973139663923224,0.34487687747869744,-0.17086662343953601,-0.06024849401230172,0.4318964531588617,0.23990479341882395,-0.055145454144555295
0.21087749397506528,0.3645477759241545,0.09044243937842808,-0.046005715045071144,-0.0007721512841148094,0.018634474181749835,0.06231229036779358,0.044528023578314646,0.11691516629228482,0.5409474599178516,0.1225367381902568,0.4937076089960674,0.1434179459119008,0.7413640284191501,0.47778658104220373,0.4667809180489526,0.7565450469649252,0.4973698764993993,1.0,0.3931917139432395,0.39717069933582916,0.4847251788478937,0.4354144155037966,0.1478309404902609,0.1740620711402119,0.2640261484353399,0.14949448872499788,0.43995456747899997,0.21143742898669604,0.41484401290356415,0.25576998938907286,0.13253760821422747,0.4983448505250451,0.4956625233333556,0.33652438642675,0.30702916312235234,0.21093378774813,0.2828837327218492,0.09839598222584993,0.23957565932490424,0.2421675909088568,0.08473847236464326,0.44838330935448,0.001481850923353799,0.08490174073770086,0.05004317671479187,0.349586434294912,0.2970070376609,0.15049804072068254,0.107984598254347,-0.3328325499744889,0.23172725096637845,0.05752409673140306,-0.04319691430752191,0.24863028757101266,0.17348536505991316,0.16058706053537034,0.32502142224917413,-0.0484648904326524,0.433844211096454,0.2718086925925722,0.01265284263776982,0.3031259627260367,0.7338284034613821,0.4081031158309026,0.42941403339575823,0.17599552846197478,0.7784588567996589,0.6348755274248896,0.49770022386439977,0.46408001285007056,0.09531948712111127,0.36313147999832607,0.1281137886240221,0.5233903555631175,0.1452093883120839,0.2999223136045919,0.3567717894213846,-0.05437905973552455,-0.19391662357173695,0.24590700590594902,0.40727628574021246,-0.03682535822506729,0.26458250414449974,-0.030163567615357156,0.44550732257575537,0.25907059594731985,0.5327042078109777,0.4173282105743525,-0.024526166845283512,-0.20188141370359533,-0.1560875546931382,0.027953555266543296,0.40657104529792976,0.07545884458449588,-0.07038116575135546,-0.013162080537863894,0.35000562034579324,0.21744820274853666,0.05582442129868194
0.2632292048094069,0.3294262933942363,0.38049318751575156,-0.19149038653548567,-0.035154928201711906,0.15856825508164618,0.4115407445164787,0.12074931231964116,0.18993928023812853,0.5126550735506531,0.000816233103327262,0.30276730184572237,0.3675924795875154,0.2289246387009489,0.6470142362289188,0.40377662811260573,0.5165247768327659,0.7478079869617028,0.3931917139432395,0.9999999999999998,0.6632414591941858,0.3479412030325853,0.8346246216750298,0.5109008128794943,0.31789222755654795,0.23693070071205888,0.3976599117360286,0.5902583182474195,0.6244474686793487,0.5521760624917109,0.3108450913163432,0.06037554645636776,0.23292957390563582,0.5143774804873837,0.509006898167331,0.6248595091510641,0.04786690125676503,0.09959790721251693,-0.019577314501868257,0.255492310343301,0.14835410354504647,0.01995816007166179,0.22563265902463775,-0.00017319416318363189,-0.16043117748760088,-0.018537854225536964,0.3078596158170594,0.46353199363739866,0.5375405704692918,0.2146993928258938,-0.0881842195600291,0.21382929649151586,0.16559512591574216,0.08552131071842384,0.40836282421275727,0.2523089240569182,0.297487102024093,0.3065148674167664,-0.10004274197819726,-0.059002718941072355,0.2985481081578944,0.21977956257189457,0.3384261627505168,0.12893018960126593,0.15205960176538091,0.5613073171878132,0.5751447131092543,0.16890014182019633,0.5050569022030926,0.7017894333230998,0.7576048648984178,0.21161804222853473,0.7936762533001295,0.11990312004202666,0.5353532485730299,0.19228619213092077,0.6184821211715154,0.6395529749775944,0.15815068883177902,-0.02189158094687663,0.5472101507343956,0.21519411292637877,-0.2422014977571284,0.18309220642656682,0.052589852325143745,0.46779159191673314,0.26508629107969683,0.49216442583008135,0.8447560401894083,0.004555652149037066,-0.3209996361502399,0.17926810076037547,0.21373618928273722,0.388190633442632,0.23655299279286315,-0.07056610883091942,-0.20821168069212523,0.5312071666933069,0.5126070148507147,0.08364728377463557
