0,1,2,3,4,5,6,7,8,9,10,11,12,13,14,15,16,17,18,19,20,21,22,23,24,25,26,27,28,29,30,31,32,33,34,35,36,37,38,39,40,41,42,43,44,45,46,47,48,49,50,51,52,53,54,55,56,57,58,59,60,61,62,63,64,65,66,67,68,69,70,71,72,73,74,75,76,77,78,79,80,81,82,83,84,85,86,87,88,89,90,91,92,93,94,95,96,97,98,99
0.9999999999999998,0.31947545708210173,0.3293345339549317,0.2569252357559751,0.1003973670412284,0.22216905262770453,0.3247641920603711,0.21142922640366157,0.04669237112663756,-0.030458073538224755,0.07592943619708672,0.03703478957240024,0.14741019313068487,-0.28513285166065244,-0.11295859704863247,0.40847156412149715,0.09298070835422022,0.33916503065370335,-0.16178440030122918,0.23209759336831973,-0.17919608698303036,0.37306295321973226,0.1152963052605558,0.11537366133345027,0.12369428230381692,0.23473453586665496,-0.07971502624196729,0.1428662004334909,0.031121968592358083,0.18388783862888963,-0.12940117288259903,0.20793415525949516,0.158402845267163,0.2355823058232182,0.1762854694029316,0.22633359304550682,0.030253594725610476,0.13054350572416834,0.03957763717302151,0.27457829515195004,0.20828818971317506,-0.20679731435765286,0.11025771563180634,-0.13152721953253724,-0.20808448158907683,-0.08444549472676746,-0.12696978692201763,0.1490560489559413,0.32633779678228775,0.2071664394613639,0.47681545656878094,0.39623127532018027,0.3464501625118204,0.24035622739051418,0.15798015808449795,0.1773852843764208,0.19670495253057896,0.1344795291214499,-0.0010444765535751158,0.17616694965576446,0.09354909500151846,-0.029877460881294178,0.055881211367390785,-0.2655437200197548,-0.05858836607462458,-0.09671270419058445,0.38735054106960853,-0.0531424892482951,0.1686500959694308,0.35349490261865263,0.17618446244946595,0.25742027950586016,0.11759988336733707,0.15852127400005894,0.09882353204866151,0.26035965024269836,-0.09379875414962276,0.1155003959890841,-0.172919568476878,0.2891499206830278,0.07575813632524402,0.1364648693007899,-0.17217287613245683,0.1852604506432246,-0.21782499816759557,0.005503853784845523,0.028918171796149174,-0.03565706393895067,0.2525274770698382,0.07609988803536126,0.17566649536129342,0.14303608505458454,-0.18682152484873335,-0.008329129260197566,0.11494271353022775,-0.22250368793091777,-0.20322355974153727,0.1408790983809294,0.41385990184881605,0.1836641700179997
0.31947545708210173,0.9999999999999999,0.6165106689230853,0.5802291756716245,0.2776051234128077,0.22011113013107234,0.07496761347722308,0.3500530455461375,0.0877850350702863,-0.11716653237334057,0.022945283815714163,-0.026451487913752573,0.11029247695166369,-0.07270977970069897,-0.028803998240994,0.21991247560652938,0.12047732995564746,0.16987420347850873,0.06074391521926619,-0.023238653904039355,0.12603215601901577,0.1346428176305053,0.14822875316540346,-0.041678181552831324,-0.007405965355345756,0.010112855914897259,-0.014248425531367247,-0.02435453316088519,-0.1708984604058057,0.2590624985159048,-0.10918940851249163,0.11166128654883155,-0.07985368772524848,-0.013707514912083833,-0.02812830721834651,-0.04407433166162838,-0.06810926166514097,0.11635333866838378,-0.01912609553619524,0.09952200161035858,-0.07932543437721346,0.027295763920507067,0.012093235316673551,-0.058949354610907286,-0.06516470632994031,0.05702954162858847,-0.03253213487994103,-0.10059969126456157,0.04120405117634161,0.02002797647282464,0.21712764157847608,0.5754499891298516,0.37973911223462903,0.4401878229524903,0.3381323362080558,0.06463261394219942,0.42680372879310324,0.16471546777291693,-0.047962699773810055,-0.017514820502038186,0.0156997936551656,0.11209184553156742,0.009480204907275216,-0.0889444007388083,-0.018063537647627134,0.01755239256316954,0.04248266010469345,0.07979839184038563,-0.010766076130431035,0.07595164874660432,-0.020045115877446083,0.1182743487337605,0.05300383900091635,0.09300075052934487,0.021624273781469496,0.09099407270636224,-0.24564227725496374,0.02523255380036456,-0.12336852716077362,0.1699799770380051,-0.1538072333871539,-0.12755985305308137,-0.13475603108588777,-0.13959840414075,-0.07448149472437367,-0.13719625027328214,-0.1328565307125367,-0.08934203270820686,-0.06031520113974875,-0.01463552700279275,0.02319647698974557,0.0673219350324578,-0.014913463463024874,-0.037101740533220025,0.06424268332600508,-0.07607423887088262,-0.014486504551242755,-0.20881984491480984,-0.016961613036340414,0.018548077081186554
0.3293345339549317,0.6165106689230853,0.9999999999999998,0.3256675585652451,0.24205728431119192,0.5007291818011,0.12061405809322757,0.437135678433677,0.2260947722791724,-0.012916058927203742,0.07799028922623738,0.02221624503489371,0.24822388400331957,-0.11873843254296414,-0.0927245037817054,0.27832135660284185,0.22527533441305614,0.38562465329229134,0.20674341036583652,0.06422745218234588,0.05482063701899828,0.43740047555183387,0.3067301274681432,0.047650916312720185,-0.005409035495433636,0.13846197089196602,0.12916893072264207,0.11876325241080644,-0.0430328860088727,0.22769023455000822,-0.3230417326697948,0.013500624963607408,0.09047233070590245,0.20707949124433278,0.16892063358408338,0.02510270449967411,-0.10283073336106804,0.02963488698422243,0.001400633219325641,0.07638661390484157,0.06306504826000796,-0.1006493908897181,0.15233496787221087,-0.10601695115893732,-0.15132776851347846,0.10038001260479941,0.1525608740222967,0.15707554124271053,-0.07061417629855173,-0.04769352404891287,0.2785951821882427,0.513578996263757,0.3416520943951795,0.35273287194924796,0.5283179037704794,0.17626355005394165,0.338661605823481,0.2342565518365702,0.0364868095533311,-0.08365705338953569,0.09388718041557531,0.20269754625353623,0.08315189181895302,-0.09802111885555605,0.17063078317414612,0.1273565772177632,0.045429380459098286,0.21929503778717652,0.11766892906954485,0.21952463223061702,0.014664225482064178,0.29558670696881756,0.2381840469280083,0.018015039640150103,0.14840799492741355,0.1378015737010366,-0.06621175710114759,0.06536831421239948,-0.2026868004516916,0.13635881300640348,-0.05562984396614446,-0.005670738577796634,-0.06061650444761098,0.10028727902169982,-0.061714453953543205,0.006829106986460351,-0.13889991903900467,-0.015980858350907172,-0.11352132252901107,-0.11021642497111318,0.12180654729594784,-0.07765929018728945,-0.18275990576232076,-0.07558941610160043,0.09616299699985069,-0.03872770584622354,0.039005060685449164,0.03232334806486393,-0.022396149260461493,-0.056031808627559306
0.2569252357559751,0.5802291756716245,0.3256675585652451,1.0000000000000004,0.3194891484895461,0.020108908691039883,0.023842269712155553,0.44183813768621627,0.20446011576643347,0.13308076292456505,0.27712257256568273,0.20694920165465844,0.13791373342877816,0.15664019285398426,0.03286111402727026,0.010456906227729455,0.12061844871106289,-0.010450756952072388,0.2894888434263058,-0.3929536056802632,0.2122507004627726,0.004340655340052959,-0.17328892184415096,-0.23251867320137015,0.22036802999951333,-0.11850084200897841,-0.11143725485335237,-0.26008706833269296,-0.27264629278535946,0.04415457711966438,0.16756355660390662,0.38133521770187384,-0.07072535593048244,-0.19458571705332714,-0.2741381121245451,-0.2814415009607959,-0.1471018997887195,0.28105763437870107,0.17314887468685985,-0.010029605987171971,-0.2807975311405883,0.032670664321188585,-0.040004718735380446,0.059045653910124514,0.10127542503706628,0.0747463380167642,-0.16627774376615076,-0.22961475996209396,0.018081386970832652,-0.01601848164872168,0.12218597220224464,0.5700938760788926,0.3279203637967907,0.6600028959971312,0.2581019527851018,0.2016830635119107,0.5908769312149329,0.4181550654497801,0.2280490314068507,0.33967253662678715,0.041881728297008605,0.15146191774005063,0.1052641678662836,0.1906863600840121,0.06714391285641838,-0.009986541593926465,-0.04113658783535932,0.10522770596135839,-0.18401395854921637,-0.08841025655608853,-0.2511527924202824,-0.04224754020775657,-0.1055584921585543,0.09074502881323124,-0.04665940139589145,-0.034504149161809605,-0.38904908052881026,-0.2084124385771593,0.08265118302335182,0.3163857109585686,-0.38586589339673394,-0.29201289741276226,-0.021699745977526556,-0.29610043868082603,-0.097621498058366,-0.19009020485987144,-0.20524672854607076,-0.1644642549745873,-0.23242856525891772,-0.17135473880222135,0.03743925717664372,0.3066506189146869,0.16644608185652376,0.05594319716015286,-0.12428541685340813,0.02528634747827665,0.1018870026820584,-0.3056093079012138,-0.15553228941585998,-0.011333067546472331
0.1003973670412284,0.2776051234128077,0.24205728431119192,0.3194891484895461,1.0,0.20156636516947868,-0.30167970086042406,-0.2948848174955138,-0.18710007632836,-0.11158221090458151,-0.007864441358405678,-0.040202792227825815,0.30081430777964036,0.0776269385603724,0.02866471958630923,-0.08878186058658649,0.025501199844381345,-0.06252252474223959,0.0339151336104746,-0.1299247639473766,-0.09167714287832246,0.20513762970659108,0.11727083458300279,-0.09976810037366264,-0.07226638919415614,0.11986150434070951,-0.0288941659627899,0.23092193333197997,-0.04696410252870853,0.157102188746733,-0.24915193572103528,0.073762414804573,-0.21627355410837887,-0.03180987165701913,-0.09352044095291906,-0.014195298713562246,-0.08307552194410998,-0.03627411205593507,-0.17767980275077366,-0.20937819561978446,-0.1332968833937602,-0.06076043852628811,-0.09070359916379332,0.05251357569213789,-0.19916609072961738,0.08438891698596718,-0.12293820287918028,-0.035207399594007927,0.08810086900368601,-0.0024164090357645896,0.10620433723393077,0.26101837358325475,0.06492817888840527,0.651508875338824,0.37197792486174414,0.042378805292896025,-0.16053686705581266,-0.2228606537595864,-0.0706311854525799,-0.06954618115934412,-0.09103899207980948,0.2208908552007316,0.3805203670749469,-0.0727412879882762,-0.11186565833966987,0.009431395495874245,-0.06425217919047088,-0.009830190495953942,-0.0430840987895732,-0.05156983122547439,-0.2459990017569193,0.09830715757231717,0.054782886975626915,-0.10688217402595264,-0.16695613473837026,0.07524292975218139,-0.029512316798636952,0.1253760489401462,-0.22809963643606887,0.11778277870276768,-0.1939032493176361,-0.038840869946318544,-0.06360310807458398,-0.173379778716123,-0.018278356754860874,0.0035866554830821695,-0.09167213544093117,0.2640549714973595,-0.12848607746966034,-0.012045639290832843,-0.0010940285759497214,0.06204265795012732,-0.09427226247125078,0.05663647539617068,-0.03979375411773012,-0.031351316937468815,0.11187242555230517,0.0775852064240869,0.025560358275908256,0.034938164317798406
0.22216905262770453,0.22011113013107234,0.5007291818011,0.020108908691039883,0.20156636516947868,1.0,0.34350687264083457,0.20065851064594353,0.39551970858609636,0.18936288453610706,0.32457742663706357,0.25576478678444464,0.347396872190265,0.15559012819039497,0.27873220765481255,0.14780733693838763,0.22003475731110297,0.28056890282508495,0.09542999915334484,0.2828203556132693,0.08087332499904201,0.325286674429106,0.5140754744030985,0.09369272076597045,-0.07121026570169418,0.21450327933172117,0.2140424277241046,0.17044188157192167,0.053388246821091646,0.08991445095709738,-0.18012154845328185,-0.08908364687409841,0.3250421010743567,0.26458909549538606,0.16442140009606385,0.328901905207345,0.17389984751178617,0.08514872592202755,0.1020225067083904,0.23108567680499184,0.3723875279918397,0.031447507675318155,0.1894207187141373,0.13004561937560905,0.04714128240712843,0.2221760162186075,0.1965296740459125,0.3718617232075321,0.2910384929064609,0.2554444212530132,0.035999862099062,0.07251305041756254,0.013226597104970454,0.035998731079781604,0.7151602726805335,0.43337868839188226,-0.012529421636757635,0.17680810196981947,0.11339988597517202,0.04239719588169958,0.15183360632469414,0.17399864863982473,0.11234309827816219,0.09921366201482021,0.1588818309534115,0.4596016016656461,0.2882797969295501,-0.03139963381812371,0.24215346048988334,0.25044730465967796,0.25306613037676706,0.31031773819384517,0.47610963982442484,0.01938543913806235,0.07559574546371883,0.13109081317771876,-0.16072150524821605,0.2526029880602672,0.054690869722400115,0.15913350040857796,0.08029770924494369,0.27196771260375113,0.19272313015963732,0.26771233489192653,0.19691786377403708,0.31289220182430677,0.14057814625773907,0.37666495047665927,0.2111106462261237,0.23092681275572027,0.38233673114932903,-0.0328138297591335,0.015776722614503177,0.04113118921184637,0.2592507130026998,0.25513172088095176,0.1924094792119483,0.37012898313379966,0.3475919104185653,0.22698891407449281
0.3247641920603711,0.07496761347722308,0.12061405809322757,0.023842269712155553,-0.30167970086042406,0.34350687264083457,1.0000000000000007,0.5288511877806584,0.3629867765349507,0.23663391037106674,0.19057934618484773,0.3207067735057118,0.00896657965867115,-0.06823104341247659,0.11605849473131569,0.3329169233021711,0.24281966826683865,0.29357343116364665,0.07411034585458157,0.29031687461705313,0.27858879731266134,0.13932778369593668,0.09237626759231152,0.23480806800712015,0.16613485358567132,0.08932913716787241,-0.0618456452270889,-0.2460226088663063,0.05445303968685406,-0.21806542718904154,0.21949350136780935,0.10740096736910157,0.3055850727607284,0.22997624584675455,0.08794600257032946,0.28928852149398465,0.059041075561644986,0.03602592672109985,0.0051764978873661705,0.34401233318966284,0.24289586107546196,0.007499953213748917,0.04875747508047949,0.06577572619035324,0.2391556216776969,-0.09825344658227003,0.025788353426477416,0.23199104528179013,0.3043274578339108,0.14876600549892238,0.10562335791993878,-0.030448291760000364,0.2098924823567038,-0.2924735226382958,0.09195899888350591,0.3057689179068837,0.21044141325595195,0.3229974979901403,0.13435806329973934,0.1697542980903245,0.11479866883614966,-0.19469951331085314,-0.30376612662869956,-0.03176007911718121,0.22476359150907183,0.16629564110183442,0.5707875475328209,0.013940217345753573,0.2176059786482404,0.34435688880340504,0.5450889780200606,0.11364181568129265,0.2982267666080012,0.2003254176563914,0.22974787461683804,0.15384614869996913,-0.1336381676282675,0.04435761952985336,0.2684231706070363,0.16867785502483515,0.19915103695682307,0.14521498490262066,0.10472480698769727,0.2659131125955344,-0.03702270152241738,0.103327821877936,0.08980111154886716,-0.049304482776762935,0.364829593505471,0.07025594884585125,0.12822863584221092,-0.10515884661662915,-0.04703320896469132,0.14583052695497556,0.08293092506402398,0.152032426842301,-0.11950927093515294,0.14395506474352984,0.37086797338474786,0.10813454878648193
0.21142922640366157,0.3500530455461375,0.437135678433677,0.44183813768621627,-0.2948848174955138,0.20065851064594353,0.5288511877806584,1.0000000000000009,0.5006403847408529,0.22560018186053302,0.17031806577533168,0.2372986495024846,-0.02989158018941148,0.009930450762983836,-0.047751663320518084,0.2510915547707053,0.2400926544681583,0.4090788003908188,0.3830396063300578,0.013054744505738541,0.45309908264851895,0.057978032972364216,0.02745999990722953,-0.06545547131674237,0.25535084963138005,-0.0364444457545938,0.02703602512514611,-0.27804152764644796,-0.0569130162575361,-0.01812135159322224,0.2598613314597583,0.25706471541394893,0.18655906142133735,0.08647019115179914,-0.05757466596969852,0.02801390427727986,-0.045805911281665564,0.06425432578826222,0.04137530997209685,0.017020307344359668,-0.06158209057084369,0.07292286175591213,0.01715224712534738,0.13381768208633318,0.24429773443285785,-0.10060988533317584,-0.005825318042710402,0.040920303329172486,-0.09625576658444332,-0.08175047354375337,0.1509326817751121,0.38623479574633374,0.39866869443540975,0.048042570157717165,0.2003761126941125,0.38816600126767176,0.7834202175441324,0.646453460347622,0.16791684683161115,0.14571671142394918,0.04480947940926978,-0.07264449367043997,-0.25706885500950943,-0.01716336345456751,0.3043752617860275,-0.028506826251939593,0.11018752697050975,0.2709243091654753,0.11900275080287169,0.3484783249121873,0.347847843652904,0.08172788959020102,0.16624655801583496,-0.024506900309166975,0.21133188788137294,0.09767069051350237,-0.14872748865927346,-0.10855034170003142,0.2971093498554372,0.19923817571279173,-0.006506087938620197,-0.14010633323176733,0.023678347063529805,0.05612392870286014,-0.0017965906167979075,-0.11212356617168756,-0.031158879129163753,-0.15448008015971937,0.13549089646211168,-0.2430635133917128,-0.03123970320366179,-0.06947116695019291,-0.050730313204281875,0.04527948260300515,-0.05286941482236595,0.11600308321837395,-0.13146931102795026,-0.14036478199799915,-0.06290326595022262,-0.11744357938916468
0.04669237112663756,0.0877850350702863,0.2260947722791724,0.20446011576643347,-0.18710007632836,0.39551970858609636,0.3629867765349507,0.5006403847408529,1.0000000000000002,0.5534417020020559,0.5257492526812655,0.5074783963485713,0.0900754908571465,0.22912885268303443,0.16034325108707584,-0.27800954277844314,-0.22892797074671764,-0.14805472960249694,0.03278969020259855,-0.018448310255724805,0.33333363397922666,-0.12878174410318802,0.1448246506322477,-0.016037308243221506,0.3529396590614746,0.24923376306759298,0.23581470714477792,-0.09250857113238124,0.01170970633999657,-0.03282243330600502,0.41985143267239466,0.3956258432923093,0.503214059859254,-0.18221287564584862,-0.047607244392024316,0.12717475310645165,0.2903687320900424,0.4033946629902117,0.451967250656349,0.31885342326978117,0.18348067319949138,0.3529084808647133,0.2792085301947637,0.34252910722026136,0.39753750810128413,0.2570173874602387,0.2765988526131765,0.05879798720540826,0.14950068157715804,0.2626870251729688,-0.06527014698173954,0.11646694156028187,-0.16142942883382408,-0.04586983887234574,0.20622117971003656,0.5990983881970515,0.3128421473488982,0.5729957762590442,0.4399855457672575,0.14235763892813552,0.31382314196651184,-0.05904799319253266,-0.17477741180709827,0.011105299486965224,0.1530722680139178,0.20687260851919131,0.26099549057643157,-0.170525836909076,-0.11798780196878475,-0.04096189533246461,0.19741353923680818,-0.14018678187387082,0.08490705320576267,0.2552004421238853,-0.003534082989971334,0.13674664777824555,-0.15176476629826785,0.10531448060855221,0.43790054441818643,0.4768128414863618,-0.14559217893350757,0.1956039484006841,0.32447964866563916,0.01555852360055494,0.24067691392410498,0.20914908238046728,0.35371990770894585,0.13271010740491096,0.19007212746555943,0.16637281323394748,0.33254491018887294,0.26050749601779283,0.3775799682271897,0.29848243962383003,0.14622850316424174,0.36260306450378715,0.23097884046663036,0.04375003966444201,0.05958223477545434,0.24295500285085622
-0.030458073538224755,-0.11716653237334057,-0.012916058927203742,0.13308076292456505,-0.11158221090458151,0.18936288453610706,0.23663391037106674,0.22560018186053302,0.5534417020020559,1.0,0.6163253118725616,0.7303638801181297,0.16392776902683967,0.2071987707018741,0.053073794375074416,-0.3138362365330617,-0.17739907074153483,-0.3101236588385597,-0.018074680193629424,-0.2329487745412524,0.16820967866651343,-0.09699601851921169,0.012663880106516374,0.028259688333379905,0.5176215619018013,0.3444612081287599,0.02561834709932038,0.014482801105234823,-0.06141026987299819,-0.0060156394624033705,0.31435373237208664,0.5227744286943145,0.2869051623217267,-0.39202656301453437,-0.35948572966828346,0.010105761902801024,0.16810725657569697,0.5748051049270451,0.5091602362151457,0.3153519549183366,-0.056596751024987194,0.4736290912081478,0.23018280322588777,0.17809147850995566,0.14966990291355384,0.25598464603168664,0.033805628928716705,-0.20278807016475997,0.1101615496723816,0.1770085332492607,-0.07450145625838073,-0.05651106220074306,-0.24535522966823306,-0.02435270300481829,0.07251004462524033,0.26647201799715015,0.1550825275361389,0.2850834939679414,0.7319711009846893,0.4292667146751152,0.4868877501078861,0.11961423758016851,0.1588073006788882,0.08370705957094264,0.07273997294124468,0.09561622418641237,0.31781802989480756,-0.15584092034945105,-0.33503369075504646,-0.1741219021081305,0.1204284664770484,-0.11233213608917483,0.03619694079614056,0.35245913495347353,0.016628831945303072,0.21986285339063516,-0.011037173779754387,0.1733376353031055,0.31427261636758796,0.4892364466933976,-0.27953133913261874,0.07256642333238045,0.12956028308281273,-0.1465790922697946,0.1158449119498107,0.1671804411490537,0.26862634961008375,0.15061564200817787,0.042247147647061035,0.10639845878036297,0.32919312510075416,0.5727594386710828,0.493082395777628,0.2791133633147244,0.09211275472797872,0.21743765640840948,0.24033867601983613,-0.07970493087786788,-0.0390539160637282,0.20830570378304789
0.07592943619708672,0.022945283815714163,0.07799028922623738,0.27712257256568273,-0.007864441358405678,0.32457742663706357,0.19057934618484773,0.17031806577533168,0.5257492526812655,0.6163253118725616,1.0,0.6597396856112469,0.23673452961496314,0.15424725981126713,0.275618398948134,-0.2611753933450371,-0.06654413894734136,-0.20145934129409743,-0.04391510724887879,-0.0711234169559188,0.17143878967626475,-0.012165692739550676,0.10160701860756056,0.0828816729910516,0.31972953520367325,0.3703918853094505,0.08663133494986468,-0.003227229920166072,-0.019542143079193552,-0.12219300146295943,0.2711977698187648,0.32847454303183443,0.2948120180129531,-0.24252977817944515,-0.18015129294168977,0.002005439909329033,0.295257670134506,0.4063715664504433,0.3234605721607682,0.23511264566978854,0.07917873627793588,0.27129533000258427,0.10939551608728078,0.28217430503457747,0.24486135975113235,0.196818458836106,0.09875299122150091,-0.03561566200070181,0.22200730889446282,0.2103771512167289,-0.21326796203967927,0.03619871169133403,-0.15631582398730764,0.10725425562825383,0.18602892013484978,0.40984960752763894,0.18373025239566917,0.45343579013606844,0.6833719519689849,0.4570952036888218,0.4420086110799911,0.08614076965330257,0.021246423099354705,0.13875045517835463,0.0702588968129324,0.2623578158327029,0.24738264522977554,-0.2538251202502191,-0.3155439954886819,-0.16871344592810894,0.02523393045388369,-0.18926527990577416,0.08371787224662701,0.30539637030298217,0.035252155788824256,0.15047652565417757,-0.20582788565611254,0.20591637348337674,0.24019046490410847,0.4010422764228762,-0.3234110509100612,-0.03895431323241865,0.116321956635901,-0.19199373441156392,0.1376412296875171,-0.008571705824569275,0.2408002059504669,0.15336748343997844,0.02482583154689831,0.13075343621501545,0.24373195718512589,0.43633272746793755,0.23839518978082053,0.03928884088104969,0.09195376454685386,0.32210232524334836,0.18396699792776178,0.002118117387994339,0.0859054096444227,0.17581873652319233
0.03703478957240024,-0.026451487913752573,0.02221624503489371,0.20694920165465844,-0.040202792227825815,0.25576478678444464,0.3207067735057118,0.2372986495024846,0.5074783963485713,0.7303638801181297,0.6597396856112469,1.0000000000000004,0.25517051670457486,0.3433943613594098,0.23490264063931185,-0.3115890383980999,-0.027876524478735367,-0.24324718039204948,0.15442132762509067,-0.14931255650072367,0.38290428453702485,-0.10098217301211494,-0.012325236866797186,0.058292459619002875,0.37105410584290555,0.3829347041222118,0.017601162349399197,-0.12185787285607762,-0.11599556464256852,-0.14149070498050317,0.267226178140378,0.35992617171670854,0.20854065444923142,-0.4035867999932812,-0.4115044971725264,-0.004363407786902639,0.10875526634043992,0.4556683319676427,0.36870608897412094,0.2768209839359224,-0.021301566459736777,0.2968853670731507,0.15727085938920793,0.15828664148741012,0.15991601434667443,0.24510886895172943,0.03891033530400185,-0.20309232052433504,0.26297018446545084,0.23560167928575876,-0.17760139671877417,-0.0461574441974784,-0.24009491246058381,-0.010285698555113874,0.10645827869364397,0.37520111652623206,0.18946287345026805,0.3543158219022918,0.6784190980073066,0.3798014651072098,0.5382170553892218,0.22562888192747851,0.17083092013487303,0.2069690134226581,0.11280003975507033,0.26633838537109567,0.3947795603238723,-0.14407871767894126,-0.3497246834144421,-0.15969202597328733,0.15172405775873374,-0.2153064484682876,0.07565991109554032,0.3193581085499308,0.005944590357903044,0.22147621295534312,-0.08325655908031002,0.16355132517277562,0.2368764614105062,0.40963701778295897,-0.3812218078721669,0.04701624593734086,0.06037633889167511,-0.27767144165523056,0.12357758635864907,0.09288851570951473,0.15253622426018507,0.09595236042389993,0.0752342478162713,0.11002592165691107,0.2328492591936119,0.3214432078559489,0.36270210843039036,0.2590392323307546,0.007801510601368669,0.20568474860940325,0.3001853935913202,-0.032497247274279495,0.10850358345559143,0.23486272742628939
0.14741019313068487,0.11029247695166369,0.24822388400331957,0.13791373342877816,0.30081430777964036,0.347396872190265,0.00896657965867115,-0.02989158018941148,0.0900754908571465,0.16392776902683967,0.23673452961496314,0.25517051670457486,0.9999999999999996,0.20636555794101644,-0.054403779476610375,0.09864820879692325,0.270808604961336,0.16300042450430663,0.2305151947436969,-0.1990229660353619,0.019485339083440297,0.45693796009340565,0.19722461243644157,-0.04756920281355312,0.05021510162122599,0.05936747170363486,-0.09049470232969278,0.2495675909117193,-0.11645525068383811,0.18190721275230134,-0.3632476423903064,0.15243634226830008,0.2751471817615374,0.21078021784108822,-0.06743463820309313,0.07837141194009901,0.21227011081169092,0.27250653836674243,0.23393087875390983,0.26383402467445977,0.12659542495749618,-0.1492966087094355,0.16972787296470743,-0.12792826207590652,-0.23967358310215553,0.25303458910389176,0.09609091537333972,0.005802007313647691,0.05635553976339296,0.21263842178915204,0.16147235071212745,0.16770029752876334,0.11553405677274894,0.2514772361217057,0.32654217968603394,0.05122008100978869,0.00481853305309298,0.05488463598280461,0.025736519770902324,0.26389941845268067,0.11334670667300738,0.6956074037496063,0.5403592763707156,0.06757583104915746,0.26190052362352073,-0.021269380138827284,0.10909128115855116,0.1142822241711114,0.10026511647041722,0.1445936933383849,-0.23489935174512672,0.25404434468502496,0.05656011249283508,0.06298684792373739,-0.12088056667397613,-0.04762787506208712,-0.1542677216429198,0.0697585330736036,-0.1882418496220123,0.29035245860107584,-0.25277657498991685,0.12009693351779281,-0.161631021296603,-0.023664860959107012,-0.15202697759981545,0.2285420215524235,0.15565965251774821,0.10939275225099168,-0.05784889193811662,-0.000403705755387225,0.3865924363809443,0.21001825455112272,0.07689451750056292,-0.07457959535675121,-0.06959871935595013,0.021309068211122193,0.2730649113306115,-0.014510121629080398,-0.06266594341150307,0.20944228157865682
-0.28513285166065244,-0.07270977970069897,-0.11873843254296414,0.15664019285398426,0.0776269385603724,0.15559012819039497,-0.06823104341247659,0.009930450762983836,0.22912885268303443,0.2071987707018741,0.15424725981126713,0.3433943613594098,0.20636555794101644,1.0000000000000007,0.4848439940563496,-0.22853029890659773,0.09243448164666113,-0.2087154331865933,0.45620542024664473,-0.325592615828683,0.3422904200056753,-0.07350994123814497,0.16880404195171614,-0.4303552780698421,-0.045852719040555164,-0.25680248820189866,0.22905606605032156,-0.24368731955232487,-0.27541624775580986,-0.0715459580610795,0.1445027828371043,0.03598293050229683,0.2971274299617411,-0.15130249495551876,-0.20715721540170318,-0.3058654927396048,0.004362262631934943,0.3306222365195129,0.29199539384619033,0.10743197646475279,0.0674786661408135,0.04612764481743542,0.0879648636350547,0.18346356137203862,0.2314150410344387,0.42346904550110986,0.33715098999397053,0.1103047210747949,-0.01863945370330285,0.12746011705108515,-0.28280209686851915,-0.09886699579329816,-0.22885589411047697,0.11351155597756361,0.22473070511049412,0.24986993985356656,0.12650570702491948,0.2667930868614929,0.2063267887278506,0.13287299162981164,-0.05411268638413343,0.25290872192663466,0.23743410927832598,0.7030581183261692,0.3101745097060147,0.4185840010827904,-0.1658126676682913,0.010777384019733861,-0.0999159224782044,-0.17642972009368676,-0.31874869730480887,-0.12598779140566357,0.07257849028717106,-0.06855451404526614,-0.3874471959582464,-0.3804891841735284,-0.26686903223689007,-0.07162355655931056,0.13580321143680063,0.05219352324422762,-0.483470634316841,0.026668486243362693,0.15083391528130183,-0.2689249453895584,0.15253941483201666,0.15838843425767915,0.00015000236333384933,0.04498328094838085,-0.21621673758538007,-0.06844604739312077,0.3851822855848651,0.21339239778837787,0.3296368612384517,0.15357163181599523,-0.19025449509381423,0.2594107077064087,0.45908729905475176,-0.00034848045152136074,-0.20519417394836822,0.07671272686505096
-0.11295859704863247,-0.028803998240994,-0.0927245037817054,0.03286111402727026,0.02866471958630923,0.27873220765481255,0.11605849473131569,-0.047751663320518084,0.16034325108707584,0.053073794375074416,0.275618398948134,0.23490264063931185,-0.054403779476610375,0.4848439940563496,0.9999999999999999,-0.06445880566729022,0.06313066655537826,-0.2205280128675496,-0.1256027008046722,0.11718627827343973,0.2527303914313002,-0.1716533444934278,0.4095576237523542,0.1169935751802364,-0.009414476065967976,0.1141082842085135,0.43827539743492366,0.008493436497062683,0.20175572926881738,0.0827747102005695,0.11774787053991453,-0.2270117968694937,0.31615526374673125,-0.10628387262414589,0.17175015032039398,-0.16825009244350994,0.10194189459636206,-0.02182306361837396,0.05578223971374616,0.12870528621973734,0.18562381192003938,0.19715434036502258,0.12236012920537383,0.27237170162276264,0.3371237890527813,0.2591315422310326,0.3270042168281533,0.21488589148013706,-0.06543092025062686,-0.04545692618254965,-0.3656002324845084,-0.08765263349673845,-0.2659492499598626,0.042468438992077286,0.22977217234159752,0.27765801532020934,-0.02491418941500264,0.2178813749918966,0.19229195764194806,0.11819737448327838,0.12624247058011048,0.0018840501793570743,-0.09283306727853256,0.4006277047594747,0.022294641437312034,0.8101698486792897,0.022179564091306517,-0.28517104714046837,-0.17952757905381436,-0.25959629472195994,-0.03518095574064931,-0.1519132533870891,0.2557562501289208,0.08154464977105301,-0.0797788790606313,0.061323987540124796,-0.0733111848315416,0.3759193008047119,0.1633427682723201,-0.15658399054238054,-0.0634856997325089,0.034188904183100464,0.36241568003490243,0.046966294189321536,0.4179005004401809,0.10084452561677332,-0.03965872626356373,0.24380000168060606,-0.11438530657537624,0.24725403179630331,0.17797110558826776,-0.06148303556378687,0.120433285420328,0.12416856659885547,0.17140545619643588,0.27418421068350124,0.20908383876003975,0.19396839743476024,-0.11311621264470605,-0.07149899217782969
0.40847156412149715,0.21991247560652938,0.27832135660284185,0.010456906227729455,-0.08878186058658649,0.14780733693838763,0.3329169233021711,0.2510915547707053,-0.27800954277844314,-0.3138362365330617,-0.2611753933450371,-0.3115890383980999,0.09864820879692325,-0.22853029890659773,-0.06445880566729022,1.0,0.6414510226640036,0.7749402430842649,0.1795547216839014,0.1470358790404584,-0.13727902362224198,0.6670654881980623,0.2638194303525475,0.13802570818332244,-0.19104998077203272,-0.19020806335724594,-0.1012832161128852,-0.004013259901903731,-0.08888063975022537,0.14367525451385557,-0.30684584951505467,-0.15864710977646684,0.12329129721509953,0.7027400743515947,0.4247465918380449,0.004443214760163445,-0.16779770374482952,-0.2370053888538931,-0.3113927153988953,0.009031085065272237,0.113272551203436,-0.4549384732932642,0.05277601168879975,-0.36130891039810137,-0.23421753900962064,-0.10006958703895422,0.036864880644360845,0.3152887065262889,-0.15428290818707818,-0.2501970119364429,0.4344871875134554,0.24537002081681095,0.6886624851655052,0.006556826076399571,0.277044233764305,-0.1507561887792541,0.19479472259319797,0.06093398037697946,-0.2133860878055297,-0.021544709454010966,-0.11786484405694443,-0.015556434704710062,0.004230726080026403,-0.02267168275905352,0.07784587613913174,0.04205849709925739,0.07479205546730797,0.3209517442193394,0.48790332681965026,0.5699445157208877,0.052421669283678134,0.636965750074903,0.3481051529132834,-0.07630848187069203,0.32686903254933297,-0.0376901852845953,-0.14981476627218107,0.007461759343642834,-0.3183210683739288,-0.19816855033305006,0.3282696374925766,-0.10521036475858375,-0.2598039980456045,0.5111507960606965,-0.3985374531049148,-0.06427841459239046,-0.22184755302878867,-0.23215181973824836,-0.07023804388272231,-0.3809942991994055,-0.021270424155138253,-0.4030113292440876,-0.46384334034766866,-0.30096940499085373,0.12624686528680384,-0.34197295321631244,-0.27432474456725,-0.03716323982314429,0.017123651980340902,-0.30013356681940345
0.09298070835422022,0.12047732995564746,0.22527533441305614,0.12061844871106289,0.025501199844381345,0.22003475731110297,0.24281966826683865,0.2400926544681583,-0.22892797074671764,-0.17739907074153483,-0.06654413894734136,-0.027876524478735367,0.270808604961336,0.09243448164666113,0.06313066655537826,0.6414510226640036,1.0000000000000007,0.6014914689830767,0.5434804782890513,-0.06440171398751085,0.21589312076979766,0.5490915239484889,0.21142545956226988,0.12053499838618643,-0.10720138655706063,-0.2666865934419539,0.012324359345393032,-0.028736680889846843,-0.05569026440337878,-0.0573367497145985,-0.21310504364989785,-0.21545282491383239,-0.02169619589217292,0.5002843221589275,0.1572714637701106,-0.1114158357515875,-0.06299196600707181,-0.22447173514796215,-0.2664204980667785,-0.23333877542460327,-0.042716899573978756,-0.29157151627601624,-0.07647108606403331,-0.11681505271963921,-0.056891119297338165,0.009410493594567393,0.03197220559426364,0.14673781354893636,-0.1660385483234099,-0.18791745117733202,0.05358285568184996,0.0960471945568863,0.5788501722782481,0.04648698671639567,0.2890006871020352,-0.09492129650152654,0.1909426732649686,0.20240410785465454,-0.11551695911738566,0.1794479479135088,-0.11433875609008336,0.25269970365009864,0.11681760427197914,0.24551971213162913,0.260663942601193,0.16545938129281346,-0.15400687933763516,0.5886000206090066,0.3132628497040341,0.3117927865818288,-0.050635371305593785,0.43016520973831635,0.2699243319142032,-0.24773102832461394,0.4513015018018507,-0.1338927707906668,-0.13828944969963303,-0.1485668119212892,-0.25322485344847423,-0.25977092086981135,0.13518155662962558,-0.281247789443322,-0.2173093312502793,0.2592763217404461,-0.23150775192482997,-0.1697293632200294,-0.20047291575168946,-0.17024685849166754,-0.21759257523367603,-0.39947776405416835,-0.052694574665426146,-0.3539119397019942,-0.3581184068361,-0.3017398614302528,-0.029529747347048954,-0.12166323725955894,-0.10924195777017204,-0.11095840539043417,-0.20989929920615158,-0.2726646761091608
0.33916503065370335,0.16987420347850873,0.38562465329229134,-0.010450756952072388,-0.06252252474223959,0.28056890282508495,0.29357343116364665,0.4090788003908188,-0.14805472960249694,-0.3101236588385597,-0.20145934129409743,-0.24324718039204948,0.16300042450430663,-0.2087154331865933,-0.2205280128675496,0.7749402430842649,0.6014914689830767,1.0000000000000007,0.3925376260297424,0.3609114985078683,0.10494623081231245,0.6278261418433105,0.2863853308975796,0.01677947039809376,-0.2036768233319089,-0.13257904711221796,-0.2009704849101569,0.019619931780330828,-0.009889866225296973,-0.010180695119280722,-0.3674505256982405,-0.21964962737219515,0.08139559990997683,0.8012180666346785,0.33274513936287675,0.35577399120662984,0.01970575244249307,-0.34270668079283356,-0.4045143091295945,-0.1633491025202507,0.22357691313095204,-0.48713801858769007,-0.08470930399715813,-0.26295869255288323,-0.23331083657275295,-0.26876880969635886,0.0160747605082254,0.39509002662030396,0.009639018677833651,-0.03929930923212304,0.37186751501733756,0.274388803856426,0.6809152230177955,0.029242138369266448,0.3939089033227299,0.07842257391786144,0.3075540495484206,0.12476700802368695,-0.30577920145461185,-0.04385259689500105,-0.20765582204230595,0.010053347144019141,0.04679676120748951,-0.05747815092319163,0.3640766313251772,-0.08400782280164436,0.0775845903782768,0.5608551605283212,0.7154999522633291,0.8253544222997977,0.2774966527027173,0.5888890623899977,0.4251804472268461,-0.25708526801619963,0.3484627321451723,-0.005088153520729355,-0.05971139615009075,-0.08452341449276916,-0.27910684403493036,-0.18253128796225526,0.3410176072772906,0.007983637394456596,-0.3107284649868903,0.4640662151646063,-0.3808560524783471,0.013905667321603216,-0.002044316678362726,-0.06736268767419655,0.21420162615825517,-0.3302149213452968,-0.08753330797172972,-0.47473487415633353,-0.5604441189050872,-0.31262597108662804,-0.029924321392600088,-0.24662274054327887,-0.36193244515469736,0.11008538994575104,0.1854033906711851,-0.12162516662560095
-0.16178440030122918,0.06074391521926619,0.20674341036583652,0.2894888434263058,0.0339151336104746,0.09542999915334484,0.07411034585458157,0.3830396063300578,0.03278969020259855,-0.018074680193629424,-0.04391510724887879,0.15442132762509067,0.2305151947436969,0.45620542024664473,-0.1256027008046722,0.1795547216839014,0.5434804782890513,0.3925376260297424,0.9999999999999999,-0.30343161790969553,0.4560105900399192,0.24849135097158906,-0.1061367221388193,-0.27425810621676544,-0.0692377573676874,-0.3924756061103177,-0.15420609859722334,-0.3475290888576178,-0.27090061242286395,-0.20645787214761457,-0.0606372523123997,-0.02001411257290656,-0.08145436324460786,0.2263629413608175,-0.21459304369372986,-0.16052958891862304,-0.2053355850366363,-0.008410770341371483,-0.07425544335940079,-0.2984863522274173,-0.16105738604412467,-0.262895902014806,-0.1565330263648092,-0.08267864621124633,0.008192179910780069,-0.024474138510824864,-0.0011901499831006605,0.05440321010486989,-0.09442165661727898,-0.0676055891892997,-0.04875404596788433,0.07416612631612136,0.38381829105401966,0.08604388631007054,0.21403517034076414,0.06448588815350145,0.4072930663878973,0.29260598711218727,-0.0500200707332422,0.06052365451066635,-0.16002952748120008,0.2532491619022848,0.18199232303821222,0.3935636082095834,0.48830532905126023,0.006782479059717277,-0.21697676714839922,0.6462959774305704,0.2809242334379557,0.295657029309761,-0.10226758212503276,0.172537400859028,0.15058091289693618,-0.2806731284568485,0.1085524111540688,-0.33270183380484736,-0.16396778033823248,-0.3418677644364686,-0.05856349959398311,-0.08029080788148905,-0.209767439388186,-0.22329193770208364,-0.15979614730492187,-0.09995198192155012,-0.26090417277760897,-0.0886080173650493,-0.1407967649682691,-0.18660356989975646,-0.1708204389216417,-0.4701340749585403,-0.0717943551453291,-0.1837087588374027,-0.13999299435249826,-0.17845187199763046,-0.4072074512155355,0.009203392843604323,0.022993911479693693,-0.18707480238992222,-0.2068009396422521,-0.15899282679299112
