0,1,2,3,4,5,6,7,8,9,10,11,12,13,14,15,16,17,18,19,20,21,22,23,24,25,26,27,28,29,30,31,32,33,34,35,36,37,38,39,40,41,42,43,44,45,46,47,48,49,50,51,52,53,54,55,56,57,58,59,60,61,62,63,64,65,66,67,68,69,70,71,72,73,74,75,76,77,78,79,80,81,82,83,84,85,86,87,88,89,90,91,92,93,94,95,96,97,98,99
1.0,0.3479842039591859,0.5063911729845069,0.32237645497167594,0.18899847495640257,0.23604371687877584,0.5813317990604341,0.43921837100068956,0.40650677836420207,0.2630612143497768,0.04286974434718222,0.02476744830976398,0.19508683325156148,0.22736441543466082,0.3162272331874957,0.586733292521475,0.1767173861031552,0.5179442508885912,0.23214410586392045,0.36692625152946046,0.42005225066458146,0.183248664824395,0.3469511583906476,0.1317154502939394,0.07160489110378482,-0.08252866807163527,-0.011643377057476492,-0.09979029379220479,0.3537349486056977,-0.12915830450482474,0.17165427271876488,0.10365154932121294,0.4352339685028219,0.27826617100863776,0.19274235300345513,0.27620072842774757,0.2567573421188825,0.24310966875955564,0.30342197756121486,0.3237894471093798,0.35729862265002904,0.23582708104965608,0.2966442674239967,0.16157553842836933,0.19531078438481464,0.014378798502128351,0.15878173416782265,0.12347018411395601,0.4180468355459569,0.29836988736994524,0.6138817418648341,0.4849018791910064,0.47219067474243626,0.27925515885515045,0.2900333723795851,0.4268684810437493,0.3850091695567717,0.3648825474974207,0.18276704126096702,0.1477919200504161,0.1721028269915676,0.25861655996811495,0.11083117715790752,0.3513879486528991,0.3237050692302398,0.2760208444022251,0.3902835291360549,0.3196131063790956,0.4588367536338948,0.4360036115375406,0.32104158983668696,0.09309495371116973,0.32869636912530004,-0.03600742141409829,0.3249320619429478,-0.0016628747872686905,0.23711435792314806,-0.05473264901071338,0.061551268351021586,0.08603594158350884,0.1320881389527415,0.2727632206987061,0.2315209477500934,0.13398081416137778,0.004809038519459129,0.035514644685988944,0.29051862946107104,-0.029334612540203062,0.3004220886365489,0.22224272847744123,0.3456705022174226,0.155865056376067,0.20162623173005054,0.27959367619941333,0.11427298462168503,0.17605385766396642,0.02363932774398588,0.12174048778527498,0.45191270658692007,0.3205009572117624
0.3479842039591859,1.0,0.7058984837037123,0.883874950987323,0.7570300328091097,0.3084247922519327,0.5272770929973604,0.7882037147097911,0.45571544682514736,-0.14184326290591245,0.006807415688069485,-0.04019584399901259,0.13587345632562162,0.06477637266172848,0.18311115342820003,0.6789742630067842,0.2585288140755066,0.578703890922302,0.14510886217367494,0.17928009202625744,0.264169222915961,0.3559269828756073,0.4150023861883478,-0.13701774320250623,-0.008513828066891441,0.05094178990381261,0.18050433138591715,-0.021235806238848992,0.09976354628520283,-0.10811770279133347,0.3523143065215326,0.13362845394021003,0.3962187033381508,0.3680391364148536,0.28676615066855526,0.22832425769184245,0.12170745473278294,-0.030186246342121185,-0.0693304535696502,0.2874825287344738,0.27170912461745056,0.2013649028461461,0.29806115288345,0.3040275815569335,0.4178383481187793,0.026019951843311965,0.23152825621913423,0.250381031473888,0.21736502414082035,0.3167628054197287,0.3874499069659996,0.9002191404508123,0.5834495173445916,0.8769509590565615,0.6150377160589152,0.36949669844120636,0.6757246414691935,0.4597332897565574,0.019060548613921806,0.1872713540715753,0.08025451389178447,0.16389276683969772,0.06573845616172948,0.33020933523094304,0.3648585016983839,0.20138930953342235,0.2904178379967795,0.22417318222784186,0.4317533330562317,0.46001730678839425,0.28010814704290105,0.10279537879747672,0.195509175270554,-0.04536448646633458,0.15848908876210413,-0.11087209393428746,-0.044492790736799924,-0.013777643783112949,0.3263227196053183,0.02777169440269741,-0.06563287553203287,0.19797832594466552,0.3895564773645751,0.20947726547381268,0.01167737047646001,0.07198032032578387,0.09177538477898167,-0.04899419221179099,0.16705225493047113,0.09736287811539303,0.17109628546483094,-0.10095022565597754,-0.12544437582989207,0.2615105899716343,0.0952502625046152,0.26067349885515473,0.2108443938009436,0.007797702217736776,0.17998050678282468,0.2749207771407514
0.5063911729845069,0.7058984837037123,1.0000000000000002,0.5420175795160963,0.5876284650941483,0.71217156225993,0.6463667179088166,0.8754669608487274,0.7783646092569034,-0.055336693854272506,0.01293122396021834,-0.004328684666071584,0.22235147688108794,0.18144954076014486,0.3768600927052478,0.5683918092520303,0.171025140475665,0.7263859366718901,0.1809408985240894,0.46497499106637175,0.40084336964416223,0.278027654413283,0.4871971786137365,-0.25589587106608597,-0.06475336925445167,0.13824412938953348,0.18829801722407336,0.21934407040656095,0.3191648301207023,0.014323761061484861,0.29731170464982076,-0.08100871370544975,0.30908837918997195,0.24211811589637836,0.25608127703586897,0.5285098748332592,0.3332331363342997,-0.08823082661103264,-0.11986168741642976,0.023258508228860997,0.28697866492391466,0.24725511418352697,0.22384501518408667,0.40002366511184184,0.3452417567858072,-0.010941906730275175,0.155214937870708,0.30567783687974504,0.5846916113690176,0.3050370311227946,0.4233569066043919,0.8149686718863508,0.4658361338854833,0.5523120022325081,0.8041193468067281,0.7283003011954946,0.7594309644688412,0.7639769106745478,0.1023728394627308,0.2217529954931017,0.1928856291187616,0.2628191211926223,0.32447350410183784,0.4242907440191453,0.49471314008511835,0.39692401585634346,0.28859817010895494,0.29640933636981387,0.4879095275352422,0.6315800957726313,0.48418365101209665,0.06252514553940457,0.4958473910920333,-0.3446468461640461,0.24937471339620956,0.10082705413987764,0.336166647284364,0.16844704202672459,0.1955126785621733,-0.16256686203138634,-0.14037761031573018,0.1400243078429773,0.26685494542791177,0.1724583070693801,0.0012775316804951012,0.10335973493241546,0.36804590834239387,0.1505037821293385,0.4071024430516774,-0.07519776438123883,0.05507800831026337,-0.1460305382673113,-0.2382170170710889,0.19654447059853317,-0.14006068465268107,0.2520071030696687,0.08854977718501111,0.04345774118455473,0.48499950502042893,0.24090866737443692
0.32237645497167594,0.883874950987323,0.5420175795160963,1.0,0.747878851913462,0.27010531377927416,0.5431092639829819,0.6433440537472688,0.45701202135318647,0.10583036390596606,0.24125474167061378,0.19268656336887333,0.28024570019711165,0.2479065077897833,0.2839277308766902,0.6438428589280659,0.26541506296198747,0.40506738348996274,0.19181756851801324,0.20168465824794754,0.24218760815739962,0.2130668520974527,0.3332425693831258,-0.05605347828088121,0.2203157642992831,0.10599504140549476,0.10948188626004747,-0.0032409384031060616,0.21734919934032226,-0.026603529345455186,0.38590172317867477,0.35204553016650114,0.5059302733182531,0.25245695320815476,0.14720111087005153,0.10920686754069062,-0.035531718209094204,0.17250136976945968,0.1122748236829685,0.43789536322689115,0.22681918885066618,0.23335979230329715,0.2679094247454105,0.25940956215320926,0.35996038032753275,0.014669193743095292,0.22986787341588136,0.19719059449161294,0.16015032926340841,0.3082724451001525,0.4797275208787871,0.766580240414811,0.6645530450304221,0.9373807746439327,0.5272576592716772,0.3863368797987773,0.5400078623392641,0.4226708364794173,0.266109002639851,0.35087489562210766,0.24841086042324712,0.33255906501543425,0.11092174732891154,0.3410790272623114,0.33507981741209647,0.2707250226261834,0.43346334778146706,0.18762957066614616,0.28064395251067475,0.3325800827471236,0.32709959287503265,0.1074021393303348,0.11610977784276479,0.18782662865930294,0.24410666052969118,-0.005569169776323553,0.05490154812509899,0.13054146382015763,0.3890837179021245,0.24583496830892576,-0.06039038679462501,0.1075888989170024,0.26120822951558276,0.070044551436673,-0.03136907154047675,-0.06056365951488184,-0.04946621301307593,-0.011080537373341054,0.12528918951225593,0.12302492685022919,0.36490721207147847,0.13309325438900707,0.11388015071426477,0.35438960112228374,0.24049958632348076,0.2432323315644184,0.21363545056285616,0.06130942378604075,0.19212692079996468,0.30462658839307694
0.18899847495640257,0.7570300328091097,0.5876284650941483,0.747878851913462,0.9999999999999998,0.5971503986423204,0.34906534053022437,0.6079379493148176,0.6018704284996784,-0.13566661080306816,0.129980253470242,-0.004755266087080559,0.13507025655369723,0.14167063548175507,0.14545518960272544,0.43663513513988267,0.097683613019355,0.3778490931706149,0.04326520766237846,0.1939625321603161,0.17222427159572523,0.11647900092919974,0.3080700822543849,-0.33361704043395607,0.057746278709698416,0.010001173758139682,0.11160041764941403,0.07037141760198702,0.10528595325244292,-0.025814996822910802,0.39019315783604014,0.10037341136346929,0.3802277221316681,0.15324864872921018,0.12645265505596864,0.29308168521520545,0.08784115064318139,-0.07109551576863703,-0.18908189692886854,0.038251836013168436,-0.010420532193591354,0.1663764434753627,0.15320270574980074,0.2464373462680037,0.31782740471847254,-0.08660546744727429,0.13484006748367303,0.1654114241740189,0.28752103331257,0.14888371458057328,0.18791022126521473,0.6581231855302224,0.40283449102708396,0.8361917624254206,0.7682111831639106,0.5115809251004605,0.4427721188497712,0.5629311234440931,0.10506063911731635,0.137301692375847,0.08140319501277035,0.23461583790502694,0.11116888975110022,0.19294919162810853,0.25119310850570353,0.15528238584673038,0.34053306315342824,0.049583439322168986,0.1796694509470286,0.36049006992131655,0.25560082609990686,0.00956448609121351,0.2301162122280557,-0.041732179265985984,0.020676268733011625,-0.09334630183790558,0.03775704500624526,0.17020012880796886,0.42503537172370065,-0.045743225713491285,-0.18371010553285805,0.21010547588027148,0.3341690526215798,0.12919581394926202,0.0659731751528642,0.06692018216057281,0.17464320512026482,0.07437715225652147,0.24275830301386866,0.0588854187437248,0.1409307319367331,-0.15368074286411665,-0.20699734726328378,0.28931591006894264,0.10822852806181305,0.1972947004386496,0.15390715170468827,0.0668000554305337,0.35835934271481334,0.20493963520306277
0.23604371687877584,0.3084247922519327,0.71217156225993,0.27010531377927416,0.5971503986423204,0.9999999999999991,0.4223778071740731,0.5216504234057412,0.8368588835508982,0.10962991563753063,0.2859243947563249,0.1666223612866584,0.16114691025897956,0.3175495767553821,0.3813823178514525,0.2054947280015316,-0.08709410035544754,0.35793308497207976,0.005802606345358403,0.4442692113941684,0.2710342145484735,-0.013744639452423083,0.35398884849637385,-0.3248719462741748,0.11097617452485636,0.2539972001261553,0.19888276845460748,0.4573616179384892,0.3838076633605705,0.2190254984899039,0.21693519694571017,-0.02767472710180504,0.255559911371706,-0.036772878005522085,0.17053771442122098,0.5555530865387629,0.3449511923964342,0.0025670561687930493,-0.17287232773922903,-0.1481393170109817,0.09700540459615384,0.3123066974954143,0.11717670663457916,0.4015396283148846,0.2303151518605781,-0.028344932361963775,0.13319367941298216,0.2318925722066974,0.6091592871050887,0.19013880298139427,0.25539179493260994,0.4506320385266197,0.2633821685238553,0.3634903650864856,0.8621461986668387,0.847584786103509,0.3871466330942478,0.8028975549707957,0.3488361776553914,0.26624771146992493,0.26323548247111433,0.2826626288966387,0.4403017065505177,0.23058697156940922,0.3617716176455211,0.35884917607317046,0.3234374434096237,0.026136567995214313,0.11476333548135413,0.4146380166974899,0.4093757802596657,0.05237693963096484,0.4862520260329311,-0.2331169383522934,0.1757514248146587,0.28980502824603493,0.4788670634457852,0.4692071508008444,0.1769301306492707,-0.09567500705354592,-0.24667083830988534,0.10966157392506472,0.17624214289950813,0.14573404103834103,0.06941256701430694,0.12200665091011832,0.47881060757121785,0.41257648648905965,0.4915091581630322,-0.04786873870060868,0.11586941538028492,-0.033896620830842064,-0.20763248074534713,0.2808665196767918,0.014047151072634509,0.2859144046068799,0.1012675938109165,0.0978531876745903,0.5854415308942088,0.2074015480183761
0.5813317990604341,0.5272770929973604,0.6463667179088166,0.5431092639829819,0.34906534053022437,0.4223778071740731,0.9999999999999996,0.6499677401203999,0.6170324453101197,0.2885797757941613,0.2177576742990091,0.11592845940379526,0.20248060136411067,0.29347889576679953,0.42087630663363357,0.6663009015071751,0.2627182190314323,0.5916105979427926,0.28809941545676215,0.5318684710463871,0.40295218563838425,0.2011573367990408,0.45522705262207874,0.12097177981290003,0.16339854284702035,0.11295300271485734,0.19672840581540013,0.16876065574235793,0.46427411496063004,-0.061665347766379455,0.3598451771992101,0.3034431284369979,0.43007836438325514,0.21614035664065384,0.2746896059923748,0.3328845188138662,0.1512587703067549,0.2581219518930925,0.17887329205897923,0.5356661254835229,0.4321219599474534,0.31494240841591614,0.3471166675588519,0.35539952312891304,0.4164924346352006,0.1781098869300861,0.24310708416043728,0.34265711802712867,0.4447956065741184,0.4572904326121638,0.584444379709242,0.6502999559374558,0.748760249538331,0.47049250311890456,0.4987401469072864,0.5106629112636136,0.5618107175346129,0.6013773508393099,0.3495364537959455,0.38427001044990133,0.29850482400483724,0.307256608875195,0.3147189113797696,0.48277388958083667,0.48163014292963086,0.39822202533418893,0.6661441074979204,0.38211957677524794,0.44217650689979554,0.48998226242343307,0.5477103133731034,0.26729395677098067,0.49481094636762635,0.20590943727541786,0.4966205796424226,0.16743903553388292,0.3490966259470797,0.17646052671479512,0.24179701294392755,0.26737943793436914,0.06627442813040231,0.1505464595831818,0.17766845260753353,0.14398113505511662,-0.0016140467448217857,-0.023598426823997265,0.20885513894815302,0.06102281957267882,0.42599597624920027,0.1965452680259725,0.372042458536489,0.18034336393231779,0.20328142797498452,0.31662464042185695,0.1512869967471619,0.2753910394651213,0.21791652383915944,0.1993328220862502,0.3741328544341843,0.44681735550968665
0.43921837100068956,0.7882037147097911,0.8754669608487274,0.6433440537472688,0.6079379493148176,0.5216504234057412,0.6499677401203999,1.0000000000000002,0.738305313360907,-0.10071329019528909,-0.018646635653354237,-0.049179506020277514,0.2799890573749473,0.18390286416894835,0.37240700336736415,0.5989214901655705,0.28339549891615856,0.7804664876294954,0.2660517407141795,0.4024764275542483,0.4956887810086829,0.2614505551276668,0.4714828096657167,-0.27917358490886757,-0.027412527277431802,0.05749137183949142,0.07713924660242238,0.05401299628767943,0.2746501399567357,-0.07799873834682682,0.24216967782632484,0.023302836142935147,0.2481681293294287,0.21005420288152493,0.17921849269374998,0.4328758552791627,0.2587385396465486,-0.008438884450435216,-0.09038775772751743,0.06211384610881836,0.23858968115098833,0.1989651455254816,0.2081971671272789,0.4055281966368979,0.32528716274367575,0.04826616447266252,0.07129798224856988,0.2707892331621627,0.48102957467848706,0.36723772009378564,0.3166092218396504,0.8435602395836105,0.48026329632387793,0.644616112894872,0.7386963067562116,0.5623141681257862,0.9050974618992439,0.7343139110915895,0.028646800093824885,0.19240695732083538,0.1837601234522266,0.3422936670995543,0.2135580173977753,0.5043384757986326,0.588197218283965,0.42361396397372714,0.29691206217149796,0.4094928410088976,0.5151374886835997,0.6383303970801053,0.5296167513396745,-0.009328617385262968,0.43711097137745847,-0.3002889252571661,0.29845653849628173,-0.007975256105212856,0.2560685819334122,0.03741861048283721,0.21594908493624904,-0.07212168456647465,-0.2446171100125741,0.05227815114358524,0.2691777743417497,0.06750848751836921,-0.1411507559714394,-0.06514167995855896,0.250770987782333,-0.007543029576743583,0.33845893367221985,-0.08683462631859869,0.057124109116972695,-0.08193836421123993,-0.18656436666815857,0.2109109004846021,-0.12203941676567029,0.27512210028048356,0.12148386677656041,-0.029713601017472727,0.38125758285304595,0.32276605629148647
0.40650677836420207,0.45571544682514736,0.7783646092569034,0.45701202135318647,0.6018704284996784,0.8368588835508982,0.6170324453101197,0.738305313360907,1.0000000000000004,0.224273234742286,0.2502913408310767,0.1394197729048724,0.2966360240511355,0.3760784097863079,0.48438413306273925,0.30429398883674447,0.030054910591076428,0.5030886607280195,0.1735521155958789,0.5730382722740077,0.47543741176267174,-0.03838143779888447,0.4331790513786174,-0.31900313162312427,0.0909783320590939,0.10700998532002844,0.09325138600155387,0.2959476446677717,0.49343247710868604,0.10209970267744171,0.1619565462529513,0.03009345069254697,0.3482435692610688,0.01571378364800272,0.03313755750644262,0.5769200699089586,0.27309831207021723,0.1487920248067275,0.0007579799186432,0.0027826449077808196,0.20577857183945628,0.2340810071746456,0.10919258754470337,0.3916887708762674,0.21810687154848263,0.01195496922669948,0.11046657920562285,0.27128047642620373,0.7199527367530605,0.2768136848836824,0.3813710064390599,0.5755268484841968,0.42065336974065803,0.4785073489333933,0.8298477384259565,0.8424567491569417,0.5425308740680286,0.9461199992575308,0.31461147073088075,0.26003471608243955,0.3004895338658856,0.41182662162398914,0.32358288778189265,0.3536471111184151,0.5164928765019247,0.48681946493925893,0.44554840333047135,0.1417028886048485,0.21904383165182603,0.5290653435292151,0.6017628690986596,-0.046328883729403754,0.5197724149592668,-0.1750759570038605,0.23873193805410511,0.1515905654890606,0.5266717412238252,0.3544822559836772,0.14430087692942506,-0.07154822901126456,-0.2913812610304545,0.12654518767509568,0.10789329345525739,-0.020546474324505477,-0.028964293115601503,-0.04388333005737923,0.3874733062724011,0.25412998271979464,0.5194291300361392,-0.061467735240181884,0.18934208137269257,0.08102769828374884,-0.04240551796188707,0.22741105838246642,-0.05587864200307872,0.24514152580900275,0.1097744912979407,0.17872686981746946,0.6804442837869514,0.313650350132164
0.2630612143497768,-0.14184326290591245,-0.055336693854272506,0.10583036390596606,-0.13566661080306816,0.10962991563753063,0.2885797757941613,-0.10071329019528909,0.224273234742286,0.9999999999999998,0.6963448594831068,0.6457696609037425,0.3860482526191659,0.5624536900582005,0.49086014232522135,0.06558219992486873,0.0854315797316696,-0.13576707388709872,0.14754504559324652,0.21039947168993034,0.19583380210828583,-0.16003229314944292,0.20995015998644054,0.36690053525677696,0.582996899961524,0.32653108412602166,0.06381776962273661,0.38371675183772336,0.5531880724088093,0.4199566344431776,0.045651391319525225,0.4625268406147977,0.34393616845088204,-0.05724747007659395,-0.04152146974322337,0.09529840852813302,0.10519330727168257,0.7188569534592663,0.772184349490035,0.5829141818833837,0.34132192515572873,0.5091849835938901,0.37601325124624785,0.21042569482820309,0.045253195185664834,0.23059324489596067,0.3067771161199995,0.2117438045008448,0.27253386840372884,0.2618535224527571,0.48989419373813087,-0.0007462202055843859,0.31472331094254935,0.036869405166478735,-0.0349990660396246,0.2720796568496951,-0.14259974518962779,0.18652209566785652,0.7892301948112086,0.4800799361901124,0.5855553281593627,0.416748076025862,0.1982593491348933,0.11237203143801862,0.16017474166522097,0.40506309335464774,0.4175584785779625,-0.03277192905706774,-0.15742081053661414,-0.044922035911715716,0.2958665511928681,0.23392254254759853,0.12849448922833154,0.5863908208111481,0.403628017935457,0.47690794667419445,0.4390423901197747,0.44253550411240433,0.028519787394652926,0.46062306406751097,-0.012234666777926345,0.08893452280944147,-0.05446989363194215,-0.02590615850880835,0.10892381665561197,-0.029003289500246658,0.15761488022222578,0.40562661617156504,0.2677310424627585,0.2252522047879659,0.6651736371408328,0.7458749716685655,0.8197818894559806,0.4568024799974878,0.5496264825915645,0.2530330909859869,0.2295736209067004,0.4328093379050046,0.31150702256779705,0.38449694516491134
0.04286974434718222,0.006807415688069485,0.01293122396021834,0.24125474167061378,0.129980253470242,0.2859243947563249,0.2177576742990091,-0.018646635653354237,0.2502913408310767,0.6963448594831068,1.0000000000000002,0.8093994780956514,0.23657114105275204,0.6289221453433715,0.5996648529325492,0.07780274265747028,0.008237162346542978,-0.2687418650762139,-0.06253906568836488,0.11406835562537115,0.09845633792990473,-0.2265699045379307,0.09012668000841588,0.1433438669935214,0.696813117795168,0.43993192638373013,0.1737094317026449,0.5420972390481708,0.5478588463754184,0.542455289253481,0.22526374922061185,0.3905791101798804,0.17225008985003637,-0.2927116995894623,-0.006758332408768673,0.010444400322615491,0.060900737795189515,0.31402458254809407,0.2341896592868742,0.3097832483369851,-0.04225354356095299,0.461825105955033,0.1355914677164788,0.3068636174316029,0.21106015247712326,0.08299191071040622,0.1431850782767331,0.09478436963891088,0.23059196833543058,0.11049609481658866,0.3389281220188909,0.06459459961722325,0.21760566092770564,0.21282308862898575,0.14473137993024365,0.3728148401800173,-0.06688204405078668,0.22497323085911045,0.8449908812451885,0.7559212843383877,0.5918218858982732,0.325654887125543,0.48238496588081015,0.10643297931021581,0.20395207719759814,0.4746947882742682,0.3089252408356747,-0.1889091516173437,-0.3721293130238707,-0.25371606528155877,0.2102312054242813,0.22035899046180707,0.04664779768047366,0.4405658806122225,0.534587695862967,0.6266882737804543,0.5130179512326447,0.673663445408851,0.22498702268580004,0.38184109208775985,-0.0803734566231781,-0.10609453691295934,0.022402556429989187,-0.07136438821238927,0.16559124295494831,-0.04737321423587079,0.18152401365625692,0.5002288659202717,0.20313514851586983,0.062176196228587145,0.40346194199100716,0.421283509832807,0.36890767685738823,0.4373414674335359,0.5056096528206921,0.33857828543495533,0.2650778501578094,0.2530322091132163,0.28302276079610506,0.31290466826619556
0.02476744830976398,-0.04019584399901259,-0.004328684666071584,0.19268656336887333,-0.004755266087080559,0.1666223612866584,0.11592845940379526,-0.049179506020277514,0.1394197729048724,0.6457696609037425,0.8093994780956514,1.0,0.4270601202990391,0.6154399561380586,0.5750972577507849,0.004278699733372662,0.2705920756828072,-0.2363479741868264,0.18164297859564088,0.14631687158558973,0.28151177696121843,-0.18215799959924173,0.054910851081284046,0.20259384725176455,0.7166720643648162,0.6838819115421791,0.1345144026766261,0.5132313745850866,0.5225994343375433,0.6078238608581676,0.09688822874546588,0.24794042518842765,0.10977213643953958,-0.28596736592212807,-0.11366647053303738,0.048562685938167066,0.08014188664020938,0.28162821318229886,0.2812732930802738,0.28015631532476226,0.08640299659303215,0.49001298974837204,0.17310803501882963,0.37388189214927836,0.1092696948545397,0.07280895237650592,0.1500112834844414,0.10455397286479905,0.14874207366000713,0.2376896156911787,0.3086608494420562,0.055893259840118066,0.21331404558995812,0.1501752389196707,0.07499283899059142,0.28724728805960936,-0.03626990905643083,0.15128748122868263,0.757323066267403,0.7047700292509603,0.7121557661564125,0.3983737867638096,0.34434896102357193,0.23409251701214753,0.21270101713993833,0.45242455270926624,0.2644052422539283,0.01713606939208855,-0.2986744207827644,-0.28109391099006653,0.24895933815201965,0.1640029036474986,0.03740048257515221,0.35956583682740306,0.5903581832903468,0.7265941148300551,0.4863709207906573,0.6438599108110644,0.12142655193203584,0.32983021528671413,-0.10439380702542787,-0.1894770021455918,0.00525615628801334,-0.13013745924165088,0.18957383227576127,-0.08495096282165643,0.12019210623299194,0.543903447622055,0.23357469005074363,0.11331154696969091,0.4144644917482073,0.5201842610660475,0.4226149338888294,0.41772851582112286,0.4432677654001991,0.4126016809466985,0.251670839445605,0.28160571038309024,0.18540319723620188,0.35752575659972663
0.19508683325156148,0.13587345632562162,0.22235147688108794,0.28024570019711165,0.13507025655369723,0.16114691025897956,0.20248060136411067,0.2799890573749473,0.2966360240511355,0.3860482526191659,0.23657114105275204,0.4270601202990391,1.0000000000000004,0.5936185377113626,0.4121254469440875,0.2105135853071724,0.5206328064741547,0.25386527566325146,0.46897790646843235,0.16702908561351876,0.38966332242215945,0.1124459618868972,0.2791790888476915,0.07658792752404442,0.2588499392207115,0.21239260268986043,-0.006363828821927897,0.08377671502914293,0.28998206647277835,0.3644874536348504,0.192665452148609,0.25983249236310374,0.28875740192583504,0.05579098414305351,-0.08748510935440289,0.09368684132186615,0.10529780198863616,0.4120999562657674,0.4164372973559844,0.207947738213976,0.2461547473929569,0.2557790139140762,0.23801687763765852,0.2149541313141929,0.07616972940746713,0.17986148153177806,0.16674044868976565,0.24293567520161327,0.167109458553224,0.36498750023165727,0.3508070670742345,0.22565185560915565,0.23300752458714544,0.26231479442508354,0.15920754420485442,0.19150970730978792,0.2980783084142096,0.2447799974413307,0.36495372358545874,0.25499594725860114,0.5764477734958372,0.8899594866249587,0.21257619325137295,0.4153491740993776,0.2826511187191637,0.4393104016384974,0.24291207969415873,0.4079595546438469,0.20463115344977525,0.18614516059947245,0.30579678288276946,0.08880866694298062,0.17354273104112805,0.11580272330042456,0.26168373051916066,0.16469574683359622,0.2731033683772347,0.2711723944232691,0.22018678010000914,0.37246179248387395,-0.07938426486525188,-0.016038513164418525,0.07189242108665002,0.00994809520738366,0.04056023107773959,0.01687371099546994,0.09840205263446396,0.18986310401042414,0.1095651772715709,0.12492154600043946,0.4547529651184725,0.5083831096383954,0.3704975647754834,0.31534804483420903,0.16107689854744053,0.22811417250211585,0.2100645726479899,0.2178375276919247,0.22604371020740135,0.3745014838033266
0.22736441543466082,0.06477637266172848,0.18144954076014486,0.2479065077897833,0.14167063548175507,0.3175495767553821,0.29347889576679953,0.18390286416894835,0.3760784097863079,0.5624536900582005,0.6289221453433715,0.6154399561380586,0.5936185377113626,1.0,0.7480521395896129,0.10738876707429078,0.34749619607514287,0.09333960912509454,0.43386294214803856,0.21094805633614266,0.48716545935319494,-0.06245103185856925,0.40035123236016334,0.03637342317425026,0.4268085989776372,0.3172012443044303,0.08759921092119848,0.35790516483181506,0.5830356918987899,0.5434125318267984,0.24556662203345703,0.28227378914299384,0.1760915939353632,-0.16630717182631843,-0.04269649354221834,0.18696862583915919,0.28942642891392095,0.44870306258020815,0.3339672888316664,0.25323868209241845,0.24164687219601408,0.46334384485183727,0.2822999529316391,0.4372390149515729,0.25351189190110396,0.3081074991434416,0.27717018236668184,0.3705801741356528,0.4194644779829814,0.4166715387798642,0.46681127713127246,0.2752033059593091,0.2906475636337232,0.27152403741411313,0.2534349452528703,0.4129706690298499,0.19152004094854067,0.3138564069148385,0.6328262848968735,0.5840653891893409,0.642915605519329,0.649219275742665,0.5052444113638312,0.5557119160883622,0.4867846189664164,0.7027336815012379,0.4234667586912955,0.2588017140889103,-0.05675503636195421,-0.005645629751978141,0.35191043417049,0.07239964818746848,0.32446570554167176,0.24121250033089522,0.5033304979272463,0.4265960398529307,0.5201264116968967,0.5769383350995821,0.3036517591861566,0.3897591314097088,-0.18551272891887885,-0.025954370085225355,0.15964295181922109,-0.11687923765995217,0.10118511844253028,-0.006581432018310374,0.3561564060354325,0.38417959062757334,0.3512097491640462,0.14632367156297096,0.48864805751569046,0.575841124223613,0.39420096177943087,0.39985344395740924,0.36385544291216076,0.43296512866535536,0.39985390685920114,0.4284357924934278,0.46022292951906263,0.5773628669997151
0.3162272331874957,0.18311115342820003,0.3768600927052478,0.2839277308766902,0.14545518960272544,0.3813823178514525,0.42087630663363357,0.37240700336736415,0.48438413306273925,0.49086014232522135,0.5996648529325492,0.5750972577507849,0.4121254469440875,0.7480521395896129,1.0000000000000002,0.20830397342977933,0.1484736113561688,0.22254745175933183,0.19869020432765955,0.4040212790391007,0.483298534692598,-0.12245533574017423,0.36389268365822985,-0.037060821311125466,0.3643899504210451,0.35070085087035574,0.09509550033697423,0.49415344848938597,0.7730407451476736,0.43475366179205566,0.24571682229065683,0.08519775067374485,0.2107531314455127,-0.2575100676891885,0.0366388263930484,0.3425931223791744,0.31836419097005175,0.3095954906233063,0.22819388538488816,0.19253744912889664,0.21356868099201556,0.4904745561901302,0.30332724342031236,0.562041803156835,0.3040939140281661,0.27003249151224035,0.2693253038046749,0.30667577355451026,0.4636685646823331,0.4153746261218363,0.4768982578795427,0.3869862766990292,0.3143405233538641,0.251137979287514,0.3397524595788237,0.5360085265244641,0.3153378121681776,0.45158608438903003,0.6677541807549348,0.65691330387441,0.6380626767338602,0.5277044092053104,0.6147618891787178,0.596734851754844,0.6976387930275866,0.9292214327495809,0.36152742267542043,0.15732257660542812,-0.00489806473838052,0.18116940049229546,0.6195534628725959,0.1183553961462696,0.49063835025207947,0.0821831497699555,0.6649744014104542,0.53871113313707,0.7674380033231818,0.6391763904084335,0.22579910451907617,0.1808385940825181,-0.13905439746894377,-0.11702201471828559,0.12053205811723149,-0.13886006922267582,0.021194940364375324,-0.06591569546087311,0.29150874332624405,0.4142943736286848,0.43045810173211474,0.05386971407776725,0.34665551772039277,0.3376446225316422,0.24351068840315396,0.502956130454879,0.3271931204146572,0.5183243491224444,0.3648632975901848,0.26800217644298624,0.43510167286588114,0.5405623829868558
0.586733292521475,0.6789742630067842,0.5683918092520303,0.6438428589280659,0.43663513513988267,0.2054947280015316,0.6663009015071751,0.5989214901655705,0.30429398883674447,0.06558219992486873,0.07780274265747028,0.004278699733372662,0.2105135853071724,0.10738876707429078,0.20830397342977933,1.0000000000000004,0.3245901902522808,0.6147081982006875,0.15351292010833814,0.04761566260367073,0.1703049600610699,0.4754635979315175,0.40550309554494596,0.06233571584630714,0.13569783923523132,0.005917182243292911,0.2678122986730369,-0.019390866306709147,0.08683601588671482,-0.08604662413739839,0.4466248212251774,0.31951749597311885,0.521414215647472,0.397977571495053,0.4591029565239146,0.13319499815792432,0.08099189931150795,0.13487236687358095,0.19982955651982373,0.49764301133135813,0.21847953243437926,0.3174117089966476,0.40961592705398514,0.26877268714090397,0.4698313595532018,0.150831973449042,0.23154337007316758,0.23419330693775012,0.11690852213709105,0.2837443238017138,0.5118773584699378,0.6910706856981107,0.7391502065282383,0.5852779127339433,0.3533118406890539,0.28364179323260513,0.620874155347263,0.277338736313878,0.15550040434757698,0.23611735666616637,0.14492851503238013,0.2678896473863313,0.20013150477844513,0.4242378701430769,0.3026762109570606,0.2332381651344614,0.4045539505718279,0.3511335492461114,0.5652948487267101,0.47906971301078144,0.17653969168784686,0.24980672728543174,0.27472350839550136,0.0779590801385898,0.35839290605933966,-0.07431137306256488,0.011170669451308284,-0.021700001196107436,0.31908716297174955,0.2556165199581634,0.04181374255938232,0.1790220641806722,0.419981079558441,0.35295238646510363,0.09820299000654348,0.10229812325110596,0.039723925770278855,-0.03414609046214895,0.08097917430628025,0.06737961399969007,0.3947420191785673,0.06482847363573081,0.0933361083834902,0.37904289133518754,0.1867136658024393,0.28303049103630595,0.20356889347999343,0.054925084299886434,0.08037052037313559,0.2537155003670212
0.1767173861031552,0.2585288140755066,0.171025140475665,0.26541506296198747,0.097683613019355,-0.08709410035544754,0.2627182190314323,0.28339549891615856,0.030054910591076428,0.0854315797316696,0.008237162346542978,0.2705920756828072,0.5206328064741547,0.34749619607514287,0.1484736113561688,0.3245901902522808,0.9999999999999998,0.4589789593389199,0.8411420935824758,-0.000582660346872189,0.48107573424326505,0.38481122511787746,0.1743769995623394,0.37429845718877025,0.18935733205831856,0.22608938540744683,-0.0018339262094658666,-0.15522225371474155,0.041864927003744355,0.09697668279679131,0.22700638265587553,0.21626847261716886,0.09539816417041037,0.35240351530242525,0.09193441990060328,-0.04521491677176333,0.035487830823718654,0.10894339565542797,0.22847654237903772,0.2354554238247074,0.27960579222968984,0.16720372995917607,0.3185768230804527,0.17612559592994814,0.23268835902585572,0.137010770665495,0.08314241087994838,0.15329493901217262,-0.007960685534360544,0.41358073883330987,0.10283339102643396,0.33199800438254146,0.251420054811363,0.26738320088430423,0.05082326085453546,-0.06020237135171838,0.35246290180704193,-0.0011595829526802463,0.023874898485799476,0.26838069353766725,0.3846771132111773,0.43074381129782663,0.039075733173017525,0.5318284515728608,0.3457394221179435,0.1945631339382814,0.176563141423158,0.7491280760965112,0.4809058148824188,0.20269699164524474,0.1871236942490381,0.1605510093664882,0.08248308656982381,0.05967234122175934,0.3877056496647894,0.1447624683990954,-0.09580220544929184,-0.08840899905529075,0.18050200161988317,0.24006706628660687,0.04848849536953099,0.10678342341479773,0.32499833337862283,0.07975354839677005,0.04006930809967827,0.00876263314026764,0.005739266680662972,-0.11246870747583203,0.04533409952140614,0.15445138911610964,0.24461203080446842,0.2694255342255282,0.237364682730018,0.14303527567639296,0.0728838445710148,0.22329204008522166,0.11616005075327081,0.072903516943202,-0.038369595635881625,0.3669310634806589
0.5179442508885912,0.578703890922302,0.7263859366718901,0.40506738348996274,0.3778490931706149,0.35793308497207976,0.5916105979427926,0.7804664876294954,0.5030886607280195,-0.13576707388709872,-0.2687418650762139,-0.2363479741868264,0.25386527566325146,0.09333960912509454,0.22254745175933183,0.6147081982006875,0.4589789593389199,0.9999999999999999,0.4548627909189419,0.3165116370158478,0.47002397835774723,0.5342252013171194,0.508927669131007,-0.037225271358175244,-0.19755450030925895,-0.017780460551007817,0.10644924802775352,-0.08438386599011667,0.10326194998814382,-0.19079550722274144,0.203956519569853,0.00223238135426801,0.2992713411937241,0.5432272793761522,0.36381839358428064,0.3544631110013122,0.19255542370614048,0.0014595389164206662,0.06746878423321566,0.09835218863764213,0.34282334671426534,0.1284074642355776,0.36720405712401866,0.18750003688788278,0.30351249954081705,0.052180429135991975,0.11928746560193398,0.2068242016280902,0.3213731329274063,0.2930207835381651,0.2864422112144005,0.6839028232805828,0.3965501037325913,0.38233649353674504,0.4946605331498549,0.3632141776601367,0.7310928090118495,0.46651676425546335,-0.15285343146300484,-0.0028483910293776744,0.037109249398427004,0.267722770947791,0.18457068844489716,0.5792235202155941,0.5623377421539296,0.30483956815355134,0.1582529397724991,0.6170617605906691,0.8284652539507966,0.805663571740697,0.4024425125556483,0.11798846840914665,0.4829928367861477,-0.32159097992408603,0.20284314935073938,-0.08935393790013665,0.07624242099149006,-0.1263199255831148,0.10884466077710149,-0.06247146776267199,-0.03173347539338074,0.24926772389883298,0.35848146305790546,0.2768409806466482,-0.13411239884194623,0.09698658743094146,0.17814206070739938,-0.12876060575968643,0.166136983458229,-0.06083967840415794,0.06442585811479233,-0.054542041360101476,-0.07687066136495199,0.11949818937591235,-0.17589374164483362,0.10149476307227738,-0.014687994766190001,-0.11752630830657594,0.19577492512094222,0.16725068739579502
0.23214410586392045,0.14510886217367494,0.1809408985240894,0.19181756851801324,0.04326520766237846,0.005802606345358403,0.28809941545676215,0.2660517407141795,0.1735521155958789,0.14754504559324652,-0.06253906568836488,0.18164297859564088,0.46897790646843235,0.43386294214803856,0.19869020432765955,0.15351292010833814,0.8411420935824758,0.4548627909189419,1.0000000000000004,0.19384242686490666,0.6484863199099327,0.16504660307032923,0.18583674142201165,0.29468319948525284,0.08378413182831332,0.14080733629100237,-0.1729273678692955,-0.16319501949544238,0.16903199589542414,0.07733411159652756,0.18347149579848943,0.16967399434533242,0.1159171283828197,0.2516086350943304,-0.11736884940817162,0.035651542996322436,0.06473202066535483,0.2542357262713736,0.2991189461161267,0.1742731399503502,0.3533713766382972,0.1391393947409859,0.25908506796846154,0.1931915518690584,0.1421482418332587,0.09713093593294325,0.023899953779940523,0.11801390708441854,0.15967425030785667,0.44520909948044,0.15926417046681016,0.24567040258998413,0.23514010258988888,0.18696176541472054,0.08474359530494528,0.029081379520903474,0.3241023270992617,0.10421358771299027,0.008366147937229182,0.19858812508363352,0.3433195583329324,0.43832833600394766,0.00869576102017505,0.6171775005372834,0.47503446811770933,0.2749443205518345,0.26784846579581123,0.8289514791838098,0.4762008828041371,0.2551941653129556,0.3486216277795651,-0.022220359882193275,0.19310427736639618,0.018706860475595413,0.32337741487865557,0.13846332424603497,0.07662606182077783,-0.04874333271104651,0.16015639888011646,0.2177452145541781,-0.06666538597600832,0.05458891752848352,0.20561204522215443,-0.12088599192178534,-0.09860190142179223,-0.12812435132013772,0.041349012859273664,-0.12156572347187791,0.13069136817248045,0.12956484919518865,0.22002502177795172,0.3720110887042418,0.2971131158915775,0.08884974215460072,0.01089241084433294,0.16174408615424035,0.025812105996192887,0.10472519760617299,0.177203292585199,0.37939541867172977
0.36692625152946046,0.17928009202625744,0.46497499106637175,0.20168465824794754,0.1939625321603161,0.4442692113941684,0.5318684710463871,0.4024764275542483,0.5730382722740077,0.21039947168993034,0.11406835562537115,0.14631687158558973,0.16702908561351876,0.21094805633614266,0.4040212790391007,0.04761566260367073,-0.000582660346872189,0.3165116370158478,0.19384242686490666,0.9999999999999994,0.5592876223564027,-0.27773941173605865,0.28011674663560243,0.0018503422766048526,0.08313505727653873,0.06739023116888934,-0.055948877951492525,0.18852768773403597,0.6752927547095341,-0.056679840401879726,0.09512727680642338,-0.01331241647206302,0.18482623901504414,-0.09482023650509229,-0.1852048158300057,0.49805013850410357,0.28156022837566974,0.1934028646895734,0.05598184509648164,0.04230975912873011,0.30625799738813375,0.17608925011675886,0.02636765219540913,0.21946229533264489,0.02267527664535373,-0.05483892184556475,0.06355302897257112,0.2289312371732335,0.5052121259918114,0.4112766007344922,0.3300231710172689,0.3228271126940784,0.20897230065121467,0.17632512942074008,0.4666559624885695,0.5316202918885194,0.2766116835275325,0.57942760028892,0.2454687587210725,0.221324885843682,0.24445677475990144,0.22888863263219683,0.13421602734454288,0.23197439777840034,0.4672443719178038,0.3452284710122801,0.39432975909116624,0.1969867425711891,0.16750938949001404,0.4297387132981568,0.8242556800272521,-0.08146541985518024,0.44186103929608195,0.008992956708558285,0.3334660418856406,0.2663981991779408,0.5634245053542813,0.22331995595661305,0.03307792659647055,0.03283731650278276,0.011266145607052032,0.01239829618794359,-0.13876699879556356,-0.1721683558659514,-0.07738771861114432,-0.16724144301088364,0.2877654162662226,0.09528130416542209,0.6015110914866588,0.20931188798926192,0.08627926852197594,0.09687365833805031,0.08409058296127993,0.1827724432475748,0.02763989105023162,0.0787251598504958,0.036422621231622536,0.2382041390135653,0.4741325322528511,0.3755357168849972
