0,1,2,3,4,5,6,7,8,9,10,11,12,13,14,15,16,17,18,19,20,21,22,23,24,25,26,27,28,29,30,31,32,33,34,35,36,37,38,39,40,41,42,43,44,45,46,47,48,49,50,51,52,53,54,55,56,57,58,59,60,61,62,63,64,65,66,67,68,69,70,71,72,73,74,75,76,77,78,79,80,81,82,83,84,85,86,87,88,89,90,91,92,93,94,95,96,97,98,99
1.0000000000000002,0.17836931055697833,0.31613275864877866,0.01681572736996429,0.05449323176524737,0.287469167969033,0.25348042565041395,0.15305666728647793,0.08534749494406277,0.31239420630868575,0.20726461823793418,0.27798331641624174,0.052555158773433516,0.38121007556589637,0.4979331243378061,0.20633115029986818,0.06150663666263462,0.162897402982883,0.4059279368951298,0.22113027714964523,0.376933700942496,0.10471410633933596,0.356678193777011,-0.008710260953842525,-0.016742672639806753,0.06051379124638659,0.11548648600160218,0.44595644298161263,0.4197190552172714,0.3260171000483379,-0.17349139119524531,0.24577359498825116,0.36388075080896837,0.24603928026340255,-0.0073439792500250714,0.03301725965356323,0.07317258772831126,0.0954360781458505,0.21331289615053464,-0.03085426410625711,-0.11582899413650795,-0.21616038848830801,-0.0041943818682885535,0.17106036678984896,-0.20085721046715357,0.1024504343924322,0.012296624707426413,0.026738785307703364,0.3603611751500103,-0.034879179541629377,0.6858216690341818,0.2754417037091974,0.2224282589686011,0.0015853841462283576,0.19987379771639238,0.2285537008328658,0.15568937185430695,0.24135516436805365,0.3013160225718753,0.278743735556769,0.04655919239154662,-0.07148479506672967,0.1139291754958898,0.42679773310935964,0.4706289599913664,0.3434952052749658,0.2605572251112908,0.2440519843897828,0.16039208023592225,0.2868689363575344,0.4008312180267332,0.11080326519625845,0.3817094071373744,0.16511743714283442,0.03747689113631415,0.323786204604975,0.3937081625915319,0.25832571469920906,-0.08969594192860672,0.07095269785299377,-0.039065859098243325,-0.021179033511878054,-0.05903434025713296,0.13828467305524614,0.060473875638686676,0.05038785237247214,0.12120429681425142,0.28799886621656184,0.1135555073130434,-0.1540681920471668,0.4370540170089649,0.38226176724890615,0.11509380696163309,0.23338390278980384,-0.015327134266224342,0.09927062992863914,0.16159622276482405,0.15179415571193863,0.2257510611654462,0.08226329608328273
0.17836931055697833,1.0,0.48829674171115706,0.5671666527324194,0.597017804351484,0.3211875132186939,0.2964970282753229,0.711405672871472,0.17464369860806309,-0.04790531817337785,-0.04155442730652864,-0.08238637801304972,-0.058295794402865225,0.020897409146546298,-0.04890413051440468,0.5330435616944237,0.012596322976995878,0.6417778314087891,0.13397320917144878,0.0982282324818599,-0.08246365456053975,0.39186340618431054,0.30191480961512007,0.0687470304855039,-0.3270375157130837,0.1709461579749532,0.147404568704435,0.21891048053924136,0.16308009055211173,0.20781798235468177,-0.1072408817747527,-0.05505206278150087,-0.05520715688930957,0.49090307810162903,0.37781373397683543,-0.03961597682887845,-0.18429605992802758,-0.1657455765160962,0.13224564175456913,0.06128089771000959,-0.22031629972717334,-0.04885680764415846,0.08278244423994734,-0.07565057741362534,-0.21213144611286033,-0.01919403756695501,0.08833347158009401,-0.1873690881594352,-0.0795800836680475,-0.26564308322845576,0.2757464687602722,0.7575068749816057,0.486249103576804,0.4967023965715595,0.3530713031506272,0.22019247629786953,0.6532354897504938,0.469108737147775,0.07221276188420706,-0.03355399563055013,-0.130046557374833,-0.09260367941131495,0.015615396925978879,0.12370186745505322,-0.048769425682698965,-0.1063913559936123,0.20956079009368572,0.09938885550739011,0.32628195354884076,0.6673255904013867,0.15025658383029641,0.3155974089247363,0.4211697648030147,0.1203319518580272,0.021708943819768185,0.10320943081254398,0.15573849284795366,0.0053197293990969,-0.03834574751566741,-0.038348341788677215,0.1719439661352496,-0.12067778862629423,-0.1960828416551122,0.23122064044227425,0.3150582956291947,0.37576634025645667,-0.24600397956617995,0.1443233858424667,-0.07329005967902436,-0.147137075867936,-0.01099533709555708,0.09561522843194381,0.08160248155586987,-0.014260109650102782,0.13552081342943528,-0.17499920058774265,-0.062427953418129636,0.04426171738584674,0.002298964726470401,-0.21740759632012874
0.31613275864877866,0.48829674171115706,1.0000000000000004,0.04793733996449784,0.49341827794909415,0.7635115946107353,0.19581057570706123,0.39248336783956533,0.6775948719213887,0.3460393878558178,0.32731803164292345,0.4046683932991888,0.294713455623193,0.5354188350189736,0.3883360510166912,0.28378466486612114,0.3145428889339345,0.3654265163308017,0.5668479982085708,0.4514255976984403,0.5099642392974676,0.36724509559444957,0.4336000951348567,0.30248604449039074,-0.1280709811032575,0.3112724479800082,-0.012309270340211242,0.2684524358934807,0.5661659201695969,0.2938848060762653,-0.23797751194303302,0.029748023442102957,0.029549551086811954,0.20045128491753392,0.16158886586094096,0.27943631286107873,-0.08798892082093226,-0.16286611895109754,0.07014867219538211,0.09691240665801858,-0.3787435238084616,0.13358562672384727,0.06339481580875944,-0.08049269327233526,-0.38215808164327203,-0.25868520765810105,-0.18426579170588,-0.28522109316648175,0.19796227021997811,-0.06416413427645552,0.45451169478339304,0.48090495934441574,0.2671764913047047,0.17523868756041933,0.6120711360033835,0.7612148896619195,0.25492639116940596,0.586633492196383,0.32419761844731654,0.3126713830423794,0.18298489278713448,0.24225058309742536,0.3919277672777308,0.5326238304587546,0.3676776192309799,0.354799789604837,0.28611107611890163,0.3880802737609448,0.42135379117164895,0.3347978037475399,0.5537486521308975,0.4601825960711151,0.47261734118340937,0.4428258290934737,0.3861073089965187,0.22979390866145763,0.6445516263320032,0.36416997925237515,-0.1522073070881284,-0.07037432157010509,0.2739254163076725,-0.12821042173395822,-0.27777202729623257,0.3637004075802237,0.25290184239413455,0.1485230887066444,-0.02610728523099001,0.271676791061921,0.2664266324119924,-0.06480172875401786,0.15734404359081888,0.05248816591382609,-0.007087175881292277,0.09211299209438596,0.18947341687311678,-0.13118484125637994,-0.13960815842573654,-0.013208467247126491,0.378790099875596,0.05586467536538963
0.01681572736996429,0.5671666527324194,0.04793733996449784,1.0,0.2716257865466133,0.030462668580067357,0.44946016540387695,0.749714584203706,-0.09735834328048766,-0.021965505245481173,-0.16017947806974447,-0.2628780215387858,-0.25310479679064907,-0.21074729879176948,-0.08971810215644704,0.585327163842652,-0.09389293825236637,0.5257050993041171,-0.1805670815700178,-0.031076826602255612,-0.243744901011351,0.32160422301677827,0.11872205436951186,0.1776432314792087,-0.15525519713074848,0.12835499236926184,0.2382658903696021,0.13410168384456317,-0.007255416331970205,0.13546972416940112,-0.02724552332656059,0.017002018248278312,0.22539644289850772,0.39622669221342527,0.3310879580089639,-0.16002145830276743,-0.17413236650848657,0.01504005764664206,0.24976168317238814,0.11543267375435448,-0.01186003071695467,-0.1709994699439157,0.2261775977218413,-0.13492065420108765,-0.014794101730587697,0.13175332646677482,0.08943136143231019,-0.12720699611152933,-0.3011428614399857,-0.24122343591070058,0.10277371464496173,0.4764820768200573,0.4726852461730727,0.6721823021466656,0.03190204838305279,-0.12334219028188945,0.7439548299079224,0.3094954892870335,-0.10391699024807383,-0.15368030061990653,-0.16902323962937982,-0.3189813883485432,-0.2955177916845764,-0.21821158749962197,-0.17231971176524,-0.1353969549604571,0.1701042100424939,-0.1560349054338062,0.10633416637284998,0.5931892895302019,0.014719836984613913,0.11401033329784535,0.20827171025006644,-0.05058345820608761,-0.05433177445215051,0.004284698075206775,-0.10133161515871746,-0.07210633101924757,-0.10577403522266267,-0.002684759675505388,0.17990889192876847,-0.14493270386186413,-0.15014893394993653,0.11665689274215212,0.3518526311984049,0.21193803397701785,-0.23216526383610303,0.10489464932220541,-0.2757694418942605,-0.09615579460118472,-0.16683204427427223,0.03650802234074095,0.09557917477496354,-0.0916744669218386,0.08244546043132775,-0.1187350968809254,0.0047771858849982845,-0.05727730264744942,-0.20731405223823546,-0.30677665335786153
0.05449323176524737,0.597017804351484,0.49341827794909415,0.2716257865466133,1.0,0.397179970009411,0.1807470008673072,0.508814646631803,0.43645719448453457,0.08414233726719693,0.03608197798216191,0.11045412858147956,-0.010014998878765249,0.1983594450635848,0.06176239060357884,0.23414079559625464,0.09982271379045485,0.40352144451155103,0.23122348877089405,0.2487967020211907,0.12285103073204526,0.23928876135152985,0.27837038842101247,0.16317257551036618,-0.13583245959793994,0.24401553579387741,0.17911306928173487,0.21203549913686517,0.2362015646330888,0.19538699305715027,-0.08169198119289306,-0.08689204864836159,-0.13028252600523352,0.3309702677765856,0.2502590923290484,0.1255901511800362,-0.04322945573464209,-0.10244135455053632,0.1762004901234689,0.1595747727395625,-0.13571651027974238,0.08831372480822768,0.1045407848400833,-0.05762975081985739,-0.09737061936196005,-0.07148287508440584,-0.02520334837462644,-0.10881661900742044,-0.022343426467384422,-0.16910149829311963,0.2619108174689681,0.5297119412698016,0.22512170127911751,0.29751531269062786,0.5441457896780993,0.3291984276828607,0.32514436817881187,0.5865138464819639,0.1941023752573145,0.09086440766011566,0.011987120277417626,-0.07980037109901661,0.09851205483679193,0.25284076522526683,0.018348824508146646,0.04603938302088682,0.11454761813347361,0.08095648178592736,0.20105301605851278,0.29730486525260014,0.19687794755048646,0.21067509161128775,0.3019685323267336,0.23253057251557915,0.11169531636713158,0.11503354833317943,0.2557192395478278,0.10664652198627982,-0.032661041898519164,-0.17409577368368495,0.34773158364370277,0.009242959564287218,-0.14893212664264074,0.16471467922610653,0.3101990245871292,0.21295504289163666,-0.07341175585612293,0.17730775369017215,0.0737259416535705,0.02820149421790836,-0.04804959714900062,0.13129814558295116,0.19739127542523402,0.036592142025772885,0.16681289142196218,-0.11380254273683897,-0.10282147037049455,0.06795720165791666,0.056693739610118886,-0.10891152424600979
0.287469167969033,0.3211875132186939,0.7635115946107353,0.030462668580067357,0.397179970009411,0.9999999999999994,0.1433270731692961,0.249559261369604,0.8347316843268829,0.48906838162728117,0.46567772101212956,0.5211856062015947,0.3918410922730285,0.5684953298138234,0.43394959210580364,0.17853185496778584,0.38311758035744015,0.18349930654971203,0.5226193223385667,0.4132382007298279,0.49219613227948933,0.3332478880369563,0.42792620580495205,0.38499270171626676,0.09813367959958938,0.3173953088881652,0.12420462571722567,0.5024370571687894,0.6399273741596156,0.4520423747773592,-0.24229572985062622,-0.020880129346831797,0.20308651568717037,0.2520968215680383,0.15392759091699673,0.4452810737803913,0.18761606901537234,-0.11743995679280265,0.05450929993560674,0.060746070194020216,-0.22374431074167916,-0.003058229959772481,0.066881239235822,0.09777604736533065,-0.18113280098201076,-0.07900508920859863,-0.09737201639815538,-0.09554931955396345,0.3968748864637731,0.0768187446619459,0.4847525983892824,0.42854892874664213,0.25665228274231877,0.14330113970564312,0.8055762768603527,0.7816644618293968,0.11371592732708105,0.67012078386639,0.4227023236685794,0.373198330486591,0.33012178168904116,0.2337227245200758,0.3246078482942145,0.5070812995861484,0.3575977695919061,0.400889759928421,0.21156514987391792,0.3801181420502192,0.32609659267857055,0.13276429530530878,0.42915349399719305,0.3963265743281419,0.4337040917329508,0.3060214507698863,0.38800775679323535,0.39716529385623306,0.6264210781612484,0.5249675137550041,-0.16896707909867537,-0.07438404928648905,0.20928608276562552,-0.024843614077426995,-0.14848834410660472,0.36246568115571765,0.30395446827543443,0.2084170634036624,0.25690028256734154,0.4762502176902797,0.4014990339249336,-0.08813016594892654,0.21232041147538916,0.14549056154682716,0.0646520030895477,0.1816373318715103,0.17691376534915307,0.0495132166541872,0.030334932903211157,0.10719705747786105,0.5559998861766068,0.1354821477346377
0.25348042565041395,0.2964970282753229,0.19581057570706123,0.44946016540387695,0.1807470008673072,0.1433270731692961,0.9999999999999996,0.5788737159962823,0.20518277897338003,0.12349249863134046,-0.09631181972155499,-0.18532738119101683,-0.3248630754325089,0.07670464037628652,0.1154504963767154,0.45028189569075483,-0.26445630206008514,0.4405669823412874,0.0926588835934373,0.3027561974335005,0.15791479381390428,-0.14826150693730508,-0.08334168914732908,-0.09664993558162165,-0.17855728556797973,-0.3341730986116911,-0.20819498502255213,-0.10584052329376645,-0.029496976764092457,0.012497633872483217,0.03478945371721771,-0.06252522130237109,0.3105597770419612,0.008034586438604004,-0.230297358718485,0.12291448267811796,-0.21865367607372113,0.021751865872586332,0.3468874012489481,0.323673586671123,0.12494497004306829,-0.28757565710395494,-0.15235579219808776,-0.21652779645404496,-0.18435733734556678,-0.0706595579648868,-0.1439046416037566,-0.08791921578390217,0.01815469484018871,-0.006692059711997682,0.2880765274334427,0.24355740307765394,0.423556386220351,0.029281303144340867,0.08579587291221202,-0.009722881161020281,0.3883368891877069,0.3194317177117515,0.08927425588607321,0.005523889432740901,-0.14974527701033089,-0.4133386490839712,-0.23309446499753778,0.06828370945730432,0.08972493813247355,0.10104891672894346,0.5223249762553382,-0.14633487655262703,-0.20962010741853523,0.3417787956241571,0.237852978550176,-0.2638425770487349,-0.02078237190369103,0.19398470546756702,-0.17465448227946545,-0.23039440549093515,0.011867929905632953,-0.05927284629092662,-0.04063779826804367,-0.13204696310241745,-0.18037807649860974,0.027328229374535568,-0.24875674867189873,-0.31343933681541064,-0.1016366507885491,-0.22027026075286418,-0.24489556286072137,-0.21739276767607266,-0.06665643899712441,0.050482922518584196,0.011220511034718389,0.1374996759994403,0.1827072832160717,-0.12075386879241615,-0.27393693577749995,-0.10213428707409974,-0.057990158469478026,-0.10727567111988724,0.045131038780162364,-0.04299694944362867
0.15305666728647793,0.711405672871472,0.39248336783956533,0.749714584203706,0.508814646631803,0.249559261369604,0.5788737159962823,1.0000000000000004,0.218975737643819,0.0024564493975817937,-0.15384933962349637,-0.23452198453284784,-0.2672479633949801,-0.08523691606749628,-0.026859761565416636,0.6937516182541891,-0.08016433441794858,0.7994856889376207,0.057508863905266085,0.18853026861954386,-0.016133236796292673,0.3806133336996825,0.20864027136334462,0.14864880582379275,-0.24972146904839046,0.025509136690548606,0.026609648182042513,0.04269118617232377,0.11978403368340824,0.1260073813114754,-0.1955582402637555,-0.010290938645562695,0.13301483029786731,0.4322298541231999,0.3150235222647088,-0.07859843416204011,-0.3861695493776495,-0.13552818022399662,0.2137065173584676,0.20557052730904704,-0.21606435848574831,-0.24918185833569856,0.05985804334959781,-0.25830752320801154,-0.23963495167557808,-0.13991611259224374,-0.09201743402672452,-0.3404831778289735,-0.19992305802636515,-0.3474862470496943,0.2935990975386445,0.5807529928539878,0.5320678624528474,0.4968193318034117,0.217820524848066,0.13605941158994728,0.8222791886346611,0.5805049458277147,-0.10403936085618695,-0.18359483431091755,-0.2848439592985947,-0.33991330153067906,-0.154186503004743,0.022606479849602786,-0.09425997553959527,-0.09019505572595023,0.26540638372242514,-0.0649458707406617,0.14633775070440272,0.778945483881171,0.24466560210574456,0.17566946257830626,0.32329516130981195,0.13740272008895296,-0.11334442083515352,-0.09246163244028337,0.12194888435065084,-0.08513832846944296,-0.21621135670746494,-0.09710024114680228,0.08424518767714805,-0.303678414747865,-0.3723819312395404,0.08924468962938298,0.23006248309512137,0.0939986054400702,-0.4126864966364697,-0.02448628383948872,-0.23506444526118211,-0.24516852486756857,-0.10239531761135105,0.07314381454041195,0.11687395253505994,-0.16574281903751295,-0.02305047221318943,-0.2779554328176952,-0.2345272620054006,-0.15868544047139488,-0.1300037765350093,-0.36359194266317524
0.08534749494406277,0.17464369860806309,0.6775948719213887,-0.09735834328048766,0.43645719448453457,0.8347316843268829,0.20518277897338003,0.218975737643819,1.0000000000000007,0.4328166041411285,0.33448621937768463,0.39849155252608787,0.22092415787491773,0.472651827022973,0.34893610619427656,0.11230794996810198,0.25692511514259936,0.14729502724117702,0.47545364302572074,0.4293290670772568,0.5419347197559861,0.1403197047864872,0.28518034742831083,0.31800925591513585,0.13317776127319042,0.24168588765301888,0.024539638303630335,0.24129867936333593,0.5179375981612147,0.28569903897076143,-0.1680922138496754,0.06916884052352743,0.1783656787127483,0.05839937407420511,0.0279153591046502,0.4858549355356641,0.14047974468606822,0.0069614941853538585,0.15091099875135228,0.18435598157384048,-0.15933214474883864,0.12959573566810192,0.043953799322433,0.002477022602588954,-0.15194870131102664,-0.1306869731299783,-0.15850801270464634,-0.08426073974573245,0.2963033149573986,0.0999038670249052,0.28763867115833086,0.27213293612482803,0.14388789319948392,0.00893799312097452,0.7203111986229431,0.7448566729579542,-0.000945648605714887,0.7228882157953879,0.39346869883232266,0.34890844904674184,0.26418063987369816,0.09766836548466905,0.24489519395820572,0.4450156341476708,0.28227473040653306,0.3582614170248817,0.1949571557785414,0.2682707817298193,0.2137614337489876,0.03265253761718969,0.4548729804009395,0.26624045962230397,0.29603829218502076,0.3866595592221126,0.2857743994576553,0.2207797886328652,0.5830747502457198,0.3877489140098842,-0.0868905624704467,-0.04348078891677057,0.2157432185401988,-0.013810960093958947,-0.2444724909634314,0.2148941443568564,0.20888424861183527,0.08123083755236843,0.19440930063019846,0.2935529957129186,0.3861986585295651,0.0059940062785977756,0.11563958361645975,0.18107966395679784,0.11484571119997958,0.1315569406998727,0.16685683061411963,0.009820265114471254,-0.04156947711117371,0.015396635617645737,0.48951731905154233,0.13993129991021458
0.31239420630868575,-0.04790531817337785,0.3460393878558178,-0.021965505245481173,0.08414233726719693,0.48906838162728117,0.12349249863134046,0.0024564493975817937,0.4328166041411285,1.0,0.499815156840352,0.7098920750733528,0.3818715960388633,0.5843046276112448,0.7254332933946561,0.13768482183045974,0.37770058672523665,-0.06609898645373688,0.4296162583520531,0.2497972529527665,0.6325793825074373,0.12216661810491014,0.43397747926604785,0.4968458219810413,0.30950911880730353,0.14341584627768483,0.27289106382812256,0.38898718252953,0.6537751155284919,0.5542029284134042,-0.46078532300761077,-0.10731181718985572,0.23645890086742904,0.0048753560316812114,0.010420891600054518,0.14539749005382163,0.13479206343547329,0.0814625711911157,0.44743683305793885,0.4435776197496931,-0.22244818263326244,-0.2881796403577725,-0.05152512620716085,0.054906983864579914,-0.13940998837899418,-0.09141991155169238,-0.1200117067738275,-0.07315973900966209,0.23002645091571838,0.00043971281579616975,0.3855915166584353,0.11548881710310033,0.2931857851906977,0.006593586599416739,0.28416393482110675,0.36179199034977083,-0.014410641170068366,0.27839751160051446,0.6744673588903264,0.5653457596844454,0.5522930655259145,0.21106995742065884,0.4091863589850805,0.5660584955162248,0.5843409247507956,0.7361255226199503,0.3516848516682701,0.4414007765535589,0.1017442208217693,-0.010994225182243987,0.6285890428623072,0.2400500659766904,0.3711182462652229,0.4765805238453689,0.5260756920051955,0.453973437605535,0.6099366911998602,0.7289188053510746,-0.41212022863988046,-0.1400442938660127,0.2654550117043422,-0.17430877457997987,-0.19005424535795662,0.28182739997826944,0.30226461903089197,-0.018339993474844284,0.19691962552271824,0.384112645660314,0.15581312578666753,-0.01570426546353058,0.03993439544998285,0.5221783187813064,0.2965468914161818,-0.03926278572148827,0.09416402035178847,0.04147733261279754,0.028026733905628314,0.03464053285655924,0.3085268298291536,-0.0026287607995440624
0.20726461823793418,-0.04155442730652864,0.32731803164292345,-0.16017947806974447,0.03608197798216191,0.46567772101212956,-0.09631181972155499,-0.15384933962349637,0.33448621937768463,0.499815156840352,0.9999999999999993,0.7798953419964528,0.5046733197490816,0.4931605589214099,0.47034040147515555,-0.21725306745694462,0.36249329840333416,-0.14233768353452259,0.36955661540099805,0.21568656650932294,0.48309396165253166,0.0848931914375194,0.20393142559178934,0.24776623667684344,0.5930254081833635,0.33943974407817556,-0.08055847474470756,0.3946201340256119,0.44305819770166915,0.17921781755913962,-0.3267899253162215,-0.0020097615074520622,0.03428328547655709,-0.02181900480798473,-0.13376671989411704,0.36220346139425874,0.2658315577970442,-0.15446393624724797,-0.17828669523332785,-0.1633670576591566,-0.05287074553723443,0.05591821642120627,-0.0065910932419666725,0.29836266059863054,-0.10363234009004228,-0.07701241756059402,-0.17019304096545057,0.03159015083733944,0.42484165149352926,0.3205703207220576,0.3113475875271923,-0.08379703331829949,-0.0007743001214752851,-0.06485989240912235,0.4309286316334095,0.49145022823007983,-0.143004267927247,0.2033522470061571,0.5879726745006452,0.7388324033156208,0.5781812890879301,0.4369740585849018,0.33723490978116555,0.40123767087300294,0.4032835325293495,0.4625218863504742,0.32323876598238327,0.3791223628849242,0.2115244013976954,-0.1254745188263511,0.3751414971260952,0.2502665839681103,0.13059659646388122,0.291226663372085,0.45662039130407456,0.656592674684634,0.4281957894958417,0.37791802235421756,-0.171613913295692,0.03366091129065579,0.1656706407868184,0.16269798472599722,0.05283854768139877,0.20846099044442767,0.006922758519062415,-0.014679618128306085,0.3506143719799078,0.3894636718758705,0.4594856821988216,0.2039074857253971,0.2038579821486426,0.18809120117624029,-0.015995279954682626,0.19985882576763858,0.2874322192927187,0.2465822308156163,0.05144084068308821,0.11710233208894102,0.4771759590937615,0.33919835786963404
0.27798331641624174,-0.08238637801304972,0.4046683932991888,-0.2628780215387858,0.11045412858147956,0.5211856062015947,-0.18532738119101683,-0.23452198453284784,0.39849155252608787,0.7098920750733528,0.7798953419964528,1.0,0.701428075912705,0.6478144788350897,0.5575596316267929,-0.15456832510974003,0.614153544583958,-0.24396612776431925,0.5543649943241269,0.22605010241793608,0.6103405455119453,0.16353732905556598,0.3813651569376251,0.47754531217419866,0.41004729122079075,0.38567682150140215,0.106400022986958,0.4612862714094162,0.5999375318840037,0.4074210406035011,-0.4516740761080614,-0.06904798812082363,0.019143585401280312,0.03826928005207246,-0.002761442762943035,0.23431477524733083,0.2550630565796845,-0.15714028393505425,0.0399502320181204,0.07403661315035767,-0.20211063236614282,-0.022345553410623886,-0.010929807968843597,0.176083675265524,-0.1999459566294158,-0.14852588218625895,-0.19462505094401028,-0.05002701441684805,0.3276568606223266,0.15186211412832493,0.322399938693048,0.013743676859152091,0.008348773384053565,-0.11115722586827816,0.4228370731734879,0.4921434593674052,-0.22334800412970088,0.18668078807378322,0.7076124998661523,0.7079709217230642,0.775027429064452,0.5942681610206875,0.5750251934858197,0.6166250352686796,0.5676576501611125,0.5927652370277416,0.25169572829485515,0.63668255356029,0.28773289094285226,-0.18922852760326664,0.5116002932666434,0.4130820027708347,0.300588732000309,0.4100496933041123,0.7067169801766254,0.6722852029017518,0.5895315229595012,0.6374000706386374,-0.330598094010355,-0.08515446359557544,0.3341783499314574,-0.019947078252907997,-0.09670057108081992,0.3898285078668539,0.21659861688624515,0.052182834777415414,0.29947540800919614,0.44682121138137876,0.32791884669548077,0.03258916113790144,0.10096137845068513,0.2785449044044703,0.01559634009392113,0.07938620446675922,0.2282494294586004,0.07627602030590894,0.0030592623781097845,0.04988403740659806,0.38213332745900663,0.1883628381063212
0.052555158773433516,-0.058295794402865225,0.294713455623193,-0.25310479679064907,-0.010014998878765249,0.3918410922730285,-0.3248630754325089,-0.2672479633949801,0.22092415787491773,0.3818715960388633,0.5046733197490816,0.701428075912705,1.0000000000000002,0.5917727064519757,0.419019892124593,-0.10245134846076441,0.7879859864651566,-0.2329563144832397,0.4660336569472939,0.19005717667646052,0.46026771869341654,0.30384719207466204,0.42084152899230415,0.4206412713980715,0.044171565771623705,0.32409615805850456,0.19266453010040593,0.419617468619288,0.5467959918262862,0.4648887888906954,-0.3367832740761993,0.11312278055715015,0.012418936365280485,0.1428971781618357,0.160955775506813,0.15359556761661963,0.3260667940020045,-0.1870950461179078,-0.1240145939515622,-0.06108809814403117,-0.17880619957870905,-0.03940916122712053,-0.04022225147278188,0.06155026733193671,-0.2505361306814332,-0.1128055156138807,-0.07862459369763714,-0.03806534599401827,0.2584191444435373,0.1389719515338515,0.15831887947632145,0.02357745417557843,-0.08720831499978925,-0.15364753574704967,0.29880260567148,0.35390456777893226,-0.29943963023351916,0.006625173372792649,0.4829704008449344,0.4493454863429479,0.7147080260995671,0.8908304949413784,0.7566838851856869,0.5480977980633537,0.450368609514474,0.45116965647539903,-0.0223615596361489,0.6981186577402902,0.4401147681076689,-0.20869756443267348,0.35455057180090155,0.5262658282394961,0.30884839409489184,0.24580942763340216,0.634129003466918,0.4422088207393801,0.4100571701442865,0.5741088749132274,-0.26910121687968985,-0.005419415786974826,0.30156692341675095,-0.03983791450649554,-0.20599202966673813,0.4417025039366329,0.2896403297640591,0.20956931164130532,0.3040252131842705,0.4009047524633075,0.2749241430766869,-0.015832903372997156,-0.06340382555938893,-0.1021793431772339,-0.1170207079005421,-0.033176293512409465,0.10878054777820963,-0.022262066616267666,0.09201750148538111,0.06274566351480138,0.2951495084118143,0.17634424694521006
0.38121007556589637,0.020897409146546298,0.5354188350189736,-0.21074729879176948,0.1983594450635848,0.5684953298138234,0.07670464037628652,-0.08523691606749628,0.472651827022973,0.5843046276112448,0.4931605589214099,0.6478144788350897,0.5917727064519757,1.0,0.8061714611497146,-0.052774776994923396,0.5016273590141397,-0.0634204208997945,0.7474232395299962,0.30443832640177165,0.7710639783466636,0.17096246506504045,0.49115023221222703,0.25062197249956336,0.05462952542944153,0.21819066135762838,0.07706152948397843,0.3983415271906898,0.7163306576602053,0.5074498476209116,-0.24975205032165324,0.13089864889445169,0.12056751436650938,0.09313437955767377,-0.07147029338935218,0.25945677936240047,0.27945237619993635,-0.0482064413366115,0.1606729064674501,0.10357610944144409,-0.14241675831593367,-0.08483825675714758,-0.12244294990996385,0.09408829420556929,-0.3079735654182131,-0.1109788475258042,-0.1356789328285503,-0.007468962258824973,0.39853850708695837,0.1667027024387871,0.5174747448456418,0.18087403715875994,0.07413984350124511,-0.1642303344180641,0.42775648621935614,0.5383793012765157,-0.14309779821304638,0.22794008540669966,0.6127288602480236,0.6420552685546278,0.5110460762346248,0.44065670064196016,0.5652012443220705,0.8347542504815411,0.7563701583719762,0.7634568793362411,0.30222300446816386,0.546276662086372,0.33558805588530327,-0.06224122994163105,0.5678090748757723,0.28951911496949884,0.41951404948590376,0.409619248593002,0.45848499886517957,0.32759694593101607,0.7155216072846462,0.5699568750934007,-0.19081903592118854,-0.056893280494632506,0.13109895949409164,0.02227283876516988,-0.14511000687131578,0.19684836796981936,0.07606247726132924,-0.05052865699250752,0.3179722538624331,0.30815544832213965,0.32491546517432446,0.06768126119394216,0.15978715891521605,0.18176016032622697,0.03944192721040095,0.12028639521532379,0.07736566535230922,0.10503234678795814,0.0910717725258526,0.09358100497180158,0.46879991977856883,0.26403549600381704
0.4979331243378061,-0.04890413051440468,0.3883360510166912,-0.08971810215644704,0.06176239060357884,0.43394959210580364,0.1154504963767154,-0.026859761565416636,0.34893610619427656,0.7254332933946561,0.47034040147515555,0.5575596316267929,0.419019892124593,0.8061714611497146,1.0000000000000007,0.009412779114494538,0.32810531554009253,-0.019760626403137818,0.5437030428153655,0.36099877231387156,0.752098711462322,0.14301314446016294,0.5369762450679662,0.22904379323041332,0.10177897759047407,0.14953223674915225,0.2701934111248438,0.5370780461403039,0.7363394585868213,0.5952392939583776,-0.27144668056690924,0.07216601359920909,0.2915535030374788,0.18330610380686407,-0.03815861681530968,0.29224283014329644,0.3090969653791758,0.04133160047789489,0.26180023838426925,0.1628369124069336,-0.10162873418774339,-0.1546586566509355,-0.057790935629453304,0.23004978445601737,-0.19734709358902072,0.02281553013071349,-0.010757698541561595,0.1172451922540238,0.4400438861310653,0.19534756569238657,0.5681926713606409,0.07877282280265892,0.20425292188046248,-0.03495075990292077,0.28399806480884227,0.3931651505453582,-0.06007226020098085,0.2502853129302113,0.6233843994525655,0.623350243576615,0.39562361372377314,0.2578188826091365,0.46370512187531554,0.716113260924129,0.8178381486626005,0.9145513903225957,0.3259273658447538,0.4492687341632418,0.29532812533415376,0.08074632249653263,0.7218284555815394,0.2300841983772858,0.49513922069448124,0.4305558299371088,0.3685377414748115,0.35944134695420393,0.732028084929674,0.6099822564967794,-0.24133418200978848,-0.0565146057395627,0.1364405998901212,0.032306399455013735,-0.07606509777639935,0.1877256086663009,0.18684179693950276,0.031057436596989053,0.370969132805121,0.4831446057453629,0.34518682021247993,0.125052216706302,0.23134895522042567,0.3698825068553538,0.22032274253550063,0.12383301049335681,0.11104497688132234,0.26194476486259854,0.25857897141992076,0.2685697999090971,0.4473054513285558,0.24494564965335838
0.20633115029986818,0.5330435616944237,0.28378466486612114,0.585327163842652,0.23414079559625464,0.17853185496778584,0.45028189569075483,0.6937516182541891,0.11230794996810198,0.13768482183045974,-0.21725306745694462,-0.15456832510974003,-0.10245134846076441,-0.052774776994923396,0.009412779114494538,0.9999999999999997,0.1270252607394766,0.7322211571840391,0.1291903932866648,0.1617420910743097,0.08557751841481828,0.5218775211338207,0.34658036900572076,0.4046710481244381,-0.2582201373630424,0.016954697728735667,0.2292288421927268,0.08028193857122397,0.10412844250646802,0.28904014084398144,-0.2565364238872747,0.02854145535956019,0.3050549658046985,0.42287187337107,0.45753999009780366,-0.25073024737868044,-0.37994757401727663,-0.1081469529810915,0.3304051727105063,0.31723443055449,-0.3308904250938198,-0.32228204810350103,0.1260970186420624,-0.39929526895498857,-0.26363883805244526,-0.16176635239863005,-0.0348282498601662,-0.4313629158191974,-0.3900127134185638,-0.5332751421047426,0.1357276604120134,0.4844880152273223,0.56160178474495,0.3306579346790527,0.06084667131114072,-0.08849821599407212,0.6200046338492383,0.37340423435893105,-0.07465695116630768,-0.18393753357825252,-0.1941139515900318,-0.22900195036183527,-0.01947739730218461,0.10664928459462937,-0.011322674538568651,-0.06394273660758533,0.18423106267372663,0.12506934436720782,0.22895481291106723,0.7206726363422328,0.3239018418652258,0.3045074791513548,0.3871802842764335,0.22951802823982614,0.11154207331829107,-0.004401662461403609,0.12019810173417661,0.1333053588604539,-0.23653212539597598,-0.07424438291377831,0.26355899851396175,-0.4900432448367054,-0.4079489425081579,0.3209497033647061,0.37142804892824616,0.1826440384683669,-0.4729301598945325,-0.004053040451613646,-0.37956174468232384,-0.3772159982955724,-0.20108397999538777,0.06838549670256865,0.09963254602408694,-0.19213886376649483,-0.09545280850740896,-0.4928033689665471,-0.2404664944841975,-0.2824955353417027,-0.3353118072004118,-0.5517412056402123
0.06150663666263462,0.012596322976995878,0.3145428889339345,-0.09389293825236637,0.09982271379045485,0.38311758035744015,-0.26445630206008514,-0.08016433441794858,0.25692511514259936,0.37770058672523665,0.36249329840333416,0.614153544583958,0.7879859864651566,0.5016273590141397,0.32810531554009253,0.1270252607394766,1.0000000000000002,-0.015349443632433797,0.5687274323936181,-0.003158538339344016,0.43430462387879487,0.5806498631904443,0.5185213446461189,0.6747560771162056,0.10389080222675635,0.4670392265511137,0.3546583553191014,0.38446754515334997,0.4909733183898351,0.4642901473586405,-0.4232061922385794,0.0904512493299265,0.05269307013568123,0.28594682935237126,0.41970575995350345,-0.08956691991183703,0.01795617928311522,-0.30515210327223957,-0.026004381123388674,0.015711927887273897,-0.39710891467451415,-0.004614407329139806,0.08578739701927522,-0.11280788949082439,-0.24585293261430663,-0.20031938239366168,-0.19708988741360112,-0.2730570335687977,-0.09866629311033412,-0.20027022900454766,0.07159336754057767,0.06380267477307852,-0.025543084225778053,-0.04736406120960476,0.22882352242307344,0.22262104069810099,-0.06040833750291778,0.12590227445788627,0.36839017360139814,0.32881400444724845,0.5539163551865298,0.6364926852286102,0.5721600060658011,0.5496700451204615,0.41594114017482386,0.35640985527122165,-0.07477492629305471,0.7661838889903462,0.5246958186984103,-0.03454714208186783,0.37316874623759805,0.6787932938851474,0.40909823709465737,0.2920912232961165,0.7664738806934527,0.4777012756334595,0.4052097301496823,0.5527827389938635,-0.39236290327250056,0.06805440389948031,0.5226976813550616,-0.3013935646236492,-0.25503596644559123,0.602983043416931,0.49365025231896487,0.2820849557294454,0.025562456493190062,0.31748925965691693,-0.004239601509137199,-0.21158947293337338,-0.18496853426837348,0.01802931276057682,-0.14693770338620135,-0.0219754934424115,0.13140258352204656,-0.22893441001659423,-0.09135581940011109,-0.07989904299331839,-0.037934306415022,-0.17592553707551317
0.162897402982883,0.6417778314087891,0.3654265163308017,0.5257050993041171,0.40352144451155103,0.18349930654971203,0.4405669823412874,0.7994856889376207,0.14729502724117702,-0.06609898645373688,-0.14233768353452259,-0.24396612776431925,-0.2329563144832397,-0.0634204208997945,-0.019760626403137818,0.7322211571840391,-0.015349443632433797,1.0000000000000002,0.18661521304396222,0.23186076326417698,0.06515802413371069,0.4650637683189361,0.2737592709519801,0.1174950858015894,-0.3015498845463851,0.043355117892701286,0.05885639488636665,0.07957421547600523,0.08152407999196505,0.05624033480476834,-0.20917005345931816,-0.05422436560977379,0.11911252885319608,0.5462914184924608,0.3472990217827154,-0.10428518095094481,-0.47314323614909753,-0.26178065198455475,0.024237837563334343,0.04947359491904172,-0.3528394797485748,-0.22980645089143023,0.0036251204392839394,-0.2677877694926143,-0.25621911372104367,-0.25175003527622897,-0.15982917123587218,-0.4178525131376822,-0.2199374336068424,-0.46046891346941926,0.23709251630652411,0.4703567686134623,0.42594951278935295,0.2722253974733293,0.08988832301559153,0.00024484976922999464,0.6547179226253785,0.3768448577907762,-0.10402915169768898,-0.2051297739357713,-0.3449922510147846,-0.28989467193939783,-0.10217644060584496,0.08103987831626437,-0.04700356689048133,-0.1123554960764581,0.2603726251550101,0.003403941547352418,0.28133046110402427,0.8856384658708315,0.24457020859457518,0.25943640933149326,0.42734374977734296,0.09394785494467116,-0.03255990446748638,-0.034422156247065114,0.12322863323621258,-0.09504049721650644,-0.20629739824389998,-0.14306201344180872,0.06298130613859851,-0.3461993891236883,-0.2682762820423691,0.1822793099327126,0.16448557057039842,0.1107387164293418,-0.4875245627156276,-0.025173488756453692,-0.2521728633909876,-0.33863322649091254,-0.0333840565185031,-0.03831724453686259,-0.06351994378497994,-0.10001497950834004,-0.0605173217716406,-0.36825919121362943,-0.33665827642407065,-0.13434962565539765,-0.2214705931272735,-0.446195117478431
0.4059279368951298,0.13397320917144878,0.5668479982085708,-0.1805670815700178,0.23122348877089405,0.5226193223385667,0.0926588835934373,0.057508863905266085,0.47545364302572074,0.4296162583520531,0.36955661540099805,0.5543649943241269,0.4660336569472939,0.7474232395299962,0.5437030428153655,0.1291903932866648,0.5687274323936181,0.18661521304396222,1.0,0.16163212051142306,0.7640448043049399,0.3728442372878825,0.45422455775007947,0.3888428773128349,0.06918744312513381,0.319590267519032,0.04835652622914528,0.3280500890526592,0.5477418502850955,0.3701611175134147,-0.3065789234162477,0.14515532948459717,0.1515636927798869,0.1812067873572388,0.10199501040147542,0.05185778153248909,-0.016321618159846563,-0.20908494666719316,0.12425304081500564,0.06637303209751463,-0.334479553906613,0.045845487934568926,0.034546629453978066,0.019564508803243764,-0.32013471685449724,-0.12681046041326405,-0.284133155712557,-0.24758930746224136,0.11887463084131683,-0.05557589658720153,0.41356814789944824,0.16577097812221328,0.10039221540171067,-0.17353957401445044,0.35875910965687174,0.45789144774089713,0.023476524629679803,0.24717152280433352,0.47067228730835103,0.49430484952268205,0.3522305563738603,0.2945502735120731,0.4673787549490279,0.7677906122992811,0.6843544376926116,0.5317946246456738,0.24008067461119023,0.6339854528883866,0.3733188595768262,0.12699536822577687,0.5970235593134995,0.4621293073492211,0.442121121388597,0.4240155011379882,0.49486128209208197,0.362926020443434,0.636993480652601,0.46606300369685066,-0.23075456501206826,0.04586179189107737,0.20279054425892204,-0.2598316772629172,-0.19802584450259603,0.3071873917918769,0.12506231749292943,-0.017089482005867015,-0.021548690913023135,0.1702982070465089,0.11147866481387333,-0.1499680742972,0.26064084902377993,0.22311715814253683,0.018572449349812118,0.20050119443563913,0.18866977288131884,-0.04023786363562267,-0.09291131600303172,-0.15342854861957705,0.17394374112363306,0.02495067627983895
0.22113027714964523,0.0982282324818599,0.4514255976984403,-0.031076826602255612,0.2487967020211907,0.4132382007298279,0.3027561974335005,0.18853026861954386,0.4293290670772568,0.2497972529527665,0.21568656650932294,0.22605010241793608,0.19005717667646052,0.30443832640177165,0.36099877231387156,0.1617420910743097,-0.003158538339344016,0.23186076326417698,0.16163212051142306,0.9999999999999999,0.4401981266042735,-0.11267648941225367,0.2367100462984505,0.06623166277720585,-0.15864507574779102,-0.09164173067632614,-0.04811943034746897,0.16564665928124164,0.42144000547020194,0.14908445346688418,-0.10300982459754147,0.05774897472891804,0.10915918448119884,0.13203785558748718,-0.25527550520751335,0.6049335258265433,0.16954671362960824,0.0796590968783139,-0.09973558931297757,0.06724806706795816,0.10014096700860345,-0.013510537472568156,-0.23938278499475193,-0.07589447858041676,-0.4293632330175515,-0.16047408222695628,0.006004669810489282,0.1437203588290467,0.4737517916075267,0.2973613747962796,0.3056119868949977,0.09845557882844912,0.12005455388737775,0.00095127634950404,0.3677036522033569,0.32527816155668227,-0.13939490635678053,0.29874496279667495,0.27214041348527274,0.1478945493491727,0.1361627635154195,0.148819163338189,0.25444990985874993,0.2481488518065438,0.21595981589604785,0.33277749758012715,0.3869131092336657,0.07019254153104545,0.23218805842390028,0.15334913196074992,0.5536751917775261,-0.015534026964888085,0.2577624535436617,0.2591113995220081,0.08310813084735752,0.00022206478511890154,0.4331325814509651,0.20110998073954345,-0.12895944506207735,-0.21284724144091335,0.09221516146906943,0.3500075464768676,-0.18335718880748125,0.020162832010421468,0.0696494074579483,0.039604966585867755,0.31354753377926337,0.22375816165420445,0.6106470576954891,0.3133356159038333,0.12666574771882264,-0.04271473386527605,0.054816775074628676,-0.061202309505201995,-0.1566055254770262,0.009748318751310388,0.12379697862824016,0.3246433700658857,0.5297214432504824,0.39948193893176187
0.376933700942496,-0.08246365456053975,0.5099642392974676,-0.243744901011351,0.12285103073204526,0.49219613227948933,0.15791479381390428,-0.016133236796292673,0.5419347197559861,0.6325793825074373,0.48309396165253166,0.6103405455119453,0.46026771869341654,0.7710639783466636,0.752098711462322,0.08557751841481828,0.43430462387879487,0.06515802413371069,0.7640448043049399,0.4401981266042735,1.0,0.14127948467554785,0.43902381004918445,0.3513081079950881,0.15780358642052655,0.11916119152647978,-0.005707665618613213,0.27198913872524305,0.6539516026572978,0.42661832595305277,-0.2937933077368376,0.13030168572280076,0.23608799705701694,0.035641144944687966,-0.11785359988824853,0.23945227969131902,0.08268321168812318,-0.07881949307672954,0.14995696005727652,0.18866547116518056,-0.21592867052157186,-0.031143896880238144,-0.07655639877653443,-0.01571800643953804,-0.3881984986582313,-0.14218886567487707,-0.23988481267243314,-0.10248406463026019,0.24386597221405354,0.10851247463463479,0.45851866986290984,-0.07197012840626195,0.19273843415473313,-0.21506342010432428,0.3124680305653848,0.4660229797080609,-0.12760237984631992,0.2995540072017651,0.5714687553978326,0.5885669542348486,0.4340502250867153,0.3340780685598515,0.5317998693267932,0.7638564911179162,0.7560598882062719,0.7425503074353206,0.35424746515605393,0.5118340988003167,0.30693986731068074,0.03594449844329658,0.8018892373647712,0.28895139248524815,0.39301269312272696,0.5545069046213265,0.46805975158362145,0.28762028466552225,0.6907323990016991,0.5318358305020097,-0.24237331489030162,-0.032759533519252676,0.19742393249655396,-0.08504693482848304,-0.27928211998069324,0.18207814419565502,0.05888397901953616,-0.09588836772559053,0.16609713601863016,0.22052185491168338,0.29271199863010877,0.08050314903381038,0.27132752887824285,0.2677521768803059,0.1641677508978055,0.12129139298178415,0.10140423575006943,0.005803761987154967,-0.0004656305289256085,-0.03008507261955571,0.34024702256556394,0.18846407193613912
0.10471410633933596,0.39186340618431054,0.36724509559444957,0.32160422301677827,0.23928876135152985,0.3332478880369563,-0.14826150693730508,0.3806133336996825,0.1403197047864872,0.12216661810491014,0.0848931914375194,0.16353732905556598,0.30384719207466204,0.17096246506504045,0.14301314446016294,0.5218775211338207,0.5806498631904443,0.4650637683189361,0.3728442372878825,-0.11267648941225367,0.14127948467554785,0.9999999999999999,0.6315344332694287,0.6290529636935832,-0.12963240563844503,0.5697825525801332,0.4679881671383124,0.49976282139016404,0.3977808615960127,0.5117682525086971,-0.27452445037073,0.0008913680672141926,0.1065010249208906,0.5801760331850646,0.8630322325307067,-0.13798051530209413,-0.12403545689656212,-0.2657696505255626,0.05018991208742856,0.09272092225020243,-0.42205225593761614,0.014188040541788757,0.4804174631019391,0.014709468955634105,0.0003987291389896977,0.0043345213293716055,0.05340666390500185,-0.3863503139245565,-0.27626141377017405,-0.3810601275872659,0.10755582975922552,0.3868315914418439,0.22093533701437937,0.2770935910903042,0.17839168675284509,0.16543559956302267,0.4566920815471551,0.26965577494831905,-0.01796413143370279,-0.000765456450730924,0.034005554359376536,0.1735423408268807,0.27684903172698416,0.27003596013793624,0.17331446453572835,0.10416478528291684,-0.06847011085043518,0.43941461013841754,0.49181301899978785,0.4916335366691633,0.251730388622487,0.7783838636910673,0.6314846389232447,0.25819748789266905,0.4312211286706879,0.37067848410352483,0.285011567439466,0.3606504306073705,-0.21915386328885272,-0.017344876454288907,0.4689326755058754,-0.50682683146676,-0.143518219530672,0.6913802977386646,0.5561015537244366,0.48070670937092513,-0.20684500928550564,0.3764304020255936,-0.1696448155359843,-0.36401773693646716,-0.09699318892274394,-0.04325749497786671,-0.022873014663548186,0.11266521432193739,0.3594591555373865,-0.18908581054310072,-0.07426707259762189,-0.11277507960175005,-0.21950092727726578,-0.4191280104093336
0.356678193777011,0.30191480961512007,0.4336000951348567,0.11872205436951186,0.27837038842101247,0.42792620580495205,-0.08334168914732908,0.20864027136334462,0.28518034742831083,0.43397747926604785,0.20393142559178934,0.3813651569376251,0.42084152899230415,0.49115023221222703,0.5369762450679662,0.34658036900572076,0.5185213446461189,0.2737592709519801,0.45422455775007947,0.2367100462984505,0.43902381004918445,0.6315344332694287,1.0,0.4360858631739049,-0.17627187839687203,0.3952195986921913,0.6541664152513592,0.6615418192437456,0.6255856077889841,0.7625061799392813,-0.26759211372279673,0.0547922160027569,0.21837870395128067,0.5422057484660148,0.5285499859170838,0.043307053121122194,0.13467657931013466,-0.033276130128647,0.1858245826660357,0.15038858596383078,-0.29725681582358454,-0.09712414279752106,0.2205091426416,0.15082352141233482,-0.048071737360968606,0.06876558902196588,0.26705593914759235,0.008920808545761709,0.1468567098154588,-0.1689011260236816,0.3155508177431303,0.4105871893533356,0.17001366357625153,0.04037240676078908,0.31221235808507797,0.3003659405416363,0.09001756328795525,0.2550981006630009,0.28939701703134446,0.20231037252537495,0.23225443028094228,0.2714541822424028,0.4180200437176139,0.545078116642422,0.5379541058488941,0.5159351597824918,0.10020557314927311,0.5699535527727962,0.4605195899332704,0.2868591205477621,0.5509319356762182,0.6297478549694479,0.8269330120065337,0.32049777651537503,0.44510871025258275,0.47626448876377653,0.5708214979342492,0.6512647478848101,-0.12366591563941232,-0.1237252508978934,0.38529562875203377,-0.22827175401478728,-0.02796494448968773,0.5658714950231031,0.6419680151034542,0.5108327880878085,0.14025457933849148,0.6077079275190851,0.08805055580867815,-0.17334651533914597,0.07090289364706212,0.20427014852618877,0.08594569766758534,0.22922198015333822,0.30648934120049676,0.03721158602314537,0.23927767804416697,0.313144265542712,0.17450070009892418,-0.11421150680083199
-0.008710260953842525,0.0687470304855039,0.30248604449039074,0.1776432314792087,0.16317257551036618,0.38499270171626676,-0.09664993558162165,0.14864880582379275,0.31800925591513585,0.4968458219810413,0.24776623667684344,0.47754531217419866,0.4206412713980715,0.25062197249956336,0.22904379323041332,0.4046710481244381,0.6747560771162056,0.1174950858015894,0.3888428773128349,0.06623166277720585,0.3513081079950881,0.6290529636935832,0.4360858631739049,1.0,0.15687091317872512,0.4384251743385065,0.3682943367748629,0.311355364470923,0.4287750106727861,0.5467319917697481,-0.35609427090796847,0.036451181697344404,0.158383562606231,0.21446213958537538,0.5489786650810645,0.003522019705072692,-0.041280815342107924,-0.023966282466220838,0.3028722935821661,0.4458439948869899,-0.28839694016788925,0.04627481061767278,0.42083727510197944,-0.16294483032103957,-0.14533842217763152,-0.04307716218811888,-0.07524685031492746,-0.39580659289858405,-0.3091655858917148,-0.24253824096279217,-0.023487963598238605,0.1414512388879019,0.2301563794084526,0.1964729105742256,0.2244582835116184,0.1714577749402491,0.18789532664224812,0.2637765517638305,0.3263603513476265,0.285615823275139,0.42330144787554497,0.2546403355709148,0.40830648639904166,0.33975183349758936,0.24858497111902947,0.26528240187596464,0.1094989182817744,0.4985919289546585,0.3122514762203789,0.12727473629234645,0.40439976648095766,0.6447341052971385,0.37485207950120447,0.5319861583844488,0.7048270099282905,0.45135350854909134,0.39317095276977493,0.5438446635814385,-0.36206760513290626,0.10370357897242675,0.6802071116151128,-0.4328531636256072,-0.33416522204175514,0.6199551982747205,0.5375596516286818,0.2756975112062746,-0.10313858858837428,0.2844435770680061,-0.03429427694270748,-0.11885639872503483,-0.1958766375975974,0.21385266211107506,0.24881585166836462,-0.03040532036393472,0.32039005407077714,-0.26561342119719533,-0.08536776391504412,-0.30136436835398395,-0.13752307674972306,-0.3061791248195327
-0.016742672639806753,-0.3270375157130837,-0.1280709811032575,-0.15525519713074848,-0.13583245959793994,0.09813367959958938,-0.17855728556797973,-0.24972146904839046,0.13317776127319042,0.30950911880730353,0.5930254081833635,0.41004729122079075,0.044171565771623705,0.05462952542944153,0.10177897759047407,-0.2582201373630424,0.10389080222675635,-0.3015498845463851,0.06918744312513381,-0.15864507574779102,0.15780358642052655,-0.12963240563844503,-0.17627187839687203,0.15687091317872512,0.9999999999999992,0.1710620969823202,-0.10062781191503882,0.010874051361312946,0.012146716179969473,-0.11995866028236261,-0.18605395952904316,0.08050983769665417,0.026782896528943705,-0.19783138847631046,-0.18363349967109907,0.08330429913042715,0.10604697875236883,0.07628536392906897,-0.0953017253645031,-0.11881780558734506,0.07598242147256036,0.09781147263485247,0.012427622682733938,0.1985090974429298,0.16088979653691393,-0.005095477897302232,-0.20072763256288784,0.047452149347901706,0.06214662632046385,0.13063476812839656,-0.019650254651188182,-0.38851986478047756,-0.14998108610869926,-0.05136449188848854,0.09688842834089165,0.11653494301672532,-0.1874404407451272,-0.020151564555580464,0.2753395156471497,0.4074722977776556,0.2775996487482886,-0.01751079560748453,-0.143795153202491,-0.03797937866662741,0.03457300725419542,0.06755002177325849,0.1316288753790253,-0.044243962129238486,-0.23568642092878184,-0.281060027174881,-0.004653120312987109,-0.10263307549583713,-0.29002617379702944,0.03798904829790007,0.14430930850642396,0.430972007937255,0.07277284217527528,0.002985095312756904,-0.11207690007688823,0.21949585066843721,-0.017549949961696714,0.024172384159744535,0.09978910000923434,-0.07184876068963401,-0.173386417737276,-0.29572131332221,0.1397449279434543,0.004201516439357541,0.14487514782226296,0.10816863514023968,0.08949633619955213,0.3074371845421924,0.013617709224294158,0.1581369354655854,0.13063499424480948,0.18848847933931498,-0.09223442947489911,-0.1237817278922868,0.05702234298755871,0.08781094003572892
0.06051379124638659,0.1709461579749532,0.3112724479800082,0.12835499236926184,0.24401553579387741,0.3173953088881652,-0.3341730986116911,0.025509136690548606,0.24168588765301888,0.14341584627768483,0.33943974407817556,0.38567682150140215,0.32409615805850456,0.21819066135762838,0.14953223674915225,0.016954697728735667,0.4670392265511137,0.043355117892701286,0.319590267519032,-0.09164173067632614,0.11916119152647978,0.5697825525801332,0.3952195986921913,0.4384251743385065,0.1710620969823202,1.0000000000000002,0.4087940948894234,0.5476040129106575,0.3885157814040216,0.2620940657228357,-0.09637412236302696,0.16120909503333833,0.05028410059739915,0.3079657150665126,0.4801567561165865,0.05632941845557161,0.1886715105146528,-0.07468043750359458,-0.0025674753955411285,-0.1526928954493926,-0.1903981993461259,0.4276209501805857,0.5226060941648352,0.33089073452809314,0.13867477447541166,0.1467521585831297,0.07518683153243691,-0.06675119376535704,-0.0012600720800460161,-0.03941592017259488,0.06247961146478951,0.2174724064681897,-0.06318373522994371,0.27278459756585577,0.27353622390096777,0.35371234390747447,0.12535458949790704,0.21972962532398854,0.21540015345456295,0.29610189930043007,0.27697147676179346,0.2682540716589232,0.2643901044120522,0.24052476468347952,0.18088476746027055,0.15019912454837656,-0.1622087938201366,0.37389774126467923,0.41413247176568463,0.0706041307403339,0.1210680623976965,0.6218627051810348,0.4468601776602678,0.1542546237649892,0.43934597790656144,0.5426082166107361,0.31695437591753944,0.31277322918642064,-0.027588010731971535,0.09543397243984902,0.5152649317907922,-0.11949716807088291,0.21678486283368223,0.6155901063825666,0.45496104788784153,0.4139447027837234,0.20276934250483494,0.5506486613535362,0.11930838585749287,-0.0628294953402471,0.08357349623742483,0.07423488663308858,-0.10203610655886847,0.3733565533036043,0.634681364334331,0.2112290880138867,0.1427190856918608,0.10929914769972478,0.07708448845735434,0.004746310003974115
0.11548648600160218,0.147404568704435,-0.012309270340211242,0.2382658903696021,0.17911306928173487,0.12420462571722567,-0.20819498502255213,0.026609648182042513,0.024539638303630335,0.27289106382812256,-0.08055847474470756,0.106400022986958,0.19266453010040593,0.07706152948397843,0.2701934111248438,0.2292288421927268,0.3546583553191014,0.05885639488636665,0.04835652622914528,-0.04811943034746897,-0.005707665618613213,0.4679881671383124,0.6541664152513592,0.3682943367748629,-0.10062781191503882,0.4087940948894234,1.0000000000000004,0.6179953872192785,0.31713192720928685,0.5849125119482897,-0.039287558049273516,-0.03322395772059476,0.23378544357052292,0.45257434815720443,0.5969614621824124,-0.08385453556292556,0.22214933791752267,0.15239125620894875,0.2746529250349121,0.1498638869182789,-0.09011709450716925,0.0233734100661156,0.3470455186174621,0.29613234026311047,0.3277343432704189,0.3794182163195245,0.41878754421217906,0.2307786959422708,-0.03665072615342379,-0.17065257489293,0.0218689380069066,0.2482435170289089,0.09153752498968416,0.19936877707546327,0.12168427533611662,-0.0618142689840788,0.05240671160056604,0.08966662782152506,0.15151711216392325,0.016425974812667343,0.16106558359020537,0.10950793733754897,0.14576949576259618,0.1346606962944458,0.20861528881580854,0.26363550164131855,-0.1507420494252779,0.30475230215002,0.20497208354132962,0.13189889532303203,0.14699211884985364,0.4495181492127223,0.545589574287389,0.11747681498627911,0.3121697577683277,0.407338917881408,0.19410712923298565,0.47335002521345465,-0.012138569417227517,-0.014057572786782623,0.41659545060603503,-0.12465338452620302,0.21032332693479322,0.5226093201487314,0.7279318188005979,0.5458592115220002,0.15121042854749103,0.6275746311021838,-0.0652137052727849,-0.10289276232763275,-0.07066235154167774,0.3194282838330603,0.15289962985853314,0.18501757125656623,0.30978342521067176,0.2044697174752821,0.40790536805157246,0.3776046424573403,-0.07949007649389629,-0.20261668549431072
0.44595644298161263,0.21891048053924136,0.2684524358934807,0.13410168384456317,0.21203549913686517,0.5024370571687894,-0.10584052329376645,0.04269118617232377,0.24129867936333593,0.38898718252953,0.3946201340256119,0.4612862714094162,0.419617468619288,0.3983415271906898,0.5370780461403039,0.08028193857122397,0.38446754515334997,0.07957421547600523,0.3280500890526592,0.16564665928124164,0.27198913872524305,0.49976282139016404,0.6615418192437456,0.311355364470923,0.010874051361312946,0.5476040129106575,0.6179953872192785,1.0000000000000009,0.6064776182763503,0.7013178431009465,-0.07580600255650269,-0.007084539931179452,0.3581381069548378,0.577568366206449,0.46280812149010014,0.292949648633779,0.5194849457596261,-0.021057630499398128,0.08267549583263598,-0.06854003890498674,0.039903872370750555,0.016804914805758554,0.4104896888510275,0.6055945273671903,0.20956535427180656,0.40378195054540705,0.3517307050896017,0.29962493058900447,0.41304876348722624,0.18910837346901105,0.4635232167558073,0.35616800007745364,0.15781677199515112,0.1489932186160409,0.4552116750402018,0.3316115975593505,0.03138810061511835,0.2968991840327373,0.4015906175231514,0.35347580910408904,0.33023134057900627,0.2593811298993335,0.3390329144789662,0.4051631483308571,0.4602040498456878,0.4698756933780074,0.04811951668947308,0.43247882429757667,0.3857216092172996,0.15217746663143472,0.3152518764714515,0.5145503695149727,0.650802222692096,0.14993747616819175,0.3314763973319702,0.6575419039670259,0.42599882395308386,0.5739186824506659,0.014370172124621534,-0.05594205611600917,0.2598809097231632,0.08835448443387585,0.25004595638650373,0.538945868918117,0.5073816014510729,0.5822494315289867,0.4773005695755358,0.8618844349541379,0.3205676316744508,-0.04067308234449664,0.3281283776608677,0.26911963790024324,0.08620139019700382,0.47376994449895615,0.4642455007950695,0.46840667749299103,0.5169116598869072,0.48840945584561557,0.36700956938373097,0.18428885150937774
0.4197190552172714,0.16308009055211173,0.5661659201695969,-0.007255416331970205,0.2362015646330888,0.6399273741596156,-0.029496976764092457,0.11978403368340824,0.5179375981612147,0.6537751155284919,0.44305819770166915,0.5999375318840037,0.5467959918262862,0.7163306576602053,0.7363394585868213,0.10412844250646802,0.4909733183898351,0.08152407999196505,0.5477418502850955,0.42144000547020194,0.6539516026572978,0.3977808615960127,0.6255856077889841,0.4287750106727861,0.012146716179969473,0.3885157814040216,0.31713192720928685,0.6064776182763503,1.0,0.6381989647302013,-0.333493596183874,0.1616244497209888,0.17774202960325752,0.32213856779232913,0.23994850707636872,0.32085573973426673,0.3153354972908717,-0.0020950178354896404,0.1522305231627012,0.16236902715878077,-0.16827019318921888,-0.05602898134709851,0.08452119135197463,0.21451999584732018,-0.21764547093770828,0.014024710918102609,0.053261225919979234,0.03196794524983889,0.4443170639944824,0.138555527186983,0.5968028854752031,0.35339535917643894,0.24712433552593083,0.14682717908528664,0.4945985213722181,0.6132358855268708,0.08010689624380787,0.40395409387265735,0.5242425962173547,0.5050490430643116,0.4525735646338394,0.4061656792931446,0.5880256210556261,0.6442160028029658,0.5732483472859919,0.6881342248057566,0.2618936366721324,0.5018372615790628,0.39916591245483757,0.1500544907449945,0.6057882525272716,0.5016311159318613,0.6160042664317098,0.41837371736604556,0.45249092232194144,0.45725099163119176,0.7921626294097125,0.6020632617896888,-0.28882006050562214,-0.052142571261663266,0.3022852676347448,-0.06640841799061535,-0.19708401755448574,0.45303388098379255,0.36282634891283677,0.2441383856219284,0.3997523067515553,0.5460847347922605,0.389468142431634,0.0023942798180307946,0.12802794695729347,0.24373031160017605,0.1222813273680752,0.09312137612874907,0.21192046748027385,0.168371996680895,0.13928526945370973,0.2210272421785307,0.548133309434461,0.1914373462681819
0.3260171000483379,0.20781798235468177,0.2938848060762653,0.13546972416940112,0.19538699305715027,0.4520423747773592,0.012497633872483217,0.1260073813114754,0.28569903897076143,0.5542029284134042,0.17921781755913962,0.4074210406035011,0.4648887888906954,0.5074498476209116,0.5952392939583776,0.28904014084398144,0.4642901473586405,0.05624033480476834,0.3701611175134147,0.14908445346688418,0.42661832595305277,0.5117682525086971,0.7625061799392813,0.5467319917697481,-0.11995866028236261,0.2620940657228357,0.5849125119482897,0.7013178431009465,0.6381989647302013,0.9999999999999991,-0.186758817454396,0.043140946072643516,0.30615478425817955,0.4053013998169772,0.5111830782815093,0.14383044987998855,0.3330485610993775,0.11996095088012226,0.4213627699062481,0.38861116784841143,-0.058286855488568705,-0.18406964877927146,0.35887301188898774,0.1828235481098367,0.0462770498169246,0.2606449908042592,0.32796534082070095,0.06637291249635863,0.15396511601926852,-0.017134049933844892,0.3336735902408798,0.38160832788127935,0.2846990336541656,0.11734385539889076,0.3067963367796219,0.28427412340352415,0.08991455815118603,0.2734610380290882,0.40718371097397416,0.32931210061593397,0.36322069394950685,0.2507753660680854,0.5244633886559839,0.5537697018138114,0.5821623327176008,0.6102017010216536,0.15134838346523077,0.5339144396222635,0.26949575591201846,0.12925048203809397,0.4860484439509729,0.5347631847519781,0.6539704084043415,0.4017914083280254,0.4116396466453809,0.44906935550677846,0.4973027657942781,0.736721871562374,-0.10501365558100609,-0.002956010403965176,0.3550306810255058,-0.18913503546199079,-0.11132641891370672,0.46325499189347263,0.5042733307784554,0.45959036244197726,0.2512919567430687,0.547172974955666,0.1157627990400826,-0.05134484851990059,0.06892450640605789,0.3269215799178548,0.3624632931325843,0.19552520464765372,0.2870270568550103,0.08384683323044897,0.34169442523831556,0.17611113617460228,0.21427746281111704,-0.04790734424538911
-0.17349139119524531,-0.1072408817747527,-0.23797751194303302,-0.02724552332656059,-0.08169198119289306,-0.24229572985062622,0.03478945371721771,-0.1955582402637555,-0.1680922138496754,-0.46078532300761077,-0.3267899253162215,-0.4516740761080614,-0.3367832740761993,-0.24975205032165324,-0.27144668056690924,-0.2565364238872747,-0.4232061922385794,-0.20917005345931816,-0.3065789234162477,-0.10300982459754147,-0.2937933077368376,-0.27452445037073,-0.26759211372279673,-0.35609427090796847,-0.18605395952904316,-0.09637412236302696,-0.039287558049273516,-0.07580600255650269,-0.333493596183874,-0.186758817454396,1.000000000000001,0.09662374362729796,0.11420310395024605,-0.10275838333149148,-0.11921687258955542,0.1383862598021893,0.30661897121859727,0.37387005576790316,0.025557276238577075,0.005165481794200302,0.48744981181357927,0.5802998729229454,0.37464622007533915,0.39623600692418703,0.48662625885954414,0.5442624944139401,0.45530754960275127,0.4848862207593,0.0309327377362988,0.3384436935332625,-0.12617329353961035,-0.042251304153634546,-0.05107716568301153,-0.07263637597504534,-0.12321565817069215,-0.13492718264409992,-0.1428303043112663,-0.18609943563029696,-0.13820728009044142,-0.11521036815531627,-0.16488267325366132,-0.15371132420124012,-0.21724639506481136,-0.3034922038597497,-0.14807906012027905,-0.21857448283452693,-0.11625333573601886,-0.3050963335753202,-0.16231607631355768,-0.18751399052279433,-0.3834317002957685,-0.22418015754118265,-0.19018853492744306,-0.08858200539745069,-0.29149396016883605,-0.19555401057432206,-0.3256636489543423,-0.25471294356199004,0.8089854375951413,0.2207140954677793,-0.10798189192362692,0.4165857234970836,0.49368935927943436,-0.19849139742058378,-0.16570235661065552,0.18482829641958193,0.16420028857739843,0.032111992147737696,0.10154604551749534,0.3379803337733551,0.3606307134913045,-0.017934317067774937,0.15090537497769424,0.45670518327897824,0.24158928638361724,0.4368807171170384,0.5163345112418346,0.24403457319775843,0.04871658650347813,0.284124608570698
0.24577359498825116,-0.05505206278150087,0.029748023442102957,0.017002018248278312,-0.08689204864836159,-0.020880129346831797,-0.06252522130237109,-0.010290938645562695,0.06916884052352743,-0.10731181718985572,-0.0020097615074520622,-0.06904798812082363,0.11312278055715015,0.13089864889445169,0.07216601359920909,0.02854145535956019,0.0904512493299265,-0.05422436560977379,0.14515532948459717,0.05774897472891804,0.13030168572280076,0.0008913680672141926,0.0547922160027569,0.036451181697344404,0.08050983769665417,0.16120909503333833,-0.03322395772059476,-0.007084539931179452,0.1616244497209888,0.043140946072643516,0.09662374362729796,1.0000000000000002,0.19373080691955144,0.0018532322335786334,-0.014690620210641216,0.05627970156324804,0.15243792520860183,0.40849196714970537,0.03027517186205575,-0.07517199139233502,0.13722818513341112,0.18152799007257822,0.11591069288809888,-0.0574372751656763,-0.05849886540951497,0.14546954438878787,0.10667895855434728,0.11780479502555308,0.10804015741589651,0.0701141420501627,0.07863589665419471,0.021003384376629963,-0.11359899821181962,0.127126068882123,-0.09643895055943438,0.12143779550957985,-0.038981680590287116,0.06123858484007243,0.12374365002316927,0.15073705680594177,0.02868703890584643,0.05861035730019492,0.056965641855713726,0.04006752669715041,0.03765184823810864,0.026342070321732938,0.006160639182880716,0.03942936909427702,0.046508957520383615,0.005439225374044995,0.06816080508890386,0.09579749280641424,0.03144457648804318,0.054770644689929746,-0.05887480582296887,0.11832923702271708,0.0778754800360593,-0.06372028684872963,0.23577023334672487,0.6769850170066288,0.05630541231426956,0.05637001663260455,-0.08709060203469819,0.038692834904811874,-0.08491239255029445,0.032366965773039005,0.18831351031474616,-0.013944624769647114,0.16345989674671824,0.11111745548315587,0.238755214582916,0.11809018664622231,-0.04232579856915432,0.2748730028374942,0.08171834226536814,-0.009752888160740908,0.1505708089318538,-0.04843262174416215,0.12442284345907162,0.18278883057243883
0.36388075080896837,-0.05520715688930957,0.029549551086811954,0.22539644289850772,-0.13028252600523352,0.20308651568717037,0.3105597770419612,0.13301483029786731,0.1783656787127483,0.23645890086742904,0.03428328547655709,0.019143585401280312,0.012418936365280485,0.12056751436650938,0.2915535030374788,0.3050549658046985,0.05269307013568123,0.11911252885319608,0.1515636927798869,0.10915918448119884,0.23608799705701694,0.1065010249208906,0.21837870395128067,0.158383562606231,0.026782896528943705,0.05028410059739915,0.23378544357052292,0.3581381069548378,0.17774202960325752,0.30615478425817955,0.11420310395024605,0.19373080691955144,1.0000000000000002,0.2927999263501317,0.09801381883764643,0.11442531362553568,0.2414508763130363,0.20314771845018145,0.39805272687289284,0.05779716126765758,0.18544739097534155,-0.024030528697106136,0.2995608713021123,0.23912184840427617,0.11494331770885677,0.332631504950627,0.27632373225061957,0.21006387871520849,0.16229616813660672,0.09702266954316738,0.27805568560955196,0.045343377932542395,0.12057668879438585,0.0310493426025972,0.13752901388947042,0.12375643775025612,0.03555719865253933,0.2262293462088051,0.12482619998220086,0.06356286457640503,0.040450727962132574,-0.13959084940113156,-0.11437835416435022,0.1276203749025276,0.2416682274921848,0.18778945294522842,0.03238657042017895,0.012388280133823329,-0.010176396276643448,0.11684320362644007,0.22283840131509974,-0.017595366514192787,0.14528461250611546,0.04510447194478082,-0.03061076431355608,0.15153217708958433,0.07061327949732472,0.15663663390146712,0.12578161777300073,-0.02050745905002884,0.014492838137968816,-0.016638885989633864,0.01861221803221147,0.07673636694444713,0.1429085682898777,0.12216715101173604,0.1390404081427173,0.30259108558169345,0.010450233814587989,-0.08706466761652062,0.26275555726592553,0.15552295324276982,0.09880428057224606,0.24718430494731913,0.15372713954707673,0.23517788565259137,0.32360309967987255,0.1257190833252288,0.19227669581445803,0.04361220446417798
0.24603928026340255,0.49090307810162903,0.20045128491753392,0.39622669221342527,0.3309702677765856,0.2520968215680383,0.008034586438604004,0.4322298541231999,0.05839937407420511,0.0048753560316812114,-0.02181900480798473,0.03826928005207246,0.1428971781618357,0.09313437955767377,0.18330610380686407,0.42287187337107,0.28594682935237126,0.5462914184924608,0.1812067873572388,0.13203785558748718,0.035641144944687966,0.5801760331850646,0.5422057484660148,0.21446213958537538,-0.19783138847631046,0.3079657150665126,0.45257434815720443,0.577568366206449,0.32213856779232913,0.4053013998169772,-0.10275838333149148,0.0018532322335786334,0.2927999263501317,0.9999999999999997,0.5718277229685984,0.10763096467633333,0.11406731971494885,-0.221071330576828,0.0018223900771061868,-0.09954208943154597,-0.011487546881108866,-0.06203556404061848,0.23684896468234112,0.1931137664411625,0.045229887355181034,0.08772626417271429,0.30046230701855725,0.06956766260517383,0.06879796020592545,-0.14036807316082509,0.2743420103281288,0.4348382327719075,0.2187775955454711,0.2725649581426983,0.2101558905289625,0.11507897514171844,0.3376769990297612,0.22961474215485275,-0.00670302765551993,-0.08527638286523963,-0.07924651464807357,-0.0098125711056739,-0.00026684902893575916,0.15894030248485735,0.1287730462786535,0.04934445851674399,-0.00582339985690021,0.16511728478404805,0.468472040920031,0.5310153042468444,0.1619976709350217,0.3511678562664656,0.5584565552282337,-0.05204785203871241,0.057631832675988114,0.27647316924203685,0.19717312977063906,0.09569578540515934,-0.10026867774037615,-0.11134303877867628,0.1573248913172119,-0.02147546212577807,0.03600500226539376,0.3151337943366377,0.37659035199505253,0.47357957266461503,0.05573567107899038,0.4412885409310445,0.048169329693600195,-0.19603180707358933,0.05186665242097113,-0.05258102889657828,-0.10713659155546473,0.16702989204818797,0.14649007325883243,0.01943424788345633,0.14285271593587026,0.3039028370384741,0.020776618353213823,-0.13655505452652617
-0.0073439792500250714,0.37781373397683543,0.16158886586094096,0.3310879580089639,0.2502590923290484,0.15392759091699673,-0.230297358718485,0.3150235222647088,0.0279153591046502,0.010420891600054518,-0.13376671989411704,-0.002761442762943035,0.160955775506813,-0.07147029338935218,-0.03815861681530968,0.45753999009780366,0.41970575995350345,0.3472990217827154,0.10199501040147542,-0.25527550520751335,-0.11785359988824853,0.8630322325307067,0.5285499859170838,0.5489786650810645,-0.18363349967109907,0.4801567561165865,0.5969614621824124,0.46280812149010014,0.23994850707636872,0.5111830782815093,-0.11921687258955542,-0.014690620210641216,0.09801381883764643,0.5718277229685984,1.0,-0.2100285134258645,-0.07686350946024197,-0.10721123100749687,0.18385718559941547,0.20261786987122013,-0.2780500442984499,0.043812916356515456,0.5940269301824527,0.06562314745232208,0.2519083122623735,0.15530114628571828,0.27640034211383985,-0.2636981187703283,-0.36484516456546956,-0.4111569262980835,-0.03665421011552518,0.3755016493708539,0.19526115561932536,0.31574852426296346,0.07760031318990421,0.01757631982891014,0.4189872922464473,0.19648381310655982,-0.11279145049239366,-0.11105220814402224,-0.018780335958585765,0.07019835146844826,0.16488372373318827,0.044781705897235916,-0.03286169618484963,-0.055742440613083956,-0.2005442838924657,0.27019685508298014,0.30822556565473563,0.39464132090402987,0.02092996995540845,0.6929758505013939,0.48817283413327717,0.17116396056811428,0.28371633371594424,0.3354224681904019,0.08494977120405131,0.2636147926084929,-0.05357480646722042,0.062425785996326505,0.43658894890943906,-0.4838743076074762,-0.0790719155104251,0.6499432536579414,0.5658979075918981,0.5409368964261666,-0.2170107097169589,0.3674128903773595,-0.2979452813093299,-0.37575199157639805,-0.14809335025623643,0.04818882407649941,0.07772301698453661,0.11006322224936593,0.38611836719326326,-0.17230727656281059,-0.009215666509686998,-0.1106439145668541,-0.3267993213764615,-0.49072430828333613
0.03301725965356323,-0.03961597682887845,0.27943631286107873,-0.16002145830276743,0.1255901511800362,0.4452810737803913,0.12291448267811796,-0.07859843416204011,0.4858549355356641,0.14539749005382163,0.36220346139425874,0.23431477524733083,0.15359556761661963,0.25945677936240047,0.29224283014329644,-0.25073024737868044,-0.08956691991183703,-0.10428518095094481,0.05185778153248909,0.6049335258265433,0.23945227969131902,-0.13798051530209413,0.043307053121122194,0.003522019705072692,0.08330429913042715,0.05632941845557161,-0.08385453556292556,0.292949648633779,0.32085573973426673,0.14383044987998855,0.1383862598021893,0.05627970156324804,0.11442531362553568,0.10763096467633333,-0.2100285134258645,0.9999999999999992,0.6165931787377253,0.11629275827290274,-0.08334881161888413,-0.012752620873370634,0.48611913479124325,0.25443569661538873,0.04134523249502657,0.33162115831889283,-0.03186867671758987,0.18172974883997836,0.27642961208115274,0.4606264791729703,0.6641471229379994,0.7317803319463438,0.2144642017958008,-0.013355353407327502,-0.07697177561905912,-0.01645828237638379,0.4302268195910176,0.47200539637189,-0.30005554652601646,0.2626566725368272,0.23985185701392303,0.27131872479125296,0.15457111289543168,0.0826630286956558,0.11158928916851624,0.10381407476338278,0.15286383097648687,0.2580288221895821,0.280762505327809,-0.05683467241170978,0.15945552176582015,-0.18256744285820437,0.20202844821900873,-0.09852932000268488,0.060633554911487045,0.19896423623236914,-0.04402595452352544,0.10986907146954926,0.22729351277563695,0.08470596216267297,0.16068163929356408,-0.07026344623026706,-0.016162524263642432,0.6244214223774217,0.07952659794258572,-0.10434065788987464,-0.0746089558662553,0.1755165890557817,0.6663484332107765,0.3419964675818622,0.8827834129275048,0.5622998168849441,0.26806444217931363,-0.0472860469572573,0.050492457048334966,0.2318435116070381,0.16340706736901126,0.427622982574671,0.42179798978671523,0.4574892895350104,0.7143449879113827,0.7343773058010532
0.07317258772831126,-0.18429605992802758,-0.08798892082093226,-0.17413236650848657,-0.04322945573464209,0.18761606901537234,-0.21865367607372113,-0.3861695493776495,0.14047974468606822,0.13479206343547329,0.2658315577970442,0.2550630565796845,0.3260667940020045,0.27945237619993635,0.3090969653791758,-0.37994757401727663,0.01795617928311522,-0.47314323614909753,-0.016321618159846563,0.16954671362960824,0.08268321168812318,-0.12403545689656212,0.13467657931013466,-0.041280815342107924,0.10604697875236883,0.1886715105146528,0.22214933791752267,0.5194849457596261,0.3153354972908717,0.3330485610993775,0.30661897121859727,0.15243792520860183,0.2414508763130363,0.11406731971494885,-0.07686350946024197,0.6165931787377253,1.0,0.30789654817927337,0.054930332900722585,-0.12500422723732896,0.627479483530081,0.22709354254596764,0.23341309178999745,0.6398962805997614,0.2547894720552678,0.5741804235624068,0.5644777437671235,0.7556486772812336,0.6200221927430132,0.7733060917736878,0.1909005094823348,0.026178187811089812,-0.14577933716050806,-0.006319408831661144,0.3028698361949092,0.280155701038086,-0.41921862105373464,0.02781307902970639,0.24813537780598602,0.27432111580951146,0.2892091871196188,0.268191599242201,0.2159386853158985,0.15622669474156534,0.23117162714210424,0.255324949615707,-0.0035516258869647327,0.08596139521385411,0.15045834062188046,-0.393641668731528,-0.05139013309507778,-0.0565946576111479,0.11392714791401608,-0.0014890684611342279,-0.05840820307592857,0.21077090185003353,0.1270045813070313,0.20207402245619285,0.33082444389131593,0.04430898482941437,0.006603603651766785,0.6075027366921855,0.25921079616112824,0.026992948667874248,0.05750191945511021,0.37565144141890655,0.8763752571140246,0.5162737033387246,0.6551992126846091,0.4589778273008836,0.30806412228242885,0.03828235103544359,0.07641865321652642,0.3849225634240462,0.29887039728560755,0.6915222367447101,0.7365195344811049,0.5916629717496296,0.5873723392318256,0.735315927446973
0.0954360781458505,-0.1657455765160962,-0.16286611895109754,0.01504005764664206,-0.10244135455053632,-0.11743995679280265,0.021751865872586332,-0.13552818022399662,0.0069614941853538585,0.0814625711911157,-0.15446393624724797,-0.15714028393505425,-0.1870950461179078,-0.0482064413366115,0.04133160047789489,-0.1081469529810915,-0.30515210327223957,-0.26178065198455475,-0.20908494666719316,0.0796590968783139,-0.07881949307672954,-0.2657696505255626,-0.033276130128647,-0.023966282466220838,0.07628536392906897,-0.07468043750359458,0.15239125620894875,-0.021057630499398128,-0.0020950178354896404,0.11996095088012226,0.37387005576790316,0.40849196714970537,0.20314771845018145,-0.221071330576828,-0.10721123100749687,0.11629275827290274,0.30789654817927337,1.0000000000000002,0.4552280874466178,0.39570910686582395,0.4070974499662689,0.121340202094989,0.27409482861128676,0.22136947418188982,0.29873238434667115,0.4500224592528072,0.3833102391838068,0.35805819252844473,0.12985695449033388,0.2131765206806417,-0.08029256643154377,0.014080866247773258,-0.1083378605943071,0.06411238781400486,-0.04122271154721101,-0.04260149016996007,-0.1682455639117459,-0.03138358483462088,0.1410811514508814,0.08448966416669569,0.04356253533367561,-0.12388599070926894,-0.05587917996583742,-0.11593082965156012,-0.021130158316902323,0.04494242774011351,0.13379163450142406,-0.2050132154920306,-0.2881223161824265,-0.16184241488463472,-0.09733884301729218,-0.17790813406302816,-0.07128403698743595,0.16126478973055047,-0.19923022402774984,0.007287343330597208,-0.03836304925629358,-0.031201188844606938,0.3809009934543473,0.31840381920242067,0.005749734619120628,0.19445737964374668,0.07822859592599024,-0.1043648809718125,-0.041509265014748706,0.017953075275802807,0.24212070542344769,0.05898250990666279,0.16173192240484052,0.34033549886389036,0.16688968013975417,0.33557476145780774,0.46467846986462097,0.22232462182816823,0.16351475152206776,0.23844188779027461,0.41270682018303007,0.14994845061215722,0.12754200799363757,0.21336702091367016
0.21331289615053464,0.13224564175456913,0.07014867219538211,0.24976168317238814,0.1762004901234689,0.05450929993560674,0.3468874012489481,0.2137065173584676,0.15091099875135228,0.44743683305793885,-0.17828669523332785,0.0399502320181204,-0.1240145939515622,0.1606729064674501,0.26180023838426925,0.3304051727105063,-0.026004381123388674,0.024237837563334343,0.12425304081500564,-0.09973558931297757,0.14995696005727652,0.05018991208742856,0.1858245826660357,0.3028722935821661,-0.0953017253645031,-0.0025674753955411285,0.2746529250349121,0.08267549583263598,0.1522305231627012,0.4213627699062481,0.025557276238577075,0.03027517186205575,0.39805272687289284,0.0018223900771061868,0.18385718559941547,-0.08334881161888413,0.054930332900722585,0.4552280874466178,1.0,0.7248019342403186,0.061758549735420804,-0.13793847434114656,0.3477670039598921,-0.00882403436882488,0.12658997231548544,0.22475182999750265,0.23050188580635683,-0.01366911347279831,-0.16814888904524947,-0.13984573533301983,0.06391373444704242,0.296240202109111,0.24827643049863712,0.12555429392751774,0.0420518881186731,0.015057844826798724,0.23898080916658648,0.24739539077963152,0.19063068554264156,0.1159083858512377,0.044138862669634626,-0.2616736799578296,0.031257669665171045,0.22537466148290963,0.27087054615073686,0.25435954862606464,0.16422270790774796,0.07370517992180342,-0.09655107931842304,0.08399947893594019,0.20841682296014782,-0.005739653046144989,0.15103277281653749,0.3696808491496407,0.00797356448305304,0.032700733550538034,0.09388846034564614,0.20173606030365349,0.023715005876275272,-0.05394556304510258,0.21507155951785506,-0.25044649024026633,-0.19451241077900758,0.03651354298923,0.21539073781097193,0.04263082689101929,-0.09473603116385489,0.035646255061928665,-0.22266202553249828,-0.01938097203146166,-0.024429673713026987,0.4497085397329525,0.5472345841728444,0.02256185337579419,0.15334909037077937,-0.0649397488407865,0.12637386360311537,-0.10151691803470049,-0.09844363321432709,-0.20597245111028875
-0.03085426410625711,0.06128089771000959,0.09691240665801858,0.11543267375435448,0.1595747727395625,0.060746070194020216,0.323673586671123,0.20557052730904704,0.18435598157384048,0.4435776197496931,-0.1633670576591566,0.07403661315035767,-0.06108809814403117,0.10357610944144409,0.1628369124069336,0.31723443055449,0.015711927887273897,0.04947359491904172,0.06637303209751463,0.06724806706795816,0.18866547116518056,0.09272092225020243,0.15038858596383078,0.4458439948869899,-0.11881780558734506,-0.1526928954493926,0.1498638869182789,-0.06854003890498674,0.16236902715878077,0.38861116784841143,0.005165481794200302,-0.07517199139233502,0.05779716126765758,-0.09954208943154597,0.20261786987122013,-0.012752620873370634,-0.12500422723732896,0.39570910686582395,0.7248019342403186,1.0,0.03981890193362591,-0.12265171368077057,0.27811843041820394,-0.17062606547671008,0.1066083375042162,0.07814605796965897,0.1187204462262352,-0.1798004629513477,-0.26309859311842987,-0.15546465184101346,-0.021369190801107173,0.17915628470968195,0.33824694835797803,-0.024173248481504483,-0.015606359923079299,-0.0035007868089318582,0.19861220725685574,0.20100551108027756,0.2679865341178985,0.09623448887596546,0.16402376542825733,-0.1342797600065536,0.19189500879629665,0.18440753929713652,0.16673836017082386,0.25186494868478027,0.3325235848891362,0.11637810466991957,-0.16478308895432175,0.08258561933841968,0.2760774357314668,0.10821474720984893,0.11766133297679524,0.6578571856638817,0.20135821267185822,0.021477056000831225,0.1390236477609407,0.27014427131484214,0.034526941375999466,-0.003252263271225069,0.30086326052271195,-0.270939867732801,-0.2762810409019221,0.09262141714083494,0.1964636356263501,0.02474195227904802,-0.21389430971540102,-0.043416921616178154,-0.147576152157501,0.13036029465391838,-0.11054428340572196,0.4509495259915062,0.6688599874456398,-0.07868877773020713,0.14330854664361803,-0.20819505988857212,0.013003093071344597,-0.28379084301438035,-0.14468294592036995,-0.24456547476023924
-0.11582899413650795,-0.22031629972717334,-0.3787435238084616,-0.01186003071695467,-0.13571651027974238,-0.22374431074167916,0.12494497004306829,-0.21606435848574831,-0.15933214474883864,-0.22244818263326244,-0.05287074553723443,-0.20211063236614282,-0.17880619957870905,-0.14241675831593367,-0.10162873418774339,-0.3308904250938198,-0.39710891467451415,-0.3528394797485748,-0.334479553906613,0.10014096700860345,-0.21592867052157186,-0.42205225593761614,-0.29725681582358454,-0.28839694016788925,0.07598242147256036,-0.1903981993461259,-0.09011709450716925,0.039903872370750555,-0.16827019318921888,-0.058286855488568705,0.48744981181357927,0.13722818513341112,0.18544739097534155,-0.011487546881108866,-0.2780500442984499,0.48611913479124325,0.627479483530081,0.4070974499662689,0.061758549735420804,0.03981890193362591,0.9999999999999998,0.21278602077636014,0.18950586254927926,0.4543326119051438,0.4109449478574542,0.6149140872753097,0.6248718634543516,0.764245877475811,0.36835699381483383,0.7589081816404317,-0.09140982653646676,-0.16091038772184163,-0.09606055929549355,-0.008202141824541305,-0.04407724177583991,-0.04801830914098818,-0.2685418781374679,-0.18113364201699914,-0.03510201555980014,0.006511747501062073,-0.006092110235836736,-0.15913958714049214,-0.25577367442189436,-0.27841809052326066,-0.15522455161387858,-0.1104850254034814,0.21613820623881894,-0.375112288896527,-0.305118748987886,-0.3602572271274647,-0.3141009905575872,-0.4805260807430245,-0.34752990443716836,-0.11156267402385715,-0.409036586495725,-0.09683291807074917,-0.3563261865079548,-0.316636513235016,0.478162315477481,0.15127202044324617,-0.24928070885496537,0.7165419745333953,0.34904869345280887,-0.4379486172097962,-0.3124460110053058,0.06711312321088543,0.5418573379033859,0.007352240077290604,0.4674069052993227,0.6804951229945578,0.2269708487820241,-0.011752564077455332,0.1856527810478618,0.32123461997426755,0.14768492505241015,0.5737578825378706,0.6064053233836142,0.36804835862760155,0.3425710206301423,0.6689065158429921
-0.21616038848830801,-0.04885680764415846,0.13358562672384727,-0.1709994699439157,0.08831372480822768,-0.003058229959772481,-0.28757565710395494,-0.24918185833569856,0.12959573566810192,-0.2881796403577725,0.05591821642120627,-0.022345553410623886,-0.03940916122712053,-0.08483825675714758,-0.1546586566509355,-0.32228204810350103,-0.004614407329139806,-0.22980645089143023,0.045845487934568926,-0.013510537472568156,-0.031143896880238144,0.014188040541788757,-0.09712414279752106,0.04627481061767278,0.09781147263485247,0.4276209501805857,0.0233734100661156,0.016804914805758554,-0.05602898134709851,-0.18406964877927146,0.5802998729229454,0.18152799007257822,-0.024030528697106136,-0.06203556404061848,0.043812916356515456,0.25443569661538873,0.22709354254596764,0.121340202094989,-0.13793847434114656,-0.12265171368077057,0.21278602077636014,1.0000000000000002,0.49798398774145264,0.34030509627210326,0.23719099636020427,0.35225903257123264,0.27033128788051647,0.27109174081219223,-0.0021064326040769778,0.31794310165950096,-0.17515207017040468,-0.1637442364083274,-0.19799788244831226,0.06203197817103557,0.06499194817264616,0.24015429096966037,-0.17181064776488855,-0.02232059797237774,0.02420001181031902,0.14386110542906957,0.06590089676258126,0.1229621637581057,0.031012536912613745,-0.08508078546876509,-0.03535824436576215,-0.09526357919987687,-0.13846158762844157,0.027220349782255654,0.14165810082531913,-0.22041987474065833,-0.07261529396615574,0.1711889933998299,-0.04180072120908626,0.1796650080121201,0.1627359311982719,0.13029262258578467,0.017634531983515635,-0.10837522996913035,0.5552676444881104,0.3025525359975067,0.3157079243804524,0.29798165415790867,0.3586777968139802,0.14221911286829314,0.03548265363006712,0.28033838186197346,0.1716981541470355,0.18202551034155845,0.31701465087483377,0.3990109572067129,0.26922808045114527,-0.0013795719401189543,0.018145924820999422,0.47459664075481445,0.5671255738306348,0.36393204541001484,0.329941755292093,0.14090999730327164,0.12102644392899795,0.3185776643039378
-0.0041943818682885535,0.08278244423994734,0.06339481580875944,0.2261775977218413,0.1045407848400833,0.066881239235822,-0.15235579219808776,0.05985804334959781,0.043953799322433,-0.05152512620716085,-0.0065910932419666725,-0.010929807968843597,-0.04022225147278188,-0.12244294990996385,-0.057790935629453304,0.1260970186420624,0.08578739701927522,0.0036251204392839394,0.034546629453978066,-0.23938278499475193,-0.07655639877653443,0.4804174631019391,0.2205091426416,0.42083727510197944,0.012427622682733938,0.5226060941648352,0.3470455186174621,0.4104896888510275,0.08452119135197463,0.35887301188898774,0.37464622007533915,0.11591069288809888,0.2995608713021123,0.23684896468234112,0.5940269301824527,0.04134523249502657,0.23341309178999745,0.27409482861128676,0.3477670039598921,0.27811843041820394,0.18950586254927926,0.49798398774145264,0.9999999999999997,0.4260786367772046,0.5346291756387098,0.6074266951543834,0.47134498245466555,0.09896646968924064,-0.24569613306703855,0.04798426728387065,-0.0665519717765261,0.16937697992180925,0.10856165298728115,0.2724753416122954,0.09812161622354473,0.11500208369143156,0.21879173129335866,0.15925605283969593,0.0040602004415698795,0.0726716311844155,0.012270030341245944,-0.061685419190131735,0.08808045055667423,-0.01796295390339826,0.026766730570345273,-0.027899638933230293,-0.08234508861486008,0.09559087850417321,0.1061840275589221,0.07421723781788792,-0.04828828373314393,0.4266329499132542,0.24608889552589872,0.302730779004105,0.15627259329395185,0.35267901022717907,-0.032615164298893544,0.11634689527411411,0.43549082310191983,0.1984648156092358,0.44162249942055953,-0.12989152892429653,0.27145683004719773,0.44008882387238357,0.3000037213965063,0.5033046721550574,0.046256141801835425,0.37971646499173795,-0.03312886404537074,0.09546828185137082,0.2589916653289816,0.17122650828128658,0.36495346711112925,0.5608963707871082,0.7661929709859554,0.27221620940679736,0.3840127381275536,-0.03924076185004634,-0.12221956151472056,-0.07013797804383916
0.17106036678984896,-0.07565057741362534,-0.08049269327233526,-0.13492065420108765,-0.05762975081985739,0.09777604736533065,-0.21652779645404496,-0.25830752320801154,0.002477022602588954,0.054906983864579914,0.29836266059863054,0.176083675265524,0.06155026733193671,0.09408829420556929,0.23004978445601737,-0.39929526895498857,-0.11280788949082439,-0.2677877694926143,0.019564508803243764,-0.07589447858041676,-0.01571800643953804,0.014709468955634105,0.15082352141233482,-0.16294483032103957,0.1985090974429298,0.33089073452809314,0.29613234026311047,0.6055945273671903,0.21451999584732018,0.1828235481098367,0.39623600692418703,-0.0574372751656763,0.23912184840427617,0.1931137664411625,0.06562314745232208,0.33162115831889283,0.6398962805997614,0.22136947418188982,-0.00882403436882488,-0.17062606547671008,0.4543326119051438,0.34030509627210326,0.4260786367772046,0.9999999999999999,0.5787860538281865,0.6925454544701739,0.5219889461606718,0.6549657874245631,0.4787142482012996,0.5537252003505848,0.23597639806181017,0.05770573690895169,-0.10438304551796675,-0.04615747972985701,0.2433515254088509,0.22357817025577278,-0.20573923704017466,-0.009179783833506825,0.20438574237267546,0.26216275162422525,0.1454971936865596,0.08568782121905563,0.008681037451926162,0.030397763225932392,0.19327760955483905,0.19848913643342084,-0.004150500835989766,-0.0018901832786822812,-0.03817852071967389,-0.1858739782981706,-0.10348057706646266,0.03338499651052401,0.13868549596292573,-0.02379069295581845,-0.09011681055250595,0.40576996379733943,0.0863573811798136,0.08236778891394662,0.4216000816587747,0.0029802422542988126,-0.12823187440299344,0.3588326885317789,0.6087588340082727,0.0841702130312669,0.04821761742408723,0.3102336737935245,0.5087743362018341,0.5696758371688714,0.38879498701335485,0.25095438990182484,0.4356009162262565,0.20608872506728598,0.0851240865675482,0.5833243458974735,0.5242262184719717,0.9030096199623567,0.7025016844911218,0.5536368832739391,0.39701949221567484,0.47947751986354936
-0.20085721046715357,-0.21213144611286033,-0.38215808164327203,-0.014794101730587697,-0.09737061936196005,-0.18113280098201076,-0.18435733734556678,-0.23963495167557808,-0.15194870131102664,-0.13940998837899418,-0.10363234009004228,-0.1999459566294158,-0.2505361306814332,-0.3079735654182131,-0.19734709358902072,-0.26363883805244526,-0.24585293261430663,-0.25621911372104367,-0.32013471685449724,-0.4293632330175515,-0.3881984986582313,0.0003987291389896977,-0.048071737360968606,-0.14533842217763152,0.16088979653691393,0.13867477447541166,0.3277343432704189,0.20956535427180656,-0.21764547093770828,0.0462770498169246,0.48662625885954414,-0.05849886540951497,0.11494331770885677,0.045229887355181034,0.2519083122623735,-0.03186867671758987,0.2547894720552678,0.29873238434667115,0.12658997231548544,0.1066083375042162,0.4109449478574542,0.23719099636020427,0.5346291756387098,0.5787860538281865,0.9999999999999999,0.5836712295332095,0.5015449697994289,0.40706303720395604,-0.01615350912193999,0.14778618025682205,-0.21745566420674245,-0.06164592042962092,-0.1324784374299296,-0.06258434497870208,-0.10417594766175868,-0.12405480864193945,-0.09545262971337735,-0.15349894107747664,-0.04996363509649303,-0.05752141776926668,-0.035100868045745685,-0.22105430464311432,-0.2737195794133236,-0.3536099093980372,-0.18807143486179773,-0.12562682783854187,-0.10994801249335646,-0.22978582680641318,-0.38647617151963665,-0.22183768407516655,-0.44847321343369434,-0.04658638074316036,-0.12907460942587207,-0.10354908712785696,-0.15378359260179822,0.215361988674576,-0.3318345888575969,-0.037749899147543474,0.522224365807457,0.13220734927230637,-0.07127650000942024,0.12826334945910856,0.6815824334493958,-0.0003808890762598758,-0.014728241877244643,0.20271345360303544,0.12169921972777488,0.19300591600920952,-0.07886322934957417,0.1549754560193543,0.1630691643389464,0.17255513639639003,0.221282373387164,0.4564122262337639,0.4071832710293725,0.47757824282001515,0.3945142610343285,0.16362872654815208,-0.050894510692388095,0.020016412731918547
0.1024504343924322,-0.01919403756695501,-0.25868520765810105,0.13175332646677482,-0.07148287508440584,-0.07900508920859863,-0.0706595579648868,-0.13991611259224374,-0.1306869731299783,-0.09141991155169238,-0.07701241756059402,-0.14852588218625895,-0.1128055156138807,-0.1109788475258042,0.02281553013071349,-0.16176635239863005,-0.20031938239366168,-0.25175003527622897,-0.12681046041326405,-0.16047408222695628,-0.14218886567487707,0.0043345213293716055,0.06876558902196588,-0.04307716218811888,-0.005095477897302232,0.1467521585831297,0.3794182163195245,0.40378195054540705,0.014024710918102609,0.2606449908042592,0.5442624944139401,0.14546954438878787,0.332631504950627,0.08772626417271429,0.15530114628571828,0.18172974883997836,0.5741804235624068,0.4500224592528072,0.22475182999750265,0.07814605796965897,0.6149140872753097,0.35225903257123264,0.6074266951543834,0.6925454544701739,0.5836712295332095,1.0,0.729030109777239,0.6859388337962022,0.16824744646375409,0.4980620591937684,0.06741015219309077,0.0460198976061673,0.15159740186297033,0.1951962664120768,0.04603567893016627,-0.009780996230722507,-0.006098630001275079,-0.007874461239692081,0.07835046493231512,0.0629667205692031,0.014347324569467924,-0.09329328130285228,-0.060527525545190454,-0.10086520488967003,0.029569452355485325,0.023990273029396245,0.04114122856456858,-0.0747593855221457,-0.1271821170106545,-0.11588240321341295,-0.16326090309105573,0.0010970294404893505,0.07251702162943507,0.09844968174914989,-0.15524051241516978,0.18073665593531418,-0.17802314408547057,0.025318864293786054,0.5910334425697666,0.24938271286019176,0.06531793249274756,0.319635981335222,0.4645592530035064,0.05682799591569432,0.13618516608040865,0.4342729454366077,0.38223605171123565,0.37307324549852533,0.2107646117363486,0.40783348240093653,0.42949338789076935,0.3065191717636458,0.4166134044249626,0.563906957380691,0.5294255389314577,0.7145744462745296,0.8083140951914752,0.34201650656227534,0.16213220628459935,0.37173880422586864
0.012296624707426413,0.08833347158009401,-0.18426579170588,0.08943136143231019,-0.02520334837462644,-0.09737201639815538,-0.1439046416037566,-0.09201743402672452,-0.15850801270464634,-0.1200117067738275,-0.17019304096545057,-0.19462505094401028,-0.07862459369763714,-0.1356789328285503,-0.010757698541561595,-0.0348282498601662,-0.19708988741360112,-0.15982917123587218,-0.284133155712557,0.006004669810489282,-0.23988481267243314,0.05340666390500185,0.26705593914759235,-0.07524685031492746,-0.20072763256288784,0.07518683153243691,0.41878754421217906,0.3517307050896017,0.053261225919979234,0.32796534082070095,0.45530754960275127,0.10667895855434728,0.27632373225061957,0.30046230701855725,0.27640034211383985,0.27642961208115274,0.5644777437671235,0.3833102391838068,0.23050188580635683,0.1187204462262352,0.6248718634543516,0.27033128788051647,0.47134498245466555,0.5219889461606718,0.5015449697994289,0.729030109777239,1.0000000000000002,0.7105450420835969,0.2862658692502861,0.4334467541551209,-0.04057629130263133,0.15705777414487232,0.0534922822731094,0.176406088655897,-0.01114903107665446,0.01713494507659933,-0.0821035799840994,-0.07374063226532845,-0.08115066493502146,-0.0928087170764883,-0.06622117761995866,-0.03730990207332128,-0.009533672828948672,-0.12151727227192097,-0.02656888494199393,-0.005127819082905651,0.00771472434991945,-0.06202598315234118,-0.03964163331930026,-0.07887239213349909,-0.14433391109037477,0.023588951076716762,0.19061601377322576,0.0011106792222147597,-0.20400542433993252,0.10098156773455913,-0.17941386218122124,0.023638010835799535,0.54140982801608,0.09225131996696405,0.037413125537157,0.3477204955371305,0.38864563373797156,0.046180465603883177,0.16405648305377873,0.5531794405978413,0.4330131012156774,0.3628650275787884,0.2520756373484929,0.36245004062914077,0.21974284403989092,0.11567606863914844,0.23070390580330413,0.42797822549572906,0.41958317937209383,0.503527156971924,0.7105341974377476,0.5031904820479766,0.2553831850629308,0.3506156709995252
0.026738785307703364,-0.1873690881594352,-0.28522109316648175,-0.12720699611152933,-0.10881661900742044,-0.09554931955396345,-0.08791921578390217,-0.3404831778289735,-0.08426073974573245,-0.07315973900966209,0.03159015083733944,-0.05002701441684805,-0.03806534599401827,-0.007468962258824973,0.1172451922540238,-0.4313629158191974,-0.2730570335687977,-0.4178525131376822,-0.24758930746224136,0.1437203588290467,-0.10248406463026019,-0.3863503139245565,0.008920808545761709,-0.39580659289858405,0.047452149347901706,-0.06675119376535704,0.2307786959422708,0.29962493058900447,0.03196794524983889,0.06637291249635863,0.4848862207593,0.11780479502555308,0.21006387871520849,0.06956766260517383,-0.2636981187703283,0.4606264791729703,0.7556486772812336,0.35805819252844473,-0.01366911347279831,-0.1798004629513477,0.764245877475811,0.27109174081219223,0.09896646968924064,0.6549657874245631,0.40706303720395604,0.6859388337962022,0.7105450420835969,1.0,0.5838440777591948,0.746608062022286,0.061533468715326035,-0.11024764870100431,-0.1565134286124141,-0.010674666046597992,0.07847052036195583,0.030949137163348454,-0.41490588992526867,-0.11954593594386612,0.06351144436818455,0.04785922797638255,0.048371923653729165,0.01504081882749045,-0.11983826440851397,-0.11361575579721103,0.04173554531526819,0.1009183834057587,0.0392100529234094,-0.1548041649194701,-0.13169930004147565,-0.377394866227245,-0.1565798376213687,-0.32938174361332795,-0.04255708902012755,-0.1738055898800899,-0.3011356181519903,0.03497044349182555,-0.1531505703786322,-0.07079326409968331,0.527797109483228,0.06019053493387988,-0.1905832293986414,0.7263461708444571,0.5017899489459611,-0.24824915012043205,-0.057952927785904204,0.28608540857094816,0.7007405132730247,0.3280229479168944,0.5169470312546526,0.5655904940448303,0.34778058087653124,0.11508987320873691,0.0572734180786968,0.42559645896823184,0.1887383150133297,0.7606124972895877,0.7871117079939672,0.7474806326823772,0.47903427662475084,0.7105827143216056
0.3603611751500103,-0.0795800836680475,0.19796227021997811,-0.3011428614399857,-0.022343426467384422,0.3968748864637731,0.01815469484018871,-0.19992305802636515,0.2963033149573986,0.23002645091571838,0.42484165149352926,0.3276568606223266,0.2584191444435373,0.39853850708695837,0.4400438861310653,-0.3900127134185638,-0.09866629311033412,-0.2199374336068424,0.11887463084131683,0.4737517916075267,0.24386597221405354,-0.27626141377017405,0.1468567098154588,-0.3091655858917148,0.06214662632046385,-0.0012600720800460161,-0.03665072615342379,0.41304876348722624,0.4443170639944824,0.15396511601926852,0.0309327377362988,0.10804015741589651,0.16229616813660672,0.06879796020592545,-0.36484516456546956,0.6641471229379994,0.6200221927430132,0.12985695449033388,-0.16814888904524947,-0.26309859311842987,0.36835699381483383,-0.0021064326040769778,-0.24569613306703855,0.4787142482012996,-0.01615350912193999,0.16824744646375409,0.2862658692502861,0.5838440777591948,0.9999999999999998,0.6638054436385739,0.4666144865580505,0.07018847551517748,-0.12267216987098732,-0.13756445799122555,0.39381947283979063,0.5032996064522087,-0.36868306249202,0.12300890186763638,0.32351802987459716,0.3350970437323094,0.2498532375062398,0.24140618173144165,0.2151154503520828,0.2560155068174012,0.31885238752133876,0.39005458547292626,0.25372253587493176,0.10113913665645634,0.03601095935778573,-0.2051074947677994,0.1720129231677106,-0.13038907749012024,0.1449446183872342,-0.0651210448634905,-0.09679421184971482,0.22477932324124186,0.30823100851907675,0.20265037656040388,0.08417049053592254,-0.08837773614267491,-0.282881293230471,0.5731903269211837,0.19888995940996587,-0.13797610730076462,-0.16242869309164376,0.05769751397083136,0.7303058035305936,0.39934384328088673,0.7191761205054618,0.3131496505767196,0.3887262722765923,0.07087319335999688,-0.10191091347571472,0.25724510977648934,0.022272243983681474,0.5433738547820051,0.41105318915365624,0.6291364846520372,0.8832199057674972,0.7335804938088946
-0.034879179541629377,-0.26564308322845576,-0.06416413427645552,-0.24122343591070058,-0.16910149829311963,0.0768187446619459,-0.006692059711997682,-0.3474862470496943,0.0999038670249052,0.00043971281579616975,0.3205703207220576,0.15186211412832493,0.1389719515338515,0.1667027024387871,0.19534756569238657,-0.5332751421047426,-0.20027022900454766,-0.46046891346941926,-0.05557589658720153,0.2973613747962796,0.10851247463463479,-0.3810601275872659,-0.1689011260236816,-0.24253824096279217,0.13063476812839656,-0.03941592017259488,-0.17065257489293,0.18910837346901105,0.138555527186983,-0.017134049933844892,0.3384436935332625,0.0701141420501627,0.09702266954316738,-0.14036807316082509,-0.4111569262980835,0.7317803319463438,0.7733060917736878,0.2131765206806417,-0.13984573533301983,-0.15546465184101346,0.7589081816404317,0.31794310165950096,0.04798426728387065,0.5537252003505848,0.14778618025682205,0.4980620591937684,0.4334467541551209,0.746608062022286,0.6638054436385739,1.0000000000000004,0.13951317519138426,-0.21792059947971495,-0.10534115021405863,-0.08238416509608625,0.1743366543066276,0.2815036122807903,-0.3930956417599545,-0.04970181642257519,0.15765256129044788,0.25981296417379207,0.1959113847629504,0.17096791613600107,0.07343293313869413,-0.004892797568711559,0.12716918352382758,0.18917212660687285,0.2179471725504476,-0.08330864546715727,-0.02047974242573814,-0.4294043374941961,-0.008289225580687731,-0.27788794969886066,-0.16574049691996265,0.05257714636514007,-0.1698328503302995,0.006484262785300201,-0.007611591716744211,-0.04301390592844907,0.33620181963298124,0.04775584650628301,-0.18076446276963626,0.7575816725441185,0.26016940112900616,-0.28198745132269076,-0.24343865458814123,0.12533885312873988,0.7661514174277861,0.22611164199490905,0.7713372560557271,0.7173966149246251,0.35101463548044487,-0.048909476835102536,0.07303911764924814,0.29730763218193623,0.21909214015444392,0.7200601789590143,0.6397271450194866,0.5025958414437512,0.6512839756538631,0.9393038630710735
0.6858216690341818,0.2757464687602722,0.45451169478339304,0.10277371464496173,0.2619108174689681,0.4847525983892824,0.2880765274334427,0.2935990975386445,0.28763867115833086,0.3855915166584353,0.3113475875271923,0.322399938693048,0.15831887947632145,0.5174747448456418,0.5681926713606409,0.1357276604120134,0.07159336754057767,0.23709251630652411,0.41356814789944824,0.3056119868949977,0.45851866986290984,0.10755582975922552,0.3155508177431303,-0.023487963598238605,-0.019650254651188182,0.06247961146478951,0.0218689380069066,0.4635232167558073,0.5968028854752031,0.3336735902408798,-0.12617329353961035,0.07863589665419471,0.27805568560955196,0.2743420103281288,-0.03665421011552518,0.2144642017958008,0.1909005094823348,-0.08029256643154377,0.06391373444704242,-0.021369190801107173,-0.09140982653646676,-0.17515207017040468,-0.0665519717765261,0.23597639806181017,-0.21745566420674245,0.06741015219309077,-0.04057629130263133,0.061533468715326035,0.4666144865580505,0.13951317519138426,0.9999999999999994,0.3990474359917886,0.42416141780194394,0.12443926553942976,0.3933879283302388,0.4681244662074298,0.2763504759313192,0.42758767588077606,0.39240331638415304,0.33517861685059874,0.13060562413966076,0.07872760358880072,0.27619203752521215,0.5294986743130892,0.4958438897370174,0.4670914422738977,0.3355870851351265,0.2629287330463308,0.25534375197853276,0.3274275234308869,0.4257729867587783,0.16304171261758346,0.45408368906996066,0.27686418705128585,0.09022512811215874,0.24042048856003115,0.5431399003520645,0.3335868230566936,-0.07501503542030145,-0.042305892176144014,-0.05381840208461186,0.02820740155404195,-0.13504179024042562,0.1734957367535566,0.06569817203374609,0.0977872280995906,0.23093415210609816,0.37899119937152637,0.23640174359346916,-0.08836752515962053,0.44804993488389927,0.2982936854523377,0.06982870855473018,0.16829088802029568,0.036466815043352994,0.22894888746234945,0.15013218513943943,0.19231826801714016,0.41993958044101093,0.20475035930571983
0.2754417037091974,0.7575068749816057,0.48090495934441574,0.4764820768200573,0.5297119412698016,0.42854892874664213,0.24355740307765394,0.5807529928539878,0.27213293612482803,0.11548881710310033,-0.08379703331829949,0.013743676859152091,0.02357745417557843,0.18087403715875994,0.07877282280265892,0.4844880152273223,0.06380267477307852,0.4703567686134623,0.16577097812221328,0.09845557882844912,-0.07197012840626195,0.3868315914418439,0.4105871893533356,0.1414512388879019,-0.38851986478047756,0.2174724064681897,0.2482435170289089,0.35616800007745364,0.35339535917643894,0.38160832788127935,-0.042251304153634546,0.021003384376629963,0.045343377932542395,0.4348382327719075,0.3755016493708539,-0.013355353407327502,0.026178187811089812,0.014080866247773258,0.296240202109111,0.17915628470968195,-0.16091038772184163,-0.1637442364083274,0.16937697992180925,0.05770573690895169,-0.06164592042962092,0.0460198976061673,0.15705777414487232,-0.11024764870100431,0.07018847551517748,-0.21792059947971495,0.3990474359917886,1.0000000000000004,0.45042895722370974,0.4618320842028499,0.4966375424207309,0.33734859759607616,0.5672118398760821,0.5131564593111211,0.15881088682541747,0.004043509340484496,-0.008257815022349643,-0.04546630103562557,0.11992624174360302,0.22728071620331733,0.04529622101606158,0.029112411067590285,0.19504025793206659,0.16008202687396297,0.3033311549904611,0.5156351101849183,0.09171853567635253,0.341763230600983,0.5279756594124425,0.07992022593581033,0.05671634646513149,0.19076837477973807,0.3194874006214105,0.19816542782889718,-0.013852072767549658,-0.0998501883775202,0.16371286901105617,-0.16710157453312324,-0.13917532345867467,0.33728363690519664,0.41840186917281885,0.3903200257105351,-0.0473225044252431,0.3173135484175437,-0.05080102449799178,-0.26471165346376513,0.015675297751586423,0.1279055843828811,0.06892116274033416,0.0664852440677165,0.15237343461367697,-0.07330813551743781,0.04279507873118475,0.1235152616940526,0.17317251758173852,-0.19667580345983957
0.2224282589686011,0.486249103576804,0.2671764913047047,0.4726852461730727,0.22512170127911751,0.25665228274231877,0.423556386220351,0.5320678624528474,0.14388789319948392,0.2931857851906977,-0.0007743001214752851,0.008348773384053565,-0.08720831499978925,0.07413984350124511,0.20425292188046248,0.56160178474495,-0.025543084225778053,0.42594951278935295,0.10039221540171067,0.12005455388737775,0.19273843415473313,0.22093533701437937,0.17001366357625153,0.2301563794084526,-0.14998108610869926,-0.06318373522994371,0.09153752498968416,0.15781677199515112,0.24712433552593083,0.2846990336541656,-0.05107716568301153,-0.11359899821181962,0.12057668879438585,0.2187775955454711,0.19526115561932536,-0.07697177561905912,-0.14577933716050806,-0.1083378605943071,0.24827643049863712,0.33824694835797803,-0.09606055929549355,-0.19799788244831226,0.10856165298728115,-0.10438304551796675,-0.1324784374299296,0.15159740186297033,0.0534922822731094,-0.1565134286124141,-0.12267216987098732,-0.10534115021405863,0.42416141780194394,0.45042895722370974,1.0000000000000004,0.45420140564737665,0.19927383319586142,0.12618924461915573,0.6835636823942562,0.4035464995128161,0.22785077779473492,0.15601042375124402,0.04161856538942576,-0.13645723492293252,0.11634305802770657,0.16359513956806362,0.11344990822559768,0.19868172910176396,0.43431317092927035,0.11655674777071022,0.13889175601923792,0.5569443270554277,0.3482999881446032,0.2086796551138296,0.2994032531644968,0.3727763115505542,0.14348491424044477,0.06146784992586545,0.23270002307677146,0.23986424057415986,-0.08481113587873593,0.0884585439333503,0.18323546852287986,-0.19415089717922931,-0.211240587813801,0.1803193729565506,0.2538319583962344,0.17726304240044932,-0.15868118524754726,0.19724079762566948,-0.1009048178299031,-0.057190409861283396,0.15994559025138252,0.3587116322187276,0.4340074499113155,-0.03574965325761759,0.07771064069921094,-0.08819608616132649,0.009082454296663805,-0.18223833332704512,-0.005577021024583211,-0.19955405145291202
0.0015853841462283576,0.4967023965715595,0.17523868756041933,0.6721823021466656,0.29751531269062786,0.14330113970564312,0.029281303144340867,0.4968193318034117,0.00893799312097452,0.006593586599416739,-0.06485989240912235,-0.11115722586827816,-0.15364753574704967,-0.1642303344180641,-0.03495075990292077,0.3306579346790527,-0.04736406120960476,0.2722253974733293,-0.17353957401445044,0.00095127634950404,-0.21506342010432428,0.2770935910903042,0.04037240676078908,0.1964729105742256,-0.05136449188848854,0.27278459756585577,0.19936877707546327,0.1489932186160409,0.14682717908528664,0.11734385539889076,-0.07263637597504534,0.127126068882123,0.0310493426025972,0.2725649581426983,0.31574852426296346,-0.01645828237638379,-0.006319408831661144,0.06411238781400486,0.12555429392751774,-0.024173248481504483,-0.008202141824541305,0.06203197817103557,0.2724753416122954,-0.04615747972985701,-0.06258434497870208,0.1951962664120768,0.176406088655897,-0.010674666046597992,-0.13756445799122555,-0.08238416509608625,0.12443926553942976,0.4618320842028499,0.45420140564737665,1.0000000000000002,0.18994533290569177,0.11008757270344159,0.6437185581046032,0.3816332781397376,-0.012298965227729209,-0.007126899752128944,-0.07902411281440486,-0.120312963731943,-0.0880890760597042,-0.12752700211987084,-0.2154130365392904,-0.08352399972361618,0.0762859628668811,-0.11583826029340985,0.2063348701511417,0.44038811655283894,0.01674715470018439,0.1991663886113209,0.20398449449740746,-0.04554892729775465,0.02292364012701088,0.08526115802600341,0.07401262156157289,-0.06545625563051921,-0.0970176279595943,0.1407939332394316,0.3164149996571519,-0.03781334766069049,-0.0819037549522822,0.2541823319692177,0.3210463299223024,0.31698107282808025,0.021734408331613036,0.22301459424315864,0.014291813280415231,0.030392334623345844,0.005376881054245693,0.11003897731485919,0.14402943918354114,-0.045347790243318094,0.22364602935652694,-0.019790533823487843,0.027336544683950557,0.0517847419113076,0.022812098137719474,-0.11415977052380248
0.19987379771639238,0.3530713031506272,0.6120711360033835,0.03190204838305279,0.5441457896780993,0.8055762768603527,0.08579587291221202,0.217820524848066,0.7203111986229431,0.28416393482110675,0.4309286316334095,0.4228370731734879,0.29880260567148,0.42775648621935614,0.28399806480884227,0.06084667131114072,0.22882352242307344,0.08988832301559153,0.35875910965687174,0.3677036522033569,0.3124680305653848,0.17839168675284509,0.31221235808507797,0.2244582835116184,0.09688842834089165,0.27353622390096777,0.12168427533611662,0.4552116750402018,0.4945985213722181,0.3067963367796219,-0.12321565817069215,-0.09643895055943438,0.13752901388947042,0.2101558905289625,0.07760031318990421,0.4302268195910176,0.3028698361949092,-0.04122271154721101,0.0420518881186731,-0.015606359923079299,-0.04407724177583991,0.06499194817264616,0.09812161622354473,0.2433515254088509,-0.10417594766175868,0.04603567893016627,-0.01114903107665446,0.07847052036195583,0.39381947283979063,0.1743366543066276,0.3933879283302388,0.4966375424207309,0.19927383319586142,0.18994533290569177,1.0000000000000007,0.6898392232576988,0.057045067854013726,0.7136101364903367,0.3536423341108576,0.3393406077929457,0.2923111811394887,0.18475076893549597,0.1992067914194529,0.350674215188315,0.15766692898640425,0.21961628806516958,0.1869376695014059,0.18070466363393903,0.2217001170315116,0.03867113780191936,0.24795647955699132,0.23536194684728934,0.25166091955931785,0.19159708967771075,0.20720614325637335,0.3363208420364032,0.5218150086763024,0.28356683770454977,0.003994030427631127,-0.1591484692262144,0.17086129406200903,0.12303417992571355,-0.09993693195863726,0.21123009879107507,0.2772002300123554,0.16842341452683265,0.2951254158066394,0.46184685392321095,0.41184655661042413,0.032361671181561434,0.15542106704274083,0.13448074850280722,0.13688851118425693,0.18239659294361077,0.23084039611098223,0.18922779739747056,0.10027317749680073,0.19610855735724503,0.5403077903649925,0.20478048568926258
0.2285537008328658,0.22019247629786953,0.7612148896619195,-0.12334219028188945,0.3291984276828607,0.7816644618293968,-0.009722881161020281,0.13605941158994728,0.7448566729579542,0.36179199034977083,0.49145022823007983,0.4921434593674052,0.35390456777893226,0.5383793012765157,0.3931651505453582,-0.08849821599407212,0.22262104069810099,0.00024484976922999464,0.45789144774089713,0.32527816155668227,0.4660229797080609,0.16543559956302267,0.3003659405416363,0.1714577749402491,0.11653494301672532,0.35371234390747447,-0.0618142689840788,0.3316115975593505,0.6132358855268708,0.28427412340352415,-0.13492718264409992,0.12143779550957985,0.12375643775025612,0.11507897514171844,0.01757631982891014,0.47200539637189,0.280155701038086,-0.04260149016996007,0.015057844826798724,-0.0035007868089318582,-0.04801830914098818,0.24015429096966037,0.11500208369143156,0.22357817025577278,-0.12405480864193945,-0.009780996230722507,0.01713494507659933,0.030949137163348454,0.5032996064522087,0.2815036122807903,0.4681244662074298,0.33734859759607616,0.12618924461915573,0.11008757270344159,0.6898392232576988,0.9999999999999997,0.04071683438143849,0.553283002121641,0.375446677940493,0.43551216936013243,0.3319281709748858,0.2903262483686968,0.3528924525062526,0.46543947885680587,0.3553408949833091,0.39128384155242973,0.21745194355724226,0.2892499074168903,0.2484071820340669,0.003360520308909854,0.3764385060205179,0.2855262121287925,0.2975648373786004,0.30622135734378897,0.24662109764120627,0.32624380039449913,0.5979672389464342,0.34949852459223246,0.015207961351182795,0.029585474471534708,0.09935617386781838,0.09438437137676568,-0.09647903107694708,0.19499788353619818,0.08495044222120719,0.07890980751620276,0.3376093207666721,0.3818073173673403,0.4938456709995072,0.08873183020694589,0.2817814606643699,0.08950206010226114,0.012568495690429858,0.24414601260282645,0.3093991177907472,0.2042873487805296,0.05804668510242714,0.09962341039980027,0.7005670221479843,0.3450863225855089
0.15568937185430695,0.6532354897504938,0.25492639116940596,0.7439548299079224,0.32514436817881187,0.11371592732708105,0.3883368891877069,0.8222791886346611,-0.000945648605714887,-0.014410641170068366,-0.143004267927247,-0.22334800412970088,-0.29943963023351916,-0.14309779821304638,-0.06007226020098085,0.6200046338492383,-0.06040833750291778,0.6547179226253785,0.023476524629679803,-0.13939490635678053,-0.12760237984631992,0.4566920815471551,0.09001756328795525,0.18789532664224812,-0.1874404407451272,0.12535458949790704,0.05240671160056604,0.03138810061511835,0.08010689624380787,0.08991455815118603,-0.1428303043112663,-0.038981680590287116,0.03555719865253933,0.3376769990297612,0.4189872922464473,-0.30005554652601646,-0.41921862105373464,-0.1682455639117459,0.23898080916658648,0.19861220725685574,-0.2685418781374679,-0.17181064776488855,0.21879173129335866,-0.20573923704017466,-0.09545262971337735,-0.006098630001275079,-0.0821035799840994,-0.41490588992526867,-0.36868306249202,-0.3930956417599545,0.2763504759313192,0.5672118398760821,0.6835636823942562,0.6437185581046032,0.057045067854013726,0.04071683438143849,1.0000000000000004,0.43945247796650294,-0.08837182437710417,-0.09945247184437579,-0.25863188251989183,-0.31799145806342566,-0.13999322578989654,-0.02244280683434223,-0.09558566135937005,-0.10206719899120535,0.24525120605746553,-0.011556527405909338,0.17074829732041513,0.7906228992507016,0.11548120378458515,0.2686263218471872,0.2898277809691213,0.15707057250766407,-0.019164898855640017,-0.013120477746283579,0.08112450125004932,-0.0836485964354436,-0.19187750579411136,0.08404701517387426,0.1706906234424509,-0.4162982201091292,-0.2477601330017128,0.19747454792862537,0.23192965897425327,0.14312844250479181,-0.4566154637941418,-0.016712891207049926,-0.37367102931538554,-0.2808504621609263,-0.014182208330029162,0.16345691249365127,0.2264343701749454,-0.12160442851242619,0.08818460551943921,-0.25442799884666095,-0.24920601500014855,-0.30187853282198784,-0.2663508573396452,-0.46946503834997766
0.24135516436805365,0.469108737147775,0.586633492196383,0.3094954892870335,0.5865138464819639,0.67012078386639,0.3194317177117515,0.5805049458277147,0.7228882157953879,0.27839751160051446,0.2033522470061571,0.18668078807378322,0.006625173372792649,0.22794008540669966,0.2502853129302113,0.37340423435893105,0.12590227445788627,0.3768448577907762,0.24717152280433352,0.29874496279667495,0.2995540072017651,0.26965577494831905,0.2550981006630009,0.2637765517638305,-0.020151564555580464,0.21972962532398854,0.08966662782152506,0.2968991840327373,0.40395409387265735,0.2734610380290882,-0.18609943563029696,0.06123858484007243,0.2262293462088051,0.22961474215485275,0.19648381310655982,0.2626566725368272,0.02781307902970639,-0.03138358483462088,0.24739539077963152,0.20100551108027756,-0.18113364201699914,-0.02232059797237774,0.15925605283969593,-0.009179783833506825,-0.15349894107747664,-0.007874461239692081,-0.07374063226532845,-0.11954593594386612,0.12300890186763638,-0.04970181642257519,0.42758767588077606,0.5131564593111211,0.4035464995128161,0.3816332781397376,0.7136101364903367,0.553283002121641,0.43945247796650294,0.9999999999999998,0.22893876349554423,0.15472000632040378,0.01891398428538785,-0.1122818924646398,0.08187677330201924,0.30741370056643064,0.1374238219938294,0.19211968441449775,0.18113519708172668,0.16383930691396084,0.2778753069752043,0.40301857031120913,0.4029848986658508,0.25452157864268243,0.34844693983387376,0.3602750249174378,0.10977454950967706,0.14002222033977318,0.44053779533302684,0.19756539121892636,-0.046805029418461375,-0.022092483930068338,0.2606289456027441,-0.10194071301093866,-0.33304785858751335,0.2312817342910998,0.31485811762919713,0.2384109501549052,0.04155352978019672,0.31126880507577975,0.16402619663854173,-0.03446100359917743,0.11375504334894179,0.25927207691825194,0.24039934442952487,0.09686330641150788,0.18793024507659795,-0.029470276582471925,-0.019808614874926644,0.02824858131468848,0.25421673858110394,-0.02977801866910968
0.3013160225718753,0.07221276188420706,0.32419761844731654,-0.10391699024807383,0.1941023752573145,0.4227023236685794,0.08927425588607321,-0.10403936085618695,0.39346869883232266,0.6744673588903264,0.5879726745006452,0.7076124998661523,0.4829704008449344,0.6127288602480236,0.6233843994525655,-0.07465695116630768,0.36839017360139814,-0.10402915169768898,0.47067228730835103,0.27214041348527274,0.5714687553978326,-0.01796413143370279,0.28939701703134446,0.3263603513476265,0.2753395156471497,0.21540015345456295,0.15151711216392325,0.4015906175231514,0.5242425962173547,0.40718371097397416,-0.13820728009044142,0.12374365002316927,0.12482619998220086,-0.00670302765551993,-0.11279145049239366,0.23985185701392303,0.24813537780598602,0.1410811514508814,0.19063068554264156,0.2679865341178985,-0.03510201555980014,0.02420001181031902,0.0040602004415698795,0.20438574237267546,-0.04996363509649303,0.07835046493231512,-0.08115066493502146,0.06351144436818455,0.32351802987459716,0.15765256129044788,0.39240331638415304,0.15881088682541747,0.22785077779473492,-0.012298965227729209,0.3536423341108576,0.375446677940493,-0.08837182437710417,0.22893876349554423,0.9999999999999997,0.827344438004249,0.7874201438190693,0.4112914476009067,0.5253542577710648,0.5900417053520531,0.5639055313379004,0.672490480372902,0.493502548335184,0.5077676329467313,0.12435408975564533,-0.029946346363594997,0.5198401607303932,0.31888038400178725,0.2940660025802749,0.544957199623645,0.6342341605712435,0.6389950879118296,0.5581772391868336,0.6060778290819931,-0.0834806436223422,0.1775822628926919,0.3256679295261036,0.10366766894129283,0.04433622591926258,0.29193897907738886,0.15167542196138228,0.06470035634219432,0.25438175531760043,0.4299227904824448,0.3289040003884929,0.22436120608185484,0.26047513798855104,0.6025910173961557,0.3429855612502155,0.1969962159156167,0.2767198931775417,0.19080672944610025,0.19973259416101602,0.049048433206843906,0.421180523605325,0.19335591588279874
0.278743735556769,-0.03355399563055013,0.3126713830423794,-0.15368030061990653,0.09086440766011566,0.373198330486591,0.005523889432740901,-0.18359483431091755,0.34890844904674184,0.5653457596844454,0.7388324033156208,0.7079709217230642,0.4493454863429479,0.6420552685546278,0.623350243576615,-0.18393753357825252,0.32881400444724845,-0.2051297739357713,0.49430484952268205,0.1478945493491727,0.5885669542348486,-0.000765456450730924,0.20231037252537495,0.285615823275139,0.4074722977776556,0.29610189930043007,0.016425974812667343,0.35347580910408904,0.5050490430643116,0.32931210061593397,-0.11521036815531627,0.15073705680594177,0.06356286457640503,-0.08527638286523963,-0.11105220814402224,0.27131872479125296,0.27432111580951146,0.08448966416669569,0.1159083858512377,0.09623448887596546,0.006511747501062073,0.14386110542906957,0.0726716311844155,0.26216275162422525,-0.05752141776926668,0.0629667205692031,-0.0928087170764883,0.04785922797638255,0.3350970437323094,0.25981296417379207,0.33517861685059874,0.004043509340484496,0.15601042375124402,-0.007126899752128944,0.3393406077929457,0.43551216936013243,-0.09945247184437579,0.15472000632040378,0.827344438004249,1.0,0.7397538800735218,0.4062185550271181,0.46728079776339193,0.5496797365068291,0.6029570835188968,0.6832304041685112,0.42842341718904275,0.4620187963338248,0.11329169801046958,-0.1311091651945356,0.4657733366880828,0.2894881390216378,0.15296933132246818,0.47131572080341816,0.5572482294574086,0.6365868344496469,0.5411427309149319,0.48837360402651103,-0.07448278979333749,0.2967930806444585,0.24244663947970807,0.11476995950386974,0.07396519372117105,0.18203556932394824,-0.03703052066987669,-0.0703263273635599,0.30041624468799066,0.3616790563125011,0.35526599093944816,0.24556335908759808,0.24385806353815787,0.501952083318535,0.26325994662336244,0.26841816737063096,0.3316238576513984,0.23377024832321067,0.12584378315448339,-0.03531270922361498,0.43131016138593664,0.28102883366082254
0.04655919239154662,-0.130046557374833,0.18298489278713448,-0.16902323962937982,0.011987120277417626,0.33012178168904116,-0.14974527701033089,-0.2848439592985947,0.26418063987369816,0.5522930655259145,0.5781812890879301,0.775027429064452,0.7147080260995671,0.5110460762346248,0.39562361372377314,-0.1941139515900318,0.5539163551865298,-0.3449922510147846,0.3522305563738603,0.1361627635154195,0.4340502250867153,0.034005554359376536,0.23225443028094228,0.42330144787554497,0.2775996487482886,0.27697147676179346,0.16106558359020537,0.33023134057900627,0.4525735646338394,0.36322069394950685,-0.16488267325366132,0.02868703890584643,0.040450727962132574,-0.07924651464807357,-0.018780335958585765,0.15457111289543168,0.2892091871196188,0.04356253533367561,0.044138862669634626,0.16402376542825733,-0.006092110235836736,0.06590089676258126,0.012270030341245944,0.1454971936865596,-0.035100868045745685,0.014347324569467924,-0.06622117761995866,0.048371923653729165,0.2498532375062398,0.1959113847629504,0.13060562413966076,-0.008257815022349643,0.04161856538942576,-0.07902411281440486,0.2923111811394887,0.3319281709748858,-0.25863188251989183,0.01891398428538785,0.7874201438190693,0.7397538800735218,1.0000000000000002,0.6874372916649425,0.5870152381311581,0.4333796733080935,0.41615382848230464,0.516491902319387,0.25760030177143906,0.541673182404267,0.1089488821870176,-0.2892469427021836,0.33012810358322003,0.3800260840156364,0.13943900419076766,0.34873075972695206,0.7435421227221162,0.629113261182499,0.37579737207182046,0.6086044125170912,-0.17392873344440699,0.107012794008683,0.3165741825353294,0.06535389064712278,-0.01386622658815432,0.34659242796272416,0.16603602840833775,0.024606527770663106,0.28872338978309425,0.41254610339376,0.2561125728042592,0.13822460998613798,0.0034232448752154294,0.31574308103009957,0.1226522644090392,0.03327448059706178,0.24256863928504754,0.101005172146942,0.09277017880751319,-0.04082740636141519,0.36241343899754924,0.18519163469050182
-0.07148479506672967,-0.09260367941131495,0.24225058309742536,-0.3189813883485432,-0.07980037109901661,0.2337227245200758,-0.4133386490839712,-0.33991330153067906,0.09766836548466905,0.21106995742065884,0.4369740585849018,0.5942681610206875,0.8908304949413784,0.44065670064196016,0.2578188826091365,-0.22900195036183527,0.6364926852286102,-0.28989467193939783,0.2945502735120731,0.148819163338189,0.3340780685598515,0.1735423408268807,0.2714541822424028,0.2546403355709148,-0.01751079560748453,0.2682540716589232,0.10950793733754897,0.2593811298993335,0.4061656792931446,0.2507753660680854,-0.15371132420124012,0.05861035730019492,-0.13959084940113156,-0.0098125711056739,0.07019835146844826,0.0826630286956558,0.268191599242201,-0.12388599070926894,-0.2616736799578296,-0.1342797600065536,-0.15913958714049214,0.1229621637581057,-0.061685419190131735,0.08568782121905563,-0.22105430464311432,-0.09329328130285228,-0.03730990207332128,0.01504081882749045,0.24140618173144165,0.17096791613600107,0.07872760358880072,-0.04546630103562557,-0.13645723492293252,-0.120312963731943,0.18475076893549597,0.2903262483686968,-0.31799145806342566,-0.1122818924646398,0.4112914476009067,0.4062185550271181,0.6874372916649425,0.9999999999999999,0.7680160832786538,0.460592382798948,0.3314158685936805,0.3402731642907483,-0.05391900565319503,0.6387134939863577,0.4061459815544119,-0.22003279740700774,0.21836100357633564,0.4975661083230444,0.23427119075849806,0.2028508061903834,0.6070038191408728,0.36266326033426227,0.3236331887741159,0.44639015776502183,-0.14065296019564336,0.009564366416953443,0.26423951830044184,0.04354404932992779,-0.1311425506979178,0.4158498797464992,0.21245205149177493,0.22053912654077318,0.2502394647598377,0.3382530379736772,0.24372860573464045,0.03247443530415666,-0.014135461050797857,-0.1467693469027128,-0.16938391476937467,-0.023404788592904326,0.14466086221728072,0.016030294145237076,0.10385765539600979,0.11109596151630868,0.27780276017465466,0.21137325321044714
0.1139291754958898,0.015615396925978879,0.3919277672777308,-0.2955177916845764,0.09851205483679193,0.3246078482942145,-0.23309446499753778,-0.154186503004743,0.24489519395820572,0.4091863589850805,0.33723490978116555,0.5750251934858197,0.7566838851856869,0.5652012443220705,0.46370512187531554,-0.01947739730218461,0.5721600060658011,-0.10217644060584496,0.4673787549490279,0.25444990985874993,0.5317998693267932,0.27684903172698416,0.4180200437176139,0.40830648639904166,-0.143795153202491,0.2643901044120522,0.14576949576259618,0.3390329144789662,0.5880256210556261,0.5244633886559839,-0.21724639506481136,0.056965641855713726,-0.11437835416435022,-0.00026684902893575916,0.16488372373318827,0.11158928916851624,0.2159386853158985,-0.05587917996583742,0.031257669665171045,0.19189500879629665,-0.25577367442189436,0.031012536912613745,0.08808045055667423,0.008681037451926162,-0.2737195794133236,-0.060527525545190454,-0.009533672828948672,-0.11983826440851397,0.2151154503520828,0.07343293313869413,0.27619203752521215,0.11992624174360302,0.11634305802770657,-0.0880890760597042,0.1992067914194529,0.3528924525062526,-0.13999322578989654,0.08187677330201924,0.5253542577710648,0.46728079776339193,0.5870152381311581,0.7680160832786538,1.0000000000000004,0.7140182423500407,0.5515036559757898,0.5709871054137298,0.10709605292878725,0.7544338019808088,0.4186181707112643,-0.022423258155928664,0.5084694066864327,0.6218530460183822,0.48599531937685597,0.5280757294121357,0.6142915115280255,0.3373739946012683,0.5093345771070817,0.6231726307188585,-0.18131707540702705,-0.014773962472245598,0.39231291430892734,-0.1587205262453319,-0.24224751676933381,0.5161305961142196,0.23127036814710136,0.27482121973496887,0.1988204187235298,0.33863102571479553,0.19768505033981057,0.009249996490707419,0.061691669043409295,0.12456506419936454,0.14260642282888067,0.017401931481031505,0.23742702259421455,-0.048071241214784115,0.07796940737771856,-0.024532663977482137,0.2618937792344036,0.11236263493399719
0.42679773310935964,0.12370186745505322,0.5326238304587546,-0.21821158749962197,0.25284076522526683,0.5070812995861484,0.06828370945730432,0.022606479849602786,0.4450156341476708,0.5660584955162248,0.40123767087300294,0.6166250352686796,0.5480977980633537,0.8347542504815411,0.716113260924129,0.10664928459462937,0.5496700451204615,0.08103987831626437,0.7677906122992811,0.2481488518065438,0.7638564911179162,0.27003596013793624,0.545078116642422,0.33975183349758936,-0.03797937866662741,0.24052476468347952,0.1346606962944458,0.4051631483308571,0.6442160028029658,0.5537697018138114,-0.3034922038597497,0.04006752669715041,0.1276203749025276,0.15894030248485735,0.044781705897235916,0.10381407476338278,0.15622669474156534,-0.11593082965156012,0.22537466148290963,0.18440753929713652,-0.27841809052326066,-0.08508078546876509,-0.01796295390339826,0.030397763225932392,-0.3536099093980372,-0.10086520488967003,-0.12151727227192097,-0.11361575579721103,0.2560155068174012,-0.004892797568711559,0.5294986743130892,0.22728071620331733,0.16359513956806362,-0.12752700211987084,0.350674215188315,0.46543947885680587,-0.02244280683434223,0.30741370056643064,0.5900417053520531,0.5496797365068291,0.4333796733080935,0.460592382798948,0.7140182423500407,0.9999999999999993,0.8177649939832381,0.7205093588423076,0.23263266325185739,0.7456251185188516,0.4798276921461021,0.10804473891361945,0.6540778185085894,0.44891584621771746,0.6054037552323006,0.5257870876952367,0.5137424633821984,0.3421248426743042,0.7262012881944568,0.6130016170678299,-0.23557035214921693,-0.09605249752621638,0.2917951798662555,-0.14386980622913512,-0.22934220278912607,0.37874691468344374,0.21029775592373978,0.15255949410835143,0.14947655959313422,0.30227163466310214,0.1766472873174723,-0.05784766522635493,0.22432424048659053,0.28111658658168004,0.14105141019184506,0.15585965539290383,0.1606501646897923,4.880353010148403e-05,0.06274716787002084,0.057332179550147806,0.3038596905003493,0.09047848540742082
0.4706289599913664,-0.048769425682698965,0.3676776192309799,-0.17231971176524,0.018348824508146646,0.3575977695919061,0.08972493813247355,-0.09425997553959527,0.28227473040653306,0.5843409247507956,0.4032835325293495,0.5676576501611125,0.450368609514474,0.7563701583719762,0.8178381486626005,-0.011322674538568651,0.41594114017482386,-0.04700356689048133,0.6843544376926116,0.21595981589604785,0.7560598882062719,0.17331446453572835,0.5379541058488941,0.24858497111902947,0.03457300725419542,0.18088476746027055,0.20861528881580854,0.4602040498456878,0.5732483472859919,0.5821623327176008,-0.14807906012027905,0.03765184823810864,0.2416682274921848,0.1287730462786535,-0.03286169618484963,0.15286383097648687,0.23117162714210424,-0.021130158316902323,0.27087054615073686,0.16673836017082386,-0.15522455161387858,-0.03535824436576215,0.026766730570345273,0.19327760955483905,-0.18807143486179773,0.029569452355485325,-0.02656888494199393,0.04173554531526819,0.31885238752133876,0.12716918352382758,0.4958438897370174,0.04529622101606158,0.11344990822559768,-0.2154130365392904,0.15766692898640425,0.3553408949833091,-0.09558566135937005,0.1374238219938294,0.5639055313379004,0.6029570835188968,0.41615382848230464,0.3314158685936805,0.5515036559757898,0.8177649939832381,1.0000000000000002,0.8593276625392169,0.2749342504650164,0.6858324506604169,0.38097839080682183,0.056901536082467626,0.7151464111579213,0.34633734434831376,0.556185127405177,0.4625517113849715,0.45377913570386497,0.360443680336488,0.6678076119101144,0.6276589125540267,-0.15853064080161094,0.020230159492512858,0.16352140100107845,-0.07624928683763398,-0.05288480950165295,0.23007086299581023,0.16323621308768824,0.09467935640670967,0.2373871349893548,0.362459177922273,0.21647123588008585,0.0456278583880575,0.3231870286607361,0.35164371447030224,0.1861836688366423,0.2857458451399052,0.17477847747970712,0.18025476409861196,0.22945311987011116,0.1622593433195236,0.31686506541387977,0.1889359327962197
0.3434952052749658,-0.1063913559936123,0.354799789604837,-0.1353969549604571,0.04603938302088682,0.400889759928421,0.10104891672894346,-0.09019505572595023,0.3582614170248817,0.7361255226199503,0.4625218863504742,0.5927652370277416,0.45116965647539903,0.7634568793362411,0.9145513903225957,-0.06394273660758533,0.35640985527122165,-0.1123554960764581,0.5317946246456738,0.33277749758012715,0.7425503074353206,0.10416478528291684,0.5159351597824918,0.26528240187596464,0.06755002177325849,0.15019912454837656,0.26363550164131855,0.4698756933780074,0.6881342248057566,0.6102017010216536,-0.21857448283452693,0.026342070321732938,0.18778945294522842,0.04934445851674399,-0.055742440613083956,0.2580288221895821,0.255324949615707,0.04494242774011351,0.25435954862606464,0.25186494868478027,-0.1104850254034814,-0.09526357919987687,-0.027899638933230293,0.19848913643342084,-0.12562682783854187,0.023990273029396245,-0.005127819082905651,0.1009183834057587,0.39005458547292626,0.18917212660687285,0.4670914422738977,0.029112411067590285,0.19868172910176396,-0.08352399972361618,0.21961628806516958,0.39128384155242973,-0.10206719899120535,0.19211968441449775,0.672490480372902,0.6832304041685112,0.516491902319387,0.3402731642907483,0.5709871054137298,0.7205093588423076,0.8593276625392169,1.0,0.3407156234075318,0.5484831105471044,0.21691384040443856,-0.013262159416205874,0.7473588521279422,0.2780545267817735,0.48035524510113503,0.48099994256536355,0.46925846189293535,0.357608356853091,0.7016705276233468,0.7145741686843463,-0.20490020247075658,-0.0016629351960976335,0.14911381560004347,-0.009767290721660616,-0.01921930125776096,0.18604638745895336,0.17774752626055607,0.02522080028296017,0.32186918283591787,0.4516473536848959,0.31114711144045876,0.14337792557527448,0.19133658131644757,0.406733598977167,0.2685685436880468,0.13245328970602496,0.12455026356260812,0.23272824344636994,0.23787907932169214,0.19084751222885124,0.44482126876169487,0.21801148727716244
0.2605572251112908,0.20956079009368572,0.28611107611890163,0.1701042100424939,0.11454761813347361,0.21156514987391792,0.5223249762553382,0.26540638372242514,0.1949571557785414,0.3516848516682701,0.32323876598238327,0.25169572829485515,-0.0223615596361489,0.30222300446816386,0.3259273658447538,0.18423106267372663,-0.07477492629305471,0.2603726251550101,0.24008067461119023,0.3869131092336657,0.35424746515605393,-0.06847011085043518,0.10020557314927311,0.1094989182817744,0.1316288753790253,-0.1622087938201366,-0.1507420494252779,0.04811951668947308,0.2618936366721324,0.15134838346523077,-0.11625333573601886,0.006160639182880716,0.03238657042017895,-0.00582339985690021,-0.2005442838924657,0.280762505327809,-0.0035516258869647327,0.13379163450142406,0.16422270790774796,0.3325235848891362,0.21613820623881894,-0.13846158762844157,-0.08234508861486008,-0.004150500835989766,-0.10994801249335646,0.04114122856456858,0.00771472434991945,0.0392100529234094,0.25372253587493176,0.2179471725504476,0.3355870851351265,0.19504025793206659,0.43431317092927035,0.0762859628668811,0.1869376695014059,0.21745194355724226,0.24525120605746553,0.18113519708172668,0.493502548335184,0.42842341718904275,0.25760030177143906,-0.05391900565319503,0.10709605292878725,0.23263266325185739,0.2749342504650164,0.3407156234075318,1.0000000000000002,0.08731118345829758,-0.08463036473580315,0.2902593850662582,0.3560087884440161,0.009117830321803393,0.11142361692521512,0.48406429116634153,0.2042544395081565,0.2341293220710113,0.2782427396192441,0.12808253862283184,-0.03983181845369377,0.12170739612477668,0.016814835952202282,0.1762428835542295,-0.12213127714851318,-0.10463395885734215,-0.14347749175468624,-0.15652293157195224,0.016680781127441306,-0.015141325133909103,0.26760770934635986,0.3775762016234247,0.2550630836936012,0.36617632244901843,0.3326254777393391,0.09659371842417579,0.043207409961446036,0.03335961398046094,0.009845375154512238,-0.026561773238819038,0.3329449727848975,0.19774946474742977
0.2440519843897828,0.09938885550739011,0.3880802737609448,-0.1560349054338062,0.08095648178592736,0.3801181420502192,-0.14633487655262703,-0.0649458707406617,0.2682707817298193,0.4414007765535589,0.3791223628849242,0.63668255356029,0.6981186577402902,0.546276662086372,0.4492687341632418,0.12506934436720782,0.7661838889903462,0.003403941547352418,0.6339854528883866,0.07019254153104545,0.5118340988003167,0.43941461013841754,0.5699535527727962,0.4985919289546585,-0.044243962129238486,0.37389774126467923,0.30475230215002,0.43247882429757667,0.5018372615790628,0.5339144396222635,-0.3050963335753202,0.03942936909427702,0.012388280133823329,0.16511728478404805,0.27019685508298014,-0.05683467241170978,0.08596139521385411,-0.2050132154920306,0.07370517992180342,0.11637810466991957,-0.375112288896527,0.027220349782255654,0.09559087850417321,-0.0018901832786822812,-0.22978582680641318,-0.0747593855221457,-0.06202598315234118,-0.1548041649194701,0.10113913665645634,-0.08330864546715727,0.2629287330463308,0.16008202687396297,0.11655674777071022,-0.11583826029340985,0.18070466363393903,0.2892499074168903,-0.011556527405909338,0.16383930691396084,0.5077676329467313,0.4620187963338248,0.541673182404267,0.6387134939863577,0.7544338019808088,0.7456251185188516,0.6858324506604169,0.5484831105471044,0.08731118345829758,0.9999999999999998,0.5387014584145962,0.08005820771875395,0.5666626433668202,0.7228881596486327,0.6049770471160526,0.4866376963278104,0.755112432957928,0.49182756913910985,0.5345032288995188,0.6970875428449029,-0.2449873777850343,0.10552875237782802,0.4960165456543279,-0.27349597117914953,-0.16348233310042612,0.6005110579595396,0.4322034635113176,0.40784281045048726,0.06848076298920808,0.3748125209928796,0.04372112648110266,-0.1413465930676369,0.07806153654629917,0.24273953799304707,0.031067002652541413,0.1523153293000343,0.2502564577436066,-0.0989744181385435,0.07815976250285983,0.005643609026468909,0.0880014707533932,-0.04895133430334624
0.16039208023592225,0.32628195354884076,0.42135379117164895,0.10633416637284998,0.20105301605851278,0.32609659267857055,-0.20962010741853523,0.14633775070440272,0.2137614337489876,0.1017442208217693,0.2115244013976954,0.28773289094285226,0.4401147681076689,0.33558805588530327,0.29532812533415376,0.22895481291106723,0.5246958186984103,0.28133046110402427,0.3733188595768262,0.23218805842390028,0.30693986731068074,0.49181301899978785,0.4605195899332704,0.3122514762203789,-0.23568642092878184,0.41413247176568463,0.20497208354132962,0.3857216092172996,0.39916591245483757,0.26949575591201846,-0.16231607631355768,0.046508957520383615,-0.010176396276643448,0.468472040920031,0.30822556565473563,0.15945552176582015,0.15045834062188046,-0.2881223161824265,-0.09655107931842304,-0.16478308895432175,-0.305118748987886,0.14165810082531913,0.1061840275589221,-0.03817852071967389,-0.38647617151963665,-0.1271821170106545,-0.03964163331930026,-0.13169930004147565,0.03601095935778573,-0.02047974242573814,0.25534375197853276,0.3033311549904611,0.13889175601923792,0.2063348701511417,0.2217001170315116,0.2484071820340669,0.17074829732041513,0.2778753069752043,0.12435408975564533,0.11329169801046958,0.1089488821870176,0.4061459815544119,0.4186181707112643,0.4798276921461021,0.38097839080682183,0.21691384040443856,-0.08463036473580315,0.5387014584145962,1.0,0.3582311915812318,0.37958460207276323,0.5596164000953656,0.6333138267426045,0.21672575678567865,0.38646874425840044,0.23459768356287009,0.42655983705265027,0.2797332806769969,-0.17405823349847252,-0.08017515165848768,0.49658622129413343,0.019134183040451,-0.19271733349559914,0.5905606228715112,0.4868021838560344,0.5624748501781133,0.19235606231205687,0.40956543770318976,0.22070157187188302,-0.037640345477767616,0.14708830841763956,-0.15417059047440093,-0.17707292684956139,0.11635481649420763,0.21068884425454149,-0.1080949974619447,0.08952892219468847,0.24878219188910944,0.10296881914193391,0.08193167473344928
0.2868689363575344,0.6673255904013867,0.3347978037475399,0.5931892895302019,0.29730486525260014,0.13276429530530878,0.3417787956241571,0.778945483881171,0.03265253761718969,-0.010994225182243987,-0.1254745188263511,-0.18922852760326664,-0.20869756443267348,-0.06224122994163105,0.08074632249653263,0.7206726363422328,-0.03454714208186783,0.8856384658708315,0.12699536822577687,0.15334913196074992,0.03594449844329658,0.4916335366691633,0.2868591205477621,0.12727473629234645,-0.281060027174881,0.0706041307403339,0.13189889532303203,0.15217746663143472,0.1500544907449945,0.12925048203809397,-0.18751399052279433,0.005439225374044995,0.11684320362644007,0.5310153042468444,0.39464132090402987,-0.18256744285820437,-0.393641668731528,-0.16184241488463472,0.08399947893594019,0.08258561933841968,-0.3602572271274647,-0.22041987474065833,0.07421723781788792,-0.1858739782981706,-0.22183768407516655,-0.11588240321341295,-0.07887239213349909,-0.377394866227245,-0.2051074947677994,-0.4294043374941961,0.3274275234308869,0.5156351101849183,0.5569443270554277,0.44038811655283894,0.03867113780191936,0.003360520308909854,0.7906228992507016,0.40301857031120913,-0.029946346363594997,-0.1311091651945356,-0.2892469427021836,-0.22003279740700774,-0.022423258155928664,0.10804473891361945,0.056901536082467626,-0.013262159416205874,0.2902593850662582,0.08005820771875395,0.3582311915812318,0.9999999999999996,0.31625210278934673,0.3390912252344503,0.49848835662338437,0.17575921589936075,0.007515303117857106,0.023506803160259705,0.21481519798933296,-0.03938593117558243,-0.1882025804740213,-0.01940250937310646,0.10584594754907346,-0.3767401679258977,-0.27945624098156646,0.2595948258842102,0.23808760988168695,0.19702481056302315,-0.4442178164831229,0.0709020907128495,-0.26647670000397744,-0.3153636048729877,0.05970130167815157,0.10570473367950782,0.06716222530126242,-0.0899377052714341,-0.006696622684008491,-0.28443781122000933,-0.22401952188421798,-0.12695011520631708,-0.1992045151735744,-0.43015396919542387
0.4008312180267332,0.15025658383029641,0.5537486521308975,0.014719836984613913,0.19687794755048646,0.42915349399719305,0.237852978550176,0.24466560210574456,0.4548729804009395,0.6285890428623072,0.3751414971260952,0.5116002932666434,0.35455057180090155,0.5678090748757723,0.7218284555815394,0.3239018418652258,0.37316874623759805,0.24457020859457518,0.5970235593134995,0.5536751917775261,0.8018892373647712,0.251730388622487,0.5509319356762182,0.40439976648095766,-0.004653120312987109,0.1210680623976965,0.14699211884985364,0.3152518764714515,0.6057882525272716,0.4860484439509729,-0.3834317002957685,0.06816080508890386,0.22283840131509974,0.1619976709350217,0.02092996995540845,0.20202844821900873,-0.05139013309507778,-0.09733884301729218,0.20841682296014782,0.2760774357314668,-0.3141009905575872,-0.07261529396615574,-0.04828828373314393,-0.10348057706646266,-0.44847321343369434,-0.16326090309105573,-0.14433391109037477,-0.1565798376213687,0.1720129231677106,-0.008289225580687731,0.4257729867587783,0.09171853567635253,0.3482999881446032,0.01674715470018439,0.24795647955699132,0.3764385060205179,0.11548120378458515,0.4029848986658508,0.5198401607303932,0.4657733366880828,0.33012810358322003,0.21836100357633564,0.5084694066864327,0.6540778185085894,0.7151464111579213,0.7473588521279422,0.3560087884440161,0.5666626433668202,0.37958460207276323,0.31625210278934673,1.0000000000000007,0.399848268648685,0.5581343303087842,0.5999002263691171,0.4771590193327177,0.26111878878412875,0.688532650639877,0.5749204031040093,-0.3228372967566374,-0.06525974604882433,0.3176534155327514,-0.1980734599229701,-0.32361062039137106,0.29345265344427024,0.30310155064284416,0.10153964262800713,0.030339334871327676,0.3142210594977018,0.23893281892444482,0.042228178366740275,0.12558667832789772,0.34475029993374506,0.23505642910577595,-0.018872216627461035,0.0887101988271267,-0.07077326840446932,0.030849238698096533,0.007901427670767704,0.2570589975203654,0.04746572670924418
0.11080326519625845,0.3155974089247363,0.4601825960711151,0.11401033329784535,0.21067509161128775,0.3963265743281419,-0.2638425770487349,0.17566946257830626,0.26624045962230397,0.2400500659766904,0.2502665839681103,0.4130820027708347,0.5262658282394961,0.28951911496949884,0.2300841983772858,0.3045074791513548,0.6787932938851474,0.25943640933149326,0.4621293073492211,-0.015534026964888085,0.28895139248524815,0.7783838636910673,0.6297478549694479,0.6447341052971385,-0.10263307549583713,0.6218627051810348,0.4495181492127223,0.5145503695149727,0.5016311159318613,0.5347631847519781,-0.22418015754118265,0.09579749280641424,-0.017595366514192787,0.3511678562664656,0.6929758505013939,-0.09852932000268488,-0.0565946576111479,-0.17790813406302816,-0.005739653046144989,0.10821474720984893,-0.4805260807430245,0.1711889933998299,0.4266329499132542,0.03338499651052401,-0.04658638074316036,0.0010970294404893505,0.023588951076716762,-0.32938174361332795,-0.13038907749012024,-0.27788794969886066,0.16304171261758346,0.341763230600983,0.2086796551138296,0.1991663886113209,0.23536194684728934,0.2855262121287925,0.2686263218471872,0.25452157864268243,0.31888038400178725,0.2894881390216378,0.3800260840156364,0.4975661083230444,0.6218530460183822,0.44891584621771746,0.34633734434831376,0.2780545267817735,0.009117830321803393,0.7228881596486327,0.5596164000953656,0.3390912252344503,0.399848268648685,0.9999999999999999,0.7044259230073859,0.45224327245557655,0.7246300291827562,0.5845725719368947,0.46355465177344973,0.5867711623015651,-0.14523580738976102,0.13546247101907924,0.6401222287569611,-0.44606108900012437,-0.1322520884183721,0.8703628751125044,0.6144094510036772,0.5628672254025877,-0.09525678057450326,0.48999060894035246,-0.06141608201903438,-0.253995444148679,0.034374022759857514,0.15059032125550373,0.02725361430862564,0.18343636421005874,0.5082101790301026,-0.1342162557447201,-0.0018338616337711853,-0.09608547114038292,-0.04421349372600385,-0.2668994642893516
0.3817094071373744,0.4211697648030147,0.47261734118340937,0.20827171025006644,0.3019685323267336,0.4337040917329508,-0.02078237190369103,0.32329516130981195,0.29603829218502076,0.3711182462652229,0.13059659646388122,0.300588732000309,0.30884839409489184,0.41951404948590376,0.49513922069448124,0.3871802842764335,0.40909823709465737,0.42734374977734296,0.442121121388597,0.2577624535436617,0.39301269312272696,0.6314846389232447,0.8269330120065337,0.37485207950120447,-0.29002617379702944,0.4468601776602678,0.545589574287389,0.650802222692096,0.6160042664317098,0.6539704084043415,-0.19018853492744306,0.03144457648804318,0.14528461250611546,0.5584565552282337,0.48817283413327717,0.060633554911487045,0.11392714791401608,-0.07128403698743595,0.15103277281653749,0.11766133297679524,-0.34752990443716836,-0.04180072120908626,0.24608889552589872,0.13868549596292573,-0.12907460942587207,0.07251702162943507,0.19061601377322576,-0.04255708902012755,0.1449446183872342,-0.16574049691996265,0.45408368906996066,0.5279756594124425,0.2994032531644968,0.20398449449740746,0.25166091955931785,0.2975648373786004,0.2898277809691213,0.34844693983387376,0.2940660025802749,0.15296933132246818,0.13943900419076766,0.23427119075849806,0.48599531937685597,0.6054037552323006,0.556185127405177,0.48035524510113503,0.11142361692521512,0.6049770471160526,0.6333138267426045,0.49848835662338437,0.5581343303087842,0.7044259230073859,1.0,0.33730636770608724,0.4117941262464336,0.38213981864379365,0.5936038150358469,0.6097120639411346,-0.14772880811360886,-0.12436807804172813,0.41440149409986693,-0.23746098782784497,-0.07303737412522242,0.6685386115856407,0.60442050388341,0.6105256541957373,0.11832428138221053,0.6128695135668116,0.09919540023718267,-0.21792356748837557,0.20095128752394084,0.196313222902499,0.0502788486840275,0.248717750382997,0.3261724216461208,0.029091751876021223,0.21797725443736743,0.3176099573754456,0.1544886425352157,-0.10837146217970761
0.16511743714283442,0.1203319518580272,0.4428258290934737,-0.05058345820608761,0.23253057251557915,0.3060214507698863,0.19398470546756702,0.13740272008895296,0.3866595592221126,0.4765805238453689,0.291226663372085,0.4100496933041123,0.24580942763340216,0.409619248593002,0.4305558299371088,0.22951802823982614,0.2920912232961165,0.09394785494467116,0.4240155011379882,0.2591113995220081,0.5545069046213265,0.25819748789266905,0.32049777651537503,0.5319861583844488,0.03798904829790007,0.1542546237649892,0.11747681498627911,0.14993747616819175,0.41837371736604556,0.4017914083280254,-0.08858200539745069,0.054770644689929746,0.04510447194478082,-0.05204785203871241,0.17116396056811428,0.19896423623236914,-0.0014890684611342279,0.16126478973055047,0.3696808491496407,0.6578571856638817,-0.11156267402385715,0.1796650080121201,0.302730779004105,-0.02379069295581845,-0.10354908712785696,0.09844968174914989,0.0011106792222147597,-0.1738055898800899,-0.0651210448634905,0.05257714636514007,0.27686418705128585,0.07992022593581033,0.3727763115505542,-0.04554892729775465,0.19159708967771075,0.30622135734378897,0.15707057250766407,0.3602750249174378,0.544957199623645,0.47131572080341816,0.34873075972695206,0.2028508061903834,0.5280757294121357,0.5257870876952367,0.4625517113849715,0.48099994256536355,0.48406429116634153,0.4866376963278104,0.21672575678567865,0.17575921589936075,0.5999002263691171,0.45224327245557655,0.33730636770608724,0.9999999999999996,0.5317167882712803,0.3018316538963594,0.47237133426853245,0.43224663667442753,0.05946068307111241,0.1589551303613535,0.5565133864484143,-0.1529372960506601,-0.24730541337819986,0.36651100407017667,0.2420227810814014,0.19171966489604145,-0.06045135178449987,0.1850125654994996,0.15693217681952598,0.31136764072480877,0.15469351102116288,0.48431467006931544,0.562087985359079,0.13202963473079743,0.39737944128813446,-0.03448588978938289,0.12458919139787612,-0.21021160007234296,0.06316927917361391,0.036420882855394514
0.03747689113631415,0.021708943819768185,0.3861073089965187,-0.05433177445215051,0.11169531636713158,0.38800775679323535,-0.17465448227946545,-0.11334442083515352,0.2857743994576553,0.5260756920051955,0.45662039130407456,0.7067169801766254,0.634129003466918,0.45848499886517957,0.3685377414748115,0.11154207331829107,0.7664738806934527,-0.03255990446748638,0.49486128209208197,0.08310813084735752,0.46805975158362145,0.4312211286706879,0.44510871025258275,0.7048270099282905,0.14430930850642396,0.43934597790656144,0.3121697577683277,0.3314763973319702,0.45249092232194144,0.4116396466453809,-0.29149396016883605,-0.05887480582296887,-0.03061076431355608,0.057631832675988114,0.28371633371594424,-0.04402595452352544,-0.05840820307592857,-0.19923022402774984,0.00797356448305304,0.20135821267185822,-0.409036586495725,0.1627359311982719,0.15627259329395185,-0.09011681055250595,-0.15378359260179822,-0.15524051241516978,-0.20400542433993252,-0.3011356181519903,-0.09679421184971482,-0.1698328503302995,0.09022512811215874,0.05671634646513149,0.14348491424044477,0.02292364012701088,0.20720614325637335,0.24662109764120627,-0.019164898855640017,0.10977454950967706,0.6342341605712435,0.5572482294574086,0.7435421227221162,0.6070038191408728,0.6142915115280255,0.5137424633821984,0.45377913570386497,0.46925846189293535,0.2042544395081565,0.755112432957928,0.38646874425840044,0.007515303117857106,0.4771590193327177,0.7246300291827562,0.4117941262464336,0.5317167882712803,0.9999999999999993,0.6251323374895589,0.49369944056853243,0.7102867208389885,-0.28616438255452986,0.09133821687148905,0.6677413134462568,-0.2500208772761772,-0.10375337382706239,0.6607435223696895,0.47031562501571583,0.26048133351474173,-0.03655426226322274,0.38938382342427347,0.03825230645153922,-0.03555775216207505,-0.061900698187895946,0.2510840181104558,0.06373330116897613,0.03548686522975566,0.3288801237842517,-0.17320660902272325,-0.0758797244882321,-0.15945614613502915,0.035607061173519014,-0.16161417431744585
0.323786204604975,0.10320943081254398,0.22979390866145763,0.004284698075206775,0.11503354833317943,0.39716529385623306,-0.23039440549093515,-0.09246163244028337,0.2207797886328652,0.453973437605535,0.656592674684634,0.6722852029017518,0.4422088207393801,0.32759694593101607,0.35944134695420393,-0.004401662461403609,0.4777012756334595,-0.034422156247065114,0.362926020443434,0.00022206478511890154,0.28762028466552225,0.37067848410352483,0.47626448876377653,0.45135350854909134,0.430972007937255,0.5426082166107361,0.407338917881408,0.6575419039670259,0.45725099163119176,0.44906935550677846,-0.19555401057432206,0.11832923702271708,0.15153217708958433,0.27647316924203685,0.3354224681904019,0.10986907146954926,0.21077090185003353,0.007287343330597208,0.032700733550538034,0.021477056000831225,-0.09683291807074917,0.13029262258578467,0.35267901022717907,0.40576996379733943,0.215361988674576,0.18073665593531418,0.10098156773455913,0.03497044349182555,0.22477932324124186,0.006484262785300201,0.24042048856003115,0.19076837477973807,0.06146784992586545,0.08526115802600341,0.3363208420364032,0.32624380039449913,-0.013120477746283579,0.14002222033977318,0.6389950879118296,0.6365868344496469,0.629113261182499,0.36266326033426227,0.3373739946012683,0.3421248426743042,0.360443680336488,0.357608356853091,0.2341293220710113,0.49182756913910985,0.23459768356287009,0.023506803160259705,0.26111878878412875,0.5845725719368947,0.38213981864379365,0.3018316538963594,0.6251323374895589,1.0000000000000007,0.3866905203800417,0.5167033395438472,-0.05372622522685851,0.1896725924118044,0.4287906441757037,-0.04112626072552654,0.25299070263071577,0.607301008049232,0.3631260736776234,0.3241947556250208,0.2399363760141533,0.617741853563262,0.20503900225388624,-0.012836079110293459,0.27269260406759294,0.46855270957846235,0.08030993214110162,0.4444705913421631,0.5577567259578021,0.22184164238309403,0.18084748625693942,0.12726626481419295,0.2633967589877457,0.02484340014595147
0.3937081625915319,0.15573849284795366,0.6445516263320032,-0.10133161515871746,0.2557192395478278,0.6264210781612484,0.011867929905632953,0.12194888435065084,0.5830747502457198,0.6099366911998602,0.4281957894958417,0.5895315229595012,0.4100571701442865,0.7155216072846462,0.732028084929674,0.12019810173417661,0.4052097301496823,0.12322863323621258,0.636993480652601,0.4331325814509651,0.6907323990016991,0.285011567439466,0.5708214979342492,0.39317095276977493,0.07277284217527528,0.31695437591753944,0.19410712923298565,0.42599882395308386,0.7921626294097125,0.4973027657942781,-0.3256636489543423,0.0778754800360593,0.07061327949732472,0.19717312977063906,0.08494977120405131,0.22729351277563695,0.1270045813070313,-0.03836304925629358,0.09388846034564614,0.1390236477609407,-0.3563261865079548,0.017634531983515635,-0.032615164298893544,0.0863573811798136,-0.3318345888575969,-0.17802314408547057,-0.17941386218122124,-0.1531505703786322,0.30823100851907675,-0.007611591716744211,0.5431399003520645,0.3194874006214105,0.23270002307677146,0.07401262156157289,0.5218150086763024,0.5979672389464342,0.08112450125004932,0.44053779533302684,0.5581772391868336,0.5411427309149319,0.37579737207182046,0.3236331887741159,0.5093345771070817,0.7262012881944568,0.6678076119101144,0.7016705276233468,0.2782427396192441,0.5345032288995188,0.42655983705265027,0.21481519798933296,0.688532650639877,0.46355465177344973,0.5936038150358469,0.47237133426853245,0.49369944056853243,0.3866905203800417,0.9999999999999997,0.6007809557885079,-0.2844397933753327,-0.0188516752630274,0.29100924485122026,-0.16426845718837776,-0.21208335861488295,0.39233659130811066,0.3208578716198035,0.0972212133423606,0.189894541078167,0.4178978849116927,0.32362346409400233,-0.06237729212828358,0.17309437998244417,0.3013485727124144,0.1383046709503338,0.07581864235629761,0.14335996750911723,0.07500605888192129,0.001990602639835089,0.093392212781202,0.4350438370162229,0.07931701177074069
0.25832571469920906,0.0053197293990969,0.36416997925237515,-0.07210633101924757,0.10664652198627982,0.5249675137550041,-0.05927284629092662,-0.08513832846944296,0.3877489140098842,0.7289188053510746,0.37791802235421756,0.6374000706386374,0.5741088749132274,0.5699568750934007,0.6099822564967794,0.1333053588604539,0.5527827389938635,-0.09504049721650644,0.46606300369685066,0.20110998073954345,0.5318358305020097,0.3606504306073705,0.6512647478848101,0.5438446635814385,0.002985095312756904,0.31277322918642064,0.47335002521345465,0.5739186824506659,0.6020632617896888,0.736721871562374,-0.25471294356199004,-0.06372028684872963,0.15663663390146712,0.09569578540515934,0.2636147926084929,0.08470596216267297,0.20207402245619285,-0.031201188844606938,0.20173606030365349,0.27014427131484214,-0.316636513235016,-0.10837522996913035,0.11634689527411411,0.08236778891394662,-0.037749899147543474,0.025318864293786054,0.023638010835799535,-0.07079326409968331,0.20265037656040388,-0.04301390592844907,0.3335868230566936,0.19816542782889718,0.23986424057415986,-0.06545625563051921,0.28356683770454977,0.34949852459223246,-0.0836485964354436,0.19756539121892636,0.6060778290819931,0.48837360402651103,0.6086044125170912,0.44639015776502183,0.6231726307188585,0.6130016170678299,0.6276589125540267,0.7145741686843463,0.12808253862283184,0.6970875428449029,0.2797332806769969,-0.03938593117558243,0.5749204031040093,0.5867711623015651,0.6097120639411346,0.43224663667442753,0.7102867208389885,0.5167033395438472,0.6007809557885079,1.0000000000000004,-0.2331198129046777,-0.03559534013567651,0.41537163329687227,-0.20380173652757944,-0.038642872409274574,0.5587164680154466,0.5039725516425682,0.3101094740916892,0.21201218901806415,0.5620597888685577,0.13100169538734577,-0.1123860410567195,0.08138512385377487,0.3423850912586943,0.1916835498091524,0.10281003779133027,0.2091952030651344,0.029239288279322255,0.19213357037312911,0.09327813940672883,0.26296412516055917,-0.03350114415307965
-0.08969594192860672,-0.03834574751566741,-0.1522073070881284,-0.10577403522266267,-0.032661041898519164,-0.16896707909867537,-0.04063779826804367,-0.21621135670746494,-0.0868905624704467,-0.41212022863988046,-0.171613913295692,-0.330598094010355,-0.26910121687968985,-0.19081903592118854,-0.24133418200978848,-0.23653212539597598,-0.39236290327250056,-0.20629739824389998,-0.23075456501206826,-0.12895944506207735,-0.24237331489030162,-0.21915386328885272,-0.12366591563941232,-0.36206760513290626,-0.11207690007688823,-0.027588010731971535,-0.012138569417227517,0.014370172124621534,-0.28882006050562214,-0.10501365558100609,0.8089854375951413,0.23577023334672487,0.12578161777300073,-0.10026867774037615,-0.05357480646722042,0.16068163929356408,0.33082444389131593,0.3809009934543473,0.023715005876275272,0.034526941375999466,0.478162315477481,0.5552676444881104,0.43549082310191983,0.4216000816587747,0.522224365807457,0.5910334425697666,0.54140982801608,0.527797109483228,0.08417049053592254,0.33620181963298124,-0.07501503542030145,-0.013852072767549658,-0.08481113587873593,-0.0970176279595943,0.003994030427631127,0.015207961351182795,-0.19187750579411136,-0.046805029418461375,-0.0834806436223422,-0.07448278979333749,-0.17392873344440699,-0.14065296019564336,-0.18131707540702705,-0.23557035214921693,-0.15853064080161094,-0.20490020247075658,-0.03983181845369377,-0.2449873777850343,-0.17405823349847252,-0.1882025804740213,-0.3228372967566374,-0.14523580738976102,-0.14772880811360886,0.05946068307111241,-0.28616438255452986,-0.05372622522685851,-0.2844397933753327,-0.2331198129046777,0.9999999999999994,0.2860063421019839,-0.0726662189883151,0.3866656432681709,0.46502725882022355,-0.15313559577028737,-0.13775053481248475,0.2515958364597578,0.17874971071931983,0.08950820158428086,0.12266414818833647,0.40073266888577147,0.4400981178875784,0.10193565630475988,0.17650590775263456,0.5760545060157476,0.3912775700123051,0.4406586672479187,0.5331709984005929,0.22296367878313134,0.09914899263300571,0.31662068262970994
0.07095269785299377,-0.038348341788677215,-0.07037432157010509,-0.002684759675505388,-0.17409577368368495,-0.07438404928648905,-0.13204696310241745,-0.09710024114680228,-0.04348078891677057,-0.1400442938660127,0.03366091129065579,-0.08515446359557544,-0.005419415786974826,-0.056893280494632506,-0.0565146057395627,-0.07424438291377831,0.06805440389948031,-0.14306201344180872,0.04586179189107737,-0.21284724144091335,-0.032759533519252676,-0.017344876454288907,-0.1237252508978934,0.10370357897242675,0.21949585066843721,0.09543397243984902,-0.014057572786782623,-0.05594205611600917,-0.052142571261663266,-0.002956010403965176,0.2207140954677793,0.6769850170066288,-0.02050745905002884,-0.11134303877867628,0.062425785996326505,-0.07026344623026706,0.04430898482941437,0.31840381920242067,-0.05394556304510258,-0.003252263271225069,0.15127202044324617,0.3025525359975067,0.1984648156092358,0.0029802422542988126,0.13220734927230637,0.24938271286019176,0.09225131996696405,0.06019053493387988,-0.08837773614267491,0.04775584650628301,-0.042305892176144014,-0.0998501883775202,0.0884585439333503,0.1407939332394316,-0.1591484692262144,0.029585474471534708,0.08404701517387426,-0.022092483930068338,0.1775822628926919,0.2967930806444585,0.107012794008683,0.009564366416953443,-0.014773962472245598,-0.09605249752621638,0.020230159492512858,-0.0016629351960976335,0.12170739612477668,0.10552875237782802,-0.08017515165848768,-0.01940250937310646,-0.06525974604882433,0.13546247101907924,-0.12436807804172813,0.1589551303613535,0.09133821687148905,0.1896725924118044,-0.0188516752630274,-0.03559534013567651,0.2860063421019839,1.0000000000000002,0.09603918349273088,0.03564418701696536,0.09072300770223934,0.02587862676983137,-0.13102178429045316,0.03429991495433042,0.051469495282202994,-0.034143149388051686,0.05257768665593678,0.18259205635509043,0.3008924401831524,0.33865306272888235,0.18101128077164322,0.35694241300453483,0.18422225788039395,0.03210310244189458,0.1456656055423944,-0.2056716015912743,-0.0525338998237699,0.0719180417034498
-0.039065859098243325,0.1719439661352496,0.2739254163076725,0.17990889192876847,0.34773158364370277,0.20928608276562552,-0.18037807649860974,0.08424518767714805,0.2157432185401988,0.2654550117043422,0.1656706407868184,0.3341783499314574,0.30156692341675095,0.13109895949409164,0.1364405998901212,0.26355899851396175,0.5226976813550616,0.06298130613859851,0.20279054425892204,0.09221516146906943,0.19742393249655396,0.4689326755058754,0.38529562875203377,0.6802071116151128,-0.017549949961696714,0.5152649317907922,0.41659545060603503,0.2598809097231632,0.3022852676347448,0.3550306810255058,-0.10798189192362692,0.05630541231426956,0.014492838137968816,0.1573248913172119,0.43658894890943906,-0.016162524263642432,0.006603603651766785,0.005749734619120628,0.21507155951785506,0.30086326052271195,-0.24928070885496537,0.3157079243804524,0.44162249942055953,-0.12823187440299344,-0.07127650000942024,0.06531793249274756,0.037413125537157,-0.1905832293986414,-0.282881293230471,-0.18076446276963626,-0.05381840208461186,0.16371286901105617,0.18323546852287986,0.3164149996571519,0.17086129406200903,0.09935617386781838,0.1706906234424509,0.2606289456027441,0.3256679295261036,0.24244663947970807,0.3165741825353294,0.26423951830044184,0.39231291430892734,0.2917951798662555,0.16352140100107845,0.14911381560004347,0.016814835952202282,0.4960165456543279,0.49658622129413343,0.10584594754907346,0.3176534155327514,0.6401222287569611,0.41440149409986693,0.5565133864484143,0.6677413134462568,0.4287906441757037,0.29100924485122026,0.41537163329687227,-0.0726662189883151,0.09603918349273088,0.9999999999999996,-0.1179772125294931,-0.061997460753982984,0.7177084467393893,0.6600680885751055,0.5473215966822986,0.020183478274312144,0.3489211747143443,0.03846620649193963,0.1675877548199452,-0.04112087190248687,0.22099732812504258,0.3003086432081205,0.10355827320660922,0.4981292535577562,-0.1731491515373244,0.07651932996591505,-0.03014709943091785,-0.11755165023801714,-0.16053659560056674
-0.021179033511878054,-0.12067778862629423,-0.12821042173395822,-0.14493270386186413,0.009242959564287218,-0.024843614077426995,0.027328229374535568,-0.303678414747865,-0.013810960093958947,-0.17430877457997987,0.16269798472599722,-0.019947078252907997,-0.03983791450649554,0.02227283876516988,0.032306399455013735,-0.4900432448367054,-0.3013935646236492,-0.3461993891236883,-0.2598316772629172,0.3500075464768676,-0.08504693482848304,-0.50682683146676,-0.22827175401478728,-0.4328531636256072,0.024172384159744535,-0.11949716807088291,-0.12465338452620302,0.08835448443387585,-0.06640841799061535,-0.18913503546199079,0.4165857234970836,0.05637001663260455,-0.016638885989633864,-0.02147546212577807,-0.4838743076074762,0.6244214223774217,0.6075027366921855,0.19445737964374668,-0.25044649024026633,-0.270939867732801,0.7165419745333953,0.29798165415790867,-0.12989152892429653,0.3588326885317789,0.12826334945910856,0.319635981335222,0.3477204955371305,0.7263461708444571,0.5731903269211837,0.7575816725441185,0.02820740155404195,-0.16710157453312324,-0.19415089717922931,-0.03781334766069049,0.12303417992571355,0.09438437137676568,-0.4162982201091292,-0.10194071301093866,0.10366766894129283,0.11476995950386974,0.06535389064712278,0.04354404932992779,-0.1587205262453319,-0.14386980622913512,-0.07624928683763398,-0.009767290721660616,0.1762428835542295,-0.27349597117914953,0.019134183040451,-0.3767401679258977,-0.1980734599229701,-0.44606108900012437,-0.23746098782784497,-0.1529372960506601,-0.2500208772761772,-0.04112626072552654,-0.16426845718837776,-0.20380173652757944,0.3866656432681709,0.03564418701696536,-0.1179772125294931,0.9999999999999999,0.4041269986743168,-0.3428007300437795,-0.22409185909226204,0.13495557347651338,0.6980178428356921,0.16081113085952833,0.7094474960847642,0.7583398554589641,0.33018669894326597,-0.10159831076384553,-0.01829663817126412,0.2890714759978517,0.04570177313539233,0.522610145288971,0.552103670982494,0.6491431905163252,0.5460195795073237,0.8259903465195041
-0.05903434025713296,-0.1960828416551122,-0.27777202729623257,-0.15014893394993653,-0.14893212664264074,-0.14848834410660472,-0.24875674867189873,-0.3723819312395404,-0.2444724909634314,-0.19005424535795662,0.05283854768139877,-0.09670057108081992,-0.20599202966673813,-0.14511000687131578,-0.07606509777639935,-0.4079489425081579,-0.25503596644559123,-0.2682762820423691,-0.19802584450259603,-0.18335718880748125,-0.27928211998069324,-0.143518219530672,-0.02796494448968773,-0.33416522204175514,0.09978910000923434,0.21678486283368223,0.21032332693479322,0.25004595638650373,-0.19708401755448574,-0.11132641891370672,0.49368935927943436,-0.08709060203469819,0.01861221803221147,0.03600500226539376,-0.0790719155104251,0.07952659794258572,0.25921079616112824,0.07822859592599024,-0.19451241077900758,-0.2762810409019221,0.34904869345280887,0.3586777968139802,0.27145683004719773,0.6087588340082727,0.6815824334493958,0.4645592530035064,0.38864563373797156,0.5017899489459611,0.19888995940996587,0.26016940112900616,-0.13504179024042562,-0.13917532345867467,-0.211240587813801,-0.0819037549522822,-0.09993693195863726,-0.09647903107694708,-0.2477601330017128,-0.33304785858751335,0.04433622591926258,0.07396519372117105,-0.01386622658815432,-0.1311425506979178,-0.24224751676933381,-0.22934220278912607,-0.05288480950165295,-0.01921930125776096,-0.12213127714851318,-0.16348233310042612,-0.19271733349559914,-0.27945624098156646,-0.32361062039137106,-0.1322520884183721,-0.07303737412522242,-0.24730541337819986,-0.10375337382706239,0.25299070263071577,-0.21208335861488295,-0.038642872409274574,0.46502725882022355,0.09072300770223934,-0.061997460753982984,0.4041269986743168,1.0000000000000002,-0.015685004643047753,-0.10511055221659117,0.18121225434370838,0.2990984207018175,0.26695864773097905,0.1757214606469977,0.2704267357217783,0.36709391979032513,0.11539483027139676,0.012263032000035833,0.5488563729405174,0.3594823456383339,0.604631752339748,0.4663001174778574,0.40297499689308297,0.15999958321651894,0.26880732412253117
0.13828467305524614,0.23122064044227425,0.3637004075802237,0.11665689274215212,0.16471467922610653,0.36246568115571765,-0.31343933681541064,0.08924468962938298,0.2148941443568564,0.28182739997826944,0.20846099044442767,0.3898285078668539,0.4417025039366329,0.19684836796981936,0.1877256086663009,0.3209497033647061,0.602983043416931,0.1822793099327126,0.3071873917918769,0.020162832010421468,0.18207814419565502,0.6913802977386646,0.5658714950231031,0.6199551982747205,-0.07184876068963401,0.6155901063825666,0.5226093201487314,0.538945868918117,0.45303388098379255,0.46325499189347263,-0.19849139742058378,0.038692834904811874,0.07673636694444713,0.3151337943366377,0.6499432536579414,-0.10434065788987464,0.026992948667874248,-0.1043648809718125,0.03651354298923,0.09262141714083494,-0.4379486172097962,0.14221911286829314,0.44008882387238357,0.0841702130312669,-0.0003808890762598758,0.05682799591569432,0.046180465603883177,-0.24824915012043205,-0.13797610730076462,-0.28198745132269076,0.1734957367535566,0.33728363690519664,0.1803193729565506,0.2541823319692177,0.21123009879107507,0.19499788353619818,0.19747454792862537,0.2312817342910998,0.29193897907738886,0.18203556932394824,0.34659242796272416,0.4158498797464992,0.5161305961142196,0.37874691468344374,0.23007086299581023,0.18604638745895336,-0.10463395885734215,0.6005110579595396,0.5905606228715112,0.2595948258842102,0.29345265344427024,0.8703628751125044,0.6685386115856407,0.36651100407017667,0.6607435223696895,0.607301008049232,0.39233659130811066,0.5587164680154466,-0.15313559577028737,0.02587862676983137,0.7177084467393893,-0.3428007300437795,-0.015685004643047753,1.0000000000000009,0.7010404195343533,0.6175276773089168,0.022121441363759205,0.5834977076847963,-0.02869165648132831,-0.2535360670724795,0.06606450028884621,0.1466996705550774,-0.017869327999961302,0.17357233539253455,0.4893404060560092,-0.07502924327270723,0.07332430540589976,0.029508730191032537,-0.04476573122685251,-0.2456015951086033
0.060473875638686676,0.3150582956291947,0.25290184239413455,0.3518526311984049,0.3101990245871292,0.30395446827543443,-0.1016366507885491,0.23006248309512137,0.20888424861183527,0.30226461903089197,0.006922758519062415,0.21659861688624515,0.2896403297640591,0.07606247726132924,0.18684179693950276,0.37142804892824616,0.49365025231896487,0.16448557057039842,0.12506231749292943,0.0696494074579483,0.05888397901953616,0.5561015537244366,0.6419680151034542,0.5375596516286818,-0.173386417737276,0.45496104788784153,0.7279318188005979,0.5073816014510729,0.36282634891283677,0.5042733307784554,-0.16570235661065552,-0.08491239255029445,0.1429085682898777,0.37659035199505253,0.5658979075918981,-0.0746089558662553,0.05750191945511021,-0.041509265014748706,0.21539073781097193,0.1964636356263501,-0.3124460110053058,0.03548265363006712,0.3000037213965063,0.04821761742408723,-0.014728241877244643,0.13618516608040865,0.16405648305377873,-0.057952927785904204,-0.16242869309164376,-0.24343865458814123,0.06569817203374609,0.41840186917281885,0.2538319583962344,0.3210463299223024,0.2772002300123554,0.08495044222120719,0.23192965897425327,0.31485811762919713,0.15167542196138228,-0.03703052066987669,0.16603602840833775,0.21245205149177493,0.23127036814710136,0.21029775592373978,0.16323621308768824,0.17774752626055607,-0.14347749175468624,0.4322034635113176,0.4868021838560344,0.23808760988168695,0.30310155064284416,0.6144094510036772,0.60442050388341,0.2420227810814014,0.47031562501571583,0.3631260736776234,0.3208578716198035,0.5039725516425682,-0.13775053481248475,-0.13102178429045316,0.6600680885751055,-0.22409185909226204,-0.10511055221659117,0.7010404195343533,1.0000000000000002,0.6635263098960278,0.02565214503839087,0.5986941528528716,-0.04632258959248656,-0.14810667717325657,-0.13132040338863585,0.13809424624384986,0.11084217919827878,0.01814594323282904,0.31247363344744267,-0.006774116798979555,0.25160988895302694,0.25892842132753113,-0.06490169472917692,-0.2618824512999444
0.05038785237247214,0.37576634025645667,0.1485230887066444,0.21193803397701785,0.21295504289163666,0.2084170634036624,-0.22027026075286418,0.0939986054400702,0.08123083755236843,-0.018339993474844284,-0.014679618128306085,0.052182834777415414,0.20956931164130532,-0.05052865699250752,0.031057436596989053,0.1826440384683669,0.2820849557294454,0.1107387164293418,-0.017089482005867015,0.039604966585867755,-0.09588836772559053,0.48070670937092513,0.5108327880878085,0.2756975112062746,-0.29572131332221,0.4139447027837234,0.5458592115220002,0.5822494315289867,0.2441383856219284,0.45959036244197726,0.18482829641958193,0.032366965773039005,0.12216715101173604,0.47357957266461503,0.5409368964261666,0.1755165890557817,0.37565144141890655,0.017953075275802807,0.04263082689101929,0.02474195227904802,0.06711312321088543,0.28033838186197346,0.5033046721550574,0.3102336737935245,0.20271345360303544,0.4342729454366077,0.5531794405978413,0.28608540857094816,0.05769751397083136,0.12533885312873988,0.0977872280995906,0.3903200257105351,0.17726304240044932,0.31698107282808025,0.16842341452683265,0.07890980751620276,0.14312844250479181,0.2384109501549052,0.06470035634219432,-0.0703263273635599,0.024606527770663106,0.22053912654077318,0.27482121973496887,0.15255949410835143,0.09467935640670967,0.02522080028296017,-0.15652293157195224,0.40784281045048726,0.5624748501781133,0.19702481056302315,0.10153964262800713,0.5628672254025877,0.6105256541957373,0.19171966489604145,0.26048133351474173,0.3241947556250208,0.0972212133423606,0.3101094740916892,0.2515958364597578,0.03429991495433042,0.5473215966822986,0.13495557347651338,0.18121225434370838,0.6175276773089168,0.6635263098960278,0.9999999999999999,0.3134472811591714,0.6034767650937676,0.2166238114057392,0.12410112560973417,0.18940879687196804,0.07615284638943778,0.10943754427038509,0.37916670171110983,0.5228840772595721,0.23774258007334467,0.554284030760301,0.4737972167457333,0.07757534840701823,0.11036275895351472
0.12120429681425142,-0.24600397956617995,-0.02610728523099001,-0.23216526383610303,-0.07341175585612293,0.25690028256734154,-0.24489556286072137,-0.4126864966364697,0.19440930063019846,0.19691962552271824,0.3506143719799078,0.29947540800919614,0.3040252131842705,0.3179722538624331,0.370969132805121,-0.4729301598945325,0.025562456493190062,-0.4875245627156276,-0.021548690913023135,0.31354753377926337,0.16609713601863016,-0.20684500928550564,0.14025457933849148,-0.10313858858837428,0.1397449279434543,0.20276934250483494,0.15121042854749103,0.4773005695755358,0.3997523067515553,0.2512919567430687,0.16420028857739843,0.18831351031474616,0.1390404081427173,0.05573567107899038,-0.2170107097169589,0.6663484332107765,0.8763752571140246,0.24212070542344769,-0.09473603116385489,-0.21389430971540102,0.5418573379033859,0.1716981541470355,0.046256141801835425,0.5087743362018341,0.12169921972777488,0.38223605171123565,0.4330131012156774,0.7007405132730247,0.7303058035305936,0.7661514174277861,0.23093415210609816,-0.0473225044252431,-0.15868118524754726,0.021734408331613036,0.2951254158066394,0.3376093207666721,-0.4566154637941418,0.04155352978019672,0.25438175531760043,0.30041624468799066,0.28872338978309425,0.2502394647598377,0.1988204187235298,0.14947655959313422,0.2373871349893548,0.32186918283591787,0.016680781127441306,0.06848076298920808,0.19235606231205687,-0.4442178164831229,0.030339334871327676,-0.09525678057450326,0.11832428138221053,-0.06045135178449987,-0.03655426226322274,0.2399363760141533,0.189894541078167,0.21201218901806415,0.17874971071931983,0.051469495282202994,0.020183478274312144,0.6980178428356921,0.2990984207018175,0.022121441363759205,0.02565214503839087,0.3134472811591714,1.0000000000000002,0.5341256245760607,0.7794418243268306,0.5054867188911304,0.35331506902308,0.037776462477927306,-0.000527396595595701,0.37923215047203285,0.2424866442398474,0.6195144090725363,0.6267486435404371,0.6662406898242541,0.7117106013812097,0.8109301247778006
0.28799886621656184,0.1443233858424667,0.271676791061921,0.10489464932220541,0.17730775369017215,0.4762502176902797,-0.21739276767607266,-0.02448628383948872,0.2935529957129186,0.384112645660314,0.3894636718758705,0.44682121138137876,0.4009047524633075,0.30815544832213965,0.4831446057453629,-0.004053040451613646,0.31748925965691693,-0.025173488756453692,0.1702982070465089,0.22375816165420445,0.22052185491168338,0.3764304020255936,0.6077079275190851,0.2844435770680061,0.004201516439357541,0.5506486613535362,0.6275746311021838,0.8618844349541379,0.5460847347922605,0.547172974955666,0.032111992147737696,-0.013944624769647114,0.30259108558169345,0.4412885409310445,0.3674128903773595,0.3419964675818622,0.5162737033387246,0.05898250990666279,0.035646255061928665,-0.043416921616178154,0.007352240077290604,0.18202551034155845,0.37971646499173795,0.5696758371688714,0.19300591600920952,0.37307324549852533,0.3628650275787884,0.3280229479168944,0.39934384328088673,0.22611164199490905,0.37899119937152637,0.3173135484175437,0.19724079762566948,0.22301459424315864,0.46184685392321095,0.3818073173673403,-0.016712891207049926,0.31126880507577975,0.4299227904824448,0.3616790563125011,0.41254610339376,0.3382530379736772,0.33863102571479553,0.30227163466310214,0.362459177922273,0.4516473536848959,-0.015141325133909103,0.3748125209928796,0.40956543770318976,0.0709020907128495,0.3142210594977018,0.48999060894035246,0.6128695135668116,0.1850125654994996,0.38938382342427347,0.617741853563262,0.4178978849116927,0.5620597888685577,0.08950820158428086,-0.034143149388051686,0.3489211747143443,0.16081113085952833,0.26695864773097905,0.5834977076847963,0.5986941528528716,0.6034767650937676,0.5341256245760607,1.0000000000000002,0.40431708149940737,0.031273720808538935,0.31383459649168743,0.2638617799750528,0.09516046883847985,0.4288533593546491,0.549149217504007,0.4826695593321267,0.5554154948420416,0.5293355715085031,0.4137902945572903,0.21810438571131943
0.1135555073130434,-0.07329005967902436,0.2664266324119924,-0.2757694418942605,0.0737259416535705,0.4014990339249336,-0.06665643899712441,-0.23506444526118211,0.3861986585295651,0.15581312578666753,0.4594856821988216,0.32791884669548077,0.2749241430766869,0.32491546517432446,0.34518682021247993,-0.37956174468232384,-0.004239601509137199,-0.2521728633909876,0.11147866481387333,0.6106470576954891,0.29271199863010877,-0.1696448155359843,0.08805055580867815,-0.03429427694270748,0.14487514782226296,0.11930838585749287,-0.0652137052727849,0.3205676316744508,0.389468142431634,0.1157627990400826,0.10154604551749534,0.16345989674671824,0.010450233814587989,0.048169329693600195,-0.2979452813093299,0.8827834129275048,0.6551992126846091,0.16173192240484052,-0.22266202553249828,-0.147576152157501,0.4674069052993227,0.31701465087483377,-0.03312886404537074,0.38879498701335485,-0.07886322934957417,0.2107646117363486,0.2520756373484929,0.5169470312546526,0.7191761205054618,0.7713372560557271,0.23640174359346916,-0.05080102449799178,-0.1009048178299031,0.014291813280415231,0.41184655661042413,0.4938456709995072,-0.37367102931538554,0.16402619663854173,0.3289040003884929,0.35526599093944816,0.2561125728042592,0.24372860573464045,0.19768505033981057,0.1766472873174723,0.21647123588008585,0.31114711144045876,0.26760770934635986,0.04372112648110266,0.22070157187188302,-0.26647670000397744,0.23893281892444482,-0.06141608201903438,0.09919540023718267,0.15693217681952598,0.03825230645153922,0.20503900225388624,0.32362346409400233,0.13100169538734577,0.12266414818833647,0.05257768665593678,0.03846620649193963,0.7094474960847642,0.1757214606469977,-0.02869165648132831,-0.04632258959248656,0.2166238114057392,0.7794418243268306,0.40431708149940737,0.9999999999999997,0.6414842868506239,0.34713772336985155,-0.024677326879177956,0.051478173913923245,0.28005622886911846,0.17965071016526088,0.5020038046752388,0.48494232707332224,0.5581161701665419,0.7715956657138299,0.8327902591444847
-0.1540681920471668,-0.147137075867936,-0.06480172875401786,-0.09615579460118472,0.02820149421790836,-0.08813016594892654,0.050482922518584196,-0.24516852486756857,0.0059940062785977756,-0.01570426546353058,0.2039074857253971,0.03258916113790144,-0.015832903372997156,0.06768126119394216,0.125052216706302,-0.3772159982955724,-0.21158947293337338,-0.33863322649091254,-0.1499680742972,0.3133356159038333,0.08050314903381038,-0.36401773693646716,-0.17334651533914597,-0.11885639872503483,0.10816863514023968,-0.0628294953402471,-0.10289276232763275,-0.04067308234449664,0.0023942798180307946,-0.05134484851990059,0.3379803337733551,0.11111745548315587,-0.08706466761652062,-0.19603180707358933,-0.37575199157639805,0.5622998168849441,0.4589778273008836,0.34033549886389036,-0.01938097203146166,0.13036029465391838,0.6804951229945578,0.3990109572067129,0.09546828185137082,0.25095438990182484,0.1549754560193543,0.40783348240093653,0.36245004062914077,0.5655904940448303,0.3131496505767196,0.7173966149246251,-0.08836752515962053,-0.26471165346376513,-0.057190409861283396,0.030392334623345844,0.032361671181561434,0.08873183020694589,-0.2808504621609263,-0.03446100359917743,0.22436120608185484,0.24556335908759808,0.13822460998613798,0.03247443530415666,0.009249996490707419,-0.05784766522635493,0.0456278583880575,0.14337792557527448,0.3775762016234247,-0.1413465930676369,-0.037640345477767616,-0.3153636048729877,0.042228178366740275,-0.253995444148679,-0.21792356748837557,0.31136764072480877,-0.03555775216207505,-0.012836079110293459,-0.06237729212828358,-0.1123860410567195,0.40073266888577147,0.18259205635509043,0.1675877548199452,0.7583398554589641,0.2704267357217783,-0.2535360670724795,-0.14810667717325657,0.12410112560973417,0.5054867188911304,0.031273720808538935,0.6414842868506239,1.0,0.23248468546171183,0.07623498023550175,0.3621841142606276,0.24844719999588083,0.26481591665939397,0.45044973387956305,0.5150176016813274,0.36298488952764557,0.3831287142719906,0.7290405930869539
0.4370540170089649,-0.01099533709555708,0.15734404359081888,-0.16683204427427223,-0.04804959714900062,0.21232041147538916,0.011220511034718389,-0.10239531761135105,0.11563958361645975,0.03993439544998285,0.2038579821486426,0.10096137845068513,-0.06340382555938893,0.15978715891521605,0.23134895522042567,-0.20108397999538777,-0.18496853426837348,-0.0333840565185031,0.26064084902377993,0.12666574771882264,0.27132752887824285,-0.09699318892274394,0.07090289364706212,-0.1958766375975974,0.08949633619955213,0.08357349623742483,-0.07066235154167774,0.3281283776608677,0.12802794695729347,0.06892450640605789,0.3606307134913045,0.238755214582916,0.26275555726592553,0.05186665242097113,-0.14809335025623643,0.26806444217931363,0.30806412228242885,0.16688968013975417,-0.024429673713026987,-0.11054428340572196,0.2269708487820241,0.26922808045114527,0.2589916653289816,0.4356009162262565,0.1630691643389464,0.42949338789076935,0.21974284403989092,0.34778058087653124,0.3887262722765923,0.35101463548044487,0.44804993488389927,0.015675297751586423,0.15994559025138252,0.005376881054245693,0.15542106704274083,0.2817814606643699,-0.014182208330029162,0.11375504334894179,0.26047513798855104,0.24385806353815787,0.0034232448752154294,-0.014135461050797857,0.061691669043409295,0.22432424048659053,0.3231870286607361,0.19133658131644757,0.2550630836936012,0.07806153654629917,0.14708830841763956,0.05970130167815157,0.12558667832789772,0.034374022759857514,0.20095128752394084,0.15469351102116288,-0.061900698187895946,0.27269260406759294,0.17309437998244417,0.08138512385377487,0.4400981178875784,0.3008924401831524,-0.04112087190248687,0.33018669894326597,0.36709391979032513,0.06606450028884621,-0.13132040338863585,0.18940879687196804,0.35331506902308,0.31383459649168743,0.34713772336985155,0.23248468546171183,0.9999999999999996,0.344195387008334,0.2257027575443879,0.7257686770096115,0.39916794426664975,0.4552886727950969,0.42017281194503936,0.2795388419519346,0.383120135426023,0.42127600520356046
0.38226176724890615,0.09561522843194381,0.05248816591382609,0.03650802234074095,0.13129814558295116,0.14549056154682716,0.1374996759994403,0.07314381454041195,0.18107966395679784,0.5221783187813064,0.18809120117624029,0.2785449044044703,-0.1021793431772339,0.18176016032622697,0.3698825068553538,0.06838549670256865,0.01802931276057682,-0.03831724453686259,0.22311715814253683,-0.04271473386527605,0.2677521768803059,-0.04325749497786671,0.20427014852618877,0.21385266211107506,0.3074371845421924,0.07423488663308858,0.3194282838330603,0.26911963790024324,0.24373031160017605,0.3269215799178548,-0.017934317067774937,0.11809018664622231,0.15552295324276982,-0.05258102889657828,0.04818882407649941,-0.0472860469572573,0.03828235103544359,0.33557476145780774,0.4497085397329525,0.4509495259915062,-0.011752564077455332,-0.0013795719401189543,0.17122650828128658,0.20608872506728598,0.17255513639639003,0.3065191717636458,0.11567606863914844,0.11508987320873691,0.07087319335999688,-0.048909476835102536,0.2982936854523377,0.1279055843828811,0.3587116322187276,0.11003897731485919,0.13448074850280722,0.08950206010226114,0.16345691249365127,0.25927207691825194,0.6025910173961557,0.501952083318535,0.31574308103009957,-0.1467693469027128,0.12456506419936454,0.28111658658168004,0.35164371447030224,0.406733598977167,0.36617632244901843,0.24273953799304707,-0.15417059047440093,0.10570473367950782,0.34475029993374506,0.15059032125550373,0.196313222902499,0.48431467006931544,0.2510840181104558,0.46855270957846235,0.3013485727124144,0.3423850912586943,0.10193565630475988,0.33865306272888235,0.22099732812504258,-0.10159831076384553,0.11539483027139676,0.1466996705550774,0.13809424624384986,0.07615284638943778,0.037776462477927306,0.2638617799750528,-0.024677326879177956,0.07623498023550175,0.344195387008334,0.9999999999999999,0.5812821888944122,0.3213816610896732,0.31696136765071886,0.20087051402962355,0.20500477225455951,-0.03390175403037036,0.06992785541430026,-0.06400813593127613
0.11509380696163309,0.08160248155586987,-0.007087175881292277,0.09557917477496354,0.19739127542523402,0.0646520030895477,0.1827072832160717,0.11687395253505994,0.11484571119997958,0.2965468914161818,-0.015995279954682626,0.01559634009392113,-0.1170207079005421,0.03944192721040095,0.22032274253550063,0.09963254602408694,-0.14693770338620135,-0.06351994378497994,0.018572449349812118,0.054816775074628676,0.1641677508978055,-0.022873014663548186,0.08594569766758534,0.24881585166836462,0.013617709224294158,-0.10203610655886847,0.15289962985853314,0.08620139019700382,0.1222813273680752,0.3624632931325843,0.15090537497769424,-0.04232579856915432,0.09880428057224606,-0.10713659155546473,0.07772301698453661,0.050492457048334966,0.07641865321652642,0.46467846986462097,0.5472345841728444,0.6688599874456398,0.1856527810478618,0.018145924820999422,0.36495346711112925,0.0851240865675482,0.221282373387164,0.4166134044249626,0.23070390580330413,0.0572734180786968,-0.10191091347571472,0.07303911764924814,0.06982870855473018,0.06892116274033416,0.4340074499113155,0.14402943918354114,0.13688851118425693,0.012568495690429858,0.2264343701749454,0.24039934442952487,0.3429855612502155,0.26325994662336244,0.1226522644090392,-0.16938391476937467,0.14260642282888067,0.14105141019184506,0.1861836688366423,0.2685685436880468,0.3326254777393391,0.031067002652541413,-0.17707292684956139,0.06716222530126242,0.23505642910577595,0.02725361430862564,0.0502788486840275,0.562087985359079,0.06373330116897613,0.08030993214110162,0.1383046709503338,0.1916835498091524,0.17650590775263456,0.18101128077164322,0.3003086432081205,-0.01829663817126412,0.012263032000035833,-0.017869327999961302,0.11084217919827878,0.10943754427038509,-0.000527396595595701,0.09516046883847985,0.051478173913923245,0.3621841142606276,0.2257027575443879,0.5812821888944122,1.0,0.15803656375242103,0.3024651519547247,0.11622868170401972,0.2553828738224768,-0.12742203016126474,0.00838505963230396,-0.02077831073935991
0.23338390278980384,-0.014260109650102782,0.09211299209438596,-0.0916744669218386,0.036592142025772885,0.1816373318715103,-0.12075386879241615,-0.16574281903751295,0.1315569406998727,-0.03926278572148827,0.19985882576763858,0.07938620446675922,-0.033176293512409465,0.12028639521532379,0.12383301049335681,-0.19213886376649483,-0.0219754934424115,-0.10001497950834004,0.20050119443563913,-0.061202309505201995,0.12129139298178415,0.11266521432193739,0.22922198015333822,-0.03040532036393472,0.1581369354655854,0.3733565533036043,0.18501757125656623,0.47376994449895615,0.09312137612874907,0.19552520464765372,0.45670518327897824,0.2748730028374942,0.24718430494731913,0.16702989204818797,0.11006322224936593,0.2318435116070381,0.3849225634240462,0.22232462182816823,0.02256185337579419,-0.07868877773020713,0.32123461997426755,0.47459664075481445,0.5608963707871082,0.5833243458974735,0.4564122262337639,0.563906957380691,0.42797822549572906,0.42559645896823184,0.25724510977648934,0.29730763218193623,0.16829088802029568,0.0664852440677165,-0.03574965325761759,-0.045347790243318094,0.18239659294361077,0.24414601260282645,-0.12160442851242619,0.09686330641150788,0.1969962159156167,0.26841816737063096,0.03327448059706178,-0.023404788592904326,0.017401931481031505,0.15585965539290383,0.2857458451399052,0.13245328970602496,0.09659371842417579,0.1523153293000343,0.11635481649420763,-0.0899377052714341,-0.018872216627461035,0.18343636421005874,0.248717750382997,0.13202963473079743,0.03548686522975566,0.4444705913421631,0.07581864235629761,0.10281003779133027,0.5760545060157476,0.35694241300453483,0.10355827320660922,0.2890714759978517,0.5488563729405174,0.17357233539253455,0.01814594323282904,0.37916670171110983,0.37923215047203285,0.4288533593546491,0.28005622886911846,0.24844719999588083,0.7257686770096115,0.3213816610896732,0.15803656375242103,0.9999999999999987,0.6654786469371358,0.5228806703243848,0.5468218717867847,0.3310589497334205,0.2521280700953142,0.33778522720404963
-0.015327134266224342,0.13552081342943528,0.18947341687311678,0.08244546043132775,0.16681289142196218,0.17691376534915307,-0.27393693577749995,-0.02305047221318943,0.16685683061411963,0.09416402035178847,0.2874322192927187,0.2282494294586004,0.10878054777820963,0.07736566535230922,0.11104497688132234,-0.09545280850740896,0.13140258352204656,-0.0605173217716406,0.18866977288131884,-0.1566055254770262,0.10140423575006943,0.3594591555373865,0.30648934120049676,0.32039005407077714,0.13063499424480948,0.634681364334331,0.30978342521067176,0.4642455007950695,0.21192046748027385,0.2870270568550103,0.24158928638361724,0.08171834226536814,0.15372713954707673,0.14649007325883243,0.38611836719326326,0.16340706736901126,0.29887039728560755,0.16351475152206776,0.15334909037077937,0.14330854664361803,0.14768492505241015,0.5671255738306348,0.7661929709859554,0.5242262184719717,0.4071832710293725,0.5294255389314577,0.41958317937209383,0.1887383150133297,0.022272243983681474,0.21909214015444392,0.036466815043352994,0.15237343461367697,0.07771064069921094,0.22364602935652694,0.23084039611098223,0.3093991177907472,0.08818460551943921,0.18793024507659795,0.2767198931775417,0.3316238576513984,0.24256863928504754,0.14466086221728072,0.23742702259421455,0.1606501646897923,0.17477847747970712,0.12455026356260812,0.043207409961446036,0.2502564577436066,0.21068884425454149,-0.006696622684008491,0.0887101988271267,0.5082101790301026,0.3261724216461208,0.39737944128813446,0.3288801237842517,0.5577567259578021,0.14335996750911723,0.2091952030651344,0.3912775700123051,0.18422225788039395,0.4981292535577562,0.04570177313539233,0.3594823456383339,0.4893404060560092,0.31247363344744267,0.5228840772595721,0.2424866442398474,0.549149217504007,0.17965071016526088,0.26481591665939397,0.39916794426664975,0.31696136765071886,0.3024651519547247,0.6654786469371358,1.0000000000000004,0.4525921417362509,0.4407658788779652,0.1284637640169677,0.14208997875040752,0.17697723114795336
0.09927062992863914,-0.17499920058774265,-0.13118484125637994,-0.1187350968809254,-0.11380254273683897,0.0495132166541872,-0.10213428707409974,-0.2779554328176952,0.009820265114471254,0.04147733261279754,0.2465822308156163,0.07627602030590894,-0.022262066616267666,0.10503234678795814,0.26194476486259854,-0.4928033689665471,-0.22893441001659423,-0.36825919121362943,-0.04023786363562267,0.009748318751310388,0.005803761987154967,-0.18908581054310072,0.03721158602314537,-0.26561342119719533,0.18848847933931498,0.2112290880138867,0.2044697174752821,0.46840667749299103,0.168371996680895,0.08384683323044897,0.4368807171170384,-0.009752888160740908,0.23517788565259137,0.01943424788345633,-0.17230727656281059,0.427622982574671,0.6915222367447101,0.23844188779027461,-0.0649397488407865,-0.20819505988857212,0.5737578825378706,0.36393204541001484,0.27221620940679736,0.9030096199623567,0.47757824282001515,0.7145744462745296,0.503527156971924,0.7606124972895877,0.5433738547820051,0.7200601789590143,0.22894888746234945,-0.07330813551743781,-0.08819608616132649,-0.019790533823487843,0.18922779739747056,0.2042873487805296,-0.25442799884666095,-0.029470276582471925,0.19080672944610025,0.23377024832321067,0.101005172146942,0.016030294145237076,-0.048071241214784115,4.880353010148403e-05,0.18025476409861196,0.23272824344636994,0.03335961398046094,-0.0989744181385435,-0.1080949974619447,-0.28443781122000933,-0.07077326840446932,-0.1342162557447201,0.029091751876021223,-0.03448588978938289,-0.17320660902272325,0.22184164238309403,0.07500605888192129,0.029239288279322255,0.4406586672479187,0.03210310244189458,-0.1731491515373244,0.522610145288971,0.604631752339748,-0.07502924327270723,-0.006774116798979555,0.23774258007334467,0.6195144090725363,0.4826695593321267,0.5020038046752388,0.45044973387956305,0.4552886727950969,0.20087051402962355,0.11622868170401972,0.5228806703243848,0.4525921417362509,1.0000000000000002,0.7775360092222102,0.592876536134049,0.49634077282870076,0.6581100229043502
0.16159622276482405,-0.062427953418129636,-0.13960815842573654,0.0047771858849982845,-0.10282147037049455,0.030334932903211157,-0.057990158469478026,-0.2345272620054006,-0.04156947711117371,0.028026733905628314,0.05144084068308821,0.0030592623781097845,0.09201750148538111,0.0910717725258526,0.25857897141992076,-0.2404664944841975,-0.09135581940011109,-0.33665827642407065,-0.09291131600303172,0.12379697862824016,-0.0004656305289256085,-0.07426707259762189,0.23927767804416697,-0.08536776391504412,-0.09223442947489911,0.1427190856918608,0.40790536805157246,0.5169116598869072,0.13928526945370973,0.34169442523831556,0.5163345112418346,0.1505708089318538,0.32360309967987255,0.14285271593587026,-0.009215666509686998,0.42179798978671523,0.7365195344811049,0.41270682018303007,0.12637386360311537,0.013003093071344597,0.6064053233836142,0.329941755292093,0.3840127381275536,0.7025016844911218,0.3945142610343285,0.8083140951914752,0.7105341974377476,0.7871117079939672,0.41105318915365624,0.6397271450194866,0.15013218513943943,0.04279507873118475,0.009082454296663805,0.027336544683950557,0.10027317749680073,0.05804668510242714,-0.24920601500014855,-0.019808614874926644,0.19973259416101602,0.12584378315448339,0.09277017880751319,0.10385765539600979,0.07796940737771856,0.06274716787002084,0.22945311987011116,0.23787907932169214,0.009845375154512238,0.07815976250285983,0.08952892219468847,-0.22401952188421798,0.030849238698096533,-0.0018338616337711853,0.21797725443736743,0.12458919139787612,-0.0758797244882321,0.18084748625693942,0.001990602639835089,0.19213357037312911,0.5331709984005929,0.1456656055423944,0.07651932996591505,0.552103670982494,0.4663001174778574,0.07332430540589976,0.25160988895302694,0.554284030760301,0.6267486435404371,0.5554154948420416,0.48494232707332224,0.5150176016813274,0.42017281194503936,0.20500477225455951,0.2553828738224768,0.5468218717867847,0.4407658788779652,0.7775360092222102,0.9999999999999997,0.6625251954951686,0.3682398261591567,0.6033105165615988
0.15179415571193863,0.04426171738584674,-0.013208467247126491,-0.05727730264744942,0.06795720165791666,0.10719705747786105,-0.10727567111988724,-0.15868544047139488,0.015396635617645737,0.03464053285655924,0.11710233208894102,0.04988403740659806,0.06274566351480138,0.09358100497180158,0.2685697999090971,-0.2824955353417027,-0.07989904299331839,-0.13434962565539765,-0.15342854861957705,0.3246433700658857,-0.03008507261955571,-0.11277507960175005,0.313144265542712,-0.30136436835398395,-0.1237817278922868,0.10929914769972478,0.3776046424573403,0.48840945584561557,0.2210272421785307,0.17611113617460228,0.24403457319775843,-0.04843262174416215,0.1257190833252288,0.3039028370384741,-0.1106439145668541,0.4574892895350104,0.5916629717496296,0.14994845061215722,-0.10151691803470049,-0.28379084301438035,0.36804835862760155,0.14090999730327164,-0.03924076185004634,0.5536368832739391,0.16362872654815208,0.34201650656227534,0.5031904820479766,0.7474806326823772,0.6291364846520372,0.5025958414437512,0.19231826801714016,0.1235152616940526,-0.18223833332704512,0.0517847419113076,0.19610855735724503,0.09962341039980027,-0.30187853282198784,0.02824858131468848,0.049048433206843906,-0.03531270922361498,-0.04082740636141519,0.11109596151630868,-0.024532663977482137,0.057332179550147806,0.1622593433195236,0.19084751222885124,-0.026561773238819038,0.005643609026468909,0.24878219188910944,-0.12695011520631708,0.007901427670767704,-0.09608547114038292,0.3176099573754456,-0.21021160007234296,-0.15945614613502915,0.12726626481419295,0.093392212781202,0.09327813940672883,0.22296367878313134,-0.2056716015912743,-0.03014709943091785,0.6491431905163252,0.40297499689308297,0.029508730191032537,0.25892842132753113,0.4737972167457333,0.6662406898242541,0.5293355715085031,0.5581161701665419,0.36298488952764557,0.2795388419519346,-0.03390175403037036,-0.12742203016126474,0.3310589497334205,0.1284637640169677,0.592876536134049,0.6625251954951686,1.0,0.5051581547804296,0.5641514935906621
0.2257510611654462,0.002298964726470401,0.378790099875596,-0.20731405223823546,0.056693739610118886,0.5559998861766068,0.045131038780162364,-0.1300037765350093,0.48951731905154233,0.3085268298291536,0.4771759590937615,0.38213332745900663,0.2951495084118143,0.46879991977856883,0.4473054513285558,-0.3353118072004118,-0.037934306415022,-0.2214705931272735,0.17394374112363306,0.5297214432504824,0.34024702256556394,-0.21950092727726578,0.17450070009892418,-0.13752307674972306,0.05702234298755871,0.07708448845735434,-0.07949007649389629,0.36700956938373097,0.548133309434461,0.21427746281111704,0.04871658650347813,0.12442284345907162,0.19227669581445803,0.020776618353213823,-0.3267993213764615,0.7143449879113827,0.5873723392318256,0.12754200799363757,-0.09844363321432709,-0.14468294592036995,0.3425710206301423,0.12102644392899795,-0.12221956151472056,0.39701949221567484,-0.050894510692388095,0.16213220628459935,0.2553831850629308,0.47903427662475084,0.8832199057674972,0.6512839756538631,0.41993958044101093,0.17317251758173852,-0.005577021024583211,0.022812098137719474,0.5403077903649925,0.7005670221479843,-0.2663508573396452,0.25421673858110394,0.421180523605325,0.43131016138593664,0.36241343899754924,0.27780276017465466,0.2618937792344036,0.3038596905003493,0.31686506541387977,0.44482126876169487,0.3329449727848975,0.0880014707533932,0.10296881914193391,-0.1992045151735744,0.2570589975203654,-0.04421349372600385,0.1544886425352157,0.06316927917361391,0.035607061173519014,0.2633967589877457,0.4350438370162229,0.26296412516055917,0.09914899263300571,-0.0525338998237699,-0.11755165023801714,0.5460195795073237,0.15999958321651894,-0.04476573122685251,-0.06490169472917692,0.07757534840701823,0.7117106013812097,0.4137902945572903,0.7715956657138299,0.3831287142719906,0.383120135426023,0.06992785541430026,0.00838505963230396,0.2521280700953142,0.14208997875040752,0.49634077282870076,0.3682398261591567,0.5051581547804296,0.9999999999999997,0.7164623191998947
0.08226329608328273,-0.21740759632012874,0.05586467536538963,-0.30677665335786153,-0.10891152424600979,0.1354821477346377,-0.04299694944362867,-0.36359194266317524,0.13993129991021458,-0.0026287607995440624,0.33919835786963404,0.1883628381063212,0.17634424694521006,0.26403549600381704,0.24494564965335838,-0.5517412056402123,-0.17592553707551317,-0.446195117478431,0.02495067627983895,0.39948193893176187,0.18846407193613912,-0.4191280104093336,-0.11421150680083199,-0.3061791248195327,0.08781094003572892,0.004746310003974115,-0.20261668549431072,0.18428885150937774,0.1914373462681819,-0.04790734424538911,0.284124608570698,0.18278883057243883,0.04361220446417798,-0.13655505452652617,-0.49072430828333613,0.7343773058010532,0.735315927446973,0.21336702091367016,-0.20597245111028875,-0.24456547476023924,0.6689065158429921,0.3185776643039378,-0.07013797804383916,0.47947751986354936,0.020016412731918547,0.37173880422586864,0.3506156709995252,0.7105827143216056,0.7335804938088946,0.9393038630710735,0.20475035930571983,-0.19667580345983957,-0.19955405145291202,-0.11415977052380248,0.20478048568926258,0.3450863225855089,-0.46946503834997766,-0.02977801866910968,0.19335591588279874,0.28102883366082254,0.18519163469050182,0.21137325321044714,0.11236263493399719,0.09047848540742082,0.1889359327962197,0.21801148727716244,0.19774946474742977,-0.04895133430334624,0.08193167473344928,-0.43015396919542387,0.04746572670924418,-0.2668994642893516,-0.10837146217970761,0.036420882855394514,-0.16161417431744585,0.02484340014595147,0.07931701177074069,-0.03350114415307965,0.31662068262970994,0.0719180417034498,-0.16053659560056674,0.8259903465195041,0.26880732412253117,-0.2456015951086033,-0.2618824512999444,0.11036275895351472,0.8109301247778006,0.21810438571131943,0.8327902591444847,0.7290405930869539,0.42127600520356046,-0.06400813593127613,-0.02077831073935991,0.33778522720404963,0.17697723114795336,0.6581100229043502,0.6033105165615988,0.5641514935906621,0.7164623191998947,1.0
