0,1,2,3,4,5,6,7,8,9,10,11,12,13,14,15,16,17,18,19,20,21,22,23,24,25,26,27,28,29,30,31,32,33,34,35,36,37,38,39,40,41,42,43,44,45,46,47,48,49,50,51,52,53,54,55,56,57,58,59,60,61,62,63,64,65,66,67,68,69,70,71,72,73,74,75,76,77,78,79,80,81,82,83,84,85,86,87,88,89,90,91,92,93,94,95,96,97,98,99
0.9999999999999994,-0.1376254883302922,-0.0739899682613825,-0.15278863664395245,-0.1359104821335532,-0.1795184471732819,0.1558577626739442,-0.15894088160285888,-0.3693292691477347,0.20168592625437787,-0.09777710585609721,-0.18304506857575337,-0.1675813170704067,-0.19825821240816352,-0.24523450394734764,0.10106243015802695,-0.221185645250758,0.01771247243082614,-0.1524881500158968,0.546339644191453,-0.3344165874480788,-0.2922118373135177,0.24505405319876822,-0.05001545213277608,-0.21526910334687352,-0.33241982111810786,0.32706091765452466,0.10413320978983981,0.012944164488850253,-0.24262598481311817,0.21900184766916453,0.08319276936077667,0.3561056426965702,0.18726647734038293,-0.21034073163524114,-0.13018327593844087,0.38715320680316034,0.516887854642149,0.2529937385748816,0.13805307217748655,0.5363594853449145,-0.15860228128054668,-0.04257265926580613,0.4304712572770911,0.4044303353353609,0.259523156094995,0.3161027874237752,0.5288495755579933,0.4520240849855934,0.4549689484236195,0.41492397542809495,-0.07006416545597778,-0.2618376675872128,-0.16636247113475583,-0.2188237120636081,-0.12993799504275855,-0.15650042112082913,-0.2955564761886337,-0.07661204918062313,-0.09322359219614354,-0.1494468652613589,-0.1554643874589767,-0.2609981812600215,-0.20417047630118193,-0.18474160879141535,-0.20983278498502264,0.19209826980741274,-0.26064529063112185,-0.3496067483502044,-0.24615859624727052,-0.04240120142545302,-0.49111107906044954,-0.1352737587462884,-0.14600545180682828,-0.4275867339547657,-0.3588117861626086,-0.03757050703702785,-0.2370634861440276,0.03880527095631834,0.15339418028584723,-0.04090979519589866,0.3238264807240448,0.12916780197069777,-0.44583421256187816,-0.17806506108756923,0.029422555424511363,0.358798675294149,0.08212451434829811,0.10292169263651055,0.29177273341132504,0.2416118320587027,0.1509408435231319,0.12472032317985746,-0.02241138925730117,-0.39967209616835575,0.24294193865453964,0.14284989310845317,0.39364848743849007,0.47607004944683107,0.365013781957241
-0.1376254883302922,0.9999999999999996,0.7114583546833912,0.8469951555725738,0.7372312202299012,0.5329094814639195,0.012653677909823849,0.7309695158340072,0.6279741625122575,0.05430408799968196,-0.010142207787481202,-0.07579534832398654,-0.28864857034776464,-0.14747274017080508,-0.13135967064357773,0.2931799798623245,-0.25612748213805797,0.057970723590051586,-0.21799613028056722,0.007486311634564399,-0.15676901797031711,-0.37625300352399366,-0.19460672320150907,-0.2161101882312977,0.18777185815643013,-0.13757004281755333,-0.026917625300391466,-0.011556454007317188,-0.0378290734001864,-0.265038595824091,-0.015570856234374425,-0.03359166186784938,-0.10410031025652061,-0.3281093957808271,-0.23953725088848982,0.35640146232051617,-0.029840911868301696,0.09645996670258024,-0.12412994847334101,-0.02060622018138758,-0.021169195305113884,-0.02677170324647931,-0.1097175771534712,0.09964422398215692,0.0460239398222312,0.06678406518420714,0.09235406567332652,0.04224780324947065,0.23212911275245643,0.06999085681517041,0.00716110604756675,0.875399453181369,0.44142783593389356,0.7755841828672042,0.6538861601660138,0.4835053011114002,0.6362431012933406,0.7569723021700885,-0.0418369128474262,-0.13214521700466964,-0.09205986098534896,-0.19080160649732633,-0.18483722208365902,-0.24455630640350748,-0.11786361824934473,-0.11138507702905805,0.08071489274536352,-0.27604847916799824,-0.23528713139272547,0.348425886686381,0.08116962945792267,-0.21719891334570643,-0.1748582603554905,-0.05548257955339595,-0.19605515364428755,-0.01563689392945828,0.04014043005071218,-0.05846689930169673,0.011977953089286491,0.13780451899053855,-0.1495349335372393,-0.15899361138454562,-0.10454694482797855,-0.13987498866557305,-0.09373508431908885,-0.09063290196348385,0.015283954537431595,-0.05031890507276254,0.33244275718814725,0.07128948901162414,-0.0390589476399434,0.2740369184379412,-0.06641873291572592,0.17036793424496338,-0.1287018951923498,0.11427972550750204,-0.009594408145078002,0.030417429893997025,0.24327196085584807,0.11684138329000032
-0.0739899682613825,0.7114583546833912,0.9999999999999996,0.5362405548939284,0.5813562021011086,0.770033112329945,0.14321358609435839,0.6936696205973373,0.7490541228740933,0.20240609134710436,0.10024178767298796,0.06329404293088041,-0.02472233180326219,0.14705685196483007,0.11851863775474411,0.19942021395002668,0.06236040850491721,0.2150438860306709,-0.019292460162450648,0.13399493422770314,0.17178090608431684,-0.17390684188444622,0.06011690534356013,-0.06104393650276829,0.17742809046060656,0.0400519967369409,0.007240817748365355,0.045083329993127315,0.24152488326924282,-0.02692862537953826,-0.13598647253575194,-0.053873529927318656,-0.17528135137016163,-0.21552866264909856,-0.10678641159741648,0.5265373758346071,-0.11092381182085109,0.07325833016889098,-0.08593842546688031,0.06201476868032411,-0.12115479539826575,0.014036268275147592,-0.2171438485978711,0.04396027988354256,0.07249380637904705,-0.04116996219479667,-0.040737874991016026,0.003053536081279173,0.35765948171840833,0.0074638220751567,-0.09780745603679415,0.7745142149939047,0.18999872923772118,0.49648738298843986,0.6838026562392953,0.7549392557143114,0.5285087440878125,0.781229313106092,0.022820053935980564,0.08117679069569314,0.105798731822289,0.040984335809872104,0.1587943592477349,0.0017473735861832512,0.1610081787175315,0.1647481208813608,-0.05480213378662444,-0.05668115192979416,-0.1676965661215584,0.22841652744023616,0.14031390747631875,-0.24344335346496224,0.08247433633810877,-0.04764657458428635,-0.04709245862533439,0.07243594927135623,0.27920251037603716,0.03817415131074829,-0.036147757398577646,-0.0017342676731281897,-0.21654416305973814,-0.31140388861135476,-0.15606301144014895,-0.16473924355265104,-0.04457531944822661,-0.24182371774703698,-0.1110096531194126,-0.15319236552631968,0.31623602554519625,-0.06909692392617675,-0.281467703760627,0.0884442411697654,-0.19715930311484203,-0.04742494664419575,-0.2595841920784872,0.035990672992677976,-0.11830355384087675,-0.025728475729503864,0.2941793891455951,0.011450725851761432
-0.15278863664395245,0.8469951555725738,0.5362405548939284,1.0,0.6976498974299848,0.39429170938171126,0.003733472213772674,0.7390563920089571,0.4875408237514872,0.004040827439149663,0.03257862737279127,0.0041128093169868415,-0.1464655196306348,-0.11111441500164561,-0.04210819067906963,0.3041594479727369,-0.2381929288033087,0.10082595657907073,-0.08782235228041382,-0.13108613843131983,-0.08954976937766174,-0.3365818800368317,-0.2831580093650208,-0.33708249115349337,0.1134190141750982,-0.16663662520972528,-0.2760586085804957,-0.16382283795099933,-0.13268474330450428,-0.17207446943140514,-0.1723800345814586,-0.19671356411184984,-0.15859636734890495,-0.31792070796411176,-0.314853041367582,0.306937570959574,-0.16170689553355605,-0.010474213759550524,-0.13477714853405184,-0.07368996439305343,-0.14509359452873608,-0.12725118472249533,-0.1063401798839208,-0.08581787498318488,-0.15793685601888086,-0.0872192521157043,-0.08212641584708243,-0.13062237149926506,0.031223950672129512,-0.07218954643145428,-0.11765896997966475,0.7376762999949229,0.5258406514555815,0.8859620200021671,0.5532400309232366,0.27955689500928993,0.6740603600780348,0.6993535375341673,-0.0832432670125569,-0.10488441724262587,-0.03831048964836649,-0.09888234290490759,-0.09709259630602876,-0.15642125933078818,-0.02490741948717162,-0.03386657764484735,0.052237176000164996,-0.2138651535503472,-0.1846476661131694,0.46825394263463654,0.07719467088221196,-0.09759243857034217,-0.18671666632638123,-0.016565102681221164,-0.22134487593453692,-0.06872319309624562,-0.0677708887240872,-0.1077067088809931,0.019339608164257064,-0.05041729802226388,-0.2528451302427836,-0.17777258082090833,-0.1978659872198365,-0.148053522605891,-0.2939466604651674,-0.10651077630795128,-0.0677844273203751,-0.18205527367265123,0.22094180938207103,-0.016201875571610565,-0.08492221888737003,0.2046371489106354,-0.010157565278181504,0.10889310370831722,-0.037149617626263766,-0.04461507777054869,-0.10793824582651775,-0.11389425702482113,0.07840192597827987,0.0032095077640157794
-0.1359104821335532,0.7372312202299012,0.5813562021011086,0.6976498974299848,0.9999999999999994,0.7526313552851923,-0.09173969522675136,0.6052012490924713,0.6582962602387302,0.022932586739160928,-0.0774312995950403,-0.13981625865703284,-0.10552030626051183,-0.14283784833320298,-0.14590954614316762,0.11104634432203599,-0.09828573417077092,0.08867519560857011,-0.1742175376555214,0.032307699584635814,-0.21304076923472814,-0.06773434044040196,-0.05486975038680799,0.03893084481366154,0.14024129359706677,-0.06429461647218157,0.025732101505509947,0.07485804284240737,-0.12073946933010206,-0.10417864719748425,0.020868777165981827,0.1009912388208841,0.004325653243410974,-0.07757707045723054,0.07388455944077757,0.39246708072535696,0.0783765517596858,0.1302763219439582,0.04316503632102738,0.09619064675438534,0.009355057033713664,0.14360541706855168,0.11489201022239857,0.07298033785687714,0.03356243835476188,0.07768344187155407,0.17147233810640175,0.03147569015835378,0.33296767168951985,0.07229339972099685,-0.12255306242014075,0.6462763792978995,0.16302416371068282,0.7612646964717436,0.8524146680735818,0.432694435319319,0.4624507709641061,0.6805389216080527,-0.03449940454156077,-0.09934036635348921,-0.08139487400138685,-0.10856953061295574,-0.0749161216622641,-0.33439363521368304,-0.27697971792752235,-0.15531813142421455,-0.008431711445043299,-0.32676147800872923,-0.12683779155740568,0.2090810795581862,-0.060783799728429275,-0.08054353577996316,-0.17765529173738645,-0.04131897388217047,-0.1821474698846044,0.04457717903910824,-0.019709806653754592,0.01827069754586979,0.011499552042936758,0.01775060251842945,0.05576448545762037,-0.1318481922701131,-0.03441689599588695,0.05623403799900026,0.04978657908552687,0.04577258745072565,0.06317624363759622,0.06752314495923421,0.2787686168004687,0.06003284850767216,-0.1345010214310193,0.12987116507576085,0.05805144974352801,0.23514525027210717,0.018727041569640224,0.07213138212688563,-0.022423299890419107,-0.06061724354447741,0.21733999893268435,0.05874747870070188
-0.1795184471732819,0.5329094814639195,0.770033112329945,0.39429170938171126,0.7526313552851923,0.9999999999999997,0.08395563538293632,0.6004457046038296,0.8112829239359842,0.1705028255460389,0.12236517644411314,0.09383079241682746,0.16802256801819948,0.16562230576173065,0.11672342739460968,0.05978613806124277,0.2583675273952152,0.2640845611127204,-0.008243268419981607,0.1565236050906732,0.13750395941412943,0.16537958621965795,0.21679691572155088,0.179863610112621,0.22535289244841508,0.17350034556002053,0.10382777843614527,0.16877238183516116,0.23578946578193946,0.1303276992952422,-0.01783696303429661,0.07029604737762085,-0.10528603604000235,0.02839607180551362,0.2420654289257884,0.5790344467357046,0.02165920308467257,0.06552266447711155,0.040372414414276823,0.19889406503291757,-0.0831092125654507,0.2266874739083283,-0.0030473500972081403,0.062076898283637744,0.06483834753267419,-0.014064968891375429,0.0726181511404073,0.026174393755791624,0.4759907460781686,0.04013110745625256,-0.18346286533409364,0.6002375117029505,-0.0014694661255093484,0.4383068200933597,0.8577130066794125,0.7287267616927757,0.3823525687892061,0.7062884040884387,0.11376175005228327,0.17240359176373246,0.18279338478466714,0.16512147927882906,0.2660442804175202,-0.11224452189691371,-0.05140189070053732,0.08463899410755266,-0.13260875984023918,-0.10773573500986292,-0.10125386363423336,0.11097991142327372,-0.03880707641685037,-0.08926814901509857,0.03925416641383248,0.0012150498514337128,-0.004710867105259311,0.1946965792206824,0.2621343119108073,0.15691235944196902,-0.08898362919203626,-0.10771134879943599,-0.0667043997811083,-0.32023035305460673,-0.19171824972386575,0.03271695443753116,0.09908356458180105,-0.15172086457267003,-0.06421320887106975,0.020823398485869282,0.2727567935497973,-0.09685983434344173,-0.32740045490379915,0.019644470528879708,-0.06067652147127273,0.016382526105217246,-0.1390192156533817,0.017657027781333382,-0.14238363514428257,-0.10966601126792719,0.28939596498237435,-0.03321943427285584
0.1558577626739442,0.012653677909823849,0.14321358609435839,0.003733472213772674,-0.09173969522675136,0.08395563538293632,0.9999999999999998,-0.060161196395070546,-0.021418125024483675,0.375568434259915,0.2345563231515905,0.1268181641930976,0.14036388234905012,0.18854677034862038,0.27192723663433693,0.4841843667071442,0.1269077299396748,-0.025261155673677368,0.08285885082279215,0.302074054229196,0.14329268179519825,-0.19749388568503715,0.1338192269589542,0.15184480549992652,-0.04795669295747318,-0.19958630957191295,0.17046053603369107,0.10704014935333343,0.3569017338966316,0.05917709786950324,0.3278047688780385,-0.012154203254668396,0.3907464073583686,0.07457742550998692,-0.13513860707238784,0.04398933104260259,0.29190692617469827,0.4433929799273743,0.444771826301537,0.47409484946799024,0.40578625187137385,-0.041554450251212696,0.13549190054930874,0.3875468794309524,0.2516750843807052,0.39644951183094745,0.22974508024383053,0.35766427633709597,0.3822432406557391,0.3812726536283657,0.18589205950711266,0.09862341209651761,0.3803924391664953,-0.011260512183538098,-0.016361524900378403,0.3003333501000397,-0.13986180904906564,0.07367632901354186,0.12548864844776192,0.10918175790747188,0.18086449914925656,0.15322691855714266,0.11301643926326144,0.049885869200193764,0.1801893904578679,0.3059945067003227,0.37824230759734545,-0.023759145963296473,-0.20505560463602984,-0.06295509204390293,-0.0014394805863305819,-0.21160934334855389,-0.15534727212579258,0.06725614259575131,-0.16018360124543504,-0.20545074457452583,0.18999143155428927,-0.032741106939673296,0.277419570309429,0.16311687457217952,-0.023403537000250926,0.1564956875278631,0.11335197919359631,-0.2182481416298303,-0.18326020128183942,0.09366107710567174,0.241484882688739,0.08678489102647115,0.2756105693114096,0.3605795251929035,0.35319500986875557,0.4279214677210075,0.3310728147239625,0.08020162550956712,-0.22257025618885956,0.4270413624854107,0.2790327513342884,0.3917815203065056,0.36400351813088755,0.3630438110932235
-0.15894088160285888,0.7309695158340072,0.6936696205973373,0.7390563920089571,0.6052012490924713,0.6004457046038296,-0.060161196395070546,1.0000000000000002,0.7250464463188881,-0.12944641267571605,-0.06867919938669527,-0.05555743200871736,-0.043706249852856774,-0.08374109671223853,-0.05368759106974841,0.12262347666576641,-0.08663263613951734,0.49808093151415855,-0.18658073614697937,0.04932380493075593,0.09444567320820883,-0.19068945975803814,-0.14616002355118762,-0.3628471334396089,0.04163155264297135,-0.07436099400622243,-0.35109476964984654,-0.33364035533107333,0.030892354298343676,-0.11357089061132879,-0.3614300268140229,-0.17233071272289346,-0.3481773920217216,-0.26108427551476804,-0.22576180084537106,0.6294145396534785,-0.26530133183603866,-0.15557171965137007,-0.32564475831072065,-0.05123276585018268,-0.335467441757075,-0.13091056353839592,-0.27431282521798195,-0.25603624668320635,-0.27321885685677294,-0.3269001542276993,-0.24445276461645865,-0.2870979107699361,0.13258461086504963,-0.1925715095386766,-0.20212775923253723,0.8013035481676513,0.3615550299433715,0.6090706277524567,0.6132041357275172,0.5013351687636588,0.9137506710282705,0.8219165431276418,-0.21522399573857412,-0.12044120692457891,-0.08027260315490824,-0.03272729090816901,0.012549429120323695,-0.26407251512035235,-0.1611366736936017,-0.08714712513939304,0.1163636488918971,-0.2812533560864453,-0.11786869744757919,0.6688176998044294,0.3047541172451668,-0.02514147870152477,0.14538087472706113,-0.028012096492281376,-0.12370263156916717,-0.008986007486611951,0.1885519978408156,-0.13672973817758086,-0.12114687622379106,-0.1828186104094823,-0.30002046796348447,-0.34791820692194464,-0.28742473774225136,-0.04248519770126861,-0.23389360095549402,-0.2298641371981916,-0.18067030840805465,-0.38319166447637515,0.3100541475450705,-0.2351645697933394,-0.4560535575055993,-0.012497652487416,-0.14387291530573182,-0.1505480605241874,-0.13648564501324423,-0.2465454529759135,-0.3010179223635197,-0.2250730062433907,0.17951314870294555,-0.14561953032081415
-0.3693292691477347,0.6279741625122575,0.7490541228740933,0.4875408237514872,0.6582962602387302,0.8112829239359842,-0.021418125024483675,0.7250464463188881,0.9999999999999996,0.12328416366490683,0.15541420144289156,0.15350005775924572,0.13299175080878148,0.1986430917142768,0.21166758183846474,0.04067337976047501,0.09717625051174907,0.22165468635141505,-0.1250656537685202,-0.02208123970660184,0.19792856416680932,0.043741947123994276,0.0644624838435714,-0.037591361658954936,0.10423457461418797,0.18054302332098843,-0.023465164490835102,0.023891306852307836,0.22023474303839907,0.09597443592663994,-0.20388967221049673,-0.10454047636812791,-0.31959995983868295,-0.18887120258361448,0.11750919395299902,0.6566955593706683,-0.12385192620481576,-0.11267848423687685,-0.10653113178102283,0.04447050818808603,-0.27538608071702025,0.12561948492512287,-0.14396311082531554,-0.11374909936084848,-0.1154644711995326,-0.12093327928423611,-0.09292337690395938,-0.15603652863350068,0.24127790579716116,-0.107676063025624,-0.18326263877382906,0.6916340359782681,0.25290080979373986,0.4576734002567177,0.8018277913592438,0.7310527159629527,0.577070232335383,0.886330152620598,0.08050979954163705,0.13823522991869927,0.18392326042474783,0.1769079910037756,0.22687989184394622,-0.07794000564788967,-0.007679571476427338,0.1694129019932462,-0.03288981571634688,-0.13995520692349664,-0.10256322584946405,0.34915496356244113,0.06997000297076394,0.014103881843381223,0.14054649742750203,0.016676844695450208,0.044604099752868276,0.1629130598658095,0.321230157331365,0.17448403087740869,-0.10713896444864694,-0.11086517199119685,-0.15419716957143412,-0.3872016553659349,-0.2304898933982629,0.11538939126242118,0.07570359507652677,-0.22634670837961124,-0.1321219886198513,-0.12978485223324762,0.3309931773359892,-0.17025286825828956,-0.2896625852175368,-0.009947015561523788,-0.0700733031207273,-0.03882887765408889,-0.08644131818485667,-0.08582847331368607,-0.15718125064598554,-0.16692701940679786,0.14286696076251215,-0.11846339584309099
0.20168592625437787,0.05430408799968196,0.20240609134710436,0.004040827439149663,0.022932586739160928,0.1705028255460389,0.375568434259915,-0.12944641267571605,0.12328416366490683,0.9999999999999991,0.5115979987180822,0.5296085301993543,0.21553832872267062,0.28475338632115915,0.4715113852481145,0.3861290737057116,0.068062699045901,-0.20630472605665973,0.052834025936528035,0.17317687583613153,0.17081141587291593,-0.00566631330023385,0.2990341373682725,0.20083576810715148,0.246633069567876,0.2365075173090761,0.44133388909467014,0.5263564070113648,0.5702752592139292,0.19897073180152314,0.3606219240234673,-0.00920498625367039,0.1385430193579942,-0.006862911766920093,0.11495794907786124,0.0034926592566515142,0.19862766830581258,0.3046006323271486,0.5490129212408144,0.23452308938290561,0.16916494369414614,0.21265041702956158,0.03201233718472799,0.289042080576944,0.4146661569956206,0.21008862898228614,0.13717118782877033,0.286045018310636,0.2745003287489127,0.20715286310009012,0.30323430288521874,0.07938192878514058,0.16292348190386088,0.0373392884285296,0.1844683979174949,0.3871866551183831,-0.22617937250638676,0.12467292112277935,0.7128004894474017,0.4866004539440751,0.5892972819953244,0.314030072821438,0.2983004958737118,0.20588166076877287,0.3559836829432437,0.5252123438970014,-0.028126866765993335,0.005546647094009494,-0.18274396574297988,-0.2258987263100342,-0.020213050600229043,-0.28073039113789544,0.0162376569231817,0.23081565009041352,0.006379999402469842,0.24924532279882314,0.4300963343758304,0.36040571620965056,0.2743461506624741,0.15615467385292364,-0.08511743695199843,-0.06940421952448707,0.04334389933470253,-0.23375846163130592,0.04776892869559367,-0.16154675228757923,0.13909970134389907,0.27696297527414393,0.12888058154214507,0.12537354654653385,0.29933491587433503,0.4647831290488311,0.24440703596358962,0.1389995187354512,-0.2126585182132115,0.2671298026109151,0.08281320459199305,0.13283011996548244,0.2738457861215271,0.12753230795202233
-0.09777710585609721,-0.010142207787481202,0.10024178767298796,0.03257862737279127,-0.0774312995950403,0.12236517644411314,0.2345563231515905,-0.06867919938669527,0.15541420144289156,0.5115979987180822,0.9999999999999994,0.795240027589514,0.592217112542838,0.6915647059523905,0.7713165791358805,0.21355331046934592,0.24112690878005344,-0.2504890682377372,0.3578289522420168,-0.24542877540708316,0.28876358395571305,0.1460218460382647,0.1770417647935463,0.03452905496605649,0.1587257994489062,0.3588273075805065,0.06750995931148644,0.28179446856596546,0.6063872063620585,0.4468690520372081,0.07459799433895711,-0.17071608069571628,-0.17392195742175326,-0.09699717375231068,0.08432059177692301,-0.009185033932234937,0.008533068962578992,-0.006041482445129516,0.17139148945107707,0.008426868523630952,-0.10387008454352906,0.17593236284285968,0.034326183099132254,0.0720619465659193,-0.042497325731567955,0.03451893930714062,-0.18355714111605398,-0.04308343841049868,0.01776185480062537,-0.03102337103480375,0.2275431405854439,0.10234171704699915,0.27021212036066367,0.039089734896849374,0.11676883906691103,0.3633346690617362,-0.09930179085695498,0.1855908820925446,0.693113870809522,0.8155942483462378,0.7126207218074101,0.6746783214699118,0.5448483521064431,0.512788555828341,0.5532513456048646,0.7545088204866466,-0.1424239452335761,0.28565251615186704,-0.14302806125588868,-0.1861762303676252,-0.157563692057501,-0.06289348425521504,0.04961957125379462,0.09679950949211745,0.12488838954150584,0.18315368612300817,0.47799770056616275,0.4220470289741076,0.07142694752457221,-0.07687805734261154,-0.20631749469393532,-0.17194932912268382,-0.27559463237809967,-0.08149862372783581,-0.13386322552392246,-0.3136150351537705,0.02460417789141453,0.18697221140780867,-0.004466004776566538,-0.08879893672548461,0.2511655036029311,0.18854310057920243,0.11695011303250487,0.08076771873838204,-0.09325682836291427,-0.005102266616449161,-0.047392479844244356,-0.07952930242158043,0.06731437253342354,-0.048229092396043775
-0.18304506857575337,-0.07579534832398654,0.06329404293088041,0.0041128093169868415,-0.13981625865703284,0.09383079241682746,0.1268181641930976,-0.05555743200871736,0.15350005775924572,0.5296085301993543,0.795240027589514,1.0000000000000002,0.6330329792370654,0.5950325626168249,0.6910776166132373,0.1777234085252145,0.37879575167129975,-0.134318823455306,0.3883673096110418,-0.27682337252281647,0.3599054049178749,0.3307906445438538,0.15506324881723949,0.21072317523891845,0.3196490397943013,0.6307584522825794,-0.018331997502468028,0.38438807253432655,0.6717780338957285,0.5852777182145071,-0.014715146969103116,-0.07959903925731601,-0.2566578763961168,-0.0685822573556764,0.19805158004836607,0.15181830549324937,-0.05602324202260705,-0.23986535431232153,0.13034437470456722,0.023007709714625076,-0.27785400356330026,0.2567909491680965,-0.1412695099949514,-0.09821473591293853,-0.10861765353974312,-0.2117354505603742,-0.3354485260125304,-0.20353991334549923,-0.09364944617510639,-0.15365467896867122,0.1830260967134403,-0.006945494701773126,0.2593545722806224,0.035496198946799534,0.07145507083108077,0.2286382776886623,-0.10488816005687278,0.1470237126160361,0.7712973065897797,0.7531114340908991,0.8994799759358529,0.7045757101108729,0.7003595902713222,0.44780959644418883,0.5625264103136419,0.6375304671407984,-0.20546865540450493,0.3549290454170845,0.018296434719737673,-0.10482299974880817,-0.09311796442833281,0.1508161030959248,0.1929989062882163,0.3281279661486215,0.31570720259057694,0.506266750074842,0.5351505306868907,0.6210232308805197,0.01801047566023492,-0.191646164809166,-0.1997653972770678,-0.32521108614793004,-0.3499694030092786,0.010005636696609043,-0.04353805347741952,-0.3735223621981615,-0.04226278216359208,0.16151763127516738,-0.029748906967238024,-0.20694657849300221,0.04525249792688428,0.07558728348815938,-0.02119952720669511,-0.01832520619260911,0.0545958593661765,-0.18241603055742997,-0.24362651718957332,-0.282530223664647,-0.13817441374692901,-0.19038615762632538
-0.1675813170704067,-0.28864857034776464,-0.02472233180326219,-0.1464655196306348,-0.10552030626051183,0.16802256801819948,0.14036388234905012,-0.043706249852856774,0.13299175080878148,0.21553832872267062,0.592217112542838,0.6330329792370654,1.0000000000000007,0.6572168060458355,0.7355674630918361,0.036106469225332484,0.5367981118647314,0.13172283030894993,0.40412377056441545,-0.18916603848725594,0.5034060282564323,0.4355623461999161,0.34453289884676686,0.05891555073994047,0.013159429274044777,0.306474605801596,-0.2100296746209549,0.024577692859797055,0.4388078853930515,0.7526195351057348,-0.07811948059352092,-0.1468782078248074,-0.18780897753815592,0.09334816148245549,0.2426028807450788,0.00622043287818012,-0.23060015874139006,-0.1043846388477784,0.2326850105840262,0.08453098062139786,-0.26487771295604284,0.14156208264982212,0.04743928027717197,-0.11325389790038623,-0.2789228286703107,-0.16745828213594077,-0.34955783961323594,-0.2225501634685208,-0.028082636456359382,-0.22032012173357127,-0.08590246129593329,-0.14000179164803575,0.10860044260072432,-0.10796539900674769,-0.009100188050662249,0.21991023321658246,-0.12453632244463003,0.08883215149117044,0.41221281515819763,0.6624746804258856,0.7217925148882195,0.9419826752809745,0.8204270508388753,0.4743777057613098,0.3683854301646291,0.6162772404792142,-0.14540672194057613,0.365269294266208,-0.03029927638164666,-0.08006424382747637,-0.13222604490765982,0.21718692783443466,0.2128454401304248,0.107011250790779,0.05174487520670976,0.18761485604834915,0.33802304649379655,0.33474767477445866,-0.01329055051169469,-0.3195620616834256,-0.31108981461690594,-0.2893271045726827,-0.3293443997462111,-0.03302409245843544,-0.23436979980071226,-0.26207339074296115,-0.22249340784623145,-0.027274310529203236,-0.1907466385119014,-0.2505539556030298,-0.07518169690760768,0.09224881184843414,0.24453368899199926,-0.05385762869305752,0.055168371347356006,-0.1751698078193645,-0.21129425970054805,-0.2335680616746512,-0.11590867878687564,-0.21987596346245514
-0.19825821240816352,-0.14747274017080508,0.14705685196483007,-0.11111441500164561,-0.14283784833320298,0.16562230576173065,0.18854677034862038,-0.08374109671223853,0.1986430917142768,0.28475338632115915,0.6915647059523905,0.5950325626168249,0.6572168060458355,1.0000000000000002,0.8477972043830695,0.143633796049784,0.510123437941607,0.04477487398019191,0.6331193872685302,-0.0808614304247534,0.5284158222746236,0.31980132446858583,0.47291623173739195,0.08076233397774599,-0.038023334916617336,0.30777698922607455,0.04839033848916869,0.17346764069954926,0.47831052854500805,0.5602270309477266,-0.07147523291423406,-0.3357930453751119,-0.13023714386043603,0.1464326576697215,0.26024927244002793,0.006982086322722648,-0.15063449985609564,-0.08315112102352239,0.11899574908076854,0.02953416084335824,-0.14806754289643656,0.151820291382472,0.0027439397870338894,-0.01682461333530314,-0.042569880344145064,-0.018320281696413667,-0.22301580859703854,-0.008198736644564867,0.02028270011440422,-0.12278988251704044,-0.10485776605931858,-0.04741911649354897,0.07435304541443381,-0.11849813295868009,0.006022285495465409,0.309629018592513,-0.23268083007890872,0.11221150187580752,0.4398583233282361,0.6564109259019165,0.5757620093523264,0.7028924709759108,0.6579486915741976,0.7469675525610256,0.5639325045489901,0.7647170256134092,-0.28347828433646527,0.5551706639632318,0.017161357570440627,-0.2485044251474121,-0.17919983287874217,0.02941532621315459,0.20181805536296818,-0.023678086015121894,0.1374148514746906,0.11071106295950908,0.3651556691586515,0.31828090042888146,-0.008371476050924071,-0.3272702542559133,-0.2395170846770899,-0.22154859704573038,-0.19110543724442197,-0.01081348811135447,-0.08948146618431317,-0.2942721908797213,-0.19693087447920177,0.027547536665115804,-0.1333182960623569,-0.19682778809120435,0.01740363532574196,0.038176347436693334,0.014624474764784692,-0.09233638665477437,-0.07766316427547644,-0.04542607249206612,-0.10441392279372111,-0.019805232783878923,-0.05437326229980095,-0.09598328403530938
-0.24523450394734764,-0.13135967064357773,0.11851863775474411,-0.04210819067906963,-0.14590954614316762,0.11672342739460968,0.27192723663433693,-0.05368759106974841,0.21166758183846474,0.4715113852481145,0.7713165791358805,0.6910776166132373,0.7355674630918361,0.8477972043830695,1.0000000000000007,0.21956156018291728,0.37799953715947965,-0.053504444915195286,0.47894690312333976,-0.16240314505480916,0.5682158995740109,0.1981240121362435,0.2855143336384972,-0.03551616145536938,0.004718315289569976,0.27660885906475263,-0.05540342290363926,0.10292777124570059,0.6190172060419812,0.6118953093294132,-0.060002114096768436,-0.38137683939265904,-0.19920269435333415,-0.06357942893512095,0.10578214112042335,-0.03238895961582446,-0.2390113655394879,-0.12298939107516858,0.24518209402223118,0.023677640836588534,-0.26266639045029677,0.04586036117178059,-0.06262641487228694,-0.11725689049822152,-0.14044499476236055,-0.08523428007968277,-0.3372869473185194,-0.14876277343963434,-0.08191872942982797,-0.23241917844394627,-0.01786833981161402,0.009643400887107032,0.30448193006527047,-0.0277937067878233,0.006193094909995473,0.4055795099005385,-0.1520467107848084,0.19682157196588382,0.5530122905053184,0.6715708306730345,0.7280837444863766,0.7755307867796223,0.6956588050737114,0.6584432909622402,0.6304329261689081,0.9527585558429624,-0.2098598276724297,0.38522573293230694,-0.05740251161861981,-0.13439391921240842,-0.037900038322271346,-0.016159398634934402,0.22168643278239764,0.0997995726506972,0.1346493808904814,0.14277108351072917,0.5088460733485038,0.3385498073145249,0.11720459482299946,-0.33686958533405786,-0.28466616202691436,-0.293350464148887,-0.23533353667761592,-0.0829809561309192,-0.17879435731058466,-0.3458076394225506,-0.2322324078828694,-0.04347105582509773,-0.11719738691729083,-0.2540333349266863,0.06691382681364698,0.16939965778500554,0.12086076123694871,-0.1041953007543761,-0.12686253391181881,-0.09149506340987393,-0.12829943808683086,-0.12168420706462255,-0.021512781539056128,-0.1922511428803671
0.10106243015802695,0.2931799798623245,0.19942021395002668,0.3041594479727369,0.11104634432203599,0.05978613806124277,0.4841843667071442,0.12262347666576641,0.04067337976047501,0.3861290737057116,0.21355331046934592,0.1777234085252145,0.036106469225332484,0.143633796049784,0.21956156018291728,0.9999999999999997,0.2510425311216868,0.24957913542707327,0.21869288484554683,0.26306671632912615,0.12308020811911627,0.07783700185441786,0.28438585443167014,0.13588322128499825,0.12694578835890458,0.009671418262670713,0.023470347394508033,0.21352078203742672,0.3262315926498595,0.18869366596720813,0.329066408967064,0.08066929765923726,0.28278080994665444,0.21488617276016547,0.14912639008696102,-0.0756340201361472,0.11601339237057921,0.1613811104657914,0.44062819250320284,0.37546518137708185,0.18471859982714992,0.11957418403062141,0.2206603482487202,0.1655237903846677,0.10512281000545781,0.1028412903555328,0.06256666725696662,0.1716735713666313,0.1758854105914248,0.11831538773045512,0.27868977217465457,0.24774663077058331,0.399117550844642,0.19494074327888533,0.05328267222866147,0.2180336450649645,-0.027296529804979822,0.15864885087871508,0.22454039538601203,0.03151704095045606,0.16717698838458883,0.05148276001053751,0.044998614342372026,-0.0011034538933928774,0.032160902211573306,0.19364526755989564,0.21931582782591763,-0.02471097079303563,0.0039095689874301025,0.1094648449641867,0.10187131380772639,-0.02756686625192573,0.0370283250643906,0.16416936051119138,-0.06408229148765834,0.05219230555724186,0.245576353300471,0.10751750067584327,0.27443556424667775,0.14051371713089608,0.01111169039411396,0.03779008093881337,0.05359861216562032,-0.029027515765482913,-0.11315358297996866,0.01864980020333073,0.1075477050979942,0.15993736149824353,0.07364382756070298,0.13317634351005847,0.23115544356949952,0.5181139012597392,0.3448623716093856,0.21301918008802107,0.013251500334920318,0.1938525843870952,0.03597354864768295,0.19837307352708497,0.2074603273702217,0.18537159173026768
-0.221185645250758,-0.25612748213805797,0.06236040850491721,-0.2381929288033087,-0.09828573417077092,0.2583675273952152,0.1269077299396748,-0.08663263613951734,0.09717625051174907,0.068062699045901,0.24112690878005344,0.37879575167129975,0.5367981118647314,0.510123437941607,0.37799953715947965,0.2510425311216868,1.0000000000000002,0.3938117194004827,0.6607638447595561,0.05285035092424754,0.5957477196037342,0.6935105106572947,0.487276979927171,0.4552667352329195,0.17005551663130053,0.4984137986557335,-0.026718138874875414,0.21298155659789098,0.3817170094982904,0.5997029459343858,0.011977551828789233,0.21238071871041023,-0.03559873288434382,0.37971306046478204,0.5328412047432873,0.07277610427293092,-0.042858081674369115,-0.20477339234252281,0.1395422985881281,0.26649717523834293,-0.15079560710920625,0.2568512108258296,0.09788140272825589,-0.015665793044943116,-0.11795212586521248,-0.1506763666869781,-0.21835244255606592,-0.06194682261909979,0.13913470358769622,-0.09279158360138019,-0.024956580661291326,-0.22799065709177016,-0.17205796346020297,-0.302814558162398,-0.029482685525706712,0.14571306009177007,-0.27027152763204465,-0.08754036529097667,0.22714909691771826,0.27453750264303384,0.36695309988309416,0.4492609034043044,0.5254882952997934,0.2806445804666064,0.19660673537851156,0.25205496255074794,-0.19827545664669732,0.5309214288618456,0.3021846508492782,-0.12207919562617374,-0.04961130683503647,0.3821804732871341,0.266717511716982,0.18076620454701217,0.4173960800631387,0.36918409733113006,0.31773638154661754,0.37985789716209517,-0.09158076674741628,-0.16685400691558647,-0.0036637692078227597,-0.24559761996001683,-0.21399548286750772,0.23877482346324982,0.1795480583631327,-0.12006468011453526,-0.13345481690083974,0.1513783855763056,-0.21278003003813387,-0.17077441261951948,-0.2898114600470494,-0.06124174039505934,0.1096244369889212,-0.07215804988519578,0.1716361125599361,-0.057518413215372745,-0.17803353334130773,-0.14120775485717038,-0.03128424474390584,-0.07885264773837808
0.01771247243082614,0.057970723590051586,0.2150438860306709,0.10082595657907073,0.08867519560857011,0.2640845611127204,-0.025261155673677368,0.49808093151415855,0.22165468635141505,-0.20630472605665973,-0.2504890682377372,-0.134318823455306,0.13172283030894993,0.04477487398019191,-0.053504444915195286,0.24957913542707327,0.3938117194004827,0.9999999999999999,0.1810333460277161,0.5055511004285977,0.3182952630932984,0.3459234539163609,0.4093011989177814,-0.025314775750689883,-0.06842862977077979,0.025887880497583234,-0.3000183439581202,-0.26799536336540203,0.01854609762176332,0.14383560282930216,-0.1561668230953471,-0.06666981606374758,-0.0984219502152402,0.44863015189813277,0.2430988892011679,0.4180357448195576,-0.23924077026399979,-0.26485136965702016,-0.148163014981974,0.22479231884977882,-0.20164989361246805,0.04353449130353396,-0.06699724317375637,-0.3018071841088109,-0.2199700457684086,-0.4383486566844556,-0.23915731906465063,-0.18956314193174892,0.14401258664243088,-0.18279239276483664,-0.11121370725359958,0.12194976114226795,-0.07634892509733156,-0.024625222922647207,0.03914676207279313,0.11777879541548461,0.3621158230970326,0.15880262384489466,-0.2598282429456057,-0.20440042475039447,-0.11847384017098743,0.04220268703127391,0.061568250701045026,-0.19201793396722772,-0.3405445014457455,-0.18115999119307286,0.0057963484161901325,-0.06343513695808238,0.2525460355241689,0.48912659358304156,0.4073586617425144,0.12467638772533282,0.4043347087983393,-0.031380869183030714,0.01162632840120257,0.040113111024950174,0.18030052607570493,-0.15801171075781004,-0.07021091417198003,-0.3252152711715974,-0.10945611775061623,-0.19895347926697637,-0.1758759534574716,0.07508641481950178,-0.149884407085252,-0.14236933366194732,-0.26243903238043986,-0.35072900308015204,0.03584205121798464,-0.3701552763747168,-0.5710288193372381,-0.07448846725105536,-0.10274852421809626,-0.315811568676554,-0.027082454700446592,-0.3520733808005404,-0.4727098543756828,-0.20781219345107815,0.08350167641097353,-0.2017752017184151
-0.1524881500158968,-0.21799613028056722,-0.019292460162450648,-0.08782235228041382,-0.1742175376555214,-0.008243268419981607,0.08285885082279215,-0.18658073614697937,-0.1250656537685202,0.052834025936528035,0.3578289522420168,0.3883673096110418,0.40412377056441545,0.6331193872685302,0.47894690312333976,0.21869288484554683,0.6607638447595561,0.1810333460277161,1.0000000000000007,-0.051807951965446505,0.5217648704429227,0.4173928291528495,0.31781927415886974,0.18428444728142604,0.07697249588777097,0.2650114717142009,-0.11767171815705312,0.14046392535358768,0.2524675584993197,0.4934828770817453,-0.04290604202558245,-0.11883708173221434,-0.08398815430719597,0.30343982815241516,0.2267820131659362,-0.12081120622836483,-0.07078137267595332,-0.2591585432066743,0.07294179720492588,0.0788192454388561,-0.1512404470801806,0.07248915016961437,0.0036871689686225726,-0.06138838568828506,-0.16626084759895454,-0.15264372387714154,-0.28988089107678006,-0.0862836917401858,-0.0069202127520195935,-0.11220703830576509,-0.10660183076833347,-0.2613326308712936,-0.058038182391045454,-0.15774573995124558,-0.21331837202218976,0.022862409394160132,-0.34764226310067087,-0.17920759946109124,0.23548036865380034,0.2754671415095748,0.3081636992820926,0.34314025970692946,0.35926971893401255,0.5001022280331532,0.42713994618000156,0.3770511248030562,-0.34950924832651975,0.6447984268997754,0.23791573082047082,-0.21315910897389978,-0.09381813237829431,0.14438335130587615,0.042963743995671363,0.07705773190681542,0.17938941240723869,0.1483415652354533,0.10870500064943137,0.24074024319202342,-0.041430090468143395,-0.2646319268064218,-0.17131007075813776,-0.11564279807094442,-0.25453477535017116,-0.025691360685879707,-0.09632435705200319,-0.15358726097681483,-0.11330935256626314,0.057691364434693485,-0.25949234175321106,-0.1620780798263546,-0.0638123991448456,-0.01983545477470275,0.014561474621833558,-0.07132923460004965,0.04055210028786791,-0.08527639535272635,-0.1706422400597459,-0.12605661425917367,-0.04625360016934938,0.0024645386300109306
