0,1,2,3,4,5,6,7,8,9,10,11,12,13,14,15,16,17,18,19,20,21,22,23,24,25,26,27,28,29,30,31,32,33,34,35,36,37,38,39,40,41,42,43,44,45,46,47,48,49,50,51,52,53,54,55,56,57,58,59,60,61,62,63,64,65,66,67,68,69,70,71,72,73,74,75,76,77,78,79,80,81,82,83,84,85,86,87,88,89,90,91,92,93,94,95,96,97,98,99
0.9999999999999998,0.24454600568214502,0.31211783327540943,-0.027710019555903413,0.21101701979483034,0.3163742807017392,-0.015490052643667363,0.1696604292247555,0.03425733307065946,0.26576600772959336,0.27596732850919165,-0.11628025371727282,-0.052206650253305016,-0.01666686470841013,0.06817232958599648,0.496893687385665,0.02246197556923096,0.3379491186668245,-0.045651052283821734,0.36281720298447456,-0.12918216151061895,0.42822158775659935,0.39384826750780727,-0.04511177724787967,0.06471514611818072,-0.07350339674411602,0.2235097323162115,0.19038696549743858,0.17966125453378892,0.2023276351441685,-0.11434883288909227,0.2854699779912278,0.18389996084307048,0.3197882789845729,0.1724234573368893,0.3211576400796251,0.24531351132024246,0.16967827734491983,-0.04581267494821391,-0.04400632609865352,0.09299984992245285,0.2824526572085317,-0.008695813725018027,0.08471597169081826,0.06342975762734547,0.25836687678823234,0.07154660796516334,0.2604416045864215,0.5383641413975482,0.18394829652238912,0.4493628422629011,0.5172207357937649,0.12781151254742001,0.18321867955154533,0.34297758702299885,0.21647836038249313,0.28473354092438496,0.026908916978052703,0.1588979501190496,-0.042267754613774036,-0.0663964878499763,-0.04200207923728389,-0.005203312078118934,-0.16983763889496006,-0.2722091276180626,0.06254423303394117,0.20081709388835328,-0.3440988830043196,0.2120139159328557,0.4091002929590358,-0.08759811101586183,0.19119723056218463,-0.013235630845785593,0.0320534001487626,-0.19403248873905735,-0.12219268330234861,0.2358980873149277,0.10914765973236173,0.04973065826566829,0.12484632957407775,0.026792436799223548,0.1651269585012592,0.11198308909681846,0.10898492572288335,0.08816159913223978,0.08549914000818908,0.2504137764083905,0.22624774327997463,0.434338691834872,0.13118601891442894,-0.012069880963043756,0.042773782494247466,-0.06381913715658595,-0.222048822951618,-0.03341986414416742,0.057496486160578654,0.189465081342814,0.29944916547008893,0.488375392552663,0.16167501698498513
0.24454600568214502,1.0000000000000002,0.7263899105726326,0.6760100063519803,0.7933486293977937,0.6705573837574134,-0.2928510813989064,0.8394833403856973,0.38066118414394146,-0.07642063494681703,-0.25051923299367984,-0.1849756146169165,-0.35334962029358746,-0.3424625205387008,-0.4278059946967531,0.5892442820045009,-0.38221303849518273,0.5419702236836312,-0.5045257970426666,0.22816639453051002,-0.4927665563192781,0.19980117681045712,0.23225296771329484,-0.09950294352252467,-0.2113281035819919,0.07962601173819386,0.2671142625712909,-0.12404864754274252,-0.3015325407999385,0.3255380265097689,0.03760330522967647,0.1615837429413389,-0.05465704063478756,0.2106847126772341,0.14601024204215446,0.2020143832090879,-0.09716105327792675,-0.28399656314199273,-0.3969715166861209,-0.4602486710228895,-0.46393572208303097,0.06907962434108135,-0.03485520305924274,-0.2257716948317188,0.2813128657560763,0.026663795593438764,-0.05536213849446405,-0.09209214135959361,0.14757412009505122,-0.39592576545496855,0.4801632276608515,0.822832429061021,0.5566169838667758,0.5388231249664029,0.7832310106542879,0.334625354380229,0.7270573464868941,0.45607979008314425,-0.1343197794655276,-0.4128473196633208,0.08130034435588679,-0.38654553651598844,0.007682095760219841,-0.4718767326117677,-0.4736977423502074,-0.3311248657459183,0.2361388004974768,-0.4196406916593556,0.28567620006830785,0.5313874803056847,-0.34503312005270126,0.3992719489602605,0.18548657441095381,-0.10595322595979273,-0.05812323131249896,0.05544845579030092,-0.2631184951055813,0.3432253085842452,0.21117867866927273,0.3835467166037402,0.3372393235226224,-0.04588966412128255,0.3342177687250867,0.38626881945314595,0.36037853153918764,0.09535448822687025,-0.12252974313848546,0.1549443790987184,0.28848714510692625,-0.20806332468560781,-0.0324981511993197,0.028729620206782814,-0.18809147042893115,-0.019162990337069502,0.21756101921758422,-0.15918704058803096,0.16803488363955402,0.05167701771249168,0.09142934107068981,-0.3692955886810612
0.31211783327540943,0.7263899105726326,1.0,0.32076070736931683,0.6071561874831274,0.8523363917221896,-0.34663828987925904,0.7453378860490462,0.44589238012059534,-0.04422414921454438,-0.21067276740496882,-0.16534263849403466,-0.2733302804940265,-0.3642388379488079,-0.4308822460094246,0.4517698063304896,-0.23923741343110683,0.5542361684093969,-0.46227742964978136,0.3220989142603588,-0.491803372771603,0.275987266234341,0.4014109775230068,-0.05538760874610698,-0.1110552416641808,0.2138865695996397,0.3466139717082424,0.05822699706526263,-0.08294058944621645,0.43271600940584865,-0.16586904618526044,0.15072444564047205,-0.032703371167970424,0.2172014356742615,0.0693398609710467,0.2986173818633379,-0.14046734324757862,-0.3551638200640028,-0.452170772293591,-0.3193424462805287,-0.48827015954712955,0.0037367116269459385,-0.14350376323351224,-0.22402701631395988,0.10901769265403098,0.03688401409762444,-0.10728518444046722,-0.02828854079853504,0.245243993087249,-0.3326026744822303,0.37166351577640694,0.7266232800178496,0.331704930616512,0.22873455447737517,0.6883809241087492,0.44512806280324807,0.5577359181248229,0.35640618039531724,-0.09232636705736307,-0.47767303813899786,-0.0734342877067719,-0.3408852967125224,-0.004714872260602439,-0.42670766533091115,-0.563968741663772,-0.3712803376370564,0.24160937629290352,-0.383710730795766,0.4365475206058122,0.5445671487283928,-0.3070190123284231,0.5159179349477145,0.4511455325246978,-0.17329744688793458,-0.033486927628005474,0.2288330025672108,-0.11630933812812316,0.47038488149149094,0.05047386714792038,0.14686764287584184,0.38551058743797173,-0.049026733927374756,0.2687669848101842,0.4369566712647082,0.48067422572587537,0.1054568893685036,-0.11251489278625043,0.27205018667741726,0.29559010295312454,-0.22912533141471503,-0.16514662140537242,0.0017540133977996272,-0.13599510316448923,0.01498493411121907,0.24363115548748893,-0.1613538672262767,0.23779553491120875,0.1731916972183668,0.10577203736863623,-0.36983435553172594
-0.027710019555903413,0.6760100063519803,0.32076070736931683,0.9999999999999996,0.7964656926858711,0.3934692295436959,-0.18079198143477224,0.6210558514532671,0.17167268356531704,0.023890874883018647,-0.16550406505811957,-0.11974658683984142,-0.46593168263202783,-0.4829082575847518,-0.4523870038141608,0.3364239749147486,-0.4279297938261251,0.27502870431388954,-0.523948926487154,0.22049536716495358,-0.3764975937611917,-0.016936387149864684,-0.02517031096488747,0.022051529792686347,-0.06239489898918708,-0.06266990215413518,0.1904625798512805,-0.1504850825652874,-0.19531863632954005,0.10998768072906306,0.014452086619164037,0.05418809752942747,-0.2338405689011005,0.02523068419964212,0.11954400517845881,0.1854865949191171,0.07244423143954583,-0.07892022514940626,-0.16625008172042033,-0.4073892822307928,-0.1535761031670687,-0.09418742189445654,0.10208364144080692,-0.09182082178852076,0.39195378101284317,0.18023567995250495,0.028166482399310588,0.02407412994347458,0.20542332532699073,-0.17818694351833358,0.31803568870004306,0.5293507206125677,0.47258527645222975,0.809007196074383,0.5255091187126193,0.21177963657302715,0.545131791660769,0.4418179841662462,-0.03315895898376697,-0.24004207296883123,0.1371364654825131,-0.43516320056546903,-0.27482979947638925,-0.5781795904050663,-0.45622145575295675,-0.3824548514967856,0.25091294049794355,-0.3899303772130005,0.00987710836410989,0.2546089471935586,-0.2211865454985765,0.0017506197408206498,-0.07569254306480754,-0.008624089575465706,0.05190209670324922,0.00627246002362809,-0.1320210671717971,0.07993574728374471,0.10150820130348677,0.2690915132683571,0.2423868274130136,0.03678409782783942,0.3728133067917585,0.18804968213213152,0.19676498346181595,0.01732810620203707,0.026655668216558785,0.02680885221842049,0.2235940226588961,-0.03003969459510835,0.0578881895602371,0.034204750553563125,-0.3000780265791925,-0.10296053779092328,0.0783356906246816,-0.021404380721424213,0.16293827375415165,0.05343321114744806,0.20340473807409287,-0.13548475309296415
0.21101701979483034,0.7933486293977937,0.6071561874831274,0.7964656926858711,0.9999999999999998,0.6973831418364876,-0.42334820484460894,0.6876810983483643,0.29593265773828337,0.07352675690195298,-0.21226333311332288,-0.13461050201389113,-0.508360917014698,-0.45861265185936084,-0.5074970621025409,0.3351159298250186,-0.4012117319775317,0.3592937311804374,-0.541270866689934,0.2974441816871668,-0.49804520852231887,0.1161576092227859,0.2375914514044178,-0.0401367402752221,-0.08115954061352908,0.04167236357991151,0.29327946585717,-0.016025223858358327,-0.2073612576166046,0.3446012965149475,0.08069795442373136,0.18999786143948752,-0.19820803262261633,0.13392696312682023,0.06684096789382359,0.2790705671605707,0.1263440658988115,-0.09784740232959933,-0.26607239907659064,-0.42269829591044344,-0.3009576668466042,-0.0018345560214331849,0.016761723225502338,-0.15206110545382884,0.3636132981900306,0.1679813626373825,0.001568788133094182,0.05876300211994397,0.3168522232194512,-0.17283950895129016,0.3569005986988902,0.7224445959234305,0.37175872149779954,0.6683484752117399,0.7486127349466797,0.2749356235514529,0.5535328056152969,0.48820339538753316,-0.07521869527525986,-0.4198597502627067,0.11275822195215399,-0.5282334909995274,-0.1726952169064255,-0.5649911470093134,-0.596221346394287,-0.43043841562859025,0.11379406585559042,-0.5600600706909278,0.2636547143301132,0.3986352442157148,-0.36530794217048773,0.28040408585013926,0.15130663098293767,-0.039314837040601805,-0.06663129128458095,0.09596619752338326,-0.19736862561356064,0.3477457486398379,0.05693468682064537,0.3664892882369664,0.4385347424095645,0.13697000503192042,0.45585253587050023,0.31823576549630894,0.395542085104582,0.21603507717146975,0.14515994189662987,0.26301323593288517,0.3466951783282998,-0.05500684717876269,0.023610299679565686,0.0020235423790920526,-0.2199134851814171,-0.047698401013501326,0.2612866637225936,-0.09371070153732154,0.31115788442085807,0.21781207975837388,0.23652926038678498,-0.1431134327654864
0.3163742807017392,0.6705573837574134,0.8523363917221896,0.3934692295436959,0.6973831418364876,1.0000000000000002,-0.46463357271806033,0.6237936211389946,0.38013748076497866,-0.08289915996133705,-0.2612212350838885,-0.17191088498439067,-0.3832558421701769,-0.47267433195436026,-0.5623498179405738,0.2844644546564751,-0.41795416941492386,0.39219189037110824,-0.6084645671024808,0.28023609356706564,-0.6196720743957453,0.11926722806284236,0.2538087189851449,-0.15326209567286272,-0.09496926172565791,0.14956143658329424,0.2071056223263535,0.10054704041365709,-0.10794173041908509,0.38860581401519734,-0.09660183511915524,0.12320111178945593,-0.1692588752651502,0.1593082712785072,-0.07458543897652807,0.4223007863523821,0.08241341617521118,-0.22757279495884186,-0.34660237137317934,-0.39014279385886824,-0.4030586124497169,0.09912019026242504,-0.15666519759550937,-0.16409716565669294,0.07473397724283944,0.09366873273986123,-0.1396935816719585,-0.0036488800916765094,0.47142166230868215,-0.16521977907599827,0.370667250153144,0.701697523393008,0.22205406639165337,0.40659893549050147,0.7714551611576974,0.5973335988010184,0.48335346863731715,0.47047483615728175,-0.07475010623517934,-0.46596235422708115,-0.06762323008509012,-0.43029444181448007,-0.0995007661700696,-0.5573784033034649,-0.6612387514940236,-0.47201231437288377,0.10060278610470612,-0.5095743846008887,0.3992513526192319,0.44502743966411284,-0.4089677518645799,0.4046554357668609,0.29948535370465723,-0.09804328111368092,-0.14474424908572134,0.19264856220136434,-0.16657004109617726,0.44198923880440166,0.09889038621671926,0.2018791822511677,0.36914788523972125,0.12821306635759452,0.3024364605173063,0.2447238584961041,0.3721379688182465,0.16933504215102801,0.08765985374112335,0.3434916544532376,0.4503371041081052,-0.08322875002360795,-0.0044261089235424,0.05153045860805762,-0.12748151117116838,0.13378954243338043,0.2877049855860848,-0.11811123373664563,0.2969930676482193,0.17693548487692762,0.3319216314122612,-0.17073548829241922
-0.015490052643667363,-0.2928510813989064,-0.34663828987925904,-0.18079198143477224,-0.42334820484460894,-0.46463357271806033,1.0000000000000004,-0.1256024567324808,0.20967157967196898,0.03322913783433613,0.2034845510188281,-0.09035866157557111,0.35084285318616093,0.39377780890379543,0.5125253466443839,0.14778951053546108,0.1718274438956514,-0.026286392590758927,0.4817572071715362,0.018211337727263792,0.523678929231019,-0.14003019717290047,-0.2355864958397735,-0.1864815241582071,0.039692855885391974,-0.35765907395709007,-0.2885053458656963,-0.2462512367951528,0.297242371513252,-0.4954269168329443,-0.1250053884802638,-0.04329094749980515,0.2514610032952751,-0.25596550309974253,-0.2700258053938896,-0.12713241174525933,-0.07324452044763508,0.11337272941449733,0.16767876687640965,0.3176325674549207,0.2884148828717495,-0.13091703952503664,-0.23780694144213102,0.26644352112524317,-0.08969078553769481,-0.18926579493444884,-0.19273105220600936,-0.09791543265139548,0.08075423213259461,0.417806624386102,0.07788283710379496,-0.31147041412679943,0.2565423690938823,-0.0678051741571757,-0.3014445119948635,0.10584068453684561,0.05895132494840495,0.10802535803454823,-0.07073259152092147,0.37840933620263817,-0.10920778452024224,0.40877076760266057,0.06706236773785244,0.396006292751823,0.5328508780162032,0.4239030353640302,0.45250577712626233,0.43523225074269506,-0.4530253892252355,-0.11808505468777783,0.5080529503307996,-0.48102743019893174,-0.21609160011173487,0.1923104631479043,0.010437660551577221,-0.428031651636382,0.35650024988513646,-0.5984111072939864,-0.08224732860952547,-0.3356246783634665,-0.7075865555561935,-0.21825621423753494,-0.3077152819520965,-0.45466316987078736,-0.40897864683867,-0.39394330257753774,-0.0498460339944249,-0.3345839876024768,-0.02971351728016124,0.07814777025292112,-0.12698332657654904,-0.016586003231511878,-0.07738689738165251,-0.16219797810387038,-0.5714672036929522,0.3112662549777629,-0.3271620651778144,-0.013039196756254397,0.24521188661759047,0.3758719907953868
0.1696604292247555,0.8394833403856973,0.7453378860490462,0.6210558514532671,0.6876810983483643,0.6237936211389946,-0.1256024567324808,1.0000000000000004,0.6174817425271784,-0.14313309004325836,-0.2967394951559396,-0.32830193119319656,-0.39506568709550216,-0.3878962631255559,-0.3919478184839834,0.6239802890945545,-0.4051196064665783,0.6656272449021531,-0.45404210639407805,0.38705902717469964,-0.39853093759045816,0.12116925010080509,0.10220293060429364,-0.12385810010312094,-0.0448931881901876,-0.013340738479744547,0.13002516153652308,-0.22294180495633598,-0.161840015843897,0.13254140047041438,-0.12349449330785431,0.15137693328481644,-0.06630791508599912,0.18125514955864933,0.022908768403558027,0.22506183385954595,-0.16082932647913872,-0.3743602699885708,-0.583114018172648,-0.5006941007737064,-0.4906060045452761,-0.14100490367510526,-0.14426351457593423,-0.30823246152606526,0.1221817550460513,-0.10802876736814856,-0.23139752619165066,-0.2339140520126643,0.1204982152105666,-0.3195403424913138,0.46850851138940103,0.7469411254252555,0.6490259078824843,0.5166932828307641,0.7236432072380654,0.4023263123317799,0.8805533155472585,0.630111833305475,-0.1931932194034831,-0.42336912908753005,-0.14760511978711435,-0.3394878642383541,-0.11695983199585529,-0.4721797468512375,-0.3835727882811713,-0.3330096297503129,0.5219533597292328,-0.3951360704700981,0.17133023257051622,0.6285659197472685,-0.11598875200524111,0.27429511810124624,0.17025016859263284,-0.12037035997806077,-0.059873492210734146,-0.00783728096468273,-0.06589934881395434,0.16443184557044016,0.002968866276143976,0.20504456725018227,0.22729170326697945,-0.22406205389972333,0.24762472934858862,0.3156783523788669,0.2641928146378026,-0.07961004975068442,-0.1806928446761056,0.03397777600266784,0.32298592343027804,-0.24674533580566496,-0.254063938052146,-0.03625025618992268,-0.3918570975547506,-0.2271787461908219,0.01616751770875585,-0.1598314443518207,0.05024967550391618,0.0026343480670984287,0.1305807467795108,-0.3355106416446312
0.03425733307065946,0.38066118414394146,0.44589238012059534,0.17167268356531704,0.29593265773828337,0.38013748076497866,0.20967157967196898,0.6174817425271784,1.0000000000000002,-0.1299608169667868,-0.08999017352123148,-0.11467399342220491,0.11532864945007001,0.13315881153801323,0.05710230298224046,0.25189130389293657,-0.10720601867585176,0.31797837189642447,0.09987964435318462,0.16596028301795568,-0.029908111994073377,-0.16449099281764867,-0.08927667551703283,-0.2303263019517775,0.024492033696305107,-0.011264712359647794,-0.3128066177736032,-0.13794580753450617,-0.04468736066312071,-0.104476010323846,-0.10326917358140418,0.19283317202646194,-0.10001859975168997,-0.026141458853490302,-0.34760451066071113,0.2883442128368031,-0.05928538558700071,-0.1526093660151136,-0.28448565330781145,-0.1795999586897363,-0.29503801838697,-0.12345621173249778,-0.333137672399973,-0.07443565978983116,-0.2262232919429611,-0.42769785170019564,-0.362272284785258,-0.30969425004498397,0.14444562242962575,0.07632767504131283,0.26708198655391885,0.33195757920687446,0.4638088918511411,0.1798920115581725,0.4774075781259511,0.5887324803358278,0.5489053617479767,0.7982285065314388,-0.13491852940476218,-0.06161615486865627,0.04598426156129446,0.14413948658556486,0.18515017528795563,0.07331521777900264,0.14136472138233874,0.05477921169665656,0.5278163003899525,0.11955222192091651,0.12551965052920092,0.3680152535418117,0.24198638316682894,0.12905843576283704,0.15950739056823462,0.14646751079762452,0.003595312250625235,0.029631464245610615,0.12884206670871123,-0.034933813363094694,-0.027594532427325354,0.07923580324910788,-0.13789843425692233,-0.16536985100494878,-0.07383254409086598,-0.10866233126436128,-0.13318752714563603,-0.13589917689814116,-0.03347150846612851,0.052813665514825706,0.4037031527338572,-0.07582060136793713,-0.23268688735479973,0.21074375193597003,-0.14538214396957144,0.02679842839177385,-0.06224727055242209,0.07430961335064372,-0.2744298043054947,-0.12378436431625299,0.2045982905843712,0.08767759284365582
0.26576600772959336,-0.07642063494681703,-0.04422414921454438,0.023890874883018647,0.07352675690195298,-0.08289915996133705,0.03322913783433613,-0.14313309004325836,-0.1299608169667868,0.9999999999999998,0.6631973547606465,0.46452439092273384,0.18443138192220904,0.10470397521513536,0.1520657991911659,-0.05019532103708949,0.3422949442230996,-0.20503375762060339,0.24603225033179627,0.007720822994269149,0.16923589111883203,0.0947236784312536,0.10863203363861686,0.3963866049799426,0.4669110816462012,0.15473065398887,0.18650197442149616,0.3120792200161102,0.20150762758695479,0.14429136504336737,-0.13080277808063942,0.17421812857446337,-0.04364550229593585,-0.17552486848287308,0.06019919604646543,-0.06217423037169861,0.11870880872925585,0.4169588210311866,0.3441419088387431,0.41472459615605717,0.09605962038922865,0.14785803987641827,0.20215616164368974,0.11967255936931673,0.013487892464569152,0.17160309474681676,-0.00948654073113591,0.015920096318245543,0.15184065835352095,0.06425140358077171,-0.07308090097542617,-0.036434054176677486,-0.3053855060941112,0.04031019557352921,0.05984664571719031,-0.08456390890692395,-0.1813614690209362,-0.06971958335814983,0.7026561031251405,0.5128765464076593,0.5203319710708185,0.01938311791103033,0.007915308237413191,0.07725572551738427,0.08445280309510635,0.061432345954065305,-0.16039825702260468,0.05084739517735765,-0.17424214102197158,-0.2442776390113103,-0.007700227232923438,-0.05348948380881245,-0.12999997526063772,0.38937201406345273,0.3922585697120708,0.3392059834492295,0.3344783859891433,0.10086202724348575,-0.36008820755356,-0.16264945088118254,0.1210118578993715,0.13061880436440712,0.1153369183221461,0.19649145310052588,0.16874188445314325,0.16430286715273865,0.17383029069078798,0.2770326339570285,-0.07873493924653811,0.15656145128398777,-0.034057076859638664,0.20498555586982858,0.3321029654394556,-0.05844262707043771,0.24777771364727655,0.018602466819492947,0.17412378892856875,0.23402515781806715,0.09290469470924183,0.11215063205769696
0.27596732850919165,-0.25051923299367984,-0.21067276740496882,-0.16550406505811957,-0.21226333311332288,-0.2612212350838885,0.2034845510188281,-0.2967394951559396,-0.08999017352123148,0.6631973547606465,1.0000000000000004,0.6186838177460846,0.45118304306293333,0.45749553355151734,0.5297482749118242,-0.007174790598657025,0.5581728186116531,-0.16508132142387186,0.512538783811996,-0.062268954460468824,0.4276379917520094,0.26158952534841257,0.18164350721130626,0.32681676089138895,0.3666881685996032,0.22726044950402288,0.02866379684957497,0.3556823423435614,0.24186762950995447,0.11225736683117118,-0.17713650840135065,0.004217951457755334,-0.1353939864503999,-0.13545309415835172,0.06304204558735951,-0.11007975862578911,0.006877740898603492,0.2785605797426964,0.2777755695677587,0.3814539433212978,0.15831666451283216,0.17011829674062898,0.1354510846021039,0.2822935659293214,-0.14282776147493287,-0.00993786947117873,-0.11461944933930068,0.007662680893845666,0.05345049633219257,0.11209521918093977,0.09343382388217714,-0.09460107247717008,-0.19229517432732338,-0.046642044912756475,-0.15478199961172065,-0.12274394200076362,-0.1749016472961366,-0.1989273574992501,0.5603352713449194,0.6034499054205731,0.41186106449525517,0.3817320283902646,0.055054306795680866,0.3259935842039446,0.3081065075453303,0.4190360167254615,-0.1257818637966641,0.3503595515586466,-0.2541262117939103,-0.2616530248424436,0.18758962486597833,-0.08124461105665755,-0.06769029278468022,0.15879956276242513,0.3941035381393971,0.21531525375763136,0.4644084319271576,0.07158384528514462,-0.08483323015047968,-0.2395034532421194,-0.2002874305609308,-0.14074530366201,-0.13426617320401113,-0.14418585270242174,-0.17144572360513274,-0.20694596842291135,-0.012158117441587733,0.04282121882781637,-0.1292753312293935,0.0025687823078867,-0.08271614473464989,0.12689280929334765,0.15894253559101967,-0.04897475696898928,-0.05847391961567447,0.1916157027950201,-0.1832949434416182,-0.032160882099018046,0.051313224221229886,0.14124154159851487
-0.11628025371727282,-0.1849756146169165,-0.16534263849403466,-0.11974658683984142,-0.13461050201389113,-0.17191088498439067,-0.09035866157557111,-0.32830193119319656,-0.11467399342220491,0.46452439092273384,0.6186838177460846,1.0,0.44707846878844193,0.315528574260544,0.278727184816871,-0.2575107086736814,0.5976377333701995,-0.35120607992412317,0.2733955362251315,-0.3718684816314791,0.1398259055613013,0.07959761952018653,0.10270910181551621,0.5019491603569444,0.35110540895583814,0.6266564170492525,-0.01756054256418665,0.4500070416514665,-0.006820827669281805,0.3077919815214965,-0.0673128855916573,-0.05263691261085033,-0.3721187565637812,-0.2815280417648607,-0.016193321731635804,-0.20469745282088941,-0.1658128093833065,0.08757528563667136,0.1898691955993783,0.40240239126272825,-0.16636474728639686,0.15249826468564082,0.07630250421106695,0.021782242233901315,-0.29154707901262505,-0.22049334919898964,-0.16436792088487526,-0.19810475151486762,-0.2675030052371204,-0.22030153524514764,-0.04417533260326943,-0.09703265515292721,-0.3338165767882421,-0.053874877039727806,-0.17084591287932752,-0.12862076943783715,-0.28510782132567225,-0.21035094484004976,0.4790135537245791,0.5759785544153415,0.6155676581336904,0.2776744333425816,0.2263939442157153,0.17567517723204254,0.14890420786961095,0.15025032586841564,-0.37691253725944524,0.4070574150278222,-0.1518053606949465,-0.4604516667736768,-0.04473898602639233,0.10664234733442746,0.19776483822881624,0.05104767179933338,0.6262336983265474,0.6069005180786562,0.17794985075338532,0.3989140365109848,-0.11305777850304324,-0.08271529590945417,0.07052180001357995,-0.29223544518788624,-0.34711085213964865,-0.18332264106191756,-0.060202185611795384,-0.24464646590846403,-0.1868578040157399,0.012211461330764681,-0.25015215634445714,-0.23721626930123396,-0.27387471057307433,0.2434734363629071,0.27331521607364856,0.2079031673722411,0.08880796914480504,-0.07763477122508058,-0.2785393092598108,-0.2551234692506544,-0.2690662420772385,-0.15586420862998612
-0.052206650253305016,-0.35334962029358746,-0.2733302804940265,-0.46593168263202783,-0.508360917014698,-0.3832558421701769,0.35084285318616093,-0.39506568709550216,0.11532864945007001,0.18443138192220904,0.45118304306293333,0.44707846878844193,1.0,0.7938442783305998,0.7340493278614385,-0.13415061364221992,0.5722582516292334,-0.23775454844015811,0.5950807691971731,-0.26951326962055344,0.3903555898335342,0.11512823433205586,0.053464444354619306,0.08333510989139441,0.03280945822468176,0.1552728551463582,-0.28814755681353826,0.03748676883293894,-0.01019165253462173,-0.05916078608244444,-0.17942002210288335,-0.18102316335560548,-0.005507173724853686,-0.16749172079925362,-0.060823264259602376,-0.14712504939499677,-0.26033953241117364,0.004515678662499326,0.19322795169257992,0.47628106759476835,0.06373079562735862,0.0060105694472368945,-0.16072180257351232,0.11180788449354824,-0.343376587750978,-0.3683287710413089,-0.12697575838083316,-0.10610098005493106,-0.1671946302810325,0.031014077189582576,-0.12245762799355911,-0.3203846294467247,-0.1063269299891009,-0.3655055394674191,-0.376613699840339,-0.03485265434049486,-0.2495841170223108,-0.1604973187600563,0.23684408351652192,0.5948330414065334,0.45907169040532597,0.8940104701332688,0.6194723681974325,0.7083225414802232,0.6293761839478836,0.7055059855876559,0.041143178965398756,0.6903887721243293,-0.05382221375863376,-0.19819665778526993,0.3239738825646551,0.05895126577439515,0.17429004848687366,0.3075418446132962,0.3457113300615499,0.029253465301506826,0.26221160338895855,-0.03532629124364043,0.04265605518129299,-0.17768513741667474,-0.36189925822712177,-0.12753817106042065,-0.3194127289065227,-0.2321895790682613,-0.3671303234515033,-0.18418868479829822,-0.22103264968300984,-0.2287065785506416,-0.15792033958725596,0.04171794494868154,-0.16194108941056307,0.13386965439005694,0.2966769582315508,0.1034292448873299,-0.1508357849967379,0.1150924208253139,-0.42143121122467375,-0.19224609078298918,-0.08520403370321067,0.0923651359450522
-0.01666686470841013,-0.3424625205387008,-0.3642388379488079,-0.4829082575847518,-0.45861265185936084,-0.47267433195436026,0.39377780890379543,-0.3878962631255559,0.13315881153801323,0.10470397521513536,0.45749553355151734,0.315528574260544,0.7938442783305998,1.0,0.8504182250151624,-0.035647066677299076,0.6065667150214906,-0.06817657072923902,0.8221714721111877,-0.09853716603583043,0.6849557715856214,0.16457719884631944,0.15779349011414112,-0.0186716936348983,-0.03951647827983638,0.006875962662606185,-0.24171457659694348,-0.028689563144501815,0.0569646534455644,-0.07020794204958773,-0.10648348979866443,-0.13236917953319371,0.07128162476170032,-0.08299720791562157,-0.006480254664413729,-0.1607133820745035,-0.14445219898010786,0.027129554824488956,0.11242248965200714,0.34003047342199955,0.113478944178792,-0.1281259333276328,-0.16547204571832566,0.0236531275737952,-0.2759900875745898,-0.35062028653008376,-0.06767808738018198,-0.12355512554676125,-0.2763315656101801,0.1132151426202526,-0.17985130292760917,-0.2902467262293471,-0.015031771243291142,-0.3774429554877373,-0.36732535019039986,-0.15210290036794394,-0.2187018209195851,-0.16741695804060616,0.07042159463124822,0.4598923079271412,0.2861603501316757,0.7094308046074812,0.5432759186020917,0.8537045587873676,0.730142834183918,0.8350355935388766,0.014766795633103387,0.670783362429578,-0.07334017325819558,-0.0703161583980109,0.5220494879214855,-0.019627238351784114,0.1725925997328651,0.11022118697722745,0.18960209971626305,-0.12677276826504505,0.2761528074344355,-0.09741504264477456,0.0721585927646286,-0.31929183121658905,-0.4084838530203456,-0.21790006842971646,-0.2546518679937804,-0.2631198032638381,-0.3777784888272331,-0.20676258317035004,-0.1086927951670583,-0.30190986748035165,-0.14854800897221832,-0.08784919072977963,-0.19115154122397146,-0.11471202521378912,0.14843541756441758,-0.04541695372095015,-0.283237324469514,-0.021048473574782362,-0.42340216072572345,-0.2365438717591615,-0.17459010820694282,0.17027835464022412
0.06817232958599648,-0.4278059946967531,-0.4308822460094246,-0.4523870038141608,-0.5074970621025409,-0.5623498179405738,0.5125253466443839,-0.3919478184839834,0.05710230298224046,0.1520657991911659,0.5297482749118242,0.278727184816871,0.7340493278614385,0.8504182250151624,1.0000000000000004,-0.023497591266606298,0.5424661257792547,-0.1304068323451356,0.7767878526695244,0.00031433516728829406,0.7548363661541887,0.08653152373777612,0.024537709942909568,0.09596965192825031,-0.020425605975871453,-0.1282447964222339,-0.1787422737266986,0.021882476057427075,0.3220451867732238,-0.24635119297832747,-0.22134510478638336,-0.1911878741870029,0.11457935291912602,-0.16689047973469762,-0.04385975187692744,-0.2543833443508986,-0.13411364859009786,0.09219582165135902,0.17923833186637156,0.36248508896914,0.22263677149376543,-0.14857363657309158,-0.13219213143930633,0.16575576758849114,-0.15245955903592598,-0.20681961261450088,-0.09297801894878771,-0.02127548295101052,-0.195583006737574,0.24938656621473484,-0.07728489150320522,-0.32093961504663376,0.0554355791004094,-0.30160226972942394,-0.3946663094427109,-0.13346222040628247,-0.18492681634866515,-0.1664836125292749,0.22372040784291472,0.5149924697979773,0.18107125965992876,0.7290083598158921,0.299643418724377,0.7473690892108761,0.7762840631586703,0.9400517309799035,0.18812582767423502,0.5898905352305902,-0.260956084262565,-0.17063627444990845,0.6543536300742656,-0.2653370593152504,0.033242899260805654,0.1903388430157081,0.1922054114490764,-0.2280360735082667,0.5562860933353301,-0.19547763075848562,0.05200027256393553,-0.3241345653764411,-0.436255358188719,-0.23241319514491318,-0.22161335218617992,-0.3270347542421585,-0.37888939792332604,-0.38947750198640885,-0.11238279892267368,-0.31641107441495225,-0.20825739405132307,0.03269418059915881,-0.20146981852267473,-0.13907910978198632,0.13931648290769494,-0.1839436403542225,-0.4466363264772328,0.12166647084577326,-0.3672657330336199,-0.06335906730875177,-0.06087700746210962,0.2834686411430959
0.496893687385665,0.5892442820045009,0.4517698063304896,0.3364239749147486,0.3351159298250186,0.2844644546564751,0.14778951053546108,0.6239802890945545,0.25189130389293657,-0.05019532103708949,-0.007174790598657025,-0.2575107086736814,-0.13415061364221992,-0.035647066677299076,-0.023497591266606298,0.9999999999999998,0.05046216933697707,0.8310139386189844,-0.14815389332635664,0.5174091145460423,-0.07232156467748876,0.5873892750993537,0.4040519418643196,0.0384723109851916,0.060735550454842864,-0.08174937319206768,0.3688966915058203,-0.16015572063047187,0.06231254967721794,0.14220332740028283,-0.12303248674268306,0.1272750743968567,0.10177926922084489,0.4875838628434078,0.2913257030044513,0.16164038332440295,-0.10388916654172461,-0.24802392109707871,-0.513140497296924,-0.24621533892662106,-0.22067404330214233,-0.031210475962660595,-0.15149003314312104,-0.22880444725844343,0.2702233152365276,0.024395207094786046,-0.12030743973671343,-0.09876076718749527,0.13165014012221748,-0.23965586064440095,0.5200758923258585,0.6720007137487101,0.5921651237723409,0.3973338410352915,0.4247818961030147,0.15949452243154477,0.7397888851058939,0.2226461836648963,-0.19353654366008063,-0.321738456414502,-0.18472421104506478,-0.1170960088425714,-0.004937224216914687,-0.28983275737064174,-0.2711006291836818,0.021007029821466613,0.5537492361967987,-0.2711461191331149,0.2811714722489239,0.7591834560794377,0.013850215337470113,0.2686078272722142,0.1248083909859917,-0.17947222625772546,-0.014626037802249397,-0.2296526312665446,0.18814404255486167,-0.008966089313569892,0.10957934620587124,0.08584409124796295,0.11909634068909333,-0.19285009464443748,0.17984947309236668,0.1871649089574673,0.12188123734817001,-0.18275959187920443,-0.14934445135945823,-0.1901264049420166,0.2812800050901867,-0.1865906226312085,-0.2847044317165049,-0.1818185098124079,-0.4704192493363739,-0.3995701164596622,-0.2755988000052433,-0.17667674796757307,-0.045368112695878114,0.03506470334665357,0.16372207797432378,-0.25680885824099636
0.02246197556923096,-0.38221303849518273,-0.23923741343110683,-0.4279297938261251,-0.4012117319775317,-0.41795416941492386,0.1718274438956514,-0.4051196064665783,-0.10720601867585176,0.3422949442230996,0.5581728186116531,0.5976377333701995,0.5722582516292334,0.6065667150214906,0.5424661257792547,0.05046216933697707,1.0000000000000002,-0.03805096707716639,0.6450932082583635,-0.09022375610428146,0.5221647405316352,0.42198575976673863,0.2922615645320985,0.5651291011999352,0.39251317728847473,0.405576128865442,0.10343871473917622,0.2643083103511607,0.19593919064484494,0.1546692458943287,-0.1563788979724899,-0.03965899249178251,-0.15185620411708625,-0.025045881844884536,0.13023353095818385,-0.318229701774346,-0.22937699645953055,0.032845086930454466,0.0028205186431246986,0.47344177878627985,-0.11088297648673377,0.03338202080403304,-0.10216198330952309,-0.1452652573485432,-0.24020672354153377,-0.29004650355441464,-0.2414968172053792,-0.22056446004568614,-0.3354474543604398,-0.17941934130894316,-0.2413235377956714,-0.188696624353317,-0.2955673706689287,-0.3709704442175678,-0.37604919843652596,-0.34232028918496615,-0.27575750935084986,-0.3532460065510649,0.14684969919574484,0.3095039100128717,0.22921847428217412,0.4171409346607882,0.28517274319814856,0.43198096607618225,0.336759271377386,0.4380640554808438,-0.07907957506616715,0.5443874956507861,0.05164672169417653,-0.15778121401372938,0.2988470066321488,0.18720485013214883,0.24230943786280246,0.03481162911748215,0.5951387629544004,0.27198334128352925,0.41317347149503425,0.0898532087725126,-0.1814432818536831,-0.30475634098417215,0.08659169576269608,-0.3393270462530594,-0.2939140205914777,-0.1017129375997522,-0.07457133698784625,-0.29850015636826427,-0.2363054404291874,-0.21590729972577433,-0.3586557044777413,-0.24537326915404534,-0.4551652980921968,-0.11925678785000784,0.06819859287096504,-0.13039457878232824,-0.18498177092562706,-0.196450276054597,-0.3735090722878381,-0.23477330781658046,-0.34625399214850056,-0.14823200382012258
0.3379491186668245,0.5419702236836312,0.5542361684093969,0.27502870431388954,0.3592937311804374,0.39219189037110824,-0.026286392590758927,0.6656272449021531,0.31797837189642447,-0.20503375762060339,-0.16508132142387186,-0.35120607992412317,-0.23775454844015811,-0.06817657072923902,-0.1304068323451356,0.8310139386189844,-0.03805096707716639,0.9999999999999992,-0.20926003739877502,0.6662064218093487,-0.05996654381181285,0.5849210063503438,0.47037567074666925,-0.04778881978215443,-0.11209493271552516,-0.03379780358628279,0.3873475493046768,-0.16572767186893417,0.04557517165573292,0.1376110671421946,-0.18686469185792126,0.04511244707842679,0.04598650957120203,0.6811936723801932,0.3900237103019065,0.33213685932058507,-0.09615526946204889,-0.4308383959693956,-0.6531091607480431,-0.3573994420701607,-0.22581551582219955,-0.23406359566019969,-0.09456031081658055,-0.3984215907197582,0.22363004437175354,0.0009645196479314461,-0.0658637403860225,-0.0212590870994571,0.0497310838851815,-0.2585427952042577,0.385432708641918,0.6549255767121099,0.5432669467920292,0.2828474694175707,0.3877256368469063,0.055080443543395974,0.7438938940474586,0.19835813249031514,-0.2814303023355363,-0.5450012799783986,-0.2985468840482146,-0.2519865964829481,-0.07709914971452954,-0.2529168154226849,-0.2936822472609018,-0.06251320975387374,0.45655060760974214,-0.3630580530497924,0.3792226155560095,0.9016068836863086,0.07128782101838747,0.3287528770885996,0.29483297258130575,-0.3500573767479769,-0.2245180488753817,-0.22149140662484637,0.10129656056847441,0.031493968896223135,0.08102382452831784,-0.0792484056462333,0.22130124417837468,-0.18469355741358645,0.23753129359571581,0.27833331545854006,0.1898400530416487,-0.04744408424184732,-0.16480296403883896,-0.15968462494828267,0.36377781772291307,-0.29034142911465877,-0.26529262225977907,-0.3381333025493241,-0.5813621136658996,-0.3950331765069571,-0.22653019652774806,-0.2869555189326592,0.010705370496617819,0.08022295189643178,0.030774217608591354,-0.32425761093740957
-0.045651052283821734,-0.5045257970426666,-0.46227742964978136,-0.523948926487154,-0.541270866689934,-0.6084645671024808,0.4817572071715362,-0.45404210639407805,0.09987964435318462,0.24603225033179627,0.512538783811996,0.2733955362251315,0.5950807691971731,0.8221714721111877,0.7767878526695244,-0.14815389332635664,0.6450932082583635,-0.20926003739877502,1.0,-0.1842542660990773,0.8408062303440105,-0.020746843014293595,-0.062294224718741346,0.028914760299405196,0.10316634853785828,-0.04132409192393965,-0.2765345843528458,-0.005892731184760729,0.17840155692864051,-0.27724041329649424,-0.13657330962559433,0.09447654280518222,0.10140094440330456,-0.24256419751802558,-0.07781073947269786,-0.30453613823386827,-0.10455387756617118,0.2500562929527802,0.2717706446472061,0.4053566390863261,0.1770307602761259,-0.08237448456387886,-0.09227568661730944,0.1261959057547174,-0.30901314769538063,-0.2881353743883229,-0.09514355076386741,-0.17318081234226534,-0.20241527819785984,0.28881752044215886,-0.279258501871647,-0.47174926265251066,-0.1196912611505044,-0.41505688064207313,-0.46891741572859313,-0.21015616661312714,-0.3383212031236473,-0.2145321516705386,0.1569054087115436,0.48475767355636595,0.14821274005386592,0.5341917429211854,0.2357581895118803,0.8151338640777053,0.772305419989953,0.689520233448607,0.04858081092114201,0.7379637341087377,-0.1598134591215629,-0.22964104084926867,0.6043252681520724,-0.19435614493688536,-0.02437671991704996,0.22466742552058733,0.19159735607977163,-0.11326656702228584,0.3747729661957061,-0.3221604984573304,-0.1262711364263849,-0.33465195161578354,-0.41850667381728335,-0.19763729411188602,-0.2754757010429075,-0.22358610124099132,-0.29530797257139424,-0.21988852487154079,-0.05426263919992247,-0.20214771354291314,-0.27562384217312863,-0.02129043730210473,-0.14434507095411256,-0.01428781574615804,0.24586883624700254,-0.057585188148010245,-0.2754755800836777,0.03973730053546892,-0.3735964009347078,-0.20647984641661568,-0.12511746043844332,0.31977501765302296
