0,1,2,3,4,5,6,7,8,9,10,11,12,13,14,15,16,17,18,19,20,21,22,23,24,25,26,27,28,29,30,31,32,33,34,35,36,37,38,39,40,41,42,43,44,45,46,47,48,49,50,51,52,53,54,55,56,57,58,59,60,61,62,63,64,65,66,67,68,69,70,71,72,73,74,75,76,77,78,79,80,81,82,83,84,85,86,87,88,89,90,91,92,93,94,95,96,97,98,99
1.0000000000000002,0.5755675689556335,-0.13379793914079058,0.37441507223868525,0.15352820277556548,0.23171361803534413,0.27782035788248505,0.05127305907306624,-0.062265244459906076,-0.09615027386282073,-0.1465345186228376,0.007760331776215892,-0.07884280798412965,-0.04867400259318899,0.009854273282507136,0.7835723856762093,0.027577688159146845,0.4338327909326438,0.04171062579715953,0.021788283184164387,-0.16530803998498744,0.04586107188742965,-0.0030608746156170004,-0.19805463600907341,-0.10802489355441915,-0.06608421431085554,-0.12046277259939403,-0.07130219442957994,-0.23030112606523565,-0.13016269540308575,0.12838279039434977,0.7294353315661889,0.7301972220212571,-0.26520744036721794,0.021151351064733186,-0.10800410081869583,-0.10408506589100172,0.6506990831635344,0.03223943716941342,-0.01425878191997446,-0.10467983007991381,-0.13320202486721744,0.12533597706299082,-0.0566641465682144,-0.057843445383055504,-0.0011291858548878244,-0.010956489958751424,-0.09248067053133698,0.27370509769788937,-0.18293209811462774,0.87605775209644,0.46006330206370255,0.7244156245356093,0.35695351862805375,0.14891555555667718,-0.15643100363716814,0.2656967399835286,-0.12366668343568832,0.007032716284892198,-0.030483170316919453,0.06591347187901982,0.004317029238463207,0.05441738914612034,-0.004917730143741799,0.08829895907947097,0.04926062899135254,0.041182016563345115,0.2962431622101779,0.05272235529665192,0.35978122139171814,0.2348103931575626,0.16267757207830197,0.17803022478138203,-0.06608155228530904,0.0731768599123844,-0.13621288233466658,-0.159735482926288,0.058527423293553454,0.30264551217932273,0.803513031342866,-0.08438388341069793,-0.0041677680400593956,-0.0010686778666589962,0.11260538992653922,-0.09085560643833435,-0.0041294098442602265,-0.06241556471301391,-0.019418838086931102,-0.1617922929726795,-0.2116395324344415,0.5119998456190288,0.38353005475847485,0.05392878130165993,-0.015609672022593985,0.07036383339952047,-0.016144890998717132,0.08156559180080336,0.027101111272762234,0.19713031875745615,-0.12512510207153138
0.5755675689556335,0.9999999999999997,0.1632208972788745,0.8123522637794659,0.5152815582047093,0.021632302831710814,0.16841951515058642,0.35880240737643654,-0.08486648002529057,0.1493735955686906,-0.1359453093355111,0.04025981682158515,-0.1499142732233831,-0.05690166444454984,-0.07132963292545182,0.6779405341481088,-0.07626887887336907,0.3502318712690658,0.11937245600991431,-0.018930029808533345,-0.10524247487918675,0.05947101943684231,-0.13960566084412582,-0.06775112074810888,0.038277403369926674,0.03552624453052806,-0.04750079719263117,-0.22163714510801438,-0.14648039009026678,-0.09546437605003623,0.13753935904480294,0.3845597818481819,0.5209245761481704,-0.17812377802464405,-0.1926261677564796,-0.1335853324700121,-0.16673964797005525,0.4651615013313266,0.2645078234951782,0.20826621197098988,-0.07081362016475362,-0.04829297218618391,0.19394950336158004,-0.013295934152840305,-0.11530394403605695,-0.03251723075852595,-0.11748960928901094,-0.24806568194012815,-0.015849637500114866,-0.16918008257098296,0.42618154656488494,0.7277667762471305,0.613711479315229,0.6837850897931308,0.03641302825370659,-0.18316459850822667,0.49082171337892044,-0.005461543862276036,0.17197142496603832,0.003829763898259936,0.15186459027884225,-0.1061719751150645,-0.004944600294895948,-0.03990406484862782,0.1412244567501033,-0.045653390434293756,0.025423588039114993,0.1574769890517476,0.1768891841701448,0.25021935270726714,0.09268677039103468,0.27282833447373067,-0.19556217118932537,0.13097853625026945,0.1557103770235601,0.0035455633992408785,-0.19749930225884585,-0.024784072822028033,0.16120270052757843,0.4493485096304243,0.006295467730233921,-0.04945711774968579,-0.04732458625043383,0.03395894923099924,-0.00785502479161927,-0.0600433855342958,-0.07478659308589738,-0.07905409064432228,-0.1297062204719524,-0.06126620983477762,0.23903784870910633,0.2686758065201074,0.270250485991137,-0.08373799755938371,0.1455800940630623,-0.02159984125809043,-0.014153718747874107,-0.18177673065546057,-0.0026271632896631646,-0.12364229276530071
-0.13379793914079058,0.1632208972788745,1.0000000000000002,0.09843605248700146,0.2896362543625149,0.39766585354022543,0.07285713293045747,0.5111878135734313,0.4422777494030694,0.419224562185129,0.3769376441472781,0.23399296040282394,0.1661917696120921,0.1618054467956445,0.311763412209644,-0.19472779204924137,0.03863931626513281,-0.17881005311785683,0.378729189092949,0.15103882929641393,0.3393848998117371,-0.05723377083966814,0.08413097667765668,-0.1354431688585959,0.3473142043751485,0.19765769041434508,0.03449455344758595,0.22850256052684886,0.32342597284046587,0.16549008587523262,0.24797715317392569,-0.30379385450763613,-0.18292136539432885,0.02032703572451712,-0.19977334488570986,0.28761684379239455,0.20255374689252703,0.019570974682140096,0.07345130610864202,0.24446147536441334,-0.07068908394599459,0.18739018602489735,-0.03021364481636996,0.12586411807440673,0.08412991548041737,0.15403116819782095,-0.11096061553315456,0.0876064466401176,0.07621974661283586,0.2409269593102237,-0.26768591875311415,0.5489380805883589,-0.08179613228932127,0.2770807863282994,0.5533789288733885,0.5763415884319353,0.3303140194641465,0.5083700643916619,0.3758640887293078,0.19506628838883086,0.13928396577936913,0.06079309730296858,0.06408670643078883,-0.010533236351657402,0.23421540257765228,0.34474587354205666,0.3359243024699847,-0.10736551698751579,0.1272327550465632,-0.15453733764882943,0.038551090424923565,0.1437721615148905,-0.04563293209737047,0.3413392795555397,0.02124955840347931,0.0641231910723219,0.23809782732219278,0.3161704447607105,-0.016300049775475202,-0.21923204134778507,0.055216826017971336,0.07028083777181697,0.20584368331101846,-0.027147964149383905,0.018396662202713403,0.0860491291095112,0.38249038994894996,0.3048558676132094,0.38268788959087924,0.27925448832872646,0.08504277521625409,0.25028634355083135,0.2781639653382758,0.17453630537195142,0.10244244990873622,0.21106066374516547,0.1971798591275196,0.07920511808238857,0.020086728192011787,0.3934978993040767
0.37441507223868525,0.8123522637794659,0.09843605248700146,0.9999999999999998,0.3268639566606249,-0.19664805701644916,0.2540943800707202,0.38403372344142866,-0.21747452482061935,0.25088416838128685,-0.0076557050165334175,0.18306316787319363,-0.053221476717890036,0.05094400479351515,0.06046522716232028,0.6008639102593668,-0.03421263308175191,0.36801515554403874,0.1290322866611163,-0.14960507811335533,-0.0414036681825287,0.09580511211012206,-0.13051772467807293,-0.016457999624086082,0.15442109728989709,0.07536508324874133,-0.20767622924060472,-0.2724995377230663,-0.07505717262397577,-0.09816533155124459,0.1251243426651658,0.2677994042870884,0.3680160076057154,-0.09815885711248962,-0.2690290515299142,-0.2370812565979102,-0.28617379174450486,0.3309726408252194,0.21378818452372614,0.24306501534834568,-0.14660483606918737,0.047253167360640703,0.003737293660601653,-0.1862431270652299,-0.2738873581373784,-0.2468178368138345,-0.26353619844507814,-0.388579550235299,-0.21975321030408004,-0.25292047220131575,0.22980584805133195,0.5237320463639876,0.532334667520366,0.5350192732746473,-0.27180073015313205,-0.16476215407988956,0.5109305057365292,-0.09684436104377057,0.22659654002256963,0.16311942215508196,0.2539770577725127,-0.04586751398184397,-0.013524682844988029,0.058503914141733865,0.26709364078439196,0.09623196997859819,-0.0016110031097728854,0.21638713516907132,0.3076926523186799,0.2821741298363179,0.15294301848669778,0.16179665819054698,-0.09409327843491978,0.12064895037176893,0.2602283813831462,0.13172788569908975,-0.0797160252774494,0.003162148156490001,0.20248262738142742,0.29662416097125643,0.07182706761505167,-0.11790198647325674,-0.07363616382972168,0.08622956936757453,0.015321166526545022,-0.11901818250886106,-0.13002547518024213,-0.10583161162378149,-0.13970301987332953,-0.12655222533273427,0.13210513077707678,0.16039144279166742,0.14571388110677572,-0.019076784506902034,-0.006316451612399609,-0.09873220892926983,-0.12808819229295737,-0.10446120041979945,-0.072762762361849,-0.1464342676770666
0.15352820277556548,0.5152815582047093,0.2896362543625149,0.3268639566606249,0.9999999999999996,0.030166989436531046,-0.040740167591355854,0.2658457734853767,0.4389839280814285,0.36182244476648157,0.09450143429307396,-0.017524158754253744,-0.3639645055650699,-0.08523031048981085,-0.2616205428304294,0.20187198118105135,-0.2667285743652104,0.05102118551684768,-0.004228031008687621,0.058032308881892064,-0.1460313263508778,-0.1382391316352418,-0.19948026390584891,-0.0052025626290967885,-0.029243101817843307,0.15106281079494077,0.2739167393347389,-0.21837781093126474,-0.1974449689961632,-0.1930387180348805,0.10629923493325769,0.11396984550801581,0.284222821568554,-0.11344288026844555,0.04848711335194025,0.01814384000879166,-0.22417243648478755,0.258666601146871,0.21610105366367413,0.35349928537707426,-0.040195803825530195,-0.2492008184785733,-0.013114653185188,-0.09141839304566635,-0.08252247370396962,0.1187020574935018,0.10294524213421459,-0.020798119971007445,0.027618379014054676,-0.09353747875505468,0.08085661315976295,0.3378953654544167,0.1576382885963947,0.7424891589969257,0.29701350285421657,-0.06764457383104007,0.19560484439068926,0.36396419407764363,0.2978390055429097,-0.11912842273093842,-0.04244498001477541,-0.3588927784489728,-0.17742924000324883,-0.16070941970561095,-0.056940231386326264,-0.20636045352004642,0.176963254488639,-0.2878862967706684,-0.05486941806316235,0.003290068995425484,-0.16167010936960716,0.04650449134922083,-0.2298883401309869,0.34771809870837955,0.03926847262359794,-0.11623794447187319,-0.1816505084068108,0.052844993916968536,0.10880583588037944,0.12400372584530815,-0.04927675566109429,0.004490147013726219,0.04507762082843882,0.058961698404120355,0.24560383340436598,0.1879788215715417,-0.07899261811591715,0.08792868012478448,0.010297865133961888,0.11694715671318559,0.059301737269760776,0.2619162525992348,0.38047347274088034,-0.3313676605052539,0.09212710229929566,-0.07354161644780106,-0.010278489642550346,-0.10115753811959881,-0.16568375123642062,-0.07058318372069543
0.23171361803534413,0.021632302831710814,0.39766585354022543,-0.19664805701644916,0.030166989436531046,0.9999999999999996,0.1811890722031758,0.25640140591561633,0.5744808970651613,-0.09495605979355211,0.002553334770910994,0.191144827592964,0.1698700270291321,0.06312604683033245,0.1079604773243351,0.049748940101127424,0.25744145987462375,-0.05744033823208633,0.31588518292197754,0.2568474234510516,0.08360246789942519,-0.05329844831706363,0.04357662790903551,-0.04816467572132477,0.1416606646993847,0.21663904000000464,0.17463824354557683,0.4296905804175075,0.3043868018014714,0.3005433071009052,-0.11859446205399518,-0.0012105971664962067,-0.017072873155317938,-0.20931876915162545,0.16371559275319297,0.6107872675765161,0.5181469737462325,0.09288791658460568,-0.053447781265125206,-0.14314896610274014,-0.28088597964545703,0.04005357750268443,0.005510103487381923,0.3505101264055448,0.16561800437917687,0.0592050259584367,-0.14110134164313923,0.16452327259096813,0.49429903551192655,0.20913915309801265,0.20459292210239907,0.29698686334011637,0.09580301128320366,-0.030132565321219867,0.761502749454957,0.6923223523271869,0.08953583619690746,0.5570210965287422,-0.03309543307725771,-0.06060296771976498,0.15206272523512612,0.14525816802168542,0.222945133523369,0.010896174039669361,0.11264654120267638,0.1352607762283222,0.08517130707117572,0.09552916521804218,-0.01377832408266492,-0.1292294626840115,0.14370319481250474,0.107869465310997,0.1487295216274004,0.12250727975957745,0.05664532346870654,0.19813239339467562,0.3161935241806428,0.33532584595203296,-0.07919589508328538,0.07100681600618433,-0.038681767076653745,-0.026633299923561532,0.21975134087665604,-0.04434817998652426,-0.024676356705198303,-0.004387421060902794,0.5013315168903467,0.2701899524279699,0.48767682161928705,-0.09090094688978424,0.10302626247444938,0.21108108687509447,0.14317311171643338,0.0011783177428926247,0.1405252110633062,0.2982076662655005,0.04444249693184315,0.15313940678872964,0.405271351504816,0.2704988769476094
0.27782035788248505,0.16841951515058642,0.07285713293045747,0.2540943800707202,-0.040740167591355854,0.1811890722031758,1.0000000000000002,0.47754012588799855,0.0520229096836365,0.30439507551380796,0.08441546010457146,0.4457492772978535,0.26577885384258126,0.1950933524603685,0.2637622805732505,0.519648230503926,0.442550532181476,0.5263231628914068,0.3387389371702834,-0.012840348843466437,0.17331590984679884,0.21597057745560144,-0.071598348884525,0.3189292354566283,0.4667134876102777,0.3024523182061187,-0.18763962602214027,-0.22034376772476538,0.18939507772562117,-0.32215101597152407,-0.10869792116822487,-0.010657818230071727,0.2566353808182452,0.2176029958979486,0.2474809793190293,-0.10899152577628211,-0.03102974012701324,0.17310788887398476,0.2491839652069368,0.3257652240296916,-0.1272370158082823,-0.20561445211917223,0.1382764383906239,-0.24748847960000064,-0.35143637708760345,-0.2900700004187394,-0.11754370847114186,-0.4018515591589173,-0.09693625434303069,-0.34615765836501733,0.11204401400375948,0.28580334232327304,0.41755633375819645,0.2801943647107287,0.09517190001504881,0.26339770977052307,0.6455785244591032,0.181776207176568,0.34154115424549203,0.17201514713848406,0.3880349929423891,0.2770506682733384,0.1935759210710024,0.17786396728379733,0.4709719941539494,0.26098752095643446,0.39289789750647547,0.6542640924240781,0.4378220874357476,0.36177448630105274,0.5837817924275567,0.3180742358694609,0.2600137148511488,0.49407237408786764,0.5346884385033265,0.19679728088810935,0.35346178811640633,0.10510161966962307,0.014036020039046138,0.06333919451724822,0.08739976160949145,-0.3125845586862972,-0.1633662375879966,0.4759831758334585,-0.09818702311220509,-0.023210736298068826,-0.09263234877441914,-0.17583366656916696,-0.1242404367464803,-0.24970823207391307,0.1575947060833842,0.22992761800657088,0.3763247577103855,-0.06948390446818183,0.2343774948530536,-0.2458697417769997,-0.10844001752707527,-0.27422357237040174,0.021981163508931284,-0.22036944857291377
0.05127305907306624,0.35880240737643654,0.5111878135734313,0.38403372344142866,0.2658457734853767,0.25640140591561633,0.47754012588799855,0.9999999999999996,0.4665136022292972,0.36463375153705224,0.2024130254674389,0.31140027633935874,0.17810859975659113,0.22986411952701938,0.26157600980228524,0.2685131024514677,0.1263355973114001,0.21758430473148513,0.3453479265085684,-0.1118198371846709,0.17104095283495915,0.06735695180398743,0.04200968943612199,0.11672307546292507,0.38450441639138805,0.384048763371326,-0.10516747234142095,0.04024397914286957,0.24908576251394102,-0.04632577492805091,0.02339372590884839,-0.08134995698859455,-0.07617088455923415,0.03842666148314143,-0.0577137535905585,0.037268429027458395,-0.01226962967930315,0.069779608349371,0.07888564816274653,0.15589510955046607,-0.1932864863348881,-0.023628627216414046,0.03359424965394758,-0.04287210509715675,-0.10900002073189508,-0.17839592426146308,-0.18216396617557318,-0.25533667278870387,-0.22772850043306814,-0.2271188104406402,-0.10609667910540817,0.4428042274742904,0.22237663894460277,0.3498582564490316,0.3009848959055967,0.39735255713659307,0.787997850928035,0.6201395531459659,0.32511155834453304,0.17265623224652338,0.16238726064939457,0.17095002871753223,0.1552333372702208,0.0953752012094173,0.4473013187119658,0.3161873892652601,0.2915320389091278,0.2299917490186321,0.4066954839614313,0.0989446904224465,0.2715307342754559,0.23880050224088012,-0.022290838518895517,0.3122416107195738,0.3048264689031717,0.2772119793013663,0.28865597259512527,0.29085640011501235,0.07524731406514205,-0.049684018345814,0.1545271891574465,-0.21468795671869742,0.14261703269355827,0.284806018867805,0.03757379792518742,0.1305589484593819,0.04804893914878145,0.10088149574945303,0.07383637969997568,0.012940338472038605,-0.028334984133717933,0.19869778331094973,0.29756923052260065,-0.010548853350278253,0.1989063475601855,0.007329096211508589,-0.07389425971390991,-0.13234556788132712,-0.16975045506039418,-0.07085042094039118
-0.062265244459906076,-0.08486648002529057,0.4422777494030694,-0.21747452482061935,0.4389839280814285,0.5744808970651613,0.0520229096836365,0.4665136022292972,0.9999999999999992,0.25012034425565205,0.3050013759499482,0.1277527495584932,0.006675288436296399,0.14855432213377906,0.002859844872291031,-0.11393387432960891,-0.10081117286320986,-0.1751070074181212,0.15180580870235139,0.17070673733173766,-0.012807680071426866,-0.1865710832101438,-0.06176971420953329,0.00512412006421111,0.18271344291477354,0.32090942047127863,0.19440251063462424,0.258553860204373,0.15419057639984537,0.0318642228473932,-0.01301613865365222,-0.0009274989603065528,-0.11419523059071499,-0.16341275231032829,0.1536884336254584,0.5211834999269478,0.21293180886652593,0.040907571427713126,-0.11921440506002574,0.001667136802884828,-0.18750162618325622,-0.1136688154045627,-0.18714973436774393,0.13318728010904002,0.09230034313614595,0.05489664832185676,-0.008310285952750808,0.1467355696835382,0.3075113262091257,0.12510077701851427,-0.06092258135081681,0.06058093899637636,-0.11017085411103912,0.1352279106813004,0.5865527525805976,0.6021641782259255,0.12297401668511401,0.8606394888635257,0.17775760187872433,-0.015258984041370452,-0.0036612671726297267,0.04724978458590557,0.10456877284470517,0.04278124111604727,0.12258606400154279,0.06927523235569996,0.23669750508875148,-0.1721844371200846,-0.0693300830473654,-0.20405958004195496,-0.0628091472619452,-0.09172047011610147,-0.0874907425836612,0.2367784805243672,0.059844085321337497,0.14505008665030217,0.23984294314153154,0.29772887834329176,-0.07049856395828363,-0.04384440565084348,0.019515865422191574,0.002927578748815782,0.2338556085232013,0.08196494681718765,0.17757726554735867,0.22312564931552237,0.3084001146096331,0.35198269081252664,0.4809583881429218,0.16305926205413307,-0.11241184958317706,0.12419553697823885,0.20523204561738337,-0.2241099398080959,-0.04961951971648916,0.21501202964783012,-0.018663821724968062,0.16457666505930382,0.15547401048463522,0.22380907642162887
-0.09615027386282073,0.1493735955686906,0.419224562185129,0.25088416838128685,0.36182244476648157,-0.09495605979355211,0.30439507551380796,0.36463375153705224,0.25012034425565205,0.9999999999999997,0.6763469458380477,0.6123209221212758,0.27883400319776025,0.29940076320221387,0.39512722803841305,0.04816408234927388,0.09701947136553002,-0.09804734963675858,0.3621861529842432,-0.22097923939540495,0.39901549532643066,-0.01618585554810584,-0.17318224908838573,0.10800492836105027,0.7489026114983129,0.314264584400135,-0.17980240369150297,-0.25520179476025545,0.14153719907927229,-0.1301693868983684,0.40989084114127056,-0.004956502286827109,0.11141591741709615,0.05306037813930395,-0.19629395900485588,-0.1727992440889121,-0.15616878825884245,0.287271367009918,0.46888140556329655,0.6278142131938833,0.04661950846917534,0.12146648613690947,0.08766457609122388,-0.22371633999109247,-0.2983015685452144,0.03227163385037123,-0.23158956667999403,-0.23031853690330908,-0.09049002557978504,-0.05540395322470265,-0.16750910816529077,0.17339897378545077,0.053235604528315966,0.3765345552659497,0.06215648845133731,0.23376643994909393,0.327952918384038,0.36234887500013796,0.8710215008479448,0.5799115921409992,0.46204944811915466,0.2183953423295487,0.19968046300318582,0.2919779538927309,0.4069748374250774,0.4089747754311739,0.402917575422404,0.23924377656322715,0.11130730828601534,-0.06051103761478646,0.09970493242259158,0.10903864339029791,-0.07980076956574934,0.5018965569457211,0.3859990064211388,0.12003677861291877,0.13505299395827722,0.16247509722426406,0.2838894310175904,-0.030906389998078494,-0.139004041785375,-0.13506588783813847,-0.14231446892107852,0.17745681005471511,-0.14638857212623446,-0.05869189080082817,-0.047385334028245706,-0.12623583484224354,-0.09785030056579301,0.12783171456637246,0.18228690669109301,0.32096901882255197,0.4572358566953459,0.0775525821428238,0.04256902836105183,-0.06717416347417399,0.12710099637692038,-0.28233701235898107,-0.1262365996898099,0.10208627957144203
-0.1465345186228376,-0.1359453093355111,0.3769376441472781,-0.0076557050165334175,0.09450143429307396,0.002553334770910994,0.08441546010457146,0.2024130254674389,0.3050013759499482,0.6763469458380477,1.0,0.5387499492373191,0.5632112431836008,0.48894160760580635,0.5089177679362351,-0.08878475865215336,-0.04006067806918052,-0.25151885716431677,0.2789141321611203,-0.35643336572881706,0.1937526158118394,-0.16400621014906167,-0.2084573204455381,-0.09650487760337374,0.5462078888402869,0.25329574550154693,-0.276338130529816,-0.05921490025499994,0.05504624024327849,-0.15120531389938427,0.2517670725578524,0.04385985868735449,-0.07867010800929755,-0.19983040326982562,-0.2578714295068984,-0.11376319412119817,-0.1174745484794162,0.25348306927894443,0.25588485735517175,0.3212461598506338,0.0003258823023568688,0.1907424123152902,-0.11873193208306347,-0.07905352732563231,-0.20367505949954806,0.03208636901580429,-0.31340427658340464,-0.11033943037181725,0.057635980923674904,0.023972350868603803,-0.07083478119489671,-0.00834661142046503,0.015805921303513906,0.151175090766471,0.056420078169179225,0.27354626106109525,0.10954426101112881,0.31434557551603987,0.6030030982088322,0.767565685376648,0.39681161610984883,0.4923799061325978,0.42547397343187304,0.5289021551083598,0.3406381214929828,0.5800933143481434,0.3577044980841354,0.022838902693834515,-0.20406148943131103,-0.13400956212778528,-0.06164099873809095,-0.09427925198923023,-0.10978897245803146,0.22600395914128685,0.11139332085830762,0.12080950550584642,0.1164891525784507,0.08662982299654089,0.0414527682781468,0.03028258447318823,-0.2069110204775481,-0.001223194043462672,-0.14876333172952408,0.05873829107182577,-0.3463660577227197,-0.1654143363000888,-0.039666316030161936,0.020657282651990183,-0.02266595353960183,0.17868985956423603,0.1968440429103047,0.28582754285740225,0.28216068995917537,0.0021886825909702232,-0.07060396487320708,0.10378894996232299,0.12534732933764153,-0.11583173057808097,-0.04561146664450721,0.19729006701770763
0.007760331776215892,0.04025981682158515,0.23399296040282394,0.18306316787319363,-0.017524158754253744,0.191144827592964,0.4457492772978535,0.31140027633935874,0.1277527495584932,0.6123209221212758,0.5387499492373191,1.0,0.4918312617636152,0.26347460898782055,0.563530047628281,0.17756631507899553,0.5319692777609265,-0.028630702317201506,0.4224795911212999,-0.18389746885279573,0.5735638952160013,0.06902330851297303,-0.2381521630202966,0.38453658715346634,0.6793982146167676,0.5376238308689185,-0.1643474431602186,-0.0501449894888384,0.31308336883952603,-0.029545048276158725,0.03151435181331713,0.10471970488090435,-0.012498664115929058,-0.047889637515936535,-0.10468020717941286,0.049238875681629234,0.2022895294160527,0.14637983503783353,0.20341403300113992,0.22499839289276083,-0.2643629353767986,0.22977349618081397,0.016515293507828,-0.16714856220217894,-0.4142507653213961,-0.27119342272601166,-0.48861083140975514,-0.47689963875370756,-0.2006404857279188,-0.16892547770906022,-0.0340071410883239,0.11347981674780781,0.11642931378779789,0.10198455521161229,0.10977175870457649,0.3878585164626564,0.2612026526366169,0.3256597616134188,0.5950420506292159,0.6504927899020838,0.8500478419294989,0.40195122866491834,0.34427297994382866,0.25710163592602253,0.5263659951123989,0.5064304736907477,0.03457140977794186,0.48853974853058757,0.08427597207573786,-0.17755745605964351,0.30828848257294655,0.21107406997410383,0.03717684281757834,0.3453752328155174,0.7024441670085695,0.44842391315975855,0.43639338451853127,0.2843476886118692,0.1192128215594634,0.09330289060405716,-0.14996063737629625,-0.34903601252548894,-0.21091918457289316,0.13111784175195876,-0.3700538850138895,-0.36896166407606484,0.16375431947045535,-0.23394317255262495,-0.03932724373401083,-0.20054566253973022,0.0971319847639922,0.16660103103049162,0.28452632030200187,0.03634071475926756,0.16459744642710433,-0.10502852006020133,-0.1501055370601758,-0.4458212387420441,-0.14993346224669546,-0.03201796114963031
-0.07884280798412965,-0.1499142732233831,0.1661917696120921,-0.053221476717890036,-0.3639645055650699,0.1698700270291321,0.26577885384258126,0.17810859975659113,0.006675288436296399,0.27883400319776025,0.5632112431836008,0.4918312617636152,0.9999999999999997,0.7163841242862448,0.7689944800556773,0.020949761177679414,0.37740988381277346,-0.08011180262518072,0.6507813351945794,-0.2828416547544174,0.40730526875645806,0.08642617757209307,0.05449436174889747,-0.09167083172000656,0.43902992696853066,0.11734692946626475,-0.2978743550083774,0.09189545310696585,0.429075435102301,0.21295154144732237,-0.006278882091461273,-0.016371782597565814,-0.13037869901034913,-0.09779891745450582,-0.23760808432430136,-0.1538751108621575,0.018824761432655553,0.26834139207531715,0.2950477757608059,0.18161718266389024,-0.085053546887934,0.24826541474129915,0.00166192158845394,0.08184108949792154,-0.2316623832027054,0.049609643099215936,-0.38833013103900577,-0.1109575941384314,-0.031945832226178514,-0.062302403936016194,-0.008472212977970336,0.1464006072220368,0.23377725150450235,-0.05495148412470429,0.06918826678728614,0.32809297506205215,0.2359855556872439,0.17334481484090472,0.2948307520681529,0.6142437641538583,0.4151423847687832,0.9289360713946966,0.8098735207736542,0.7221688205871853,0.5340635027650048,0.768460761893239,0.1643015522792295,0.4428331171173007,0.05244175701464089,-0.07012293979022524,0.2335636376497643,0.07942741566211885,0.170257880844007,0.03881963711431527,0.08649619288616732,0.0834344575579931,0.4189292088460065,0.17262486895688384,-0.16647082689527903,0.06264020662250377,-0.16542142860288092,-0.12735169928606374,-0.1828275797177591,-0.09622324819740212,-0.42067056959017274,-0.31067794458182946,-0.06049141170222882,-0.06125898492925627,-0.14615040113395947,-0.08546113505449646,0.2635448669978408,0.2902032118590661,0.2049786224995852,0.033811937208582304,-0.043620541718452234,0.12522822641495696,0.11437483797736189,-0.14144911870297064,-0.0022735792359937844,0.00935790785206034
-0.04867400259318899,-0.05690166444454984,0.1618054467956445,0.05094400479351515,-0.08523031048981085,0.06312604683033245,0.1950933524603685,0.22986411952701938,0.14855432213377906,0.29940076320221387,0.48894160760580635,0.26347460898782055,0.7163841242862448,0.9999999999999999,0.6799210451527479,0.1079729263159045,0.13709457611324047,0.05379968105303752,0.668378903395804,-0.3551493662881851,0.22959937937987215,0.2125071527888499,0.14218529693782825,-0.12178696655657566,0.3554459222924897,0.13172224119423498,-0.18614121960585048,0.024593796408765894,0.33505796625740675,0.037944773265423094,0.15287981763267783,0.1300168066835298,-0.06891250358264409,-0.1214193689529852,-0.1695794188386013,-0.14786540268176043,-0.16484019493736687,0.2812790728534246,0.37602446057676914,0.2595085786352772,-0.28127454266965807,0.13071938052579596,-0.1611779671297531,-0.041220389050046505,-0.30808025769577196,-0.02566757402865716,-0.27026033851526315,-0.17271681246718085,-0.1072825574018215,-0.25218102661670827,0.09860368197125914,0.14557826495239035,0.2173686108899833,0.1319473003350882,0.00575599997707858,0.2224278300351165,0.24757986666395398,0.2489016150004367,0.1561951324417924,0.45434885853007495,0.1606867062880553,0.7044453852016296,0.8128455452157946,0.8806774193868958,0.648100071590723,0.7222719258800976,0.10172868793461286,0.2843583115415938,0.16907922216541652,0.03043289497629265,0.17440472128334425,-0.01797524068136606,0.1527812470744784,0.0543868779790081,-0.024177583313335638,-0.021714117000792715,0.39573119908641563,0.13599291394114493,-0.15461861681043393,0.10219439651392999,-0.04151039245647389,-0.19991349094806574,-0.20228031304471342,-0.02439254207843899,-0.167593916094992,-0.15812703555686883,-0.172638523730922,0.06511002295383993,-0.08770434825975482,-0.16312208156401378,0.13201226312241954,0.2937644643007725,0.07804807012097764,-0.26314320737448615,-0.26569067839527827,-0.006505456789517663,-0.07979149549766007,-0.07381284208209898,-0.053308409956134666,-0.12663484939123487
0.009854273282507136,-0.07132963292545182,0.311763412209644,0.06046522716232028,-0.2616205428304294,0.1079604773243351,0.2637622805732505,0.26157600980228524,0.002859844872291031,0.39512722803841305,0.5089177679362351,0.563530047628281,0.7689944800556773,0.6799210451527479,1.0000000000000002,0.08683443359342737,0.37544149250625447,-0.022270157308395894,0.6415561454048752,-0.20032045240399562,0.6896676785931787,0.204483314677558,0.3100668711361611,-0.08414625108697313,0.45786423707572105,0.16583813843130693,-0.208818414752154,0.12864185975428985,0.43355039478979723,0.20844094194183213,0.17183330031762198,0.045250673423125574,-0.12057794727831762,-0.05549206213722539,-0.2897980528744273,-0.11116467269804205,0.014995054859956742,0.23386056850255466,0.23081356760615426,0.18370331885991315,-0.18511686097596602,0.25138935849562516,-0.12370172093425943,-0.08678468783198798,-0.33107130254973827,-0.015678287028604396,-0.34848535425816024,-0.18635459745432467,-0.049952777917778385,-0.11456344639998722,0.06467589263406603,0.28026580401893114,0.21717807886781373,0.04705461023724252,0.039383383671977724,0.2890684133737997,0.32619896480838484,0.14374908596015365,0.31310932281461645,0.46887418595817226,0.36477197196484645,0.6970577207353637,0.6323671564456679,0.5623156323275637,0.6992410925721458,0.9504683588176711,0.168758927781319,0.439708937559452,0.193941968463357,-0.025270413534946065,0.39918629036257897,0.03988868845819785,0.3073905111318594,0.051780206817447404,0.15431666087690363,0.0009343882449413405,0.510351824483747,0.37381407305183645,-0.014631858114136437,0.10855339431309742,-0.0218221300196098,-0.12561140845837052,-0.1295557068692133,-0.06393886484459196,-0.2870258801058368,-0.17812295306381795,0.01749586577522122,0.0620840681403804,-0.08815930596755112,-0.068855975668164,0.26415330976889484,0.3190119017146405,0.03796141025850105,0.04562311428522593,-0.177844432091149,0.022961339998249078,0.04940874000476118,-0.04787772880345974,-0.01735400789207625,0.0159858006525937
0.7835723856762093,0.6779405341481088,-0.19472779204924137,0.6008639102593668,0.20187198118105135,0.049748940101127424,0.519648230503926,0.2685131024514677,-0.11393387432960891,0.04816408234927388,-0.08878475865215336,0.17756631507899553,0.020949761177679414,0.1079729263159045,0.08683443359342737,0.9999999999999997,0.12790173996372478,0.6157717285738531,0.1348488518696085,-0.14091845004639836,-0.11319149330824689,0.1557524184973883,-0.11588010371166658,-0.023118752454880383,0.034897086086549074,0.07690987174608425,-0.1464341353179893,-0.25886211370828394,-0.22919229654325549,-0.2845318300408499,-0.07008526198331617,0.5877535930008211,0.6846454305214144,-0.22037837844422978,-0.04828358119504581,-0.2845002941975339,-0.25610266069701976,0.5597927789468138,0.19847493124632146,0.1329860678607018,-0.18221932878314728,-0.23361886858269,0.13724340118561418,-0.21718068452298575,-0.31564944525560323,-0.15090538343431864,-0.10058008904488568,-0.34026037182830404,0.034169347371181415,-0.38765826676930015,0.6948336995115989,0.4795957022184064,0.8715768345337214,0.5295748458890333,-0.09864368468622567,-0.23308765026308115,0.522991971582961,-0.13643679768236133,0.04753207096866117,0.06376573333448159,0.19795930706399267,0.08126875338011114,0.12939550071997347,0.14560842923516165,0.317009259860049,0.10700914203177696,0.05891669072283385,0.46543432549620245,0.1918023654012241,0.43190169055202493,0.3432459113129041,0.18616115359399565,0.07133155294555212,0.031954189419820755,0.23985846579925155,-0.02794725578422535,-0.1045364847800165,-0.0028756555408845654,0.09852817264648121,0.6245172525165249,-0.053874470560976453,-0.1807016249592509,-0.19052270601480206,0.1657566848908942,-0.12937037195731976,-0.0858228809176261,-0.24949960284299427,-0.11322728799846678,-0.33387479436105816,-0.28651968919144005,0.3673615128843576,0.2795307422181114,0.13862847103270895,-0.26530071895278284,0.07902982508695998,-0.20300297697427797,-0.08062619537664073,-0.20146796085380317,0.028313768331306412,-0.3452306229518991
0.027577688159146845,-0.07626887887336907,0.03863931626513281,-0.03421263308175191,-0.2667285743652104,0.25744145987462375,0.442550532181476,0.1263355973114001,-0.10081117286320986,0.09701947136553002,-0.04006067806918052,0.5319692777609265,0.37740988381277346,0.13709457611324047,0.37544149250625447,0.12790173996372478,1.0000000000000004,0.16561198610137223,0.5742895374612813,0.10951487202482989,0.5344068592497475,0.3273498916766988,0.12549030636481204,0.4335186786125682,0.3315195539713667,0.34025271979707333,-0.020797374279527468,0.12359923064004595,0.5297083299886366,0.03511302989317887,-0.1894056748671562,-0.0985623069318856,-0.06545835380004665,0.3065716721296872,0.17892753437120912,0.06526551554420697,0.2839038760093575,0.0004894376427342819,0.17222789564814367,0.1011530705779502,-0.13403987917381233,0.18115499517950528,0.18064528278737238,0.07330548593624647,-0.032271475274367,-0.16989489698290572,-0.13601445629518594,-0.2295833400711513,-0.20103029852916274,-0.11320853988901627,-0.08655720303091541,0.11246227950226514,0.07598812508685625,-0.058207762543588296,0.1616088183250713,0.2099412340312621,0.17191934714612395,0.04956981568076781,0.15874813521850084,0.13535203979354477,0.4489184241972104,0.3202634333350863,0.17579514568719123,0.010162870518189442,0.28885742432388695,0.2663736349163944,-0.19082467375141468,0.6210030558251186,0.3172761784422441,-0.17657203228739846,0.324838721527818,0.24420437969705375,0.29816408020038054,0.08510949185361621,0.46645162827096015,0.2701088781020371,0.4928343878758866,0.17101128126692833,-0.0503197615111916,-0.02630023277671831,0.07942931821258993,-0.306565662926323,0.061740744204309896,0.11093403329705853,-0.13263370685097428,-0.23845808781367245,0.12987146966024418,-0.025287441397340623,-0.12853116254060937,-0.21564169962371474,-0.02476596480897197,0.13454341019207278,0.08450178647367412,0.12364795076729959,0.19422030060796697,-0.0770885152195323,-0.17255947673991792,-0.2505689957304406,-0.2210788565360474,-0.18332562223901358
0.4338327909326438,0.3502318712690658,-0.17881005311785683,0.36801515554403874,0.05102118551684768,-0.05744033823208633,0.5263231628914068,0.21758430473148513,-0.1751070074181212,-0.09804734963675858,-0.25151885716431677,-0.028630702317201506,-0.08011180262518072,0.05379968105303752,-0.022270157308395894,0.6157717285738531,0.16561198610137223,0.9999999999999996,0.0013683613236696044,0.10003096082024773,-0.23252624256220977,0.3802282104979665,0.14368396485817905,0.07431392765962601,-0.10319059869938532,-0.1079489228228317,-0.2590679320803696,-0.4137339838927194,-0.1994924312937458,-0.2683457386573637,0.005276193018919831,0.15745265137310538,0.38739447952158007,0.3494204262457497,0.2782499806252701,-0.1672556939696906,-0.49728616340657983,0.0961303844229713,0.09898406543695965,0.012445988721394536,-0.11074676203511506,-0.3916904923186263,-0.013660044275963103,-0.5152601240500336,-0.2869692824208052,-0.3823069408918905,0.0263050809812478,-0.3206384948823169,-0.09354577151169031,-0.5044068065369394,0.3313629370957554,0.21924744005752042,0.5433512404686555,0.29111319728871354,-0.1145826104861091,-0.16721954805056288,0.41071490700727914,-0.16645884262584526,-0.061610654148473956,-0.1673807034199057,-0.07719427611144733,-0.022747304650064665,0.03512517917432142,0.07194954862676183,0.28798404334776967,0.03139609499218161,0.07744854388892874,0.4480251766101334,0.5706214489892917,0.7569887283758602,0.4674185710251071,0.19068863088498825,0.35294584942575385,-0.046478326743058525,0.10464236648147875,-0.17173076381608748,-0.08220504860668142,-0.15285604581553275,0.009399444849415538,0.12723674654737854,0.07558280130259902,-0.11745676923164457,-0.18237856713829695,0.23799351835615468,-0.010301198948932078,0.033586271720925306,-0.508229250640797,-0.2456074776950908,-0.27724529366349243,-0.40484195577823756,0.140168644110864,-0.007860347632409247,-0.11419069263643028,-0.1862836232545582,-0.0878595999381319,-0.5165289542208866,-0.3999187766943208,-0.09824347722288179,0.043995610856758405,-0.5302267695949456
0.04171062579715953,0.11937245600991431,0.378729189092949,0.1290322866611163,-0.004228031008687621,0.31588518292197754,0.3387389371702834,0.3453479265085684,0.15180580870235139,0.3621861529842432,0.2789141321611203,0.4224795911212999,0.6507813351945794,0.668378903395804,0.6415561454048752,0.1348488518696085,0.5742895374612813,0.0013683613236696044,0.9999999999999999,-0.12236154871824748,0.5078975259248966,0.27874274711166114,0.2000839907992571,-0.04578473534204941,0.4360410088746733,0.2412531869638902,-0.01776818551382904,0.10324617445942498,0.5517363596795494,0.19445357156575194,0.06759761983903853,-0.06121232919759935,-0.03075128563802685,-0.04248400298691091,-0.18336143484370895,-0.07965156916113339,0.04582386374859214,0.34370322754613014,0.515529184824844,0.39762940688141823,-0.17492907196156549,0.23893766267405722,0.1526961095917921,0.16880155992506593,-0.13323363172264646,0.16397498021369486,-0.25061799026040993,-0.09446197594128748,0.0053872516423356005,-0.04829630565748379,-0.004981815464150606,0.44608380908510187,0.23702014817542383,0.23295987499176557,0.2670203268235805,0.3008301491796355,0.4039336302529728,0.2817398958420085,0.3387276454601713,0.3333237841811267,0.36081876862602136,0.5985468076575745,0.593115280809369,0.4925149888967884,0.5555629771252476,0.5967021517100838,0.09297731688743624,0.4777216274222081,0.21019238904847243,-0.14884204946219304,0.25524320026080427,0.18290786980930052,0.19759646151315483,0.20331898491853242,0.1350711260142059,0.05482843352590944,0.4623442631181532,0.2534149083664393,-0.1363330579117859,0.022365735480382738,-0.07370592646279515,-0.28078136779098384,-0.024572976907262255,-0.09011586039479122,-0.12489247134744545,-0.20351569418532184,0.062112467313540295,0.10683873040619286,-0.09976934821311914,-0.1139556246266192,0.13861785373841884,0.47803787099655687,0.30388336726982823,-0.032746951715838905,0.0499415941617378,0.14856260416217154,0.0852467843518863,-0.1378247396552667,-0.03517636335510993,0.0021584664714092024
