0,1,2,3,4,5,6,7,8,9,10,11,12,13,14,15,16,17,18,19,20,21,22,23,24,25,26,27,28,29,30,31,32,33,34,35,36,37,38,39,40,41,42,43,44,45,46,47,48,49,50,51,52,53,54,55,56,57,58,59,60,61,62,63,64,65,66,67,68,69,70,71,72,73,74,75,76,77,78,79,80,81,82,83,84,85,86,87,88,89,90,91,92,93,94,95,96,97,98,99
0.9999999999999999,0.4122371079839045,0.12169324093111676,0.1576793632489449,0.41438731702395276,0.30487514152154865,0.07782320657543375,0.015473205148373883,0.06756823392263156,0.01230193800450938,-0.09531644416707481,-0.3288777117525216,-0.3108114684104329,-0.23533394716382522,-0.2419874737504396,0.5793016820784741,-0.08991307199714417,0.17594912201231677,-0.1444618046786582,0.10624399129182367,-0.29768120272411236,-0.020889065346806263,-0.07731645054551607,-0.23073973844157414,-0.2298306885564673,-0.27440351148010933,0.032225485920959654,-0.04770193615818802,-0.25097583829096975,-0.027534937431048578,0.17733339565494668,0.40326814509010667,0.43472848404432085,0.09227428937186942,-0.033981613512802,0.08230687080769035,-0.09022425838795868,0.2370291237940939,0.25461957467015345,0.17827066021084653,0.053327477037725765,-0.08715493678358933,0.06232239081232428,-0.1501526101410024,0.09761291903926989,0.08383613058504388,0.20415962706579677,0.15310874639054559,0.38319310902874215,0.0761261230819345,0.5974571850009895,0.3670649839196013,0.3160723799737487,0.250529175209967,0.2477031739853741,0.05260250715782882,0.061893644692646604,0.04357298228254199,-0.05149012381458748,-0.23736279825164083,-0.3057679341370536,-0.29860405943904494,-0.26200970995712347,-0.19990716788060187,-0.13385486427951135,-0.10336007384789052,0.07095568248808304,-0.21717945690777446,7.571566215063885e-05,0.11635678505052464,-0.11770580189109765,-0.13642959821067385,-0.1396996164953031,-0.03973684712688008,-0.23993938919118338,-0.23589962229615166,-0.16503962011007436,-0.17699739892042363,0.17871231804510573,0.37254488230325056,-0.2224752348206419,0.04638193763515524,-0.20268119182087543,-0.15338720995540922,-0.26077442063195355,-0.05172609041537844,-0.009063902260522746,-0.12426930689918816,0.075630882678178,-0.09619586098669017,0.24010169456869407,0.3450405223604753,-0.02583200316670705,-0.1107395816805966,-0.12632297543412985,-0.25827545102994864,-0.07529307775467763,0.03853787187272406,0.2844969075792733,0.0958101820345146
0.4122371079839045,0.9999999999999997,0.6645503500003623,0.5728687867546242,0.7978066738697412,0.5803973394032559,0.2857174241910685,0.4536399675718969,0.5012901904364567,-0.08590458042414623,-0.17854393498321577,-0.16048255773559875,-0.392163541327458,-0.06455192042566327,-0.06207087064489114,0.700847227633613,-0.03954058504915365,0.5004074137205274,0.06211847279292601,0.4088631451973727,-0.0033738361494644042,-0.01679293054776371,-0.05693571379193728,0.199986841624535,-0.0571802443176089,0.12759846106787331,0.18364990829583488,-0.043778865225724745,-0.12338689867608944,0.1235430944609291,0.273550057336799,0.019681371694409627,0.3896607171376946,0.09100951703484092,0.16581266021983512,0.31766786899634014,0.07234509989070903,0.04256802441982883,0.11499040151677413,0.20829693933434004,-0.05037332564556949,-0.25746994686418845,0.040352185541608715,-0.1538778026670094,0.22653886169582402,0.04474652639564118,0.23466019511652753,0.11174154522195905,0.28636287094661167,0.15739429649127212,0.2643952201796467,0.8323198095985841,0.6444920169779437,0.6858248998880551,0.6829553168207207,0.30897831731848224,0.6227196812126424,0.530693468139257,0.013587310111251156,-0.27333005145966316,-0.18727353839712452,-0.353418347723591,-0.1804733477905089,-0.1009951668331372,0.2101194578639387,-0.009642240579206983,0.2392447094146934,0.05742503938859451,0.2888266546802739,0.2841559554938778,0.240075032742958,-0.06791784537135478,0.030413190112057637,0.09872953665845387,-0.03975058074912225,-0.08477481548513668,-0.008274661459237323,0.042240473558831974,0.24232892867725825,0.1035386092922808,-0.40463967283209434,-0.3409199182084701,-0.3724573154809646,-0.16601472763002958,0.016161822930041335,-0.2757588616542769,-0.009703020442209569,-0.3123748979574047,0.18727855678271613,-0.2307606273464416,-0.09194547791678763,0.09853967252381741,0.0863624787497595,-0.3049623734987648,-0.18139384722604837,-0.24450935729878506,-0.18938158135306832,-0.24099776860117514,0.0881627346429092,-0.0525918202436718
0.12169324093111676,0.6645503500003623,1.0000000000000002,0.208689333198493,0.4428704424715261,0.8377463431407111,0.47110453263270985,0.5233375348960888,0.7099199113224516,-0.008855515275824039,0.03817394719284517,-0.1129946324779092,-0.18790684783858055,0.09591109087933894,0.14410679964750914,0.3822703906865778,-0.05924029146198155,0.5661711394773195,0.1727062509689046,0.47333276412995984,0.2634693568065248,0.11879190597931837,0.2566982530503041,0.11871294562722975,0.24329629926589796,0.2374522117751511,0.030475683334165036,0.03462020095783647,0.13609032742130298,0.2830087755765464,0.10186985015442197,-0.19398675132080492,0.2136238206475092,0.30563959264778495,0.0964278377364393,0.4635955811884115,0.07297624103862525,-0.042980396471514706,0.07062234729314112,0.3223165596124221,0.13392825195619368,-0.15946045866813865,-0.04375647111997676,-0.1611617073576292,-0.11699534918382455,-0.014478851411404214,0.3168246437060144,0.21709816970828325,0.4809919706226414,0.24131858611233664,0.00952384484065024,0.6623168171590801,0.38481634251698754,0.21328630953456149,0.7542795532498338,0.7686191302420042,0.5004719879451257,0.5389375342813566,0.12364530245755546,-0.021538358430525355,-0.07712430695827176,-0.10903401577900629,-0.024420775756784054,-0.04683991516865779,0.20931760496453616,0.06561915156780715,0.457534865037329,0.14404748919467952,0.33815950032999753,0.2703344309155345,0.4179291287619043,0.014303509422886154,0.23145208200836526,0.2769217490468346,-0.006005493429638726,-0.011091024673804264,0.1851686205486146,0.27961528180965434,0.052396125168215305,-0.15172656524345088,-0.1591644128934908,-0.302725943610947,-0.3473968776505071,-0.1368023977710968,-0.08024177539232859,-0.1529688090676635,-0.022262374944402166,-0.062017171223619556,0.29437984225090497,-0.011689498270503008,-0.25724578787561775,-0.02073475340360623,0.16869320252578154,-0.22892957623599433,-0.11798890404783774,-0.167699811272023,-0.1243821472151046,-0.03951678561872608,0.3579993943999531,0.016975473182664604
0.1576793632489449,0.5728687867546242,0.208689333198493,0.9999999999999992,0.5477150438050866,0.10436547407026742,0.24506315521896507,0.6318095081797654,0.2279312274466782,-0.1486053829989939,-0.11801563397370812,-0.1355275613402799,-0.2296462300797919,-0.11828699986887227,-0.14116680820093236,0.5409736732911592,0.06575599497601599,0.18920165588289875,-0.03883291365640705,0.09523412235600388,-0.08377218765838874,-0.11864381245624876,-0.20177312860372523,0.19826987025894552,-0.2474416367557945,-0.1442491763560186,-0.006872595635979709,-0.25674294355739585,-0.1652966299555908,-0.2233419572445114,0.2901922502256326,0.2397892468737718,0.2722096264118406,-0.10467307421622013,0.14685401046310487,-0.004733498425533353,0.044598656247959556,0.2013068384818059,-0.02927537608466996,0.02000494162175849,-0.1171597918143159,-0.26767511586656995,0.06269200370653341,-0.30401758218152036,0.41515178347336446,-0.14251337176534298,0.01231728880927972,-0.1682471542851998,-0.15389740960601234,-0.1431907534505912,0.193203581942359,0.4871965415154647,0.3197102793947327,0.7534935147619897,0.3232286018506631,-0.11353912147535714,0.622124726506836,0.4949788769264844,-0.3193141032751297,-0.328712037186646,-0.20147879806221405,-0.2506366422702645,-0.16468185294186488,-0.023845608326461088,0.20079643708879058,-0.07975231869193525,-0.09063359295590337,-0.004019055099144466,0.10975995204893885,0.10736426981606728,0.009610958401673017,-0.15009726652687325,-0.1763114651810767,-0.026498706795164015,-0.022704984547428895,0.047981672950575295,-0.033018784558078204,-0.12222460473088047,0.32776189137202544,0.2153526278863797,-0.2366631324897484,-0.07685041122447815,-0.036273100210978265,0.004735409891729689,0.1382471965790821,-0.03256517098173915,0.018468756544943916,-0.345111826020371,0.007128690052953866,-0.13747453897172615,-0.11791437053534923,0.02618873992711664,-0.027085650716041385,-0.20252429183472623,0.05527339209901416,-0.3185526708098659,-0.2120854268179311,-0.2904539245134641,-0.26787858361918737,-0.2041422645978768
0.41438731702395276,0.7978066738697412,0.4428704424715261,0.5477150438050866,0.9999999999999994,0.4321481789519494,0.1543036353153817,0.32404008076226165,0.4662455770509705,-0.26414965824843356,-0.12657678849312967,-0.27138677074823714,-0.45483218153206356,-0.13545538534348603,-0.11312996570042519,0.564478311327543,-0.1469435360962023,0.42337847091702535,-0.053945288079737,0.41841032899031677,-0.1370015695822005,-0.14878871611107455,-0.08911766620003997,0.15647488068970047,-0.36657782029758224,-0.06566347290530498,0.05056811422055246,-0.22155820877651441,-0.29035990716800847,0.02279365349751185,0.17992013439786236,0.03740998658939255,0.25485458911247183,0.12501235171471772,0.14377573944977678,0.20923867917383623,0.004698116391623546,-0.09937628636659997,0.03757992295068718,0.08717832766710364,-0.02893024625573684,-0.43843101995410183,0.02501368205885362,-0.28821502038396135,0.25799311642489725,-0.020643073997753048,0.18913927875739134,0.06088591272133915,0.2419287488525379,0.14620160219934866,0.27976466629158914,0.7089784406310132,0.6555488240183652,0.7649750255698519,0.6260510063830793,0.16226520267062622,0.4794232978927154,0.534022819495291,0.04036311563756971,-0.4077328807261253,-0.3339321480905216,-0.4277922575185915,-0.28225215963787725,-0.18356390451949897,0.10401970652684205,-0.1175307824392414,0.23659446764102388,-0.07040810118152654,0.14856694189459865,0.2522940866504027,0.13514184007093166,-0.021229926653958807,-0.113273357765351,0.14401522741302444,-0.1090508350108044,-0.11462116085502828,-0.08690825634820111,-0.11989028585395706,0.24749485564296184,-0.031163251868177675,-0.5255536284244638,-0.15666293021360442,-0.442289743701026,-0.2025762886518378,-0.12815396541589358,-0.33239385079831646,-0.031042805578245274,-0.48153967667368214,0.13489822781215813,-0.22361940065737,0.06440443345062617,0.13370737875425048,0.10762163027633968,-0.39517361622619634,-0.17532409979720406,-0.33376080971182537,-0.275809460969347,-0.19394175811796555,0.025273218660146438,-0.013164779350736847
0.30487514152154865,0.5803973394032559,0.8377463431407111,0.10436547407026742,0.4321481789519494,1.0000000000000002,0.4712586084550921,0.344316514151892,0.7064614615938057,0.06182371796315875,0.1928682775689048,-0.08971804619011016,-0.17271684040851562,0.06309855845422019,0.05802635319913747,0.3622147264859096,-0.09799948048258399,0.39439735511914065,0.11706852802640774,0.3539926923102199,0.12031575456555446,0.07489062623426719,0.22104802552147548,0.028281941726926454,0.26064619152416585,0.16373387110524235,0.07981618645310107,0.0794665615783383,0.014375643813697903,0.33298476370921104,0.026204668071594175,-0.07190491258153374,0.1694704694674338,0.26311842706236355,0.05642742792505001,0.4266947264006449,0.07775243331168893,0.004410919998511091,0.18998246074481592,0.363871405502353,0.19235242066316702,-0.17895603203907084,-0.1344233462397295,-0.10902760022816368,-0.10658982451048665,0.06220452768059379,0.4145770554094492,0.24397071240685944,0.6077915896776743,0.3228753721162607,0.1534655044483819,0.5808548194701004,0.3835407896125799,0.17452563954534242,0.8163771995639937,0.7703044729280091,0.2721108489010164,0.48362336860309035,0.2609726017294547,0.10045646342986439,0.01569793233904032,-0.03648112013145952,-0.0035523127924440546,-0.0307268610939646,-0.019259403403787612,-0.05021338900039416,0.3627339812009846,0.02375824537433562,0.11353358239856465,0.08157222441675438,0.17948560490277352,0.02750568204317278,0.1639501291461308,0.24768478328263716,-0.09580962458111084,-0.05151628248066344,0.010766935459235584,0.23375300466591364,-0.06574478195588683,-0.14774694249906606,-0.27579895681575106,-0.2929267973935186,-0.301022305804024,-0.1566676064422378,-0.09827155611792204,-0.07270797077674565,-0.02287384654546425,-0.0572424676838206,0.24892284449848415,-0.014942701568137385,-0.07148705557674286,0.23111420376808842,0.2826368570350274,-0.2594939994470185,-0.03948862915947807,-0.12588411609436173,-0.08333631229867189,0.024346652885101485,0.3950179279262397,0.09787801892526433
0.07782320657543375,0.2857174241910685,0.47110453263270985,0.24506315521896507,0.1543036353153817,0.4712586084550921,0.9999999999999993,0.6496774071184818,0.5764874846454119,-0.20908598669828937,-0.12408459943102076,-0.14660023380921222,0.11515118178227593,0.08334424762854453,0.19858669295219536,0.3787278444867013,0.11746649274871701,0.5349083503461126,0.1943877304115913,0.44001407770315654,0.3533468776869492,-0.012139990507624918,0.18724694257636737,0.12017647685560356,0.03813096506988043,0.024734287437436428,0.1735620882741945,-0.030915185682537816,0.3105162591116021,0.1695806171018925,0.14822428470032703,0.08607442842455126,0.2087084585378005,0.298556359004556,-0.02393379379846133,0.25052213431799875,0.1775800231119004,0.19204025023536128,0.11824962269945784,0.40840694569851616,0.36929424673015276,-0.182142877398021,0.010204747635324338,-0.05808045544078689,0.17676911552198848,0.07750811796410419,0.2719053448168159,0.16426305364723728,0.1586068957072104,0.11330263303165022,0.1684438371107208,0.4013730368198456,0.21253631925971947,0.13113713704219143,0.4872434396746112,0.38381476136537407,0.393578929624647,0.5682823547463968,-0.28689885452392294,-0.07760426169402575,0.04096302673527148,0.1516462274998411,0.1886942093677445,0.05801019513271911,0.2296320633184255,0.1324646713848321,0.3337534886096726,0.13976760786783227,0.25294677003229515,0.3508800200642208,0.46682304620766646,-0.062390040596104285,0.17858280385304018,0.17695769517883939,0.007333850729461313,-0.0836598480694224,0.22533374190333502,0.20886660601424056,0.026653794533812353,0.0256464876841878,-0.08185570194648947,-0.08560003555284541,-0.018144919889084378,-0.047368886792723386,0.15457130770285205,-0.03660457801627925,0.009357077955500982,-0.04241370229623312,0.26588791608726337,0.14605626120672324,-0.14424920167265903,0.04210274575348646,0.19348976338569762,-0.06029847043590488,-0.04690670651520524,-0.011812491342578222,0.08848971703453393,0.012731138612313208,0.14035712396240468,-0.02820194290299992
0.015473205148373883,0.4536399675718969,0.5233375348960888,0.6318095081797654,0.32404008076226165,0.344316514151892,0.6496774071184818,1.0000000000000002,0.6656015504398105,-0.2500866075646448,-0.34332886634588683,-0.3001199387285335,-0.15645202435289385,-0.034788706206751834,0.015306104653909929,0.47379978210438317,-0.016396410705454736,0.4958234654817964,0.05087099473059919,0.34209564234407147,0.20190103776844695,-0.12317072451659895,-0.02427282414524747,0.09522235190964698,-0.10010134150754849,-0.0533867864101467,0.04446513777455882,-0.2318596259203731,0.09772775566679716,-0.08904954687924718,0.27675136700982617,0.21031642844587542,0.19685661077627875,0.1598367913824272,0.046406591476710356,0.34201315386904135,0.09872052789759221,0.224374324044417,-0.04242811079140749,0.11752500644027732,0.07182853963650282,-0.10488498049302947,0.06747011965313505,-0.205358979510042,0.33171989778464783,-0.1365023001296082,0.10251719459708956,-0.11842622077666551,0.009308349985300633,-0.02398878746913877,0.11764128710161395,0.5378492189502736,0.21914734306765873,0.4119668478720924,0.5290489499339749,0.2797558542241219,0.7716865491325159,0.8024297529228204,-0.44425619923668064,-0.3079473248999496,-0.20253917827589077,-0.13568866884001662,-0.05656707335207257,-0.08812097532116243,0.2848084079657199,-0.058168506607517954,0.18421299932219604,0.10754630538185685,0.32811182006379075,0.4152931912267005,0.37203822683789145,-0.21896578609840586,-0.0041337656260721865,0.20908931774352496,-0.004419806674344059,0.013522953067650742,0.21417872627569584,0.014323680541025157,0.16235448846390282,0.22292210105575722,-0.14256330792186453,-0.13609288509580475,0.050657095229599464,0.06510223174967937,0.24645600211324767,-0.05719996879923102,0.0651813211988423,-0.24377972480835033,0.3195510543612994,0.05102791913346615,-0.23095075937308715,0.013991253482226752,-0.011002455035982208,0.017461298164892572,0.04044243376931676,-0.1660497989247765,-0.09066970335273354,-0.24909972032874864,-0.045696367949256654,-0.0938889706249562
0.06756823392263156,0.5012901904364567,0.7099199113224516,0.2279312274466782,0.4662455770509705,0.7064614615938057,0.5764874846454119,0.6656015504398105,0.9999999999999996,-0.0950239932941356,-0.020917472527780215,-0.20903687944508362,-0.18363783690072147,0.017727829930678517,0.06630237646566176,0.3941249282213225,-0.16332141336842543,0.4909120526941044,0.07649404626351804,0.42054640134497784,0.1878964947648402,-0.0668836054760494,0.1270714225216819,0.1283103440714047,0.11640170207050354,0.2079617288882024,0.09647711392228175,-0.0078588973239147,0.13936131124777618,0.1768871196551725,0.07553479244363123,0.020803069890414846,0.2205087312466126,0.3541816027397613,0.032031448571366194,0.5991175886152957,0.27956650265461214,0.028184467034844618,0.09121151856296078,0.19679885494738028,0.1256062301016526,-0.13394060662863597,-0.023229703326864883,-0.09771394201434198,0.0980637295995714,-0.07165171324692363,0.21527802111074018,0.016838492386198684,0.3439231773143654,0.27426247775447266,0.0722884264093688,0.5617740356056334,0.29735316171727394,0.26077090627764954,0.8252294467432335,0.5898398186808139,0.5195055786860775,0.8656783276849914,-0.04074818167229099,-0.060215906769777325,-0.07989635636843676,-0.06591464594310932,-0.0034706554392663646,-0.11259407170763103,0.07167398771041533,-0.11175949499592196,0.33604013837852553,0.0759410364555264,0.2811944594849153,0.29056403403954034,0.2940566903335999,-0.06371725175335027,0.07006615366218766,0.4252161970757765,0.06843691242594413,0.07776186854371599,0.24604353870592055,0.22143922614877148,-0.0559498553584801,-0.025030698306656073,-0.17518246956564149,-0.1450120151699273,-0.07100287967831595,0.08614325117700807,0.10147607790403289,-0.07170176723020948,0.258325569524467,-0.06522042004043574,0.4683690102958231,0.046073806464568025,-0.17734487262358234,0.09928184324590529,0.25914681107504256,0.004354447465340507,-0.01371641328950996,-0.051437650858639904,-0.04217191675042424,-0.11437711368710614,0.15535928093764279,0.1754379611310428
0.01230193800450938,-0.08590458042414623,-0.008855515275824039,-0.1486053829989939,-0.26414965824843356,0.06182371796315875,-0.20908598669828937,-0.2500866075646448,-0.0950239932941356,1.0000000000000002,0.5691259880864672,0.6928181953777474,0.3570406121777322,0.5533145943341458,0.2719391281461356,0.07876734821435528,0.37520348796534697,-0.4532293598694218,0.5188531853316343,-0.5657330735629377,0.32564995639817673,0.5180252558695316,0.24829020551131445,0.03225052593517514,0.5879069398884524,0.3417707266518866,-0.08899554068292288,0.31523515293055027,0.38010628952484155,0.25642534509897114,0.23699520129381477,0.145989682135777,0.30461244947862026,-0.11714776475174829,0.11348533985803443,-0.153313631275856,0.14965792167805592,0.42030269528278974,0.4206525374188187,0.2507340680478258,-0.3514937891832873,0.20869275488323627,0.20057804610840818,-0.020579417634718274,-0.019916033252536047,-0.025895962391070077,-0.15102944958318476,-0.13943960562808197,-0.15254344971665362,-0.2252225191456223,-0.23328263666694088,-0.20696570371063336,-0.35151793434957546,-0.2820426893246615,-0.16036620127555032,0.0428677533312664,-0.18240046430409657,-0.18704136953680103,0.5198557612219198,0.6304088762778741,0.6735663620419505,0.32962320324494343,0.47819460615704534,0.5845870484617355,0.26901876487339454,0.47715938438308314,-0.48820848299136665,0.48646615954678896,0.13401250287152766,-0.43922932456663805,-0.17924491109678165,0.19382186807834395,0.3698534484520312,-0.24655029290073044,0.46550355426439444,0.3470194987564848,0.3466770406466986,0.3306620112695613,0.18601695204947083,0.09873333729283489,-0.01846207904740043,-0.3537237973486824,0.2245607120011857,0.23392012852845034,-0.051903219345142776,0.1220341924499001,0.1089963930589114,0.39157854084507154,-0.3379589890397445,-0.45824457114546485,-0.39635500920217004,-0.050471499102124937,0.13673184332567354,0.026299716025799065,0.2163555391186359,0.01997845401502259,-0.05513450593955098,-0.21464150913177782,-0.1056300119892079,-0.2382021731745427
-0.09531644416707481,-0.17854393498321577,0.03817394719284517,-0.11801563397370812,-0.12657678849312967,0.1928682775689048,-0.12408459943102076,-0.34332886634588683,-0.020917472527780215,0.5691259880864672,1.0000000000000002,0.5499170597228674,0.32421422430115104,0.4258043455002349,0.34307019917820003,-0.23513810421565887,0.11810157018505664,-0.4344700934335748,0.3056450541557625,-0.36080517419125463,0.22106675712700485,0.20921203435965058,0.36571369817378935,-0.08891913172529688,0.47274696115468495,0.3017088671735286,-0.30188953715274114,0.40994407914631303,0.3349718660013475,0.29415610576717494,-0.05992485065598714,-0.187885289262859,-0.023639023760532795,-0.16821114928852907,-0.12870774386162484,-0.14520556895411058,0.2397195339029396,0.024285950240612107,0.11415131132896339,0.08411681565653453,-0.1778609277899928,-0.06133469861377057,-0.20398415834428826,-0.03872717416098538,-0.2559883773386712,-0.06108066297130391,-0.09875940763529646,-0.0002811775002335863,0.1312068221715667,0.020678172089890482,-0.24901671419859206,-0.27303005031960936,-0.2453989238340609,-0.2439347012687327,-0.04577699026021042,0.2060076047797838,-0.3546340426262721,-0.17054779952541618,0.5641840048014857,0.6612871358729584,0.4667900690642015,0.4145123349008979,0.3691308389647488,0.4082889161200116,0.035536696303039385,0.31993590300491787,-0.09450135982383993,0.15616646353742222,-0.10364423181505202,-0.5250287620155543,-0.1947567564628089,0.27852980336364913,0.2982124229677836,0.03106867860097014,0.2238676305924297,0.23066412370532158,0.2756237305793181,0.503203338995044,0.07276911835212242,-0.3396892647694663,0.19442870174770904,0.07447395492682991,0.0843923149373329,0.09702698764136182,-0.10075385591619263,0.27666430854052987,0.260096643236358,0.5641542773404182,-0.15548059316818919,-0.03827792630686609,-0.11144463109781917,-0.17911643840665323,0.2532749004786693,-0.09816918523105765,0.10258232582575766,0.1423435305261614,0.0801518319372754,0.3034281707316264,0.10683851300130932,0.10520902701397658
-0.3288777117525216,-0.16048255773559875,-0.1129946324779092,-0.1355275613402799,-0.27138677074823714,-0.08971804619011016,-0.14660023380921222,-0.3001199387285335,-0.20903687944508362,0.6928181953777474,0.5499170597228674,0.9999999999999998,0.3694917659759863,0.5309317630905513,0.2839400999862175,-0.1856542450539645,0.5417170323636515,-0.4902876028071962,0.5546612114994014,-0.43520995031798215,0.45823788757637324,0.3709131576670654,0.1433249127805972,0.36824780960549863,0.5422114671695066,0.5273770888685309,0.07535181532031338,0.34978098212373665,0.4538750117951772,0.3225799310055998,0.21399210860513862,0.047785610871598966,0.07412388472732523,-0.20943998438193281,0.23820700212636975,-0.19449435635875142,0.29668105219461655,0.12872592848574008,0.18135368759702933,0.11608749340478425,-0.383928245196713,0.11786444303827864,0.12324991641377575,0.06574226704265451,-0.03562486614303022,-0.005651000016070933,-0.22588701751114773,-0.23964811450724427,-0.34631691076737486,-0.21578689523358358,-0.19206899342946845,-0.24328418401252697,-0.2038848587395897,-0.23439164750726066,-0.2392598907779234,-0.07133679966165012,-0.11450184271792892,-0.178894925240322,0.4853835633938054,0.6118462086436228,0.8287283799550477,0.27990531545318237,0.4987476561858671,0.6461810313157224,0.36377980252887304,0.3959718612678776,-0.3630235847250951,0.5509206051342684,0.14904226820324476,-0.4328963311916586,-0.039064433974663616,0.36332444394353997,0.49841926188729924,-0.10395367970848891,0.6796649086570904,0.2217699291214973,0.3828637528256297,0.471323877569668,0.07952531911568378,0.04303973325433566,0.0184781933164169,-0.33534489261683753,0.25305146946206114,0.2549458067721551,0.2142673547387232,0.05633395162726354,0.14300558376457415,0.28369317827754914,-0.3080673388385235,-0.3075855082418713,-0.16305323677537942,-0.1021880838578199,0.1891323628373759,-0.01231728062625741,0.22931716757921894,0.20860603511138215,-0.010761032948135275,-0.22493339224996875,-0.2857826505483599,-0.2900720165031592
-0.3108114684104329,-0.392163541327458,-0.18790684783858055,-0.2296462300797919,-0.45483218153206356,-0.17271684040851562,0.11515118178227593,-0.15645202435289385,-0.18363783690072147,0.3570406121777322,0.32421422430115104,0.3694917659759863,0.9999999999999999,0.44475616166985277,0.5516999148313053,-0.24300432524195575,0.2509347912571583,-0.23214693194034322,0.3018827181785638,-0.2726027497951217,0.3637241565283209,0.2764367264467399,0.23915696358373714,-0.14084310531230765,0.24268304518587996,0.09927083159858298,-0.036614298441145526,0.02681535335397018,0.3471184560164491,0.14769093502632363,0.07684465780863275,-0.21830958360875607,-0.04634326514365833,-0.0957180904904357,-0.0071602048014044175,-0.17733133568288495,0.06117463887670462,0.2732558818928611,0.28998155020639027,0.23801798533951327,0.01483231540942954,0.1514567432267531,0.07377055267346443,0.3438039994699861,0.1096697728888995,0.14584016830616076,-0.07626712132169357,0.05835928858781107,-0.25715327300589963,-0.08468998699666279,-0.3998390584821849,-0.35612801742014755,-0.26087504310005355,-0.37733409686159525,-0.1999465683137121,-0.05404544465055908,-0.3428572773618297,-0.16438076191716558,0.015648939326967825,0.34322344305062447,0.47069832489565705,0.8825787748434175,0.6753970346992191,0.3363504530280898,0.17629497290461546,0.5509562065832813,-0.16732888430110185,0.24337638250878763,-0.10703698967791148,-0.15816735957722827,0.13909838117327558,0.16530024217650016,0.24222028882209287,-0.13202424735945595,-0.00429184411870234,0.21216759775038785,0.19640420158338281,0.22324273025521862,0.06456332280401705,-0.25589310542720956,0.13070142955923886,0.044994940167010604,0.301035657816537,0.03259597492702073,0.130305065118853,0.27932605491172646,0.06519722769579758,0.38845827781604253,-0.09917559139298832,0.05376278497362525,-0.04588022286066485,-0.14695131508524725,0.28234907792008584,0.08651079675943825,0.1773881838538545,0.3982844704234154,0.2645445530831725,0.16531060751042148,-0.07406715080933154,-0.00042254544688754647
-0.23533394716382522,-0.06455192042566327,0.09591109087933894,-0.11828699986887227,-0.13545538534348603,0.06309855845422019,0.08334424762854453,-0.034788706206751834,0.017727829930678517,0.5533145943341458,0.4258043455002349,0.5309317630905513,0.44475616166985277,0.9999999999999998,0.7080238515529214,-0.0024812011193309047,0.5897444239966102,-0.13701946582930175,0.9039263021755681,-0.26462252962255317,0.6627168942972773,0.523207401731543,0.5802610121362093,0.05662719787966919,0.4862577176483823,0.41834162305901074,0.09426736857257004,0.3602544561565606,0.6144007799594564,0.6063453561873305,0.029415771899428116,-0.18303371859615863,0.04127893837039889,0.10373322515679198,0.148170329636316,-0.02625527202891947,0.2551617974411493,0.3262519113650313,0.31234581445173,0.29531076403492323,-0.08513257753872575,-0.007005508702778046,0.1735680444731873,0.06557454204893431,0.034600312599250116,0.235308061064641,-0.0810610441894076,0.16332984245022705,-0.12674578795832403,0.021336349873367064,-0.3925236753926189,-0.13311064797377864,-0.24371473631346308,-0.19978610130520738,-0.06255140140134509,-0.005116396578509587,-0.0922683134104178,-0.07463175770699414,0.30533112030696397,0.45934486330520713,0.6069343680088692,0.4265341647810886,0.7682942673048554,0.8392610312126381,0.6308411927545944,0.754863449736607,-0.11631040431965524,0.7679482964626322,0.25313942476154805,-0.1622073225554399,0.21273193106874883,0.24795113133431088,0.6693783604264937,-0.15381949632246117,0.3237474098746928,0.23238902899120573,0.6099326886951497,0.6000786855949626,0.02745910041697642,-0.18421648642566404,-0.07702329623379606,-0.2881916026516233,0.19496815307011467,0.16815554859562043,0.24555765050899084,0.05519876735017025,0.1661966705043479,0.37201601686330205,-0.16684900866970012,-0.12044474526815857,-0.2686968848569472,-0.32509114464101974,0.22569747716787641,0.08128121034450113,0.10769030714621639,0.2528446718982988,0.2562300605195772,0.029388252803970033,-0.034154959614103815,-0.02568956433752824
-0.2419874737504396,-0.06207087064489114,0.14410679964750914,-0.14116680820093236,-0.11312996570042519,0.05802635319913747,0.19858669295219536,0.015306104653909929,0.06630237646566176,0.2719391281461356,0.34307019917820003,0.2839400999862175,0.5516999148313053,0.7080238515529214,0.9999999999999997,-0.1270685465419603,0.19095773530153776,0.10419789805027274,0.5493975896656974,0.00016452466474190324,0.7426775578487265,0.22740166615582164,0.5463651679961378,-0.10269556362328582,0.3617936454810765,0.3602252105809731,0.0012211832636603137,0.2088858444274534,0.6234726793279787,0.4160914105695619,-0.06508801240227456,-0.43464289289127883,-0.195206302640361,0.03168856477603959,-0.09413877001055493,0.03282594380943006,0.12622665807025268,0.005668734787297781,0.004059045325773184,0.0537673086400804,-0.07998711229185325,-0.08520028756501068,-0.06834354540001826,0.09014902823066868,-0.06435723615609337,0.14289745242535737,-0.17739290012828268,0.1318073592003811,-0.04401106345113158,-0.0050684721835764415,-0.400406641110328,-0.03528389656013266,-0.1418990814074864,-0.23602174030689693,-0.008374585158424507,0.15823199828171988,-0.04391699809280696,0.015835319285921173,0.22433463494594852,0.24094947717140494,0.41236482737678576,0.514182277828468,0.5600935665307594,0.4123639798738781,0.48688918833574957,0.8454770783442771,0.11850944020167684,0.3502576917344131,0.1561973609750478,0.06301871379733104,0.4411557709017484,0.17841021767760934,0.5122446123672124,0.027447335243770788,0.0612295288106731,0.22152415742718606,0.5582007128992557,0.44610773993575786,-0.11495411643648042,-0.45817602478150216,0.009268560076377007,-0.09165839064984371,0.06897012072275152,-0.043687270031210396,0.1759786138533694,-0.04916216560276611,0.19833287891220577,0.33878304999654296,0.060560163115996955,0.05494725928051335,-0.3082001599435108,-0.38542000232685564,0.21156847786524158,0.010802513340421392,-0.07553008597872861,0.30592359391870194,0.21247756232275597,0.19021411983340566,0.11700987239509898,0.049574210850955966
0.5793016820784741,0.700847227633613,0.3822703906865778,0.5409736732911592,0.564478311327543,0.3622147264859096,0.3787278444867013,0.47379978210438317,0.3941249282213225,0.07876734821435528,-0.23513810421565887,-0.1856542450539645,-0.24300432524195575,-0.0024812011193309047,-0.1270685465419603,1.0,0.1426439340030253,0.37605801678635653,0.153811982880986,0.2122788231234776,-0.052898252739835935,0.09501882331443845,-0.09858021967671311,0.09829861722924253,-0.113626005347785,-0.10201202039934924,0.1701336933948139,-0.1811021423778188,-0.03891016645271197,-0.038489877638177045,0.4103490260434683,0.3695083156714386,0.6276995004289915,0.10260633002003319,0.13174169846339637,0.17107453345389656,0.09610917641210714,0.4198666551036619,0.31701172642994413,0.3106730928554725,-0.034448524188834304,-0.12701456100384598,0.24567994823355485,-0.20744669179999392,0.33025317035455953,0.096532653728672,0.09600309522796406,-0.04495008200674497,0.06295039585328452,-0.02672749000702102,0.3737730233829859,0.6575407195935006,0.5197718384821425,0.5656679887900494,0.4930066300300683,0.05848437288045387,0.486796800567023,0.45051876204860275,-0.22932747275142862,-0.3265552246624689,-0.18022171169351925,-0.2942377516959187,-0.0657122054234536,0.0029044616382732373,0.3001272702956685,0.07282633823261561,0.045353343332993824,0.12422340110547747,0.29877727700084267,0.2716168380348655,0.14156232113218997,-0.17743020741631355,-0.05279678660121233,0.01624456195755743,0.02772753965552986,-0.06754615589328196,0.09393692896558475,-0.06482226087251501,0.29262949548551226,0.3858003856298792,-0.3183866688453635,-0.26121668348409605,-0.118944790055889,-0.06254044041818514,-0.043858192223865604,-0.18418235555697726,0.02503073746513299,-0.29124431351002567,0.08469223244142637,-0.21830415543523854,-0.12170653233242634,0.15410957375289938,0.04057408414185117,-0.13319055119657744,-0.079921793177749,-0.3274198663151379,-0.08244569260612694,-0.40220670442524803,-0.022634500187032974,-0.13689143083362088
-0.08991307199714417,-0.03954058504915365,-0.05924029146198155,0.06575599497601599,-0.1469435360962023,-0.09799948048258399,0.11746649274871701,-0.016396410705454736,-0.16332141336842543,0.37520348796534697,0.11810157018505664,0.5417170323636515,0.2509347912571583,0.5897444239966102,0.19095773530153776,0.1426439340030253,1.0,-0.018964996775100062,0.6822758968714175,-0.2253494643358904,0.3372972876246851,0.5936348306788853,0.31068970352678466,0.39066984359320084,0.20229155181420236,0.22855990150354005,0.19638955975877112,0.28230953573698286,0.41471733608540556,0.35988551956445936,0.13332168072999087,0.11206657640407493,0.2317777659814291,0.21511657424134556,0.5002656029681406,-0.18869757148890653,0.14680513138941387,0.23649473529950518,0.24090806581975346,0.23993057266311804,-0.1416875173670763,-0.08627034431497803,0.28792836936575084,-0.18008007131371845,0.0862029791535013,0.07485331043618393,0.04136207099317788,0.04216989078835142,-0.3286466554841726,-0.2114043911212823,-0.025886187758838865,-0.07440834412441473,-0.03426641547906535,-0.0023930073352440248,-0.19679328699779097,-0.17698616283359417,0.13338131114002824,-0.11168836478058165,0.02456627450110041,0.2326848183871713,0.45380240500255803,0.10964147572703659,0.48645270357303716,0.6522982091999434,0.6232374506091801,0.439094542492252,-0.059511815125030024,0.75541903589264,0.4250928438755149,0.0354408940364641,0.20169093490911058,0.3122353339256048,0.4650485429477108,-0.10705673889519468,0.4660086799505554,0.04257671713879582,0.39870518980996666,0.3979095828870444,0.08285048699924034,0.17101402408643557,-0.10027757322451318,-0.3260764526335542,0.12027261472188332,0.2823510094684274,0.28098857685109246,0.1464942224183431,-0.0577155035295281,0.09142771391837937,-0.24157119008960615,-0.23492106827031387,-0.07209613291578783,-0.28318877223707234,0.04301930769560799,-0.07675920516743884,0.027257726140025716,-0.04978376635057529,0.03259698562881624,-0.14887021774681272,-0.20891442059030005,-0.2955231948914068
0.17594912201231677,0.5004074137205274,0.5661711394773195,0.18920165588289875,0.42337847091702535,0.39439735511914065,0.5349083503461126,0.4958234654817964,0.4909120526941044,-0.4532293598694218,-0.4344700934335748,-0.4902876028071962,-0.23214693194034322,-0.13701946582930175,0.10419789805027274,0.37605801678635653,-0.018964996775100062,1.0000000000000002,-0.07187430889483885,0.6843405545177529,0.1174510468117307,0.10386877336173304,0.17689563104022213,0.10614087772575805,-0.1781306001914881,0.0071131248060334095,0.028239278985907317,-0.1342253629755575,0.09947451389036494,0.0790629749250786,-0.011330723632597937,-0.10544805462674739,0.1385023233611537,0.601965074324616,0.16654063412870854,0.36549219591399673,-0.24817674445532475,-0.24344311347117398,-0.10104680636854585,0.06938663616069081,0.1361697542982021,-0.2163434888093672,0.009931761031687173,-0.3706529321937717,-0.03739658226435818,-0.17065434286132497,0.23131413042312796,0.10558777139541531,0.26439409925617163,0.030097058368759158,0.2295591855356481,0.5793685502302124,0.5128755213282489,0.285700637135191,0.47707820834106507,0.4294412894107105,0.5508890220906573,0.4621428396803645,-0.26603331109646994,-0.4058827267439935,-0.3997679289808987,-0.2058559668778671,-0.1859660120925257,-0.327754468872356,0.2476476971633283,0.04456709621314692,0.6122729027489041,0.0300414073734118,0.5632105202568676,0.8422760588611465,0.6613415550001368,-0.03838479488147573,0.05831370863044757,0.2000504739707701,-0.23104919983669062,-0.12050532111087817,0.13188204298404607,-0.021605103837587774,-0.044143700116023,-0.09276365516481595,-0.12941904326206824,-0.09741538616144105,-0.33885829454637734,-0.11258463719640288,-0.057942101213860925,-0.20757440540679883,-0.23197500922556563,-0.26143647962542926,0.3981551400460845,-0.020249025048734156,-0.0534347020836981,-0.09924232052938749,-0.13748817558394696,-0.17241030041130903,-0.425118425653297,-0.3700586000915939,-0.24966725836956397,0.01648553152476918,0.3434302469071849,-0.09324658786651942
-0.1444618046786582,0.06211847279292601,0.1727062509689046,-0.03883291365640705,-0.053945288079737,0.11706852802640774,0.1943877304115913,0.05087099473059919,0.07649404626351804,0.5188531853316343,0.3056450541557625,0.5546612114994014,0.3018827181785638,0.9039263021755681,0.5493975896656974,0.153811982880986,0.6822758968714175,-0.07187430889483885,1.0000000000000004,-0.14190534456342843,0.6869394072075495,0.4695616445335144,0.5066729078657066,0.20495619086236858,0.40688764347762574,0.4017140714181985,0.2405683006140915,0.3699013143046713,0.6270202131941135,0.573997347745805,0.1430975994719294,-0.025689903029886548,0.18334745399881644,0.16802260022987764,0.2486715504098605,0.06370388349113168,0.35490443646972925,0.3819186464718011,0.3897139734739917,0.4047112274831901,-0.05855256879233392,0.0536152885838249,0.24293563640798238,0.0339838662218771,0.04111939107014699,0.2266844445871261,-0.020671381738768323,0.16197392306636113,-0.1452521956918585,0.07726443965230474,-0.2822565968697211,-0.017767043092023663,-0.2175058473977258,-0.13528745598599995,0.022309235951434126,0.003997282842381339,0.03406837177179224,0.009015423899254024,0.2264971678090266,0.42714151474836193,0.6349073020355412,0.24606622806593031,0.6482731097754563,0.8519979610621715,0.682947306495372,0.6578899161840553,-0.1487295758764571,0.8600636088587811,0.3283740101463866,-0.10273447112273434,0.2808248710800062,0.118783335179485,0.6747079315732751,-0.14102088152076908,0.44291634888296816,0.17992031198462247,0.6387943644024716,0.5885130793101678,0.01807482706016158,0.024072798698892048,-0.14567646889311953,-0.3867003160914276,0.07857136742479594,0.16052272160760578,0.26974983679566245,-0.09659773964065896,0.19940044644934696,0.24325804099677484,-0.1021486540432498,-0.14336576056341113,-0.30429256045908587,-0.2841119141519553,0.24946158865708848,0.031735863140142526,0.044123490401298184,0.16438037032971203,0.17778382384892316,-0.09864014005610514,-0.0856594292979314,-0.04250200856121126
