0,1,2,3,4,5,6,7,8,9,10,11,12,13,14,15,16,17,18,19,20,21,22,23,24,25,26,27,28,29,30,31,32,33,34,35,36,37,38,39,40,41,42,43,44,45,46,47,48,49,50,51,52,53,54,55,56,57,58,59,60,61,62,63,64,65,66,67,68,69,70,71,72,73,74,75,76,77,78,79,80,81,82,83,84,85,86,87,88,89,90,91,92,93,94,95,96,97,98,99
0.9999999999999997,0.33848734145692577,0.5703335589363455,0.2977840903173151,0.3525766569061857,0.4951122333396906,-0.002839965796223454,0.37144251793568267,0.2647509793909638,-0.037479830956780626,0.28373956984391213,0.1565311070940173,-0.08678722158484586,-0.03141976783154394,-0.102088021733358,0.4235057932783122,-0.16157636010083845,0.2859671752608356,-0.02506200959108195,0.03249802414346717,-0.08304977963099047,0.10159448967390079,0.03152124208774536,-0.14726134019983284,-0.038769787510424425,0.16169697339844943,-0.1392470021749435,-0.20823362238858656,0.012118874250829349,0.056091961285104915,0.07377661611003641,0.3402160073309829,0.2413245940231392,0.03797941226237845,-0.08598571753907833,0.15799253910122205,-0.11961455175553046,0.20924001753324567,-0.08046450015500807,-0.14428303577034227,0.05929271727551069,0.20013294234793327,0.0032305674961475477,0.04880282004581028,0.20959002049427125,0.03754089260398202,-0.03568340194528335,0.03629807439693925,0.4078013414364699,0.0680365937284974,0.7228336959989893,0.4019182551633028,0.35486147946384716,0.2694635446627756,0.4259232747417185,0.4466528662571256,0.3971993621660223,0.2622894255375737,-0.12477796300572586,0.222265757274067,-0.17040779202666329,-0.08654015306576159,-0.018902099891844958,-0.06152520559405763,-0.07175661845081432,0.026985742743479244,0.14218479753190139,-0.03383543395582245,-0.03342523029920416,0.35478248240280014,0.01776869852396568,0.1632436346643949,-0.04429588673285781,-0.38750754435696877,-0.09907807440868066,0.07125303641819908,0.04742151381227708,0.0026367660713603742,0.08705108590347473,0.3064640464893032,-0.3526160162622147,-0.0038553944601480952,0.15883935964573878,-0.09545052011432462,-0.21548091456509716,0.04159410100573589,-0.05180335582794212,-0.2738905196935315,0.24835224087834534,-0.32626406677016356,0.17152416028164888,0.049645786299179324,-0.17960359128152603,0.13688160401966157,-0.08956155924452339,0.030911463229095347,0.16262432011361067,0.06602422917769568,0.5339263678439083,0.09808059606911926
0.33848734145692577,1.0,0.8254424178308074,0.9211607200014434,0.8833047921804685,0.6434646687449399,0.038329363162135546,0.8617448237471849,0.48028120114749795,-0.0035395648347976935,0.25498661291842145,0.22867710736895616,0.21702632156619964,-0.22006033423959828,-0.2036884725072826,0.5205069060118364,-0.0021356925968165842,0.27605828487188544,-0.1319216329998407,0.09488073524495662,-0.1805646550253569,0.01173960553225904,-0.17117711318767234,-0.01602342965482037,0.1379846734363464,0.3648516017365227,-0.3734531770167443,0.10548120621160144,0.3728206257552888,0.22533616344831936,0.031015209871534166,0.04130969627893454,-0.39408296799404774,-0.24559753449024715,-0.2917866065243203,0.1987166030095829,-0.1946268851082334,-0.21600741723589467,-0.5470612113263555,-0.4056883455352023,-0.5701678677340473,0.13379181449859448,-0.29838352147516206,-0.3259788123427375,-0.1563041095705461,-0.4325649074944826,-0.5677658224940321,-0.48408094527529666,0.14102743887925467,-0.4102921304718877,0.5236295261540743,0.9455068811113699,0.6313416118596825,0.9146911350049428,0.7351557493502342,0.5751059107378089,0.843909548852198,0.7596852456552752,-0.2526686005552769,-7.081601672640055e-05,0.19870387902493744,0.26918485756102445,0.28628590736364734,-0.24542180804856534,-0.1420900580373537,-0.1637825705983501,-0.007538365709262631,-0.04328432206287577,0.08205621470096743,0.6237646539798543,0.46757069513631727,0.5818748005895181,-0.08526117031560328,-0.44455364739959913,0.21968274113583508,0.4596118510363935,0.45804502286397947,0.5043243915422576,0.11027648606374253,0.034249622295522635,0.205315933615629,-0.4164672207052275,-0.030946386167601564,0.21188347932228674,0.012753486444340855,0.19076375144867844,0.004548632146384296,-0.019749627681643372,0.39323344749861433,-0.23818636937685328,-0.3678505470122683,-0.06082157792185197,-0.4575563037640974,0.1522003055966086,-0.029754534967458095,-0.22735141562112907,-0.14319046720734474,-0.26661894890454085,0.34308343127407764,-0.3390312375090026
0.5703335589363455,0.8254424178308074,0.9999999999999998,0.7326921539318337,0.7628522836251415,0.7888621830984773,0.1525422380671314,0.809981674911746,0.6313947412486386,0.03251293219735913,0.3871731712977155,0.2983145925723139,0.08088288462762507,-0.09828448397879168,-0.12196170349822147,0.5987248817255716,0.005420389692943238,0.31682923728237633,-0.049556090898446904,0.10586054476033988,-0.12066410907784339,0.06290418236841346,-0.1284816788473303,0.05273826705192768,0.24545643531133168,0.4342127062552742,-0.352267667373455,-0.0314910766482321,0.36973080885044285,0.18052108976870976,-0.09218654052885947,0.1324070997935497,-0.1919601511196193,-0.15391612760898563,-0.23160840464570043,0.2518455970933874,-0.18871023301511997,-0.06555759152816723,-0.3578743081256759,-0.18236404934564626,-0.3928213698698001,0.08999507806540756,-0.18939039168497013,-0.2523165289032041,-0.05505248728717258,-0.3565524445086768,-0.4803145409502486,-0.3893698435152085,0.27563800553786,-0.2980017767796622,0.67756218526834,0.847173388070228,0.587325427086328,0.693884231678486,0.818584127439953,0.743749734340439,0.7455690240566757,0.7386547277860942,-0.22997402115383206,0.07266551879954186,0.08857239263677834,0.1336957066507408,0.26357757799267734,-0.10070197361743398,-0.023235020825053895,-0.06665856670296605,0.12535365702553095,0.011874901789414046,0.09539315678717733,0.5576126914795319,0.40524042019192014,0.506406025946008,-0.021078562005813317,-0.39590827386378774,0.25150082098287013,0.42806799502374177,0.43328539907097274,0.39292906546692624,-0.014102208971189262,0.08448802441669018,0.09061821855922914,-0.32602044086142207,0.01078785374002634,0.16858172144713574,-0.07835773495351732,0.0988715132143524,0.012719148405871019,-0.17027148377018006,0.4161292224601092,-0.3150688401517051,-0.17795215319850202,0.07756640425033699,-0.32446732577124554,0.13370367307685602,-0.10318707886716634,-0.17372676522597816,-0.08500874288404543,-0.21369592314696476,0.45438847102291013,-0.21922134051685027
0.2977840903173151,0.9211607200014434,0.7326921539318337,1.0000000000000004,0.9140826784395812,0.5381707688775488,0.037786241969263036,0.8028612518051573,0.41367386683558977,0.06801788340307703,0.31713144050851894,0.2860820781880525,0.31701084124734474,-0.2849397634052202,-0.19365520921492368,0.4673877423335921,0.032380005939663614,0.18598854029139975,-0.15722387399495408,0.24550582642102542,-0.12740982371095616,-0.02087241367886967,-0.19645619112226143,0.051132134386281794,0.11861587295482087,0.36983543232147326,-0.2660634241747245,0.11186892988920706,0.42487596439427266,0.2952077186665697,0.04450517148811642,0.10894146102699052,-0.3579267103256097,-0.28169410504441433,-0.3645829957966183,0.1400669974056306,-0.12865331813604552,-0.11962323559465479,-0.5085074764450989,-0.4531177014961443,-0.48676863981105767,0.06564452710402371,-0.27954674478768105,-0.24845873693158943,-0.06868238759737982,-0.38817572452149385,-0.5670925715404638,-0.4548167953164608,0.14614335911026838,-0.3274035875934949,0.4408578015861683,0.8712819825671705,0.5743206174933835,0.9592132850956061,0.6593938448900367,0.48240731791005,0.7675061266879362,0.6623694596695533,-0.24165825792356238,0.01165499518229542,0.24928747980464053,0.36257531080418137,0.3036217912819692,-0.3179098373813508,-0.15784321970148543,-0.15879478777758255,-0.027095903404631732,-0.0012203080839160848,0.09044462500242204,0.5445258026784657,0.4466313070315985,0.6136027551389588,-0.052065998992733155,-0.46631603631949886,0.2888929824277898,0.4488432339475164,0.5276489330321292,0.6191963968877862,0.15899906363475072,0.12331968792314388,0.23765745629382928,-0.3810586014149628,0.06637205610725681,0.2146875081523723,0.0768322350552132,0.17609713178113967,0.0798702443842499,-0.011106236235897555,0.36146911270186266,-0.2112478055191967,-0.4102405985112076,-0.12171748487200669,-0.5378296144673268,0.10773597924374453,0.004070426555649815,-0.12625119167868418,-0.07585570049110192,-0.2690884626988349,0.2922401133830823,-0.2447934227548829
0.3525766569061857,0.8833047921804685,0.7628522836251415,0.9140826784395812,1.0000000000000007,0.6173993602369012,0.020151923186251586,0.7752887320109729,0.4532113820147523,0.05099870490409039,0.30100556447403765,0.26485966579550013,0.24944848551087975,-0.30225131054939003,-0.23314347416973707,0.42529591830196467,0.03721902674156927,0.20911183721812227,-0.12960603646066027,0.20237717927762405,-0.23564417240238264,0.0202551502876493,-0.20523351305935944,0.04592088480093559,0.15501281555342825,0.33808462707103515,-0.31648404090938237,0.0271134454152896,0.3689317334071404,0.247245399256513,0.04994042936270561,0.19873281451073366,-0.2667386347701889,-0.20275711626895535,-0.32434830893074185,0.13310546149359878,-0.16391323109808686,-0.056188324606621695,-0.44225733234473874,-0.37404423844053936,-0.40273364102693304,0.11803049077231147,-0.19312146230768765,-0.2410316073091931,-0.028825831771598958,-0.3317469015854613,-0.48059055971407805,-0.416704747257023,0.18676544694798716,-0.24089131093843308,0.46020148410306594,0.8120431995148659,0.5057490784301201,0.9011452903848365,0.7751808037794594,0.5379175741831848,0.7215381201627991,0.6516806359338636,-0.20794818252766975,0.0389678777377646,0.21252828436841376,0.25904032182857506,0.22885755029302726,-0.33065881896513677,-0.20841871094601597,-0.18604284107333127,0.04815647214317983,-0.0776159062882778,0.08083400961814842,0.5165999098258883,0.3516024905228233,0.5927510948667738,-0.14245580611848996,-0.3933351928449921,0.2558570706415868,0.4309443182538924,0.45697505076667433,0.5171173751126413,0.1708541040189919,0.1845566750195894,0.20507970447458163,-0.287762676599121,0.11462319725647203,0.22449817009308376,-0.0048702733118860106,0.2245881481566006,0.04938730503810345,-0.04514261449694534,0.3900258379909924,-0.1983457505502629,-0.30762241997749584,-0.1095111324133939,-0.4354934341363819,0.16133089613703736,0.04424486858760267,-0.08756656475496026,-0.009759681785937011,-0.2426886225460126,0.3323556701891652,-0.15207068003107002
0.4951122333396906,0.6434646687449399,0.7888621830984773,0.5381707688775488,0.6173993602369012,1.0000000000000002,0.3440108467082516,0.6971827730159126,0.7023257814399048,0.02902347482600329,0.29681225729121874,0.16193734544675834,-0.07280131081580248,0.0761447505936739,0.0068720640171729035,0.5477007203856413,0.04640009466950587,0.49629556157864363,0.09813582114930591,0.07760344101551526,-0.10903603924880773,0.25545794469941613,0.08170334574616607,-0.03992559325222952,0.37404270564121966,0.3055897436550837,-0.3116410753585245,-0.08933258085531942,0.2544279465950555,0.1714803258463606,-0.06130473110750579,0.06551056457443971,-0.09469973534778665,0.11395288906079998,0.026606470532253595,0.4193441971264848,-0.1935977200211852,-0.13117461059835306,-0.21382507919196567,-0.04511923916544226,-0.26862082126570275,0.2106577453360555,-0.05976722126810046,-0.2394101637217962,0.053772027667933965,-0.2684673314357529,-0.2743747235144555,-0.20541558771100066,0.35959875185787926,-0.16883464253166525,0.649135822044779,0.7166498582828406,0.6011661613692157,0.4897201872443406,0.8776525048643599,0.8694872562867128,0.6911741504639088,0.7317222599074562,-0.08372281679648141,0.13851424743945587,-0.08383798308598753,-0.051262831100354754,0.18650751574112792,0.06418325650809617,0.15884156096188698,0.08230976489279809,0.27151767386564296,0.10100768686858229,0.229403609064979,0.6041787229275695,0.3505612231179347,0.4315935865429311,0.031392999091696135,-0.3161994129154698,0.10942528346460204,0.35844967544396666,0.29086132989322067,0.18801368985093822,-0.04891722548537412,-0.032931890612243664,-0.0676329461100006,-0.19647722656625344,0.04182283216264015,0.24037029649423036,-0.21889201823788115,0.18740274925903253,-0.030949180810719828,-0.2218750221832769,0.5154412962886553,-0.3681806677422978,-0.045470995442992594,0.1918902379127231,-0.22696285382947504,0.22300695634481313,-0.1487288250640635,-0.2636836206359654,-0.19832621862348768,-0.06815312414769979,0.5748429817536777,-0.0851912740435578
-0.002839965796223454,0.038329363162135546,0.1525422380671314,0.037786241969263036,0.020151923186251586,0.3440108467082516,1.0000000000000002,0.34332446043663917,0.4261189494026034,0.2735704653624578,0.065263796354476,-0.028244928593794554,-0.18817459073026957,0.3478145346197672,0.44531027185878874,0.4971919227787315,0.3923161187716896,0.40324149196310655,0.38670308072568166,0.008578776742886979,0.39763530374186734,0.37890582921670485,0.4064110340730245,0.1360791312390295,0.3393466673942743,0.08060044437375156,-0.09946978344815753,-0.07811755668585409,0.033104001395287096,-0.028551664890455457,0.017027226775397124,-0.3067464810390447,0.20489165008766766,0.17856084350375168,0.42142634248007516,0.07463949145537516,-0.302195068739936,-0.02571037800623553,0.341657347765942,0.4115595698583647,0.16328838109549984,0.01796894888945516,0.31332784389687934,-0.12908060854112274,-0.041357565993595594,-0.1299119816839761,0.06158714306522933,0.06536437388888881,0.08996695935777252,-0.07048372673926662,0.24292024147380467,0.14773947349951025,0.4185783530720521,-0.013296276092671753,0.18551662661987725,0.30769311216355105,0.3634862639072434,0.24256103064991294,0.2958210835787499,0.11112922746007307,-0.14845571103890406,-0.23421183208636598,0.029199128398179446,0.37030200107855327,0.5173131496187316,0.4731367621278322,0.6428879055754787,0.4545515370382646,0.44729602917295685,0.3715004245159079,0.3007600932387203,0.23613160676189757,0.47587816355841883,0.3258398152908643,0.12229497262680251,0.04178983680547656,0.03421455984688488,-0.06627416468220924,0.0051885456496386356,-0.2814571426871923,0.1476593320980259,0.09837905904664865,-0.041522839587610785,0.29185242721417665,-0.22128803190241317,0.27779249827691843,-0.21671481616769128,-0.22852544765016697,0.19012731175537909,-0.030534818262217753,0.2527937121056514,0.23789527091512777,0.31586622060328196,0.12926768504984218,-0.026226692384303786,-0.2072773329372174,-0.23433690810327926,0.30552138960139774,0.2616839223067781,0.007559383352064431
0.37144251793568267,0.8617448237471849,0.809981674911746,0.8028612518051573,0.7752887320109729,0.6971827730159126,0.34332446043663917,0.9999999999999997,0.712871354563922,0.09173417354500113,0.2844078958133375,0.1774219492697453,0.040117304333812026,-0.10410770294254236,0.00014419435066166216,0.617434345007447,0.10313024220374946,0.3870326270251194,0.02509324566971565,0.05666137561546371,-0.04381313030809298,0.10862540450516654,-0.028133964855161883,0.08077629353131247,0.19998996433290206,0.3633130628968981,-0.41828338041510293,-0.04178311582644211,0.3799787953569812,0.12303454450340834,0.04278365241183354,0.016116377126979022,-0.2694155752477076,-0.17903158297947616,-0.16701145505180437,0.16338400268228737,-0.29389448860572237,-0.17758939922273453,-0.36349041614151345,-0.20430148854397992,-0.455333372083674,0.16267682160642358,-0.07716387845129485,-0.32928233227406534,-0.1425056465467531,-0.40567611679753485,-0.4985339618160744,-0.4871903305860002,0.10216972176821017,-0.40640368979350544,0.5392087412343264,0.9056711507403014,0.733926851727194,0.760470217963526,0.734853333277236,0.6010342320577763,0.9392841500529342,0.8472672326542617,-0.16546344408232883,0.08902485323315805,0.0558273405034721,0.08520721914866292,0.22369134713648234,-0.09228577025318425,0.0691962283806392,0.04186279373182338,0.22810358697112096,0.10438807309031357,0.2573935622359442,0.7267135455039145,0.5422142784490288,0.6067898713563925,0.08411333118305611,-0.2644875180021654,0.217361770426886,0.4620797376942175,0.5057228114416018,0.42051605917693974,0.13634039156022126,0.018279752166339314,0.24323933758644778,-0.31615580203624855,-0.013058652885956184,0.2829084115803748,-0.10282080570129838,0.2687257614932943,-0.048007554753786104,-0.18958010505212436,0.4207679167097336,-0.2661603770532458,-0.2736100029819156,-0.041439639271723165,-0.2716006813895679,0.18111160082319455,0.03156311982898536,-0.247482590855658,-0.1357696372260912,-0.18804608900529868,0.34684787021216523,-0.29867999328379785
0.2647509793909638,0.48028120114749795,0.6313947412486386,0.41367386683558977,0.4532113820147523,0.7023257814399048,0.4261189494026034,0.712871354563922,1.0000000000000002,0.16210897976653016,0.18550345004775456,0.13668286428794754,-0.21787235957512868,0.14475783500054062,0.2035703861329875,0.4164785010560746,0.0712074211623893,0.28070317994553257,0.07010260827188622,0.1457149840774723,0.04667726253087523,0.04830394585956644,0.03142890454068871,0.1368265260219916,0.26576692278172176,0.1418765535813641,-0.14759400013835663,-0.1550809737123595,0.30927266923661173,-0.00075079755964898,-0.19185371272311066,0.0005151603764326518,0.04568029954577305,0.0890540888229045,0.040795819687009294,0.4315569599453345,-0.011918319646712996,0.035443089984781184,0.029520799521317753,0.1292039643940996,-0.09354951755473132,0.06018345534713003,0.05586879939023423,-0.1546213508597704,-0.03654831645870671,-0.1477362978608246,-0.14979879996501205,-0.20677947711948005,0.2156045638102357,-0.023606245536644258,0.45165210911252485,0.6035014411676471,0.4717179694965303,0.3409168195584949,0.7098919976783189,0.659824201212967,0.5898154830930127,0.8184058160039284,0.08488625722348046,0.1422154307159224,0.00876250629689597,-0.09628043364963958,0.21839887150158044,0.18672947620424785,0.3023182840878558,0.26282841567888926,0.3234161643509224,0.16401166362561237,0.28679776290541026,0.41399021157870464,0.42917483996973543,0.31816608931967055,0.13529209082786495,0.03245693429638445,0.2347347625145786,0.2985650399662048,0.4656198428659549,0.17705029533938726,-0.07521797253615072,-0.027737404112594267,0.1753016398856569,0.049520841600757114,0.07029991581905368,0.234882243259095,-0.024083148217362522,0.23455518462725597,0.1901848378107966,-0.14573723668709612,0.512120365740636,-0.06606612334622454,0.048229166579691916,0.1451743110430332,0.011280187519618342,0.08369046287399735,-0.04721950705676636,-0.1343185897500589,-0.06443650188675061,0.024112948899284007,0.3503541344369962,0.0739179100380527
-0.037479830956780626,-0.0035395648347976935,0.03251293219735913,0.06801788340307703,0.05099870490409039,0.02902347482600329,0.2735704653624578,0.09173417354500113,0.16210897976653016,1.0,0.37711958465153994,0.5695464517020986,0.18296216036793977,0.3401097684040192,0.416972231023284,0.1944896602009887,0.12358903756426946,0.15693323477536333,0.14982621739162885,0.18671791411746355,0.416981564039531,0.09942558192356478,0.20133687569454609,0.38364767050517357,0.3654936195463409,0.06178814160966723,-0.14696787309901052,0.10777136902022465,0.11122946525676973,0.22488280771582844,0.041222631673070186,-0.10415167266576215,-0.05546509815048786,-0.10571099958065586,0.0765163769189896,-0.012933782824843691,-0.08492639216060054,0.015538795418982001,0.12048483312863496,0.15244205160790572,-0.12280141773649937,0.06748943940338614,0.1200204376227609,-0.0045788220496212,-0.0858266161048913,-0.24305524034148343,-0.259543891714555,-0.10812590853916554,0.03992941547570737,-0.11202561069018489,0.10580312516895364,0.04664082934351917,0.28827329797255286,-0.0002106251479965514,0.020993216818597223,0.23781654217256726,0.10710042494585084,0.10297668605425846,0.6744511283708499,0.32601705629566274,0.21117956954774755,0.17581344830046883,0.29255331219226915,0.2215910407996169,0.35303799194505575,0.40162087447297723,0.306455648649351,0.26523379531973856,0.3305802118219897,0.2317769166051377,0.48843272266615506,0.2588888243658948,0.32992529512547514,0.14668819504979444,0.5400245182530559,0.23564302952890523,0.24030311274906108,0.21389648432612368,0.12103315091000781,-0.08830938952865919,0.3012195204300359,0.01415752178967802,0.023004241225999936,0.24254134071957018,-0.009803440892722684,0.06480605684745486,0.06474930843925857,-0.012025054734395666,0.19522983194179777,0.009820919266275518,-0.08391962340949526,0.048807555855367904,-0.032012272721581886,-0.12128525930996613,-0.00019399426846868949,-0.03360500181219454,-0.23143135679111834,0.10001010133623303,0.19805767443454197,0.03405661205382881
0.28373956984391213,0.25498661291842145,0.3871731712977155,0.31713144050851894,0.30100556447403765,0.29681225729121874,0.065263796354476,0.2844078958133375,0.18550345004775456,0.37711958465153994,1.0000000000000002,0.5732855272372271,0.1806257730386221,-0.041117821816034135,0.04627577680249125,0.35096270949131264,0.18275971570812746,0.09076666426862506,0.02697000703749783,0.10431349741023341,0.04529662726336095,0.12281600794715308,-0.17490171448147526,0.37350710826853295,0.21558020998151048,0.501747958425382,-0.2077115704834161,0.193851258221302,0.17907761019328833,0.06966797602992354,-0.15314347383074145,0.2179130159127227,-0.20981133445030595,-0.1793432366920522,-0.16394770175791368,-0.03466735554578212,-0.02355785038217254,0.018985142326597093,-0.17059645217501823,-0.15089567002195722,-0.23910827197398454,0.0744707772148872,-0.009173412055005622,-0.051924180881384285,-0.14771994946820574,-0.2634074459628017,-0.3832831975973518,-0.38506931265166383,-0.01986391223384849,-0.18687996853616246,0.29481225766221203,0.33807463155388007,0.36441325706688776,0.2568349420293225,0.2276270909715681,0.23676995234202552,0.309006452139157,0.2234149302033985,0.13106518928646937,0.5324850393268297,0.24354013230955188,0.19580512342881956,-0.002700851351156318,-0.09124305457453045,0.0200669364240562,0.08318542351335519,0.1079862569035144,0.11963867550326972,0.1953881192930376,0.3300145923706084,0.3874745526568728,0.3407227470142562,-0.09087369740123612,-0.2483040519678387,0.4650379454837114,0.5270914360894241,0.24335464235667975,0.19601850411151372,-0.11681772513516069,0.1350489144184149,0.2437351781091238,-0.09000609194280984,-0.022910580981139985,0.28602408744249175,-0.055094373908945504,-0.05718313931236485,0.2137796539816508,-0.054337890381218744,0.25925979323174286,-0.11618965951105831,-0.18814476603307578,-0.14110040335306906,-0.36240057711465584,-0.08663786822587849,0.09956517612761802,-0.01394365914941673,-0.17462907924253387,-0.23576491495695082,0.08306400593822369,-0.04028904084611407
0.1565311070940173,0.22867710736895616,0.2983145925723139,0.2860820781880525,0.26485966579550013,0.16193734544675834,-0.028244928593794554,0.1774219492697453,0.13668286428794754,0.5695464517020986,0.5732855272372271,0.9999999999999996,0.432472721139112,0.012382197653033155,0.0221214549673736,0.1848018572045048,0.12241856149153685,-0.10806763081346668,-0.10677954437882041,0.27865453581280947,0.20648788302111948,-0.10788401544481986,-0.24059224593975323,0.5134496951833719,0.2868213242878532,0.5547982000702001,-0.0979446879029802,0.23706720304402987,0.16917373705931224,0.25758482178884834,-0.10463198813529748,0.1245911798883192,-0.3372446383261004,-0.46608109142864046,-0.2738442838094569,-0.05369262537983962,0.13281415418531828,-0.03368641806487938,-0.28939876013348653,-0.24740973510753647,-0.30738833259264225,0.06066765471680129,-0.040828973421282055,0.14093940565684385,-0.0630075530300501,-0.2972027128404075,-0.5233385895106972,-0.24962878846934086,0.153320712115738,-0.20677356728534424,0.264144453615194,0.2816847515465697,0.25984280833518675,0.1974059623304922,0.13788592826514823,0.2505854948885269,0.1821944521086967,0.15174857615263582,0.2545314544583562,0.2916720172256103,0.6028961159636068,0.44941220379327407,0.27747635134231863,-0.1878577239394406,-0.012162595208641448,0.01855214710553353,0.08978578926632144,0.03256054295630175,0.0020337762980598005,0.15056787043695272,0.42056742489828325,0.43451789406933033,-0.05045883308471459,-0.19707567085622485,0.7378344672088865,0.4753660259112503,0.3496853040748725,0.36238136619045486,0.03139728220395086,0.08168330363514584,0.3362432298272242,-0.14326851422366677,0.06631703950479724,0.3091116563837687,0.26008459642194465,-0.03304247950964915,0.31965694041582654,0.09264444157584585,0.21994235645131238,0.02576322371850424,-0.3103902220197292,-0.18566338462869805,-0.38005553626141175,-0.23257136179588367,0.09110234457762276,0.13903583944618111,-0.149604776783729,-0.13224636625733321,0.23218636963083653,0.02762379437600421
-0.08678722158484586,0.21702632156619964,0.08088288462762507,0.31701084124734474,0.24944848551087975,-0.07280131081580248,-0.18817459073026957,0.040117304333812026,-0.21787235957512868,0.18296216036793977,0.1806257730386221,0.432472721139112,1.0000000000000002,-0.16043555857726047,-0.26476959802083955,0.06639945977661639,0.3136851120782686,-0.038278414079812084,-0.039962121373196435,0.29373014411298903,0.039773559165645664,0.024304036626187984,-0.10225093930802152,0.3596836286427933,0.07134747243240205,0.3022789046845808,-0.008138838637888174,0.20885394516173084,0.3125255312299042,0.42005369608192605,0.1438759432191324,0.13756522771321397,-0.2580372293458159,-0.2508548052693359,-0.1899886204476494,-0.04176121700050121,0.07289936964460038,-0.04437430733903656,-0.3040842549826859,-0.3752398238547645,-0.15504492483012855,-0.045054615757718054,-0.09963236963318842,-0.12577079780029757,0.12472268041421397,-0.24224336612040792,-0.366634716770727,-0.14492614015507774,-0.008111614233867873,-0.16630279821151267,-0.0633366619648037,0.09829002250838072,0.0716261647723917,0.29551514912997773,-0.06551895591891845,0.024817907970907986,0.05265750385179747,-0.03539487712791541,-0.013228297610115276,-0.03147363470348181,0.4583109254919366,0.8557254350872316,0.5076812601177512,-0.39451944590581023,-0.212154310022615,-0.2809060302549031,-0.028371810557854444,0.05470737237845665,-0.0027427850549968675,0.10583168016075338,0.2581227541627599,0.44356505526795187,-0.0014533774309874667,-0.30460252354379136,0.39699007998313535,0.22248697259776995,0.37947000438577,0.44194009684393465,0.21952076635359946,0.14065284164827724,0.3181237418673929,-0.11666389848142043,0.20309623682942946,0.14915482043808928,0.27603748057544475,0.003403161457647656,0.138128444626301,0.07920851412835163,0.19530925389177095,0.12394921907721478,-0.28659751350151835,-0.14690308650811412,-0.2625884942603299,-0.09869340184077953,0.042557610564110546,0.06146669595231565,-0.016159157207310395,-0.05010241572781689,0.019988981183336755,-0.029969718227701364
-0.03141976783154394,-0.22006033423959828,-0.09828448397879168,-0.2849397634052202,-0.30225131054939003,0.0761447505936739,0.3478145346197672,-0.10410770294254236,0.14475783500054062,0.3401097684040192,-0.041117821816034135,0.012382197653033155,-0.16043555857726047,1.0000000000000002,0.7677032579593065,0.1339214533016585,0.07295100364900182,0.4637612124659846,0.5353533407214451,-0.17485214839425012,0.5465992606733845,0.26126246555299026,0.7005724373312031,-0.21984066575323086,0.1946059164040513,-0.24059605210960808,-0.04287240058112136,-0.058456541234350415,-0.2695113828594686,0.15691929648213224,-0.1293349990218234,-0.40856589244169816,0.1959023343110886,0.30486011404325036,0.38671262038575877,0.1890767890942289,-0.2835770139369808,-0.1024354439917061,0.306125136021523,0.314266633333119,0.16646428039591105,0.00047937551747509027,0.13684084617347722,-0.08183135382273282,-0.11127063865952057,-0.055636796503624554,0.18058830070219437,0.2918899570031556,0.10360127146640048,0.056688528819731215,0.23237286658600928,-0.13591527294124847,0.2107741923192773,-0.2711287994253418,-0.08058491882337573,0.25016129709140056,0.046290296820513964,-0.01675550367004442,0.5212307987862418,0.20569074307335553,-0.2930237564236285,-0.18256716769453443,0.3590810628937509,0.7924302381009473,0.7525807966137381,0.7240334858332825,0.2855272066543493,0.5727769838171882,0.44847741131688273,0.24600829866984902,0.20188021710051185,-0.06747776005293657,0.674807237311838,0.2461203668626068,0.0198482757440749,-0.1880633104023513,-0.2385350654650963,-0.19313861257296455,-0.24167252009257587,-0.3778554577970649,-0.18698256411535383,0.04729797803484252,-0.2512868557400621,-0.07782040255282938,-0.3057641726550623,-0.016613329654763653,-0.32354776766709065,-0.11909686103768453,0.06801715652763217,-0.19342131090866946,0.30837253492313166,0.49272685593697696,0.26881156463480593,0.05918183280678804,-0.19652255116253636,-0.26930810327049487,-0.2815372044927022,0.34437920969132485,0.2834231967664261,-0.00290252579314725
-0.102088021733358,-0.2036884725072826,-0.12196170349822147,-0.19365520921492368,-0.23314347416973707,0.0068720640171729035,0.44531027185878874,0.00014419435066166216,0.2035703861329875,0.416972231023284,0.04627577680249125,0.0221214549673736,-0.26476959802083955,0.7677032579593065,0.9999999999999999,0.1647789774151826,0.010696743895834122,0.37810279982832473,0.41093695961964644,-0.08042012245341698,0.6435546784983327,0.1555348529441994,0.606699141806544,-0.11356680090914248,0.1644343510514131,-0.2549591906284881,-0.13659449108549374,0.005203195087253961,-0.256364144468045,0.10539876583142428,-0.08773533221863296,-0.39825268226130073,0.1807375008441739,0.2054067698860388,0.28279008238914866,0.0721392095414661,-0.3091127947008614,0.009920245472055618,0.4056121791087007,0.2856034881134949,0.12670899276405223,-0.09187403915077147,0.1680524701601829,-0.10526448125237574,-0.19059760412158672,-0.03426182214226942,0.15202625836219547,0.10882727965336852,-0.025597273350960865,0.020638893467638364,0.14148754846994327,-0.09334640455621317,0.27041389931273363,-0.19804829301667257,-0.1312287201249247,0.11965413625700169,0.1009302776600482,0.020376271954357466,0.5842107564213149,0.26136665772620654,-0.17512691950795192,-0.17039184181577552,0.28308658745573145,0.7550124017858925,0.8399590506715507,0.9183094360483055,0.222028710937463,0.5189421882646105,0.47827187882337036,0.2799693835139943,0.31742839016301694,-0.08161904507546,0.606784641095048,0.35939851687348634,0.14001896851001175,-0.15625128115433226,-0.20368426921221075,-0.06539374857956082,-0.16682990494041366,-0.2874242528363765,0.006906369320554253,0.030061510054711728,-0.25030316146233106,0.06050460053509735,-0.3930456715330262,0.032588065991622006,-0.2891346512334051,-0.12510831056924168,-0.00500661041055282,-0.2262171279984242,0.24535247063237162,0.38280996307956366,0.24874307478914814,0.02650901344536169,-0.018113492565655812,-0.28711380778049517,-0.2195519956725467,0.15071516618637143,0.13829763145884422,-0.09435193149432358
0.4235057932783122,0.5205069060118364,0.5987248817255716,0.4673877423335921,0.42529591830196467,0.5477007203856413,0.4971919227787315,0.617434345007447,0.4164785010560746,0.1944896602009887,0.35096270949131264,0.1848018572045048,0.06639945977661639,0.1339214533016585,0.1647789774151826,1.0000000000000007,0.43375059202468075,0.6015540774075794,0.46357130406362074,-0.07598009215530545,0.27425674515559867,0.505301854142358,0.2829402753310542,0.10181827982477878,0.2949707845562318,0.4270187282833109,-0.4495101374240761,0.07638808284415162,0.09709729659904603,0.19640851472910148,-0.046886591241388005,0.027253498614511845,0.062101083529806034,0.03696416049812112,0.23465365901772015,-0.04493429820232948,-0.5437165171689278,-0.0769095848504818,-0.08211487524054185,-0.015857003831750427,-0.3074408687920583,-0.05477188371844589,0.01889022546224706,-0.37270105415122423,-0.24411189932792227,-0.47638876769726524,-0.3321251065027016,-0.36920151489665526,-0.11810696552150171,-0.486390014281903,0.6730236678711635,0.6021502677623011,0.8347092513611483,0.4579425304858709,0.44485592486600783,0.4867457437202827,0.6909040709514638,0.47434530555148746,0.018178403907785228,0.10476091771157688,-0.11858382581046831,0.046403042789089785,0.11259227823365892,0.009553347369917668,0.2302355318967207,0.22722281909802516,0.3816816289406011,0.44956532709332775,0.5205148855922871,0.7566420990941738,0.5048518779799213,0.5236691635261171,0.3550375095478951,-0.19711081445788248,0.22391380635639016,0.31921466925302394,0.14793016855933355,0.18902274776460942,-0.012354789351257826,-0.010445858675336381,0.2036404424900989,-0.13372099690999398,-0.104270542056605,0.33882513390706637,-0.31275722260708655,0.3049702491138278,-0.323823641880674,-0.255157991629818,0.22610063694196425,-0.32780464850288427,0.041959919564129415,0.02097874008287265,-0.1939468833159808,0.07948978875309591,-0.03289607778764999,-0.3935386313477569,-0.28889462352373163,-0.031722037363072476,0.23127831031440724,-0.3430892142038515
-0.16157636010083845,-0.0021356925968165842,0.005420389692943238,0.032380005939663614,0.03721902674156927,0.04640009466950587,0.3923161187716896,0.10313024220374946,0.0712074211623893,0.12358903756426946,0.18275971570812746,0.12241856149153685,0.3136851120782686,0.07295100364900182,0.010696743895834122,0.43375059202468075,1.0000000000000002,0.30435656774381287,0.6847729267514718,-0.08459888253678118,0.22485255950373054,0.5791584299357966,0.20350276737865683,0.4272512064202599,0.26576077592478703,0.3797248610015809,-0.22386327230862263,0.18103093341900162,0.07940061286975261,0.0688902440042142,0.018852091377256564,-0.11592442958862495,-0.051190916602091144,0.13223488756632648,0.4776976874529589,-0.27183518375985855,-0.3730102263134303,-0.1303178591302387,0.02145467847873009,0.14023966584356162,-0.10408317952567518,-0.010801652010701527,0.3149745697678339,-0.3496971659940432,-0.16450781132010991,-0.3687458146436991,-0.0794645055570265,-0.2760859245520618,-0.4613379303117957,-0.40307245197080394,-0.025574964766200213,-0.014237372333289576,0.34305859852198717,3.050101271756827e-05,0.0056852734993047,0.004929071589726925,0.12635533687555242,0.010860686079248555,0.12144751788479133,0.0843493632852742,-0.04640386576576008,0.21450623663172316,-0.05069120205681438,-0.09932388581031962,0.11545205781430393,-0.01709422374949768,0.35194823646497003,0.5830924932760173,0.5781815781750473,0.31033992684386114,0.3517131578965848,0.44099645599770587,0.24693811043174588,0.017745310120517988,0.365927214460281,0.2582620259030052,0.12297287041819102,-0.0016322011209893217,0.018807751685427476,-0.1975985158220966,0.479622017385452,0.048922142443460374,-0.08987187127921994,0.45774734596530064,-0.0537845235044392,0.3337432508587838,-0.25757682968829443,-0.12669906858432456,0.08297953609696629,0.01633690382822105,0.014325062578496762,-0.10230835987210538,-0.0566533499201728,-0.13473351187767282,0.14811687715450697,-0.27831696724019817,-0.3612936649166755,0.03775715880652013,-0.28070096279185675,-0.27635455991852814
0.2859671752608356,0.27605828487188544,0.31682923728237633,0.18598854029139975,0.20911183721812227,0.49629556157864363,0.40324149196310655,0.3870326270251194,0.28070317994553257,0.15693323477536333,0.09076666426862506,-0.10806763081346668,-0.038278414079812084,0.4637612124659846,0.37810279982832473,0.6015540774075794,0.30435656774381287,0.9999999999999999,0.6937141302211782,-0.190202519568972,0.3208323383692365,0.74671518022179,0.7504550243978992,-0.19276107762963224,0.18335331480695588,0.1546739643360823,-0.5225663875687546,0.0017246967696349677,-0.09507701711764766,0.2734580691181868,0.06877456223657899,-0.3076064692206801,0.1086251638970589,0.5716162754356288,0.5509705819682691,0.2534876124279041,-0.5573277520143083,-0.31309193142911157,-0.062205451309176506,0.024160977354005485,-0.1814508712967727,0.17693634648503498,0.10591831309863518,-0.4549906684118577,-0.003012633370002991,-0.37149548815698885,-0.008387732501781925,-0.06902101501377583,0.013900156925966257,-0.30930244283067426,0.44206356565234206,0.29242148102678867,0.6570492717081745,0.16878967935383246,0.3062363484040685,0.47648171522775074,0.5028113479662447,0.24628981021404328,0.21021667813050665,0.20247864155645437,-0.4762555972062094,-0.15998171455762047,0.14645106037255456,0.27749718428764314,0.439002703462786,0.4106874735417569,0.27295189189229924,0.5495417646000809,0.7217862579389653,0.7976064023640719,0.4082385098350183,0.33515026305113244,0.5334033650221787,-0.12544331659572003,-0.09949990497551904,0.1234301277744449,-0.10400305805513736,0.009006950224771158,-0.010474043708157204,-0.31528689714511393,-0.14969737410807843,-0.1571735086991906,-0.07441513947820792,0.23912849226717198,-0.6153247126574881,0.313881897394373,-0.44951981135541064,-0.23840152284417204,0.31843672476696566,-0.5394918940148679,0.09954862923835013,0.2682060445934867,-0.04617828996491459,0.1546067601376007,-0.19907540408545885,-0.6194361139570224,-0.4398735526214866,0.0714309417427688,0.3555697912659509,-0.34092733297178507
-0.02506200959108195,-0.1319216329998407,-0.049556090898446904,-0.15722387399495408,-0.12960603646066027,0.09813582114930591,0.38670308072568166,0.02509324566971565,0.07010260827188622,0.14982621739162885,0.02697000703749783,-0.10677954437882041,-0.039962121373196435,0.5353533407214451,0.41093695961964644,0.46357130406362074,0.6847729267514718,0.6937141302211782,1.0000000000000002,-0.24430975720514847,0.46934428576060633,0.7578876421509311,0.6948826129035001,-0.012712110887990383,0.24302620512431902,0.08975664117444451,-0.3379544153076075,0.06130801567354959,-0.2041784644491693,0.18798188672587154,0.0039161619632822,-0.29541359746735407,0.15654715585978732,0.4895903201027686,0.6630263167084622,-0.11697795917601947,-0.5848105243811371,-0.15400923248302179,0.17755764270904015,0.2812928562108449,-0.018054098666867715,0.009936473225853825,0.2868995458370453,-0.39269194777362904,-0.16652638696746153,-0.3359908834635854,0.1378532853831966,-0.05594764151170314,-0.3083573448297886,-0.30666230525625565,0.1471151140099839,-0.10585141851423518,0.4250419977048341,-0.15237213914616932,-0.03983478852257267,0.1344690747197766,0.13090736769907335,-0.09330390641036647,0.29715966287729706,0.14162007597083576,-0.4506592475977536,-0.1608066377349045,-0.041410610094008794,0.3158079144777819,0.4797525360525953,0.3710598313204987,0.3088113803131273,0.805576668538013,0.7684522226922905,0.47805612947435594,0.28997394929779446,0.23261255001634534,0.5703997846613007,0.12681907396783154,0.057763854301860776,0.016554018193360685,-0.20673835692011563,-0.15628695961075417,-0.06557927069270515,-0.33336628302041427,0.02406099408856802,0.017068234901401025,-0.21628492269437116,0.22693386334154073,-0.4771313441822666,0.25996461028598034,-0.5292044970912986,-0.21487364000786122,0.007464506564723931,-0.31374205234068214,0.2098325142392113,0.18985971055600587,0.06212821645929444,-0.06163429395661415,-0.03662026934467099,-0.4769743733599981,-0.42942528321128287,0.12605571503169186,-0.04450701760998022,-0.2992302420684072
