0,1,2,3,4,5,6,7,8,9,10,11,12,13,14,15,16,17,18,19,20,21,22,23,24,25,26,27,28,29,30,31,32,33,34,35,36,37,38,39,40,41,42,43,44,45,46,47,48,49,50,51,52,53,54,55,56,57,58,59,60,61,62,63,64,65,66,67,68,69,70,71,72,73,74,75,76,77,78,79,80,81,82,83,84,85,86,87,88,89,90,91,92,93,94,95,96,97,98,99
1.0,0.055632948429150876,0.2868694528496179,0.16628728126022607,0.04983600803630647,0.2822764318062148,0.20997886578373198,0.054984136225963064,0.2443038151762992,0.32902053972714257,0.01673098076306663,0.16577656214930464,0.018976763855872623,-0.00010752762385432022,0.14240817357841365,0.3344068384433588,0.14335488213826286,-0.14584838852131762,-0.25470621922999176,0.4063409766400077,0.248967983168556,-0.3985192127688523,0.13099720564097903,0.12294574156124093,0.49838238122069045,0.18380768173201936,0.0795845033949291,0.07957864637306515,0.32678705966562127,-0.12030053132014985,0.057775186515360254,0.4095213227764076,0.045337122536596296,-0.2681043431127025,-0.1951512430647838,0.3036582353524149,0.12678537866349368,-0.07326759451801236,-0.4045040620484832,-0.31038838030589944,-0.21212257301945442,-0.2546631965734192,-0.46892885367460824,-0.024501732629636258,-0.40445464777427775,-0.2468665945498719,-0.4393696068864725,0.10028519315049694,0.6118729072004003,0.027179348192209588,0.6862902934433358,0.07465803121149397,-0.16683723684018345,-0.3406074364421235,0.13964884831305963,0.27871436547508116,-0.16865510381048593,0.09074903683753635,-0.06578206032647117,0.26672457295927815,0.34213423550612804,-0.10659117802278517,0.1019273115805802,-0.04184262866958177,0.058107489376293835,0.03565637810108889,0.3063537137503581,-0.16591375644767536,-0.4143719606861813,0.0850975329788094,0.2731971651538643,0.10503665205060628,0.15307603525074673,-0.2787556094421474,0.27117103043194346,0.39848781709786074,0.41923061565669134,0.20178970764802726,0.043656449260488964,0.006792685981056183,0.20828579586344736,-0.2167567206144251,-0.2745352574673764,-0.2280884674190804,-0.13482600149412652,-0.09298248040604201,0.05216501417504373,-0.12935959894611185,0.4177024691199758,0.08764345527367948,-0.4406272112353835,-0.019635126889951664,-0.17755185800160134,-0.07336548811830215,-0.26787948757333313,0.034301113858020316,-0.06413784720083468,-0.03103493535896106,0.6483365946375744,0.06907531028885307
0.055632948429150876,0.9999999999999994,0.5857522203383314,0.3164524129041176,0.6217784593607381,0.4858899613300062,0.6301659199545162,0.7239636059872289,0.7263320279018918,-0.21776105626108844,-0.014147092665527201,0.22902367201579507,0.1736196905737841,0.14215101479880363,0.031031350950426407,0.29526118515324157,-0.02319491697572716,0.17032301308302875,0.060388245775830705,-0.017694931128491243,0.07441087779421256,-0.1900115035962866,-0.3047589388789152,0.2375953113557198,-0.10078559942405099,0.16284400411682157,-0.0075504025683121884,-0.3211487597936479,-0.017436539553581376,0.06061783548413622,-0.11852837490571894,0.0018183809079243924,-0.16879870082403145,-0.17100313395276515,-0.23376664008432763,0.3254005366748883,-0.07181607888697085,-0.08055324955661886,-0.11678317760731818,-0.10186267614453429,-0.023511133670876448,-0.08246339031715334,-0.19458507291058755,-0.15513571702094578,-0.29469335105503547,-0.20307149400211788,-0.20372442739285201,-0.2607984965708864,-0.007636900031368563,-0.037713506260413324,0.2720368514562507,0.8012015850727666,0.4823276112579355,0.2606937957594785,0.6198132267034042,0.4821003576882304,0.7014061488513361,0.7025291721078347,0.10086991414329083,0.0409669812576288,0.3041843718860278,-0.0077415189292713675,0.3574724637525732,-0.04673051198599058,0.30873626205192345,0.2370796971486021,0.5066832263823062,0.0015207553102780057,-0.1321528968014628,0.3678754967590169,0.42373787046272005,0.3590452344296357,-0.08795132306440984,0.2836199312467966,0.25256504539174945,0.18090970327418418,0.11422195506075851,0.14105019474998687,-0.14925288480480894,0.09325757909708299,0.156489488192595,-0.09272749479423469,-0.15709707373167192,-0.1597679228887502,0.11488003852823196,0.03701561908314411,-0.041966047123745145,-0.3867195280037066,0.2817961717293801,0.2975951091300992,0.0652131185870128,0.10021721005095205,0.017215044416975134,-0.20377016384421962,0.15829413705745055,-0.04556131749818392,0.0876197705646942,0.09121944663644109,0.004452884294318385,0.05841705388659203
0.2868694528496179,0.5857522203383314,0.9999999999999998,0.11028433600892132,0.6521867814757368,0.7737930978306524,0.5523410698489728,0.6789375029276162,0.7933996933087903,-0.0664917287960759,0.04360118079554528,0.18796901776216032,0.12664054602990174,0.08122232961304827,0.18130792501678938,0.3361959298343735,0.29910309426553844,0.27950431790287017,0.04177563954321774,0.2220956519466523,0.1083440194071922,-0.10836852337946275,-0.05065481530105158,0.4207989950437391,0.16347628085020752,0.1291668246341614,-0.03215653421083037,-0.0773988226800161,0.3283165882742892,-0.06171531130190545,-0.11156240836189471,-0.07501580612518557,-0.23825160234642495,-0.10632077725824564,-0.030415275694277738,0.4343023217659731,0.03269561791441406,-0.28468543543987895,-0.2035288116865414,-0.2527007168861467,-0.03856020960440817,0.03251482732128311,-0.26426845799326343,-0.23805030770908678,-0.37067675132116834,-0.3564613103725438,-0.256349929144364,-0.14860228253159447,0.24708584777693698,-0.11628266835607733,0.3287504804593387,0.7110732731116827,0.34674645675851556,0.22122045464575898,0.7834482695037873,0.7513912711576167,0.5290110219317935,0.7169440379378669,0.23444503613876658,-0.11770878084904383,0.15364638644244955,-0.08523334859699279,0.2829211878747058,-0.16330997241089618,0.24998363833557236,0.18556396780580786,0.5153844262193791,-0.09426255656478055,-0.08169943704689389,0.5441054437338572,0.43899089092786164,0.49606922419771715,0.17612089373580642,0.10850499145205213,0.3877150769348182,0.21158052157679652,0.381862732843398,0.3269622204205142,-0.007047901764800661,0.06462783004054118,0.3181552247802087,-0.08766114719412416,-0.17842610057406508,-0.1583898813278708,0.10579599065401105,0.18178860316220866,0.04794263763281962,-0.10194090818061723,0.44484333972289153,0.239698363918128,-0.023176731801715273,0.12747731557949088,-0.17373564998512064,0.02463803232106574,-0.054645862653219225,0.054032720102590116,-0.012272453655304482,0.11905186002072668,0.31123345695500865,-0.08721219721697716
0.16628728126022607,0.3164524129041176,0.11028433600892132,0.9999999999999999,0.40569523476139213,0.2216689281354045,0.42835487149685647,0.43745318019690155,0.21642084784221632,0.1475247470410621,0.0817918980275953,0.23695624712322455,0.10741844650165891,-0.22226373796645754,-0.11991783232865226,0.5332623519835019,0.17905595982085099,0.2895831161815794,0.08985719378161136,0.19224610935800307,0.15858248786506685,0.016018683281129997,0.06586114215985726,0.023861855677809945,-0.13020733525799902,-0.01605489005230272,-0.050220147378489274,-0.05794333451856646,-0.014563292720322937,0.02524704523559526,-0.0487540225282685,0.30475301949650063,0.2465532014390178,0.1322668331101298,0.12890914912325976,0.2520856218363755,0.0740777493298171,0.1902480090788977,0.08836180842295671,0.19090436963917531,0.1725478735221498,0.02497094825054888,0.1360049400658495,-0.07608492329670791,0.09812686852248159,0.006190294980589875,-0.05010920312761278,0.16645017547018787,0.19352563570552525,0.13222388076365713,0.1597246872190366,0.2573901584541422,0.22897742961225315,0.47077954721420145,0.16051285698153617,0.18093152821108677,0.26443893733245655,0.29073714276467066,-0.13069918577046372,0.17363797065132627,0.19734306030136936,0.06003765291850996,-0.03754149592422247,-0.22668217827818246,-0.09416049387669628,-0.1477274595228271,0.23573876878848654,0.07626017896135491,-0.0463291309174815,0.2546590223310126,0.15912546499829597,-0.08328616747400217,-0.13636765611218338,0.06377853553171692,0.07310290052165405,0.010536738139892038,0.09749257710967894,-0.1735743352693222,0.10506678215643381,0.21715205064049434,-0.19261145396652882,-0.010214762959754056,-0.03192564080594209,-0.06124007662076192,-0.15183792926457007,-0.08664969746846433,0.1025227308003725,-0.2687475647024056,0.22757781116657866,0.05956731941631736,-0.22024456189210592,0.037147873611278824,0.09399454130775044,0.07005865422333725,0.06742049246311223,-0.10530539482850397,-0.03335877896763611,-0.020063059563408807,0.11022443588024583,0.14054128995591206
0.04983600803630647,0.6217784593607381,0.6521867814757368,0.40569523476139213,0.9999999999999993,0.7975720271812292,0.43723727083175423,0.683283404040773,0.7518335155469774,-0.1356852072147254,0.020494102597860026,0.20950577802892467,0.1847066275536743,-0.02677000764079198,0.09832956131728786,0.34753086028301466,0.2298548274108066,0.4105566955644187,0.04767416979503601,0.28504532599185123,-0.05642270600986415,-0.18382957823498197,-0.035108434884916905,0.23417021188147516,-0.0875609520020018,0.12521075616667524,0.03405216024837283,-0.06004812695257095,0.1780720671014123,0.0013178074234810146,-0.26256942395520333,-0.21642338232526925,-0.08749447048757658,0.07011572077910147,0.06708288402437998,0.4456150701981132,-0.005790419010431386,-0.3567561216327387,-0.20236853505757568,-0.18220221072597245,-0.029542181414637034,-0.01450129111410199,-0.23689582875960333,-0.13424204919815963,-0.1246684836938038,-0.3259535612988567,-0.17858642949436887,0.03326628280040604,0.24996765136720275,0.00032782525205871435,0.22657110650045445,0.6644656594929268,0.3404151747782744,0.5940703259523066,0.8249723980026352,0.672268240799157,0.5608884571815839,0.6980656706904089,0.11375506185180023,-0.18177411377214675,0.09963601376542223,-0.05035974063593833,0.267522841187129,-0.25975901461345086,0.22775388065811594,0.16249352970583333,0.4232012977590563,-0.103491068901092,0.028120748941930333,0.5945063577492328,0.38893042347709744,0.20607643893188946,0.2235563644093179,-0.009828750572968527,0.19022544213045103,0.07562174883079766,0.36445763663573527,0.15260731819606702,-0.10062079263389741,-0.05162900392700539,0.07236623998115076,-0.010551688836142954,-0.20983489471649341,-0.1991827211893799,0.17429480222189225,0.1920218494594081,0.04910189550538493,-0.1281130681309366,0.441404710144545,0.08906173686140632,0.013119983070496874,-0.034192929173734,-0.2472818393788015,-0.07617230579824082,-0.14980982738167142,0.07788377462403155,-0.1301274863578784,0.2934534525562938,0.2777598031524428,0.014299522822486099
0.2822764318062148,0.4858899613300062,0.7737930978306524,0.2216689281354045,0.7975720271812292,1.0000000000000002,0.45598689986031227,0.5723133603094184,0.8272374480286249,-0.016357362920323904,0.013848859339756483,0.2416269649704454,0.07479644967596571,-0.06935730398549107,0.14171219447645397,0.3079188003827967,0.24897914885793418,0.2868594488704393,-0.05800300867591831,0.3105253219279568,0.0942052964930174,-0.29188444940646774,0.039356907962305246,0.38471258905142736,0.23198526040987727,0.1857006275123769,-0.057067572223230154,0.010007341301983483,0.32569454931043695,0.009120448260477566,-0.19409643588878758,-0.05541314927317993,-0.24197191706765253,-0.10298306323987512,-0.06058537296011763,0.44764104717296727,-0.029491315226994268,-0.41651002617231214,-0.3666141256533734,-0.3283381927281689,-0.23029788684363756,-0.10838026103033045,-0.38952055659800594,-0.24582055682013204,-0.40579505320023174,-0.4933832608655721,-0.3537858508172137,-0.03898633379500741,0.39143310329201736,-0.15461367053459033,0.38357866776070804,0.6430121609639434,0.2714016424237563,0.3026883312376077,0.8973063031042928,0.916494812299138,0.4433388780705252,0.6750481873658161,0.0690194411351241,-0.2360807348528803,0.10956369393057205,-0.19186753356598304,0.24378255834042975,-0.37270083685165634,0.15882293089411667,0.10384804498557587,0.5041610042729848,-0.13240070818584687,-0.08135184563824277,0.5257836856708167,0.44643137824600526,0.3197219336706761,0.32476352554548293,-0.093478321990318,0.3160616790954922,0.2263616692473177,0.510590688781044,0.29818853109279025,-0.12599962291956895,0.03884226553837357,0.24831009792045902,-0.2120371496886974,-0.34026314216840436,-0.36392599601585873,0.03064106178250515,0.1304858169564036,-0.016437972423620523,-0.13007686319762382,0.48391976810210224,0.04133920350289037,-0.16237788939868428,-0.023259690145537935,-0.3555540962566216,-0.13113225809682852,-0.26474926652005687,0.0065348633047581485,-0.21601911755341036,0.11524008854733578,0.47025594879057675,-0.10931605072110984
0.20997886578373198,0.6301659199545162,0.5523410698489728,0.42835487149685647,0.43723727083175423,0.45598689986031227,0.9999999999999986,0.6457958987566109,0.5818985594869265,0.10456172774909461,0.0032294964558458135,0.3682714903992566,0.2726206418244023,0.274570743542201,0.1640518585524868,0.3874283536581249,0.3692806582177196,0.20255174569883821,0.1504805359803496,0.0676519798785118,0.32472992457450944,-0.086208491205835,-0.03139247045794681,0.5335664935191654,0.22850330149190481,0.29109416535756877,-0.012731737283289113,-0.1805673766622201,0.02239745640148035,0.10090348028076956,0.08849888239003359,0.23990621209146726,-0.09849206687929551,-0.14922084335126076,-0.06015388437339625,0.20887885660802927,-0.20346667242073077,-0.06767533000732323,-0.0768072969143666,0.009312197701769874,-0.0834566829017689,-0.07241105043689848,-0.1048878760641621,-0.271762366328433,-0.2998842667328303,-0.37622789188361616,-0.23541559612467336,-0.21675565431756766,0.021833136758212385,-0.24697456054394934,0.21475951772161705,0.6961930511629711,0.538839791876616,0.20473756285230585,0.47806034401703623,0.4792177260666091,0.616990336450742,0.6552733497023151,0.3211970868602415,0.09952497894421931,0.4621202802037367,0.039170585863268666,0.45863684321930526,0.013201871000541283,0.24783880176091844,0.2454593770955787,0.5262441133323718,0.11719461417766029,-0.020005094323769117,0.34629937758913065,0.5281922185994685,0.4623478758302411,-0.015066473530689467,0.24971538932898565,0.5480485726301132,0.4012981814625445,0.19687024338855233,0.22570973237906788,0.04750906847904985,0.2198190170488715,0.42986457848552745,-0.3009107852284068,-0.08999847175264679,-0.05277345103916755,0.014411483687891788,-0.05888240124853829,-0.16406772585703855,-0.3543637902910635,0.17859016537757721,0.2601362842253725,-0.12721187067439943,0.010842302725667411,-0.07182995860261207,-0.06438526890526111,0.061197046822633244,-0.15060469051699785,-0.22734267920555015,-0.1699347628682307,0.09351472102453302,-0.20578191396061882
0.054984136225963064,0.7239636059872289,0.6789375029276162,0.43745318019690155,0.683283404040773,0.5723133603094184,0.6457958987566109,1.0000000000000002,0.7070364392061056,-0.164670263294646,0.01889103635828642,0.22579810251480825,0.1590560108395796,0.01043952471721818,0.009091603108909982,0.34704036858305565,0.17671406679966592,0.4370028343600422,0.14828506119927373,0.09516375947811259,0.12520627414459098,-0.08705953209164255,-0.17979165285027796,0.2583597294495776,-0.07093588098755937,0.028063080324427767,-0.15333245348697255,-0.27680258651902,0.004018806237320865,-0.01994493396358905,-0.15870847914212968,-0.019968943023194893,-0.1875543157918157,-0.09760864231571781,-0.048697804543066985,0.24949205407237587,-0.14928328001711633,-0.10144110445567248,-0.08490746954973119,-0.048274864178295684,0.030451559105748947,0.06622459825524665,-0.04349820776254147,-0.17678780896750823,-0.27046278946410945,-0.20816008206072173,-0.17244487815421836,-0.22119207951089803,0.01671422776777487,-0.0903283151467907,0.17703944068357616,0.8015713381181722,0.5708287376400141,0.4695898070184329,0.6856664810332547,0.5972282591191764,0.8747556545321568,0.8280574324905006,0.18190477076065062,-0.08002579731685251,0.17179503906370172,0.0221684039770829,0.42404703706356023,-0.10675791842177516,0.31401387783426005,0.14760985110214053,0.44855194342276256,0.12324362576378713,0.049967600743181934,0.5836560292473335,0.5058245248684883,0.36480151150052376,-0.05342328163656839,0.2883566755566665,0.30846369011890584,0.11438567793238036,0.1495396218010107,0.13353137597046116,-0.05281948423350075,0.21743095179374505,0.1635813851489974,-0.15981457261821322,-0.09202408181912253,-0.18691242522895904,-0.014879810735688703,0.010468824188884583,-0.08155775900733002,-0.33363031915547375,0.2613455252459185,0.16734745653548863,0.018425430608134924,0.18910209201763858,-0.039811529230277275,-0.04406273757624141,0.1191188960854144,-0.041760348110719464,-0.03806934927983738,-0.005888236934094906,0.05898534661378227,-0.056076125401152956
0.2443038151762992,0.7263320279018918,0.7933996933087903,0.21642084784221632,0.7518335155469774,0.8272374480286249,0.5818985594869265,0.7070364392061056,0.9999999999999999,-0.1914671251469559,-0.044944076791926246,0.3087634577589121,0.1885488442579796,0.11744489545309501,0.184252490789262,0.25333718249219067,0.11408900783475995,0.19564441093861254,-0.036543390103905754,0.11371370600989503,0.05117418470156883,-0.3063293117498681,-0.2421745001610378,0.45838280819505534,0.13355408303531513,0.30205823542264926,-0.017344906206181537,-0.1399163007911934,0.208839054622661,0.024850005193192713,-0.09215273729450821,-0.018488108845235735,-0.3199635723732664,-0.2160423957724005,-0.1746373178040474,0.46004345061501983,-0.0763042898995594,-0.36761799928485234,-0.3056424317712067,-0.29745775256832746,-0.18856075451389584,-0.10042689387639558,-0.38687303643151727,-0.16750412474352247,-0.4396115110366307,-0.4570920657293987,-0.34671695476668335,-0.22946278126318556,0.16265789582212878,-0.19481692435430825,0.30844116176991904,0.7647468575014983,0.3883850202157941,0.25346082223954364,0.8982518124496204,0.7845970924413903,0.602894085322397,0.8681670789831359,0.18501639446298201,-0.14635445904247837,0.31296830877511017,-0.10582873196470732,0.43675432661857955,-0.2395972052629685,0.30609269472438955,0.22568641687075292,0.5722745765370354,-0.10410932302026793,-0.21242745620709533,0.4142603749156755,0.5067426188703641,0.46188928242295957,0.0641458184705532,0.07257439567009447,0.3927169892988099,0.3811004963371235,0.37629201408438046,0.31380958714870405,-0.1874944119787685,0.037440220377071454,0.3588034555468409,-0.26518304534637166,-0.2830534531024861,-0.36396551209678857,0.09030516129741382,0.08809214808712124,-0.07875091701912942,-0.2680296388280288,0.39586640503976106,0.24215453729825664,-0.11979744175544266,0.009785682109910418,-0.2030068406734568,-0.27405887457946665,-0.03393908883116073,0.038080185285910985,-0.10742989421137714,0.024729357520959165,0.27329353017111874,-0.12074663498828275
0.32902053972714257,-0.21776105626108844,-0.0664917287960759,0.1475247470410621,-0.1356852072147254,-0.016357362920323904,0.10456172774909461,-0.164670263294646,-0.1914671251469559,0.9999999999999997,0.49564723817202233,0.3629458309020535,0.027802389440814056,0.08739998236558118,0.13065605862427243,0.053597027560536525,0.07749666440032199,-0.25938852264836243,-0.060032955111104826,0.13347613219849266,0.4093466570279178,-0.1115301426659529,0.2626756068789634,0.25696413619899033,0.463192383489256,0.029227614404025225,-0.016499830171516256,0.26373992653387435,0.2421304920310214,-0.04851908720726789,-0.03118447388643003,0.17113871221473764,0.26639652154251275,-0.029458928839455032,-0.13982528313448053,0.06882172344520215,0.37825468116983735,0.3101930822287806,-0.09658506596309333,0.1445482056548025,0.008792248489972952,0.1717325538114947,-0.013624275331235213,0.14642220271977202,0.048913217659240005,0.02990811258582763,-0.1416217520153703,0.17472622536142643,0.3663598241818446,0.2528864509076226,0.29733553424993864,-0.20687569394275923,-0.19183468347752836,-0.23160705701459075,-0.2584851388966656,-0.023866547140659413,-0.283497263294499,-0.3042874333867448,0.33792209156922426,0.33755429612641413,0.2393814635288719,0.0457771498048996,-0.18620520314966504,0.12087665551457151,-0.18051682325802268,0.015705423258022023,0.02275449294819698,0.003733369052465318,-0.028414347859205057,-0.09977275829015803,0.012745626204932869,-0.2732651757707269,0.18900367214692346,0.03393746655556226,0.2146207235995387,0.0859094989116392,0.23688725411746517,0.05219648900988127,0.28132463218109144,-0.01659200757099322,-0.09756060249329065,0.07582444739378504,-0.04444779208505508,-0.022520937460092243,-0.143855788459439,-0.0836157823528844,0.3383326958804081,0.12376477661097389,0.25103246825491143,-0.006589520270156399,-0.06721283329972773,0.08925407752769708,0.18436457235720666,0.3636938223979919,-0.22114628530560612,0.10131746356177031,-0.07508853144585158,0.10954973288490132,0.25221799390250793,0.2243403761406509
0.01673098076306663,-0.014147092665527201,0.04360118079554528,0.0817918980275953,0.020494102597860026,0.013848859339756483,0.0032294964558458135,0.01889103635828642,-0.044944076791926246,0.49564723817202233,0.9999999999999999,0.3766715171642726,0.2270741231777649,0.09808506824795153,0.0636311239515137,-0.02900970275053553,0.004576983524691146,-0.05394271032746842,-0.011199167107137085,0.01827699376641385,0.0839759764387596,0.06945844241562958,0.055633718195788426,0.2454765253221296,-0.03305967314625936,-0.06607723068934801,-0.23177967839702715,0.044282840861720164,0.17037863154616834,-0.10261142596269157,-0.1756591292967934,-0.1324989340087225,0.16707833895371615,0.08704058101475572,0.017929502151189557,0.09517561351468448,0.26295146521600155,0.19864243213965396,0.20333025364091467,0.3577332045620859,0.206110264032592,0.04629156253263835,0.1538582448683777,0.1116261530222195,0.061648750831254075,0.14117863970551056,0.21851871051286964,0.17539822767750035,0.15827139940502236,0.27360989595292634,0.13419451288854545,0.041416241426917785,0.028158922620752685,0.060395888613477035,-0.0881650309352548,0.006884954018782059,-0.007966260286006352,-0.07744738277584094,0.3846032808469146,0.448167819037868,0.18169590509633987,0.30096467695996737,-0.1884024438871654,0.1091734515278446,-0.1164977056608521,0.03800689217773752,0.051878278486481584,0.14158853814134711,0.00631835559152632,0.01187525220798067,-0.03853544832724611,-0.25329640262665876,0.07404873137785613,0.1881882241390689,0.1224863816437671,-0.15403854400305783,0.06083837291494753,-0.0882684432747566,0.08328322619493257,0.10099958157751263,-0.24580650681226054,0.19827990503956602,0.014261631054390649,-0.05829128742711826,-0.20307945502936572,0.012307238472154512,0.2956956780689961,0.1295810258601177,0.17146865541854323,0.06116671917957893,0.3390202177253011,0.25245174849578195,0.26134321021310786,0.24021627911732335,-0.01790372836557465,0.08795658080909108,-0.013486440874387273,0.14328141835929,0.07270083264137747,0.17381643613140327
0.16577656214930464,0.22902367201579507,0.18796901776216032,0.23695624712322455,0.20950577802892467,0.2416269649704454,0.3682714903992566,0.22579810251480825,0.3087634577589121,0.3629458309020535,0.3766715171642726,0.9999999999999999,0.3470460766466605,0.28203617945520454,0.23662487317578762,0.045445208240712145,0.0920109022523153,-0.17125929662038655,-0.00392182266702005,-0.05846215159549142,0.10538974537353361,-0.1894684336975433,-0.13025911181617117,0.6469463579934641,0.18606496694893762,0.5644102161771137,-0.02377209124787814,0.046265668217987076,0.07913330613311859,0.07401292535925026,0.1021391315179981,0.09859871189301764,-0.20744656093140273,-0.3661008212162963,-0.2070217964108349,0.1210983077452995,0.06721495103656704,0.008584388175745606,-0.1464278643642714,0.07878714576834019,-0.07096700121424966,0.1509166578438208,-0.03572525426052504,0.22616446731461917,-0.04394651769773525,-0.07429453791471244,-0.16333741518521427,-0.16079743013600004,0.018914346730304586,-0.011483927669853265,0.15746285639977922,0.33836208028063985,0.3040104188946731,0.2176691510741401,0.2506310449487389,0.21305061025801525,0.218064879342598,0.3230499068560061,0.45486689835131405,0.3693703269006225,0.7129432887405959,0.18213115819057143,0.19408696797639804,0.008499902492306892,0.07642364474926133,0.22279983439002815,0.13819614862060248,0.13703866279595514,-0.22307449244521718,0.0054460240453848415,0.330690213796189,-0.014429003474322036,-0.0008312860436061308,0.05982657398911046,0.50810081298672,0.46303223875982447,0.1489880578158344,0.1466162593707829,-0.1713326631980614,0.03874862204478028,0.10975421442796195,-0.2439017285751154,0.08559607529081716,-0.1831839365948168,0.0545999075618185,-0.2774574048801719,0.05137311565416107,-0.06357433784157217,0.1369128338430494,0.089951449272505,-0.035619290847880354,0.007127447356028218,0.20819186033374013,-0.02201424113409226,0.14535605719901834,0.1278205936214431,-0.10657319470898467,-0.036287708903797386,0.046598053155145605,-0.03908742511108811
0.018976763855872623,0.1736196905737841,0.12664054602990174,0.10741844650165891,0.1847066275536743,0.07479644967596571,0.2726206418244023,0.1590560108395796,0.1885488442579796,0.027802389440814056,0.2270741231777649,0.3470460766466605,1.0000000000000007,0.5756579630443572,0.4493196752782153,0.05817375227022866,0.21044747263258254,0.16408681214767626,0.27351401002913284,0.06863607311243766,0.1884727921300968,0.05620302270837796,0.07030897459406465,0.15813361341490134,-0.13649674392188796,0.19354740169067877,0.04196773417888208,-0.03606481547249854,0.17124403330250798,0.3278658054127712,-0.032904408415781336,-0.005662659074244145,0.2013230230617392,0.20060301032060618,0.16588867910590446,-0.029836526959425375,-0.03615953407742628,-0.09804785679417902,0.15988557447411983,0.23360429530645077,0.23736396986985162,-0.19393373970008057,-0.02660941048535154,0.07351538214879924,0.1379770387697507,-0.028163440186871964,0.1736151887483202,0.09732723885882578,-0.1251824136157884,0.01423205024539697,-0.029736979595973014,0.1791234382150731,0.024964632180794623,0.21499172745974862,0.1532133391252311,0.006186861049305358,0.1870239063007976,0.21193966525391003,0.13073597080344462,0.2791879148730686,0.4539252187876549,0.7772831692166331,0.4314463395406639,0.3841195831199263,0.3424690549620173,0.40497383117314556,0.12154272582261608,0.3860793762254212,0.05033770912807141,0.17911848852522985,0.3012769095225714,-0.180912386463744,-0.030883571586808732,0.09911812182892847,0.1667603503143228,0.061370227194769936,0.07553106566968072,-0.051888873207152346,-0.12012937777978001,-0.11137798617230964,0.012947283079533576,0.0070087758020157005,0.03367013846050516,-0.028526174156926706,-0.026568710412290395,-0.1477665615335564,0.03516557288646596,-0.05570279468067118,0.006646002296865722,0.0677658441273349,0.09273188336239833,0.07965625449936924,-0.06086250785721654,-0.1260114922805973,-0.08706280209769424,0.07655885081931964,-0.1861699035285961,0.0036955787525554873,-0.03496550805258524,-0.06428966690834068
-0.00010752762385432022,0.14215101479880363,0.08122232961304827,-0.22226373796645754,-0.02677000764079198,-0.06935730398549107,0.274570743542201,0.01043952471721818,0.11744489545309501,0.08739998236558118,0.09808506824795153,0.28203617945520454,0.5756579630443572,1.0000000000000002,0.6249454575874257,-0.044816572479794675,0.09624902125638274,-0.05813310097307246,0.31597540415777503,-0.09080887966192301,0.21875631999007245,-0.06190493185195686,-0.02687604426310174,0.26288326535871276,0.043458854410274375,0.13564167750506512,0.07278401694667593,-0.10700016750461938,-0.0009963475369890206,0.1831298972432058,0.18325517394797186,-0.03141603234415886,0.0479253643834929,-0.05522462228512957,-0.0796525754979661,-0.12331342839892821,-0.0787573006649422,-0.029142736907897395,0.07962761931915642,0.09972580117373568,0.09640636138334724,-0.15061540943584212,-0.1053195430710429,0.1598357342649791,0.0012076899266466722,0.025946585150956103,0.06169357289512865,-0.002967598584310783,-0.15983943992509686,-0.019611492977107434,-0.008781657347791409,0.12520022793643257,0.039615173354244006,-0.1296041658188224,0.03215180154398665,-0.11223868689623044,0.11594262780755567,0.12043370448566305,0.2714062754232594,0.14213697911002404,0.4068671198328397,0.4321028493462402,0.5461196860922473,0.6789173197334608,0.6037168382115286,0.5689924553180657,0.19861533404284823,0.3629840425037056,0.07508891404614065,0.06575062046219765,0.21620399859147899,0.10364063600943552,0.049097889743990146,0.21376706890938402,0.2917416068895374,0.16554033619650688,0.014502455156678242,0.168661625201031,-0.006978121467717788,-0.041071269208900314,0.2449724855031967,0.04119587762001129,0.27900681978316055,0.061321810955486236,0.1659676245695229,0.01792050236978637,-0.009300866485842873,0.14042917627366736,-0.04156725394332882,0.15327786664079274,0.22142116534141834,0.08745697585341931,0.08811588709390661,-0.06860813523325321,0.009114731828965977,0.2535735880664383,0.0421841235400612,0.15106208626730014,-0.08957849977226633,-0.038865419724411966
0.14240817357841365,0.031031350950426407,0.18130792501678938,-0.11991783232865226,0.09832956131728786,0.14171219447645397,0.1640518585524868,0.009091603108909982,0.184252490789262,0.13065605862427243,0.0636311239515137,0.23662487317578762,0.4493196752782153,0.6249454575874257,1.0000000000000002,-0.06281874852803512,0.13278204083722006,-0.04234142696742683,0.12223248008762375,0.2534919846746729,0.39253369438359215,-0.2513673251258214,0.19651465632924334,0.2592032830853591,0.17224709157250512,0.20002914845907016,0.2861150696724368,0.24165987205433243,0.455962015913384,0.3601673663743167,0.11434864991570053,-0.05701047609353723,0.046663664409251515,-0.10668853664583744,-0.12320463196183488,0.2259980083918356,0.1825877309101597,0.008089254178121777,-0.05799025247752609,-0.009119765563727475,0.17188045290037735,-0.02622626835986984,-0.2962391828332282,0.30006123600624246,0.11965490622923541,-0.011840564051399386,-0.16144050105297508,0.03601313179406699,0.17405782130977013,0.1630568080945034,0.12233234730707117,0.09959035473939892,-0.1478729690241711,-0.07510784320204282,0.1576470266677107,0.13554191709874938,0.022709729278736972,0.18627717358314258,0.1462464417611449,0.06851680456346418,0.2912252277903012,0.29588478659028056,0.5431843396264812,0.5338020997545349,0.6595378649381923,0.8256808001050265,0.42826202908569155,0.29580128513782833,-0.003029284910161712,0.19395940206477863,0.47470066633066593,0.20338754441259244,0.32108551072263064,0.20873775459723726,0.3622597220310864,0.22768069655222783,0.46063286620880917,0.4649746283155891,0.047742926845092334,-0.10019139117546419,0.32990415850455995,0.08036497897961939,0.26678949844257827,-0.02240391069515564,0.29898982959646686,0.18788609248931118,0.21117831730214018,0.09487673283870206,0.2538408734573562,0.30730748533668817,-0.018127039892831657,0.19927997062362127,-0.047683439624052484,0.0607621666353835,-0.020271494849849008,0.4142595090836195,0.19883024733413193,0.31361266049538555,0.2309892296271257,0.18027945831535772
0.3344068384433588,0.29526118515324157,0.3361959298343735,0.5332623519835019,0.34753086028301466,0.3079188003827967,0.3874283536581249,0.34704036858305565,0.25333718249219067,0.053597027560536525,-0.02900970275053553,0.045445208240712145,0.05817375227022866,-0.044816572479794675,-0.06281874852803512,0.9999999999999997,0.5364753474468402,0.5869709322148152,0.29474404846050967,0.4608714058900674,0.1917974898193052,0.15867303707934657,0.42156311817208375,0.058219370564886234,0.02048112819523125,0.000719365264913648,0.11446060111158608,0.09115799723309548,0.18558985880302853,0.0031032398276122893,0.11390145144816513,0.1402065035826392,0.3385155483290074,0.363462535351362,0.3980674100457268,0.1694558649827134,0.06895840397988415,-0.021375931522875726,0.0050159767878364915,-0.020781839627609048,0.17362947298768266,-0.14154540279869995,-0.010755033756585755,-0.11053832793503349,0.039961601064341726,0.06664899550486594,0.02632476688175437,0.5257564728223164,0.40994141814507323,0.07092872095743259,0.5132314905212747,0.26755928062860257,0.31528673341165386,0.1906209291933402,0.24763502268957197,0.18535466530943848,0.20329202881202735,0.24710340029346775,-0.17047358540294635,0.02598062974233086,0.04145564479368571,-0.04885746111809596,-0.04562012914346501,-0.19448261390177837,-0.0920862852310207,-0.14831890477568166,0.28406302259685057,0.06034439586715878,0.05312793400917162,0.5051620847183997,0.17526437204792567,0.027101168538221556,0.2165168330715564,-0.12740586840062687,0.0750087794691348,-0.031041644551206303,0.24369426991674445,-0.058571061438287796,0.1147973192568737,-0.0387770165589506,-0.06812114391429692,-0.10913950048824983,-0.0893957311936983,0.035320548193610884,-0.07314780486255353,-0.1578827188512734,0.05251417151054781,-0.0830973940503247,0.23050718310716364,-0.13490169213734837,-0.2209971587874823,-0.11547687733732433,-0.1770148944177956,0.07114236666384245,-0.2565063057552625,-0.06383115592215752,-0.07739646268845045,0.11068884653117284,0.3340223561439231,-0.008717247724397326
0.14335488213826286,-0.02319491697572716,0.29910309426553844,0.17905595982085099,0.2298548274108066,0.24897914885793418,0.3692806582177196,0.17671406679966592,0.11408900783475995,0.07749666440032199,0.004576983524691146,0.0920109022523153,0.21044747263258254,0.09624902125638274,0.13278204083722006,0.5364753474468402,1.0000000000000002,0.46723861547170475,0.44255176908651733,0.43733351645047097,0.3025699782013278,0.25617327346761143,0.5355278229892441,0.3886392044847528,0.15665758349938266,0.18278576629510218,0.3037423604525652,0.2757299540644108,0.29537807845028047,0.1974232078060933,0.11720586001895697,-0.12607562483714352,0.039821103975788454,0.3002252969745154,0.500756905720593,0.03287606177484003,-0.09885249432763976,-0.20593124009165142,-0.08660218303540249,-0.003616167956094375,0.028687006953108194,-0.09788800528130127,0.03014559550768611,-0.17355304031642677,0.10665404925350079,-0.0898851090440259,0.09326477908319321,0.3612295155324878,0.16474461080970818,-0.19468042096493127,0.1921237844443439,0.1276631775208826,0.28219749376194697,0.23237161885624338,0.20387411303602052,0.15101187143820308,0.1069984879078722,0.22328185936919231,0.046166778097205284,-0.16008434026993806,0.06878757166206341,0.08610607618301454,0.15806658976942148,-0.043387386082495344,0.03233144055917062,0.092816171503826,0.06882095432217952,0.26358613966137306,0.2827022293120213,0.43940363804938337,0.3329472175224087,0.18024260405907844,0.4057338495168428,-0.27626565731663405,0.36941325675609904,0.17405534589921004,0.2729241680133181,0.18320617489168148,0.14913417843579838,-0.14329323553096066,0.2903110878890534,-0.20779090855372814,0.011340094079598096,0.2678221792297534,0.14986994365687675,-0.11907249860355437,-0.12378947187460711,0.1225204118830987,0.035322678309972835,-0.21113728519620298,-0.26561720483887863,-0.29438336201915316,-0.36708986587563464,0.0973667212130473,-0.19114818481916937,-0.1415174589017268,-0.32382889785009533,0.00830392849279864,0.1710313776576771,-0.3437875263350537
-0.14584838852131762,0.17032301308302875,0.27950431790287017,0.2895831161815794,0.4105566955644187,0.2868594488704393,0.20255174569883821,0.4370028343600422,0.19564441093861254,-0.25938852264836243,-0.05394271032746842,-0.17125929662038655,0.16408681214767626,-0.05813310097307246,-0.04234142696742683,0.5869709322148152,0.46723861547170475,1.0000000000000002,0.455759800726788,0.4891682211901491,0.09904546778155743,0.2634573735693923,0.42540051846928617,-0.07252643140319685,-0.2274935416747169,-0.1503697065811113,-0.07864208317517697,-0.014362495453944784,0.15747053089962765,0.09924728075873625,-0.14859292345841738,-0.31696396767965956,0.256742551499864,0.648041995368086,0.5461378219225647,0.184269919993809,-0.06963273815533308,-0.2803772361708799,0.06850180874740837,0.06416884117519503,0.26295166811218723,-0.1677214669128828,-0.005152917417989351,-0.21105154991715566,0.1607381205189244,-0.08855990901644742,0.17763482247342316,0.4611106208200479,0.16987041887076337,-0.008642102076831389,0.050789649344264685,0.2989895420952596,0.3348607033888776,0.5115882156079208,0.32896207900134145,0.2495870097131409,0.43694983388563885,0.34058223525348497,-0.21143002640443453,-0.1260561157078302,-0.2886318170464412,0.07951104132499397,0.1387926672101246,-0.1642249123641089,0.050470472377999766,-0.06583567411848154,0.1529754745890256,0.20013664702497647,0.45738090784248286,0.757142230176863,0.21783140531915543,-0.047557255163451724,0.20377689395354426,-0.03556742689618839,-0.04420667580069524,-0.29120112252837815,0.14917414338114038,-0.12665200597043677,-0.015422806669859646,-0.18055802014106437,-0.11197996390613899,0.020393768306414397,-0.08604143406540674,0.025808096646952893,-0.08976889490634846,-0.04183227071226511,-0.03550558002868511,-0.10453724687263946,0.1621202453578373,-0.17965308602981545,-0.003388647789845531,-0.1523899907647938,-0.34553699329046217,0.004708725139852843,-0.3601481177054601,-0.13954493788353123,-0.29101503800511047,0.060585842757889835,0.15603176904578733,-0.1228979123590579
-0.25470621922999176,0.060388245775830705,0.04177563954321774,0.08985719378161136,0.04767416979503601,-0.05800300867591831,0.1504805359803496,0.14828506119927373,-0.036543390103905754,-0.060032955111104826,-0.011199167107137085,-0.00392182266702005,0.27351401002913284,0.31597540415777503,0.12223248008762375,0.29474404846050967,0.44255176908651733,0.455759800726788,0.9999999999999992,0.10850845767346455,0.2467493994548204,0.43600455154591466,0.29764043714606075,0.055326326989006316,-0.13003332343017182,0.06251788023178531,0.21315146322118847,0.2104461527877086,0.06044344611262896,0.2367232921879998,0.0049871836054025094,-0.18270119027420936,0.10853378975950499,0.4873701742247829,0.39597242925897386,-0.18603691103041814,0.003048340867849047,0.006409715353477369,0.18918914641602877,0.17324934664574393,0.22510095468022623,-0.0471248465143123,0.1423142103492312,0.030369222506346306,0.34978785849003113,0.20529009009470905,0.34887857313223314,0.3302605497941834,-0.1931743146436433,0.0009615340091938673,-0.10811740848180723,-0.004668977736329622,0.2359022271392905,0.2199234123479946,-0.0024103694023723263,-0.18033162675309952,0.11396062587490564,0.06555219863887904,-0.0016966330933872278,-0.012829987159603266,-0.02962555630674702,0.22551933760732978,0.05600974445175194,0.16104943848675912,0.06069185635508735,0.16351742892272295,-0.011212571462525982,0.495682958670767,0.5286157525109344,0.24662860941143927,0.07011806453467093,-0.07704642697103005,0.13672085352018098,0.1117570286510998,0.051953396331305676,-0.13209087003871392,-0.07577419496901047,0.07618028804759695,-0.10374447336473856,-0.14824412570185153,-0.12059227293100437,0.12391703606520195,0.18433660296279164,0.25799992132829197,0.1679827566314885,-0.07757674638644634,0.06584729861500059,0.18068061203267496,-0.14824961664964312,-0.1304405033765756,0.024796592279909154,-0.13990659685652693,0.0868714611436484,-0.010232845427987842,-0.09260939763783113,0.03230457021002783,0.02952793970299277,0.21969899985653188,-0.32019588734548105,-0.06929403307504399
