0,1,2,3,4,5,6,7,8,9,10,11,12,13,14,15,16,17,18,19,20,21,22,23,24,25,26,27,28,29,30,31,32,33,34,35,36,37,38,39,40,41,42,43,44,45,46,47,48,49,50,51,52,53,54,55,56,57,58,59,60,61,62,63,64,65,66,67,68,69,70,71,72,73,74,75,76,77,78,79,80,81,82,83,84,85,86,87,88,89,90,91,92,93,94,95,96,97,98,99
1.0000000000000002,0.22486813419743187,0.19609336102962474,0.01401544778389148,0.057172018511188166,0.29481884330857766,-0.12360908162824628,0.033774008948297476,-0.15876658799940235,0.09460684377483768,0.15320854935261818,0.05907748132844138,-0.16677354616343593,-0.03190864954597729,0.04507911164250508,0.2246869669223553,0.2706619448263211,-0.044260514643671096,0.08361090426958362,0.12138221627400346,0.03449958017502402,-0.03121919051868344,0.13981304413164047,0.20085162196006334,0.5214096741223275,-0.17965950076976453,0.00884245330439636,0.14973575896054173,0.3050363078593269,-0.06091251037791447,0.02910413604775061,0.496583855819225,0.386814742388764,-0.05792136764646041,-0.11325353575928275,0.03911236892378007,0.35702838435098533,0.22892014488501275,0.050346850812813364,0.007553383612139809,0.026874632639592628,-0.0334514259023526,-0.09507393326672972,0.14866927143221384,-0.1740792200264603,0.044843435565521714,-0.06308639147967375,-0.034267206573778665,0.20915170082866935,0.2593337074017912,0.36991041928591606,-0.04085055777881707,0.09835168590493971,-0.30345943682860294,0.22637310804724245,0.26381433857079095,0.07008215713775594,0.014772903634929585,0.3158832147560978,0.2593759960805718,0.14938485533080778,-0.07902767952889816,-0.097548543441556,-0.07382587057333431,0.1809085590610468,0.06926610471117058,0.328637523171813,0.095573128428091,0.1495361811763679,0.057234696664711184,0.12784750047487065,0.13842988672039996,0.22643931874479062,0.18711837971082995,0.2650921216902354,0.2867846602502858,0.5002341235631981,0.025211646211030874,-0.06377416516290935,0.38051901287220763,0.24451091331429795,0.11910561021717492,-0.12856789211662367,-0.16545858518955905,-0.15923422405132004,0.12630032603928665,0.3951557044149587,0.21306353361441413,0.342866140717109,0.18640987187687577,0.13987201652272202,0.37067657492135947,0.09945078266851382,0.21146875833544973,-0.056970525662067346,0.15743322326191903,0.16766934929995747,0.10856517018757883,0.2833549708699152,0.3522254488748565
0.22486813419743187,0.999999999999999,0.5652635208786566,0.608099397500214,0.463474092473349,0.17108364088646924,0.05443768052506352,0.5374672213031978,0.42175462137277564,-0.09395184430215131,-0.1307537434802388,-0.250199644755483,-0.29209286969695103,-0.2878631599488439,-0.30125308503163084,0.4090101012944623,-0.11374326894386892,0.28493364513608477,-0.30997050890904604,0.07769851792877776,-0.26608688013543835,-0.14128411338137778,0.10334744579877105,-0.14452055154141424,0.07892981936398073,-0.3937640644370554,-0.17452570442713003,-0.1914275381119704,0.08584688060732366,-0.2968967395931359,0.3421716344913727,0.3485796062908354,0.3132605319377282,-0.04299282088004145,-0.06448612606631286,0.021617145460836748,0.017213984495715966,0.25247496728237245,0.14387540884397662,-0.10897751589631968,0.03979444652327101,-0.00222238356431636,0.03611565283025021,0.07067387473153335,0.012431460390307314,0.1017008119042695,0.22895863530226485,-0.027050364718223852,-0.04022205573039252,0.058788959423219905,0.2327558905220956,0.5143973859603896,0.5543304949721215,0.34331843192059147,0.43064961219585535,0.17992036884422896,0.5577342139956251,0.5529687219236789,-0.014952944843016024,-0.023174964776898656,-0.17379863889828648,-0.15411185755105644,-0.13302739110333345,-0.27521596761365824,-0.17786167859316895,-0.26257213335469026,0.2606931053555434,-0.011736952626600638,-0.09836647590201414,0.38589888750622764,-0.16039564127359326,0.13513322591176846,0.14940274689115907,0.14024577552284967,-0.1071672983745706,-0.055445827944705324,0.1811689839384492,-0.2527733891040539,0.3448684262933351,0.2213126078494615,0.028870714078240732,0.03070178795067571,0.1516580020362211,-0.016447158223462793,-0.07227768327334862,0.05403124989177695,0.04972364527858933,-0.029645575401457295,0.08078351686284564,0.03250860309894926,0.2954241018174951,0.22597653207076787,0.15093771887189844,0.092184175416881,-0.04599710828932678,0.07390144423965457,0.05440063193808396,-0.028473852609560407,-0.10860552582980555,0.14376097583447436
0.19609336102962474,0.5652635208786566,0.9999999999999996,0.11440641565912626,0.3882765919451125,0.5767791433192474,-0.00641589022892969,0.4313526268481142,0.5795637915252346,-0.08767619628042447,-0.05552561193918119,-0.14651887116336176,-0.2861233026784645,-0.1283930364019006,-0.2944778973004027,0.4608594903593287,0.05890955065150814,0.3328941807980933,-0.010515392385423117,-0.10276643597932096,-0.18731623974036538,-0.0675803961310031,-0.13516203008841177,0.036057974264361234,0.03529405006224767,-0.18296741014008433,-0.0458749809050981,-0.07335794070451478,-0.00935721840990007,-0.394321242005293,0.1408210635644548,0.17800807609290914,0.13504819071183044,-0.022245975005285547,-0.02887728257331054,-0.003112126560551388,-0.02419337220795134,-0.032488471395071425,-0.08852060831085504,-0.23977878856540957,-0.2005223342833609,-0.08825642734468046,-0.05374992589489905,0.04845104350660964,-0.12764786843439507,0.011241338569085213,0.006274321016048442,-0.14912291721202017,0.10249824674763183,0.12012749464271749,0.30619868873508427,0.5078327278054816,0.3655808255507987,0.2252209513765948,0.7440751994777396,0.5729664957435197,0.47090402101089346,0.572535244589212,-0.03260743801765652,-0.050308220825844005,-0.04762595464215624,-0.14979880310580326,-0.025734953755176117,-0.25194264204781797,-0.12932248959314746,-0.2634139658325759,0.21772195556991233,0.23053339582405555,0.09447465098141698,0.3326036003691754,-0.13561664614289612,0.2453935538539061,0.127891366171509,0.15823432154379194,0.06476502885310396,0.024836769148590686,0.1315066667637565,-0.1825752615283892,0.06609262917298167,0.16396126715276302,0.22590983450020904,-0.05348969692512198,0.003926686730525999,0.020143973575654308,-0.01910031894276482,0.066847713416702,0.028694327716555067,-0.021197670478917664,0.02616831598674494,0.04411013385561378,0.18577892451243141,0.11949567854816082,-0.16532893616719088,-0.0020691421052519803,0.013401104842780122,0.014884027415507498,-0.04995409251724829,-0.1073870359399206,0.10348106629489331,0.08710009491468305
0.01401544778389148,0.608099397500214,0.11440641565912626,0.9999999999999994,0.4909179165766724,-0.19288321944872944,0.1221054554966718,0.3985778167702845,0.30098632914027,-0.1596909133104809,-0.2967242404822659,-0.378274526479503,-0.321831863265081,-0.21143164909286324,-0.24594522939220895,0.3160505363978068,-0.237936118367222,0.19254613414327432,-0.2422377620715451,0.24069683668059955,-0.04901501356183733,-0.28406501065447365,0.18462863015486264,-0.14548495845001397,-0.1939406825162653,-0.3741520416140406,0.06307555638947918,-0.44047236577334115,0.015141290788251447,-0.23606473396338798,0.31904799937069606,0.10432532306507765,0.21816883603407686,-0.12020964989847742,-0.14439623031269946,0.04719422851117283,-0.11042583248947989,0.19901811903450736,0.17824717472968785,-0.09240233077154565,0.0846585259006115,-0.16005735264994514,-0.04350614284834472,-0.0595054451831555,0.26179713796573495,0.0640622681389528,0.11910889305520198,0.028938202771471,-0.21242104523604236,-0.12386849550263672,0.08083793907634597,0.2638179412764359,0.598369002431883,0.4866303596329635,0.021346781419653696,-0.15870930018358462,0.40137700157340317,0.3968668817464592,-0.28119010496903635,-0.2345573639197254,-0.37949778041476145,-0.24501221061132597,-0.1587248701167816,-0.08134617584434102,-0.08837109885536004,-0.2054536444832971,0.1109897433474812,-0.05669466596248266,-0.009821050482272078,0.40954104867167174,-0.039707613661270263,-0.07177861358366214,0.23785527256746603,-0.16878988024799224,-0.18153615875995877,-0.34907981176388164,-0.010695264307748132,-0.29168221705832703,0.40415079288358996,0.0011321455972377198,-0.24589771771542152,0.0552943620906714,0.41088458061011285,0.03585140877906486,0.19668693506757573,-0.0005855215435559232,-0.1289207157749762,-0.21720217146968734,-0.10328092193581455,-0.15125232421686835,0.1932448927030778,-0.03954339512586562,0.12640546532551214,-0.21405206626249212,-0.19531378466085472,-0.021994337008906104,0.13729602196396304,0.09976861454895637,-0.2452252989488506,-0.019228528653625194
0.057172018511188166,0.463474092473349,0.3882765919451125,0.4909179165766724,0.9999999999999997,0.059950515615666417,-0.06152454903574417,0.1577210916404025,0.30630216801108673,-0.4280951714940859,-0.29399768424838973,-0.4148459089488424,-0.3903372210499344,-0.302159486224707,-0.21266125338711359,0.18021910692871426,-0.15703698108342115,0.06448946327106186,-0.15835287835557996,-0.018090569171651753,-0.24546199065380875,-0.08598256474337566,0.01389256062033025,-0.2446458072854706,-0.2212697973000463,-0.41626361747894863,-0.0692290992703132,-0.25100031301811004,-0.010278103336359878,-0.20459728035097724,0.1815209725027251,0.12624465794353804,0.1692217225708582,-0.02298652974350115,-0.06411040368353846,-0.07370251838022115,0.008951786976421187,0.0658366710328855,-0.023494684403730502,-0.27642494877247287,-0.09375781293241074,-0.17421374971413103,-0.0833618555803655,0.1033437740410555,0.11521959648892892,0.03448023553928241,0.08356826314731217,-0.022436543918262195,0.015760292396354892,0.07013303051550898,0.2542216986866034,0.2712378047049636,0.3768517019882996,0.4705572129538384,0.373744674014644,0.007282157188722833,0.23514301542777866,0.2949556397745257,-0.2514756129746351,-0.3253464451697054,-0.44754333917914835,-0.3188593271313276,-0.30372063992222187,-0.36071008485703027,-0.24971871822040917,-0.3071118203719373,-0.011830804302690621,-0.08910078070720599,-0.16832959343913148,0.19491078754683328,-0.30638059388552713,-0.03610828321513334,0.039365182214706744,-0.1301324824972649,-0.2574655625402194,-0.39527154678279175,-0.07363594596307449,-0.33079275605482583,0.244388483352723,0.09549698015630496,-0.2305586427151912,-0.025761653162243922,0.17242281960143635,0.08926019310199358,-0.09095083467291837,0.09272356399156786,-0.05204330617966186,-0.07389906577702844,-0.06380127859666176,-0.17152523863585037,0.292915860274166,0.03221102483437736,0.08446103452474793,-0.03486438657852072,-0.21210482073026227,0.13456478978385344,0.03877004844538537,-0.027139519792349045,-0.10223966772595014,0.10753675277613921
0.29481884330857766,0.17108364088646924,0.5767791433192474,-0.19288321944872944,0.059950515615666417,0.9999999999999998,-0.04740348155014069,0.07804523382697996,0.42711800739241024,0.2522292834347714,0.3064154367593578,0.16764388966986102,-0.05845137580302752,0.1021041604650504,-0.05289039544051483,0.2680773627224395,0.30112870924509855,0.09429827175486327,0.23773565410631903,-0.004001088288212211,0.11069487916517297,0.04692691745371873,-0.1627014189986672,0.4011020442953176,0.36000600168049246,0.12096220818842722,0.1632437293881828,0.3112091904561252,0.03453605069197376,-0.11275601448820485,-0.20062343857384918,0.22639741830074808,0.01686367306060017,0.0028718011709111322,0.03297235832390601,0.21038095608021418,0.12753701964369876,0.003838020069186211,-0.02714114511092478,0.08904290339672982,-0.013627525519549292,0.05102551354739277,0.10358077016493739,0.09558369146029957,-0.15862617704912285,0.11757066670071929,-0.05110906697030824,-0.11699945196906011,0.22217592270088019,0.23934636735247794,0.19195709228997862,0.20219848857414685,0.036971398990992485,-0.20332415872816095,0.7363715854219257,0.6891263810715612,0.15684115340371588,0.41343562680276374,0.28006504161476664,0.2437374254120326,0.17295930898576278,-0.04121323595614546,0.12346952408750149,-0.07270621516978358,0.13480149866718213,0.05049624652444653,0.3110595103782092,0.19213033472353003,0.051144417749620426,0.06324006626059704,0.1039172459237087,0.33513447770960925,-0.008333007748701894,0.25103828658377775,0.4022921038725161,0.40601725524071564,0.28410733505336905,0.1593419678655315,-0.2455276322434015,0.3073011907647229,0.36803067513728177,-0.07198003009189428,-0.13276410926946386,-0.04913771351736635,-0.05855665864271101,0.03829931908044106,0.12078053210760152,0.23270216737884486,0.19750699957233794,0.29713823335610007,0.0486784898615371,0.24903762542944763,-0.12903181558554644,0.1357404929952464,0.3145111756079774,0.00660013950702287,0.07946747495826868,-0.04508747040871634,0.21629689895224347,0.20492727303210284
-0.12360908162824628,0.05443768052506352,-0.00641589022892969,0.1221054554966718,-0.06152454903574417,-0.04740348155014069,0.9999999999999996,0.30995157821950303,0.34481578911731386,0.5049084291824912,0.34566325100114287,0.4152297002253126,0.3588054716261035,0.46134270083031875,0.29690707764565893,0.01513189134394282,0.19214133109602904,0.029421160092197092,0.2892909737376245,0.15313366135716913,0.0664282997332735,-0.0016287459495255801,0.3038264013348868,0.10184964776676121,0.14508289298420252,0.25308583086025005,0.21116756287664987,0.27164282265059086,0.21203168610513545,0.23979212417836096,0.30433523030971166,-0.007411799156835715,0.08468617060358055,-0.17800501230358254,-0.1635527810233295,0.33979947130319754,0.1292329688073751,0.35081338890362074,0.28195973719474493,0.2593622899284336,0.20267173527982396,0.25401348529552037,0.21360740997282393,0.45856265177616123,0.3712563005185459,0.43947603358768306,0.008089667572481841,0.14712496171142483,0.1933024016924185,0.27181205360785565,-0.034347291058927455,0.15904588485151613,0.041345596136464734,0.12697155974099408,0.05470645510575086,0.11980924615189782,0.31970869762294074,0.3971532766837369,0.39431556798524575,0.3853487979939459,0.4762562103235061,0.3139774945703626,0.45645587003278815,0.2599139771846372,0.0643037261331513,0.3263546492930168,0.33635145441450814,0.2554394093952226,-0.13686574826361433,0.055517008248971544,0.15912319867946997,0.05342726240268083,0.023556653311778048,0.20798854568420042,0.2165121272832559,0.20122169877360455,0.15428538787939378,0.3214176064872529,0.22880869924168118,0.046610170764372426,-0.16008643473704612,-0.002652789788064869,0.08252619048914506,0.014171831048272176,0.08309216028296494,-0.0868169268880162,0.03836270758133578,0.2741797844016342,0.2040119201844137,0.2062324882596505,0.19940231278139114,0.17262757848409313,0.24642531279315583,0.23441416781163596,0.29540424582180685,0.4156209526422119,0.412420595733314,0.1525129371187378,0.163338969934032,0.20063241604892065
0.033774008948297476,0.5374672213031978,0.4313526268481142,0.3985778167702845,0.1577210916404025,0.07804523382697996,0.30995157821950303,1.0000000000000007,0.6802761516628678,0.04678546384037154,-0.21135397718435295,-0.20687878069106264,-0.06322016159661532,-0.07983136242735099,-0.2427408599575772,0.20399360368928346,0.09657967030563155,0.6699419383151766,-0.22853615230260504,0.0560964818335281,-0.30646485751311464,-0.14576566638428703,0.10355862696959783,-0.08379696428722111,0.05210545522100431,-0.2439059795417128,0.06283975753136531,-0.14258754193893977,0.16158374105956946,-0.28782774748768386,0.16733210964754233,0.13173144112892934,0.03068735625231558,-0.0939342056311019,-0.03190077538560971,0.13330731938224522,-0.050701971591064446,0.07009698427907628,-0.011265149718723362,-0.1174760297597217,-0.13459753432204338,-0.19931889799895858,-0.12899177057215502,-0.0802709095704436,0.03702008835482126,0.01270253862524072,0.04540948942686639,-0.004630520014742904,-0.29798801189329704,-0.12741058214832446,0.16546017449679937,0.6283830333555904,0.4593561422334416,0.12525569385690302,0.21571515830777238,0.10405318569812565,0.859711399297451,0.6909132977452235,0.007716784758767108,-0.0315344263998951,0.020671069452338372,-0.0005002043445685372,0.09993445271703241,-0.32513407802015915,-0.33324206502777187,-0.24734109854308925,0.20658627361569878,0.20129253184475357,0.033357885158592455,0.6382554332293854,-0.24146354512807114,0.34278241058538644,0.35116996218190455,0.0026576401249063645,-0.05052034507845748,-0.058688067632229036,0.18986620205489535,-0.1768602024591094,0.25381938771944196,0.07259498437388433,-0.04091074590646604,-0.1301288301651736,0.22624027699735766,0.10148877814159706,0.24019267019071175,0.0055027056589928664,-0.0693074531224738,-0.053608337475237126,-0.04960122802640775,-0.1735173560160358,0.15387583814876538,0.02982121640217184,0.02943059942496993,0.036008176158847105,-0.11306276387037441,-0.05751172547268557,0.12931178909479418,0.029388759866064054,-0.2241028990441668,-0.08447474474765676
-0.15876658799940235,0.42175462137277564,0.5795637915252346,0.30098632914027,0.30630216801108673,0.42711800739241024,0.34481578911731386,0.6802761516628678,1.0000000000000004,0.11658603328257587,-0.07345648096710192,-0.1090470959825835,-0.04040341340022749,0.0003806597912904508,-0.09744178052386177,0.24940003806282604,0.03397002029817717,0.4558911384102723,-0.11172337478240243,0.06701302597878263,-0.18416851717702407,-0.20663273473886293,0.024761826023074536,0.06600262873100624,-0.11391302741389824,-0.24037832020232736,0.08564698380337063,-0.09266580916379301,0.05143168571578255,-0.3062244061477739,0.1047979800881743,0.0554624293296563,-0.008791042017719367,-0.12166134022071402,-0.11433195843768322,0.2899078724612779,-0.061288846489810325,0.10584976545434271,-0.009792323523351937,-0.09094443306941302,-0.10638700823691008,-0.2066468750476414,-0.05844137834678656,0.005648908329638126,0.08898295583058657,0.08331106417655772,-0.022991794937535125,-0.07131802307959952,-0.07636259252553948,0.04300076894770444,0.13650789219886988,0.6141250786715517,0.41716574153160324,0.3680501968949186,0.45711623792492595,0.4109003472353817,0.7113997073895386,0.7696907419115212,-0.036651396409291055,-0.03506927116373318,-0.03236855302859113,-0.04242798949482433,0.19231581979020937,-0.21546250529510538,-0.1953439487508873,-0.10864076838350246,0.2101153864130211,0.1423044279146586,-0.09012564321026384,0.42956262118784977,-0.15254441601493174,0.18958132529537253,0.12536355258853274,-0.01987071911929331,0.029861695786678237,-0.013751593368766298,0.11416376627129342,-0.1081019701321789,0.2306209947762772,0.11925292414793814,-0.13509109267872713,-0.1737339638055433,0.2138735039275707,0.022913085203653573,0.1831889424318348,-0.07591671093797273,-0.08480849686373904,-0.022226011875931196,0.020136917328082288,-0.004861937307096652,0.18040766919609608,-0.010120313752769238,-0.0642193762573574,-0.035859528652708174,0.02733886182590252,0.0038435157538168267,0.10113863469969644,-0.04319542991104912,-0.08405334963782378,0.03331407321388292
0.09460684377483768,-0.09395184430215131,-0.08767619628042447,-0.1596909133104809,-0.4280951714940859,0.2522292834347714,0.5049084291824912,0.04678546384037154,0.11658603328257587,1.0000000000000009,0.5330357241012517,0.5793223300364354,0.46955181042604305,0.3986748909471662,0.2736301096588298,0.0016013597857978243,0.25354032183203096,-0.19444825883417424,0.23555388043202136,0.021043957014684013,0.2045929208798375,-0.04649375384488569,-0.0014904864570579358,0.39782539380582244,0.4394694529635826,0.30277082286288365,0.1691228685754508,0.36688807725236744,0.12311763099904564,0.2626250977944475,0.08442825818944487,0.1414998790504328,-0.009271260021036995,-0.15752235727839792,-0.1506128772104879,0.3206673728316807,0.22365155451165386,0.3323890506767425,0.14099622910448273,0.38231908408388143,0.17549368987874744,0.33876533305986845,0.26173088511729253,0.2671331622212748,0.08195556195959036,0.35750282752051,-0.04095697425329535,-0.06263399621585503,0.16685870095296354,0.2121455711610426,-0.0021471595082881286,0.05586199643877534,-0.01837326669575968,-0.15597243406249459,0.08825117112953,0.21548709702711175,0.11502444559519323,0.19959532412995412,0.7139899468998029,0.4994145374560544,0.6599963258474207,0.38690523694831214,0.4044154174138628,0.3716075204806091,0.3648384486431312,0.4788763987422463,0.35175546420875675,0.17770205647314127,-0.10708677211963913,-0.12289636293153926,0.18188001684891897,0.07063701746201154,-0.1426748900310671,0.22553777833325758,0.5024854849933592,0.5794170840988443,0.2850259051476728,0.3428326917678541,-0.01857098383596352,0.23362848274502485,0.058552923928166495,-0.053487831581274965,-0.02488891717607407,-0.13024563730290664,-0.009478697723677102,-0.10899298358736027,0.22337674391797116,0.4042202357305998,0.24267001347772957,0.3020187548946918,0.11185981988383414,0.20432121519981036,0.16430145914058347,0.3237809338332906,0.4394680934237576,0.28184014093630244,0.3392209437303412,0.08675398272083941,0.2256054079933592,0.23348890628812408
0.15320854935261818,-0.1307537434802388,-0.05552561193918119,-0.2967242404822659,-0.29399768424838973,0.3064154367593578,0.34566325100114287,-0.21135397718435295,-0.07345648096710192,0.5330357241012517,0.9999999999999994,0.6213664982636948,0.38310229321296735,0.5659416767184271,0.4310821521825776,0.09246094408214019,0.3875967343209238,-0.18332593395465266,0.5173076099491618,0.005235372020120693,0.43905213469207016,0.12004438133322365,0.006009763880092872,0.40352529796534664,0.5063118930119099,0.39036607275090995,0.19509484326212556,0.4908388919039208,0.2400806146529702,0.38151048604815474,-0.03718726328449186,0.22605508291194243,-0.07746868450500821,-0.14926007006790443,-0.1700839007994283,0.12277806563507095,0.10482964231263005,0.17722216707875477,0.06754478156595134,0.28388542134970896,0.0025023893741929464,0.38481782643947654,0.26703381323530767,0.19056375557515767,-0.037485005958237644,0.19294839513141362,-0.1426796964160676,-0.16530357310368782,0.2674856687104424,0.17777178252237344,0.0032913748621947146,-0.1794912030905167,-0.1454747011809133,-0.14993208246774403,0.1917874464679322,0.3489659638089029,-0.05661794467977324,-0.025357531541611005,0.5446694678596128,0.5165049969443317,0.506405916248436,0.28393839467528453,0.39530412881233157,0.33568584739355134,0.4517136885221269,0.5176234178645307,0.363938530997343,0.23497217776477475,-0.04053128122676379,-0.20484862823706138,0.4896575830564128,0.11688476265853279,-0.1465982834100847,0.3408066922050956,0.5161089827187461,0.5845001614423612,0.3406252953579554,0.5822042292919682,-0.106352600333127,0.2418768427373917,0.2183987494180492,-0.08894753762027151,-0.2316440817830672,-0.14091392144419165,-0.08600056661464911,-0.1946088267996664,0.1297383958025372,0.37040492970543887,0.18020883562636814,0.3175700375565583,-0.04401092871773098,0.3615704943527446,0.056238448089178585,0.23097250403447597,0.3977111501055124,0.13142715399822277,0.22913984044886984,-0.08463895364502184,0.2120079516500048,0.20081010665344656
0.05907748132844138,-0.250199644755483,-0.14651887116336176,-0.378274526479503,-0.4148459089488424,0.16764388966986102,0.4152297002253126,-0.20687878069106264,-0.1090470959825835,0.5793223300364354,0.6213664982636948,1.0000000000000007,0.47961326230572915,0.6107626376149073,0.3567943202827483,-0.07970947750614404,0.49733208905002485,-0.3024667679059486,0.5236371033800136,-0.0032686161631890667,0.4842634739589573,-0.04749263164609734,-0.05279671029332066,0.49883348910709907,0.41083658519004956,0.47828315802296933,0.03982889886342476,0.4695572844164475,0.20230438257680752,0.30559130212829866,0.04557803217809811,0.016119021051227193,-0.06490515889283432,-0.3493336287675031,-0.32524659710422443,0.2629276974067755,0.18800120585645883,0.15691837136523096,-0.06703642822763335,0.0993342530681997,-0.03548736377618206,0.237421161502063,0.13586697335577477,0.3275261354326555,-0.1445035221742708,0.17436940500494802,-0.2217278912033918,-0.18276111259578998,0.32425351610652875,0.21722993259878914,0.01114795764821257,-0.2084038577371691,-0.2298338206182735,-0.27928433016877086,0.026220620109305915,0.22025457413605293,-0.1435739690671251,-0.1288633661989195,0.5476897370629344,0.7086472593948904,0.7562730340398583,0.4153033911928262,0.42526989779684626,0.4109666507302397,0.314341342945043,0.40811011450315227,0.2613524192816677,0.4146874295970052,-0.11085280199382042,-0.2884004608514536,0.41751811006421724,0.04364803433513955,-0.17714174886287473,0.24666087290073266,0.6143281999214552,0.6423567887105696,0.3433711832976809,0.40747119836651174,-0.10304662231329423,0.13401888776926627,0.12359801222334924,-0.15800406304429088,-0.4126476984200837,-0.32400254079357954,-0.24751790416201297,-0.34539545626000034,0.2096815837407926,0.2855023221512425,0.2193045866485945,0.3350690890321079,-0.10169271702436214,0.19821254668248944,-0.06456295603506784,0.3222045493513718,0.36167109554041454,0.3072222288101214,0.10754386862085664,-0.15635940950590976,0.28159839736378045,0.19639626430310175
-0.16677354616343593,-0.29209286969695103,-0.2861233026784645,-0.321831863265081,-0.3903372210499344,-0.05845137580302752,0.3588054716261035,-0.06322016159661532,-0.04040341340022749,0.46955181042604305,0.38310229321296735,0.47961326230572915,1.0000000000000002,0.3636955726381213,0.4749786555891088,-0.3709151153788598,0.1363886841783049,-0.10244344796585206,0.12522865644614803,-0.09634283354025608,0.09939475416940818,0.2854150576336548,0.04924317882907286,0.0218820004688136,0.13398398331616299,0.36452653569447535,0.07291820469011008,0.34275302503700306,0.13425303641305483,0.41192595365786855,0.08187578686241292,-0.10475425846952029,0.09645144523234894,0.04531103453917004,0.04738102530667512,0.18313826300784608,0.22991551816403147,0.08174182619583449,0.16112360124453254,0.26261300270169713,0.15135026525325523,0.22412480652639707,0.2713101783681163,0.17591973664781074,0.1460424284075309,0.2233550034446554,0.07427609883168393,0.013164243280320726,0.10957203566406436,0.1840562789463265,-0.1459223357919717,-0.018671881224346272,-0.2831852966863221,-0.19442083017419248,-0.12815483805698463,-0.015975267409141153,-0.0035631210322554087,-0.0015998404194371278,0.37131729601422336,0.39569950898381095,0.5517488117610732,0.7708040577287468,0.6086466990783658,0.34348788198858726,0.14707449334921524,0.47030026200739605,0.1163221196656957,0.17469355016633067,0.07250711531898026,-0.0815291657387521,0.14775136698259503,0.07164563161765972,-0.22848989448834794,0.17552766766758582,0.22821264652936235,0.3427436358442688,0.06455330820122598,0.40331382605302796,-0.007487443907279808,-0.0007373651514893449,0.013977810362550558,0.0469669625580409,0.0023341423115396313,0.027361613035223303,0.01439207634240202,-0.024502663416715607,0.18535825609496037,0.228440680977383,0.11421495032601346,0.25816637818222604,-0.11903580132846743,0.0819281852974998,0.11625780185262677,0.32095175028895406,0.34707176630266373,0.08031818980602538,0.10700545959179447,0.03540000307342801,0.17229749175052247,0.15220917647477097
-0.03190864954597729,-0.2878631599488439,-0.1283930364019006,-0.21143164909286324,-0.302159486224707,0.1021041604650504,0.46134270083031875,-0.07983136242735099,0.0003806597912904508,0.3986748909471662,0.5659416767184271,0.6107626376149073,0.3636955726381213,1.0000000000000002,0.5748366622844918,-0.1546437207977402,0.376958522179198,-0.12290527268492743,0.7937221619191112,0.06642347883319957,0.48536071444840645,0.006427889397877132,0.1659414090669637,0.23772113136362366,0.26910151738403015,0.31777447967146333,0.157171505790401,0.5132400245919518,0.2997013373921984,0.31564256037486743,0.23619126968137844,0.08011451778752159,-0.06474701998448683,-0.274288688523759,-0.2869363485884618,0.19501858728585625,0.054484058431208716,0.2520776619596169,0.05992500963110003,0.03193439870064681,0.02787176998751857,0.23956389413320087,0.1495674030208106,0.30250441041936654,0.03570634494480508,0.2037665409656776,-0.05059550638735118,0.011522926006305336,0.292328796753984,0.21843276021603023,-0.051735992654144546,-0.13071772415820973,-0.23237985093930832,-0.20035709676515415,0.06401485822097062,0.24423778838501328,0.006321336873173323,-0.018784921813844654,0.3429279703651872,0.4109827032035464,0.4536596870434947,0.18888501010149025,0.5280475468600264,0.4986983367832979,0.44184577726317964,0.5069077921991977,0.26423485047163053,0.4188993952295764,-0.005369702128775861,-0.16386000239658574,0.42284330591797004,0.048892981275725805,0.1738322160804234,0.22140724434546605,0.32627764646316537,0.4474074527687642,0.36565464166215156,0.501968802226972,0.083554420094735,0.12403440115920727,0.11495540079442848,-0.08975237976346832,-0.20019308672111086,-0.22632691677083963,-0.13192469234121432,-0.1591831837228889,0.06103806503600193,0.33512735807688543,0.18217774055098226,0.38073731301831565,0.03524666834631102,0.19216269523945884,-0.01561010679949835,0.2870847805603899,0.311062349495303,0.2785033174918837,0.22182915478867193,0.16165335370282438,0.25545890753794803,0.22306687371144196
0.04507911164250508,-0.30125308503163084,-0.2944778973004027,-0.24594522939220895,-0.21266125338711359,-0.05289039544051483,0.29690707764565893,-0.2427408599575772,-0.09744178052386177,0.2736301096588298,0.4310821521825776,0.3567943202827483,0.4749786555891088,0.5748366622844918,1.0000000000000002,-0.22047095505513573,0.05615765169846305,-0.24447128234292534,0.45900372785507026,-0.007067702980022602,0.36849653370210755,0.07699997299732135,0.22412044597440073,-0.015396000853747004,0.09055497445145712,0.13933386337532205,0.06885182561799505,0.4041933225430098,0.38622483598670226,0.4221851428758397,-0.07744256629115653,-0.04073805967648745,-0.07071680514718798,-0.06783499342896857,-0.08657463714867356,0.2530382943768861,0.31951424212652885,0.23485314709682328,0.07390908023824115,0.15059763100263135,0.12423484327441175,0.0771533144965441,0.12712719155381294,0.2554697593853802,0.19225346558634365,0.2959946284362242,0.0032923503651745025,-0.001823598745325545,0.3393255904239828,0.2745028868941782,-0.06335528068290908,-0.08732860924762148,-0.24073685087615967,-0.07677828668873284,-0.06590709411667749,0.13320999895890098,-0.12891432363484248,-0.1807823504449305,0.2615134002001031,0.24334228991578072,0.2707252920942435,0.28157279249619555,0.47916325918270275,0.41967822647321834,0.5183633379281242,0.8060056529891159,0.05670893663847756,0.1505264523510012,0.010344784236845426,-0.1698689264087758,0.31113858515931603,-0.09965679149698228,0.026939485525599077,-0.041056939280171796,0.05727551555149246,0.20407970728098576,0.28174177656221167,0.5289120668478141,-0.10683934193653369,0.01945049936922393,-0.1437204438660542,0.014559842908025197,-0.0891244471642537,-0.06406713892351168,-0.148416475232129,0.05006463758361685,0.2656314261291132,0.30034756295133913,0.25054098443393485,0.2136694142713827,0.004093442781029811,0.07390310751371099,0.047098519358713106,0.11732604377734768,0.09263750606770557,0.21392700716721297,0.30783401445894293,0.08993701269047118,0.32779112656241555,0.33665753893318995
0.2246869669223553,0.4090101012944623,0.4608594903593287,0.3160505363978068,0.18021910692871426,0.2680773627224395,0.01513189134394282,0.20399360368928346,0.24940003806282604,0.0016013597857978243,0.09246094408214019,-0.07970947750614404,-0.3709151153788598,-0.1546437207977402,-0.22047095505513573,1.0,0.25163466917497335,0.21081661422746717,0.0445588272899111,0.025594186082567968,0.22547702601594075,-0.36296299376292135,-0.2554634885460379,0.3549843939476717,0.21325266597835904,-0.15061274398715316,-0.1392526394128241,-0.19721381572554453,0.06150214859733323,-0.37328515103868204,0.03380028942171583,0.1304062400271682,0.04524353791313661,-0.279901374392233,-0.19543024877024134,-0.06734458400396301,-0.18059307667224153,-0.16704863006946225,-0.25680427799064215,-0.08265639400774677,-0.28718069548692104,-0.17846021426629596,-0.1790336846546189,-0.20510197083963877,-0.1740932643378239,-0.19091529590839804,-0.27399545982760315,-0.29270267668214245,0.023225765793607234,-0.28394315434211037,0.11873723348780044,0.12485813239411482,0.5338074191749328,0.37567112444518286,0.327799573051583,0.2590921153894101,0.2597238580229098,0.27271371705961317,0.08845189632260582,-0.040054907306734465,-0.08185507978646613,-0.1475861971832979,-0.14654628122076432,-0.22650320746014918,0.07149893060301071,-0.07978060641658608,0.2179280378545009,0.0250412402573188,-0.05892764425469824,0.307630947186212,0.2303890116311006,-0.054509065520792044,0.023366266335557353,-0.003204161935467511,0.3046967950757234,0.028633194232998267,0.22452150284283945,-0.17784332841446343,0.03270785103373455,0.06767534047192024,0.06944227956509356,-0.18272694796896646,-0.14280776176818766,-0.24732909898991062,-0.05476616929539529,-0.4268794106768224,-0.1768844224256725,-0.2733706174612407,-0.18832626467756608,-0.16597507618597285,-0.07848632496088938,-0.0421028295498188,-0.2019559666618467,-0.16165462799213187,-0.06853129043202719,-0.28544293883918337,-0.24257390389891842,-0.4234604722661126,-0.017251925561890293,-0.22894978979241756
0.2706619448263211,-0.11374326894386892,0.05890955065150814,-0.237936118367222,-0.15703698108342115,0.30112870924509855,0.19214133109602904,0.09657967030563155,0.03397002029817717,0.25354032183203096,0.3875967343209238,0.49733208905002485,0.1363886841783049,0.376958522179198,0.05615765169846305,0.25163466917497335,1.0000000000000007,0.1357474097351209,0.5039355757955405,0.1889301947460213,0.4533807530095835,-0.04983490473025015,-0.11948934054168153,0.658747142678345,0.5570844083225398,0.22532794666139894,0.06285393051806115,0.35408712992626995,0.3599239300497465,0.025705945125733706,-0.095508229172884,0.20098328121333187,-0.09211301854344355,-0.3511375160310919,-0.2648176214526099,0.18954727606739577,0.1257044687891027,-0.05253355741864723,-0.2038621607864162,-0.02577723826736104,-0.28784473306408037,-0.016651497460270934,-0.18793736590730134,-0.04456896800236815,-0.38858696662736397,-0.0921152948303916,-0.3638400420192108,-0.23340988905354512,0.012212252447248866,-0.010265318593575901,0.10274600393753074,-0.1641704654547461,0.03340110921402184,-0.24708062785869794,0.08581553667349792,0.16654930242035926,0.1312495430985498,-0.042439485973906586,0.3824321318110298,0.3934516442231562,0.4662713666088939,0.06434325636357943,0.19620384729099616,0.1175172471488053,0.3472154628614672,0.2310201515266382,0.30771715692157803,0.5092380608520626,-0.08326888009447063,0.046551169685706766,0.37868721711130426,0.2620997264873211,0.12774006801830398,0.09517115005565462,0.6786429231479741,0.4736825843983859,0.5970977922753256,0.23584567307144585,-0.19652647181777444,0.22234452640376753,0.22679139044971205,-0.2962861014339705,-0.47038258649297715,-0.3913376143853613,-0.14691859129381085,-0.4181707310055229,0.133647031993275,0.08057893386790714,0.06350628078736195,0.0009427586045151427,-0.19521022385756942,0.20936096285561778,-0.28954688314075405,0.1119630154179354,0.060106578952198876,-0.1352099656666574,-0.11740821429630778,-0.26135662299602086,0.15065220594700943,0.031443302664842555
-0.044260514643671096,0.28493364513608477,0.3328941807980933,0.19254613414327432,0.06448946327106186,0.09429827175486327,0.029421160092197092,0.6699419383151766,0.4558911384102723,-0.19444825883417424,-0.18332593395465266,-0.3024667679059486,-0.10244344796585206,-0.12290527268492743,-0.24447128234292534,0.21081661422746717,0.1357474097351209,1.0000000000000007,-0.09036944989966525,0.20572087578878887,-0.13020983178511855,0.050633870537330365,0.08066725119995552,-0.0014946194404652966,-0.08673807103078329,-0.10192541885926465,0.22844629694772925,-0.11497457374061579,0.004534398622157422,-0.29966427176295163,-0.049955034290483105,-0.1309055871988467,-0.16870955885448954,0.16679979472611364,0.1720802739629252,0.18629381936291,-0.1881498223988654,-0.17922484018600457,-0.13319731992411335,-0.11102620126471456,-0.22831646422930402,-0.23382503219346845,-0.11118976261070392,-0.2809870371301287,0.09195453571156784,-0.11251314043459708,0.007738696336626452,-0.014951804906739865,-0.2424570136704555,-0.20547718287532496,0.13203743699144124,0.48789708610089233,0.2984129438469302,0.06674752596422437,0.1946045470234026,0.114725359104143,0.6082657606077846,0.42255622821812255,-0.19251633762407844,-0.20911687812762594,-0.1305073056019874,-0.03209411965806752,0.15088443534811752,-0.2327842292022346,-0.22978984599785943,-0.2627089678635785,0.03234548878627655,0.14637052783942944,0.3331422608801087,0.7500565869886852,-0.10742835664368572,0.42782630959509677,0.4894746432886689,-0.04451525683565742,-0.036838892862314614,-0.09214435978598776,0.05949473339848286,-0.19233782041697092,0.17235456177568426,-0.10094050407190944,0.05720756164995507,-0.0776335519205866,0.20419311600054865,0.30600167124572963,0.3430337943530464,0.0845274548964754,-0.14480768983941814,-0.15995353700661935,-0.06601909700346167,-0.3074631553993509,-0.08760708086113421,-0.032453260161300734,-0.14921730969674726,-0.12168488752427131,-0.2164626187515784,-0.2623471300677618,-0.046764256601571366,-0.05777535134307218,-0.1557536412060661,-0.17954174248905427
0.08361090426958362,-0.30997050890904604,-0.010515392385423117,-0.2422377620715451,-0.15835287835557996,0.23773565410631903,0.2892909737376245,-0.22853615230260504,-0.11172337478240243,0.23555388043202136,0.5173076099491618,0.5236371033800136,0.12522865644614803,0.7937221619191112,0.45900372785507026,0.0445588272899111,0.5039355757955405,-0.09036944989966525,1.0000000000000004,0.23101894916219898,0.6383704821445377,0.003590837430726732,0.09444819176184961,0.36003325070323244,0.3445598687031174,0.3017167387965226,0.17968683727700813,0.451168735049243,0.29076538954166836,0.26272333315734225,0.07227346661784328,0.05021867100828455,-0.0902361885746019,-0.21025462640560158,-0.2851020374075901,0.20319877393209418,0.06845591346722915,0.12353491452748469,-0.013972751998082017,0.025094204031709696,-0.10452580727995896,0.17361817231626664,0.08349910726206797,0.24039363985409432,-0.009511608288973265,0.14284969497104916,-0.2330980662678941,-0.12522505558398833,0.3196327254394924,0.1984603800393558,0.013150128563564374,-0.26574314568384494,-0.17359968150463775,-0.19464514793653112,0.20383277793634869,0.28720945176776297,-0.12222292977821331,-0.1453567523690626,0.2716391206766946,0.2800373510159455,0.3699847285430802,-0.009237047601453587,0.4001733503846557,0.48480585382068797,0.547980505862753,0.46028502466157495,0.27624757581087395,0.5273193675305246,0.08811341031961456,-0.10484902646145944,0.5276454866224081,0.14825719783629926,0.21478410960446126,0.17898043394345092,0.4379827843774426,0.41889693196974115,0.39634330893504666,0.4342313383940868,-0.05289463260945369,0.11884895146840752,0.19399590427901287,-0.15372981909447667,-0.33585236922525913,-0.21059034686488626,-0.16536903037960646,-0.14393693712931194,0.07709426274633756,0.28832962284063984,0.19225802867282613,0.23530107725486737,-0.009317122055528296,0.21686232148384343,-0.11189142009399958,0.1864488434212149,0.2179947130562327,0.20353104947057407,0.10891380035160683,-0.014981994014148015,0.27457358583808905,0.18197203794995231
