0,1,2,3,4,5,6,7,8,9,10,11,12,13,14,15,16,17,18,19,20,21,22,23,24,25,26,27,28,29,30,31,32,33,34,35,36,37,38,39,40,41,42,43,44,45,46,47,48,49,50,51,52,53,54,55,56,57,58,59,60,61,62,63,64,65,66,67,68,69,70,71,72,73,74,75,76,77,78,79,80,81,82,83,84,85,86,87,88,89,90,91,92,93,94,95,96,97,98,99
0.9999999999999997,0.4490615982234261,0.5187787067482265,0.2276144683680874,0.26202412491341304,0.4821955436805939,0.29484498087334093,0.23146124931284004,0.37560292000243667,0.26172326241033494,0.2845342185317663,0.28130250072970403,0.38678605409492095,0.26666589909142924,0.33172802564648574,0.4231041114106789,-0.06074955085988113,0.2630233274112185,0.11404065870008709,0.4151926319462432,0.2169103664749671,-0.01805631684034831,0.26246999561017936,0.11815917731085138,0.4570881410409623,0.1319904821031449,0.23492357984043397,0.11830153620522812,0.2930553212130867,0.09058329563079935,0.3472204637879417,0.5021079449160967,0.1460365948721252,0.2658589794993205,0.14931862904609863,0.1447487512352031,0.36975149930860024,0.5592838885934818,0.3151145077722678,0.32800604862440363,0.39837498893246176,0.37643725950802875,0.257479915646354,0.3178186047904547,0.2666820466148022,0.17432756514913092,0.22696153851838807,0.3245509572471421,0.49428979125671085,0.401549183847358,0.8042450825543126,0.511578345968136,0.5141713091168593,0.2903280647033655,0.3050646130094507,0.5272985171853493,0.12495397892989306,0.19480707492790994,0.22564113893645713,0.26531120482467574,0.25262575843762697,0.2452994026980835,0.22232646114110594,0.17245666967072998,0.2967071404176453,0.3047921515858593,0.3818248546742975,0.012431699306006983,0.09236255071871084,0.1759419489180567,0.3317976950030831,0.17163689091948597,0.13794846494779683,0.21747822727827765,-0.14447207931174683,0.10133803032004499,0.18474691168682564,0.04370489089471101,0.09613082195871764,0.5460900453715188,-0.028409565332159246,0.12718164362743356,0.15326200024370673,-0.036835307278321204,0.07242925572477135,0.06443988433300046,0.34396163435781824,0.18640692137058543,0.29468676915015113,0.10374713986413231,0.2773662481640962,0.4719026706648096,0.3064249856093377,0.3382557365239146,0.09743226266438987,0.4471898076820331,0.07389069385957935,0.09392029398446543,0.3828412243456401,0.3194660496484618
0.4490615982234261,1.0000000000000002,0.8221507925028081,0.8352507093343836,0.8268447732706974,0.5608364916748768,0.5117766544008703,0.4946713965630293,0.6680156510657439,0.5465129506696427,0.21023128672807445,0.5238685181270117,0.52558274882584,0.4539245714280395,0.6467243316864193,0.8572259683925076,0.12202208986073823,0.6287409085423131,0.3916051130285602,0.5480332420959275,0.41208990751663876,0.385975846067573,0.5604332359695834,0.46495234544401054,0.3673210580593803,0.22031610712608396,0.45063737396455333,0.5739805312939337,0.4646352708183357,0.5047594388929613,0.13076631879840023,0.7329187980974998,0.35347503812810155,0.6399151975545917,0.4456016064346972,0.4221680245490094,0.38112569332232,0.7079173687178792,0.7558008310243445,0.5121936321008407,0.5673578310691242,0.4922885811891973,0.5645591318011368,0.3881865963006279,0.5735676562102247,0.5075214756861569,0.41399990134227943,0.44128077684895245,0.3305248974679438,0.3679274905848245,0.38404383133877584,0.9023779310304905,0.8986424442545142,0.7861606550332968,0.7028759979965485,0.642139546043845,0.3564959705605422,0.5068464786549954,0.3654588549117845,0.15925587132080277,0.5887626418434057,0.43872450627236276,0.2928708747494343,0.21730821195129493,0.5887144572318255,0.5810617530105622,0.6345436228900057,0.3211168561395478,0.5755031749550801,0.5879537213426419,0.6729332951319036,0.6028580459447541,0.5092311014183218,0.43343215344636066,0.2733173478682043,0.19812608825976735,0.4604680199783784,0.3908621390891038,0.09396041927921275,0.7164585365394956,0.39772428981967717,0.6124953569222097,0.6111882166687814,0.4506098575101893,0.31780555981882497,0.5578924612987809,0.43251636024137297,0.5976043616563554,0.5342352813185548,0.3930625473527486,0.22105302538209323,0.7894875372817524,0.6508117985251725,0.7572756875780943,0.5455739506214046,0.44188449956620246,0.4517142345722645,0.4561928859601095,0.39995143147617107,0.4332454102330279
0.5187787067482265,0.8221507925028081,0.9999999999999998,0.6710107818778248,0.6993573700303344,0.8322722854572538,0.5938183210920239,0.732093492236018,0.7712429423425146,0.6710001153190794,0.3025076291690659,0.5560230043316018,0.5984563339156517,0.515892534831193,0.7583418660644349,0.8511310882297085,0.032764001434043365,0.8126664247367593,0.36604332543355766,0.7134466505230133,0.5265977074002671,0.34454634978112464,0.5720384388682691,0.5130790345776599,0.24675041111406548,0.09816108534353386,0.549438441593145,0.6286544241834973,0.6561972287018192,0.6273256210884111,0.2875895606514001,0.5954698923461741,0.5073402647940245,0.7211300682799259,0.4850152184795189,0.6683972536870528,0.6180670280016273,0.7896155286171158,0.8191260050205378,0.6328631156998825,0.7513239280211949,0.4599720587618628,0.5496722426289734,0.5289390861627753,0.5980083825556805,0.6335508165442398,0.47294689907896387,0.42449387968016317,0.6029707061561526,0.6115255332524027,0.3888410604183896,0.8879973807175056,0.8425053445176284,0.6932222540649327,0.8913887346626727,0.8958125735711245,0.6425458544878245,0.7442363163912998,0.5747709797410299,0.33838392152944163,0.6514994160733231,0.6003833570144234,0.5152837191659141,0.5447889621536616,0.7203585624135689,0.7572066083554136,0.8140637451728403,0.42332299901488285,0.6374618261531817,0.792964343497862,0.8367205795818493,0.6685892868307401,0.6704098527528052,0.6556836968401449,0.3794481252733819,0.10112789939708049,0.6413904669347074,0.5400646750148635,0.33992602622521906,0.6055511783728325,0.4873672010796014,0.6601243282779128,0.6870170593109389,0.5573573108346309,0.5618962814630645,0.701775176289591,0.6305757301999709,0.6636233804966541,0.781974112602675,0.5906708109094081,0.42538553704379745,0.785236219570357,0.8125898800296069,0.6003101889508892,0.5094923870541197,0.5602262179585782,0.6222477338058521,0.6444651414079379,0.7221874661657991,0.6929816597625186
0.2276144683680874,0.8352507093343836,0.6710107818778248,1.0,0.9382323206560129,0.508877725647283,0.5186476657071617,0.5749132755528239,0.6801889963666481,0.5315737096576312,0.1805508839701023,0.33347233354026823,0.3889001839941113,0.2760216906531225,0.5467391155743131,0.812647351112835,-0.027996612940376156,0.6502337535316206,0.20372210328618254,0.5127427202841844,0.3961982827375563,0.23365228744720343,0.3452520458914451,0.3316471956105726,0.3089045396892938,0.05134599051427179,0.3520231105065699,0.5088840970565148,0.36828641801048834,0.4438647525057249,0.15990867998155545,0.5743945548567645,0.33861758788668295,0.4794228641458874,0.27176977176802625,0.569727027099782,0.22232331944933134,0.5608051498259833,0.6377006823616691,0.4256807234640902,0.50043391852269,0.32766463115856,0.34380586488901393,0.34995224953639215,0.4552200468445587,0.4395613830038968,0.1963032852115775,0.26277045503139324,0.29841456797758675,0.2890157102645658,0.12843469920854209,0.7575558192999284,0.7820707852366338,0.8678769755681489,0.7275086663489002,0.5505960286159167,0.4484138538878035,0.5725894282083412,0.35070787313498775,0.1901002325935243,0.5352572412176099,0.43387721086828124,0.24530742254974955,0.1321698542345094,0.5191328218148662,0.40602979207456796,0.5597072751941273,0.2412662801756258,0.41096194463637187,0.5397727997298252,0.5409880845241258,0.49114850487538975,0.39423458225745234,0.3543179673820302,0.2643074592462085,0.24732983667249303,0.3587858199217388,0.33505351798171007,0.09234033918842054,0.5357154339188426,0.28022765923764265,0.4327448585863274,0.5167642295192643,0.3610784213620266,0.3728817543642025,0.5187300826008248,0.2334935015789621,0.4525106425136691,0.4816151231389051,0.377184231765093,0.09238542227218459,0.6695691373615227,0.4633339081747951,0.5943389936560278,0.38026815599780245,0.378198551683049,0.5258257151441248,0.43854428932302797,0.35943887491816534,0.38592977244131466
0.26202412491341304,0.8268447732706974,0.6993573700303344,0.9382323206560129,1.0000000000000002,0.5538038516459285,0.4864143563946113,0.5959802300207205,0.7357118961809864,0.4810366687535884,0.1531972365878272,0.3371054605486701,0.4235542272718171,0.3167672130444713,0.5415630617992977,0.778367458181428,-0.02539029292149027,0.6582831312277799,0.21156756103392965,0.5575274105351523,0.34723138972751133,0.1889908245754732,0.3671584967124007,0.27939395382622345,0.2094743337410425,0.05168083508145264,0.34916775890761476,0.42827310998673307,0.3878590568828376,0.3855991642936161,0.09249750573047401,0.5901932186022438,0.25818253425429827,0.5383821707255785,0.2828736882724991,0.6200020390799066,0.2751938671590633,0.6204442424820453,0.660788281691901,0.3564749450898828,0.6003787073588911,0.3876917097740451,0.35437656862508654,0.3573999538364415,0.42848030108683843,0.4513201793134558,0.30901192905059516,0.278626338246867,0.37293472142569534,0.411138622014168,0.24472459984179987,0.7820684928677809,0.8235983060820933,0.8823538649753765,0.7469029070048782,0.5710505867614322,0.49354363639303467,0.624497704191636,0.3345336225874258,0.14402959015475186,0.4999080598705759,0.41594606683972174,0.26737960229524144,0.14138720413426079,0.49251501670676184,0.38485008055402903,0.5840487096243746,0.22349312421218048,0.3819655520023461,0.5521549465784327,0.5447731949501471,0.47705782115759887,0.332736415677975,0.3472975575703662,0.17706912838229852,0.16054515829509644,0.34810290455320986,0.2741752855705039,-0.012169683086143938,0.5536233469824566,0.19722790326233758,0.453074819760948,0.4715316692576582,0.2986725021042389,0.3129687567371746,0.45472016202229526,0.2967691818409224,0.41598482189096503,0.5604943730440569,0.39239029215328597,0.24554466910463627,0.691667438222196,0.4793620341573655,0.5576094927008979,0.34169163465915087,0.33635723482118335,0.47787654089882287,0.39386974730496427,0.43586900856835853,0.4684247901421334
0.4821955436805939,0.5608364916748768,0.8322722854572538,0.508877725647283,0.5538038516459285,1.0,0.6204086779513311,0.8188535182327635,0.8566544427874584,0.5592131463786474,0.20946795496945342,0.43688100481211656,0.41259810531918584,0.39575326139657674,0.5745288325511629,0.6418133663718877,-0.00490149490541941,0.8088623516532122,0.24388225350506504,0.6118738421318382,0.5084024673789692,0.22580429167051722,0.4319877250786777,0.42311380582866387,0.17267717441704777,0.029207156953194452,0.34301928292975903,0.44273746904828154,0.5666813853440733,0.44157243510606947,0.25029435054585625,0.3895961181259569,0.34929923076932967,0.4611971497319325,0.2592402692172328,0.8061873913763121,0.4925047830418911,0.546499768821624,0.5540723762092661,0.6150820426909688,0.6080865187570834,0.29306783402177544,0.28811441615219435,0.3373046201525314,0.3854970256559302,0.3563958861890325,0.25642961276506077,0.31841209074594445,0.7686208434215545,0.5670876219325579,0.40125952681276866,0.6385181200640866,0.6217079024261777,0.5272505759195455,0.8228187011990535,0.8934395727041513,0.719926322750881,0.8274677381602726,0.4836248466658124,0.30267105171297887,0.49280905174175443,0.4483081540426858,0.43095080001644986,0.44187215854715317,0.5896720041211497,0.515403501956721,0.7796936314072875,0.3760595190552907,0.45194714099761246,0.7223500723586408,0.6716727991769043,0.5286899466336635,0.5189991412606499,0.6219658885014758,0.3379205485157197,0.1298088598090393,0.5740326069470052,0.37785908420541076,0.2701364154147241,0.44610755420774223,0.3863231858492937,0.39290911932951494,0.4644586075706332,0.42579778265121804,0.43818159940196,0.5365208319161748,0.5272770989364932,0.4898377008484145,0.7812599975790886,0.480244069927049,0.31899431943105544,0.6259967848415345,0.5948168626380466,0.426212832078801,0.39115275739214056,0.41656639807334694,0.4328217096262565,0.48370542719274534,0.8086169107363417,0.6575867533184182
0.29484498087334093,0.5117766544008703,0.5938183210920239,0.5186476657071617,0.4864143563946113,0.6204086779513311,1.0000000000000002,0.6742185391132282,0.5127287942642609,0.5551199754057522,0.009162214929935387,0.5063110032952968,0.4440437776928606,0.6337265588489271,0.6480539468813894,0.6137813271026354,0.49649925054192345,0.7018153127561959,0.4814657390376913,0.4633709254446187,0.8373431964218704,0.41330750141790934,0.559743489364188,0.6826782010521271,0.2563967749362305,0.24015748214656518,0.3749207865323896,0.5236402337612653,0.5172781941000908,0.48587138383950784,0.10356679268628108,0.47761967552779316,0.5189034830472401,0.40006920783423816,0.2772586991044824,0.4653014291035611,0.15743470709735422,0.5159896555387486,0.5598847318663402,0.8429776197714038,0.45985654406173193,0.36532227437708514,0.2663663844506055,0.2428046805640316,0.4523357468102797,0.33818542493751846,0.26685877335811703,0.4208555925770237,0.22701752767392572,0.13614241176295314,0.11616977799356913,0.5840062840215287,0.534279068680988,0.5556286426584821,0.5661966799035797,0.5478856105949962,0.6145644248557037,0.5830360650213817,0.28377894998072384,0.14977090021685827,0.4736529374736635,0.5039509512862285,0.5521849327134317,0.44370937490068757,0.7024574785222373,0.548620735916132,0.659755940390296,0.6068518268624825,0.49332396087383285,0.6085494451005398,0.63338319411998,0.48120982702902726,0.539654670609889,0.5774215472638677,0.49009908928221896,0.1230352174654833,0.5594038531269392,0.34208760254357007,0.0924575300113785,0.47320944177082586,0.4702030652465677,0.2166788810488329,0.35151863601219985,0.30222870248574335,0.28346412585378866,0.45919552946694153,0.18896889304199319,0.3811798813162023,0.4905805732596683,0.4278560193789506,0.06963510414855402,0.6001305527470039,0.5608962847274219,0.3609728346310678,0.4863217033604206,0.37409525357495155,0.38996055494438236,0.3364906454729202,0.3757607774598648,0.3663879709539185
0.23146124931284004,0.4946713965630293,0.732093492236018,0.5749132755528239,0.5959802300207205,0.8188535182327635,0.6742185391132282,1.0000000000000002,0.7923622680305689,0.5078758487841375,0.24579903996269806,0.37508980006098314,0.3674797501781408,0.4127913020169063,0.538532058961888,0.6050032786048655,-0.007260028796100791,0.8169062919812035,0.16865787254473347,0.5669032264713667,0.5411021769109178,0.10412379490726827,0.3284572734206855,0.3126143901119392,0.10543311294874746,-0.05474064168144792,0.31544614445859065,0.42620497415905795,0.5157789748674204,0.39024804759985604,0.21534480616453544,0.37276569406521376,0.4486018120673459,0.4145469952088409,0.17010062727556235,0.8307536809900556,0.41129224060740033,0.53730010118783,0.5283986192404494,0.5402748112336695,0.6039360946112742,0.21396881397934714,0.16311625525049744,0.4104229695807286,0.331262090890193,0.3937949215450235,0.24717875292309044,0.16534175602059142,0.5726976811627675,0.47040606232691845,0.16429609950373322,0.5922934341649077,0.5939145823425094,0.6480637310148678,0.8579891003320095,0.784255132352964,0.9341335549766245,0.9555339146004594,0.4022297447491138,0.3399602482501919,0.4586851788018211,0.4637738769652777,0.5484116669211195,0.46519855967314244,0.652832733062921,0.5036660232060368,0.691748275054002,0.40083522669265514,0.4290660058925668,0.7585745685792767,0.6377912258460149,0.4904886687032918,0.47305019377779195,0.5217173135486644,0.32800908245867894,-0.01046298947498906,0.5452789227332745,0.3378127086310413,0.25360484003324557,0.4220651386596645,0.30141173369116997,0.3258380223214775,0.438245388497758,0.4470076807564341,0.4709921060349416,0.5658097909819919,0.42832431459864606,0.39685528654248203,0.7554224796872948,0.4316723944648681,0.24671639582937524,0.5291678980322255,0.5210024179646641,0.2834517926118426,0.33563068909182925,0.39451596190451615,0.5152436389772533,0.5313270429490123,0.7685193169248263,0.6339357035922504
0.37560292000243667,0.6680156510657439,0.7712429423425146,0.6801889963666481,0.7357118961809864,0.8566544427874584,0.5127287942642609,0.7923622680305689,0.9999999999999994,0.5101767000343749,0.22127581844600797,0.4184787347071163,0.3459315633735383,0.31029707348051055,0.4875198534179871,0.6948395325719285,-0.04205158128944766,0.7723997782284008,0.19000184478815826,0.4713205956323595,0.3423417430471337,0.18106899519604383,0.32299940294651663,0.36776374991672983,0.20911272599996542,0.0061381824316783075,0.17586111412655375,0.406701574810014,0.3835959960845867,0.34069549279455813,0.20693661658819548,0.4146410382966419,0.23384644296539017,0.41272240875378413,0.1639699545651041,0.8185309503865904,0.3162505610939831,0.5049611257241109,0.5380252708885538,0.45370147103809433,0.5568359753423561,0.3226820866104098,0.2509842240103851,0.2997170569923296,0.30908679034273784,0.27151190360434657,0.2720806952799489,0.20369231805529553,0.6719491045241613,0.4609575326078856,0.35335734697106336,0.6866077865249707,0.7215540908130186,0.6370012449533484,0.8464050525139853,0.8437574277146258,0.6375378299948099,0.8650194751166487,0.43783987973293853,0.28397120648370117,0.48818046089556294,0.3494043730400382,0.3022275935479927,0.23225038148178376,0.5173211837055014,0.37535423203783086,0.6158079891723656,0.2642957455684866,0.36198359009067427,0.6517518420042233,0.5561810449509399,0.46992181861911947,0.364145586036612,0.44097793547283576,0.28977998609831884,0.18322978679883972,0.3804634000869487,0.2581145585752645,0.13144610773393844,0.4283630055527914,0.28046755815819363,0.328959548068185,0.3743322906244903,0.3275457091387362,0.2574585036784542,0.45072271710886175,0.35600782868871933,0.39851387575913566,0.6917272694387754,0.3164853370233164,0.13632235279786456,0.6472664009368925,0.4865526385368364,0.4525371852586278,0.36936088928616934,0.3076891183536177,0.3183657238256899,0.3341907648499812,0.730911132559628,0.5291849196403532
0.26172326241033494,0.5465129506696427,0.6710001153190794,0.5315737096576312,0.4810366687535884,0.5592131463786474,0.5551199754057522,0.5078758487841375,0.5101767000343749,0.9999999999999999,0.4751097367772263,0.716831370940004,0.5998873968558803,0.4318604693411318,0.7093647051537532,0.6922799461004931,0.20182817665152594,0.6670139554672255,0.38842619707219506,0.43751820551498316,0.5019073419227839,0.526247177736058,0.5239992293520648,0.6801202202566866,0.4778395211397242,0.2786009584613853,0.42208210800830853,0.6120027908179746,0.49124153782960284,0.7524364881734079,0.31029856120431737,0.38192676575075546,0.3179876147924736,0.5908107927132684,0.4316661545298205,0.5895059543966488,0.41396746233289367,0.5686179914325061,0.622973992893328,0.6527941557709664,0.43994603789059145,0.46169188525497185,0.42409612270972136,0.2533665167129797,0.48803294107283696,0.4312542971355124,0.05367329183867128,0.29376568298892647,0.33286204382326046,0.2834500564901001,0.01717018593677701,0.5558749546360391,0.5333888733585349,0.4621598118341724,0.613490668355659,0.5603760551897478,0.49898952364946997,0.5338430006092342,0.7986095679177352,0.4309532902474322,0.8264303333882966,0.7044763284440009,0.41274683633858117,0.49177686989570607,0.6790282652143411,0.6637254434208683,0.6354260903628781,0.6347712474746354,0.7191854780382098,0.7160123272071995,0.6790864471124755,0.7273021242905856,0.7193983407899389,0.80153601741111,0.7065419075918061,0.4104512799969051,0.5520502560790421,0.6719537871947316,0.34143591904625475,0.3910400025161957,0.6658432788386563,0.5919190032427565,0.6510623782912882,0.6149702702617711,0.4681266551492038,0.7154203677534885,0.4731203354405984,0.6342367572239164,0.6315639027913599,0.611325017970902,0.1803650763815894,0.8045110278081938,0.7102508761755686,0.5883596477512897,0.6155651822025887,0.35775090908461815,0.5829195480763765,0.5075552814229833,0.42441657836307317,0.4349585081829375
0.2845342185317663,0.21023128672807445,0.3025076291690659,0.1805508839701023,0.1531972365878272,0.20946795496945342,0.009162214929935387,0.24579903996269806,0.22127581844600797,0.4751097367772263,0.9999999999999999,0.4007985566513832,0.33465349151548407,0.14189127389034145,0.2670998648850624,0.2673851196682663,-0.19208553136377976,0.2261129465766954,0.04864681167314858,0.15215553716059133,0.03847314725389068,0.10645880842099761,0.10977985541296233,0.024773853905826176,0.4551429687266678,0.04756376306874269,0.15755188140303866,0.19363971918059986,0.1434257696650613,0.2665827747580717,0.35646483830748826,0.21717406243714074,0.09776403610046289,0.30899983309362783,0.21730711894897267,0.23655736384152662,0.3468516935497796,0.38558347001394777,0.21035723443996776,0.018689996462801683,0.25116506678323564,0.4045581278647777,0.26991891915506844,0.27870861027624033,0.17076056612799723,0.19151748453602777,-0.024422814013177946,0.05913501696377852,0.3456730949759395,0.2496806956272674,0.17438468238947152,0.22390215696380822,0.18995521114699573,0.19306581517547566,0.256057895841943,0.287404839284423,0.19512977448822225,0.22220087744947079,0.5144946856995719,0.6796801576634793,0.5299238570154207,0.3304060239665904,0.13764594442873399,0.25487089092680637,0.3366065511515329,0.2962396475447944,0.1276802496743942,0.18818981293648107,0.3158255010315823,0.29646899835939317,0.23749487091095967,0.2543392969731575,0.24701570416449756,0.23212566706981871,0.15983974456535416,0.3580783298321157,0.1632976520555123,0.28174786253512635,0.275029759367786,0.2566974269438617,0.12572305947893886,0.34886025457945796,0.3201886003550533,0.30687480200384765,0.1848951209784347,0.21800479586366003,0.3333684628405273,0.300524718361889,0.1926825513876374,0.1602579822906556,0.10495817154186661,0.3335217928572494,0.1742802835671448,0.32181199333304084,0.1712186785257274,0.296399425667712,0.2644436512615311,0.27119845160010786,0.28592393151037016,0.17811210092209592
0.28130250072970403,0.5238685181270117,0.5560230043316018,0.33347233354026823,0.3371054605486701,0.43688100481211656,0.5063110032952968,0.37508980006098314,0.4184787347071163,0.716831370940004,0.4007985566513832,1.0000000000000002,0.6892527734089173,0.6208396063609602,0.6879789936204722,0.5839930790297454,0.48239850932705586,0.5015622550960126,0.6021083083111455,0.2843076674755351,0.49856840691087023,0.6902148741353503,0.6792276165585442,0.7627318299160093,0.3483592886694244,0.6024901411631117,0.42932393843337396,0.6351793732416186,0.5095633250532342,0.5775259855629982,-0.07982091435936313,0.47259573284918394,0.1854276708192168,0.5245039602857313,0.5667155541726969,0.33202289127707046,0.4311322770714504,0.5570491140982229,0.5082745813483514,0.580321386025587,0.37548970586402025,0.6919780701548942,0.6136402623582285,0.19895036099060248,0.5804481720799448,0.3061607121989027,0.27047321096472543,0.5249430231374888,0.23137783445851537,0.24468748986433966,0.03949008213932277,0.5050401769888548,0.4515673970632881,0.3339061970621495,0.37533309425859546,0.39389257413193574,0.3055816916637253,0.39773174876009454,0.44260319980132923,0.274319770854723,0.8434896146844991,0.6255307005214542,0.46356689238559334,0.4535582875149337,0.6884401163000555,0.6543048803889092,0.4598093616862587,0.7243335285808833,0.6838778008437602,0.5612510301142973,0.5493141851295726,0.7907295045833784,0.6590327998663613,0.6508788881354465,0.6074235686278161,0.2847713941054029,0.6233410825927789,0.5920650753848025,0.0470960536392687,0.47702359421964335,0.6577039205519708,0.4668337199310072,0.48182450615388583,0.5362794672333026,0.18369951485775177,0.5806232539391033,0.5269662856474697,0.5910200222674008,0.47276709174933756,0.42859947828189726,-0.0063175518283545866,0.7259625100362417,0.590754995562282,0.6252405700806019,0.772767594831525,0.29248498092689434,0.28686918174002796,0.347246293162034,0.31256751766185575,0.3369585240605447
0.38678605409492095,0.52558274882584,0.5984563339156517,0.3889001839941113,0.4235542272718171,0.41259810531918584,0.4440437776928606,0.3674797501781408,0.3459315633735383,0.5998873968558803,0.33465349151548407,0.6892527734089173,0.9999999999999996,0.789293117736456,0.774983198852802,0.5957578951452597,0.3473576205210129,0.5334310721183343,0.5538609156261084,0.5086992568944031,0.5458916388715916,0.463305217540644,0.7192441660499787,0.5031148624251969,0.26040722008863465,0.3411521837483515,0.6515055156240394,0.5538496399354007,0.5882929873312412,0.592043678850371,0.018164604894082878,0.6326215105198825,0.29855037532144857,0.6584589245927116,0.5809697213069793,0.33834634515997664,0.5926004895516495,0.7153327049383899,0.5528714321968664,0.4608549236017062,0.559687072728616,0.6529475734873301,0.6291372800862496,0.4985096369772172,0.6130940854633267,0.5210084784916722,0.44113424198895623,0.542999415240661,0.27132932709041174,0.48475298797289884,0.19701744503315433,0.6482999305110437,0.5593250878325086,0.3889991466576045,0.43251095074018103,0.4471932411072417,0.3779542557554267,0.38573419652377156,0.3710104462731642,0.25643551291501343,0.7555152992817337,0.8725384499055209,0.6770198964219144,0.6117465806313563,0.7473090043763327,0.70389222634534,0.536721663030211,0.6074404079649729,0.5734582712758423,0.5451706238437047,0.6178241371710984,0.7862009657670472,0.6435130764848319,0.6016919708730101,0.319832052247148,0.029958887942287904,0.5632757848464188,0.5519894770675826,-0.03057751828843556,0.5788871994519103,0.4466639209748703,0.4901935220998472,0.4323101991745673,0.4119346332061371,0.38549328786767595,0.5676610435025647,0.609213874904076,0.5222608465729357,0.4840890524689632,0.5014835190023603,0.2626001331986564,0.7043008178447936,0.5983875441926385,0.4973071355835831,0.5316778320133909,0.5093042210751475,0.4383190955796995,0.4690902304423123,0.3469867973707272,0.47646386942088564
0.26666589909142924,0.4539245714280395,0.515892534831193,0.2760216906531225,0.3167672130444713,0.39575326139657674,0.6337265588489271,0.4127913020169063,0.31029707348051055,0.4318604693411318,0.14189127389034145,0.6208396063609602,0.789293117736456,1.0,0.7861426473168427,0.4488272616645584,0.5835143399723757,0.5410296802992514,0.6689071707414854,0.4424352808765083,0.700490478809337,0.4665451817933401,0.8608175597395238,0.5843167692385934,0.12421713046390666,0.3610466996343898,0.6027234113329727,0.5801957251925759,0.6075573723144775,0.5882525024713385,-0.014670564675515491,0.5473886503211801,0.3920466395749096,0.586801326422957,0.563129639843652,0.27432029988806744,0.43223981268386036,0.5834802433628629,0.5460626667797596,0.5502918269844476,0.5293658661988403,0.6202194130640419,0.5681149902119322,0.47497778010806097,0.6165824902525162,0.5208528041411714,0.6228214826256322,0.545681658739732,0.18256819796343526,0.3173214548118234,0.13999283065738333,0.5974747023234869,0.45951311394646266,0.40455326992410395,0.36853151048149624,0.3805783961600863,0.43646519397319083,0.3931775785916823,0.23441682192569419,0.054739878004240024,0.5598314882822342,0.6693045642782708,0.764875661260304,0.6736715215292007,0.8093010316127892,0.7068700787923876,0.5279052850627446,0.7134754873626151,0.5748760791805729,0.549518675481412,0.6418618412311174,0.6257481323096529,0.6531785481846567,0.5419362222277142,0.36841478913388276,-0.09192980256809458,0.5936065547236496,0.49307516912845206,0.05094762433427451,0.5403517850051232,0.49000376578303406,0.3852331333895441,0.38450275633540065,0.34745429980899556,0.27437053898444913,0.442401513713067,0.4593800310689785,0.5154287532287306,0.40167626354074754,0.48718055115197184,0.23946086099593572,0.602634974960154,0.5888838317669676,0.3317296670360113,0.5444896123721621,0.44294884086006425,0.3429787139317122,0.4068970601689302,0.2697717199276751,0.40254212257206734
0.33172802564648574,0.6467243316864193,0.7583418660644349,0.5467391155743131,0.5415630617992977,0.5745288325511629,0.6480539468813894,0.538532058961888,0.4875198534179871,0.7093647051537532,0.2670998648850624,0.6879789936204722,0.774983198852802,0.7861426473168427,1.0000000000000007,0.7203284477457701,0.30893459414297775,0.743924867393485,0.5725010140885177,0.7090398800204908,0.7726514976417828,0.5188832636916504,0.8219801375940403,0.6338647654745939,0.13904423440094993,0.25600706880296087,0.7496131690644056,0.8408025033985649,0.8225788163701012,0.8194230458836091,0.09043262799766769,0.5895901007836316,0.49678017931425006,0.7089630897098146,0.6549408670373688,0.505398280083244,0.618118125160359,0.763153123109198,0.7394894682625646,0.6628386667706619,0.6787990059641524,0.585117907688879,0.66507577186015,0.5712420863485488,0.7823380046157098,0.7181323276317273,0.5112511673204265,0.5603201838888391,0.3261330895989684,0.520722069088156,0.1227791953583145,0.7427409088529776,0.6047252784061524,0.567282157717922,0.6351492352123936,0.5901980401788672,0.5244839921845544,0.5305003791610099,0.48385496729823324,0.17230133808804501,0.7598183403006005,0.7567020804978013,0.7507897178069725,0.7511224770517343,0.9097064942171768,0.9138803637353444,0.7601059268776936,0.6922452556928291,0.6953967933772123,0.746536366690532,0.8685165908548614,0.7729829432114796,0.8263568213170032,0.786563426071447,0.47459946297602157,0.009016286623003725,0.8189247960352849,0.7989788712854222,0.27752089337495117,0.5904432632476684,0.5905803504431912,0.5758974814169867,0.6713980704808576,0.5504109473889649,0.5775733534352339,0.6880048986904691,0.639070444612097,0.7931093207774468,0.6927111709329782,0.6812712130751665,0.320853837685783,0.8085408461854878,0.8279192802895402,0.5224112519852008,0.6027033431180442,0.541174655922552,0.6463645972952236,0.6800908793148595,0.4982912814319459,0.6538378995901705
0.4231041114106789,0.8572259683925076,0.8511310882297085,0.812647351112835,0.778367458181428,0.6418133663718877,0.6137813271026354,0.6050032786048655,0.6948395325719285,0.6922799461004931,0.2673851196682663,0.5839930790297454,0.5957578951452597,0.4488272616645584,0.7203284477457701,0.9999999999999999,0.11939230533033994,0.7499745241801871,0.38461233204737444,0.5875782082080183,0.5304933371999871,0.40073354635905567,0.5417336205932451,0.5591646296640843,0.3319517339635059,0.2000691969299084,0.5411276403871956,0.6074929530146937,0.509965457240564,0.6148044651196517,0.1984687959002796,0.6651060358540358,0.5538760809448796,0.6572516291663238,0.47821736967256634,0.5176746667139532,0.40171380601221857,0.7469413460622831,0.8349770709942418,0.6494465235524954,0.6187593283894536,0.5282065949448693,0.5221475705451564,0.4106478887572051,0.6050043839557033,0.5637390243001764,0.3458250085574151,0.4785624839979655,0.356102487384697,0.3893176528116597,0.271751408674627,0.8664527566740923,0.8702394679611253,0.7225459745270025,0.804973176520744,0.7264195445702188,0.46456468581807864,0.615173327239762,0.46335074688639416,0.2847218516918809,0.7176243103176585,0.6290089683132882,0.4276257227478048,0.40774062800785393,0.6855712216924287,0.6997891014459792,0.680731503301377,0.3795188700172787,0.5815765176431585,0.6708462341844539,0.7555485528782238,0.672140907310503,0.633432249449846,0.5468396535630154,0.36886406191248294,0.24018455051815712,0.5508615705270729,0.49835516780836336,0.1851389620725109,0.5861442681379674,0.47703110783711794,0.5688529334694141,0.6046584140960904,0.5197440891722961,0.47340855927674474,0.6883304734941584,0.41160072542377724,0.5490275872871867,0.5953479564163574,0.45950880401736516,0.1451574159260011,0.7923075489475638,0.70228170866758,0.667298168830375,0.5552246937145189,0.44736031930413556,0.5692241756642938,0.5503784680722095,0.5404461500808264,0.473782310178499
-0.06074955085988113,0.12202208986073823,0.032764001434043365,-0.027996612940376156,-0.02539029292149027,-0.00490149490541941,0.49649925054192345,-0.007260028796100791,-0.04205158128944766,0.20182817665152594,-0.19208553136377976,0.48239850932705586,0.3473576205210129,0.5835143399723757,0.30893459414297775,0.11939230533033994,1.0,0.18242579101654027,0.7606174996252432,-0.04320588485681207,0.49120378168659934,0.6856949131442464,0.5420115322225736,0.6213842714359813,-0.005233423212276331,0.6435942911035458,0.2529043671368107,0.2393274886601326,0.1824120661593637,0.24233634147860286,-0.3408717292175877,0.1606539292796524,0.14371608891168475,0.26443137903787334,0.4333449494229398,-0.0831233758776998,-0.051047543623026416,0.08510264146478184,0.18321576195611605,0.427617469870925,0.008665585295952792,0.40850548934695047,0.37527398286117364,-0.0881017426321873,0.23843148441665354,0.07817951789206223,0.22291565934550925,0.48298457671340433,-0.27972429684943145,-0.20255695336501786,-0.19502738615384144,0.10976281896758365,0.05586085937699937,0.05458986773977146,-0.09417148844424886,-0.09599710991847664,0.05422058708296181,0.015318130556163502,-0.10544726881991714,-0.2646248415709673,0.20141362434095272,0.253207270364455,0.25143259169137333,0.16383399349605587,0.2995088216175714,0.24699770054365852,0.11329716136050351,0.6737430255138476,0.4210357993430631,0.22630524802863375,0.17764970833599886,0.4006205133321383,0.3178225695020238,0.2068837725854621,0.410394477155209,-0.0015569241160394267,0.2506439525661175,0.1754070789970649,-0.2612369997371778,0.14406796937749777,0.4829177426733984,0.16158181579791125,0.035161148603270645,0.21338164291419875,-0.11242449493929944,0.19097271358311996,0.03552698825553335,0.17218217706858616,-0.010411859555205679,0.16215284741112226,-0.16729530437080012,0.22963530612356142,0.21966601111203365,0.27238910603467154,0.5632250254027076,-0.01517677353838076,-0.004455903617873509,-0.05488959834260845,-0.17725027313147104,-0.09885776519675102
0.2630233274112185,0.6287409085423131,0.8126664247367593,0.6502337535316206,0.6582831312277799,0.8088623516532122,0.7018153127561959,0.8169062919812035,0.7723997782284008,0.6670139554672255,0.2261129465766954,0.5015622550960126,0.5334310721183343,0.5410296802992514,0.743924867393485,0.7499745241801871,0.18242579101654027,0.9999999999999998,0.5011926475884534,0.7515270830450957,0.6986987030741632,0.4482034342854337,0.5113429248549891,0.5483083029697632,0.10734869888829018,0.12553591411384762,0.6345307717219845,0.6014901827809387,0.6311649043257326,0.6282024618970438,0.28569153218084387,0.42968198854638234,0.5189945350632947,0.7247191150434342,0.5625245954166942,0.8031935674157353,0.5139976712632389,0.590666846133859,0.704034406500865,0.6755631399030829,0.7215234272241429,0.4216357426639901,0.49742233750493264,0.4735707872957269,0.5593945834495401,0.6356411692975749,0.4002494544953727,0.5179913460996322,0.5500942821703418,0.542366357656467,0.18889721119628697,0.7125852880083263,0.6580140950007844,0.6790170473889714,0.8466647063545688,0.7826526372756255,0.7727030921672466,0.8435285625891771,0.5359211218221862,0.2919551867178839,0.568291742711672,0.6399632686125983,0.5516812517956136,0.5598627582513721,0.7593941681726486,0.6953602060210253,0.8274145691025139,0.5737972822348044,0.6165453551862522,0.9038245554191107,0.8268015925167794,0.6960473271637697,0.6617380215010159,0.6729204572016603,0.4636954864564908,0.037371850204869994,0.6464791797741741,0.5590306504682668,0.3430828458899823,0.4455663401500248,0.46286576763111753,0.5573056904397289,0.6275798610979587,0.5853843333698582,0.5647588877244469,0.6795213314396078,0.5167375802320582,0.6029910934701452,0.8085005571448143,0.5473612912254204,0.2961646856627076,0.6938655411208497,0.6986712745875503,0.4630000451645699,0.49471213510044015,0.46666791095218896,0.6474782414322536,0.6399281874353531,0.7681544467420709,0.6653576247544094
0.11404065870008709,0.3916051130285602,0.36604332543355766,0.20372210328618254,0.21156756103392965,0.24388225350506504,0.4814657390376913,0.16865787254473347,0.19000184478815826,0.38842619707219506,0.04864681167314858,0.6021083083111455,0.5538609156261084,0.6689071707414854,0.5725010140885177,0.38461233204737444,0.7606174996252432,0.5011926475884534,1.0,0.30488942543981057,0.6059790993576302,0.8210359423395936,0.636041190374478,0.6402764484294673,0.11369640962324344,0.55343196386393,0.6065019657432912,0.47853986612158833,0.4638657882258102,0.44978311311449964,-0.08389266045804285,0.3144984642409728,0.2808012715617502,0.6715883098643385,0.7699510939659241,0.1311128678504345,0.32855626060541254,0.3252765601229914,0.4703880858624141,0.4768302832488671,0.3075009944753966,0.5829648193453009,0.6906136405109334,0.222241776798568,0.5021493082828059,0.3773129142414273,0.4397782082239062,0.7100978300903407,0.039601240469495626,0.1148564026259586,-0.006736287490654495,0.4547515782096375,0.2864252403999277,0.25845723608405924,0.1738800003214414,0.19341812639026548,0.20814802944738062,0.2005186568070536,0.17139536254409943,0.008976065555314406,0.4558804952235829,0.5027404660704463,0.42898910259841416,0.4017803102535895,0.5433013196180208,0.5127968376402867,0.373261368126901,0.7534210301245579,0.6697473845740981,0.5301064040380655,0.46252142043591205,0.6683776851545015,0.5516097103052354,0.39633424700752057,0.4384745124210833,0.0746662848606643,0.49575178221820876,0.4513652385898414,-0.05007628110981584,0.23437484992754049,0.5320777869560551,0.4534489040372889,0.33870351643802077,0.49290681740156955,0.1502299761202473,0.43385157135247804,0.3618615474412288,0.5096679878719458,0.2503934087978025,0.29723125685940527,-0.016713336421208657,0.4664362132895307,0.42712308340571525,0.44238800707273856,0.6304305040295869,0.2247782219292657,0.2372353333846809,0.24478433984582315,0.07955172222832915,0.15323286986390108
0.4151926319462432,0.5480332420959275,0.7134466505230133,0.5127427202841844,0.5575274105351523,0.6118738421318382,0.4633709254446187,0.5669032264713667,0.4713205956323595,0.43751820551498316,0.15215553716059133,0.2843076674755351,0.5086992568944031,0.4424352808765083,0.7090398800204908,0.5875782082080183,-0.04320588485681207,0.7515270830450957,0.30488942543981057,0.9999999999999996,0.6196790645425753,0.1644584260744791,0.4866039972808003,0.26927077405817634,-0.08990078797093425,0.0329840214926929,0.7799411426301146,0.5206971086555184,0.7466307359799792,0.5040779260473454,0.26007424258321393,0.4824590537584046,0.442926332268175,0.7013913268905704,0.5250857445501587,0.6007552969677026,0.7324743034775086,0.7132389549385588,0.6723932325116129,0.45726356526433726,0.8817631428112725,0.3948904079596294,0.5634697927856187,0.6719318228258366,0.6695380718285505,0.792769014944805,0.5688582982228935,0.586635475361524,0.5311918951985013,0.813591571582295,0.3425664683058146,0.6657467445505448,0.5499627082514386,0.6107979831466404,0.662820958064107,0.5901262909852317,0.5516953194635165,0.5621027828739048,0.3889138484415037,0.14898936291172127,0.35127629636178404,0.5135430359193616,0.5687532610717123,0.5347227641604659,0.6049627532322681,0.6852918122710296,0.7775699595504454,0.30099066496878,0.368601160968833,0.647901745833022,0.7767539900878763,0.47005395289346186,0.5126975829390326,0.49916893445687505,0.055692087819893106,-0.2490923486941724,0.6367414766099112,0.48287781962296294,0.348135632999519,0.5374139580256843,0.15295026873423953,0.5071972951686271,0.5868477893566869,0.34531813918640486,0.6886507559761086,0.4590217691598431,0.6991930192127681,0.5544008181525787,0.8110041610070913,0.6337410976444848,0.5817168772409728,0.5949540669834921,0.6753977429284332,0.305738983169852,0.19385980611980097,0.6486520053846548,0.7161562871616911,0.7270678525778612,0.6891450224331497,0.8527518457355248
