0,1,2,3,4,5,6,7,8,9,10,11,12,13,14,15,16,17,18,19,20,21,22,23,24,25,26,27,28,29,30,31,32,33,34,35,36,37,38,39,40,41,42,43,44,45,46,47,48,49,50,51,52,53,54,55,56,57,58,59,60,61,62,63,64,65,66,67,68,69,70,71,72,73,74,75,76,77,78,79,80,81,82,83,84,85,86,87,88,89,90,91,92,93,94,95,96,97,98,99
1.0,0.25449493871577594,0.14827235006257797,0.2885411945827601,0.1865885896101765,0.14515435024547838,0.2630516654489678,0.2605099148224268,0.2494101207330692,0.15943166360231453,-0.10366923345019027,-0.08369633958449545,-0.006240355504167404,0.08659509867620302,0.004795152469821889,0.3043643783723643,-0.16432455270449514,0.01893182582852631,0.02630380376277212,0.21003345691604947,0.1335215127568842,-0.3318011641863368,-0.04286739629115634,-0.14035414742756464,-0.09054577214719815,-0.44352195231473707,-0.09788189873926426,-0.05672796896227894,0.2981844948299258,0.057995969458549755,-0.16036696884533388,0.20173406988396156,0.1606059518261632,-0.2116804658665245,-0.25292128200311353,0.2011891393465955,0.258592709762458,0.37466912633453503,0.327090594586825,0.34681903129364156,-0.19213509343717847,-0.35022893125939336,-0.2628469217253306,-0.04014523374627886,0.10779621088978944,-0.0020911503988381612,-0.09057527364037411,0.029624728263635602,0.3874133827941375,0.21581040552450392,0.39442078268585296,0.17894104785873513,0.10088074528582631,0.19634238340933108,-0.011750742003503577,0.13190518857202954,0.2374634932918933,-0.007994160672140654,-0.18592768723262337,-0.45818719987598244,-0.47327721873968104,-0.12674809552877628,0.12253712977204932,-0.015171117693861856,0.025724677263264637,-0.037427716243202444,0.3947360965443765,-0.25409661756427265,-0.094024246453098,0.05959710072648443,0.37651643620743563,-0.3550336472368639,-0.02044619891033766,0.3250942729837568,-0.31070017972250275,-0.4894979366824697,0.32011243288053,0.11175110979666694,-0.06750557044352783,0.13341447577480983,-0.1813924543943192,0.11287575514894717,0.2277956354310966,0.07569148370671375,0.22388536306115178,0.16080414912534885,0.34892549094950004,0.003067202172479054,0.43796817809930577,0.13952372537514462,0.038337088474623575,0.02370661426962275,0.1994677385723737,-0.5250442493346361,-0.12480722403595378,0.24509368743484186,0.25069647079470053,0.1781449267232553,0.450187729406744,0.35212076226020816
0.25449493871577594,0.9999999999999997,0.34410277163367187,0.8784686292611703,0.7219754304239213,0.003906258336878218,0.4864189274658751,0.7256072132064011,0.1987816507775375,0.09481222216699706,-0.2829260976346211,-0.20998245875470647,-0.16494996975434137,0.2502006000292496,0.08342613347762884,0.6377346543424682,0.21651624594431032,0.3487891386957628,0.16366331331245015,-0.05804761259635896,0.33659188692661124,-0.05546434927028395,0.11627524722794044,-0.11118267903467775,-0.047980716335132755,-0.16633551743922478,-0.05875522267848649,-0.28782545424710787,0.02479843779984323,0.025399623373132552,-0.3761252153087411,-0.02322988291928835,0.28233272852133,0.3138849673230176,-0.17066943570386978,-0.09501124105335855,-0.15347734234756832,0.22158922820797308,0.06378473947831337,-0.01462940037632492,-0.2938382205664084,-0.29653596369573043,-0.30464300308255865,-0.23466164301813303,-0.12513025924278015,-0.10445581847114786,-0.18425102130134624,-0.13177981743506634,-0.25744784964344947,-0.12726540415989668,-0.18636337258133584,0.4493452165438685,0.39959341525725295,0.6053044965715011,0.034747527719346444,0.02478317250877603,0.45991047850344896,0.1842687416156353,-0.2217771035464449,-0.3992409297784003,-0.21950498309355204,-0.21750478940603518,0.1883402867192092,0.24924772710542173,0.22391876664786597,0.24486698424324282,-0.050986748418508476,-0.05674418121789338,0.22304975439363303,0.29279388340908435,0.25159329341384057,-0.22165263442568725,0.09987978579377954,-0.16009714225595487,-0.24592713363204127,-0.19786768422894804,0.06504655542365455,-0.1938419638160993,-0.1728308687379544,-0.16875914573028997,-0.20042234742149811,-0.1313917706366849,-0.06190089330371802,0.04745772342818922,0.1170803775442415,-0.026055933138449654,-0.11655419516868694,-0.36873345314231987,-0.05404409174025673,-0.1906760284007838,-0.20580936577037073,-0.14613722678214652,-0.1290614806594987,-0.34090396295806574,-0.3222926315494926,-0.20352444131695183,-0.016325199002022155,-0.1710863419370662,-0.16022469786460086,-0.057471748003837995
0.14827235006257797,0.34410277163367187,1.0,0.10653185803045348,0.19033148041883718,0.6649870215861798,0.09850276529546054,0.5680787995512725,0.5927205213752843,0.20259463927651436,0.46879001695599815,0.42702530723003834,-0.015189576336713924,0.037106543973507156,0.17931165693196313,0.1536870805188045,-0.08077434102739339,0.1927349659609737,0.07079196111941037,0.17218791309557488,0.32009868185789236,-0.346738097933214,-0.07335318734410637,0.2828639958844719,0.1288094430216093,0.02836064870147684,-0.04022105874478742,0.049463954056614835,0.39563745154197094,-0.0679950388761829,0.1162927358680745,-0.11600631708523232,-0.031468266454739255,0.058696646546907545,-0.13948660950608266,0.2747428851637696,0.003906114270018606,-0.09688455270955383,-0.07752488296403588,-0.06720652934478316,-0.2658611248317597,-0.16943243672500619,-0.32377444202581723,0.11164421890130212,0.05087816051774075,-0.33406393047047517,-0.18356048773552916,-0.2032022367382035,0.24812251484964604,0.11660285217549811,0.12394535766735656,0.7328259495314234,0.3714329645629201,0.1007566700961556,0.6944339845073878,0.7806134909320356,0.3924516191870338,0.5940497376821201,0.134639409292296,-0.02129783280671081,0.06175698305928118,0.09264034028933271,0.1578229559912811,0.0038624965714580115,0.2171076101596874,-0.060690543648050474,0.12390868085543698,0.06548708208324332,-0.09686858577130651,0.1756627045483551,0.31766101253304374,-0.2850756605960903,-0.13198556124512464,0.04643556042100202,0.29043708529824236,0.08555500920097481,0.38251447142476985,-0.011152722186461126,0.08948769760285202,0.15607612909886848,-0.17087409821757596,-0.14278495207654404,0.2507801012320658,0.03416068339222482,-0.10108852022476693,-0.18102205540691932,0.012065701467683876,-0.06898309660027273,0.14844128678344867,-0.19154989083759133,-0.0372488482700092,0.06967523911709438,-0.06161501885578384,-0.13394487262927662,0.0868522403482173,0.1284465338986737,-0.12772842329376258,-0.21178339893850184,0.34493431696527294,0.06671634472933385
0.2885411945827601,0.8784686292611703,0.10653185803045348,1.0000000000000002,0.6576793051301605,-0.1430858888629739,0.44909654368443885,0.5839927074437034,0.02520115217923749,0.18459169867973804,-0.3494391979824312,-0.2657180416347174,-0.08000758435520178,0.37249260892638547,0.1411803112804465,0.7292127796631906,0.31635160958035535,0.2435301392581716,0.26049617510500994,-0.10476146062767054,0.33866071757651245,0.09252073582487608,0.2178475571405339,-0.09541459508444441,-0.08780206429851253,-0.18256492871603214,-0.006876784902108091,-0.18497431671569642,0.03461938452407908,0.096162220453984,-0.44295259402698245,-0.00764661581827379,0.3877686873120287,0.40280208030987236,-0.07939130642499484,-0.22125277498791412,-0.07859832103800228,0.30109337709171247,0.14877509790580526,-0.05906264317721124,-0.22871515583795646,-0.31950422207159984,-0.15387083007354493,-0.2142372180560187,-0.018490260901135498,0.02234122337874833,-0.11801353603495299,-0.06855142816077266,-0.3234523198135688,-0.15443997709901666,-0.3186485003474081,0.2251241319549439,0.3055369449232894,0.6683784971535192,-0.2263909257658921,-0.17497018961564337,0.3059640940386813,-0.0660955832412529,-0.25431319942021385,-0.33399655697199615,-0.2007364790746228,-0.1795247190141508,0.20359305385705295,0.31549343961406795,0.17777609273300818,0.23017811625289422,-0.1908793120081885,-0.053895087009394854,0.33563503242779624,0.17098605157149538,0.1758748223924975,-0.18853877482896647,0.09831478898172152,-0.19109440187544227,-0.27017827005978035,-0.16380425745876573,0.0865930100506717,-0.11240852554807396,-0.20935417945047147,-0.30593640516883075,-0.1275958626901776,-0.08446127559827936,-0.048815292129027285,0.20673683673524576,0.23257838246015702,0.035899485511083795,-0.061057736976167044,-0.2553822463932602,-0.14030049299778297,-0.1932331173903924,-0.28950612583854823,-0.25071573076209314,-0.10264006426364301,-0.32948294952442647,-0.32229981015909775,-0.15296807692560507,0.05250284819672022,-0.12228581476752708,-0.23983344054681693,-0.08235366885979298
0.1865885896101765,0.7219754304239213,0.19033148041883718,0.6576793051301605,1.0000000000000004,0.08451361804076045,0.2404856122887829,0.36058165082980315,0.012515911618129557,0.06879937956332322,-0.2264542455985223,-0.1409876941796959,-0.3612958836109236,-0.09082915529571095,-0.14438664480013286,0.29617206374208527,0.08207779398171844,0.2489705554864572,0.0020702684208266224,-0.05409086759475723,-0.023926607359402094,-0.012826142491422129,0.011539466432622953,0.07788809078522288,-0.035045512563660015,0.09204067617732929,0.2228273149466619,0.06446794836649798,-0.02817838018722815,0.1949115436135504,-0.12318559293180764,0.05445415894946058,0.15071199285722892,0.09234693748037719,0.019382693033654967,0.05602948431473991,-0.022632445524592707,0.140233687703571,0.009569246341997387,0.053073670080487516,-0.13767562897327074,-0.05200841071604782,-0.08896830045649469,-0.07269129809715685,0.03522639388971389,0.047938940363076055,-0.088728190409261,-0.09025235074526604,-0.2922328438469747,-0.24905458540727562,-0.08776929536636563,0.2141282507904089,0.2849356505513207,0.6882165885436663,0.18641088413635834,-0.11355987482113354,0.38239473682192143,0.0392775011106059,-0.023305162731248764,-0.43738045160714095,-0.2768646707398999,-0.4120563834015764,-0.17406689753851695,-0.18812456228280328,-0.16280007304685723,-0.08002211584951995,-0.0019566207886716905,-0.1821159174674835,0.17387743700928227,0.18745033456649743,-0.08850273824360327,0.1313582020866034,0.011002418096394144,0.03886066950609077,-0.09744372647425933,0.025104715830895272,0.10642967711516249,0.0009459124390677183,-0.042261707577534745,-0.0641709818642357,0.11035483698223926,0.039953208782052885,0.013346182193031915,0.16672847937409374,0.23620054232645246,0.2002894356715525,0.019312724261968752,-0.012763782676294374,0.017776174496787926,-0.0824068796822704,0.026920926645386933,0.007005173539910072,0.07957089326711622,-0.003321392018979407,0.0375785778975412,-0.09255553296145205,-0.031272418836771274,-0.0976068019861137,-0.252155392278453,-0.11763211925644532
0.14515435024547838,0.003906258336878218,0.6649870215861798,-0.1430858888629739,0.08451361804076045,1.0,-0.1364195580568672,0.17331815353511537,0.4972082237149761,0.20359887904213775,0.48222097535800873,0.44692663887263234,0.0422966342239313,-0.12184667977276083,0.005115503346939232,-0.1074344677209613,-0.41817662606818073,-0.12088390627779493,-0.2481636823476905,-0.0033041121124992075,-0.0232422752403669,-0.30246395281681787,-0.23846945370224118,0.2420413009438517,0.2902897331499214,0.10397979501818555,0.03545103893807185,0.3693294511418587,0.23330698556849275,0.04699703481805414,0.4425253501587922,0.08137255243759964,-0.14025868052644683,-0.2408599815622738,0.01700286028967639,0.27473178195571074,-0.013944734950066382,-0.08947430854170549,0.05839544433078297,0.09189262778541632,-0.13735984605398874,0.04943494191784948,-0.07648130932927191,0.1964051911048584,-0.020786290672286115,-0.1741085652500942,-0.08019975630330323,-0.17061407167931264,0.37276399126857446,0.126669682227719,0.3154480187545216,0.38614321423719317,0.23992097520274164,-0.023589855435370993,0.8660927224840346,0.7999133103354508,0.14770466216774789,0.3104231816292034,0.28064106641725023,0.07791983363593549,0.11696203027698876,0.04674161494028979,0.024567839765748244,-0.14254388185261596,-0.11757438502334822,-0.31287149318004426,0.12607379053416368,-0.21550561131482757,-0.4469132366923054,-0.22863748051972363,-0.07229124294919903,-0.2670039750280867,-0.24285381350846716,0.14211633925986764,0.21331995360487177,0.16879038231957091,0.08723969407843955,0.004383202393220181,0.1699617357049256,0.3790918950761569,-0.2724237923726939,-0.14094531909739957,0.11297788509091536,-0.19082860058726075,-0.19019300321148536,-0.17892552260468567,0.010631394514601804,0.13055416580497234,0.08644744749727376,-0.14493228788030915,0.23254829596133939,0.33109231143932205,0.16192156617110715,0.03832421436171566,0.10727444916097896,0.12363073739978729,-0.20409160221102463,-0.2935778559409951,0.4111833024235835,0.0380673080905291
0.2630516654489678,0.4864189274658751,0.09850276529546054,0.44909654368443885,0.2404856122887829,-0.1364195580568672,1.0,0.6736555509233055,0.4668478688700088,0.08725107920662149,-0.3738734939684771,-0.15425148716812112,-0.41103509439049446,0.17885536410678662,0.01516677286715502,0.44331990519921244,0.3594212489614808,0.4630058912925039,0.18032232114700486,0.301948213497504,0.44601098773271775,-0.03934210716676237,0.4152133481767826,0.11533778985365783,0.2661719594884197,-0.13851889705494755,0.17102735226384047,-0.197124050607492,0.2428905236793685,0.1443638804735409,-0.29017399514768594,0.4103162886326426,0.3877602293546802,0.2737959195804082,-0.15443220731684637,0.18356090143363066,0.047047075147567306,0.3733570383543644,0.2353457833904554,0.41868641605136914,0.09805825512576315,-0.13707788268028992,-0.11081127639256813,-0.16249588252099192,-0.07733646112507549,0.13486172031294613,0.027407131767144807,0.23901018958639797,0.040751247645493406,0.17130150009729977,-0.20854280988425336,0.2925474954653291,0.19491274114510576,0.1965610002068592,-0.10837285176161439,-0.04012871416048958,0.38916369577262133,0.32495459567916474,-0.127562436863008,-0.37357098564471725,-0.028230051051126786,-0.4594567962861162,-0.027708177445387616,0.045354716589629175,0.09273355803256668,0.1367537401073968,0.29349043856251034,-0.13644911494435466,0.0826645272594141,0.3975495619635653,0.39795650300249286,-0.11187829711375724,0.3063852805917457,0.25244550913557634,-0.06661787305891478,0.014615367842735465,0.37029991200219575,0.0022596983804224363,-0.06276957915991849,-0.07953650197432502,-0.0011251680299960804,-0.00921155683308397,-0.03160384528060773,0.1662056772807618,0.39251440830829404,0.14417588094798653,0.04102081526924397,-0.1713900174739634,0.31131494150464606,0.1656643669991963,-0.27728977636062285,0.05299982126748282,0.10197280283143316,-0.1019973422053252,-0.05018954031594558,0.004031304112892943,0.434003017579107,0.17950126988644552,0.10702688781619597,0.2101819578376483
0.2605099148224268,0.7256072132064011,0.5680787995512725,0.5839927074437034,0.36058165082980315,0.17331815353511537,0.6736555509233055,1.0,0.6499467229124083,0.1679900841615063,-0.08471687092281296,-0.01332531565857569,-0.15132420477262415,0.3476963821416146,0.2187182684963496,0.5724577063398418,0.22908074568618622,0.5488948664033362,0.33986381706322405,0.32145132640989094,0.5955193104234615,-0.2682701438075292,0.22698362224790403,0.03292133454618344,0.0852954680912369,-0.23015698430403428,-0.03388530549019713,-0.2996384158579515,0.3210885552062115,-0.046806386518404595,-0.257904084961538,-0.005051219431261698,0.22958375409108678,0.3561713549787718,-0.2901336360350262,0.1785963568651649,-0.05340565149435229,0.10809597739594513,0.11107615573987754,0.10513802176952823,-0.27367343875097494,-0.3796266619423396,-0.47082046162290286,-0.10829186577662192,-0.09918290567776626,-0.24252585439661895,-0.2403260644143555,-0.023026429310020437,0.08564364743189307,0.1797424063970934,-0.15330819160777365,0.7085886979274806,0.47002746147150565,0.3361595964434698,0.23931964533987918,0.3365730127936988,0.6435410673056019,0.627688823929066,-0.12250901490534154,-0.29921010584535446,-0.016548007117947995,-0.125058018519341,0.23681880505675673,0.2691944580209391,0.35547253886511687,0.2743801930645446,0.19866423635391178,0.05333958073100983,0.15577562684378207,0.5678396941584491,0.5965957127271303,-0.3313992242318992,0.2665237396629671,-0.02604924695405655,-0.02848389117483131,-0.12839770500902606,0.43249804979952444,-0.052537260450242915,-0.07207524331576808,-0.13783654713713864,-0.28026189610011215,-0.14829052441413995,0.05521063972293338,0.07912643153814272,0.16569095757262078,-0.09301302470342879,-0.04363153166349552,-0.3603218073576858,0.3128932604958517,-0.19014495579020763,-0.2768450779561344,-0.10960402140696111,-0.13247949246943322,-0.3750113841395131,-0.2788848533427735,0.017716172395469125,0.12776679423795712,-0.050028730953840125,0.22826656503342588,0.19948013649004664
0.2494101207330692,0.1987816507775375,0.5927205213752843,0.02520115217923749,0.012515911618129557,0.4972082237149761,0.4668478688700088,0.6499467229124083,1.0,0.34489912542722495,0.2308906136911793,0.3097559181219948,-0.030510013983793414,0.1610580922134124,0.23389855990697586,0.06714285615390236,-0.07617732527427591,0.20309050652659053,0.05372764673814001,0.4039726098837531,0.3659266382362495,-0.4835001971683445,-0.039743197819804336,0.20377658330711282,0.296717362267411,-0.09078598379926581,-0.020513524149606662,-0.11701410877099613,0.4632925941677942,-0.032356608455885366,-0.05144972123981188,0.1529502952036315,0.09888202490754885,-0.11454635264625906,-0.31272021185420057,0.6243354258704995,0.27611353085940604,0.16746594774556406,0.2872607682172402,0.4151508366046867,-0.03521360345668954,-0.21581265810738667,-0.44373660887328803,0.07660963835448181,-0.13237791774942978,-0.2358518062711925,-0.12948161814903614,-0.001203581969110127,0.5586848744279648,0.5497556991612217,0.06497566127261845,0.561891763884541,0.26115897480612643,0.032706022218196365,0.4855609602076029,0.6962337573906843,0.42796535748858194,0.7953999083823514,0.23471790740676535,-0.030141866377853554,0.23144961202794173,-0.04392452879908907,0.08700647987064339,-0.03429774700296675,0.14053339501839945,0.14955269355090475,0.45871186554364274,-0.15712878043209752,-0.3378212958733298,0.29911479935269597,0.5110078782801973,-0.44225198990519016,0.012103685194960676,0.32351323474243326,0.16076945675960333,0.11781909501549735,0.5238156219573756,0.11544010466246049,-0.0799909761372395,0.10204582250350473,-0.22143832065754254,0.037876354969718876,0.07326234232605389,-0.06186389775250346,0.16177330381690014,-0.08328763178106985,0.2700805208643061,-0.12705265213818645,0.6381344715540332,0.1671916159638105,-0.04715206573000981,0.23560670340653717,0.21265451153370485,-0.08452239713311034,-0.11878523182046968,0.1859628810147168,0.20798569008969361,0.09220044314234335,0.6494311289336563,0.5334643328263603
0.15943166360231453,0.09481222216699706,0.20259463927651436,0.18459169867973804,0.06879937956332322,0.20359887904213775,0.08725107920662149,0.1679900841615063,0.34489912542722495,0.9999999999999999,0.37002776739622817,0.428388001583797,-0.07763817317656609,0.16941948916534202,0.29308341639256213,0.3134388923958352,-0.049890341458084075,-0.2511373256976124,-0.09713583594748075,-0.1425273992442241,0.08985337251274683,-0.1335176999925633,-0.13824901181477153,0.4723501580566966,0.42792720648883953,0.15666678696013264,0.011123659313152656,0.15736831056821113,0.38459373634377936,-0.012691854211178235,0.1703805444855717,0.19193122373757224,0.41631686302751936,0.057416621053889,-0.006149486129267891,0.24695233639756786,0.280562754083666,0.41257974354489313,0.6369178723777082,0.5608679559420899,-0.028648453144871622,0.08154267247405865,-0.05669084294123173,0.32449419100020266,0.07733043021420938,-0.11742789011503968,0.01523391489696156,-0.1452371950306838,0.009265272520364728,0.06764539766288305,-0.15980521639824433,0.04760436503312968,0.011369739130121381,0.06657619379958603,0.11056520470672054,0.3581666328853503,-0.12273041142148614,0.30225019035004497,0.6449952748678445,0.27707144638198394,0.3327983210677716,0.021812495820715035,0.18771089393228038,-0.0011287236330255232,0.021553244026295958,0.05465808088185298,-0.1400084305363454,-0.31526773429682453,-0.20348493227717113,-0.2631331597568023,0.07662927926441744,-0.2836063956241621,-0.26761771238347437,0.5440208574247646,0.32307526462636094,0.32763209566443885,0.43541087047882493,0.12565757323544693,0.10734904039324557,0.18956348145090263,0.13284821209429246,0.22986737757640405,0.11174139512072588,0.2661365529682131,0.19526574357425153,0.129128748089235,0.28697023006779454,0.31581624200175257,0.1545837426541325,0.10373039426316946,-0.015443946044535608,0.2588013291302145,0.6166809580864677,0.31715663251931336,0.060014643559149566,0.26698185165149285,0.047649188849980456,-0.018363377404667407,0.06650409528765876,0.1232092308685776
-0.10366923345019027,-0.2829260976346211,0.46879001695599815,-0.3494391979824312,-0.2264542455985223,0.48222097535800873,-0.3738734939684771,-0.08471687092281296,0.2308906136911793,0.37002776739622817,0.9999999999999998,0.762295523115334,0.2630964678532695,-0.09966189244084785,0.24614418888035522,-0.3659369307630544,-0.3946054695709866,-0.28006980367059686,-0.12511758239501966,-0.0722999557195314,-0.05907313840550836,-0.38513917697998606,-0.4421174782622873,0.2615139101663786,0.1566571477506271,0.24521118531751954,-0.21209300173574397,0.22056505384143707,0.16412239025019665,-0.13224511631164523,0.2980203483506093,-0.1656772300490557,-0.31975084123891756,-0.2551260194305302,-0.13420534475168647,0.17182876963759075,0.0908864373768617,-0.22861141904142404,0.0793423024062388,0.08426762720668889,-0.08767688023357852,0.20149319278661396,-0.09158100992226925,0.2908897440380667,0.11094641681087032,-0.25587250209985807,-0.1519710384510107,-0.303911463029878,0.30068507128141236,0.15404085849620783,0.32830953438435817,0.31785799706513074,0.12461904836839295,-0.16110940277385843,0.42770808169160884,0.627959500222642,0.06497630235745291,0.32403355829749164,0.6389531757155333,0.5233744326126788,0.40746611581057696,0.4340566009466682,0.08749508587997253,-0.08278426650127091,0.1511343830660482,-0.05990369271637802,0.097249484641738,0.13092796429695497,-0.29317982252123664,-0.2132891033254652,0.03194385786024096,-0.23566132546480623,-0.29922505376118136,0.1737674300399413,0.3913864931420803,0.2406320058264984,0.11714572494713142,-0.013655359110744655,0.02772095372447615,0.3594463629644797,-0.12801976024027503,0.01117401062778439,0.0958522247897657,-0.22382470694514361,-0.3565732405195391,-0.2614476178791779,0.10457049898310121,0.16062942146695552,-0.0059238342721188745,-0.013381583411446367,0.3207474287588202,0.39491658338528274,0.29189044885744897,0.2071613368752704,0.1521552238273001,0.2119176063581648,-0.2623477793187215,-0.16249815199648515,0.3062706775624897,0.0737878538472845
-0.08369633958449545,-0.20998245875470647,0.42702530723003834,-0.2657180416347174,-0.1409876941796959,0.44692663887263234,-0.15425148716812112,-0.01332531565857569,0.3097559181219948,0.428388001583797,0.762295523115334,1.0000000000000002,0.14330748908470348,-0.10098554993817382,0.27660774868173915,-0.15021989698221275,-0.13352926240442856,0.013128789922612346,-0.11798288158722302,-0.022654786421834675,0.07464901421271605,-0.17016055127449112,-0.1291411906064155,0.5857155146935724,0.33275979489540214,0.4789981122874366,-0.07521157826900163,0.3266389519325586,0.17086192346853735,0.17738711831833723,0.2463155210170615,-0.11237162114696177,-0.2292585765019062,0.013753092370380674,0.039091814462209495,0.2942727780451868,0.0424976028901926,-0.241261990728455,-0.011799521562596208,0.18791416434580932,-0.06383567869353951,0.17580142381536562,-0.1046885220465464,0.13909512618663739,0.07067660263320684,-0.25852627126649563,-0.05446177788868895,-0.20243648513916027,0.196751607278186,0.021837202240510695,0.25586683136606586,0.31996353366235275,0.2769832430757288,0.025542350702956157,0.3171375240954055,0.5593842369143964,0.2031744398796668,0.31713462553964766,0.7129496947960973,0.4658967248440496,0.5392818295257331,0.29294055293602705,0.053873014701283396,-0.18104225578384578,0.06296868069254127,-0.0022350002587227065,0.20946821796903603,0.12799025834676647,-0.2146738473565611,-0.16049330400871134,-0.049989288417453835,-0.010107298858395689,-0.1068834734270599,0.24859927370402102,0.6255125313142686,0.44861968868611524,0.2258971688147979,0.28756770839169443,-0.05488803506796043,0.37328125135667484,0.023761780728595975,0.05866251729200451,-0.028006671059036425,-0.0862736495302963,-0.2401936558537792,-0.14670788643067542,0.07211273552033341,0.1938196030522054,0.02633806018699263,-0.053293021615244754,0.3666406879185733,0.4519083404921055,0.3378288451289014,0.3176628178765572,0.17679653359944705,0.04431181001925989,-0.241845253081833,-0.1813444310834601,0.15396670199318188,0.01347474942194994
-0.006240355504167404,-0.16494996975434137,-0.015189576336713924,-0.08000758435520178,-0.3612958836109236,0.0422966342239313,-0.41103509439049446,-0.15132420477262415,-0.030510013983793414,-0.07763817317656609,0.2630964678532695,0.14330748908470348,1.0000000000000004,0.43330611358770577,0.51033475686877,-0.10311447527335105,-0.12256878641919491,-0.16990089801424701,0.20123987137514626,-0.08043497537079253,0.1046597237055128,-0.20392016498920185,-0.22459778560986776,-0.31525218878475203,-0.5457006675184524,-0.29771811595361936,-0.44092233673846254,-0.26954032467443917,0.040490327700847845,-0.1439181872667886,-0.18309076449938802,-0.3859528342961618,-0.24011449907044,-0.12960229346894303,-0.22897086717322654,-0.18609827987012642,0.06932030540092604,-0.3303301376228321,-0.10509217060915366,-0.38083652214108776,-0.16328163923172792,-0.3305530487670108,-0.29111668917494565,-0.17792485562439092,-0.1823582185960249,-0.2728794889319355,-0.1673315085331308,-0.14978877804836124,0.14180492122060437,0.1993447902124798,0.18055254761909623,0.050771476068450526,0.14652978146974996,-0.037315884373945125,-0.16295697782222596,0.19516397932605134,0.06111783700456592,-0.014565147037137655,-0.008284236409506446,0.28511267369809884,0.13004745833393166,0.8143826658446914,0.5448572439668478,0.47602069422998766,0.44722464413506186,0.4748512899367212,0.052383909413639164,0.46566319381176186,0.00532113221420683,-0.038304325411716675,0.16669584017461883,-0.17847236933230862,0.1740665737906739,-0.3209965884447119,0.026602948237376415,-0.31177061657114036,-0.15867397714601175,-0.168825452148679,-0.338838813998832,-0.05636675792507129,-0.33438942118614384,0.006318211489479793,-0.14580695017288306,-0.244833359636562,-0.3133643950000404,-0.2723094757541643,0.05775677989536039,-0.3324972729283713,-0.11813526960077317,-0.07539194243224145,0.1182677024869752,-0.2914638825721989,-0.13231203552719173,-0.39118303437836066,-0.3253599638381867,-0.12326567935728765,-0.12788548003702008,-0.014715078420618755,0.1885398382681993,0.1308858539754263
0.08659509867620302,0.2502006000292496,0.037106543973507156,0.37249260892638547,-0.09082915529571095,-0.12184667977276083,0.17885536410678662,0.3476963821416146,0.1610580922134124,0.16941948916534202,-0.09966189244084785,-0.10098554993817382,0.43330611358770577,0.9999999999999994,0.6923374610334058,0.39740035094493753,0.32474568925591535,0.14029760064014843,0.7037234543884109,0.012095848025155127,0.6090989834271249,-0.027430474633033428,0.28410614757690783,-0.14438872076277126,-0.2932430125287805,-0.39295926793149166,-0.1768543835556873,-0.3046886312967694,0.28605789663436587,0.00268431190942116,-0.29656974458407365,-0.34283588127632253,0.2687952984136005,0.2523346192691283,-0.15655933757421575,-0.3277727106542041,-0.05874621483004883,0.05268126807161662,0.14455903972721088,-0.17398231900120656,-0.11867937061964164,-0.3906613025607403,-0.16281929858491134,0.03158661539733817,0.0442127895724638,-0.06607171827436746,-0.09305877701567025,-0.012915106954752871,-0.1415638637608764,0.07221503898583692,-0.3504820994011601,0.1632000931203833,0.17624656090595067,0.11404080068160519,-0.20657968624740977,0.04556388284983748,0.08637364014296946,0.19008223737829547,-0.1015368446761069,0.0547624889035547,0.2292458772889223,0.4303516092185004,0.6322764427659472,0.7722519433945065,0.6685612336903572,0.6015504653283457,-0.16236654684265361,0.4311764226322575,0.10795078843239277,0.15228118748688563,0.5136651015299406,-0.319888327197489,0.36890824945023204,-0.23633611600346646,0.014389173813196541,-0.24957619058352412,0.2385697691484889,0.08893384960310001,-0.12728545010594813,-0.29312194969758776,-0.31059982848910894,-0.10102850892361052,-0.08333043128609043,-0.07040646136716001,0.11788036874592737,-0.20885276770518096,-0.11260202357650445,-0.39018501680977763,-0.17905038136215876,-0.18214381944546318,-0.35557884534439066,-0.4674786027350936,-0.21659796711372611,-0.44661224175489284,-0.4458364293871369,0.0412404649186732,0.14597887835078507,-0.011992919328337799,-0.02116564946011327,0.015441969138534016
0.004795152469821889,0.08342613347762884,0.17931165693196313,0.1411803112804465,-0.14438664480013286,0.005115503346939232,0.01516677286715502,0.2187182684963496,0.23389855990697586,0.29308341639256213,0.24614418888035522,0.27660774868173915,0.51033475686877,0.6923374610334058,0.9999999999999999,0.20565658205786896,0.26873466050781397,0.10050025167829847,0.44998859513412004,0.13677236225629863,0.6409569375416876,-0.0790725437350497,0.20523533962188104,0.15004940356161295,-0.23944039375713402,-0.13207198145036203,-0.18271259043737778,-0.20912073459708203,0.4239628597865106,0.12885148838328267,-0.06286987323773063,-0.29441885733989637,0.19074813110934632,0.21417085744988712,-0.15796809537085374,-0.12759475445183477,0.0619372581274361,-0.028467073724308147,0.09466373303982917,-0.06756164316589662,-0.10584331311120751,-0.28443734468963777,-0.29261930525536484,0.2467488889257886,0.03400383875018532,-0.17832299034439147,-0.09703745541353617,-0.130870981162261,0.0031672512380192426,0.13313912441732992,-0.2590597650992534,0.17116256796475404,0.10273580746946694,0.12432280142309791,-0.06308439575548302,0.26475165254100874,0.06512650851341228,0.3503834582493182,0.1418456677824926,0.3101082601857423,0.41666059728166654,0.4820587146333478,0.6540420897499751,0.5840434578318331,0.5703974504791612,0.7446868851171285,-0.043069986360034535,0.411444497112655,-0.016941872567876607,0.07507906633069908,0.5156609170045875,-0.20315364324747895,0.33308500210810243,-0.09095473887213043,0.3290916093547987,-0.005667684373084601,0.3727006644801821,0.2393224145392801,0.04035533113799326,-0.18700085986370132,-0.1124461190024749,-0.03954434584799211,0.03334938614207383,0.05661224328956671,0.10822332198054599,-0.11819533709527812,0.007538261248592736,-0.1459975450904408,-0.05787059701151261,-0.08770389150696514,-0.24015732078072713,-0.340797040298678,-0.03165449671946702,-0.1957172072968999,-0.29340868369218637,0.14625126885374978,0.09438808163308063,0.034439963838685715,0.11346307318103357,0.05626084407500026
0.3043643783723643,0.6377346543424682,0.1536870805188045,0.7292127796631906,0.29617206374208527,-0.1074344677209613,0.44331990519921244,0.5724577063398418,0.06714285615390236,0.3134388923958352,-0.3659369307630544,-0.15021989698221275,-0.10311447527335105,0.39740035094493753,0.20565658205786896,0.9999999999999997,0.44044595593983027,0.41170322989062524,0.2840192748630114,0.018884145248852218,0.5216074585185424,0.19484439874225626,0.35883737034558116,0.17336902755940176,-0.013419928563415314,-0.3021467364250411,-0.033678202383547136,-0.12955396044910553,0.20045143711751895,0.01759821363107576,-0.2567312635739956,-0.01717117154810483,0.6005481589871355,0.6466246256661026,0.037773673863790026,-0.1787225301430407,-0.10416248560343075,0.22529897700555152,0.11516616915260408,-0.043070461367289835,-0.23855595801715676,-0.49082607324441063,-0.1448025460296432,-0.21548301182651497,-0.03662595533055872,-0.10177505115367323,-0.01475563438750615,0.00873512169965922,-0.3183519036061403,-0.24275587290721012,-0.3505706920546643,0.1642610755249753,0.24676626473297958,0.3097370683341319,-0.17378134775406362,-0.10650735930402137,0.14533383198409677,0.007968595528188429,-0.2522281740027483,-0.27694130371535797,-0.08190282975302865,-0.07185764610802571,0.4174260252287209,0.3900952539401821,0.31966727972641323,0.20064320242697686,-0.2621440331723207,-0.032435312564842354,0.3688181321790315,0.20504441156369,0.2966183222883016,-0.13199506974409186,0.09702029603847469,-0.11487878671722755,0.00989069376299257,-0.20186411774686372,0.20414663735882907,-0.00962294460174272,0.01720272446868744,-0.2125142877846112,0.013054792746044363,-0.0907709296490188,-0.03236836528823115,0.34556358886498567,0.23465903389879816,0.07417155092635161,-0.11479503356230127,-0.16200035477026928,-0.08376931154089443,-0.33057904620777034,-0.344889580902237,-0.35975687457914557,-0.1573512080105564,-0.30847527741653663,-0.23731071073988602,-0.17756534662863369,0.04939803199173276,-0.1582846474692739,-0.24510906499647142,-0.21090030720325467
-0.16432455270449514,0.21651624594431032,-0.08077434102739339,0.31635160958035535,0.08207779398171844,-0.41817662606818073,0.3594212489614808,0.22908074568618622,-0.07617732527427591,-0.049890341458084075,-0.3946054695709866,-0.13352926240442856,-0.12256878641919491,0.32474568925591535,0.26873466050781397,0.44044595593983027,0.9999999999999997,0.39300090756845757,0.35502015695561756,0.07158965920504225,0.45312738013943854,0.3359034586257182,0.5756191220402164,0.2721874252938663,-0.04639364537933068,-0.06398990648471647,0.10577918705165215,-0.18776573421131473,0.03927886528001235,0.07088379814543094,-0.39264895811819245,-0.041298751766680186,0.5145990456926028,0.5884586961509066,0.0453237310027009,-0.2506710701667684,-0.19590731361636035,0.08278168075974138,-0.2732542164074143,-0.331239130717044,0.0047054748413362735,-0.3125296846615748,-0.03957888502374163,-0.17858071879350948,0.1787443306591998,-0.029039112465600942,-0.03853666809639372,-0.004326530652484584,-0.40929772033975353,-0.30959635841881894,-0.6555463411580679,-0.10378603597666006,-0.2271984720546419,0.1760198039489772,-0.44525599428780493,-0.4023223073273859,-0.10875352573484308,-0.06670113263778436,-0.34567352866691303,0.015343566725682193,0.29791935346604775,-0.1351573995350191,0.03809449835245704,0.18773328623221947,0.1586395068707343,0.2778698351559462,-0.3415050129592018,0.25025773489692754,0.3049282471842846,0.10929466478290634,0.1724687256227732,0.19004865124630468,0.2599300397139632,-0.3576864744707966,0.3051705387673961,0.1747881420797357,0.2081754311011054,0.23111417679534893,-0.027925130256159468,-0.677880329976589,0.2603877500015777,-0.2527634687101536,0.02739250636441267,0.4391630416591204,0.3076027046499253,-0.04125708738305437,-0.26939098302788383,-0.12608443718150394,-0.24618523140057738,-0.259186934896907,-0.6711518141978934,-0.6140998386219103,-0.4732563558817303,-0.038179170554515286,-0.11528048012747145,-0.23983404098786743,0.046303423556224715,-0.06124765762460946,-0.33168069665487326,-0.30735069915579105
0.01893182582852631,0.3487891386957628,0.1927349659609737,0.2435301392581716,0.2489705554864572,-0.12088390627779493,0.4630058912925039,0.5488948664033362,0.20309050652659053,-0.2511373256976124,-0.28006980367059686,0.013128789922612346,-0.16990089801424701,0.14029760064014843,0.10050025167829847,0.41170322989062524,0.39300090756845757,0.9999999999999998,0.5000350436459482,0.5694307229985404,0.5125723152469419,0.19879274959790458,0.5623628616709597,0.25385984712646636,-0.1109035225859401,-0.013848224425689464,0.30588190242805835,-0.0033115465062870807,0.20931002523127107,0.29040764814912773,-0.12952212990211334,-0.16880629706401462,0.09499401060513814,0.6410397616264661,0.13975415051355852,0.16184629503408846,-0.053678298051228916,-0.250028014635391,-0.3364865394599762,-0.16045968845716524,-0.015609861139469668,-0.3119001913516128,-0.1690076592676344,-0.21147495824937393,-0.09068015840446371,0.03790188427753515,0.04705570833581071,0.3169061044142346,-0.08113939156434957,0.0051254109129846015,-0.09246486318967023,0.40855433199842844,0.4060551184326901,0.18379097886197274,0.011142930134227185,-0.11156228443656974,0.6286219890768646,0.2869608705699634,-0.16331371351350263,-0.3996856347457587,-0.007126840194011087,-0.20954719273406708,0.02737515344138644,0.020521962211547427,0.19002795605086825,0.17902947979911998,0.31072042020296164,0.2128173321241419,0.4271710904019517,0.7164327129603661,0.35918715349725683,0.34621332574225144,0.5664748402226715,-0.12816389216337568,0.17649287442654776,-0.0666254291027183,0.34276932311045893,0.270594054259097,0.018368177911602404,-0.099489909625625,0.11116260195965702,-0.026905886961041514,-0.1278077418486117,0.13043597945035207,0.2787972043145959,0.19742202098272563,-0.06356501089371308,-0.14656691295611454,0.2114914303088106,-0.18792957415353354,-0.022181151497039395,-0.2332505837222533,-0.2994549413878845,-0.18040642297644152,0.039798045549443536,-0.10584441887003096,0.23959650607492944,0.16177672170143123,-0.08767756310285992,0.025282933832469073
0.02630380376277212,0.16366331331245015,0.07079196111941037,0.26049617510500994,0.0020702684208266224,-0.2481636823476905,0.18032232114700486,0.33986381706322405,0.05372764673814001,-0.09713583594748075,-0.12511758239501966,-0.11798288158722302,0.20123987137514626,0.7037234543884109,0.44998859513412004,0.2840192748630114,0.35502015695561756,0.5000350436459482,0.9999999999999993,0.36609811280568894,0.539501054107499,0.16862351027899858,0.5788467626982889,-0.013500293775945695,-0.3567624074075074,-0.22252542155100138,0.19096121267508517,-0.12418083201114595,0.2834391790548258,0.23156171343916793,-0.22626614522958982,-0.4363421067135245,0.14117399982607748,0.41335034946898036,0.13318670698789284,-0.15645755004041076,0.05713186209445834,-0.061200798410467196,-0.05657399523888055,-0.2785148212936552,0.014035494462258685,-0.31327603526405773,0.01317957551619839,0.060080820216713744,0.23382772336644211,0.1766425151902719,0.09130554851149793,0.25936944480337387,-0.11587410441714016,0.08440195558140896,-0.3189815300366125,0.28674119585761243,0.2010071196260764,0.10477646029905906,-0.14004224931399106,-0.14762734832779892,0.2692981617102544,0.1658294917370222,-0.18625911621046468,-0.16959860729915888,0.06364057935810301,0.16059693188117308,0.24336478916526752,0.4411605621750287,0.5036800375367735,0.3922505374931691,-0.044600050693901584,0.49253365766743806,0.4651085729350269,0.44977044291444834,0.44814513604812145,0.07114159226750404,0.5473792071114655,-0.23011924839169515,-0.025318131932979864,-0.19385253244132242,0.40848306370665444,0.3025844791430348,-0.018628707544360766,-0.33968515408662003,-0.02774910227186812,0.041972742725748656,0.026440078012717597,0.17260308302861943,0.36119591251432853,0.08586778533829198,0.0347316672975156,-0.15574015424344637,-0.018064981006096662,-0.15470678257092474,-0.2433045114738192,-0.46927863920715795,-0.32815379049158244,-0.368474753601749,-0.10680479008430166,0.15109156352364936,0.3413914119764675,0.26966580633210724,-0.08285111202128423,0.08219551054135962
