0,1,2,3,4,5,6,7,8,9,10,11,12,13,14,15,16,17,18,19,20,21,22,23,24,25,26,27,28,29,30,31,32,33,34,35,36,37,38,39,40,41,42,43,44,45,46,47,48,49,50,51,52,53,54,55,56,57,58,59,60,61,62,63,64,65,66,67,68,69,70,71,72,73,74,75,76,77,78,79,80,81,82,83,84,85,86,87,88,89,90,91,92,93,94,95,96,97,98,99
1.0,0.16057374998074458,0.10619396181330291,0.055814467982145496,0.15368691604905357,0.14087140860522895,0.35395899605453157,0.21041351546848022,0.3236654781960818,0.02804348011803209,0.34792479934598725,-0.06423795240408635,0.07024138340020736,0.20225721440022898,0.20744621077682424,0.3602288911350125,0.12884946435674235,0.3279471226666315,0.26445576315527114,0.46017157262109815,0.35253792461073985,0.05916254504605498,0.2633937421628779,-0.017478822916670453,0.31505262594534156,0.0629378233886588,0.2033661229629157,-0.08446560911976476,0.2827800946178985,0.17012473041167164,0.15305603251479824,0.33818785380201644,0.2379979519847808,0.17947259467435403,0.1339953433005822,0.345992764975729,0.16666123076641837,0.3812015740275551,0.3244747167116024,0.27893426631025964,0.2992112049916924,0.23196658050895141,0.21000337860383733,0.15455227647818012,0.2866145957692022,0.10049802869566038,0.13151190813924687,0.1703418307722426,0.4542177321881607,0.2959588609380007,0.5351666446357916,0.06761437432550874,0.2038347554181635,0.08639060461877889,0.09888822500532629,0.2557862489790383,0.22839818717044388,0.20274103847015126,-0.036223232586331755,0.1266764869256966,-0.061904687476018426,0.014479636044370962,0.08877661697554438,0.16305115810687293,0.2365592357992927,0.1463382025732271,0.5489011259326376,0.17821866857206486,0.21196247760556314,0.2765033245527788,0.327443599473513,0.0758720988509811,0.18062144437205171,0.12509914444704243,0.15728031124208539,0.14026609688399297,0.27940442008574506,0.16124390392289703,0.3026155766812996,0.3748443597079021,0.16808780232725687,0.279232226537245,0.26310485334843825,-0.05166531514295478,0.2039606368437936,0.12465789306783925,0.21498886869251138,0.02086894363266975,0.38370703048335747,0.29395060093409464,0.1866610804706742,0.3264508582912118,0.21374083098676686,0.26275046185416134,0.06016594667863555,0.2303398149745539,0.16436614160859814,0.22257127102285443,0.3692916565821014,0.3323455858108049
0.16057374998074458,0.9999999999999997,0.6377597957966168,0.7465037636985873,0.8374010077602847,0.4497816556989165,0.6383643689192701,0.5792670394309353,0.5477299109955815,0.08650308980453475,-0.07772131816040323,-0.23851675127441985,0.022433301948259942,0.25614794792840556,0.4283787292945852,0.7444690432202032,0.16731495504637048,0.4353341687883567,0.3789095078365209,0.4187394880255913,0.47703764548798383,0.062058359392371434,0.294739045011205,-0.01272355943613619,0.034660949788793895,-0.26282950274932926,0.24484577308701191,-0.14825105299036728,0.3620384513915797,0.4057432335254857,0.011751985465731347,0.1441381321064795,0.3597421768317556,0.2518319932717902,0.02625377841324456,0.306617390966073,-0.004905138701040647,0.547829335400447,0.5259793282163303,0.3487025782952414,0.27214654740245503,-0.14055391555704122,0.23019926103064936,-0.059517156259105496,0.25249308346620875,0.2316600022695499,0.2036297929274959,0.24573661071152028,0.11437501363855437,0.20286832786983167,0.5932467751203865,0.6607639410121935,0.8172919084033416,0.8144220748702449,0.5873851720133486,0.47512057968255844,0.6941827549591718,0.5751148412711904,0.015794021210441052,-0.3179535692283992,-0.14998791454927063,-0.05059877348601322,0.12965321416480155,0.2256020753399095,0.2397252353878809,0.22072132219754292,0.3655726503566586,0.029901329723917187,0.2072555942900565,0.3879583481735522,0.4141046407036204,0.07412930374851266,0.20390191280732142,0.06929613948240476,-0.3277883920266602,-0.05413191312406414,0.22416865604678696,0.19295745533448427,0.2177738844184739,0.18884789114276512,0.18257396880250623,0.11438075467540912,0.17182481331441748,-0.033281772174880174,0.2446124291350839,0.12879895418995033,-0.03577972143015528,-0.1609719760665696,0.3501127637240932,0.19883418166062763,0.36732556773492403,0.3792041977530902,0.5311554996108631,-0.02846696771136479,-0.11630008161728966,0.04576756163455377,0.26850982971521936,0.04178408718757807,0.17562623664868682,0.07383306165437208
0.10619396181330291,0.6377597957966168,0.9999999999999998,0.46874861140132723,0.7277330582460089,0.7730822609981044,0.5557011635212729,0.5460143083423094,0.7847695955480493,-0.07415052367607113,-0.0295008368319019,-0.0697953395168911,0.08878696032142265,0.37533078052332763,0.3908440896404692,0.3820165782069792,0.16701902408241978,-0.011571722850970112,0.43555489471901826,0.019736720782779243,0.47227071432284917,-0.19183794359093356,0.02087794945432585,0.05743592126016366,-0.06791101429079739,-0.157179435098966,-0.09912677118473164,-0.1917854451238181,0.27015992492698315,0.03476790516901402,0.10799926725052311,0.06816701931582296,0.1105854355163944,-0.18527874876868233,-0.2558900664654269,0.0698946729170614,-0.27707704280522605,0.44857381487084996,0.3744723395633796,0.14562541885819716,-0.14908171635987413,-0.06580909748444706,0.025249135853983026,-0.17345590973436747,-0.013031578812959356,-0.11571761994657238,-0.1959083488144703,-0.1419184108931812,-0.011309098034942325,-0.05283965985027998,0.46450779485435173,0.8331080085277118,0.5557561700581477,0.42918505309697835,0.8413500374906577,0.7425032497067819,0.5724818776428899,0.7665697351977255,-0.02909961444687422,-0.2565691523906148,-0.053171774607808836,0.060080514542584056,0.2106182795088517,0.3096211829685806,0.34215896812999047,0.3355026486182146,0.1005022330474821,0.1464706248988432,0.12252264515094852,0.04240465579734923,0.18424895071966912,-0.0691426256843298,-0.13328290640999937,-0.006513731178253047,-0.14933650382544167,-0.027974049604159792,0.27922318028784454,0.011501436586750471,0.11405500451134026,0.10756854690733672,0.17446297835989583,-0.19810516715586537,0.04913259391332138,-0.23225476111115012,-0.13738732636505435,-0.24540635059575325,-0.28326661285644184,-0.14295648794568866,0.13998932018011137,-0.0686436152728173,0.07427756306901497,0.337284750235022,0.37341470710359487,0.0003316945444114987,-0.013848160250383927,-0.10607299272632112,-0.0971581897627627,-0.22801625681552518,0.1097224903888418,-0.14519434967744682
0.055814467982145496,0.7465037636985873,0.46874861140132723,1.0000000000000004,0.6813712541005296,0.2782855885617152,0.6630979871017938,0.7398200584782185,0.4401175689756777,0.12861614418411244,-0.05620432266161551,-0.3899995557151144,-0.1478026049801114,0.1342368849139837,0.2379258150737497,0.6203674853820002,-0.04270629755870248,0.26457168685836313,0.1923472569020635,0.259063891877281,0.3546854620680374,-0.030326387167482028,0.1430169556288522,-0.19771484406553985,-0.01713313430180137,-0.23598321583136594,0.07698230017670608,-0.2772525892102959,0.2400146014103004,0.1645653173471048,-0.010010345667607579,0.19283404569392815,0.4353189802265096,0.15351177301402041,-0.051145133433060014,0.07345612600748967,-0.07796700265945244,0.6031236207353611,0.5914774015761074,0.3419354296110861,0.3019603065459234,-0.15203473140031493,0.2239467991419288,-0.1475052773563461,0.07320475057203672,0.19700885413209923,0.17593960680821158,0.2183706573026161,0.0251387447279441,0.1856628238356518,0.37517944047491447,0.5637100658177615,0.6740770050882451,0.9003303986844322,0.4227698846586161,0.3340475489186662,0.7986371935045632,0.5994914665331313,-0.13984508085964958,-0.22681261347729748,-0.2286700735163578,-0.18962373413118017,-0.047895391692132756,0.1866283376548077,0.1373288307585205,0.09736234004459351,0.42552666828249003,-0.07227321848609003,0.07298402654024289,0.2538724745603083,0.24857378623560658,0.1242145037469386,0.016914314006473523,0.05949602103784053,-0.30071568024738726,-0.06294010537451764,0.08624393925057647,-0.04470837662991172,0.1660295895563721,0.15633025084969931,0.17694614016707094,0.12224166139295757,-0.08234206530032934,-0.09172101843841943,0.022314129231899738,0.13674252417666688,-0.186618565417756,-0.2025707308718417,0.16493175200591417,0.2074300646415647,0.2875616638414372,0.2400662770000239,0.50576804199962,-0.059628919255745275,-0.18094021510889652,-0.07995854578306469,0.16909270844356886,0.011237229294262284,0.08835467347561475,0.031387961010028026
0.15368691604905357,0.8374010077602847,0.7277330582460089,0.6813712541005296,1.0000000000000002,0.6632608930956804,0.681012147071721,0.5286974005294266,0.6998154619134207,0.00969934057016769,-0.1566484050026212,-0.3291924626363115,0.09357928469211198,0.2781951245257486,0.3695408402857275,0.6305988261073278,0.04321657481241726,0.2802393616975708,0.3759810633559228,0.34564956907234656,0.46349294493775806,-0.05716496306925434,0.19175411176963159,-0.14485239281382983,-0.009993712289384553,-0.3284854751708146,0.09196320103349274,-0.15368601368114518,0.37394929649816555,0.25153038075600265,0.1823539812779407,0.14004443360731508,0.285364393345426,0.08292094066616003,-0.12548496870836037,0.25646366254618697,-0.11994250981895058,0.48347854259508954,0.5035608025678893,0.3473219439537046,0.1635596629136959,-0.06762541412118594,0.07762550299620741,-0.061397838223008094,0.07037297454961346,0.11535458620853159,0.13862172971900638,0.1298133480318277,0.19122825330492957,0.20604555920819828,0.5498201948580022,0.6517424787365588,0.7209776067805387,0.6951870983795299,0.7817080696357424,0.6795761014101772,0.6358180828214797,0.651836878259853,-0.03862914659054185,-0.34187987894372257,-0.19164045241442093,0.006115806127408935,0.13363866528204393,0.24013448153541003,0.2172845414855636,0.2133641914926781,0.30917083073771834,0.08905052478957969,0.11408461903424338,0.24555492406554177,0.31613500526489074,-0.010763281427238225,0.081190509435514,-0.0024468195753469895,-0.32364008453811227,-0.12992491582408297,0.18485503437388884,0.01517847044771876,0.14123881514795064,0.13389576789375524,-0.002112437461078473,-0.09152028498294919,-0.07240292659940122,-0.26531395675749225,-0.006694272546043347,0.009860209685585332,-0.18058958977981449,-0.24088010465292992,0.2757794427884239,0.03721388567787707,0.23465192114833386,0.34082746546062825,0.455971187745718,-0.04337843736029268,-0.24825829601330326,-0.03537416583590815,0.06677115093763301,-0.056156096616188346,0.31023657884206657,0.04781904167470002
0.14087140860522895,0.4497816556989165,0.7730822609981044,0.2782855885617152,0.6632608930956804,1.0,0.5063127415613212,0.3112495942319763,0.8013969659026567,0.06825119572442005,-0.17297045895924093,-0.16257947308669932,0.19382966701478546,0.40031373520802915,0.37765315020477164,0.2759889186441286,0.04715970930705533,-0.010964773069065268,0.41438155339104943,0.14092603746892424,0.3780474362384655,-0.16815355616016184,0.057385733980261956,-0.08962449757759493,0.015621616796862912,-0.19816049972100075,-0.05203855099369705,-0.19556765727016617,0.30750127373008646,0.1375613464956188,0.350424894477846,0.04980250351003566,0.1530703870705822,-0.15689596267693245,-0.1799101200571218,0.13448479037855296,-0.21870920346495257,0.37316621564666813,0.4943045139206255,0.34391751693718287,-0.06093122016828331,0.07395993298154861,0.10257830248803786,0.043117818197729404,-0.06063837795762855,-0.0025588553568926154,-0.010759186495085777,-0.08185846150825242,0.24811305780225165,0.15516982935231388,0.44571543152294363,0.6184284272423347,0.3554252537584615,0.1766681425720022,0.9098096269751803,0.9238092852693769,0.38887177979478965,0.6364665488686146,-0.06251775624358871,-0.402775363795031,-0.08649141869672204,0.13026024224983773,0.3211963095228561,0.3651561076808482,0.3665602897912907,0.38235779724481506,0.14550815997808128,0.23652639269274695,0.1270562794768957,0.04307200709020986,0.2102406831815764,-0.03953092011606661,0.00045117223056639487,0.04858689900994831,-0.13354197275468832,-0.0815522118199145,0.19355475311661888,0.03408076792643331,0.20187633577470446,0.007114809191333954,-0.033350538315938726,-0.24569179036472386,-0.032157411341236376,-0.3563297010631859,-0.13749051088700173,-0.09367939693925541,-0.18352649947600927,-0.14277612183767174,0.2597723464918273,-0.07456244860112972,0.08421983593268438,0.3384554350492322,0.3737940613958907,0.09764423611996884,-0.10096879432782674,0.03311138271978683,-0.06968418588547393,-0.06866672586124964,0.4126827874605504,0.034334462584204826
0.35395899605453157,0.6383643689192701,0.5557011635212729,0.6630979871017938,0.681012147071721,0.5063127415613212,1.0000000000000004,0.7348321822591438,0.7229873503033903,0.0764492809993841,-0.00665886947075948,-0.3111821873866538,0.019720754606661367,0.26460956860465623,0.40784267017124026,0.6641944255362481,0.18080411068678334,0.34064711001414927,0.37248450786839454,0.4344007522197704,0.6167068701380041,0.08927388609784369,0.26355973783382686,0.0021175510430513373,0.05885150679145574,-0.2136248452920324,0.13847395510338212,-0.2165137770258983,0.45531539243740454,0.18539714165683208,0.22199066064106995,0.2644032002100637,0.3242021860660959,0.158517213076141,0.04907874096199653,0.2253044098299767,-0.05730998701447655,0.6619469454433294,0.6632390154257848,0.5561920989170342,0.3481430444587889,0.04468463477404234,0.26060188946532525,-0.048333991695545184,0.10718966663825752,0.2470320975566195,0.22020983825070387,0.14585833689556174,0.19425683361504428,0.2308409138993315,0.5449432894764106,0.539203841216915,0.7271815958105113,0.5779251916442408,0.6136689247418714,0.5802057351469574,0.7645278552436764,0.7194169553279027,-0.16447136312726296,-0.2127498868521734,-0.16799406413491208,-0.008650320847891968,0.13293141950082277,0.3174612414564547,0.309134455392373,0.31342654094773403,0.5908362027066372,0.1370438163580848,0.20449948391703315,0.3650447687786104,0.46555271228358275,0.22355745111591227,0.12222378546246436,0.39497276871165254,-0.12522739321519885,-0.0709671039669536,0.2484093140741174,0.06599838475320331,0.24651129391337398,0.24160705822845457,0.28667446225426474,0.12197660216300274,-0.02625341195313375,-0.11887712930680172,0.04508709088747398,0.17796145902334248,-0.18864277546541666,-0.2002615926561271,0.32419387455911436,0.31043498409663833,0.1662569327889101,0.5198682800883073,0.6168662403597711,0.12352253073095902,-0.05398093402075133,-0.04209953501886389,0.1733874258291715,0.08702367270091234,0.22022081512945293,0.13585145951431055
0.21041351546848022,0.5792670394309353,0.5460143083423094,0.7398200584782185,0.5286974005294266,0.3112495942319763,0.7348321822591438,0.9999999999999998,0.654283163957986,0.0015801775668009674,-0.01979028129364385,-0.37636947091067585,-0.32155402526468985,0.06711248721074838,0.22477740417406447,0.4661753607173508,-0.05238074208069461,0.2534470470780733,0.21966731142641757,0.25332857176645973,0.5088177014099106,-0.050529307254253,0.09326716104959903,-0.16761125620638292,-0.06399108930370669,-0.14132022496851637,0.11154788556102699,-0.26892736439897547,0.28458853174379195,0.012618392633344277,-0.011897929343807056,0.1185557282995088,0.2360464539856362,0.07422794622378048,-0.012628675178817356,0.18156256991905334,-0.028497331474691853,0.61331392813601,0.532112198107881,0.31931788066250544,0.3143805932911877,-0.09649334654806141,0.20881117490117848,-0.07472800928317648,0.15737160413559567,0.19350310717508867,0.09992808285075443,0.14872022535099308,0.11360985235672308,0.17678860859549295,0.318828549927275,0.6238342916684209,0.5294481417563263,0.6247958692115394,0.46466272549560766,0.4470394199021425,0.9213284863750225,0.8360999823652105,-0.2886521348177476,-0.22277464574761408,-0.3405417559105772,-0.3061478520519431,-0.18103350173977176,0.15857099138479178,0.1741375726933934,0.12706049173917083,0.540487486367587,-0.13707362340844423,0.01571068264524663,0.24749189910986738,0.23638624429923266,0.15505164117135903,-0.05497058739658275,0.24101106306777761,-0.2872430456977329,-0.15202808517595487,0.156550637840531,-0.061654922518055565,0.20001807306434471,0.10678407755867143,0.2563732811357495,0.2224055282433745,0.05149695378131548,-0.053797374410936835,0.07061476923835747,0.08542658597736387,-0.1389624530894987,-0.11297614147370766,0.23496938801369988,0.3155467599073863,0.15526159486038435,0.36204541173631843,0.5248419291297403,0.07218480703069999,-0.08919156115329457,-0.03260182871819383,0.18050227984706163,0.07651359042769679,0.06837085498867838,0.08818725023100339
0.3236654781960818,0.5477299109955815,0.7847695955480493,0.4401175689756777,0.6998154619134207,0.8013969659026567,0.7229873503033903,0.654283163957986,0.9999999999999994,0.05755907068240779,-0.0393406963446625,-0.20229638500848235,0.10404385726958296,0.43537319083957327,0.4805695427372695,0.4187220861907188,0.062113376377556415,0.1319095255896369,0.4777089170470346,0.2804575654266306,0.6636011079645947,-0.08932223525436364,0.13622708869337774,-0.0987774079852253,-0.04897082858105806,-0.19823062695381985,-0.012869032833313466,-0.19678052689923428,0.45360142539901466,0.11336707575858221,0.27174992432096245,0.10940212335675556,0.15833282940092608,-0.10796398401188426,-0.16673475529461682,0.320328348032312,-0.16459898938842957,0.5811283497380244,0.5694157028193778,0.3719991007060829,0.0924250713876566,0.06576365733889017,0.06372697884585293,0.0006940905956857666,0.027379565355559805,0.03462598875737595,-0.00874291461283953,-0.06834159522322625,0.3373965028793317,0.2157822552408748,0.4783078008691359,0.730574389214294,0.47140914413143853,0.34922124015446654,0.8491744103518968,0.8569308080788977,0.6758963213927992,0.8753407044920739,-0.18756439526480828,-0.2856889690902702,-0.16693193903396142,0.06629400020962775,0.236559606082588,0.40894688534602924,0.440737827459941,0.4416636059277385,0.3871778613393282,0.16218496048017583,0.1792568162634296,0.19037297706092463,0.3993106569341943,0.06466806306670994,0.007122922868388658,0.20048840969326506,-0.10736220928979537,-0.10820764018287311,0.3611194876794801,0.06864778958126275,0.22330371861237844,0.10914244493133804,0.12941159688425108,-0.037961769269190856,0.0318616956681442,-0.2876552735888098,-0.062405052834142515,-0.05394174852804468,-0.17853449624627538,-0.12494102109961613,0.3750683778452482,0.10740441952373687,0.06616328639797563,0.4009557386498575,0.46621458008823835,0.14060367923661113,-0.11652436829165426,0.044866091398297184,0.0014920364080780431,-0.018331253351743303,0.39609549578701864,0.111732045222677
0.02804348011803209,0.08650308980453475,-0.07415052367607113,0.12861614418411244,0.00969934057016769,0.06825119572442005,0.0764492809993841,0.0015801775668009674,0.05755907068240779,0.9999999999999999,-0.004650963207131511,-0.009222113417654023,0.12441733962683996,0.3815821780261499,0.4273861324878123,0.25750463173435045,0.2558168539757103,0.23751323764541463,0.377604031513461,0.17529877649241418,0.28736305039217364,0.3067473282318696,0.21888874143452627,0.11672880371404644,0.27406947574366375,-0.06774014888903304,0.06498701894718097,0.27068990526277226,0.2618891016473612,0.3139800346223904,-0.020968304244062652,0.34122820804520354,0.2551535146170849,0.15096028491961594,0.14507557524187417,0.09758104255024072,0.04128708065494801,0.3250091943011996,0.38410745629862314,0.24346835832774105,0.10156308100349737,0.18081299333986364,0.2282672300445816,-0.011779992459454061,0.09773132026196577,0.07110320138677648,0.12994683855783556,0.09431680870176655,0.10690584548998018,0.06676361010728034,-0.01724227441064427,0.004945353902597887,0.0941678089289622,0.1864557158567318,0.010818676082695187,0.11776460694840479,0.10121461567042202,0.05626405736760466,0.2905919649974724,-0.1154319615863782,0.13210384278527884,-0.008585836271838867,0.3305262984244024,0.4379878817084913,0.39648767757030656,0.37688636449263113,0.14122122306396967,0.16711129420354146,0.4553535962027075,0.2792617910768506,0.31462053259549977,0.3078008171794052,0.3427847279395872,0.08653336943725702,0.11074800325336644,0.07637149453186069,0.2697740525099863,0.39387729678641886,0.2558363850733142,0.17984969445331594,0.19227367307613297,0.19014746062153567,0.2019431245922283,0.13767509199979286,0.13118734444539526,0.24954242775517807,0.12422615509266853,0.3685612928870277,0.14093363884328533,0.1350640003950451,0.23586410095822963,0.013914199614137873,0.17043919298855503,0.14793962473341232,0.020597520459470615,0.18704993715810747,0.1179466727709571,0.17211529213121074,0.1080218569514677,0.07484709935036207
0.34792479934598725,-0.07772131816040323,-0.0295008368319019,-0.05620432266161551,-0.1566484050026212,-0.17297045895924093,-0.00665886947075948,-0.01979028129364385,-0.0393406963446625,-0.004650963207131511,0.9999999999999998,0.4664325860653191,-0.04632175193568243,0.1129544527237533,0.05643666716099508,0.05925902111767448,0.09980732434167221,-0.0016561463529252258,-0.0427670505803003,-0.08307148048654919,0.07028081102143686,-0.03605978350907724,0.0017052595639790364,0.22747804007387037,0.38093101478669994,0.4044513030376976,-0.14339442493839316,-0.07387379955826674,-0.14367146504636458,-0.11535849002819916,0.09498987801409019,0.15532717818498484,-0.18412486768602856,-0.1048829893172649,-0.12319557930274863,-0.10388939991072578,-0.0872968592454279,0.030944445259181292,-0.09489710802116945,-0.15143961902169814,-0.094045511799286,0.10573034951919838,-0.13035286188402226,0.10477569801196049,-0.13274731314066826,-0.15027550456019895,-0.22694388088188772,-0.22050756436159963,-0.05388551790981413,-0.14217531946189105,0.15740806773227448,0.0242158376486168,0.10364538054711127,0.006325281001372877,-0.13783964354072484,-0.1378353898701802,-0.029989661338091667,-0.0584239363292232,0.30224475605726187,0.7290922712701012,0.22097788171072716,0.01438799630799286,-0.06265213177876419,0.03338190036780827,0.11086602164217063,0.07061375349534806,0.02610200100071751,0.08249402949626584,0.019459075277434457,-0.04880949879777745,0.0794666674623431,-0.0043089454173737204,-0.08878147882856534,-0.038735517005539455,0.40394119553630914,0.5854998581323742,-0.048380994216290184,-0.06424424828679047,0.039160757706467084,0.20607941567154875,0.15959142563154252,-0.04642661311811954,-0.10141010918675526,-0.05039811165681925,-0.15592457204082918,-0.2489360747920777,-0.021309363255668262,-0.05398273832202352,-0.016115341515934516,0.048664130522421745,-0.17088961047351228,0.22282807202601748,-0.11982746901900304,0.11360261604027856,0.06709341165539194,-0.07509969930393143,-0.15949199652550455,-0.20109401930483706,-0.05514327611578868,-0.0754065166994606
-0.06423795240408635,-0.23851675127441985,-0.0697953395168911,-0.3899995557151144,-0.3291924626363115,-0.16257947308669932,-0.3111821873866538,-0.37636947091067585,-0.20229638500848235,-0.009222113417654023,0.4664325860653191,0.9999999999999999,0.364966117252595,0.277608561844683,0.14930248978746186,-0.2598518445879248,0.3384185340270016,-0.28375968703731264,0.017499348761595885,-0.37105199637257424,-0.07375202439795463,0.052367703559804905,-0.11318341424678066,0.5545583062487173,0.05899166905061588,0.4819051293166476,-0.23382739411020215,0.23062696555696638,-0.17710132776236717,-0.08249809911981743,-0.142639029421828,-0.021501015699969952,-0.44945241902104005,-0.2873056336978612,-0.06343660572581118,-0.18747462595369854,-0.14512870602135747,-0.275040325051482,-0.4423360747687203,-0.29074655500730123,-0.4780131837790398,-0.018706135226771257,-0.29604898439035987,-0.0950596002841259,-0.19946073934057384,-0.3778945109956065,-0.46402647367129285,-0.4815470100005126,-0.24741773511425766,-0.4221820857005416,-0.020685160254249765,-0.07592090364360844,-0.10942426467280592,-0.3032587310533276,-0.24023297134688745,-0.28190299924675766,-0.3962475347039596,-0.268302388764457,0.35775834706171405,0.47558008539159025,0.6995477414657865,0.4291965130835035,0.3111796507078631,0.1856129642108419,0.21184973716077887,0.22592374480601965,-0.3744302443148721,0.20506171632855816,0.08415714971391088,-0.2695446448306333,-0.013740140735722745,-0.045242879603909644,-0.1441364420340236,0.03206060477108988,0.5753158949363869,0.32091694113302716,0.15337831419433484,0.1951436434531664,-0.22048150340862335,0.039562092837212716,0.1367924199168085,-0.27529994503916266,0.005119877240234525,0.11523461277204995,-0.10942345565640481,-0.32923479042006804,0.03682140829675773,0.15727623082837788,-0.1687850006775585,-0.27397544032632937,-0.24676410344834973,0.040337423626409755,-0.3368287981990272,-0.12312049816746345,0.14428406175978317,-0.11093306060211947,-0.33257011130023534,-0.30964289656582855,-0.19311561029054403,-0.28847355709862216
0.07024138340020736,0.022433301948259942,0.08878696032142265,-0.1478026049801114,0.09357928469211198,0.19382966701478546,0.019720754606661367,-0.32155402526468985,0.10404385726958296,0.12441733962683996,-0.04632175193568243,0.364966117252595,0.9999999999999999,0.4842011558912199,0.42552521147934663,0.04074603645283934,0.41480079401588266,-0.06769531249618076,0.2517119716992586,0.07589745266528211,0.16833579741926105,0.26264126473685223,0.14041180637062667,0.4433246405949741,-0.01684173578008558,0.13207424127506706,0.10266461922834164,0.33545649172618913,0.3177543075690863,0.37443447550910147,0.010192387667922256,0.3189431962457177,0.06715149366897838,-0.0008842181752488842,0.1687499265575204,0.1642087398906441,0.08916347233161424,0.09143934411521902,0.10057234994825234,0.12773019813585526,-0.09851628711634805,0.31192129607063873,0.13275103891363496,-0.03724707637585018,0.06617313482163535,0.03922760361700131,0.026149072518916284,-0.12727226270080835,0.02149598026295178,0.03316218435924977,0.19081932677194388,0.0006667103023175911,0.005071341003682737,-0.14298623086347712,0.12910615281579824,0.06495252667440767,-0.23732293527247117,-0.018640083136248365,0.1651851158432771,0.03245701826003689,0.5171029547666686,0.904223500130116,0.7979171372653637,0.40744196993825116,0.35716620653780096,0.4769716460184185,-0.09865810669217005,0.29333608067179473,0.25664789062883103,-0.05134672938285022,0.23693559097638534,0.1669494696623299,0.13030196352298698,0.22715975748325165,0.36694491404710255,0.0027510951258925154,0.416844226218256,0.42609696400136876,-0.10639341400033926,0.2953610017797983,0.05816175594418849,-0.09269305395698056,0.09300157252060837,0.09313249745648025,0.12526608476733242,0.15995253017823302,0.18020738067651984,0.09933058099449454,0.13617244068120898,-0.08185722828415493,-0.09870904557526426,0.19703637926224113,0.05056326850595991,0.07555744335107574,0.2351659855439943,0.0042351644049871615,0.015484001942146955,0.029658937021311983,0.07261481575850236,0.041490523176320425
0.20225721440022898,0.25614794792840556,0.37533078052332763,0.1342368849139837,0.2781951245257486,0.40031373520802915,0.26460956860465623,0.06711248721074838,0.43537319083957327,0.3815821780261499,0.1129544527237533,0.277608561844683,0.4842011558912199,1.0000000000000002,0.8675152577959602,0.32267510822380635,0.6156504742449878,0.11543136742158092,0.8133659684211126,0.1449723764339065,0.5916164922531072,0.28303807226105004,0.4235031659366742,0.3819513870430555,0.06162517205927276,0.15026653162415435,0.08066559459610553,0.29750667153180654,0.5442104340427998,0.4556700760155949,0.2352389315412381,0.1946430381409093,0.11141849439490442,0.027942007905499354,0.21503156102855514,0.16479208041029023,-0.0002727794457537117,0.34081132686547594,0.280342884590171,0.13128022035170298,-0.12940666236676057,0.24269397176838006,0.1707417914406332,-0.016040170347898775,0.09463294636012914,0.004082266081125967,-0.03911549146197298,-0.11510375559040315,0.11448621232894886,0.018802873959942668,0.35170320427510443,0.3984200915779235,0.3086050797544252,0.16361992003701048,0.36158295581303307,0.3327230465731832,0.18765430313336254,0.311442964649691,0.24312288927674972,-0.17630290008253563,0.33766386305805685,0.3671682940955375,0.7428861813590832,0.8612849958072087,0.9061391686148711,0.8761039680689685,0.11041115418106386,0.6616675423799887,0.6190194412856262,0.24688924103487514,0.5980914719185751,0.23586782058959696,0.34810226251647,0.14521716029873782,0.41214594018415074,-0.03872599501386001,0.5677736842506846,0.5487351054211079,0.12696315509474948,0.187988604715376,0.2675394941872023,-0.11821136135954255,0.18677208672689832,0.11892244807512045,0.10928544942749659,0.03710558052965862,0.05832381048392829,0.17266113930243165,0.206006260018745,-0.09055564629069024,0.016773576532574965,0.1468935987363418,0.11756208249878383,-0.011566746600066551,0.0736570462060914,0.1227945527631131,-0.0016546343562881282,0.0004921993057743576,0.179047713676675,-0.02316358472893177
0.20744621077682424,0.4283787292945852,0.3908440896404692,0.2379258150737497,0.3695408402857275,0.37765315020477164,0.40784267017124026,0.22477740417406447,0.4805695427372695,0.4273861324878123,0.05643666716099508,0.14930248978746186,0.42552521147934663,0.8675152577959602,0.9999999999999996,0.49716600512108255,0.6553225798524627,0.3553549479650956,0.7629351160739439,0.4070487192539533,0.7732117988086209,0.43724329628373576,0.5593194931037291,0.4049347112456851,0.007774748281360795,0.06639498556874117,0.3157790129050267,0.30062388172839993,0.6499307160420367,0.665439304552351,0.15700242237545586,0.1703432385751974,0.2685044492802487,0.24744191543379637,0.32714166182632665,0.343239573954184,0.17527774041330882,0.4823581941514212,0.4124356231410892,0.27704864299499643,0.1557946909732625,0.1161070916649224,0.3029293995699431,0.04333473911354069,0.28931113348325715,0.26727462607335806,0.18262850721321022,0.12190703091022326,0.16229359140435262,0.20425677166846215,0.3528566216827663,0.389749600182207,0.4704698996340819,0.2748419485098597,0.3770063157732268,0.32716069791623376,0.32864076485054067,0.39991584505708117,0.2124367726052999,-0.26403521976994077,0.2746837668346017,0.2768658914063244,0.6598188602687308,0.8146184958267352,0.8617403749387093,0.9228505147374296,0.3010808369370729,0.502870414555224,0.6788949486911235,0.44429870303580643,0.772574649826349,0.39400635980132725,0.5098464021334475,0.315496743826901,0.3222994129351472,-0.057110709195949856,0.5968463917799307,0.708615120904326,0.23221543004950876,0.19236705292964387,0.43318542111961983,0.15233594705510595,0.29916918111760027,0.26636082658593513,0.34709339788805516,0.2906953118628706,0.21781213213124342,0.27883916685224486,0.3819516148178639,0.20702503032964809,0.21147049188864958,0.23463281970029554,0.3507249528206845,0.023646016141648504,0.1111660468490922,0.19680991450194316,0.3252892559489304,0.17831699815682406,0.14199111509286344,0.16356208555526602
0.3602288911350125,0.7444690432202032,0.3820165782069792,0.6203674853820002,0.6305988261073278,0.2759889186441286,0.6641944255362481,0.4661753607173508,0.4187220861907188,0.25750463173435045,0.05925902111767448,-0.2598518445879248,0.04074603645283934,0.32267510822380635,0.49716600512108255,0.9999999999999997,0.36530882790100355,0.6782469864811453,0.4350995363656547,0.523781004201096,0.5614634496496079,0.34226490955999217,0.47801338362694107,0.07070559142505832,0.11654203984804219,-0.1912129084453337,0.30837782997272034,-0.1424939870595454,0.2939228262496478,0.4208695283574299,0.04215723802275198,0.35836667366382463,0.5219241144496458,0.4781035515149146,0.2726696435559409,0.32822603886894747,0.06762503632916089,0.58336146469833,0.5517254228496677,0.44082941468646253,0.455663163809607,-0.0035559612877411766,0.41235569999417576,-0.10840742648204539,0.29157735851340966,0.3619625531908274,0.3169959111692154,0.3705013105006712,0.11635818760706433,0.24141358784312947,0.5286992087715339,0.41099991621236176,0.8125903394314937,0.6612060549052073,0.37229346796441126,0.32931602703901897,0.5898241011784353,0.44069206458821275,0.03163265003727168,-0.240105958411096,-0.12218469859516744,-0.019317762271921637,0.1746008763844639,0.3353858247143484,0.32415591861804516,0.3227975873983916,0.47930961595807847,0.19280873599569612,0.4180346873968331,0.6095354829364542,0.5552339165049188,0.26007954741230443,0.36388999485623985,0.11840366196103788,-0.06594578395276622,-0.027569127465288064,0.13232512157142837,0.24688514647437296,0.27029414438883764,0.3690600533163999,0.32147366161446067,0.2615875727041799,0.1109627774351281,0.11158226682449898,0.1671195307725439,0.2242065864971003,-0.022549337443336214,-0.1447409194577294,0.2806178288977291,0.2860411560012117,0.38758288180074624,0.3874838457231856,0.5480498840697335,0.0688468203217288,-0.056452827514238885,0.016234809620734515,0.3069623743269832,0.0933746045234974,0.09703634160288162,0.12552546448170673
0.12884946435674235,0.16731495504637048,0.16701902408241978,-0.04270629755870248,0.04321657481241726,0.04715970930705533,0.18080411068678334,-0.05238074208069461,0.062113376377556415,0.2558168539757103,0.09980732434167221,0.3384185340270016,0.41480079401588266,0.6156504742449878,0.6553225798524627,0.36530882790100355,0.9999999999999996,0.37282286201464154,0.6287787196072449,0.12560991660938567,0.4946782872394167,0.5513354424063261,0.44022168398118033,0.741186444001021,0.09287910727012855,0.1852477525824923,0.16221617582481268,0.4125358885733078,0.3138147334371038,0.44449533261576757,-0.15333794625168426,0.2199038197136454,0.13535862939675325,0.40837591594362116,0.38089883100813726,0.13668691951366002,0.17008288160649637,0.11905054577342626,0.0741062882837433,0.08711476421063792,-0.05426954885004026,-0.04656202794256432,0.25214932343706037,-0.2547240841657262,0.2395969503038998,0.0280964512785917,-0.002674578992061112,0.02662255079767211,-0.2804846625382669,-0.20583760808629473,0.17469369920622302,0.10168605487354201,0.38997540244081197,0.09032886538020679,0.011022643621855519,-0.024716027687837087,0.02798318739785994,0.06350538286246332,0.3195174862981808,-0.08865991912537233,0.44167154344561066,0.3488510640703674,0.6139892206826629,0.5397451136107586,0.5733689420504755,0.6149713450574601,0.009015158144777833,0.5576293367958092,0.7489108562667233,0.42703465238558797,0.5236370303768519,0.4618172807397067,0.3698825926085393,0.16406898975284576,0.5076150065335945,0.10464811300820354,0.4933162474150562,0.614197668055658,0.14720448627887026,0.29913279130119047,0.641985569572301,0.10594467827168039,0.37362041752987374,0.5240075220032102,0.2537999797193746,0.10621609710930593,0.13305257013423294,0.30708347355808685,0.023395469015294844,0.056763467492114326,0.056764378456171126,0.18664971664648464,0.1886193709498638,-0.1254615564562093,0.3855802004400801,-0.04106434414191242,0.08545185771485822,-0.039945948843904434,-0.3037603601807008,-0.16345681645534915
0.3279471226666315,0.4353341687883567,-0.011571722850970112,0.26457168685836313,0.2802393616975708,-0.010964773069065268,0.34064711001414927,0.2534470470780733,0.1319095255896369,0.23751323764541463,-0.0016561463529252258,-0.28375968703731264,-0.06769531249618076,0.11543136742158092,0.3553549479650956,0.6782469864811453,0.37282286201464154,0.9999999999999994,0.2728198340799034,0.7707615835864567,0.4345314044828744,0.6450076654663516,0.7310498572402794,0.05659987168735726,0.12684007377333564,-0.044105801290946385,0.5767316673428476,0.15758627187327628,0.2934832879320423,0.5994138285810342,0.021423304799139307,0.17493769476291782,0.44849914495469556,0.8730593934204207,0.5810287474950407,0.626023425811694,0.45908299518081924,0.2128790698027149,0.29895708508714963,0.35389425851322126,0.6896117628176319,-0.05836091181453335,0.5338174592864713,0.190600773267268,0.5896628883726018,0.5358994567648092,0.6607262307824935,0.7123251495905982,0.34901075009938476,0.4866063012103986,0.3899108667773794,0.0671968121336817,0.4571724944399063,0.3987030576683916,0.04962257557293919,0.0806102731607765,0.3507672504996236,0.1086992140058688,0.25478182032304875,-0.2493288797540441,-0.2100716167101318,-0.11252112035586972,0.025786987189204705,0.07776192627974876,0.13570151615180792,0.15399080093591516,0.5264217263331976,0.1669065844668948,0.4635404152972022,0.8175596363350476,0.5573729750144767,0.4216520166588367,0.673876888785405,0.146915543690911,-0.14796569661486658,-0.08537507949129744,0.1480810064173712,0.3989825648276461,0.376300615376299,0.26193100280367576,0.2344511268600592,0.5320679754178712,0.3637217569236282,0.33446044526101254,0.4843032967954607,0.5142222399666455,0.3612213180876821,0.10658119138812265,0.44947514701804286,0.47009339973504066,0.481926936823171,0.27136834990059033,0.4490041530702445,0.1206302299884056,0.036952180405926696,0.30755129222687416,0.518997147533856,0.4685677622550745,0.1875759977114322,0.42222885717077435
0.26445576315527114,0.3789095078365209,0.43555489471901826,0.1923472569020635,0.3759810633559228,0.41438155339104943,0.37248450786839454,0.21966731142641757,0.4777089170470346,0.377604031513461,-0.0427670505803003,0.017499348761595885,0.2517119716992586,0.8133659684211126,0.7629351160739439,0.4350995363656547,0.6287787196072449,0.2728198340799034,1.0000000000000002,0.22767501504678744,0.6496557289973066,0.21782607708524956,0.37746328302317755,0.20957495248083527,0.055723425144722796,-0.07865652905494863,0.07577424621582515,0.22748970973860733,0.47146867467256476,0.388790643221449,0.10660253715992699,0.15663585190444365,0.13632743909800626,0.15610561903619113,0.1418297315286629,0.24830639057011103,0.005516608265979989,0.33191511454137546,0.3052382598210635,0.07538998947165496,-0.08765852802151852,0.14796139490928675,0.19351116672011448,-0.10262365071704754,0.20653419995393765,-0.05459663145738705,-0.030537343874111725,-0.015290855337885434,0.06730673307983928,0.015721064764898696,0.37542772815784603,0.45904221372826504,0.43080743886603107,0.2559230246416273,0.427584585624695,0.4096537781815534,0.33080796335323565,0.4332121955998285,0.24118787554693163,-0.34085395419045417,0.18369114069717438,0.1351258133461575,0.5637815326384259,0.7557346241597376,0.8187749444245903,0.7302141001544842,0.21211193915476695,0.6347140815040337,0.70657674561863,0.4126190323460047,0.6100277740856814,0.13502737151317173,0.3218346166126402,0.10718475955088082,0.25575047976704374,-0.050116054729837226,0.5202848142346904,0.4452354262601591,0.23571516976470583,0.22054259944137625,0.3470434984274568,-0.0325742857953276,0.32373600344319137,0.1329947960046558,0.1034860903533113,0.0007552450597437348,0.03360989424733728,0.11609080212251566,0.247017626123781,-0.025291354933848542,0.08409745395773012,0.10641655707356089,0.20559407785552966,0.04349856363839426,0.05428588391842711,0.1590452989078868,-0.01703782782245488,-0.025593774344334644,0.13067388287757892,-0.010907524025959812
