0,1,2,3,4,5,6,7,8,9,10,11,12,13,14,15,16,17,18,19,20,21,22,23,24,25,26,27,28,29,30,31,32,33,34,35,36,37,38,39,40,41,42,43,44,45,46,47,48,49,50,51,52,53,54,55,56,57,58,59,60,61,62,63,64,65,66,67,68,69,70,71,72,73,74,75,76,77,78,79,80,81,82,83,84,85,86,87,88,89,90,91,92,93,94,95,96,97,98,99
1.0000000000000004,0.5614693794452925,0.4442906335211762,0.6353567844631434,0.6510097548967552,0.34903632302156445,0.5833501545738914,0.42634667647928814,0.36591404580553333,0.5546515118796598,0.15078052362895816,0.10573676742365529,0.5642282352081621,0.398233148938386,0.31511812723596383,0.7241121081015344,0.41174832070326034,0.15418508143120996,0.2316881215747436,0.41962096197394355,0.319852288697345,0.5242033191722227,0.49971965081762687,0.27123346897804956,0.5998075337993041,0.2924838987597553,-0.11649385207438273,-0.13431894993155677,0.3895608815603723,0.37919571983521316,0.4355963147007962,0.3086775650937598,0.634446021605463,0.19933796491702305,0.5018965125084283,0.09362393965390887,0.17908084755091624,0.6660252227560044,0.7086236063580544,0.41077488616928165,0.3485448573455338,0.1428090633216155,0.35049415201389905,-0.14897571740281973,0.248520952194094,-0.026648091566167317,0.46331045170405305,0.38433877588250076,0.39357930016720905,0.27088815068287386,0.2652310853820785,0.6249846642107298,0.4727865260754194,0.5698164641425149,0.5452766781516022,0.4577137069342321,0.3850287418531699,0.2736493288313726,0.20972300601640267,-0.06186325663870248,0.3753866822431826,0.5072669065357521,0.11925110200105737,0.2859722035737193,0.28309027594758857,0.20827985707287258,0.35813359077812895,-0.05271665995100016,0.007096235306556998,0.19652648179821766,0.30962965716175284,0.16056688526390703,-0.011728502695114386,0.19489318199113007,0.14343799793047735,0.3706732389340972,0.28898278934159094,0.45514992530909154,0.1643444422135684,0.0008651703386504611,0.05012568500176917,-0.10015890990575534,-0.08602950141662113,0.27809136573870813,0.5469823731046031,0.2616488678039892,0.31032273362307594,0.20393005693384209,0.20429570739648817,0.0544243506554203,0.15521941049470767,0.14657576962838467,0.4745239092092048,0.02143231796558511,-0.14436282492604452,-0.04803888789938545,0.4124753268490908,-0.17243052751288399,0.2948637380933103,0.2078163594563687
0.5614693794452925,1.0,0.8497168098493146,0.8918100734407188,0.8329522676186996,0.6393766795533999,0.7353688056312269,0.8069087979976499,0.639458110983818,0.5837410077972413,0.3161189001362937,0.4469283381320498,0.5311756646412485,0.4787673317107618,0.2582349232145753,0.8230541510782189,0.5030161054416116,0.5093309335959424,0.31760142075424574,0.4937494335385421,0.39121894727452766,0.5962907699267351,0.48922185637900295,0.3555123053951432,0.43316687205822396,0.19659766807144213,-0.22605347624890648,-0.18641826017250496,0.46562415618458985,0.5072323708989532,0.5389422850959701,0.4001544376151861,0.348003269858816,0.36309015085002333,0.5115364907719492,0.10775084471995997,-0.03432584144089308,0.4106433192412635,0.6687700497567004,0.5654330907244569,0.24111758980812967,0.23168758054577712,0.23830576539542514,-0.23751367044762176,0.3340847378791265,-0.14670093435004133,0.4026417990360766,0.33193899208068717,0.4137464934415692,0.07453521082920822,0.3732469725517429,0.8925796913809801,0.8091366319419944,0.8528063802654589,0.8372116094131785,0.7367659492572648,0.7275603628074425,0.6320261685497301,0.4190586916639036,-0.016599224786103393,0.5549425579099005,0.5577024892700618,0.08017634291088035,0.11850281541417944,0.1454760700753451,0.20606528235981494,0.621223950896827,0.1264109475615434,0.12363978670833828,0.5369244639338443,0.4856981606033696,0.25143626796592394,0.3686717727567421,0.5453155224847951,0.26513286751373344,0.32744887219902613,0.3588068778458503,0.4023943724021717,0.2975069269869776,0.2609337791178671,0.15894621641182996,-0.13587596007331393,0.04002466223902202,0.3372291909663799,0.6519092637878569,0.2923174307061733,0.2189186128094456,0.08416910167324664,0.28546102970355103,0.2540817971287215,0.30535641457070406,0.22625963550623795,0.6399602849060295,0.11929693665611427,-0.24355369041393765,-0.10997921905986946,0.44347970390791003,-0.043529779233622924,0.3379985735220754,0.020892456164300507
0.4442906335211762,0.8497168098493146,1.0000000000000002,0.7450854228075947,0.6951502713954036,0.7364001446881709,0.7012338343517113,0.6506023436555134,0.6630309453905117,0.5592110808673533,0.4173438485693766,0.46750021089015675,0.47063387341257196,0.4292264590842468,0.2993045409367081,0.7024705637009692,0.4201908215494587,0.37889900126753456,0.2981300808850609,0.527302613056107,0.4817789552804868,0.5899045155846706,0.346234837260664,0.4330192856588207,0.4366697575957486,0.32731515757462315,-0.18061299504165956,-0.17249285507131099,0.5601598996206151,0.427914324838869,0.4395705142939528,0.28785032783713677,0.2838394710761121,0.1999313457321854,0.489717893663429,0.06515876880288106,-0.12454282060945464,0.28909243247426103,0.5313693535543415,0.5697141180512572,0.16857401700769337,0.26247368744417543,0.10168871333929735,-0.1161883668419332,0.269514735308957,-0.13012361608104522,0.31444594480217386,0.25557384608408146,0.49359283943615145,0.04538410668946643,0.27823509603310526,0.7279025522770315,0.6577614360705661,0.6652966927504278,0.7908018740349299,0.8178046469893565,0.505462573291846,0.5472572460338584,0.4072673364687791,0.12247931897501665,0.5659621249264853,0.5129944084723458,0.16664716667183707,0.2162998573821924,0.19239323409753079,0.26269520386554357,0.6159423885566577,0.18213531795469795,0.15433551109085852,0.4670401623866799,0.5886156640622489,0.3171829316269244,0.36791060196259556,0.5944594076926913,0.3978242331645437,0.4020753245305633,0.5007905827776525,0.3963088253671461,0.2438958767079375,0.14118155503644414,0.20336439475991114,-0.18432254256347821,0.06982295873779613,0.30958788115531244,0.5420182461174929,0.2251458884066812,0.12559703985673573,0.13964992745229732,0.30450753047560075,0.25180045287262126,0.18501523184945795,0.09402891684513026,0.538206012943773,0.07709379638132995,-0.2946351859788566,-0.010984920459973228,0.4042214176650278,-0.10062871734161939,0.40639457689180725,-0.0006316243526233882
0.6353567844631434,0.8918100734407188,0.7450854228075947,1.0000000000000002,0.8659290315257827,0.5522650025988455,0.7997060345438087,0.7792674245547321,0.687106768387107,0.6894017732102239,0.259489382215351,0.44544018373428884,0.6175753706070646,0.43580020239322076,0.25549915655148475,0.8549760773602361,0.5817277135236294,0.4598278534558227,0.32690254005974395,0.5184405617479474,0.49540502602684167,0.677542380036644,0.5203283564738065,0.48273277562055805,0.43584192139379396,0.21636138408136305,-0.45468064817988296,-0.13609861024717176,0.490803492797423,0.5330727391311803,0.5442249239980131,0.5303479283177231,0.5170829075872978,0.46648602012032203,0.4499265802743279,-0.039809183153611725,0.07953662898806414,0.5749303644445202,0.7944456662707988,0.6739738914810799,0.3801108792815281,0.11833779193334967,0.2712463211784915,-0.3874892266449372,0.2873608368971467,-0.3156374440041684,0.37429600681416886,0.2845304203776325,0.26826755337213076,0.1029203950607421,0.2573031580144948,0.793614874232696,0.8116741025245198,0.91235259750198,0.7700658642665991,0.664427084920429,0.7674247069708447,0.6983364708770037,0.4243133495601608,-0.05017056694553834,0.5838813350069417,0.5823647328613712,0.05177040466781415,0.0821824832952059,0.14999606376436894,0.20922322394607024,0.5597688400806434,0.14623259363884294,0.2651666101651243,0.511977243781347,0.4676882635232486,0.3114916520194775,0.2753344656124562,0.49033922629539495,0.3890009592560608,0.35981542833706054,0.3354062922223407,0.46492974299093287,0.18660605154655593,0.23672481460768355,0.27077484117848893,-0.06674325341473888,0.0012281016743398922,0.3979310430075896,0.7441751405904246,0.2781262882907254,0.2317821912911077,-0.021664993165909828,0.1234474293362649,0.36416991801780046,0.4204766610872683,0.2613171396432363,0.6364890475848555,-0.06032589060766561,-0.3401281366190228,-0.24451476591788718,0.5016648945104031,-0.2809680951886628,0.09192500227014667,-0.023089021650400325
0.6510097548967552,0.8329522676186996,0.6951502713954036,0.8659290315257827,0.9999999999999999,0.5900895514295338,0.6803757760508791,0.6992582365722589,0.6766329218419175,0.7176854572328389,0.4327240264184596,0.571255321423964,0.603755140417436,0.40079638923702604,0.2945829183561625,0.7934047668780746,0.5401063237872591,0.40963894409429413,0.2804827347668595,0.5896690840200782,0.4971675864700834,0.6565028467443673,0.4390084506983536,0.5331071122038704,0.48661904793429744,0.3869596459861443,-0.38559767457538846,-0.03832187287984505,0.5782486800511211,0.5684395496871721,0.3696543720835474,0.45909144883988373,0.46838091948886384,0.41219292568024607,0.4954399951506895,0.015006563562302068,0.275919757709622,0.49814900223641584,0.725838361769883,0.6240350620755617,0.35105652871893417,0.23163298604718136,0.23373563385830642,-0.3786349238397075,0.2034208390571482,-0.2355045010801845,0.41164991981980353,0.22334507279765312,0.33437411588513316,0.17987507796231555,0.34338201002136715,0.7762524629184334,0.8415367622587755,0.885579551990034,0.8893832512025261,0.7093963775691563,0.7511286964649586,0.6120149394009934,0.5724605937812679,0.06874662434539995,0.667942550168305,0.5938626860397929,0.17568943778169913,0.21263969261925658,0.20393962370290092,0.30779869854246267,0.6539277180635898,0.11754777083762286,0.3216022544927434,0.5180518122104496,0.5776775858408465,0.37158021454419504,0.38029747283841475,0.5912292289667354,0.460219747944832,0.4436593234485895,0.4509163665245728,0.4981877705528278,0.03877543949635826,0.22704940071396956,0.3681361016665286,0.10810485695196467,0.0011236627970265503,0.4597189609630213,0.7359506538794326,0.46179999025811475,0.4331972287080127,0.08003618686373638,0.21395532640036705,0.3931687782962269,0.5098257617021458,0.263719642824099,0.7280852789527927,-0.03117202329924256,-0.2968077546601748,-0.23580629712088996,0.5037946182939657,-0.14819984834480807,0.19104399154323234,0.139242802995849
0.34903632302156445,0.6393766795533999,0.7364001446881709,0.5522650025988455,0.5900895514295338,1.0,0.6131734390146394,0.606916783091622,0.7741062646019561,0.5487268455641727,0.4944633118949213,0.4208181549132661,0.3908056391234664,0.2615977842203768,0.4059458478303445,0.5527791273296209,0.2743250144819889,0.36983351890366384,0.22178203402947747,0.6239752901237865,0.542098176466569,0.37344547553706237,0.25634355383504986,0.25573350141230183,0.4744575772417408,0.241396919233527,-0.35532194293584185,-0.11325946244678818,0.5765094329925167,0.3509178397752726,0.45050438829745953,0.24837325231643473,0.23482221845598736,0.2304183849677332,0.26415108779043417,0.2066882320043067,0.07292444882776448,0.2742184324058887,0.4237054620601698,0.5683989168827872,0.31095879000682586,0.373498374394939,0.1425708245028088,-0.005815949210319923,0.24070133154909717,-0.18461270092407203,0.24537663492969042,0.2768472768867316,0.6744095761623145,0.23264325848796347,0.3546319439673578,0.6278270836225335,0.5940957173444286,0.49103483187919283,0.8058101015381918,0.8917027184428009,0.5261440621878334,0.6009133910585367,0.5514812639965783,0.03010255674369164,0.40613028162042564,0.4542286079594899,0.018730828754709234,0.1366668008942571,0.18100763636899236,0.410482369888719,0.6384446210073809,0.05833355191412375,0.1168120281442691,0.4410357597093402,0.5726824223859026,0.1522056121457238,0.2079317667037349,0.5442588154967757,0.27317971001981883,0.19474026093425215,0.49047746705510825,0.2825164964931576,0.24672497664918858,0.16546323676569755,0.18609569038432303,0.06346730445816218,0.12573710084725234,0.2941764100283905,0.45685435966848614,0.18306132281321888,0.36041946652730256,0.16612433824261413,0.3558080000753123,0.27703231711077464,0.19994147894948205,0.33305882989398083,0.4308356578720081,0.21484632265602788,-0.20384232167412877,0.1306566978727391,0.4157772711716536,-0.11370313174232859,0.4341960925013543,0.22279530135430956
0.5833501545738914,0.7353688056312269,0.7012338343517113,0.7997060345438087,0.6803757760508791,0.6131734390146394,1.0,0.6772451835180812,0.7264839867751324,0.655645295217003,0.21862167438207492,0.4177301102738881,0.6657354584724205,0.28250295821854954,0.2279366577838312,0.8041875328378898,0.41281606029824397,0.3822226675713834,0.21201942453857872,0.7339238553539166,0.4133084563156219,0.6349510513619702,0.4119372521492661,0.4154702689844896,0.42103030556142673,0.23348828130783658,-0.5196023713993659,-0.2221892938345411,0.5097262451382405,0.5041006093446787,0.5463800381138977,0.4874765988387183,0.534345051133501,0.39779467103934124,0.29117693206488965,0.09192329772296841,0.14847588494218136,0.5976301592212435,0.7436685507937473,0.8652584483070587,0.5810852988477879,0.18678887689900142,0.2885452009603755,-0.08145302272074198,0.2646365772059637,-0.15560626610757713,0.3898243589473193,0.3746339311162787,0.5511638411649362,0.391558597830034,0.32992721973972267,0.7535961010533248,0.6357770796137359,0.7335673768173893,0.6697850713684167,0.6987920819857713,0.6583081134602858,0.659081070200881,0.4093949152071158,0.07466133382625277,0.5608690379522431,0.6343417115133579,0.05174693653216963,0.07696304396396267,0.04392935901698222,0.2002258498454322,0.6381231116546449,0.15373800994033857,0.17178423732658782,0.3972798681565399,0.39824950993384634,0.20724682455133897,0.06105359638207469,0.4936369885713661,0.314466456045183,0.33365397872839603,0.267399349177757,0.32482559657034404,0.36863012538522605,0.1961465352441401,0.19852752265986093,-0.03137739793517172,0.1627663584029558,0.41004762828169955,0.6351624619904989,0.25367051924429335,0.2563829292840441,-0.08502717398193854,0.3640984819643509,0.34017272589324743,0.2820171648402525,0.24528830735804608,0.5033533735188537,0.17803892960279005,-0.3038206433171767,0.03831549141308371,0.6267749328813913,-0.32016199563026043,0.3850148498774529,0.25709779344752653
0.42634667647928814,0.8069087979976499,0.6506023436555134,0.7792674245547321,0.6992582365722589,0.606916783091622,0.6772451835180812,0.9999999999999998,0.7172713895324937,0.4360156899849251,0.12376869231090339,0.23670177202471346,0.3237034304136836,0.1842461855275276,0.1731731758082461,0.6280768924686053,0.2854043799397612,0.7348416157056671,0.22178898504974157,0.46264925452705885,0.41727958393509146,0.33494069889674355,0.2987565511141328,0.24097882501249435,0.2895315786746104,-0.03936921666739056,-0.46167310016349555,-0.2746663637500135,0.31269481923433934,0.27093715998577805,0.42476942153223085,0.31287712496487163,0.38218061083133986,0.5451210658671821,0.16624607333657873,0.1568323992907388,0.11896509904394506,0.2911780395973356,0.47681532469225035,0.4980956029265951,0.4003111364712237,0.20743445796169185,0.21482371127763872,-0.21688670110408673,0.31207324020510885,-0.3602876348463943,0.26023834620615577,0.16986540630822994,0.30887725931194326,0.13585876678190636,0.21043811186616365,0.7718166789711917,0.6446926771546574,0.7995377372624332,0.7288633000725456,0.5969301681387669,0.8420936697914243,0.8265340147340154,0.2669286188959999,-0.21109124774966054,0.26409611724613713,0.31908590034846834,-0.17854463259108244,-0.1231878759259368,0.0606211042650829,0.13731038584736974,0.4274795948987765,-0.034777338549200155,0.17345754297435667,0.6497442353050337,0.3741016577638437,-0.03228323683834682,0.09177458670855171,0.3669757227884921,0.1123768846087187,0.03662201802591793,0.27236355356395914,0.14741379632033016,0.28486182409038424,0.09944863763219919,0.1362877523213305,0.09468589176165634,0.21374189826339823,0.3583123283329788,0.6143491786498703,0.06642375173290346,0.27717530684004826,-0.11462228564381068,0.2097372522451508,0.2665102907057908,0.2102868095401447,0.12228662149932665,0.46121385522504216,0.1403118094031351,-0.2508062026547985,-0.04983131357962064,0.44583501992832536,-0.2355724886383998,0.15841513838479468,0.03277299629688702
0.36591404580553333,0.639458110983818,0.6630309453905117,0.687106768387107,0.6766329218419175,0.7741062646019561,0.7264839867751324,0.7172713895324937,1.0000000000000002,0.5962308150169209,0.44240397541913606,0.4620620928134512,0.41087767294490213,0.25553354130883876,0.36099319245831235,0.6069634524721856,0.40589088718630256,0.5600009988043362,0.2960569508127025,0.7826712713202727,0.7151475977178957,0.4577868858365697,0.2518562798164846,0.45668316386098423,0.27753636532220266,0.19305174991714252,-0.5769541044999349,-0.22373518115016114,0.6844914921206079,0.33300967650893376,0.41901584622774507,0.3051720065887913,0.47522256339760527,0.5775090625434502,0.21466499339214629,0.23659825258852663,0.23876123912391922,0.35634318318486397,0.5606314970475119,0.7488501753369264,0.5561734134701674,0.1669937087518168,0.10726858050321787,-0.19763372741190294,0.27810565693350503,-0.2868169739342068,0.3017110273133959,0.2432117272686731,0.5730765618635779,0.4042392829616871,0.19831364466686935,0.5900390144439026,0.6153320202675595,0.6629402596504991,0.743971520299458,0.7488497172501559,0.6322016222145019,0.7833825198752165,0.4577631010482045,0.07918661618885348,0.50467381911192,0.43004526218638617,-0.04753629752074888,0.10474952985160822,0.24897509756977265,0.4042372422329658,0.6179680919505954,0.12159725800592919,0.3730204118094998,0.6045546985556999,0.7029614294103799,0.13084522010778324,0.24654892492200692,0.5346527187365813,0.38909881592389955,0.21297042427779722,0.48471738022810884,0.29572725690891255,0.22238599056250755,0.13531520475725317,0.329612341042971,0.28621598163341816,0.16538641329057902,0.38892163087882564,0.6388512579272565,0.2633253464670667,0.4262438486706337,0.019193445006503634,0.4030385805979234,0.41274349312189307,0.3208475784845388,0.11473786135701812,0.5026598686938651,-0.010675460553751738,-0.35576753081953927,-0.02812932748585955,0.5885238890999026,-0.31748170656246655,0.2840565248676672,0.2758231118331505
0.5546515118796598,0.5837410077972413,0.5592110808673533,0.6894017732102239,0.7176854572328389,0.5487268455641727,0.655645295217003,0.4360156899849251,0.5962308150169209,1.0,0.40806100841969917,0.6580531166951805,0.7790143883019696,0.47553675192139344,0.5488782450453128,0.7666605114479053,0.6486742254612342,0.10063091407500079,0.3429039714138403,0.5096079449746451,0.5316662569341191,0.6949935127793629,0.5728360517984282,0.5991318701085048,0.5565670737358246,0.3876654647963202,-0.43507036185187786,0.18971946407610282,0.6816393502964346,0.6132575511522421,0.5173738791748005,0.47793404661741457,0.6382493754119923,0.2211966675014532,0.45150102484031923,-0.1309118482875385,0.1800435117005598,0.751517675390709,0.7933909926306772,0.6705143073682021,0.30170696975374445,0.272460892920183,0.47991908401946554,-0.1123985497263789,0.35553181730957867,-0.21300281956075476,0.37192678714009564,0.3284601877959531,0.40054732739039556,0.19502273118553676,0.1986877377647655,0.5905234730185902,0.640878364484176,0.6255515747707392,0.7001823850950021,0.6848353577903707,0.5344848488483156,0.45173360320005823,0.7364509779236114,0.21237650523299598,0.7527842838400768,0.7702405125828741,0.403855301056799,0.4278157010871769,0.4211411084336239,0.5607881871570534,0.6183039665345891,0.31371789465596867,0.32361831124899304,0.2467399022920345,0.5016341350083536,0.5770729157346995,0.37918831185758606,0.6126941859303652,0.6545669112599275,0.6376754637205946,0.583710086067379,0.6798739404899939,0.21276381564577568,0.1561564119193111,0.4177255102909003,0.08427817130456612,0.20762704316752126,0.6146801169117729,0.6523277675068501,0.5780960127741922,0.32017121136184773,0.05102931717116585,0.14674224843553388,0.38666534556328114,0.3962304579833974,0.26750905262040664,0.6630877861879066,0.09812504014514822,-0.05182111666571397,0.008535984476852852,0.6032922273312167,-0.2343424182632572,0.19714604863313773,0.17167058721404901
0.15078052362895816,0.3161189001362937,0.4173438485693766,0.259489382215351,0.4327240264184596,0.4944633118949213,0.21862167438207492,0.12376869231090339,0.44240397541913606,0.40806100841969917,0.9999999999999994,0.6348574465216565,0.2639944189707504,0.31605712413890097,0.30802431387202633,0.22842180729558956,0.2862251954866931,0.08049990788098647,0.1542996958090854,0.42975508040784893,0.4502643837230783,0.4342834786522436,0.09283879745068202,0.46740954944162494,0.28680954845029083,0.5275946362033522,-0.03599882698367976,0.12076484386312253,0.5155558453941715,0.3858945492969901,0.03369148000625454,0.006925276633238189,-0.014200914083756316,0.050411884345835295,0.3965559312133693,0.03332881316937414,0.11628488710501855,0.0012175231669618312,0.26761140711900117,0.38728348677141594,0.14326784858351632,0.06707336720502652,-0.05379048237102265,-0.15595644628419353,-0.036768229661309305,0.074198570401775,0.24193378822371103,0.03883812345993182,0.2682580392659326,0.06993557968117567,0.24935460545744295,0.274962723647993,0.41242608484251625,0.21843503583416396,0.5104242712770166,0.5131572894724608,0.16933894413216846,0.1988856131226723,0.5331410612850335,0.5138112202272097,0.4596992906729237,0.2544373322054764,0.12311305255530224,0.3035238935705241,0.2185767559998949,0.4095082719541122,0.46649148133588825,0.08197214436806755,0.08918088715839226,0.15597518629648213,0.6059145308249367,0.3550290877949671,0.4746193768269758,0.4752840562776557,0.4443020431913052,0.41722503576307496,0.39964685696672936,0.3024486733453513,-0.26523966217634537,0.0801784825014394,0.2329278470935829,0.002737293639747067,-0.1776879037413791,0.10431318716879848,0.3140769518135557,0.41610911910762094,0.2968128711579311,0.28664104068368335,0.1707768857390099,0.20831643599905775,0.3689252007910552,0.30261562801064695,0.3967691685208034,-0.17909276737724777,-0.2317218159798784,-0.1546448074369745,0.18404113300799638,0.1208017400678901,0.1992695725825252,0.07910550982688457
0.10573676742365529,0.4469283381320498,0.46750021089015675,0.44544018373428884,0.571255321423964,0.4208181549132661,0.4177301102738881,0.23670177202471346,0.4620620928134512,0.6580531166951805,0.6348574465216565,1.0,0.5305316218145644,0.4600221226340313,0.37455316631918967,0.43974494831302735,0.5120815222808017,0.06457514845007219,0.25444522398650876,0.41642546747392056,0.44576459941247815,0.5907577343296085,0.3413456571619043,0.6590225618899929,0.2784576054117183,0.5800563016680118,-0.2924206249480511,0.2726236972745241,0.6187444755557506,0.6228360902155551,0.1942828418618984,0.16231399399098953,0.10125648841279813,0.14245917121122106,0.36371625521151935,-0.20837734169727268,0.15261255508486804,0.20074866813859701,0.4345622859593022,0.5869509001276172,0.0943326445457852,0.24518725319243245,0.0005079486548111203,-0.23895144576682184,-0.03179517125197236,-0.13546362046528665,0.2511776881160246,0.11113811410120089,0.21862171212279677,-0.010843479363751685,0.2171176701507128,0.4134517400340065,0.5963565540382125,0.48968065033564123,0.5812246975968504,0.5127809868097849,0.4072116833229318,0.3093884083209864,0.7289349107451364,0.5161118658122136,0.7325081877501928,0.48152790412297247,0.3238843075709276,0.44188110736147906,0.3181547264082789,0.4994227640569454,0.5986043606124671,0.36989264063587485,0.4126365179073147,0.2562474443079893,0.5547280545718045,0.5643398583953153,0.6508253798037215,0.6774866604387911,0.7207637587149905,0.6062169719078735,0.48993002419558407,0.545657992190707,-0.14152386526112262,0.1889658482231491,0.4768227305314652,0.12995109901051333,-0.001826124191518362,0.3619896201004866,0.45145301010066874,0.5938061479932285,0.19972543805521734,0.11964810445941054,0.13422894375219044,0.5344390161692919,0.5213920089947215,0.1679138205625582,0.6054841909440333,-0.14865681707897768,-0.27476306541370166,-0.23230409989860604,0.32827917093682873,0.07909397381559732,0.17408268265484353,0.03501242358822752
0.5642282352081621,0.5311756646412485,0.47063387341257196,0.6175753706070646,0.603755140417436,0.3908056391234664,0.6657354584724205,0.3237034304136836,0.41087767294490213,0.7790143883019696,0.2639944189707504,0.5305316218145644,0.9999999999999997,0.47410876063204055,0.4274308778603715,0.6916201083049833,0.625355202638687,0.02434981162524863,0.43380581446310823,0.4406318591322265,0.3400501957974037,0.7106664861256987,0.5564218095816756,0.5064861488255252,0.3882340413860402,0.3440762638096484,-0.40448985264337406,0.22438055370009377,0.5673610818728042,0.7294146094844427,0.5037767775230508,0.4527343863231267,0.5549756934452793,0.2160926867414043,0.3103222954733383,-0.24200402137441138,0.17688866637699882,0.6670460550307794,0.7553439262694642,0.6178594488777372,0.2972449336114853,0.2699832192713242,0.3983647799483002,-0.1514374480274228,0.15699848180565246,-0.16579181722203173,0.3967011467951479,0.32775221459128373,0.2831623204486805,0.16194369669692238,0.34563305231037644,0.6291120489100164,0.5519807767112741,0.5855839731071774,0.5669088416029112,0.5735126369282165,0.4935634166301317,0.4161452163176213,0.6027514992363363,0.12252084834336813,0.6685236830480269,0.876033224254806,0.4969528368025412,0.4735937738791497,0.3197475934711268,0.4300739764192416,0.4403442208671252,0.43436335411796856,0.3434804966545351,0.16995931278931317,0.3657120450115223,0.5629945571330826,0.28998470632838985,0.4374627700136341,0.45965590692933594,0.5562289057973243,0.4463466607872879,0.6737304704964735,0.15774080350131722,0.2318750379566135,0.4444403835868439,0.004901813715671164,0.08420634489270738,0.43651497930413796,0.4704652837220719,0.48086051112149497,0.2633961352199178,0.041818704858729974,-0.021377518603814673,0.3009316195143463,0.4486502438794456,0.22703878292928262,0.6236320719912526,0.03463748995334951,-0.10139509883439828,-0.05557157053687033,0.49073867082388783,-0.282001077184756,0.20562266526619333,0.14096476232663527
0.398233148938386,0.4787673317107618,0.4292264590842468,0.43580020239322076,0.40079638923702604,0.2615977842203768,0.28250295821854954,0.1842461855275276,0.25553354130883876,0.47553675192139344,0.31605712413890097,0.4600221226340313,0.47410876063204055,1.0,0.6730336757659434,0.4858506163771486,0.688385287515445,0.04976406143596874,0.5637166166060731,0.1973362007604631,0.5574611450006101,0.6043069255136883,0.6466663998846275,0.3852250263347045,0.5353995100871313,0.314121478526959,0.06468215355907136,0.09513702960082598,0.5888812411487995,0.6068415172204153,0.3937674889179938,0.028082500683264653,0.19051549842220886,0.16728653763554713,0.5009412658594211,-0.17314362564799263,-0.19100964020689437,0.32786931998732183,0.46617305948674126,0.2604435052540455,-0.04886548666097341,0.09770876036580295,0.02854504927946962,-0.21401248038139153,0.16768387185023287,0.07623513132371951,0.43894780611221706,0.3768329558109881,0.22563653080203455,-0.06966081611649255,0.11369428275296736,0.496885354116535,0.4017235136249919,0.4045602514769198,0.44339300272767657,0.4124006913754457,0.22797196501179345,0.12962962248726564,0.4121650793253129,0.26750296577085875,0.5755329491194215,0.4223794295842648,0.2797047970506351,0.6836861581617072,0.560750501417128,0.5331284850917484,0.28937143742608096,0.33224523757242885,0.14042344938741866,0.14356680977504196,0.5163936022568254,0.32208806946893975,0.5715917381878944,0.3118975386146206,0.38657281648513053,0.5790352460456204,0.477945171769213,0.7468013715495398,0.09955626203556849,0.10469519103388202,0.20294888209990908,-0.17972183678851142,-0.16543341999001082,0.1733026415545039,0.3466229786522694,0.3909724342029701,0.0966334485096096,0.3863651715330647,0.08346128285272296,0.13419850193042554,0.18687375445706125,0.06376719767020707,0.5221978009957852,-0.15289093385343674,-0.3089523622857163,-0.12726334414064075,0.25733944289592003,0.1540735078143215,0.2695281237590868,-0.041943855686720995
0.31511812723596383,0.2582349232145753,0.2993045409367081,0.25549915655148475,0.2945829183561625,0.4059458478303445,0.2279366577838312,0.1731731758082461,0.36099319245831235,0.5488782450453128,0.30802431387202633,0.37455316631918967,0.4274308778603715,0.6730336757659434,0.9999999999999999,0.3358322728795008,0.37008534133441423,0.0334304397301592,0.3216957196392427,0.30364475000306923,0.620804016214854,0.31642101029187886,0.4602486919268414,0.26922236834069097,0.5017821760297742,0.3093282864097469,-0.06334984984427089,0.286672534362205,0.7274991563415535,0.5358219382767053,0.3906280773136112,0.0927852578975865,0.28401623403603726,0.05681359719871438,0.26198591942331706,-0.010735041604644596,0.03843187098714985,0.39695286677280495,0.33673662053610365,0.22130433889122056,-0.0031122669305661795,0.22125816713212015,0.08227501970445326,0.0873821770378309,0.15411707937785238,0.05217403473214328,0.22448794162578206,0.32069047651021654,0.38903993684668375,0.11771267645356938,0.059317628832510995,0.32312556301432216,0.2838977176896729,0.22957525320854152,0.4501004343482482,0.48608032512567667,0.19050132520343088,0.21418997362146253,0.4885766592843244,0.13370039245219206,0.5082573652877518,0.4558471547951357,0.3214516157011052,0.5686511028153027,0.6740240597778403,0.8747577309249525,0.2589849182516822,0.23262022989442074,0.10132782311974532,0.12747637255395117,0.5519702604392377,0.3299044378825061,0.35003908865639244,0.27777151175328213,0.33847139330321574,0.47711186402973077,0.7257087382239963,0.6725683204398228,0.25857096344443786,0.18992468889114764,0.2180402752818079,0.06920109309823562,0.05868173101532837,0.2991518257710563,0.28869387378558414,0.38900524985827534,0.3215226821708003,0.3002073268123604,0.176057402441123,0.1464524985971234,0.15802384689503846,0.10572177208796729,0.42712466559864287,-0.00916194391156655,-0.1446498530506131,0.17153409753887236,0.32405341237998436,0.029015779883960428,0.33761020455265417,0.17645387973394447
0.7241121081015344,0.8230541510782189,0.7024705637009692,0.8549760773602361,0.7934047668780746,0.5527791273296209,0.8041875328378898,0.6280768924686053,0.6069634524721856,0.7666605114479053,0.22842180729558956,0.43974494831302735,0.6916201083049833,0.4858506163771486,0.3358322728795008,1.0,0.6742624128707513,0.23693125759788625,0.36803560429464605,0.49453729655026846,0.4314357511531517,0.6930999387435041,0.5829941445591703,0.45553370966032297,0.5019524281606025,0.25771298385866026,-0.3353291335686135,-0.12608417825982907,0.5250595230976339,0.5177633963438845,0.6050984326540723,0.43275236310423837,0.6516200321052761,0.27167455723139927,0.5237979069904761,-0.06269959478746252,0.027093605798593805,0.7061950763230492,0.8734607177217798,0.7043213418715923,0.30882563305804783,0.1466070900477123,0.3442579677516723,-0.20558526545833464,0.2542578244209167,-0.19542407396688252,0.3929313288699271,0.35822715213836775,0.451967174900036,0.15353345443778296,0.27541575836197957,0.7918521989175981,0.7318750820271392,0.7843164169550056,0.7477281539372466,0.6880275153423467,0.60855682959969,0.4878814976610151,0.45939041135913455,0.1212189185530887,0.5989945666153013,0.6482591788312905,0.1779650471566996,0.32003468181491057,0.3080266035635137,0.32065355302049287,0.6562596157275776,0.2163142585609382,0.17564859544104372,0.34089088664879685,0.45639406790248177,0.3585566278538991,0.25201380741556284,0.5213290363754739,0.4037757225399025,0.4579164826138518,0.3685236744108417,0.472702459655349,0.31861744703690664,0.10177208311569605,0.18656462415599706,-0.13570521908601402,-0.022869703194205247,0.33940540303325273,0.6385881748511952,0.3739592607986307,0.20492715021181582,0.06492422984518606,0.21534684588899072,0.3030243146085418,0.23865438608023729,0.1772068610146294,0.6683960146038375,0.08123356013063754,-0.19521246009638293,-0.11572215205228567,0.45243113366684523,-0.23856430825163027,0.32818470105936143,0.11454646917530599
0.41174832070326034,0.5030161054416116,0.4201908215494587,0.5817277135236294,0.5401063237872591,0.2743250144819889,0.41281606029824397,0.2854043799397612,0.40589088718630256,0.6486742254612342,0.2862251954866931,0.5120815222808017,0.625355202638687,0.688385287515445,0.37008534133441423,0.6742624128707513,1.0000000000000002,0.13640852289011013,0.7650457566829717,0.22997684868050158,0.5731556832459987,0.6792398707498188,0.5443578499400435,0.5555649025254831,0.3708140269033961,0.22653388028818414,-0.21571213925442986,0.08141981064244279,0.5523824540846282,0.5173899958789798,0.40440455543248766,0.16533369058132794,0.45672569882911623,0.42003149549728763,0.47110720969929154,-0.28347966096313926,-0.05137585078436853,0.46437738915762916,0.6131920933613528,0.42718603318411247,0.16262556342308776,0.007620949661632796,0.19274780357201993,-0.3684193658930965,0.11061888410532665,-0.2046656572142427,0.3395931645273215,0.22397139457194173,0.11032919782745941,-0.04603762261370563,-0.013683762483280371,0.47291669727326674,0.4742526504685104,0.5336983719071529,0.4738560815675296,0.42921976863511085,0.3488621669288039,0.2591462549811356,0.44848319823171473,0.25885980614789766,0.518631058382043,0.4831288516896648,0.3354213513703263,0.6023730872393638,0.5090437249224644,0.36704631526597375,0.3375799986826661,0.4990468698766588,0.42235615106736735,0.2836802919090126,0.5088454278332565,0.4142127015167705,0.4851945672225758,0.3348755082981216,0.5296163135470531,0.44846444116091877,0.408406503623286,0.5748806248080494,0.010033764664861356,-0.04755720307542696,0.42970994176817384,-0.033851409154973554,-0.15458258812199857,0.21009999950078315,0.36484663736418993,0.35933758506907976,0.1083531512084938,0.12071298396452367,-0.09914446317780429,0.24642280857411727,0.2176768703530496,0.06288463649972069,0.5209947520884798,-0.17688817502982965,-0.20655182423861707,-0.31431240742412914,0.24310259232945705,-0.18782923650303016,0.036351901358432526,-0.02623347996428318
0.15418508143120996,0.5093309335959424,0.37889900126753456,0.4598278534558227,0.40963894409429413,0.36983351890366384,0.3822226675713834,0.7348416157056671,0.5600009988043362,0.10063091407500079,0.08049990788098647,0.06457514845007219,0.02434981162524863,0.04976406143596874,0.0334304397301592,0.23693125759788625,0.13640852289011013,1.0,0.2163654217896056,0.48276650448875263,0.40948347983509903,0.03251895555840929,0.08655467279823242,0.043798148846369664,0.11876531948646418,-0.09137049321563906,-0.2853565732699842,-0.260336732323868,0.2575099290343761,-0.008242734150648868,0.14551428587789894,0.03189675680690724,0.1530271066883946,0.779112017455187,0.011168357925087857,0.47946229791224376,0.16143635121021013,-0.017746203071552894,0.11108751827286122,0.23048823993969186,0.4865560313675562,0.12820409205061176,0.015935432331647358,-0.1789630408762745,0.24906306104056453,-0.18871951389488031,0.19355763651283603,0.15900861924389065,0.18390548499031795,0.31784579540131425,0.0017555879130751744,0.44253337788803837,0.30062841350243724,0.5002688107610999,0.40175131066463543,0.30713975421300627,0.5829024852151053,0.6796793648706125,0.004335332056172812,-0.22784883821683444,0.06995091081088074,0.03523762911246417,-0.27833213145928803,-0.22404897311396355,-0.009542626615845557,-0.018160578865261883,0.1331066967670495,-0.021930146106415048,0.2692082139475566,0.8397745209020109,0.3681731937678158,-0.19490048808537058,0.04530376885736065,0.08752396080342871,-0.03426403732178202,-0.15861218082580197,0.2486505282514807,-0.02318840352987162,0.15715451805639505,0.010241884426150665,0.17210873277205288,0.3322467683165948,0.16198327051868933,0.23035623911096162,0.390868144733729,-0.018160433451240562,0.34692689624656287,-0.05761682853925637,0.37355844477786826,0.16886055252508056,-0.04364296488161703,-0.01672866921405975,0.13543306699660781,0.08962179504167388,-0.21118230578549513,-0.0060419239851896645,0.38412938346921993,-0.16706719339629997,0.08537172817948205,0.18942025244478752
0.2316881215747436,0.31760142075424574,0.2981300808850609,0.32690254005974395,0.2804827347668595,0.22178203402947747,0.21201942453857872,0.22178898504974157,0.2960569508127025,0.3429039714138403,0.1542996958090854,0.25444522398650876,0.43380581446310823,0.5637166166060731,0.3216957196392427,0.36803560429464605,0.7650457566829717,0.2163654217896056,0.9999999999999999,0.11220051733144215,0.49589887620646056,0.4573046090303994,0.2804789446794279,0.3377074340542457,0.24969146617606125,0.0848200771347154,-0.09845743419484414,0.06641866562915513,0.4209074184377672,0.2791488556690635,0.17798985963329284,0.033397839168924026,0.26528184292882157,0.4623339076141695,0.19881965822412254,-0.22786536807889518,0.02035023102795508,0.24289997566510355,0.30982889206486824,0.19790534147022856,0.042548886474947006,0.09365867578899705,0.009336174978925223,-0.3003848211063515,0.017206779677640303,-0.162365820829487,0.27383129947705587,0.03806907009760709,-0.001794137780844224,-0.11814763431593518,0.04380933638504293,0.32843345472518354,0.27294604540099154,0.30426275005210546,0.30027089712748783,0.3338487580378784,0.23247267543112615,0.2560302931905429,0.3027420484493446,0.15787605408569622,0.2765769873394622,0.38214752643230976,0.29913446291664914,0.5122630512705714,0.47035674691823004,0.2920728315948795,0.13424504719774022,0.5205360095495405,0.47620506000362545,0.40931820504625743,0.46872924453764186,0.2538461650147424,0.36105367144567146,0.28248691535226866,0.37082211222650857,0.31879355664592685,0.41209071354894433,0.3378824908809605,-0.046154785919183074,0.0271258756188119,0.4672915198909215,0.1308928377247236,-0.020546487118318548,0.2295402919403108,0.2689688372537491,0.23411419282008794,0.2274593123006433,0.19199443356663792,-0.0763873637799335,0.11443140903314744,0.10916811415768247,0.044181007818580025,0.3187593524439113,-0.1251914519509446,-0.11378215023085558,-0.1974440059787485,0.1796104376179528,-0.16637887222255904,-0.048256895484298214,-0.07868280143818066
0.41962096197394355,0.4937494335385421,0.527302613056107,0.5184405617479474,0.5896690840200782,0.6239752901237865,0.7339238553539166,0.46264925452705885,0.7826712713202727,0.5096079449746451,0.42975508040784893,0.41642546747392056,0.4406318591322265,0.1973362007604631,0.30364475000306923,0.49453729655026846,0.22997684868050158,0.48276650448875263,0.11220051733144215,0.9999999999999997,0.597752657089786,0.4512901713794705,0.2775735235943204,0.37431520561474646,0.2815782475478737,0.30307567448388256,-0.42579829134895497,-0.13261098039768549,0.681532507216903,0.3658677550309184,0.3373226199377615,0.29394026922570643,0.3954293862491683,0.5046793222656666,0.26688494651522815,0.3826314894937246,0.3486759990872799,0.3535242074130983,0.539168783730191,0.7366307839814664,0.6484230149647577,0.19366258431651856,0.0802549398828321,-0.0846069647401203,0.2832167629704292,0.023739312453596412,0.3714344765879302,0.38699219570064824,0.6367697885607039,0.6369453384842968,0.2876260566643064,0.5232198793254584,0.5117935745806375,0.5076248863156881,0.609694621127558,0.6484412720940825,0.48182997803573135,0.5438870773655387,0.40926722748183303,0.0531568064405962,0.5195749504664497,0.5055376893336092,0.024466860042504125,0.12790761882803217,0.14775670416258727,0.34330294212051377,0.6462735109605905,0.10150973060659128,0.2845864670491818,0.5194954707567918,0.6652284362089225,0.13118730470866313,0.1830621461641385,0.49401919027184554,0.3238623111225961,0.23341388333809063,0.43936187776955193,0.3063402736007414,0.21406311612102896,0.23136246598720583,0.32799285824555424,0.2880723545251327,0.11034659523468189,0.37858352888269675,0.5748738536648651,0.33273609773007573,0.49848589282701006,0.14833579298218016,0.6459095469346262,0.36133588558848023,0.32897060796605665,0.20171981083662976,0.46055970590939216,0.07348754332288727,-0.33511683396340736,0.07182218539249989,0.6624529437022271,-0.16952922659793335,0.48442960069463886,0.5339919770421429
