0,1,2,3,4,5,6,7,8,9,10,11,12,13,14,15,16,17,18,19,20,21,22,23,24,25,26,27,28,29,30,31,32,33,34,35,36,37,38,39,40,41,42,43,44,45,46,47,48,49,50,51,52,53,54,55,56,57,58,59,60,61,62,63,64,65,66,67,68,69,70,71,72,73,74,75,76,77,78,79,80,81,82,83,84,85,86,87,88,89,90,91,92,93,94,95,96,97,98,99
1.0000000000000002,0.2819748730098393,0.3182277424049031,0.3525862844445853,0.3741281888815698,0.2106229947099784,0.37625163273793827,0.2049810815256423,0.06599802853815419,0.12448425797287353,-0.1634656654708675,-0.07316679622119195,-0.018532397391843623,0.10194964122449966,-0.07932054549376977,0.5910861555991801,-0.17408650918574187,0.20300935990022279,0.05968221306449353,0.40632292791531904,-0.014894913885308851,-0.060431854049841006,0.09248803024698148,-0.07360712950348287,-0.005922962167819898,-0.14390510856911362,-0.12686880306084397,-0.18900730203546737,-0.15581833954450727,0.009670041833916716,-0.04425318023294366,0.10854365326312114,0.5022190995806606,-0.01909037828978888,0.018756430898885634,0.23925002918859725,0.20424106566312059,0.32345050160202493,0.27146967630665364,0.4914059774300055,-0.009010612306092706,0.017280771336009436,-0.07050843270544012,6.080007737070352e-05,0.01875555459145767,-0.0007096648856922481,-0.12092396053711495,-0.10951990035101007,0.4973488185430241,0.2750309770851272,0.4486620316117503,0.32894814138905976,0.2733007433495136,0.22610602904578125,0.37143282936541616,0.17590754530614985,0.20554855738186123,0.023838735218313582,-0.1133088871350975,-0.18848125080380207,-0.30707173021184386,-0.13233287474125283,-0.0055487442859254886,-0.024651321188906637,0.09216618861847078,-0.07576985147187924,0.2155134853186936,-0.1402946137481931,-0.001015524789932541,0.1698237335477952,-0.07375226249614536,-0.12516295470023087,-0.05083333517644067,0.15522750695163104,-0.08055665590450102,-0.34563291136519636,-0.2688524898793042,0.0743923259243064,-0.06795064835128152,0.11734622279245323,-0.038832896671946726,0.004660372323246138,0.06906637018017947,-0.0829763025301531,-0.08982812842281389,0.02497978203731698,0.28772823559268534,-0.26594418734515607,0.27871817063060755,-0.11305537026817415,0.18469520110863757,-0.14489640111225052,0.19046063422062282,-0.2443857789810312,-0.3050885903041393,0.3323400240478567,-0.09337758146902492,-0.015809632455082743,0.3529217241513673,0.284293564774964
0.2819748730098393,0.9999999999999997,0.8761307848728139,0.7518079062166017,0.8925465862895836,0.7779716646726617,0.5375176869397311,0.7402045812151045,0.668136411138716,0.3583311752219886,0.29074837405724346,0.5276910029042473,0.22045389793329584,0.165398942165037,0.39385015701482157,0.7141960086827375,0.2436867599691085,0.562628633809441,0.2852523526008648,0.4346130367689174,0.45599877908959113,0.005421564157069122,0.295021512293995,0.5120499227750073,0.013814716575809727,0.2329679802153985,-0.1436184750139543,0.392540322316987,0.28108391324691784,0.3178941274101174,-0.024720758524072625,-0.0011963849126706671,0.08654003831052462,0.4374193855345247,-0.049737416183126076,0.4733639131453272,0.4556911834008609,0.13965947454545025,0.11739355366682744,0.20828664622805862,0.042565415041732925,0.25593316370311864,-0.06364217080846693,-0.1486854056866887,0.008672577617397358,0.08563838743986166,-0.1645260653174465,-0.42360948914767727,0.41561002175813905,0.0731433014544858,0.43222959538867106,0.8336849218423125,0.7547793039407247,0.844539669496018,0.7627925778572808,0.6471016649297506,0.6213053087350818,0.624218663635596,0.45784169782656337,0.19347572531192764,0.5161099835308228,0.07686824822187666,0.4207246873549859,0.11348656457999322,0.4915988015521278,0.28040208455627724,0.18402702713365895,0.2739379582925428,0.630982395969161,0.6542596716771689,0.4537812998186043,0.2252946121962563,0.15261222756646528,0.21047855227330842,0.6486205873371252,0.2293465364876312,0.3349339865801399,0.6050453674022839,0.09625656165573702,0.05447824209813184,0.4744959941763779,0.00956982450430662,0.26624675158552125,0.3192057924374132,0.22556261339262484,0.19253786093901362,0.26414740829859595,-0.11000142434938365,0.3715045526554311,-0.24877900890176302,0.21012501464929778,0.060984830140428166,0.3258988794378,-0.08834439182899625,-0.08755922348300971,-0.05824891651841682,0.012633788669133669,-0.22142372082983333,0.31094791303380176,-0.05978040123312901
0.3182277424049031,0.8761307848728139,1.0,0.538580053739955,0.781212833464812,0.8973485562867421,0.5953943205096376,0.8402660792701647,0.837625900272168,0.49955049246164296,0.36335320663060106,0.576777734197315,0.3445669398367588,0.3746953666136604,0.4553571683553956,0.7055673204621772,0.3141291230802032,0.5519433448934833,0.4768192781868713,0.32912266708678084,0.47192222231970066,-0.03292616789485687,0.1943446091074225,0.4230848231434051,0.11657025701071166,0.26500859426236717,-0.26479782274004915,0.23426081257173964,0.23935418717091703,0.23254789187961394,-0.07092607496859384,0.05837115945017515,0.12505214976877208,0.45348722562516225,-0.08211589751551417,0.3849411106729139,0.33905476182643546,0.3047241838033984,0.2739177063490757,0.32775344522497596,0.06522053499997721,0.18096043772602172,-0.05079612495061341,-0.17179962928820328,-0.01951536435591812,-0.0700600762312577,-0.2665304915803258,-0.484156970669481,0.4021306695666802,0.1018715185349427,0.497236577736173,0.875819276475784,0.7502652817023746,0.6625968895703872,0.8704904645993664,0.8125097339547679,0.731584942649873,0.7925938848278227,0.5498427683868158,0.32434029580480855,0.5223264257506428,0.20542195913968372,0.5055260798307353,0.3236499567719799,0.5811122426792654,0.3602754818886414,0.17632356933504387,0.4156280003112158,0.6999309943401358,0.6918345911369156,0.3839404655893616,0.1647242185591478,0.06481790589829844,0.18529797379084412,0.5321718235778115,0.2328011194414788,0.33386939894963735,0.4576516256752128,0.054972893751274565,0.12303138231996125,0.3921318992022643,0.09941227864486389,0.24345076943986377,0.32139470017898863,0.07594031969946173,0.009507934661981663,0.22660099504134906,-0.23477961352882487,0.3928868921833237,-0.1887119253502403,0.32794810254653095,0.2316784227127516,0.42664471782527785,-0.10166833535753353,-0.16703728412033783,-0.0015105911055417396,-0.15762491396935147,-0.338222227191546,0.3587642318690461,0.019378476873600666
0.3525862844445853,0.7518079062166017,0.538580053739955,0.9999999999999999,0.7744147649724238,0.48165057338025585,0.3586015621465395,0.4806653379979647,0.3802327051965784,0.09339384343655094,-0.022645689851301568,0.22619243350738838,0.2164893909682616,0.15048587900386468,0.2865082001047786,0.7047072717194385,0.30459655105783334,0.5479915438730376,0.2077429299431078,0.43093622845971385,0.36416964623428744,0.26420940732844833,0.3525509052933682,0.4876831463570987,-0.17101508513725155,0.15262036007111165,0.10728757790327426,0.38427924006028313,0.3771783015230776,0.36915419804894156,0.15046813411116103,-0.2129746491548546,0.2094024021430916,0.4272007361748004,0.1664589704517588,0.41504849119638615,0.3647366219167944,-0.2055217789455876,-0.15803720317715556,0.1454971349224192,-0.0658306859087063,0.28251752574110756,0.09152103239213462,0.05166234118381725,0.24867411732591485,0.1824102266288307,-0.037334805295583924,-0.30566960137396576,0.23856391016574383,0.10254185343735617,0.2914024880510613,0.6009482843676393,0.6572371201793846,0.8964067557066898,0.5401656034915442,0.32247939165314343,0.43189719892250067,0.3469587403316268,0.19640696356853643,-0.08097127932052083,0.20658243627411516,0.09089360483916954,0.42622436785038664,0.006497256468073477,0.4141433043230196,0.20169497413309626,0.10054183989543185,0.25958465686969134,0.4351216707347944,0.4674409771495525,0.4549781414309114,0.39518897293539257,0.2685420792024711,0.2633633429144652,0.5474835629933746,0.1019361402650578,0.3700786931394504,0.5623078178211952,0.2866465011735399,0.06939555653891866,0.44276163228963455,-0.08988749468169054,0.27198678252667663,0.22071245713175205,0.337943431553078,0.2407974254812304,0.3190767628433406,-0.12050250787122568,0.2465661344533322,-0.32243118119822023,-0.10065349193843849,-0.12808057519973373,0.047845948182290134,-0.16353616805767326,0.11293849199911524,-0.058904160274008036,0.07274273896668697,-0.11512364090192978,0.10906793093194281,0.014455562650712716
0.3741281888815698,0.8925465862895836,0.781212833464812,0.7744147649724238,0.9999999999999998,0.7867791864287833,0.37683569157045954,0.6774564148416887,0.6271534879628876,0.3075060837829518,0.1886302553935226,0.3912648984826064,0.28502657657575187,0.2062892745242471,0.4275225139413148,0.6806171103981132,0.15321462179280682,0.5274859205895732,0.22736971868357622,0.42350324333139405,0.47303394028926626,0.0266514681014665,0.29040546010250956,0.515583907362489,0.009104453479122514,0.17531645161652545,0.0030459051997172,0.45950254680299624,0.3243852812541698,0.46550442357294536,0.10499087481870366,-0.06703919627468699,0.12268922148560923,0.3888810077892042,0.02753906950395101,0.4394464370383106,0.4559976527722812,0.12426617876354781,0.10867391989206783,0.18677965074800681,0.024832051343393474,0.3498753793636915,-0.045325554900439366,0.0426402642451332,0.13911243846317523,0.1758636039355133,-0.06389903190932297,-0.3730744687569503,0.46223236786692395,0.15824075477132757,0.4211647131077161,0.8029898077283626,0.6393571663325097,0.8616752371365967,0.82023869083842,0.6269023325263204,0.5289207227091127,0.5847765774164507,0.41034722809682805,0.09951586403005923,0.41474558088468344,0.1928918959030515,0.48141926901533494,0.07724241896691232,0.4729453166649906,0.33332924870963443,-0.00271390676760391,0.2542342860943577,0.474676417876439,0.5346773791766204,0.43203514365216783,0.15051257480080335,0.08387501374270799,0.11314241377634977,0.5879136692454378,0.19489748169626483,0.3351137022621096,0.6093660794640529,0.18060731078329,0.09801176840431539,0.3708518811138388,-0.11752436939899671,0.21007105066998719,0.17188240304397076,0.24179778510758254,0.10699140201857325,0.3018951464038528,-0.1457154621590713,0.24982670527054918,-0.38867870930642084,0.07413358924755811,-0.02273791059450661,0.1141173976462451,-0.0864213232010279,-0.1553725173850169,0.04876418668351731,-0.04914528375981252,-0.2596106019824693,0.2730279569385179,-0.01800261009034254
0.2106229947099784,0.7779716646726617,0.8973485562867421,0.48165057338025585,0.7867791864287833,0.9999999999999998,0.5192854983384363,0.8403977258273905,0.8877744206017124,0.5622148406002635,0.41225016387842794,0.5608251866038445,0.37084522032903827,0.38692966182589944,0.5177411749936995,0.5885644053378497,0.27012455793186774,0.5112007995082934,0.4670788158477358,0.2745658534823969,0.4953900096892893,-0.047028042994128175,0.1836475117623898,0.4481472418061222,0.21715602160022063,0.29910754257681677,-0.1827724725430814,0.30488435303919154,0.33723196170481845,0.30337769726072444,0.04215043847878005,0.11353078193339633,0.09245150587481353,0.4514834371276538,-0.06794453510315132,0.32737804866855524,0.32484482326776676,0.250101372084916,0.19297663062282794,0.24408243059760887,0.03399685485525094,0.27654133886776383,-0.07419573761844286,-0.06029981363104142,0.036410539742272305,-0.0561025729248917,-0.22982112612415628,-0.45112698731883155,0.39707423690458515,0.04753071879790236,0.5002329255663895,0.8476089252551363,0.6214142683815391,0.6512511075511448,0.9129237639795027,0.9169005232421046,0.719995478306082,0.8365456030493236,0.6090938850740195,0.3489797777470612,0.5178568005446078,0.297886139294962,0.5345384902842361,0.33215072514207067,0.5865765692252817,0.4313009001513324,0.10936818775739258,0.43018520387367004,0.6400034096544542,0.643468135037504,0.41421924775882824,0.12385699377156485,0.08293474768968387,0.1096364869591192,0.5194893701607831,0.3636624565672579,0.4570578079363276,0.42792904431298945,0.13696050452184952,0.1795564070390781,0.34196126377064784,0.008843999076664553,0.21923920054734405,0.23208017358278216,0.08120191842616524,-0.09867410819730621,0.2323871218737793,-0.21230422910928992,0.29717059000958734,-0.2737710293040249,0.217267341399458,0.2794509683348174,0.30416397184099825,0.024362078402813934,-0.1520821579275509,-0.03569450111934666,-0.2157397036403695,-0.33414449936802537,0.4133784604545459,-0.029624468701625203
0.37625163273793827,0.5375176869397311,0.5953943205096376,0.3586015621465395,0.37683569157045954,0.5192854983384363,0.9999999999999999,0.6701985874720792,0.5288098529316602,0.5499466900515922,0.37376365227549924,0.48789396121564993,0.06517567230435924,0.22272656803116062,0.1915252562748619,0.646801990167246,0.19780745010121156,0.2898554764349034,0.44373751098345143,0.1844652238826526,0.2629025693891591,-0.04342329254155435,0.08694743399691374,0.2823161166712961,0.14790893001484703,0.11564231739450145,-0.28143411770033055,-0.13295802702126625,0.021896735525684656,-0.05735074423795795,-0.052419310155837395,0.1279844167087326,0.14762514653216233,0.20351928005851797,-0.14601660978228667,0.12090639536413852,0.07115856668402289,0.17550633848839442,0.2506549527661886,0.5423446069812748,-0.02993435735474647,0.02353201030847552,-0.1497502117543174,-0.24660114621956067,-0.12511098958183448,-0.1667074370853092,-0.3249181838217643,-0.4133054159981435,0.17648609214981992,-0.14906771286570586,0.5063883881060086,0.6317203298051882,0.670580169332369,0.417532205983342,0.5098961353863207,0.5565525787059513,0.74914286582528,0.5217270132001208,0.36161113946108975,0.31975318964569144,0.2227780824404315,-0.04957067797241224,0.1627361398992947,0.24617298995053583,0.4309609930063457,0.1471102866027631,0.49534280869007974,0.22280965045926726,0.4339563008573708,0.4117334153168372,0.19725641548036613,0.05755006459300139,0.06382970347384402,0.220583521850742,0.3560010607420766,0.2231135586231965,0.1222453675604369,0.1427595175879823,0.02288451529968884,0.0724288792646992,0.200330105273914,-0.10842207975872795,0.05528266260068903,0.1110231845213541,-0.02941779232166347,-0.10593468883649157,0.009341300325023338,-0.38909597504535787,0.15536242207273873,-0.19951054253856,0.20056847812045767,0.23807133221852692,0.4719050935076293,-0.05193536469535849,-0.10169985606924087,-0.1810978946790136,-0.17789914839587087,-0.22251399000130226,0.31197816467081463,-0.19042228219580515
0.2049810815256423,0.7402045812151045,0.8402660792701647,0.4806653379979647,0.6774564148416887,0.8403977258273905,0.6701985874720792,0.9999999999999997,0.9032982621636618,0.538542535877907,0.288543563641608,0.4616820536957486,0.24598328307866743,0.3689477334734642,0.3798575245134173,0.6471804385046775,0.2934646591019825,0.4352792348395371,0.46790597655892313,0.1779251257428399,0.47294484384126273,-0.07546070855629211,0.0721662496808668,0.457122419539994,0.08492676769985473,0.21452511234175226,-0.20517306307934915,0.07389478554297625,0.33162222430214483,0.14486345955974855,0.09802201648851988,-0.03091700933640296,0.006584382850836562,0.3435504919324112,-0.13844401078871582,0.170434678591353,0.14655789597572635,0.24476495102537443,0.18647384525206404,0.24568081482433946,-0.09472441179917811,0.09043411473189616,-0.14763512132447104,-0.06784894649341144,0.10590380010106676,-0.18083557335946426,-0.32987012863511433,-0.5811566752915915,0.20054356114514837,-0.09146861958715002,0.5157848282315276,0.8262123695081836,0.7035928352209739,0.5845915322745645,0.8007771728789413,0.8305889667505533,0.9134035980530376,0.9280436769907442,0.5500797100170126,0.3264657651384646,0.5198546393248786,0.24445014046140942,0.5143253564086416,0.35672128131092157,0.5323590404105505,0.3534046693567177,0.22411363618649024,0.4295668069792852,0.6133651393358001,0.6587941622037139,0.3646775476666165,0.06932868041348865,0.03204847066310508,0.1036018268799252,0.5091318379932988,0.28484208981611164,0.45458164161007714,0.25536864011994737,0.204473806227191,0.053768503923854065,0.35725655416724983,-0.030255370554891723,0.19943517360713314,0.20217714013855523,0.12009890900082802,-0.16901042996199064,0.14656460778359773,-0.36223702955414366,0.21102617385423916,-0.32141355662040566,0.12408406685412146,0.3626929749710395,0.3436267236036592,-0.12256050772774363,-0.13905404358034232,0.017746796588933,-0.257952777127062,-0.3291442048655361,0.2526833936368139,-0.16299067751033938
0.06599802853815419,0.668136411138716,0.837625900272168,0.3802327051965784,0.6271534879628876,0.8877744206017124,0.5288098529316602,0.9032982621636618,0.9999999999999997,0.5873247880560201,0.3860424200181476,0.48637319709478616,0.3062895804121777,0.4766369781885328,0.4904771231029745,0.5139433031666107,0.31692478036772187,0.44935078349350493,0.5022237562905301,0.12930821258694175,0.487434777505907,-0.11055603113393117,0.04271495690682763,0.3638494936903893,0.16591346974208496,0.19186781188313873,-0.17489384828459578,0.15250686305680905,0.29604655682176856,0.19603575853782582,0.0011724721759101984,0.07141297064991194,0.08805334491220411,0.384326081657753,-0.16675020395004672,0.26389735074119347,0.1553982825707756,0.30739703865749424,0.21778703209769798,0.20420961032058646,-0.02308793856884038,0.09922679158106384,-0.1680845581338936,-0.10257700172679081,0.0513186840727905,-0.16528399636938848,-0.2688203813367255,-0.48658509895339885,0.1906957893062029,-0.04252252031018283,0.32886176325307964,0.7544487463677563,0.6121267400388887,0.5120403079110317,0.7923212438219446,0.829646299967227,0.7969718979545075,0.9562114883367686,0.6441995829499709,0.41614685054911443,0.5370014919649795,0.31677107912630353,0.5590115982433224,0.46012967493889906,0.6248575657801363,0.4556634162242432,0.10642688217378475,0.49553449763915,0.5875154976331181,0.5955270035770036,0.4118677021501249,-0.012534631160511499,-0.008711543830500735,0.03844355129660726,0.4170843827844261,0.29486352390694975,0.4704423220511074,0.2094030900897992,0.11805562923497682,0.11324837001464719,0.26679636535524215,-0.014084393265078696,0.11153537317233055,0.1667394935422796,0.1081131278163377,-0.21568921194196797,0.14957883328373883,-0.35187222391020984,0.2207268895636203,-0.24830939948514508,0.125678925088615,0.4678401143004784,0.3741603780052724,-0.08582999178838634,-0.19235383864814753,-0.095919770425346,-0.2670200304681372,-0.36493865542518866,0.2755213791252442,-0.1020458184737941
0.12448425797287353,0.3583311752219886,0.49955049246164296,0.09339384343655094,0.3075060837829518,0.5622148406002635,0.5499466900515922,0.538542535877907,0.5873247880560201,1.0000000000000007,0.6541084584351218,0.6512558094670398,0.1583830310932631,0.3131642546350444,0.39439509485845653,0.3117888069633647,0.08267257861520563,0.05187337353189402,0.44379334925911973,-0.030786784813574494,0.39945745009128486,-0.30503617024501406,-0.22520224134598799,0.2398875149430146,0.647779831777997,0.3156788252203519,-0.29496322365901073,0.04426122546686739,0.08793128475764737,-0.009836782161838538,-0.09928290186554595,0.45763983001893255,0.18922989288748757,0.06194053327046253,-0.3554031011374015,0.008992253248076284,0.10107559242374076,0.4892040852676452,0.41294704005372246,0.3383898938288012,0.04692616715752192,0.15711513228949997,-0.235256815723593,-0.19003359303130277,-0.24733720987010943,-0.22912713635226187,-0.34727473750165194,-0.3860663474807738,0.12554640395971164,-0.19624765449428908,0.3867688674420199,0.48030445130111943,0.31943942280850635,0.21958348500349012,0.48561223478376536,0.6447545120394813,0.4563002592696572,0.5710260725961971,0.7258177197114204,0.6069910639534447,0.3875827017884309,0.16937123562822898,0.20407734537493397,0.35261910738528957,0.5089146651273848,0.33379850087295615,0.13555841480085543,0.2505872978207654,0.27964092924509104,0.24907566489109179,0.22647964460141484,-0.22996800641213103,-0.10218274206342964,-0.03872001581249399,0.2804455605339104,0.4135133010082671,0.17506571164275903,0.057443807696738125,0.03685763125055969,0.21429821580010452,0.1404619868693283,-0.021848668323700086,0.055370495176416124,-0.03673133809599837,0.005413858197604239,-0.2695675642424382,0.08660223092093228,-0.2460637381462104,0.07423277886291367,-0.07265515329426316,0.2966175029172251,0.4844979795587481,0.4235656127507548,0.11897215960201807,-0.22259724434884748,-0.13904874604961004,-0.302222434758044,-0.30296684547668207,0.2864910096805775,-0.09801954141101706
-0.1634656654708675,0.29074837405724346,0.36335320663060106,-0.022645689851301568,0.1886302553935226,0.41225016387842794,0.37376365227549924,0.288543563641608,0.3860424200181476,0.6541084584351218,1.0000000000000004,0.8413720614666222,0.3554464150086789,0.26944330161249747,0.49019371808552714,0.08018133460491413,0.1784284335885512,0.1587498522891661,0.4265669574357805,-0.05178530149635441,0.30109567536955434,-0.06968351304886547,0.05370733300298596,0.2310965606899551,0.5515662073881088,0.42955261952742363,-0.27118186202689204,0.3052617758786502,0.07506244013847577,0.2015983369454815,-0.1914656387657666,0.40507871212158053,-0.0887529350453089,0.24153114412537582,-0.17659978975174018,0.20327183209158156,0.26941129603270375,0.328270202176419,0.4046611341450298,0.19348390416489578,0.38832295306470366,0.26491805992770223,0.06740925760943439,-0.16450799712656755,-0.2529173503169396,0.06863965968314299,-0.035747699921411365,-0.10319226806477315,0.20048215963703625,0.04388281712026125,0.20193016797720456,0.37107306042252247,0.3150245400469345,0.19598395633375404,0.27926250019581367,0.454865409851691,0.2803231383100151,0.3687094573806619,0.700821270451525,0.7451655380147947,0.5486953234966846,0.27698673682118935,0.22354465734317325,0.3208278636263466,0.4046625127607799,0.3506532032916529,0.105912594458094,0.26714439554887404,0.32498272318570226,0.1706944301223362,0.12268163639653153,-0.047743601564292186,-0.129659100093066,-0.07055899015210104,0.2988158003670878,0.5238949818475214,0.1549806882436572,0.1396053776024781,-0.1282895051645975,0.26684097502252435,-0.0015691330598179161,0.11934833282107254,-0.005865874456024127,0.07011341975894186,-0.24375337970652367,-0.14857414467390592,0.03710234240949713,-0.018885965088455265,0.07909321577703204,0.08828927973699702,0.32519540190070406,0.3768631785145019,0.3242082157522692,0.30711509397101544,-0.05839349201074143,-0.1780734600874332,-0.13739802074857518,-0.2841798551537458,0.28233430231166906,-0.032625698037753136
-0.07316679622119195,0.5276910029042473,0.576777734197315,0.22619243350738838,0.3912648984826064,0.5608251866038445,0.48789396121564993,0.4616820536957486,0.48637319709478616,0.6512558094670398,0.8413720614666222,0.9999999999999998,0.3942790057562963,0.323991225279507,0.6148672327377126,0.3018654641410243,0.3617316655595491,0.25286309998860357,0.5381998809310496,0.03727895878274617,0.4767835153860186,-0.009695680527261047,0.14153330459549968,0.49916963645408235,0.48188379496163847,0.6074917769315655,-0.23087675925365542,0.3856767075530537,0.287187414305342,0.2878879212006102,-0.12840729913324286,0.294422571509038,-0.10559376211389626,0.3099878397951562,-0.15969600641741158,0.22096390700441826,0.3313692929641057,0.30648882932014715,0.39739846510019783,0.23776356048088218,0.28427688046235977,0.3390821635105875,0.12597207894725115,-0.17071156233729345,-0.1640285165523197,0.02781728469630284,-0.11207386829446206,-0.30232609178232556,0.16937514802711004,-0.013526582848267228,0.3290349251958768,0.5934041785784601,0.48858956132108294,0.43067854049325766,0.4790252452950365,0.5878587166207069,0.39359719439930163,0.4895781889942513,0.7187889623621325,0.7061398518016869,0.6554168994742285,0.2613365167394932,0.37919360556497766,0.3421749722427612,0.5600610148361014,0.4661806983319792,0.09116911378711161,0.40040326469698523,0.49076891686111246,0.3259880085760191,0.31270681361640584,0.0957551752520252,0.003944906441788582,0.02948369684751016,0.5663913263351976,0.6017261578579192,0.3400891104918296,0.38804550567000107,-0.04788492618239458,0.19409589718717987,0.26944904656938057,0.03437817163800108,0.08624532029041507,0.11905098136082991,-0.060757138768386836,-0.10428711844942502,0.09467416843816662,-0.026887316720845565,0.14769257106773154,-0.056677281702005734,0.2629042749577486,0.29277924093816554,0.3145640167831322,0.29384261048197313,0.042460761765359394,-0.2211431153184596,-0.18518650753315005,-0.3618879768681764,0.22442444359814817,-0.11564286586234072
-0.018532397391843623,0.22045389793329584,0.3445669398367588,0.2164893909682616,0.28502657657575187,0.37084522032903827,0.06517567230435924,0.24598328307866743,0.3062895804121777,0.1583830310932631,0.3554464150086789,0.3942790057562963,0.9999999999999997,0.6912942826503575,0.5583629791704211,0.2538077531223323,0.5417965301434504,0.3700754540170177,0.5872674238412923,0.07940907512324047,0.3516945599185174,0.5498063547745012,0.44461841020849224,0.1949098381190203,0.06696733149429476,0.33623570512210665,0.12445357225442004,0.4974107217477121,0.31484224060667654,0.5455990933487708,0.12203295186545557,-0.03195009913427178,0.04044876129252228,0.5343155468636736,0.3897312415017869,0.18935621904855565,0.22061955942458322,-0.08907522341637229,0.2770373608794695,0.18035570908158485,0.3866428768892833,0.27609022733182026,0.5024244409629254,0.2808642408120392,0.32687646102907525,0.34130685376497716,0.3540823800129491,0.11077794657886457,0.1694971471159427,0.31995440963773064,0.18263051265687857,0.3284723671185865,0.32410215944360704,0.34378308885562,0.32167744957866107,0.2927119469677382,0.20208109135592625,0.2971592211475526,0.42941996490521306,0.3742911551704451,0.33699637458898174,0.8516856479742635,0.7754343624356044,0.5786447597290567,0.5061931772584494,0.5469521126671083,-0.22434733962837503,0.6509949836412701,0.5035986911081178,0.2676118456996339,0.1316294874191567,0.3736890408752537,0.14419417436852217,-0.051788013498895724,0.22790117407405627,0.24486571192135723,0.2827415178858066,0.3326702047972347,0.16193788310915977,0.3950062169552879,0.02792739987907177,0.17607416719245214,0.23278197799783523,0.38523026390490933,-0.1038864231973484,0.00337357999583067,0.10836174161956838,0.16086561748810402,0.04318618187186117,-0.06943935657332781,0.1984249325051771,0.059263485439552954,-0.0836157234508428,0.07085678144698479,0.10550777592648089,0.07268061053327243,0.014304514321001053,-0.2239171276521059,0.026938927222766005,0.10884084839181545
0.10194964122449966,0.165398942165037,0.3746953666136604,0.15048587900386468,0.2062892745242471,0.38692966182589944,0.22272656803116062,0.3689477334734642,0.4766369781885328,0.3131642546350444,0.26944330161249747,0.323991225279507,0.6912942826503575,1.0,0.6169955720300874,0.374447469608937,0.5644629704789526,0.32798353776670713,0.8570130300156433,0.08975697020613993,0.4896963748660223,0.2697963959657198,0.2707789724849241,0.08646042739464986,0.06637049991308464,0.07767025283232987,0.0848220897871071,0.17007920858908554,0.21120991318516244,0.3827864198946572,0.009856318435283309,-0.05732137543661002,0.20781678315532903,0.3788589265617712,0.22940157163843425,0.09772246615687381,0.02865980286982776,0.11080711587925295,0.3605229106144281,0.2329238854570648,0.19671486629482188,-0.0352555658815365,0.14276066689378716,0.11194148004877595,0.27341140599264124,0.06012930112284241,0.18262582469544406,0.008625793928365115,0.02461185245159738,0.17653844950876632,0.17837296289119003,0.3069907700073945,0.41225585255367486,0.1739604922219217,0.37031698358284243,0.31154370909708035,0.37076540884004905,0.4737800334659566,0.4643475814518547,0.4732289968089081,0.17667059295281437,0.6906062828816152,0.7896736011982166,0.8994895146475704,0.8223053500323576,0.6920419762276426,-0.1336559861376013,0.8209738581402969,0.4625744644174542,0.2601521981154351,0.29932442297919487,0.10726434870537241,0.16538819591712398,-0.13265988104610582,0.1188244676765677,0.05705581986581283,0.2706893926973465,0.14578116492175047,0.077446590832981,0.24064236347540424,0.050474733955584425,0.12419884171151789,0.1623197348129387,0.25400184666347597,0.07233680471029995,-0.13303768960171095,0.09911919925194303,-0.13895855962034961,0.0048355033988242944,-0.1326162356895692,0.12427422113523998,0.2843524857493195,0.06625522478519297,-0.21453714955361894,-0.1773232422605914,-0.05247005664046708,-0.15536005194410335,-0.23130126436398996,-0.014253222993391467,0.049912107346364976
-0.07932054549376977,0.39385015701482157,0.4553571683553956,0.2865082001047786,0.4275225139413148,0.5177411749936995,0.1915252562748619,0.3798575245134173,0.4904771231029745,0.39439509485845653,0.49019371808552714,0.6148672327377126,0.5583629791704211,0.6169955720300874,1.0,0.3610948477059364,0.5633998965669635,0.3479829536388353,0.6520506545151491,0.11928314086965777,0.8288618364278276,0.16550969324091883,0.3382334295114547,0.4951230985448766,0.2283545895737892,0.33576093865294454,0.13098451094333816,0.5360924217283817,0.5416246249472552,0.5729377296022515,0.06930542143367466,0.03426682610670246,0.004958729965003913,0.40019253312336184,0.018099255813385732,0.20899558286588185,0.25346464074762043,0.11737875011877809,0.16084818226643724,0.06149632560057736,0.16450453808432536,0.29635938179842425,0.08880859488836344,0.09918137823154316,0.23295419890107427,0.21261512886820988,0.1483657421349083,-0.16796616143438778,0.02980089995573618,0.09139743273162197,0.27086938054971754,0.434999913261979,0.43861820001453594,0.3706885856207659,0.454270558678082,0.41208937260842915,0.3055635864458648,0.4583911540559894,0.6413700557812826,0.5147417843606136,0.4832656653710081,0.5402002870201339,0.6902796023017579,0.5282634159394887,0.7391752008439295,0.9478166269571571,-0.12062650106774993,0.6526889570954109,0.5284694919968486,0.38210841849461624,0.6832315609366449,0.2270497176968376,0.32408962842529937,-0.010319392190367836,0.5582880697976402,0.4246726182863129,0.5977765933315827,0.5229740293171875,0.1641677506684423,0.3469790220209895,0.3040945848974098,-0.0015086074461195629,0.1845806918148118,0.20032063917587284,0.2696390443127905,0.013032766685716787,0.17573252397927058,0.0011662213188264891,0.058682500258182765,-0.18196347411233574,0.05929355068935579,0.28699653233091016,-0.06127985700372735,0.06767193218910113,-0.01782840284028269,-0.07255114291278597,-0.027279858333408985,-0.18532821756437448,-0.01197157722539454,-0.06947135735595585
0.5910861555991801,0.7141960086827375,0.7055673204621772,0.7047072717194385,0.6806171103981132,0.5885644053378497,0.646801990167246,0.6471804385046775,0.5139433031666107,0.3117888069633647,0.08018133460491413,0.3018654641410243,0.2538077531223323,0.374447469608937,0.3610948477059364,0.9999999999999998,0.40993327474905894,0.5956776548462106,0.48121104231326306,0.436137378827544,0.4651212193229568,0.2145360095658403,0.36187003651048855,0.4271613068069653,-0.07257031265266488,0.0625976162529234,-0.0601901928068645,0.12664325186821973,0.2717571467182298,0.3014201922677334,0.11696202265170623,-0.14203529422294375,0.35724431897491166,0.44179124231597033,0.11614470492979102,0.3263290584293455,0.21770083882658045,0.16770547440115416,0.23744816275348835,0.4887592163506317,0.0803405880470294,0.13606037385420053,0.09938116265698611,0.009652023895625073,0.24747933059016003,0.09199057600787221,-0.07127380597607473,-0.3462990355070726,0.2664318993435764,0.17602173859368708,0.5546084974278778,0.7302683903166686,0.8459198263521235,0.6311703408944113,0.6604232337585783,0.4704480259460588,0.6667087656371337,0.48527461836806596,0.2698436572827242,0.08969611767745124,0.1946028465368855,0.1119193326823777,0.4320665609962817,0.23221905376415877,0.4981299339361473,0.3121772286553532,0.3193434509506318,0.3724677021919608,0.5644220772442922,0.5870155409971507,0.38047222635054706,0.2600652486369221,0.21198438646189402,0.24155775399928953,0.4679029252433359,0.02852308306621288,0.24716464748902026,0.4178227561402293,0.20440146302320075,0.1483596653786394,0.37925691258106414,0.032252572880868934,0.3053412720869922,0.2668639168979066,0.15722953738316658,0.1003221089248708,0.20384338560653126,-0.3108286498926664,0.24728281846389555,-0.2630964437151205,0.13784289405000083,0.08280859828481754,0.2593739482486707,-0.2563558647700922,-0.05909098516788032,0.058708069782288284,-0.04400362756265091,-0.21446580898703047,0.15910697426618242,0.01361540399021384
-0.17408650918574187,0.2436867599691085,0.3141291230802032,0.30459655105783334,0.15321462179280682,0.27012455793186774,0.19780745010121156,0.2934646591019825,0.31692478036772187,0.08267257861520563,0.1784284335885512,0.3617316655595491,0.5417965301434504,0.5644629704789526,0.5633998965669635,0.40993327474905894,1.0,0.47308505940887746,0.6853547356150379,0.07378811372673157,0.5060490239091576,0.5674711871271273,0.3733749102222253,0.5253710690800911,-0.13867859266974622,0.29577923626920655,0.036501836106088634,0.3272437902506809,0.567422996963111,0.31234922589436914,0.18780044309454544,-0.23930594449196463,-0.07152883353271038,0.5889120194745955,0.3247482608967159,0.07765958165041081,0.01354354043436169,-0.2073704445881665,0.07241358427959127,0.10656474631955554,0.1809171817720965,0.2520975886708012,0.3890525105664766,0.1701608724026903,0.45435461335251104,0.015640635834551775,0.1460298654075054,-0.16770046560024493,-0.231977751923238,0.13040946739188478,0.07097265415774637,0.3101184673619137,0.44754839690331155,0.29820151091187574,0.21060478114647962,0.18895012825455462,0.32503585733540125,0.33746684999198673,0.35160457900683795,0.3212847469437468,0.3077284504417051,0.40767147343078486,0.6239251652107944,0.4193518711252729,0.5236380046308444,0.5412625985229289,-0.00032339034657090474,0.7799827528024744,0.5961629455419705,0.4124376519955369,0.4538444911277316,0.5917062992632801,0.36040804586237885,0.13387309102300105,0.47628730577538464,0.4031857747817014,0.5764238296257738,0.3152110971824893,0.25258025042511606,0.28982263086935095,0.4107692624699148,0.07256315581150277,0.2578490133317032,0.4744754250353276,0.145009542627461,0.03525459975845611,0.08269332429568989,0.06791672732263475,0.04611949610360525,-0.06183667105883631,-0.10055826223388785,0.23055027157676478,-0.04422151687206087,0.0607090035288283,0.4244782381760286,-0.18414389977933568,-0.11091755783693491,-0.2818995465569488,-0.180522526068882,-0.06981970063722338
0.20300935990022279,0.562628633809441,0.5519433448934833,0.5479915438730376,0.5274859205895732,0.5112007995082934,0.2898554764349034,0.4352792348395371,0.44935078349350493,0.05187337353189402,0.1587498522891661,0.25286309998860357,0.3700754540170177,0.32798353776670713,0.3479829536388353,0.5956776548462106,0.47308505940887746,0.9999999999999993,0.4243646136591935,0.6616588167911448,0.35031942253296533,0.5171219910591142,0.5632672734919604,0.36698394806466467,-0.2989951561886398,-0.016853704649714925,-0.14741296478205876,0.3162782185175705,0.3463461556356166,0.34209022386243076,0.2606474320471885,-0.22876494307899703,0.15945033986138604,0.8867497840720828,0.37857506717735173,0.6936266107621799,0.4412529399090346,-0.12934296510050244,0.07016597372881632,0.3769958191751244,0.46415924481028936,0.10267834326322901,0.24987932584306047,0.06401921121939264,0.22708903380770992,0.1639536651968871,0.1176969099677794,0.030486631419690734,0.45702925210683043,0.5398126686025418,0.24799003638099865,0.5022180459158163,0.5763630162840885,0.5659134484647398,0.4326694253738653,0.40452919075669463,0.4487597066804791,0.39948223664321764,0.1792335117153721,0.006453571889019726,0.18250328750745845,0.20657126485474575,0.39144048668021153,0.1911248232444247,0.32745069319543224,0.2601364011345891,0.39169696539248006,0.44894452252725364,0.7178523634248474,0.751966454561564,0.3569922338630764,0.5508204147851086,0.3209394178146144,0.39476307381168485,0.26556556770731166,-0.05102948924351687,0.31305750409032296,0.3591523281862754,0.3084180743931415,0.07485673139907763,0.31963994651969363,0.4176272749273816,0.47458317732573246,0.545700877298545,-0.07227420910904771,0.2684859161871692,0.42388458330733764,0.013578391171220665,0.5518986834880919,0.13986194803815435,0.12725026415849697,0.05520998098032936,0.18025061730539735,-0.1324774646983488,0.1311882237621386,0.06192568766522948,0.11391348092049279,-0.07793066895961846,0.41130765440009115,0.3883213753310385
0.05968221306449353,0.2852523526008648,0.4768192781868713,0.2077429299431078,0.22736971868357622,0.4670788158477358,0.44373751098345143,0.46790597655892313,0.5022237562905301,0.44379334925911973,0.4265669574357805,0.5381998809310496,0.5872674238412923,0.8570130300156433,0.6520506545151491,0.48121104231326306,0.6853547356150379,0.4243646136591935,0.9999999999999998,0.19736448780682553,0.6103143183193588,0.3067606416009832,0.2896307615560049,0.3559753936710015,0.1264996751331764,0.27667424931959905,-0.0649945546066103,0.1825137901104365,0.3669650517428605,0.28709965925715597,-0.0008640001878466943,-0.03622276507841617,0.1171589135612564,0.5159939623024733,0.20010523620201673,0.11695690205950397,0.10596981741936244,0.04518095016041483,0.3181537439877906,0.3284203603063041,0.2422890484759769,0.1218022472819131,0.18260613729256303,-0.04698668844019873,0.20750456152195781,-0.08618145146018562,0.012241767358431762,-0.1680178562536039,0.024450804253157047,0.13154448373754662,0.35542394656294496,0.436222413921944,0.5553109878076249,0.2563427841950884,0.43539071925936634,0.4553340028585109,0.5045170332401387,0.5285036383571058,0.5421354952268506,0.5472968467586148,0.31872957539126157,0.5124426887750023,0.6806728255521984,0.7854405913187966,0.8012426856658894,0.647604863299348,0.07547537582728445,0.8351366127203163,0.6238778030573758,0.4171364075825182,0.4013762159214346,0.2923585346045096,0.24571372626191423,0.0816585878710735,0.35423157993797166,0.2728508597834313,0.38766338182036103,0.26890458036497983,0.07168368564241537,0.2678470183645704,0.28750755849513665,0.16285095761055896,0.232214725132242,0.3498512223095221,0.06490727324245761,-0.09291978277894188,0.10096087297927324,-0.11366991657239786,0.11257635566390836,-0.06848585986195593,0.18854452513791276,0.3138886123274714,0.16709973723202706,-0.14579486571565559,-0.0004889616699426329,-0.1464808668308798,-0.21818243735298964,-0.2843799540787129,0.02198829831183938,0.017219630768526437
0.40632292791531904,0.4346130367689174,0.32912266708678084,0.43093622845971385,0.42350324333139405,0.2745658534823969,0.1844652238826526,0.1779251257428399,0.12930821258694175,-0.030786784813574494,-0.05178530149635441,0.03727895878274617,0.07940907512324047,0.08975697020613993,0.11928314086965777,0.436137378827544,0.07378811372673157,0.6616588167911448,0.19736448780682553,1.0000000000000002,0.25904586387477063,0.24273380100977412,0.4995785468017728,0.2971802123233849,-0.24798677847496742,-0.0977051044357314,-0.03371906533532365,0.2262836147088937,0.2972388855577654,0.215878754167609,0.08696226307456734,-0.15375655702463648,0.17051772418541553,0.48725798611982757,0.2031596457383809,0.635806342472766,0.4915638205660604,-0.13340774570550673,-0.05078095813158208,0.3979016429524443,0.3483607515373846,0.17997310207083414,0.10035385772406827,-0.061955241489496625,0.09865837637348675,0.10218942557118138,-0.017134690383155137,0.03845938291550967,0.5863653336080844,0.523398707913597,0.3491025898193085,0.27907482151230945,0.3278446161243347,0.41824111744628145,0.24924103792689437,0.23719904839807707,0.17095139691282002,0.09744171910300767,0.03380138744377163,-0.2312582517896803,0.0529367810966092,-0.049316048081393185,0.0735689243365998,-0.02645115028586332,0.14735552557626008,0.01718188668267919,0.5249120722802001,0.053032408774633305,0.3998647324883551,0.616764003908493,0.3517251039918508,0.3767668989660835,0.3706549533686958,0.6634056942782924,0.17475742401023042,-0.21880119191500855,0.15918287762206257,0.46504118579127696,0.058142387981277556,0.08647120353760067,0.3581182791341925,0.40856021881496885,0.37024590689733766,0.3166938108555605,0.12061075147221212,0.4261774773297669,0.45786696131957916,0.08299668765840933,0.7329802286158845,0.2827885092726036,0.23134084654072745,-0.028668194730008173,0.2860863350703399,-0.19080261892189349,0.05661307273226507,0.22501972108705987,0.25347010756050753,0.29468302046422495,0.4913357940207628,0.4622420524186322
