0,1,2,3,4,5,6,7,8,9,10,11,12,13,14,15,16,17,18,19,20,21,22,23,24,25,26,27,28,29,30,31,32,33,34,35,36,37,38,39,40,41,42,43,44,45,46,47,48,49,50,51,52,53,54,55,56,57,58,59,60,61,62,63,64,65,66,67,68,69,70,71,72,73,74,75,76,77,78,79,80,81,82,83,84,85,86,87,88,89,90,91,92,93,94,95,96,97,98,99
0.9999999999999999,-0.18523461395040147,0.034795662559723155,-0.25404517681722677,-0.19754972961504375,-0.03797324521881565,-0.18605077770188613,-0.2406716091208899,-0.13320698633551378,0.052609871491003955,0.1935764544369941,0.1954801163867629,0.01950953611572586,0.09894626213280656,0.13458595114931507,0.14498510256089722,0.06531222863781334,0.07644773298228404,0.04999837144898177,0.18327606138167618,0.23763995562469425,0.11385714173745962,0.13605906431633832,0.16569406374875834,0.3075703903594764,0.14235098941946586,0.20325417805960222,0.12255632177195723,-0.03997329583922662,0.15980311026104074,0.2104318252608559,0.2632083351608202,0.41569716681339786,0.019418500921504853,0.05736603217253075,-0.16824007951341954,-0.3011930932366083,-0.08427964619008683,-0.36273262458412975,-0.1181331310249755,-0.1515501749979473,0.0759250956207503,-0.05287220870233206,-0.07260808817729052,-0.12777600549573576,0.06533889480811539,-0.10823397884106922,0.18488885532275767,0.03635872769718571,-0.18089755697732587,0.5251345771080301,0.034641150752188855,-0.057935214442475014,-0.1423055292213798,-0.0942977208808036,0.048637682163716396,-0.16885349290572382,-0.15699916341823894,0.11673565872574383,0.294245004287657,0.11784299536951236,0.06720436930516466,0.09703945402237069,0.27734883873186517,0.1214691731037083,0.1281635770332798,-0.011796986361555574,0.17015647299579648,0.08100968684175455,0.0580469674175302,0.2797585982682474,0.11038716809732749,0.20505475885211627,-0.24686409789660757,0.1507832181648034,0.2584327128132522,0.15403103928152412,0.15818528759959688,-0.10987695694148727,0.23798251993409458,0.22861143907001155,-0.1443616720323282,-0.14241206948186172,-0.04314958868515949,0.14431071142102778,0.08308646480571891,-0.15812208036201278,0.10062485259905858,-0.07095927999959536,-0.16017934907684592,-0.09296896594792516,0.21079383769421675,-0.3007245449620959,0.1378737537353217,0.0063195054902809526,-0.0024774733913694408,0.08802454864121141,0.06671285417076112,0.06253977288921368,-0.1245133608209558
-0.18523461395040147,0.9999999999999994,0.5638446450763978,0.7357443299282859,0.8006160610659174,0.36822050423007147,0.5031623501090461,0.7208370941511699,0.3115911493674369,-0.09083051673342238,-0.2769989366568364,-0.2706698872503148,-0.38952887336934416,-0.295350493861497,-0.16724153128363384,0.578114164201261,-0.34093921959234186,0.410619647421304,-0.24443436750416003,0.149482458430014,-0.20592411917880638,0.02366778235009966,0.20038087161682847,0.02889115317222006,-0.013827006563761741,-0.16630325979749508,0.17907972965161456,-0.09469761386192832,0.1011788236606067,-0.044440875695218346,-0.24403440825538947,0.19315412357712586,0.05389598082374804,0.32188299125702025,0.2331336315916952,0.41318097445460583,0.2936149554257363,0.3478803803835564,0.31714349260723723,0.4064264163185834,0.33758982767471823,0.2409565017565701,0.3477893449930181,0.2313139774258737,0.4046429771305854,0.1878217768908873,0.3159492147853613,0.05995910388031946,0.14129984210724753,0.24983468722532337,-0.18612883158630578,0.6103514977436623,0.6038415124619301,0.6673280381818487,0.7090220033351342,0.08031095447863743,0.6945477907012942,0.5632836656167164,-0.10366152090389233,-0.33308203300728995,-0.27257336908947233,-0.3553106516330516,-0.33016991388096234,-0.36778105913991493,-0.3807407168150923,-0.24005314558781318,0.37713962126240813,-0.39642077456803215,-0.015172519215185845,0.38864108889717763,-0.2475331597640611,-0.06792181893648379,-0.18720137571949788,0.2436926429022717,-0.288525655817205,-0.28323759996223363,-0.21195249395614918,-0.38596506456681656,0.1011026619854415,0.22725471541892567,-0.21162913906949055,0.47214133405531455,0.4399391282685928,0.3702051030616141,0.02119094202157554,0.2967284727696747,0.21109463062446757,-0.15591089471994904,0.4290453253830185,0.2790685879727793,0.5105090396564371,0.29586241859715706,0.3553619299840642,0.2658465798232163,0.19802146218143432,-0.04122292095756185,0.1687277117221782,0.200196749353149,0.10749332907099095,0.29843348281784327
0.034795662559723155,0.5638446450763978,0.9999999999999999,0.33388471943839537,0.47540861932296,0.6520111989709101,0.39633626232084335,0.5366918805029773,0.5417769867983909,0.012735320280257293,0.0292128401401068,0.058217048244947035,-0.1303706103178799,0.023479930382380415,0.09228870792575547,0.41125059245205187,0.03801826801687101,0.38472332297273426,0.10463680359329239,0.2759694724017219,0.16002098675071535,0.2661657403739999,0.26831421217964246,0.2592403843607452,0.09663231708890498,0.19554332603243627,0.3734426759449717,-0.0325191097019501,0.3379500815250639,0.09399633870407365,-0.07689612268552336,-0.029612977342921124,0.13273389770598198,0.29974249930700486,0.34525170548118256,0.3383500141573211,0.22443391327928294,0.11135608777998826,0.1115407415926651,0.33040160193837737,0.1713022011028456,0.10062028253071417,0.3308466238043488,0.03976611021739525,0.06360197899041686,-0.0509341228167974,0.11954306531188785,0.07561183939017549,0.37671162960833643,0.1231207268022984,0.0692995282177741,0.3867743137974617,0.37286336783138974,0.35808609023307253,0.5895230707143618,0.46275162052078866,0.43466255807868576,0.5325140520287205,0.00237538578356561,-0.052532739352403726,-0.008109618106070157,-0.17280654184989344,-0.05702070708175563,0.009345221541917479,0.13489757510435538,0.0689499605870902,0.43364034791150896,0.08398438620325965,0.24548348607040774,0.2902135277697567,0.15204640627498497,0.11374735867269865,0.1485652814804507,0.2721760416130371,0.08796089326097807,0.020243274757744786,0.1823663175355051,-0.013110984065394586,-0.060901410546232784,-0.037819735936753404,0.12090267269043177,0.19237183314350081,0.2437295499904903,0.3374512536223131,0.2213988221049011,0.19039689766234497,0.22340746906933887,-0.03955796649695117,0.4602109654432568,0.1073072151936198,0.33927689274762013,0.11124579993267815,0.13224152284325738,0.218482962563417,0.14377342708626228,-0.07587276511352967,-0.016112794150795536,0.164247863609502,0.30307410266437507,0.13900435579869105
-0.25404517681722677,0.7357443299282859,0.33388471943839537,1.0,0.7472933080315151,0.12330413147859103,0.45542629671301244,0.5956583896552419,0.17331887900467638,-0.19611865969199058,-0.4807835669247364,-0.37509810445789943,-0.5056366083999145,-0.3921613152823117,-0.3052646604596715,0.46711128957199777,-0.48821855552882865,0.1866792840115888,-0.36264301935774124,-0.0686733184040514,-0.3791087783644366,-0.23710067392113923,-0.051148096654116765,-0.14249527687862665,-0.09781644544671608,-0.3397787911793893,-0.09762589573702254,-0.30917490556390353,-0.08057800537590838,-0.28335515764132024,-0.27712220410099947,0.007981989020149443,-0.16058145464125395,0.07871448026684265,-0.033722044370472194,0.3445057505533422,0.21217315521919425,0.3066144175832481,0.3246016680241326,0.33006612158481125,0.2547865819982117,0.13884745975174267,0.11098174734023779,0.19510674119176166,0.4533897100962718,0.07233075560897637,0.22486030892097938,-0.003210057226401577,0.05102232842977141,0.3146540585548096,-0.38209636347095377,0.4856465028228785,0.6073433870404158,0.7807390131199382,0.5565697652591589,-0.027619247182772356,0.6903503593596989,0.4484468662069673,-0.2144261789715738,-0.4143297131285192,-0.3860539649491174,-0.45258639104913845,-0.37376754055197986,-0.4038886664057803,-0.4498479587655084,-0.37431801842466655,0.3713527354909714,-0.48158538221048436,-0.0671659618415105,0.3211085155561956,-0.3944104167897067,-0.1382254839588562,-0.30614261992103825,0.26961027741694915,-0.4079032406074897,-0.3661882347893867,-0.44403129130888896,-0.45709808996647794,0.3503448573029327,0.08666741758291106,-0.29917083634944974,0.4439629099644583,0.3348517780863598,0.21827412510334177,-0.11393789223842776,0.30005122027825654,0.18439623869336144,-0.3028400732893137,0.350796185770016,0.33283269731691745,0.4793966161429302,0.32281402442226825,0.4289416794381264,0.27781876066619815,0.07442295092647047,-0.12909800976697727,0.0930326790822321,0.10333416480882715,-0.0615579709747074,0.3321681622269009
-0.19754972961504375,0.8006160610659174,0.47540861932296,0.7472933080315151,1.0,0.2620466724822796,0.33235529738133857,0.8182578573879895,0.40465676708266385,-0.409531637755809,-0.45661946569237255,-0.500218862441572,-0.45930665064497883,-0.3246075342340313,-0.19970816704569044,0.23629319835128446,-0.3904385963173224,0.3706939793634029,-0.29214940797873895,0.13087601125889398,-0.20766107190628777,-0.12316498607075471,-0.020818864302957846,-0.1580791919553987,-0.07622392266854833,-0.2857205030914498,0.10413153926034936,-0.30835327585385375,-0.1504433403472916,-0.23709593611692137,-0.22455160465637977,-0.0275443298431938,-0.07028700654933422,0.1651844001108696,0.14675360604893292,0.4174110444926846,0.19797154424175914,0.1956347416062606,0.13617662238544348,0.09150267896430736,0.3742143420432959,0.09179852809006264,0.2531995644080736,0.2592499809750263,0.45859131096446915,0.14677952024140115,0.26668722944487233,0.1489934165595287,0.1628635976403138,0.32167515121573487,-0.1969102412604551,0.44587654991667347,0.424996882963708,0.7255043937324545,0.6430922548903926,-0.06966428185110086,0.7339510005412266,0.6393793074270848,-0.3184986659223324,-0.31652474483129595,-0.49820365165129327,-0.47683530050970485,-0.44578732322361636,-0.3276501546470821,-0.45403931159896876,-0.27912626261718443,0.3528665352393318,-0.40660098625412694,-0.13183351134653945,0.3220611914549045,-0.3359943231308862,-0.2735337087594309,-0.22167537859684597,0.12690688923012058,-0.5094120137764525,-0.3280284715076372,-0.42750649816205727,-0.5220883234594885,0.06776537425849805,0.11170542050357188,-0.4226867787148143,0.3713883644281552,0.36815615916597394,0.2522491718694547,0.006775240526320451,0.14638276107880155,0.04279929457992759,-0.41603871600031933,0.36238834736065373,0.17171600965311012,0.4187682187119879,0.1557378168779097,0.21563578183872048,0.13531778928081634,0.08012028068929346,-0.016906957863237097,0.0997948047668746,0.2385983835359328,0.02034515997816836,0.2837747160003262
-0.03797324521881565,0.36822050423007147,0.6520111989709101,0.12330413147859103,0.2620466724822796,1.0000000000000002,0.2258754691335442,0.33386303917077037,0.7499957938636815,0.07609317795888004,0.1109093288727057,0.21538457810533257,-0.04110376116587975,0.19043121675883007,0.2601136123376346,0.3013436324725321,0.19152051070392176,0.4062151494128417,0.2834783733251442,0.2957918319884414,0.3374418569775009,0.18597165347668537,0.2805051758917233,0.30239600923701027,0.0876912387000913,0.2795138528276504,0.261762441634727,0.06725564736692465,0.33067458224277774,0.23487447041675646,-0.06929175994529099,0.08332394540360293,0.1839639025974961,0.3183663955856227,0.26877462657688206,0.4596815918218466,0.253908626916191,0.19434843139499824,0.0831620714216581,0.21496937688495957,0.22670824789581948,0.21142339085921658,0.2519296288434449,0.203027792442653,0.20330984200314045,-0.0025970270684535714,0.054142797736016594,0.07906900096737116,0.5010221228244917,0.17973285672939773,0.03181844917224515,0.3378160686061806,0.3589913225583518,0.15227229249377708,0.7234829962053398,0.7481522595613271,0.2796203577303144,0.6422797407909986,0.054687022033105805,0.05239815917342873,0.08833977311985808,-0.05447305497907001,0.09415093589724806,0.1555230729637753,0.2860318777464949,0.2970052698698524,0.40788327720151896,0.1935667531795117,0.4207664008547761,0.41180612898388685,0.34943620150590626,0.2393333847527669,0.22929269715363076,0.16186328134852151,0.19361454836553818,0.14099083031715443,0.3475777216254856,0.2102089012885046,0.010899127845505592,0.1142875152859867,0.2143318074125239,0.27767376093792556,0.2963259768626561,0.29860502878495643,0.14887952838099938,0.0848984811487754,0.35443292992459785,0.08218604499641623,0.5230797996566189,0.1093622679335736,0.3819175408893327,0.08272423950800817,0.07097149787225421,0.2005109895612556,0.08266141587706227,0.08128519491656724,0.00361022774931848,0.239092566799251,0.5808103639934764,0.208455364094619
-0.18605077770188613,0.5031623501090461,0.39633626232084335,0.45542629671301244,0.33235529738133857,0.2258754691335442,1.0,0.4222807987955221,0.37175918444084743,0.0938948102432954,0.014870745458133197,-0.050282922963967504,0.07218811958372183,0.1471052785586811,0.2620382442756122,0.5164259697321225,0.04798161266530309,0.3586749900759658,0.19269348112118762,0.05440181169077941,0.006100454743977262,0.17702127931841605,0.39423286920157125,-0.04466018118087242,-0.18551518827401542,-0.16016519363229043,0.026172280605010284,-0.0700480317345344,0.29170492951183286,0.11328639343925294,0.038544557656335666,0.19685950963925236,0.1535136619796605,0.25663096025220405,0.12821440007790585,0.49302895832876426,0.41517628841250886,0.6068699481235558,0.6513373715702993,0.44580927456381,0.43098743883267276,0.3657095599614432,0.34672882159919355,0.4759067442385328,0.25052315446254686,0.4561164135103724,0.3587073999029486,0.28813315916430704,0.472169656355175,0.6230354662480131,-0.0958924792837229,0.356634556804758,0.6170150864606552,0.2849944815785513,0.33151250974558555,0.2705114624685001,0.5333712747468052,0.3147198571454226,0.01456137466064956,-0.09376356226131066,0.038495583271770356,0.07615042067121484,0.14319893013664386,0.04821130056745375,0.09112994174907457,0.1881565430145679,0.616114107801789,0.1510428435349197,0.3008742556088182,0.3948796118413881,0.03589772299257914,0.265144542364724,0.051596437438748546,0.26689940517103405,-0.02230210740733361,-0.2584297728536368,0.07565993272417477,-0.11476724837561993,0.22062189233985247,0.18862789648881487,-0.08161556255360933,0.38838206485990406,0.17409120516403348,0.22448837895459944,-0.1167654527151094,0.26542913299286625,0.4810374108938235,-0.04655647424167703,0.4910026864276435,0.1703996125666303,0.48316710097556104,0.2869259678772815,0.6325404634111473,0.3499903977545075,0.18376207704617023,0.3530372767593858,0.41477816931705996,0.29775144382572927,0.1905852928562749,0.5510056477819526
-0.2406716091208899,0.7208370941511699,0.5366918805029773,0.5956583896552419,0.8182578573879895,0.33386303917077037,0.4222807987955221,1.0000000000000004,0.5011330272422363,-0.3394869171547722,-0.3016549116952867,-0.29291363577867463,-0.20100809266238337,-0.09376991833680949,-0.0009233924128997175,0.29584420615234003,-0.1455000939563545,0.613898197003332,-0.09268119577526997,0.2532224815428802,0.013681948868383026,0.07626436489966185,0.13328112229441966,-0.11299467639942412,-0.06520050934109776,-0.12053337167838583,0.17092440447855722,-0.2992009551052941,-0.03087219436569216,-0.08720055668667075,-0.24056620060063552,-0.023367436237167194,-0.08650449938255017,0.2043461113902353,0.10559301460792775,0.355524641251322,0.07525582620123945,0.14400309897046643,0.03288496473448688,0.05294974212244811,0.22490450733108722,-0.04921478869446557,0.12604749444262556,0.2588621787931745,0.22986504254726414,0.08464671718873513,0.11799294684002547,0.17485564432863046,0.25945951253857585,0.2707794138587795,-0.0780176221375204,0.4493403315614761,0.5193327032735723,0.6348634743834897,0.6221841919563779,0.12182922391038226,0.8321045524675963,0.7057805447529494,-0.2331519352714326,-0.17040184363315178,-0.26570952249300445,-0.22485653702528488,-0.167961989485061,-0.14298703489446007,-0.22757231165234035,-0.07100696051544488,0.4125048755637924,-0.2296698152672787,0.10344492533752953,0.517486830209323,-0.09714503162583688,-0.030622983943577133,0.03430380361076421,0.12842996048183367,-0.2768526323197729,-0.16383008593608253,-0.22045744647182342,-0.2860508942255944,0.005323130194585737,0.05340004811455284,-0.21964616280506696,0.2528662831013221,0.2212197216836721,0.1596452979093501,0.028279814832406207,0.07558885684963848,0.03520066184855372,-0.3253344394966198,0.40953285982640747,-0.02047300298870098,0.3031559350950587,0.0718561210177649,0.15251297913061493,0.03682166085345234,-0.008948990199255838,0.042573300501304534,0.07463067082711754,0.22551888502983258,0.13196911377607778,0.24432432280272556
-0.13320698633551378,0.3115911493674369,0.5417769867983909,0.17331887900467638,0.40465676708266385,0.7499957938636815,0.37175918444084743,0.5011330272422363,0.9999999999999997,-0.2035405224342625,0.02085019918804884,0.018044051267977305,0.05824211270454788,0.3266150232661834,0.4185483383223484,0.14171866456768997,0.2269590182173855,0.5673788272691628,0.3573572807128253,0.41972350171445955,0.39143395508321954,0.13997273727416593,0.2663269069810028,0.10325696719337246,-0.23046200008727719,0.1413423699731996,0.16762240828805508,-0.1153244315615663,0.27732036406671995,0.1479487245594131,-0.12391543345773123,-0.0910086256236327,0.1803772126525013,0.3659739353250502,0.20525059845671445,0.6796157599586009,0.25088076747703086,0.1644390576983073,0.1545106854589496,-0.018084715183180222,0.3957947691618042,0.10988810243258515,0.22876088577402448,0.353739423724438,0.23308063935930873,0.11972248734819696,0.16954606454712903,0.29046806277367965,0.6261077244583741,0.4849548104977492,-0.10126404645183848,0.2564399292666374,0.36325982066115897,0.26746853367161066,0.5709039790165149,0.6649858588629867,0.3939681589613434,0.7909457711606426,-0.15291056918231777,0.20786610349821757,0.06357625131244694,0.0702382754209998,0.09504151723794481,0.2751566130293003,0.3820634970246123,0.4145015860599063,0.5403384987128114,0.3103336056504348,0.4197361534219693,0.49782638244734456,0.3213170983937675,0.15349135220474566,0.26223245309590415,0.0859639587683207,0.06534428210722033,-0.013819931004104427,0.2073537602591029,0.06062034195669404,0.008437752608024011,-0.021841386178878194,0.027583967105758347,0.3198259354846557,0.28624254176405484,0.26112732305552927,0.09236389309557189,-0.008777234264317944,0.2597758540377121,-0.11518041478253647,0.6473183632014188,0.034432290238564776,0.3481120828911625,-0.12084739001224212,0.10139328573209148,0.06029065510174919,0.04397420208856259,0.26529521256411964,0.09888229620027966,0.35810414979838534,0.5390390071314703,0.37451107356842994
0.052609871491003955,-0.09083051673342238,0.012735320280257293,-0.19611865969199058,-0.409531637755809,0.07609317795888004,0.0938948102432954,-0.3394869171547722,-0.2035405224342625,1.0,0.7042076548833973,0.7951453743921738,0.3987573661186131,0.08484518698054172,0.06691073931222147,0.4132763484307376,0.324334141010115,-0.059725191870958594,0.03145375749004941,0.006024265296226498,-0.008332984964549628,0.5333785625237227,0.3318299242034042,0.6509513771731763,0.13924837075493107,0.5904331355034281,0.2779875017603289,0.6872805314662034,0.48520489110219217,0.5170673623987581,0.25985497915819766,0.519684832663024,0.2697103574425454,0.23115642208339526,0.3516238710876248,-0.14988828818697114,0.17867558463192143,0.18816559137169647,0.24041740143149876,0.6088611027906988,-0.05706793202298024,0.3388654086517841,0.3307579964344881,-0.18887256469930955,-0.2929513237976724,0.08008884746677197,0.10797495760292877,-0.028400781283230706,-0.20575292502525988,-0.2553901956473098,0.03608323391580755,-0.05772763440753416,0.00520792041019978,-0.34933281336876487,-0.11578983992683942,0.07241999028254445,-0.2696528370338524,-0.3325752778633794,0.757149045781602,0.27130003046816203,0.7006560334629837,0.36561705142514855,0.44965981643849784,-0.04862977658865379,0.17009816985236978,0.06697574805598039,0.034723421310217294,0.12052255515298754,0.21113902213063734,-0.06532806471110389,0.2120825904907517,0.5468951593027308,0.23330811834075407,0.5056913479769032,0.6761021377382375,0.4326134212082175,0.44715206310068695,0.5619632756412146,-0.06865088404801889,0.24340059960577076,0.5417950148670359,0.12347276942795231,0.016657131402029804,0.316679187589049,0.26929896942855397,0.39624206877862217,0.43549772936851117,0.7357114928254126,-0.2121192776014041,0.2659450575077608,0.09010661759714601,0.1959063691919309,0.2868588229746289,0.2007853776454187,0.36579575911225387,0.09558226315789063,0.19715432736856262,0.08330556482211199,-0.1016493505457045,-0.1949572722791108
0.1935764544369941,-0.2769989366568364,0.0292128401401068,-0.4807835669247364,-0.45661946569237255,0.1109093288727057,0.014870745458133197,-0.3016549116952867,0.02085019918804884,0.7042076548833973,1.0000000000000004,0.7938571633213307,0.6521215498086406,0.3740757196185398,0.3632149545966954,0.17476886001742128,0.5557746998835361,0.08511317917471826,0.30146100595184583,0.20819767993180932,0.24373277041248856,0.5336789763169939,0.375544329945884,0.5628941238661546,0.01146864294572329,0.6632840835024217,0.3460282436767015,0.5532545619366678,0.4246031298916972,0.5828195320658069,0.26274879691132713,0.3104346257533801,0.26106838478878497,0.2656282125789808,0.2933714315004068,-0.10373026636854231,0.016479926064190853,0.04025987361931182,0.04384719945342222,0.2753057450826922,-0.03941546366384986,0.17235937551855193,0.18164422350170475,-0.07890596181533396,-0.41130517722524707,0.1091274259221023,0.06196778180933663,0.08379857767226391,0.007665403080692009,-0.14272228832261322,0.21333924977409932,-0.13573262803963038,-0.10626637150512816,-0.42883799826980906,-0.18593624116537827,0.22938141801456316,-0.31493087824202093,-0.2142512744067871,0.6826354073258373,0.6494502781560051,0.8205319815071913,0.6431058409934394,0.5877219712863812,0.33256589384808705,0.46398189096779985,0.42425969252781526,0.02963812869084169,0.43345027980217604,0.3281139699879302,-0.009715765338031443,0.43942197401294225,0.5020690264416743,0.41033757278723426,0.2373433378432264,0.7303978185537564,0.5112644702430729,0.5599786182486035,0.6050476587224588,-0.3403465217226675,0.06991759265792966,0.49505846681050747,-0.0601403901032995,-0.10820857517298096,0.15616906977211933,0.277465784214107,0.11806184635578948,0.12904461407125137,0.6382160267805655,-0.13478942580790187,0.046299245992295526,-0.14019347379592648,-0.014164041838956497,0.031662008859047956,-0.011156649008561883,0.27823229095773055,0.30858634308211846,0.18692763685092487,0.14034748909047257,0.07009558654818303,-0.20284435067298565
0.1954801163867629,-0.2706698872503148,0.058217048244947035,-0.37509810445789943,-0.500218862441572,0.21538457810533257,-0.050282922963967504,-0.29291363577867463,0.018044051267977305,0.7951453743921738,0.7938571633213307,1.0000000000000002,0.572660964536425,0.38342293032662755,0.3014300389826431,0.3097959708952254,0.5385262181562424,0.11010705169872834,0.28219873424960135,0.2062931981298258,0.3051117487865224,0.5868184451653339,0.3607902655547307,0.7263906033561008,0.14185496855695792,0.7489492755658644,0.416177527297907,0.606000597462578,0.46698595060490344,0.5787750854059107,0.1563413472018121,0.38090429136868514,0.24747527107430686,0.2727650683876385,0.34812397221012736,-0.14938624966782407,-8.37039676243634e-05,-0.03951652871534166,0.0018543179189938776,0.38841628154991353,-0.12074986815467689,0.17483424276841544,0.16762468731458863,-0.25234652549378106,-0.3579350954253155,-0.010598396610740192,-0.03772534941857663,0.035889642495781846,-0.04715623787904537,-0.31384506999474454,0.1752884220902228,-0.030553812630693147,0.03527493274947228,-0.38889606626498885,-0.0847104663157267,0.3247946231362054,-0.3376647184038803,-0.17657366738212593,0.648598549234236,0.5082864910565048,0.8361361523762081,0.5345075255767215,0.6081378626835038,0.2929168831515548,0.4487729591020384,0.34500369834576433,0.029127271584800492,0.38024630172406926,0.4325850981160018,0.07627403569934836,0.5034474633137077,0.6347145256746687,0.4443643545513428,0.3670140085112336,0.8340507879114424,0.6186614738377445,0.6057026130907455,0.7385923380787651,-0.2405870434741724,0.08828365072251251,0.7156543795387695,0.0016863397988521275,-0.05446654488253903,0.22717848917324238,0.36546410302926363,0.19385114400380382,0.22546518408499694,0.691277250074256,-0.13679021589122528,0.11287723264449266,-0.11641833148704922,0.034597457713054086,0.0048055278111905795,0.008053869464233646,0.29593847870878504,0.07089911224356585,0.07496999204839326,0.08176807026548703,0.10221470430879578,-0.29077513530861554
0.01950953611572586,-0.38952887336934416,-0.1303706103178799,-0.5056366083999145,-0.45930665064497883,-0.04110376116587975,0.07218811958372183,-0.20100809266238337,0.05824211270454788,0.3987573661186131,0.6521215498086406,0.572660964536425,0.9999999999999999,0.6946630885096498,0.6119485224626843,-0.04494066236964309,0.787688185625254,0.1821033609963979,0.49765056469568203,0.10659329283142921,0.36225320857505083,0.5505482795811142,0.48541253850599586,0.2858316468620253,-0.15447955342781966,0.46100301460343623,0.2191213477644726,0.28705594991998135,0.26149417212185366,0.6255688387159378,0.30383192766760436,0.16303408643668146,0.3273464082031463,0.2514436055896438,0.22179821351999407,-0.07195740878586097,-0.1318554282792374,-0.07903144869042403,0.055089489512143125,0.016404473989340147,0.03059402121250004,0.020180531626032443,0.18351847689309753,0.004879152157749521,-0.43167913255143114,0.25006061215279296,0.07895593828882581,0.28767933525014444,0.113096723359171,0.03302366949951985,0.2564150453523883,-0.3528785502860395,-0.24157111512166574,-0.4943904600522547,-0.3724336678558826,0.2504811635375675,-0.29443782461145085,-0.1041519972146507,0.3053327075128535,0.5439803507248335,0.6527718593162821,0.9259660476411034,0.8076301310665283,0.6076110227207633,0.6074236387520355,0.6671605279227301,-0.03388089968405913,0.6900954455889916,0.41029542135778685,-0.004544982420161609,0.439955722849612,0.5303325434127019,0.5821174076357695,0.02117480374600479,0.5285143599774662,0.33983440790857466,0.5163990797469576,0.6443465917698408,-0.28337065581119764,0.009325406295216629,0.3369242391321192,-0.20059261353033592,-0.2136558549172737,-0.01748121075687964,0.13476047920952947,-0.07064929031209194,0.02152715930866967,0.3288197625810386,-0.14403577038119347,-0.19984593612877383,-0.32242072334834027,-0.23465933144294965,-0.07175446168226714,-0.2146054654527399,0.18547812002266442,0.28045476134776526,0.21478431052806185,0.14082555177803172,0.17532496746591356,-0.1384360318584774
0.09894626213280656,-0.295350493861497,0.023479930382380415,-0.3921613152823117,-0.3246075342340313,0.19043121675883007,0.1471052785586811,-0.09376991833680949,0.3266150232661834,0.08484518698054172,0.3740757196185398,0.38342293032662755,0.6946630885096498,1.0,0.8861393031852773,-0.03842222504428915,0.7555562261393799,0.3697186598588165,0.808286946988615,0.3038653356013764,0.6435220334309947,0.39291688418019227,0.5433860222379029,0.12355876433018026,-0.25431931912121014,0.22663949515328954,0.25958278846261973,0.06381198416525898,0.3771854708410379,0.5494828954330291,0.10628260718484453,0.033783133730326056,0.4115202940837594,0.298151007489007,0.20222256013967393,0.1841066769143798,-0.04595215844937028,0.0748308079331848,0.024588265329917095,-0.12429577612865747,0.17712220052641464,-0.0867301075366136,0.20064095814560992,0.22208775799865393,-0.01300937881285942,0.3368980396170897,0.05567200458331395,0.4298441545061882,0.4277474038017071,0.27863199071243083,0.17176723622252854,-0.14773947070810636,-0.0645036462927107,-0.31011231614946433,-0.155245048965801,0.45570457597330366,-0.20566290375037272,0.16221562039473542,-0.07903953490313896,0.4322826225485532,0.45411496125515877,0.6694135843891217,0.7065743227022311,0.8719762465019233,0.811223359864827,0.8957354420526549,0.10950627566579674,0.817061694082386,0.5395481581547896,0.20879519797472662,0.6236673301379954,0.4568125221195047,0.5852403200624787,-0.23504687237837468,0.40597810838134685,0.0426982160047753,0.5774249674279035,0.5063671383386439,-0.08115071058403149,-0.07199611942597132,0.2789812685434759,-0.1251103097084899,-0.057846094996323476,-0.04321627977648822,0.11464497315729898,-0.18352365370899915,0.0781785992470737,0.04778809447141689,0.18312885888703126,-0.3259706107892554,-0.24223967321191217,-0.22270845124979166,-0.16626320575390824,-0.2779543303497666,0.0267784879843249,0.2030812578475852,0.194012992025613,0.24165131781289625,0.418233579584513,0.1239149694422993
0.13458595114931507,-0.16724153128363384,0.09228870792575547,-0.3052646604596715,-0.19970816704569044,0.2601136123376346,0.2620382442756122,-0.0009233924128997175,0.4185483383223484,0.06691073931222147,0.3632149545966954,0.3014300389826431,0.6119485224626843,0.8861393031852773,0.9999999999999994,-0.013785174178428169,0.6281792614483204,0.39905819154756633,0.6877406954451225,0.34262035534372104,0.5999525768854176,0.3324384446088456,0.5942420636121111,0.10140544765920288,-0.24194209618571158,0.15845296175012977,0.2238854619780643,-0.030727623274468412,0.3824835383205074,0.5738557136153726,0.13385687028938287,0.10672561259720698,0.46001947511447056,0.33094812683673214,0.22208927271460302,0.26235925807128285,0.011720320292488087,0.19829215072498474,0.09321943804615206,-0.051160130982517676,0.3213762188308679,-0.029087464615259857,0.28978804394300534,0.3471103495316962,0.11424648315301857,0.3899403886549554,0.11573379116903602,0.5019188798028398,0.533557843843921,0.35049257109417,0.15942839219189417,-0.009610564692703891,0.05495300238635055,-0.16174324314361074,-0.06775996794569214,0.47420519447588755,-0.0806969467157048,0.24011078176510198,0.0015582490533995264,0.40750421269686504,0.39823067564622494,0.6184812170996539,0.6042753944453966,0.7958982006429177,0.7312584414191752,0.9540487673024786,0.2073431319747938,0.7373403436664842,0.4506791432118393,0.266107427409777,0.5720971241325303,0.37571348960773476,0.5150610728159729,-0.20288884643759364,0.30349745814791007,0.032507594968003484,0.6135193930878495,0.3924978179434691,-0.07064571034991446,0.03679869353266793,0.17612949342957002,0.011456698065441593,0.07888407706422391,0.043651956873329935,0.05408120734213992,-0.12143950921386662,0.19866104008700303,0.009182784655201033,0.32218250146933547,-0.2801210673737217,-0.026485525656674398,-0.1133668570750135,-0.037784749447898676,-0.07250372706747066,0.1463456788962452,0.29065994225804165,0.29243536787178515,0.3723103697094704,0.530775147227691,0.2848730821009802
0.14498510256089722,0.578114164201261,0.41125059245205187,0.46711128957199777,0.23629319835128446,0.3013436324725321,0.5164259697321225,0.29584420615234003,0.14171866456768997,0.4132763484307376,0.17476886001742128,0.3097959708952254,-0.04494066236964309,-0.03842222504428915,-0.013785174178428169,0.9999999999999999,0.08215123776065571,0.4806769514179786,0.0585599182640754,0.28556141038682104,0.05229099128021703,0.3258155328370684,0.3914323736516237,0.4497824082885549,-0.011095314274665742,0.19035644442960004,0.3548043863955977,0.25124510024918656,0.4185185905848108,0.2320375011989801,-0.17030499991293283,0.45833221302241456,0.28181978152622833,0.39499072724937684,0.29117805801388247,0.16998637660508017,0.11473043046385312,0.3910580193504478,0.2515152029126915,0.5767839788861883,0.015530948984283827,0.28607271730477535,0.29685357302110904,0.05463336971515772,0.12222016415222517,0.1380476002778976,0.10767689749883479,0.03132479597486565,-0.0005373800370019907,0.016593456582212684,-0.11487839554993438,0.5046850416266165,0.7052386622999121,0.31432163850581474,0.4641341361808927,0.21645911546468186,0.36641882970185596,0.23953534248717384,0.23988319890842505,-0.006970075282901247,0.24103394590299518,8.24762169753692e-05,0.14127013609632316,-0.08507651705832293,-0.008024284006623004,-0.028873094172773662,0.38843222800539673,-0.09215609935024766,0.4385145739167288,0.5016279750027466,0.21097285758618248,0.45419515699009705,0.13134806536528545,0.3701126608144564,0.2854950811546366,0.0604522765352906,0.17985428570440545,0.16098644322134853,0.08042853537401544,0.2515170182231116,0.3406407067807614,0.2620457049950976,0.29030771315872295,0.3580654538761325,0.22324210114122914,0.40663764259472324,0.2288228247892093,0.2713854985581009,0.24471596467596052,0.22453326453730732,0.27930631534272576,0.3884264318927396,0.29703954342891087,0.2615873276073359,0.2481894182925481,-0.06511900874989585,0.1615319540063833,0.08970637819530035,0.06472598452303509,0.09052094012431487
0.06531222863781334,-0.34093921959234186,0.03801826801687101,-0.48821855552882865,-0.3904385963173224,0.19152051070392176,0.04798161266530309,-0.1455000939563545,0.2269590182173855,0.324334141010115,0.5557746998835361,0.5385262181562424,0.787688185625254,0.7555562261393799,0.6281792614483204,0.08215123776065571,0.9999999999999996,0.3643401159185645,0.73729019439504,0.2936067000628181,0.5680917496754567,0.6558626844179839,0.5728039062061567,0.45724874512484465,-0.15265526030208162,0.5066842364485495,0.37547025853785304,0.32426743328543883,0.4063084022321177,0.606650406254651,0.27596531523654344,0.1559773080324156,0.4246431212836802,0.42488293958699225,0.3709194224813514,-0.03802074186191969,-0.17719755103205567,-0.05421497715271765,-0.04113989579278684,0.007197085356029844,0.02118862397400892,0.009079491235028395,0.23891489171121555,-0.038318898867349564,-0.33389634987246564,0.17488496449324034,0.06402696331007957,0.3385222951758836,0.12475735947160246,-0.03386918413705465,0.15733775568155864,-0.30254861801369337,-0.12520746844343192,-0.4281746797819408,-0.15699037238245023,0.3886429068581558,-0.27449420974184247,0.06387714619963385,0.15795325917582081,0.5064746751661671,0.5896382181412338,0.7000250674689068,0.7354718570045308,0.6566406518613346,0.6862704318208613,0.6952140474047641,0.03954722942811721,0.751507953736052,0.631649342505898,0.16158882468833102,0.6522237367324509,0.5788124738993102,0.6765376921926629,-0.0349366161723895,0.6036234034026419,0.29146329895073475,0.6663508336611041,0.6590047370405543,-0.24418046515652017,-0.08518107582809152,0.5073879159257337,-0.21061046754188312,-0.13753814752171054,0.07206452052273535,0.2692898306144204,-0.05146691799398754,0.009285044750439194,0.26026228629454606,-0.045614271574600955,-0.24222045178856078,-0.3043337979749337,-0.21794761952118327,-0.16708490430534237,-0.3089011970292306,0.03893868926318071,0.15251995405980262,0.060499713166135026,0.1354413643737897,0.29567755227891485,-0.1662490463748668
0.07644773298228404,0.410619647421304,0.38472332297273426,0.1866792840115888,0.3706939793634029,0.4062151494128417,0.3586749900759658,0.613898197003332,0.5673788272691628,-0.059725191870958594,0.08511317917471826,0.11010705169872834,0.1821033609963979,0.3697186598588165,0.39905819154756633,0.4806769514179786,0.3643401159185645,1.0000000000000002,0.44678841453619556,0.6510169370178104,0.5374687776284248,0.38488805623793054,0.5130507598011023,0.2214439684309174,-0.22918458265787806,0.1531118059318184,0.4073165294242414,-0.023434041768249776,0.37723831303217753,0.3277062168289729,-0.17161829458350653,0.17453510404724729,0.3888481928347707,0.6313582562276444,0.3248500058127408,0.4108129602787101,0.021034536258198448,0.10726384843747691,0.014403588929076727,0.09648871583545626,0.25099874023956303,-0.0019300083184727046,0.23630363159756565,0.19614652841021418,0.19258070040056366,0.14270103555916405,0.0951867899161858,0.3472792741775222,0.3290475211069394,0.23933314979270193,-0.035820870938524756,0.3812371732858446,0.5154078954124155,0.3047540505213096,0.4956401608384408,0.38177036954208327,0.4477893031035727,0.6451653106115283,-0.033814153332297925,0.2902438118864074,0.13915403196109336,0.2111582340565192,0.1991782780708979,0.2629158825705153,0.29884894182137894,0.3423897676438019,0.43788150350782584,0.22099864213233458,0.6208822911185455,0.8033121198319184,0.5112531006635523,0.3576161024775355,0.4243113740013791,0.023337504517987447,0.18194548377756367,0.0874754723682335,0.31573505925330064,0.14881661667402432,-0.09980432275493546,0.06619152849872038,0.21483947123165242,0.22906141252149,0.2621512291768761,0.2513824782551346,0.22712838685334508,0.08447794407771703,0.10519278866148701,-0.05208463431596593,0.520278869552952,-0.09393514796422767,0.09635412395092992,0.04993734497057135,0.008667410467187242,-0.04892408615903903,0.06887204741604437,0.11662332809353482,0.07714104244825844,0.3207047936093991,0.40961317403190206,0.21110711131025536
0.04999837144898177,-0.24443436750416003,0.10463680359329239,-0.36264301935774124,-0.29214940797873895,0.2834783733251442,0.19269348112118762,-0.09268119577526997,0.3573572807128253,0.03145375749004941,0.30146100595184583,0.28219873424960135,0.49765056469568203,0.808286946988615,0.6877406954451225,0.0585599182640754,0.73729019439504,0.44678841453619556,1.0,0.28324449283699377,0.6241015605306733,0.39895920468671037,0.5147912953904776,0.14250834971231482,-0.3263070796636917,0.16402520028022316,0.18443980979676505,0.06765939449745076,0.4227869461672108,0.3914165401651412,0.03431713464682382,-0.10672783774959482,0.3199407852450853,0.43935578189384533,0.2121718694429273,0.1912341219446725,0.10859009317686616,0.08381184495817914,0.05084308749018015,-0.08714264801885957,0.14798122913250078,-0.07361100468244672,0.14824468540431282,0.17111473698027632,-0.007705998597077139,0.18915012158786804,0.03304587819498438,0.2600121679513683,0.4134814113099237,0.24243133303927286,0.018027982593575253,-0.1025302012193427,0.06098046734754309,-0.2704144166253261,-0.01589941887933433,0.4501518915067946,-0.1569924408543181,0.16969273060416087,-0.10766726840386417,0.356500823909077,0.32205215757626066,0.45091732203892526,0.49222738010876355,0.6798677305638546,0.7537088080466773,0.7207693955029008,0.19347656970782534,0.7632403832199459,0.7286841907163688,0.330157396004418,0.6525515681728729,0.43810065899753964,0.5038431323257768,-0.25242818353953983,0.378859330601696,-0.017923591133437215,0.5861901499630514,0.39235931930745765,-0.13715123455529732,-0.1964418803615404,0.3587336453879945,-0.0432964954856221,-0.055525968013395134,0.04166064365523844,0.09028556332608159,-0.13365393043936175,0.1686627910875731,0.011801145987237338,0.2730756688820879,-0.23151820457147726,-0.191738456309478,-0.18089814159760645,-0.08143144673284729,-0.18876854398541526,-0.008643165254795216,0.1835193256093571,0.025348968791429092,0.15249196291678177,0.4150542653408328,0.16646263592618937
0.18327606138167618,0.149482458430014,0.2759694724017219,-0.0686733184040514,0.13087601125889398,0.2957918319884414,0.05440181169077941,0.2532224815428802,0.41972350171445955,0.006024265296226498,0.20819767993180932,0.2062931981298258,0.10659329283142921,0.3038653356013764,0.34262035534372104,0.28556141038682104,0.2936067000628181,0.6510169370178104,0.28324449283699377,0.999999999999999,0.6609047956844446,0.16406783749090098,0.2452169243413414,0.3013518598295773,0.042498011588548865,0.3054609279859997,0.49830880814328954,0.16675326499034512,0.5029829179707129,0.29499620253310366,-0.16858050241028785,0.14448040513867205,0.2508904960722448,0.4289629725682083,0.2584057420328714,0.22564377312245923,-0.04968424781640092,-0.02244200968528359,-0.22340227113711242,-0.02021702564118945,-0.07739757304713582,-0.027263285350899037,0.0056952236051331425,-0.09578250088368244,0.03634372006791111,-0.13527037957065788,-0.12809963053601084,0.1125801495445463,0.14410672196291985,-0.03482345651261565,0.029649977051794636,0.3709614284714267,0.3531278341575572,0.21910369221308565,0.3069258381228533,0.3053454631471364,-0.056732041251309984,0.37354646698692556,0.05591189102055181,0.38979857248193317,0.2480616944804529,0.19791649927302185,0.1881867190751425,0.29882444619675774,0.32289403321066046,0.2975827099892194,0.22790389479292023,0.1717049343276267,0.38882010921520294,0.5142239731797871,0.6489522568644169,0.17443284164513528,0.29348264606641394,-0.0244560525392341,0.3066659505292262,0.29792048054395776,0.390450213333604,0.19268976880757635,-0.21550298795036157,0.04187895101432756,0.2793865533087906,0.008532710048681178,0.16346195311170184,0.13879729296035748,0.3263475988132293,-0.04342511663596475,-0.05455288476711276,0.19573003769650066,0.4460942040801705,-0.21377974670341662,-0.02619958894126058,0.13799833777317358,-0.22858500836225892,-0.17360401956510993,-0.0040489928439805525,-0.012783204153254372,-0.13003320353176137,0.1574327226996944,0.391672426504864,0.03677102930024543
