0,1,2,3,4,5,6,7,8,9,10,11,12,13,14,15,16,17,18,19,20,21,22,23,24,25,26,27,28,29,30,31,32,33,34,35,36,37,38,39,40,41,42,43,44,45,46,47,48,49,50,51,52,53,54,55,56,57,58,59,60,61,62,63,64,65,66,67,68,69,70,71,72,73,74,75,76,77,78,79,80,81,82,83,84,85,86,87,88,89,90,91,92,93,94,95,96,97,98,99
0.9999999999999999,0.35642122632815887,0.14213788545703163,0.4360089867851955,0.3345724206620287,0.23876356720531844,0.39532474911432525,0.1527494969382183,0.3785114558543099,0.07951869606789805,-0.04042023022583102,-0.17037686872947624,-0.02946346161468525,-0.11063611932112048,-0.05012184223668,0.40220715987356215,-0.03446075207957104,0.2328862690281124,-0.09352059529459147,0.14213530934340718,-0.012131651199260437,-0.21901576829441072,-0.04538173232899701,-0.15616041484073298,0.15346147748172212,-0.12689049661127386,-0.18298386787391854,-0.07634436192445938,0.26565382191313497,-0.304858972145492,-0.017083451288701874,0.4608723766487936,0.2470142444037563,0.06446248733317149,-0.05857117624880142,0.10738132567571695,0.10145683104673658,0.37610334927818984,0.17307646134654314,0.10828583177182216,0.042635088211912114,0.11400887893759123,-0.15920850201942596,0.02032001178695402,-0.07923456720410031,-0.19294095374901424,-0.041360393422842395,0.03411781181982463,0.205324326273204,0.051178634827129706,0.5399395508547056,0.3911365892003437,0.4787420287392509,0.4090387674248136,0.22327657401282713,0.3397896406381293,0.21758385392755428,0.2481144264312226,0.06482615368723947,-0.20805837733266913,-0.06509156352898432,0.04521284945221572,-0.31148213618204645,-0.36672319223740807,-0.01219653341077404,-0.16870148150718053,0.27365756601477226,-0.09886823418779092,0.031540049560289524,0.06659018530537329,0.2454426772005231,0.13614169442759547,-0.37225129772271137,0.37066651303756876,-0.021299524208703447,0.01514379847944677,0.011931008185113775,-0.31501638520560493,0.18335807993485462,0.4555930704344845,0.057022498184150165,0.2199160534326971,-0.019172382231907054,-0.08071436255086127,-0.23763241544577976,-0.03291333725087156,-0.032516671418651326,-0.014851830658306586,0.2547549539733108,0.14745071688749048,0.318020116545975,0.32269591501249756,0.3186484976176109,0.021105612682234046,0.1746303973556063,0.07025872997392152,-0.021225684738597938,-0.25810712456340523,0.078971611470318,0.14087629966423834
0.35642122632815887,1.0000000000000004,0.5307125251884728,0.5871653292359276,0.7406949167305715,0.5021588983422005,0.3502744259247313,0.5795540439887834,0.5298746826761652,0.14166326996194245,-0.013769269893103151,0.04422907715099685,-0.04296333576221064,0.07672761221151672,0.17385772433315907,0.37540826083367207,-0.16329325857710478,0.2661479305701411,-0.10212682131106966,-0.09555822503668612,0.18476278483608027,-0.050224860679837585,0.14924714551885368,-0.06783821543514564,-0.03318722681272825,0.12173964646368102,0.004068873420718712,-0.22877760722531465,0.08331482505690178,-0.14014775769936338,-0.19949015007187532,-0.1540895129331356,-0.19563536819340765,0.11902025617214575,0.14358465536925416,-0.020577892211791675,-0.11907169747439285,-0.007365961466489391,-0.1294443977931715,-0.09005694537143306,-0.06004293398027799,-0.1707736514869648,-0.27946782504276774,-0.38176180289277467,-0.025552233817501584,-0.24599340641335,-0.0482569098796626,-0.04448673171888244,0.09454382006910982,-0.12547767471494572,0.2678092450816725,0.8168832339987999,0.5049924649048646,0.6613057524932914,0.4661865999071702,0.43299247189035706,0.5199851840047521,0.5669383049955711,0.1267371181286199,0.0002701931879459589,0.09981140506412534,-0.08233163723646021,0.040169044617679166,-0.004548842595805464,0.26372886481422003,0.10986287438871366,0.09474751066079931,0.07773496070815543,0.22769412251071844,0.20265475469139757,0.08620949051003063,0.22332060387976055,-0.011262365058206636,0.018653355885249297,-0.019676186758671475,0.10782699012268039,0.04475445127488125,0.020606655868774425,-0.009339169386700598,-0.07476306491906726,0.18814403203738284,0.2901101181162166,-0.016121267796278607,0.24528115602640543,0.020716754428337942,0.20702868264261134,0.03691241311190821,0.006198081734910089,0.16111640982438402,-0.06381623527014411,-0.04234201816506715,0.07285032865528593,0.03226696595891906,-0.006581937486776938,0.12810718119854353,-0.3448609698106823,-0.10506871623952763,-0.34027898486446745,-0.0008450996850874032,-0.015653825769170758
0.14213788545703163,0.5307125251884728,1.0000000000000002,0.2806564332130812,0.5591468539857402,0.5647715525584069,0.43947056179314314,0.59797529855323,0.44809693796915506,0.12594779682480445,0.021790179111333307,0.061397622154403704,0.01604440181977037,0.023176268313551653,-0.05494323358847418,0.30941325345319265,-0.16938095660363908,0.47375556655117607,-0.15938421962418506,0.11178421495971028,0.009178990189838332,0.08143232661633272,0.1660496042256785,0.06915945084525117,0.08439881714419087,0.14462286378837755,-0.25712524206442694,-0.17958006933819398,0.17102440698469235,-0.2105983029108628,-0.11348288523499613,-0.20643484255389372,-0.11983308210883307,0.30610900400411417,0.0388318042869508,0.04831703700739661,-0.11944675632467742,-0.13149124488490893,-0.29929586965858096,-0.08827759807061995,-0.0017592941439821023,0.004425440817613035,-0.21023512253002777,-0.3400355461955702,-0.2705564441026078,-0.35470322337026755,-0.11135790677781808,-0.009997266835443807,0.09926281473480843,-0.09423108177107482,0.09253163117595956,0.5321616922410796,0.3809365339600893,0.3422789340205387,0.48826254563337024,0.599736842086815,0.6165156524181439,0.5675841831673706,0.08372171159675633,0.0012755759270884845,0.06060065073332296,-0.05068465341257826,0.007630359412087852,-0.28829288860368446,-0.05912650231337066,-0.216080504768778,0.11640604926963509,-0.02294050694938234,0.18528790895211228,0.41555001602441843,0.05515032626655624,0.2024467549249504,-0.06206696936209981,0.013670486582760717,-0.05589291200453062,0.1977297538142298,0.014367792111692161,-0.0198142660519702,-0.14236923130490028,-0.23062272088869545,-0.00664517362489687,0.25598491497306747,-0.10479658495653552,0.06843969315554727,-0.18935014874646855,0.11804097713973752,-0.04397063195548696,-0.023009390671855187,0.22899332581380458,-0.1314362702669764,-0.19837590147595546,0.039745001112477266,-0.030126624500188787,-0.011589032433506034,0.00016613363751148086,-0.2395560753265021,-0.32292737991863696,-0.3039823807475879,0.06549043122224855,-0.03986699384806767
0.4360089867851955,0.5871653292359276,0.2806564332130812,1.0000000000000007,0.7201438647101267,0.12870952541647754,0.329234686928275,0.4600093074868304,0.4750436433118834,0.23929223335288363,0.002995452759924004,0.05886780692886906,0.007925727836756345,0.05132431542765914,0.0321664321619799,0.4587137789169715,0.08589535712410883,0.13487527191771298,0.0007959195952325443,-0.06796758804599669,0.3306635256200386,-0.06871894161581894,0.12605351407942905,0.17784548248738027,0.11975131363927767,0.22773030967920005,0.17302527211525465,-0.12078314801975784,0.17056004097031438,-0.07772729915206766,-0.23016488460880036,0.10147617159865409,0.14738680669621287,0.16415323720774735,0.11165122412734332,-0.09942498870010003,-0.08165498184213259,0.19930304554259468,0.14908336423769844,-0.033596976372043445,0.0058466875689363726,-0.018977592021285558,-0.22128847413947594,-0.26433910853537484,-0.013426134098459134,-0.3009457940882767,-0.17184761658394324,-0.08423077509348025,-0.06460530581615911,-0.1554092104949175,-0.11538163729506672,0.4826432392751928,0.4910327735486299,0.8490614535413213,0.2985811734263925,0.3331746499270863,0.3032705323158959,0.2651978182208689,0.0965920525074819,-0.0724541944676468,0.20161773086654822,-0.0720549254945561,-0.17398044746520203,-0.10362213506851023,0.2793256417372101,-0.025587879476064966,0.14092419055577773,0.06695044970374935,0.2800086817024046,0.27414581411403577,0.16793978607495966,0.07562421815741364,-0.16615496970825716,0.2036621752262445,0.16639073410617053,0.2353052632764337,0.10515631325576054,-0.013738465115972428,0.12452969640328684,0.20443434654342033,0.4202131380161817,0.3999474645006887,-0.03206571818145852,0.31627003485650057,0.04754384615974785,0.252141705790018,-0.057192284528264296,0.025652598443004555,0.0370238222990045,0.12578675801541184,0.1689669735209423,0.017598797452180383,0.24439036673984166,0.2576553627432524,0.22079252582965933,-0.2944990132860264,-0.025672142242677127,-0.31209781851320173,-0.14399883696029217,-0.08882781148846686
0.3345724206620287,0.7406949167305715,0.5591468539857402,0.7201438647101267,1.0000000000000002,0.5649084186586004,0.35947891073550453,0.5742250641414274,0.6762281257617901,0.2975016123053911,0.10585221496211682,0.1328039851001218,0.20208185348109578,0.13548459029986112,0.16128380382041985,0.4415864769627748,-0.2038489710105984,0.30846182343511747,-0.004346260415434271,-0.057231303538689805,0.24443240401791086,-0.07153821959647064,0.11314842572794072,0.0031570914619205013,-0.045625660009190924,0.2523300578479685,-0.024149990235209206,-0.19487983716201288,0.16325992861465044,-0.024765724681273006,-0.19810052798072195,-0.23917325204539616,0.02847488816652257,0.14191321215518213,0.035208465086385754,-0.014790497219417447,-0.1520241304503023,-0.03333223234384727,0.021423079814140513,-0.09463859283776974,-0.06774026569233257,-0.1184301091736234,-0.2872065483848279,-0.3315153251190369,-0.08824396521750555,-0.3651549771950263,-0.16898029398680778,-0.09216610406102896,0.05861581922899337,-0.11500623099379406,0.13058392906923721,0.6592992662115847,0.5408665154731457,0.6893094565831318,0.6226096792504309,0.5606733739027052,0.5739672362102177,0.6008904947619151,0.26945358812599624,-0.009716244405887848,0.24405393427734434,0.14064247976089042,0.01981329153038942,-0.13088451002031382,0.3793803664322373,0.07697819263821856,0.17892624953912717,0.12933619170515345,0.36693924246618553,0.3271600059826528,0.1893479609650974,0.19170867342256862,-0.07451164471085088,0.1461768953658096,0.09702103301907548,0.19200916702239376,0.19192108015501458,0.1256936072487731,-0.06644713782744692,-0.1156486392539602,0.29741042044087823,0.3543959369568162,-0.13043062272618305,0.2243360833881408,-0.07477236967412516,0.17188478217284303,-0.032022719976984915,-0.07080122475048377,0.1429010708599079,0.033585307595711954,0.07250942672829623,0.1009759510219462,0.10648519196895422,0.05601067971277793,0.14802539607809978,-0.3062609188794718,-0.1537084817621126,-0.31092507502411326,0.03698478877811384,-0.014853640300529195
0.23876356720531844,0.5021588983422005,0.5647715525584069,0.12870952541647754,0.5649084186586004,0.9999999999999997,0.5543334514697594,0.3383678178961561,0.6712989479997195,0.14035849230390407,0.050229723755032464,0.10088728909645056,0.19270787473812476,0.10047841947880902,0.16828038532861506,0.3777461914508621,-0.14632430033596386,0.5243550545333343,0.06526073097481365,0.3055059471830517,0.03855742130665379,-0.10687912150386591,0.09810107161873748,-0.061274281936961605,0.020606600018040926,-0.035417388418255646,-0.2023440804747662,-0.18111024489267397,0.34480988457800044,-0.10757001812608867,-0.07873866939615104,-0.23080165987745574,-0.04052940217121851,0.2697026392911259,0.003719574738755192,0.41549186785238973,0.18214208477412355,-0.099613984096157,-0.14095243546343184,0.15642916053328676,0.21324803993056188,-0.17753632361176663,-0.2613592018168081,-0.15321610566872104,-0.09335159680662412,-0.09421708793599487,-0.005959519497769916,0.25205625602900805,0.545410770994983,0.30251970369578335,0.4333493823373988,0.4939675801026202,0.4085524096382658,0.1283745834927135,0.6531220135789126,0.7156830126825957,0.5560635770864398,0.7443832999282822,0.22760737430956135,0.13680528586472476,0.18480795120893595,0.1517127043671706,0.10023070629262947,-0.1833573618777342,0.24623329955060555,0.03384324699256637,0.4704957424913289,-0.05116708062886961,0.16586065789346863,0.30747558472911446,0.28664780086813785,0.049919864363147944,-0.06721444819005543,0.26797570919785485,0.08515595178372945,0.009192333915213636,0.2948016517256316,0.0017898849813966359,-0.11086582674491886,-0.18249873256069446,-0.1742828807374746,0.14866364560854187,-0.27438799051674206,-0.15778697260303315,-0.23977864193366816,-0.042890707094458594,0.2352245189088892,-0.27481276010380035,0.49977176455525824,-0.13273816825778215,0.0040978850089443105,0.18275770946248046,0.0682715867238083,-0.29010796928170374,-0.20489370048897237,-0.008591271211467778,-0.14877893805412376,-0.029035648275941867,0.496394451982337,0.39563227040039567
0.39532474911432525,0.3502744259247313,0.43947056179314314,0.329234686928275,0.35947891073550453,0.5543334514697594,1.0000000000000002,0.4062894986871059,0.44566815841181856,-0.13006186091298755,-0.21796748554132028,-0.17538384409958163,-0.033482866880715924,-0.0039190859048333715,-0.07405461035934013,0.685662612668759,0.09512008543228882,0.7663013116121551,-0.012213890213335587,0.5494403638590237,0.11875613319231436,0.14318826716482586,0.34903006666658637,0.2661541215550478,0.07461681786464086,0.005514406186368531,-0.1759380495399714,-0.19895267582120837,0.58809269835417,-0.2096573968139183,-0.022717447411424462,0.11950149952874548,0.1344196657669305,0.6474743279088794,0.10844298032020709,0.4465391442349721,0.14077081202991312,-0.05029562300469626,-0.23598052909304654,0.393430771212153,0.47328497064627395,-0.15178153570849554,-0.10836514531292084,-0.06995295756957134,-0.1469009656350412,-0.013096600287518662,0.2593896784972308,0.4589767004295232,0.535032811517712,0.3628105044490318,0.2978036924175512,0.3622717855167561,0.6000927616318298,0.20489329531858563,0.3614537046880437,0.5725572757451236,0.6318160890619121,0.5534705222982699,-0.1617013903454107,-0.07507784180095746,-0.07598290172125419,-0.016766944465774966,-0.2072949564198007,-0.36969784192092003,0.1409703796216848,-0.2309568769126504,0.7480934869713002,-0.2007797811769276,0.2581967662985594,0.5638576686041138,0.4767060540500074,-0.0809031952981234,-0.15690549857122946,0.5523129414895614,0.1739407177109575,-0.023094678066116633,0.3114710572822914,-0.19402286988807962,0.007729704324760799,0.1411317506695893,-0.08286421134211963,0.20169949036574034,-0.38062064175535093,-0.31645445194462885,-0.4261147917967391,-0.09501351572560858,0.038824113323760304,-0.2939843730408108,0.6281019769530333,-0.1505309113878457,0.09405116628700841,0.011799343093454704,-0.01594910307232377,-0.21904406791059797,-0.23114468368324093,0.026191989907353098,-0.2193436118532401,-0.07054681809741112,0.44888027482444653,0.425731974349271
0.1527494969382183,0.5795540439887834,0.59797529855323,0.4600093074868304,0.5742250641414274,0.3383678178961561,0.4062894986871059,0.9999999999999996,0.5018749379788651,0.19696381761900028,-0.06612690067318412,0.19169340315259148,0.09500161411200378,0.26898093909367893,0.24056862882087676,0.4535893230311567,-0.02350100917373837,0.4498678745260779,0.04937239746529216,-0.1772282671768454,0.27572783098848597,0.10401190098170356,0.35708587059835034,0.27075264019049444,0.04515586640455058,0.3517416056147117,-0.16055352447139173,-0.20003810646352213,-0.006559411544728912,-0.15388961445689195,-0.26466994837459884,-0.04280849285355789,-0.18095307840055155,0.26619186043302917,0.03034701070455185,-0.18165907159177153,-0.3477326910200922,-0.16732969353920293,-0.2722630311962149,-0.12281891337872704,-0.16142194048958175,-0.2580128503948875,-0.2363758007225838,-0.3942522954102721,-0.3166958127837251,-0.4045682780437608,-0.22031537489368758,-0.10366884633034605,-0.15208324451525682,-0.2965394404398701,0.1213466179741703,0.524972438773681,0.425625314746193,0.4634368609139516,0.3444694166343773,0.23722646792364074,0.7963112654093607,0.5226359863430102,0.05814234080904298,-0.08688679988925675,0.06821793190708116,0.11372587250674121,0.10287943506757649,-0.08127109348375772,0.11489135512425086,0.09916159834656252,0.024700840142601377,0.11766166780683848,0.22542719529523292,0.39704566738955094,0.05659511148561714,0.20367205743944578,0.10066965184467336,-0.1247084739778348,0.03308829161090575,0.22254318057175995,-0.03221298550665633,0.13466240168878107,-0.06535125566685247,-0.010431583131678952,0.06939931463472333,0.12273954260526272,-0.06666095255709671,0.19929921154438468,-0.11676448182318534,-0.01555404291841508,-0.1452437748055477,-0.051952733166413016,-0.061404942743181805,-0.31355714397144446,-0.19379502796073667,0.07342126441288327,-0.03144953731091031,-0.12417060935529003,0.1192259033812856,-0.43584763753650196,-0.3817472034143825,-0.4619275084695941,-0.22436430534017762,-0.2790718209088246
0.3785114558543099,0.5298746826761652,0.44809693796915506,0.4750436433118834,0.6762281257617901,0.6712989479997195,0.44566815841181856,0.5018749379788651,0.9999999999999999,0.26466834311355736,0.06399425670002565,0.29999237390135675,0.09947251259823701,0.027803293804526744,0.09372654581407139,0.3869963477383486,0.024500986108997876,0.33878095019639365,0.1851099698194319,0.14188228245141324,0.1915012554341082,-0.2531503797817218,-0.034074744221971015,0.08155327270079431,0.18394888456144046,0.18132752000680175,-0.030774156690932614,-0.05445600005905713,0.23750118631348854,-0.10710697493412358,-0.11386405899731264,-0.00333255963681303,-0.06555063210395179,0.1181302878780146,-0.07402828502306634,0.2539323377250738,0.18729674468581636,0.16217773399110677,0.19293076018707628,0.2147179938724861,0.06289445601771984,-0.07071506817337632,-0.32779869605798173,-0.18128501903838662,-0.035919962143612115,-0.20459481688794254,-0.19592950330932524,-0.030274757098979473,0.25987187180092663,0.18122423500319837,0.41086436288393796,0.5136049642005938,0.6228477292663958,0.4571082021291572,0.6119124014838341,0.6353707859749073,0.597865001598403,0.8067589427502543,0.34549771855887673,0.11457353845632537,0.35221367670988346,0.16830268711523255,0.10244933901050465,-0.0664992029088927,0.3733799871948156,0.044741927082198554,0.38815536208638374,0.08560842722577697,0.23391788959499077,0.2369212629569801,0.32613389161452344,0.029118959839957406,-0.09479593153843462,0.329088720231529,0.23677784802149568,0.16528441833002278,0.23841079021183537,-0.011958062867415457,0.10942809918539075,0.07855097658887115,-0.011457107933836837,0.30103892208200206,-0.06543124854532385,-0.0017964567315623577,-0.021098291726535004,0.07388279762941966,0.2684545583666193,-0.10632698817534784,0.3073734976230891,0.1026877875609994,0.2757337844480166,0.33206172694690356,0.3519435427433391,-0.14359303189448935,0.07291714221461416,-0.1352830327305364,0.010315061463175604,-0.15435217822362676,0.12794717153536325,0.2339675776206483
0.07951869606789805,0.14166326996194245,0.12594779682480445,0.23929223335288363,0.2975016123053911,0.14035849230390407,-0.13006186091298755,0.19696381761900028,0.26466834311355736,1.0,0.5072764398167948,0.550869216896765,0.41888276209151226,0.25938942060781284,0.20635825196926968,0.19007520729382996,0.08952360666063586,-0.15622105821530302,0.10457276943200355,-0.27313000340463445,0.153141543163014,-0.07760095620577806,-0.09882737775212526,0.17469852886209794,0.5197096007144568,0.3011300939720806,-0.10432823534694205,0.10319354477746928,-0.0824656935094164,-0.13221227515316678,-0.005767863022233102,0.21234236433013282,0.2682480545365805,-0.13325663398286164,-0.0821324403365363,-0.15121866308126483,-0.03840709007981991,0.3403558173956416,0.49874073395439206,0.0902372640395882,-0.10370714403801859,0.17612641486540495,0.042015104223459616,-0.030381494237269015,-0.14534213046322056,-0.34620032749274193,-0.2289602203622681,-0.29284127345424427,-0.14120427537396996,-0.14345260531427073,0.013877382609027654,0.18755968259779307,0.10347053817101495,0.15566559086757867,0.4138281969777965,0.17324310930624018,0.007093461593955441,0.03879636809709991,0.7521155553623496,0.5485535386473674,0.6847191492276032,0.40268924841648307,0.22239435906806865,0.1072035092206557,0.287814653908648,0.22005182230481157,-0.1644410960504805,0.26229330911545595,0.2367832349014001,0.058614513293512804,-0.06890870401751668,0.12987848919005657,-0.026095783660980598,0.010852592698550139,0.3961179557687291,0.610451636245693,0.1688664312850409,0.11672071253031044,0.2006898751967861,0.2191838212340671,0.38408793211311293,0.22058095665449184,0.36467346991554267,0.49061514953975904,-0.010272083314339348,0.04982837637821235,0.1997941592162291,-0.034901133846793685,-0.18586556049323177,0.39140364669657246,0.17050580336972587,0.41004357733254504,0.39947466862321446,0.13102014295202838,0.42271340558718545,-0.14143606023204924,-0.1581303483356258,-0.20640640745505484,-0.12384388747926828,-0.1261867301119196
-0.04042023022583102,-0.013769269893103151,0.021790179111333307,0.002995452759924004,0.10585221496211682,0.050229723755032464,-0.21796748554132028,-0.06612690067318412,0.06399425670002565,0.5072764398167948,0.9999999999999999,0.6065360121906264,0.3658216214198092,0.2520536875869757,0.2389235298475263,-0.2544681137563715,-0.08222427257246709,-0.16061685400720252,0.2295581541972615,-0.10514241291858968,0.11163834840763401,-0.22075099548561478,-0.16898813282737046,0.05602014873506189,0.3858571839866795,0.33286741670088593,0.14464527308115527,0.17035377907026453,0.033368273515699064,0.013269222514617228,0.1551717429704108,-0.06989602380366008,-0.10627956791646295,-0.4164587949420466,-0.0361547487778013,0.011278395870987874,-0.020464156657049513,0.3068223183368064,0.29653920961722646,-0.11875830064788238,-0.11965913580178424,0.4317497992177063,0.06879971103520549,0.13973822870288097,0.09263935099354542,0.0036507500555052756,-0.24744596780098035,-0.18312907737825704,-0.09991989046515592,-0.032706921966331876,0.05696621975307154,0.03031693220141051,-0.07460540815383969,-0.05844103222233428,0.16769840204331038,0.10362830387813796,-0.1683978093201417,0.015239356727955676,0.5712911570613856,0.4875567842584489,0.3377857134891572,0.28001789722726,0.27823236237126564,0.17922791019945156,0.033600355652831176,0.28386611184657534,-0.15492756313485415,0.14799392715031118,-0.10535378722563588,-0.13471205680087944,0.07391605904793652,0.1514465502814259,0.12002555692190141,0.06933346497955564,0.17095327076193415,0.30781275887551696,0.18612496430580902,0.18987813427949635,0.028414441921551858,-0.05461083080882106,0.037224856931936556,0.1841984891048992,0.2509027430794184,0.17093236087397856,0.2767144851554568,0.17987652485673344,0.19133873090399403,0.06935425374324104,-0.0024055821581261756,0.331967988903036,0.22123054359528657,0.29943266926155454,0.25809866905640183,0.47651906341771066,0.31936523328928074,0.20361684629501775,0.26852965749411484,0.17783936807680198,0.024489863507951563,0.01795451913043185
-0.17037686872947624,0.04422907715099685,0.061397622154403704,0.05886780692886906,0.1328039851001218,0.10088728909645056,-0.17538384409958163,0.19169340315259148,0.29999237390135675,0.550869216896765,0.6065360121906264,1.0,0.525818277749627,0.3440432373189784,0.4011965419003073,-0.17975527802798635,0.2421027311838572,-0.06164858515401301,0.43176519306715977,-0.27977941844420473,0.4445755555680924,-0.2239280918009715,-0.07806207300304786,0.4943917877468447,0.4116743379056985,0.5999866383318018,0.03049420313997773,0.18033361187156205,-0.00566401726420325,0.1458838382662551,0.0328586946135729,-0.03122005048419535,-0.30187547552753186,-0.25028873946485425,-0.23272104202450922,-0.08660356666801175,-0.05283353942775949,0.06330338401312227,0.32258409990911074,-0.050882380911274575,-0.32546849359542934,0.09888730575395721,-0.15102322887417516,-0.14137245506727128,-0.11099812640277873,-0.22730823618379187,-0.47213735544838925,-0.4491192952361236,-0.2010569024238781,-0.1462901777501291,0.08475756283231074,0.08248676095613844,0.19683388633156976,0.047092754333885475,0.3130475033617564,0.08999880700213714,0.10370842217993942,0.1924699868227528,0.6142408570065447,0.3341026316293558,0.45995773750170077,0.26530560076470383,0.3880377521664809,0.32052035226969605,0.16806960288406708,0.4287251652416683,-0.1267300377731908,0.21787854872034879,-0.10641283690248415,-0.04350455838829659,0.16611177460870963,0.01668356975531581,0.315610578287553,-0.06382325786712491,0.35184148949851285,0.41078954116403227,0.15752653849766116,0.28975554006217347,-0.006067558290982229,-0.013733231861976052,-0.017050911696189594,0.04464733625753508,0.11179692806300214,0.15635845361850037,0.2602389237559037,-0.07760482739111217,0.241278618392845,-0.16501955512519687,-0.17796376770894862,0.149619928594286,0.1728959531006866,0.3232079187623786,0.251819581514196,0.06406224845217087,0.24240135762346757,-0.1223313840825347,0.010678477962181956,-0.04499071172655346,-0.15652888885207447,-0.12787273002946095
-0.02946346161468525,-0.04296333576221064,0.01604440181977037,0.007925727836756345,0.20208185348109578,0.19270787473812476,-0.033482866880715924,0.09500161411200378,0.09947251259823701,0.41888276209151226,0.3658216214198092,0.525818277749627,1.0,0.46379259275219303,0.5035039439093498,-0.09273443755498736,0.006579136327215364,0.003377733167914787,0.15628127040191864,-0.12180875998928017,0.3594134554873846,-0.1553419993259631,0.03130913202339681,0.214035892522364,0.19394936025978615,0.2619821546185447,0.06427002614323844,0.27791670230453935,0.29452613625330126,0.28237021792487893,0.16281887786100377,0.053852588928096086,-0.051545209006096104,-0.14991545383837712,-0.11257402198505315,0.10419765236088993,0.11362694698562606,-0.05948326254572525,0.2680690242368106,-0.006070434951992743,-0.11671491777306194,0.011180242874704848,-0.01932309475244549,0.13773027000549473,-0.008269661287141674,-0.0791211991250937,-0.11820618287212427,-0.11367381406071417,0.09701549157007135,0.06266834020271188,0.0666380521868311,0.0432664194521183,0.11941296686238775,-0.10811529641734198,0.3828199980083053,0.05525963283947099,0.10789605882519776,0.16965457456466326,0.4305899815002053,0.2321755301514754,0.3398771097278486,0.7623410698010716,0.30195849318106116,0.024855496700414936,0.1763203867799949,0.43088630391136357,0.023291846488618255,-0.053959750492230285,-0.10795110021575259,-0.09741587243339246,0.0605889087007959,-0.14763010330675844,0.15156985781492796,-0.06565010191327994,0.19444593206105062,0.3231028450544626,0.38365439593777084,0.3868297522396052,0.06171581219361022,0.01830505423610059,-0.024969716017176975,-0.15495958412051924,0.07835892495939145,0.07018770339726114,-0.03779695873036807,-0.2589981347897267,0.28155468499938047,-0.10855091135724321,-0.00981564389074121,0.06970780405756638,-0.0027027221124899586,0.17349559317492774,0.021886708632633714,-0.03200815627477672,0.04366557355047268,0.005990083495358239,-0.057427596712410114,0.04230392022876512,0.20590473422472644,0.05880296722978431
-0.11063611932112048,0.07672761221151672,0.023176268313551653,0.05132431542765914,0.13548459029986112,0.10047841947880902,-0.0039190859048333715,0.26898093909367893,0.027803293804526744,0.25938942060781284,0.2520536875869757,0.3440432373189784,0.46379259275219303,1.0000000000000002,0.6317441685746215,0.06630976170938743,0.08126597365177468,0.13291097388588635,0.5219133962842023,-0.0900655070393465,0.39572697936375123,-0.08825572446385242,0.4962124737874896,0.1886554836185719,-0.023636685508519505,0.36239723047169725,-0.05653132020921938,-0.07947566897472982,0.06918469769238678,0.21188770909153423,-0.07972325132790165,-0.15407958270040395,-0.012893370777111854,-0.04241140913307882,-0.12394303515123092,0.022078501539864105,-0.058446557472256175,-0.027568428930774647,0.07672417450784727,0.048450921086691606,-0.031850148110997886,-0.1945825792214314,0.0005662156282078914,-0.0914279619597225,-0.18821684383035067,-0.08388214626184644,-0.12357218515318998,-0.031498955202128184,-0.02797263879656151,-0.008378039799154684,-0.14677063469852497,0.045759919102900316,-0.02075248927214973,-0.08934082549689011,0.09410027556699706,-0.18680823035748517,0.09989014571430663,0.13143085891972028,0.05495480440701809,0.18958761345085803,0.17688250457838386,0.29474211312976983,0.474864679562315,0.2645635173277037,0.22639794192231194,0.5627901952303382,-0.0440684492875542,0.02899301467347519,-0.03148103539673123,0.0897355082288109,-0.09292768828543854,-0.1847761936148312,0.32771453470229045,-0.18014225103512743,-0.02367191938045033,0.09020892749366236,0.01842744398908546,0.385393178693615,-0.16884557303533082,-0.17616613984221063,-0.10496777678561656,-0.0696279412129074,0.04895091301050952,0.06208857334847542,-0.05312086636030079,-0.1659041262566042,0.10927530507677885,-0.03271622691925709,-0.1022001253553001,0.03197991712832183,-0.15551203748144446,-0.015713474635735372,0.09861369274939166,-0.03247211600162411,0.03167067287052728,-0.08582406959655192,-0.10155941055925566,0.02057084638805718,0.01821605841301541,-0.008108255348671408
-0.05012184223668,0.17385772433315907,-0.05494323358847418,0.0321664321619799,0.16128380382041985,0.16828038532861506,-0.07405461035934013,0.24056862882087676,0.09372654581407139,0.20635825196926968,0.2389235298475263,0.4011965419003073,0.5035039439093498,0.6317441685746215,1.0,-0.0013284495334201453,-0.009575777069210981,0.030961812304613836,0.26048621331405947,-0.21183416670369976,0.5412612510776403,-0.053966301968641286,0.41353303746797915,0.15643524593921776,-0.030923538132114587,0.3389031773060347,0.1133616233796709,0.01698762470458846,0.0318261024219759,0.4503248946080148,0.06384546126020985,-0.11247785392625892,-0.16592652758263773,-0.04671897065287008,0.04695423438392687,-0.005469589192182737,-0.02625500369243501,-0.11343410174204405,0.09454701055006194,-0.11126629483572532,-0.15220868243896216,-0.2778492739418501,-0.20095829023952305,-0.2002864108599833,-0.03337808855830563,-0.008252386170951788,-0.18332136971429966,-0.03895343897648876,-0.04436655466084914,-0.07463304475876839,0.03956938345832981,0.0809148172052108,0.05299060387564195,-0.06817419869839557,0.21819457365933007,-0.17538973745061884,0.13343535392227396,0.1805757789448656,0.20109451912379167,0.1162667680522944,0.1912328144038717,0.2995272949552681,0.4399995117622345,0.3715588147977226,0.41067928304264184,0.8153962066818001,-0.02541614424760352,0.08062041004609272,0.02593105063671776,-0.0283397678152723,0.019500800147096358,-0.01845329690511736,0.5061715271013287,-0.13546194490678784,0.17535159426732275,0.07696385389881703,0.19440979994464958,0.6288438917830209,-0.0632773871917477,-0.11505671570751004,-0.00426360917855104,-0.052221194369663104,-0.062415202816883356,0.08545530966576168,0.12242938292572797,-0.1290209156647102,0.15959427689147476,-0.057126220988529125,-0.09043442227947823,-0.028463987615722268,-0.11345740153491683,-0.08286370566433686,-0.03354894970493318,-0.20927861580176182,-0.14633729848614865,-0.23745081712550611,-0.021951478634747012,0.03864366031448661,-0.007440571878419287,-0.04215699050961436
0.40220715987356215,0.37540826083367207,0.30941325345319265,0.4587137789169715,0.4415864769627748,0.3777461914508621,0.685662612668759,0.4535893230311567,0.3869963477383486,0.19007520729382996,-0.2544681137563715,-0.17975527802798635,-0.09273443755498736,0.06630976170938743,-0.0013284495334201453,1.0000000000000007,0.2279125484096647,0.5552310690214624,0.06626347937233945,0.16468528000412755,0.24553928160929864,0.23142511050223177,0.3745987407160225,0.22313611472285058,0.07380326713969153,0.09118165324161992,-0.2817972408570458,-0.3409081994519839,0.18470122164762706,-0.2184423940782288,-0.3248969837150837,0.18920341862329304,0.5139533117064606,0.6233574324832925,0.03288583386628252,0.08232407993166743,-0.13484389977347025,-0.009548263233742929,-0.0389862113944062,0.22342538684081428,0.20095274282421646,-0.33780613673304005,-0.08512610939956156,-0.2511015063657284,-0.3014891293496125,-0.26824221308977747,0.049756658572559946,0.15019930130438988,0.24507618794396718,0.010345317256109408,0.11895242026361803,0.3827184367433838,0.42035348915325466,0.27929372702008337,0.27214944882651837,0.32556337056443213,0.4668472359045371,0.3350533856788473,-0.09726641124920608,0.032998383164675724,0.24424077611016734,-0.08564907552965534,-0.3269607225262702,-0.28783660274719775,0.22546631057223737,-0.1781088638100146,0.3286392217563581,0.06974712419819923,0.47172883192326903,0.5478638432641049,0.2502351438601023,0.004177889642366246,-0.19821298386088984,0.2802457664366727,0.3387586301172762,0.1803313377346998,0.03283534069616119,-0.1038823109567656,0.00718485732999328,0.1511137843463239,0.22968662210528806,0.2280158120955885,-0.3146671841753809,-0.008337530241540797,-0.47390798844594584,-0.12187835120579861,-0.20876835739034588,-0.33448567576161065,0.1963280246301761,-0.11949388239738495,-0.14738739681694582,-0.1373235203054235,0.023983688806789038,-0.31978925111035406,-0.06096162850693934,-0.2980477655125647,-0.4609396228142564,-0.3666375169653043,0.12230466857608951,0.06753674688780918
-0.03446075207957104,-0.16329325857710478,-0.16938095660363908,0.08589535712410883,-0.2038489710105984,-0.14632430033596386,0.09512008543228882,-0.02350100917373837,0.024500986108997876,0.08952360666063586,-0.08222427257246709,0.2421027311838572,0.006579136327215364,0.08126597365177468,-0.009575777069210981,0.2279125484096647,0.9999999999999998,0.16606193087560187,0.4176098754503963,0.1016885764551609,0.32081849347253133,0.2538569071520884,0.18779954460357282,0.4747136848386403,0.22124901237938976,0.19089391606223077,-0.028216419682993956,0.15501921460995308,0.1059218398272405,0.20081032016602715,-0.12720820700173294,0.17948132707173872,-0.004313926995342721,0.411606027936217,0.012314606163082352,0.003658132273549055,0.18886173354996863,0.018878542313376614,0.22844878648120787,0.13723540927516184,0.08746206947760876,-0.22535622591614438,0.09058336251440123,-0.0407016600734225,-0.14515275557868396,-0.07003508151143563,-0.13838386107023837,-0.09696368729290138,-0.0670990156268845,0.01119908957717315,-0.023894994736064178,-0.19056704085704357,0.008213386684262835,-0.09620706806364099,-0.0944956716264747,-0.12012165871960509,-0.08025013746978173,-0.09564382439470324,-0.15672414554437306,0.005322355383797724,0.12792117663550173,-0.09890631780053018,0.03987006668793631,0.16099721354641255,-0.03464367276054075,-0.06995441134808673,0.08785092189462543,0.41724006183309353,0.128243540383069,0.277390710688536,0.23842343146247866,-0.09010129473597057,0.12994161451249875,0.03758247060594703,0.23925772114246513,0.130361680795691,-0.013237204473460147,-0.007408076932705126,0.07132983640792877,0.2082924389647027,0.0030486416791506133,0.10416242516423373,0.007113227350714015,-0.023096725927215997,-0.07282792531959262,-0.10325494766388303,0.0674801686710592,-0.2256590487332589,-0.028324028673676938,0.017917264339775824,0.11021437532996677,-0.04064389267581889,0.16279807760873422,-0.12658728897599253,0.004540868353246423,-0.08618427754702057,-0.09262478291407854,-0.021799279417549715,-0.07695784228790764,0.027227268828661912
0.2328862690281124,0.2661479305701411,0.47375556655117607,0.13487527191771298,0.30846182343511747,0.5243550545333343,0.7663013116121551,0.4498678745260779,0.33878095019639365,-0.15622105821530302,-0.16061685400720252,-0.06164858515401301,0.003377733167914787,0.13291097388588635,0.030961812304613836,0.5552310690214624,0.16606193087560187,0.9999999999999997,0.18027815103986167,0.5115837785677144,0.2055140400078841,0.20954145262861787,0.4476250065768554,0.2816843114327803,-0.059010378768293834,0.1464422856366849,-0.29911141862666274,-0.1926930483235302,0.4352997232536126,-0.05707897256514366,-0.060021423689645345,-0.05539967564644072,0.021221998292799672,0.6845888303553346,0.051716001335467866,0.3279484608354922,0.004619136129137842,-0.263248526196642,-0.39385707473230264,0.1383091850814197,0.2708612382839851,-0.21569512004909927,-0.11057061708293832,-0.23354668019003405,-0.3065719166429624,-0.2036474723323914,0.10044950488427745,0.3277230819954511,0.3431631817393115,0.17151103730020878,0.22799634031091545,0.36363519655564647,0.4937273347765774,0.09644316498860785,0.2757763175301524,0.454704327559731,0.7008512813655856,0.5471203125753803,-0.20641981361766062,-0.2031051019552911,-0.11831027591712116,-0.029759550736038812,-0.06550522432209445,-0.310386797886353,-0.013129119130332701,-0.21274105315120112,0.5455940444440402,-0.04690377325236903,0.3012564609232161,0.7152091276482835,0.48659755524057535,0.13535058227788008,0.04313842401159947,0.3324830820591322,0.10116717319104854,-0.025119391187854636,0.1345229758836772,-0.03647932302462279,-0.20810783191689816,-0.03466834758861332,-0.15820651067168787,0.1671209480716451,-0.4315349249528145,-0.34637653275397207,-0.4340717743680522,-0.20363402657392626,-0.05842687119301685,-0.3110658930373752,0.5250050054304904,-0.29430548063421097,-0.0741946856472799,-0.06287439862718901,-0.17678382337416304,-0.27512190095477956,-0.2634298399474441,-0.09839389403179853,-0.40953632036995624,-0.15648719166134287,0.3157990349686728,0.2557625373101177
-0.09352059529459147,-0.10212682131106966,-0.15938421962418506,0.0007959195952325443,-0.004346260415434271,0.06526073097481365,-0.012213890213335587,0.04937239746529216,0.1851099698194319,0.10457276943200355,0.2295581541972615,0.43176519306715977,0.15628127040191864,0.5219133962842023,0.26048621331405947,0.06626347937233945,0.4176098754503963,0.18027815103986167,0.9999999999999998,0.1876899715718368,0.4535664406136235,-0.35225816889511796,0.13078581980546597,0.19475970333107623,0.06014521280946059,0.25281603674858244,-0.07212425156205389,-0.1240549684872732,0.1020706522072579,0.18417964374840481,-0.0515946955335786,-0.015350685132577657,-0.09173380245678742,-0.03168560428140863,-0.4303386813267955,0.20515942623989367,0.06782768738345947,0.09392063549638746,0.09921886363271641,0.08263273296101174,-0.08629279623101574,-0.18550732974518905,-0.23995915781476582,-0.034964485001373224,-0.14931665349351533,-0.031350693299883305,-0.4170517143835157,-0.20115262868332343,0.042567859721127546,0.16107005435957095,0.04415308420260543,-0.1361116962387834,0.05564345731351536,-0.1082127517368493,-0.035935360342196646,-0.13400153349391428,-0.021635084942067305,0.10279700946295528,0.08553038771919688,0.07624410716085588,0.15731602445663792,0.08744665439280261,0.2588882206849689,0.21100745948323535,0.12828697468841155,0.20545277157779607,0.07288212361404231,0.319683676263189,-0.08308940873647114,0.14406597815823596,0.2729901891562225,-0.2791332948006064,0.13735669625026897,0.05687940947178714,0.2370875073524175,-0.015604156420858079,0.05299504513589592,0.030012994667569452,-0.06472090867637996,0.08212739534534325,-0.3367947422671024,-0.08438805094682707,-0.10793414579948524,-0.32040871141648913,-0.04156911363099191,-0.30175052861066554,0.045068718051217184,-0.38101919110828064,0.01857130134233844,0.006964623867081077,0.06493433191315587,-0.006056283609148188,0.21306795225389913,-0.1557700220283464,-0.09378193897866262,0.052667129113051596,-0.029629345305642388,0.03534463900661924,0.015216619517859216,0.15800449390897883
