0,1,2,3,4,5,6,7,8,9,10,11,12,13,14,15,16,17,18,19,20,21,22,23,24,25,26,27,28,29,30,31,32,33,34,35,36,37,38,39,40,41,42,43,44,45,46,47,48,49,50,51,52,53,54,55,56,57,58,59,60,61,62,63,64,65,66,67,68,69,70,71,72,73,74,75,76,77,78,79,80,81,82,83,84,85,86,87,88,89,90,91,92,93,94,95,96,97,98,99
0.9999999999999993,-0.1435355600358051,0.07918001749672349,-0.10446082460004477,0.013873969801344756,0.49676817042515087,0.33831351669919596,-0.010656871713169671,0.37715996425411336,-0.017516739461729103,-0.03839342588014754,-0.2558596828587519,-0.07444713465291891,0.1438626830310361,0.14769015339130898,0.4261159721603018,0.049802186568715205,-0.03102315017945606,0.04027922570295191,0.04387661161664302,0.10445416498416933,-0.04143976104471507,0.12595739702198008,-0.08771830656950313,-0.14993785363008919,-0.14978641054123076,-0.20729387681432154,0.12365025440450365,0.03349071874898518,0.04588890075204595,0.5157097845837353,0.21362536624580142,0.3882369730986992,-0.060660153410945716,-0.17098506474956357,0.3036668670355815,0.2250493386524695,0.0879801486568956,0.10675655474271584,0.11912105620268701,0.2987826973378693,0.018262508548468927,-0.11204942763663005,0.5041049590315174,0.15014182375180554,0.3279928221495128,0.06994093384524701,0.35569642847672645,0.36923198636918875,0.3452174646564886,0.5363575440429309,0.17141766852961343,0.26167067712826625,-0.0710071664379649,0.08910909629742696,0.46597851268528584,0.1596155378713745,0.09159487434530166,-0.18206148240301948,-0.11073538981167304,-0.2682025213196628,-0.20386250990382318,-0.19287676198024767,-0.23594831038768882,0.22404356874269538,0.08064223003199963,0.4677640175696577,-0.022412450631807513,-0.12185336537055982,-0.020312051581934977,-0.0219174375125796,0.007502328976245822,0.08178645962396851,-0.029886436555626058,-0.06712665464746526,-0.3293618528928223,-0.0865420342869417,0.2002727017176589,0.3796285261536177,0.5366147391812471,-0.07919692888729837,-0.0349558867646159,0.2680239466854742,-0.19451643623613604,-0.3097880398200691,-0.052874887156263005,-0.0044706786418782845,0.1534399588264801,-0.034487872011818785,-0.0036962369406435525,0.33697326150072876,0.012255316483761651,0.02022590721322594,0.2164507923800554,0.1509413238682663,0.4459936747043903,0.31129068127107407,0.23436895948560543,0.1653113109309759,0.37108615262142547
-0.1435355600358051,1.0,0.20830519095497635,0.5259150331421059,0.5033671255953409,-0.16585545758892944,-0.11529976649804308,0.38944692393862523,-0.1424895778944364,0.10469629082624829,0.20378027954153688,0.3465245597226098,0.45460943279402544,0.07778363796712782,0.02519997688798227,0.36492393240168036,0.1041656541443897,0.27930624504579543,0.15787083994215995,0.02101264527230951,0.22888733166123892,0.08497012386442347,-0.007746383199035488,0.1780952137909734,-0.15472497484741002,0.28733357332304055,0.09937849222209554,0.07052358756694098,0.006281642051574449,0.015220580530350686,-0.311868961013856,-0.0604557720968909,-0.28873229449994486,0.27488244424301506,0.07599003225546277,-0.14791218190464553,-0.12678703290776,0.12671702075216443,0.17222590105376787,0.0646848853111994,-0.26644820401308417,-0.09521786059419403,-0.10711557095652127,-0.3905047487757554,-0.18617086660486248,-0.0748025000921232,-0.10336970244997055,-0.22345652164792776,-0.30209803130482105,-0.2660085637687585,-0.06931885343634621,0.6931910168694174,0.41203966228603056,0.44953841554582535,0.1769664935486624,0.005575230977876226,0.3532762713103493,0.33082781358372254,0.03544249910361828,-0.1287386948086711,0.16516937010333446,0.2429472482285358,0.2825904880000159,0.25219726545004173,-0.2506017437702275,0.03657763429286689,-0.14317039900559297,0.1515286630954144,0.21305531353745108,0.2609536232240001,0.18238945743187135,0.1465803302874631,0.24262298142970165,0.3650325910999875,0.28107234212233734,0.2517730627642239,0.08319354025823295,0.19352016138444722,-0.3536300071176558,-0.2906435307435283,0.2251438042952347,0.11848241058087981,-0.13291275518170056,0.04221623171265373,0.1113163632146541,0.012206434257495907,0.08986583282851848,0.041616210361372336,0.2056074494919715,0.1517479829397399,-0.1955441847995404,-0.08468785591393943,0.08018242481157474,-0.09065841629182242,-0.013424675906089992,-0.2707769061236808,-0.1706688047630438,0.004082618673776331,-0.043990309343021096,-0.16867355883771515
0.07918001749672349,0.20830519095497635,1.0,0.08691835616650492,0.25470364475111656,0.43193054327657016,0.1534032620982105,0.3599728040152832,0.42391096887480617,0.25416971218207063,0.111720951633269,0.3450491925257404,0.21274453485056208,0.05014223720933217,0.4025872151785492,0.2885820794147717,0.053919570290628965,0.326627891233269,-0.06737745318628592,0.36508572115824833,0.4251315117919973,0.07905065102617953,0.26299894608707786,0.28674599471532153,0.12875030829435774,0.10116835687149382,-0.15298600976972845,0.03623603715131172,0.07814199651317567,0.3998604050067206,0.39071617112216495,0.3345449120921523,-0.07244547472249419,0.20786735356443647,-0.12695183553906264,0.2492214595424163,0.07076311721581696,0.3233339537063462,0.20540840459903836,0.3394603563153004,-0.13413336461540248,-0.12579919585647328,-0.16832845980320238,-0.09145930438372732,-0.11852077506157556,-0.2532464006681761,-0.2638621498098309,-0.09772482644356836,0.14162556006820354,0.1263913362099352,0.240804047814764,0.3239699607471429,0.4586232668191111,0.08178393125055491,0.6799991787359658,0.5571344621683161,0.474972458595022,0.39230548819969696,0.21377480572747612,-0.4206046451510441,0.17866149431056563,0.10993578444357385,0.38542973302432726,0.0629557443907373,-0.41713403195338705,0.25808232804604503,0.14465967013958098,-0.2991150477723384,-0.08826491397326254,0.37173843955537195,0.3265558956385554,0.2974460550416013,0.5384124560026238,0.2249158592354407,0.1129381630558934,0.17651981547049764,-0.0018074328173208623,0.36740323778113926,0.3580135121391605,0.22717124129835584,0.13245686346491767,0.09933663958405645,-0.043561885896069456,-0.0022548435253901904,0.1257480010685189,0.11650585156677556,0.14297069866704082,0.27052585012309016,0.29914727818449893,0.046612722404098576,0.19659938915350836,0.21028746477252866,0.0002304714547694245,0.10741550446916119,0.1334746085707185,0.1139269427729399,-0.05779518132764322,0.18954982649415825,0.13156580623994432,0.3101819506236629
-0.10446082460004477,0.5259150331421059,0.08691835616650492,0.9999999999999999,0.7279331559083494,0.0100732039572758,0.15092706283344615,0.6017056655662812,0.21290506748397237,0.30400369724825943,0.31616765988887796,0.018536827823131763,0.45862012497504673,0.3610352243428365,0.10568452082208486,0.4542125008663826,0.24754133896902944,0.20209595939262925,0.2942652575913565,0.36169239355149957,0.20739714289389302,-0.3257105557371298,-0.11627194509499764,0.04406784596695124,-0.08387542419894647,0.015684612746705465,0.4247017648473697,0.09477578241065629,0.3226690068914603,-0.1954066466236502,-0.15038798890779456,-0.09072710922826,-0.46610163750695005,0.1160996673446336,0.06642451943231098,-0.00772604049749576,0.29244521322959355,0.230724221615159,0.3009913927551714,0.10313179750046517,-0.27930542085295706,-0.03641819185590241,-0.34575758481527047,-0.04663780177932528,-0.01920551185667711,0.3508501763112474,0.16501935969936263,0.18642975528162814,-0.10666235655057654,0.035634328730428266,0.13536127024724232,0.5288382692096985,0.4219668587163348,0.8309318397709189,0.35487146234275657,0.022262174077946752,0.44485058090356866,0.5597194283295924,0.19737808263301723,-0.296697161960818,0.3125886189783201,0.4877787479676641,0.26212441503736195,0.2068361784356572,-0.08423819414445273,0.039260079602310594,0.17558708435076792,0.377133192238739,0.1583633008037561,0.006387884829553191,0.12374691263280564,-0.04130174364783795,0.11986926420708675,0.44197167957978095,0.4395879782422243,0.19220863905352922,0.1643369565724612,0.08026122711018738,-0.06858647417385097,-0.06999736208858282,0.17584048623948817,-0.2518428398628091,-0.2839420108386844,-0.24665895252668146,0.1837789052526443,0.0008602040704205235,0.42336395345080624,0.10540706467620709,0.20573395739176842,0.17818766131083807,0.18297621217238302,0.08837633277695761,0.3553312041475637,0.13171651658586606,0.32122299840230006,0.21956791413209367,0.28182501523289816,0.31799264853129805,0.16220900245635195,0.23382694033488735
0.013873969801344756,0.5033671255953409,0.25470364475111656,0.7279331559083494,1.0,0.15311872061371873,0.05052768493227836,0.5524538466752,0.27624786065097784,0.30130790003705904,0.15615822299108734,0.13904378502226525,0.5934781097737412,0.3860287561187288,0.19087038644069376,0.3916595880026527,0.13535122870525504,0.12372956458994443,0.2730138927545326,0.2570459589647309,0.23515625708013763,-0.029956866634486816,0.05272019233535469,-0.07404625785632897,-0.028499454217800518,0.03671144687699945,0.2413656572641899,0.04995632871252266,0.20848594720310112,-0.0636805571826829,0.11575506779433045,0.18311221274092704,-0.34594186148842226,0.18577381758918576,0.07867427853569225,-0.03817343765565426,0.1354375881275805,0.17575750058336576,0.2807402840738541,-0.0362022753886836,-0.30238564482298635,-0.09778739967727454,-0.17717831565189734,-0.21146356432936367,-0.01406948287278136,0.13105506254624819,-0.005006338464602922,-0.03855071596885641,-0.09192491487325292,-0.09485905161733568,0.2295789918577232,0.37346975425250334,0.32450429591175534,0.7847963683653737,0.5582815613024059,0.18794290576009173,0.5669635509801152,0.5782102623983905,0.15953810787892042,-0.3786798229786221,0.2941303407120038,0.37809792234005746,0.35372890217696484,0.2045614269221212,-0.11270400265415376,0.08456569125687717,0.004999511997520907,0.23194198548002404,0.22234123011427592,0.11006137750325662,0.1839280249080694,0.21803462124081002,0.2600851251489806,0.26184585539920174,0.3287349762781928,0.12634957648803488,-0.01284882253382751,0.1933380357226303,0.06878956436806015,0.1287198234395381,-0.01709326233043252,-0.03413135534722792,-0.05247246797378633,0.11851509913274853,0.1459025071666138,-0.07142723694359264,0.20197245478084327,0.01825148561494447,0.05417128318946447,-0.137408847096475,0.163733903371834,0.16725958161506013,0.2192345799664165,0.06390352914738939,0.181548318291949,0.14535030154033324,0.1588449354506186,0.21575712613085166,0.1547873868325369,0.069132645225652
0.49676817042515087,-0.16585545758892944,0.43193054327657016,0.0100732039572758,0.15311872061371873,1.0,0.6490895016791888,0.26193720431384704,0.6923460827778664,0.06425077629557668,0.03912201208922554,-0.0889886363249165,0.10698956687320468,0.19545240117290488,0.32358329097611743,0.38479002236572735,0.20005919802542182,0.29946125263217727,0.06942843200309065,0.3763987027644159,0.30052007722050783,0.11935961757779777,0.4104283363656922,-0.013812254855717188,-0.05883166339049049,-0.10457332022694121,-0.01388319825489193,-0.05021696830698827,0.2822741193960555,0.20750171756867028,0.5086202030538023,0.07531002378235595,0.25462865439105065,0.15936402395402496,-0.11477951483488653,0.6242829096038077,0.2879096712901874,0.3014281423431318,0.03955839469986005,0.04807445100148542,0.3439126520939818,-0.006423656529038057,0.03157894640799067,0.4945813260659284,0.22229407550250083,0.17033066280424303,0.06007547233293784,0.4751593618686608,0.5278227793479566,0.6138469259607171,0.6318019617644028,0.126454488435064,0.4323411503851513,-0.11722531706684666,0.626629503469214,0.7159029574145911,0.5375153670923861,0.26110467215224487,-0.09633445186747211,-0.3413746538023634,0.07831417763886488,-0.022143659090731797,-0.09028329640341637,-0.07512523138000027,0.0210722214647189,-0.04097054744530241,0.49685850377373986,0.011553438415519974,0.06283728105654442,0.3928699184794127,0.19632622904449126,0.2549833691824457,0.2812773243207296,-0.23339526477764644,-0.04187547818189951,-0.24357109511917527,-0.04315842659747465,-0.07114615874768865,0.617630740541792,0.2959938410020402,-0.20001439203224697,0.1110720396078254,0.2164388506060553,0.06125030693247943,-0.033157508615842074,0.17254973426460285,0.12933546928214748,0.08204432428713808,0.2126167058023013,-0.2128144628758383,0.39954891809375054,0.17618397852737513,-0.005976857560466676,0.35378194622408193,0.2690793750605492,0.5629249032584875,0.07619458406458708,0.44706006607403204,0.43082243651817065,0.6112532735423511
0.33831351669919596,-0.11529976649804308,0.1534032620982105,0.15092706283344615,0.05052768493227836,0.6490895016791888,1.0000000000000002,0.18419257243777093,0.5988263630501355,0.06328245048088936,-0.05768132518668694,-0.3970199692079306,-0.1814032494779628,0.10165382172324017,0.14638225040125105,0.40928768720845266,0.1606006021440999,0.06430136929067914,0.14994097758098313,0.331555012552561,0.11420250337893939,-0.36991783282034213,0.15038228598170347,-0.09830733787852179,-0.22290684172229788,-0.2680806335015091,0.0576051091073249,-0.11052567791535081,0.24999259590685266,-0.04056812271018915,0.2501701968503532,-0.18135390966215412,0.35292948245407985,-0.1309230612532611,-0.09191779560036717,0.7736822604141829,0.25779159352514097,0.22237772596705566,0.04308517353700674,0.27999847519018706,0.6384074517934588,-0.08664013245131483,-0.05493625106057993,0.6525242712049614,0.5387325008094674,0.5636840552530352,0.4513428926715964,0.7581696684875562,0.6444828402237724,0.8698767506549185,0.40891649477939507,0.10327777441638862,0.2589174510808705,0.03639293118289192,0.30082336247689695,0.37206983444875186,0.2401922085253244,0.2084626168845069,-0.23306817233384441,-0.5235665295445416,-0.36280006986654456,-0.06475918235297728,-0.3001070201286816,-0.15399203597705408,0.18374319466665703,-0.16687769814619688,0.7773007757688855,0.000652408738823126,-0.22092696834890216,0.07383536690969864,0.023515824237047952,-0.210905651196495,-0.0818749385053723,-0.0759385516094268,-0.28939863759283896,-0.5621670024663871,-0.01777446752991572,-0.19250846533323937,0.35174109052880864,0.17868158559076566,-0.34291337101876446,-0.14629236035079876,0.23621925193359142,-0.234893128620587,-0.13150990123151762,0.3896092632740271,0.13163765943643418,0.18041020002845257,0.01804665863749839,0.01124133022177992,0.4137981513957327,-0.04606497166473991,0.17659212606088553,0.38669930324665613,0.08994257152668284,0.5929772018603489,0.39267086452742545,0.6256211306382168,0.4542101694719068,0.6604048557424834
-0.010656871713169671,0.38944692393862523,0.3599728040152832,0.6017056655662812,0.5524538466752,0.26193720431384704,0.18419257243777093,0.9999999999999996,0.39875483953496693,0.43199547375505437,0.31974866476889946,0.19562567718606155,0.5576488370360835,0.5193922155718055,0.5880551332308251,0.595985578475568,0.5412768224246332,0.7084651101445487,0.3639184771594641,0.6640942767495936,0.6526596525152547,0.06995208480218866,0.4080398582294245,0.5539453943506825,-0.05561156198628439,0.21554933882103863,0.49084515466147405,0.2093759535225896,0.5793550904490561,0.14435037233033454,0.10916208427004714,0.11971496357736534,-0.2984247926894511,0.5963374486878438,0.4909790899095455,0.1225348210201352,0.4243828058152486,0.32120760697945056,0.46120428288636395,0.1781270860528835,-0.0914964613755694,-0.09789557803458267,-0.01997896032919774,-0.08919458766880332,-0.09544668416260309,0.08336188072382206,0.06520489280555947,0.12785546219871197,-0.23862245528292894,-0.03068789694635192,0.3198332056104047,0.5495681370144495,0.6544488547098163,0.5761225122909653,0.5389513460926668,0.23316029057387067,0.7882197945146859,0.7797473757131457,0.23389519108013926,-0.3172647609728408,0.3570599792929826,0.6077595240494852,0.4330738029975164,0.462816503225845,-0.05803336693221299,0.3076950386122333,0.015244339755336471,0.4073410317065917,0.47704253517209183,0.37883648588578933,0.4894004065983092,0.2124754897743233,0.46067425113215643,0.397999452214778,0.5451743790971237,0.29226474485508896,0.3726742660851546,0.20992053608982986,-0.05490480176353078,-0.05881985418036247,0.30258417193146053,-0.02097385318449421,-0.3561835553616681,0.028694206092844902,0.3815296343770512,0.034479013032634925,0.39683788998917807,0.004522717941023455,0.5165430343096913,0.13199138156894308,0.1314048141050268,0.04826672031591864,0.37394234767253487,-0.20269880700342593,0.450396264059706,0.03450880487417147,0.011068650945998699,0.22308788672022223,-0.03235129826571834,0.15504682557656124
0.37715996425411336,-0.1424895778944364,0.42391096887480617,0.21290506748397237,0.27624786065097784,0.6923460827778664,0.5988263630501355,0.39875483953496693,1.0000000000000002,0.0796434025711121,-0.02355084581286156,-0.2441682530714601,0.037719828928089616,0.25086659144211526,0.43101261849297523,0.2992865679831402,0.1546732804887338,0.29201329079926974,0.038581020910559254,0.6188003588047344,0.3411520321067895,-0.14191100836156537,0.4013896786965181,0.07996042848183352,-0.06708561809375747,-0.1040285834426495,0.2915331794672626,0.05570332041882994,0.3896562072551072,0.3203208941587043,0.509435926231905,0.17898797455083343,0.102537070560823,0.08529885357198812,-0.00044353590560091826,0.6948564811805817,0.4654146563724761,0.16706139812804321,0.1835509408917652,0.1823997363383894,0.31034259384697377,0.11957046159034045,-0.12299440406948478,0.3194790472702136,0.4397993607668773,0.22426939595437953,0.20064281404289097,0.44657858944153267,0.6171405247125668,0.6867829999486431,0.5448972597815191,0.19269581392055773,0.3423892740620853,0.05286512657998608,0.6972718100825407,0.6994316909420809,0.5238591690252066,0.6424233392760136,-0.1772698326254602,-0.4213493121921284,-0.06831351936317337,-0.08983578505506086,0.12554247302206273,-0.1174696617066466,-0.08951737712928942,0.026510814333453668,0.5851095721442785,-0.08366164558446852,-0.050928967248117865,0.39466724063953107,0.2610297930560637,0.07568158674452109,0.39584306029537353,-0.009599728362924281,-0.046712084171399285,-0.26147204060726337,0.0770303177250805,0.2209615227389895,0.5848313129850536,0.32272843445003313,-0.1011740317785056,0.1435585075344914,0.1769197162340722,-0.016123879986799327,0.2648669962925093,0.331254701395836,0.3667486197145637,0.18696235129180996,0.4198207453312309,-0.005128927529805378,0.6442542898443395,0.21415307340489992,0.06841330307474304,0.329880219415853,0.2516461911430284,0.5986254295844183,0.19899503634299087,0.5447355548998363,0.44340174948549904,0.7576078199606733
-0.017516739461729103,0.10469629082624829,0.25416971218207063,0.30400369724825943,0.30130790003705904,0.06425077629557668,0.06328245048088936,0.43199547375505437,0.0796434025711121,0.9999999999999996,0.48005070795161425,0.29617003408045184,0.5015388860048846,0.5933498631832841,0.40668397866086636,0.42455824471208436,0.5286312642572777,0.2655586870609663,0.3779603587994593,0.40770149955457896,0.5222404559152787,-0.16306825516809734,0.13736169978312138,0.47447984551150174,0.4846534733930176,0.07377036142426158,0.06465560190653039,0.049889405936410794,0.371301160205342,-0.10883799162182965,0.17202486674744497,0.3315794054679953,-0.06195533838913487,0.2785514873897605,0.19241161305554746,-0.0017314403957448556,0.18381373545919197,0.4131141050307015,0.7588531807067563,0.44765515026583463,-0.012047223872214925,-0.3163312005752274,-0.14673469014305265,-0.01385682985562966,-0.036996852509041174,-0.026445320681872775,0.028728168252494204,-0.07379938524934923,-0.20475086589590605,-0.13123773967921146,0.031159133109796337,0.1792901566082096,0.4472179888576986,0.4942451817718293,0.11326223391194179,0.026143913650847922,0.2895959892095971,0.3692957895893092,0.7724876818909566,-0.13825151028048158,0.2946171455531877,0.3016247263105788,0.12470384274100303,0.3647893903376431,0.028433702264272994,0.295848845553247,0.13432256268547488,0.28609711154781325,0.1377594423377764,0.038403309614823855,0.43882224134675957,0.018820991630530762,0.16958390366639914,0.5357799478867201,0.3406886099086993,0.15099762323388605,0.12457712548038363,0.24868968793598384,0.014727614568561864,0.40430226066569214,0.08785216494391127,-0.12910679066681027,-0.25151393515203563,-0.207407827099207,-0.04366344137799068,-0.22591239449499254,0.14201261608374316,0.05020325200821006,0.07018373013019871,0.1516042256076422,0.24715953439948668,0.5531832365119743,0.5771232900414388,-0.13351921919792892,0.0684560650815756,0.03447716544991576,0.08925871417418282,-0.029566053676572137,-0.2544922248569302,0.027387127840366086
-0.03839342588014754,0.20378027954153688,0.111720951633269,0.31616765988887796,0.15615822299108734,0.03912201208922554,-0.05768132518668694,0.31974866476889946,-0.02355084581286156,0.48005070795161425,1.0,0.33679128469423764,0.40870816210732225,0.40867097816986414,0.27617713218902423,0.2403000587764196,0.42349184291075775,0.4191692282664322,0.3706086756205486,0.277897771986292,0.5357175643950809,0.15879197660198183,0.3104937450566556,0.36281161050407057,0.18149364039309476,0.2590948586110869,0.0966224068580889,-0.033130821212000894,0.3392999597329255,0.11394345743061583,-0.032954232599479244,0.10163395736615809,-0.07972598233457205,0.4813077687967063,0.2688132948688021,0.0081689966917265,0.12480128228703094,0.24787661519369772,0.2816237907131505,-0.010611733427592347,-0.048814172839039514,-0.06694135192044674,0.0504758293009488,-0.0009871043792693207,-0.1117044976216825,-0.14670130412720053,-0.14853830741424812,0.024038613445253723,-0.2803620317930148,-0.15634443477546575,-0.0010627977998821443,0.09275800464233064,0.36790454922478455,0.2202746894505685,0.1185919922614369,0.04923151614048789,0.33741669651761863,0.10352964973978315,0.3693709873923432,0.10188186868659012,0.44177829964000687,0.37554120295379356,0.08501830780102555,0.4576009486188736,0.15658363030127537,0.20512547431389813,-0.1372189332013997,0.46461413613340624,0.4675182410723807,0.26792338019237066,0.3866282987271149,0.10581338886869475,0.2804014791871027,0.10369767945873172,0.4358273858704367,0.2657012528516643,0.18811185034723135,0.11949787198195772,0.02568799271431114,-0.0386619456255731,0.19833925160457125,0.06791035495149574,-0.3311078964249515,0.006351399621939798,0.10593188636403451,-0.11707904612591728,0.0899002813909657,0.1098710230809578,0.2563767640860489,-0.026563047653939034,0.09648747503604808,0.2899764847858645,0.18426060412241796,0.044957414670407536,0.20072704427843957,-0.013825625540942903,-0.16097676437140349,-0.06692924832081783,-0.12499260845527801,-0.016937466863528178
-0.2558596828587519,0.3465245597226098,0.3450491925257404,0.018536827823131763,0.13904378502226525,-0.0889886363249165,-0.3970199692079306,0.19562567718606155,-0.2441682530714601,0.29617003408045184,0.33679128469423764,1.0000000000000007,0.6291064817503639,0.1479784509504889,0.32527530164387797,0.09960264151776681,0.34592676964467395,0.44413000048544166,0.16102552009497656,0.11803892022588724,0.3970281612074438,0.5348894667596271,0.23639544347589633,0.32254603828322354,0.10683689390488442,0.36586700443916564,-0.07510077182123882,-0.0017925377976241946,0.049015841154614,0.2775965378170256,0.06694069814779137,0.04213949489849833,-0.15762606708376897,0.5767931575973272,0.10530180446847152,-0.2267876484573988,-0.21844130646497767,0.10334195773998389,0.10320445484800254,-0.057097117234946274,-0.4432203375256293,-0.07128880701710012,0.13240253783849584,-0.4593665818709769,-0.3701103272600336,-0.5704818248164069,-0.5181463586946182,-0.41629004057734065,-0.3994775882208042,-0.5170505464052111,-0.15292636235046556,0.2727827269469315,0.2505306743204892,0.07230445510335944,0.1310673228090781,-0.020119180772124608,0.18959129624440163,0.0890520006849822,0.3762465621827901,0.2429550510837883,0.485119004660466,0.2842472780914809,0.24514082271870094,0.4452804495582799,-0.02647717664021204,0.28284955340871093,-0.5713308987216805,0.24670836086474293,0.3893555026952977,0.3565544842382051,0.43867669857295627,0.3191787678028664,0.2423936194599371,0.17964431352622395,0.2898736148077553,0.3998604218127732,0.15695426109474886,0.14489641716135462,-0.1220734737465903,-0.22058099229616096,0.06878370593063142,0.08265429895673436,-0.2652846559145172,0.20922882646332244,0.05888676225589945,-0.41566128051022366,-0.2012464894644029,-0.2062667475551929,0.12925308494221455,-0.2523120039166382,-0.2356484809366368,0.22741054671618954,0.11189033868724622,-0.3492858001348628,-0.06685288578407482,-0.4007149527546824,-0.46049419853809126,-0.4757800795953574,-0.41069004866924474,-0.43152367036577277
-0.07444713465291891,0.45460943279402544,0.21274453485056208,0.45862012497504673,0.5934781097737412,0.10698956687320468,-0.1814032494779628,0.5576488370360835,0.037719828928089616,0.5015388860048846,0.40870816210732225,0.6291064817503639,1.0000000000000009,0.6267003958687771,0.3947309272353751,0.38634491165774104,0.5429264226002737,0.4845332411861723,0.37209194929600753,0.28462888642950396,0.5240101797978545,0.3882365470520977,0.32322729400336403,0.3207635513683241,0.048153823962283265,0.28097232434531505,0.21294588197865774,0.196777428839483,0.2517786812048165,0.1861239415921391,0.10005770648095848,0.03566880157138172,-0.2491963277476101,0.5842970355946046,0.3131281635564984,-0.17057152969172534,0.20236989396376187,0.1057386739409686,0.3940568077262459,-0.05847792974439657,-0.31223370096473857,0.014837360789900183,0.012402893199875477,-0.24705393248492236,-0.24007346930150913,-0.13873723207478988,-0.13044216707606385,-0.13499636341514146,-0.28851252409653017,-0.3550037137283517,0.08034206289636871,0.47208229272034236,0.441504812928338,0.4817100673317523,0.2761824195609946,0.09128039086883165,0.46583874041356094,0.4344608531619191,0.35701783601266096,-0.03027874553540538,0.5830472205342387,0.5050950513592233,0.24555997228997764,0.39060584195495945,0.061864158566945604,0.2773689789140006,-0.31360137556484835,0.5059191776475666,0.4940181143019069,0.284909603401806,0.4390765585923591,0.3263300514313681,0.2813892227241719,0.357185902337037,0.5052671450324816,0.47667516458952597,0.23101193030779463,0.297136099560371,-0.045715180121411396,-0.05880921309131709,0.10546124737552294,0.0428379787540756,-0.2602506384045311,0.09251490890085581,0.10734530860508326,-0.4325421135256746,0.125707898238298,-0.042059849599682515,0.187883168426967,-0.19255942667053313,0.054855477878256106,0.2995862862869223,0.37057964726445336,-0.21609503125049642,0.2526715517720437,-0.031092809035696924,-0.12858170261800095,-0.19787516812647427,-0.24624859748140973,-0.1768685860303533
0.1438626830310361,0.07778363796712782,0.05014223720933217,0.3610352243428365,0.3860287561187288,0.19545240117290488,0.10165382172324017,0.5193922155718055,0.25086659144211526,0.5933498631832841,0.40867097816986414,0.1479784509504889,0.6267003958687771,1.0,0.546832610509176,0.4534436798357129,0.8022478317985691,0.3511427270953263,0.6881156914154511,0.4874854496530671,0.6212808544832349,0.06837018797189189,0.3781400667124338,0.4181464660400969,-0.07465635204465447,-0.11532362376582063,0.31804883828973646,0.20851786271851128,0.5141197670276394,0.0710353761042142,0.34545831874363475,-0.048396923435861196,-0.01610596357322999,0.4957412940422203,0.3446665722610043,0.04714662094399887,0.37570759958469957,0.046969925675662216,0.5152091823386507,-0.01867556912624654,0.06665798971803318,-0.05167044835121345,0.12687960770875523,0.12128430822976667,0.09100952118494131,0.2611686861389529,0.277889394179853,0.15230334896861142,-0.19353032457375818,-0.06877515552160178,0.232167736104171,0.24888446587419583,0.3165592291288259,0.4775611762269358,0.156222300466833,0.04603766778369823,0.3075370226314341,0.36992537552861554,0.20260785311334764,-0.02761666239924014,0.2355491702217654,0.37575210597117525,-0.03427087962174863,0.3102335373090038,0.3271502915047639,0.25939594816550005,-0.004642555370360197,0.6125922535054694,0.420848061330687,0.03896913250155057,0.3279490586687593,0.014318690419076591,0.086646800698829,0.2840735258049595,0.3084363085906299,0.08616960793640274,0.22431302852330562,0.19782720217026778,0.14075911718742376,0.17569542791362225,-0.06822080781347332,-0.1770111974319212,-0.1258127260718615,-0.11933446947178405,-0.1509191674207036,-0.3760242586973521,0.12758008369760523,-0.09547529385960953,0.025747389752787623,-0.12483856891502933,0.2702464186961389,0.32626934473954927,0.6325345383303937,-0.0417192457685397,0.35889524227626285,0.26437341333773806,0.24183699509756848,-0.016498277026301,-0.20053914839341494,0.047812157139442646
0.14769015339130898,0.02519997688798227,0.4025872151785492,0.10568452082208486,0.19087038644069376,0.32358329097611743,0.14638225040125105,0.5880551332308251,0.43101261849297523,0.40668397866086636,0.27617713218902423,0.32527530164387797,0.3947309272353751,0.546832610509176,0.9999999999999998,0.4228858795327912,0.6232250573007408,0.684496008647647,0.37569123543101157,0.7788645263269492,0.8422848284251624,0.22929191290918177,0.6033889205012073,0.5535976887747566,-0.13638807174732512,-0.01558476201645178,0.21900813405512023,0.25263899175578436,0.6459686678333825,0.45945593435744103,0.4276886537382104,0.05289425221374341,0.021580826602027477,0.6419863813976687,0.325127730214612,0.273084921217707,0.3504235490345886,0.20408863408353894,0.49920086377813,0.14955611722450185,0.050909477899591035,-0.1601120539619908,0.0969684471016427,0.09520052831682344,0.06263408017282666,-0.09169585795668073,-0.07500681410474584,0.0985595756283185,-0.11711469258088772,0.02769084938221559,0.29603974200809086,0.3730528708713064,0.5303104930419229,0.15095688301176904,0.4119655416999621,0.23744460516541205,0.4786458313736238,0.48515740221155257,0.15922762470081775,-0.11298590121322119,0.13019881598182514,0.33730376838435183,0.3352818537518388,0.5309384671965531,0.2553269922437723,0.657221957983331,-0.010129050789054295,0.4088426393181478,0.47932382476311874,0.5006078232674515,0.7458780082775914,0.15622308611693758,0.5536911659089714,0.27751038149512264,0.3290766123818055,0.02567068815951767,0.5521418549384168,0.4149082339571395,0.22541014345377552,0.056495993803619325,0.08615424228085336,0.04289016496587164,-0.10085748635605568,0.09572233861576693,0.22412999447331056,-0.014930134840095102,0.1952514423968048,-0.008158335327350583,0.4258659813827196,-0.03915846521984086,0.3110458641128326,0.06846388004770751,0.37672797325829493,-0.20874942447848793,0.32335392639388083,0.1555827537699012,0.059853440647779727,0.10859527283568961,-0.22367846346916181,0.10943680918271953
0.4261159721603018,0.36492393240168036,0.2885820794147717,0.4542125008663826,0.3916595880026527,0.38479002236572735,0.40928768720845266,0.595985578475568,0.2992865679831402,0.42455824471208436,0.2403000587764196,0.09960264151776681,0.38634491165774104,0.4534436798357129,0.4228858795327912,0.9999999999999996,0.5507595500183153,0.45887632543418294,0.4197611732176433,0.45185578887622374,0.5252529019801194,-0.03891647220667027,0.19445149970598813,0.3925083119752099,-0.27718015965602044,-0.0184183212496557,0.17610222159988156,0.04613800498595369,0.29745133103678095,-0.07213116646099071,0.39391230509541575,0.062236946149388635,0.2371832041124854,0.33745419060491005,0.20538801690130296,0.3240821552032053,0.19149837839869738,0.5078780664036543,0.4575047394794277,0.35423186587391137,0.24228531986575289,-0.026724930848222687,0.07630459035095591,0.23570448077548173,0.20441274059603923,0.342736640002803,0.1962127317047607,0.3393583094282102,0.002114668036780851,0.15400179689338866,0.49515978680047723,0.4788287730763595,0.6768045773911685,0.42152008410671543,0.2589426273594813,0.2419869262397904,0.44129315709221395,0.39645023248991823,0.07554375089378973,-0.292006793871492,-0.03263049813411798,0.368814055996189,0.14792972963130277,0.2994134261806599,0.08174401690119018,0.10464328097125444,0.29023723763920223,0.37459973077104197,0.15959999562127394,0.0860852558753251,0.3018101985137402,-0.013376543551925399,0.13557517710476397,0.37768861303225215,0.14041828930441946,-0.12823058122093436,0.18291674732188834,0.05937273546063127,0.14693480447889606,0.08796015682519398,-0.05895359265579176,-0.24038311085815378,-0.14414367781156534,-0.26011120221812806,-0.09306355089562171,-0.060686790280705595,0.0800172294364593,-0.0035619907724620324,0.12870721508835659,0.0377186874167617,0.16834418985724092,-0.02161312760667759,0.4959500338584086,0.0406176760044331,0.22236032939259806,0.20267487023894828,0.13571698624853976,0.18148304361616055,0.05669218247542626,0.14971603732865496
0.049802186568715205,0.1041656541443897,0.053919570290628965,0.24754133896902944,0.13535122870525504,0.20005919802542182,0.1606006021440999,0.5412768224246332,0.1546732804887338,0.5286312642572777,0.42349184291075775,0.34592676964467395,0.5429264226002737,0.8022478317985691,0.6232250573007408,0.5507595500183153,1.0,0.5814186654251818,0.7811121019005258,0.5702405509212679,0.7318257112399201,0.20375981018491382,0.45969929166974105,0.6153018112160515,-0.17258691161273423,-0.07808532800323092,0.35235699243726554,0.0294224820485288,0.56933105050109,0.08629905685768137,0.2950640856086852,-0.19063724052920172,0.11797777316474806,0.6936876164621135,0.4230108865659566,0.20743841736460888,0.17682712716134646,0.1761106137432348,0.44347051554069383,0.027062240230728323,0.1915328918354116,-0.10102741951334772,0.33147733261823537,0.059722088662349654,0.07366577324357586,0.14357694002370558,0.14155242084062186,0.1931120517601551,-0.2759455978590157,-0.07328774916844807,0.16654278026826444,0.2628997797449514,0.37658626226620473,0.2922398498099916,0.05296364989940886,-0.06923062372983012,0.29809567674779613,0.26955785020231393,0.15591360529000392,0.05648537453060777,0.2144787919274913,0.3898436455966753,-0.1375768000027852,0.47983259964295744,0.42254629608683253,0.2047911402505191,-0.05687047679203782,0.7059363735421622,0.5043978194317758,0.16583667901716437,0.43848909298538563,-0.012584321617719128,0.08093581271089946,0.21113693853090765,0.21993315765713478,-0.01660537153579114,0.3208445191548455,-0.0062793397072953665,0.02448968306387977,-0.09419930890090648,-0.11052281860227697,-0.25684630275600745,-0.21845779879136087,-0.10191203153738335,-0.12836120768714362,-0.3270765767543461,-0.05131726708591401,-0.2646961748209032,0.1177232691690476,-0.1466703181387226,0.12876614150196508,0.18225150008810698,0.6485159006388758,-0.22625918560591562,0.26537675346250494,0.019056807071826266,0.029718171071843436,-0.11139607916278105,-0.269792023752163,-0.07780814882990378
-0.03102315017945606,0.27930624504579543,0.326627891233269,0.20209595939262925,0.12372956458994443,0.29946125263217727,0.06430136929067914,0.7084651101445487,0.29201329079926974,0.2655586870609663,0.4191692282664322,0.44413000048544166,0.4845332411861723,0.3511427270953263,0.684496008647647,0.45887632543418294,0.5814186654251818,1.0000000000000002,0.25580084286718574,0.6632677652822578,0.7610051337721049,0.44555578826826897,0.721807842117846,0.6866339688598383,-0.04033241825641511,0.42174006024086347,0.3686315648213835,0.14482433556352153,0.5346860006435273,0.488821557461661,0.15115585664466544,0.08631417817919206,-0.08913212682573475,0.805185790401293,0.5735979697818855,0.28418949851770536,0.2944153743260122,0.3653669397774189,0.34184155965893226,0.06663814668219657,0.0036201286500871727,0.06699222010004502,0.2235544689947322,-0.11134561899376098,-0.0922020129260615,-0.22251507756128625,-0.0717478666554201,0.1563559815004094,-0.21115844699616032,-0.038673495852111786,0.2489769936698618,0.42115114871529014,0.6811608712064341,0.10329933361242999,0.3898502795809777,0.23243628621794957,0.6457223737035278,0.460593786782975,0.12644884630644568,-0.01904407219531187,0.3439069175506674,0.3644334519573563,0.27151217333770633,0.5281550439439169,0.016119419932059616,0.4148868278486114,-0.17832914327263302,0.3767640891492992,0.5738724482598783,0.703407880865772,0.6831906563529866,0.23466436284129422,0.6041733433338956,0.13759808093852754,0.48038028082450346,0.24809371603094543,0.4564627425063428,0.2250336409908748,0.041041786008388315,-0.24171329477593528,0.31318177868949537,0.2034186384204722,-0.3340608380409496,0.13607181180551478,0.38099784545564486,-0.04450244486146487,0.22919007932489682,-0.062129699389665796,0.6728319153286887,-0.004730040417850525,0.0206589140106078,0.011675288907287187,0.13645633025908638,-0.23770507104817531,0.3426066867286881,-0.1384079583581244,-0.34663920068748766,0.02759919389162883,-0.15995086273237255,0.04661284703459446
0.04027922570295191,0.15787083994215995,-0.06737745318628592,0.2942652575913565,0.2730138927545326,0.06942843200309065,0.14994097758098313,0.3639184771594641,0.038581020910559254,0.3779603587994593,0.3706086756205486,0.16102552009497656,0.37209194929600753,0.6881156914154511,0.37569123543101157,0.4197611732176433,0.7811121019005258,0.25580084286718574,0.9999999999999999,0.2618594957780986,0.43740115645691935,0.075465776039432,0.2508783879361127,0.2975996936618993,-0.2215767065698557,-0.18586863930765393,0.28641476534013943,-0.07375122241769007,0.5060391017682853,-0.03711499999581666,0.21376330264967294,-0.17304717124721034,0.12769701873089118,0.5350650048386189,0.4074935234687305,0.12662514243188552,-0.1038868465637271,0.06360797699417457,0.28494230657332803,-0.12605507198211546,0.19011215186207067,-0.21640642513549574,0.3225629240309039,0.08461610116531583,0.16781363897076354,0.26117826132497474,0.10825189786186959,0.13599702893050078,-0.30541581690339015,-0.1179042923700171,-0.010349120842991812,0.10135952136760738,0.1632938574639073,0.3803957883731585,0.049840007046597044,-0.17908187455242328,0.2199943350047711,0.1590343910104004,0.018398221882653276,0.06335536943179615,0.11460403296099785,0.347193219422964,-0.27064934951945535,0.34746147197838473,0.41797524938816194,0.018925798551195302,-0.06859884222979001,0.6524340920499161,0.42428169915824127,-0.027042354261894212,0.14747855931783194,0.019005204321037382,-0.06524852750358227,-0.0059652662131007145,0.0363458411684662,-0.1970782672234292,0.19824143873724104,-0.08853879650365155,-0.034909229413374314,-0.06080510476226082,-0.27563745592164024,-0.284875109692899,-0.09674970468397605,0.022012736470452047,-0.28473306302378704,-0.23890435078962016,-0.19408948285462654,-0.243832783329452,-0.13557572110027893,-0.2688530027664616,0.04925039372877104,0.06242398997561482,0.4909911918765071,-0.13535162638396164,0.11675467443532374,0.048934943993611764,0.1641904582451478,-0.04391153361101194,-0.21496411211567798,-0.19206464958789005
0.04387661161664302,0.02101264527230951,0.36508572115824833,0.36169239355149957,0.2570459589647309,0.3763987027644159,0.331555012552561,0.6640942767495936,0.6188003588047344,0.40770149955457896,0.277897771986292,0.11803892022588724,0.28462888642950396,0.4874854496530671,0.7788645263269492,0.45185578887622374,0.5702405509212679,0.6632677652822578,0.2618594957780986,1.0000000000000004,0.7340222534455533,-0.11203579894104677,0.45161805525586535,0.5223635669141707,-0.07743211039800427,0.01358656616727828,0.44846151285756286,0.0744418207666539,0.6838303100072981,0.20081792889519376,0.2949770216847561,0.0701982489294579,-0.1646959747847884,0.426203508203474,0.22497949816828922,0.4290942975070486,0.5708583095321313,0.30534733775050604,0.42404376900176777,0.23242239140925794,0.05419984162697148,-0.0022289694924339273,-0.0969890885281195,0.10838194528726715,0.16012420812292627,0.003496570283817833,0.0854417505901976,0.21975314163539117,0.06643722820266346,0.29302231134425344,0.3951020078135816,0.3558476868489831,0.5261653184723624,0.31249295745082345,0.4957466889427209,0.35590897998227694,0.5223562715436891,0.6652827179838433,0.17625062207046455,-0.25578605727129017,0.20569128961572258,0.3000295302031449,0.32990364039795395,0.49373366495747595,0.1014658945078073,0.4041488846354245,0.2474055340295031,0.349593746734399,0.2929932690371608,0.4054225389965168,0.6742470957802525,-0.10832738690619982,0.4461846166479047,0.337850331183805,0.33136510230963956,0.060810076190767004,0.45544712973708584,0.18662252291961162,0.26144456672412714,0.0046533590484632925,0.13205870924988214,-0.08813104588982971,-0.23886491917777408,-0.14667892682982783,0.372127999469927,0.09714947826894495,0.464201289503214,-0.022554286417776032,0.5830987210447617,0.16122988822093687,0.4014002033770378,0.19092575313023263,0.3886108727292323,-0.05751190741035996,0.386192027953057,0.2815031106669585,0.03097230753530497,0.3101673193639063,0.11282259048219102,0.4579799695452222
