0,1,2,3,4,5,6,7,8,9,10,11,12,13,14,15,16,17,18,19,20,21,22,23,24,25,26,27,28,29,30,31,32,33,34,35,36,37,38,39,40,41,42,43,44,45,46,47,48,49,50,51,52,53,54,55,56,57,58,59,60,61,62,63,64,65,66,67,68,69,70,71,72,73,74,75,76,77,78,79,80,81,82,83,84,85,86,87,88,89,90,91,92,93,94,95,96,97,98,99
0.9999999999999997,0.45771008260688273,0.34940868048627893,0.4813564507375027,0.3546617858994777,0.4904201197100245,0.3266613812721486,0.4682756761115726,0.3300640741881326,0.454745072103801,0.4855653839749513,0.4144862468735431,0.010563319903087665,0.25875290871080037,0.3244986966547825,0.5837539347386221,-0.25203122375431397,0.13883201393819053,-0.012970246969854177,0.06898486763626602,0.06215759157739538,0.002402741959475977,0.24925376000170738,-0.17714439735812823,0.3438473180967001,0.002870278430965965,-0.22467177337815902,-0.16486869221804706,-0.17344801833892995,0.08435152291178487,0.25595725159731303,0.5442651566921708,0.14478454256832535,-0.2482492755612606,-0.12757864331523586,-0.09284126137374135,-0.1033555756372347,0.38777393324595805,0.1643717542673893,0.1110258122369246,-0.047399708182736484,-0.22955529863857443,0.08399559552900193,0.26536937198488697,0.10119614943649985,0.05322193443036011,-0.05189678879743521,0.2751777868846058,0.7417093804298885,0.07923356610140339,0.8397444387665315,0.5209155785523041,0.4736980300646626,0.18753126941018677,0.4415342799069043,0.5060211720707131,0.6070772947211923,0.3799270257796006,0.4444570698788551,0.44706042753903885,-0.074690112623969,0.11183183302909232,0.09766437167643888,-0.08193141273663576,-0.07241164208210284,0.17819669947632716,0.3924206257817879,-0.044236276942603674,-0.15797955684805132,0.051984184582781874,-0.03145221596761343,0.08390651398143244,0.20876001190640472,-0.06685781824084938,-0.16129991733601728,0.1593958471747439,0.01454173832689819,-0.07067153250528399,-0.11718118929540851,0.3733088058957449,-0.30658935984929636,-0.2615332820403098,-0.06595416036688782,-0.2307839623162855,-0.4060436745819952,-0.193598081052563,-0.15040915229853868,-0.21275259412626624,-0.20088220071501672,-0.1972784207359516,0.3573670342796819,0.5769293198133546,0.12135105807330886,0.21737502090820127,-0.12359066975890935,0.0508485282003837,-0.26858532953782965,0.07732971755776792,0.6795811811497992,0.02787373641127666
0.45771008260688273,0.9999999999999999,0.85113204005843,0.8371396484343822,0.7481443886843822,0.7570062599432108,0.23989494947222084,0.689132882802865,0.7105945128453521,0.3291675050933749,0.06929794240568939,0.2394526868955432,0.24372516904209132,0.4661855418612464,0.5310772689830593,0.5635611550728523,-0.18357857144294623,0.40895356857840226,0.14286419954173873,0.12803723961876579,0.4316612716313688,0.18907545005615256,0.27719109429866523,-0.05715505174338501,-0.13562405634406666,-0.022822141276965933,0.15480636874713935,0.26351550030362375,0.17472917718875403,0.4953589369334032,0.2568514604692885,0.1953160007302739,0.14847293179467128,0.07036719704731205,0.2016121719899939,0.1821371359314978,0.19851767970769152,0.42042276326501804,0.3097665545763056,0.11544314013336882,0.10296166219913847,0.10832509180523414,0.27837445316603443,0.20464458647333778,0.3053633461044083,0.3433607069195636,0.3282786092382698,0.19583431330069784,0.3385186592084015,0.12636388137240098,0.5241958129842024,0.8403746906741539,0.7046079973040936,0.7585090323767998,0.8031233047234332,0.623090070363981,0.6462298045742151,0.6602885064541147,0.2173028764507811,0.12851253797951837,0.2611185247290569,0.4424596564602772,0.5862779561854301,0.40357431825967854,0.2645290588395305,0.4595316127986417,0.21600751632011642,0.1651641742823015,0.13967082768009592,0.43848069061684,0.2473254150844636,0.3138201797970666,0.5250104202255973,0.04965083225905604,0.17575546026259076,0.0944972804664112,0.16982182914525087,0.3880967745540149,0.21809836072366967,0.28267269922083554,0.09662425604833369,0.08485534860611359,0.16528876526175373,0.17523757488413327,0.14495888530490628,0.2557302319878566,0.15817356703395413,0.12806489526803366,0.11636453659370645,0.035369993000105064,0.13921914253942488,0.17169781756739824,0.17679338044102497,0.2158834006409018,0.04971947528096066,0.10674411504006495,0.25077875428250557,0.275844864738644,0.3174447584473982,0.09308289948505784
0.34940868048627893,0.85113204005843,1.0000000000000004,0.6490354199131149,0.6759202254829884,0.8380415965982653,0.2083839319738726,0.627603245271366,0.8041085192690204,0.3079332961157318,-0.04409053328715711,0.12942977992236535,0.3680885144719781,0.4164145011409413,0.4530312400094684,0.4966801040734997,0.00793428229415517,0.3963534750528753,0.2080466288887709,0.12291331252508453,0.33766080424971584,0.2903916429013066,0.3448680508136167,0.12773562265038782,-0.18454676988030475,0.027505153513629643,0.2353628900029522,0.3774567647523312,0.35441716562825304,0.49504977826459745,0.1584871397360078,0.09188393858579748,0.10239180509316992,0.1807685877732985,0.3492604583022163,0.2934765868606477,0.34519888922454794,0.42760950368691336,0.2788207693135336,0.28175004545568616,0.14194663360405482,0.15917892543865964,0.26354169838613556,0.10877910858135638,0.21811988532556,0.2537328906639503,0.3017585158426179,0.09893359369011966,0.24624160765493555,0.1311624238189945,0.41326478650025406,0.8030930202961459,0.6387934732935311,0.652956106567631,0.8299585857155348,0.7728871368841356,0.5287476083123077,0.5920953672062186,0.14476489973021342,-0.027115804887206708,0.3682838335202277,0.5705912086525821,0.7431208599626442,0.4434847842528137,0.2788655767338763,0.41424913697788773,0.22027488714271937,0.2571024515455505,0.29026553307362646,0.46412293553642586,0.2070683490672306,0.44115097293571387,0.5018454108196546,0.26084718705346216,0.32968541041714877,0.10682550002405923,0.354276697625968,0.4922094786044788,0.2215995256026259,0.2813241880198569,0.27107845403912434,0.180725256523005,0.18211879435183054,0.3322010748840102,0.2834090481580751,0.27857199676924055,0.31716489130560926,0.20521122431802133,0.32192620931221894,0.23629189997229189,-0.02419787656831869,0.02768539899647796,0.22859105337931743,0.17606438263083754,0.11672546332534478,0.06605337465405314,0.1980739714005648,0.16371481268269528,0.2658423824382187,0.1834050902407863
0.4813564507375027,0.8371396484343822,0.6490354199131149,1.0000000000000002,0.7039935302291165,0.6520704054474061,0.33030560934403175,0.6331039100677404,0.5989956412534293,0.3139290374225377,0.06224846930986206,0.11133994102617094,0.15519200402068445,0.4187002553604962,0.46744413498421633,0.5964693292526426,-0.17896991322679276,0.40050046984298576,0.16151281322325606,0.31243367688857016,0.43524926314746337,0.10525244858446917,0.292527886185686,-0.07739248757800096,-0.10211585715870217,-0.03635324004059141,0.2016500839876396,0.2009473091479848,0.1879175947896233,0.422275702670336,0.3513920436137371,0.36917078445989404,0.36157632184379107,0.11795716139152507,0.17007629516309603,0.2541345938827698,0.23380827862903222,0.5469526024148103,0.3454456846992642,0.14293238743385955,0.22075243971256372,0.1852731603588687,0.31255763681433946,0.3255842384620265,0.38510515998954764,0.35928056830557326,0.3385340247510589,0.2623438859315981,0.4080990055763138,0.22303944319257543,0.5509910889656655,0.684430490781007,0.6869189200693522,0.740223568043867,0.6751054829542683,0.5334160004702513,0.5999273058097744,0.5659409462335129,0.25827050544808683,0.11173715299571428,0.1105434913236037,0.3450136447050956,0.4639022936325136,0.23671135453612832,0.2564986689602779,0.3892607775080115,0.2896599702028146,0.14475933957804352,0.113014752599318,0.3587937172968269,0.2776472663070411,0.16442384567844043,0.41826433673076746,0.06235870262388207,0.11033492660691749,0.0075216841543735025,0.16824860026150867,0.23600158981825306,0.24822375634295368,0.2997091306526658,0.028116427759845,0.12005104677943026,0.2062635057312583,0.136467428260094,0.12094193838895406,0.21869689880367577,0.18150861495451137,0.04860462176593791,0.18250302613127103,0.09037472937312581,0.281512319119907,0.26831434703242185,0.2557169323911819,0.25177567280559826,0.015196667457028336,0.2474221427763271,0.2648671467516078,0.3531384935354752,0.3876263253794658,0.20298661689960326
0.3546617858994777,0.7481443886843822,0.6759202254829884,0.7039935302291165,0.9999999999999999,0.6896213931838205,0.028288732668399538,0.6018830202183778,0.7380071408408517,0.22139487000370933,-0.13696564342136253,0.08533323444326277,0.06162016734475975,0.22655065063669563,0.3548702344104532,0.39505836183959026,-0.21250770817170375,0.2850195733579734,-0.005089981601939743,0.10017655549363935,0.28184072873657856,0.03407625214441383,0.13402715286756595,-0.12497925730564848,-0.05802294911032612,-0.09146263751186984,0.20122042272571508,0.22165649931113515,0.12203477093510282,0.442052240905039,0.11417578438578621,0.34970609240897743,0.2935372157565622,0.11738942575842473,0.22406943219798742,0.13445391403621174,0.23685718657946156,0.49500896346179557,0.35629018970817167,0.03827566578764902,0.1502409988309363,0.1657256683272692,0.31742986916836896,0.26092942981740164,0.40705730800078016,0.38975980742202254,0.31514919002786984,0.20129794006316296,0.32871251492077264,0.17621325820143802,0.3608558084828535,0.7429450469092848,0.49727216234653215,0.8031674436324306,0.775060735354492,0.45398893595764767,0.4367751330373714,0.5799107735802448,0.20771933436263687,0.05860805603383807,0.20642747776716283,0.3559393579536302,0.5369122997268889,0.2463007701419586,0.1802750384191023,0.344427644321765,0.020237738191793465,0.1348069450644316,0.08837546502594508,0.3146755066860288,0.19241702746719141,0.1356169066734214,0.3116255339806503,-0.016906277835068716,0.12791744372962588,0.09121522282858326,0.09392928256616746,0.21475137747447715,0.11649141299364742,0.28862576782805016,0.06321947063427175,0.10303056513690564,0.2475858328124666,0.14892730932599266,0.17063437959150834,0.19503710653347503,0.13692305232492796,0.12093105955041757,0.10752124297873679,-0.029552847665052704,0.15084896674049805,0.15602286471965557,0.2249569846343253,0.15306945899621527,0.07910450548890717,0.20643498395301546,0.28421434991404265,0.2729504922208362,0.24386442571085792,0.12084592633379812
0.4904201197100245,0.7570062599432108,0.8380415965982653,0.6520704054474061,0.6896213931838205,1.0000000000000002,0.24423632063464218,0.647504047814904,0.8627736784912633,0.484359246618526,0.17992016678901648,0.30017714127581696,0.2556446669158195,0.3281762878232477,0.4162008596069628,0.4942780925603264,-0.1589260314052682,0.3180801297742109,0.02588141051780069,0.03438909301502431,0.22295016604864185,0.14732374691668046,0.24820404271291954,0.06918977787708488,0.1281597345364424,0.14818830593645999,0.10996782006837008,0.18307838778949215,0.1809709281244755,0.4394880539296852,0.16067600820833522,0.3197557369862038,0.1049941388078155,0.06156871105657764,0.21021810119404755,0.23688684780210734,0.24856520300752774,0.4276796911752822,0.21866214594073521,0.2580686793341804,0.10002376339531217,0.061509161915551634,0.19734768598456906,0.11918282780152292,0.20899252799497164,0.15351280055185398,0.15554571760224223,0.08642339818587128,0.5112744228817233,0.1432777194932979,0.48172938324723774,0.7624230831197835,0.5115793109659329,0.61231046948743,0.8921262510500082,0.8542919652577369,0.6088563254401715,0.6069943407478571,0.332136600994799,0.1654332374207378,0.2952100244988118,0.4285021705343239,0.6235589057298928,0.21548903681276033,0.09380164846039157,0.3375947860593835,0.24365443328892555,0.035631451319488555,0.07522472166447178,0.34406508555562776,0.048884635386343044,0.30516580891324263,0.40889805609360796,0.2550064703433661,0.20002030411332525,0.24022335489617536,0.24324115471635005,0.4090857690528892,0.07801812695364976,0.3749857203669439,0.08152179217947875,0.04146372957960029,0.13413073425839944,0.16421521282964444,0.07578268276168323,0.13565092940988882,0.21272730350531935,0.0313753271409509,0.16221697081220154,0.1440259163591215,0.0330563985262292,0.25791140872021673,0.20160252036468462,0.1664912685427199,0.057133615218718244,0.00766643962676878,0.038332227757031094,0.15555407883909939,0.4580741722389346,0.14509757711507418
0.3266613812721486,0.23989494947222084,0.2083839319738726,0.33030560934403175,0.028288732668399538,0.24423632063464218,1.0000000000000007,0.34548768260371915,0.14718365404812997,0.5444084332925171,0.3995773894675661,0.32674021830500527,0.06427124854175777,0.4007025084128287,0.3640525787631725,0.6300170098131326,0.33521464222351094,0.3448436634704843,0.4221377255845568,0.4809179803474937,0.37932858691268195,0.20660197510193876,0.5033158602236593,0.40979395238974264,0.08734379532882794,0.15903343256587602,0.04810118567214888,0.10284767488014032,0.2936066601232303,0.12456217120459132,0.5187554697208084,0.06620009555997801,0.10294528633228343,0.15963209221977057,0.18111255796486994,0.3003169482508356,0.28139789374825064,0.3373402576155099,0.27427868542067624,0.5879260837068664,0.41193342289683926,0.15501949317386246,0.1791158983644281,0.34379661891224245,0.08145817816128106,0.10775330530683018,0.20526641895367512,0.43436023031513826,0.42805230427487745,0.38663877267047486,0.30928399632824793,0.1158527020737678,0.4302026549979194,0.12762347745297728,0.23494535383955564,0.3652690163663743,0.33102094971778284,0.1682157339936367,0.33518869557661496,0.22516721682663443,0.20644076490366883,0.05281931064257371,0.1355211450012598,0.2711151531983338,0.3546307812858107,0.4022944960139177,0.8110901747151972,0.28678304492131473,0.280061346059311,0.24012373585061902,0.35809029814262844,0.18877533633451493,0.42658197682953236,0.3604837900395544,0.27042160014045813,0.027669173245827808,0.40149502606573545,0.25132042814551414,0.31034870921968144,0.10048515569204179,0.16150228729115565,0.2338826746463644,0.12346874801733122,0.131937214846841,-0.033907615847736494,0.2165176306422468,0.27344641159708516,0.08392381383046484,0.3080236844296217,0.4332860221149156,0.34512906567388835,0.3358174873454875,0.42811909087432093,0.40266591821384434,0.03365740104747454,0.3344000075814904,0.1947964231496011,0.4133423245262014,0.5002886337936711,0.4359929935755508
0.4682756761115726,0.689132882802865,0.627603245271366,0.6331039100677404,0.6018830202183778,0.647504047814904,0.34548768260371915,1.0,0.7412659665561602,0.2801566203368163,0.19450277444451253,0.3048300373345951,0.21740060133168415,0.3533518211972365,0.258825522539649,0.48861548062387844,-0.08480795663854283,0.5446877707126455,0.0844146503247217,0.08554887574382593,0.15915367727128543,0.25875305111023084,0.23467443078271022,-0.02897240440147085,0.06278478196635236,0.10308946987413513,-0.08255264388508496,0.07192894026654045,0.07960749770942677,0.28549548387547014,0.20059468747695566,0.037793694087442424,0.016550984243604874,0.019794934964708275,0.15239522556926793,0.19737038227478707,0.13020195708844592,0.23058690982326494,0.11354716187305497,0.18252582930538472,0.18701415874474753,0.1139795786549468,0.2708481339146646,0.19875680432055368,0.175564741549189,0.2886668152765292,0.26595186633727685,0.3075957676712027,0.45862133808286065,0.1658568563265848,0.4877161454556106,0.8208800559493991,0.6063588968127485,0.4576061165803302,0.6860015390759132,0.548590252537359,0.8509093039727487,0.8752233046220572,0.14990258122623507,0.223564109714476,0.16758250203804237,0.2703111988501058,0.37448053880536314,0.12484421411681772,0.005235845594113917,0.15948785708836774,0.3319464776534364,0.024222939185387232,0.11531776964847479,0.5236544191265612,0.018976541519464315,0.3434923428910135,0.4397388298665918,0.07727585550774284,-0.037579350073023154,0.019780136140318177,0.14761420493921237,0.23715863760294378,0.08075870023030858,0.04666558713063588,-0.05598393599116187,0.041181833894324685,0.06761946090659852,0.0782183325480557,-0.06734711751336005,0.18673439039398382,0.0747327212539225,0.08450651608824682,0.2031679876053849,0.08006837415604842,0.09988080621606772,0.16738536156354974,0.06350568767338081,0.13043599788789106,-0.04501232759655845,0.14040102511255578,0.15293840693686492,0.32333160638409986,0.5494181029352099,0.23722934619231043
0.3300640741881326,0.7105945128453521,0.8041085192690204,0.5989956412534293,0.7380071408408517,0.8627736784912633,0.14718365404812997,0.7412659665561602,0.9999999999999999,0.31194065317195,0.0250823248423464,0.21314578175584364,0.2799341616685226,0.3029573664369042,0.3395476186350448,0.43652496956334425,-0.16170940908163517,0.47689542217092123,-0.031381996983378686,0.1665750749663354,0.17538527992765643,0.18743848134028526,0.2159212319766706,0.012722181767615668,-0.013622920438193579,0.07592262562456757,0.2363212267731287,0.2907069349845458,0.21738429949945803,0.47126041429203686,0.08352075592919408,0.21198405170245094,0.09587569830484145,0.22425712252959284,0.2995056119279337,0.4076545799759508,0.36729592507020636,0.4414348192114253,0.3412397609872462,0.23701771383385262,0.28934510863206164,0.16754190254248277,0.3056334591499541,0.2305814235226303,0.36924643163415644,0.37990850196992115,0.36796677569856634,0.22958932476769955,0.3974911024725493,0.2853580911575226,0.336798724858018,0.7745009728114096,0.5180076771868423,0.6802313151956954,0.861919301872042,0.7294680569073104,0.52422977910425,0.7854172019617305,0.1936886979857451,0.10497747593995126,0.30326022993671287,0.45683231170319494,0.6305634403767632,0.18758521696957936,0.03090146046824892,0.23958471831684072,0.16794392665328076,-0.029760495822980657,0.13296570507774685,0.47778067938425334,0.01867555528426859,0.27269583786452783,0.3790521608993347,0.23010962799867057,0.12488606454901745,0.083366218865308,0.2678264191655613,0.34639357060073606,0.10587563786501783,0.31711379535609907,0.13892428771937299,0.22146520209280673,0.25601638274681143,0.20967004748612564,0.15822737724511332,0.30214238330379695,0.30064061613719767,0.16296894246486254,0.37455598243031735,0.22530695992543753,0.060583026008031775,0.1907319305533855,0.2518264486858204,0.11037926040687274,0.09465593899908789,0.13207929161775,0.22559229459735683,0.30031571386386935,0.3883016474102174,0.28772548243884843
0.454745072103801,0.3291675050933749,0.3079332961157318,0.3139290374225377,0.22139487000370933,0.484359246618526,0.5444084332925171,0.2801566203368163,0.31194065317195,0.9999999999999998,0.6006611172096787,0.6626954185870872,0.09573707251432155,0.2753392103972887,0.466180798965015,0.4936099960748679,0.021553859007273204,0.04379238337069216,0.06017428416914837,0.1851019964470572,0.21730153872255614,0.10861224006530527,0.3739686351028956,0.32297261237986247,0.43421660295041714,0.3567679607596968,0.015490814119532898,0.04946506977679397,0.18907104952609236,0.2715602876492706,0.3837399497412225,0.4980272433544485,0.17643667922167552,-0.02249714015051656,0.0933179688889226,0.043623565380031946,0.1855986549683253,0.48551049857093315,0.3354411359850607,0.6565842422956607,0.08925659222812626,0.12367809388433194,0.010446310560770573,0.15016991761802279,0.006356817500377983,-0.052445979838927695,0.018532152427463432,0.08578003843377253,0.41452384793596186,0.14493467689703918,0.5075074753496635,0.21876808553601473,0.3107791416501273,0.19896282202079427,0.43465838235939974,0.5187768868209056,0.26343480424035154,0.17217834576893296,0.7913302389922703,0.4913629341026847,0.4193991891271537,0.1684992508266071,0.3079265755067479,0.16751923762544943,0.12380407987789374,0.42377516003809956,0.565923467371774,0.053104622954400986,0.17560160862550847,0.18998595218754485,0.18594347080060422,0.234031750187842,0.430209726917127,0.5647127511961616,0.329766850038676,0.40127475020970305,0.3564670238222853,0.3762921849885373,0.12662518508732148,0.4680739698897763,0.2072297794719174,0.0953900731370662,0.13661103944854283,0.10056999836770009,-0.020574104744351812,0.19961271602269537,0.23886435843020834,0.1343890305659783,0.12746467878090983,0.3483635225785313,0.32309276517063723,0.5475371131336348,0.47437766392610614,0.3083453015335449,0.2320430937782959,0.08639805346630189,-0.018181401661458076,0.27259203100815016,0.4155218536529441,0.18245160432654867
0.4855653839749513,0.06929794240568939,-0.04409053328715711,0.06224846930986206,-0.13696564342136253,0.17992016678901648,0.3995773894675661,0.19450277444451253,0.0250823248423464,0.6006611172096787,0.9999999999999999,0.720742427438038,0.05530025210538875,0.25025397509758196,0.2980453097616636,0.21050922701303873,-0.09027067278866986,-0.07351454007254157,-0.1038041156217553,-0.03850988141495574,-0.044114214901241934,-0.0411531971045742,0.1774760914289595,0.11051503393289493,0.5783491580453134,0.34500103923565895,-0.23450073076056802,-0.18445389381655994,-0.12530585049720527,-0.051268931164477706,0.27277953773017427,0.32699028037453115,-0.0776742744369689,-0.2708106442205211,-0.20855385682970062,-0.16401807576179575,-0.14906725191115713,0.07571801038465634,-0.0030623988357616214,0.3055797717658317,-0.05888326079796625,-0.0706962505928123,-0.01938523052222902,0.13272611842169738,-0.06906425310577795,-0.15210882054767597,-0.19865693532610335,0.11195115890758801,0.46944760676591374,-0.003748675309411641,0.44364414057304563,0.070741348361293,0.07099295556042438,-0.2037927888030274,0.03882844181758866,0.27313701979274535,0.36006787222807457,0.1268874038929923,0.5800335420184354,0.6466847251749539,0.17867097321506165,-0.058890063423658996,-0.10861320807502506,-0.12476233745297186,-0.16683747482265784,0.16778833719215458,0.4261801462706687,-0.2511853323098061,-0.23630479015379063,-0.09189727614515379,-0.11474248751289796,0.05354696925665473,0.13746065128179974,0.13400759805253473,-0.043354781375587355,0.3252674781391984,0.09912116033332923,0.09874584485422565,-0.030777444480643266,0.17453228125485998,-0.20446900957585096,-0.2593619593014477,-0.11326553369813201,-0.16379139392531183,-0.39570069508729333,-0.11901289540856051,-0.11981371553965076,-0.10694256408575908,-0.20206270689199027,0.019248152744751026,0.15976367900686683,0.5384207005201841,0.027017665275584482,0.18373631689332273,0.02551516263503023,-0.04683387766988164,-0.24269840059009903,0.03257762963320079,0.5345545494118994,0.019308923475816753
0.4144862468735431,0.2394526868955432,0.12942977992236535,0.11133994102617094,0.08533323444326277,0.30017714127581696,0.32674021830500527,0.3048300373345951,0.21314578175584364,0.6626954185870872,0.720742427438038,1.0,0.08216730071349161,0.21334788017260703,0.38317053795093514,0.22561537284250283,-0.13633436850543496,-0.023145561299200486,-0.16540789372256595,-0.027414186332521014,0.07290995874541087,-0.09033680404790922,0.0690293626339969,0.14418117416115506,0.4281779847111348,0.24776775455450412,-0.18870254565226954,-0.12324757944950829,-0.12066745059373975,0.14214541717133355,0.18656319601400753,0.20533330411133374,-0.18426074836572653,-0.24800417544865092,-0.22634703601711254,-0.029608120661261495,-0.09399188416672898,0.12937849342856506,0.18724458644173977,0.3245444004282666,0.01901658043697918,-0.06906656787421206,-0.10722868186099697,0.13137143470717605,-0.029577546659898066,-0.019610566397065866,-0.11840807858926987,0.026279873548578327,0.47973038660417733,0.08362886387269078,0.34264654767355673,0.16883071028293833,0.11250043840547398,0.07288975233120212,0.2191183135753009,0.27194298349522283,0.3499059526069867,0.19738718084448617,0.5620161995585354,0.5974099801854448,0.30824402826993946,-0.015681539629278485,0.08355595508195443,0.016477865984895153,-0.1263681237306092,0.24075157003349237,0.26604836030437184,-0.29846332439384843,-0.29709291104702357,-0.021281910926275592,-0.08571141632035295,-0.06208403387360965,0.15868997537529203,0.19902473966459924,0.003239479599697203,0.2975289317365014,0.06522965113869905,0.108782894125373,-0.049907643750654575,0.1838886029258936,-0.19176476529179604,-0.16519789489712391,-0.11250746700340657,-0.24398811005296211,-0.36664020864338004,-0.05120269501522971,-0.04344371324900748,-0.12036236764924389,-0.1324464951110847,-0.03122213086432119,0.17639704125636113,0.5357666633466984,0.11431042594916468,0.20294971747412094,0.028171770991613703,-0.07502597016421299,-0.1642299672081486,0.09686720485066856,0.4750971950297356,0.06831830673180621
0.010563319903087665,0.24372516904209132,0.3680885144719781,0.15519200402068445,0.06162016734475975,0.2556446669158195,0.06427124854175777,0.21740060133168415,0.2799341616685226,0.09573707251432155,0.05530025210538875,0.08216730071349161,0.9999999999999998,0.48306363341622777,0.25558104811064186,0.18983660962753313,0.35683843945313515,0.524525592505583,0.31694651648005434,0.12331890743784708,0.08941334628095715,0.5512449800350557,0.11131633486580311,0.08933107410213774,-0.13098998055486133,-0.14866359624951672,0.10422033096873196,0.324442564583288,0.1787206641261733,0.2529670580563508,0.18605464908274907,-0.13322701157689218,0.1690392365011387,0.5348780642349015,0.3156740786450175,0.4235034160166394,0.4908373333203603,0.23862011523280321,0.2355585675297971,0.10952925711904214,0.47611025758632536,0.26781402333139587,0.40049897212980246,0.26851634284059883,0.19390369076817915,0.4535723851154367,0.4782685934600676,0.37408330080908453,0.15126124217914752,0.4928616259179971,0.06003010699559239,0.30109500197219724,0.27750307083054854,0.1732325100967776,0.227347276027764,0.23240269106402564,0.19766248918000656,0.3274484552729597,-0.039761587313691976,-0.25949180584745996,0.18831320912203883,0.7101224438697126,0.3965681197212686,0.1617206308563419,0.05935820238172945,0.11897205727997516,0.036921495136799876,0.18535060267394102,0.21747902664161325,0.49556403766019197,-0.0040111234349356545,0.19960159700854685,0.03574837555406232,0.24903209058365583,0.12815370630874742,-0.38108349979665346,0.09034288250148031,0.11445809585280262,0.29760170587297935,0.14939175733306206,-0.05832870048230686,0.3449877956967074,0.0834264437754636,0.06121568777775302,-0.01352686706306193,0.28768867398793657,0.42667931178569796,0.2918084554190415,0.3424108478075487,0.20179275888240444,0.0379941420573291,-0.040118868254090584,0.1301086223356658,0.16420956214298038,0.09971227733843405,0.1608329529451682,0.2761804477325382,0.2585315408346228,0.2586962180329371,0.49429650720578644
0.25875290871080037,0.4661855418612464,0.4164145011409413,0.4187002553604962,0.22655065063669563,0.3281762878232477,0.4007025084128287,0.3533518211972365,0.3029573664369042,0.2753392103972887,0.25025397509758196,0.21334788017260703,0.48306363341622777,1.0000000000000002,0.7309285063397298,0.4842789586424533,0.3444932285845269,0.5008751632209308,0.653009454377123,0.40239398386072256,0.6700957829277076,0.38926632607546435,0.45549625602529753,0.2895585640117888,-0.2527288486888536,-0.12867313542971184,0.13744105258064268,0.39284700366668396,0.46886594061683484,0.421187153637516,0.28549747972013795,-0.05107063257953256,0.1498275555799733,0.3382825263158035,0.25741326825246874,0.2879574835993498,0.4382368490694734,0.2954926601710691,0.22799455243007183,0.18557540258969918,0.2726634267943292,0.20065059607755836,0.30009615372147713,0.32160643990339854,0.2288638598787797,0.38451830876507204,0.3603855201549911,0.3380504069012792,0.24660824452071506,0.3431664598913826,0.24087306674668313,0.3923363184939785,0.5302296571503333,0.40560270643328117,0.31798177915887976,0.3754761050237606,0.38267645591495636,0.3158621528011048,0.05828458490515278,0.0984531916909621,0.23768872876370092,0.5661885941806954,0.47907228808177726,0.44970548553764994,0.4282092600356296,0.6056758924158836,0.4620389996415295,0.45686883146848833,0.3216261602930898,0.4484791184515653,0.46055504422594634,0.3161354012921961,0.42688221813543153,0.23010666456745454,0.3375134897708035,-0.0885879716902735,0.43127149689024197,0.3659430986191728,0.31608252417445276,0.08519249019138085,0.17892431439878442,0.23690155013906605,0.12638709756661734,0.20479123223024426,0.05333195305174577,0.262727161091123,0.34423568294840196,0.21622640667141813,0.34598419778975964,0.2985450587578549,0.03632597858468173,0.013076635133556237,0.2680646616012069,0.25231012361322674,0.10564229643702168,0.17896341274682684,0.3295161708044798,0.2885445676683046,0.33480142474026087,0.3769793272887319
0.3244986966547825,0.5310772689830593,0.4530312400094684,0.46744413498421633,0.3548702344104532,0.4162008596069628,0.3640525787631725,0.258825522539649,0.3395476186350448,0.466180798965015,0.2980453097616636,0.38317053795093514,0.25558104811064186,0.7309285063397298,1.0000000000000004,0.49423634829127455,0.00916890316739432,0.2972226267303255,0.34859930636459824,0.41866024747957353,0.6928109808585736,0.1557029975585328,0.4091053278299395,0.1936299795831117,-0.19273064965469805,-0.08160172928861752,0.31169200041644446,0.43744092484923397,0.4358471379568314,0.6220474505953167,0.3421236450570356,0.2227231417941033,0.17596881350180965,0.19560288116004274,0.19490748667196214,0.2619852770796946,0.3433498063692382,0.489848290856386,0.4240304536189168,0.28384756226243896,0.24885966896154874,0.14365104668296208,0.21620147586117153,0.3636706693823905,0.31311208374159066,0.40349962230477354,0.38500777742812853,0.2995951611315881,0.3320258190979129,0.3136261361934461,0.3435811534807352,0.37131018301515,0.4799487400486752,0.578775935017124,0.4028204173914943,0.4119522705872039,0.29358783388175735,0.20923416109959217,0.23615348057890168,0.23337466244461938,0.290931257495048,0.4466659171897295,0.5524770284222483,0.4701693343342248,0.4382384312903824,0.808563192591771,0.3963004099583154,0.2842790247073304,0.23096256259314427,0.3137917751539595,0.5373320074118488,0.17486384062556887,0.4765574804767706,0.27278222231002963,0.33471398051871804,0.029682056001708073,0.4774220676829909,0.4396760597360754,0.2848273507533672,0.32840755835064533,0.21159960448022525,0.2492573268033968,0.2904508994462729,0.20098310232869995,0.12314203408100013,0.33114873659047445,0.2976361810550787,0.20398891760765944,0.22291471190142095,0.2881381385647878,0.2398895191712058,0.2968977470545666,0.4160572095832037,0.32077596663991,0.18416320081619014,0.15739539578520567,0.37979854277612035,0.39796415618694786,0.31933310325183845,0.29766686268806636
0.5837539347386221,0.5635611550728523,0.4966801040734997,0.5964693292526426,0.39505836183959026,0.4942780925603264,0.6300170098131326,0.48861548062387844,0.43652496956334425,0.4936099960748679,0.21050922701303873,0.22561537284250283,0.18983660962753313,0.4842789586424533,0.49423634829127455,1.0000000000000007,0.09839733428882186,0.599039012399435,0.39370928231391317,0.5504860602010186,0.5055652745686557,0.41474594928215447,0.5831516042020454,0.22828280423271058,0.021975144646740552,0.023989235103079362,0.16505536995834222,0.13569145562926913,0.26610676594119537,0.3574796776581973,0.4879349713069874,0.36568397658048407,0.36072410922985315,0.2664984777776987,0.4444149183199475,0.32684466611306406,0.2542390539634825,0.5605660759017178,0.35432913097704094,0.42751436225575523,0.33055007677538695,0.29464443766066656,0.42607174135570364,0.3824658313520799,0.38388077141507176,0.30179419097089444,0.4373022683968108,0.5004154436115512,0.4414066962367358,0.3222743531165675,0.5891333415074855,0.5469337281365385,0.7921794276400435,0.497240214019577,0.5814330302411864,0.49038315388989806,0.4859388172547717,0.4198886346730732,0.30865787347480145,0.1649344643727059,0.14361116891784223,0.3585680760679662,0.37533891570834793,0.28318103165644554,0.33672391307143246,0.493006512204175,0.7068068358846304,0.2689401685395534,0.3893231383188447,0.524687266385542,0.46373915990232856,0.3945601040613785,0.597136070521449,0.2910992473113678,0.24532220031547042,0.07018216853297361,0.3657570852497603,0.2597523919558168,0.35760380937004566,0.32253518883446847,0.19133535188930278,0.2152042193343304,0.3779837495987137,0.2736969491420875,0.06690601552287012,0.3411119298294011,0.15790906420591783,0.11081402507511948,0.3385116642405881,0.336364242634605,0.3258817568441964,0.3525401555676695,0.4149012302276244,0.3838573522821048,0.17080460443586626,0.34328772295123905,0.21672753640234863,0.4524606330548425,0.4478166493560328,0.2879306057514364
-0.25203122375431397,-0.18357857144294623,0.00793428229415517,-0.17896991322679276,-0.21250770817170375,-0.1589260314052682,0.33521464222351094,-0.08480795663854283,-0.16170940908163517,0.021553859007273204,-0.09027067278866986,-0.13633436850543496,0.35683843945313515,0.3444932285845269,0.00916890316739432,0.09839733428882186,1.0,0.30066998788194466,0.7590745191892294,0.31843097921983915,0.24100387516473873,0.5754716135796334,0.4433334614801228,0.6889526246226948,-0.09862102631415183,0.1043269141385448,0.17803766571427485,0.30215667179491285,0.5185934470650233,0.04136803667764533,0.14963748692107806,-0.4126553343128281,0.038369935992658755,0.4464160967530428,0.4072876247251309,0.2581441553312573,0.3913999619654648,0.0035108392831507567,-0.0863973442340324,0.24413259033256265,0.26483135484874204,0.26091548715847734,0.16033596959936225,0.05965080729156973,-0.09870361132415065,-0.006921186566454586,0.13498320411685868,0.11314391263620345,-0.23105136634559625,0.24957360021445513,-0.265067389831032,-0.1963519552866907,0.04342115771388739,-0.20837869260791442,-0.1689059144843767,0.03185646286522911,-0.15106047276266255,-0.19856748472288907,-0.11561576813168092,-0.361721690125369,0.3003791863122422,0.21688977740319706,0.19936589578717837,0.3859405022827347,0.4283955838047165,0.18872819283450784,0.33074786393950845,0.7065016758336232,0.5330348447119634,0.2201690093517436,0.33247102428936653,0.4065519433620428,0.2332305086333749,0.33065070000443236,0.5811383214078903,-0.07800378964230387,0.43607916461879204,0.3186188862471226,0.3619606426804616,-0.14395480710049577,0.4132783262065595,0.2796668945565259,-0.015039736442379876,0.36874696324610506,0.25753312938540446,0.17969241545420825,0.39867945328346754,0.36183216274426655,0.454562214058156,0.5071341173192988,-0.20028162134711025,-0.37442434717568196,0.1077037705698537,0.12064114518252038,0.153893278711252,0.21589236752746122,0.19427496574297345,0.014635823930916468,-0.015494344893965901,0.4006274674982189
0.13883201393819053,0.40895356857840226,0.3963534750528753,0.40050046984298576,0.2850195733579734,0.3180801297742109,0.3448436634704843,0.5446877707126455,0.47689542217092123,0.04379238337069216,-0.07351454007254157,-0.023145561299200486,0.524525592505583,0.5008751632209308,0.2972226267303255,0.599039012399435,0.30066998788194466,1.0,0.47035430839168246,0.5359428376050464,0.4031855485530747,0.6595457420565155,0.32040755838543444,0.13309950083834732,-0.20786378980378212,-0.1549107331564803,0.2785470705346725,0.4012462045733359,0.29645560808648935,0.38350267159554907,0.3880828825326832,-0.13624527954527907,0.21625990220770355,0.7076970766636782,0.6346454214985598,0.6469917941734116,0.522960369312419,0.34269446342682613,0.3145708207614019,0.1944444909602193,0.6597893005862918,0.4571780243615225,0.6246565554886111,0.47660681805893085,0.5799310542872834,0.6134356609641072,0.7645776430464867,0.6680494565526314,0.23445194659415078,0.5518516023422723,0.2054196512842275,0.49417932074325827,0.6453757390378182,0.46644468634257785,0.4027404152728295,0.24453012381210057,0.42179255064169535,0.5626319202107589,-0.15119167908932163,-0.23287983048716562,0.09572534360029125,0.49892495957646166,0.35800079931515094,0.23070097292414166,0.2162253270871862,0.19860566930453363,0.37296436074699757,0.29711404077058967,0.4689337523770591,0.8046466794632687,0.2724643802982873,0.3809740277632249,0.3719927905323541,0.23038011425718544,0.08229689145469331,-0.3321945546052587,0.23663188564539864,0.14210095470906012,0.5184538937722529,0.09733385278174997,0.09736256315144372,0.46864803986010445,0.4737162814172679,0.2975200163997592,0.1452008740694619,0.49429800052225326,0.37167962260195414,0.3659886127595595,0.5600897008753588,0.35376039523177644,0.2038609500296818,0.05211303073134573,0.2870788622039418,0.3804728834857166,0.13701499881336654,0.4768726548203886,0.47271824499981696,0.550033171073941,0.333856384948652,0.5475277439106516
-0.012970246969854177,0.14286419954173873,0.2080466288887709,0.16151281322325606,-0.005089981601939743,0.02588141051780069,0.4221377255845568,0.0844146503247217,-0.031381996983378686,0.06017428416914837,-0.1038041156217553,-0.16540789372256595,0.31694651648005434,0.653009454377123,0.34859930636459824,0.39370928231391317,0.7590745191892294,0.47035430839168246,0.9999999999999994,0.44855759561505676,0.5499665637678361,0.5939681391586916,0.5627311585515733,0.5562466406646988,-0.2738182122983869,-0.03370184444925043,0.12893009189362975,0.33976954650825797,0.6125334877936456,0.22926238806559388,0.2144191420651847,-0.2696943467433755,0.13036881601299188,0.4779385955669447,0.44313773467966416,0.24242031734450262,0.446563725776799,0.152675373339672,0.026836507002441244,0.21976834869372575,0.24107398897466348,0.2811140502738534,0.3230946745474064,0.14513235920145157,0.09140419368255974,0.10676376988999807,0.26641240105840275,0.19505045922466274,-0.07406907426769674,0.24542009014789537,-0.018482645405989068,0.09692250926451948,0.3829847113760449,0.13340576695285422,0.012331549098360062,0.16412263330955335,0.10269692476390567,-0.05395247586274236,-0.12435094307638443,-0.2788658788169521,0.1261265115359656,0.33259599832555137,0.2789603858267658,0.5083365600182127,0.5993174130994826,0.4327297822914778,0.4712635346615997,0.8188143410621972,0.5774608380160904,0.37448692004405204,0.5406074309922415,0.478904798737624,0.40762330344580483,0.28324295196772276,0.5371911215491241,-0.1569407103000997,0.5254911752417527,0.3023479646185187,0.4094070335909841,-0.08034536331127227,0.387697674893097,0.25253553650495236,0.1390929947270684,0.3790475005450385,0.16702269813242543,0.16505757219132594,0.34503883932755713,0.29439125123240045,0.39910212842066956,0.45729172758287495,-0.09216543200259458,-0.30550464278270556,0.18902976690815082,0.21441705450605594,0.1768938726987974,0.21896014112352252,0.23004698440962837,0.08250421944185377,0.06470876250034409,0.3591101617069924
0.06898486763626602,0.12803723961876579,0.12291331252508453,0.31243367688857016,0.10017655549363935,0.03438909301502431,0.4809179803474937,0.08554887574382593,0.1665750749663354,0.1851019964470572,-0.03850988141495574,-0.027414186332521014,0.12331890743784708,0.40239398386072256,0.41866024747957353,0.5504860602010186,0.31843097921983915,0.5359428376050464,0.44855759561505676,1.0000000000000004,0.6506309812880079,0.20984215209776766,0.6078074291336771,0.3750268681946832,-0.2545453305987026,-0.10138819371983078,0.572296030510549,0.43275449760846685,0.5453194406325516,0.37548946919000925,0.44699136833854036,0.11625122122676877,0.29841008520872087,0.5185161103082307,0.397280284391171,0.6802318261972646,0.5781738808211041,0.48878616897599225,0.46473432606674225,0.3823856568617776,0.6118978136204393,0.3944848397129975,0.31043028125332023,0.5548435918157243,0.4995550549102993,0.4529702562538153,0.5574218736430201,0.536656776241044,0.09495733578642136,0.5602478564498555,0.08500264317166242,0.03558774761751208,0.4518338247810379,0.41590652435050185,0.11041860226730058,0.1473780110157707,-0.02790581207646322,0.07563204423488279,0.027357079298461495,-0.12257570937674696,0.13029273312674322,0.21584298832770746,0.235574849350951,0.23711709601590225,0.42800998560603193,0.45803272015583685,0.5451549878022656,0.3491486505714808,0.48666529433606487,0.3884706027826769,0.6745180720574117,0.035765677177983186,0.4233491043520738,0.3604007141075914,0.30696939493657277,-0.1997199911828467,0.572989640060029,0.21789936136444982,0.48306981607363725,0.20507496503473163,0.3928668738787411,0.5592351147756726,0.4473479732532554,0.298282401097027,0.3380647632835453,0.47557295715066683,0.5240532887948486,0.3171926389430689,0.7286921308469361,0.5738677052772809,0.3295906466319694,0.18599003741443162,0.5952928748035202,0.3988120163100012,0.16478824861076094,0.5701291146424269,0.5247620748456148,0.5870001505507296,0.166235780237203,0.549997752528509
