0,1,2,3,4,5,6,7,8,9,10,11,12,13,14,15,16,17,18,19,20,21,22,23,24,25,26,27,28,29,30,31,32,33,34,35,36,37,38,39,40,41,42,43,44,45,46,47,48,49,50,51,52,53,54,55,56,57,58,59,60,61,62,63,64,65,66,67,68,69,70,71,72,73,74,75,76,77,78,79,80,81,82,83,84,85,86,87,88,89,90,91,92,93,94,95,96,97,98,99
0.9999999999999998,0.2578558788979249,0.24580455135283383,0.05044648795314945,0.08374377061026154,0.20078084943604374,0.0443064623797202,0.10194202830430375,0.14118858327465386,0.1020844619325735,0.09092330059858175,-0.10428867770308853,-0.042689587517023515,-0.22474489073656828,-0.2113488097686446,0.22995025112428116,-0.17020592214303634,0.2751373818597565,-0.1029677297124027,0.442900903338887,-0.056555298680965184,-0.18566576101475007,0.09877584662985878,-0.3566141290219548,0.1993254198816586,-0.2726441945835058,-0.058395576028988545,-0.3101850413220721,0.05940235882642143,-0.21071304682650166,0.15035153571858584,0.41840471595826034,-0.08842672069932028,-0.14908034808504864,-0.16368714490862865,0.16532195014270418,-0.21605820401656803,0.1290483397538497,-0.23964551577411994,-0.12164762282039042,0.011533919348442117,0.06101787570824822,-0.2294943661502964,0.10509975679226216,-0.02122104088359537,-0.075411301974436,-0.05602367541490174,0.06268794226798359,0.5538647980503192,0.21151643710927032,0.5107332060225496,0.17925733304713432,0.11343573950545202,0.1289455821954954,0.10824219346205285,0.28923444842519647,0.18245066234587623,0.06351956897690829,0.006060349584574488,-0.10602750560646307,0.0336776510604833,-0.021086060751423368,-0.035967565147477405,-0.1723613368543584,-0.2079328701106476,-0.3573163442562847,0.47804142910897024,-0.2036178492880837,-0.112248376569066,0.19722153290930333,0.08029844182456868,0.12551759009098898,-0.05504262122271888,0.1653962423497669,-0.2601735961413018,-0.3341370724990866,-0.03635708837393927,-0.21481057112886298,0.06587905845328584,0.27271732507343033,-0.43204142533611634,-0.07357080808736728,-0.33448187803867324,-0.07249636657419936,-0.13329525518140242,0.012439902458238596,-0.24228093576504023,-0.3789822456623401,0.36338818236310105,0.17162853395701252,0.27107819468891226,0.14283814635204037,0.07987457338733464,0.12701421113651162,0.1162786200392721,0.1955112774447741,0.12463562240485652,0.312890251796259,0.632106972242525,0.4004597772828002
0.2578558788979249,0.9999999999999998,0.8164851235861235,0.14722646001403783,0.7587583950842396,0.7085441512635925,0.13193819051386804,0.7683878039147791,0.5920191740564701,-0.025648747438465142,0.1926951848345063,0.10005483881346126,0.14237216255714624,0.1328332935685017,-0.011831174244384998,0.2899238155487981,-0.08761143826495761,0.19336409131598128,0.04418378846101367,-0.015755981450109934,0.29599982210808407,0.023080600298066106,0.18019058381626396,-0.22090955585142535,0.02222957132775861,-0.11930496791158435,-0.22670463477520827,-0.21549988448045568,0.1492973497174899,0.06031345550794757,-0.023503114048542134,0.16224563277115872,-0.19616928695587998,-0.15032017118356458,-0.10838424168795985,-0.039586882885483024,-0.19564622013054322,-0.2285006594310106,-0.3436672608703832,-0.16348012463116388,-0.11052638534075562,-0.019833593954642344,-0.0380814295126795,-0.013286005465816887,-0.2031408423115915,-0.09674431852509276,-0.06882822468096139,0.027667173919104796,0.19940641861556807,-0.03905758598934879,0.13415799010794252,0.7401713191943661,0.21434302618574413,0.28150687194179835,0.725206339799577,0.6564771179420213,0.6460686858869227,0.633829316569423,-0.019120573059621098,0.20333840159574124,0.24846933934461995,0.21290797462991776,0.3786863273692147,0.06041326006911378,0.42216207299549935,-0.22960342077897697,0.20372556741931458,0.26439079564631296,0.168281718069206,0.44289251232801674,0.38983208055815755,0.24727606800513596,0.3072531531554979,0.028148890396285993,0.22171479733964924,0.021621669548696532,0.2262568048058947,0.0704268001643234,0.025376170364274593,0.09801425737269333,-0.1492183639739932,-0.2671596651644837,-0.3058437663210292,0.04356371376232162,-0.03771255951899464,-0.28055475172452093,-0.12923160559241698,-0.3610545285278162,-0.07163613339186153,-0.2138768449038358,-0.24239162597226088,-0.2931494616073906,-0.4099596551499952,-0.01398932912097419,0.026777881935643587,-0.29821169346436915,-0.17812658608558488,-0.04347846850186368,0.205452542799975,-0.13461721483770858
0.24580455135283383,0.8164851235861235,0.9999999999999997,0.05919827012243117,0.6122553649861296,0.8248424247271552,0.044179153412615926,0.7037622366042987,0.7056331820237713,0.122741116673642,0.11056021273542979,0.1940304103825364,0.21289362415584995,0.3327714207613847,0.07364100265342477,0.15014711670589284,-0.06721777982999612,0.1460661873935626,0.03754366086850958,-0.033534293482915055,0.30880196694712947,0.03270552480618531,0.18275594090932912,-0.08945197404124709,0.07840012796487192,-0.025100642474497687,-0.18333321520423224,-0.165224633799987,0.240360724838869,0.12867898503144592,-0.15158480451136142,0.04121324899573171,-0.31611611512009624,-0.15384529057978846,-0.1233971723959544,0.05639079023147098,-0.10027580421674016,-0.24837793261422714,-0.3149743558510017,-0.0651792444946038,-0.13735311810916465,-0.17545548316453324,-0.09170061441100714,-0.08784720036138763,-0.2569249991613274,-0.17533746562393707,-0.1439273668507822,-0.06541114020482211,0.18849157019944077,-0.06745752869950894,0.09303681754664174,0.7224898574380514,0.019828604502609242,0.3458986699854614,0.8168814731213402,0.7984525055700593,0.5501970434315133,0.6724532626135123,-0.013559514237614229,0.26191987133237665,0.2910725109563956,0.2813111845120074,0.5712780339926141,0.20750041627950896,0.4315592402757231,-0.10008108350112438,0.1938268514494392,0.2567846732777434,0.21795861640163677,0.41156829327113226,0.37866982146716455,0.29982186077420436,0.35735435947062405,0.0405595349052351,0.2713490046490795,0.09735812166519703,0.3608222018103415,0.18768286949528862,-0.019248610166630993,0.05876690076873785,-0.08169676560785769,-0.21908603433933324,-0.27607588890078616,0.08192366032121036,0.04836265841284083,-0.20220759624174647,-0.019329300178984325,-0.28921504604673715,0.030996848105451467,-0.21317849578992623,-0.2353588129517372,-0.2541804898039587,-0.3622235235476629,-0.06339082895322669,0.04464797899308397,-0.29603832227760063,-0.24648951598349403,-0.0531887225647142,0.1729131452206855,-0.1148282061703226
0.05044648795314945,0.14722646001403783,0.05919827012243117,1.0000000000000002,0.29342819792621916,0.18039643003729053,0.705332135159697,0.3836182995469179,0.09302289165697827,0.11363996435674178,-0.04311076119183862,0.12256810568393645,0.14126408540612329,0.03625303754224542,-0.05001018704165234,0.5911135659777398,-0.03555357774977068,0.2056663787920157,0.16334458839893995,0.06253036986652716,0.2062299188688927,0.20758668930992055,0.24739982991392725,-0.14853122300916938,0.11969310522326478,-0.005237879487366957,-0.2127478156411994,-0.0397776385617943,0.04145563538810061,0.17038275427432817,-0.0527113684887483,0.21629218863935912,-0.05317521365398463,0.02213867450759513,0.18641795669421846,-0.09317795621017125,-0.11583989208056443,-0.11293269679854653,-0.08715073410432518,0.40694140134363316,-0.11319074260741895,0.007295581658408311,0.07690873431055718,-0.2821137760934295,-0.19416159902009422,-0.15204774790530548,-0.037601538710838205,0.07043121944909256,-0.05474427871948591,-0.12913747424027208,0.23999453114529018,0.3553798412693949,0.7063013086322155,0.7256986504934232,0.20285855231501154,0.08915484145389037,0.4490511330535622,0.14778490410826514,-0.27413970521739506,-0.05507289920003698,0.1263965541208541,0.20944492083293226,0.20121302448271472,0.08608591304984717,0.31674769408589587,-0.16717431563871776,0.42103001877965385,0.12461548880294075,0.24402764721284267,0.36550409618242446,0.2148056033235154,0.43337324016838236,0.23908696610500554,0.5500567509058216,-0.05274615495843674,-0.09144864677395109,0.013204357156109413,0.10030063727112827,-0.019938153917995194,0.28531088547085026,-0.10716654283112327,-0.18347622583451095,-0.1593779210976178,0.32662773348287105,-0.10690583436847352,-0.08799728974850243,-0.0720392272888509,-0.26061576563345923,0.004566051922700222,-0.3092925176885467,-0.18165962145578102,0.0035751913728198233,0.048751665629441,-0.12103100987734869,0.1633534895954018,-0.3444903559850534,-0.2680756128264591,-0.005123522706882088,-0.04909350696235227,-0.0879869098290882
0.08374377061026154,0.7587583950842396,0.6122553649861296,0.29342819792621916,1.0,0.6987719308949191,0.08990081298181363,0.8028767631669805,0.6898063919458765,0.04375673242165186,0.13507250730423598,0.18576217515070725,0.21566520334091266,0.15207716894235696,0.029358857331977906,0.1683417262386988,-0.01589083622188141,0.06692126752275686,0.05012382715394602,-0.1944847691715837,0.27518312787232774,-0.009367358320585736,0.06340229260864301,-0.17846895185737013,0.17151239100179086,-0.012543223224107659,-0.24216936387374863,0.03834392091773859,0.2323411942415258,0.12658769530256217,-0.08003800777383265,0.19299975268736713,-0.17765695889447602,-0.13034880746584115,-0.06326475118982439,-0.03729307436370333,-0.13891975023667721,-0.2858942868140716,-0.36256175903235105,-0.2689265679514488,-0.24976556116395987,-0.109813162735122,-0.05819917824858316,-0.11976252918061407,-0.26031410828378965,-0.19324157720530066,-0.21657742683743134,-0.08450034908817472,-0.016384314965422347,-0.14681138936283392,0.0017037649925428257,0.7093970204093633,0.27072220378421175,0.41474503009703306,0.7984939014005061,0.61279492994092,0.5603215145988772,0.7493508304401553,0.0786178099494066,0.18030515665674388,0.2728865065731241,0.2773089740592663,0.35502232134225997,0.08745667501860976,0.40406725776416136,-0.19999144407919373,0.03100277759377387,0.2524674117333742,0.16058252861058983,0.3845598751736521,0.40294406437231706,0.07877214187326519,0.26885799034999813,-0.053673778594871796,0.22046418360689665,0.028495709672998127,0.32089174159682454,0.10997470261043256,3.643612936751233e-05,0.21471151876431832,-0.030234566390257213,-0.2553390132786425,-0.15357986803914148,0.13091453414266457,-0.002762465222833605,-0.32540592018705783,-0.03213318374452072,-0.24626104773328497,-0.14871147773838134,-0.3230599243072673,-0.31114400694178146,-0.3759616174690541,-0.47182794181099835,-0.18541782106819038,-0.05159471878846141,-0.3022928889108197,-0.24062409183438688,-0.1718838417079963,-0.02918046365509769,-0.22486908974548805
0.20078084943604374,0.7085441512635925,0.8248424247271552,0.18039643003729053,0.6987719308949191,1.0,0.13424027170774666,0.7667996487297148,0.8360375698185243,0.24518270078988413,0.17256608270080792,0.29818481961953003,0.19798185141695274,0.34342083694541387,0.16362734550578154,0.23597912735496793,0.06285263778092266,0.17227045356599688,0.11798210800107276,-0.08385405585519443,0.37383731378768426,0.08765399621176631,0.21065121503971876,-0.03566444681320738,0.2929823093797575,0.044035511839094675,-0.2169779214151629,-0.0355288232356096,0.22068250868367678,0.23014069230047143,-0.166577916491408,0.08059499276375875,-0.2933932641245294,-0.09640927282982885,-0.09581847557609612,0.09039518284682807,-0.06895761003489739,-0.2877987447557699,-0.3619242998851623,-0.0868040385656389,-0.18980487488058248,-0.331952161879079,-0.16079561875142434,-0.2093822738850719,-0.3318683578575589,-0.26620473818628576,-0.23305155611080172,-0.09303939550203644,0.15357408407737452,-0.12153763183039469,0.11590209569882323,0.7460170152360949,0.16945027399665627,0.4601271307189816,0.9351944472592991,0.8786418489785514,0.5709714621016185,0.8220498483226492,0.07154399338526506,0.33524631942480154,0.40851785777663263,0.260427102376768,0.6038815528931439,0.3371770544559313,0.5594684003605431,-0.07467575566064868,0.18214047037473244,0.40533991078519216,0.312949878868645,0.4725010826796559,0.48889414920451557,0.2872466773548945,0.42547354533953596,0.05123648253892786,0.4094410542318173,0.2914248876274889,0.5052735813165319,0.3515807009223548,-0.10703387354686804,0.15053155506038868,-0.04961968395687221,-0.25543279541293656,-0.3179858941364817,0.17260858942273852,0.18173282608195157,-0.28557711884658327,0.01081872097736649,-0.3045282868373703,0.009073084078844024,-0.31781730788556617,-0.33892969842655785,-0.2648395896621414,-0.3764731168048698,-0.23277959141236057,-0.07458008428707497,-0.3810898126643494,-0.3842164602833638,-0.174934862819874,0.1018565151614362,-0.1409160451186322
0.0443064623797202,0.13193819051386804,0.044179153412615926,0.705332135159697,0.08990081298181363,0.13424027170774666,1.0000000000000002,0.3290400743005604,-0.07266887808839285,0.05664573928091254,0.06984170977451586,0.015509552879710333,-0.12784459808558396,-0.0250557045875616,-0.002190824211701458,0.6957822049445045,-0.1330719232780703,0.1339824727244487,0.2130271473355526,0.11429156450965876,0.23059410369624858,0.24754287007887033,0.34486143946475967,-0.10032943035110402,0.1710878850758357,0.06945050972495193,-0.1423489853368406,-0.01652866527732634,0.0016474771448926528,0.2222994285736741,0.045123456956062846,0.05401085019240246,-0.13125921708794464,-0.07812155308171428,0.08271780301720494,-0.15372609019704495,-0.17331573021587546,0.05448043422474236,0.015257495240759984,0.6217872680054024,-0.0419719304962067,0.15606474286979147,0.11276107845093603,-0.17954043018341903,-0.13399266051243325,0.04017394827014986,0.046063070151324166,0.08089700929804872,0.06909412972981227,-0.0078810287738638,0.389067293268312,0.276565738254718,0.8461076309779987,0.4657841328601055,0.12330460339560825,-0.0021785183923231713,0.5132692563532472,0.022819472043002595,-0.29353707398404416,0.03758798123150767,-0.034507542194473516,-0.021785047572612334,0.08601812686987424,0.10063412347477706,0.4290728441002004,-0.1575861294186779,0.6606320823168608,0.21759054292611893,0.17815350967806373,0.2765566020703323,0.2019585062431311,0.5439798544432857,0.32078991727269385,0.7587137989412386,0.07789191199007117,0.046289588176476625,0.010456886792290091,0.2025910431710571,-0.09994684471447515,0.1014688213641564,-0.2870689486720151,-0.35824561804572325,-0.390873606841465,0.1071075588353297,-0.25873564357647344,-0.2390634340612841,-0.1715185936752521,-0.3194533424776095,-0.010124224369292226,-0.3128546819576413,-0.19324407675420496,0.25015582813129356,0.14170693857938854,0.12129325194452309,0.15533185972007307,-0.32316269551787,-0.2949187257164487,-0.07434286059100496,-0.022055715659960697,-0.02189699395241078
0.10194202830430375,0.7683878039147791,0.7037622366042987,0.3836182995469179,0.8028767631669805,0.7667996487297148,0.3290400743005604,0.9999999999999999,0.7059006808752099,0.04435977397287376,0.05450798133630282,0.16771082847965724,0.11694041976133526,0.27911142713177095,0.25332926996860616,0.4324946987419935,-0.014265110370617746,0.20652879916308045,0.18254457354293596,-0.2227719829762362,0.6099982133243026,0.07108454995652046,0.29032488731968553,-0.06979930259119552,0.2412874175905364,0.1319675063373566,-0.26473989672397963,0.024834601953189542,0.3267981657987999,0.2846856442082212,-0.20114852938042777,0.11132240250098037,-0.35545938479572786,-0.18809073142388827,-0.0894170030872951,-0.09083803648316688,-0.236478145544843,-0.33869557675531536,-0.4872416059966276,-0.03828269056114992,-0.3897495150972406,-0.22254143434949655,-0.10933482799481155,-0.2779180837939745,-0.40848591316124117,-0.3110173825872904,-0.32522523698070316,-0.20456980466394786,-0.09558746912976249,-0.3214213915755632,0.07978827888764349,0.7992755434096743,0.43017634177583247,0.5302086497678586,0.8242234621647655,0.6755773234911687,0.8216113330082504,0.7924554749723202,-0.1255714275478248,0.17806792146280892,0.2169275296430618,0.19829043548869627,0.5080652406739888,0.11646807122293909,0.6852893184170398,-0.10808756559385044,0.27160083131564594,0.48407597304109706,0.45080977553788254,0.56423679457123,0.6104388473001181,0.42517357306653525,0.5465679820496565,0.17657847631443313,0.47936336907766786,0.2416865602747571,0.4891697968766427,0.3900377207138059,-0.19259569559887232,0.17881205900248814,-0.06851400192256707,-0.4417001222588313,-0.3001589426684352,0.2264867805075335,0.19876010985125814,-0.3535403974076993,-0.08131909324642674,-0.3124736440222261,-0.1131176802657776,-0.40258349461843823,-0.48674246289311,-0.34324955050541933,-0.5027516253654426,-0.1640830092177591,0.010668531961689286,-0.4927461725420398,-0.3622623674443099,-0.19946039808345692,-0.024433476224409032,-0.3583992730496584
0.14118858327465386,0.5920191740564701,0.7056331820237713,0.09302289165697827,0.6898063919458765,0.8360375698185243,-0.07266887808839285,0.7059006808752099,1.0,0.17427341083286507,0.04546402370650125,0.2635532630778903,0.2660354076064968,0.4535996951760738,0.25670995140934333,0.13801360827231676,0.19178822021711983,0.24076086391179322,0.05864660825435402,0.007763672889888425,0.34537361765183244,0.010816492552134032,0.1867666399215213,0.08715583143329592,0.22288249087204504,0.027735759996099955,-0.032125456294097215,0.030601160172025986,0.4194280778581246,0.14766428724050193,-0.21553796507009365,0.08024757496638446,-0.15378074028869712,0.07621213548438056,-0.09546528280578258,0.39744144680812027,0.20321540481355446,-0.29920477103589843,-0.284344877444854,-0.11747404490436326,-0.11313542706633471,-0.3923470782917696,-0.1908595783923367,-0.2956946073411657,-0.276297933407104,-0.2927691155029626,-0.21360348874943727,-0.11200515443456593,0.09037595205859696,-0.040068697587030036,-0.00896232751251381,0.6522144220294617,0.01330779519963736,0.3543141649749386,0.8562918836072968,0.8382720518193562,0.40412901804991025,0.9169556407725233,0.1830914448399561,0.2057499883378977,0.4277835076592772,0.2946484517428599,0.5843981374322542,0.27438921662240334,0.3983091991601591,0.08743493010874365,0.04211390919248183,0.26347051375117253,0.28777061916007063,0.46223691476287726,0.45684974359240993,0.13413448734574404,0.2633487951412658,-0.0547869900387404,0.3903216461778552,0.23412558377014983,0.6241132754813451,0.27823716756046785,-0.16085488269229004,0.22520381676036094,0.11433306992073025,-0.06180142878592305,-0.14541650949895504,0.15974865985174194,0.2915739755238744,-0.18072313231543125,0.30646143983566154,-0.15991063533698757,0.24706231982288904,-0.0883019216619029,-0.2218451450711179,-0.2596939972713254,-0.31604930170561396,-0.2979025827740785,-0.12784163848116395,-0.3385439003596203,-0.35062891349497965,-0.10908263727565803,0.1257357128987446,-0.07717265405243816
0.1020844619325735,-0.025648747438465142,0.122741116673642,0.11363996435674178,0.04375673242165186,0.24518270078988413,0.05664573928091254,0.04435977397287376,0.17427341083286507,1.0000000000000004,0.32625781352293365,0.6065166552625227,0.17144604715216394,0.3644600394616357,0.26072035428856266,0.09619665181355219,0.2798615037293408,-0.13147268927396602,0.2411257723505856,-0.06238139548780544,0.09722110665922719,0.1651966237850851,0.0011842058534180916,0.21713986875186686,0.43048207662948573,0.09416925747688651,0.021343319989768118,0.20914137527413565,0.08188354227660255,0.2954010227245398,0.15720099008269314,0.08259666869847254,0.010768682792198976,0.046736718280136175,-0.03765960563671974,0.03448284235984896,0.08622505361889243,0.22979826701807402,0.13365453004330227,0.11145622861883538,0.0700559864567149,-0.2719357609108588,-0.028745187747175497,0.10733578622471739,0.016738362756970125,0.014562803716599244,-0.011154167936126232,-0.09331120309367615,0.07285308043331928,0.12702314160388986,0.2418250972512827,0.10733332692154558,0.08369509612597426,0.2319349544070676,0.16691405176503255,0.21347613345868255,0.04718414698748878,0.14164536647286233,0.5317380274742669,0.3735563239499145,0.4927425550184246,0.17148578787064303,0.3638511644920065,0.39328549767147714,0.1610319217553628,0.1997799933135242,-0.06732258280131707,0.2595110729806472,0.011008953889477766,-0.06017831387208883,0.20480075058251476,0.055525515371557664,0.07422750479811492,-0.011260051939679676,0.25750099785229075,0.28146026206555697,0.269223895400346,0.3451024821318231,0.1640241447989474,0.13723260477190857,-0.000122512341480322,0.07011785564618368,-0.1535155436974147,0.01425758290130922,-8.16942429661675e-06,-0.07663371320329111,0.0754360820337546,-0.04231654020767874,-0.04486384366510263,-0.11194689023959352,0.022885402510700523,0.07351669407954879,0.1647161187353574,-0.14827068231527077,-0.03430487173028574,0.018287400555562997,-0.08235887563949026,-0.23153263578639352,0.039963097138388234,0.13329319073357707
0.09092330059858175,0.1926951848345063,0.11056021273542979,-0.04311076119183862,0.13507250730423598,0.17256608270080792,0.06984170977451586,0.05450798133630282,0.04546402370650125,0.32625781352293365,1.0000000000000004,0.4994219951430338,0.24789965721515647,0.2235997768667727,0.07487531332204728,0.16614754713761312,0.32339252802350366,0.11814200445741653,0.3805220682147008,-0.10384346100519663,0.08425901745075365,0.30488337434977864,0.22957563308452705,0.0045927558611850395,0.2591543362204,0.15755451376051907,-0.14774857581887513,0.08761321909480743,0.06197395368877881,0.2554763310355779,0.2496866168699987,0.2069709089194468,-0.0030688574435603863,0.0658321593757056,0.06484367068860554,-0.1240865207650085,0.0047880374031845745,0.05183503501006661,0.020664214307298052,0.02406846604226245,0.058721665864840324,0.12193782374283159,0.15545769189665018,0.08580456346746902,0.03574601520519977,0.07366328515218563,0.09757881960321431,0.13513997578784415,0.20039383680642583,0.08957387991624186,0.024553273882456445,0.04831874487985284,0.030935799231712153,0.09525614500217446,0.19202391383517667,0.1053030457872095,0.06709250612020977,0.08674339635758395,0.3949071116172515,0.5590375521122545,0.28824893733921514,0.23268977013825387,0.2280317018276957,0.29281599178435935,0.1840178796280805,0.08121013941012106,0.03664828488839301,0.28484608444385284,0.05625284703231992,0.08930437586450388,0.21517568166197698,0.06441468661844385,0.2234330926061521,0.007105373601821134,0.18484354572426556,0.11674538689852508,0.010393422969000385,0.24875999668024712,0.03387945775681547,0.03305141204427001,-0.1912019670807701,-0.18991266639169843,-0.433072768590275,0.0284770134149617,-0.12373474156103001,-0.2764545729826243,-0.09610700022092629,-0.41949393361684156,-0.23164236290274218,-0.24968920581256482,-0.2803508908243199,-0.1598066380512327,-0.08633147174086968,-0.010523249460940128,0.19126784772631678,-0.047436154254146844,-0.15161305878572043,-0.06307827212630697,-0.030737573598995923,0.04663385786008832
-0.10428867770308853,0.10005483881346126,0.1940304103825364,0.12256810568393645,0.18576217515070725,0.29818481961953003,0.015509552879710333,0.16771082847965724,0.2635532630778903,0.6065166552625227,0.4994219951430338,0.9999999999999999,0.5920899010304015,0.4374614599772727,0.09978309561850209,0.09460863588292931,0.3496015804396306,0.03625089375356366,0.21936186320444737,-0.19236593063351287,0.059839718616215,0.5439014871790564,0.050942214536339486,0.32744188750886344,0.2875229606996851,0.390096029701362,-0.042773213381444825,0.29943678569135224,0.11733315558368906,0.535745145248358,0.1815581664941851,0.13298150252361926,0.0698446824580204,0.16975114837871344,0.1980879015729431,0.0810847147446556,0.2368975426309798,-0.0001217483008271829,0.12813243682284584,0.13353599630840188,0.017932077387135103,0.00081584769964991,0.2428609215803373,0.03545483768072496,-0.0025077459195436847,0.00856653258485872,0.04176282510197947,-0.006336169991368922,-0.03709698524417206,0.04684139969011099,-0.04112836115734515,0.17129131306807258,0.02845228754938801,0.18598125837040244,0.31093828310237104,0.2810634749426119,0.07811110980828778,0.3023041768373869,0.4978325893522678,0.5384895657572378,0.6472798167087135,0.48999381595428004,0.5378071998481575,0.3844014602043922,0.2888492084579324,0.058077734740438154,-0.22019799960201963,0.1954279048760796,0.10343908678688654,0.08842835548620169,0.049801637993700305,0.09149430022661109,0.07806198343601278,-0.10387372552633893,0.27973924437820824,0.4306400555155386,0.22017651642237782,0.36332063716981255,0.0178973779954584,0.02600349246218528,0.06349411123534539,-0.13119733507257314,-0.2122614554111736,0.16690637053365426,-0.01780792163100638,-0.34213068368889743,0.1741161925562775,-0.08611284848683053,-0.11231607925763237,-0.38068774655918514,-0.34796216133161156,-0.22652568588239239,-0.15593159598243647,-0.165442740782086,0.031178264357747665,-0.14690907077777118,-0.33344043044063143,-0.3755106420300744,-0.07655454775895792,-0.06748065000362324
-0.042689587517023515,0.14237216255714624,0.21289362415584995,0.14126408540612329,0.21566520334091266,0.19798185141695274,-0.12784459808558396,0.11694041976133526,0.2660354076064968,0.17144604715216394,0.24789965721515647,0.5920899010304015,1.0000000000000002,0.2723940590918958,-0.12003407332933057,-0.05159752608803382,0.21119503406781842,0.05375062214273424,0.013546639635868687,0.021523290198540913,0.07102857781266031,0.3217455042806253,0.018745319719081013,0.02333372143703099,-0.0498537634146849,0.08792874261355917,-0.12058011377935969,0.06552817264342034,0.13481655626990371,0.32027169218465273,-0.04481998956073165,0.2354774442048602,0.012916611628263826,0.10720163315158948,0.04634387886877629,0.13266472860473744,0.15382308294240737,-0.1102003460781207,0.0894148731511777,0.03332461581756931,0.06780346723239994,0.05201127908577477,0.14002316823583194,-0.0008750254150680867,-0.09551022534380918,-0.08577623674833151,0.06306778821993753,-0.018564552418026833,0.07711504949797385,0.12994544213530382,-0.13075426380682312,0.09539469554164313,-0.10283817553354069,0.09787268587082402,0.23041023989757228,0.21406031176304624,0.000890975200485622,0.22986585068011714,0.29273298213521903,0.17686646334640507,0.6177755736222766,0.9047918158655571,0.4519745059489717,0.0627571415920241,0.037029343977325886,-0.12098936577887646,-0.18137899837114593,-0.061084131385649894,0.08387912888858125,0.13335574448606563,-0.07831277047384083,0.002833807037451373,-0.05730222507327349,-0.1827689837451476,-0.06781516750107612,0.04892295183752493,0.09287641564600532,0.01568461689855377,0.11123219630165466,0.06439137184768627,0.002280351031784758,-0.008366113565664728,-0.05362351948451808,0.14319612935388998,-0.06232223274245556,-0.18968987757931097,0.07229941463575158,-0.1481281864632358,-0.014229630850185805,-0.2578758159640011,-0.30888480435682664,-0.32266143625327764,-0.2164287212631947,-0.21231791802175912,0.07190405527268673,-0.1396037856572167,-0.2848978630764003,-0.12952513744700095,-0.020232050571801465,-0.0200130656666328
-0.22474489073656828,0.1328332935685017,0.3327714207613847,0.03625303754224542,0.15207716894235696,0.34342083694541387,-0.0250557045875616,0.27911142713177095,0.4535996951760738,0.3644600394616357,0.2235997768667727,0.4374614599772727,0.2723940590918958,1.0,0.6150580786236386,0.15680618271564323,0.4177947217904875,0.14153978298869993,0.2999350813137083,-0.15946539679442037,0.18943638828826972,0.35528976200598444,0.16630588049525227,0.25591642009250837,0.02932396785435891,0.16827857399958826,0.04781107410875256,0.12953729715351955,0.30573059136891817,0.2589533309356255,-0.10102498982818958,-0.17116982720907173,0.08135827002660981,0.30076554522494725,0.20293437209188456,0.18156384161542974,0.3731873556462358,-0.2625450653217802,0.023320177831070876,0.10624805522942544,0.09703953596409555,-0.2369596247196391,0.10364536105363081,-0.132555964501087,0.02835518291411732,-0.034455016050264145,0.08911626983282546,0.09640085240788372,-0.009693374980099782,0.01084791352067873,-0.18157674808956706,0.291919827177245,-0.029649715571316567,0.1717379255559123,0.3913929305722773,0.3432494767160639,0.1725233276696167,0.3853301600354568,0.27020531848954576,0.39834112072141326,0.36568545634257316,0.20739153242659855,0.6816066618082189,0.5032703848641302,0.41918116612684525,0.5880714822899644,-0.11099964993037813,0.2884280886696842,0.29465605831906305,0.2177060306864518,0.23722756269151138,0.12615150029378994,0.24173488996955708,-0.11582971354439843,0.2999656225556108,0.2699032814364005,0.42472161310531326,0.2352790995121801,-0.20786817642340444,-0.12378886107985332,0.202978754324019,0.1505054848937409,-0.04152976372478763,0.19208969360900002,0.2020796448759442,-0.049905631825307634,0.3771758267082021,0.06090392091570318,0.03909404337442259,-0.14143176519395456,-0.194871322323398,-0.17269282079649909,-0.15801497099753556,-0.22445538897383355,-0.20665079700801223,-0.22063748036146724,-0.2097575784355688,-0.04838816849150898,-0.07989933838923857,-0.05741598416761579
-0.2113488097686446,-0.011831174244384998,0.07364100265342477,-0.05001018704165234,0.029358857331977906,0.16362734550578154,-0.002190824211701458,0.25332926996860616,0.25670995140934333,0.26072035428856266,0.07487531332204728,0.09978309561850209,-0.12003407332933057,0.6150580786236386,0.9999999999999994,0.16249737277516857,0.25622831643192095,-0.020424519078242682,0.1520239706130147,-0.21378202229820836,0.45566775649147706,0.074799537089376,0.0971664340136102,0.3556262506700033,0.20496551847545927,0.14945455410243944,0.08465072103480073,0.12006786614629864,0.3276129354767789,0.20712384498249906,-0.11717219171019935,-0.14388906169714014,-0.10518009141704436,0.06759513406748063,-0.06946953422972202,0.09150041133220116,0.11700369993912349,0.019204616228712855,-0.04116801390563868,0.1313037265983611,-0.01646606714604636,-0.3347553911985722,-0.05165250731776662,-0.09038958647341408,-0.05024064045451644,-0.05343902942065961,-0.05096281245217033,-0.20195202692659997,-0.12937538418119193,-0.04648253061822591,-0.1533642989855416,0.07820855803120111,0.00024873761610362,0.027227571228071006,0.1376581531010191,0.09440011521364516,0.22901965068613725,0.2355031681288324,0.10564419248341521,0.05513797402517767,-0.03917308258486018,-0.2018594563674217,0.2535114825172741,0.07365701806717154,0.37655084715296794,0.7439643674301183,-0.04576250144164258,0.347788294371115,0.23278737686943646,0.05661545351495496,0.3717134957415693,0.14467567879500193,0.2303821436704297,-0.04427441959035668,0.47658037214065185,0.30943159281074145,0.466686274015858,0.3084254992449227,-0.326741662106277,-0.07874495446045664,0.12496842013004068,0.037177522605150295,-0.05989288977363787,-0.024039132497519027,0.35110869021097646,0.01518369116563103,0.2119720656309568,0.05477135535653337,-0.04951740739770159,0.0303902863171702,-0.19439446938206456,-0.023484755425662706,-0.013973587374259197,-0.16543673397101513,-0.19561287351935613,-0.12086968926789253,0.02960555970037687,-0.1323051361773453,-0.11915014529138991,-0.06532643965576812
0.22995025112428116,0.2899238155487981,0.15014711670589284,0.5911135659777398,0.1683417262386988,0.23597912735496793,0.6957822049445045,0.4324946987419935,0.13801360827231676,0.09619665181355219,0.16614754713761312,0.09460863588292931,-0.05159752608803382,0.15680618271564323,0.16249737277516857,0.9999999999999996,0.27309532915814067,0.5714833638150253,0.4703898022611532,0.06648340180719566,0.35691847130831744,0.26142608888706975,0.5685687722513412,-0.2584205319439316,0.25839630795047763,0.008816143217179946,-0.32195906659291734,-0.07107531246180127,0.06129464970049458,0.127450675481089,0.13360061324657338,0.24560567681661596,-0.026325905304681787,0.2117107901864373,0.25523888452058197,0.01252410091390345,-0.11188839284461428,-0.1847914018963704,-0.30205305707473434,0.3085508426877916,-0.13697273110810604,-0.037100518455931146,-0.08953834432785907,-0.2143837415737213,-0.11819720307408126,-0.19787250896849207,-0.05371152676157503,0.18490217283264207,0.21105658048514686,-0.041499282842415955,0.3832141749083901,0.27150547021748467,0.7262082335373277,0.4642338700560073,0.22307021176515096,0.16299272793014785,0.557200155739886,0.22024442790182922,-0.08223522135324687,0.09308826354968597,0.13498672652301855,0.05536173846274245,0.23912140383097225,0.09333692109433202,0.4765865448098621,-0.026133638517275112,0.6817751796687043,0.3957334784821961,0.3683999946371219,0.5418327657308104,0.3634805154164852,0.5766170334454446,0.4495385475629242,0.6187677814027611,0.23496359003587372,0.09481697584317979,0.11119390705994109,0.24736749688833673,0.011925001910512496,0.27588867361058916,-0.3062718397335867,-0.28253788425080517,-0.48146835941880683,0.30412033629448076,-0.07930007063124885,-0.22090662975032507,-0.0840852094945588,-0.4580512757222677,0.0717961982052612,-0.2908561752149071,-0.09565362159802412,0.17706122355406262,0.03350018954690914,0.09234301938145986,0.2010879365997904,-0.2666341440889907,-0.23207881507998163,0.05713950684535015,0.20253384520470366,0.0404797298813448
-0.17020592214303634,-0.08761143826495761,-0.06721777982999612,-0.03555357774977068,-0.01589083622188141,0.06285263778092266,-0.1330719232780703,-0.014265110370617746,0.19178822021711983,0.2798615037293408,0.32339252802350366,0.3496015804396306,0.21119503406781842,0.4177947217904875,0.25622831643192095,0.27309532915814067,0.9999999999999994,0.5678919940922987,0.710944428265873,-0.10649834386927524,0.24068185812236098,0.42549585095306774,0.5816641260836779,0.0806810431300748,0.13694559590471872,0.16944378051812992,0.05921790119248413,0.37179137757876557,0.10266603189681818,0.2216973255183413,0.20182035601917128,0.0867936548155757,0.2979324749897842,0.6967625880234681,0.4973688169073495,0.2194272397436581,0.3636538881548887,-0.3336483059900402,-0.12335650945969537,-0.03829647967303364,0.053384024732253524,-0.24814144824083328,-0.046694257078181284,-0.1315185381277033,0.18976116301906426,-0.14532445809346647,0.09844293431869115,0.32102956748438455,0.06496330502680027,0.03242734712016399,-0.21165800596553358,-0.21750915864515624,-0.062041960429407364,0.05111679006320226,0.09134614555579844,0.04471658025644107,-0.17871931197733837,0.13429855584296604,0.5169669987493607,0.4549367454574563,0.35797176629205335,0.2509023966350883,0.2869249874204901,0.40080512420602693,0.1591931161327909,0.3524745467694922,-0.19970189248350986,0.4577046368712731,0.40500888487725106,0.3250171228694219,0.281582090313602,-0.06615735100267477,0.3588884148549103,-0.10466330147455677,0.2636201364675049,0.21856301557885233,0.0954062130925945,0.3193043629876923,0.057930227478038936,0.18585721290746737,0.1904893173241031,0.1379115866460584,-0.15861864742862367,0.4100975794287736,0.16922905326069723,-0.0730355714084745,0.2842549282818612,-0.056148460850228704,-0.0952112710401473,-0.15702482208737184,-0.05503483473041454,-0.10971380465894391,-0.07229372653744062,-0.18613803567721454,-0.07225038871238654,-0.15122714798226444,-0.21440233224462882,0.08643019812752484,-0.07671931255748328,-0.06787413169643512
0.2751373818597565,0.19336409131598128,0.1460661873935626,0.2056663787920157,0.06692126752275686,0.17227045356599688,0.1339824727244487,0.20652879916308045,0.24076086391179322,-0.13147268927396602,0.11814200445741653,0.03625089375356366,0.05375062214273424,0.14153978298869993,-0.020424519078242682,0.5714833638150253,0.5678919940922987,1.0000000000000002,0.6046665489112718,0.2691717792978245,0.21412057499344198,0.3248211199622422,0.7583803406837867,-0.3345645456959754,-0.049865983263690364,-0.030836841831474632,-0.11179935065679981,-0.0019096097727667647,0.07444606530352255,0.043048748636550754,0.1694658472268394,0.23990885485103622,0.11797372288537651,0.608937693803769,0.4643915569427921,0.37663765141387173,0.16981744831261622,-0.44180867100867666,-0.357532605318416,0.0016905813060875327,-0.047369855482131226,-0.01076554300691411,-0.13986465297092535,-0.17648982234471156,0.050411000960084655,-0.3220157059817403,0.023573380717197306,0.40853687960508006,0.33211589364249705,0.06269261852772218,0.06618248745883006,-0.016082706157429745,0.14989907098853159,0.24047320551733417,0.19074329277937546,0.1869871900315552,0.10135376623147316,0.218911571155975,0.04540039192335026,0.14514629756819647,0.1301789817031316,0.12007610805426094,0.2069179615326322,0.18026288005231694,0.11597449571305933,0.00689744340615016,0.30414526269632636,0.24621508616316073,0.4162090070330885,0.7066567501076286,0.20384400967282465,0.24728671507872704,0.41591489293851513,0.25072883608324087,-0.00023946867622198474,-0.11971633805129887,-0.035158603564441,0.10551181129117879,0.05649561868079575,0.3256120372887096,-0.10982797912993258,-0.05200589378360463,-0.36112100222668286,0.47109095667489975,0.01542759485295454,-0.15949391084822392,0.16957209740606927,-0.3152766612919019,0.28320491306412854,-0.2128780294909162,0.045735036272502784,0.012540271266705795,-0.07719220351068184,-0.0020401278753779646,0.12660313327696956,-0.23823351557772016,-0.32964930611952387,0.26498270560077153,0.26902520931409607,0.10536526212292953
-0.1029677297124027,0.04418378846101367,0.03754366086850958,0.16334458839893995,0.05012382715394602,0.11798210800107276,0.2130271473355526,0.18254457354293596,0.05864660825435402,0.2411257723505856,0.3805220682147008,0.21936186320444737,0.013546639635868687,0.2999350813137083,0.1520239706130147,0.4703898022611532,0.710944428265873,0.6046665489112718,1.0000000000000004,-0.17465554493157065,0.39199930180616244,0.4368424282741999,0.6947270153384756,-0.18350070034547722,0.006401819707293402,0.14926441635360954,-0.11538877330558905,0.30567630376591315,0.002249285001199437,0.3474520436511403,0.15429893614871046,-0.02497632210191191,0.08015280003771785,0.4916039759632097,0.41374959954107127,-0.07902354926668666,-0.01092727924395072,-0.32283242996268674,-0.20608000743511626,-0.04557410778760499,-0.08104189658749017,-0.10106024293387489,0.003648295898097132,-0.15885367180459353,0.0740590090940306,-0.1910127873719626,0.04421955133005861,0.2604949024695073,0.047005609525912505,-0.12875715868007465,0.03463735117127658,-0.058921789992822195,0.29558221401896345,0.27313352118120354,0.16414683385813167,0.020300836532199898,0.11924849606858277,0.07694166418033224,0.29290002110717583,0.5013079929046524,0.17391387127224534,0.09453803922124898,0.2532110287816266,0.45496261322564785,0.3470671873540681,0.24051179749093565,0.058547615714107486,0.6721013307165434,0.5867436370700607,0.49654841351503215,0.4020902341928158,0.17460286223722063,0.6150869905361862,0.09245892507496947,0.23181357911444841,0.12585134875529153,-0.024831123796745437,0.3878241492761395,0.05628705589622581,0.059809072482465836,-0.04734523346987769,-0.0818579805936212,-0.3250061669796426,0.4948147196432488,-0.018980306136611766,-0.16808512757879493,-0.036715872506287335,-0.26318111640593767,-0.2797549477315652,-0.43685382619067725,-0.17887830343038527,-0.16013060115567262,-0.20309526225359195,-0.05411940041530041,0.023895472290122184,-0.36637498523848927,-0.37195995048610064,0.034289436314705525,-0.13318161247497134,-0.21404210305444946
