0,1,2,3,4,5,6,7,8,9,10,11,12,13,14,15,16,17,18,19,20,21,22,23,24,25,26,27,28,29,30,31,32,33,34,35,36,37,38,39,40,41,42,43,44,45,46,47,48,49,50,51,52,53,54,55,56,57,58,59,60,61,62,63,64,65,66,67,68,69,70,71,72,73,74,75,76,77,78,79,80,81,82,83,84,85,86,87,88,89,90,91,92,93,94,95,96,97,98,99
0.9999999999999998,0.16167691108829232,0.18404164162590983,-0.008497250558410083,0.10708180307231793,0.11725153307139477,0.23540048982416914,-0.08344511491365918,0.0270704704308672,0.06662291118263593,-0.12921966661935275,-0.12545142799548,0.26196959974335676,0.2947171666481177,0.06973525237116272,0.5259829964112833,0.14134162001430958,0.11967122238048152,0.12220151491512868,0.09762534354362458,0.1799475464862167,0.15287848199627532,0.18144295043647202,-0.12163770434954871,0.21497803506431817,-0.29289699014126874,0.09790182231991106,0.17457549217649,-0.025930870372599873,0.17018764188333763,0.5180443523164701,0.2703001869580824,0.5454432994997302,0.2131043220838715,0.28289680965414926,0.02698019135272636,0.04978242372425462,0.24818001122440295,0.27997251590138916,0.21211797274650318,0.25346366034729356,0.20768007338870534,0.3266098509648042,0.3254219523324957,0.2729192537567913,0.3361629947153249,0.31393824925430464,0.31173304091462994,0.24662767653308257,0.3309715291399233,0.7137847315924141,0.2147670131149232,0.1995291645819994,0.05499985933144696,-0.04372302928828997,-0.031826910857004946,-0.10311040748810607,-0.07644347279506358,0.09202437023639687,0.11178399918142708,0.10019657627648698,0.18104724819543985,0.17650495632280855,0.1914327967427121,0.08692622585435389,0.10067987401566929,-0.007956208903769801,-0.01864275142279963,0.05310439541339739,0.13730249103269085,0.08647361697496846,0.01997150546457277,0.058995298474448565,-0.10960959600301928,-0.019216779483959227,-0.21261260322286352,-0.14034683549385799,0.01941607623290264,0.48168688738861065,0.3176224872479096,-0.03792428405843436,0.3565909854895491,0.30359933566000374,0.12056011440875633,0.07876676264942753,0.10278456892784177,-0.09711494238934759,0.06677177168872327,0.08152828352059772,0.05697432727992887,0.3682096020201838,0.3159444448142169,0.09368356610633048,0.4572492769584786,0.011671710919791252,0.3383164209997922,0.16692044355737984,0.27555425115266485,0.1883321067324666,0.25146535153589117
0.16167691108829232,0.9999999999999997,0.7088758584385205,0.6639478263674166,0.7333639012652544,0.5605497690054418,0.430556025885034,0.4216590227385568,0.6002164202444318,0.4135838240908922,0.098613452935404,0.3672347300479073,0.2673859142393595,0.5470092831827938,0.4838591931477216,0.5743498821319241,0.2579862135229762,0.3371818498181145,0.32268844222114407,0.511126341423775,0.49060870590563127,0.24021051400320578,0.3973392554255931,0.17044130222622392,0.1459753119284923,0.12624833317570974,0.37855524469392554,0.3260744480746953,0.3482240029667887,0.43438749650064007,0.21544429500190432,0.24167050074184554,0.47029636524388096,0.37417384399206954,0.2822527293553634,0.3730781234017013,0.33138749397293293,0.29665696127545593,0.38043855607792826,0.40867995184867323,0.18502137439944996,0.21529984798387486,0.21351405043481397,0.18952843719489726,0.4262802969745372,0.3821408614910597,0.3065745300101333,0.26316121226389594,0.10590875941800958,0.3180087388399109,0.32465365718135464,0.7775259428249394,0.576600816983185,0.5437392435586476,0.7304556837414115,0.6663313052192984,0.5685166330786179,0.5725697099667152,0.19869236160248033,0.04568799739766193,0.046106835582499554,0.08638129202891848,0.44681500800386736,0.27365085700561514,0.4171353925600049,0.4241365916311084,0.4217640255570416,0.2972145070523754,0.4871821689029129,0.47353428243969264,0.4576536318099706,0.32644625117882786,0.4418748754443666,0.34866139360808396,0.2897624757288146,-0.12354184555338647,0.3276981457664648,0.4623820702898673,0.1796767785695434,0.3075155560256844,0.2722379325165627,0.39703474037954256,0.4136072869240525,0.4150167648445099,0.338739803710642,0.42971836976055977,0.35275675260319744,0.439135255940324,0.4645279241614314,0.3978178862715662,0.2812110194847325,0.1246193770808921,0.2456602874475259,0.03409827338051562,0.04459756053715757,0.1585157502423698,0.49725147952283766,0.4115253122398837,0.3015951009432271,0.24264727095985347
0.18404164162590983,0.7088758584385205,0.9999999999999999,0.49548368080653843,0.6951937461163423,0.7456793963789683,0.4538916435922904,0.6071431061374951,0.7565526161091554,0.3621327443300658,0.14642374266409017,0.311071966445561,0.25144847998627085,0.48605243540953724,0.41548158588365075,0.42664285104760813,0.24205815143458653,0.39640534775896513,0.2844627046617147,0.49149449962217195,0.45501177281839356,0.24123886483296497,0.3378432177576735,0.08940243584763405,-0.12122346456391526,0.03335730325065407,0.37452121187578313,0.32839460819583777,0.33557478407253366,0.38977800607962465,0.15929979343475237,-0.015810039058670396,0.3197014484672957,0.3356285969500831,0.288583898483182,0.4639146851695758,0.3528551611512736,0.032941202847475134,0.36939066790931546,0.42199982591708773,0.16408656739470126,0.0101586741937547,0.20893636679031513,0.3380859579486869,0.33567457925722716,0.28037018408771064,0.24815425846809772,0.22784464870616472,0.2551114063004249,0.3535192190724758,0.15667051827859957,0.569401049888892,0.4390862896655706,0.42164086148549956,0.8023288203165311,0.7884230615844585,0.5231065453604895,0.5701494853215829,0.43856718724321947,0.07181614440549292,0.2494328165740436,0.15887271350883547,0.48610964528071327,0.27807102064841716,0.41484018025283903,0.36963456139634354,0.3124918339776924,0.3891203681607345,0.4911897661867961,0.5329574598940536,0.4273823202676891,0.42155081152300444,0.5452392753267965,0.2528697843127004,0.2703874935921417,0.20397082111210837,0.41997481561963595,0.3989843770093835,0.22186132128057096,0.05282914625932354,0.2089027320291837,0.3878456933825687,0.47206250117849685,0.43975844027678274,0.361898491784272,0.3781672576989666,0.35142064074899315,0.42287840302058993,0.5041460885689669,0.27189516613266623,0.27096027577129933,0.1411835200282529,0.46455789183861507,0.1695970172285495,0.3052900998252397,0.443730498750147,0.4008265501102717,0.4432341671966003,0.45309645684280275,0.23779599944192653
-0.008497250558410083,0.6639478263674166,0.49548368080653843,1.0000000000000004,0.6863668014561951,0.43705404970039,0.5369895531518216,0.5375687043172734,0.48290537616348267,0.34887702735829745,-0.008185385360699349,0.3074098054137089,0.15865432845621544,0.48437090496226615,0.5166305683181827,0.39576912022028504,0.18663017339590016,0.4056614701041993,0.41511310193134854,0.6599053601675382,0.4576238336892317,0.1261058703580677,0.3390548808878628,0.22916612632553982,0.03780130972049021,0.09938873713737016,0.4035668978217098,0.26120629504826537,0.4366323246734157,0.3240908959696472,0.14360784802060286,0.19584125238508018,0.23371384904965037,0.3681128645807474,0.0966323718778169,0.4665466287465981,0.3330693466519217,0.21811189344743087,0.32796604497921716,0.36307976256837665,0.1406874224358143,0.15077793448928314,-0.02172683871561965,0.04357838739363813,0.3297627505574443,0.34625630635037236,0.20919429156186847,0.32282494734915435,0.16760445665617965,0.3963489404931818,0.20426349717918893,0.6801346203294253,0.5071481970161749,0.7262495852003675,0.6128322227651092,0.5791572475380444,0.5352745098713856,0.5282458248468584,0.036510138229307446,-0.06736873345451651,-0.12253473405234322,0.013737112726684117,0.42076436006932333,0.3119952857767222,0.5070952486004126,0.44491039992638315,0.5429444071869809,0.16227574167092823,0.46296813325383174,0.4355395106825134,0.4986820665780227,0.2853734563639948,0.46729001578102297,0.4397333733265261,0.3029758192827767,-0.11979279423694217,0.4280900624514411,0.4424601512145509,0.11880603279202885,0.3611398405149203,0.41327183239721,0.43588813025503187,0.33684972542156383,0.47196130480980625,0.4219101632199662,0.5006946044142933,0.4046767157067295,0.42073593723622094,0.5634711129504466,0.5657984843410161,0.23579156431565482,0.22346972708995358,0.17617330798395575,0.05515947959323122,0.009065126099962498,0.04999440550545131,0.5310359023575,0.4496377063119268,0.3810785628844799,0.3148810783826715
0.10708180307231793,0.7333639012652544,0.6951937461163423,0.6863668014561951,1.0000000000000002,0.6124066040903956,0.41118231636617686,0.42788207723791705,0.567484116579412,0.4050116203740408,0.18177757137260905,0.41095041534686266,0.4121097304571451,0.49326168027729833,0.49623843685306107,0.3657166893789063,0.2984930847719692,0.3786669986044557,0.16823308610818016,0.5977566794968159,0.4801210359726804,0.2714905693889178,0.4715651135138721,0.2020650245433904,0.03617393861238368,0.08988722001092206,0.46822639704191543,0.4234505665465538,0.44091535199061405,0.4653016519806667,0.30360697916695045,0.08446928807659425,0.38867009933629465,0.36153357465691793,0.25294800879835455,0.43152268865751403,0.4844043532395181,0.15137964133325105,0.41463884623757846,0.41108827392713715,0.24655349933523393,0.10192467242816858,0.2562008439000338,0.33369226521878037,0.46836134570999394,0.387689971107788,0.3078848486384633,0.3041132175014166,0.1651354919609444,0.3500528759674363,0.2730727900917255,0.6449042906480216,0.42406110897222604,0.7790437137935672,0.763942846157342,0.622809077372481,0.347691577234034,0.42553256670979106,0.3911637019369621,0.10429026303076133,0.25974909401579893,0.2798186436806018,0.4759126335281623,0.24070877795747356,0.5219404154595847,0.41172061724158926,0.24169196453025943,0.3480145389139978,0.4043613629579045,0.41784587657771527,0.44725121580920435,0.3639856865682889,0.4950539239793731,0.4027807820529313,0.2978905834857674,0.031606808243048574,0.396373789052975,0.4253543122285887,0.2569983496968451,0.25306060688386917,0.26336407779635773,0.43426250758227003,0.5412183599003135,0.4284999347894314,0.43776746598601773,0.46002977189385,0.5567855079508649,0.5369623897536707,0.4853441067039581,0.40426251011261033,0.3358636553545384,0.18368213043865048,0.4201301066145751,0.1975176731197983,0.25113739945513,0.3347221165229341,0.51138039766331,0.45990435526296963,0.30367766841895943,0.23437423051783007
0.11725153307139477,0.5605497690054418,0.7456793963789683,0.43705404970039,0.6124066040903956,0.9999999999999996,0.6171958611533416,0.529486614778751,0.730341481987028,0.48122173386793954,0.14110373749789953,0.3213751305220575,0.07694919657855079,0.372839358968119,0.33130006899706427,0.45846498781858397,-0.026703518788712195,0.4180718731811113,0.027640214279919226,0.43239501782915124,0.41555458299074627,0.15753657666434617,0.33870327070632283,0.02529799103739845,0.12327709072476421,0.1200933226404564,0.3147307165250909,0.17947402687127195,0.16969434808535083,0.3022832582761331,0.2696034133533798,0.08998208280569565,0.3340554541637718,0.3318468462738652,0.1927262005477322,0.45345604085628033,0.2991583381935259,0.12399182000527224,0.49720411052339275,0.602960650173765,0.17338543213205637,0.24469383340273537,0.22906727628716417,0.3112700490041806,0.3809360457401014,0.24827080061257809,0.1873001939819549,0.22564828705336978,0.5308620540219131,0.37241563063505634,0.22625850215409096,0.5835330506280874,0.5140537773446435,0.43730594400098044,0.8045748770459724,0.8434834796897996,0.4713802261266155,0.4575375387042851,0.5566724294709691,0.01627428827813207,0.25021837684748255,-0.03390994153219539,0.15412010316783653,0.12298935251652753,0.4347369196075193,0.22463977373698826,0.28690735420778973,0.22121550981648594,0.38497467281997466,0.5254098845285858,0.393360834871339,0.264672313610414,0.4872562391543716,0.28875565754513643,0.07274875672475618,0.3211841539848579,0.2245212768831298,0.19696841185138309,0.2779409991041034,0.1601123129999175,-0.02576012619743525,0.28383387351618117,0.372227142739348,0.3757264977424734,0.36558548672483976,0.3368660612458744,0.37942904838501756,0.3301132740208792,0.45907992304608347,0.20843810850876374,0.35966432403653553,0.30853461420880773,0.6438315477603966,0.34411866766673427,0.3024006887897557,0.33894988699503703,0.2955620948916971,0.4048865202457092,0.5011920157803127,0.33906953688034536
0.23540048982416914,0.430556025885034,0.4538916435922904,0.5369895531518216,0.41118231636617686,0.6171958611533416,1.0000000000000002,0.463266980222895,0.4849877355219364,0.5051986173280784,0.08057689212785359,0.22670893726391894,0.03635153454577967,0.3602661239072973,0.3255015491872427,0.5198387549874983,0.054665189173395676,0.31545131642339935,0.15208585565690577,0.391809828011418,0.4548839895860623,0.10093685259726308,0.2288124797204807,0.231329377600236,0.17032506658623647,0.032380690939273496,0.23823141015768026,0.05617225996808647,0.16969112427340616,0.11896809115813513,0.3058210438534996,0.29759843917529233,0.40781385825079913,0.3276456320229265,0.20899617896364012,0.3188152692295455,0.2698906338955215,0.2780971343002932,0.47818509373355605,0.7558521666309287,0.32603043141405935,0.30380051444965306,0.19088489685475624,0.23141916098308704,0.35734452345284745,0.3135351825697278,0.177230680450356,0.2975992642005844,0.49661551882738475,0.5299613192255178,0.2889760650799017,0.582855676022601,0.5328200398444558,0.4916560086033684,0.5529090937512315,0.5277681898153903,0.46758337910938114,0.27045643455814006,0.33285246395581697,0.00974253599764504,0.007109366805956733,-0.14257076411120834,0.10790169780042627,0.191888391822022,0.385521226037182,0.19441982449132728,0.6640503475414434,0.058478456346615845,0.21335302379656693,0.32730403380989026,0.33014111417068986,0.23690255861083664,0.2564305821389092,0.5176245567922415,0.10283452260966726,0.06647405351773475,0.12899319520239308,0.10556355264927009,0.2529504736189674,0.23471364948732518,-0.03220383764624835,0.3877355566362034,0.3310588114879682,0.35596944943461356,0.277468874377605,0.2797917699592984,0.26899915108661143,0.13061718885639678,0.4515924771585527,0.47335865737416577,0.3997292053619968,0.2833262949569191,0.5570455185639471,0.28517248575760934,0.1667797561946977,0.2551001337145688,0.38545059413988253,0.36809844758020704,0.4934382166153788,0.5674806073829451
-0.08344511491365918,0.4216590227385568,0.6071431061374951,0.5375687043172734,0.42788207723791705,0.529486614778751,0.463266980222895,1.0000000000000004,0.7759045982119548,0.3244447214637556,0.17612258820969304,0.2787973674335463,-0.008477669068881184,0.5142095167673695,0.4104073811380397,0.23353672127542285,0.16256613117889854,0.5905867072325844,0.2969575609121553,0.4386285196505742,0.25155668026807104,0.2009023547036312,0.39227446460041826,0.26074423159669224,-0.08315265056113298,0.2895150212110188,0.3858775448531143,0.3177839243685286,0.3639322987165459,0.39107663110686836,-0.006435127716365062,0.08091301960434984,0.0241845780785846,0.3442250526543016,0.21532673227397217,0.6424878215642336,0.2973795056709063,0.06077435074302064,0.37680933047114756,0.4050922765492474,0.27950810907508156,0.20127836691683348,0.08670965894048348,0.25197564224427804,0.27265553830181566,0.23477157452483483,0.21187730394856985,0.24301047836575293,0.27348476343485184,0.3381788609706257,0.041625058603261926,0.4300355870228829,0.34999690549575635,0.30805189968749636,0.6474506390265181,0.6485454671016504,0.7220594748154872,0.7478945848576626,0.23385718742785977,0.027115628358595857,0.0426882985246646,-0.10297058867765786,0.4117884089655169,0.43146757105107575,0.36379691805032627,0.31634915535703745,0.40277875519358963,0.29980878544572637,0.34230092499385806,0.5186234992761163,0.2841681547803252,0.2730522778929013,0.4788196024424522,0.17499661370903435,0.03325395645307896,0.19892336548195355,0.3910195836924478,0.40446541264812275,0.06922741011357761,0.07680830153213913,0.05802081203361129,0.2763498070027952,0.17559444822144002,0.40034557993264847,0.4228763280653634,0.3659430946298241,0.36289304983142623,0.37349651768996023,0.5210022718285475,0.3522400470152048,0.20711614969653705,0.18061801272799027,0.3611256957000318,0.15060150608238349,0.15530492206511387,0.25318052227228927,0.33437659366632627,0.3796654742406733,0.46792552351108213,0.3055972274024935
0.0270704704308672,0.6002164202444318,0.7565526161091554,0.48290537616348267,0.567484116579412,0.730341481987028,0.4849877355219364,0.7759045982119548,0.9999999999999998,0.43670572348622844,0.2495124721516341,0.37301250258626767,0.04567988733661301,0.5490255222459929,0.46492767295652654,0.4047105984285763,0.12566449642091398,0.6665965487136073,0.27582188529915114,0.5361529829532679,0.46131927362937336,0.3231961798364081,0.4897157052127956,0.20975556557020789,-0.002681575752034203,0.29252411920946797,0.5559338902536248,0.4767007852111873,0.3831571987055937,0.5496199177092569,0.09581598328759575,0.14185873371084198,0.2427668011240546,0.5320887007688035,0.2998174486952458,0.7220575737247951,0.37911360964135704,0.14952210308732553,0.46593601566326753,0.52843966187547,0.3548803526811858,0.2343576142579996,0.17209913775976182,0.2234435403692313,0.350436207176049,0.3973773378967491,0.3449176141830711,0.3578931752917079,0.3183753171254957,0.4570155193691492,0.1272382335628199,0.5578757872671913,0.4737759570668108,0.3277911209423209,0.7494137673525458,0.8438146334359219,0.684412161235797,0.8170903053168753,0.39915682484882586,0.0503447552285272,0.14100420256457888,-0.05092053412906038,0.3977316852384362,0.3354437392290078,0.4603887166448988,0.354996739621587,0.4393454543881758,0.3170638941148869,0.5336269234563847,0.6982201583399062,0.47283470689787876,0.32193632270722333,0.5307085098063423,0.33953326344220514,0.19460606461461138,0.1983357990231572,0.4469543620812681,0.47620378611547487,0.09737731543234134,0.12594949991962276,0.1846892794289358,0.4616140160812491,0.2848813090578739,0.4246814172999513,0.5855671727868544,0.4312398503694267,0.4340956170405217,0.568855182152818,0.6497778333930067,0.4568159637959889,0.21276172864760984,0.06369079008019439,0.39090748775144846,0.12998189845057967,0.14651618594541868,0.2518642564477693,0.48012189529179544,0.5195178315130887,0.5211116346461736,0.34086141713482804
0.06662291118263593,0.4135838240908922,0.3621327443300658,0.34887702735829745,0.4050116203740408,0.48122173386793954,0.5051986173280784,0.3244447214637556,0.43670572348622844,1.0000000000000004,0.6282820918861057,0.7728010714739572,0.19574185933286925,0.2739100253443652,0.4213533220787339,0.3769957592560646,0.09377026946636964,0.28387823250828365,-0.03995527280636614,0.3918714533282684,0.4253474167009443,0.088345728677285,0.1758264547578027,0.47039969352623545,0.5391695167506625,0.4958325435734487,0.20285683493558365,0.09439877164336107,0.18038762335959901,0.23844013676304052,0.3172757830320963,0.4537646296660894,0.36488087566636357,0.2266940412339755,0.18487746685656978,0.2682145179173484,0.2972389266698112,0.6038386618430904,0.645477018787934,0.5857083339924319,0.29196267953142596,0.6073231365679305,0.36717764078557796,0.25812352552963913,0.5204890023464753,0.20471160962946366,0.030880124978593607,0.19689554547063182,0.4448924096862788,0.39110946186413964,0.2599511527633582,0.5133716318574595,0.4856476536147348,0.43903229015727946,0.4364346566468908,0.4819836833495583,0.4291934912883565,0.21509833117800656,0.38907456133991936,0.16243329588926256,0.1966665307176638,0.02469720265147747,0.08195665679869821,0.10468005842546434,0.35110007390884446,0.34809154228413586,0.4324547531289894,0.05486461679224588,0.11792226407636684,0.28184114364083057,0.3560511124159913,-0.05662618207122535,0.28328555213137463,0.5504957249371555,0.14841145135490882,-0.005671316065011568,0.13185878242757718,0.286809329154241,0.1956199412553054,0.3725945992182518,-0.11741250964224768,0.1787094787666616,0.29285011565799757,0.17437000661396063,0.2802001196607207,0.28609777901064704,0.39908755371747756,0.16629984445285256,0.3441719707577181,0.31569199565393186,0.3745252165777616,0.21531152300860829,0.4176773373575221,0.11010760879453228,-0.06145721276791475,0.08055627303115867,0.3666786646352058,0.3364163242442444,0.4289767558244027,0.4135774299723208
-0.12921966661935275,0.098613452935404,0.14642374266409017,-0.008185385360699349,0.18177757137260905,0.14110373749789953,0.08057689212785359,0.17612258820969304,0.2495124721516341,0.6282820918861057,1.0000000000000002,0.7354461311816769,0.2086502215649879,0.07296634552770942,0.3323152667629466,0.07028348136360156,0.12080838755042637,0.15204561059585384,-0.2172344878057514,0.19699377753424446,0.23910200039753696,0.02681755218128829,0.0638346879253297,0.58851938669359,0.256589544850155,0.6122765924985981,0.10426223833091647,0.14490089630674335,0.07058537652525453,0.1684822703794223,0.05618181563155133,0.16249827817236223,0.029137465435753004,0.01939229188871699,0.05740772879041294,0.22144663790785496,0.2233466570086604,0.24451900888950692,0.27253203649511937,0.22374639535106386,0.17146835780509817,0.2818672242701,0.1787724187750627,0.23955005221599718,0.1951669590623129,-0.0774089993190186,-0.10394233683122024,-0.01415065485621988,0.19632413150083616,0.17327331681170566,-0.010735247797951902,0.09070310640624676,0.16053797617518983,0.11329758668805746,0.19662747501971312,0.2123666049984149,0.11575247151907878,0.035097363651449075,0.5448062786515652,0.5645755528344673,0.5415222083728237,0.1431989136951045,0.028394879153485826,0.07818003499035471,0.22541186774364577,0.33042053386918196,0.14530640560620653,0.12310885019428565,-0.004641014285250966,0.07870238404680584,0.22344201245377898,0.026812897047320376,0.1831855289336714,0.4425718694571451,0.2919966720101343,0.31406935989050805,0.149242775567478,0.3277355175000576,0.049271988161185276,0.08936326969418207,-0.11485738609088778,-0.08118636703051221,0.17943991144281213,0.06700191369799359,0.22930171856502873,0.0160840755925049,0.38601620309863965,0.1319010247888402,0.22579820894091032,0.1139755454776574,0.0641152381835787,-0.059860150657335486,0.1867271329879427,0.05444118706928523,0.14582555303466987,0.1027182463297389,0.07160815405966874,0.12243136061204866,0.30297135709293943,0.18532321036638946
-0.12545142799548,0.3672347300479073,0.311071966445561,0.3074098054137089,0.41095041534686266,0.3213751305220575,0.22670893726391894,0.2787973674335463,0.37301250258626767,0.7728010714739572,0.7354461311816769,0.9999999999999997,0.4902713560180802,0.3620149952698165,0.4931583035686074,0.19680574534146553,0.33740119208593927,0.2503744314731062,0.03076004355053879,0.4329102552683442,0.3647151755129873,0.16177708679797656,0.1980544931447164,0.4554533883904872,0.3490159679942753,0.590523698471824,0.2307825862184357,0.24192037936793387,0.30470843678459414,0.2815724307725039,0.12510012701258977,0.2494391880697853,0.14330832553917874,0.17050482502040679,0.16593395574183473,0.29768690624705707,0.38271019744260265,0.37259709874891356,0.4831534044245261,0.3800379661222795,0.22170020486039535,0.40555985578149184,0.3240833211111817,0.290441246887963,0.412343222064667,0.13414794147969927,0.05674538171655715,0.16922509666057212,0.23690080476689446,0.27982016445870267,0.06523722500547662,0.36525790199706737,0.377241999566167,0.3864509339376691,0.35270258118489717,0.4276541090758269,0.2731351264791348,0.2056077523876065,0.4213502342461923,0.4026751940418877,0.49005800071298156,0.3610178549121564,0.29299352542385293,0.14786774035629666,0.3192076080472954,0.449867583617071,0.270025000911987,0.28639152537283896,0.18301466597964236,0.26342125323356236,0.34141263686750545,0.0760336957932889,0.32727897514378784,0.49883537451851784,0.3920097124108673,0.10381537271956263,0.28562183451396667,0.4814446736655119,0.09959348374164655,0.2688532927029487,0.10787250308599902,0.1482874114626861,0.33041753485101555,0.23946230223608456,0.2593020897471161,0.22729182978155774,0.5262136423749983,0.31694164804248076,0.3329651977630457,0.27716506197737606,0.21834954429542922,0.10911561194578503,0.277305796361121,0.01065335402396625,0.04599608975325541,0.10809041313065186,0.32762011457587353,0.24179487738319747,0.2880876229304645,0.24114669583091106
0.26196959974335676,0.2673859142393595,0.25144847998627085,0.15865432845621544,0.4121097304571451,0.07694919657855079,0.03635153454577967,-0.008477669068881184,0.04567988733661301,0.19574185933286925,0.2086502215649879,0.4902713560180802,0.9999999999999999,0.4080771805282395,0.2935310355079832,0.13543268531750127,0.7059495293877505,0.07003456391555819,0.1755301025689943,0.32463091300873415,0.27478232299080824,0.21609898848742587,0.20105304649248612,0.0818844074472106,-0.12745846791421717,-0.09774171005651686,0.21321240186104806,0.26207922964550695,0.28832825911241455,0.2468414656332848,0.35295603025963324,-0.03648175932569488,0.3059434074316808,0.09142446881190332,0.2859656444830219,0.11036697777123043,0.39716968813108144,0.0595511832690978,0.18030753477269076,0.11791236028077053,0.17899648340586216,-0.010882334400574227,0.40833807776345094,0.4519307053146171,0.36553773378550225,0.20521340740639463,0.1868833620112342,0.16649131444017817,-0.01084268978012045,0.22235409018566282,0.2372148030543889,0.10294392620871494,0.07360417736640068,0.2947938165494584,0.14256310715939782,0.00561968063305261,-0.20704589127099843,-0.07838724083124576,0.286819045283909,0.36647228599856363,0.6224301923415303,0.9055934451540164,0.512503418135304,0.06301437702353548,0.14841456202546466,0.2495608195294264,-0.11945301122577251,0.42445116206490036,0.06763493689757381,0.05204255258208358,0.16992292290446315,0.3173039289295072,0.21455742118779364,0.12013870936962084,0.4345448735276839,-0.1234887737831956,0.23427206851616758,0.2840823439006762,0.3460721795685081,0.06341631409767505,0.17244817820763148,0.2821900181472955,0.560184973285853,0.27223053984757445,0.09583144502393053,0.0976453102541404,0.3426310970501424,0.22797224280357953,0.1966978160004791,0.13573632523611595,0.1515569897489953,-0.010053409312581153,0.21193088434241383,0.13671715346737773,0.27274232679236937,0.40192392360552537,0.2549229212957446,0.16997692914124518,-0.01003565504472026,0.14820808288158827
0.2947171666481177,0.5470092831827938,0.48605243540953724,0.48437090496226615,0.49326168027729833,0.372839358968119,0.3602661239072973,0.5142095167673695,0.5490255222459929,0.2739100253443652,0.07296634552770942,0.3620149952698165,0.4080771805282395,1.0,0.7729761301905733,0.5154078640855991,0.45988092192428504,0.5825196405355951,0.5982850627078381,0.6302933133431681,0.6157848268940334,0.30389286625095413,0.5909031414561878,0.13983934985197355,0.05966762443494248,0.08288944445909323,0.4750247114950214,0.4410187361627929,0.6239623657947658,0.51400605073321,0.3058475818706094,0.2666675705135319,0.4139792866760288,0.5622694925161228,0.3402303011149519,0.5034800906642968,0.4422261412516716,0.22001080540786527,0.39619984280918563,0.3597001917473416,0.28892249686451604,0.2701161675808839,0.21962240986451853,0.24169111242880464,0.46250075888864917,0.43054013363592253,0.4161347293726379,0.48724766393168134,0.18758135503407788,0.3932162765812044,0.41961932000768426,0.5367049446175911,0.5320264539300957,0.4143248432421139,0.4441369486739594,0.4342053774261563,0.49655480061315693,0.49548635980018124,0.21768632989382006,0.07748136079707099,0.18299498559237243,0.23718768868529033,0.6716493377146228,0.6632438638679383,0.6472487470611777,0.6545556749061056,0.33401674341873383,0.5782289197972568,0.5526025646055125,0.6016922299884928,0.5664548851174314,0.20479355818012793,0.54257189202258,0.17666833643251026,0.2583184456209136,-0.1359893516949149,0.4507831162042071,0.6074961296148185,0.3397911051794803,0.33812776097605224,0.28582602536275753,0.5191485170451917,0.4361943001309053,0.41985308854258624,0.38982878122206394,0.40278795624053115,0.39065947475976526,0.4614974376591887,0.513493735283218,0.3556495209406908,0.4012418760280166,0.24764688504265078,0.20371467209649163,0.18155178477183326,0.05926550614355594,0.282802120588444,0.5071248613222086,0.4697286945908604,0.26284876342433344,0.2720456311534958
0.06973525237116272,0.4838591931477216,0.41548158588365075,0.5166305683181827,0.49623843685306107,0.33130006899706427,0.3255015491872427,0.4104073811380397,0.46492767295652654,0.4213533220787339,0.3323152667629466,0.4931583035686074,0.2935310355079832,0.7729761301905733,1.0000000000000002,0.3600973082602943,0.3567903589461903,0.4901086195033578,0.4492901482491109,0.818452172621038,0.8177018102971746,0.16269634735327926,0.4191721668820954,0.29849566572209774,0.1470009065912061,0.24205368095428548,0.40381716959411856,0.33145431063268144,0.641135630650834,0.43998451337552125,0.26040489847337067,0.28521550548930347,0.26982212221526897,0.3958370706484719,0.16063405465639,0.4464002565406523,0.38403496108820706,0.2731396566446879,0.30421247705300203,0.2641558876747307,0.1291394800776617,0.2243637956428991,0.0695746113886584,0.09927417017061202,0.3178867873084492,0.3131694710082818,0.1761543377523084,0.32379152225287106,0.05852736255063315,0.2901296139706708,0.30284600358412006,0.49537049868642286,0.5397100614058737,0.5138008768590292,0.42118580126169997,0.44327155884805536,0.4845185395132156,0.3921252450406429,0.31174538517995043,0.1900870311125927,0.20730821839233443,0.12243834311726073,0.5259176553363671,0.5687259383032894,0.8195666858672039,0.910168815863443,0.36728769380568527,0.5242720674929472,0.5888540889899558,0.5782574325025097,0.815434774482536,0.22367809617276663,0.6164815154555277,0.3480508453504591,0.4569642779210711,-0.02604958147854595,0.6238101182853468,0.6872294720359451,0.2672511583245396,0.3063202270553116,0.4408860939856796,0.35589337794406567,0.3756795711707531,0.3948900939426802,0.42348958951448823,0.37581109727188056,0.45952930286539606,0.4347820017530848,0.5696195018959104,0.44420653167206076,0.2833407000900336,0.1521736362143786,0.09976386634511733,0.11621699804196033,0.038029405124421795,0.15086438318121898,0.4826471669629805,0.41406364525911304,0.2197398144286498,0.17859054783865408
0.5259829964112833,0.5743498821319241,0.42664285104760813,0.39576912022028504,0.3657166893789063,0.45846498781858397,0.5198387549874983,0.23353672127542285,0.4047105984285763,0.3769957592560646,0.07028348136360156,0.19680574534146553,0.13543268531750127,0.5154078640855991,0.3600973082602943,1.0000000000000002,0.10863724832735346,0.5108610390608131,0.26881183318715707,0.37007865367161447,0.4994875408014559,0.45425023289838745,0.5747774230882877,0.13651207646237767,0.3395092026996973,0.15303499964154854,0.4735374392759932,0.39359772336549687,0.21653760524665394,0.48025759449450295,0.436837755056069,0.4442895135138064,0.8229559309235512,0.623890963322654,0.5200729948424404,0.3326860364979786,0.3107940611889103,0.4248919025006991,0.5014084606693906,0.5701256861760982,0.49444017076287256,0.4554882270696777,0.44659501080933695,0.19881055460418168,0.5738192270530758,0.5028887085589316,0.5358226015912104,0.5514299461843922,0.3015421890406412,0.43792079268777556,0.6172988330083434,0.6046523805469984,0.6051291280677803,0.30576009765668755,0.3458237939772404,0.4098754165226484,0.3606664263444874,0.2990353002178524,0.23663960154695915,0.038536646019073,0.03738420137132773,-0.022549594359172608,0.2606234606666154,0.28484850967080916,0.33707494869894383,0.2862650142073705,0.3452303319755966,0.13103326008834637,0.42860645441232614,0.5371474511584757,0.3336315077589095,0.1658729386834518,0.33306284653024726,0.2388586018190308,0.03335118830712543,-0.09513795698995199,0.006437420931387629,0.3034501387498276,0.3527631955768812,0.48813296111173654,0.09157235719204254,0.5519358715822841,0.43153225126639355,0.3960273218769194,0.30340770292532904,0.4033912452605243,0.13995295061370128,0.3415806721515486,0.3753426105248244,0.24733720531314157,0.4392658510329347,0.2920525939709018,0.2176692962442481,0.2963055305527946,0.020203128534672796,0.08012400304450021,0.4417361400833174,0.5271391366117207,0.3274356678490455,0.30992317397448516
0.14134162001430958,0.2579862135229762,0.24205815143458653,0.18663017339590016,0.2984930847719692,-0.026703518788712195,0.054665189173395676,0.16256613117889854,0.12566449642091398,0.09377026946636964,0.12080838755042637,0.33740119208593927,0.7059495293877505,0.45988092192428504,0.3567903589461903,0.10863724832735346,1.0000000000000007,0.25544140779317087,0.501416406415568,0.341518591186266,0.35260803139612723,0.26237808145093366,0.17960569657975528,0.3874325110691775,-0.18076111318151092,-0.07465714085287194,0.2735180471240078,0.32420053894484074,0.33074462121466885,0.230859087969073,0.2840979474513645,-0.0003715861275323416,0.15306645752311998,0.25801054812826896,0.2255034903332214,0.2694727386850251,0.32228571240275294,0.004585531126958439,0.03362180079012228,0.06731584338781328,0.15040308148531623,-0.08038814861056108,0.23355871865986652,0.3781955226032592,0.22685616762707148,0.2679005064050995,0.12151826911629714,0.1113906619542435,-0.12463391706251464,0.13040156850850712,0.167474628480868,0.11429686738042065,0.06391092717620865,0.22421780301374813,0.14900163778314968,0.02056531776885111,0.00822573963793246,0.07127426541483563,0.16018128138874632,0.21504597717921287,0.40392979672741075,0.5697425288408735,0.5232480579546098,0.13015839573010268,0.21254431727208878,0.2959673943918065,0.07469155399965496,0.5854165055072348,0.24766790923676657,0.21216010144889538,0.2845354627955414,0.38842343779079347,0.263392193831725,0.1532847141530675,0.44177183662197445,-0.020609425496051027,0.3879092054301096,0.35738416880986257,0.328816765886282,0.04078168856303504,0.2871937994723979,0.23904673028511494,0.4372374593242894,0.25495391073289825,0.24314475624146215,0.10161422484399546,0.28489847559753356,0.3044952147552923,0.28875458253717484,0.30993848979252775,0.04164442665182566,-0.04062911208971545,0.09326122236510835,0.07584410198741916,0.17901425249380662,0.4170301767062857,0.32049517716516424,0.16519432189960706,-0.020575792165724378,0.08283982083291755
0.11967122238048152,0.3371818498181145,0.39640534775896513,0.4056614701041993,0.3786669986044557,0.4180718731811113,0.31545131642339935,0.5905867072325844,0.6665965487136073,0.28387823250828365,0.15204561059585384,0.2503744314731062,0.07003456391555819,0.5825196405355951,0.4901086195033578,0.5108610390608131,0.25544140779317087,0.9999999999999994,0.438674474924054,0.6298027003980606,0.5456703374153894,0.5331128038864564,0.682421248485812,0.35846468326951786,0.1339926989399208,0.39413215547958697,0.7368671369816439,0.596872047970284,0.39199671203884784,0.7171890975953115,0.3064095565116236,0.2774626678668311,0.3456595778466038,0.836442120735687,0.4838333384258927,0.8234846182536267,0.30467920536008813,0.22702532743261267,0.42849660484216456,0.4943096179441834,0.5244495630029996,0.37378177367796694,0.3447375510273298,0.1819223407841172,0.504161485887366,0.5314576068365586,0.497069073010099,0.533508370885479,0.29648947994381625,0.4095844177371084,0.3402343064381205,0.4402073233544578,0.4309727394009222,0.3274850847695374,0.39515314203776825,0.5005966883074746,0.5151750847199434,0.5475450422570747,0.23688603792089122,0.012395430821659767,0.100491747875789,-0.0031027117816048123,0.37097652327656927,0.43325277612966717,0.5266569740316246,0.4020606186871005,0.28508067249452357,0.3780536423004908,0.5619518431956884,0.841084384334075,0.5458150438047851,0.21382040199912758,0.6110967733454431,0.22285978347716218,0.09290822690687647,0.09709844787012584,0.30583210904774966,0.4589309021086293,0.23763135304959201,0.35316093479347704,0.2758190277468594,0.5116668206582284,0.278969579468366,0.4648274582367502,0.6466021667574977,0.4924430702893458,0.24721292042357376,0.5872717332606454,0.6547706019002021,0.3459103359050846,0.2722849623547951,0.24500881941757766,0.06651456261087062,0.19928796648412686,0.04644393121438118,0.10235251695534785,0.485059337825432,0.6027376234915074,0.43158753572095393,0.18552507397075607
0.12220151491512868,0.32268844222114407,0.2844627046617147,0.41511310193134854,0.16823308610818016,0.027640214279919226,0.15208585565690577,0.2969575609121553,0.27582188529915114,-0.03995527280636614,-0.2172344878057514,0.03076004355053879,0.1755301025689943,0.5982850627078381,0.4492901482491109,0.26881183318715707,0.501416406415568,0.438674474924054,1.0000000000000004,0.4292782989234267,0.4130426155501314,0.18773009237852156,0.17576022010640407,0.16294574796552344,-0.12196511152512687,-0.08119534517488106,0.25113550892320774,0.2062488139251919,0.40210279969921414,0.2691688996329875,0.1082885993658028,0.11946510268145281,0.11989120158986388,0.5284991395447193,0.13585369712120418,0.36362070004596925,0.1928973412714773,0.07477277442977862,0.09752899956638571,0.14163250859146373,0.0993662407430756,-0.0075794191177509405,-0.08828160062736408,-0.03985595644673879,0.13779978551636832,0.23422857521867646,0.13957117223467475,0.17639821357968657,-0.03855156389226513,0.19745822711033836,0.25050168921464155,0.3084297650255848,0.29833493481681506,0.15559253187594868,0.23512220177652307,0.16761675572738927,0.35004510405344824,0.3986002850900676,-0.1678118386859881,-0.12934386653657337,-0.14747581606393095,0.17554962520947584,0.5312135759048772,0.4013972393062799,0.3086831655598457,0.3638523302155941,0.3621807085837345,0.47502342328323977,0.4735577655145144,0.39829668445329464,0.3728319340125278,0.1411920384131936,0.27247788113899296,0.0937814773661861,0.35775072070579855,-0.2534809292111994,0.35521393237168675,0.3237263989090502,0.1678722028444345,0.11566875458285002,0.42057529618221234,0.38979010429705224,0.1946977664304266,0.3228772557882115,0.22612622527011336,0.2466652376652804,0.09200100063217069,0.23451144037899382,0.32058909657315915,0.31921172048318447,0.11484909514865993,0.02229539338979602,-0.12940867260978886,-0.12239219022068343,-0.10849579360819286,0.11043392874903402,0.34992929419562835,0.2207704698272993,0.1196387514725144,0.10687153428352195
0.09762534354362458,0.511126341423775,0.49149449962217195,0.6599053601675382,0.5977566794968159,0.43239501782915124,0.391809828011418,0.4386285196505742,0.5361529829532679,0.3918714533282684,0.19699377753424446,0.4329102552683442,0.32463091300873415,0.6302933133431681,0.818452172621038,0.37007865367161447,0.341518591186266,0.6298027003980606,0.4292782989234267,1.0000000000000004,0.7886111304019671,0.18238041379583592,0.4182190619430512,0.30241197125942926,0.06835652988783304,0.19675379557821154,0.5101701799911521,0.37345364600993314,0.5928366428429095,0.5112586540054525,0.31772985193814607,0.260020829943139,0.25719493143878547,0.4538157488486004,0.17725986721412978,0.6447500193375868,0.38102152299997355,0.26957457171661536,0.34444357214719684,0.36396073630413533,0.21329633496313635,0.22461842941981597,0.1359479987522137,0.13139959162958123,0.3817667120963587,0.42202251942127245,0.23454405213926985,0.3672795777847463,0.19382730394535605,0.4670402981170805,0.34362624054475616,0.5857537357471203,0.5520996589173667,0.652418678892628,0.4770335772083579,0.5269263920363214,0.4744615152066148,0.42561293082237883,0.25082043150312,0.17566093637109392,0.17547713497396156,0.17372274556604725,0.48763982503249836,0.4138200794420708,0.786743372735363,0.76127167810336,0.41945388845195314,0.4156196056743102,0.6245664238060592,0.6925235460170834,0.8862141054167009,0.32922937908159017,0.6773189581114399,0.44353739102364886,0.5027043551548265,-0.032355754701591834,0.6341771037447299,0.6108001776964248,0.3017370457473514,0.41552553200551695,0.5363997348768306,0.42994043337747845,0.3909406074645453,0.5107965638656987,0.5326801473875861,0.4596955281944588,0.4306896528407973,0.5196450116971548,0.7791510943546394,0.6002356062060937,0.2191494593344997,0.22578685507675597,0.1014049465584394,0.1625172255379749,0.06132789996466599,0.12839198112657263,0.5410817818242054,0.4644462999853084,0.3875282111425667,0.2884509881180622
