0,1,2,3,4,5,6,7,8,9,10,11,12,13,14,15,16,17,18,19,20,21,22,23,24,25,26,27,28,29,30,31,32,33,34,35,36,37,38,39,40,41,42,43,44,45,46,47,48,49,50,51,52,53,54,55,56,57,58,59,60,61,62,63,64,65,66,67,68,69,70,71,72,73,74,75,76,77,78,79,80,81,82,83,84,85,86,87,88,89,90,91,92,93,94,95,96,97,98,99
0.9999999999999997,0.46939770752954024,0.41494967085367046,0.39583892490909217,0.19685067183916968,0.4212116274331367,0.39854506519843835,0.2711825638340257,0.2839015037430198,0.4050965786108656,0.3186415645399579,0.023533197761271413,-0.05574931859845667,0.060865105497436005,0.2885433838904271,0.6289603155962564,-0.024442616520338238,0.2062119923170399,0.1481180239558269,0.36433236201278546,0.37255143749323844,0.28524696026614155,0.35938768954719263,0.07629666672437574,0.14511934643074154,0.12098572213754008,0.21175481237191013,0.13741539676379266,0.3233410617196465,0.37998766644782356,-0.04870857629811985,-0.016447762346639395,0.666635109525309,0.14099703055243934,0.24298005803973355,0.347790296927353,0.2713026728569771,0.41823747368730135,0.2932829338888488,0.3364294753449863,0.13439217496300518,0.07979437041840122,0.09502648825845239,0.34023495535305653,0.30686825490183367,0.3473874264162825,-0.0030693541575243346,0.3006925800121715,0.4684172527630108,0.3402144853550824,0.2065836241906988,0.4036503189518802,0.16579505817186482,0.02090213309231328,0.530627843796389,0.39047933098225573,0.07832662700107543,0.20290497872964647,0.019086410122324215,0.26748075363425383,0.18946234613837362,-0.11697918985783844,0.2400266942978098,0.3390911587152095,0.41549668157735536,0.2111839065080838,0.07316368302622363,0.19520565820038338,0.44405686736476013,0.18139557366539377,0.2828188868189198,0.20727580574460094,0.549532530264809,0.035095194169907376,0.18003997257669302,0.2492504267952258,0.17147290062880466,0.28356586091395175,0.003958990653575801,-0.06818023316034094,0.2952333307784576,0.1154895189371565,0.00819047868591921,0.4216587535262164,0.4464029115581335,0.5648652789939168,0.27012503937073784,0.42652788674507747,0.341014509781279,0.10712289597226825,-0.03718888708233356,-0.07777135620117931,0.06399062185374627,-0.013587568329082199,0.058434833043056585,0.43083418391410766,0.5454715181471332,0.3937276189320567,0.4309528370092605,0.2228830353494438
0.46939770752954024,0.9999999999999997,0.8453387499496632,0.70968895668724,0.47959381014782315,0.7374470254297373,0.7869142585977099,0.8856036073883795,0.759868013314687,0.5688239229674646,0.6483683542363556,0.5441338480454457,0.5704658910976587,0.4860204194363088,0.5566917980467144,0.8060836438837915,0.5072580066251783,0.6281538655859931,0.6260910595369205,0.6228687112774621,0.5412720314680405,0.5104852981117223,0.47260045907731163,0.49016183154870047,-0.11270890305731018,0.23228183739646527,0.19030108562237502,-0.25385286832862175,0.47923061293544944,0.2938997430317835,-0.09174055792856173,0.34611896110994483,0.4382892354060796,0.4561316707285193,0.29594366780226444,0.43552098193549055,-0.033631811077952545,0.449014440803996,0.5696611752337454,0.614454637438169,0.3467364109080607,0.14590713497105143,0.2809456799567653,-0.07236484962718011,-0.20318926575396756,0.004740039430729368,0.1406761820152031,0.25225847167149273,0.3794397868551832,0.30420211325222124,-0.09332130256188033,0.6246720634294108,0.22011713251956078,0.041913757348344856,0.6644000455775531,0.6776991346289242,0.4544988562732799,0.705308681354507,-0.11169585855706264,0.30495315948973517,0.41401458441587924,0.39635920603861835,0.4800295499986652,0.5291269737453198,0.5692163217153913,0.5548057838821105,0.19310756680802516,0.4310634642912443,0.3596636203946751,0.3004363550708009,0.49909164632812414,0.13472067336863924,0.4223333198368155,-0.013181779475158863,0.31046287350547264,-0.10242101110209444,0.20165458415610174,0.3421114122757879,0.002968429890688494,-0.24621314904936878,0.10068698192517093,0.1838605218929515,0.5028516471722381,0.1791771578247575,0.46803994720517406,0.5101353999474928,0.11535405943716563,0.04789414601789479,0.4409062153005774,0.1830560118673555,-0.17345795555633609,-0.029694639772601086,0.030034955695313705,-0.13759119667095246,-0.042960971754401577,-0.017094895630209224,0.3656780340594523,0.2276664112157273,0.22020696636939902,0.2830313809204741
0.41494967085367046,0.8453387499496632,0.9999999999999992,0.5026397445658002,0.3055900490337502,0.8014679606809463,0.771004209872184,0.8506225508057951,0.8422953293763594,0.6086389731835063,0.7396672997352091,0.5711206535665165,0.5613827319830192,0.559960769077811,0.6452573717683058,0.6860950475666822,0.5482960712083538,0.6561956563089792,0.6718343646235647,0.6144374134489352,0.6053400263543417,0.5077684319848292,0.5685813139373199,0.542554518369908,-0.06263004928862202,0.3016416725537321,0.23671661824135137,-0.13164376228973432,0.5595149397213602,0.32244908182166043,-0.12769050157097395,0.33430424385333124,0.3893879685129553,0.5693424220831783,0.41714661053743024,0.5237400503666576,0.03619778723130581,0.49315838383614075,0.6634342946101919,0.6251330324921293,0.38566273339858353,0.20129892120523846,0.4089240115950999,-0.0058710104256974325,-0.09544052873722805,0.052865909458180406,0.1475519553647982,0.32463147705304546,0.4425863069964153,0.3447939816266387,-0.22881089960265857,0.5127230229744161,0.10640484625358686,-0.14080494233900961,0.6892594334589267,0.676928573474116,0.43520082414228256,0.7434443065605211,-0.13863343967811678,0.27973589577665414,0.3331830216063236,0.31256407094983263,0.48229618902190463,0.5462123958668597,0.5529194444613889,0.5960088926014926,0.1425063811320534,0.4011553363450451,0.3191562605376413,0.2698273233217567,0.5517518228511704,0.06602974105490557,0.4405860732194385,-0.05761838558737851,0.32842724796988304,-0.1302621584111759,0.2585000121765028,0.40815648761832424,-0.021305858545639215,-0.20283529631677533,0.14586746814620086,0.13351591145573707,0.4629464170018112,0.24185422583791777,0.4827274215156566,0.3686250468659628,0.14874455937771508,0.13611019032072955,0.4274039577707936,0.13662226007162023,-0.20173667395747946,-0.005432940147310738,-0.00015570211082343373,-0.11263303398720406,0.02422772333045143,0.03898720967835071,0.33988975873543725,0.1437792749678949,0.28641387232568394,0.3145945189720496
0.39583892490909217,0.70968895668724,0.5026397445658002,1.0000000000000002,0.6358176227552316,0.39790877717198797,0.55466038571093,0.6386355920513503,0.41742564446921687,0.46697112546957636,0.252864708780903,0.3089767212164644,0.22095033683975018,0.10002793554486351,0.19574113206383845,0.6552814447957102,0.20258773600043767,0.272066619708778,0.28230636244543633,0.31511141585002406,0.2146607225262704,0.29117274538380106,0.15212262661123313,0.2956467467496631,-0.127253656837776,0.07957828897685446,0.03207686926584852,-0.1417241965837475,0.30082574713457166,0.10581043910105371,-0.18961909354603307,0.28296679411160675,0.42780621909918604,0.16221090091507495,0.13962089693998836,0.24108353180644632,0.07440239017090035,0.35156864287576,0.34837871537219434,0.3916401947904067,0.22906360292032074,0.03931358550695225,0.20436815748283774,0.02707515525164652,-0.05410222050810236,0.04292706851305248,-0.017858626135499062,0.1436609066043384,0.21845814155432886,0.1781536661650304,-0.0737964560391803,0.4962931860230934,0.1881893259236116,0.3274074876015333,0.5343612176701804,0.4130898232912773,0.23738257465577667,0.47110419959982447,-0.09359290557648882,0.1722534496950632,0.24422970969225263,0.1806189434202637,0.26162135970969785,0.2726100889822235,0.38947139443633505,0.23970573998468458,0.12080990001618787,0.26698216392997276,0.28771096658024653,0.20083760640305248,0.2124871749809451,0.07610662227128091,0.2647432178577322,-0.04101469708373599,0.24807020539656627,-0.11780405392117867,0.2086109211610425,0.16399047266623873,-0.04211639641601999,-0.1815367935154761,0.11969448892020312,0.0927008488516281,0.3969939367261486,0.2340818591634149,0.3990714335472269,0.5211158223233087,0.14490245683633782,0.1509385186878085,0.284497713611018,0.11339183119751119,-0.19080282717136804,-0.06004795044881647,-0.0029264124220170344,-0.05182937326556791,0.10529221081098042,0.17289134257732577,0.3671285678045258,0.2771079082407504,0.12372505229881131,0.19218797574272803
0.19685067183916968,0.47959381014782315,0.3055900490337502,0.6358176227552316,0.9999999999999998,0.44053160917352974,0.1307394778911879,0.38939974279107503,0.30947359494792437,0.11607101641975491,0.10814431324659576,0.14586029685954746,0.0874933647787128,0.09527242936178741,0.21410846314770493,0.19501223956313085,0.03751617846212601,0.22198398508668696,0.09367179801149941,0.41289452358779755,0.21041960909269897,0.027269281348025365,0.02690468490929102,0.05350826733502572,-0.44941097677978575,-0.22343820516066534,0.1753159612599126,0.1650877168628687,0.333203658293694,0.21366166719942467,0.10826909725434553,0.32500862388378604,-0.034626240887362436,0.2725112805682592,0.18015307385646573,0.43270274265635406,0.4336633585931533,-0.0722880830478803,0.14640544088907897,0.04099670620183378,0.43127917940372124,0.1853459032947407,0.38125092702354113,0.13972595308860017,0.03431921061802675,0.23526630539424864,0.3923353414965768,0.04723731159466595,0.3731482609775136,0.3926735995285905,0.2509401342983323,0.6424995378213566,0.5873785860469501,0.6878034962907302,0.6099147409266611,0.440670942856301,0.47335689536204173,0.5391482348769918,0.33421816161438894,0.13773444121281958,0.16963308355432136,0.2761785631163672,0.10534973466296943,0.03424144808841472,0.3771453498974879,0.22969697938675945,0.4622431428673404,0.3252996264545412,0.384934442507135,0.5180638484627165,0.3766456896087148,0.285810795474408,0.23922849655837877,0.192653268892727,0.17516283685843778,-0.07626637291521188,0.4331406266391208,0.192047151456268,0.30867673096328235,0.29544309427047527,0.20761935643023183,0.508777178776197,0.36802225851720405,0.05921074398526473,0.10031161573015546,0.5318733608970574,0.40936042894591035,0.19508882851009182,0.5076450109531913,0.5297593406358424,0.35838803926093904,0.41261477083845133,0.21159083804635376,0.13463809873078234,0.43495824355345425,0.2626128126077617,0.39993790163535203,0.43617184167391954,0.24472546114399718,0.4289161983526424
0.4212116274331367,0.7374470254297373,0.8014679606809463,0.39790877717198797,0.44053160917352974,0.9999999999999999,0.5605659277628958,0.7027145749439253,0.743524131937631,0.488077100766543,0.5900630307156575,0.44012152641270486,0.45968118819052056,0.511494805529956,0.6489631921463476,0.4981652099439346,0.3376320416943253,0.6272899443259807,0.5328385703806782,0.7303804529113098,0.5797845323382603,0.29832198076855293,0.39591568931780186,0.3508352156074369,-0.09112213714032183,0.16272247372211007,0.186005697296543,-0.06598100128768179,0.5621555150003348,0.3462264388139765,-0.01737639146865716,0.3127822217267034,0.2461810075818094,0.5867360974837182,0.3711745823175408,0.7131772355187624,0.2171061478014277,0.3112984485733968,0.5246325736540739,0.4545041165179633,0.45277574516000796,0.18932108246122914,0.29120276274034185,0.01458175695493319,-0.06443151462284856,0.07482939649234772,0.291136163114612,0.2026142407136891,0.688442967632187,0.5190744955116041,0.07866476383695319,0.6689027216174289,0.39270443449768294,0.10837293965327821,0.8658125450267424,0.8673822271333739,0.5728349341050333,0.7680044894108892,0.13337033324978947,0.3531065306253157,0.39845865095216043,0.41113849500610455,0.3828115117658862,0.45856230032898726,0.5835135236833238,0.6226339329589204,0.45363427142257634,0.40883785419172924,0.408286532382751,0.4969918653686,0.6213144270318058,0.2173634229216318,0.5013971274133255,0.2461393265004175,0.35259546998533375,0.04473547340995146,0.3120088512287832,0.41087353769319407,-0.00547394242639164,0.03419309121853457,0.2206360182699735,0.35764950096627496,0.36298019459925435,0.22875659576866345,0.3670214227386188,0.44326661358939656,0.25034993412507023,0.12471128277636469,0.645507390085292,0.3530464813780198,0.12396507144416424,0.23333018775722597,0.30390973801243265,-0.001339407600292004,0.18516024587137908,0.0769331723915026,0.29734069209922953,0.22257965027768414,0.5120098255411215,0.46175104235988806
0.39854506519843835,0.7869142585977099,0.771004209872184,0.55466038571093,0.1307394778911879,0.5605659277628958,0.9999999999999998,0.8255753775765738,0.6431951183237213,0.7840752144520782,0.5986004053011912,0.6327326208525085,0.615530921537979,0.39727383658723014,0.44223183220206486,0.8870720052271058,0.6786739827537779,0.6428847569490825,0.665991379778837,0.4436580432527448,0.4819341389726361,0.7199430906908113,0.5776418456045024,0.7301310583457413,0.238652712960332,0.48862460889166015,0.09250108721061517,-0.3841957826030463,0.45476656835034784,0.21277922870571855,-0.33675365033035476,0.19575750219216512,0.6531096877064484,0.4520108388873642,0.2555549743654877,0.14852000868610477,-0.26290543411864337,0.752212960363085,0.7463058422318648,0.8803280228874452,0.3133456550545722,0.13966174180647034,0.2753176609499109,-0.0726561215044882,-0.1898540835557609,-0.060501862674738324,-0.0787863291083994,0.3895042428234577,0.16780697133091227,0.07252687161177716,-0.4431815197915223,0.21685205311757488,-0.20818189248509186,-0.3771988370402317,0.4377216326268114,0.4198512688969132,0.12886778975232452,0.4515455058577615,-0.4702994387387877,0.17282433613505319,0.26324434036295224,0.20521374277489052,0.3628885527658583,0.4958362209858257,0.3580956896892785,0.4186259664393276,-0.10912281883805414,0.19272412444193268,0.1586964200842392,0.014975921934507207,0.3249468691631598,-0.11714567590602133,0.22586394784815542,-0.21095817310344872,0.23488192447711162,-0.1864836430390061,0.05849989477024331,0.2149994309434589,-0.15602436672441208,-0.555992074834633,-0.003008178365300998,-0.10763327897945921,0.47972211725195896,0.1553287135797271,0.5528582808897962,0.33033131667017956,-0.062340455711894206,-0.023960473193800583,0.14923010481037507,-0.15191892357136053,-0.5649305799389162,-0.40899446167506326,-0.20090138601347018,-0.23052133241519435,-0.3604510860650964,-0.05805479133108777,0.2990443900042794,-0.017644883336356866,0.05811163415999939,0.07864198270998905
0.2711825638340257,0.8856036073883795,0.8506225508057951,0.6386355920513503,0.38939974279107503,0.7027145749439253,0.8255753775765738,1.0000000000000002,0.8384796792678219,0.5643822094865185,0.61388178470594,0.5656252816741527,0.60180621477444,0.5575898389319975,0.5824696326539055,0.7116631073006641,0.6089579247958133,0.7613426219709637,0.6925926631052254,0.6081938706137211,0.5750026803632698,0.4918123099749261,0.5119461825535369,0.5693384430410968,-0.062487537481456155,0.28038615139184,0.0941285469239564,-0.3033032090470835,0.5088646065868826,0.23207018003100469,-0.0719400907006029,0.4130509065119077,0.3191784215562281,0.5032241380107461,0.2225805109414623,0.4012354164070549,-0.13975801588482017,0.46561027584950027,0.5807443890724656,0.6312219676740354,0.31716690993363605,0.20736936502807418,0.2715356063744992,-0.15836094486470279,-0.3101756339428409,-0.09317292074292902,0.0883402745962219,0.20229671925136933,0.2928005751992976,0.19446506624663676,-0.18996703701511708,0.513856878079364,0.13421951548081376,-0.06544263009190118,0.5816000470181673,0.6168884261711566,0.5565553650782584,0.7927306650606544,-0.17792222689137466,0.24351792140969494,0.39537954611767195,0.4168958518896588,0.46716888106360605,0.4790328375796922,0.5073010866633142,0.5789922613836096,0.1939885586463737,0.39514780325941484,0.2931742980175024,0.3169844624915378,0.5130296159516774,0.06973298315467748,0.32832796384842394,-0.004743218869438481,0.33719585852294676,-0.1500279654505555,0.21597657971322673,0.32190490783418513,0.004250341066299727,-0.24790016975462387,0.0811908878508373,0.13399174469322478,0.5620119977841087,0.0903740452983739,0.4449117806588159,0.34075261183975314,0.02466813755750105,-0.054964393477367916,0.3963490270092927,0.14759401035383451,-0.20395371582843827,-0.02870143780208648,0.02621657911576963,-0.07575958421496283,-0.0436115793935481,-0.12435065251624357,0.24556290350263324,0.08918838244997164,0.11996444025238322,0.22560801812311784
0.2839015037430198,0.759868013314687,0.8422953293763594,0.41742564446921687,0.30947359494792437,0.743524131937631,0.6431951183237213,0.8384796792678219,0.999999999999999,0.5244062439285407,0.712241351620632,0.5375666627832971,0.6421805807230321,0.748127770449374,0.7785879587035233,0.5166998526437087,0.6034307970962709,0.7710841239431189,0.7421875397349436,0.7375261193649866,0.6963371510204891,0.5382794718254402,0.6461696542165143,0.4559682517992905,-0.15923330023968835,0.28896021064032157,0.21793592481579752,-0.09522098424022675,0.6435555419668878,0.3937428436656628,0.09409951469125177,0.38661841579843687,0.21989965590380053,0.6572461911617464,0.436599034985453,0.6174757181344324,0.13578036633463092,0.3713551760919276,0.5867584098247747,0.5167736120593677,0.37577242972057895,0.3289823026232038,0.39326989640892074,0.012990074508722726,-0.1645323602515514,0.1058524608625161,0.3068727226544838,0.2916356417606482,0.41262477072118514,0.43782557112351217,-0.11450735155581952,0.4844629231107621,0.22559125175050218,-0.11822117201972368,0.5976366853754378,0.667132239977851,0.615873420379572,0.8524966572361997,0.1019697647934581,0.4261889668753248,0.4776122347379955,0.5024446180212777,0.6256370514803284,0.5846204365384546,0.6183492899917336,0.7145248716919053,0.32742660859783007,0.552083652286626,0.43690374340662685,0.4499607905269618,0.6370111374715257,0.3190510983312261,0.5124869966478226,0.17565095688192917,0.4038371713092546,-0.0038501764221898147,0.3424392306255229,0.44931459380663424,0.14093068676042347,-0.06531924152705079,0.26649206031132894,0.3595046108005555,0.5677636296614099,0.14225623242346025,0.38967879338524297,0.3788911379325588,0.23428996553415232,0.13977415306122645,0.5531353046825112,0.37969738470302394,0.018412687326221706,0.2148512325950716,0.2342722011952514,0.10588402084818642,0.1406192017535518,0.03768597415403212,0.2977224771777789,0.26403767112421,0.18109383555777575,0.37456800917467875
0.4050965786108656,0.5688239229674646,0.6086389731835063,0.46697112546957636,0.11607101641975491,0.488077100766543,0.7840752144520782,0.5643822094865185,0.5244062439285407,1.0000000000000002,0.6022629013845737,0.6824929487252283,0.5361597100990884,0.33877298908261255,0.4157431489869466,0.7464686914786266,0.6090050038940804,0.5127506091541923,0.5956931653648028,0.40948434487479374,0.4718528821811625,0.7243388329614401,0.5204101891571784,0.7570756103102223,0.4226314720793347,0.6113490261512068,0.0732593094690787,-0.19328062635115462,0.5572584234916843,0.2768752794738339,-0.309607515013816,0.13493981408016872,0.7314165896393506,0.5364638960649477,0.35079150602215126,0.24098551886205247,0.008853271695682922,0.8133117934338799,0.7958032856770788,0.8686462278089295,0.38167431341168706,0.1698218258708826,0.3470744049341552,0.06982080167247871,-0.043287125687495855,-0.015233431125365316,-0.055217551609679935,0.35506133739521273,0.3083522795444976,0.2560716353681786,-0.5073243448298893,0.016400126931434656,-0.32470453094621093,-0.4394389119123447,0.39727993338792505,0.27405368578702544,-0.08191598201607518,0.2886868780865773,-0.30898547848555263,0.24020976064203436,0.2767380732074413,0.10594702778245714,0.2846483155255992,0.5074948760290394,0.3355511742779614,0.35288576375517094,-0.15558183166433867,0.15989642871753465,0.23646504375827268,0.04030290951069333,0.24574621182211145,-0.10085144796640286,0.2647189799604134,-0.09509191613550441,0.23917978432515438,-0.06050558500980674,0.193677017701398,0.21122281321051287,-0.17596798786297085,-0.4828303258853747,0.08272025516490622,-0.08450102232697318,0.293894936320397,0.2662968337913537,0.596938730179471,0.3582942996629791,0.1742113259930647,0.14736785341310138,0.21394390564105278,-0.09031095337226167,-0.5534009608819609,-0.35722633597380454,-0.09070823531805441,-0.05729464368751089,-0.2628799734152883,0.10744795039389124,0.30522292866728845,-0.02148850149927919,0.19040290291519255,0.2443359004686378
0.3186415645399579,0.6483683542363556,0.7396672997352091,0.252864708780903,0.10814431324659576,0.5900630307156575,0.5986004053011912,0.61388178470594,0.712241351620632,0.6022629013845737,1.0000000000000002,0.7339527975929832,0.5783312862969057,0.6023407463618696,0.5463413501287259,0.5652740148635755,0.5988645262288202,0.6024005441129937,0.682684316519587,0.6010768800528431,0.6635276533695764,0.6179467063095925,0.6024848839692022,0.5816936373365861,0.05119412725287083,0.4851653695528456,0.394795608533562,-0.08030022338918356,0.5740520691673863,0.4018003097100254,-0.17316169902027484,0.2187717457851785,0.385446640451727,0.5984993379585187,0.5148391624444035,0.4772878980041258,0.13042502264264416,0.44440842585061463,0.6556577496413611,0.5833494355845085,0.39133527926163975,0.2247765649016901,0.3899478743452711,0.14618882295935667,0.07748767998474303,0.15899078564289715,0.15572291050514525,0.36534084351828733,0.38012067379571585,0.40791279301257216,-0.19511220630530252,0.23485151675607494,-0.043090833035430993,-0.29656835532608206,0.43542260417905065,0.4271155921591882,0.2286279666507507,0.5336267282207031,-0.10689272435269205,0.26411174061646153,0.21059498923105224,0.0900986992781356,0.36344189059311915,0.4833737603354114,0.43469978493757244,0.45193266082695416,-0.03858562577973349,0.26304156322498995,0.2857706066019071,0.16297159819987075,0.4036604060454873,0.037043062806072516,0.3506008291066145,-0.10075688751324768,0.09514232060762907,-0.1217450996249887,0.24520091954473544,0.29076400966760124,-0.13428949998826945,-0.19549889667750442,0.035417234619885656,0.11881949661783867,0.277080004159962,0.22128006756497345,0.38463099949049145,0.25499553233945327,0.2776141136787243,0.16965425400669512,0.3985205142013052,0.09309667810832788,-0.21521103690686205,-0.06278108547569537,-0.102348101511418,-0.12734144198323236,-0.147101560559028,0.11619110587530215,0.3943480732683177,0.17463636589775128,0.2195623649631928,0.3351035198053264
0.023533197761271413,0.5441338480454457,0.5711206535665165,0.3089767212164644,0.14586029685954746,0.44012152641270486,0.6327326208525085,0.5656252816741527,0.5375666627832971,0.6824929487252283,0.7339527975929832,1.0000000000000002,0.7358419868442106,0.49688485163490925,0.35942333261026216,0.5150624832235723,0.8142419819185595,0.6435647507331302,0.6954041499484354,0.42675732932749094,0.48771938688367944,0.6453729427330256,0.4935759252555045,0.8267184290372771,0.1411834882052915,0.6766466578784981,0.2245196458043736,-0.29292407441135015,0.4591696337067434,0.16299776979241543,-0.36156787253170125,0.26858346094667,0.3319313744409509,0.6885435609734187,0.42297757205831693,0.20100277451214973,-0.10419221656025515,0.427189713344351,0.656915372532235,0.6926633417484639,0.364222836109436,0.08826513662319696,0.27188788591097063,-0.12903134252631157,-0.1583339643042452,-0.16920521264276903,0.0686019282702494,0.20672448947467573,0.12019171357919863,0.16427717864657812,-0.4346390252778137,0.007628507020787342,-0.2547424516812906,-0.3626992468441141,0.29448687377075333,0.22378412894696897,0.05191305386973628,0.3245541673580435,-0.24232004644276683,0.08360856724224697,0.17221916714347404,0.18329044400152708,0.176417403826214,0.3424629880799448,0.21835003091055777,0.3258936138708592,-0.19049355131240106,0.09477941765735731,0.07454817869240268,0.03995733627803422,0.18381623153429796,-0.2332420010138097,0.06074358346316427,-0.1797688175760961,0.07301464063965063,-0.24520740812926087,0.15799814743032042,0.15868324364018957,-0.2168624582429385,-0.3458169273900682,-0.076120921247307,-0.1004877427770041,0.21591278659669677,0.0128916124295761,0.39710576879070403,0.05475276908738466,0.08043014942108931,-0.07302155213054343,0.13853204224667534,-0.06616370175948467,-0.42661474418220313,-0.2468105406157137,-0.20467498963509878,-0.1883002693007358,-0.3318542162696209,-0.17702808860554287,0.1481379018469798,-0.16938872249660508,-0.04101047550977872,0.15790529899782368
-0.05574931859845667,0.5704658910976587,0.5613827319830192,0.22095033683975018,0.0874933647787128,0.45968118819052056,0.615530921537979,0.60180621477444,0.6421805807230321,0.5361597100990884,0.5783312862969057,0.7358419868442106,0.9999999999999999,0.6721783115202461,0.5643244580432946,0.4115757056076336,0.8320854294414131,0.6719726004641274,0.7551151700757602,0.4429316576826748,0.4431679446228311,0.6689736112754323,0.5578017572059799,0.5929428328148936,-0.031256345451950295,0.4846628992902963,0.12809708076511162,-0.3210724628367114,0.43647481749442846,0.19382098165513167,-0.08703120383127243,0.26705558482438496,0.19646146113288918,0.6224827575834632,0.3111002808679674,0.1698328343239507,-0.23276837036036443,0.41991257051316233,0.6558711439018472,0.6279578268560485,0.2825503467750757,0.20095814012997673,0.27657099030781657,-0.23087674926139795,-0.3645892121469191,-0.2267447081054488,0.2303850793907948,0.22849475085760113,0.0334273634239459,0.10905202027966979,-0.4388673175242662,0.06119409444658946,-0.14704415020861014,-0.3190494891998825,0.19966062986408742,0.36338933973464593,0.21329619017097698,0.3990354653571488,-0.22308877449315714,0.1429953035010815,0.40620434149460627,0.6300888309927544,0.5042031827815701,0.5251296686832062,0.33464028934066287,0.5747310227999756,-0.034832657940619925,0.3490060330638952,0.08708346643807639,0.1294253101166642,0.3358525123636219,0.03956325456667423,0.13470716793756238,-0.051392029247815545,0.19314553000658125,-0.2424955724192161,0.10775671196030567,0.2588255406723167,0.023578894442997704,-0.336261536998031,-0.078159414174807,0.035527479758347816,0.5172018516671144,-0.18906670509431303,0.27968242068777766,0.14409916413114682,-0.013147649118162127,-0.15658450023558382,0.14976592466202265,0.019060995014571164,-0.3087246314472371,-0.0854029150243479,-0.01834209050147821,-0.09100602555558696,-0.30645450672191205,-0.2562025250916436,0.02063567486147335,-0.08744005102373764,-0.14533014118073326,0.08693954218593988
0.060865105497436005,0.4860204194363088,0.559960769077811,0.10002793554486351,0.09527242936178741,0.511494805529956,0.39727383658723014,0.5575898389319975,0.748127770449374,0.33877298908261255,0.6023407463618696,0.49688485163490925,0.6721783115202461,0.9999999999999996,0.8437638036435935,0.24065342424090494,0.6396448360550666,0.6760994763435424,0.8552338743952439,0.6092708519452473,0.7800363291581214,0.4276342740249547,0.6557600413231007,0.40021301114017616,-0.17017082516064438,0.32785157322930564,0.21993635548377857,-0.09116087763603838,0.5726941260188176,0.47139699877072305,0.18233777288048575,0.2847267170606968,0.012124428295619154,0.6623104546469418,0.35912260097195237,0.38610858970442047,-0.02361429047481747,0.24808780129509078,0.4398959330307393,0.3247946727591094,0.15396727793337375,0.22763725986428565,0.15085221793339934,-0.17000446558263435,-0.29627227997137295,-0.08480131956059717,0.29079885105899617,0.17545214202797443,0.25713431940487275,0.31119962988256716,-0.04913336329881755,0.2856335983422393,0.20841194276932387,-0.16604752194059907,0.30150676247387415,0.5365179034299074,0.511755261143504,0.5503609596766961,0.18249838733371473,0.3916114732237764,0.5162553837064551,0.5884994057117163,0.6752924275187807,0.6691409621843627,0.6277403962778174,0.8045177909825147,0.31439180190619836,0.6177855731944841,0.3979193593399946,0.3703785065203392,0.6663947379097294,0.36918217370914713,0.5083738524533254,0.185404957270247,0.33706283605486254,0.02626388764864335,0.3895420528125947,0.5368228701864621,0.18126691176474422,0.001465292900421081,0.1308124376967773,0.21874088838749373,0.45762881451148957,-0.0996697899696654,0.12133339370839279,0.18420777070017544,0.08360691504534414,-0.013480357570516613,0.40618219210767803,0.2951716872320087,0.11338745404239066,0.31329095329387574,0.2340004371004989,0.16346658783548917,0.051143544906194,-0.132025920316858,0.03925379889022745,0.18566425448077462,0.033664797418919576,0.27118603834528004
0.2885433838904271,0.5566917980467144,0.6452573717683058,0.19574113206383845,0.21410846314770493,0.6489631921463476,0.44223183220206486,0.5824696326539055,0.7785879587035233,0.4157431489869466,0.5463413501287259,0.35942333261026216,0.5643244580432946,0.8437638036435935,1.0000000000000007,0.30386659282253087,0.49269671391896247,0.6676700634575361,0.7451205395897601,0.74330383614819,0.8205473417174434,0.4382636055980738,0.7026642855516287,0.3470315848384673,-0.13305893585725037,0.2572799857663806,0.2243365067764275,0.07344314535443298,0.7064012143992424,0.6403745163098713,0.2500794837201918,0.2879163872824911,0.13055748922487329,0.6344367264611315,0.3958932265568576,0.5283310827081507,0.16634300848635097,0.3221908157546805,0.48234387471282625,0.36103343853610587,0.2697063675125574,0.3869681112882018,0.2840703204717931,-0.013199385282850282,-0.19504654638409102,0.05082897440245598,0.3780933230506663,0.20833270055936087,0.3780151827297395,0.46364449110770095,-0.012480887935759973,0.43399436434258976,0.2993839256250439,-0.06412133357698271,0.49866605905800715,0.6742685246493568,0.5678112977453171,0.624119947960967,0.26053075413121257,0.5372250575925432,0.6242427235887633,0.593172281947576,0.7664108528052737,0.7572222964360675,0.781967199454067,0.9481326875716544,0.4277046020643328,0.7091003951249172,0.5835455465218956,0.5290697901588922,0.829178650796957,0.47180226403584935,0.6832882098904492,0.30639887812085165,0.5148610198419818,0.21603819217513234,0.4989665122151587,0.7241654043188518,0.2948330647106594,0.037287865070241,0.3364686903975694,0.38572386116409996,0.5080268970178932,0.05529489222662095,0.2884950207015866,0.44167927744492835,0.2549574406626189,0.21071738654827385,0.5643639610016884,0.44745952179793336,0.1942550826736876,0.34844191735087543,0.3791833954222434,0.3235237777565389,0.24521432830882972,0.054143616558351385,0.21419457969012687,0.32934990145855847,0.1618799535222736,0.4178443572128574
0.6289603155962564,0.8060836438837915,0.6860950475666822,0.6552814447957102,0.19501223956313085,0.4981652099439346,0.8870720052271058,0.7116631073006641,0.5166998526437087,0.7464686914786266,0.5652740148635755,0.5150624832235723,0.4115757056076336,0.24065342424090494,0.30386659282253087,1.0000000000000002,0.4926531846718992,0.4918140943521168,0.5234883654824113,0.410810504340496,0.4107455234287577,0.6598289324183938,0.4966858360144764,0.598721024063338,0.22490575347008465,0.42924056536291716,0.17632071151150536,-0.275449668965619,0.39486220537735023,0.2301532463099989,-0.31124764245832864,0.09727643081093838,0.8123721673376109,0.321069054005035,0.2658150003806105,0.19722478308390837,-0.13915276282170186,0.7105794946983417,0.6110207606744446,0.7845750399702197,0.23386191495860026,0.04038637151873808,0.21152995359581434,0.04384659332499948,-0.006728333107319257,0.05532778682686084,-0.16353335294040441,0.38084690341364913,0.25186237391463745,0.1330545320319206,-0.2656010751699713,0.3002761051041399,-0.13502403290575396,-0.23725352607614847,0.4769111513194495,0.37719720880786406,0.03492060576869323,0.3610769920789932,-0.39211076435572306,0.20843211153985786,0.24933187975918547,0.025407276860100834,0.302174172036799,0.456500402349922,0.3639823921094822,0.2821992378794279,-0.1522390865456322,0.15461204021541175,0.2495306407259032,0.018218237272920327,0.23119358549496555,-0.07134328083775146,0.323724292333465,-0.20821984101171878,0.1881685260811888,-0.08652572906869842,0.054340875263936536,0.1891813379074444,-0.15694149563204823,-0.5180075502993977,0.043372128414655646,-0.08157308440240343,0.3343984941211206,0.3427574863892516,0.6416732201699396,0.4730893502175212,0.03171903142874538,0.10540351278385582,0.20417933300936342,-0.12636241659598316,-0.5160694832330075,-0.4343861601959564,-0.18937091625876631,-0.28528274965684275,-0.30388050579322695,0.09522632959574819,0.4519300121833542,0.1277663470205123,0.18621608651533583,0.13638301483781087
-0.024442616520338238,0.5072580066251783,0.5482960712083538,0.20258773600043767,0.03751617846212601,0.3376320416943253,0.6786739827537779,0.6089579247958133,0.6034307970962709,0.6090050038940804,0.5988645262288202,0.8142419819185595,0.8320854294414131,0.6396448360550666,0.49269671391896247,0.4926531846718992,0.9999999999999999,0.7289132759248181,0.819102147032206,0.4331772325321182,0.5259675560268937,0.7059222429880638,0.6489792379747866,0.8134251258405578,0.06144343832510274,0.5503979151922437,0.1484242658316169,-0.272101156598282,0.5318392601567827,0.2055951786628909,-0.17136370075014798,0.22145703101219016,0.30119220023275217,0.7207214878855956,0.30917174816720033,0.1116589161382001,-0.18567874205222504,0.4698863029951162,0.6061452136359896,0.6650895753119571,0.26601268340231576,0.1358029300365209,0.23241918651538196,-0.20882171845411368,-0.3329890513753716,-0.23007568964399658,0.09091322207163156,0.2718569416273185,-0.04936322651438029,0.07427522326245874,-0.5366410584541935,-0.06580842583867713,-0.29429107193725235,-0.4571561292961481,0.17371544844823988,0.15764450375674377,0.0714686184903036,0.31047006373376757,-0.2945003729662037,0.12422865638172778,0.30177324926892,0.36844311072050073,0.4088073814856105,0.4380497538959701,0.2624245972658247,0.4591983302049307,-0.19258875461672875,0.26492575295368676,0.1410879137937502,0.06327482428868526,0.3235700432828839,-0.09568492626607097,0.061171496803119695,-0.18514733018686275,0.2047826204582334,-0.2373199383176956,0.20025088329015586,0.23262347755660864,0.021866255592404394,-0.4451901252486888,-0.06619175430831695,-0.02273936817748157,0.47728254542736964,-0.10318851908888849,0.32006489885044154,0.06925547231273163,0.048469602422199956,-0.14351893549668615,0.10618143631663833,-0.045199927182508905,-0.4271947350913894,-0.21955483645095417,-0.2021168381515855,-0.1536104951703996,-0.4046127061157723,-0.24452899331647465,0.061025095782818436,-0.1559123228048132,-0.17890055127766974,0.12433161058106429
0.2062119923170399,0.6281538655859931,0.6561956563089792,0.272066619708778,0.22198398508668696,0.6272899443259807,0.6428847569490825,0.7613426219709637,0.7710841239431189,0.5127506091541923,0.6024005441129937,0.6435647507331302,0.6719726004641274,0.6760994763435424,0.6676700634575361,0.4918140943521168,0.7289132759248181,0.9999999999999994,0.769235060268711,0.7831160134092142,0.7708110793075559,0.5221869228687915,0.6964198832291247,0.6121812080801006,-0.047105328042077316,0.3757096548108259,0.19930999140359953,-0.15661521890747868,0.675579932041872,0.2747484287336799,-0.04680646103625934,0.2752016165581797,0.22025928595135336,0.7863079290833307,0.3354050333938456,0.4378040446205757,-0.00016920092521541415,0.33848422317114857,0.5248933551425617,0.534295675257171,0.2892623688003341,0.16034845563838826,0.19437908295542355,-0.13155223617149198,-0.18935063599687035,-0.14264739735657575,0.14787509362104898,0.2033518423614883,0.237732220205214,0.24673792735525377,-0.19535125053420993,0.26754387689559256,0.051325564721368205,-0.22321039048964175,0.430161784510361,0.4538555130212741,0.4815443262324758,0.6190588028591549,-0.010671509765406387,0.2945537086994381,0.37800789432054094,0.4222259528462517,0.46097517186689624,0.46336236463901076,0.49260795315427325,0.622177193975078,0.17329648538036968,0.37683513878104974,0.4114111374053412,0.5343250167258985,0.596553438808671,0.10530177055605579,0.4010103424510836,0.10431925906612703,0.3180572993137743,-0.05182128712335722,0.3764601710616639,0.4041565046125116,0.034985330055069846,-0.23727398707807976,0.19444207938838784,0.22989125549695208,0.3747198828972065,0.03822492518860795,0.41337518406546986,0.23968875079777482,0.17729383566989967,0.017067388205793167,0.4785225198519997,0.2752454801524598,-0.0979527841129266,0.0016577407651554871,0.09565644927060293,-0.03771154092148799,-0.09572441727845493,-0.12967602958114668,0.19511245823214546,0.016623370196093345,0.082194962019717,0.28450202688942117
0.1481180239558269,0.6260910595369205,0.6718343646235647,0.28230636244543633,0.09367179801149941,0.5328385703806782,0.665991379778837,0.6925926631052254,0.7421875397349436,0.5956931653648028,0.682684316519587,0.6954041499484354,0.7551151700757602,0.8552338743952439,0.7451205395897601,0.5234883654824113,0.819102147032206,0.769235060268711,1.0,0.6159919232736193,0.7505023857862123,0.630919606186901,0.6918512395839768,0.6480259140125114,-0.015135316913057563,0.47058552406379933,0.17928458453359356,-0.2506804790430503,0.6425995585481671,0.36264890240855674,0.010905161239778438,0.24774299910652592,0.26883092310314105,0.761073703104435,0.39550289182275483,0.3233128560560268,-0.09182373122058064,0.4497792850731609,0.5858218282018454,0.6058510606287091,0.22973746631982336,0.15977992498698565,0.2155245123577736,-0.1397355927514992,-0.27358509640714074,-0.1681298593082742,0.12292133505747838,0.2633826426878843,0.1816902001471129,0.24255902549695826,-0.2848078792650496,0.20318612733656305,-0.01809406977631857,-0.2915685327890807,0.36054044576850613,0.4646163471234087,0.3245565218973606,0.49549811225694057,-0.03081255314471493,0.38450567675159725,0.505568071288348,0.5012659703548834,0.5889169921717661,0.6946576426902262,0.5986618895030956,0.7328368582734545,0.10697213133618431,0.5363002654994191,0.3909967947934281,0.3171894427525387,0.5872096438406246,0.16440506085183926,0.4280475344440334,0.0453795972441138,0.3626300451296377,-0.032932636053462166,0.32727178043591365,0.45377159614590046,0.0995857930537365,-0.2992967814243713,0.10162302891229834,0.14596205636319304,0.5110995579785297,0.0432865958614752,0.3346977496168631,0.27093566033962047,0.11804905147348106,-0.033535684480715824,0.3577977799592413,0.17361181066080802,-0.18673564607785625,0.006251473860998765,0.08051148686283664,0.009289051758182319,-0.1412303370772036,-0.08348707744694195,0.14092595904278624,0.0841401947542358,0.017736228822641625,0.2776675695852434
0.36433236201278546,0.6228687112774621,0.6144374134489352,0.31511141585002406,0.41289452358779755,0.7303804529113098,0.4436580432527448,0.6081938706137211,0.7375261193649866,0.40948434487479374,0.6010768800528431,0.42675732932749094,0.4429316576826748,0.6092708519452473,0.74330383614819,0.410810504340496,0.4331772325321182,0.7831160134092142,0.6159919232736193,1.0000000000000004,0.8139007695774304,0.42857156608468583,0.6103560656499093,0.3249762895802996,-0.1691584764520752,0.16652700202719653,0.3118244256066335,0.12254132399205324,0.7634687495218977,0.48163647639365875,0.10548213334943474,0.22505712201904132,0.21316883912184298,0.7037100925596794,0.42061022176422763,0.777441990719306,0.41681551180253334,0.23787711688165628,0.4508279822397245,0.3574640219199393,0.5027307053470116,0.31137789207951033,0.3500553361832252,0.1659559119915066,0.006946776239586788,0.15075307691083217,0.39502207502944736,0.2530351470684954,0.5756928352274429,0.6432044788540875,0.08347870417656962,0.5115831984655943,0.32289345346142434,0.06800155254914766,0.6458638286506498,0.6066091853453277,0.4871101983345196,0.6759510889988478,0.21936064473265185,0.3858776906226651,0.3985686839695859,0.3668077711720741,0.5017649065194737,0.4391840614221959,0.6329875805931131,0.659476293851436,0.39174078756108627,0.4835345309364409,0.614025936834371,0.6719786128972514,0.7384614823204014,0.3416696798957814,0.5660044066930912,0.24300068737246613,0.3124281120569994,0.07382101845521319,0.4971694530081721,0.4889534442278757,0.14838033592566535,-9.629055001037432e-05,0.31290083347637915,0.5578131879509917,0.44385700887823304,0.21058373559154292,0.38412956560643596,0.506195884999906,0.4861689188054819,0.3156785624960551,0.8138597093986953,0.5511528820161469,0.22324914136275048,0.24120058949778359,0.2833428214151949,0.0961707716191997,0.22083976750243095,0.2264588928306845,0.39569811125077736,0.3153121010925036,0.40251261897126267,0.6157179364046371
