0,1,2,3,4,5,6,7,8,9,10,11,12,13,14,15,16,17,18,19,20,21,22,23,24,25,26,27,28,29,30,31,32,33,34,35,36,37,38,39,40,41,42,43,44,45,46,47,48,49,50,51,52,53,54,55,56,57,58,59,60,61,62,63,64,65,66,67,68,69,70,71,72,73,74,75,76,77,78,79,80,81,82,83,84,85,86,87,88,89,90,91,92,93,94,95,96,97,98,99
1.0000000000000004,0.19936877743560172,0.03454272015697884,0.023395322242179162,0.059518462154751026,-0.03411640045411139,0.19241889868826453,0.2280132251171163,0.07401681308821577,0.01675518513970115,-0.09371466830014477,0.047447034382538014,0.09348383827224942,-0.0291295344132856,-0.11633358316351329,0.3962744821352715,0.06471961858988512,0.3557836193848942,0.044393657080566064,0.3536446565374869,0.09569842979951551,0.214106661522162,0.010505678394375887,-0.04870100160930138,-0.13133174991350635,-0.13153556637774824,-0.03137333080839252,-0.08842363189626909,-0.059744505315032316,-0.15374834634671417,0.32845475890629156,0.16826554830403778,0.32129572586121197,-0.030910396361509412,0.09118248317846211,0.11576805214258369,-0.027399111634138804,0.04198083849224903,-0.016512979457451834,-0.1365390007208958,0.12499451575955216,0.09854481460137073,0.12135152399455594,0.253515751057886,0.18204304885211237,0.1694582740426483,-0.026992205696903374,0.27301428642408027,0.3334668368264596,0.17992804120754907,0.43577361879651366,0.16643199598689457,0.3207840050162189,0.005565046475738675,0.10344900960542944,0.17062295157278493,0.2839642044945374,0.12887631521066795,-0.02274679759002566,0.0584356380841704,-0.027305464788603212,0.08693797087667747,-0.0691112744492703,0.04959194824252313,-0.15506453864622124,-0.1007108440246917,0.2501555161287376,0.11229289599601253,-0.21306024239024665,0.1963939411228729,0.09635502619295634,0.06484062462119311,-0.13248642618645914,-0.14604624949476155,-0.027084551098748865,-0.09862315095846472,0.05473336987196719,-0.16063272693472022,0.2877970704074645,0.17171908858713483,-0.10130566399631333,-0.14136621422474793,0.017073967550080293,-0.2504921991653058,-0.3386055232694203,-0.07417793071942447,0.015996644164290065,-0.20945746683555636,0.01688564441819396,-0.33569959211075273,0.17596731160773887,0.03297995050290882,-0.05997359356895885,0.12393439200792607,0.018514077310893697,0.12067536923563284,0.029905714818568855,-0.10110827897817791,0.45202375811961704,0.14206905484030616
0.19936877743560172,0.9999999999999999,0.4483213420224087,0.5672259627177294,0.5069665751394037,0.4321906188945484,0.5594301491372621,0.6256879151137572,0.3895978432494261,0.10731620512893307,-0.0861730221472828,0.12881456111060896,0.08416857753900524,0.18801665316613733,0.1040502553131933,0.4434218717213473,0.22899040918399446,0.4429699477373913,0.31201379008107616,0.25769450194924465,0.21096968081877449,0.17774252239016705,0.043658899720771055,0.004674218578532754,-0.0348561358387716,-0.04154022203107223,0.0037670932313053807,0.009035721225576806,0.1227343644463274,-0.023583632177875274,0.06479504245565108,0.1068796934822455,-0.028907934393603278,0.13682796125134328,0.09142157872285521,0.2997085017646092,0.2323206049594168,0.08558997531163451,0.10799334580331842,0.12600579230687625,0.006239549085923872,0.07024295999600642,-0.07218818615101452,0.12649197663883813,0.021028730873097104,0.10929299301231192,0.006624067508952845,0.06268668710896495,0.2670571002359813,0.12444938859362288,0.19244087601098514,0.6116575665138686,0.45933535060895436,0.6640197986667016,0.4419727307005464,0.18615169502267687,0.5944419822830947,0.5448837888369285,0.11651142665938449,0.12380331520417945,0.14580640617143226,0.054836544127122716,0.20658425637871367,0.18914106565435987,0.07185295458689134,0.13119588613022254,0.07329649295973477,0.3902388223274673,0.25586614944717534,0.39702389564425833,0.20466496889805533,0.38190971628012993,0.0944996377698677,0.03528429491312074,0.12492494464042629,-0.011334265250948076,0.22442812692953576,0.20542009790637764,-0.0553302840786987,0.005773251444954014,0.14023128975734356,-0.059253880267080936,0.030426498977152768,0.07872605869395222,-0.06545757649457158,0.11082412506849855,0.11337620505670441,0.04221154204592566,0.1298831814348683,-0.07319845904564098,0.12944342267617778,0.04627160771295015,0.13740491561406878,0.03254409298756559,-0.043211881566955004,0.039363158206957585,0.11628751713361977,-0.16808579334903434,0.11709472504873437,0.01750522050527213
0.03454272015697884,0.4483213420224087,0.9999999999999999,0.4134323408910072,0.2979232473822653,0.5068912851484325,0.653816175270157,0.5382525394365063,0.6739003353873925,0.24050803049911948,0.12435319983949875,0.36996832604994323,0.33219805343613684,0.40984960007626986,0.3232025091294585,0.3163046500678821,0.28833167304227025,0.33925729255300635,0.4921470583809239,0.2736985351529361,0.21734739232656805,0.1590745921916049,0.2779139207965499,0.2765116018618306,0.10869004190571016,0.28882997752085277,0.10863447596240589,-0.11091734491262711,-0.002809220246685537,0.056926992875771465,0.13637716910277628,0.17464918464495086,-0.09323325788095019,0.05982252872733854,0.1497496602583429,0.04624205884932301,-0.00997770833576067,-0.008754755165168748,0.05388936533992325,0.15768592184189542,0.08424036848853722,0.2219214488747151,0.14313602771636602,0.1079173831821739,0.03852018415284384,0.08142143836314922,0.10982771037488645,0.05473712378853869,0.3213058942802328,0.018809918627875604,0.1967903808832834,0.482416828238442,0.5207747008776755,0.4951355089754181,0.4959358620855683,0.5027871718450195,0.5366523105322263,0.6449512502557514,0.3693509615663718,0.3671750432656966,0.4040946350788659,0.3349119821059113,0.4881956679640028,0.4955811117661653,0.3929189808461984,0.44263192170166643,0.1378786622626643,0.5261208625887082,0.23467090041271732,0.3485815693579235,0.37754442919326947,0.3507498344053305,0.46380094404653455,0.22040419936906322,0.21527332331309798,0.25449119753329175,0.18773504970298702,0.22737514762848585,-0.006679347488206185,-0.10164695986468002,0.14207667884814906,-0.1993670510598488,-0.06599773950944178,0.039776627318514446,-0.020553147893917035,0.04515543413613649,0.004667562136354489,-0.08219026055769281,-0.034092509995455475,-0.12661879393005546,-0.024814403657101684,0.04127440368435638,0.09537183253463875,0.24011605657530904,-0.021051103429369496,-0.05607173636446998,-0.0058832331472270846,-0.06746080101847342,0.31076342227706466,-0.11131164186413846
0.023395322242179162,0.5672259627177294,0.4134323408910072,1.0000000000000002,0.5179260566070047,0.21353679577821885,0.45749377808009145,0.5590959518893752,0.3488335686363397,-0.040707601488615075,0.04389864416160573,0.09692203951889988,-0.011289018144392258,0.20200106609971322,0.1179323828426794,0.46469654092321244,0.048112056177186314,0.3300477987688916,0.21403190788097434,0.2066412324951463,0.09507858915448665,0.15797375211802636,0.13699521363073852,-0.16020667579091544,-0.06522557241137658,0.06926427172309083,0.282776961734685,0.1359663271697414,0.13012838631858753,-0.02228290486959638,0.22768703213979039,0.1440108949238402,0.08317792476041261,0.11245556017420393,0.1139445886441899,0.19394975772626968,0.07670711780324958,0.16112740052020047,0.2187578173947231,0.15995148127513437,0.05915401163684798,0.16006798306635608,0.207860215460525,0.2671064949113991,0.06095291131084913,0.2022265310791119,0.1666531193391782,0.11469301541333526,0.10104898479044072,0.05150299044159489,0.006787462708919979,0.36231053889940595,0.43085905747331904,0.7049607562669047,0.3094033391690144,0.3236291669940858,0.4693973080631677,0.4373777490119969,0.13398137159000262,0.18095466934532908,0.1126703572110072,-0.02576754443661536,0.11899480970536332,0.22785078359757324,0.07075090320741448,0.22720116398370016,0.17152813417572788,0.36354006399493494,0.23587844669068872,0.3283294971720683,0.21384896718852453,0.15916088787968236,0.1493386327391343,0.16460290077422207,-0.029047233828491194,0.07618958797033767,0.015744896753648152,0.19612422313468222,0.10455447303981609,-0.09362378220895481,0.018373503177782205,0.08456737140471685,0.2249903517544868,0.2135976652986237,0.13697896596546644,0.2044986167639154,0.10398577865888227,0.29870458668267086,0.12571645520197272,0.03484582598692243,0.13579211317808149,-0.08208947475314413,0.262100427349637,0.15869845405856312,0.19045552350539316,0.12591773887233143,0.2292960190330231,0.14987411481042673,0.16282340977265342,0.022812404234422042
0.059518462154751026,0.5069665751394037,0.2979232473822653,0.5179260566070047,1.0000000000000004,0.46471849570625706,0.29320958191660834,0.35649782617512893,0.13490550419403252,0.15182470949260138,-0.18633223028006093,0.1343638799004941,-0.20338085753251292,-0.04288602343779838,-0.11315741835215012,0.21879526824913076,0.09328405405123552,0.2777541354739668,0.103853797415577,0.19730642952278743,0.009164018477294129,0.05013676495705202,0.020595142014116847,0.11777337566349332,-0.29152462766595355,-0.02126717563067546,0.07140396468437564,0.1492555337508439,0.11144190124495258,-0.1148436575719361,-0.024741570182870796,-0.11836843587620355,-0.10243602110459045,0.10483016044094154,0.0007282546643647058,0.24580180238221144,0.13541124238879781,0.12226156342092255,0.22775868522612633,0.20021884851727614,0.0030951998978257333,0.09977907239781207,-0.005479207955847797,0.2260690959246119,0.03972553862309229,0.11408366736006414,-0.012033520957238456,-0.04800028430131373,0.24648599809397356,0.09390064569669156,0.08878562450497182,0.34305607349573697,0.30959961604742897,0.6607972474107111,0.546802346943744,0.334953869210755,0.2705581251726667,0.22638532742984602,0.07083867202587223,0.04881298675879184,0.02748349334009283,-0.20708878798555372,-0.05060583503836664,-0.13437825262118255,-0.10561968926610539,-0.012760392017307276,0.17022708628328198,0.10046964376433196,0.21509840702951724,0.2992989706207184,0.19013740827782422,0.15873295385545613,0.09512632717957627,0.06817186756177548,0.07816463867416178,-0.033940246947517676,0.2841242589127628,0.21942420925168984,-0.013433399991116772,-0.12572967823865935,0.2840983519915018,0.19083044487582104,0.25413971587404516,0.22353638343920748,0.19940522296701246,0.2693680351446047,0.27188481531890185,0.3449001670449053,0.2898136253841749,0.2961489290868894,0.14402209062737878,-0.19999851627447296,0.19169387798137047,-0.02187027665752896,0.32053068111520316,0.17313428527758767,0.2617331400141495,0.0831788602343328,0.2350350242816314,0.1537422934307185
-0.03411640045411139,0.4321906188945484,0.5068912851484325,0.21353679577821885,0.46471849570625706,0.9999999999999993,0.4017312411710267,0.34315471511558626,0.5185005459071677,0.4821300271815272,0.2617965546327657,0.31594780262678457,0.17682997218743504,0.2111800315044234,0.07222305536406205,0.166664062822111,0.08604700323377022,0.17796217687825527,0.2743447053175342,0.10077349959089295,0.026092622391063247,0.09599705812493817,-0.05581063121308289,0.20531872267394796,0.10753877100712964,0.044378494841506286,-0.1872525906842098,-0.06668258270782663,-0.04317804464696158,-0.048461172444677916,-0.13068629429434647,0.06997188170100883,-0.11500848468233453,0.06591585586581544,-0.05104854221897096,0.12583667907703128,0.032170434365038594,0.17326582733919865,0.2676898720290624,0.36973581136452893,0.1085917455112173,0.19858143964521618,-0.11527099441625407,-0.05423746283854815,-0.101680609804145,-0.07558496130709537,0.00960553091277269,-0.11342858370032136,0.3134399106296761,0.06337722550243041,0.15978755207379966,0.3912480309358085,0.2349456690211836,0.3534501289515616,0.7120783793482132,0.5449401635530393,0.28308005347468523,0.4532718479176517,0.3888773910531166,0.28092036093962824,0.22318974510832057,0.15024375890538197,0.3058695175208289,0.16846040109685737,0.06697249309602273,0.1345581569664007,0.1213157701682598,0.23518716584240634,0.013088681480861002,0.02892762263364327,0.056449364731694346,0.16124244762766515,0.05587330325161002,0.36783830912237203,0.1453892876781036,0.0638002768256219,0.074226190794529,0.09559713009900567,-0.1693610782268663,0.009145648459341446,0.003780751287941728,-0.026718380105505243,-0.03602514482018653,-0.16077552806309175,-0.06182940265795322,0.05359625113719213,0.0021666960646289624,-0.10760188019598405,0.0030802302844586834,0.14410254047421078,0.20215129916611582,0.2873084594612658,0.3504403865737798,0.1313353653644204,-0.0036126973639090633,-0.05009340468954118,0.0019012419171541832,-0.19808699959644752,0.26043306611321443,-0.013575104862372291
0.19241889868826453,0.5594301491372621,0.653816175270157,0.45749377808009145,0.29320958191660834,0.4017312411710267,1.0000000000000004,0.7254137360844759,0.6337038614769592,0.308156293691297,0.16533965014051205,0.36750553292614274,0.3221537392283445,0.3396431761512399,0.20899014964233675,0.6139846028117731,0.42690045347776606,0.5264050387937175,0.5447962697636728,0.2849170960911808,0.15160195272927102,0.21913538792635412,0.12776126629911466,0.22475478029069412,0.14622926007787387,0.11142843669713647,-0.04293216034829511,-0.19228418355345978,0.041004868468137896,-0.14094766689962873,0.22608038246858927,0.30793723357247066,-0.03580026959173399,0.023264168576282915,0.08618841849469652,0.20697359968732582,0.08516568351653794,0.11994597689402269,0.1998102734136355,0.2805908262701002,0.08141408190152054,0.21311948823987006,0.06542160469034965,0.09367028192926077,0.1190115618414254,-0.010884872136194676,-0.0731315263402666,0.030883879476470224,0.31437196497281755,0.05457162365142808,0.2101935904177254,0.5466323111938958,0.6713642585247122,0.4077913973309164,0.47487730398684563,0.3389379689237887,0.6649812424126228,0.6428678593198149,0.3456490877598352,0.36215282980935426,0.3407765568435697,0.2937284832760406,0.32299999347389685,0.339773852654443,0.22917278358069354,0.30934299114285263,0.32676625453042807,0.5524836829898957,0.3067791876157851,0.48978904219531955,0.30040000970994046,0.43013483874252967,0.3225070624307282,0.24850473100266354,0.26805205432122325,0.20428394243527806,0.26445973533191647,0.11950693582479381,0.06907785338463493,-0.0051817087631457585,0.14221165684300222,-0.14358849115777428,-0.007097210728481594,0.0528262173704052,-0.04536888338831291,0.02672121140329075,0.1362180679984843,-0.09913878140857574,0.11574748014376647,-0.1103749298320425,0.027242977091006246,0.1286677490748524,0.199883270908042,0.2372609984430946,0.01006378413131121,-0.052409618775859104,0.019202409569507677,-0.09080501828079673,0.3544227221969174,-0.04992412520926228
0.2280132251171163,0.6256879151137572,0.5382525394365063,0.5590959518893752,0.35649782617512893,0.34315471511558626,0.7254137360844759,1.0000000000000002,0.5901357284031031,0.1562933466378106,0.10714444971697226,0.2526720560315782,0.27572280192293686,0.3652497966584715,0.23846470000282483,0.6288987896895365,0.395407865576997,0.6081639974858097,0.44442060823826673,0.24862324496473215,0.20741170551014848,0.2591687426621905,0.11722237848062873,0.05638950291622779,0.024034234634960124,0.03617589441352713,-0.04901335013757269,-0.12764205944381155,-0.08085923025145436,-0.09757654668454162,0.1080106238660902,0.0618814866627105,-0.116162197341699,0.021138225869016633,0.06729171620025634,0.08926287999707591,-0.0513429524918062,-0.08364043724471394,-0.042090175307723875,0.038884211089080876,-0.1006489958811515,0.06170884423025285,-0.07394749879774393,0.07908285418280815,-0.026853759696949874,-0.06754802542544144,-0.2007081783531661,-0.07895530262694474,0.2283826567001027,-0.054500897935096215,0.2158650530820821,0.6359797536306032,0.6227599285062061,0.5127992555861205,0.6245295213971617,0.4052386228786002,0.8404134016337889,0.7042020210157076,0.1879915390761038,0.2803878291986701,0.2611250544144571,0.24285056968061602,0.3591337079734478,0.4194344583769695,0.160584910487501,0.38834142811941214,0.16812267895875224,0.4991131010240259,0.283821269587778,0.5534142912537261,0.3952631932335025,0.5119997668972608,0.25207486798256623,-0.0020549000774262513,0.23006164118740965,0.08317074159092083,0.1533656307510454,0.18865515496822402,0.06399838242364185,-0.13344618013367426,0.13455401333080955,-0.17205461350527207,-0.044318183530090656,0.005291360787457948,-0.1781958742310549,-0.06710896952757156,-0.02106199826159249,-0.09113821546428306,0.0055639739160779885,-0.24378341657606445,0.02730603619077061,0.015870139522293217,0.08813690966051882,0.012358400139334013,-0.06761128300127021,-0.08504114177987467,-0.038659472537400943,-0.23099397146056125,0.2673552711125472,-0.11745883861151461
0.07401681308821577,0.3895978432494261,0.6739003353873925,0.3488335686363397,0.13490550419403252,0.5185005459071677,0.6337038614769592,0.5901357284031031,1.0000000000000002,0.38598326837333385,0.3519786173754497,0.46697504668004275,0.41137315254837953,0.5885128715962803,0.5092072057543751,0.3193121635747365,0.2734535803427217,0.18539351205594745,0.5065876280302993,0.25731554938826784,0.2045107265489013,0.08693001128542793,0.1208949380381019,0.2278194511573988,0.23421919983838424,0.10637746179602602,0.05444775405897595,-0.0420436099033331,0.16006640528268695,0.14166148241576204,0.0706670723944386,0.12720913563094183,0.03653875110298333,-0.005024049469413755,0.050219649905520615,0.26200382825190066,0.15364174862932842,0.213958566955124,0.279827051865384,0.3031477848552396,0.2208787957043537,0.23339154987920954,0.03185505841651077,0.09822740619864606,0.19248898792016556,0.12079901239363722,0.1513084168370875,0.03650746327321086,0.3352480828358599,0.20583841161664948,0.23273173472775557,0.45851460967628704,0.4667270824079563,0.24952051182160043,0.5200856204262719,0.5552257098273484,0.44119712845983033,0.8228189979284877,0.4139968322927026,0.3879933160950576,0.3758511917976677,0.4058813845483723,0.6404222873978893,0.6376687631492449,0.4115769269008606,0.5938566496302261,0.34743162510326525,0.5601708769351603,0.1855022230868128,0.14227727597154907,0.3693249350586991,0.34779174171359667,0.2945737314041743,0.4795239288070037,0.3198835603340308,0.18884621459291587,0.2252697704755899,0.2838720360720142,0.08749005685540705,-0.1519408698041068,-0.06952109794917262,0.0330735668688524,0.08566215658723039,-0.08801775823935687,-0.023262955272979665,0.084978624916444,0.18764857173419447,-0.002557247608395562,0.17527765644063287,0.10783803918134696,0.28005833746097875,0.2724695951626978,0.47425670188658514,0.30177653392957693,-0.07138787524382445,0.12425117430288175,0.1688571180844809,0.01866774647605703,0.34941981692963076,0.10694440218428466
0.01675518513970115,0.10731620512893307,0.24050803049911948,-0.040707601488615075,0.15182470949260138,0.4821300271815272,0.308156293691297,0.1562933466378106,0.38598326837333385,0.999999999999999,0.20156330034423361,0.7045292833347059,0.25372805547691785,0.20206155927738284,0.22655015856544805,0.05935166432956114,0.17085327171081138,-0.0865782600083811,0.1357658461979042,0.003399740260833529,0.01129671838514194,0.01558091615729018,-0.0037995536923704676,0.4882417334230812,0.2493496026759993,0.3022301667025826,0.06690905761085585,-0.07109053216605285,0.06522537302231977,0.02682775622913464,0.14237603343004615,-0.05348833001147467,-0.04632362797929082,-0.04190260840772624,-0.1091493140147424,0.2176452103803059,0.07538929610701178,0.09258954840735849,0.33775060566656917,0.47332115528336,0.03206332100368505,0.1364753482600381,-0.06413462310193221,0.0004734061891327384,0.09412405859060788,-0.16535687037087424,-0.06133563845505124,-0.04575302233857979,0.13837669298967553,0.08697918267976383,0.02313830498713461,0.19395321549876668,0.04228774680337601,0.010246421000219195,0.3700891753303377,0.21547087267888249,-0.04180214959584742,0.25002921493179636,0.6147684740782182,0.27144884218112697,0.38078590407569496,0.18795407759250762,0.3203907504330276,0.049291113401226536,0.22602925296664653,0.1713718582957479,-0.12406779594923008,-0.026071693897786623,-0.11696032447451843,-0.2021914569141728,0.043469347407851903,0.06895748144448043,0.12310029373894195,0.42556235432501116,0.23827190310610874,0.28180132144650055,0.2018663403398676,0.29032932556535446,0.026344581120854776,-0.19614274506343846,-0.015228149140870843,-0.08204795158408941,-0.16812240307365872,-0.10316230048342195,0.12552574808164843,-0.14822415669841818,0.09055437751750026,-0.09068800662356385,0.11322335513928239,0.23410181516788334,-0.014294524411022452,0.3659068027258487,0.35908756828978466,0.17057494571980933,-0.12277910263687135,-0.02798979210561626,-0.10997011657281722,-0.21757773582411657,0.03047527719780379,-0.005062984577499672
-0.09371466830014477,-0.0861730221472828,0.12435319983949875,0.04389864416160573,-0.18633223028006093,0.2617965546327657,0.16533965014051205,0.10714444971697226,0.3519786173754497,0.20156330034423361,1.0000000000000007,0.42344489636877236,0.22895566446578666,0.08113449267795146,0.1517269368968843,-0.017431176002731558,0.046839421646910136,-0.05840370344275205,0.07803842338079531,-0.028188038908013927,0.03941938730214231,0.038145645050616905,0.09914676803702963,0.034674718302729134,0.42771460213105994,0.3505641836417077,0.0612334252055119,0.10662125698893704,-0.13767419011607498,0.27131391871135624,-0.014118797053405855,0.14262418060223436,0.023896472213650436,-0.051000447848956694,0.05567989101390762,0.09082071670188256,-0.1664764782093648,0.053806691684848404,0.09345218703997665,0.05262132628107555,0.2437489697502339,0.4100598202447851,0.14750498323059968,0.023115488230253854,0.003971873750053103,0.026513956682674686,0.17148290401306596,0.03042229652352667,0.21329679537821386,0.08710328635905583,-0.0374666267217596,-0.017179976068514874,-0.03887023382678709,-0.17048740087271672,0.0461806144124047,0.33146148465005654,0.003155426101730084,0.20091973541307823,0.5754606314288545,0.5767893944780274,0.48281609660184005,0.18734083918364147,0.10731575891044416,0.11713958625870229,-0.007972917501190046,0.225003692151484,0.2673750637146708,0.03960443777091942,-0.14875747712790607,-0.2091144939340494,0.01575525887059779,-0.1777334048237946,0.13695682637831963,0.35141696632214003,0.2732965775985612,0.5228025806039683,-0.15655306788411819,0.19261665341011483,0.08086373148629313,-0.02717655687898293,-0.13105391684837575,0.022340769094566282,0.05783357803069573,-0.15896445812369153,0.0031461361389667135,-0.09168176793708985,-0.10994681634815978,0.08218447339612256,-0.02211599766120971,0.12413226839717359,0.1268846776268947,0.41752578329245543,0.26146020242070656,0.4344228796616647,0.2703109661277298,0.011992524841724566,-0.07304866949955167,-0.03818720528502119,0.2511621068466575,0.09584558904386106
0.047447034382538014,0.12881456111060896,0.36996832604994323,0.09692203951889988,0.1343638799004941,0.31594780262678457,0.36750553292614274,0.2526720560315782,0.46697504668004275,0.7045292833347059,0.42344489636877236,0.9999999999999998,0.47710275903667015,0.2558334913684199,0.382611405177986,0.14035722095481604,0.4362327826213108,-0.06257103998438727,0.1934052265290249,0.06071311613843068,0.19257304856758733,0.16792400819389613,0.3024811940177119,0.5533368647209136,0.2309246348031657,0.6736950721202234,0.3405427124461287,0.14410794343912872,0.10941333211758321,0.2973685003255992,0.2024238281483621,-0.015883319976672874,-0.021389348018897025,0.010614892475686956,0.15362443586142652,0.21617588125026016,-0.011405030398526762,0.022553761373344056,0.20880482490440985,0.3997559426162608,0.1293820371236365,0.292036207395616,0.23350237862373108,0.22467498476110745,0.22102645901479465,0.03825445760534129,0.14855729824352817,0.049006529857167996,0.20135207696632368,0.08933050227440009,-0.10472009572735903,0.20571069566242373,0.09617546644332323,0.10085524005768196,0.23244317152370897,0.39379268768537884,-0.01802649041636169,0.28316016291314455,0.7097500305591866,0.5747869365693583,0.7228777537235815,0.36896093982494466,0.34610318698391046,0.10443374682343905,0.3775178632220568,0.3753921925315657,-0.009802473302030719,0.13657944498759791,0.030003731243098002,-0.15584755490809837,0.23961429316019178,0.05645697772291675,0.4335253033897693,0.414369297383061,0.5163685466896183,0.5749907572559532,0.2592701604876022,0.5346651173034909,0.16317754590209763,-0.3253462631922797,0.19117472557993082,-0.058783533616572826,-0.009065707323381545,0.05006173438164095,0.30636189190584734,-0.11300721873780734,0.08479120737530851,0.12013201286067028,0.15683660435692423,0.2638698997801122,-0.11282095844441158,0.2329409576549404,0.2499057109741294,0.2828204406153373,0.10721633747196942,0.08146781078860466,0.00882977558958308,-0.02241133326772855,0.14227367093873106,0.05585267011822328
0.09348383827224942,0.08416857753900524,0.33219805343613684,-0.011289018144392258,-0.20338085753251292,0.17682997218743504,0.3221537392283445,0.27572280192293686,0.41137315254837953,0.25372805547691785,0.22895566446578666,0.47710275903667015,0.9999999999999998,0.5376438110645804,0.41812850461466167,0.11998053913180284,0.3089139015837485,0.025384522606102435,0.331746426528496,0.07027637035884099,0.14729070022387944,0.18263791924281886,0.2056088121066425,0.1923569763239467,-0.012649567112713665,0.2502488027258828,-0.07972902367075156,-0.08235103536649915,0.10666924907658434,0.16525246125394835,0.11328313773145378,0.1698640310843624,0.13945479524142407,0.0219032521436388,0.09403653678511618,-0.02977223046495988,0.0053428868393408085,0.10459188320659951,0.07952400367676984,0.2975731842569026,0.12401634260736222,-0.015387814168340272,0.07227499558996162,0.006619545648083722,0.14402324880271344,-0.0988205049401258,0.0557857271007954,-0.08515561436139404,0.1037913478693068,-0.048969846711402684,-0.06029660763892059,0.10876120123911755,0.05080953533395357,-0.053815227001917924,0.1929111492335502,0.30211087109519325,0.15740923191302264,0.32010528466034466,0.16301809223650848,0.36642670514911135,0.5153169909084361,0.9485798929877107,0.6639679037899121,0.48488132727759714,0.38028158434363507,0.48761126486045664,-0.02157196527795695,0.43439449552858095,0.09694982421641433,0.028574004773021387,0.11358120993401047,0.18635158883162278,0.28727001096272853,0.15709064374067938,0.3187595261598564,0.11618007122131274,0.08413162441321256,0.24409028383175765,0.15999047808725453,-0.12443161348734866,-0.10008814329802505,-0.11151646924159661,-0.12402045802553166,-0.16762970037338282,-0.16652750906670616,-0.22851640130182777,-0.09048810268798406,-0.21414674314741924,-0.0021330862867166398,-0.15089157081547896,-0.06616484418587354,-0.00030922922255859363,0.0556136086051048,-0.02870740870159075,-0.21941450613189942,-0.0003994068812314425,-0.07324782743489211,-0.18254312246048668,0.13612728070604005,-0.07419505993885457
-0.0291295344132856,0.18801665316613733,0.40984960007626986,0.20200106609971322,-0.04288602343779838,0.2111800315044234,0.3396431761512399,0.3652497966584715,0.5885128715962803,0.20206155927738284,0.08113449267795146,0.2558334913684199,0.5376438110645804,1.0000000000000002,0.753713223582916,0.16057490972067984,0.098729266466682,0.0792254222162216,0.6191710934998133,0.1511173598996225,0.22463591442940517,0.13127279129207348,0.2572281214689406,0.12441495598493447,-0.008224237158903235,-0.035383806158714594,0.05593785239126922,-0.21358677572748985,0.25895268950666417,0.21526255693992982,0.17714519715654153,0.16838858077518393,0.20076539881728614,0.0936088005704367,0.0698265340428753,-0.05127225042551348,0.0707004253460848,0.227051657626926,0.21551700396417622,0.28858266637994856,0.19033564534920575,0.019721386284052952,0.16016315041944595,0.004527787276555012,0.19958274237150678,0.12419716441992588,0.2597313117714818,0.06600339761578367,0.06445978422126931,0.02547400432025277,0.07054044246577451,0.3523538636453339,0.23271139847419037,0.09824243838001702,0.26873416838005304,0.19795856696680134,0.3296479048104667,0.5174926334110737,0.06377772959258089,0.0039798285994631505,0.1771617245742016,0.5703224289163287,0.7621858984099528,0.8469665869070659,0.5019018023482741,0.7584038250704587,0.08472206418098802,0.5722116187029643,0.24325910167342368,0.14472937336397138,0.24519516797262841,0.2896184405717903,0.3095476101855524,0.45967425438277587,0.0782023617805997,-0.056316221476864686,0.08401144065866573,0.21367771836425603,-0.0500648597480276,-0.23061005155950315,-0.08269564811729554,0.018619593512257497,0.031177059638148926,-0.1166646056681447,-0.0946864960385699,-0.007721343412288174,-0.038051152478715086,-0.21747818655044188,-0.033561503609137885,0.0015103949349418093,0.1158763365044029,0.023996078497644565,0.29582250613755945,-0.18364800486232324,-0.16622830873495986,0.00140131180396949,0.054462883060950734,-0.023657798859651517,0.021660509254778366,-0.13017383853608014
-0.11633358316351329,0.1040502553131933,0.3232025091294585,0.1179323828426794,-0.11315741835215012,0.07222305536406205,0.20899014964233675,0.23846470000282483,0.5092072057543751,0.22655015856544805,0.1517269368968843,0.382611405177986,0.41812850461466167,0.753713223582916,1.0,-0.04447009048255814,0.008723354134598496,-0.1455006747558739,0.5215126856228798,0.09663186421217825,0.5252237740427462,-0.1460971253140203,0.34736061939458485,0.15956209006511657,0.08571851009138476,0.17099003914539387,0.28516586916337944,-0.053609474989368945,0.3182326643374661,0.48083891853431315,0.14856865200282046,0.08931161624755186,0.09184002706323939,-0.07254938978142084,-0.10446872581166979,0.0046687179456462915,0.07742235420985911,0.20706463916530296,0.16440573376541465,0.16054466384868765,0.11339362939157634,0.08592257417936253,0.08481993666492758,-0.0025631461370785214,0.1726698807330137,0.15531214536793844,0.2984615793057733,0.09562398250761373,0.01156031810086824,0.09180823064874785,-0.0326569453631201,0.2319446802543541,0.09717966007632028,0.052356184498111934,0.08235386583546603,0.05203743916074139,0.11485385786242502,0.3667206690679892,0.16262563450209006,0.09239676102544657,0.27072537556172327,0.4495887948606935,0.6740824576637486,0.659465010422928,0.7454223006208786,0.8443360646305444,-0.0637747231127108,0.5047559295913316,0.28989245717387685,-0.06977680738624484,0.48737320918849203,0.14723762196441326,0.4929371095536541,0.39177221659935624,0.3121567981542249,0.17549950401473988,0.2224905798238052,0.563148025061506,0.028235674430995755,-0.22791605229245154,0.13422403551026485,-0.09669908080684814,-0.06930140221919323,-0.09275195771197481,0.16742067877456696,-0.10959671525990068,0.06838802991023864,-0.022429390264896525,0.043250256864677955,0.10879291368154165,-0.04055608560098816,0.11151663541887592,0.25237985734473684,-0.098706206591801,-0.17770765089645812,0.04547778632542614,0.03288907942635693,0.01661140563542186,-0.09107987559328046,-0.05309642961029576
0.3962744821352715,0.4434218717213473,0.3163046500678821,0.46469654092321244,0.21879526824913076,0.166664062822111,0.6139846028117731,0.6288987896895365,0.3193121635747365,0.05935166432956114,-0.017431176002731558,0.14035722095481604,0.11998053913180284,0.16057490972067984,-0.04447009048255814,1.0,0.4531705207714054,0.7749631333801253,0.40928308227862636,0.4437015694901186,0.06867324324342015,0.6132930458390614,0.1976744369789285,0.1873320399253815,-0.06287783301177684,-0.078969377870207,0.06390666131916103,-0.07776268569026112,-0.02547951244796609,-0.32536005832752185,0.3717915292512838,0.10772525411435223,0.3236828580505517,0.3404123569761221,0.4399104612822811,0.17863293206461578,0.040943599633214436,0.05451980682070036,0.11850413702412456,0.19207216842400382,0.2233747963582156,0.15728232536350417,0.31992874883302364,0.3297370548675527,0.27137109273078613,0.21543496383730656,0.04414044282202843,0.23191449891240373,0.31649306357729273,0.1322031039721057,0.2438277369754101,0.35799013418103076,0.6827154500736651,0.3341169036727685,0.25179485691678477,0.12908431250058622,0.6121632695265738,0.32626755606441576,0.021712488046195976,0.11779812867860597,0.04998286284968621,0.030948986671776535,-0.04118343403788043,0.14850830690390196,-0.058862812774701775,0.09333941815117744,0.4284768038926962,0.29740111244607226,0.0918539982096381,0.5309374757227137,0.26199805790292224,0.3730656583091576,0.054463439344368786,0.06623754897469482,0.11965970704549961,-0.10605910237037297,0.020683019280310234,-0.1642078856854928,0.15953293706704358,-0.15063745099538056,0.037019368173033626,-0.0046764101134465046,0.21464864481031914,0.021184754660750617,-0.25824567547731764,0.17908603305768028,0.11809702006529249,-0.05377643333406535,0.1430553536655916,-0.22294312037601666,0.23991233943610987,0.021099132790722366,0.1242420724534358,0.1411511844993723,0.14584351731485826,0.07889887000804724,0.19220314310039915,0.09989663019427782,0.4087471523494987,0.07027666127081264
0.06471961858988512,0.22899040918399446,0.28833167304227025,0.048112056177186314,0.09328405405123552,0.08604700323377022,0.42690045347776606,0.395407865576997,0.2734535803427217,0.17085327171081138,0.046839421646910136,0.4362327826213108,0.3089139015837485,0.098729266466682,0.008723354134598496,0.4531705207714054,0.9999999999999993,0.33340194364505676,0.3079977340617013,0.2022730395697605,0.0858308800430614,0.3755796892798821,0.2056892761086408,0.6078141023272204,0.03308108256082475,0.34628985204244056,0.09069564468761654,0.03928872402502693,-0.00041666379160562226,-0.05737872496656134,0.00020782502379383056,-0.04487353863980415,-0.10005233577525757,0.2436298828032177,0.4145031764077685,0.09244114472808877,0.007711427617445816,-0.26003780641421076,-0.12820158248358307,0.0757904414478199,0.040907027281201894,-0.009087809370495198,0.09139130166903282,0.0874772980777744,0.050103299366391504,-0.0798545933732153,-0.07496971712639584,-0.004278965785753572,0.18111046146360094,0.026628318908541292,0.04687224076050673,0.17367668881843812,0.28837710567503994,0.04555613466970121,0.14547057723245696,0.23075386443222723,0.25919901392384925,0.17668614610194236,0.19090516486038636,0.3513699487163178,0.45451802783044176,0.20679577208013222,0.09042131850962555,0.0013972487986481784,0.12064563734935925,0.10152029468505533,0.08854416479637532,0.19961316590013428,0.1627936964432609,0.23377604167134097,0.2231756504106773,0.2811593006935037,0.2798541794292026,-0.023608448300750838,0.5416491486829511,0.29110568734448117,0.2645802969742581,0.1261192047150197,-0.04141206949773421,-0.15525157324599984,0.36862125824016173,-0.0649694967724729,0.03932910230930741,0.25876899882979926,0.005835966452115003,-0.018608616810480115,0.07557756875026363,-0.10141185552767805,0.09894023991094268,-0.0021617437578035116,-0.17294280396972406,-0.07725741711598144,-0.10659725167938354,0.06233653407307375,0.0677077019987679,-0.09641441192473618,-0.057187573405702345,-0.052551652602933784,0.20623788682184316,0.07434292688777669
0.3557836193848942,0.4429699477373913,0.33925729255300635,0.3300477987688916,0.2777541354739668,0.17796217687825527,0.5264050387937175,0.6081639974858097,0.18539351205594745,-0.0865782600083811,-0.05840370344275205,-0.06257103998438727,0.025384522606102435,0.0792254222162216,-0.1455006747558739,0.7749631333801253,0.33340194364505676,0.9999999999999998,0.44976759464758054,0.5441334880394647,0.1422349131794684,0.6192600102378162,0.37015074634170997,0.05826200416417136,-0.1313024098745919,-0.11289151533021749,-0.06606297528614505,-0.16573259129431128,-0.10285379566461235,-0.24047963256664562,0.1879829815783038,-0.01902410299700965,0.11577489435117615,0.4610012995344494,0.40291894615702384,0.09939568313656946,-0.0245873466136452,-0.16966781287540805,-0.08938603366770002,-0.04700449405670188,0.09818361198323823,0.012839840374074131,0.12698427861643488,0.12394974059139546,0.057336473188305724,-0.00682329519052907,-0.09579229729406614,0.14857498954458573,0.34930156262521417,-0.0016041976122941214,0.33712760027112626,0.3608839757955963,0.6359323440100014,0.3832324361709967,0.2819744666010503,0.09354009765866511,0.7460197151653674,0.3157911687742281,-0.09036813290365206,0.01689567449003292,-0.04768182632317721,-0.04035575873927232,-0.08132453977615527,0.1263408377026263,-0.09216489031473385,0.028952318956841153,0.371742712583328,0.30837570764536043,0.2159168778661189,0.7621603196299483,0.3308664460328947,0.468076399082776,0.13598814659228706,-0.11791975657326755,0.036284664868447995,-0.18432941808826322,0.0785663523441076,-0.2207918611281872,0.07183595830813416,-0.08413125717014634,0.09655426267141247,-0.12143462616688612,0.12094338233808026,0.039598150236020396,-0.39294225742903244,0.09856066368086384,0.016216890814884845,-0.19142017208489429,0.04207811093577872,-0.43819294822030447,0.09678940229072441,-0.08108637989583926,-0.10659327739739995,-0.04121764191788919,0.09290824694677921,-0.11813276851686375,-0.02357394926347148,-0.11795273501942927,0.35802600534116313,-0.04028359216135916
0.044393657080566064,0.31201379008107616,0.4921470583809239,0.21403190788097434,0.103853797415577,0.2743447053175342,0.5447962697636728,0.44442060823826673,0.5065876280302993,0.1357658461979042,0.07803842338079531,0.1934052265290249,0.331746426528496,0.6191710934998133,0.5215126856228798,0.40928308227862636,0.3079977340617013,0.44976759464758054,0.9999999999999999,0.371426391375092,0.4314285710636704,0.28367281938615424,0.36016965314487687,0.2045522730137163,0.03548698678974863,0.07143204015023434,0.04922816791165152,-0.19563555005677705,0.2773796754970444,0.1409055059216345,0.06733032927847452,0.23354406966328894,0.10197924941999628,0.21898253634097206,0.1650809268468802,0.026630379731221197,0.13759429766775466,0.088283246378407,0.1437736851498262,0.19554323771255927,0.15813238622269465,0.026387421320947808,0.05967109504856991,0.050561970716999145,0.09353891471597818,0.050229875584020596,0.13566383447491648,0.12156720149693087,0.29216618059991045,0.09970954832128227,0.24186142302095578,0.4727291748791247,0.5435188724863325,0.22319484964624714,0.3105690485504878,0.15322723002796393,0.5149037696461932,0.4641338525274514,0.03768915230521024,0.008226833548315325,0.1320389929967378,0.32783826345852196,0.4423048415521834,0.5590610733621288,0.3934976873307451,0.489452282570326,0.26837503305302857,0.7025825933274692,0.356633921365527,0.3921709960145831,0.47819906188444905,0.4219210502079486,0.3914964438944108,0.36453427445010617,0.3389220039486575,0.003779575014669379,0.31283555692350445,0.24464345345616084,-0.1626272952458616,-0.08294630873752167,0.13211164313647586,-0.1441729085980118,-0.045391724222494656,-0.04012937529155178,-0.107666256154259,-0.04710058122883562,0.15281650785325532,-0.20051005221430265,0.05264440273225749,-0.09683860902644043,-0.0051852899015871244,0.06208145842941274,0.15404270565686234,-0.127973422762676,-0.031257427878723765,-0.04557115817330543,-0.036652963919056265,-0.03487772263850572,0.2011236676735482,-0.04946523531111664
