0,1,2,3,4,5,6,7,8,9,10,11,12,13,14,15,16,17,18,19,20,21,22,23,24,25,26,27,28,29,30,31,32,33,34,35,36,37,38,39,40,41,42,43,44,45,46,47,48,49,50,51,52,53,54,55,56,57,58,59,60,61,62,63,64,65,66,67,68,69,70,71,72,73,74,75,76,77,78,79,80,81,82,83,84,85,86,87,88,89,90,91,92,93,94,95,96,97,98,99
1.0000000000000007,0.4578129266164708,0.4048211880356491,0.491371707008884,0.4198133454435163,0.05442823911809086,0.4652866533000535,0.3682468501938174,0.13909096381654823,0.034723760743066115,-0.1133670733784613,0.012597496444927034,0.01713180101890252,-0.04367086397896084,-0.2018890239799306,0.6690770169405895,0.08306866891849415,0.31676063863656306,0.05656731926133162,0.14581890372978573,-0.04025918016366799,0.08828040808262887,0.1254064342140751,-0.05064125549338831,0.24455423416789399,-0.08371147181964032,0.03351022667938721,-0.029093776255645507,-0.1464082714585403,0.020453545443438133,0.40190435668951124,0.38708624738235403,0.524427971173505,0.2722140780497997,0.043911585771712405,0.09996891742359912,-0.049394264387595116,0.3636454782921899,0.24588090478696065,0.23300420862342644,0.28003889949476884,0.41989909878158366,0.22651636891574226,0.1947916101170786,0.19468225398510897,0.24735829394838368,0.21894098547244922,0.20526099545916598,0.20901187510707592,0.24152882497181458,0.6370884277267908,0.5076014918770277,0.6339399359015028,0.5037057690423393,0.2636093038563372,0.34073679222001285,0.5244908097494131,0.22663070287419812,0.12545492465627062,0.007131479449459682,0.1689827120692155,0.20746517862869795,0.020334054923141737,-0.011099735043166832,-0.09941123571482205,-0.2574884453407222,0.4915082655278777,0.1579961873467211,0.21791166870017065,0.4109541675641171,0.03442415102672405,0.20410762813137567,0.14816007582649435,0.2774155079918077,0.09979994578522489,0.2210852847336254,-0.14322371957304564,-0.05115131865474331,0.23599298764908072,0.3505939421234525,0.17183753038272834,0.32333410552076375,0.0724052628517808,0.15118391577962262,-0.020056658038499264,0.14027972475154504,-0.015990003360288652,0.09173744448704879,0.24799918339403246,0.21315180388229615,0.44120834891826155,0.4458524484043152,0.17527065526394123,0.46821682487476635,0.2832316232519729,0.2256485210765789,0.21249982752511373,0.20264471042997884,0.19375311772172232,0.2759509080756395
0.4578129266164708,1.0000000000000002,0.6111691145712609,0.870825986597427,0.8071565341761082,0.3346963088003035,0.6148823881909418,0.7902423529017101,0.41438509198134105,-0.04090570747664245,-0.05648041324470712,0.11514902109122857,0.2744482659936869,0.2307628872753933,-0.08527393326533289,0.7869290170533967,0.23224556775269894,0.5713190127370756,0.29801910187588604,0.31830862003169696,0.17222907702222212,0.3862524000660893,0.4000010524391909,-0.08492741557633768,0.09780443332473845,0.18542210313676027,0.30307057611442006,0.10439307140516593,-0.07981364224964894,0.2101331708083499,0.3517088039493797,0.09803607724403812,0.6645978877625085,0.6583003253582187,0.5354486766819722,0.407195429912142,0.36792801921190266,0.27571022067562767,0.4224380744349961,0.20259795479879333,0.5355213302715492,0.49766858395022545,0.5972894512626511,0.3300304626084482,0.5897880661509052,0.3662390684712253,0.6330054324108065,0.4647713706936995,0.30160789357589934,0.44998119273879733,0.5620838370034854,0.8158450250073606,0.7653663400581938,0.7260078204419536,0.5559768765483567,0.3797574923126837,0.8229199881707098,0.5566370779407127,0.08925229843467536,-0.05465183067228434,0.1333741620855477,0.40323922446071875,0.40652146183934385,0.3790282962677448,0.2194734226694219,-0.09702189729391661,0.6511861669547971,0.35204454617145503,0.5051015264164763,0.6965500527792798,0.2906661036152278,0.465683155575399,0.3408709659130047,0.31728258349749755,0.10471109704987103,0.20250190581448793,-0.10010279158336388,0.12039039637959185,0.12645495067326568,0.14092873097856004,0.42673878955723477,0.7053079518910819,0.4941416076188398,0.5551473916583339,0.3587496662133599,0.5820305816192511,0.3903802204688247,0.3176429342002173,0.5257342222866004,0.43631663126846615,0.5743959437703207,0.26337605590654706,0.3349820072610861,0.5237500236234297,0.48428150633064876,0.3287993544171158,0.3914003522727804,0.4283828327205449,0.2267861433638754,0.39121656495522045
0.4048211880356491,0.6111691145712609,0.9999999999999999,0.3049947701636677,0.5381411795827671,0.6973025859823744,0.49656982954088935,0.6283010931699341,0.6819619391610946,-0.14575761943135807,-0.06084365197844221,0.09072167045229214,0.1306301119582707,0.2922609099592138,0.17612320913156648,0.5025192195644439,0.25367498674713496,0.5026236421007667,0.3182586241086368,0.4788770527827404,0.3108102032988569,0.21014783812950233,0.36029283565644044,0.08556443704689892,0.04004656054965344,0.1458616932272425,0.2591587468453366,0.21085373467137156,0.2946597647877303,0.3331279430080772,0.11937366462653111,0.16667715518714726,0.45059095068048355,0.46566151237622333,0.3271347446967048,0.6975525589638418,0.46705317216974424,0.09770183501029038,0.1464730231622939,-0.15030700397661007,0.25055452527850985,0.16875680168851406,0.19126006200126044,0.13935674811942209,0.3806003289650017,0.16681173048933468,0.31892706289878436,0.4061788079286087,0.5999686847566984,0.37736511385929156,0.3493530507969159,0.7825246163901075,0.4854116696707026,0.46032458673064547,0.7541137696362956,0.7637497384149474,0.6152550221046871,0.6795166869443141,0.002088198818979753,-0.10662444302540201,0.08826468995104374,0.19317337848269492,0.36981587128242066,0.26811751877692025,0.2237616198179388,0.15457992480915325,0.49776356266828803,0.24042216379248363,0.36693015529318107,0.4624207832015054,0.3667297209371171,0.09389803534887745,0.2945401440213553,0.010109581123804208,0.15406448238373271,0.28209971182547006,0.24392098623457867,0.19118347270190647,-0.01606414728050994,0.18906997561875297,0.2204994062502696,0.37129399021208837,0.09927822612012678,0.3056089067306584,0.26446909925501966,0.19651902258987394,0.4338223884837407,0.3754535907565471,0.501731939590067,0.08115457356317761,0.22705134657855588,0.140417174171854,-0.014193549357586427,0.20743850281055629,0.12572573339586549,0.05323316470087598,0.10773935868806354,0.26834926920770313,0.4759435006599248,0.17854955320682148
0.491371707008884,0.870825986597427,0.3049947701636677,1.0000000000000004,0.8517615714194293,0.1654554742511375,0.5186773704178039,0.6396201812166548,0.25376876613188615,0.15310253736626384,0.07091563748604528,0.17678448073443068,0.32646194510180376,0.1621305202129646,-0.11463564195546364,0.7560516489263177,0.18786771328702515,0.4478624967621103,0.16491733908575223,0.14666743363467877,0.10429030719053413,0.2995194266391003,0.30394811571192015,-0.11472181984876019,0.2500306721775308,0.054430975500014946,0.19170380874529755,-0.026429599932682166,-0.21758468512833323,0.14836668172161768,0.5524083722226183,0.1549617195635789,0.6876507609868602,0.5237588254769969,0.409608500686956,0.19362597996447897,0.13421687937713478,0.45646132436940234,0.5484461623838336,0.36337102005799404,0.5974669187849893,0.5947347885973596,0.6202124551424066,0.39919476303589907,0.5439107717446854,0.42580501869427717,0.595365756102868,0.3394253167522043,0.1789525830131503,0.4637183483875951,0.6287919609101134,0.6516846376247671,0.7742768054810822,0.7888731711124473,0.41263236806703596,0.19954967197271342,0.7226998896511617,0.3770287472615321,0.2770906309485558,0.05698005671801686,0.2764719923434957,0.4417599277971046,0.32784410938076025,0.29849476688436727,0.10451131691475218,-0.14177735925504462,0.5646280554958686,0.2763331752042866,0.32644244306892967,0.5837169752045758,0.15755034943984048,0.460492011220056,0.26040658705221026,0.4593640792898552,0.09975472053106736,0.1745029141706069,-0.22719938469273354,0.07018959701093024,0.2744655689985847,0.1847125802009856,0.3338705180128626,0.6607963394648666,0.5257298035757979,0.424357269744532,0.221675390616623,0.5332006807968094,0.17069416044801394,0.13722990756367087,0.366977409902519,0.5445314872609027,0.7168957765440452,0.44647490578130056,0.5321035863609547,0.5941501429619327,0.5523640116566346,0.4603072953707747,0.44373015336896093,0.36846662206492903,0.12552928023034463,0.5038181301507505
0.4198133454435163,0.8071565341761082,0.5381411795827671,0.8517615714194293,1.0,0.549552601290385,0.521541975295308,0.714307815372164,0.5678766290121926,0.14589011544435854,0.16830752254556353,0.17162452939214407,0.3018062789778878,0.2696599534239375,0.11576380439442567,0.688887149857427,0.23927573288655682,0.5229154165277863,0.2263189766100213,0.3360841534676068,0.25913913137472194,0.27528827441467585,0.3668960499973214,0.00927087749446047,0.26082862192353146,0.04806082622902808,0.2391570578904365,0.0010144368577777662,0.0445945454078038,0.25648122640168264,0.5790896979889771,0.15263103931898173,0.698523927846478,0.5389172417857101,0.4168361095882216,0.4671208733605173,0.20424077069304017,0.3555800029215262,0.4054107518888251,0.09705843954407564,0.4770475140278863,0.4647689272617217,0.4676379217958247,0.3477377227516963,0.5990638478885639,0.31630179702188665,0.5057228917119979,0.3798638356316359,0.3845143071841049,0.4582589961225526,0.5824190400230571,0.7731891460775974,0.7755384728623477,0.8718349174595532,0.7180660597797953,0.4955798338712926,0.7509696712441608,0.6280624004832074,0.2490948064257291,-0.015388374641574984,0.20394159630044426,0.3505467000770834,0.3746310887527173,0.3747064044999512,0.190841716907762,0.11105729614843426,0.5299402987769227,0.23946395506132856,0.34395187402583166,0.5908636771433957,0.33600655625403725,0.3011404588147898,0.3529108118816432,0.30149177374201347,0.09209181411449954,0.19115088167896957,0.03669740964822181,0.11107464374471832,0.34602092154063085,0.20155404254251827,0.3406069104270412,0.6259572761404797,0.4883811116963966,0.43423914059652585,0.2792415896569731,0.4437476572962485,0.26153259562707587,0.20027658882791244,0.4455559100237296,0.41277359311538514,0.6510844618669157,0.40188138890157454,0.40270646941439747,0.5132210607969443,0.42665124924482944,0.4162483639037453,0.3483084016259284,0.35330456515163056,0.2975941704361836,0.4465922519625549
0.05442823911809086,0.3346963088003035,0.6973025859823744,0.1654554742511375,0.549552601290385,1.0000000000000002,0.291636849939778,0.4636784229328236,0.8627524157999243,0.06840490287986098,0.13254514256310765,0.07729544517765376,0.037501670107143274,0.3537769775935973,0.4874911136756421,0.21798093471797647,0.207321858163181,0.3274766900055963,0.1853938007840784,0.48979063643358245,0.4253320499419929,0.03986547685250041,0.3060677103721884,0.1794984616126367,0.15575424387704664,0.03603407402646062,0.23138422588123683,0.0438603700699418,0.48284800726571037,0.35021625852257743,0.2266840794059394,-0.009321881855047223,0.33848584427313655,0.23221086499241014,0.21393014574409372,0.7212572098887089,0.36116956750283846,0.052696576889777906,0.09091960902067647,-0.23197103215320156,0.11743153892519019,0.029310373621092428,0.0238800443248168,0.1572122985628753,0.30270538332114155,0.0690873179143842,0.16094240948987004,0.29325332357955647,0.6567106745966121,0.2878173481936918,0.21891635129501177,0.5823690362786866,0.26730035765969073,0.42109819679116317,0.887817183730025,0.8460283000362218,0.36019112208489124,0.728000300520071,0.17683436093481325,-0.10667742893947235,0.013544122101738082,-0.0540039458446266,0.27047519572004497,0.259548610605404,0.2350868469604643,0.45885365237461634,0.19745377462043132,0.057348713496199896,0.127977330191002,0.18597449111431236,0.45283468143458944,-0.13777208315291334,0.2572794566272142,-0.041742355397862044,0.07084034015913886,0.1837781375839905,0.4151580955715432,0.16524634317037,0.08114220023929687,0.022714845514908107,0.13129486799538925,0.2171733704111179,0.12739722080717947,0.17130259222877706,0.21410601420029496,0.061842863325749474,0.34871353844376135,0.17850887867426501,0.36342114709196877,0.03540332784914532,0.23852319265991306,0.13572802128804878,0.1304235442127029,0.1081361923782329,0.07124143417553994,0.11848411533674415,0.024380749562169617,0.14329730033456134,0.5914511278571075,0.14753783452549402
0.4652866533000535,0.6148823881909418,0.49656982954088935,0.5186773704178039,0.521541975295308,0.291636849939778,1.0000000000000002,0.6139994267903087,0.5092314335874484,-0.0246961559757622,-0.23350025259684729,0.058376426094982566,-0.03399086731613151,0.18979106219749195,0.10358949636677409,0.774675660754241,0.2843644372350125,0.5703225572847855,0.36282723795663174,0.5030913270305711,0.5008581523605846,0.25329529130499345,0.46305921304891035,0.21423219823549963,0.09819624675054399,0.2203751300466909,0.2186304626241858,0.10544150788785958,0.20450041447624434,0.15523143428269273,0.30106353490064003,0.012957135669829072,0.5470699184662033,0.4534841982069356,0.3762420646175675,0.43432713633635783,0.3324315029305961,0.22979232235569402,0.26297846172459727,0.3216266759869065,0.4069733328056841,0.43820231825244815,0.3895832381412624,0.34475268858585484,0.40829987953809405,0.2534549547735938,0.36488452434757984,0.2158668137984904,0.2664572310199149,0.41096898372528307,0.47184287500854055,0.6609254243058491,0.7738650468554774,0.5883800049006483,0.41867454890351663,0.4615819857972961,0.5760055952056364,0.5509200495946082,0.0035835148808916494,-0.1259371146109244,0.015748627152314818,0.04944446885837003,0.3177732842045817,0.3993686124430184,0.4402592019038453,0.07079012755242609,0.6903742320455347,0.4133444829543324,0.5500962131762335,0.6228923792779326,0.6106750151545568,0.45866910485489315,0.5524667294909829,0.41505044385717627,0.3433676549208091,0.30342979518952967,0.18669004429643543,0.1679030864768376,0.03586955552706923,0.10955455353076324,0.5228971302108293,0.533642669138951,0.3173715325125159,0.43719621955203763,0.3343906473036246,0.41493525040848983,0.3700548987354698,0.3033746817617651,0.5059149248216517,0.3967297409412534,0.5065944676430515,0.3063867538078329,0.34522932147450985,0.3422717984817162,0.5407423426938975,0.3764992650628737,0.3152066413591903,0.2663198635247848,0.2706865131058167,0.411959745619549
0.3682468501938174,0.7902423529017101,0.6283010931699341,0.6396201812166548,0.714307815372164,0.4636784229328236,0.6139994267903087,1.0000000000000004,0.5581444617209178,-0.11916962360732314,-0.05061832612054103,0.05029739929533038,0.17075400637750482,0.37621747723892085,0.09067697453031369,0.6940505659912769,0.4162267149914085,0.7977375226597021,0.46730645704589135,0.46717255018989073,0.4544732105233229,0.5553293365014543,0.6175379864597925,0.035157139152174235,0.1750900772815522,0.22462350974587753,0.35286055828874313,0.27564410589307586,0.10268340358161533,0.2755969528146983,0.35347862355861975,0.02717637536658521,0.5568926384728284,0.7801085410945798,0.5872163836089549,0.5129667221489841,0.3802485695647131,0.11576607240589062,0.22981893560296843,-0.1280585415980985,0.2380997265348619,0.35521577423369805,0.4102608841232191,0.23831378122913738,0.5482235320059023,0.18352856021287584,0.4514348585851263,0.40564785469893905,0.21526717914885837,0.223876816509613,0.4673549416022601,0.8000488565697057,0.6875383626043795,0.6073257073046685,0.6152903542748661,0.4554123867631086,0.8968579652186014,0.7109699563894397,-0.014443690935692267,-0.10373524278112929,0.039078081941286986,0.21794017452496528,0.41307345225616293,0.4456576720668224,0.3852660736249915,0.07475506615865742,0.5023407573620333,0.40213266524993163,0.6456157221497179,0.8311057404810555,0.4584871104260631,0.37959241868126814,0.5527217441641424,0.02880263561995853,0.12471043140236526,0.2423205411343074,0.12060063628531956,0.26978800418275367,0.1343280897631863,0.04393025388456576,0.3648026310063711,0.5661915436062935,0.4385732126702635,0.5574909753639622,0.42423729518353837,0.5172471412880504,0.4413829123827444,0.4458417746256492,0.531111884687264,0.08584559073446993,0.4396840340584554,0.12054859247105061,0.12163500911764188,0.28989277257734225,0.2800102835195989,0.26980893176734155,0.1954921272398985,0.37718374343916566,0.14587215168213563,0.14779104666906565
0.13909096381654823,0.41438509198134105,0.6819619391610946,0.25376876613188615,0.5678766290121926,0.8627524157999243,0.5092314335874484,0.5581444617209178,0.9999999999999999,-0.04077243740752933,-0.03470613480094654,-0.05791001837494404,-0.0011214570789558553,0.28448334713499457,0.4117551512210705,0.35853211806636587,0.13574734945161177,0.4089626818714494,0.18988270508206584,0.6166632454488096,0.5120291798586039,0.023871313002123067,0.3070522770284501,0.16866743941196485,0.06724285904353869,0.0969882270012541,0.30713237063675103,0.08322094056748558,0.41070397604514663,0.19824072442344434,0.28677104561427896,-0.058067434287399584,0.4682875996368944,0.2779768893418889,0.32012062113957807,0.8447611439729826,0.4592413926196486,0.09413206455359176,0.1397035124258959,-0.11744945464532171,0.2565508204957701,0.2112651318727563,0.15506898298376398,0.2677916622984324,0.41790977827947245,0.1717199912863726,0.26385154518518084,0.3200276641348129,0.5991326835656184,0.4213109031707414,0.2595666585965121,0.5853575875338526,0.40182463551942366,0.4627471974105005,0.7603230192152363,0.8138448697621717,0.43182823113376145,0.8807643370311461,0.05155555117759749,-0.11187410917698364,-0.012885210776634693,-0.06268272077503954,0.24285873264256136,0.32723347939386227,0.27318006687670876,0.4054621864440529,0.3498439105648961,0.06592838296741153,0.22875630064824923,0.3090607665635127,0.5809122497334551,-0.032036419267171386,0.3267446694134219,0.07791712718689152,0.09515550014575916,0.23052720135739266,0.34613212770535723,0.11681685027728454,0.044613811651588293,0.003992228021416827,0.2460102134633051,0.3991418376892655,0.2662337660901744,0.2904487471415216,0.33906283814972726,0.22375068657725275,0.4218266169174862,0.27266014038613096,0.567241935659302,0.13903872243314233,0.38875080161873626,0.16789030433411004,0.22412501360743964,0.16949255515849757,0.2846236501669693,0.26577595935404724,0.16378258269595924,0.2083535174714816,0.4894960327022396,0.27568106549573645
0.034723760743066115,-0.04090570747664245,-0.14575761943135807,0.15310253736626384,0.14589011544435854,0.06840490287986098,-0.0246961559757622,-0.11916962360732314,-0.04077243740752933,1.0000000000000007,0.6380819667728502,0.47836403325249,0.2745921175497501,0.11118275422732644,0.3255419716135116,0.055413361758758044,-0.05332377624000659,-0.1507507547158534,-0.16898138875697608,-0.2525895795618129,0.05555946142585492,-0.06886515355936648,-0.0157672325301142,0.2817465018363837,0.6339574415028445,-0.07905458179699522,-0.227357137206943,-0.20507339297396696,0.09371910367521054,0.20483117939280648,0.27444180887026887,0.07157181733967698,0.07637428282306397,-0.18286369047742213,-0.2142073897536841,-0.2740228096700844,-0.3222739267164914,0.47146680071634123,0.44840371964688336,0.3578301974837188,0.18525910743876411,0.2586108771061151,0.22605374775434714,0.10879393983455649,-0.11235411448179913,0.07856215021529941,-0.016648432656833554,-0.11717587493307667,-0.017318926106364284,0.07773009620165854,0.047033162117304246,-0.06202823750291301,0.020152017257468364,0.21792721015980643,0.04693055337387337,-0.0008888748760202955,-0.11213470796469735,-0.2108648203243685,0.7979591469553199,0.4145756744927938,0.41997235350481366,0.18827689967917186,0.2931090566701195,0.06344224010648787,-0.09791017796037679,0.3763333371934049,-0.023240541959266753,-0.13130326318599994,-0.2529095999656647,-0.20951755596020297,0.03733037335962574,0.10022568552326652,-0.05018603275504477,0.4342991301141003,0.21889808653713191,0.28009981256297767,0.10229598944263397,0.15396084288095874,0.2295857923254029,0.0256951732561797,-0.11123450405809596,-0.07849488098356512,0.0262322557055648,-0.15064832752167295,-0.2712946233365945,-0.058276375803950814,-0.23993661430227484,-0.21112368028058384,-0.3206028360965865,0.24836846831020512,0.24362051398678405,0.4847428714040437,0.4684108386399644,0.22877476732288315,0.20940503758390117,0.17998947178280172,0.015840383860440396,-0.18202924792628655,0.005542466405404601,0.19609321883230332
-0.1133670733784613,-0.05648041324470712,-0.06084365197844221,0.07091563748604528,0.16830752254556353,0.13254514256310765,-0.23350025259684729,-0.05061832612054103,-0.03470613480094654,0.6380819667728502,1.0000000000000002,0.5589672003941494,0.4050330910743354,0.2820500636119716,0.4440601985677168,-0.10506452442733684,-0.013259625571437127,-0.17337389516670462,-0.0137593502690492,-0.3285574320981075,0.07734593499489127,-0.021828403195824193,-0.028839186015980282,0.3666303620505148,0.4793810945476814,0.01089519080624848,-0.2696427038353835,-0.17160568049871822,0.2403742421398047,0.272775998339409,0.21522376390291967,0.21647375533525573,-0.08417331608151489,-0.10192438116206966,-0.2313700355087004,-0.24093443480587595,-0.28479289027780635,0.19519185347989085,0.14120450362768094,-0.006913761917749014,0.011386487044953188,0.036663875404209186,0.0938404437751701,-0.16573656631874487,-0.0876283999085426,-0.16431101212498297,-0.19400386470888928,-0.24773965265669984,-0.11165516574941423,-0.06711194296837933,-0.13039110438267434,-0.08738036540174145,-0.06962741822821579,0.16598433266542423,0.07402742964849578,-0.04974744340645652,-0.1189014205738815,-0.13512452719452922,0.5642928372766098,0.4765315659780794,0.3588594291209874,0.27747469710852607,0.3128626880649477,0.18314522559918908,-0.00821193230205176,0.42791828493543255,-0.2619397632258926,-0.09399418062864319,-0.24233232213990957,-0.23945901560013738,-0.04884548479636199,-0.11406811331178886,-0.11879990421813397,0.04883136600483277,0.15984399903162333,0.2656433898187887,0.24836010469207961,0.14734684339274112,0.3487767009991307,0.19759895092417415,-0.17430601359799971,-0.19212251822553766,-0.142572531834264,-0.22115708364182987,-0.29735902708460543,-0.24152470920293584,-0.26508351312824857,-0.18887815168439773,-0.45351797828831397,0.06743781620804691,-0.006184936843165315,0.23736821788990506,0.04445797997757862,-0.004699092324333832,-0.11387661849468919,-0.10093531867427855,-0.22780257000539025,-0.32456526835046956,-0.20140595076950105,-0.029491362345985695
0.012597496444927034,0.11514902109122857,0.09072167045229214,0.17678448073443068,0.17162452939214407,0.07729544517765376,0.058376426094982566,0.05029739929533038,-0.05791001837494404,0.47836403325249,0.5589672003941494,1.0000000000000004,0.31351722498321005,0.5273684816342052,0.35678996440340865,0.09513997975098705,0.43789466906291613,0.08469709782572511,0.3094490198614486,-0.18940024973032618,0.19806600548693556,0.33947612520891535,0.34906141813658265,0.5098113867391119,0.43514893482461847,0.5320883363583722,-0.15548804249018375,0.044687429064968365,0.18900016980400997,0.5375780934932474,0.06131182419126205,0.033321625942802725,-0.10770996805766908,0.0918033439362283,-0.019893325664611643,-0.13335725122450287,-0.009909069108453832,0.18298281405710207,0.21250691262530585,0.11457084324209849,0.17327858885581135,0.2576247343104725,0.29927204478005637,0.17868972695725152,-0.02140341827605346,0.060799613012896665,0.0739801822741185,-0.10574495937777273,-0.0068789246013623365,0.06259356635417328,-0.024384979561383854,0.09632467973238772,0.07136046132146262,0.20755965451036776,0.08218844187699201,0.03975328868465102,0.042252592235169945,-0.15435852847618828,0.3967573316006313,0.45133091876546405,0.637244798929289,0.2505641542009821,0.4999092101478666,0.3518768038736763,0.30391326626318793,0.29419402634700537,0.0620838980213591,0.3110493518086441,0.06598214423969662,-0.01038752979190409,0.03485924504647205,0.31405244473976995,0.1347675391340334,0.21794232218723736,0.6646545552648235,0.48476991548404363,0.22444086082626538,0.4038325676218528,-0.015524563218696457,0.029005136291964714,0.21123571236457425,-0.040483569787272765,-0.14298215406873305,0.0076789562003645225,-0.10587825146051219,-0.03762378897407857,-0.03168752425470288,-0.016924618971589922,-0.23644735367511463,0.16003955705960862,0.04409206399804823,0.16443907897736484,0.1796726062798162,-0.013650257519669721,0.14939953051842067,0.0747069411058844,0.026992507310922332,-0.12821510479775017,-0.013042904397757175,0.09898395133740093
0.01713180101890252,0.2744482659936869,0.1306301119582707,0.32646194510180376,0.3018062789778878,0.037501670107143274,-0.03399086731613151,0.17075400637750482,-0.0011214570789558553,0.2745921175497501,0.4050330910743354,0.31351722498321005,0.9999999999999998,0.26060024113509717,0.22842325463415067,0.1564825868792385,0.2402404139783829,0.05393546558903748,0.13029081306065152,-0.14512568493801686,0.14171952623862413,0.2527946623264445,0.28148826274149413,0.007200618716059042,0.11464265971381989,-0.027344586305943545,0.13478079213066685,0.17585466613345765,0.01238332810849154,0.4024471493288369,0.13445038679406568,0.18117926786844288,0.07597752317337833,0.18608221739601247,0.2491529567600108,-0.03853050435599603,0.0031061570207493866,0.1695920349283674,0.30180810806671476,0.09824015424212997,0.20146047349927096,0.11459150512480377,0.3596218302789,0.11154617824050905,0.31701850704615364,0.30693432955088756,0.3576760714129047,0.1953789938566051,0.05213905792410323,0.16415102361432982,0.07497287597706533,0.15502613494188833,0.18717362575176247,0.23229587193075027,0.01984442350095818,-0.07134797673804517,0.1792844195420598,-0.03933288589605821,0.2482561515271689,0.05634082406065375,0.31304049317937843,0.9146275812628518,0.6247981428430665,0.08282496151466176,0.030587377507608576,0.18331942210886176,0.10151457235450627,0.012845070830072042,-0.050096084680992435,0.06700157989305032,-0.03428924826969763,0.20750392965913783,0.0393289062172383,0.16550813913478984,-0.1007257599784459,-0.11698244940061268,0.025000284605956397,0.3254816812148106,0.15501000888881622,0.18791011872857877,-0.03501107876236141,0.1538638473642345,0.1728007586779846,0.11429196025065753,0.20217824258085318,0.29423653962471763,-0.05712215966329574,0.17090954067579026,-0.07643265551880384,0.175850890767489,0.17052810677180638,0.1984100184642742,0.105689054649485,0.09429074202567217,0.060909316391811255,0.10663362777136863,0.2910806147963864,0.2678143821013611,-0.06884062515984377,0.146458887481266
-0.04367086397896084,0.2307628872753933,0.2922609099592138,0.1621305202129646,0.2696599534239375,0.3537769775935973,0.18979106219749195,0.37621747723892085,0.28448334713499457,0.11118275422732644,0.2820500636119716,0.5273684816342052,0.26060024113509717,1.0,0.3387748074839838,0.09448721948384417,0.5509653254558541,0.2607160451994324,0.726132489076449,-0.04754385104163185,0.39174045541381564,0.3830080417640143,0.5561395771603569,0.11948335654973635,0.15726672579436166,0.44717190001235263,0.01009790421470737,0.05475882864173692,0.14247622441171046,0.5146236005316592,0.1622690398401729,0.022189265556954697,-0.013774731369150734,0.287647090278956,0.13222002766061997,0.20246161979183172,0.23466483640865557,0.13164043097864364,0.24930797628873871,-0.15609559202019221,0.0546206935494104,0.18683653838589404,0.21592113583419134,0.14404274298325181,0.1629696309132228,0.06614606624348877,0.12699226837985308,-0.031310907317218466,-0.004520774349862591,0.038942937666255416,0.037250483027112695,0.2894197067927776,0.1717755484621953,0.21106058900702399,0.33974985300933896,0.20590793947646413,0.25221035146192494,0.31797260169454705,0.17453716226344704,0.13960387903430985,0.22005788579084976,0.14083719170459683,0.5456358670958663,0.551627549906984,0.5460409841080692,0.2548746085239232,0.047050037444430634,0.48102918958873936,0.35375121307765384,0.22775150995005622,0.13912459774091182,0.2060373942223022,0.28502687242188834,-0.0357945817919448,0.311049600352301,0.20730900380093722,0.20284726870505493,0.32085391553744885,0.044667861264941815,0.0035140484862159517,0.08154878838978763,0.15257073267955523,0.05091061446145343,0.168318728484005,0.10881568104837652,0.1134155729457737,0.1927388340468659,0.02293104563615464,0.02580274026682447,-0.05941422323756102,0.13581254636030962,0.06647052978509167,0.11360109185482843,-0.048474111131828666,0.09549983158546368,0.0679973236875633,0.039222828297077336,-0.047152771549385034,-0.06913858844241132,-0.026137958215875532
-0.2018890239799306,-0.08527393326533289,0.17612320913156648,-0.11463564195546364,0.11576380439442567,0.4874911136756421,0.10358949636677409,0.09067697453031369,0.4117551512210705,0.3255419716135116,0.4440601985677168,0.35678996440340865,0.22842325463415067,0.3387748074839838,0.9999999999999998,-0.016828969220523623,0.12376276383876364,0.09992519144849686,0.02301820670934388,0.28182069567425205,0.6329553631383307,0.08289122666775818,0.4079478114316026,0.5869321817725235,0.1840980596889382,0.11650996138702162,0.20236728838995305,0.24644394603080585,0.7864983158368003,0.569253344980522,0.043167094449556534,-0.1786380449888147,-0.07236174867959635,-0.0377658775944799,0.09195470964773271,0.24220038931652454,0.16796021963578753,-0.10676152387747664,-0.09495496701621646,-0.21376878824931672,-0.10056514436787485,-0.18798415171628768,-0.030584502343326887,0.13360313486908088,0.10671651599610003,0.048168674887703454,0.014595653246059102,0.08301427270129606,0.26111513617438264,-0.006075031658022706,-0.10430378024464819,0.11082131826985542,0.015440120195100217,0.19933194685808756,0.289320520117429,0.3729680535705059,-0.06406869302015093,0.20149600221845104,0.21630377295411676,-0.038686655986167176,0.06844792092410387,-0.0035909830584709194,0.42458403528597244,0.2451533046510197,0.25824449390223453,0.9375906604332379,-0.09169927054222532,-0.09955235913765124,-0.0749510057596774,-0.055447890379554464,0.5365849354825838,-0.014997609928689055,0.3587002499374636,-0.04259611188988926,0.18348485835657927,0.13711836715917566,0.7583058710634378,0.5137051578687504,-0.04759177181890236,-0.09721395233988728,0.09309370645106066,-0.08655161334701877,0.004159406275828306,0.006888553685357203,0.241349924642696,0.031324227295984455,0.06705380103259106,0.19021574046317177,-0.058047686132980246,-0.06565636504495626,-0.033140373770012804,0.04192461695584178,-0.0036791028596977445,-0.2428869109150056,-0.05988212791539682,0.13322544267129668,0.01917638077171048,0.086312629592088,0.2724185234358224,-0.037484546197579606
0.6690770169405895,0.7869290170533967,0.5025192195644439,0.7560516489263177,0.688887149857427,0.21798093471797647,0.774675660754241,0.6940505659912769,0.35853211806636587,0.055413361758758044,-0.10506452442733684,0.09513997975098705,0.1564825868792385,0.09448721948384417,-0.016828969220523623,1.0000000000000002,0.25674728382471973,0.6489359474294812,0.2267557282438364,0.35688253938834824,0.2699950349355536,0.38809139190246245,0.4831714307363705,0.10893584958917907,0.23019639373879694,0.09675048673843226,0.20212973864787154,0.07658108791546153,-0.004683930371596001,0.19659359019610625,0.3867537491224773,0.18369728112902683,0.6627197440766097,0.6072091784712471,0.4274507742498833,0.33802001127893033,0.17302844617098354,0.2935573619877521,0.3309671463051864,0.33277066042587816,0.41360624324525397,0.46888633876866936,0.46889929652135653,0.26978027038864477,0.42774324371613937,0.2826018196979043,0.473349704044699,0.35397461966540833,0.20060920807478166,0.3509005620952698,0.6830971893054341,0.768135206488235,0.902898869277039,0.6988591824922512,0.450153911494789,0.4099133118988969,0.7370686165642605,0.48305821598522825,0.10605884993206935,-0.016912854124703332,0.15579613230559725,0.27210816216911055,0.2912725239957995,0.27852370666457604,0.23017149139526538,-0.03663467490110579,0.7237906984190268,0.2950345971337664,0.5151547936040688,0.7246878771175452,0.39997836544314824,0.48440106891044266,0.4529985917814915,0.43351896818003255,0.2461933485271201,0.28115147601305873,0.005352701096638799,0.19793641757821642,0.11920671148162969,0.23237463002733513,0.4785497819400753,0.577938177685428,0.3424780667219739,0.4663881640577086,0.27210468101484503,0.48839719266602283,0.23819809041857984,0.23772113887397886,0.5048779557826295,0.36646217173450435,0.5503513898103928,0.3695092495487661,0.3062725688485167,0.45771866115123255,0.4579438588691925,0.31952846659521167,0.33142352110839624,0.3241907941927462,0.22121184738909785,0.3828114651936386
0.08306866891849415,0.23224556775269894,0.25367498674713496,0.18786771328702515,0.23927573288655682,0.207321858163181,0.2843644372350125,0.4162267149914085,0.13574734945161177,-0.05332377624000659,-0.013259625571437127,0.43789466906291613,0.2402404139783829,0.5509653254558541,0.12376276383876364,0.25674728382471973,1.0000000000000002,0.5899353619263891,0.7564947162132241,0.2616706092633595,0.49359172841077886,0.6753819938735848,0.6569942975572515,0.31451302664584485,-0.06287154810703942,0.4975084630143295,0.25487415865360535,0.3565691654392168,0.15980183134511547,0.4460240346929907,0.16121868954721058,-0.012393736820719802,0.025119332640191512,0.5461970799226121,0.38861365869195447,0.218928836193062,0.31987577842102044,0.062103199987864906,0.15649336607884898,-0.11449433791201856,0.13410072201865528,0.14474836534104873,0.2727147703054128,0.35551071134136664,0.3105732708865615,0.19383527050225777,0.20821087130145777,0.17396600269696075,0.06830942025668924,0.1861002057033693,0.09127111781004461,0.3529445030773141,0.26108109131014146,0.15778454352174645,0.25668276603130163,0.19669032577883794,0.35087491850193997,0.18564014020220154,-0.06461041645481275,-0.061838851462587004,0.16045971867521286,0.20859971624715282,0.5034984177320054,0.3737095348392874,0.6076645687056045,0.06424484138972343,0.23355876091094313,0.6955530926567862,0.6028919252298768,0.48961513423032976,0.2773598480556793,0.5512174310754747,0.4748731019478313,-0.03869529374635851,0.5095805155567262,0.10616756583992937,0.2935543701978318,0.46893312369478335,0.05077154117447501,0.006816524053203271,0.4419251029574839,0.26519163629076775,0.13523257635991873,0.3873809588637751,0.44193639218935576,0.3364818237343439,0.3547676987962558,0.35176326432070903,0.2566227161676616,-0.030747026132905853,0.09039943289000221,-0.045118123325827666,0.07099422629630503,-0.09767391921101884,0.07005682310664947,0.2761400035546048,0.24774866606297244,0.24207932812294536,0.10037828093915668,0.1719954884558298
0.31676063863656306,0.5713190127370756,0.5026236421007667,0.4478624967621103,0.5229154165277863,0.3274766900055963,0.5703225572847855,0.7977375226597021,0.4089626818714494,-0.1507507547158534,-0.17337389516670462,0.08469709782572511,0.05393546558903748,0.2607160451994324,0.09992519144849686,0.6489359474294812,0.5899353619263891,1.0000000000000002,0.49005187281887547,0.678795550194626,0.5675666291136405,0.6824841644785671,0.689519501434215,0.26309106084098655,0.013772288349948168,0.35196724611592933,0.3918949499239894,0.3805207396452662,0.27436644956300454,0.26966358510763583,0.2680333016452289,-0.03250735434381441,0.4241389956932296,0.8761976636662246,0.60526544439165,0.5056648894603102,0.4198329093403941,-0.009154628714711737,0.08079533598890414,-0.11124509106931295,0.22081683003582928,0.23409603077881222,0.33508345909492243,0.19885064096114594,0.4584951280968127,0.11816412150289349,0.3862645366001174,0.3891144022772697,0.15900016426913716,0.2252570700973211,0.4024379111549195,0.694829212784911,0.6043454947489098,0.4859925748498182,0.4823090581400602,0.38234272262394037,0.725109673144734,0.5505081989231733,-0.20581759446865036,-0.20813918826676725,-0.08246751078555059,0.11634665209097196,0.34711149825107807,0.3587458264635596,0.44090503289628014,0.09399464850144101,0.5343553844871837,0.4723705779020121,0.7747149541816001,0.9057173490425817,0.5519197893720087,0.5251887591927181,0.6243612629693754,0.01404918913518325,0.23399233178194578,0.127054419545093,0.327145423953874,0.3393439558930107,0.07790461914428198,0.0068753579290894,0.5696692879805371,0.5708474721191684,0.40270734754726584,0.6571101551260862,0.5100758318228015,0.5468093429018096,0.5224521941316197,0.5063468971695311,0.6559392224216554,0.04321435520512958,0.31415015020770903,-0.013151749376932111,0.04695593048321273,0.14973691812690754,0.23808930010683058,0.2396699068722153,0.18446970935320212,0.41051460112157695,0.2261514593743933,0.21365093618567116
0.05656731926133162,0.29801910187588604,0.3182586241086368,0.16491733908575223,0.2263189766100213,0.1853938007840784,0.36282723795663174,0.46730645704589135,0.18988270508206584,-0.16898138875697608,-0.0137593502690492,0.3094490198614486,0.13029081306065152,0.726132489076449,0.02301820670934388,0.2267557282438364,0.7564947162132241,0.49005187281887547,0.9999999999999996,0.16936049953510243,0.4609448556381684,0.5124020060716287,0.570846035258111,0.09738244698060723,-0.1301341704792456,0.49248838540852696,0.13306408898686342,0.1573392767714417,0.057605817823481675,0.29232895164434913,0.11493598022927742,0.047319738446992596,0.03955067872552851,0.5219748902189485,0.29914149265501583,0.2352535223997706,0.34616647191847744,0.012893426259135178,0.14223306849040154,-0.12589595243678703,0.10909520972076402,0.14076089934360247,0.19302821912498005,0.19161260013915504,0.2778233972088543,0.0633949028468239,0.1423552404040188,0.043951298768345366,-0.03826570552611051,0.13852801955312122,0.07739289448133586,0.39083960950861774,0.3235159544109853,0.1797126300168862,0.24878146224399764,0.12795374015912153,0.35293264182405537,0.33368621287419825,-0.1482907410904304,-0.012206948973972166,-0.02184446435620037,0.10358260147629991,0.4306315032059157,0.6279448709570421,0.7745617770036362,-0.028963151067199613,0.1680773168842686,0.8271945958095426,0.7222762714001663,0.5064568320327223,0.2920159517720684,0.44610798120865863,0.4832089295714994,-0.09112174938880947,0.3618213159177723,0.1027979143154478,0.19512399425305044,0.2771971218566101,0.08704351822400185,0.08280045178851494,0.3203991617365991,0.3012246496472391,0.13220236131154062,0.34362294634466234,0.31679670271590127,0.2745996517900954,0.38172387635453203,0.2277530375111378,0.2453467221655207,-0.02592616691027803,0.11268809264048708,-0.0942986494869107,0.017128013506994187,-0.12297649513418274,0.0808985624200341,0.1576059330987315,0.14242742132248504,0.1121615693809439,-0.0781319125238523,0.10050211040668279
0.14581890372978573,0.31830862003169696,0.4788770527827404,0.14666743363467877,0.3360841534676068,0.48979063643358245,0.5030913270305711,0.46717255018989073,0.6166632454488096,-0.2525895795618129,-0.3285574320981075,-0.18940024973032618,-0.14512568493801686,-0.04754385104163185,0.28182069567425205,0.35688253938834824,0.2616706092633595,0.678795550194626,0.16936049953510243,0.9999999999999998,0.5900330750770935,0.23909626710535067,0.41067045833920923,0.3080869950075749,-0.24719306649148956,0.2019237663172271,0.5790691474816096,0.36820391076429093,0.5588089928163792,0.11438431464986576,0.14815033472374312,-0.23162195331033586,0.3216858438608126,0.45364406307932853,0.4937986884544029,0.656448586658086,0.5184537955755806,-0.12923337375877725,-0.08232420212041053,-0.12180568490876391,0.25928409088396537,0.040672436066057346,0.14702507400592865,0.28883801015056393,0.4339208140942922,0.20946252954007785,0.34954706120877066,0.47536043442014725,0.4638728382693929,0.37407011414959074,0.19810081199152307,0.48960076591876894,0.36516812093241985,0.31683792727971505,0.45652523506184634,0.544802420591248,0.3670842345012379,0.5820067052534135,-0.30667652444981464,-0.4178107292885437,-0.3152808579486221,-0.11436818005660478,0.10723456520945257,0.20359325159587838,0.2972703844561655,0.28615383165279085,0.48487971834046517,0.19018372562574412,0.4711946764461489,0.5505232949160948,0.7310940424769791,0.27891933282434095,0.5401836132060288,0.03579478663296947,0.07104018648862229,0.0023377510353747373,0.532400360744994,0.2058534536135481,-0.0221201125386159,-0.08303907133964254,0.5261717082215219,0.4893782606740998,0.3549803455910672,0.519296316207498,0.5948974941341612,0.42285769729975015,0.5198513087481113,0.5363150768749447,0.7172374541354911,0.15735922403856092,0.2057687142257718,-0.04627121767430898,0.06851910280533896,0.0520967305600075,0.26318559302085787,0.3333121360120003,0.28315920298296127,0.5030639536715018,0.4938338734942119,0.29656334359241915
