0,1,2,3,4,5,6,7,8,9,10,11,12,13,14,15,16,17,18,19,20,21,22,23,24,25,26,27,28,29,30,31,32,33,34,35,36,37,38,39,40,41,42,43,44,45,46,47,48,49,50,51,52,53,54,55,56,57,58,59,60,61,62,63,64,65,66,67,68,69,70,71,72,73,74,75,76,77,78,79,80,81,82,83,84,85,86,87,88,89,90,91,92,93,94,95,96,97,98,99
0.9999999999999999,0.31397416317885984,0.4304115189743501,0.2004090133408878,0.17212250427481676,0.4009103163436783,0.3281516146284793,-0.01611222545539397,0.2804802032186416,0.1505923528526286,0.1967639957946942,-0.2644507469172345,-0.14351625306079877,-0.18185213468617806,-0.06150100479507208,0.391039109866937,0.2703725197435605,0.10110872638556634,-0.12796638429314186,0.2677285411352085,-0.10042395882867843,-0.21249639140033896,-0.16415975388733975,-0.1883396013238364,-0.14836366064624326,-0.22315656480181092,-0.21636163666419528,-0.12618074846379057,0.041718662614000514,-0.15664756074690822,0.14014593051454,0.1681636428209826,-0.16191041644204363,0.042048143903950584,0.1834009795920322,0.557586658855102,0.2182719264598867,0.18469508356406472,0.06981450604981287,-0.007634765561848714,0.4216891667672249,0.06618257588458805,-0.26098907119281767,0.32202865578576306,0.09184407168997179,0.13628039915460266,0.0577348933045517,0.005595940164250625,0.7308684904503283,0.6000996548020127,0.4787016820056825,0.4177883044255185,0.3878987269224427,0.22053253592280067,0.3148249766613091,0.47670470258960795,0.27251072988573927,0.2994184860280376,0.15629813481529967,0.23780774849280964,0.004412231460137692,0.05769961617489369,-0.008437407966550658,0.22230905500261008,0.30622043564694734,0.06938440743302295,0.2730726185247527,0.06831141124215305,-0.16749519260448784,0.30571597943871487,0.08552503419571286,-0.34350112672717975,0.13843487235936164,0.01297505106620753,-0.35793970552249804,-0.1554652994464369,-0.09760703727523733,-0.26706632922624957,0.16269346489564326,0.29143465272501706,-0.5193021057096808,0.41444982825479526,0.1766730457226181,-0.35913782863956595,-0.40624123867769213,-0.4320515891724742,0.06909473889083227,-0.19304722304399013,0.39351328388899454,0.07725108200576039,0.13390297001622578,0.21129849768275455,0.13244381485139856,-0.004715990692949835,-0.28905683456485187,0.29175287819679335,-0.11438780956903415,0.285246987031299,0.6787689561955617,0.5540233658193744
0.31397416317885984,0.9999999999999999,0.5299335492376368,0.6880678370420965,0.4906142461740849,0.38676100285922504,0.5949111061492554,0.450190387644345,0.6463274321862659,0.3386942325633668,0.0764749541493869,0.13148780825077036,0.1702006334612896,0.2394683058935972,0.21174782220338298,0.5506960797175512,0.026762778029552535,0.22123573622497214,-0.04111659059673085,0.12575598554188516,0.2596159230010192,-0.12881695465939771,-0.08553003033096057,0.1294133391096599,-0.021281635435158108,0.049024354498492226,-0.08022252717744362,-0.31767755630832745,0.08331503788134272,0.18511123096348792,0.32763574166639153,0.006547338504686455,-0.18137453192167158,0.2533151729971025,0.3875256790376394,0.4455167514559938,0.29108022624803964,0.44631887846747414,0.39151536256332337,0.12427275469324764,0.31023357806556723,0.04103778341286668,0.09463004838591164,0.16345999275819986,0.056237461162557144,0.03996785412240573,-0.02323102492038184,0.06233535499366066,0.4490668836456284,0.4595218512513066,0.30133071870953587,0.7269628277980756,0.6289704090748196,0.6696513352120393,0.43431383020095793,0.39815211659708927,0.7062433279491958,0.6748885944487883,0.44530704990083725,0.3089964628284712,0.5555872992268034,0.22624848811556908,0.3136917256182674,0.29760551550976927,0.418144261168271,0.25401701474101723,0.40344888741256835,0.2084762730741405,0.11511074310304578,0.5813834424099763,0.4065303487696803,-0.031157331439669967,-0.06859697722551802,0.4161479844484936,0.19586411747691995,0.1346942778061959,-0.055099713472885184,0.014458546372710842,0.20961368130527722,0.4598183708729872,-0.1025758538469969,0.36158399868946994,0.3216870742960467,0.11064287618591961,-0.1410064845674479,-0.2640167015719832,0.3855651597816775,-0.27810664710485467,0.3591598764512155,0.20717398496963485,0.12232045273777892,0.2500101357756943,0.30358232959563497,0.045428967648098846,-0.1434554934229946,0.33586878981410395,-0.128440827780919,0.16446962462525483,0.4342118690781327,0.5207357082953427
0.4304115189743501,0.5299335492376368,1.0000000000000002,0.24264587223715015,0.0950888055722303,0.3909936308495932,0.5014194272432099,0.4131114274288751,0.66461719785024,0.3449623136774486,0.23198200909038116,-0.009480252265663937,0.04028819758235797,-0.19685514242068577,-0.15564163328294436,0.27680237036349253,0.04487641931612479,0.06737540588156218,-0.2935908772058044,0.07796605236794804,-0.1762821437651581,-0.051857062019310424,-0.3456059416366424,-0.06885625234873695,0.2146713476416508,0.18142218718528996,-0.19640994159722092,-0.2084323158970311,0.1472626021982894,0.07592918097919497,0.2391479204038182,-0.09181648069482266,-0.12631740710275793,-0.024140756975363574,0.041112707695450924,0.4137557172100988,0.24220050662957066,0.342539918006391,0.20312065599127208,0.0024736908059147258,-0.02731607927629255,0.10642432052090209,-0.16629645462267253,-0.07556592229968058,-0.07962021780323096,-0.2585582322533855,-0.33047403680607096,-0.19007029937473324,0.34066904904230483,0.15132357897598564,0.08647990714926342,0.5101389299141941,0.2708550920459037,0.12762681476749388,0.38075793414992565,0.5556205799281585,0.5133371197277308,0.5260107250380015,0.32498210143225625,0.2334448954327141,0.3729964475314681,0.08873073357736838,0.09960790663723765,-0.04448668075472917,0.015932126970136556,-0.14137567428446876,0.35988893655578647,-0.005121188069454152,-0.09081430105973018,0.41586979308862265,-0.044244492659204694,0.09186579599968007,-0.027038916171783157,0.3403996121507399,0.06811886923595184,0.2346388253238688,-0.03684756858343287,-0.01724924322855416,0.1722226152273649,0.20943718306298584,-0.15588274283507414,0.24224108993346655,0.33813821488458584,0.039308769498598156,-0.10317653279378394,-0.1707632240574079,0.2653269177514224,-0.15531564614000457,0.4689817808809154,0.26283276186052934,0.012353916111206505,0.29427788089153356,0.2018194069268106,0.19293916619791934,-0.019337008434367156,0.14814573527784314,-0.18211407478901628,0.07329021076622783,0.41694561553021914,0.23314584583893355
0.2004090133408878,0.6880678370420965,0.24264587223715015,0.9999999999999996,0.49118171400649624,0.13198520422385743,0.5368409850421333,0.47868278022666017,0.42612156175635235,0.24533761310648922,-0.19762185713611818,0.024820743666562516,0.18163589657786536,0.31757088636402453,0.2260072242842945,0.3867066056711879,-0.2958965119473715,0.33331702624756737,-0.03753951932193912,0.1480567781798696,0.3952544533605001,-0.25830911877387425,0.19607027352890116,-0.13905922155540312,-0.12880073983012968,-0.07528751860290953,-0.053179541187897354,-0.321755618740115,0.14930497515138946,0.06440442283100316,0.016124360149352753,-0.20945178570261136,0.053888749074406404,0.30420781456101953,0.18002601668492224,0.4066947994952507,0.2800911329482214,0.4056619662644422,0.22135248226507173,0.26276609988674526,0.40806117668004516,-0.1729030303977946,0.021779806613540845,0.2328700806596552,-0.04975306276863278,0.33611435850907895,0.06788003575993913,0.29471770179657364,0.4539521673313742,0.5227315689626203,0.13293536803141273,0.5668685093643099,0.48459828735130583,0.8177429181151756,0.2372032799473812,0.22694313894678836,0.5923331045144742,0.6160483080384408,0.2921821665583631,0.1177057314187489,0.3190480688362172,0.0446236908162938,0.2997401839252314,0.36064309764382146,0.3890801063128945,0.2268905931794919,0.23348492250940758,0.02416269239258242,-0.03581040505423076,0.4261989598304326,0.48290186355642667,-0.2967733876582049,-0.1373177735764503,0.1567065350610353,-0.06955248646771357,-0.15924161989556665,0.037534477779425285,-0.16595400139787506,-0.005927471790282565,0.28613606621364507,-0.14338814585446913,0.2265854460867387,0.08028740500817226,0.02643261700290978,-0.046217549829999566,-0.2793499211226873,0.41335273404223477,-0.3478629965618055,0.3141212254956119,0.12067000393571907,0.2686133449891311,0.18349036263549276,0.2633579869043107,0.080761438217203,-0.25063723644302716,0.3765994315793147,0.043896576876353455,0.1324136032471678,0.3949651532879945,0.5012545231747515
0.17212250427481676,0.4906142461740849,0.0950888055722303,0.49118171400649624,0.9999999999999993,0.6787689884160742,0.04752626119091843,0.18760680627371942,0.3745411835745197,0.16507926440611695,0.18483696286346168,0.018955729690022693,0.051567616263846795,-0.0516321005389755,0.267898330207925,0.20726981039842363,-0.1314684503535567,0.013986927789460733,-0.3003455847918891,0.040356256171635706,0.379391967980448,-0.30283083683252593,-0.19846690583707385,0.012129027682787204,-0.12068696096760603,0.13807435487568245,0.06272936376468852,-0.07921014544778468,0.04323344102613294,0.0985847662267182,0.1706466928593304,-0.05857763697786799,-0.15210607946235,-0.02641316862582964,0.14268876343327822,0.30765569750354715,0.0334495844297568,0.15498757700928742,-0.06067125102788271,-0.03745685342449259,0.1388036532588539,0.13398359364291065,0.027850255700585306,0.3877607338237592,0.2331191808363304,0.1434637729087896,-0.10092101358752305,-0.08994503066060762,0.28255523662306625,0.35694477287701987,0.08509658632403634,0.3675139299275384,0.3318507372182777,0.7270055271817194,0.7360838051771232,0.5023482542134527,0.38779579066142156,0.4655139024988584,0.4285429181284177,0.36911384500668126,0.3906631459944515,0.261692098585087,0.0891024430217447,0.27080128527213543,0.2393924618962199,0.28576877796198313,0.08469738352573712,-0.09995342598791544,-0.19700772623892648,0.25554331766548266,0.35805285663227093,-0.3337704362068652,-0.12592596942207435,0.13107076977789958,-0.07036088704276103,-0.08277510269922488,-0.19328034291068935,-0.001228362031711378,0.15752720592206143,0.27558035656572927,-0.1974458501975111,0.017014072400288224,0.039851374732489446,-0.2294448098215353,-0.2041406672629288,-0.3528100047919771,0.09093692852352862,-0.15990012436566947,0.16743435887574112,-0.06415106879198271,0.18913296086084294,0.03736943403118801,0.17670860627696872,-0.05559712515533594,-0.06427432576800798,0.34614811121602534,-0.16589652315875955,-0.011394552214163219,0.10941053747677928,0.2902537093548744
0.4009103163436783,0.38676100285922504,0.3909936308495932,0.13198520422385743,0.6787689884160742,1.0,0.2440573509860433,0.17902037044988203,0.6257829904541904,0.21796931785863646,0.41348550577600235,0.0689342918843729,0.13782959891546195,-0.1655669011584968,0.08174410170322498,0.32443009321973987,0.11875971581517879,0.11755588662322744,-0.21758856483467823,0.137492737551494,0.037276057846784005,-0.07560063244224183,-0.2867901338681359,0.011697725285445526,-0.017984918416170035,0.34400529561693755,-0.014857762815211359,-0.070538481443196,-0.007993002155870513,-0.06364903760447756,0.2797988433759725,-0.045310180020348506,-0.16909990827675908,-0.006649592920004415,0.1861559627939541,0.43940388099855715,0.10908392995365432,0.0899326271361343,0.024850511420383244,-0.056663108744616046,0.10192049763662966,0.2153510300695233,-0.05716792355232531,0.22713898110418324,0.2510330190887368,-0.08710482067352901,-0.272834007467739,-0.17285407669548158,0.4888609012219981,0.29601975514506657,0.21862256965341254,0.41333704290862566,0.33186331658199725,0.3596358344414188,0.889354748309934,0.8029601356594973,0.4223503494273332,0.5169912624421152,0.43157509653689524,0.3887597672324838,0.34892293380246103,0.28725075830031854,0.2269963921187747,0.21986633927244698,0.1028553286028612,0.13907961606129182,0.244793938552071,0.09268079457594793,-0.11796682393518373,0.3786057463306673,0.2046635719341347,-0.13108075574298753,-0.06891095923948835,0.22724239774105082,-0.025064563152610284,-0.006046688152911157,-0.20307677575996402,0.04053924886712198,0.2032474474314315,0.28081710058480297,-0.31122361884667443,0.10694467533954623,0.1690532644828565,-0.18649070555874186,-0.34060864018898523,-0.3254880638924374,0.1134128745211617,-0.11554213030632518,0.3281353151279928,0.035912326068191634,0.24107081423507057,0.15441636996996305,0.23221768915797278,0.03727914517414119,-0.04247514749054184,0.23681171220189817,-0.37760480792311946,0.019638805936065328,0.39705001934218764,0.25758424414247
0.3281516146284793,0.5949111061492554,0.5014194272432099,0.5368409850421333,0.04752626119091843,0.2440573509860433,1.0000000000000004,0.5161280103689201,0.5974649455534641,0.42655438834373083,-0.04927884423768042,0.16759430138712214,0.38637803835155743,0.3383949394845119,0.11714096924252113,0.5737377853355596,0.19230689517275304,0.4330485881059553,0.23427538904034234,0.1465480695341147,0.17486594156152735,0.059565895285506154,0.1387592064297753,-0.019290309107540198,0.14392696261271345,0.11168160964858816,-0.21467843198651643,-0.1806343715484009,0.11774584666947846,-0.04343859230272539,0.014846041261373353,-0.23873026106162315,0.15483648728722224,0.3000469716342766,0.2700558543165218,0.31137279242403615,0.20006375435488874,0.3546217893004333,0.3424813221583349,0.24554466526675592,0.3924893977303903,-0.1386061301045988,0.13404080356692674,0.19601046291749136,0.0425080240490113,0.12894073583453153,-0.1327492395430739,0.24246280516999505,0.4781658300025625,0.38530208400065724,0.26065661789608197,0.6206578646964007,0.5733202063344811,0.35372744071302875,0.20284217146980948,0.33049199376357224,0.610624645908888,0.632522641090627,0.3819640003249671,0.3002567725367518,0.38975541031330385,0.09704266372593703,0.5075093015833498,0.3837374634711279,0.38158776774774494,0.2596019914410858,0.45195048591459797,0.39296348010642185,0.2310617942330296,0.5120160508969706,0.36843375476819606,0.004541411547041818,0.015347947905274838,0.2934743468089205,0.1716657592273241,0.10619058302392051,0.06525519447469091,-0.13452685736599143,0.15990292124598002,0.2099251071252302,-0.23036200710430438,0.22791190752722207,0.18297481377188485,0.1948609636644217,-0.0873706522931213,-0.1578867334221705,0.31875747689588063,-0.15995930073938272,0.29265160670093404,0.17267840644101465,0.17255478623627027,0.2531730634845187,0.32093405274952513,0.19691531166903378,-0.2386207195922052,0.2840540518580577,-0.15392152181341523,0.22062962456874857,0.5008199701637693,0.3843208491531301
-0.01611222545539397,0.450190387644345,0.4131114274288751,0.47868278022666017,0.18760680627371942,0.17902037044988203,0.5161280103689201,0.9999999999999996,0.6850785328290114,0.3382486348021627,0.02251722982567766,0.2970721680228712,0.5530997931758886,0.20854845342404046,0.09906637045609916,0.2636576700850836,-0.07273147190775607,0.3829683147144326,0.0675455461254362,-0.037981752430442134,0.014709604926155698,0.08056148967347085,0.07898159756003074,-0.02909237613070214,0.12387192071811891,0.4684594526611011,0.1535864659079572,-0.03830273643279663,0.16468777073208843,0.24149873091868074,-0.04636136156576687,-0.11417546246447137,0.02190065673907244,0.14069882759219166,0.1285641329844093,0.154309754121646,-0.04011082456328801,0.02450487602761111,0.11574806922371737,0.16412017504024132,-0.1125353403973991,-0.022884739899223204,-0.0655500051459577,-0.010156791076769022,0.013381246466582428,-0.06410054638739811,-0.4645429174052657,0.029646742079053937,0.11311644236191497,-0.0230168390141144,0.2634217598398592,0.5208573924736178,0.2760174395434356,0.2807639735494842,0.24350268545172424,0.23041811937477144,0.6222108073845671,0.6863163095526442,0.32957845832443383,0.37592997926321026,0.46321309074628025,0.38482331026758565,0.40281885123212297,0.24529555619776744,0.14296746070001848,0.09281627861535063,0.14789053802629412,0.032694238208297734,0.023369966627065655,0.29288043320756935,0.18255411696811588,0.1415433325811804,-0.07966934734874856,0.2060824171254394,0.1761918217213548,0.20690752206389007,0.06538225000973014,0.12201132785337217,-0.07504928610863454,0.10228939012743181,-0.03903093241151086,-0.15486630573261295,0.06830962658338346,0.1693342905839947,0.12151686628222026,-0.020531703336320727,0.09263682057521343,-0.13181115499267246,0.23225625096958244,-0.0024901556678920177,0.12844157409941778,0.04502567830336909,0.11148031058387142,-0.003116414448037568,-0.008864707063837355,0.04618687832890821,-0.22346448313184505,0.021235247862229314,0.06514675539192963,-0.0283985995514112
0.2804802032186416,0.6463274321862659,0.66461719785024,0.42612156175635235,0.3745411835745197,0.6257829904541904,0.5974649455534641,0.6850785328290114,1.0000000000000002,0.41360097603643775,0.1728950697540776,0.32584218999415593,0.4068186342132467,0.05560638344647732,-0.021785801504018158,0.48565757475388743,0.1495502977146776,0.3717803762272848,0.0014394046140959581,0.09592147984718606,-0.03335917485956583,0.04305635892311681,-0.10544367514389012,0.07012427265030512,0.1073369511990741,0.4726687005918446,-0.07137875287739663,-0.24486186108586658,0.1290186261283894,0.17066714668485086,0.13075423670382852,-0.11031827305159783,-0.09051341607772384,0.22224492511756067,0.27867534070185335,0.4962492737640692,0.17825300686088857,0.18289841162265477,0.23566828518686744,0.1693295887871093,0.0532236577223614,-0.0045232847035577076,-0.06085276361976267,-0.023044933555003935,0.09017193422772458,-0.16829956841771415,-0.4647528663555878,-0.08316788868636461,0.4921650628190029,0.21169491719841804,0.36620258871758415,0.6725908327181025,0.4652776266085294,0.41256650227882813,0.6186681079109425,0.6755904294762002,0.7404398973739759,0.8477074318511137,0.5253255677998765,0.45979041653173625,0.6098856492220281,0.2797916165201322,0.4113299950532361,0.188783663975993,0.09835153170690138,0.01727458901843389,0.3984232704745034,0.16319890485884667,-0.0016807431651573077,0.5343096965311157,0.17135993351785692,0.10822213551731687,-0.13304642652290144,0.4389921713929923,0.22898725951991333,0.2590617078073254,-0.10228442398086855,0.10626143069470713,0.05705963853119262,0.31019580625440096,-0.2659493001688271,0.06833018825318808,0.24352609236978293,0.08525920028149551,-0.1559669653838099,-0.2490633330105952,0.2288475834008173,-0.25068566533689074,0.46049390450877037,0.1818788158119093,0.2115972727934785,0.21973667973911298,0.3320071578709132,0.05528485824724237,-0.1239262244773655,0.09221872735610376,-0.46629272535445226,-0.029463512349198494,0.4789060932311341,0.21583362838823525
0.1505923528526286,0.3386942325633668,0.3449623136774486,0.24533761310648922,0.16507926440611695,0.21796931785863646,0.42655438834373083,0.3382486348021627,0.41360097603643775,1.0,0.16600685119451938,0.5205704952728415,0.3239913943054187,0.13569756391077023,0.09277722040638228,0.3922012047539933,0.24271067506649435,0.019894063782163435,0.023227332910777065,0.05271809013393433,0.13266252845974208,-0.1434711376088722,-0.0849672786412369,0.22567737918986555,0.651478594155353,0.4041536959521298,0.08224994599060144,-0.16804126169941522,0.27979801848623226,0.1112650155621755,-0.11142390960413096,-0.03722350817389043,0.2007922103894295,-0.0885486912225556,-0.13836232814167748,0.09546978552236213,-0.04648548844879688,0.21450889579199095,-0.05818650186150111,0.3508444304738416,-0.06537090993499275,-0.01034276405866815,-0.34954179519611583,-0.05129728593137783,-0.22412753042239703,-0.07978365251096238,-0.28031127611809814,-0.1479980297776188,0.19668896941063924,0.05356382426084923,0.15766785524518726,0.19866050182232634,0.29263737021977987,0.15960492577340513,0.18296632935050752,0.25758510103130955,0.19472344179038298,0.2138398900046438,0.7040987003236492,0.44079649739908655,0.5087704067695596,0.35107106501178237,0.5654448965668704,0.27240643593845454,0.20836873493861566,0.16019161566706483,0.2859285440955007,0.19514805539842758,0.1137705355906163,0.016190389365229402,0.22152776387967676,0.11230194595681162,-0.08831863631093366,0.3475595414174669,0.41725138596154515,0.3434895093257117,0.1728307566074607,0.06220909209771968,-0.12412259277227353,0.14507909097629576,0.015228814437056853,-0.05497506723438627,-0.1968284059108852,0.07605987563211733,0.14714204154928803,0.07943497133361993,0.1766343047664808,-0.06204885393786407,0.12176534680924479,0.1972548920478783,0.26929221192343294,0.347570668450193,0.3453757338058158,0.26695916479609055,0.1717612448059586,0.07565775141387891,-0.1138193278355583,-0.030805204859319618,0.12400806027013547,0.11596525259527427
0.1967639957946942,0.0764749541493869,0.23198200909038116,-0.19762185713611818,0.18483696286346168,0.41348550577600235,-0.04927884423768042,0.02251722982567766,0.1728950697540776,0.16600685119451938,1.0000000000000004,0.12377225265702425,-0.11130878232290217,-0.31856386397399544,0.15752352215675894,-0.032699520090971136,-0.025115109223108927,-0.21114373440059198,-0.2958972969560957,0.2570234055473822,-0.0646585360574686,-0.25159206590292604,-0.27993299531363736,0.27191495848346803,0.16036794623404702,0.28258173365048184,-0.02389847581961853,0.0113147079795144,0.17173567550831703,0.10668789125030079,0.31781276645448897,0.17846258118018096,-0.3109411570666307,-0.4217953439519233,-0.3079854326736826,0.09180911242868685,-0.14212836674711068,0.08532399137199731,-0.16657472805110518,-0.1148695749392972,-0.3428314039052358,0.4867417881218882,-0.2643990449900514,-0.08446054538077434,-0.012601657145940961,-0.35106994194054947,-0.16998682237707344,-0.5195707471079338,0.0594998876010083,-0.10569597354763466,0.07575728486493771,-0.05138976131904009,-0.08116891202314604,-0.13399382907207374,0.2969299574009882,0.3221548629157138,0.04667286132801219,0.024804030931308944,0.16344187997713736,0.3359647926360649,0.2461174564790945,0.26374149901231364,-0.08925536823479253,-0.052715352131103455,0.017327452159558214,0.11507632859073223,0.1989994756169899,-0.08123183216916813,-0.07068781108938284,-0.0489139046680678,0.10888259801171458,-0.03898753263553442,-0.10373890679707524,0.21124455458035257,0.11153398876864609,0.32523106608180047,0.06294210391712389,0.12854968151552132,0.16144564684071364,0.19653947380884565,-0.01389439885338166,-0.17423375616110862,0.026249822851783292,-0.06093577820113928,-0.12780548403605488,-0.10108994512454653,-0.14957060736035885,-0.10852006153871835,0.19484851041782733,0.19176614598331593,-0.1113544669299126,0.12269639510882174,-0.07355655088216626,-0.16597705578104696,0.2714997406585495,0.05167787548776537,-0.22281041760706768,-0.2773138765463123,0.1317887381042217,-0.03317317033369607
-0.2644507469172345,0.13148780825077036,-0.009480252265663937,0.024820743666562516,0.018955729690022693,0.0689342918843729,0.16759430138712214,0.2970721680228712,0.32584218999415593,0.5205704952728415,0.12377225265702425,0.9999999999999999,0.33209623744573596,0.19179405239501032,0.02891144631931962,0.3667844443242841,0.11231468637680739,0.31226694550572975,0.36548479976383613,0.06726296607909273,0.08845386150463402,0.09630397164256951,0.18990706887497208,0.5489487125689714,0.37632858253105245,0.5037427791194977,0.14728448358332577,-0.3170632471617667,0.17661826795236577,0.3055324478522453,-0.12824482548725574,0.002693035595642134,0.357653542141116,0.1884637681074349,-0.07331188698525537,0.03079243210297234,-0.03523376437696177,-0.0024290955705550225,0.12223372783070605,0.51303524361722,-0.16360595080064308,-0.06618934567643232,-0.14343151714682262,-0.3858233665016723,-0.1308921531380346,-0.2369925551645513,-0.23469642981579786,-0.15736354146991638,-0.05973874640449749,-0.20793654317047744,0.19201872445441073,0.09867913229457638,0.11538641995854419,0.12356068856374254,-0.017942409275714406,0.13338688107635835,0.038248341958392114,0.18051862430048374,0.32597563348094005,0.25434094204279184,0.4786634307990032,0.06887727831900156,0.5109538264866746,0.037840012180335926,0.006256431225331266,0.07451015153796048,0.27825220242701737,0.13979561472867597,0.2895981585233422,0.024972341613483242,0.21895601815734997,0.3869309762088624,-0.3776387508983875,0.24445280793672627,0.6203753947138443,0.4689222981685957,0.20297055263676061,0.3530242166685593,-0.18494253570727726,0.06645593343153952,0.2955159865131212,-0.2625712549825748,-0.17303639955826378,0.3075357726827241,0.2316815840043813,0.11562614047117403,0.18816849452354234,-0.20947847264946637,0.04074246935917196,0.23829023780323474,0.2439431107922937,0.23178252734052757,0.2481327226175686,-0.08972537593686115,0.2761438429656755,-0.2768724355223453,-0.2376256260016107,-0.42088259451940985,-0.03967791594005362,-0.1505832419540865
-0.14351625306079877,0.1702006334612896,0.04028819758235797,0.18163589657786536,0.051567616263846795,0.13782959891546195,0.38637803835155743,0.5530997931758886,0.4068186342132467,0.3239913943054187,-0.11130878232290217,0.33209623744573596,1.0000000000000002,0.3826160959745325,0.29104000880155856,0.24142144280401048,0.2214233868921311,0.3756175500292945,0.26009876655065073,-0.13954752031887274,0.06985185265449902,0.20699646012784234,0.23625271456822608,-0.13262301869293855,-0.005710517562046154,0.2840423409412717,0.11507280635041055,0.16862130574803139,0.21154921558539297,0.2822020937634969,-0.26162302454445785,-0.19480494144549426,0.2494679821454702,0.1559278775217312,0.273713162148121,0.05207526962714653,-0.08934200326361318,-0.04191526141674896,0.10495036358232744,0.0731247602128118,0.04506581340974904,-0.037846924583707545,0.07000204846483565,0.16519984127085977,0.09881484606958225,0.1402533978140143,-0.33311225652400517,0.21336338141202454,0.0623012198827256,0.08652908474956805,0.18899368448974116,0.1992940389471142,0.1434438646667645,0.12732092038860154,0.10432159013068401,-0.000603343548449675,0.27896897258927356,0.351780419136428,0.19999715987501393,0.25910065088799095,0.40247333643994126,0.4865435063556797,0.5976660842588917,0.34173124662127974,0.23919486135208734,0.280075937610522,-0.10294863208860436,0.2103215478324602,-0.07684764859994912,0.06625880666729521,0.11335208921364806,0.2348858197898898,0.1346632484918768,0.1751786368345541,0.1057672555905228,-0.0013389621746871345,-0.08700796478307267,0.05036187559969638,-0.001362254284069665,0.04256090211503527,-0.18037002555010836,-0.15688487255496486,-0.09252539172714792,-0.08583584442323033,-0.04485684110845816,-0.036236682363932446,0.04886209132357516,-0.054699328312636304,-0.05362840826304654,-0.12367807337505078,0.05439816508252471,-0.07046407144396423,0.14633787836834325,0.10491389968342221,-0.10666932597200807,0.03616554500673992,-0.17528728850484884,0.16186485734748204,-0.04180458174189206,0.08981381544079813
-0.18185213468617806,0.2394683058935972,-0.19685514242068577,0.31757088636402453,-0.0516321005389755,-0.1655669011584968,0.3383949394845119,0.20854845342404046,0.05560638344647732,0.13569756391077023,-0.31856386397399544,0.19179405239501032,0.3826160959745325,1.0,0.5374221387716974,0.42448302296138946,0.19131242695537462,0.4964402157831915,0.6689067177587256,-0.016197866043014684,0.5876184758444428,0.2171335964498015,0.6481454246212791,-0.19928343799379658,-0.1568606281246131,-0.14376567801153606,0.15191543497916116,0.044380985280125476,0.15222036438747125,-0.15253614914670427,-0.2572458158965337,-0.13766218628772686,0.27531935140613983,0.44427773541973054,0.4082401309057463,-0.2254989238266732,0.21579349067424144,-0.04708124833965325,-0.0060819625618106915,0.04978521178928321,0.36890937197349233,-0.35864220035054856,0.2885468004774678,0.12439919438662217,0.02976324837240858,0.38213227550968937,0.26093448778811024,0.6202479268023067,-0.009027971556156098,0.07613165105796396,0.12522112536915456,0.22029437579559194,0.3657797473732382,0.20128510530319896,-0.06458276812751919,-0.22258076526080747,0.24751026016060673,0.1084350185790273,-0.06166992637565741,0.03915540025568273,0.08955376454579343,0.12934923898124218,0.44971589432738834,0.6287383872154839,0.5478387774332905,0.516216628275776,0.05693112868161036,0.5771350054550782,0.34560105658290924,0.15257277009200465,0.5016491034373391,0.12354377085425877,0.1765089131746161,0.015658184142134726,0.14738627935802032,-0.0698539399883084,0.21785104160526464,0.11202396054402346,-0.27535006087525515,-0.20446786775053974,0.05645215116451123,0.0035559491846882526,-0.1288017621375679,0.2884756916155959,0.11131660682595622,0.2337802236394023,0.15452301157097767,-0.02443473137808509,-0.3684528654024875,-0.17301173025264482,0.025277802189200813,-0.11637393208427821,-0.04988612521406019,-0.0623679662889845,-0.28600865162618166,-0.005435846766872184,0.1333605268118543,0.20814206027311558,-0.10137186813783061,0.026372802920869628
-0.06150100479507208,0.21174782220338298,-0.15564163328294436,0.2260072242842945,0.267898330207925,0.08174410170322498,0.11714096924252113,0.09906637045609916,-0.021785801504018158,0.09277722040638228,0.15752352215675894,0.02891144631931962,0.29104000880155856,0.5374221387716974,0.9999999999999994,0.11727291078545354,-0.04374001406331148,-0.03330212673621446,0.10776007873617109,0.018942030337688525,0.6111804521841514,-0.27428455794354756,0.226256374817249,-0.08875903290502318,-0.14694832900346433,0.05010491389118786,0.12503575352694826,0.2859840474241004,0.4634395140107039,0.18906856023058433,-0.1043582601272243,-0.09786648638647666,-0.008304276671163081,-0.16634040924097487,0.036473720579212464,-0.23384366976816284,0.04417146311215369,0.06302765893966565,-0.19428150833406385,-0.15018801324066516,0.05637754012814955,0.09803350996488211,0.048856677748426856,0.3268031631940284,-0.019264159722857555,0.2795626135197234,0.20003174722677033,0.12977235204280918,-0.11013608197675842,0.07574527372720556,0.0002857688368027334,0.09668498395471374,0.13698667319318392,0.2122469867702562,0.11251156564817001,-0.05319684881630161,0.2264433970011821,0.08667998936426428,0.061484280880980374,0.139430000735185,0.25397473688176875,0.40227228403936577,0.4009470153007062,0.5203952581422608,0.47125615850789454,0.6948564979698337,0.00797231744901354,0.14743239149793225,-0.10710234637031248,-0.09878646226093163,0.4936853097936534,-0.12599602669575063,0.0027842208133282624,0.22811635714400302,0.10184714352672491,0.05115126171266585,0.2970973503530525,0.2524968671016814,-0.01652917369140156,0.005387634006404815,-0.020091527674843467,-0.21118649667293615,-0.19590403978801074,-0.1465753683039852,-0.007579467272617951,0.05258775688260464,0.06897236927518889,-0.047570775211208435,-0.19185830548765748,-0.05799012079992677,-0.16334818987247335,-0.0903660259471873,-0.00922515576623362,-0.12362731651272103,0.021449685065375482,0.2701116053067528,-0.05436821788330651,-0.03192291641713746,-0.16409106001503557,0.09811329352656034
0.391039109866937,0.5506960797175512,0.27680237036349253,0.3867066056711879,0.20726981039842363,0.32443009321973987,0.5737377853355596,0.2636576700850836,0.48565757475388743,0.3922012047539933,-0.032699520090971136,0.3667844443242841,0.24142144280401048,0.42448302296138946,0.11727291078545354,1.0,0.2339013611048949,0.6020629909599893,0.4512463699276294,0.10395112545606433,0.1851982423825973,0.08751783892669862,0.24511217844410807,-0.0012562489734454522,0.015696303881738743,0.0442100852411444,-0.1813147964640372,-0.32040500845259356,-0.009276524109258213,-0.029026904041182425,0.15711522961215488,0.22492434772731604,0.3694459129857991,0.5428995660445489,0.4839992984651761,0.3648441271984974,0.16978596282865174,0.29276076689260283,0.2583061837407182,0.3113447149068052,0.45323708530896023,-0.0809562914584957,0.1764701992817058,-0.0429344320148545,0.043533770620137906,0.21306817490651,-0.06296752823018567,0.1735928253689207,0.5220107523843212,0.3926332724492579,0.5355441366565674,0.7238053890666446,0.7699567731619072,0.49792747266826004,0.34810411518065487,0.338746809778675,0.5325917726803145,0.5072111862797284,0.3191039019598351,0.2599834470540595,0.3435592014504027,0.11922253196052886,0.42524462420820636,0.3756937418200175,0.41804514434236123,0.2922006024578353,0.3378224869989116,0.553258348514363,0.40403910532406323,0.608696313066419,0.46830419624069525,-0.014070251218153525,-0.0646328883328427,0.11098437034072287,0.18441977636716286,0.046032286446994086,-0.06550858287285337,0.023724253703328146,-0.06911470709501688,0.3386916897438385,-0.2502294851737136,0.2680135075495125,0.06539920021286687,0.13460900145187435,-0.26356453680506925,-0.29475251997070756,0.13543797715200998,-0.40478616995012895,0.1483998493887956,0.025681191447931455,0.31914056699622845,0.28471044138477747,0.2701836125912517,0.0371107320440624,-0.28666670517440807,-0.09851436544317732,-0.2618871496556416,0.010065838080315899,0.4604813429822159,0.2777284279534628
0.2703725197435605,0.026762778029552535,0.04487641931612479,-0.2958965119473715,-0.1314684503535567,0.11875971581517879,0.19230689517275304,-0.07273147190775607,0.1495502977146776,0.24271067506649435,-0.025115109223108927,0.11231468637680739,0.2214233868921311,0.19131242695537462,-0.04374001406331148,0.2339013611048949,0.9999999999999997,0.17992087954398073,0.4184830211414233,-0.042214508114802235,-0.026698092226080158,0.3390244328253173,0.04912151945856814,0.111742608527823,0.05853392408437538,-0.025148071343481977,-0.018562525165433358,0.19676085198787077,-0.024335952634350153,-0.09995428632151436,-0.18778381526961752,0.12068645716853858,0.021074033505813793,0.23675458029018984,0.482071979633719,0.060213715145033035,0.07569452165779654,-0.215409308621874,0.050407725847067875,-0.1668489887698754,0.21888727997267704,0.03008335502499226,0.12133858416735528,0.15876198118183388,0.23788442420717895,-0.05609996126545251,-0.00267838186188832,0.18012308451975986,0.17550818652039527,0.134054682493769,0.4340780195910832,0.03329745805691207,0.20339535449467228,-0.16283250236755553,0.07968662273169133,0.005090276183368054,-0.041249979342614276,-0.06598189763901104,-0.007339206084962768,0.2550610073862478,0.02787330929622124,0.14039544374821072,0.12368138439968827,0.26083365389132296,0.29777591828001015,0.22166953646215787,-0.032225189252779333,0.4655329302807039,0.15791257174256126,0.030840640706003213,-0.048328807452316436,0.2666954270948613,0.4425848315789531,-0.09340241349564797,0.0071693506099373356,-0.026734707894134242,-0.08360658381753902,0.06510815019586531,0.06767687869778757,0.012843699915714706,-0.25656534782693713,0.09798606169323872,0.011747211158473799,-0.07124394989495172,-0.13391335858128348,0.0781854745066948,-0.16761277344588604,0.30806709941460814,-0.13136984072357202,-0.16426035188619245,-0.1481635186837173,-0.1164728911133311,-0.045355655107927814,0.010815615002361396,-0.3553228456924856,-0.06753816221438547,-0.12640568024322915,0.3747427120890831,0.08163393091978896,0.09919158243362997
0.10110872638556634,0.22123573622497214,0.06737540588156218,0.33331702624756737,0.013986927789460733,0.11755588662322744,0.4330485881059553,0.3829683147144326,0.3717803762272848,0.019894063782163435,-0.21114373440059198,0.31226694550572975,0.3756175500292945,0.4964402157831915,-0.03330212673621446,0.6020629909599893,0.17992087954398073,0.9999999999999996,0.6273110725443354,0.24962569756781258,0.21400198049624677,0.39626017432011446,0.5575960723403663,-0.10834239607112629,-0.2142508243291354,0.023274466148694245,0.008361913991870775,-0.09343556270473141,0.04137902385912274,-0.03660195688335088,-0.09338288548049606,-0.07396944637635001,0.40696149563413464,0.8213903150961622,0.5061698570589841,0.3108423742738588,0.23128664116961348,0.028275270738739304,0.20745069823139445,0.13829513709249502,0.3887711740188585,-0.2153655842971939,0.33137244416118,-0.13169500465842002,0.17116804037405073,0.10182055252715914,0.01030821571626184,0.37105850873472496,0.3109500442351721,0.16079382665304517,0.3247142903828372,0.3862982148996933,0.3414366553419933,0.3047747499568822,0.09985157578703238,0.09545882981924793,0.35638410169163703,0.35824048107217366,-0.15174909208777584,0.06191218735134724,0.08264428717195005,-0.07740594691754307,0.2342294314189324,0.28810209634815215,0.28648180771888276,0.10114700697779778,0.19845525435061862,0.5127040472329257,0.47282554033174357,0.6167771021494243,0.36210853774030244,0.25129540752085266,0.06530403909460857,-0.147102418000033,0.043259693084002494,-0.09640314438533894,-0.017815557251162753,0.046452527975135875,-0.13562340791352964,-0.023257400107193016,-0.03300317895203179,0.12081316935270262,0.07112044041645456,0.3040235526922644,-0.11292283236867164,-0.045070192710425123,0.13779819917148145,-0.1951443534202906,0.12385841134225671,-0.01287369032944465,0.21121999986691414,0.006599388548558654,-0.07354784432360587,-0.07775992320221191,-0.334720959740039,-0.23050510259539372,-0.20711362725762467,-0.01853779660241439,0.2612690065230011,0.012397090253392352
-0.12796638429314186,-0.04111659059673085,-0.2935908772058044,-0.03753951932193912,-0.3003455847918891,-0.21758856483467823,0.23427538904034234,0.0675455461254362,0.0014394046140959581,0.023227332910777065,-0.2958972969560957,0.36548479976383613,0.26009876655065073,0.6689067177587256,0.10776007873617109,0.4512463699276294,0.4184830211414233,0.6273110725443354,0.9999999999999996,-0.006382113294129332,0.14433393622077234,0.42038792585047563,0.5156120296808809,-0.04139195644238615,-0.030907019202622177,-0.06107976504978164,0.03334956261803257,0.09972718131506572,-0.05582104208718435,-0.14200757065782516,-0.1916853973440774,0.07007738225941873,0.42103404299527786,0.6248914974963484,0.3923553096566288,-0.2215993083082246,0.19087685723918604,-0.14875308052443595,0.12536104999965855,0.17541159053646213,0.2185859213803147,-0.2557302591997958,0.2850730834886158,-0.10010319604866179,0.02795926519171984,0.1664891292901874,0.12258560782103349,0.4203010763476071,-0.04159918751217915,-0.09301020786108563,0.3014091728930053,0.10502508635685397,0.28355455790973977,-0.044070779648912775,-0.16922648925666695,-0.2895308527027479,0.002971611935159341,-0.05906794554394961,-0.16170465653903457,-0.09803537599391292,-0.0366331066298175,0.010160225794475635,0.28834966995023653,0.33391475131072845,0.2567834394015456,0.2267928356471579,0.04909347559018781,0.6504907435861547,0.6227102895658183,0.21005752518327014,0.16902675286979055,0.4189058882991141,0.13009144272413675,-0.05894013255242675,0.25264745998794524,0.06308832820660394,0.15391842979989634,0.23334231143428757,-0.23969720560971142,-0.1316089434142529,0.17577299112265804,0.026233771591376246,-0.20880507808021223,0.3880118052486336,0.18314843067513087,0.2808177860853909,0.09487897409443803,0.136469647108696,-0.27641387600736783,-0.13789990991541676,0.14652848785557035,0.049795168703649986,-0.04571542600597224,-0.026364229196391392,-0.15195334758519302,-0.30051022616912454,0.05292635226742587,0.054960007696779285,-0.08203167827532785,-0.16244668148451152
