0,1,2,3,4,5,6,7,8,9,10,11,12,13,14,15,16,17,18,19,20,21,22,23,24,25,26,27,28,29,30,31,32,33,34,35,36,37,38,39,40,41,42,43,44,45,46,47,48,49,50,51,52,53,54,55,56,57,58,59,60,61,62,63,64,65,66,67,68,69,70,71,72,73,74,75,76,77,78,79,80,81,82,83,84,85,86,87,88,89,90,91,92,93,94,95,96,97,98,99
0.9999999999999994,0.03661550342081842,0.3328321909974261,0.2906416853767676,0.11992897714470782,0.1095147366038962,0.2868285675603485,-0.061926769727716185,-0.2180386994859309,0.3729744152580135,-0.36166544503274933,-0.29184231996004134,-0.1280665205569795,0.017828948018104345,0.30075639751220595,0.5113021243601727,0.12944171907960184,-0.010583073141121193,0.20078437960809842,0.045087084750704394,0.2823894208691202,-0.025532784083383768,0.19170984350372755,-0.4997419472517461,0.135184748935534,-0.3348874266535273,-0.0659452990458565,-0.3169666209401346,-0.18104702570778602,-0.18328641450667837,-0.3462311208923882,-0.21936250344656527,0.5515824255373488,0.11592075121813242,-0.113079514104915,-0.06281345505246098,0.038239346662387465,0.5604727678333755,0.34636063341608603,-0.1814962297391796,0.1823381933153323,-0.05126288307189166,-0.07344064439882621,0.15692684872838733,0.14430189745649177,-0.05073077522116729,-0.030919916299638195,0.1544893294780021,0.3426006789488618,0.37644590998189453,-0.3498411628301958,-0.14855775373843838,-0.3570504266872113,0.09192289233978934,0.19332820877008183,0.029260180091327154,-0.12006815048233395,-0.06200516312942644,-0.4960034791469981,0.16014473971253615,0.05036741481843014,-0.12299041423024044,-0.024783676232192086,0.22449788255212902,-0.14349077876201957,0.06729296026324177,-0.14002919135327127,-0.07783729664994671,-0.16041108271000384,-0.3230405321396635,-0.09657045567989,-0.44750518203677947,-0.17569396719208685,-0.39033521551398953,-0.1553881894129866,-0.04517987951921456,-0.06731726135387485,-0.05879431177310778,-0.2393203485343077,-0.6053631783296,-0.19882052694195854,0.12506055050226167,-0.3107895389184103,-0.28118468329174,0.36445485285974255,0.27034338387566603,0.114737821535976,-0.0007287846942444253,-0.02957473890698554,-0.27620994109484287,-0.5073111198649194,-0.5945504490045014,-0.3314637636200068,-0.3835271744805168,-0.5605419807587096,-0.08969066454825408,0.384655653602505,0.2771512472395216,0.29751656797844345,0.3748026742802967
0.03661550342081842,0.9999999999999999,0.6990439354030926,0.6196364441450819,0.7329614457728413,0.4672536008867305,0.5358483061233899,0.5547049946609932,0.549607064184653,0.34558643575257236,0.20484543485181306,0.4513493538011817,0.33403277845251195,0.34675800684173863,0.16911416739158674,0.5158643576407388,0.23938760445191964,0.48231577381480917,0.3066057363959027,0.28079594898711596,0.19502756342525474,0.15734625321454648,0.023318697164094248,0.39468615823947656,-0.042731419630497605,0.11781142996375071,0.0757249449827048,0.03349156429404221,0.15554284032165022,0.17206295388731688,-0.2676677513452408,0.05375075790556345,-0.04056991853812955,0.39591892414695856,0.17502759122093242,0.09261394017150504,-0.19935909703766735,0.011545046824864477,0.23220144708588575,0.5868025878913167,0.0617016779268512,-0.24024517048649469,0.11577549378687862,-0.2765992618096113,-0.21425915604839596,0.03188843654038101,-0.19141002558767214,-0.16835508833750307,-0.06205744581849644,-0.05492924546577283,0.23483679382568085,0.8539843000473644,0.689022318138597,0.7480733626262086,0.7231380592648813,0.4742831048963198,0.6667428191214186,0.47430873353271746,0.2560159482166045,0.06079400286772313,0.3502840680843948,0.3074000191261393,0.29239771939424075,0.08391006818469092,0.14947265151103534,0.23861485303080884,0.5660004309102536,0.40178178993408165,0.3817272779722134,0.5532865651966146,0.42230938512508237,0.3943088636140416,0.2140587279597914,0.4492771966129286,0.3686821687186551,0.2479788635935228,0.2186959867772727,-0.019912070753244256,-0.24733841250749664,0.2406925276854838,0.3606252242598735,0.052965119429939825,-0.021804232947363927,0.3808651584306504,0.15083733083202208,0.1771610617013571,-0.30852195668730364,-0.17501874292973124,0.1580203702672383,0.1988159132891841,0.30679295211804436,0.17911887612659444,0.490383798981429,-0.10410973284377213,0.13045438730308914,-0.26697661606646533,0.03214384836023264,-0.14908084165358085,-0.03847966055769442,-0.21589631946422938
0.3328321909974261,0.6990439354030926,0.9999999999999999,0.6727107856844194,0.5810775789776061,0.6740001251075907,0.6115430461368357,0.6075698544552384,0.5359753898384477,0.5163689201425237,0.2941185293538494,0.4579918790746226,0.37621421079418277,0.32632365632327553,0.3226977064542566,0.42732967345059875,0.18240411992006605,0.43643555986506455,0.27666630410353527,0.29012749660433346,0.29121438314249615,-0.04607593881189724,-0.04886885086261596,0.2382702507644354,0.1154139158354391,0.08462683680146599,-0.1475602922360834,-0.3140693112532582,0.041009683213890945,-0.007389206807980582,-0.5137862642208786,0.15042910964488662,0.050771158544669896,0.2743504766888402,-0.14443830353859832,0.2150324309361518,-0.27815214734974464,0.18942912361786718,0.3087215262189233,0.41146288947905846,-0.01585019325772896,-0.19184958251732642,-0.10136275280938754,-0.3888130357224866,-0.3049668664628291,-0.2628250731544603,-0.344143660409579,-0.28651421277027894,0.2268260938714852,0.029436326868649953,0.11236126691351082,0.5409642220487912,0.3798946325966405,0.5689518327539591,0.6781488927598286,0.7484323552352736,0.5971523585309599,0.5448016245191314,0.06663567397317864,0.19771882452794684,0.4520991112220689,0.37027783606626485,0.3019222365265861,0.17646503929351384,0.2253266084448429,0.36060360831103466,0.38101425299380715,0.3891909837821341,0.18815821914053363,0.3438209205687524,0.44301167908667766,0.013117092481995425,-0.01304124292910239,0.28342651721542705,0.3163173395819043,0.1291135014776245,0.14611121430853502,-0.1968384059871578,-0.3868989836304344,0.11758692458416665,0.13593793963427805,-0.07076342556948938,-0.28182985958039786,0.14141060081095697,0.15461279133514594,0.008342746224659704,-0.3208240101068901,-0.38876636259282144,0.250473558869454,-0.002402293578909936,0.07562557796067851,-0.02203831331784509,0.36440105889732455,-0.24335545089541447,-0.13779619164610163,-0.4348647680227095,0.009389624713433712,-0.21667487529871868,0.18050523953175213,-0.10055715797531171
0.2906416853767676,0.6196364441450819,0.6727107856844194,1.0,0.6537679652500391,0.3911152438088552,0.6290736104226101,0.5910823095946776,0.4217996138924481,0.6250284153237824,-0.06245353588846115,0.0730345281368938,0.3131249805210318,0.26981695648774884,0.3727203147044568,0.5939389878346556,0.34618139251390456,0.46033024081607105,0.4464613967844919,0.20142678738295616,0.4540692296082164,-0.0004059207164997468,0.005455986401863228,0.029275804758912005,0.04965045701805094,-0.268672031245181,-0.0014594496679258713,-0.29955866356198835,0.016988344933737177,-0.06508434944000513,-0.5743738968662544,-0.07501248633575693,0.46296132055412836,0.40283752774114595,-0.047059391005357096,-0.11240240756921577,-0.24973537987940722,0.48395973711948276,0.5674299159162228,0.2511102355717481,-0.14816311872599083,-0.4257023737952433,-0.065497537246229,-0.38758447839586085,-0.1739354410084394,-0.001823271717236231,-0.2082106266684893,-0.2566255227980367,-0.23583303006170817,-0.10786848144900685,-0.10906848951038925,0.44818356228768974,0.23395802423586295,0.7662486365195263,0.3751753147806556,0.42160416486768504,0.604488065460002,0.5736464789340964,-0.07325753148360557,0.3955574291028124,0.4484151204204299,0.46072833894836634,0.5288080981930887,0.3737255146102538,0.17957915059997145,0.27047883492838914,0.18545281213426656,0.5057187617878197,0.31737203406540393,0.28313135132947953,0.3618071235750466,0.0432797606497328,-0.05724621883448935,0.12415264842732315,0.43993043502459994,0.25164073967389333,0.3026525467239003,-0.13480972012367468,-0.4258958233867197,-0.08089914738135906,0.33732778685963427,0.0914941355817441,-0.1522118640428829,0.3496405641305531,0.6040852702353555,0.4348024963900795,-0.2751563576138001,-0.0826441758617619,0.04798713326817147,0.06207014519260382,-0.020782745236752494,-0.22363383474442597,0.3178577792065721,-0.43865051472133826,-0.27541227096419574,-0.4243329401917648,0.5233238714744316,0.008944720891650541,-0.2073847062248576,-0.17460693308222744
0.11992897714470782,0.7329614457728413,0.5810775789776061,0.6537679652500391,0.9999999999999999,0.44453034929821045,0.3155044489321722,0.4834344177393031,0.5977313045138604,0.3071676941841196,0.172204871904575,0.30225748130719193,0.21793849468813892,0.20109506240486388,0.05291792224443137,0.36592249729764514,0.11915600511417866,0.23180488752186607,0.1287428792254665,0.06444339573432183,0.013890748803688378,0.16243506911333086,-0.07174108661659262,0.26037804073149484,0.01763993964355061,0.16993794417053795,0.2015269228118827,0.012442340813458994,0.10361567742243626,0.15995877323136543,-0.19620175503826703,-0.09847266989477885,-0.017318897303746212,0.32560559024080726,0.22254005474091443,0.07945281440038232,-0.040110099542464646,-0.058114677800962584,0.18980391027088633,0.34428573114198313,0.1594286337150309,-0.1370513335095075,0.20552513156314395,-0.1601536122716085,-0.029282942254185283,0.2227383752935797,-0.14910563135660093,-0.03240960723594532,-0.09279700021569143,-0.02126688877638797,0.3753329250937388,0.7416479859189734,0.5732306742723666,0.9219751770541913,0.7262460665737477,0.4044077333596985,0.5649420297772977,0.4718834583475913,0.3503155350879209,0.09065520766535606,0.24009095965602376,0.2006058053623935,0.15204032935779746,-0.06373889432681326,0.06643286289544705,0.1089202270333841,0.4835162392829295,0.24313273406561103,0.08202587361664852,0.27290500281969493,0.20050686539775972,0.1603713337976714,-0.0668503730473618,0.21444760733621762,0.11498948941857079,0.3207873807405136,0.09129073696447601,-0.21753760120310597,-0.24469276231736264,0.2237270255498828,0.05481376947744624,0.17285573520882894,0.12180450335632965,0.3463483419676686,0.2277539445570165,0.15848877940807524,-0.1681407113555567,0.011665654472180638,0.09758715650516081,0.17393032881177248,0.4548930033247143,0.14427423522470914,0.4642816411865495,-0.027831177261074824,0.1740911712106912,-0.19367471651796606,0.15665390630713275,-0.11242302155020904,-0.026886357121180482,-0.105569689615249
0.1095147366038962,0.4672536008867305,0.6740001251075907,0.3911152438088552,0.44453034929821045,1.0000000000000002,0.40478471613965106,0.44649857401498694,0.5975807843917362,0.6061590239155588,0.38735000865512337,0.4345754538825073,0.45201608266042514,0.42996461277340603,0.31922488421520334,0.3025882204580059,0.24006471735943333,0.3284499701434267,0.21042224776973906,0.27862020194466414,0.17159202230693757,0.12138871190594643,0.1673006527552911,0.2601577077057507,0.3886062897651773,0.19761607699749917,-0.08351108662430039,0.02939169182985646,0.19766701129669395,0.15064963712572257,-0.46015253182540955,0.3379923325935848,0.02160053272320316,0.34833238548457485,0.09182958490660274,0.3361857855151045,-0.12612518104880635,0.14868499935389223,0.2737012549290739,0.47368873346556806,0.13434255249761795,0.12625887808006703,-0.030254541050759993,-0.41867238884956653,-0.4257333305109292,-0.16659975341149683,-0.13375118272952338,0.03581026239603589,0.500658443653347,0.05060766313541287,0.06396989184573199,0.32962225925372607,0.3543195528173873,0.342486131662272,0.6309118181787594,0.7625570470023989,0.36848513609756567,0.45204867649305697,0.24286546817577986,0.3515657893131839,0.36912877258755783,0.36170939064530766,0.3090285478969226,0.2062138179674599,0.3634112388226689,0.4294510470282076,0.43893547837126307,0.27543791897910536,0.22283364770518985,0.2570899993560525,0.3492572273613199,0.12205419839374654,0.16765573038356843,0.40519018055837297,0.19438532133167416,0.19113038909948507,0.27844409847513224,0.02937892198446696,-0.38499170525965315,0.20189137417033315,0.18885921253622837,0.09982704095592693,-0.25472998219539433,0.10983862100656276,-0.007031397586804941,0.05487010904532213,-0.29375863983906414,-0.15528098432074727,0.4085234016311608,0.10793204983962001,0.11235574041438916,0.1451068289808134,0.4444150061005042,-0.024663751436425487,-0.07248062207542245,-0.33813432520990644,-0.11015230234752856,-0.05968653836706851,0.3679055274818131,-0.08907268864021255
0.2868285675603485,0.5358483061233899,0.6115430461368357,0.6290736104226101,0.3155044489321722,0.40478471613965106,0.9999999999999996,0.5264561423717213,0.27517717981535494,0.6468390064544515,0.12259496048177743,0.28959380865625634,0.5284957321843027,0.5524274100847283,0.585744790045747,0.6851468472381822,0.7203530660322578,0.7707079743717354,0.7616207946865969,0.5889157315607231,0.6996126911349824,-0.007137537842808007,0.38127190042049103,0.23497488865934757,-0.09272928959678581,-0.22839066124813678,-0.06994003163181449,-0.21190346375334468,0.1280049335133637,0.08647171812677808,-0.5108738248410408,-0.05707850337708639,0.36241301932165876,0.6475900723849422,-0.010895665136310777,-0.09960596459808588,-0.29016476315059014,0.4677311093680497,0.4957503565489141,0.5156557354469136,0.08681322792039269,-0.27480563651993023,-0.08382697193682326,-0.41445141477722264,-0.35818055962211603,-0.16873179692417475,-0.18800149547367664,-0.10094060808954267,-0.08491899872554255,-0.050599825763038696,-0.23005240415770273,0.22738139704500795,0.19629494495087724,0.4303593186348588,0.37971843864142557,0.4641106989489009,0.4610567193591446,0.5131749581853238,-0.22676624247596103,0.41950299608047764,0.4860144378992531,0.4961064825178763,0.5093669899301694,0.6054039762464517,0.34321757525925184,0.5172586211494021,0.3271867238090731,0.6723386516302342,0.5318202658804434,0.5146784438470633,0.6511590101073284,0.08612092774739599,0.32724900453680184,0.17672220849534584,0.528453698818413,-0.016796410637707187,0.34837964740668903,0.21531717706168957,-0.4254008414044879,-0.19178715410954303,0.46563985285125137,0.11264699150699031,-0.4011503173194744,0.10409963578580081,0.3671267294718228,0.3716328486141106,-0.30306686894642226,-0.225810309175846,0.17379326367675088,-0.009233679012222029,-0.17817314043688637,-0.3393158549517831,0.15339524206298885,-0.48159953853884535,-0.37116362510439055,-0.4744325335517956,0.3455946684778548,0.12818664831484497,0.038170968540662736,-0.15862242444540053
-0.061926769727716185,0.5547049946609932,0.6075698544552384,0.5910823095946776,0.4834344177393031,0.44649857401498694,0.5264561423717213,0.9999999999999998,0.7796421269442775,0.3482384203689067,0.4016242982120665,0.47957633040635284,0.5709081236089794,0.48449289893715797,0.32803028240465604,0.14088084186582567,0.22122106544696235,0.6563419864217559,0.4445194105911089,0.2800057746561465,0.30821037396837664,-0.2861960200918846,-0.08816767142537046,0.3649161647718265,-0.07974467764832029,-0.00973639814817916,-0.30268736232602966,-0.215055031265045,0.05403902157164937,0.10235405388422081,-0.10949807688113704,0.054333422005960856,-0.12098958310376491,0.28182448328180687,-0.29741663333169316,0.15243489171034103,-0.2820647639371241,-0.004085278316844846,0.251507804693395,0.549781182491116,-0.061026349471037404,-0.24202283519757925,-0.26443425009488875,-0.3441518717294235,-0.19931784820652984,-0.31375343931041993,-0.3738264187407166,-0.4354808279381856,-0.11812843846324306,-0.0487769868810561,0.2815934984627987,0.5075004931727933,0.5104467437178517,0.5239758773196198,0.3731161444356035,0.5949150356297903,0.9142703039073994,0.7251853297386905,0.3138255239996503,0.22663502583532058,0.5321296879410418,0.6006930967116747,0.44458106269646824,0.2142215421962604,0.5295020997542115,0.48947698309287985,0.48268723506386824,0.6907939824005394,0.46955548168594624,0.6969754408161943,0.5862406691039886,0.24552062215153383,0.07227231183855001,0.5166485503797181,0.5016946968374203,0.02916433074348131,0.21985135873999417,-0.19763464099262937,-0.04963999418903669,0.3211466942935207,0.2820067625691311,-0.04860049373468511,-0.04530459270871579,0.11447585744696018,-0.09344453860833048,-0.15748742193653578,-0.31378415400853665,-0.40388868663767336,0.24958718917077513,0.21096355568085673,0.3615716021313995,0.231054822976473,0.6672587128344442,-0.04863194915505001,0.13201188773742392,-0.2806039927016404,-0.11572161244414295,-0.4533278932982169,-0.04250903768994941,-0.13028958458189757
-0.2180386994859309,0.549607064184653,0.5359753898384477,0.4217996138924481,0.5977313045138604,0.5975807843917362,0.27517717981535494,0.7796421269442775,0.9999999999999993,0.30471795862686435,0.5655708761365664,0.5307424549602815,0.5999058520771615,0.5763747008662171,0.3348584102003719,0.041268534590000086,0.16871924695001647,0.5054874835356591,0.3123341275083463,0.3474960595844434,0.21228748212524826,-0.08656827341068253,-0.0012433216564265376,0.5234209354615476,-0.058092592832825,0.1462430726885721,-0.007629604038614265,0.10419864060731858,0.36751447566058926,0.28481579137738444,0.0012400713867539706,0.2513877456056994,-0.2596515208190456,0.33502316048642544,-0.015807213333254428,0.43093832193827325,-0.0014167867951478707,-0.1835986979873869,0.0773829171353119,0.5784718946312154,0.16220074710049864,-0.19095585994494818,-0.13954433689571757,-0.24766736359959485,-0.20279469753375692,-0.06066981199485153,-0.18459387881352407,-0.15092250613631683,0.04124323880204145,0.1060530512689947,0.43669583198577283,0.6537259249332652,0.7034809191074932,0.5802504395746548,0.5396362754880306,0.6641013110022229,0.7718014869923198,0.7959846530459966,0.5610732144256215,0.1486396183493518,0.42166284112837843,0.5863320893903992,0.4473065005361156,0.124411510731761,0.6248173289670179,0.5618332944172199,0.6777586743668474,0.5430615655839175,0.45085777696437446,0.6712165301145507,0.5998027999138742,0.39079489803114104,0.18681526239025906,0.689714028599831,0.4714242111392575,0.13047043507325398,0.4125457353924137,-0.07518368932045542,0.011371727442643836,0.5734343734542353,0.2903044734747795,0.2155901772525171,0.20969291807767632,0.2655825110745546,-0.11335678908506783,-0.09169843742373206,-0.13974024552398204,-0.12129633749421331,0.5305853470079818,0.41597371171589265,0.5971078329750692,0.44716139792991444,0.7794658013441529,0.21620955915894083,0.33614655364222606,-0.10329446173417281,-0.1745887868155831,-0.25771499474174864,0.15845247535159876,0.040151066426067694
0.3729744152580135,0.34558643575257236,0.5163689201425237,0.6250284153237824,0.3071676941841196,0.6061590239155588,0.6468390064544515,0.3482384203689067,0.30471795862686435,1.0000000000000002,0.13961575688738675,0.22370404714351771,0.5448877888455274,0.571143052595378,0.6453262399008675,0.6505651990936183,0.6059895028663213,0.449651645166522,0.6175030458091798,0.4013237548351555,0.6612060078213684,0.17315139647726477,0.41164247514447844,-0.06645172398539308,0.38291246135183354,-0.15958052951540902,-0.006511759797656733,-0.13547403135582115,0.1386546779678732,0.03933440144291477,-0.5916006777808734,0.27075054219140815,0.5521003180065456,0.5643099378275506,0.11841860415471994,0.021502239454062325,-0.18196828198769432,0.7093420106279765,0.6961748755869586,0.3288514573285603,-0.01249778749263333,0.007373104076473772,0.05836522655211191,-0.36661902333590446,-0.22351374632829607,-0.12622196860599236,0.057799011866245906,0.03414984244426658,0.15934252269993854,0.012766507411160595,-0.41800802349778005,0.05715090444399856,-0.014604521923498865,0.32398050589630795,0.33087001071892835,0.4713459945804966,0.2525880519058479,0.4895652732174014,-0.15016731983372328,0.7028473743787413,0.5577815408397204,0.501201439994992,0.5494010436518386,0.6652075010797226,0.3214877663073563,0.49824543054182274,0.10656765905234646,0.44449360795220055,0.3828643502378679,0.16002204819999702,0.42929240254421613,-0.029366318613209704,0.15206983825313977,0.12465543903648735,0.4060486388940463,0.25978926831664334,0.39940415707896926,0.2361993867206696,-0.4646914767458582,-0.2112578953687313,0.33894391068149005,0.17980391447118182,-0.2613115826042264,0.09259315589663109,0.47637779701463884,0.46268381812459464,-0.25593485214136424,0.013674629653950804,0.2548642979457657,-0.11252398031394675,-0.312133729339089,-0.31337520548575937,0.1526421425629607,-0.35092370429103836,-0.5156740213574007,-0.366630919211661,0.4264488827781458,0.23786619487553298,0.13811453907861126,-0.04171439225043173
-0.36166544503274933,0.20484543485181306,0.2941185293538494,-0.06245353588846115,0.172204871904575,0.38735000865512337,0.12259496048177743,0.4016242982120665,0.5655708761365664,0.13961575688738675,1.0,0.8086730064332851,0.5346337064427119,0.4517338558251324,0.15786483550886277,-0.22518238517917108,0.10030453239285443,0.3480049351900515,0.08304153781440149,0.3822003350303056,0.05871007244953474,0.05015791725971601,-0.004790559801343618,0.6183068940155018,0.21590412953909724,0.6051679291396724,0.03191076778679965,0.211365637264736,0.3103561437490593,0.3452801479913368,0.13503780297053153,0.5300889869768023,-0.5312740610940498,0.14050665246603922,-0.07833252987419338,0.4943950509786366,-0.005679433436943021,-0.3785254792005524,-0.16577310127049283,0.4956374681859656,0.1448468583670591,0.3190835008944286,0.006497824153170922,-0.15211836129481976,-0.20430971548279253,-0.13784529133560938,-0.09995461159556455,-0.08977860985418908,0.22996860570220365,0.025896886085444614,0.45180851810337486,0.32365418729173556,0.5224379468235781,0.14070599865705685,0.28877999589452685,0.5100758633005743,0.402361519512776,0.3549065859812553,0.6061820600594746,0.11902421170695458,0.273076866429836,0.29970426190702637,0.13889879184349266,0.009383708967976512,0.4141621286419237,0.4155807210925004,0.4156397286629528,0.2196058636901063,0.2693817629083517,0.5129986420397483,0.5251747183377503,0.2266329318688701,0.15887140769648145,0.5183876001914764,0.2724523478750794,0.07544710310664123,0.08083298573324632,0.02347154917090729,0.11053713650085281,0.6715695952013335,0.0467940144237041,-0.042024974490459874,0.1213313980035654,0.05654043168561873,-0.4205948454072783,-0.43238210851768677,-0.11944998812393308,-0.16983556544738757,0.45931437146071025,0.12564364796658364,0.4853647167595704,0.5277237754861982,0.4568368479842213,0.34945582381202117,0.362634875505965,0.03773173147138988,-0.48517000601660254,-0.33593605068375076,0.21509217774630016,-0.06931416044854528
-0.29184231996004134,0.4513493538011817,0.4579918790746226,0.0730345281368938,0.30225748130719193,0.4345754538825073,0.28959380865625634,0.47957633040635284,0.5307424549602815,0.22370404714351771,0.8086730064332851,0.9999999999999993,0.535718246443502,0.40114299762667993,0.06915273014256862,-0.06139271103013024,0.12616550850112573,0.31641915660718944,0.10455234416901292,0.28286319659438386,0.001953082254921484,0.17091656456754536,-0.060586885645079296,0.6602655876489454,0.16842393011958903,0.6558210542162044,0.006475469784843691,0.2244789455443927,0.23762275117160914,0.2819971580863126,0.04260919828465289,0.4601603030764913,-0.5140689056277654,0.1292466346515092,0.023046826479660304,0.4798359175813037,-0.0810202526073047,-0.3540528610478775,-0.10295127329249941,0.6187230460269761,0.06427096029771807,0.3101397204753104,0.14218237864758917,-0.17236314190790336,-0.14386693882806764,-0.1723620621781945,-0.18748558129844767,-0.22198731790527998,0.23102197375521272,-0.057113494298317274,0.38618716427875294,0.44616121419545246,0.5801935408514025,0.24226995058035017,0.5068347512765846,0.49272371512538193,0.45767060559909517,0.3082341778459814,0.5429743693018126,0.06405596039721229,0.43273951366876545,0.2702113807465142,0.07091869441007734,-0.05532052202674525,0.16583872186600682,0.3025710636520546,0.47820561173086495,0.2574802244676329,0.202092013450911,0.48274716193310063,0.4548314385232691,0.33171314614251374,0.12761975439853962,0.5452908475728059,0.35594466636779937,0.19473476402397166,0.028474170504877137,0.052752235378834125,0.08808521116321624,0.5502255579467366,0.11534216761025103,-0.06875517224176005,0.10419979939177702,0.14548729515993464,-0.36013916126632245,-0.37140787523611757,-0.19116581765939372,-0.19317145922534087,0.39154711926030333,0.13084403702148154,0.4365372119041761,0.45273628777589175,0.4522240591291422,0.3102772054504079,0.37226424203644726,-0.019864999179129247,-0.4955151315721786,-0.41618396635467725,0.21713897468459273,-0.16566915989706413
-0.1280665205569795,0.33403277845251195,0.37621421079418277,0.3131249805210318,0.21793849468813892,0.45201608266042514,0.5284957321843027,0.5709081236089794,0.5999058520771615,0.5448877888455274,0.5346337064427119,0.535718246443502,0.9999999999999994,0.8607334050768568,0.6722246062310413,0.22624626601388512,0.6898406442427585,0.6961145172038946,0.723001684789273,0.5826285092037499,0.5863122683836377,0.11732469586099897,0.3939208373180513,0.3614270466272218,-0.006744170736807624,0.03646853610760598,0.025085674931252935,0.13742649149329997,0.40982102854225794,0.3103482106362734,-0.08239507366516033,0.35995748998873217,0.02557004998154774,0.5997568269044155,-0.006920364165379985,0.26727256626752555,-0.08025165250091285,0.17853374897850993,0.2833201156755265,0.43459880940564294,0.0069753890334231005,-0.02860212395462624,-0.06673745559695575,-0.2667526664525613,-0.2521519791433166,-0.22309155010655152,-0.0660517298731397,-0.06235656730090147,0.029444565672372868,-0.011402288773720159,-0.03573176409203081,0.23774878499448843,0.3312944886483216,0.26253081964143504,0.2823362639360231,0.5592874936186818,0.5098258746852292,0.7019473152808087,0.15447457716555368,0.2763735744066979,0.5312658004995446,0.7611280826183332,0.6225960113651874,0.6300969815926115,0.6607288381959107,0.7266429189688041,0.3863270780842511,0.6952644957682721,0.6356564667487803,0.6520514170416312,0.7544009505086859,0.23159827666976823,0.38160349510677094,0.4524907286511137,0.5384476534119643,-0.10917876328913424,0.506489620849096,0.2812803007144871,-0.10359973719589037,0.20127857734091706,0.4141734256209973,0.26554674952284013,-0.04698801208890792,0.011030085148254128,0.025186917775982146,0.08359277221205555,-0.18276888173605316,-0.07120335492996223,0.5588465642083341,0.05250695327980764,0.08736731099323039,0.07309255674585982,0.37438005465581625,-0.10225131233276695,-0.12373403639120364,-0.18003900508426296,0.013423986798059239,0.01634559558955705,0.22563749656628734,-0.015186125207614306
0.017828948018104345,0.34675800684173863,0.32632365632327553,0.26981695648774884,0.20109506240486388,0.42996461277340603,0.5524274100847283,0.48449289893715797,0.5763747008662171,0.571143052595378,0.4517338558251324,0.40114299762667993,0.8607334050768568,0.9999999999999998,0.8395654637211245,0.3648480096645344,0.6974422667701553,0.7418954754443121,0.8205931989206608,0.7042943528551603,0.7185777855809228,0.18889547774123575,0.5993125770475416,0.2952735203158392,-0.06284851971054894,-0.1056560142052858,0.1376988322332686,0.17957281132263092,0.471374595871971,0.4053653617545537,-0.034080854653420006,0.25847401630691175,0.14070519047312785,0.6823444546060226,0.1342206665984043,0.3022992681629677,-0.0067304776810853005,0.26222937180785894,0.29621938066167536,0.4686426759175896,0.183961871017135,-0.08691080277377772,-0.05318033067910264,-0.13328626948070674,-0.14897505908150585,-0.03579534374965451,0.1684322244082811,0.21656585585104682,0.03918880123034755,0.17979339378795245,-0.06987301244209865,0.26775778500130687,0.3602294686734948,0.24759077666387116,0.3084913282993337,0.5053650030733795,0.4685090073001392,0.6439056981346244,0.11152624013106188,0.3322662049458602,0.4623724198403263,0.6942365580693852,0.6906788152697871,0.6827942687258649,0.7392673530828071,0.8664813676540032,0.468469470417555,0.680464414700482,0.7107183276698253,0.6662238183597217,0.8181880431424353,0.28902366506456173,0.5835357994754152,0.44457116758213083,0.5557976326575378,-0.07600115076620954,0.5992162888688266,0.4510696980069884,-0.057829751503168485,0.13495736230056526,0.46971191486246405,0.33838499039854497,0.02820807964405631,0.07495547699091698,0.11672433227333338,0.25405920238562724,-0.061308053921741316,0.014026472507176984,0.60252419244653,0.09775743223427474,0.05820589124480327,0.028282877841043906,0.34730758787586635,-0.07127602016547387,-0.13045734759544345,-0.06857008585432454,0.12521526665011626,0.21075732301455205,0.2585935465110551,0.14118255270183022
0.30075639751220595,0.16911416739158674,0.3226977064542566,0.3727203147044568,0.05291792224443137,0.31922488421520334,0.585744790045747,0.32803028240465604,0.3348584102003719,0.6453262399008675,0.15786483550886277,0.06915273014256862,0.6722246062310413,0.8395654637211245,1.0000000000000007,0.5239006453141037,0.7288871276729025,0.6990554678572869,0.841022609209893,0.7464320844484503,0.9031376858417046,0.11941657158911534,0.6592442140329845,-0.0004725781463548504,-0.08363645065028981,-0.3566506030443006,0.08716940886229312,-0.059848646022544506,0.4395317944516428,0.2578318798336896,-0.31205971339468774,0.14229188974304635,0.48261890674008545,0.6425793962210236,-0.005253114453305044,0.12271247778709687,-0.01873542347982012,0.6119533652651084,0.4535047970161348,0.21821361457669444,0.17513759767526288,-0.262314303509488,-0.16437767607899792,-0.140105893180617,-0.15083511405910172,-0.05927769855190302,0.17826441517514485,0.23972501623293985,0.05130130847064213,0.23003434482200882,-0.399165647817543,0.0022478076681688346,-0.018800442486914547,0.14565003496902454,0.14869382778342202,0.37116813751885563,0.2659912072751206,0.5953109412687079,-0.27437566071085195,0.43567236400496545,0.43686852500760265,0.6416465992903887,0.7294960437487649,0.8314153872205666,0.6996785104810568,0.87777515959348,0.2235732732675933,0.6151502026866037,0.6032080138821342,0.4161331379289397,0.7490108064122835,0.012753491621532009,0.49876650469961686,0.12970521291789572,0.5131365850002373,-0.14324984201791927,0.6697964346830253,0.4361907966891717,-0.2460921415857894,-0.19279587039185897,0.4068381459886818,0.378640762848361,-0.1572292305886353,-0.05061078572113211,0.41332325993283314,0.44690205663890836,0.01045756687349261,0.037058712197560066,0.49543056140712166,-0.016820718533871352,-0.31226338963505756,-0.3573637222555943,0.07290233098497383,-0.3924209906482954,-0.48472621637396934,-0.16275834885590518,0.44112819481240456,0.46375775245838863,0.2642482600084308,0.26103335360171365
0.5113021243601727,0.5158643576407388,0.42732967345059875,0.5939389878346556,0.36592249729764514,0.3025882204580059,0.6851468472381822,0.14088084186582567,0.041268534590000086,0.6505651990936183,-0.22518238517917108,-0.06139271103013024,0.22624626601388512,0.3648480096645344,0.5239006453141037,0.9999999999999998,0.6221890272839465,0.458046503828208,0.6119318841363021,0.4422184081059631,0.5989631442260841,0.36174837896784867,0.5112336380892187,-0.14497271923077873,0.02888192129390464,-0.37211343165587346,0.12209510459501571,-0.19343947591194527,0.00750826899507669,0.0708896575601049,-0.5370317408636232,-0.04812362529640259,0.7213684997802449,0.6720489564468427,0.3342860359285777,-0.18446779920237177,-0.2298128942877365,0.7405421271696042,0.7094611530219381,0.31757060978108026,0.20258612600764617,-0.256650510646831,0.23708266587380072,-0.30187484959166877,-0.1335224420378132,-0.015097663847017839,0.1984695924295181,0.2802095497928023,-0.019350563583262727,0.0644184406240848,-0.4984469687738643,0.2068146385986432,0.00589308618935842,0.41638155027694557,0.40573332947552704,0.2285592322748861,0.17513987866984257,0.3251309859545874,-0.441622224589561,0.4047893538635417,0.25565395108110844,0.22266463311897888,0.38858192480189807,0.5816191926766059,0.09597815291755976,0.2991039341069743,0.1370519554432103,0.3208851715523431,0.3819517216011813,0.14621578231709348,0.3301196311217676,-0.022877862690238206,0.267654377851396,-0.0818289733205949,0.2325505279278753,0.055233491436206365,0.2978479593476168,0.2647766472570152,-0.53346620083493,-0.46860652145824616,0.3594379929037734,0.26253960854227576,-0.332290936846276,0.152281490187451,0.5992416749827374,0.6630321692224856,-0.19604946383850402,0.058854257815055225,0.07021259483274533,-0.17306679105329248,-0.42924938998854845,-0.5434006153034638,-0.0899155591616005,-0.6222427453377323,-0.5764590003240405,-0.4404323966070381,0.5564719634092533,0.4275793442721129,0.049308188723014956,-0.03405814942614615
0.12944171907960184,0.23938760445191964,0.18240411992006605,0.34618139251390456,0.11915600511417866,0.24006471735943333,0.7203530660322578,0.22122106544696235,0.16871924695001647,0.6059895028663213,0.10030453239285443,0.12616550850112573,0.6898406442427585,0.6974422667701553,0.7288871276729025,0.6221890272839465,0.9999999999999999,0.7070675372484173,0.8916632631361567,0.6987228610726665,0.7983668723654448,0.25442006224258723,0.7091187210794211,0.1855286822914131,-0.06459683152768489,-0.27259412530707416,0.13762836062836914,0.09886403927012949,0.3567895682650348,0.21590694139371652,-0.30757606615684885,0.08508338430977115,0.46491013016075766,0.8204831875772609,0.22414732162748746,-0.11966609383738507,-0.10876090816541344,0.533831669387187,0.45653696606206173,0.3222810202543983,0.16091047666138486,-0.10495535115456366,0.05059494806068813,-0.26750884927990287,-0.26773874007916465,-0.03136021793340705,0.12229308013402822,0.2154101741723179,-0.13807704772317264,-0.04940790394301476,-0.43746970618257486,-0.019444443106252828,-0.0045099265569140574,0.18820236990829775,0.22025311836870376,0.2400960568889161,0.1385462457073114,0.5132051691293582,-0.2808408727818243,0.46149896763683357,0.41065459774513624,0.5506206970119439,0.5963841636585934,0.8094887197362161,0.4521270993703119,0.6065701689396072,0.23477201650846946,0.6365215360550343,0.6445137286756244,0.416302565457496,0.6447587030107219,0.1497974298398409,0.5097813621034964,0.09376897830852338,0.47875916083827047,-0.021593799746509997,0.5709218719991582,0.5484754400792631,-0.34992233775512027,-0.2569045133492866,0.5550023251749905,0.3840908800986332,-0.24909026810682594,0.07626196322348572,0.4069104996538908,0.5610211098393422,-0.1504154967159585,0.12152191812165943,0.30456688256116454,0.01945120208448604,-0.2810586491688688,-0.35374115469175293,0.004083098094717524,-0.407162759122049,-0.4134077352512044,-0.2845918128481772,0.44199743819833076,0.45523140268689793,0.13801531356429056,-0.031230919883581763
-0.010583073141121193,0.48231577381480917,0.43643555986506455,0.46033024081607105,0.23180488752186607,0.3284499701434267,0.7707079743717354,0.6563419864217559,0.5054874835356591,0.449651645166522,0.3480049351900515,0.31641915660718944,0.6961145172038946,0.7418954754443121,0.6990554678572869,0.458046503828208,0.7070675372484173,0.9999999999999998,0.823278257727897,0.774937051984966,0.7147025004288983,0.01908760981966321,0.4209160460293308,0.3913105273445387,-0.19928337982693764,-0.209579417297219,-0.058522221068991284,-0.09766586100786298,0.328292303208801,0.3007679358695766,-0.23759343515272008,0.06711652408634457,0.1699101927703231,0.7459135779544336,-0.05747990059423888,0.04458588310118377,-0.2310183514008552,0.25966407313636325,0.33628696387343593,0.5392052300509271,0.20309028954299954,-0.32436243702911083,-0.19558271628597712,-0.35763869293614187,-0.3507904551754283,-0.1781393457734836,-0.07816556473266963,-0.03703084462892599,-0.19100573808422305,0.05363091380081691,-0.021658732173377163,0.3312322949480455,0.38429096948506514,0.35422959614950195,0.28282045893556346,0.4741666755299715,0.622334908084456,0.6603979890538709,-0.004412394973629782,0.28941076514318953,0.3962357252648011,0.6289955201150709,0.6244632060155272,0.6058813656260142,0.7006174027275195,0.742570763452775,0.4526819759397478,0.7779097333169062,0.7559584244390009,0.8234491605624182,0.8709680850309677,0.27001182970434506,0.5074764336000135,0.39519018505909775,0.5638785765606298,-0.1728358798905835,0.5439850312297154,0.2629013689888526,-0.22730559687738477,0.10546975925762281,0.5314204894337318,0.17044073061499604,-0.22841097142686995,0.07680413740094687,0.11167833180808609,0.21175780405191516,-0.24407939239802054,-0.2622333061549099,0.36922523470850793,0.12413385652669244,0.04793745318681759,-0.05885840383971889,0.3547338806327085,-0.31131129946887975,-0.17336822386407036,-0.3306461805840222,0.1665073517236062,0.041713795376994475,0.01607939177355015,-0.05937325564531613
0.20078437960809842,0.3066057363959027,0.27666630410353527,0.4464613967844919,0.1287428792254665,0.21042224776973906,0.7616207946865969,0.4445194105911089,0.3123341275083463,0.6175030458091798,0.08304153781440149,0.10455234416901292,0.723001684789273,0.8205931989206608,0.841022609209893,0.6119318841363021,0.8916632631361567,0.823278257727897,1.0,0.7006901035313859,0.8943014077227364,0.08904499674668714,0.65218038929096,0.10340585571438449,-0.17441333469081652,-0.43031602304324174,0.03381956625711944,-0.03726411780200434,0.3031047310298824,0.21942408969119728,-0.23737226604330566,0.01097208584150896,0.4742409861876653,0.7927681979097111,0.08186240918202892,-0.05870753744430954,-0.1433138698083316,0.561895886172717,0.5287710551084241,0.3639422326005462,0.11125800116423544,-0.2790555212127026,-0.08353891569118371,-0.23714273823832654,-0.19777266931047904,-0.09410142810586271,0.11592479262129451,0.11541130809379568,-0.2040765048140635,0.061879036635777644,-0.3739218020087564,0.07067018224907319,0.06346938900725432,0.23177751502855556,0.16592862512138115,0.31265287542077164,0.36751317096906894,0.6189664651259636,-0.27249897155974606,0.44480202677905417,0.4698285122829165,0.6488091590076024,0.7081406762406274,0.8431218514411124,0.601820620922563,0.726426280301583,0.2468760649886282,0.7698014085535184,0.729984456929075,0.5580397794532612,0.7423593776956013,0.1603842000486354,0.5057472364720025,0.19123008761821364,0.574379985981214,-0.10756167283998541,0.5965968805217075,0.47125762765709506,-0.2562440314332089,-0.2462425998489265,0.5662828320135215,0.30141998852512436,-0.21232108723383247,0.030165378460240158,0.38481707543105803,0.49801987017817784,-0.13833612412551088,-0.01588839011448902,0.3189568464218933,-0.0030718210772834706,-0.2497725644926683,-0.32814311056785755,0.13404781383024128,-0.4047782954732921,-0.41532822241492107,-0.2796729744814136,0.43849338522838255,0.3236023257067644,0.06383139264915681,0.04676751787498937
0.045087084750704394,0.28079594898711596,0.29012749660433346,0.20142678738295616,0.06444339573432183,0.27862020194466414,0.5889157315607231,0.2800057746561465,0.3474960595844434,0.4013237548351555,0.3822003350303056,0.28286319659438386,0.5826285092037499,0.7042943528551603,0.7464320844484503,0.4422184081059631,0.6987228610726665,0.774937051984966,0.7006901035313859,1.0,0.7074928595298555,0.1833422164481679,0.5568777306054918,0.38725510561323323,-0.24298798468173738,-0.14538018579316903,0.19695037003091564,0.13079952287922356,0.5944381252995397,0.31744204202583015,-0.21730696817899128,0.12574105657060033,0.17503950070757435,0.7196651941477165,0.12298217239379113,0.25681939709281687,0.07185442175347939,0.24670628223998256,0.1370142538546514,0.4247608803425918,0.42906306465537,-0.23766685036044075,-0.08651911163623763,-0.15907861963774197,-0.26101584646433235,-0.017350881635243603,0.08980385685549806,0.31273968703344923,0.031193757155434463,0.2934795871532874,-0.1657407085455891,0.16396088318334615,0.25514586698087294,0.14477719613015502,0.3081070282466422,0.39150069035169555,0.24014286866127108,0.5499584394798661,-0.0537144974148247,0.30422352910136014,0.3618768008279056,0.5521157430420126,0.5851644632212112,0.6278658153114595,0.6216395279976269,0.779379515428881,0.47682212200409035,0.5872521197278361,0.6923063657792893,0.6077964547055549,0.8282652523131995,0.31231357440375396,0.6256224985615632,0.36144166621352947,0.5379518987844017,-0.08646208827387078,0.6306636109108045,0.4610366645213715,-0.1352563285416115,0.03351683150623254,0.5608740593422484,0.45417725253882363,-0.07335312315579391,0.17365268989277968,0.2224970547674816,0.3793992121373181,0.07087066839554237,0.03681231770565628,0.609987994727624,0.2566025581034736,-0.09867473279822271,-0.10664725335500529,0.18677129297305328,-0.22059084728165604,-0.1521113216635564,-0.10910346190301178,0.21588238519924124,0.3980352652956294,0.2849522599872793,0.23003404298263402
