0,1,2,3,4,5,6,7,8,9,10,11,12,13,14,15,16,17,18,19,20,21,22,23,24,25,26,27,28,29,30,31,32,33,34,35,36,37,38,39,40,41,42,43,44,45,46,47,48,49,50,51,52,53,54,55,56,57,58,59,60,61,62,63,64,65,66,67,68,69,70,71,72,73,74,75,76,77,78,79,80,81,82,83,84,85,86,87,88,89,90,91,92,93,94,95,96,97,98,99
0.9999999999999994,0.2241590898599946,0.2542237185194499,0.22863686752713788,0.2460350176340625,0.45787963539789794,0.05883901988170675,0.12158542422305298,0.29286204299461427,0.33592071884087077,0.2782734766468866,0.22644177591111148,0.14892032106297418,0.19020933922474068,0.3524349073712258,0.2002224194943825,-0.06054894692217744,0.24113696060727738,-0.10059484462688685,0.40479095641523477,0.19472913188768207,0.13519362524039852,0.34859785852522923,-0.1388725716048707,0.09874741708454496,0.021645387302960166,0.11582298135379311,0.29663197859109597,0.18427057468447441,0.29750354182589583,0.40438259199948745,0.33299517170845466,0.058029384433407716,-0.10860599548234563,0.2906907656917661,0.49719210657917695,-0.08121429126072922,0.3963853945839431,0.11209314676601734,0.19948356534566808,0.2449706692856433,0.3590357398069135,0.22112388399898447,0.39308648716398636,0.13257533704051333,0.18203165308560082,0.24386361114924618,0.4324384288879041,0.7053188610044789,0.4097473985859095,0.5170297230781339,0.10783725387261121,0.1010530555178487,0.11434553364304385,0.23393950052566265,0.31990719585441035,0.15081812878322612,-0.061208659205733915,0.2909558977556014,0.33054285523456095,0.18002937753273812,0.18170732248885557,0.2528140883416838,0.2511715717924593,0.05601678813707844,0.30183551810360626,0.2843830851875899,0.07316393665961288,-0.11807157755132197,0.12015588455555141,0.16025579196007397,0.183079904012152,0.23353574334427016,0.2339014623048118,-0.07515256210713021,0.13137832938021593,0.07066066565460068,0.1474587128713984,0.190879155669632,0.1759303869948626,-0.1544968939821314,0.02450234496916583,0.0325010560631381,-0.0840888067890823,0.0582528312819033,0.06786653001403206,-0.03966246804456959,0.32404254018897394,0.17401757168416485,0.14716039071620682,0.1604352241629966,0.36272527033188384,0.08465296272438312,0.3519539830885454,0.18435370529760994,0.4500977133719622,0.11175500161462779,0.46895060526095755,0.5495832492452033,0.489014819774902
0.2241590898599946,0.9999999999999997,0.14318950707027844,0.8248697875245778,0.7594033744747597,0.37565528302570844,0.1800747176935275,0.7853723835678637,0.6238132370927827,-0.085212712358316,-0.07599454985291804,-0.13906541666390723,0.2732197103628267,0.0803414208024178,0.1431934087699849,0.440197598573906,-0.0005025186673103837,0.37548593644736533,0.0982943970535687,0.3968545672395534,0.14180024135374872,0.28066824183573064,0.27676476426013724,-0.10389992607149101,-0.19355904221938447,0.03129059375740386,-0.04174783738802807,0.02580675730871418,0.39516640844008066,0.17424719980535502,0.1013057347553845,0.3637811761349964,-0.024120024646856447,-0.042316311891371035,0.031485098455748206,0.43930753130287803,0.16214582418572754,0.18811940387391016,0.04117669270099631,0.0904595915187339,-0.006101674464587331,0.02800451016728516,-0.1419080336914628,0.15183098252457206,0.07053285653586519,0.050183127646248105,-0.06118853888177548,0.02213575961829184,0.2962113891589782,0.18930429589794426,0.46156216891273083,0.7029313562122157,0.48483573972683036,0.709985646443324,0.5717106532830128,0.39478812561043913,0.7298011726334729,0.5842664944192881,-0.164257307977304,-0.22755081968533913,-0.08511277156830527,0.2736590068868892,0.3096990738495735,0.1277558580160081,0.2816995529388286,0.11027321139901582,0.4431417900033923,0.2187869540071929,0.037402147610193136,0.41625152127377146,0.4005612592044385,0.23050036719067246,0.17102900837240884,0.22229514799046418,-0.04052151512191823,-0.13183401529002317,0.24331637917521523,0.0849540425772052,0.30691913787376546,0.2940872443474412,-0.037400675804601574,0.03606877302357426,0.21779100113163438,0.1478723057687282,0.32610441278884345,0.2959639524563393,0.23286865873118964,0.1343209049046455,0.3823434293434935,0.3354806351692863,0.16511951786270937,0.1667900305273893,0.1713912396735634,0.22779122739607,0.15032652955481754,0.2762320956591637,0.2978427177800743,0.26558649366010323,0.2905049257517802,0.3773715560710516
0.2542237185194499,0.14318950707027844,0.999999999999999,0.18986224250645473,0.2146654797932868,0.5972265116677143,0.32467912992365155,0.35443528743824665,0.6140905294223319,0.44493617286294523,0.3493474767616507,0.5993885885449557,0.037772951249813606,0.1452506383406496,0.3488787087416935,0.10684603309557401,0.03320924270229434,0.30603803238676297,-0.15837478959872198,0.2581558555550732,0.17937121662239494,0.29945927298696096,0.5353339728298542,0.40774336448735854,0.3437279192831828,0.3565961121834018,0.05452800382815838,-0.27773583597117185,0.0281867649327168,0.251267040083072,0.08707457551805242,-0.3152096267564402,-0.4118997007572099,-0.14139448297666216,0.10229128840854661,0.3421893746258237,-0.2513415495677963,-0.13964830649046986,-0.09108736955955918,0.1313499899188754,-0.01950996258235461,0.5922353029239384,0.18665161310788023,0.1285490249129158,0.21619618055881093,-0.17382457925282166,-0.022435597998916455,-0.13099220912716855,0.43706141176607094,0.08718174514628631,0.07834216904258197,0.321347741506909,0.23337193023629088,0.2953144773650785,0.35201700218576204,0.740495493022049,0.32151317349934866,0.3422999878579813,0.42673914862150264,0.6209750839129463,0.5921492945400421,-0.04144476274589937,0.17551364558044022,0.20099571658717313,0.16431059037489118,0.23001673270748255,0.3920179466125557,-0.1511493993697799,0.15568418130680123,0.2487377496577648,0.35573585294539195,0.35519431032135645,0.5870616516631519,0.5063845216584124,0.3364525551561709,0.752019645392661,0.23662002708429852,0.46665960707367893,0.03426043017537908,-0.4204459920274141,0.2608480380237671,-0.09146685088529953,0.20849758388168516,0.28647861164191313,0.2791971074702377,0.27338892391588726,-0.08817294822587428,-0.06311773837651931,0.40396573221091847,0.4276194167762603,-0.12446028995827356,0.15180672788304098,0.2399601437727818,0.5425810081922372,0.5257668401167607,0.09295921980819839,0.1318228388715982,0.2332289868527711,0.5020262273932586,0.19251339909072163
0.22863686752713788,0.8248697875245778,0.18986224250645473,1.0000000000000002,0.5215344243964646,0.23786536282932377,0.31301421322070727,0.7056123616602842,0.5038447898339805,-0.0866777040602991,-0.06508231286056022,-0.10171425296516691,0.2652356465914039,0.11941017193188395,0.1424340199312885,0.4409443134913328,-0.1139926410273043,0.27681919099362684,-0.005318356181994355,0.3324165583090606,0.0952390767094378,0.2735634591286817,0.1305471307974568,-0.09027184773987557,-0.1917322920495171,-0.015165859887994506,-0.10042431613604041,-0.1203438334216664,0.17503942283390295,0.16559134583433424,0.11442484356692981,0.19312884234689806,-0.08611939273570238,-0.206355562424165,-0.04272480689533822,0.4353969393328358,0.1536098137802504,0.0858625057148047,-0.012194285336093591,0.1689687750944437,-0.1507019811670507,0.03184250613402668,-0.20333613800154665,0.10082127751968963,-0.009031906258282726,-0.025223778880989742,-0.13488026171078346,-0.0928528652360859,0.26792418289855047,0.21160879483166029,0.385936754103591,0.6271973603955119,0.6993349700594214,0.7429774455801637,0.381055424342311,0.4036412617393286,0.7994473505566986,0.4661989528520956,-0.18573780626316,-0.16672527512474353,-0.04380944190658865,0.20246516373671122,0.2903905636127486,0.12773083198661067,0.30164627394202914,0.13111445654839135,0.5271016357668942,0.10107187335598479,0.037512057306024325,0.395885430098702,0.3569157297744624,0.36938237663749524,0.0893443762767568,0.4099870656164983,-0.0009960477970464253,-0.043306819561630426,0.2813009900648177,0.06685842739815627,0.19469066414996283,0.11745592060115392,-0.02033406191112259,-0.00914151532899249,0.21155030283227105,0.2468811575903779,0.2711784387602869,0.35719224405547134,0.25218724700012374,0.03941406323352776,0.43483407024790965,0.35490386573132926,0.11408808583285898,0.09707597008891805,0.22026559786946548,0.24537369315596966,0.2878790058184105,0.242175967821633,0.33603606649287865,0.23190297442379576,0.30174531296658147,0.43409636883328084
0.2460350176340625,0.7594033744747597,0.2146654797932868,0.5215344243964646,0.9999999999999991,0.5047043731534987,-0.026596116715424636,0.5627566272800517,0.5411150831501268,-0.13662013971606404,-0.14028086222010056,-0.05720114615713803,0.15470896621307645,0.043939200618948814,0.030651436102074988,0.11351047933710537,0.0021764736385020728,0.29040178075454876,-0.010690386975975547,0.45709650280369946,0.08827348020142507,0.1658673373258816,0.296933768394756,-0.1480995557169416,-0.13287669580211267,-0.013553569511060182,-0.05187136943738606,0.05980843633993918,0.3794392527216765,0.1402889457709961,0.160016497593872,0.16666342133802084,-0.17494421703422416,0.0513646323324795,0.059561532777080956,0.45437000767111463,-0.0511926370538957,0.11777741134000833,0.09275503275142202,-0.022374350880242963,0.14081669052440104,0.15429194176225802,-0.051649030509408334,0.17658227941038368,0.10612982515355596,0.09394753018667694,0.03129545985361528,0.11710116071724724,0.38023267941510347,0.23599588645939615,0.3727553530334508,0.4631615819370861,0.10940251816912362,0.6008017783051309,0.6321973332530783,0.3824227386282271,0.4368965512337075,0.3935977775501618,-0.07706295785666155,-0.11070204729478023,0.008076984107489771,0.14446934019253058,0.2122652599908322,0.0847015555230028,0.12884136908694313,-0.012011811292990221,0.3029579940441598,0.24605293593085817,0.012668206353651018,0.3161539863277676,0.2881795886898128,0.07268264855637926,0.16698827448042775,0.13520294289379045,-0.05868961908031332,-0.06220998340113525,0.12247195530118528,0.018020657130615767,0.28817741680760117,0.07070513738245938,0.007920545141657843,0.10840295101056943,0.26568604253094996,0.029358415847681143,0.2645198712710692,0.26106954301466834,0.00846265162731178,0.2070378564429398,0.2773500274234531,0.346426585768654,0.12577400131604616,0.1239513251023758,0.10110801496323844,0.2357948836359038,0.04721763757884213,0.2489776363031307,0.156360684664432,0.35085999595004896,0.3483617189560594,0.34778058145807617
0.45787963539789794,0.37565528302570844,0.5972265116677143,0.23786536282932377,0.5047043731534987,1.0000000000000004,0.1272012162648211,0.3871179637971724,0.640510040183493,0.2750735991488372,0.20977371979845444,0.38853152591571233,0.23327924915426781,0.14696195786121777,0.2405134838021266,0.004330137934918824,0.09430671491646508,0.3001512142992556,-0.013568311018406437,0.3543729801416944,0.1961006428013512,0.19025357986358982,0.5270558835858,0.03582026911970853,0.18796466286235886,0.16674215190342287,0.16265793864786315,0.18913695953248882,0.31747768750008054,0.319351681582379,0.33620413228927437,0.0922268740968415,-0.22781221509414698,-0.042565617224226526,0.24600402238748045,0.44096073075043274,-0.19601040711493625,0.17387947680948634,0.0958325638820794,0.0750260148977849,0.22112859426207596,0.4422936322064842,0.16329273220376228,0.3389148821601329,0.28035227653051864,0.13167239742635845,0.12844126701327727,0.22899366227265686,0.5606790549818477,0.30069148426011927,0.2979133547186407,0.3762269954194326,0.0446850053825344,0.37051514020629706,0.6912965033061526,0.6142529224030923,0.2656752322872976,0.3386565703859021,0.383689163113447,0.42548649129074595,0.304565709439073,0.1708971915588888,0.3014677256495203,0.21851645541597936,0.22652562311752963,0.20761610166728972,0.23473853557515312,0.016211877019238746,-0.08024107847686299,0.17139746064861308,0.2779644426860534,0.0784555194321394,0.42183400792272785,0.20671257063753126,-0.03424842476225482,0.2885269222142713,0.10992129485800721,0.29126511054878096,0.2589000501934076,-0.011855627883811072,-0.049211788214846036,0.016810311311792205,0.21944945222880505,-0.036431639940633836,0.1652425061684714,0.19582903667463772,-0.10544895162014137,0.25309477257254537,0.18886336443598123,0.2868028562974484,0.045247262435255814,0.24738635815455415,0.15313208793645197,0.39444735772370865,0.18515830054652693,0.31072176856059147,0.1617047436410226,0.4493598557734581,0.4817215891349609,0.3494963286065182
0.05883901988170675,0.1800747176935275,0.32467912992365155,0.31301421322070727,-0.026596116715424636,0.1272012162648211,1.0000000000000002,0.43245203826163,0.32785177649712827,0.29291999595041956,0.12888188088395822,0.10774006911347749,-0.1936612449466928,-0.26950431459095764,0.007833277031542952,0.39348553846957196,0.23446028033651461,0.4165682475057191,0.06809173752797341,0.198208893064636,0.26328194463116333,0.35743790627460015,0.31899658835294137,0.5111886902473197,0.4260011546721261,0.1353021652307503,-0.0963585687278995,-0.15393601686566766,0.08211957647453454,-0.16786549770868064,-0.05269003929129867,-0.03822508007847491,-0.1335268691838038,0.09489105403290084,0.16116307268493843,0.24741312953154582,0.000796504829792548,-0.028790555075286845,-0.005675475590234725,0.4495061729287242,-0.07132710716220099,0.21834175351797755,0.0464052698799158,-0.17478749300408744,-0.1756334171924289,-0.20854701118131017,-0.299132263018573,-0.23375684088403118,-0.06419968715048895,-0.21223979529083034,-0.14688315564040452,0.20867483568152312,0.5289267811970307,-0.011714292395465254,0.15558624905877744,0.20989531310302412,0.37876993368432543,0.15376091336508002,0.16992410717470216,0.03770446275711189,0.0624113587228573,-0.1297263427977276,-0.20083604008429568,-0.28601657000513836,-0.07076905625987599,-0.16406594156323692,0.49438244850978025,-0.11092010232406325,0.2606920260513272,0.21085831498517016,0.26691620938668903,0.6288171261726595,0.31043358155635825,0.7196315788724046,0.3969225910732114,0.4358095191464604,0.11309979877966679,0.22623400992240464,-0.16607305637675546,-0.11374239929641726,0.3632470522796628,-0.18092199128182263,-0.11233561390489703,0.46776105889131553,0.1954980759014596,0.3829773270917981,0.11479030848936556,-0.05856820018513775,0.287583925816192,0.375374488966186,-0.05153690014598479,0.39513046513962896,0.43400759525234833,0.29959495349099496,0.4308181666011091,-0.23266130468305313,0.09419096383705712,-0.04470678762578703,0.05924371524504221,-0.024460242546413775
0.12158542422305298,0.7853723835678637,0.35443528743824665,0.7056123616602842,0.5627566272800517,0.3871179637971724,0.43245203826163,1.0,0.7378547901768432,-0.00040643205484912115,-0.04677054524400573,0.019255342004309138,0.14258618530770936,-0.04417077434342988,0.12413852020701333,0.5235079410939776,0.23121725405683047,0.6358631045668239,0.07565914306635756,0.3865168721683701,0.38764668917562584,0.5378787289313424,0.31471805703201794,0.21728863831638184,0.014700392752940118,0.18805995929067074,-0.0729898669801176,-0.18695648438507087,0.33170810111170834,0.1096656113746754,0.03355995928821679,0.3081290593799815,-0.16986970793029565,0.01739018427768939,0.14125846484576868,0.4082905925302667,0.180916706682534,0.05333904776489434,-0.07441474929262294,0.11323027624607387,-0.03345438606670845,0.15312814317255258,-0.03573589725463273,0.03982221332046176,0.041316313880584925,-0.022610244303291047,-0.185056990701389,-0.1640775390217361,0.19884698913777846,0.03780857765637564,0.38638823437615827,0.7048177826032899,0.5357594696811726,0.6034361447481286,0.5717108029503252,0.538065373706838,0.8170889071821438,0.720647194546342,-0.09930762180138901,-0.18192625686389033,0.03755563532414695,0.15773357353608272,0.2516292192111416,0.05146014985057479,0.28221222540755786,0.07126646440552788,0.5915742649159778,0.10387060452189373,0.10576655461672994,0.4747630112938441,0.5177046150426488,0.43238303663927224,0.3064544479934618,0.41089642429826406,0.1603537761095287,0.11563564722735664,0.22911369733763087,0.21687700327223827,0.20172619545267662,0.17630551083677198,0.09045776760679003,-0.0511047322375168,0.12620731478488972,0.29522805122359297,0.3336994688294371,0.32291278778097093,0.17273499014389437,-0.018045606532203447,0.39787298303975055,0.4036025322920119,0.03951060860573201,0.15021117403849726,0.24939658758850072,0.3611724663919646,0.3734895577109953,0.10369368720691181,0.252949862606836,0.10470109147538255,0.2705436159416382,0.25552703578098956
0.29286204299461427,0.6238132370927827,0.6140905294223319,0.5038447898339805,0.5411150831501268,0.640510040183493,0.32785177649712827,0.7378547901768432,1.0000000000000004,0.29738653928201253,0.29996882365752403,0.3689653161007112,0.23114767240293166,0.0423444898890902,0.3028084595205967,0.3732628784715849,0.2531272407259665,0.5868145473818261,-0.05528602018509504,0.4610247119416339,0.41636979867376617,0.5777645380003714,0.613778486719526,0.40773448155448144,0.16559248887330755,0.48445445652767033,0.10931262013527582,-0.1415132989127608,0.35900627279742214,0.30918353169504914,0.06162022224895904,0.12594395675325318,-0.326914983194448,0.03144875914689668,0.3291663615514958,0.5628858621940949,0.04893570623981121,0.06356193038159268,-0.19424314004903145,0.16823715174950515,0.061926544825856945,0.4111585876772766,0.22673009746960518,0.12807856054594793,0.18464168217690866,-0.14770996697061858,-0.034353136047310676,-0.09173908628641775,0.5145283000540868,0.12817398896669913,0.4391339753751398,0.5675569187747785,0.34857403402019593,0.5028075416334407,0.6669256071788927,0.8206666133828121,0.5290883323984906,0.6937373842416671,0.18164941642680704,0.17731599420400027,0.35503037101739365,0.2778476926239874,0.26112728982815575,0.09597354351072021,0.23741634201890796,0.13933427089496503,0.49845578891678755,0.02645298979078681,0.19491927604377104,0.4878250093621788,0.6057873121077807,0.4646028159094474,0.48042907053559936,0.4195537424595799,0.3180875931082316,0.3795824341216312,0.2544471269591838,0.39694366519604696,0.09804074949941215,-0.010780483835284327,0.21821915163653102,-0.020977475181684687,0.23013086935936755,0.30926641717223025,0.3276074418963962,0.19265899385421087,0.07922151506674152,-0.010652296662276097,0.45403490973721217,0.449698238036068,-0.08711644902348925,0.09598454738689303,0.13436721847143746,0.4015111855287493,0.45328890911129144,0.18597167519864846,0.08391111508541821,0.21302438694129563,0.5350196017887615,0.2974339634748011
0.33592071884087077,-0.085212712358316,0.44493617286294523,-0.0866777040602991,-0.13662013971606404,0.2750735991488372,0.29291999595041956,-0.00040643205484912115,0.29738653928201253,1.0000000000000007,0.6351824317593274,0.7029537844787161,0.26336655556889926,0.2186953303164593,0.5186066368996229,0.16690287766260312,0.21134566649858688,0.13718698791277267,0.06987408057191447,0.07163124549860173,0.20386115891544587,0.2748479784940523,0.39896845734907477,0.37557551192929967,0.5497057540422412,0.44542772748080073,0.22638126418742188,0.13668548965745778,0.10529722648235613,0.16875193904029887,0.17693299311569974,0.07049541846678183,0.038739868414398075,0.005430230334415199,0.16421090139717526,0.2176218589533213,0.04892953653610998,0.24061934688884354,-0.07055885777551983,0.3877281565488575,0.00899736875454492,0.48893712437790904,0.2518624072301936,0.31677040709902965,0.04602470888172212,-0.09083260737499746,0.03126039376886997,-0.01684335067834525,0.30994073054934373,0.18831090754038052,0.1556272961406555,0.17422868145421955,0.171182696682595,-0.0660804778219574,0.07685106255409703,0.4219864647198325,0.11187730199082636,0.1393990407396463,0.6945366089198165,0.5257647429357118,0.5746696816945789,0.29049165354639495,0.25254941519926605,0.3148628240182143,0.20527309578374833,0.48907971753295004,0.20746474137561763,0.09449579014036547,0.2456062066433559,0.2014094057087013,0.2570250863200807,0.38241978450806885,0.5096760101132297,0.37766706044250664,0.4631460623654488,0.5340734656097454,0.4488201311242832,0.5151818881865281,0.05905072267371843,0.05207193847719089,0.23005335178583283,-0.07138838499434438,-0.017745968139755857,0.19433526497071882,0.09649237575976506,-0.04159662416587327,0.17394047692673292,0.160607089315723,0.24271970522394518,0.1458870896418171,-0.00046905160819091176,0.3783263706625817,0.17343041780501256,0.3354374418444409,0.2573412396478008,0.3101552176183237,0.04252857743546196,0.17529501788228857,0.3201462007839385,0.23670811832282881
0.2782734766468866,-0.07599454985291804,0.3493474767616507,-0.06508231286056022,-0.14028086222010056,0.20977371979845444,0.12888188088395822,-0.04677054524400573,0.29996882365752403,0.6351824317593274,1.0000000000000004,0.593358845855612,0.2899363143796092,0.21770949250086746,0.5121921873203085,0.14005653164827223,0.28282442961989046,0.0763509516935817,0.08304003863515064,-0.04778728362107443,0.28450835495212073,0.2722934930611251,0.3649919254320251,0.31224421779335193,0.1771384158137603,0.4888476643580797,0.2933129986973729,0.11943577564378641,-0.048125830307881895,0.2860248015624052,0.004810668856194632,0.04763825440085779,-0.106947147945604,-0.08834436374262505,0.21790915077767967,0.07172657677658237,0.04607549301438294,0.1482455902191925,-0.20993674878841995,0.09314749803257215,0.0857503864688958,0.31114834513488887,0.36842977301219854,0.3370717079781869,0.1402512101039139,-0.014944721476384225,0.19260812704310937,0.1175039616739476,0.39073925565087814,0.1665014934571425,0.24805803113204986,0.046288864568860784,0.10586887535052647,-0.024800926080508223,0.09174465122319586,0.4653581942800035,-0.04481405199466057,0.06729538018006699,0.46082696830433634,0.5496807498010108,0.5045677885599348,0.40941821090527175,0.2362674319545107,0.3224833114921394,0.26072577275786046,0.47623921034299554,0.2670650727072683,0.16258158566383626,0.13299827967771544,0.1571659762646227,0.260367823542134,0.25635841771061874,0.3690492241871588,0.13664613871513062,0.3676731410062902,0.35724901510125584,0.2508156187100576,0.4203088895927836,-0.11190747997035344,0.04996036231001403,0.07730447008309932,0.026222868276043844,-0.024129670619667275,0.1672517254604277,0.13645560251042724,-0.032631721328368196,0.09241803914054175,0.11075481856643815,0.02958658237904865,0.10912396122777414,0.009698215711017248,-0.014300336301363728,-0.04663022525068365,0.14971925665440564,0.3466645313460862,0.40561497050525097,0.13666840854537998,0.28358130978004664,0.3264327680498851,0.24844714605500895
0.22644177591111148,-0.13906541666390723,0.5993885885449557,-0.10171425296516691,-0.05720114615713803,0.38853152591571233,0.10774006911347749,0.019255342004309138,0.3689653161007112,0.7029537844787161,0.593358845855612,0.9999999999999994,0.3435279277306589,0.39241627299342563,0.640193564936121,-0.0527068551036397,0.2896919471719212,-0.04023628813758885,0.0854760711377935,-0.08690695448263716,0.25281786502235687,0.2773120020374371,0.3840726981108033,0.4876796744760115,0.49756875653144245,0.5997352748969871,0.24100243688703818,0.06970654386820509,0.009057315201130546,0.3554464210684815,-0.061084442567559204,-0.08391952512755527,-0.31716183340932996,-0.12979559455019796,0.10898222231425746,0.0650836625444253,-0.11434165249966664,-0.01138544247459535,-0.16407324361672734,0.11389001220467497,-0.1113051476274906,0.4472705279651327,0.1838782503056773,0.13675358820475336,0.13732737297837685,-0.13891803333527214,-0.07106334990006748,-0.18134495841894185,0.276951872185739,0.019117768956765847,0.13432291560098195,0.16154834203959373,0.053399567174297204,0.05173195553136858,0.23699492295742808,0.5475023276474035,0.010587930000608994,0.2554218048288626,0.6483995318392319,0.7027912409778437,0.7891263005924418,0.29287485173198646,0.4311173904604067,0.3613532475994289,0.37058640822703154,0.5803087823235596,0.11623540268306912,0.1424679475364962,0.2265918432838242,0.10935853972285303,0.3007392972859111,0.3583401956447742,0.6129222528778568,0.24817032416429202,0.594901885721162,0.6950503327088254,0.4892969175643094,0.6823041171209873,0.031186261692739168,-0.1491220003044962,0.3440193120494913,-0.10027197837217655,0.16855510530251527,0.2885069232690367,0.17898658423946653,-0.0410237198806499,0.071195728496312,0.11967126707624007,0.08760284991838521,0.11157380209017564,-0.16555917145903287,0.1769156210448067,0.06825112238379276,0.3020838789211293,0.3896340871101814,0.1423818834398814,0.06909964245885468,0.10930186293022079,0.24699034455889368,0.07071950901089723
0.14892032106297418,0.2732197103628267,0.037772951249813606,0.2652356465914039,0.15470896621307645,0.23327924915426781,-0.1936612449466928,0.14258618530770936,0.23114767240293166,0.26336655556889926,0.2899363143796092,0.3435279277306589,1.0000000000000002,0.5656801968666669,0.5711875701986889,0.11171202282279774,0.08671190937879551,-0.03550081221050876,0.1940044423736007,0.05707174205398659,0.06827386822430938,0.2059759971890382,0.13712903239821816,-0.2692152832626984,-0.026106673638220588,0.28855211868747777,0.496040519992478,0.47343939936254614,0.26198424883591725,0.5180509535665411,0.07500061010510782,0.31469161002012713,7.164458778075348e-05,-0.07158186866713848,-0.014913681281698288,0.22136384697132613,0.26086264031121575,0.18619451945568297,-0.025130565719407985,-0.05308126391766786,0.056404351175799707,0.111354605435189,-0.11752882935963829,0.4988738459421104,0.20100571831329184,0.2642608200915667,0.23565242223941185,0.2109282091198485,0.3650253085810992,0.43945826317876024,0.3557285388088726,0.34302025479784565,0.17344637636539598,0.28924343133935076,0.27526487358077895,0.27884188865617,0.23019393142153718,0.2835302229251933,0.23875248002635094,0.24004800547261018,0.2936966044480827,0.8004545315223622,0.6537649355273661,0.3989130153127634,0.5599237839682714,0.6010073387813378,0.05068776212222421,0.32778723950263833,0.046236157982161845,0.1872404486964476,0.15100045283134853,0.030066390878733685,0.2343375997164637,-0.13337736773948225,0.013047419418862798,-0.05029367333088692,0.44674938013731375,0.3364102672996552,0.2241899418200726,0.3031561203948671,-0.1391963559704969,0.05623522238146622,0.0333841095037509,-0.1235896185077397,0.13802191984596718,-0.14819801898589716,0.37450897743418055,0.38853183323261337,0.07457756179555029,-0.04486653246800239,0.059116340187917414,0.13124766217520803,-0.0238954534349938,0.009670518694093007,-0.10040526359058541,0.5145634584230364,0.24141754196946666,0.3504450283535953,0.2875037180357091,0.4144481560166941
0.19020933922474068,0.0803414208024178,0.1452506383406496,0.11941017193188395,0.043939200618948814,0.14696195786121777,-0.26950431459095764,-0.04417077434342988,0.0423444898890902,0.2186953303164593,0.21770949250086746,0.39241627299342563,0.5656801968666669,1.0000000000000004,0.6978843092759487,0.002006829637231607,-0.03387532891744402,-0.23841393018049084,0.44045495281312036,-0.05719446567248329,0.0894121324213934,-0.017151391794144093,0.16712988217514466,-0.23573698296261736,-0.00442982537021249,0.0973671718405857,0.3600189372318592,0.45078543268672583,0.21792546066843171,0.497265509127611,0.03681578035271148,0.20719105118138992,0.025992430981132426,-0.1030787376919259,-0.05313154111481661,0.10373141956627857,0.0449184390212402,0.1407568580196701,0.2671350729952988,-0.04552007011938296,0.10009160354187414,0.16000418880614084,-0.05180649014508351,0.37548950922424323,0.16705694812155977,0.30324874026250487,0.40474431660867094,0.25170904710470143,0.2736729789263431,0.36591462338999436,0.16253480750806235,0.23718616116507477,0.013802194828241916,0.2815843388674184,0.23357660343885409,0.13678804922917973,0.07157681589437505,0.12299635080390732,0.36567661400692747,0.42487481503190333,0.35766567322350723,0.4443122761355644,0.591764635210982,0.4879854230400493,0.5419146066591138,0.6003877696946796,-0.07147988894738545,0.25864315578101255,-0.06970569731593433,-0.041148237449281956,0.024077873862496064,-0.11635354584956059,0.21004996070506138,-0.16105388199922585,-0.0020120200173787467,0.11583307985652631,0.506723888487592,0.30030009732767876,0.12199353303746253,0.10473848576569643,-0.1466129507292625,0.01837549378857305,-0.05956760242272252,-0.16401685002923697,0.06995255104116006,-0.1287549585951109,0.18258692740216909,0.3630347667641247,-0.09767439147921958,-0.15147443006645334,0.03333414150891207,0.1475045583533427,0.07695782327829331,0.019783574634315158,-0.07853327445721967,0.2768577144097074,0.14869587151771943,0.22805560906655745,0.1498330546182798,0.2591915272272369
0.3524349073712258,0.1431934087699849,0.3488787087416935,0.1424340199312885,0.030651436102074988,0.2405134838021266,0.007833277031542952,0.12413852020701333,0.3028084595205967,0.5186066368996229,0.5121921873203085,0.640193564936121,0.5711875701986889,0.6978843092759487,1.0000000000000004,0.19625515679301697,0.24920521815944746,0.029665016182428144,0.3054847441111575,0.07020084685522861,0.28184803147258325,0.2816975041594278,0.39540066827278936,0.09317299499301045,0.1973862779610546,0.44899529068665733,0.42220101232099616,0.3140113741937927,0.3663198973484196,0.4887913063213304,0.03653835079720114,0.2043810804075396,-0.04789052156296002,-0.13090562804605857,0.11453178333751776,0.1735235420551336,0.1649333611599481,0.141666544184216,0.02162550629982608,0.07734948911702275,0.0152047638481547,0.24779245123596613,0.05489206616924027,0.40628282790947134,0.17758492357205224,0.13013426568939848,0.15683482651345632,0.1003306407690232,0.4152323378398156,0.28171612417755243,0.25079814596474975,0.2653698043992754,0.21835810475209488,0.20718250335776406,0.25097483574011115,0.36158983334625816,0.15071933661210843,0.24169817006264216,0.5683533033091762,0.5342546203378601,0.6595264878658744,0.4688959203958014,0.6339891733575219,0.4894187750512966,0.6057547655482763,0.7726563576536304,0.13683563970288368,0.3798061869679955,0.1882995385769247,0.20152097414094006,0.2564839945180154,0.1998707255998652,0.45016445318535814,0.044902007596308025,0.35566816914527444,0.36900232416968315,0.6811134689695083,0.5257710848127521,0.20315077699134715,0.10878223837484988,0.0952445334420995,-0.004885108527710524,0.0715368890610875,0.16832364296592797,0.1874646172906075,-0.13425514804686645,0.3254352463157801,0.27714757524800254,0.09334495500476186,-0.053140629948750906,0.05184264838107888,0.22392337443862084,0.08086054695808559,0.2008652023090604,0.16706636311953227,0.38902958203564786,0.17044504432533406,0.27289872146533817,0.33759535568022253,0.35979738649559245
0.2002224194943825,0.440197598573906,0.10684603309557401,0.4409443134913328,0.11351047933710537,0.004330137934918824,0.39348553846957196,0.5235079410939776,0.3732628784715849,0.16690287766260312,0.14005653164827223,-0.0527068551036397,0.11171202282279774,0.002006829637231607,0.19625515679301697,1.0000000000000002,0.07728407409865824,0.5176718150007439,0.11876354189115695,0.3712226798142265,0.06810859918989033,0.40026298086882284,0.08518208008459158,0.12035509621362092,-0.11790899113676068,0.041471288666043486,0.11638370906771593,-0.17316631411396838,0.2593703553277532,-0.022539372818960107,0.2687216332382121,0.3350701270848555,0.3572074654043598,0.19679647009204465,0.4254574373396082,0.39660771432376796,0.34694468403733647,0.2868918253333016,0.14535736399522423,0.41185139721498215,0.29377541410917707,0.05446833554048824,0.27241649618777425,0.2893501693230471,-0.015897943871529326,0.12527397230037005,0.09606319224621208,0.14906353197660205,0.25884841245982915,0.3048770817311879,0.42768814075055783,0.398210088853957,0.5788317732796647,0.3347230528963114,0.05174843543105915,0.17577054265407085,0.4993112788590417,0.2774335324816125,-0.044608583800869975,-0.11128202490418158,0.03724291088212961,0.16154552191997026,0.10297668363879639,0.035297694203119775,0.08925029147659985,0.09775003077016782,0.49724318103234105,0.0682628668041803,0.028025506943826342,0.3263415167652281,0.17517684419612753,0.3270104864754485,0.0070484150924379554,0.3196604981256966,0.06566678263677697,-0.04195336094278438,0.19453012436355754,-0.020592787393139605,0.14837709659825923,0.2824919806506398,-0.041014729129169585,0.016682026808543363,0.08944355231059681,0.2208252616339115,0.08458324499517424,0.11072448588053932,0.18700366761755077,-0.12242207855350634,0.32673367125455105,0.1912890968518134,0.31423542008107197,0.09382977809819389,0.19126660381463867,0.2898745396988746,0.23706975620917856,0.23760287247809497,0.1816986015819141,0.11962994327026262,0.31372653710854514,0.29376882737463617
-0.06054894692217744,-0.0005025186673103837,0.03320924270229434,-0.1139926410273043,0.0021764736385020728,0.09430671491646508,0.23446028033651461,0.23121725405683047,0.2531272407259665,0.21134566649858688,0.28282442961989046,0.2896919471719212,0.08671190937879551,-0.03387532891744402,0.24920521815944746,0.07728407409865824,1.0000000000000007,0.25811757104352284,0.4172998124177966,-0.08607571897178963,0.34004357030346904,0.5181167769266544,0.37160448265518187,0.506967827809296,0.23531877612622523,0.4824362266697961,0.27220644836648883,0.1047317826792736,0.2740830313042166,0.12338782245899411,-0.1846906480354163,0.06281252710727245,-0.2004199782883842,0.3702331571481934,0.36493470825182583,-0.06060495256375057,0.28855798075271455,-0.1631825222802946,-0.2846532141858129,-0.11171650390926505,-0.029050758828448875,0.005224963775057192,0.21550973454553488,0.002546118389685875,0.1197424952312348,-0.11602340350504815,-0.030801993992866893,-0.09120005666304837,-0.010795803502447644,-0.1824089822853864,0.009057641563274023,0.11048232954854185,0.01484198569484237,-0.027437508799712178,0.30926812475329557,0.2254009805469366,0.01015361189314192,0.2781519328718934,0.07826952630924845,0.0205046235834585,0.2125805126157751,0.14258512217956806,0.08403818362336257,-0.07366745848918273,0.17781027292531007,0.12310111467875667,-0.018019614432085555,0.38751754438504515,0.2523953551607337,0.15139191307276992,0.2237905982522146,0.26248266411266963,0.260999757652164,-0.008605743830737443,0.44070826739641106,0.20638298069732966,0.20823183645472718,0.31796253786917167,-0.14945583648410962,0.015533144499039253,0.316745428431907,-0.11939725673622706,0.013376374948375982,0.33353145534788786,0.19754843292828458,-0.06851706878894948,0.23569735774239128,0.06633751026944053,-0.060278471759662014,-0.11503544958197305,-0.24560777784100235,-0.11597207953643635,-0.05897800327394731,0.026874741503408097,0.13401289810910488,-0.060345225340941874,-0.12399678788762665,-0.1267366758828152,-0.06580327900972487,-0.10469943332096794
0.24113696060727738,0.37548593644736533,0.30603803238676297,0.27681919099362684,0.29040178075454876,0.3001512142992556,0.4165682475057191,0.6358631045668239,0.5868145473818261,0.13718698791277267,0.0763509516935817,-0.04023628813758885,-0.03550081221050876,-0.23841393018049084,0.029665016182428144,0.5176718150007439,0.25811757104352284,1.0,-0.0222555785459905,0.6884800659559838,0.34415106586523087,0.5192394450337504,0.42607678582034475,0.20743268720172642,0.11007992927127809,0.15606663530642176,0.06534875326666717,-0.1857723813417548,0.30823729762807994,-0.12668844914759547,0.19783845376074083,0.16589477042962864,0.025379033451175884,0.47800886952404625,0.4074920709338387,0.6337371297694252,0.1845963486689297,0.07797848340113482,-0.06194477496749765,0.1640805100052539,0.33484804717362704,0.30379865825345603,0.21711668845252874,0.12497240026665488,0.10947814976548888,-0.11340408686232774,0.1433396964818383,0.15237104754873076,0.388525712451727,0.19226085945271199,0.35422319627707366,0.3117042164789942,0.34101719202078923,0.13284888690696023,0.3074035765439756,0.43266951464977177,0.43720159853458435,0.3559027459337069,0.017681659513599374,-0.11464414600837312,0.015419754133918053,0.052664194972859256,-0.045334836495102414,-0.18272945542652708,-0.06344860519296419,-0.16352157478301318,0.49652322134044286,0.026825876521414965,0.34100959431222005,0.6585730998905194,0.3543677383095836,0.3784145416354333,0.2699793176893765,0.39866635436989306,0.11431250243829232,0.1400739497621339,-0.10304672516715493,0.08216084578516035,0.010906456954357359,0.03543327415344385,0.19867057538452104,0.1865011006609329,0.150409251665493,0.17671212146532927,0.20904802989546842,0.2604347725582427,0.20517565530489862,0.054838258958772604,0.5457840783702099,0.4347991868963233,0.12440975988457713,0.0824112128766301,0.10973680177254888,0.35064596986356555,0.21946904413876728,0.0865564814703157,-0.09689984930582957,0.2568009978428239,0.47243560729512396,0.28149306942343205
-0.10059484462688685,0.0982943970535687,-0.15837478959872198,-0.005318356181994355,-0.010690386975975547,-0.013568311018406437,0.06809173752797341,0.07565914306635756,-0.05528602018509504,0.06987408057191447,0.08304003863515064,0.0854760711377935,0.1940044423736007,0.44045495281312036,0.3054847441111575,0.11876354189115695,0.4172998124177966,-0.0222555785459905,1.0000000000000004,-0.13578615065136482,0.02277808160172631,0.09139699730270827,0.045757177530044595,-0.09597913493459023,0.0541775861801687,-0.10506045770553525,0.13192346689877663,0.34338108360724223,0.32541451154164913,0.06203909786908226,-0.04969729855609037,0.24684761787415252,0.16040183389644974,0.3577999189882053,0.09541755584100556,-0.10364844114312559,0.15412371492059,0.09477786742329222,0.23047181943681552,-0.07994469687154247,0.13032758896559038,-0.03323090596442173,-0.035840422042896586,0.1624348172999112,0.057951495830432256,0.16890066807289708,0.2684532860278088,0.22030937420568622,-0.05584663775356659,0.07880723307516704,-0.05395590664185692,0.17724040253676115,0.0834201945025681,0.12145551656545535,0.1837141312596256,-0.13295105399191154,0.08870649152076868,0.019810281059196435,0.17479264311863293,0.11110983257659465,-0.01673994569847888,0.13973570115679065,0.15224057981387165,0.07031032844691165,0.3406948123763112,0.18198067893116313,-0.11207890813018613,0.38133817476867404,0.11060922110647821,0.017289448837956564,-0.12992230385300224,-0.1627215096590637,0.016252749255391857,-0.15899764480692033,-0.06664766550934434,-0.09338167842146508,0.21934894322243537,0.0027792631084675506,0.10191195694611728,0.20482090358839297,-0.015711396155074494,0.1570062686884852,-0.037714975660648686,-0.006658391602059692,0.06646943654663455,0.07198151269469834,0.3910551389350599,0.3008287811354063,-0.179210151567015,-0.1991591202768058,0.20628462844372022,0.15606486926216945,0.03524168582441092,0.05031112411361777,-0.22452926234810966,0.04620380881940828,0.06509379444310665,0.13310052557287347,-0.10484424905575285,0.03672428219411128
0.40479095641523477,0.3968545672395534,0.2581558555550732,0.3324165583090606,0.45709650280369946,0.3543729801416944,0.198208893064636,0.3865168721683701,0.4610247119416339,0.07163124549860173,-0.04778728362107443,-0.08690695448263716,0.05707174205398659,-0.05719446567248329,0.07020084685522861,0.3712226798142265,-0.08607571897178963,0.6884800659559838,-0.13578615065136482,1.0000000000000004,0.21838056305787132,0.10986963152002245,0.3871600073584416,-0.04277547330990134,0.005249756622050663,-0.015314486765388201,0.18602482582897878,-0.03168543784217812,0.4002883923880816,-0.07171913869227495,0.3321904123523049,0.10289567913996725,0.06220083149005506,0.3418769379943066,0.3409448731940381,0.8498675326432152,0.06994307646015371,0.20086470631601447,0.1351659605701992,0.21142032356671012,0.5114908438500897,0.33372541690561774,0.11299484430099038,0.30431621777089907,0.19360811398005595,0.058488788203336875,0.23634610142344833,0.4182218608979644,0.6138746368618292,0.5282650578499585,0.4629829557394814,0.14132858864290831,0.29022953125508955,0.1976151613179365,0.25773461964957295,0.2781787935155562,0.31027900926413454,0.16541265510874367,0.11826807526867253,-0.04539001002801713,0.06743543202520348,0.09415624339799822,0.04637058225472688,-0.04229923410850647,0.03643384880986106,-0.08279342314945876,0.45202544001822814,0.0018688975902211229,0.16407525743751022,0.5103533900718834,0.2239722273123551,0.14298141902428563,0.15369606232587246,0.400512877352697,-0.04058234659860196,0.041234171673866546,-0.03514393556935329,-0.012192502184852108,0.04365117277622744,0.005177776691969921,0.09803986819845602,0.18867729303501568,0.20263334451562853,-0.019543643784034413,0.1826770322294536,0.18695103745124594,0.1599566673398031,0.16857167876088705,0.6226843111102704,0.4535463300207281,0.22557043387921266,0.23809679934466274,0.1347850011958747,0.2874210453649953,0.013006770783693453,0.30001537787024585,-0.00905375595205612,0.4953798585439567,0.642726304117749,0.5939237556021053
