0,1,2,3,4,5,6,7,8,9,10,11,12,13,14,15,16,17,18,19,20,21,22,23,24,25,26,27,28,29,30,31,32,33,34,35,36,37,38,39,40,41,42,43,44,45,46,47,48,49,50,51,52,53,54,55,56,57,58,59,60,61,62,63,64,65,66,67,68,69,70,71,72,73,74,75,76,77,78,79,80,81,82,83,84,85,86,87,88,89,90,91,92,93,94,95,96,97,98,99
1.0,0.4071080500714445,0.5078808527247513,0.81582535708884,0.4570384181310476,0.4236522024129537,0.8043223339916533,0.750693276320538,0.5246858095871375,0.4161199776488277,-0.4655650879613072,-0.667149175187866,0.06610071966970327,0.30908887592887346,0.13321476466126597,0.7885598593838141,0.03739392985339676,0.2687333105736411,0.20874131376157812,0.423592741201485,0.3639418039455825,-0.25406503556593796,0.4915879424956009,-0.10032706180081512,0.5132664372459776,-0.5095663353551849,0.11767815737931749,-0.5212595985381124,0.19347278906401424,-0.1147343001354554,-0.010442373117404901,0.7289875576117376,0.7268881914341242,0.3266058854123832,-0.18415622266771778,0.23877307976099227,-0.48831552766450464,0.8471852927510837,0.5707732110295042,0.5574004665233112,0.5144258660370933,-0.5290239876407086,-0.23583921993178897,-0.1375358690395787,0.03953370895890841,0.005523795908202301,-0.07403643578203081,0.16011503233789617,0.11114702063393458,0.24578597898334895,-0.019581502858798974,0.4191213679053604,-0.16955001633253483,0.6327198995707065,0.38130170216333575,0.3255558408016317,0.4124764248235762,0.5542108572235228,-0.43354742583491857,-0.30328833597272686,0.00864441757672704,-0.04830592681136935,-0.1998533433589204,-0.1290514105120213,-0.004609605725584216,0.05741244659897012,0.040667271260939164,-0.19993853639329848,-0.33996266154969723,0.09187003342871228,0.15993613453087616,-0.5421436964914615,-0.2565858738778235,-0.03709650072264096,-0.3977367066699348,-0.06497701907850069,-0.1986985788687032,0.009377759960094802,-0.04510694272217035,-0.19004612722988506,-0.21849321502504943,-0.12212969124186038,-0.23656401179858907,-0.23695713008980585,0.22569276048923473,0.1939526706286744,-0.3401421181938564,-0.24426633444621748,0.28940936405325357,-0.08885566827021846,-0.46408265531159665,-0.24339798661369516,-0.03896007433054527,-0.23871301556208235,-0.4401049854248656,-0.15332146198538874,-0.09360363324885376,0.09740323448842715,0.09659238698346954,0.19867069098562606
0.4071080500714445,1.0000000000000004,0.7216094173751589,0.4396597416056381,0.644666679433868,0.43195741831272055,0.42463242649375416,0.5119673877090968,0.4123491796485908,-0.0008704557888835611,-0.216166911814313,-0.18536232156009488,0.09103705510654639,0.3136091331008856,0.12943639616606112,0.36071488691047426,-0.01061491976045122,0.2188549706814816,0.09644794210021478,0.3746898696496634,0.16029167953677823,-0.31450348192887523,0.15960235115223806,-0.24893048542526303,0.024875965945194298,-0.3630242869015695,-0.20473566748974448,-0.5959363724625492,-0.14153104619224985,-0.007642450280760262,0.17521081949405382,0.42197484860282064,0.15589819971938818,-0.028933396427103512,-0.4693247836471862,0.4486117071455656,-0.3614887479869994,0.27625922778527756,0.22568923540010646,0.11677854527172644,0.18486473616399815,-0.38661305513255356,-0.22607906937593927,-0.17293781806692018,0.05933756065910401,-0.237565835424357,0.036691208389181273,-0.09709294159400046,0.5033555040354812,0.45498001497275997,0.2108379245397702,0.7168657450265703,0.23353101772734478,0.5854806914464037,0.596037716211154,0.5365838881855108,0.49777621418795304,0.40540607496612113,-0.09671437115626207,-0.1759136869917254,-0.1040500418477101,0.033407382111022496,0.11994156317379243,0.2374429192987097,0.24553270406279232,0.14657538164830608,0.43041005992553943,0.1941728520370643,-0.016285415952087174,0.28187750391014504,0.339044100792214,-0.33604159281295254,0.012748665056195065,0.2674917260115168,-0.15742076634899632,-0.1277626310407976,-0.10275321615439555,-0.10458005341101495,0.2287659194088447,0.15298174033218565,-0.198095603806335,-0.0728392517520858,-0.05340667899704924,-0.40594139019145953,-0.2668275384219433,-0.08995941430739215,-0.28811514622093076,-0.5924184035377095,0.3329007811478696,0.15733717678473258,-0.11628190988605155,0.061491161056923045,0.2541976689070375,-0.0018888095305783707,-0.2372395400661565,-0.2105024960486714,-0.1591202743693827,-0.04792610243992042,0.5411987576782373,0.4696979999136768
0.5078808527247513,0.7216094173751589,1.0000000000000002,0.3566545974976031,0.5981329040178885,0.8281535053545793,0.34728205341713764,0.564942437029433,0.7510840191362146,-0.08246630540773313,-0.1484611522771398,-0.27798765211499643,0.0172033099353805,0.3865800526646128,0.3393445005382757,0.2791522289325556,-0.15972737157195863,0.11896493389647012,-0.024494609074793193,0.3851251500853694,0.22653946079781326,-0.6235107662933226,0.32739378881051273,-0.4152851225184037,0.012977135537994742,-0.3789142969501503,-0.09798806404126266,-0.6538630597565084,0.0008669141766072116,0.07299868292405814,-0.1733934257635433,0.33059339059110376,0.03641741273132012,-0.18533083218487106,-0.5782290190493526,0.708144014447249,-0.6382793420168885,0.20942372019640404,0.025840196058451153,0.09122173873872662,-0.07587488779245577,-0.5240519634124218,-0.5965178036973677,-0.37332628764831804,-0.21115366479476305,-0.14117111457364323,-0.16507017935970686,0.01954815426415793,0.6946102319389481,0.28159436770848634,0.07402865037392466,0.6615525252212192,0.041394253930902715,0.5450687349398003,0.8585991230204488,0.8848847072034751,0.36411588039796383,0.5947925451496603,-0.29216220901397044,-0.30552579337144103,-0.04116802942853531,-0.005357169782266509,0.0005989534741862002,0.21468004539944377,0.25736720365693094,0.3919277705106739,0.22520850485043398,-0.004375236731509602,-0.27653131874323855,0.03614889936808195,0.4086082809515679,-0.5104566691274298,0.16730124403502375,0.07620373320460587,-0.3173554560248076,-0.11390756504037011,0.01263385354510697,0.07294168723266993,-0.11896018680447644,-0.0005773163320882426,-0.22714870835001852,-0.3092168129011955,-0.24391587652640306,-0.45094710364070584,-0.07300867494246238,-0.18511521231796335,-0.41705101207076206,-0.4395925717166935,0.4281303337220818,-0.09942111415726687,-0.2738286631760618,-0.0778144207803292,0.07245098751772377,-0.15300945256129567,-0.461854709429155,-0.36053200617933334,-0.01148821254721936,0.06363157420001109,0.642634262247064,0.26515118961082623
0.81582535708884,0.4396597416056381,0.3566545974976031,1.0000000000000004,0.5286241999077156,0.2984644220632896,0.81461933451934,0.845018876913525,0.47364982547544116,0.4142002844663489,-0.47975950414314206,-0.6426221315784337,0.15997124019256959,0.45445154933785853,0.29302622636507514,0.8174052381322805,0.16720992056863004,0.41613753596767833,0.29204253997054175,0.5004456538436982,0.5115810016413752,-0.0460938862382193,0.6392032111236021,0.022611708356048282,0.26565993930250903,-0.632974742851173,0.179879831128203,-0.32953769566220986,0.200819450057409,0.046282148790470226,-0.11037806886628614,0.5344194890395921,0.7762719187028607,0.48235730164475354,-0.055759885604118244,0.23204194936361885,-0.3280057912095334,0.8331810762486974,0.6025863708719332,0.6078573162772618,0.6360396559317686,-0.48112803210521554,-0.16165280782054486,-0.12999619148145616,0.07465396550057944,0.10568022978261939,-0.022435327490703906,0.2787000526221126,-0.01991263152740089,0.23637360062109167,-0.31991713189443893,0.3598443543085621,-0.3103524382595027,0.7455907205718748,0.2963490630767715,0.1527980960304856,0.4624812716466887,0.62412430880353,-0.5940484845438343,-0.32838163230692846,0.06950737887727959,-0.0030399525191981687,-0.048938053440210835,0.001514397068289223,0.20021515599741263,0.17088274600554945,-0.07028155032143153,-0.2172123845328565,-0.2274026230250314,0.3078444917455796,0.2460963367677662,-0.4459937605056186,-0.24674620952610932,-0.19181101096064537,-0.3532910652989661,-0.32928464784857014,-0.02818415249562161,0.21279295870284753,-0.12868784249330792,-0.41602218414906567,-0.1993893925144823,-0.0020944471532454013,-0.27630156658257543,-0.2668328292267106,0.19245565475900187,0.2501452576496322,-0.27246510943951585,-0.059827552458694214,0.2906829045474412,-0.0995713825677854,-0.6640493368197468,-0.5280431105775608,-0.2395910349905859,-0.38258552071263346,-0.5125719325561032,-0.21158393542717124,-0.06135955688969353,0.05176454442689121,-0.027167492076225843,0.1687852656950883
0.4570384181310476,0.644666679433868,0.5981329040178885,0.5286241999077156,1.0000000000000004,0.6174571692291532,0.3985165029627981,0.6856835774989801,0.6488243780911983,0.05400997084425405,-0.09156834989931743,-0.3033427740927176,0.24504821456497866,0.4609443857779478,0.3792799046956519,0.38964872554374635,0.13457778169793097,0.441605012866331,0.23482278946549198,0.6591064156536515,0.559505673559674,-0.28564915782863004,0.3815178144101637,-0.1706417583364215,0.04750241153972493,-0.4043756198514012,0.16793478996101566,-0.3223142262133275,0.304246195302568,0.08161398722218081,0.006214702836138815,0.41628946787597976,0.3080481502569748,0.18601475734353826,-0.1689443796346214,0.538935312247707,-0.33584137775817346,0.35246941853376046,0.08059023210066084,0.0193432295915998,0.19900492744955778,-0.36818577310436434,-0.21670932050891076,-0.05665079050564988,0.1004904355339713,0.05666909130864932,0.1244733154198039,0.14958647895790128,0.39871743335979876,0.32067609087075183,0.19431311260645945,0.6335432584921934,0.1552788055598106,0.7828991772515385,0.7684710124010082,0.5793405305619023,0.5094370575503399,0.6993382339452854,-0.2748793732510177,-0.3460790156160326,-0.1315364567488099,0.1980976697929101,0.10871556010873752,0.08220866638447853,0.2692829229655261,0.31470108180557815,0.19991160645883066,-0.029191408260785347,-0.1690162857212851,0.25193393820210536,0.5598200156960156,-0.33883004477668405,0.04458065054244033,-0.028319734521273718,-0.2570693514422593,-0.3242489460955268,0.13859571579255853,0.09746100567581507,0.10172396334203503,0.10397270214574862,-0.12395802822075941,0.0605002367700165,-0.03229151403707373,-0.28990676666646137,0.018297365725587194,0.017267078016830625,-0.2603587591091848,-0.2627787952199007,0.43724380873948554,0.05839127448603052,-0.15410012076086727,-0.18601743648570043,-0.0238292223947008,-0.1743171715132256,-0.3216762489463248,-0.17723049675834274,0.0075978890633202475,0.11363327038366007,0.35727786709862475,0.3014617724419582
0.4236522024129537,0.43195741831272055,0.8281535053545793,0.2984644220632896,0.6174571692291532,1.0000000000000002,0.33437637972851497,0.6106807433839588,0.8991205495127371,0.108030087490514,0.024676386419691616,-0.18224762666372285,0.06113568217769911,0.4635942768785965,0.48424542285503736,0.2703449078292698,-0.10840288456145807,0.26301307880786945,0.012385264214415286,0.5303389660252809,0.4318887277937708,-0.5745070057463256,0.39664794872350134,-0.14917697734501975,-0.02840737642913189,-0.26598849635151156,0.1830265277799676,-0.44091042618495224,0.3092293836168299,0.112232391305132,-0.327420598957432,0.2323840592426256,0.07329138024650882,-0.0026225079472924273,-0.3416888246616984,0.7349920150015574,-0.5335982437110719,0.18097518062784304,-0.0389318870758988,0.15176221209832702,0.01750688876715423,-0.4048545671843761,-0.5736926240711843,-0.31844776492804217,-0.30788445115055474,-0.04263108763380918,-0.14323712034441105,0.11965215432900402,0.6588527297395156,0.17728486284138495,-0.020453077364742427,0.4555868162451956,-0.04604478481592087,0.46255324777870876,0.8656983684999181,0.8929693157675609,0.39526439899651417,0.7531372416291162,-0.24200685903160185,-0.2557312758273468,-0.16481654911679433,-0.056974314687591614,-0.06288672622836196,0.11614916952744395,0.2598196369522532,0.4997295592546508,0.09965586080046918,-0.26843301520879925,-0.3567239868540986,0.026840801578267817,0.4938570746430953,-0.5495531159416777,0.08465447778223655,-0.04331456112574303,-0.3361835548364541,-0.23002836063175405,0.19398061642358352,0.11408096559150098,-0.2618141134128562,-0.104784297084257,-0.12207148062795116,-0.23994326363598886,-0.34994559337205106,-0.4532455444204453,0.029865928668094906,-0.20588699407425076,-0.31670759996770886,-0.1686108344648452,0.5536875642026037,-0.1042756141162732,-0.30674933884009126,-0.25554539309488633,-0.133637619550015,-0.2751652364673838,-0.553962012025042,-0.3825073140053744,-0.025732806379539577,-0.0026668888512038605,0.577170052017859,0.13784503934711928
0.8043223339916533,0.42463242649375416,0.34728205341713764,0.81461933451934,0.3985165029627981,0.33437637972851497,0.9999999999999994,0.7938997409482784,0.4663339066383241,0.6060020317475517,-0.3938569631364271,-0.5640611489503502,0.13620973792317637,0.44377139953188843,0.07784032261658838,0.9209072172213274,0.3130086987929916,0.44710331477253096,0.41434915227251956,0.5126287938274612,0.4635379518060014,-0.0736912891744019,0.5470615644065381,0.262348918904633,0.5020432755765519,-0.38093550410074134,0.15646013317847246,-0.4282900355708942,0.22641886937245403,-0.09887976825457201,0.015639732568124416,0.6308057982580717,0.7665044156822779,0.592809113650924,-0.058855089951802775,0.16923637292448654,-0.32628844691789993,0.8481741803563672,0.6761898937486579,0.6936496282994874,0.7199459355193271,-0.43900331089227573,-0.11532590112528124,-0.13377189145122975,0.04693953189169249,-0.039968580738959494,0.05570292428079849,0.15998897422676028,-0.015324978316095512,0.2698711308165115,-0.1680266716783579,0.2724803261434869,-0.07047027862520329,0.5791794054728058,0.2750252049409765,0.17642959353431728,0.5486397037276527,0.6075667634328774,-0.4144219606223312,-0.283418725364319,-0.18957825080659516,-0.12358732551792717,-0.19508899195741894,-0.001717493478857254,0.17621749702794084,-0.02370279094556572,0.07612363199776045,-0.16608762511531017,-0.12253469271845475,0.29433278478535846,0.31487981801545933,-0.5541517186131624,-0.3122326765022373,-0.00017627191906662527,-0.27301690506912024,-0.18625180898562643,-0.13815262490612562,-0.01441769943373039,-0.04596050426636077,-0.32606839203925087,-0.18436386970068283,-0.05251474113447887,-0.3110783348886847,-0.29532587942245037,0.10061055311345898,0.11784033241357628,-0.1321563687674061,-0.17972200913990505,0.2582695266219756,-0.05179882043375551,-0.509436784757764,-0.37458263162062744,-0.15247807223615945,-0.37149667089423627,-0.4842749149026962,-0.21981201317720112,-0.1850307904403759,-0.07298046114544761,-0.04733931603621953,0.17095604561264682
0.750693276320538,0.5119673877090968,0.564942437029433,0.845018876913525,0.6856835774989801,0.6106807433839588,0.7938997409482784,1.0000000000000007,0.7214508173818251,0.41364478385369635,-0.3781817948956886,-0.5209689505087821,0.06279781088944965,0.5700639855305216,0.3313783096453755,0.7826855320763784,0.12283823854606613,0.5974109319826726,0.375793506328623,0.6696749630516506,0.6575515579256734,-0.2328573263025391,0.6291766198295714,0.049910083466208094,0.24993809502507566,-0.48606111402119107,0.22012701994275016,-0.44579917523727947,0.35994482938479977,-0.01242529932095337,-0.22323663571609545,0.5230340961339517,0.6190179667811117,0.4696515613696832,-0.1767793222526042,0.46576322706649476,-0.46911948427051714,0.7184207960156272,0.457342186791709,0.5307325862390458,0.5559308204268534,-0.5662909881655779,-0.37542349447204704,-0.24446938336406154,-0.11887052670187469,-0.00035443505384271106,-0.05244200973747373,0.19658778438857347,0.17456742945605144,0.22969673109405264,-0.22053654256032482,0.48933019797398525,-0.18628258450061805,0.7540636423815876,0.5955365801800142,0.434833484367832,0.6733540215726493,0.8830830144773023,-0.4829109141260108,-0.31680933497868474,-0.13380983994158593,-0.11823833286685109,-0.1098766114976442,0.09375941375954107,0.3019426509939991,0.26288416823891747,-0.02936828463221378,-0.20204723483457418,-0.1783704711807933,0.3932743711532839,0.48442277934316647,-0.5241541921945658,-0.13968621265167935,-0.18159592000764618,-0.31375134924011266,-0.2716596626485695,0.07138436981237399,0.12707818745888363,-0.2104096423842826,-0.3513364523286883,-0.1713147798402821,-0.08575081136588587,-0.3917358101929389,-0.33642659466348523,0.17146151463546222,0.06898198624658083,-0.26160364051885243,-0.08395914488312796,0.48177014991583555,-0.12188433914744645,-0.5833482501078279,-0.4852043374042787,-0.2609609218341292,-0.42980159560717734,-0.592381282780064,-0.3786290893246938,-0.11567475235455589,-0.03195965003402496,0.16188855575396274,0.15013259760759795
0.5246858095871375,0.4123491796485908,0.7510840191362146,0.47364982547544116,0.6488243780911983,0.8991205495127371,0.4663339066383241,0.7214508173818251,1.0,0.12287635025621704,-0.10187527058683155,-0.3594996702348973,0.1730161306003909,0.6527482510792653,0.631477323309825,0.44002526410414633,0.03115640870935118,0.4601894169641777,0.1985777593965794,0.7352211497280206,0.6552864958454367,-0.4478833194832333,0.5416374550641033,-0.09820110918671068,-0.008566797299622633,-0.3961274978140961,0.2488694353723932,-0.41124614419228084,0.4605304227260228,0.1933080115228164,-0.33931148211754997,0.3109813245404602,0.29253899338703704,0.24412036560200245,-0.20861896385106168,0.8078355460662761,-0.4871440714309428,0.3155145202731446,0.05783306395021032,0.202615112830425,0.1874874555609323,-0.435241352818254,-0.5390201528772647,-0.36889753659609814,-0.19968815505366602,-0.015540291129556568,-0.06393941294867644,0.1961002021683163,0.5503666334949516,0.3010507733276185,-0.09637400655733051,0.4125778463142765,-0.08863816728596469,0.5962923741065478,0.8056893307924146,0.8076568860847211,0.43723706929612405,0.8836125256946942,-0.42917808211989905,-0.36749908428876926,-0.05480902299356451,0.027839553198127354,-0.0029408150699297628,0.17378786258100584,0.3952996212441335,0.5944860032525526,0.04267487166084414,-0.234015691879805,-0.21168540056661922,0.23978949375108286,0.6292575574034286,-0.5495555045451036,0.0848051728500289,-0.15338033186198496,-0.35561598043850623,-0.36796623616583807,0.29710905561204176,0.21996108237969622,-0.26590920680452806,-0.1964791464264514,-0.010409202216953647,-0.04504415064344182,-0.3340956680835637,-0.3915520064591218,0.10473288930747451,-0.08741912580977726,-0.23006099615649675,-0.1697021574073141,0.6664373123855072,-0.11281290591695145,-0.38722115625841436,-0.44270685512139674,-0.2387077236177654,-0.37277877329489534,-0.6538519933311696,-0.4322902598700841,-0.03304499543453614,0.03975052617975589,0.4567071446934594,0.21977681044456426
0.4161199776488277,-0.0008704557888835611,-0.08246630540773313,0.4142002844663489,0.05400997084425405,0.108030087490514,0.6060020317475517,0.41364478385369635,0.12287635025621704,0.9999999999999998,0.0664027407239638,-0.041871661172876294,0.07239887741528843,0.21715389178699251,0.0326484469399383,0.5529651269205115,0.13985754240938988,0.2271877511014839,0.19185232901486182,0.189601875601837,0.28636627792352437,0.21832271347088297,0.4181378576358888,0.5824788137477459,0.6542221175125822,0.14253284019144785,0.2829581392675879,-0.1286521403557438,0.21497471481560868,-0.12553462742959431,-0.03640526073614641,0.30384095108981457,0.5029707963667192,0.5154336229035418,0.26675131127410584,-0.28404254624388725,-0.07724164963381333,0.5253703336155758,0.691552224796255,0.7626082458098719,0.6577050270740402,-0.15789887703529626,0.15028602672148536,0.2059881591425241,-0.0723397025796476,0.008931146689570898,0.059566544491084096,0.23704540180135836,-0.3047117716957238,-0.08273073449478134,-0.2542769521735997,-0.23232418055135678,-0.3224471566987277,0.10730023161036234,-0.09020300160206178,-0.1626610179707388,0.2183979550310175,0.22566891531457703,0.1479134463878967,0.14597706673697347,-0.26135454084578436,-0.17751946534211346,-0.22259916070772529,-0.22175909910996272,0.02261673813443237,-0.03522381669486294,-0.24521195526400658,-0.4580984216913195,-0.29287417694235296,-0.01948182132798552,0.036837932180077596,-0.310987521277635,-0.2908556139301497,-0.14191904618174941,-0.28602049985801004,0.09013893515726702,-0.16019967094652293,-0.11844630703267056,-0.13284334987186228,-0.4350179962764052,-0.28937666336104095,-0.07955152279886507,-0.25056034063011706,-0.02232056708991367,0.23713293481464157,0.18243286294684183,0.1893971432015119,0.14828615489750294,-0.04159117783168073,-0.11343372944171513,-0.3524789825737786,-0.230020586577252,-0.276667663591264,-0.2563557347261871,-0.2450203836727477,0.04800900819307353,-0.12433810460290719,-0.06604772506119744,-0.30795393483196326,-0.12122316845884662
-0.4655650879613072,-0.216166911814313,-0.1484611522771398,-0.47975950414314206,-0.09156834989931743,0.024676386419691616,-0.3938569631364271,-0.3781817948956886,-0.10187527058683155,0.0664027407239638,0.9999999999999997,0.6291911467744162,0.12528899260931237,-0.10419598402176526,0.19696731972255616,-0.42064898804734085,-0.013251062909170526,-0.21300253238365285,-0.19368945512293415,-0.05669026717304488,-0.019092451602326553,0.08478481800305306,-0.2046940273804549,0.2485167912778687,-0.09214964718244768,0.5904670890196624,0.14749155332980493,0.1266030575392389,0.13444846324428306,-0.14201208771451576,-0.12959159312369165,-0.34716638722200976,-0.4474161895569025,-0.2188173622850755,0.1672527763910091,-0.08125338284808395,0.18980484565434186,-0.5322368402706246,-0.2782504998529756,-0.1361212194516222,-0.18677055858907685,0.18604328466301157,0.01322843081766051,0.21152264798235348,-0.15110466037795964,-0.01935765991984236,-0.08156128467186513,-0.08599645370377816,0.08487012289952046,-0.19890409921650176,0.16266979384299302,-0.27916572708438775,0.004661149244415836,-0.31060738236157404,-0.10439764560717142,-0.022719080895631457,-0.1716976654977088,-0.28401612750993466,0.43969060276406025,0.38717530482034745,-0.017128609951334667,0.024782318557844983,-0.11297083380568158,-0.20967626206721582,0.0213006490982835,0.16645447925127504,-0.11152682586612515,-0.2308907093390068,-0.19792661880242057,-0.3098634315183985,0.00284856889293729,0.028004620880676626,-0.1364411210063196,-0.1483345964271099,-0.04871376383960577,0.18877082475324472,0.20754850150064727,-0.15675145658537623,-0.16381910561352284,0.1459852081123853,-0.12753526118362718,-0.13490460556151881,0.04555755963055074,0.011562848984919914,-0.277019900711458,-0.5438821081601044,0.34829925498918746,-0.032005831164290205,-0.15157050754154935,-0.08536288852036167,0.28337827815452654,0.199016459930354,-0.09355096799165744,0.019171007137737756,0.04863785833946994,0.13693772915830968,-0.08996788507540102,-0.3352156846795785,0.035252230994089126,-0.21226599189312215
-0.667149175187866,-0.18536232156009488,-0.27798765211499643,-0.6426221315784337,-0.3033427740927176,-0.18224762666372285,-0.5640611489503502,-0.5209689505087821,-0.3594996702348973,-0.041871661172876294,0.6291911467744162,0.9999999999999994,0.06854725106162801,-0.2676692000410525,-0.08972802788078078,-0.6413227436540949,0.0010262313365144568,-0.2663336440286032,-0.18877432827711987,-0.347114743930453,-0.309482408095937,0.04099024755382098,-0.49209869223597885,0.2277324653317074,-0.18370599838557375,0.7426791831741945,-0.181856532790304,0.08545522695739467,-0.137135758866194,-0.14172898330799588,-0.15488016296762697,-0.4797046541586314,-0.6550074282186364,-0.34751315186782245,-0.06580731758288327,-0.2524040197323357,0.21327102713451263,-0.6275042573862675,-0.41737863218199067,-0.1960933488858106,-0.2663359786146962,0.3722824354207024,-0.006112686599269893,0.1732409356055806,-0.3825141992760711,-0.3098933363590867,-0.17388131208312793,-0.400521256596832,-0.03135462904710056,-0.30961634259001247,0.12388388226789472,-0.2810161890405119,0.05889311787925538,-0.48189754359531384,-0.27754452907338856,-0.15933401145887605,-0.23578556757934088,-0.42456696814207745,0.6635158971403917,0.5621529854487457,0.0729112546002857,0.10411981414397607,0.06408555089439072,0.05025029661749093,-0.01652430128358068,0.009895579582883372,-0.05190658721359344,0.07072860083124202,-0.017894239471906662,-0.31210312279747204,-0.15340820996439294,0.15718188803196656,-0.030977370812301466,0.057645856493656444,0.2212894789543638,0.3876068159797659,0.014803659615262392,-0.22839794021563464,-0.14146225485574437,0.17750836816083465,-0.03777291542709053,-0.1404716119844967,-0.08348903992378998,0.014125622454810093,-0.4016895435584257,-0.46528641034117874,0.187623763859489,0.03842867425451393,-0.309542922758417,0.0688499116525567,0.37620020276978633,0.34982362405963635,0.04116064405913301,0.04770371458405496,0.24999960851123457,0.05653489981069847,-0.27726807831858197,-0.4193069727592323,-0.0012514522934786159,-0.3003497348381924
0.06610071966970327,0.09103705510654639,0.0172033099353805,0.15997124019256959,0.24504821456497866,0.06113568217769911,0.13620973792317637,0.06279781088944965,0.1730161306003909,0.07239887741528843,0.12528899260931237,0.06854725106162801,0.9999999999999997,0.4931374812802597,0.3701262537346008,0.15255036507560576,0.6560002796801065,0.09729630221248588,0.32828335498579664,0.2334203224588126,0.23262968913833354,0.3050263623218514,0.318666613743945,0.1787408002816133,-0.020663456108484336,-0.033945633499187035,0.20017088567780228,0.11377481730512837,0.13515160417642777,0.3909795035490057,-0.08303367019918818,-0.04028727206181223,0.1902352553857752,0.2883427889462185,0.2510613492718108,0.09573776554835665,0.11389703891156436,0.08403179734406785,0.07811635468413748,0.06071797268305162,0.10073966005761902,0.22620001391101596,0.15605621672058131,-0.0605974843270504,-0.008815102450011884,0.0544584514273718,0.2308963079005817,0.10621735870742731,-0.1394439110039864,-0.031036171247518698,-0.05876111036673148,-0.1779934505430873,-0.07800811600953932,0.27036433814551486,0.11202824550110255,0.053759785603787455,-0.09975528114450737,0.12894482057917606,-0.21357965747017008,-0.32365234006428234,0.20904398541273067,0.8118083990230007,0.3384068936794381,-0.021806391295654946,0.15936689249315114,0.2229469217191119,-0.2630178886057467,0.03896192429639733,-0.17018805780604893,-0.15917876852703172,0.2689750545220947,-0.1539896126059441,-0.019689970950773475,-0.1575712092500535,-0.13164213521917575,-0.16685881820990034,0.13055003722743672,0.33711322863875104,-0.09505965401903885,-0.10355194202452765,-0.20661121131780535,-0.13399934537563063,-0.04757927475794174,-0.018741998733971352,-0.08826166468324771,0.0394500204481503,0.04701281946190125,-0.03159660646146288,-0.14674765893875225,-0.2827959394995726,-0.044347081908507405,-0.2579773074181132,-0.21477038825263875,-0.07469274392659264,-0.11732663654152506,-0.061371931031619587,-0.09100491104699746,-0.09477698187346893,-0.1719630458359209,0.0008570081998125528
0.30908887592887346,0.3136091331008856,0.3865800526646128,0.45445154933785853,0.4609443857779478,0.4635942768785965,0.44377139953188843,0.5700639855305216,0.6527482510792653,0.21715389178699251,-0.10419598402176526,-0.2676692000410525,0.4931374812802597,0.9999999999999999,0.6482916910164752,0.47211257788327254,0.5512104227888175,0.5701712294711275,0.6456664546236489,0.7173884264226846,0.7654532281492554,0.05668288689688432,0.7013120866525729,0.12604900305568145,0.03775227149289631,-0.28448972409550544,0.30224158106960847,-0.07357866203588184,0.4469863400481817,0.35952246651766795,-0.22129806222322473,0.2043340661720442,0.317757776557311,0.5027247012539713,0.1485264109783691,0.49945711491746664,-0.22194686453065202,0.24398603231151175,0.17210352613209673,0.16120940234597456,0.1786083882632488,-0.16282135943880946,-0.19114234555622683,-0.27649654841508897,0.00718316282448308,0.024246734997519972,0.1247436523536548,0.3187918816571706,0.0739554864019373,0.12816062526631328,-0.22017719171963623,0.16228678456017973,-0.11334827908926458,0.5637487545975677,0.4365671136340994,0.355688283072386,0.2518943687721756,0.6291045076974862,-0.49604397236490866,-0.5570910528939973,-0.06817607016162211,0.28833806062759515,0.27599471845749096,0.36738281007988677,0.5975999428827331,0.49614204738653733,-0.25919519442315975,0.050919554129640325,0.01932281515233533,0.27983678151533725,0.7086492773858893,-0.28372492086988915,0.2798762462544836,-0.37474463657616486,-0.24733914600283582,-0.5207374393860256,0.40021545170541967,0.4286858229952476,-0.18119834079305108,-0.2620693457112799,-0.14243034724193224,-0.11069405650028877,-0.1499140360647129,-0.13032556556519534,0.2113459815538344,0.12442779190290806,0.01174247944619807,0.011714473508902229,0.33130187003536676,-0.34360857449185267,-0.3597103090351819,-0.5274343964205058,-0.43073706026758457,-0.31620484348237565,-0.5130440878267,-0.2686431566055537,0.03707050005899441,0.1608011280551411,0.011341505078112993,0.08059125698874943
0.13321476466126597,0.12943639616606112,0.3393445005382757,0.29302622636507514,0.3792799046956519,0.48424542285503736,0.07784032261658838,0.3313783096453755,0.631477323309825,0.0326484469399383,0.19696731972255616,-0.08972802788078078,0.3701262537346008,0.6482916910164752,0.9999999999999998,0.08792585780866186,0.09955791473774438,0.21137514458345796,0.0885618701932229,0.5615551095424094,0.6605077439602544,-0.03979814520309051,0.6003188773687368,-0.031071878829592257,-0.23184332025493776,-0.23587740706564878,0.38862554241729386,0.03504878404612204,0.4443370035606108,0.5319295592451642,-0.3781170226426801,-0.056586694815358635,0.04684720240811632,0.09549741128701156,0.08153578261941793,0.49863901062855465,-0.22413874586023338,-0.03567900699418195,-0.0888914374184459,0.09917475316738593,-0.0054978267103603495,-0.16230294340536539,-0.2882873467776674,-0.349969748053387,-0.11535637330727735,0.17697816115649725,0.026902466634423198,0.3760869512882321,0.22935067341190335,0.021722950421612198,-0.3282121598612447,0.03325320471427127,-0.3182924789662046,0.4040938440339589,0.38469544677183404,0.3510441020582048,0.06765122079562431,0.48136524727077057,-0.38199794274309334,-0.31269546877536214,0.1020861008309351,0.18391006052962502,0.31555678985687713,0.2838839946175459,0.6176296510654267,0.931129308921594,-0.26372407662303127,-0.21179552717104436,-0.14640583935445023,0.07995618661479391,0.5769018148884263,-0.3009659114625984,0.3240780149453737,-0.46226055418893625,-0.35584544656724126,-0.4884043773271926,0.5451246561863287,0.5921140876787936,-0.3112819642262173,-0.3046245254179945,-0.032639794215496405,-0.047818007754984265,-0.21738105621509723,-0.23822607545143326,0.12708044872429633,-0.0223225423338759,-0.06138777806574172,0.1297225857948855,0.3707155311789554,-0.3169306266271269,-0.4098231927139896,-0.5599776206735803,-0.4638508007937222,-0.32846611191741615,-0.5808329250506834,-0.36009623720840495,0.12994642650921756,0.14109373991968518,0.07409840780107375,0.004113449107308234
0.7885598593838141,0.36071488691047426,0.2791522289325556,0.8174052381322805,0.38964872554374635,0.2703449078292698,0.9209072172213274,0.7826855320763784,0.44002526410414633,0.5529651269205115,-0.42064898804734085,-0.6413227436540949,0.15255036507560576,0.47211257788327254,0.08792585780866186,1.0000000000000002,0.33361253355292714,0.488199589021843,0.4927385160282986,0.5330911942383579,0.5274901386542625,0.07614129346698173,0.5728967931617311,0.27062745343304984,0.4590829973183078,-0.4310027093774756,0.1936836329700792,-0.29221129756424163,0.30106132857966306,-0.0808988435522556,-0.0085093659555054,0.5930598775576464,0.848445410057413,0.676990921393375,0.09116031247607084,0.17153005781475258,-0.21881486772687053,0.8342687117659764,0.6728030558426444,0.5998083659029718,0.6637019174288076,-0.3663071833302324,-0.04574851153465984,-0.16296365711705915,0.12082328684852209,-0.03240036104866034,0.060701050050333986,0.1583314640312054,-0.08534896036505477,0.24971354855012493,-0.14968122657120816,0.22843871813270844,-0.09176128005538935,0.6071478157271816,0.2582704289290098,0.13485869659347563,0.528212196302398,0.5968383240343639,-0.442316436151492,-0.31358164287254425,-0.05033935205580121,-0.05552239175657308,-0.17517076148646465,-0.08684822309409744,0.13987370920140954,-0.07383985365653488,-0.003001400594275567,-0.14307202131738644,-0.0017533263395229986,0.3769391389236983,0.35733092421434537,-0.37993925758348934,-0.2865900019425399,-0.04781779695161329,-0.1447964374884937,-0.16068665574176447,-0.005868330841735233,0.04260376347187343,-0.05363605724427865,-0.3252443851561808,-0.07214477770995387,-0.016325630451226786,-0.19779057662343177,-0.09153661911827743,0.22558212641399797,0.2536688611380454,-0.061689049059401854,-0.11566931735393496,0.26607850655353016,-0.09476931259148715,-0.45905378720022066,-0.40910686647314226,-0.17414303296090253,-0.2687689607581599,-0.3877065739606221,-0.16102269658396096,-0.1508771169225197,-0.034387280047422426,-0.10078848912649688,0.23092024921802531
0.03739392985339676,-0.01061491976045122,-0.15972737157195863,0.16720992056863004,0.13457778169793097,-0.10840288456145807,0.3130086987929916,0.12283823854606613,0.03115640870935118,0.13985754240938988,-0.013251062909170526,0.0010262313365144568,0.6560002796801065,0.5512104227888175,0.09955791473774438,0.33361253355292714,1.0,0.3156169005978953,0.7753452188714682,0.32750408034619605,0.38142057250164557,0.36897112651270475,0.30439012479150934,0.46625841531084766,0.18740168652116287,0.11129495849583221,0.14333411219191253,0.18159071105903718,0.367141444006043,0.06903135331445151,0.034915409370488065,0.050722148473405504,0.2878877275234036,0.5831165709596234,0.37391357057083496,-0.015314357214813458,0.27527219774748685,0.16788042815216164,0.102515207017169,0.016023290027705254,0.1881515082183415,0.30476683158859347,0.21203221584250698,0.012012406167666833,0.1384240961890345,-0.08148982341901946,0.1483752763622093,-0.0003161564531630012,-0.32185220756445254,-0.0009348913963106255,-0.0461000006100253,-0.1747767722249727,0.042732387449922374,0.24816000799569723,-0.07504340067673362,-0.1434136860292757,-0.003112560928309733,0.11414000837384672,-0.31728794250783854,-0.32422437002621785,0.059089589707388555,0.462661570068857,0.0827314917284478,0.055537372847274696,0.2491214967939321,-0.09390078652967826,-0.23960063847323662,0.2201533009900727,0.1489530538473414,0.07149295013728586,0.38554687091982387,-0.06585454741478511,-0.029586122820190297,-0.24191012857858507,0.1373999478997414,-0.18636112409955619,0.2696779545983012,0.22337836421772445,-0.002336674219706463,-0.11538391492756545,-0.10955156336837826,-0.1419998384343703,-0.01109409508845513,0.08201488873515325,-0.025147477784690578,-0.007499898630815939,0.2725267278039653,0.03140759119268001,-0.13824841093256857,-0.26104269037468825,-0.049952359221860455,-0.27905098440082254,-0.3988984175913327,-0.10167151368878277,-0.12276463414060772,0.040012764063258224,-0.18163157627130347,-0.09117600211055954,-0.3274993097736415,-0.03445541294596212
0.2687333105736411,0.2188549706814816,0.11896493389647012,0.41613753596767833,0.441605012866331,0.26301307880786945,0.44710331477253096,0.5974109319826726,0.4601894169641777,0.2271877511014839,-0.21300253238365285,-0.2663336440286032,0.09729630221248588,0.5701712294711275,0.21137514458345796,0.488199589021843,0.3156169005978953,1.0000000000000002,0.6972490536746996,0.7815502180330868,0.674782130599849,0.07192938120124226,0.3187537677723664,0.1432032450898336,0.06522936407413926,-0.298647492468435,0.11924177066074544,-0.14476367654703753,0.5678355981168153,-0.07509267184199367,0.034758779658515655,0.42605423999557096,0.43853400415929017,0.7354727513143259,0.12288116135850073,0.4286994669320726,-0.13090985381426096,0.3313774413747451,0.23034982263027937,0.12926688203629616,0.4419578285039663,-0.2733469729576692,-0.05249646811081415,-0.13180728144563134,0.15243979495441123,-0.07305670236925721,0.14289576983482372,0.1039875419723279,-0.040182261726939845,0.34637119130757854,0.08632970127502108,0.26653878934103414,0.17110340963397438,0.5247984193148295,0.24502202021561847,0.18901752764694305,0.5738784480167681,0.6255293374620986,-0.17978795088693977,-0.3107018120385343,-0.2630584816623428,-0.04730041212270638,-0.043138379269277,0.14233819904160874,0.1948415571109438,0.08102684277251918,0.11029321337464354,0.05327635264542239,0.3278136708225103,0.7622030237425999,0.4894642219847258,-0.03741466263334129,-0.08099566114312584,-0.06785164600124224,-0.07903872193826923,-0.3587244151818922,0.21646690597383572,-0.08258701738073834,0.10018131315051851,0.029257247586253747,0.19273037354170564,0.38992844995308185,0.03378568829860285,0.008434990426614001,0.20620119204675325,0.17086731365676266,0.1585631316768581,-0.034732008763170084,0.6451070193968685,0.14666697790997354,-0.037684013064506985,-0.2560042921565466,-0.15101404522014836,-0.1739709065975697,-0.1872631234889976,-0.1301016578789941,-0.02310925295100611,-0.00613946181187262,0.0042803229390456325,0.28436027203594066
0.20874131376157812,0.09644794210021478,-0.024494609074793193,0.29204253997054175,0.23482278946549198,0.012385264214415286,0.41434915227251956,0.375793506328623,0.1985777593965794,0.19185232901486182,-0.19368945512293415,-0.18877432827711987,0.32828335498579664,0.6456664546236489,0.0885618701932229,0.4927385160282986,0.7753452188714682,0.6972490536746996,0.9999999999999999,0.5841087818244227,0.5844757809373189,0.3071929931119884,0.3511595620438545,0.2856394615079365,0.22171651435045084,-0.03279195802673874,0.17102992625510097,-0.007977324111115543,0.4904156211736169,-0.10351231098400251,0.014953392173057866,0.2972514824453233,0.3731564788287591,0.7547087376006015,0.37465548962106365,0.1340962694799185,0.06682270125612434,0.2743762302107283,0.21340291954024077,0.04349067013125514,0.30891880035026836,-0.03234709273726008,0.0665494137483232,-0.07660077411758412,0.1686840238349905,-0.10820850392515147,0.20527444609461534,0.07247196329282769,-0.26720596540573643,0.15483922555825846,0.07486911975408851,0.06060975619566606,0.1636719462682602,0.42178389602372407,0.024017690065771764,-0.039035789332014036,0.3080533603023711,0.33220788669815904,-0.2739246244385836,-0.4090798968035932,-0.15657915123339516,0.14634789771854412,-0.044822424683854355,0.1518962748345614,0.2780416007862954,-0.10761789539983228,-0.07773358468520115,0.23428552199777022,0.3028075812333781,0.3958051751610237,0.4966956568126915,0.02498424774827398,-0.02318135053077201,-0.17797008423274988,0.0001476259745955654,-0.24630838517459694,0.23890387585257,0.011453364681237132,0.005260234040509673,-0.027118866799442434,-0.08447212983660068,0.024240264663207462,0.06273593540388223,0.1794488098326791,0.15203173629058817,0.12292718958637015,0.2719907896178193,-0.046813871335563695,0.1636283349948874,-0.1475394668854623,-0.024377104433447327,-0.2040772296738586,-0.2329840514404625,-0.11826474638055225,-0.11038770388105851,-0.012207624806432284,-0.11417260516708934,-0.02488318606112541,-0.2566738421718639,0.13430176792224605
