0,1,2,3,4,5,6,7,8,9,10,11,12,13,14,15,16,17,18,19,20,21,22,23,24,25,26,27,28,29,30,31,32,33,34,35,36,37,38,39,40,41,42,43,44,45,46,47,48,49,50,51,52,53,54,55,56,57,58,59,60,61,62,63,64,65,66,67,68,69,70,71,72,73,74,75,76,77,78,79,80,81,82,83,84,85,86,87,88,89,90,91,92,93,94,95,96,97,98,99
0.9999999999999999,-0.04847536335127545,-0.19461267680766803,-0.07269331949569556,-0.10232047523032424,0.11015021209961129,-0.11524300990767383,-0.20654857876986862,-0.26927295199010187,0.42886073118147255,0.1835232717129391,-0.11308672157509647,-0.4674108759846331,-0.3411461331928426,-0.026197674358910347,0.01525160681886251,-0.4658790634907774,-0.3326684046885209,-0.3688826263746133,-0.2210638978444656,-0.3860451406913771,-0.23104289264779931,-0.35663337492268454,-0.33611709059577094,0.40465307868213574,-0.27774997301523846,0.09642439534627908,-0.17028493145501558,-0.0943536391243847,-0.4038469947235712,0.10143286784735055,0.410997657963826,0.1996658812967988,-0.38668709114754873,-0.12481048187287845,-0.07994908881156076,0.008777489619015467,0.5349184658813596,0.1170582140193837,-0.03497462890087884,-0.3736568614324745,-0.20409260733616688,-0.24428174391614485,0.027269318556898684,-0.08303754561119149,0.17037702067993102,-0.11948705669702818,-0.04026104062372103,0.28661878181102374,0.03725666384631122,0.35913722207937904,-0.14217134541286766,-0.2471525401161113,-0.2120135069540105,-0.06835502675651617,-0.17901397453439782,-0.23003254937900353,-0.21038006418585337,0.04728018283956835,0.042718757170875185,0.025664389928039523,-0.06798333057621322,-0.421079943347885,-0.3044404173320595,-0.3015270140576945,-0.009938314551300214,-0.15665092107678294,-0.3881073031684176,-0.300995069260354,-0.30198644947920583,-0.40503892460904695,-0.1424739975637623,-0.3889697178693245,-0.014669058720929395,-0.04831412858600566,0.04900431387511618,-0.09966516215007698,-0.18587182512613865,0.016954145388781497,0.42214044570517073,-0.06366152996093723,-0.11826625651591237,-0.08983140899277016,-0.06885040890114544,-0.06824764671619571,-0.10679725864499291,0.020557016154591514,0.13923361294900105,-0.05992766341448987,-0.038147495479962386,0.24954495656908107,0.2071384214219006,0.08344219665071619,-0.030983808660286143,-0.1413170673775467,0.1391087717159225,0.2508095467988661,0.17816925147607016,0.1939920455233727,0.0932949844354199
-0.04847536335127545,0.999999999999999,0.5378544640254618,0.5686755616388455,0.8075807317111633,0.563215961417495,0.6727635358468821,0.561880408294861,0.6986833604986852,0.06770034042645359,0.09625463883263606,0.20747136679383107,0.3394907736452957,0.49733953418452104,0.32995784577945547,0.6101208735926956,0.09270661909380062,0.2403827136659449,0.35116503263373716,0.4239970065674209,0.5160691351688194,0.0150024837173544,0.2719518065841725,0.1024877778651971,-0.07486215291489275,0.07002041332831413,-0.16931928940730723,0.2808011759353404,0.5047868860931163,0.46024607850754695,-0.26719118429544253,0.04937737729770013,-0.08442392958442795,0.05196066469946955,0.10470495042452636,0.2504316811520391,0.39236921920745094,0.057127775446351926,0.40044282110210483,0.5446766170049657,0.3088613555903548,-0.24326070399556748,0.19928324239010553,0.09383133150684393,0.17258714313514664,-0.14858311735168073,0.008797997152774207,-0.19566645420457576,0.08581860496454351,0.24511906480665788,-0.06406169771016217,0.7074484219792996,0.7385998109706123,0.6242309697536237,0.7512538516301597,0.5301689670438479,0.5987787141873957,0.643487173556093,0.06161573129484886,-0.019682974972225594,0.3517638385581738,0.3562120267830169,0.4342937958741928,0.38972432156032116,0.26231139198820286,0.2806945369489078,0.6154638047433271,0.2665553873013694,0.24075086857731634,0.28772325064038823,0.47571570856790746,0.07662337192758238,0.3740063627408385,0.30272677646973567,0.06232548986728257,-0.13406940036824225,0.2876594378491642,0.4601615303440299,-0.13264686228791173,0.08637458503857158,-0.03648366419535957,0.2601981729670357,0.0926830780600685,0.24832271782145576,0.34800668049318484,0.32618783696860315,0.31390745596661623,0.196101490354914,0.35478179049874564,0.3848032610640069,0.13941005639144993,0.07228846764378595,0.4481145191924027,-0.2884001386090977,0.1975323321277301,-0.010318125983832827,-0.013746848221235126,-0.1207872583792199,0.09611837755910814,0.1991942482739305
-0.19461267680766803,0.5378544640254618,0.9999999999999997,0.15045578283903085,0.47849732389188704,0.6519909114868604,0.5213131266624151,0.324675045616355,0.4366417130961024,0.15856976498222314,0.4924389826501493,0.5898217214376917,0.2819042452673813,0.23463980608396282,0.02751481786444169,0.40345070231445124,0.26674809993572485,0.34798350836695463,0.3493423068139213,0.31118931223123253,0.34962669373943195,0.12664669508841733,0.01164850454410195,0.5339220923003909,0.040411141588021816,0.4931012988653549,-0.4208506252425763,-0.047412743795250435,0.2846262702844219,0.23802049920653479,-0.03765585357283438,-0.30424052874384117,-0.47889265790052965,0.17331249448691866,0.003552915593933622,0.24161799570415654,0.11591269045271498,-0.28284493621434054,0.3085354150337105,0.731368258416411,0.08948727229519554,0.14241950076911586,0.09068041733885461,-0.31228818019842053,0.08988656941302915,-0.37104617699887715,-0.30669773203274325,-0.2941459370755827,0.15863724984374591,-0.04367306510321426,-0.02616291255470914,0.6151617953141202,0.3858568210967131,0.315107549834279,0.6256632695941656,0.6188605440333574,0.502707914520462,0.3749233730295235,0.41484793087724525,0.2960669718508769,0.3436201415452038,0.3687578645474115,0.305208727404346,0.24624617251817202,0.172178181935449,0.006086836537065953,0.5051910280103069,0.3144615597817885,0.3481641800521751,0.43016575799331597,0.30851979458871087,0.2392660842877012,0.18153315016244229,0.5265031513647537,0.439976158687011,0.2719226791703636,0.3063607414472855,0.24094426671428304,-0.07304451905997712,0.01621698231368362,0.21301641125900192,0.2080166872495762,-0.04990960190826317,0.19366013429896253,0.04472447687437397,0.09216401984038428,0.2009641427118307,-0.16232441988548135,0.3105417580133693,0.3201485506763319,0.1741396219212654,0.14054200641758047,0.40633498064941287,0.08022000753467165,0.21682070654074934,-0.3716948275017691,-0.22475753449028932,-0.12254638108221826,0.20041616159867426,0.08038738449875471
-0.07269331949569556,0.5686755616388455,0.15045578283903085,0.9999999999999998,0.7081062329241788,0.2541617257431955,0.7361630970765919,0.8744946317552832,0.7925053925341672,-0.04449816094584115,-0.1672572805948633,-0.045810406521364797,0.16566464917137277,0.3870287777271535,0.1733632935977841,0.11833547179244044,-0.2809488249705768,-0.0846911565572896,0.10258187073621579,0.3467804833791898,0.33008610506100466,-0.4633510040643528,0.11452176848458494,-0.3089918994600073,-0.21570816048300137,-0.1582001088786705,-0.19842890732845525,0.27569335404181805,0.4511687018512617,0.22346791716217101,-0.0901518649951752,0.21604378444361075,0.1005155495505587,-0.14966010604832228,-0.07221631847868715,0.17937512072844367,0.3517701077699298,0.1816888371388027,0.485031659257879,0.290695530425141,0.6056417053361558,-0.18442519155372103,0.17575571274996912,0.5858431308817984,0.13426791245142877,-0.10755958711894847,0.1816555549673442,0.03588419437690731,0.12773542302411228,0.622091490192224,-0.21807322236825666,0.34236576503873684,0.669376897629827,0.8774157848317962,0.3939991570054865,0.34459883357863447,0.7662544940141357,0.8252505578943762,-0.12856523311104062,-0.37446952897842845,0.08103456855759038,0.16755291443830278,0.16819426059507933,0.0770952803608965,0.07262342199063779,0.0029702523164333787,0.4263051227494364,0.08368358468276703,-0.20667334317639527,-0.15260498883107979,0.2534646122919045,-0.4433351604314913,0.1502705439453223,-0.17552368574001587,-0.43843735128112993,-0.4008462509040313,0.0880757288064151,0.1485814053894653,0.052720623873566776,-0.03146300572310435,-0.35622610098002544,0.30269767741586034,-0.040711367310439915,-0.16358489024921208,0.11642419686065035,0.2325478222591794,0.30792826605401674,0.2717208533643666,0.26606007183970526,0.2170219300963292,0.06515505773273783,-0.04128477027959163,0.2428514946092172,-0.26353140961367505,-0.026375717506997576,0.2878334672441395,-0.08773700403001336,-0.13836982516383156,-0.10667730900837329,0.4382220920806652
-0.10232047523032424,0.8075807317111633,0.47849732389188704,0.7081062329241788,1.0000000000000004,0.5266078523905502,0.6717922332816662,0.6847124909879873,0.8226341353158799,-0.09877921790810779,0.1752525077922303,0.2765652511930318,0.27238932783916514,0.4480329266050846,0.18938964137036857,0.4595923286594361,-0.09060477923908253,0.1454814449381263,0.28081135425018355,0.5088878966319905,0.49320395609739065,-0.1849765892991293,0.11123973721656838,0.041042426427052116,-0.1406763399320342,0.03607238367648274,-0.20758073282395983,0.13050205939572918,0.49992085507517436,0.4125665292627302,-0.10548031327649253,0.1726268462301834,-0.22596923360256904,0.016839644900476392,0.08891425107029689,0.372463873478639,0.40956770757420335,0.021642494852661676,0.36014538280107994,0.5337675567340092,0.4053361279776927,-0.14073339323389722,0.2451321950319045,0.22674583678418112,0.4104270939089765,-0.21560754328799905,-0.07980338658319963,-0.15531179996013947,0.25488911117344476,0.47205432730117636,-0.00010448342937219251,0.5990264789300672,0.8443737110531176,0.7976444984341784,0.6764529442752988,0.4898424686206923,0.7156629861791073,0.7329013944038872,0.11444202672519119,-0.09722270645727082,0.23875944012535472,0.32109547433443186,0.3855147498218318,0.33875837398753306,0.16877959256240951,0.10255010698323894,0.7101792332975784,0.2506511597649025,0.1255791856953062,0.14522250671653072,0.4793994382490598,-0.15662915318827597,0.26473733625292134,0.2932337057490914,-0.057147959669275494,-0.22487605756027076,0.33573018715040975,0.25434097338608863,0.16206544557671138,0.20526899385155545,-0.23944846766734895,0.3718763537770532,0.16496694992457742,0.05080036292135054,0.32724189878921256,0.18126764269485854,0.35218082413846474,0.12309178960737903,0.4555028283023544,0.4171508108286974,0.2783018723872071,0.21530282531073372,0.48448289164989505,-0.21983344747799963,0.06849087216275741,0.01495515528806118,-0.045931475135252024,-0.13882608780638037,0.14607235432584587,0.38915410536896716
0.11015021209961129,0.563215961417495,0.6519909114868604,0.2541617257431955,0.5266078523905502,0.9999999999999996,0.5739517589056792,0.43347701401446653,0.5307408924940602,0.38473820531655945,0.4729188094159163,0.4210982907326677,-0.02105889696818378,0.21008606140114694,-0.0853913817491857,0.5279789974161142,0.10583418088481394,0.32920730175164153,0.1729720085411175,0.4668814474625983,0.2674247057533907,0.07250223288952454,-0.039491445101742684,0.271747960599718,0.2856773952238749,0.2893207570516756,-0.42613625903581176,-0.09828536466546361,0.38081556005771705,0.0866369159508861,0.011550849686544953,0.05680606721963613,-0.24656788595020254,0.015358308544697205,-0.08036338613153125,0.308435422836396,0.23637525275049606,-0.08011720293624217,0.33363617907012527,0.7449822530780211,-0.03548028903823908,0.07844280068228589,-0.039697075324725974,-0.18083234626341282,0.12569028958175155,-0.47145229542186523,-0.3935508269797032,-0.3475371015942466,0.5308785498000381,0.12035833891131834,0.2571425154710742,0.5959478286649794,0.4209106151929962,0.36331211463252866,0.7911254138446819,0.8465223805521109,0.5230419703101382,0.4627757890344867,0.3435477347094686,0.1450638622504692,0.0727167903359821,0.19690033695046785,0.16404213272427273,0.20241652377562167,0.018951136605174064,-0.05745480280980202,0.6358014024372373,0.08896482062639277,0.1977598035446949,0.3650341383230759,0.23590455983504433,0.11605860712212242,-0.029219433883073964,0.5077228930702673,0.26814764387748996,0.21218374275726065,0.37195614422795054,0.11803349937052032,-0.02836021723598319,0.2612820852628205,0.03582665363605379,0.21919709285419908,-0.0691638037050043,0.16229117507611807,-0.06267627677053339,0.10043081632286772,0.22183056690359967,-0.11652397166505156,0.45058216018216757,0.3470442529999477,0.20075276546275728,0.2261474823809497,0.4101695081365256,0.0745329752097752,0.09681732611256158,-0.23994212734048478,-0.3797220192659982,-0.22067181445677164,0.4030474652056997,0.2277027273848782
-0.11524300990767383,0.6727635358468821,0.5213131266624151,0.7361630970765919,0.6717922332816662,0.5739517589056792,1.0,0.8147466588644876,0.7808260941294117,0.20651729568510616,0.06293739953720916,0.19453041013017314,0.19296268107037925,0.42093383228400777,0.14988635504217582,0.28160344536245874,0.02378816908698946,0.20589035878895795,0.2596432239180314,0.4628076008107033,0.3658457572407937,-0.20074002101950725,0.15677768280981128,0.11370528635314758,-0.04082606220731097,0.03887072498087063,-0.3128408837185891,0.06773539523239314,0.5111713731509357,0.23989975513464273,-0.004779192337112795,0.05901001862684676,-0.10667129072625359,0.02931865882939962,-0.03611396815496571,0.26105554145566506,0.2947312970936716,0.09325812342337321,0.46142055482182615,0.6233419871447513,0.49626083514341707,-0.06357736198042586,0.08986905886707675,0.25723766523432057,0.2169445595710112,-0.2579782335038339,-0.01521986968214161,-0.06496349984899091,0.19522309873137916,0.3478614507857682,-0.2706288823408816,0.4467087148747144,0.581914517806329,0.6685768402959642,0.5963132460895406,0.5627154100859815,0.7679214926633687,0.7678432068571066,0.0933235030872377,-0.13756465489188438,0.14295615793438726,0.215273924201705,0.20447534658052283,0.17664865453852294,0.14846255420947746,0.019669099803243096,0.5932498924701927,0.15541201124464724,0.005937705657544303,0.1007016492003879,0.3351224532915984,-0.27634128259222257,0.2526625276965084,0.17546258192127265,-0.10202746697891811,-0.14137892206719108,0.3034969476770406,0.22110241053079738,0.028013371460250396,-0.053343800526943784,-0.05604227829028442,0.28488092926462566,-0.04352494208193147,-0.017673612693757133,0.03377619772864386,0.21177538237833177,0.34053859009011606,0.06294267977390675,0.3827819630785654,0.3596421749720056,0.005753618582939287,0.0463817899531799,0.36582348388958524,-0.154847754282051,0.04271561968448208,0.05180790855810908,-0.2524286288157423,-0.19233102037395627,0.03410432521849967,0.30204038032998354
-0.20654857876986862,0.561880408294861,0.324675045616355,0.8744946317552832,0.6847124909879873,0.43347701401446653,0.8147466588644876,0.9999999999999999,0.8698877057517276,-0.017902219067254792,-0.019779558236791846,0.09445627342754269,0.10433946289870807,0.2654715072616118,-0.04810775031863835,0.1566612645317744,-0.2257121033469985,-0.001467768761273856,0.03138800264003775,0.3603320074600276,0.2088230931980552,-0.39648003419286443,0.012030438269862482,-0.13575981488992148,-0.21385877155417368,-0.05641125672532365,-0.3991624525431178,0.17131033402148563,0.4324855510241791,0.12096111236354169,-0.11015766210607593,0.0702175580353552,-0.06622387317440745,-0.12094406529755705,-0.1183954546597229,0.17312060563473952,0.2350722447834204,-0.008577089126832312,0.4632251945591769,0.4227829114595525,0.6051027049982035,-0.12575036722015612,0.13166671963130291,0.44672772982153097,0.19118717887748957,-0.359619697797314,-0.0406638049860024,-0.07475258007861624,0.21198204684376767,0.4708467590116794,-0.21076271024534687,0.47600574788089195,0.6970281723986397,0.8612703753974579,0.4888194498112887,0.5473703590793523,0.9090406510161955,0.8894562908499932,-0.024257397151424134,-0.3189138634898506,0.04402189724736215,0.19730604856688577,0.14690906958367367,0.018209664150963128,-0.02572687772553281,-0.20463296552559881,0.6709851282639231,0.0394122602466902,-0.1502183768755321,-0.05301682584351153,0.2152714780037023,-0.36600910685626226,0.08321868172505399,-0.006090644537248228,-0.3656767132161529,-0.31820805035539185,0.1532644888701984,0.019522807196838035,0.048402765910724045,-0.14899252853851716,-0.3104904230886424,0.3327582417401649,-0.03590182582764178,-0.08096945083386405,-0.040355557980157476,0.20357354566162245,0.25893565690456516,0.12217266816648947,0.32560318268346905,0.25247686502339817,0.10208811316440915,8.368489933849234e-05,0.30682563260786166,-0.20127976909021456,0.023160359239129274,0.1329722428200391,-0.3890768178612372,-0.27565484600722734,-0.04621145082339405,0.38539692569278544
-0.26927295199010187,0.6986833604986852,0.4366417130961024,0.7925053925341672,0.8226341353158799,0.5307408924940602,0.7808260941294117,0.8698877057517276,0.9999999999999989,-0.022662979692165998,-0.007679502794358891,0.17556472797888922,0.24326614265027738,0.4584362868600282,0.11104050191300231,0.3703629461813051,-0.04970574198209225,0.24774322732658255,0.26022708484053436,0.5805287359811517,0.4230861895527097,-0.1637831483769059,0.17307721033812043,-0.04688766738445259,-0.1866103224418437,-0.019688753850940596,-0.3696684722313002,0.17185893019346382,0.5359225934741022,0.31019734484654854,-0.13097695252476602,0.10078763632047923,-0.11700164216688758,0.1258978692295212,0.0846663471214268,0.46276709011065914,0.44611971182856786,-0.015057617017030286,0.42292190323453915,0.4344722236418181,0.5804123226804236,-0.11310777318546109,0.3373672267627581,0.3168302034923887,0.2974397984328011,-0.36746166244505024,-0.05843552076640895,-0.12273613057456745,0.262064984659949,0.5369723314606498,-0.06851462781983972,0.6318023244598108,0.8453740632396669,0.8746397023058345,0.6880696969913761,0.6592142095484161,0.8624767494143117,0.8611192853386911,0.035558946145619545,-0.22036324747231897,0.0984773906055887,0.2155175141509412,0.35457398160954734,0.3179210265725958,0.13146277929837424,-0.008645383179994068,0.7328577921648163,0.22343799357118088,0.07326631313895554,0.1861721085916654,0.3976496652149646,-0.18930419594935968,0.22800469579225066,0.06021319623723841,-0.26321977698351123,-0.2718096124036185,0.2429152639369543,0.11732749324615549,0.11198526513324238,-0.0016499825726382527,-0.22353604893888232,0.4240373167980828,0.1142377622152638,0.0656348127667579,0.06704611864831077,0.2388092868248965,0.3304772714198611,0.11699052292074176,0.47414277889878764,0.32425631987101505,0.19113042430467408,0.03551906896704192,0.3025530022792136,-0.21447051610547532,0.025158792839370184,0.014774745810897397,-0.3303478795427093,-0.2638227995238613,0.12198832277641468,0.3826085037734753
0.42886073118147255,0.06770034042645359,0.15856976498222314,-0.04449816094584115,-0.09877921790810779,0.38473820531655945,0.20651729568510616,-0.017902219067254792,-0.022662979692165998,1.0000000000000004,0.36279481105753525,0.33258581553432903,-0.2234882490118208,-0.06459558703057007,-0.10395198370226302,0.16624040543980392,0.0042022236576229445,-0.01783855267834711,-0.11830299654850655,0.05139788613801416,-0.07188234607680123,-0.0538087518599464,-0.05849747922067822,0.18583126405006717,0.7969141426882324,0.12284318127525033,-0.10112618383147386,-0.33986400184257026,-0.018962297589222386,-0.17837889485778638,0.06287745582889882,0.23289209799813626,-0.04474609123618205,-0.2610155510210128,-0.16020771600976302,-0.008853121075519341,-0.05267014978983642,0.17656643274572037,0.14693424015786052,0.35554154981673025,-0.285457054514765,0.10795941649985434,-0.09578041050952886,-0.35018566903690673,-0.02363839262050625,-0.17635265412705411,-0.2852711095736959,-0.20723229154599532,0.2056677024474534,-0.22082991303270696,0.2485874657481476,0.1352301590420136,-0.17734310388895638,-0.10676164888730681,0.1103920755461084,0.17511386057647452,-0.08352322102778906,-0.15314834384542905,0.4623932718658625,0.3806793016703276,0.18485736335803182,-0.025996645805741632,-0.19401547498548968,-0.02253158822009945,-0.1154001263780288,-0.034342853416995105,0.015030882388856508,-0.35399439156170126,-0.18736538289363122,-0.006223024986338902,-0.23894121744883481,-0.1221692269323384,-0.17303721075650252,0.20044052931144443,0.24504979030196838,0.4688876232357116,0.008784128122319679,-0.015372061503549852,-0.026890817394998972,0.37050763126691644,0.015932639033108768,-0.22837011991305897,-0.10768720888375524,-0.025788099172231245,-0.07572613859995392,-0.17850064383884176,-0.10295595516327286,-0.11787927625946959,0.06471702167003528,0.012247027213810243,0.04039919929916869,0.5213285933540305,0.19308770950014964,0.11144566822315508,0.021231141016761098,-0.2077718001966165,-0.2042727374097356,-0.24070995062004252,0.26077116020998703,-0.1350743538264087
0.1835232717129391,0.09625463883263606,0.4924389826501493,-0.1672572805948633,0.1752525077922303,0.4729188094159163,0.06293739953720916,-0.019779558236791846,-0.007679502794358891,0.36279481105753525,0.9999999999999999,0.8665516159958871,-0.18353104638911089,-0.10773972698492278,-0.2175688920847309,0.10403982426443595,-0.016713433920137404,-0.1285090006728418,0.09026896939085224,-0.18687507055706354,-0.031192844783805893,-0.11085096337104501,-0.37347383123614725,0.48084394501992395,0.5520082459567568,0.4759777014860308,-0.3013383793197682,-0.4978766781565846,-0.1985560045452336,-0.17256999512460375,0.07544761209481148,-0.04526340587186606,-0.5320237215566203,-0.3323475816932228,-0.2829004024079052,-0.030699710375482605,-0.16776626007083514,-0.19092532695499642,-0.08334867917050093,0.5268007491015065,-0.314924306898906,0.15324637985429213,-0.14670586592791912,-0.3524127959726746,0.1776857469193841,-0.3552510767723431,-0.5326224763243869,-0.48672062651897724,0.27942284140265655,-0.2095025003073186,0.20956925719385405,0.23140294196442376,-0.10563357688686052,-0.027005587746636143,0.15877024321964667,0.21749083959343912,0.09655764553238008,-0.10730994803587132,0.5241645775221501,0.5415901850461248,0.24642159203958527,0.05235895460607846,-0.07367221756205583,-0.020783187160688214,-0.07406072007455039,-0.10115623020105445,0.16486613542870215,-0.12035343759700987,-0.06496217252688495,-0.1346860257806725,-0.15992815948306904,-0.08539443411912477,-0.2645253792884062,0.5249893296347711,0.5328532136598176,0.42184173209369513,-0.02189272790520892,-0.04369998583180403,0.13271100262357455,0.3493965584137407,-0.2086171407387876,-0.19293028515897487,-0.1768354700311495,-0.25797834641248973,-0.12456759162547952,-0.4310499034855633,-0.08971047580346943,-0.40932755066046805,0.0922341421483629,-0.028963257552513777,0.13960346815633182,0.45880985314520567,0.25966033094014446,0.1537543786984703,-0.03610341668654929,-0.37702446200946266,-0.2751803076532501,-0.3195152709964362,0.18943148242622987,0.08130965464844556
-0.11308672157509647,0.20747136679383107,0.5898217214376917,-0.045810406521364797,0.2765652511930318,0.4210982907326677,0.19453041013017314,0.09445627342754269,0.17556472797888922,0.33258581553432903,0.8665516159958871,1.0000000000000002,0.07231978480390314,0.07091732521064253,-0.1493639488394597,0.15250784617911534,0.19979476446455563,0.013220440294971653,0.25227308107329427,-0.05724131252557954,0.12181734698168907,-0.02052662081660578,-0.14022916791744347,0.6602509522193443,0.4655367277497618,0.6641735240910052,-0.30951795109324515,-0.40800035778854293,-0.11432866484185142,0.055170836742610925,0.0046901465351682926,-0.14000453647957758,-0.5909173796231275,-0.182921269471645,-0.10734129035431303,0.047646189806345045,-0.12483223348518598,-0.3325616659477575,-0.0679424251955911,0.564097842855122,-0.1687518228732297,0.2857220995241241,0.02257134996765445,-0.3959362315876316,0.22820017473199683,-0.41995662734557004,-0.4643696269921682,-0.46342914403296015,0.06988080976263926,-0.22158021155067464,0.004414574214640399,0.31518118506086673,0.05346058752916337,0.11894710531477501,0.23364822721615744,0.29299797997521665,0.2069089956505366,0.01151062879810063,0.5866306197504417,0.6004357903923759,0.4178818369429871,0.17179439802128468,0.14829448861074734,0.08529206186475781,0.017648526881178652,-0.09133439985092184,0.18521826659599153,0.02728231758597533,0.036317841530705657,-0.029551896438444088,-0.06740309606011737,-0.05085210978761957,-0.024533948619856284,0.4137858831092939,0.5689082226755998,0.5015993913732243,-0.005041429395014852,0.12684095908196732,0.10268360124707732,0.21469083104056372,-0.16279608279275667,-0.18537000543213497,-0.08856760526984968,-0.14566562680009462,0.04476030681689952,-0.3456547121023596,-0.049699865702068635,-0.42169460580888946,0.09536157300315462,-0.04232736129045929,0.04811940120317483,0.47286828177858803,0.18038973619171111,0.1859365769197364,0.04339178991193005,-0.4774445190786223,-0.33129680804318085,-0.43302748711662137,0.08674643400508314,-0.03765946249866587
-0.4674108759846331,0.3394907736452957,0.2819042452673813,0.16566464917137277,0.27238932783916514,-0.02105889696818378,0.19296268107037925,0.10433946289870807,0.24326614265027738,-0.2234882490118208,-0.18353104638911089,0.07231978480390314,1.0000000000000002,0.4663616106640121,0.48514688191475414,0.17705567969002514,0.45648555653478784,0.301113791396364,0.4649207493108581,0.2119244828056126,0.5165235204191417,0.3713822814599096,0.5386688960984148,0.20947423290058786,-0.24116815900299196,0.3090217137723352,0.13003192966192506,0.4330300257541324,0.4167113623253478,0.7666274075504088,-0.1662444579568901,-0.33486413969829787,-0.07831189170295189,0.4522129304045343,0.33844502830350665,0.07578354387981286,0.28136581630883634,-0.3937427383160548,0.19347042769685396,0.11721138232398713,0.20464481459360961,0.01942114886277288,0.2765596007307794,-0.12111436997578723,0.043467483804986204,0.11704097545202155,0.36966755848856836,0.16984193707562759,-0.3352289064756214,0.004633594290739621,-0.3966781869445162,0.26126206746046277,0.2851922457536055,0.14609290606180014,0.2723099754426373,0.08484919934503497,0.09320839561845815,0.18140265780885306,0.06038690104570168,0.13130364829093827,0.4163238844532371,0.6721243136544154,0.6512956330852189,0.37367239814318076,0.35880279458687475,0.49925338481058684,0.11316145036399566,0.4729748758005906,0.4287713461204534,0.37936328691759347,0.5090341807090328,0.4098446817708624,0.5390429874255211,0.1605803266007621,0.19893460151929793,0.06986622487829966,0.3060739471128618,0.674881535650711,-0.20395978777799187,-0.3787232731502713,0.20884087127343112,0.1314557197440838,0.2273528810540675,0.23132359461798846,0.30414844544198705,0.40252509068449494,0.24929106322281727,0.20958551035998094,-0.022242348914638933,0.07691605478546693,-0.05970553766106939,-0.02782408255962807,0.11315649043658572,-0.12263059057167269,0.2644317136427677,-0.022118949023547774,0.10194804034342868,0.19960277734828424,-0.11659767535229332,-0.1143542329184078
-0.3411461331928426,0.49733953418452104,0.23463980608396282,0.3870287777271535,0.4480329266050846,0.21008606140114694,0.42093383228400777,0.2654715072616118,0.4584362868600282,-0.06459558703057007,-0.10773972698492278,0.07091732521064253,0.4663616106640121,1.0000000000000002,0.6188087678088686,0.4446918135760536,0.5840540952336062,0.503784267089242,0.7780047040152235,0.3618977693156091,0.7614222193984174,0.2734603795551459,0.6922322779536997,0.1655549752609079,-0.09797990027188044,-0.03650308353798114,0.17662433342320288,0.24945925441093222,0.247505694943952,0.7201295562738462,-0.24506096669932673,0.10590567157143937,-0.007006437135625811,0.3534870255381335,0.3409922087344259,0.2557675326359059,0.21968253238859567,-0.01110276928222354,0.05035905856446014,0.18371126889011463,0.3523089954631264,-0.24125583047964552,0.2508323028411204,0.0890071455006808,0.18967473262631995,0.17735610320403827,0.4285376521756186,0.21412886314858678,-0.17157213008951952,0.19713032688769783,-0.1359676683706328,0.427830415501167,0.4379665938107861,0.3994287069246254,0.5021725993399389,0.22917642128509055,0.31536472472030974,0.37042457391918837,-0.1726490205260983,-0.14380461669679456,-0.027680020256699595,0.07434895673726678,0.7317392083378272,0.7840477937459444,0.7322160200577483,0.526310733911325,0.16290410810057088,0.6609367354569581,0.34026548301805526,0.3321382905113698,0.6280947555429681,0.14392691526828844,0.6140528211334613,-0.06937629852399453,0.08830459024424178,-0.31373210310618077,0.0777770245111125,0.5383975234371982,-0.11996039991030019,0.03231481280291649,-0.05315398292111939,0.022023659956395932,0.0443660110106895,0.043399148733776725,0.29357402409280475,0.11468720440678688,-0.016711891326308563,0.06492670952707374,0.09182361690139294,-0.05149462126058803,-0.3254034720483558,-0.1617057303930566,-0.09334428409325936,-0.3916372752923224,-0.1413450551974243,-0.10946380944365974,0.09912023974575278,-0.08406798376256977,-0.13972194228092313,-0.04480135301155216
-0.026197674358910347,0.32995784577945547,0.02751481786444169,0.1733632935977841,0.18938964137036857,-0.0853913817491857,0.14988635504217582,-0.04810775031863835,0.11104050191300231,-0.10395198370226302,-0.2175688920847309,-0.1493639488394597,0.48514688191475414,0.6188087678088686,0.9999999999999998,0.14069728901973722,0.25025115498907935,0.10991914422401142,0.4592110403449513,0.04074087158988374,0.5261270604392008,0.15080511857694645,0.4799755009301356,-0.09181702485234249,-0.07200045934544429,-0.17170377476994622,0.4304442128207266,0.35140093003808115,0.25453294857366093,0.5932856381343532,-0.18768716358366402,0.20980446080115725,0.05760769122082318,0.17829314842127386,0.228936382453784,0.10098082238788134,0.32418519203967333,0.31163345228495426,0.0650858926491688,-0.10138735186881724,0.14584767279800787,-0.48595374022072396,0.19373269439254945,0.1389703057554639,0.11488732475824333,0.5517457765162062,0.5576683484438901,0.23948372756618885,-0.3131148069665212,0.13050913060794284,-0.10675435638136886,0.24421366833646493,0.19508813570249522,0.09963909629079726,0.2730050374178204,-0.08877570429947973,0.0017078502654120818,0.1316360258272647,-0.24304125836190296,-0.19353908018450625,0.03384755354083681,0.24422051904481681,0.4964620669970401,0.5656093289642444,0.7077171659895523,0.8989065140125827,-0.10175496350964507,0.4259905071791631,0.25508394899039644,0.15719819675315808,0.5276873569265838,0.1955707046915807,0.4863329534171544,-0.015219095882535585,0.01727689261999838,-0.33991081109550125,0.10780550283503297,0.5754268183551189,-0.10811270734360232,0.09247416551582578,0.10266177153641014,0.05367475007774069,0.07930514054623218,0.06081616860150082,0.37106779793962746,0.23695203070990167,0.11106349671925282,0.26372445922452137,-0.07627896714859649,0.013147367520066285,-0.11169500520001348,-0.2118112766156217,0.01422888799340023,-0.492082822463468,-0.1793155391847766,0.13469304285719866,0.5280855799623867,0.2631152347367303,-0.18306364091025754,-0.0524768364224817
0.01525160681886251,0.6101208735926956,0.40345070231445124,0.11833547179244044,0.4595923286594361,0.5279789974161142,0.28160344536245874,0.1566612645317744,0.3703629461813051,0.16624040543980392,0.10403982426443595,0.15250784617911534,0.17705567969002514,0.4446918135760536,0.14069728901973722,0.9999999999999997,0.40402926991084187,0.5980834704828195,0.4100267411017204,0.46711732078713053,0.4687942114499645,0.46315023160979113,0.4265256615710495,0.2877107308812876,-0.03746291563631515,0.09014371039902541,-0.03165297484741998,0.22943635871135526,0.3250050218502822,0.42754763750143493,-0.23321384418871788,-0.07723313461326145,0.15579471900476907,0.3903009816897959,0.3617913968775079,0.2426807964404311,0.26017109073331013,-0.12554558614154357,0.198466168246262,0.4911217923434476,-0.008142911383306455,-0.0659498807840502,0.19076302533534817,-0.1540608355839633,-0.02807329185229405,-0.16599594731251935,-0.017357718623081424,0.015524480763286715,0.14508134225003352,-0.020304659452256724,0.2991393907706146,0.5651549231189424,0.45038263889104596,0.19410363064542285,0.6480802970467988,0.47102242282741885,0.19937330867225295,0.24693115520910916,0.15588012909726634,0.09304556317189173,0.20635838837916964,0.19047377876485763,0.37966027409185044,0.4834475659321293,0.24010709615552334,0.19230800911814477,0.3804361506699088,0.3879701143054411,0.5061300237652159,0.6042294743382316,0.3846512635410786,0.4228838932670391,0.31220380999989716,0.2369963912536658,0.3134341428197083,0.030925914830350128,0.2777805752934977,0.34074780996864135,-0.19580136222046546,0.11420774205622987,0.27180773009046305,0.14313049470911585,0.29595232677078365,0.5783410410640367,0.2615830923612881,0.3739278084258897,0.2099360372682076,0.3120538807401618,0.25930572761344584,0.24273938770589196,0.09197301120124694,-0.015100610411909627,0.14436951258224962,-0.08227055744427966,0.3155543277609777,-0.06006742042735205,-0.05291343487623851,-0.04119350291179941,0.29583290009536284,-0.007356139921494338
-0.4658790634907774,0.09270661909380062,0.26674809993572485,-0.2809488249705768,-0.09060477923908253,0.10583418088481394,0.02378816908698946,-0.2257121033469985,-0.04970574198209225,0.0042022236576229445,-0.016713433920137404,0.19979476446455563,0.45648555653478784,0.5840540952336062,0.25025115498907935,0.40402926991084187,0.9999999999999999,0.7272180256775368,0.6632565970369534,0.20192281106818039,0.453081637653539,0.7369488712482544,0.7061323373853474,0.6376127688342965,-0.011246410874888169,0.35787014210307366,0.18357182721078502,0.11522234480934546,0.03836470651390865,0.5711541948131201,-0.21121353028703854,-0.27300459888475814,0.006160337881494825,0.6300985783206331,0.44082353235349947,0.04969983389886277,-0.04638260735951406,-0.40510639006961335,-0.19950024061429714,0.13142510050253256,-0.03909900755475134,0.12435965650536009,0.05449888568317528,-0.42691277809187544,-0.10643411944797596,0.04184804695396416,0.22077741700903766,0.23927683994410603,-0.31613943727664323,-0.32212376098822965,-0.1595859273065341,0.1306063397133703,-0.04183244158233067,-0.24976752040707295,0.2346647450459323,0.17976062639683235,-0.16525465610776782,-0.18662290712093232,0.11788377261181475,0.23358823058031733,0.09780796603707115,0.09025397659478779,0.6210496207273244,0.6006303966598596,0.5797755343077569,0.31621778409358575,-0.08473587810044823,0.6775822939460826,0.6343396859744016,0.5584366590659868,0.42565191761317384,0.5911412432950047,0.5949484597247496,0.10596727293829684,0.559197466982002,0.2061044934696527,0.11669982632641258,0.4866221081365808,-0.299662561223259,-0.16257421916902917,0.44249342256721313,-0.15538931240834838,0.07983742346156235,0.33436416404163805,0.12421699988231229,0.0940415795746959,-0.12849869196959532,-0.15045410553598013,-0.11240827129610687,-0.13861774067725754,-0.38049174637219974,-0.14306266589622874,-0.25395469067083565,0.049689417366944696,0.1434960506400869,-0.3743206662195305,-0.053560263800541845,0.013376116938379987,-0.048510679819558554,-0.39472256424540175
-0.3326684046885209,0.2403827136659449,0.34798350836695463,-0.0846911565572896,0.1454814449381263,0.32920730175164153,0.20589035878895795,-0.001467768761273856,0.24774322732658255,-0.01783855267834711,-0.1285090006728418,0.013220440294971653,0.301113791396364,0.503784267089242,0.10991914422401142,0.5980834704828195,0.7272180256775368,0.9999999999999997,0.5356445492797709,0.6106457937534885,0.45317179427971976,0.7185567674287141,0.6409587468283183,0.43146684539304686,-0.16303469020606848,0.1281829131647586,0.011421520867874287,0.13828640044474327,0.27417953248102556,0.4878173220274779,-0.18364702189705637,-0.1925279827996839,0.14875945530093657,0.8231659450901614,0.4468947557144739,0.43758523917244124,0.17077329619145587,-0.26992017294797965,-0.008887152021289188,0.2046094171837859,0.09570550812288413,0.11880535341729592,0.09171125538064753,-0.33723646004686453,-0.12132998337467396,-0.10483767541370194,0.11633615027903488,0.2746369406444916,0.0722331117231075,-0.030228559885630966,0.03535186848761053,0.23160393659596937,0.22088401569729676,-0.03945920643563875,0.4364757328523637,0.4187758492367579,0.08011997055115742,0.040814927947595156,0.0907141784764361,0.11749951819601166,-0.07299752346287783,-0.02213309319730804,0.4112481364865115,0.5369338600127559,0.4181676893415177,0.19765170238753396,0.22351042157343165,0.6095181924834573,0.6904988403389278,0.8316332368773108,0.533205693997734,0.5449753428780981,0.5213656657067824,0.11303178662116588,0.2952442893461907,0.055575013827542694,0.3070888058263562,0.2847358922335975,-0.26294628164426187,-0.08286724159351004,0.5488062133087456,0.24242914278799088,0.14473036719196697,0.4987568494286967,-0.013826725057923202,0.37412829401349085,0.17501420828929867,0.09733205453247558,0.31215825824356036,0.19308000752716623,-0.09719149674970894,-0.21213964565155566,-0.09422248185971942,0.05809676718301007,0.13211223218690743,-0.25845296482001945,-0.11510284896335869,0.1687872439074061,0.2973346780583992,-0.0882767544236754
-0.3688826263746133,0.35116503263373716,0.3493423068139213,0.10258187073621579,0.28081135425018355,0.1729720085411175,0.2596432239180314,0.03138800264003775,0.26022708484053436,-0.11830299654850655,0.09026896939085224,0.25227308107329427,0.4649207493108581,0.7780047040152235,0.4592110403449513,0.4100267411017204,0.6632565970369534,0.5356445492797709,1.0000000000000004,0.23287171727506512,0.7447088046826004,0.38398138295833506,0.5353105663959296,0.33462690837393966,-0.13099074767894772,0.15752341819823204,-0.06757773384675404,0.07260088366315534,0.12283489223902287,0.6015719440839903,-0.17031023849932977,-0.17783525153789245,-0.03542740087585765,0.4687533128593275,0.1390874188841471,0.1119659329261398,0.11680712643199721,-0.2702325225008969,-0.025809631453806086,0.23948877666129914,0.1703097012622189,-0.05317171439442,0.14533153860633108,-0.10301755132035867,-0.039726502552487095,8.196685597320861e-05,0.2373839235753565,-0.027482571428629768,-0.2596395514703347,0.013992722404030513,-0.1241762818132276,0.302059348037012,0.25010372088041516,0.16302605025479097,0.35216951834886856,0.1963786466613892,0.19119995261298292,0.1380243747262043,0.05173635570496557,0.11497657664399547,0.05431556352110341,0.12812205901787174,0.5973066019084761,0.7181246194608685,0.652027514986636,0.4679980728729473,0.06374215328163543,0.7992210224252704,0.5807653434704615,0.4171432701342857,0.6057970303663582,0.3360049313922612,0.5637746396676179,0.07541597850548672,0.3847667789182639,-0.0808652949414123,0.10767138357196819,0.49114378452801094,-0.19070563785578126,-0.036496092712986705,0.12675730564385,0.026731420983036602,0.02819461196734538,0.134997214419915,0.15460613461154082,0.03963155877621709,0.01648177528006889,-0.012704067955402167,0.05225143782531812,-0.019266934131462916,-0.21894579116225027,-0.16737656423394268,-0.07573628682599036,-0.137006378721223,0.03611645316772045,-0.2000613585824529,0.020336935334920817,-0.04445838871050271,-0.13314555805598494,-0.04494279446097556
