0,1,2,3,4,5,6,7,8,9,10,11,12,13,14,15,16,17,18,19,20,21,22,23,24,25,26,27,28,29,30,31,32,33,34,35,36,37,38,39,40,41,42,43,44,45,46,47,48,49,50,51,52,53,54,55,56,57,58,59,60,61,62,63,64,65,66,67,68,69,70,71,72,73,74,75,76,77,78,79,80,81,82,83,84,85,86,87,88,89,90,91,92,93,94,95,96,97,98,99
0.9999999999999998,0.3119583562590678,0.3334356275689102,0.46681393803097426,0.3103193046289959,0.28718431807372774,0.2832372737702078,0.1755522206273416,0.07731732447802693,0.31604983093049294,0.16682262046143229,0.15318798671748066,-0.08018302777752326,-0.04447580177925302,0.12110420985390379,0.4170504459796938,-0.1121679309902938,0.008582921888412361,-0.1531941499333511,0.21160910031089428,-0.16899378456831754,-0.00032590222544233167,-0.01906907012272833,0.03179146806141758,0.2882238931620417,0.12375387409937752,-0.1306555668447781,0.06856530613870115,0.19502732219904348,-0.1603119883075101,0.2906078757227737,0.3019810281458489,0.25245108722973536,-0.13326172890245447,-0.06687841919641417,-0.06359579069575369,-0.06237222652701907,0.5109871578017798,0.2592852540532755,0.358245923270727,0.11440912589560172,0.15991439099132843,0.08821324199268632,-0.0035286094972297186,-0.20529487335082652,-0.1395568645323156,0.03316728588060962,0.0830514924896944,0.28601163907574734,0.03583855101398917,0.5343336505134799,0.5491605614609636,0.3495855558982114,0.44948101265222457,0.2068075165413574,0.37645764153212957,0.3828253406626008,0.08575443254558171,0.05088028431396056,-0.14382005459640151,-0.17889945321123182,-0.29977500457832557,-0.1417764748113886,0.016763786066872965,-0.05087245741827361,0.09704781464865894,0.39770257209348614,-0.11440663169275211,-0.11883985691837957,0.056294542662093675,0.1451325497682445,-0.2163576402638663,-0.3482239141874026,0.3209776379656396,-0.09327055166091298,-0.15998349704591366,0.1437659515937319,-0.2805389124525599,0.21766678848667864,-0.051838035280462345,0.007588377190769924,0.04640211909939634,-0.2614327266819198,-0.1423399680768531,-0.12655550487528702,-0.2564393520684067,-0.019242979002442647,-0.20238159853501939,0.1622814412253613,-0.07168007266190612,0.19724937444288948,0.14114568079117923,0.018362242982799124,0.04491636876890041,-0.16599109847140628,-0.13158849970420392,-0.15812806104245203,-0.21006264028978638,0.5196794685577014,0.20735451554689527
0.3119583562590678,0.9999999999999999,0.5057293889982162,0.5376033843421523,0.7842173393922152,0.46305269094099594,0.40673759651846875,0.5221917874258654,0.4824438844686687,-0.06673705554167504,0.1725267514173438,-0.007889414424538823,-0.23783187822739338,-0.38512612685864844,-0.5142030502947689,0.46574615387438556,0.0057977149899045835,0.24990613551064894,-0.04625205736960524,0.4567009469673867,0.17306930489777744,-0.37658303800457277,-0.44693766617406844,0.09075903906648691,-0.14173693213029354,-0.1274915207586886,-0.11792333412195578,-0.38469252610461596,-0.05593594777689863,-0.3868155547526298,-0.07117130617392042,-0.019991424659778507,0.06810621145436548,-0.32301751823912267,-0.261622935866187,0.3226543726194682,0.010432913551032043,-0.08864645639255588,-0.10821493792935553,-0.07353253103508954,0.039376582181150664,-0.15359160148924558,-0.06992005698877314,0.14050286522047956,0.0595857367884361,-0.17387143420875378,-0.19314159751510912,-0.29562523221371334,0.39172325460679697,0.022530133406059832,0.21789608374775307,0.7638042852738983,0.568844987255944,0.595547706213816,0.5529582996972565,0.3125980407702223,0.6114475915692555,0.5176393292916013,0.08698158164538201,-0.0987760132520333,0.07892714435334792,-0.17646548204657583,-0.3165900596574631,-0.2864897865976731,-0.07150977510127578,-0.46307790126955317,0.20312702634281352,0.04562251023909097,-0.27724387760303376,0.15760112186038694,0.3007517461690082,-0.08769556467305342,-0.2805540185632593,0.09662796692656876,0.1551552932532601,-0.17282532804983602,-0.21768195457515505,-0.3205942737256083,0.12871374763004786,-0.21534325823425565,-0.12676701329710816,-0.02123440418944125,0.13660272479229324,-0.08567265234820169,0.02522439518820627,-0.08268477064183138,-0.15124913596398848,-0.2636987795001269,0.11034116127643115,-0.1848815243378928,0.026502670985835516,-0.2763170669782542,-0.040947191626185465,-0.002844173514761559,0.1816640837733662,0.005556080962460198,0.008414762712871046,-0.16267396200640954,0.22211377508814403,-0.026775888929043545
0.3334356275689102,0.5057293889982162,0.9999999999999996,0.19493766391184206,0.6255192909137242,0.8271817904441225,0.16593047867139823,0.5219328259530098,0.6959983855063604,-0.09711333496473284,0.10640545011072139,0.003766659163783981,-0.14409236009880408,-0.13766386697333707,-0.09016831347334128,0.11706230112275566,-0.007285598909481543,0.19045241213482322,-0.03758761263963691,0.5363290436441535,0.2088827083495821,-0.3927807685884827,-0.3590292755563567,0.0676304276630853,-0.2358979778766831,-0.21226784024950704,-0.2546611298538458,-0.1346973669357282,0.27242258723193935,-0.29632856991159884,0.11589807450086494,0.019645101984379847,-0.00765907332070396,-0.4324211918631598,-0.403564111334166,0.38717930061450123,-0.06277677025805456,0.05804590249164897,-0.1537026022449423,0.030620098783295833,-0.14116670300076462,0.0004268769375707418,-0.19967844952291627,0.27399993060069333,-0.061764200422731536,-0.18188911725458834,-0.3308063633947442,-0.30624554342789223,0.7458560164389557,0.14155928905958634,0.4635324075732851,0.6128801505900737,0.2865812409006683,0.305479429652702,0.7275006589012737,0.8432243619565682,0.556883486649195,0.6071748292008378,0.07126393451704235,0.13120110744592695,0.13764268357155793,-0.04128849441449237,-0.09389545361504684,-0.04202975616918106,0.01573694201115272,-0.10139757444060828,-0.01948982503126798,0.05521086616902922,-0.36091733505400164,-0.08901436999931583,0.4690740142839782,-0.3308547154066368,-0.31604191639968593,-0.03167027763477899,0.1109024365914943,-0.1803502316887637,0.24199525762843252,-0.19626202749615781,0.40823139223871624,0.02883108362069741,-0.29039214653916484,-0.29103804641505476,0.3044115357810722,-0.2800244386080249,-0.10892377353905838,-0.3088394961486982,-0.156954352901976,-0.12744672332011495,0.40761732775731374,-0.33112425730719613,0.15387399141321392,0.08209169114011501,-0.06393863453346342,0.22657099679806572,-0.12077056273286822,0.1521964742049869,-0.20204991257851812,-0.21799718618801706,0.5456949223539787,0.04243653577173258
0.46681393803097426,0.5376033843421523,0.19493766391184206,0.9999999999999999,0.4894203878237129,0.2943336900214796,0.3609841492498568,0.28117853026676964,0.14172542422898207,-0.015115518223746257,0.08608238299005912,-0.12276746259763356,-0.15632521630510998,-0.345160913246118,-0.1231686155378539,0.6950714037625008,-0.18544890750836945,0.3130277905307701,-0.2611201754179082,0.3782383749347386,-0.12733614112737085,-0.08309059814152922,-0.2718014376616184,-0.12780017958598228,0.024728488955246503,-0.12400826226311021,-0.27069396836960113,-0.18497265888549605,0.01579147329465635,-0.2952938162402273,-0.0009394550759706763,0.21132965072148416,0.20298610465396102,-0.04819419648628276,-0.1480814424056769,-0.027753068166379614,-0.21994551005608365,0.14345593510134144,0.06050956283863659,0.2905957259995966,0.15218168002591714,-0.04793907246655584,0.17725597432626547,-0.08247365554817328,-0.17782717099136575,-0.14118967645275274,-0.013316164396342667,-0.10097389223852894,0.23252583961123954,-0.21473161353326406,0.24108856322048502,0.5700110598151874,0.5454697806733905,0.865450835386291,0.13130033343480246,0.19754275880307928,0.34354662045078654,0.055283799898772204,0.039027959115878745,-0.13496039221175152,-0.11447312327573916,-0.05860694531766245,-0.15479379638885918,-0.19474322368188718,-0.2811320647902015,-0.10027119986389378,0.3277257360500733,-0.12172897589678018,-0.17032455455163764,0.3819234315865087,0.1498243617978018,0.05632954860046351,-0.23642890586836526,0.19198020319211262,-0.22118174771238186,-0.10707430121895693,-0.16836879480717298,-0.2548540009565075,0.23925884952467377,0.03001349873651043,-0.17015109469554035,0.12412424044220986,-0.0981292891196639,-0.03662803839451168,-0.009567473914345303,-0.0036945151346462145,-0.3942166648582866,-0.11372103010173999,-0.041891517446402834,-0.17548721560078084,0.14492417727919218,0.11509394909586873,0.06633849030271172,0.03750180097911497,0.06885987319402793,-0.16937227285731649,-0.08077992744586923,-0.006951954844975017,0.2247031965958735,-0.17392482671314338
0.3103193046289959,0.7842173393922152,0.6255192909137242,0.4894203878237129,1.0,0.6609185554299641,0.3070322879305835,0.6694875519541369,0.7221255885152297,-0.03176313236057457,0.24188212932177566,0.03803494094394862,-0.14376091653387701,-0.2976553036264784,-0.2752258296366751,0.2974855453921123,0.05569476414515627,0.21034899270142743,-0.07045026157610298,0.44044364082309045,0.1844918514442136,-0.45471141041389906,-0.46261686797406215,0.15983804357056686,-0.12652360234374568,-0.04111975985945013,-0.2294722219432255,-0.2757900688747114,0.11635317842819248,-0.2975822231740949,-0.11619014393636427,-0.06124152794776531,0.06803827704912252,-0.4638535246543186,-0.3473156011504225,0.4247396221901581,0.05205986114801384,-0.014270294708064787,-0.17697367712661788,-0.061301030127865926,-0.13801701716577458,0.02096854480654612,-0.14131946123677783,0.18551041469437188,0.0696034466299781,-0.22249664037140376,-0.37020033444992634,-0.432772883891383,0.45814663671341677,-0.008868251732066791,0.2603262162260391,0.7529704041856754,0.44370205772985666,0.5441122515992232,0.7718733736042683,0.5395721800471889,0.5963730697245206,0.7201966331282734,0.18197502342338945,0.030051330775129823,0.0960052205737924,-0.07440173650028735,-0.10402857372940641,-0.16963941636600313,-0.007360476226133163,-0.22225112500288827,0.04400734260154577,0.030265473580963476,-0.40512136455098224,0.003608066604772414,0.4115753425000502,-0.1515241029001195,-0.36966952027649713,0.0743081680468093,0.26355814164083385,-0.11198392388242619,0.019504857097459843,-0.24278544463941187,0.24204687181322146,-0.09819904905414978,-0.14608366449149804,-0.2274355693592805,0.21639470567014027,-0.10991655184796531,0.06701813696285736,-0.2027675609887144,-0.0708136496895485,-0.18225388345169427,0.2516470212662703,-0.31009391727497654,0.0891764918211761,-0.040620680499575006,0.08152517656026889,0.14378795303432332,0.1828120342119044,0.04156381260095099,-0.06458622111478092,-0.2941317672533678,0.2634811628374357,-0.04621365736672986
0.28718431807372774,0.46305269094099594,0.8271817904441225,0.2943336900214796,0.6609185554299641,0.9999999999999997,0.18893150365221015,0.5085322628549248,0.8237846179814272,-0.06727420923150093,0.16470288546975886,0.033078689708157555,-0.15771081129720566,-0.2277887119267945,-0.05929327360882219,0.12747985951566354,-0.16996569101542586,0.17118392237837393,-0.15707085767150825,0.6171261125802519,0.11629509522992793,-0.5233356257575845,-0.5127348848526718,-0.05118813196874135,-0.11477829603234734,-0.15826161243668466,-0.3428022614528593,-0.17682162706216908,0.31425268830618003,-0.3367860521801959,0.15007772109987982,-0.001327668659457063,-0.05363094283671041,-0.44415007047901667,-0.4599280969628611,0.4511533825510734,-0.034957778002591505,-0.026787954007098845,-0.30340376381674034,-4.307092624755484e-05,-0.22151732872969362,0.0336027106692783,-0.2141279607766,0.29158406640920836,-0.02292723975045441,-0.3343830729473725,-0.4620719581917021,-0.4113801375327162,0.7219899803807175,0.06599371505337351,0.3172707993742503,0.5494396690049149,0.3107380441177101,0.4255904919442149,0.7581473666497734,0.8415236825662282,0.48567134806547824,0.6234058802445623,0.2787212890129569,0.25716484505025605,0.24507780177135888,0.02366487067278855,-0.008476678074268553,-0.14086727086605635,-0.10454280933375111,-0.10494904610105361,-0.07844722290627529,-0.08797579907626461,-0.4082112118309641,-0.12546839571274002,0.4536256896364909,-0.29126507149403724,-0.4102238851337251,0.004358191916026842,0.0928879366637848,-0.015653946050177024,0.21055200697800405,-0.16551676056914508,0.5214242490434214,0.06286900469427813,-0.25749920108771984,-0.4391442296532916,0.30383504016542184,-0.2858848607691669,-0.05824912286169621,-0.3310049829845986,-0.16403445128530847,-0.0821772998958293,0.41998229720489433,-0.46959805242874925,0.045370291049315364,0.1853113521632109,-0.01058579923776547,0.3312289729085183,-0.01884756100330048,0.16818884172281062,-0.2759045679273025,-0.27403175326751084,0.4579908804308373,-0.06184857755678327
0.2832372737702078,0.40673759651846875,0.16593047867139823,0.3609841492498568,0.3070322879305835,0.18893150365221015,0.9999999999999999,0.3953154135563409,0.16991491063254385,0.11134630864617347,0.08550692332576307,0.29599098624334813,0.16519833022239622,0.09294795262796886,-0.15284626347119348,0.45775531235647343,0.4101916909224405,0.010286146471428437,0.32089090112352237,0.0037124450065562043,0.30049900398384743,-0.0006291994639798623,-0.0248519405694875,0.4222707749255314,-0.04838767931753699,-0.09672708671107215,-0.16287638717455497,-0.1749979168458114,-0.007639873565358971,-0.03534679431830657,-0.028515112581599063,0.2377670889623305,0.14174208170902222,-0.06977376783574422,-0.17217857497955807,-0.14693864269657828,-0.14067922620614762,0.2562292411955592,0.2001866401017945,0.39018107672835856,0.10835348751436333,-0.25339662020771153,-0.08346883234056182,-0.08439144735947061,-0.10473829211648283,0.029221315992039566,0.022255347764016085,-0.17335715979227212,0.16838570799210842,0.16959876552118577,0.24196810859484227,0.3058053614878345,0.4678745238889209,0.22150334387101092,0.151923509983268,0.19679518714209124,0.3521230861224459,0.19787195153028714,0.08556341265931199,0.10101977666838245,0.04106448356185527,0.0791033753572703,-0.09547061155813755,0.02419849231600988,0.18906448951817156,-0.14158752462571272,0.38439605336692184,0.28394956773077606,0.011998001406153497,-0.04779089648990186,0.25660971887049666,-0.08712721792076081,-0.22152314421259342,0.3867312393927286,0.32829424389921524,-0.20516899421763798,-0.04330182388581918,-0.219532767430152,0.13362466060213676,-0.014163309630069967,-0.0634753369434872,-0.048218732340941275,-0.28555805865538547,-0.17192766018380523,-0.0897271134517442,-0.20788559341639268,-0.20878692499856638,-0.3481300022365283,-0.11285606097418009,-0.013120173650201935,0.2023654896731852,-0.007168517299101046,0.17811499795174135,-0.16085767359094652,-0.09622647902987554,-0.025982409808395453,-0.04550229882399633,-0.29184747071707384,0.15036958496950686,0.18977107450156863
0.1755522206273416,0.5221917874258654,0.5219328259530098,0.28117853026676964,0.6694875519541369,0.5085322628549248,0.3953154135563409,0.9999999999999999,0.7151753606432112,-0.11896610168723834,0.1647721392881723,0.05767326996410818,-0.08352600123125856,0.0411170170774702,-0.19638483094190157,0.12801013531971328,0.28511282475180155,0.3351950518071564,0.24833527944820444,0.31301572387452764,0.39777580887905983,-0.3216767450135107,-0.13240812480023673,0.17514051920493134,-0.16895413548028412,-0.020097039059250713,-0.29022539278594056,-0.21745864463066417,0.019986653418128393,-0.13422486150812526,-0.14901117476684606,0.002429921334233508,-0.03334533758505589,-0.2951941655227685,-0.37617814968404234,0.2334221780472877,-0.03982726220252242,0.05477767832093026,-0.26654537680688284,-0.12520811929509587,-0.3599399638667433,-0.06908199958730413,-0.3086443511549615,0.05833912622224543,-0.14440908466632293,-0.2724932925680815,-0.3551752932879674,-0.168822046243123,0.3210202519609035,-0.008463840372753195,0.25729094320760254,0.5321434803116797,0.3680654448470237,0.18789414779973784,0.5715321918334254,0.42386191353379904,0.6931560063689222,0.8084580136175492,0.05405773645291767,0.19808384474977905,0.06398410253603294,-0.05908851341046084,-0.03479661076266307,0.09489761762393081,0.23299316802281908,-0.11614385764334935,-0.2542743142740539,0.26050413766865094,-0.25766386104741124,0.001175875727222625,0.6642367464217734,-0.3442024786325104,-0.25764439216324536,-0.16199596405438618,0.25822613416271206,-0.21534216274893453,0.12061483888560055,-0.13961917294321935,0.11646256785805996,0.03305434230242215,-0.3762442149070634,-0.438572901926404,0.13501144771722048,-0.3065835772121549,-0.24136455932628126,-0.4776026200954774,-0.16293038575971544,-0.2837323005890827,0.0936840744184924,-0.5349971114142006,-0.012004431457850967,0.027450013725026527,-0.1800117677024989,0.09674542183131142,-0.11113836524379851,-0.11926672520863442,-0.3263714404760523,-0.40877947266259407,0.053450662008090975,-0.17656410505752748
0.07731732447802693,0.4824438844686687,0.6959983855063604,0.14172542422898207,0.7221255885152297,0.8237846179814272,0.16991491063254385,0.7151753606432112,1.0000000000000002,-0.12396653702077398,0.23473235667278894,0.06801541928174666,-0.08915653084803504,-0.1403586042417487,-0.1350108443729839,0.00658706095308778,0.011448466467841464,0.07632899693695523,-0.02487540401898985,0.4682526154284149,0.24572273252237256,-0.5704313045496716,-0.4535967558713776,0.08945935643469674,-0.14676543680942133,-0.06844817648900316,-0.25585773868836115,-0.17399817014323882,0.24108469077677516,-0.27617425900023457,0.0011692077889377199,-0.05415535988604403,-0.04108835068589788,-0.5146823094493558,-0.45893958810249663,0.49909201454225693,0.052721594679678116,-0.062182688874640166,-0.3633242164535977,-0.21540974633835588,-0.3594148742588985,0.04119399904618808,-0.29856143770717525,0.28485354236013527,0.04284833925207001,-0.28112299840800176,-0.5379609557048707,-0.41673816737195807,0.5355434932752582,0.027309848708164976,0.1464914840059163,0.4720721324078451,0.26680827068161345,0.20712308047109898,0.7635206175777894,0.656087864273629,0.515177281704108,0.8520403216068797,0.22783292729818133,0.3712757696069781,0.29265328279536534,0.04197788402271056,0.01663859565695806,-0.08122823073216036,0.051351535515579014,-0.10540616574862913,-0.2699110973688776,0.03499059503172777,-0.447103732162225,-0.25158015734670336,0.5837097912899055,-0.31733336740617396,-0.34852171629082956,-0.1277743464415429,0.3167347649013343,-0.013326037626871935,0.21953336862551154,-0.11223647943394503,0.3529493250719467,0.047524556837608735,-0.2748161057228775,-0.5640292787740229,0.3563865460105077,-0.2838213460227396,-0.002976105573647001,-0.3587097737276553,-0.03681885452021924,-0.10317388481352331,0.3028352700083178,-0.47617639280958746,-0.03351202612123031,0.05290570245870063,-0.05432818261509236,0.31529093478991876,0.0569814722947116,0.17851950433262578,-0.18389210767771125,-0.36347201019909386,0.2185468003382195,-0.11097202577845501
0.31604983093049294,-0.06673705554167504,-0.09711333496473284,-0.015115518223746257,-0.03176313236057457,-0.06727420923150093,0.11134630864617347,-0.11896610168723834,-0.12396653702077398,0.9999999999999999,0.3008753802857459,0.6437230419946515,0.3664402673149048,0.23605945400176243,0.15578004229518821,0.17574828318228092,0.13963386470999428,-0.06051362907211257,-0.053091427272828944,-0.010531966517750594,-0.1831859727847437,0.24121321937303108,0.008871611367292346,0.281961096360325,0.6043748814729246,0.35391537139694945,-0.04311570008431549,-0.1546519207021185,0.04488109981378547,-0.10429092876050143,0.36148317115737766,0.3280864532202483,0.11839048329040132,0.2233880760617574,0.19802006111348974,0.12326700871162675,0.12895519833607919,0.3234868456428414,0.4238446339811651,0.4212256322358923,0.29945952453117447,0.4715697181031435,0.41423844874439786,0.08816963542361451,0.037541981503543216,-0.22503302384325105,0.1156849174121247,-0.08769884247644033,-0.05234880348790205,0.08910570210413186,0.16863434931883592,0.06462162731475812,-0.09705592276095663,0.03666882318254037,-0.001477120555340881,0.06640286092052763,-0.013599836794699829,-0.11037933238048998,0.6033117601465138,0.11546731826392115,0.08678683886536194,0.07087865123052209,0.3090500111393704,0.01773121342764225,-0.03427824469713781,0.09860481368426592,0.4046642828217662,-0.22652455789039566,0.08380545835405032,0.08964826462350158,-0.3289089011205823,0.08468863802510794,-0.36036479658078624,0.4135860256027434,0.12823120767984722,-0.04451010210309328,-0.06417507339702153,-0.33508542447419876,0.146091627368289,-0.36213675306978277,0.47076615619025297,0.26610982003987727,-0.05643279955233302,0.21105575034309557,0.05070762231335266,-0.07359323867140483,0.26307693111816044,-0.19210617024502288,0.17546154831159863,0.3093233918206498,0.06708778261007563,0.08889016894896087,0.465381515118608,-0.03720066872408834,0.2236289330742463,0.05701686713938804,-0.10644115631999823,-0.32703692243848503,0.19554542282067952,0.2204530221121713
0.16682262046143229,0.1725267514173438,0.10640545011072139,0.08608238299005912,0.24188212932177566,0.16470288546975886,0.08550692332576307,0.1647721392881723,0.23473235667278894,0.3008753802857459,1.0,0.3822107614830461,0.24762580857983235,-0.1914335007206204,-0.17064072716615036,-0.0828390039391966,0.06663195272558975,-0.11214058975216831,-0.20714304144408147,0.05363528917212853,-0.3208999240788049,-0.04506574948498438,-0.22287615943181063,0.1618056690930408,0.4317921936643612,0.3392342968923038,-0.18916954234089584,-0.102315180693904,-0.022391267712424955,-0.3765013513202538,-0.05141815511320728,0.06487669303518111,0.17591453353272923,-0.25502100197080135,-0.14560302590237506,0.28765171069928747,0.1557779494721089,0.2288195808676101,0.12989863031555868,0.0812749116431161,0.04517941246978785,0.1154021412542824,-0.16796129060650347,0.025489323979770457,-0.10047578352415006,-0.31034069540076153,-0.14721172875023184,-0.14373973027563852,0.1718123153933846,0.119253667839609,0.05066114534736025,0.2170882747630077,-0.07984518426801822,0.1167399974241933,0.23078819387313387,0.18167338375966832,0.13407744725158557,0.1306874065198559,0.4135490143882534,0.5143347262217512,0.34752993312462954,0.19036550453831624,-0.0019011274466239328,-0.2667720222681095,-0.28657876265977705,-0.1410286439870668,0.31870146444539943,-0.24599970295006846,-0.3598075193155178,-0.1401599435790945,-0.07571119955631694,-0.16894214526702125,-0.5775538131722465,0.42212691510774675,0.10044806118806822,-0.06656084329523876,-0.05983720435219842,-0.4584470613479124,0.041220095463871335,-0.18086384101581593,-0.09528129619265678,-0.002685360959421561,0.03148494903522136,-0.2748273371552812,-0.27892789165486764,-0.2764168809358847,0.15307816517257355,-0.1090582603245412,0.17886196853860956,0.1864148821747307,0.09054024017391289,0.07714695820205388,0.25405255803803317,0.03853629381714698,-0.08541774825582525,-0.061999654260269654,-0.25780254309617723,-0.3582268367584477,0.34426067884445455,0.2630432489971674
0.15318798671748066,-0.007889414424538823,0.003766659163783981,-0.12276746259763356,0.03803494094394862,0.033078689708157555,0.29599098624334813,0.05767326996410818,0.06801541928174666,0.6437230419946515,0.3822107614830461,0.9999999999999996,0.4050630773939615,0.25593767253656907,0.06492536131264966,0.0986125497969704,0.46536182776158674,-0.2005029121450762,0.2274581839089792,-0.048934189908096414,0.13850049073380816,0.07068883330777648,0.03263379048500492,0.6692753567894635,0.38807105575557715,0.3290917675077174,-0.22039953661038741,-0.08118341867245997,0.1887173073136852,0.04022176495468686,0.26755849080081556,0.05098241088837578,-0.03030882534442264,-0.03938055121550272,-0.05142820065478861,0.024335473011858583,0.08039179450239056,0.145901125320734,0.11891572975771252,0.1466897115142202,-0.03552754401508014,0.10415744788906606,0.11126689570606746,0.0716984781123089,-0.09191163481817806,-0.3692152711403866,-0.20134942033398565,-0.21305498254988162,0.018426492709918762,0.13017571574492454,0.10037121690224825,0.09682521942247968,0.06825347670866397,-0.05507172114887715,0.08933730169190478,0.18043432438655016,0.11857896634661456,0.1150724397910739,0.48130940733350913,0.3385119821717535,0.5348463838116418,0.14100805517358844,0.21998105487348912,0.047610938406489015,0.1405453304108399,0.04567700657836109,0.3323260637245019,0.09601408833966113,-0.041231773647283684,-0.19953926511191047,0.04329852295865708,-0.14835431490769596,-0.3742363020184631,0.3283677747032757,0.5677013875304228,-0.08476936126008389,0.10642619990660493,-0.1795217427683431,0.1124977574905425,-0.37491621696352556,0.24795867122143078,-0.07185769537734758,-0.06969996802711888,-0.06777425428086029,-0.10705818252148853,-0.40338132459317705,0.1634799932879921,-0.3017990803924565,0.09533616949372492,0.12525846329065246,-0.06343584591533125,-0.07214157618003252,0.2226616979219572,-0.06763682969828276,0.12152544214353898,0.05303909371596074,-0.2434386500308553,-0.4996420046172816,0.21282493507429243,0.33688675978635685
-0.08018302777752326,-0.23783187822739338,-0.14409236009880408,-0.15632521630510998,-0.14376091653387701,-0.15771081129720566,0.16519833022239622,-0.08352600123125856,-0.08915653084803504,0.3664402673149048,0.24762580857983235,0.4050630773939615,1.0000000000000004,0.567670156276418,0.4093637427387356,-0.20689570571083404,0.5261108149387774,-0.22379954431844928,0.3302234540830847,-0.2790233813788912,0.02635437806923585,0.2896822863263872,0.2706136399654985,0.2620164563558666,0.06410511721406968,-0.04760389520486712,0.013984950235488701,0.08062229257487685,0.04034393051487179,0.26799421912510896,-0.023867875239141804,0.157737608337207,0.20299661740980487,0.1754471189293874,0.025326165709626786,-0.13200056537612168,0.05743954200002114,0.4109241817839031,0.4591681069767233,0.3293464303877075,0.2645940112916003,0.0007622535535309516,0.1569700061111047,-0.06048526236557605,-0.10768840110312132,0.06177925620999325,0.33560995408133126,0.06432861306793423,-0.04252975022896393,0.21988191614886926,0.14540577784681202,-0.18086279276312037,-0.2299114700602239,-0.25462569547307284,-0.1501794239135086,0.07109473880642822,-0.1296829205121775,-0.10408322879715644,0.14711597791260841,0.40076557829545945,0.06927491779691124,0.7706206985121846,0.6650791188442482,0.3679393066951114,0.20529871771027428,0.420849392544232,0.20276096097246882,0.12342445909601193,0.07667416427398922,-0.07949422911418585,-0.08197197297345506,-0.04484082343157974,-0.16598918132451118,0.24059575325900953,0.11944010215577829,-0.2381897238532493,0.14570920534997844,-0.12394001679981037,-0.07137271498310858,-0.06883589151058989,0.09123965535616244,0.1849965988162909,-0.12139517070889444,-0.1196576636214548,-0.14734173706395945,-0.04656337090074424,0.05553741121285752,-0.15613769139052933,-0.056521210460636594,0.34941496813136086,0.19802229748292413,-0.009340567370063084,0.4811805860316155,-0.1528716440781372,0.051478085736082355,-0.03806834221048976,-0.03760850359314274,-0.20155952494523655,0.05506802692724745,0.3031006360997258
-0.04447580177925302,-0.38512612685864844,-0.13766386697333707,-0.345160913246118,-0.2976553036264784,-0.2277887119267945,0.09294795262796886,0.0411170170774702,-0.1403586042417487,0.23605945400176243,-0.1914335007206204,0.25593767253656907,0.567670156276418,0.9999999999999994,0.6361243531463224,-0.27379869650509386,0.5629877537540474,-0.1585983743647169,0.630516984059217,-0.3214463462152699,0.3120311708597768,0.265267218636913,0.5750338779268548,0.2857794490957612,-0.03917516641917065,-0.1092172957117598,0.028338548074282287,-0.058090983060056334,-0.07253230494945376,0.520811245428464,0.039898847169080785,0.16446670770764624,0.028628665999491282,0.23318699973746035,-0.006373629152259825,-0.29347689389739073,-0.1270433908123651,0.2854019121586266,0.34972647856463646,0.1663495122469692,0.1071666208530339,-0.08883741193735906,0.09312764952292915,-0.2880526875247586,-0.2528953751339234,0.10955160457315173,0.34892908679649365,0.2632058231969721,-0.11273484809436955,0.22750995312256492,0.11254178040449707,-0.3104865655356305,-0.14384231720926977,-0.4673030286119884,-0.18123819163797894,0.04042480377630659,-0.13821629216783335,-0.034622963006660644,-0.194394421375938,-0.0010117569090163342,-0.20546598438151384,0.3158374602506952,0.5099909295162479,0.7771951840332494,0.6418784532876939,0.5995700356566287,-0.21298948522727018,0.4828312569285035,0.33074982060174496,-0.14731594113616883,0.1920598164435478,-0.27198962296981755,0.14629422528196745,-0.1730613667375089,0.1692056324029268,-0.377693681157977,0.21675957299219778,-0.014305229036513956,-0.3363422792200169,0.01464882669410082,0.07265010251523059,-0.026123223862701096,-0.1421897804043287,-0.13400852529009316,-0.20743888533315286,-0.22343967208783322,-0.08411189558314691,-0.40071301505836115,-0.21971516339936514,0.03597523704999427,-0.007163120335212856,-0.08717666792326104,-0.028961527805040157,-0.32045972178973053,-0.17891155663292327,-0.3548694466161687,-0.11362551553986854,-0.26034244232816034,-0.1026877092745753,0.028492123807257866
0.12110420985390379,-0.5142030502947689,-0.09016831347334128,-0.1231686155378539,-0.2752258296366751,-0.05929327360882219,-0.15284626347119348,-0.19638483094190157,-0.1350108443729839,0.15578004229518821,-0.17064072716615036,0.06492536131264966,0.4093637427387356,0.6361243531463224,1.0000000000000009,-0.206493785950423,0.054912148749951144,-0.3529912470349463,0.07586980859112663,-0.20725306899433468,-0.09473261105074407,0.13874585074653148,0.4905032557234145,0.037832884475332576,-0.013409139672105063,-0.03109660924771831,-0.02928437410541788,0.19701909280075902,0.19615589480223097,0.5054756109019816,0.13954205473713416,0.08704896106556702,0.01626720126072045,0.03842171387582671,-0.06481372227875762,-0.30434125747937774,-0.17388898750233037,0.28301969367750063,0.18491273188569224,0.2011835992691419,0.010707699448725832,0.07820734282971097,0.006896835166682156,-0.1823816802555952,-0.2803794089466944,0.09742525548342112,0.234625219930619,0.24010985487010653,-0.09290408430136828,0.03701371487658136,0.08426594366067992,-0.25185152180079823,-0.1760939121660249,-0.22508838662777766,-0.16858672411655162,0.16420602896395642,-0.29461499374311945,-0.20461988784010465,-0.15358180973478114,-0.0648519245807024,-0.21949670524245887,0.25607274152633236,0.4832918226829055,0.5584444620970548,0.3046353386556924,0.8942062865685624,-0.15786811719307006,0.06294378963322426,0.17782741057062035,-0.21988614437841017,0.13409910604582237,-0.22519464841465067,0.04328135550055385,-0.06187998168739687,-0.0812675478019852,-0.20316958531489998,0.47893407579534064,0.12455909999067852,-0.07221136421218421,0.15733409029354012,0.15665908669179393,-0.04671096977889408,-0.10417399853363506,-0.1350801863413116,-0.06610535328450584,-0.1572808744134567,-0.09073275995792224,-0.07069108495153148,-0.08226396174833894,0.08394622949701867,0.020002727892311847,0.13159333097176498,0.07887137334548304,-0.04407676895628166,-0.11790604711525354,-0.227744578869849,-0.021519491523801747,-0.1353009808809083,0.04559579252086843,-0.02361713544368393
0.4170504459796938,0.46574615387438556,0.11706230112275566,0.6950714037625008,0.2974855453921123,0.12747985951566354,0.45775531235647343,0.12801013531971328,0.00658706095308778,0.17574828318228092,-0.0828390039391966,0.0986125497969704,-0.20689570571083404,-0.27379869650509386,-0.206493785950423,1.0000000000000002,-0.04257976080554101,0.22345758281524464,-0.1621617679853569,0.2801342235586155,-0.09181960738477256,0.004042519618967364,-0.18874206980361746,0.144789154128603,0.051393108563618166,-0.12716685035770148,-0.3142659242921565,-0.2861606183511961,0.04348241792562243,-0.25568984175352133,0.014500118304954185,0.1101676471225866,-0.04558412187519848,0.08168751548628436,-0.07302775387987971,-0.10413198403941892,-0.20458839312845953,0.042701879400299105,0.054714548823308125,0.25070334138468275,0.06858207989751902,-0.07165331217160825,0.20351576621761955,-0.0711498506242593,-0.08162541134117947,-0.22019084436164754,-0.09463548359352049,-0.14063306197570286,0.06927420300501205,-0.28444742606051376,0.1410035111755243,0.48336260510331175,0.6094104539335449,0.5990324377558925,0.06481634225581054,0.09907310796123862,0.23839781826472403,-0.005889594495426617,0.09632729642593096,-0.30084252314355325,-0.09582678341543552,-0.24995961794483282,-0.25911629059216384,-0.17404908807462788,-0.16966888503667238,-0.18139451256741881,0.3763764402598603,-0.01589387158025773,0.08669984721839129,0.3501336625708699,0.05749445055204106,0.09777562404826239,-0.20820354398957577,0.24661712701220742,0.018260096372101173,-0.16372191325327348,-0.18058796738742638,-0.29970538263673135,0.2479046717624268,-0.24847181673032198,0.09759752820556072,0.13194889964532236,-0.18584428914828022,0.2109180172010875,-0.0014538650592054567,-0.11659512100942247,-0.26515028527002704,-0.27329060060189536,-0.036253512793341554,-0.08364302813115665,-0.06960766512813625,-0.05188831348155671,0.011671921496523048,-0.04332422488424951,0.13255317278281198,-0.08631152430588822,-0.10599072010103518,-0.15283348817029152,0.09403323883973697,-0.12232679836850886
-0.1121679309902938,0.0057977149899045835,-0.007285598909481543,-0.18544890750836945,0.05569476414515627,-0.16996569101542586,0.4101916909224405,0.28511282475180155,0.011448466467841464,0.13963386470999428,0.06663195272558975,0.46536182776158674,0.5261108149387774,0.5629877537540474,0.054912148749951144,-0.04257976080554101,1.0,-0.06406544616138003,0.8182939107842181,-0.34376274419453917,0.581532629556995,0.22594364423827537,0.3487515853912372,0.7146547170499002,-0.08600810911300436,-0.04267802688337108,-0.010509843694349754,-0.056105835974041875,-0.14968553000029328,0.28524653476581135,-0.19508711128032674,0.017603115634004123,-0.05756929739653678,0.007127103150054203,-0.09306600871262269,-0.18053595171295977,0.00850084229464109,0.17153884862593674,0.2309611869381288,0.006370356157598486,-0.08901449393746569,-0.16242948230031118,-0.008188948865967285,-0.12440350700845959,-0.09954430847115611,0.08290189522193443,0.07965741056038106,-0.03377071397819409,-0.09503046073169115,0.18236906574657638,0.07248721048371884,0.016999628167650015,0.0363060329491418,-0.31755298298580287,0.0768768465767203,0.05553613844903278,0.10962385973575924,0.2535453596939993,-0.1462267712684393,0.11748042514586952,0.004211716003048075,0.27000454678938657,0.16651540344238358,0.46244048015871775,0.6054343306086631,0.1497460590276702,-0.0668304150059523,0.6649044543979667,0.1549387920613758,-0.11722844246329372,0.30573822287170854,-0.17281261928285516,-0.022047318459132808,-0.09089145492754623,0.5421309538793476,-0.3762982448868737,0.11518899541575847,-0.11733092793055849,-0.20605389273299793,-0.07051645710939677,-0.06564330929366163,-0.047911790669246064,-0.08374860850576256,-0.07553763596192266,-0.20937580637252626,-0.3057529560953401,-0.029759534827756975,-0.3365465562061063,-0.20652811357031445,0.03167336090458285,-0.02139295092027197,-0.1446447048278953,-0.018826922906630877,-0.2503803328303163,-0.07740168915426035,-0.17878880101586206,-0.05189864495479932,-0.3984470453402487,-0.11482815671303807,0.1413691095797005
0.008582921888412361,0.24990613551064894,0.19045241213482322,0.3130277905307701,0.21034899270142743,0.17118392237837393,0.010286146471428437,0.3351950518071564,0.07632899693695523,-0.06051362907211257,-0.11214058975216831,-0.2005029121450762,-0.22379954431844928,-0.1585983743647169,-0.3529912470349463,0.22345758281524464,-0.06406544616138003,1.0,0.047706638657665876,0.4993128421498931,0.21884586721401275,0.17570608939672164,-0.04799384292546067,-0.24294046913445252,-0.15332144686208155,-0.1824841165042636,-0.09129299610731362,-0.20728830228551093,-0.213989067686647,-0.1921375059255241,0.031141213344440293,0.1689774111626768,0.023282570383917525,0.48859302641530045,0.1832698387688715,0.2714143498042662,0.05834123196275498,-0.0011447280211294988,-0.047142089050382446,-0.0017588493921223227,0.19554502895830667,0.05762231675556378,0.12685535037557757,0.04184846940088665,-0.0015176647906965067,-0.12920197243954493,0.05765191654608765,-0.004757449636143742,0.18056254227130428,-0.04595210299916597,0.11569422550846421,0.2405418845437174,0.1699938456232678,0.3261757820376552,0.0629349046327104,0.08627794443777596,0.3452825703444006,0.08860322238838142,0.13322804177066824,-0.11688435651233112,-0.09079120410798106,-0.01947444742976075,-0.03395309306926864,-0.14213550616497223,-0.170881558157777,-0.3106519901933956,-0.038460772597237895,0.00890819376654918,0.3016841058739952,0.7952810317605421,0.08157396753196658,0.2159768085222627,0.22666539351987913,-0.07275663698426942,-0.15848497968950503,0.004837664951256123,-0.21535478987540183,-0.04793337716011514,0.11042552779236535,0.10773798473757701,-0.042312094776693183,0.22069428255753956,0.10320307687709548,0.270517837081395,-0.019637247070735404,0.13500774804222354,-0.06843090544294005,0.014579193717536972,0.31556110350270966,-0.16688958800850542,0.11687623813214948,0.1368841769951922,-0.0024211114483472553,0.18048135687222097,-0.05907910668725514,-0.11688319428186028,-0.22798107081963048,0.26262499785508864,-0.010218378868921284,-0.2110677655775839
-0.1531941499333511,-0.04625205736960524,-0.03758761263963691,-0.2611201754179082,-0.07045026157610298,-0.15707085767150825,0.32089090112352237,0.24833527944820444,-0.02487540401898985,-0.053091427272828944,-0.20714304144408147,0.2274581839089792,0.3302234540830847,0.630516984059217,0.07586980859112663,-0.1621617679853569,0.8182939107842181,0.047706638657665876,1.0000000000000004,-0.3491721962286116,0.7044728911884208,0.31049734299084225,0.42251621166234093,0.48394601254986747,-0.1460881431806909,-0.08099088000606341,0.12697213024290602,0.0007909310650189006,-0.25420921422133375,0.36841330901870945,-0.09581544176847495,0.05909923416185392,-0.06325349264398854,0.13949508895922524,0.03597504054388214,-0.29712999367668536,-0.06715667631541297,0.1950143230171665,0.16876552773461637,-0.05841728779959635,-0.08914343277435999,-0.20559760087138726,0.04540430584498051,-0.15815886806723706,-0.10379636499737636,0.21019656501609404,0.19383987378600126,0.13852663389402892,-0.05231172211686079,0.20569893671567452,0.10652924204136577,-0.08372256869543265,0.05357687872680739,-0.3621051176077982,-0.00921462269753422,0.03734914192381197,0.10885923848456061,0.20794660392201078,-0.30940955224071803,0.028100389169398398,-0.15177078071040057,0.15440782970357253,0.09597614211987286,0.5670091875705413,0.7367309302957238,0.10508549349332526,-0.24061098231785613,0.7759655461978863,0.29414742634977753,-0.029635880222571798,0.34461105418132637,-0.12544980559624475,0.23111888312542292,-0.3020021683206275,0.36101794864535636,-0.27289366335942455,0.0975465880184328,0.06768584686605242,-0.24752484242400996,0.14532650558593804,-0.16722399377539085,-0.08652898137062026,-0.037786162386403636,-0.025479982555609824,-0.1742690488849244,-0.19471000196837965,-0.09114372168092648,-0.26258812213249394,-0.25420563257075607,-0.1279582505449482,0.04245091460354942,-0.08738298757910937,-0.2249204154449421,-0.19449771083459555,-0.11118836197297144,-0.21659264465172468,-0.039271825682971315,-0.2082330542296551,-0.1372393868933376,0.034244608153069026
