0,1,2,3,4,5,6,7,8,9,10,11,12,13,14,15,16,17,18,19,20,21,22,23,24,25,26,27,28,29,30,31,32,33,34,35,36,37,38,39,40,41,42,43,44,45,46,47,48,49,50,51,52,53,54,55,56,57,58,59,60,61,62,63,64,65,66,67,68,69,70,71,72,73,74,75,76,77,78,79,80,81,82,83,84,85,86,87,88,89,90,91,92,93,94,95,96,97,98,99
0.9999999999999997,0.057947602991832665,-0.05822435875115873,0.21563567565497432,0.14927490313626882,0.04167872321843558,0.14876734221606094,0.023556290180423066,0.026147551436348337,-0.0748917015303578,-0.3052784784701005,-0.3378269866863627,-0.23193981519300172,-0.1718616587060042,-0.037261488529398354,0.22118349815540525,-0.1458601369372352,0.0790355160041187,-0.31887912708456045,0.2707523712341564,0.031984813408267886,-0.01757497552948016,0.06991296352041097,-0.32688799528449375,-0.020942031340843683,-0.18481391602909114,0.16261631623092263,0.32883312170618856,0.04849207784782221,0.21905987362562176,0.04796304396208187,0.4439425006731949,0.4641875577743531,-0.013880480072663402,-0.08686707402335053,0.06355449049312936,0.18479320092429805,0.40294979157119054,0.17348134462103065,-0.025198853730763356,0.1622676173967659,0.3784409199908454,-0.07188976022512605,0.13118907752864117,-0.07264736189313938,0.30108016446909086,0.12940788399020736,0.31260056511260337,0.32793248496061256,0.3045234486299899,0.4881671697841908,-0.04642114629801845,-0.018653301664769285,0.09997104553410578,-0.08150966070814174,-0.027657945339227503,-0.14708705723747886,-0.13832981646722514,0.004136280990319668,-0.10447282208821276,-0.2236882176002721,-0.272460799762064,-0.21504105403568982,-0.21473923331023745,-0.1263334367788564,-0.010910910551619265,0.3204510088234651,-0.3314396816048877,-0.03199045862690377,0.0838691992759695,0.012418711664569457,-0.19428073386012917,-0.10276896707136278,-0.14920894446292235,-0.25692902210041924,0.049581649619616086,-0.02011469976057771,0.207824208380583,0.21996292684095523,0.2785822748218595,-0.1342482652826165,0.2607404833914968,0.00786487041646001,-0.06956555018067016,0.21572094764709432,0.2879253682943278,0.2077129736504319,0.2443849067306362,0.2505812758067469,0.1889055618227622,0.1302459558395074,0.3897026589117929,0.08902873413977423,0.33573561723940193,0.2211561372999323,0.08773974230173377,0.29487324470294285,0.3244726613168097,0.27540856905540445,0.33330837576411726
0.057947602991832665,1.0000000000000004,0.7290786720427933,0.7741366589936588,0.8008499602213537,0.6319647311495419,0.3797732882748712,0.7597964691936064,0.6649879613388225,0.004107356660213647,-0.31402061598505177,-0.20607753110385274,-0.27551093503279145,-0.24429911254504447,-0.28914736291582094,0.6714877685418429,-0.15444632037764688,0.34010069656632336,-0.20325118730104727,0.059403701094018074,0.14032659454311444,-0.437019148842058,-0.37331465616530174,0.14040786351005655,-0.1509184676849474,-0.1169386702907021,0.05481897073127032,-0.046503495190125116,0.19407747983675805,-0.20204896341751846,0.07848516077564055,-0.14767724449489356,0.17268676887655923,0.2058412380434563,-0.1840856734329399,0.260693152946554,0.052589340726473706,-0.04020559106351543,0.05729388990843499,0.1349309981057386,-0.004730087271005161,-0.057071777961798346,-0.12270041957428614,-0.1179271091230509,-0.015570559031634726,-0.09252020140452227,-0.28728020744342375,-0.30188708906158285,0.1322990195128677,-0.007292823951950508,-0.08205137246832148,0.8177044633254856,0.6749430310312834,0.7424453296866454,0.7076591191621452,0.562381020718002,0.7360765923820005,0.7522585952806914,-0.08840601772040578,-0.17765469047746388,-0.08869583157304728,-0.1672058331357504,-0.09832654878789056,-0.1327331377179584,-0.13044670429030902,-0.36780527005632807,-0.029767328267193797,-0.22067855102638473,0.07214279992453505,0.23911561331752187,-0.008612575140124003,-0.3505808212651446,-0.46031736458045297,0.34830356782806293,-0.07471391029258352,0.019149162359605554,-0.060269204736949536,-0.12416406880953251,0.12741469278606757,-0.15566813897015708,0.04015174203945367,-0.27127775260875603,-0.08483011008601198,-0.019156598123278353,0.028754169532845764,-0.2630261311158193,-0.13329868168170703,-0.13019781804636432,0.078354108183867,-0.14457714776041816,-0.06259349077364817,0.17374009065274393,0.23979360967912144,0.03634214480469904,0.17214125694515184,-0.09512663547501449,-0.12287105220064791,-0.39639979338524645,0.16400569009141597,-0.09906884420879176
-0.05822435875115873,0.7290786720427933,0.9999999999999996,0.6025674692484819,0.6253931911290582,0.7748492028255692,0.3254871695229628,0.7672869497669678,0.750847871165897,0.07023494398324162,-0.15317649359243693,-0.09035510496878184,-0.18832480422513218,-0.0661255790421845,-0.16266188572945786,0.41586287643197145,-0.056704056904783154,0.28975077676803035,-0.06562829315046659,0.14248019539229867,0.06293436469823767,-0.3786513372178997,-0.24612658390260736,0.17247362983562978,0.015692942734497832,-0.029890946784122463,0.005643892951349217,-0.16361396616768575,0.32825255454977337,-0.13683643985175256,0.008295983303692356,-0.16367264485752125,0.011801130506262294,0.22165044864751496,-0.18931471741712183,0.2431776959203497,0.07108346203909278,-0.007331085256593723,0.007133431812585863,0.1639855617281055,0.017749465225462318,-0.1872262937126705,-0.17446080522724455,-0.1687998515929371,-0.09595337278635056,-0.19039987431902117,-0.2716357528756916,-0.3065867432116839,0.19616851191717935,-0.017756752025539065,-0.16447208838242222,0.6730054935372825,0.4701857135398215,0.5645394358470578,0.8109809725879836,0.7479126769015526,0.7132569589725499,0.8373302673682393,0.0036542114069426906,-0.0440351343239684,0.04498673902092732,-0.10132705931747046,0.02741285596206198,-0.09396111741386866,-0.08556366933378749,-0.3638837729963417,0.08939595103845477,-0.12700492223903925,0.04178300929633752,0.28654243364865084,0.05107339810866593,-0.18808592726752674,-0.21954840544201357,0.35585681833197264,-0.025746445378800956,0.03124839183631721,0.11852354114247299,-0.16689446166368607,-0.02082113754690512,-0.13311803693515836,0.10438813029790733,-0.20112652808458004,-0.06459886143077256,0.004618794350799145,0.06690156470788039,-0.16046902577424946,-0.048466601552592345,-0.16082736420357466,0.20068584067990808,-0.00531533242662575,-0.038939679922485516,0.07156098864990967,0.26607673628360284,-0.05880251577908693,0.11093950797710782,-0.10822698457693854,-0.11898866472069103,-0.34631054098448477,0.3108214303528733,-0.057444744267576335
0.21563567565497432,0.7741366589936588,0.6025674692484819,1.0000000000000002,0.6401390871189317,0.4398180242469954,0.6348463409967319,0.7466143809535094,0.5933638327887863,0.29411420297602864,-0.07865722693165558,-0.12574091127375892,-0.12849939310503822,0.024325098912767698,0.004777286825153146,0.5532460737755434,0.10332833829834447,0.24020946305118998,-0.048767437383024206,0.002186712633549311,0.182403136524387,-0.3309804158941404,-0.2859699848413899,0.016166521018952378,0.052969796363726035,0.053165849766675224,-0.014133725817113588,-0.0016608619215544643,0.2777305737436566,0.04809495309378355,-0.21093444450180424,-0.03695896927314976,0.3367533564437562,0.38844324607809244,-0.11150525464215724,0.09480030208195483,0.07916589297008986,0.20519726567070354,0.22499100445837425,0.3423603757856639,0.01468095803241591,0.10016973543173285,0.006722001314145282,-0.0678847361144008,0.04810256387370729,-0.0597014900381977,-0.24646816654907197,-0.2118726097026671,0.025765909635466596,0.0847155552947298,-0.08213099834997271,0.5468953467999774,0.49293881591224964,0.7992300710095731,0.4657925753997841,0.4745196121827537,0.7065320961685876,0.6089749711029159,0.06047444050566091,0.016752461781906872,-0.018540162198791434,-0.012657215907242749,0.1243563401094415,0.0940178294799233,0.02713932288767304,-0.14543240971190066,0.0695238373198579,-0.09121693644308367,0.16240719692459538,0.23471523148401033,0.07962454463046396,-0.2878962073472907,-0.26987963407506155,0.3365462214733254,-0.046584900418899254,0.10557600500596824,0.06151182820441256,0.0740005707796212,-0.0656597158743705,-0.2453502331837898,-0.05809965604037549,-0.21791706577722664,0.042301948660958266,0.09363789072597356,0.02118032981781902,-0.11030680168064476,-0.08175548803307038,-0.03756089880616932,0.0973187166063756,-0.05846659875718422,-0.1445515423402812,0.1691483992740113,0.23400550671208054,0.004183178988222214,0.2809928875012168,0.022003875767445398,-0.07063809561206821,-0.23555111096476755,0.026127516029116393,0.033353911668919864
0.14927490313626882,0.8008499602213537,0.6253931911290582,0.6401390871189317,0.9999999999999997,0.7415268779841638,0.2987114423462631,0.48071126521757457,0.6719152645900229,-0.09494848308395717,-0.38924954740153894,-0.3669037286535864,-0.48056896471255883,-0.38683061323115847,-0.3156003476453408,0.5706594442275159,-0.364908364938728,0.20078246810785336,-0.41082612809936014,0.3885127662809925,0.04772272534989842,-0.2812073427234548,-0.23924217587220128,0.008993000378012293,-0.149693313161712,-0.2722725787972013,0.14113761189582635,0.11105577035534844,0.28600112687553164,-0.0184269275651071,0.031018454568695678,-0.08678986997818358,0.30901488622780926,0.041095237964720616,-0.05734550360880619,0.4876154891119517,0.3494364101894666,0.18380326398759927,0.22397380113720153,0.14233640660875263,0.3294484731936081,0.13239300190237654,-0.016267018593533532,0.03348208771555437,0.050844088176944524,0.22652134213989095,0.05889650938903253,0.018200569768377122,0.378211711530445,0.3029930549207542,-0.0777487569102031,0.6410153188127281,0.592744330187373,0.8358478397729215,0.7888068246432897,0.4926625227208495,0.4545833108596682,0.6539505504365933,-0.0852075287418798,-0.3909293265518996,-0.30691939091654974,-0.45979250608104044,-0.4196189602962285,-0.5136044952207045,-0.342670413278173,-0.6245484039698734,0.14541931406136988,-0.49755743173537753,-0.23594109750345374,0.044798966047902844,-0.017818299267663016,-0.30292691454106496,-0.4984236089397447,0.21331240709553292,-0.329928953390457,-0.0935404988171403,-0.16036839449137197,-0.2941524932106503,0.04074058046065842,-0.08075549636816153,0.005660294278207049,0.04060849386064226,0.038226860195479745,-0.062143388216149044,0.2370869056834282,0.04770652179247764,0.12749000675765337,-0.059316201693744144,0.24365461030985397,0.08510201652221681,0.17210070740219324,0.2896497835981227,0.40327491409581584,0.06975632570052749,0.12043466556756377,0.07208567162879995,0.12230304838248779,-0.17412375691348086,0.32035512397535276,0.15411791045488146
0.04167872321843558,0.6319647311495419,0.7748492028255692,0.4398180242469954,0.7415268779841638,1.0000000000000004,0.2939863045336747,0.5547868404037269,0.786862802785596,-0.07552297621123105,-0.28088172550753177,-0.20854294794368802,-0.3800584297055679,-0.2498030960743322,-0.26677666325750765,0.453216334471824,-0.29838643745044985,0.29738579150338107,-0.2351911190025319,0.4092873626863266,0.07616790475539718,-0.3095656552616486,-0.24422182376982926,0.17404886019982108,0.04336220370048604,-0.08513408119666811,0.08173780263892548,-0.07081471468315037,0.39638511723963765,-0.23270820704506878,0.18321616712655522,-0.10512248591611244,0.12057258039398212,0.146505797413674,-0.11579177638886269,0.44265202866337616,0.18443808030039904,0.07943764656924056,0.04781176251057687,0.18586230939809872,0.23253307961927042,-0.02991665180578122,-0.16892391539897852,-0.14236198774708178,-0.13313034489889725,-0.019749367072438195,-0.08258262527801206,-0.16702160835948598,0.4946517094446369,0.12229355448314788,-0.13457406559469606,0.582285147691084,0.48631057406638517,0.5711397874614783,0.9343163447495825,0.8105141896859581,0.49137735322944964,0.755363696207907,0.04204870229232143,-0.16055263323832303,-0.07049090171802218,-0.353794416316618,-0.26149892871542696,-0.3626820911371152,-0.18424085798816126,-0.5609885856894917,0.271149279192566,-0.341812678883594,-0.06612826567682793,0.17954818066270165,-0.004248228411690882,-0.11851193771656643,-0.4462127147419909,0.3850413528513844,-0.11622433518103487,0.1392632193956296,0.05396646147681392,-0.308227030380827,0.08596404859350791,-0.04131745741299285,0.2097353686668358,0.06501761787686906,-0.130201582831509,-0.017184665545377845,0.22718294733697814,0.110446942520851,0.1558815953255336,-0.05994609567961525,0.36154648032845665,0.18341239418596633,0.18041488251558924,0.3887703307645988,0.43945262504881005,0.16205890822045882,0.12031296797884831,-0.15608132421128468,0.03729019536086958,-0.26837081258366885,0.5838291801891383,0.048914736433800884
0.14876734221606094,0.3797732882748712,0.3254871695229628,0.6348463409967319,0.2987114423462631,0.2939863045336747,1.0000000000000002,0.5552888526463479,0.529946876164796,0.22797769795275685,0.06612000467898928,-0.05741003070054209,-0.018569374056103406,0.23212122634331164,0.16302022002693303,0.24247149195191453,0.150156514152004,0.17367569521824217,0.05848857553205271,0.08933751465279324,0.16008929788466253,-0.10481168071137874,-0.03129520271050922,0.022621729383579887,0.35874324257265733,0.11600012878391464,-0.04262603416970252,-0.13962289041992007,0.37058036033115505,0.11636513761561672,-0.1614306025358145,-0.04115382951402571,0.26828203731396777,0.3059257767607411,0.039392118097408904,0.15725323028865154,0.13437517768691054,0.3682871570817351,0.3395903086754955,0.6593681874771758,0.2621492217594636,0.38264143253781546,0.21699139922613214,-0.05800789275456327,0.09076456659165105,0.014432720207805175,-0.013714860607714882,-0.044544231282789525,0.1621009983717886,0.17359958114149082,-0.11827619580245584,0.2067633906945289,0.3568487511783639,0.5578655438326847,0.2710583779179758,0.4056494168520286,0.46156092753926475,0.3910566572045447,0.3643521076177008,0.23261703485814142,0.21718043837180165,0.11419927291650085,0.19411752363156284,0.2172102504098416,0.15949419028855327,-0.008105406500625386,0.43414232609278836,0.14440801594597613,0.11375906631026018,0.17977897428941064,0.16263753441361545,-0.00701762156057084,0.0229913785294887,0.3992711580964234,0.09875062178084287,0.36320575380739534,0.2975694817110844,0.048769315096518884,-0.13804421480699416,-0.17212343165580943,0.0875729306446162,0.07712631035787662,0.09059266208806242,0.21402064900843024,0.16346539699426063,0.2217950888464147,0.10754781122236631,-0.08240333759381245,0.19257315497875782,0.28504629316339414,0.10036536857222814,0.3963936690534656,0.3070698230556056,0.31507131119617227,0.42000251649363324,-0.04546366518419137,0.04907500640620495,-0.0014613551231859813,0.20068151092261904,0.14870737519815008
0.023556290180423066,0.7597964691936064,0.7672869497669678,0.7466143809535094,0.48071126521757457,0.5547868404037269,0.5552888526463479,0.9999999999999997,0.7514375332175547,0.20002996087319513,-0.056320386025851966,-0.020208300805392265,-0.10058962344579184,0.0495863723047793,-0.006604389583218622,0.4484289002080008,0.12177660750153646,0.42368100445412554,0.08702669039930945,-0.11764875446911621,0.2722292272762861,-0.44688419362472387,-0.31380883775974855,0.18098496066334513,0.08153850822810371,0.08925869407813412,-0.09632990544435921,-0.1349827764196542,0.33058762824437626,-0.21719114175713078,0.10704257620695934,-0.15432382839614114,0.06322798972020649,0.3812540530909676,-0.2580735818237016,0.12230224003138308,-0.08682310868047248,-0.02910518413130971,-0.031032238461227973,0.26174054066051977,-0.16132389317518328,-0.08724006588122345,-0.214115798027512,-0.15098120521239766,-0.13357604856761207,-0.28402924948223157,-0.46153231550343776,-0.47556914068181017,-0.01626556135213899,-0.10775109700082477,-0.12102698589473537,0.7042767738465358,0.4923040676009629,0.550382348656282,0.6230086134674726,0.7212360164582211,0.8528540119689433,0.8434937582089503,0.08811956483970251,0.1550822559611774,0.12917173477974042,0.08126597391815386,0.22933777959923035,0.21804161557068705,0.1456419776476139,-0.09061488316513434,0.034104210493111804,0.051698897951941776,0.2579380817442625,0.3500774271301788,0.12459863223153805,-0.2401736901040751,-0.24674200659829246,0.45442238473426205,0.16258879470294876,0.2147696840360893,0.16749268381828028,0.04585152987520301,0.09312953843119147,-0.17802244619057128,0.0008929229081407942,-0.3413335422656668,-0.062472010263132295,0.021844069598743958,-0.11026885652043365,-0.24422976501296548,-0.19233962105250904,-0.07109533707565097,0.10999200914543919,-0.16686539474422776,-0.1782584895809807,0.15035537941310864,0.15768853264024751,0.030852643299895476,0.17930500592321397,-0.1454163057766731,-0.1918861057132718,-0.38337329507743567,0.12639450057869095,-0.10277915109391275
0.026147551436348337,0.6649879613388225,0.750847871165897,0.5933638327887863,0.6719152645900229,0.786862802785596,0.529946876164796,0.7514375332175547,0.9999999999999996,0.12212223712252537,-0.1026658449347671,-0.09384330890709118,-0.1803234222816858,-0.10238995720255566,-0.1057941318687348,0.47673214020224697,-0.09845967663609599,0.4062366234150543,-0.07140291747537345,0.2619634459556767,0.21630685432267407,-0.39127336528021717,-0.3069929996527284,0.1442883006427652,0.14428752600832467,-0.04884077087577652,-0.06535701173996451,-0.1341627851686997,0.5086012808036676,-0.24592852456139355,0.17121413630748739,-0.11286008123569057,0.13320931585229093,0.3577327025249052,-0.1925736695200988,0.5816611961869316,0.26407183259685646,0.19076216589134715,0.17473948349890575,0.3627807304713579,0.24502043333929058,0.069389395662202,-0.15395202620745077,-0.08734191668401196,-0.1249368561208896,-0.09070803928117507,-0.17889072215060586,-0.28868990831890673,0.3824951484839685,0.19369867494226226,-0.1419631494243778,0.6490148434448133,0.5379010327990325,0.6406105926660755,0.7779555769030467,0.826866910653945,0.6509078186999039,0.8817114284869869,0.1569760118720256,0.0054826836851656225,0.08784327980182735,-0.07860302697549372,-0.006100122452478417,-0.09826674781508536,0.024918367855035962,-0.40263871882213353,0.3209057364309325,-0.1223648056352452,0.10275272368686711,0.39462921046612753,0.15089055833027815,-0.1282579340125584,-0.31939373962908485,0.5041662291522503,-0.020563855344600236,0.1811508549826913,0.14100608659009417,-0.23531407996456316,0.09143245851710238,-0.09776125116085421,0.15470220873141702,0.08934958787034367,-0.041481684117145506,0.04203799097816441,0.1565551513725124,0.1098980596717831,0.2148359646346507,-0.11173144472521754,0.525863195335783,0.21654549526194747,0.12572520862868994,0.41803959043632505,0.48767232932960525,0.16439722230522244,0.25803749299133594,-0.1315916303945868,-0.03771096990854667,-0.2604485275368667,0.4687394305746306,0.16298255211614754
-0.0748917015303578,0.004107356660213647,0.07023494398324162,0.29411420297602864,-0.09494848308395717,-0.07552297621123105,0.22797769795275685,0.20002996087319513,0.12212223712252537,1.0000000000000002,0.6313868145321149,0.6655097767962597,0.33327507358405345,0.4389193309388896,0.5069906298806529,0.15203176523953432,0.45133873664382534,0.11316348634477617,0.36771909498593636,-0.3268909147271837,0.3941404293572341,-0.030230106380844446,-0.16607489803885822,0.3027668506892564,0.537609449261199,0.485389999622443,-0.04735096914920898,-0.11477523701874323,0.12080034684507253,0.028794433979552555,-0.24867287494265367,-0.12030414630078783,0.12085223785815905,0.374854534414293,0.04632248286749997,-0.25760618873115954,-0.18657390897546713,-0.004062122723027398,0.17815107554757711,0.43943168050019854,-0.20272214031653432,0.16353164083805305,0.08438200450207485,0.017477302708494263,0.08464818053446561,-0.2968290739823581,-0.23000302834473518,-0.27993951637400327,-0.3405104488052879,-0.26954299509012003,-0.3387582684549076,0.002461778012559469,0.08044666272480783,0.131493077994717,-0.05751077952983476,0.1709483923203526,0.28547367114667516,0.11010266014985665,0.6238328982114839,0.6396037320463633,0.5894955688191744,0.4237109720687931,0.47812439509821003,0.35528600487829654,0.3709511473221355,0.288284362811272,-0.058479140338874226,0.30902215146603135,0.2592021372075495,0.1648106513497304,0.14635377311132675,0.0978032883357197,0.08536098953755207,0.3242411484496771,0.5044226292164659,0.4131216391004815,0.23833123005212278,0.1348524648114315,-0.16599360441610883,-0.39412227298470937,0.11329605844256099,-0.21462177468284027,0.10771935657486303,0.18003483120582603,-0.1754372320499073,-0.11790644591854646,-0.17043733820216553,-0.19310892937651938,-0.09535886316931247,-0.12047806710645242,-0.3061211308134566,-0.14777911879076747,0.1089406026328821,-0.08361646670574384,0.12414764685598395,0.043345600376072414,-0.37782513746477286,-0.2734843491614183,-0.3033630406211626,-0.21941413185922806
-0.3052784784701005,-0.31402061598505177,-0.15317649359243693,-0.07865722693165558,-0.38924954740153894,-0.28088172550753177,0.06612000467898928,-0.056320386025851966,-0.1026658449347671,0.6313868145321149,1.0000000000000004,0.7386244749292469,0.31795116863686296,0.3819807662001695,0.5126334086531553,-0.25224950002947427,0.3104398228427229,-0.15681490619910543,0.3218561725724896,-0.4438664577110122,0.1021364074860986,0.04482979387736444,-0.07627090788837822,0.2677633829307341,0.4644201453164114,0.5173551968016448,-0.19753533672024157,-0.15907605061563074,0.02238729230099971,-0.06902064358083763,-0.1635470098473596,-0.33289942471968215,-0.19047018477772137,-0.012502894692646711,0.05793499317632453,-0.1885629134177035,-0.10261088228974503,-0.1222946695697393,-0.032780292581842584,0.23446095546064824,-0.19157496428487927,-0.019640458385438243,0.10236330097227204,0.14979215730346596,0.15702364891162768,-0.3113667924087924,-0.13977349824533214,-0.2157917406988288,-0.35381347541622726,-0.24007883064888907,-0.3936120075290964,-0.17682782184639437,-0.1673948089527807,-0.16657861393314857,-0.2561857751649635,-0.04044333519918122,0.009574877351651733,-0.08656647003512495,0.49930688023389036,0.6530721731668098,0.47192588794398194,0.445900735141544,0.4367062163999027,0.3259484679194845,0.4178758289132316,0.47745236356204424,-0.07684721418418777,0.40388354136683824,0.07042967430327397,-0.03859210825146716,0.21171873575756442,0.20049128640854605,0.2512353640437536,0.1808211287400169,0.5692592045387382,0.2755283339816688,0.3212454943161636,0.09646656834726153,-0.11313030690830615,-0.3633141914884481,0.08042704564760653,-0.12983877582917377,0.16319276817717218,0.10989472600381917,-0.22596116216726206,-0.13560812241123021,0.03191757661976619,-0.14294565857125238,-0.048462441946816814,-0.033842291191441734,-0.2482371482010167,-0.26673028258565906,-0.0844435117570215,-0.16655199525273687,-0.01051067022772666,0.1251301413761033,-0.29352314956147035,-0.08833754396047755,-0.30445970216784696,-0.1386280662400089
-0.3378269866863627,-0.20607753110385274,-0.09035510496878184,-0.12574091127375892,-0.3669037286535864,-0.20854294794368802,-0.05741003070054209,-0.020208300805392265,-0.09384330890709118,0.6655097767962597,0.7386244749292469,0.9999999999999997,0.4847838379700528,0.5279715851846906,0.44009452575414637,-0.03922938648265095,0.4599621237034255,0.1178143817914404,0.4888942477466882,-0.5071064336971761,0.3104733135786729,0.10524487723863404,-0.12161880027886081,0.5523933269451358,0.5402195712833422,0.6797262859001127,-0.1082699030049235,-0.31255015860431135,-0.08195517469872907,-0.2582428375961088,-0.1460106055821459,-0.11902508080101452,-0.24487993559378357,0.17333663046745795,0.21438275999688294,-0.3313033470054556,-0.4380480768860371,-0.2844267245922048,-0.08074622956892175,0.2840893861540277,-0.3791433556885007,-0.0966490111173692,0.12636969210900525,-0.11410945062892068,0.15866452404313688,-0.5531609632324757,-0.26652715281355094,-0.46383679724866256,-0.5022828616339005,-0.5757277040646761,-0.13919563284727438,0.007809765221535035,0.07016406946377968,-0.20145238041536428,-0.1511144134497037,0.03455441552306274,0.14133272090333637,-0.0014186554238764615,0.5248950439655787,0.6928074070294648,0.7617634038870743,0.5497925762329314,0.5433283387359474,0.4295158372117647,0.4781930657208192,0.40045872195292176,-0.16456341342307396,0.5709602609118629,0.26417211667526425,0.1087505787912106,0.08949971011508169,0.3495177884475154,0.2267838627416746,0.3185906440768221,0.7716417226167122,0.482260936854045,0.3089573309862363,0.10747482591656163,-0.07623827901531258,-0.1888631032951466,0.2227512225727568,-0.3359219024616038,0.055422275639046496,0.24742040440756144,-0.3436529459672947,-0.2709176506553872,-0.3256053579839905,-0.3259864152600283,-0.25990425932951583,-0.27160606807508486,-0.218230621337905,-0.25130183189409294,0.0170883586678487,-0.13970836622028796,0.020618304015873296,-0.06432380107107036,-0.5675449480112931,-0.4231016663920962,-0.3685957799967014,-0.4841894254105081
-0.23193981519300172,-0.27551093503279145,-0.18832480422513218,-0.12849939310503822,-0.48056896471255883,-0.3800584297055679,-0.018569374056103406,-0.10058962344579184,-0.1803234222816858,0.33327507358405345,0.31795116863686296,0.4847838379700528,1.0000000000000002,0.7003274823947104,0.33556283502321727,-0.16229693546700813,0.449983125641872,-0.16829590600904737,0.61329738765839,-0.3845205777346768,0.018395465905772502,0.23159998238709492,0.10842424331482159,0.038425006659222063,0.20694471424371746,0.27294731489643836,-0.1704254302061282,-0.2677320801564519,-0.22232772111679014,-0.1119130176751909,-0.25310393881985677,0.21301814036921443,-0.18159499250786035,0.30500142073583575,0.21115892079760126,-0.28543954549031986,-0.2303695458512901,-0.05380190799854979,0.02739384484366077,0.12107538228561592,-0.15871786472709656,-0.12582135104305947,0.18201870366486322,-0.09090569858910483,0.1388176588980879,-0.30176282127422865,0.019641234090005618,-0.09668916456531752,-0.3393923449478966,-0.17896404878252628,0.017157960591791928,-0.20802461433007768,-0.11791943149444294,-0.28340131486092485,-0.3625275384995632,-0.17707911472473276,0.018973921117994473,-0.145670303177462,0.16267377390059135,0.4557896118748491,0.47703333450751084,0.8202121745516231,0.6439134733373466,0.5618545475700396,0.40767523571792325,0.3319607588017029,-0.1677870102530446,0.5192211380812483,0.3217036487161107,0.12177270395786537,-0.09029047099151115,0.2189769987992179,0.4000343192586069,-0.009597707249444623,0.2139936913704448,0.08494625015238022,0.009163040258111469,-0.035971253640706476,-0.20457047409911222,-0.03627777795972383,0.029140736165119085,-0.09698594345273369,0.09048232434862938,0.2513102109569918,-0.20971610994402176,-0.04047820726334031,-0.16873990098150843,-0.17287188237322648,-0.17571918785022167,-0.098560345379549,-0.2806528357541486,-0.3096347499197154,-0.1524865068649809,-0.26269225266066243,-0.09896314982694193,-0.05435558880261321,-0.35667272062723104,-0.09118138370968436,-0.31227459430234694,-0.17650059610411512
-0.1718616587060042,-0.24429911254504447,-0.0661255790421845,0.024325098912767698,-0.38683061323115847,-0.2498030960743322,0.23212122634331164,0.0495863723047793,-0.10238995720255566,0.4389193309388896,0.3819807662001695,0.5279715851846906,0.7003274823947104,1.0,0.539236575729713,-0.192848133389018,0.5471958849653187,-0.047638557735172345,0.781411985416329,-0.35343957442436313,0.23015256370080117,0.19018794417494872,0.21011803879663543,0.17022424661318641,0.3664309412372356,0.4226146490196618,-0.0690232763470214,-0.2261841432932778,-0.04723430755333452,0.050452315767814025,-0.3351056666705118,0.06045125741792033,-0.2153936153177279,0.26655811748635405,0.2183131992116024,-0.43592910617248826,-0.35894044820485377,-0.04216694624902436,0.04282631550349332,0.38948411192224325,-0.2260230370526015,-0.05235434824764106,0.16012811357542484,-0.145660645831209,0.14276769864291855,-0.3463153615275899,-0.06985498669869265,-0.1275402754484555,-0.39112106063400104,-0.3398546541608337,0.005626168396304717,-0.19617106594611433,-0.03640483906696582,-0.1270605978640447,-0.2575542172006441,0.037575382608117255,0.13998615714292545,-0.04673213728425847,0.42337285603177277,0.5282649353768571,0.5849554494591837,0.676457731277073,0.6652981463626167,0.6547762982698562,0.5343302762216596,0.3889427223946884,0.05079904450314683,0.630825379435589,0.2840280949321291,0.09822974440725972,0.09223862279778945,0.3679590422463069,0.5226668457571325,0.18971305089846932,0.40364214250179836,0.36902582194057015,0.3010464603105846,0.23616474242727092,-0.3205501685849296,-0.10335116750390368,0.12266924728625146,-0.22609505971584382,0.0705843275240284,0.34722875611403337,-0.07095307042080659,0.024568767573434683,-0.25887991200323585,-0.15146585393185813,-0.1847371582972048,-0.061868233587906045,-0.14672095786263062,-0.131957040052226,-0.012257219311857583,-0.15378488210203567,0.05816786049719092,-0.07139728049980691,-0.2980710610268416,-0.051207811948783884,-0.23555453086229083,-0.26278645451927535
-0.037261488529398354,-0.28914736291582094,-0.16266188572945786,0.004777286825153146,-0.3156003476453408,-0.26677666325750765,0.16302022002693303,-0.006604389583218622,-0.1057941318687348,0.5069906298806529,0.5126334086531553,0.44009452575414637,0.33556283502321727,0.539236575729713,1.0,-0.3201010223413772,0.40882973008478296,-0.06161019837655123,0.31912173246877695,-0.1309587305616853,0.48881855686019177,0.04272190763517584,0.18930628241877184,0.12817303210434025,0.32268626869205774,0.2648976494930924,0.047408938052430016,-0.04853809682881716,0.24393660904004572,0.14701714186236295,-0.16327740265108298,-0.007969088962832148,-0.20782945956061502,0.05653873814156767,0.015999634030682126,-0.35866969459505466,-0.1411384156450487,0.03431215745367879,-0.04033340054511397,0.21183917497331867,-0.20983060705079487,0.04364261982979218,-0.01665505211895129,0.0966806761539075,0.026836720849034428,-0.16157942771432995,-0.11172969157002591,-0.050933539038853504,-0.29766175749464024,-0.18207431937177868,-0.24881386542280437,-0.2552378199001391,-0.13149293826776942,-0.08352684782765527,-0.254088005314061,-0.04278752113982212,-0.03755360168826295,-0.08742952563963657,0.5572241140245396,0.47233887423100696,0.443705391423486,0.40354619809769604,0.3731222783297984,0.37311095588966786,0.5201077112032729,0.6490728007097617,0.10656459571604876,0.4117051079258815,0.07400804506045669,-0.08564249481016405,0.5189201671011984,0.14825797253192102,0.4372369264450062,0.16429314726958977,0.4261890030215914,0.3122329490230154,0.4438011334022702,0.2852387555504396,-0.09732037103250084,-0.06951813119059476,0.04212998082354139,-0.10974291400302787,0.11324703721953905,0.1497660417705564,0.020531579424441393,0.015888215416376816,-0.04323773735143652,-0.0697990203253851,-0.08296004801532034,0.00324342644852589,-0.12859948523423434,-0.08846602254776592,-0.005331742007490566,-0.003894807217519028,0.05455719267583959,0.0724149935981924,-0.13071085102308694,0.12915593519478855,-0.23512417584339754,-0.05858364065790962
0.22118349815540525,0.6714877685418429,0.41586287643197145,0.5532460737755434,0.5706594442275159,0.453216334471824,0.24247149195191453,0.4484289002080008,0.47673214020224697,0.15203176523953432,-0.25224950002947427,-0.03922938648265095,-0.16229693546700813,-0.192848133389018,-0.3201010223413772,1.0000000000000002,-0.10603038755431606,0.5363214567228782,-0.19978591103757173,0.00042747791072464826,0.21976447879067879,-0.012608103031447502,-0.3318166491158383,0.3757637517352119,0.08622995371544824,0.16266471762648382,0.19354147371980718,0.12714921652335703,0.13047833711613824,-0.2463473313716861,0.14401805176924296,0.08623795371025499,0.47673389560312124,0.4814781933972366,0.15903080205921047,0.25745331738848737,0.0836396594605729,0.015322245053020359,0.3076220267591721,0.19091805234943335,0.18635113686335464,0.11787718538945642,0.18114119302982484,-0.2330339129362629,0.02135092432506816,-0.05542114869216554,-0.047403567197578975,-0.2693312371118874,0.04209841759128863,-0.18756741266691834,0.12476201711701478,0.588765923831669,0.5977097826331552,0.5578326640036432,0.44454917742151906,0.3032181026648259,0.4795548196717586,0.4145876198847102,0.0012574937752566182,-0.09013675575105651,0.05479772770276527,-0.14653984509445525,-0.04243581157446726,-0.11562146916841548,-0.1318904702770608,-0.3756042544187104,-0.12215472919208348,-0.19516619588980744,0.28007654049431335,0.3538912098755039,-0.21068160602361186,-0.005898377369560515,-0.47573185974835425,0.3169326303653595,0.05601985051502825,0.23740758840266343,-0.1466542100292132,-0.04144600690777677,0.1689438909975593,-0.037141633801869745,0.33365216614020976,-0.11002308343131627,-0.16137173491683526,0.18451769437918816,0.017178848004460588,-0.08704131356363305,-0.10220770895504398,0.013923328707938698,-0.05196173461352417,-0.14640423584162948,0.011516272856327755,0.2879207859345945,0.32420588759143554,0.1814728091685902,0.3321729530144702,-0.26388313229272564,-0.2916525234279776,-0.524348342016079,-0.003716176172459016,-0.3120647844964838
-0.1458601369372352,-0.15444632037764688,-0.056704056904783154,0.10332833829834447,-0.364908364938728,-0.29838643745044985,0.150156514152004,0.12177660750153646,-0.09845967663609599,0.45133873664382534,0.3104398228427229,0.4599621237034255,0.449983125641872,0.5471958849653187,0.40882973008478296,-0.10603038755431606,0.9999999999999996,0.14245140399632716,0.507413806743318,-0.31267553961391525,0.36509936087586337,0.2094022266900046,0.12138229815990684,0.37697071013907874,0.30901698909498665,0.4530845933145421,-0.1269194144567926,-0.018549277528504594,0.18291712392328607,0.04770171754059731,-0.2500292708580723,-0.06593198679154448,-0.059565091558782424,0.44519872219968076,0.20739269686326325,-0.4654288535599842,-0.3202200578431425,-0.09466833154992389,0.039644383349673976,0.27349484723014106,-0.3349074861287985,-0.13710982155195267,0.13631575476144964,-0.048972228375415705,0.18674922873795383,-0.411387191476655,-0.2529008488932223,-0.2875105838942008,-0.589133973922869,-0.3838435410486174,-0.13013735107412164,-0.1579828151766565,-0.17427344040875112,-0.17920824255458973,-0.27322120863214466,-0.05787831446518629,0.17993144421172955,-0.028840054438979572,0.23713688492513357,0.35604407712928804,0.4555116322380431,0.47171133413821453,0.5490358995483319,0.5060738259279303,0.3295655648738645,0.35067809861521054,-0.17905828099894802,0.5764537071987076,0.25149564583702483,0.042331289180753254,0.14761174302377092,0.19016056014898988,0.29092631477354686,0.15723952804868277,0.5406319688634195,0.27504595343393,0.44224062952100324,0.4146635667395819,-0.1933403828505792,-0.2694556033751593,0.06276928259021482,-0.3323328300008755,0.19931292025733344,0.3334326040800765,-0.28608670057667857,-0.2246361295717016,-0.33813208064357564,-0.13316449178193537,-0.35060922621750185,-0.26938913301188233,-0.3996221729080859,-0.23213404151163156,-0.09858993580587645,-0.24905246869020292,0.09017246812247948,0.05902169357926906,-0.3906788202054393,-0.273026744078381,-0.4977195613529618,-0.32777906655086864
0.0790355160041187,0.34010069656632336,0.28975077676803035,0.24020946305118998,0.20078246810785336,0.29738579150338107,0.17367569521824217,0.42368100445412554,0.4062366234150543,0.11316348634477617,-0.15681490619910543,0.1178143817914404,-0.16829590600904737,-0.047638557735172345,-0.06161019837655123,0.5363214567228782,0.14245140399632716,0.9999999999999994,0.05735886564550434,0.14670422208566772,0.5052306486498274,0.03910143751927225,-0.09185540278709797,0.42922409618798346,0.10406861350372022,0.2771028628720155,0.1627444542595333,0.08945992648684804,0.28669194987721347,-0.27329213490082666,0.25834152428751117,0.07982026787877625,0.16801490274339403,0.5740535792869088,0.16525742974031418,0.20336589665620605,-0.16611193163063132,-0.018545362020414295,0.1492245104749946,0.29295964841965494,0.020592686816886606,0.03234900625669228,0.0610508634662961,-0.20710004579099842,-0.04874105294210501,-0.19722930676551087,-0.16837162605002615,-0.36937066361774934,-0.03994745111517108,-0.3019258440256412,0.27624411388392894,0.41492608761047634,0.4578777711194117,0.19381493527983704,0.2820313888488841,0.37474397623041517,0.45900105827169335,0.3348863747888162,0.19109358839653562,-0.009593589130515865,0.1697788930136507,-0.041177714402669624,0.07049082227550654,0.13747389054048695,0.08729933465466926,-0.1693581477514112,0.07453414083044259,0.1636824794404568,0.5130034533670375,0.6149245493211136,0.1358363916038087,0.29040395985799056,-0.07723013519511138,0.3987159249450905,0.32654270118325035,0.3410493407323295,0.2252123949951585,0.09214847928822398,0.23228707296936055,0.15011233772177188,0.3235138072977101,-0.10182696895712592,-0.08149499541009048,0.23745647816986665,-0.13579313933443066,0.005020704712906017,-0.20866308246122636,-0.031832874989273445,0.05568745854888918,-0.17329574254311036,0.1722709446088902,0.32087089888360376,0.26199179516841326,0.2469828665889196,0.2798313674379813,-0.23363244107125836,-0.2748007489155312,-0.4044526899439534,0.06374113652089379,-0.27674344250617117
-0.31887912708456045,-0.20325118730104727,-0.06562829315046659,-0.048767437383024206,-0.41082612809936014,-0.2351911190025319,0.05848857553205271,0.08702669039930945,-0.07140291747537345,0.36771909498593636,0.3218561725724896,0.4888942477466882,0.61329738765839,0.781411985416329,0.31912173246877695,-0.19978591103757173,0.507413806743318,0.05735886564550434,0.9999999999999994,-0.39991015241865857,0.21629181041934747,-0.005572573753297323,-0.11315370779212025,0.18493780740734006,0.15413709732632638,0.2861185274375452,-0.1809589276015023,-0.283918493450675,-0.04565720119784592,-0.1166569393284153,-0.12244942177906486,0.03007413643434072,-0.2580510858748463,0.3328101640486194,-0.09066089227362462,-0.37615821256413967,-0.37961164378085055,-0.12151903924267238,-0.04914254191387163,0.26839745503879486,-0.31637692730835965,-0.2508452404108994,-0.15216915752402566,-0.26129965734432226,-0.18000056066266426,-0.36248936725565745,-0.2622864272508424,-0.3180142369631055,-0.451303232742061,-0.3260164509784542,0.01020537106122522,-0.09531384114538395,0.027696190366667938,-0.18886948273239146,-0.22839849915499982,0.09162710867355592,0.21378702542749373,0.030293818514815857,0.2510303548164736,0.39574114218985,0.46104402249391085,0.6273932467309404,0.6087497268698768,0.6634132552176436,0.6172529048948929,0.26063701323717564,-0.049725639179580616,0.6271948166240795,0.3923983974092324,0.24316204180742718,0.08531824623486586,0.248867175757074,0.3089967341199203,0.21614677550769718,0.4038071238838985,0.21686164521728032,0.1705127132054107,0.17666285163673087,-0.24491118433071074,-0.016109807158339276,0.06708147894850407,-0.20367634676405058,-0.20575808939423743,0.08360307867547583,-0.15238256804981173,-0.12500192080799563,-0.24036410340408407,-0.18865882096212147,-0.11850735695383333,-0.09376081256979463,-0.08226099156263704,-0.06809143718803039,-0.03888495196845814,-0.274148951859106,-0.08978700700865243,-0.2555421945884175,-0.25253342571022214,-0.12811663622350417,-0.24185483390639484,-0.2091691241900176
