0,1,2,3,4,5,6,7,8,9,10,11,12,13,14,15,16,17,18,19,20,21,22,23,24,25,26,27,28,29,30,31,32,33,34,35,36,37,38,39,40,41,42,43,44,45,46,47,48,49,50,51,52,53,54,55,56,57,58,59,60,61,62,63,64,65,66,67,68,69,70,71,72,73,74,75,76,77,78,79,80,81,82,83,84,85,86,87,88,89,90,91,92,93,94,95,96,97,98,99
1.0000000000000004,0.12581743256745545,-0.14363863445761013,-0.10093600324125936,0.11488268522686489,0.22979831333379638,0.25824845960559123,0.13928745661338138,-0.07929722769688367,0.3001371099814447,0.0612598879623676,0.2631841741937096,0.07781833826744672,0.14604452746842886,0.05356504382950559,0.2010158151995778,0.24957644808635618,0.1946525428440669,0.04282991205210982,0.4699069115352014,0.2417718697998189,0.028463090569730117,0.07993944696177963,-0.20369919442573547,0.5420332764155125,0.0475754659579931,-0.07386256009031,0.3823539386016779,-0.10387224283009801,-0.21631541541943508,0.06342616779160364,0.3485464484510014,0.17928152526935956,-0.09297136352101595,-0.06418845032762498,0.06057571516002185,-0.20333125411603462,0.07241989848076157,-0.3728730956698477,-0.3560800121383782,-0.3080572245053456,-0.005540627875210521,-0.39293433695626867,0.21688286687616645,0.11840037505160723,-0.19864150997938987,-0.21271441665128465,0.3418251490914891,0.7042990433930255,0.28672324055258824,0.7359702721614431,-0.13532464933226598,-0.24581158058156505,-0.3310047229017911,0.2600097535113635,0.13136355529643015,-0.21264159106371394,-0.09190596391532597,0.08991050976444957,-0.15354605126054693,0.12375359960630115,-0.035945254724803644,-0.04481521797375051,-0.23936664542119124,-0.1520673188222333,0.008169022391460744,-0.07628789674880435,-0.13111628430774167,-0.3632205691298078,-0.1978597765852382,0.17768077607656468,-0.3776944181463608,-0.05229670656135077,-0.27035624694839283,0.056505114420593666,0.10094476597534228,-0.0324122515845116,0.036893978994668564,0.02712074741940195,0.3493744697944412,-0.4314186784099772,-0.3337612202613208,-0.1356764264794142,-0.3104910263960138,-0.10149860076969007,-0.17607232474568119,-0.1472460374097109,0.2705532605346395,0.07263170589501215,-0.33564475565141155,-0.2910013358173291,-0.011764108455461645,-0.2780248335904578,0.24694282585746122,-0.25351975014127764,0.27753358824645114,-0.36030039804699876,0.05973785775313038,0.6958449441776209,0.29668694407508767
0.12581743256745545,0.9999999999999999,0.5303449723210104,0.6637660694096066,0.48079188900837994,0.26852580098982803,0.62892960336246,0.7968212963981376,0.5661333801838896,0.282971724540653,0.4278953570113055,0.451937442441786,0.39381940498640405,0.2400148706790089,0.3405234864891451,0.23121833006026332,0.24406997456043372,0.24666125077663142,0.07647275445216534,0.3456459617579601,0.49313432413644354,0.015600646267589927,0.13364401196034584,0.1377635623027874,0.22344027551914775,0.48836658616948364,-0.1456051978974895,0.1777494220895689,0.2911640095723871,0.09753028929806581,0.13280680441776194,0.09258903387478457,0.05768097951997554,-0.054999112026744026,-0.11799064271393542,0.3299284882266019,0.20877281175875334,-0.00917050287939903,-0.11269176497155713,-0.1511140971627039,-0.18909638673093618,-0.02621920081054166,-0.1477215008902507,0.24174850213812846,-0.02501163222920475,-0.3173127807271476,-0.23824623792740082,-0.07829293522526033,0.19597308154668477,-0.12061373681668748,-0.02468284126497029,0.6999930881748248,0.15816774644001896,0.15112747715247205,0.5463452027578954,0.26428324680931065,0.4748829519418858,0.7207475138567355,-0.03445891766404621,0.06782619902907633,0.2449162690664964,-0.06214926620960946,-0.21746019070621314,-0.03199045205114778,0.04791351540385922,0.2594535890277538,-0.27798037669889075,-0.19506526444201452,-0.45225962284857985,0.12576091335088907,0.20879126626308336,-0.3383697496770641,-0.14814479905732025,-0.22629780406816283,0.06340141572982004,0.0864189264623932,0.20531088946386963,0.07373283918497776,-0.003994467315818166,0.004885834530294602,-0.48993301124151106,-0.45532964401934034,-0.41508592559168017,-0.4173810346490456,-0.3000289270526764,-0.48425051897318605,0.03812049996393372,-0.1681051224612305,0.19372475874373996,-0.4789618525907621,-0.3563847590007956,-0.33848156166860616,-0.34669218927265205,-0.168760971274422,-0.282125890350411,0.26159261073288925,-0.34521996893135315,-0.3806514938684113,0.09976995635549772,-0.16608476296215735
-0.14363863445761013,0.5303449723210104,0.9999999999999997,0.3088603419627622,0.060457508945974694,0.40137317056027355,0.5847160295119356,0.6267745553178875,0.6161848650254252,0.23982405516895786,0.3309105171750193,0.4408380144679251,0.5711975187679014,0.34538511018056034,0.09127852793116216,0.3058223209982985,0.3554068810450925,0.5133261084062078,0.42920137243566747,0.27815239792001567,0.36730100094932966,0.23629949858899837,0.21726971965707859,0.12955242656024157,0.010397844907420161,0.5055306926624922,-0.16879953829324493,0.2322383413544046,0.2797204438693649,-0.1069242566469957,0.20511971428523523,-0.12403673002049354,0.0041748971299134015,0.36573790410513807,0.1548267183710061,0.3887697520501201,0.15285762281141663,0.0728140401041937,0.04797363768373006,0.035540647497059805,-0.012689365442629249,-0.011925399966761105,0.07502513488810271,0.06607976304338238,0.007491456840521466,-0.3448877725162138,-0.016194045490635182,-0.10763653636127353,0.1896512950204066,-0.18480764893808932,-0.37018728076525115,0.45615278293713435,0.032059221713890126,-0.13665928718861028,0.2760173595841779,0.4764341700617626,0.4141295215381776,0.5818244527067452,-0.1467752656264414,0.05956678823034229,0.16016776143716474,0.015405124670794612,-0.08233001003837588,0.1041772928321618,0.21341563475107694,-0.04153544733189446,-0.32247872489561025,0.05103190231525265,-0.14943348812682405,0.43506164109612855,-0.05621832826238223,-0.35373252932093974,-0.20590567651955788,-0.2602830330474508,-0.04310879673528876,-0.038294832377994796,0.24025268462211086,-0.09200448665386694,0.08491973508475825,-0.22577942751317803,-0.2757525397300534,-0.31258901464983785,-0.4643201937164679,-0.29282381413823677,-0.26435619963068646,-0.37316175632296755,-0.056084370230851215,-0.08653716756275082,0.29474315251398925,-0.3658814500981965,-0.24427182552268373,-0.4390321404243169,-0.4619224806851829,-0.19480671449381373,-0.2722981247015203,-0.03385643493571877,-0.4277694329158566,-0.32261757465024504,-0.027350314866397617,-0.28114735495169324
-0.10093600324125936,0.6637660694096066,0.3088603419627622,1.0000000000000004,0.5426524539955667,0.1392937123281868,0.47533049238830405,0.5747688675097213,0.31399820212911667,0.28630342159557853,0.3982206388692807,0.2618191255757389,0.11281657151917716,0.0853878513463545,0.2098174699397486,0.3010870910392489,0.15165673581775574,0.21612758918781483,0.04240554003314347,0.14323105890901464,0.4434403031760791,0.08225262026135761,-0.03125371025256694,0.13483979350303704,0.12281973938762261,0.3693216623535744,-0.049837499766205516,0.01808490645600491,0.3048888132549307,0.004280336501502375,0.1062017458382851,0.1660173542628504,0.2333808154480535,0.07489762229567894,0.06551683648716282,0.1557749728664692,0.2532493766458838,0.13485478678853968,0.0100707952376071,-0.03529493066999656,-0.07718174376506723,0.08241749223741741,0.04389488460245455,0.21589139151737188,-0.07647193306504607,-0.20349846189343065,-0.13853620917614887,-0.038910124213112594,-0.07526620946217813,-0.09784715078125707,-0.21470518104072975,0.5609043633387971,0.24774075737019857,0.5110999616442353,0.3221298957486149,0.07837687176465451,0.4248991518323724,0.5539424900403518,-0.0031585995686553773,0.12016861199848115,0.14878463620648846,-0.1562035930753071,-0.1825704975049329,0.035452185442592675,0.17034402916181418,0.09499536885616845,-0.0415843676642815,-0.15940108712186213,-0.13121250017247002,0.1995059087383888,0.2089181814920229,-0.07140865093549484,-0.25264233389899665,-0.05465090530226312,0.03723094396976204,0.057409578657723274,0.18975874535763604,-0.05308244492423324,-0.03034732458973904,-0.05209166342491586,-0.18950587070795763,-0.1165715003431042,-0.0318423383866907,0.06690069226072486,-0.0500129984120764,-0.0399196623997091,0.26989690431046093,-0.13692842971967448,0.21359133326938382,-0.2166165313918526,-0.10920430878893674,-0.13799700878363094,-0.1913674278776889,-0.002917072139989093,-0.02153934552345426,0.2823302013325042,-0.034199372988245234,-0.1084146784995207,-0.09782800699127205,-0.033881886436682336
0.11488268522686489,0.48079188900837994,0.060457508945974694,0.5426524539955667,1.0,0.4634203282397885,0.27448410776590454,0.32834379961811055,0.1894014657471116,0.08586112087766776,0.08619571199840596,0.04116175975749231,-0.002764626134373961,0.11277561395490912,0.08708949756972327,0.29770358861631013,0.3258094648470209,0.11454614284035722,0.09046635487712792,0.2643987061858047,0.34360589763562904,0.26904740563858676,0.2777203652737888,0.10209157421360543,0.109530831812923,0.0030931117136501103,-0.21743847893471716,-0.17412613640641847,-0.012510135753863304,0.20519069242995416,-0.08269561306358429,0.16615833858222093,0.16325298998434484,0.03331576226885522,0.13058836059659046,-0.033117850005405305,-0.02724843450497641,0.020270346540008016,0.10466912323605401,-0.058393894032049136,0.022559418707483795,0.08809590764843425,0.006510897398378528,0.14846777306644807,-0.006915678843556434,-0.07859682268191807,0.06412856377515565,0.08036417366346044,0.14100043386955471,0.133723929948927,0.032263929997853796,0.20320760520865597,-0.06837426596787327,0.3946751839799619,0.7674325079092427,0.3176625023486744,0.07599155267327926,0.4695209723048885,-0.18934650180326398,-0.07131129523013718,-0.1572854492742086,-0.148393465385529,-0.26934727956689686,-0.1689469988695721,-0.25291859000436145,0.0243691002917431,-0.010600164564323342,-0.2688258303971897,-0.18221356906226907,-0.10484280769343939,0.17669915866345257,-0.04737278220747958,-0.07385455636074255,-0.13933475340108345,-0.15566281025551884,-0.18887720856434526,-0.19066468666994907,-0.04685404871047221,0.08411434517095875,-0.06279621122574709,-0.3242640611385191,-0.04022986079029483,-0.14368779230853124,0.020448940682494567,-0.29264470964075884,0.015704815613414472,0.04364202702432572,-0.1649949734746503,0.0825140965466711,-0.1597611799478002,-0.11236132503466052,-0.1197929063712346,-0.1629419195806331,-0.018746184513381985,-0.16288053065094749,0.18853393155767367,-0.05529269404254143,-0.0276600022982613,0.15555632363424757,0.11461693388765291
0.22979831333379638,0.26852580098982803,0.40137317056027355,0.1392937123281868,0.4634203282397885,0.9999999999999997,0.4409221167299828,0.4252844525307201,0.5615833032675609,0.34864502158015603,0.1412935290668576,0.31185755695315776,0.25871234203327725,0.37817165497120286,0.2223416272420641,0.25358745704620467,0.3703725059642607,0.4268098668788338,0.38290965445800307,0.514826493383138,0.414992440753302,0.16312465293217637,0.2651330970864356,-0.088092582505753,0.4819249152491864,0.17817741192183242,-0.23026607115312975,0.11651101333233647,0.2540366127383409,0.11206471169666457,-0.05057327779761266,0.20242030011250103,0.10005267500879436,0.1895476141725881,-0.03321634169374698,0.21021696689892078,-0.12063957315380851,0.09586225021593267,0.07221072422919869,0.07230287830205698,-0.07346018209341498,0.20049584472327397,-0.18535311423364217,0.23835437195044382,0.05613887609984343,-0.1817982533553939,-0.06276164601888158,-0.06423920218141833,0.5350588295237156,0.12652726514001672,0.13102004488154523,0.18398287933035914,-0.03157659294850472,-0.12465939967575396,0.7988951955704169,0.8035058102873424,0.21618503432638478,0.39503936051654853,0.16820558575159375,0.19403793528829813,0.16494927056905048,-0.049372300557360034,0.027188837464009942,0.12991330409336801,0.04321079055679242,0.1033808336301592,-0.004120373311455573,0.039872957550761534,-0.06294603964851282,0.2793472189817141,0.21299359930233105,-0.10974580491726892,0.056520401553987305,0.023281801621060503,0.009440136038261977,0.16402350415560477,0.09751384921199915,0.082298654699461,0.008890033993280103,-0.053216854047489076,-0.31822365931605906,-0.329888144190674,-0.3625817835467234,-0.2647764637317304,-0.3294284012245942,-0.19544472022601508,-0.17188738133363923,0.07134580026053486,0.24065318656022922,-0.26401847688814273,-0.15215630994065407,-0.07622311774893195,-0.157374533274657,0.2145846382898837,-0.1696061742273002,0.13046429200473783,-0.4214269235977718,-0.2945911011891686,0.42386718176952753,0.05896798111799698
0.25824845960559123,0.62892960336246,0.5847160295119356,0.47533049238830405,0.27448410776590454,0.4409221167299828,0.9999999999999998,0.8480822376370805,0.6215770929400142,0.46454234114265924,0.511109788222498,0.6254054812716329,0.5499738805082419,0.49148915099431784,0.29804455805811964,0.4907148384758339,0.5837771433304022,0.5992127237316736,0.49070634501180843,0.4560717437598929,0.6002571767245071,0.29187473347368104,0.23555583031522392,0.1719923891620642,0.3447117789614054,0.502643969923021,-0.10485355952055775,0.2171531966285714,0.24662384480000646,-0.15338735216826518,0.22199180297980453,0.24647752384592042,0.2846513303647701,0.2894942801392305,0.110256982647285,0.4110538361961595,0.09750474150324595,0.32581888158304934,-0.008961815872606185,0.05449485364843202,-0.05271063595359705,0.005849988136012441,-0.024460834576300772,0.362023165729522,0.09399308317627737,-0.2750697888839613,-0.0920403711849231,0.017737297894070164,0.44290515709215417,0.03897793095485148,0.06856966062931626,0.36794969244545545,-0.08253709950857238,-0.29663473987936523,0.39815267970163715,0.37277410725673543,0.3859357539336781,0.6440487084170861,-0.1601008745257218,-0.055564495016294485,0.09284711329732237,-0.22968276403352092,-0.2346332833049748,-0.07254835783994014,0.08364704561022589,0.002471676282385325,-0.26290451515400454,-0.17104151717067567,-0.38147713256572197,0.3432729349642962,0.012336531053463932,-0.5259056520802505,-0.39144679206296507,-0.3363361747044432,-0.07001872848616376,-0.02460410140798372,0.16228466458647922,-0.2804625613225982,0.028056977027915427,-0.022755614155229465,-0.5164549898626528,-0.40502482704022813,-0.35402688801200016,-0.3407790494486375,-0.3344924254452876,-0.37341288490230173,0.023387267996946765,-0.08763177038278815,0.3660246083937077,-0.4678859083974809,-0.3248938652173503,-0.4485056767618426,-0.5032718622008256,-0.09825094632206367,-0.3947829010474552,0.31875754995533295,-0.47161939328152197,-0.24623329164275973,0.2935730701707346,0.02457953090503636
0.13928745661338138,0.7968212963981376,0.6267745553178875,0.5747688675097213,0.32834379961811055,0.4252844525307201,0.8480822376370805,0.9999999999999999,0.71229031730669,0.36347104842822736,0.5632868455164163,0.5562001592080518,0.5232367491102181,0.480316175921949,0.32300679104130614,0.2787338876983085,0.4150230467670103,0.5040981679155334,0.3489905369879498,0.34616327415968184,0.616009324057216,0.1179805762110873,0.1764076349000525,0.03715012956394513,0.2788612265613634,0.4744024434452013,-0.12565439881552248,0.17216180110774446,0.28142115517849525,-0.03657742143907434,0.2239563393383078,0.1351397147695407,0.09561345450503976,0.12324490221061267,-0.07859017954945761,0.38369287831193294,0.11132538257947949,0.20956374332678426,-0.017575779381920256,-0.08893852980220582,-0.07929177537899103,0.014448097673329751,-0.13758407593814664,0.42858522602390114,0.023066464207168576,-0.24654982798873443,-0.16783116439799328,-0.055904225101147495,0.3385229378083221,-0.029230028427487002,-0.0020532948367317037,0.6242632868203932,0.14762332314805712,-0.15940852006826142,0.5144203199342692,0.43798725255817234,0.6709264582580688,0.8273272539061172,-0.06326029334182898,0.0061725541053428154,0.17219890921983433,-0.13135025828483857,-0.1803974267876628,0.058364617556996415,0.17342509092104832,0.10823571817342736,-0.2933016667707702,-0.13693561400055734,-0.35925557310022543,0.42234581359654993,0.016284807506971366,-0.4965400537775749,-0.17966365669509662,-0.32730944937800105,-0.08379081977203283,-0.015666205310014596,0.15585409437765074,-0.1785770736558119,0.09452427237629943,-0.03037201242614739,-0.5404083625829531,-0.3907748205040558,-0.33951657923839396,-0.44120665882041443,-0.3040293137262588,-0.4639658012378415,0.02342540160606027,-0.04863703484746991,0.3160619515082348,-0.511892283474815,-0.303452772624944,-0.4505919432752126,-0.4689930184987583,-0.08132183774295224,-0.41918250414688435,0.40414868406377974,-0.43067168433508113,-0.34289344395011967,0.23697904407926848,-0.13235434750331118
-0.07929722769688367,0.5661333801838896,0.6161848650254252,0.31399820212911667,0.1894014657471116,0.5615833032675609,0.6215770929400142,0.71229031730669,1.0,0.29691332469673937,0.3970749406302792,0.4118012237187722,0.5133101404736922,0.43974117668347373,0.4510920654748203,0.12464120440361953,0.2759613034352147,0.3717743240053365,0.35287586405969,0.41363541320506286,0.45827756848458784,0.12452231664080786,0.27780853602081707,0.04571802431901722,0.2721231368122919,0.427115072891759,-0.06395590351321989,0.08962366996614601,0.5384054249767053,0.19577138451866408,0.009882828819123736,-0.12161575005679104,0.07838837191167941,0.22550029024071683,-0.06254443355544849,0.6409638813656044,0.337360158178669,0.0872433383915729,0.2531040517079927,0.1950518355417887,0.1573887888434227,0.04422276864227086,0.036227583707664546,0.20612757228245124,0.10284215562261488,-0.09928685110129151,0.016559635857411242,-0.19609606079877,0.32485034130778884,-0.0019498707785192651,-0.19164977472572625,0.4529143376227909,0.10786935196893416,-0.22638523472240724,0.529433999711392,0.6552196461227695,0.520409215536816,0.7540405984172618,0.10308810222659598,0.19593604140784712,0.19856278604535882,0.04006885106623227,-0.09666975752881313,0.23348662755267802,0.26995498578671123,0.2895692149763687,-0.186263963017624,0.07654482005904704,-0.09309371726302083,0.4123571836052278,0.07873675194123665,-0.3247794778452627,-0.06956018054245491,-0.13637492477340582,-0.14406951443076602,0.09203471861654165,0.3498132371601846,-0.08495446251755735,-0.22201562177525544,-0.24522545325601952,-0.2246993847395088,-0.21151417161273947,-0.4576381067599434,-0.3091387005677147,-0.23801542123135289,-0.40038371630895364,0.14135129546280223,0.045399332617358644,0.4689686990847565,-0.2857531706974723,-0.08005550127732844,-0.3543614314912286,-0.31594405237745166,-0.15468085538094595,-0.21521095163226459,0.11759827746514216,-0.34400522651300175,-0.3176980539012358,0.19682801206475792,-0.13231670395120113
0.3001371099814447,0.282971724540653,0.23982405516895786,0.28630342159557853,0.08586112087766776,0.34864502158015603,0.46454234114265924,0.36347104842822736,0.29691332469673937,1.0,0.5390714709990274,0.7959142353847461,0.16898361013329785,0.17874324581599726,0.18336106751548975,0.40364680664360464,0.24780539508606303,0.36165596455344023,0.19615411830044918,0.41177127102264194,0.4417323956447108,0.07475157525902118,0.07465696900166542,0.35805434537588354,0.7548970589149873,0.6385061148563306,0.058098003898721516,0.4547474776008409,0.2964791344693565,-0.20515993999192805,0.43459758527272074,0.6155241147299956,0.2592758526306204,0.08539163831049236,0.03210097831552418,0.0286933985329476,-0.02841040030479169,0.4337986436031364,0.03719828324144698,0.23359007184772004,-0.24546394293365295,0.5455739676858754,0.0963303776270003,0.569632752384104,0.2253124912927413,-0.29289620054212123,-0.35061339900498384,-0.036538826184162675,0.35760155829162715,-0.23550027564165465,0.1668259359670981,0.014686989595807713,-0.1893573447496655,-0.1300317161441259,0.25664233389815894,0.1636777905181883,0.053171249070020146,0.054862860662527844,0.48289831222336704,0.3186431601289167,0.5051694673879105,-0.3060702280438233,-0.13248917197257862,-0.18298816327683434,0.09652989612312404,-0.07064162855499298,-0.026565685420987462,-0.2685830786379239,-0.37640706696156034,0.14091200634565026,0.28109701208393556,-0.060598702199731874,-0.13203878101830316,0.1275304111307413,0.30073819716610906,0.5624990930665381,0.30137817262689554,0.14626703671445263,0.13564430790229048,0.3235052434974294,-0.1694127323553238,-0.4585686825084805,-0.15361143151474468,-0.09382829059735154,0.04726006146850332,-0.2178619439674445,-0.07994046024162046,0.24177244098336886,0.05399117041012811,-0.26388282360000337,-0.22153588688170708,0.14566613587448507,-0.07004592527841857,0.393192112508148,0.13311955616203286,0.5268901927836719,-0.22058436954374214,-0.18822422045324189,0.22104863339707623,-0.12556485000665504
0.0612598879623676,0.4278953570113055,0.3309105171750193,0.3982206388692807,0.08619571199840596,0.1412935290668576,0.511109788222498,0.5632868455164163,0.3970749406302792,0.5390714709990274,1.0000000000000002,0.6939361375957924,0.4852368737646932,0.5066234569059254,0.422233805463039,0.15512642597655524,0.3105618428372453,0.2671982844754282,0.17737992084123938,0.1681785559221527,0.3738990475129347,0.1813059381361297,0.1457362043693712,0.18576830229975222,0.29164949630864434,0.655869907037271,0.050517308998669554,0.4081225517557024,0.23663171959297638,-0.030023906072755076,0.32525298979811107,0.3372022756916314,0.07556271153302098,0.08816686880184858,0.10300199416799233,0.15364646086245026,0.12781026776192844,0.23012704834383949,0.0014947162726426924,0.12582614826996072,-0.02619898305505271,0.3229703055751078,0.14770931356851175,0.45284786614145284,0.25032201168013823,-0.1691408414562806,-0.16049970271820865,0.011653757183893625,0.13585747352039973,-0.11425882719924661,-0.02527177780055593,0.18365658617718575,-0.016873378878096288,-0.1780180354755574,0.1778604980964046,0.15176032244097684,0.2977434903382016,0.37687520546378744,0.1261692269772496,0.3271687759757214,0.3916407931679701,-0.10273595912210094,0.004185142205679194,-0.06476341250173402,0.06872849806903374,0.185364923214958,-0.13985373141249366,-0.29779010737041806,-0.42653418694895434,0.1935719089988463,-0.016880517245839718,-0.17857292728451446,-0.23666188266593952,0.06089800284646208,0.026029687445976217,0.21029935037440076,0.14424376387213436,0.07932635551324116,0.10061457749864637,0.2262045677810849,-0.285160978235833,-0.3647537105757559,-0.14369305215186437,-0.1377659230972429,-0.1294273932782096,-0.3129319278493289,0.01027611105850625,0.1679287533188364,0.05477622977840427,-0.29689580234398444,-0.25418134270658416,-0.10937725716092457,-0.1194004544882574,0.029001552433460392,-0.05670536238836093,0.42784496618341294,-0.17485550839110484,-0.2907137265096611,0.08527935139621362,-0.15535562759945853
0.2631841741937096,0.451937442441786,0.4408380144679251,0.2618191255757389,0.04116175975749231,0.31185755695315776,0.6254054812716329,0.5562001592080518,0.4118012237187722,0.7959142353847461,0.6939361375957924,0.9999999999999999,0.5875824814658175,0.36645333786801093,0.17730066502998343,0.4041004149765372,0.5002376039800392,0.4751098411729439,0.3298260466632892,0.4835521874579244,0.42434993542504507,0.22817938310435437,0.14337216339568362,0.36014009564237426,0.5383690236316355,0.787683162754657,0.022573771682837345,0.6007877736189768,0.19238625403423198,-0.24916235792015592,0.35387132590371456,0.37504755350862967,0.13958767494907742,0.21646482197219763,0.08467394056212413,0.16321500142435813,0.009622930957955514,0.2275804076145961,-0.17176166534151122,0.04490709430420414,-0.22295743474531035,0.26721469951851085,-0.014146254771594544,0.44059862936648714,0.1465826000878895,-0.3724879938754774,-0.31434006926753333,0.015153231855625848,0.43211555126749424,-0.2164215404328851,0.12275358306807108,0.15273236871966367,-0.1484258796141635,-0.33713087448694695,0.2776272765977114,0.2434548704753333,0.09192593191182966,0.2314157134191638,0.22186037778969817,0.23809313582595856,0.5879654711530394,-0.09352778418780185,-0.021078915581064735,-0.24489778108753282,0.11206289474547944,-0.05505867634080686,-0.21351951129141883,-0.2527739986734334,-0.5064433195234896,0.19569845365195937,0.1029209002898243,-0.3095282800567573,-0.25873381543487173,-0.06618183969384027,0.21962442560704237,0.41245953130550456,0.29100948398904924,0.11800841891778299,0.06498589835354251,0.11548802474159599,-0.3781454358079652,-0.566100631254378,-0.42184412776614233,-0.36124085390379607,-0.14449352603378404,-0.445711246788587,-0.14148675120398382,0.22150214291336462,0.08241170499057991,-0.454652590938759,-0.37759126628343365,-0.219731413795343,-0.32408501173875015,0.004591781502447155,-0.16142284742387655,0.3821297217383311,-0.4722390349306543,-0.3064766895443742,0.278844048797471,-0.17885123311354814
0.07781833826744672,0.39381940498640405,0.5711975187679014,0.11281657151917716,-0.002764626134373961,0.25871234203327725,0.5499738805082419,0.5232367491102181,0.5133101404736922,0.16898361013329785,0.4852368737646932,0.5875824814658175,1.0,0.5416495881883026,0.19412968266647368,0.1613561377274429,0.5529524463292566,0.4852500978386765,0.43482183400393176,0.4136777576848795,0.3004274354177892,0.3888558490823924,0.3495066575459506,-0.014974779898998317,-0.039052638508311865,0.48280833781247595,-0.01320086290174481,0.41998670085901535,0.11598899266813077,0.06393246776266158,0.15115927698647394,-0.19452707422553986,0.1251844742971395,0.4318099077440227,0.20131325891555665,0.4754572861929062,0.12125249714020601,-0.018627893245464724,-0.09336744155864483,-0.13426816165025168,0.15589722616392904,-0.2009273491094713,-0.01715150528413624,0.034231143372395384,0.16617481790292196,-0.18296682359884817,0.09383762504704553,0.1597743736791368,0.38026111673333696,0.08227485150088826,-0.09130986602641505,0.23876064366948363,-0.12696499396711686,-0.46202442115732545,0.20791123589482896,0.33008489554334186,0.17131012264226142,0.47361904333048627,-0.2904046394782632,0.015487727108539594,0.23294098783465167,0.4027141700887183,0.17274438256663277,-0.040199847327830066,0.0888335262856585,0.01961884245182477,-0.3964632795368199,0.0497233604013206,-0.2888896711049208,0.2898128248515505,-0.19501670949677452,-0.5723128939943065,-0.2704266297790994,-0.43732628519168293,-0.2527377762423736,-0.13662753830580635,0.08486899448078836,-0.025981644896459554,-0.023565643880715772,-0.3032437990212846,-0.4915322954520775,-0.24514098104621734,-0.5250088538059294,-0.4543508389550622,-0.33196062832749446,-0.43890959664948,-0.1108054599720498,0.20630145948006068,0.3504767774034251,-0.44685325206742793,-0.42013869615981836,-0.6319196958219501,-0.6278721551991778,-0.3677505726017028,-0.5315124106129275,0.007505670093000476,-0.5346001645895476,-0.16230052429577133,0.2135968329965733,-0.041046515074493
0.14604452746842886,0.2400148706790089,0.34538511018056034,0.0853878513463545,0.11277561395490912,0.37817165497120286,0.49148915099431784,0.480316175921949,0.43974117668347373,0.17874324581599726,0.5066234569059254,0.36645333786801093,0.5416495881883026,0.9999999999999993,0.3557907667761294,0.032812143553832065,0.5528032203524978,0.3583188642240782,0.6056245019192894,0.34440968653585524,0.5481350637192176,0.21617048112853818,0.4078089880949033,-0.11198978360047081,0.10062960702597488,0.12118194806986371,-0.25613324392562253,0.008273925619659304,0.08488613022037197,0.21086103600446576,0.20372547611854133,0.19703912440567575,0.10971376959632802,0.26430160064404606,0.06758212849577713,0.27312449851653137,-0.1760679153589046,0.38937036333143493,0.25916512691191423,0.2200185546799509,0.25255552793591635,0.059631648237097504,0.06661654914204446,0.20231247043188633,0.1837579303664422,0.06533868852867426,0.1763066763398204,-0.04776946572809762,0.31120330075397445,0.2532538507844199,0.023865019219204843,0.09075496827548789,-0.19685867343668087,-0.3369870583992508,0.27386971964395546,0.3285561750304849,0.32337841441048215,0.46635669760347453,-0.29698919020449727,-0.003921225356381565,-0.04442489950794624,-0.1384314504802767,0.04579349624899475,0.14797183400120278,0.10926968729343503,0.10282253350497939,-0.16589585733747916,-0.011350189536563665,-0.19195505824600814,0.28796787449625166,-0.06891468261210888,-0.3848642570585899,-0.1485602762218119,-0.09295782185495226,-0.28634295970622214,-0.29170484287732484,-0.23786606204901897,-0.09151582074042469,0.0973039725130697,-0.07351510277353454,-0.476921232228012,-0.17527992809475365,-0.18012363341919135,-0.35270085001174495,-0.4757335235901401,-0.14595743251166873,-0.24556956104971767,0.050730913389484995,0.32326863879523965,-0.21655829895418996,-0.3451924019201035,-0.1694254109218256,-0.28413283244141113,0.0773185754053863,-0.30416085029256085,0.06736018446826475,-0.2512038304746511,-0.20943388826557277,0.203140110411638,0.14240332458650928
0.05356504382950559,0.3405234864891451,0.09127852793116216,0.2098174699397486,0.08708949756972327,0.2223416272420641,0.29804455805811964,0.32300679104130614,0.4510920654748203,0.18336106751548975,0.422233805463039,0.17730066502998343,0.19412968266647368,0.3557907667761294,1.0000000000000002,-0.1627192882547439,-0.1317163043346854,-0.019393056907748486,-0.03336089633871836,0.17013167938504292,0.4404281157913636,-0.1566841759152045,0.2474912402403882,-0.09493846917186137,0.33365725788841666,0.3132737372732254,-0.00386081733731291,0.2429195193458156,0.5139692037652224,0.45046472976861746,0.03020825502826497,0.1973146063119865,-0.05539619662325583,-0.12094406558609298,-0.20304850814627332,0.3920768739265119,0.34262935226959396,0.04350303845709421,0.14069689052469075,0.1619436665926673,-0.07244572168923205,0.02896557519133323,-0.06676553081424655,0.253341132824501,0.04339745048889287,0.08694132371288724,-0.11643171287932536,-0.1319707684390051,0.13560118059843104,0.02984825586666614,-0.03955103638160238,0.2718706671874691,0.030417421324744544,-0.10531854527327641,0.2992134633021705,0.20580695047970834,0.2351595641228432,0.3834357607288634,0.16011789717910974,0.3486424596248897,0.20873416551926727,0.001088873931189675,0.09195877442303506,0.40268608405508244,0.2668780391514848,0.8562183871400787,-0.21936828615911189,-0.03060875272169186,-0.24109148076175302,-0.021283301470543876,0.3529330191704274,-0.14129695957965394,0.06010573950914144,0.049721969079463066,0.03239009553880131,0.2609953810564375,0.25183052835565317,0.3324352304294785,-0.1831059813925671,0.22329068992370213,-0.2515388855592741,-0.3463644198070963,-0.3607364068366119,-0.20442247169029898,-0.2915949919383992,-0.4154676248703108,0.1598981200201013,-0.050921653922898345,0.1335171060415835,-0.3900726240199403,-0.14902515364001495,0.05667316614495958,0.02285457501650694,0.04413558667749104,-0.07604509504702946,0.1749881322171698,-0.08820703688593971,-0.4488848944955592,0.05000581121446787,-0.11330687962402007
0.2010158151995778,0.23121833006026332,0.3058223209982985,0.3010870910392489,0.29770358861631013,0.25358745704620467,0.4907148384758339,0.2787338876983085,0.12464120440361953,0.40364680664360464,0.15512642597655524,0.4041004149765372,0.1613561377274429,0.032812143553832065,-0.1627192882547439,1.0000000000000004,0.6087842194872064,0.6434882239046122,0.4728846666915989,0.3919168744123193,0.2831125503549413,0.5839301178485569,0.32529928570191285,0.43304768746917993,0.1632137896916967,0.2854042538640533,0.13560610593743297,0.16297320755428427,0.004970620156083533,-0.33261605684122836,0.03315885985207341,0.12736559385343044,0.4256666951593846,0.6504995426340653,0.5631647720802921,-0.049364652385314636,-0.13129838470677724,0.12259745289451324,0.005389406592999925,0.02347430270786505,-0.04572551283135977,0.0533908804121636,0.18535577652139865,0.08047877168016791,0.13760162188356745,-0.32972805550605544,0.03743080791777538,0.35025681473939163,0.17281359549657463,-0.1508448870554364,0.05581245504817622,-0.003991198613096604,0.04088507053058482,0.03815406681662169,0.17399587447573284,0.13515968605730014,-0.010210662868025976,0.09285945178569781,-0.0895623772363303,-0.14122898853457874,-0.02341795093003513,-0.298948596328256,-0.28968532974402583,-0.31353344643148984,-0.04167319548576722,-0.33206856964030446,0.07075404282117959,-0.2471443754715475,-0.01601443896879052,0.30969086384892863,0.01519603090812979,-0.04896732692182098,-0.18683783395576314,-0.19928124661921023,0.017929016136935705,-0.02841764739481325,0.09490491724361619,-0.25232270452898153,0.12335829852183139,-0.10758445617040814,-0.08969545065006328,-0.05237252284899515,-0.09415916028496722,0.19709198114085122,0.06447351561532626,0.14664730738819948,-0.10421046995599538,-0.053855827233118735,0.10680656065632553,-0.10871436443887725,-0.1483082046764823,-0.20918497950402878,-0.37932092893312075,-0.19451123036863524,-0.17442117176126562,0.07473487293274499,-0.32270648525236145,0.2086747623562343,0.08294998570163843,-0.018090247805208456
0.24957644808635618,0.24406997456043372,0.3554068810450925,0.15165673581775574,0.3258094648470209,0.3703725059642607,0.5837771433304022,0.4150230467670103,0.2759613034352147,0.24780539508606303,0.3105618428372453,0.5002376039800392,0.5529524463292566,0.5528032203524978,-0.1317163043346854,0.6087842194872064,1.0000000000000002,0.6062590444744305,0.7203583802187239,0.46990655210443144,0.4078041958358494,0.724423521544129,0.4731295217694938,0.32735181319444684,0.10921964675316906,0.19219186545083547,-0.18331047736169878,0.12148056782691274,-0.11763176208510986,-0.1428315851859132,0.17270447155915133,0.11746073425867429,0.3110083761266274,0.5974644251137864,0.44504321531284635,0.057289125794926864,-0.27055186569232337,0.26036280151002095,0.03482243168870623,0.060158155428822316,0.1549018465313415,0.020750654134702125,0.17328990134767633,0.12039071017028444,0.26581123012157365,-0.17354883187098152,0.1836268616468213,0.23299251758797337,0.38773932296898556,0.08447151089620931,0.11845564564725487,-0.0823064799932059,-0.18094256435219147,-0.3060065489976115,0.32064031307662916,0.3540389795032303,0.004360964784308748,0.3145401937158862,-0.40868110303448074,-0.2796104269569532,-0.18675538518811322,-0.20949129066883102,-0.1966397134533259,-0.3310253289340744,-0.1899132374491211,-0.33890189940172505,-0.17477422730780964,-0.207132214924182,-0.24852416135899058,0.20541653662001322,-0.14946473910851774,-0.3424703779935941,-0.27844693395877756,-0.3439430430860055,-0.189163134402993,-0.3289048739708113,-0.20532164949112,-0.31462977926999725,0.17496082814906974,-0.18083051920290036,-0.43381978874722865,-0.19623792857678743,-0.2520982918803672,-0.20310592287443197,-0.36464337343674585,-0.09087131135581028,-0.3038713699795197,-0.009187197955888949,0.16642509789756818,-0.25626879951442555,-0.3675714201978216,-0.3801968463659673,-0.5150702121828401,-0.16935597978297548,-0.38254226507488603,-0.0009932731491948859,-0.45805106827157677,-0.0031232586126021897,0.251018263577703,0.1260094655481433
0.1946525428440669,0.24666125077663142,0.5133261084062078,0.21612758918781483,0.11454614284035722,0.4268098668788338,0.5992127237316736,0.5040981679155334,0.3717743240053365,0.36165596455344023,0.2671982844754282,0.4751098411729439,0.4852500978386765,0.3583188642240782,-0.019393056907748486,0.6434882239046122,0.6062590444744305,0.9999999999999998,0.7170799856348486,0.6411067377984292,0.5346164938968336,0.42630349037140053,0.5028017410874325,0.1229168548349041,0.14584254171568864,0.3642210715472205,0.1997406565656486,0.2705084452264632,0.2132586682979076,-0.1900628194723325,0.0618971341498636,-0.0487740102898565,0.322558153605837,0.7367078967589425,0.34895659344891256,0.2840308176502772,-0.17874241872503566,0.12463788607754668,-0.004067225170799598,-0.07067639129697399,0.056839704724676206,-0.016967164468790444,0.014814862502207775,0.1743350665345582,0.13740242036531575,-0.3249721002827497,0.004630999219491654,0.3196693686954171,0.47394649148197865,-0.003214601462889793,-0.016872429118641025,0.15617031079061888,0.05220270540303898,-0.23267634692795375,0.25801117832297144,0.29610365854899284,0.3150144275242136,0.32115525428023717,-0.10555900505504613,0.02832316452231426,0.07334402004393047,-0.05557001830103103,-0.07799821148718906,-0.04291649845056739,0.21276729282366214,-0.2396318049263329,-0.04337575641239095,0.009225316801203616,0.031450941297530996,0.6797615721849442,0.14893267630376028,-0.35902230437857463,0.028007233727392923,-0.351288811931138,-0.178419039615,-0.05143844924003355,0.18531163913820767,-0.15973980977732918,0.03898611560087722,-0.2776299634340248,-0.27087249651791767,-0.13573281138561796,-0.23995157649401092,-0.14491208680765233,0.06783014837791945,-0.06079268552520532,-0.1619490382966578,0.19783871763410896,0.45251899198598994,-0.22059148342804782,-0.2782707712722828,-0.47648098078184825,-0.5370716051811485,-0.11675206376024425,-0.3389136106716165,0.1286398288974586,-0.554657540086103,0.11447867593237447,0.37331124380591735,0.023225933221398157
0.04282991205210982,0.07647275445216534,0.42920137243566747,0.04240554003314347,0.09046635487712792,0.38290965445800307,0.49070634501180843,0.3489905369879498,0.35287586405969,0.19615411830044918,0.17737992084123938,0.3298260466632892,0.43482183400393176,0.6056245019192894,-0.03336089633871836,0.4728846666915989,0.7203583802187239,0.7170799856348486,0.9999999999999999,0.4305612599525487,0.4654994118368373,0.48929020655890465,0.49271544236533954,0.10542024136978884,0.01525622993246752,0.08851371472133156,-0.0027833323125581616,-0.02652793348177995,0.057126597305951925,-0.07214198233697994,0.16517689278491904,0.024199374957056482,0.21460694618146473,0.6615977350254769,0.32037096211281657,0.19280236468948042,-0.24836538470338823,0.29078397347688295,0.25411105360444114,0.1668447224917904,0.2671823766286113,-0.03903933099105511,0.17907667759884807,0.1408546111432952,0.1811365438534468,-0.011061521393121115,0.23014029203972147,0.09996567985194614,0.3098838592998653,0.07476603295581565,-0.06804776818852949,-0.03823919763603118,-0.06550497616066782,-0.2807213516252663,0.14240287017673856,0.3241284108881464,0.16026905208970615,0.2704471931091893,-0.2813683262142644,-0.10058198723772478,-0.17395976727114854,-0.21606646411968028,-0.19303278932662063,0.037315878834823256,0.11688947364869662,-0.27189651213524146,-0.1686960582918392,0.0716877368535203,0.03389112583622092,0.5490513240228236,-0.0667686740689618,-0.34182994193919364,-0.11895980749634756,-0.28743337413012426,-0.31366546059447636,-0.31431260566337593,-0.10327200125662615,-0.3270021155118018,0.1139952547742769,-0.22970030687874454,-0.2858844815533925,-0.06770895809618756,-0.22418494504102313,-0.16730770173781975,-0.22903484002064076,-0.0875181629300488,-0.25922999347047376,-0.050342595287984605,0.3040511561266957,-0.16122477084068249,-0.1474499666470883,-0.35402799288320624,-0.4487169210387708,-0.11864076981990865,-0.35568422378280273,0.001816028550282899,-0.3178456397670488,0.02484853110297785,0.1383755473947734,0.05372046908051221
