0,1,2,3,4,5,6,7,8,9,10,11,12,13,14,15,16,17,18,19,20,21,22,23,24,25,26,27,28,29,30,31,32,33,34,35,36,37,38,39,40,41,42,43,44,45,46,47,48,49,50,51,52,53,54,55,56,57,58,59,60,61,62,63,64,65,66,67,68,69,70,71,72,73,74,75,76,77,78,79,80,81,82,83,84,85,86,87,88,89,90,91,92,93,94,95,96,97,98,99
0.9999999999999998,0.420802044433124,0.34501001753055704,-0.026838693404199546,0.13736381935359054,0.33527579210225383,0.3812580728835293,0.2417995542313633,0.21454678468977725,-0.037386882749053864,-0.5770624469012062,-0.07434672209539077,-0.07012355075477399,-0.16352723561235188,-0.2187723192839871,0.39118971883926296,-0.16866230747922398,0.23345532506114786,-0.07594880618459683,-0.11011182544049501,-0.1742481419021104,-0.21611990394926597,-0.013110290698480883,-0.04857522949238414,0.1390966209704226,-0.28815781143062047,-0.057636415622612736,-0.15351400342663846,-0.10630339288092502,-0.06813089522653423,-0.03300050745696161,0.443514936111286,-0.00815470366553708,0.048391205237153415,-0.006061104110397228,0.16518216440642028,-0.03552788933215412,0.2900675232360482,0.2719338775894153,0.3778457181388211,0.1519019624334801,0.11234001498542288,0.2792721270931028,0.08132427147857453,-0.14229889384979305,0.043014752284491836,0.11814923528711399,-0.034082708812520415,0.2492154215227616,-0.012527656638297377,0.3852756019739661,0.41510789912250334,0.23514424097328698,0.13682139834390633,0.3747026085551754,0.2105254240463042,0.4589127702106212,0.29426478736447537,0.12123759055218292,-0.03481460869173932,0.08752814652920655,0.08188912964203447,0.05695757647187611,-0.028255371756796162,-0.17347030065186653,-0.2597777956698277,0.22870687874389847,0.04160629316667802,0.00021149805806283765,0.28894053474713927,-0.21393327241160734,0.0911772563353218,0.06942533895786748,0.3168182704880232,-0.22810064443999725,0.06370784147138495,-0.1583153919541479,-0.17300018300892303,-0.0009284223713365642,0.35501243088630696,0.05626980081043645,0.23821481900968897,0.2884515065444055,0.14049280274825704,0.23620352794934815,-0.008120408481637961,0.07854863249105135,0.016831893739519075,0.20875858535548109,0.383383572873951,0.019099040843323298,0.2147725919686942,-0.023849837378528242,0.3165836475964163,0.2789228954577923,0.20213359870283237,0.14825847336298822,0.06633183756489983,0.3950493340887637,0.0765893249251971
0.420802044433124,1.0000000000000004,0.581131899401989,0.395294014994048,0.6212797356799625,0.6175959354578393,0.7036831111005002,0.6434975830842925,0.5574992132617655,-0.1976944113969568,-0.12691978523275738,0.051951100223433994,0.3390076160485474,0.2930230264669897,0.29715191807820174,0.6814307886361248,0.3335074363883685,0.5992005421221951,0.44617418796993485,0.24091914041504658,0.3648796555693989,0.09196980013554447,0.2935399596760384,0.2404820202381471,-0.41664992960609626,0.053326158846734105,0.10050880515863311,0.1537606084889182,0.38969706092021605,0.24836570136063876,-0.2402598174809536,-0.14213175658443647,0.047792894884554564,0.41700017187410365,0.13872965245196395,0.42601847700827616,0.12680033319461462,0.09709589149741799,0.2436640564908654,0.4361258425882309,0.2117905832785397,-0.19397915756077017,0.10254712478391453,-0.08773961349329419,0.07141206591038055,0.04557426939244752,0.11908505480362287,-0.010341681152615403,0.3853401941542979,0.043144140104164855,0.28265613593638517,0.7377500101142408,0.6214012990914767,0.4868440675146743,0.8416709607205788,0.6430262559778126,0.6696964716463688,0.6788350970128707,-0.2859638406632237,-0.035367453451350894,-0.01558436024653666,0.49324064810112345,0.4600918973273693,0.3571261799661789,0.29030919860736637,0.295326736705496,0.5343602986631018,0.45044519964051755,0.4419664097832933,0.6059188317414026,0.40719008794354505,0.4234219146964141,0.4174649340807865,0.3366041357396874,-0.04807601996939353,0.0295455451288684,0.39645855271646413,0.1994498487191782,0.05502509403277859,-0.04202424299431428,0.2904515425315175,0.33789093037953144,0.17636949506713614,0.25449405606787595,0.23155427666598521,0.2099777137710663,0.25864608806238865,0.22345195654601935,0.35264109527350007,0.4716035776012759,0.025596753432399436,-0.13062453116592782,0.26119704143947753,0.03469156457851246,0.29120963102043995,-0.002491676336095987,0.24798107130283797,0.12132067694751152,0.5632137168198069,0.08146262952161248
0.34501001753055704,0.581131899401989,1.0000000000000004,0.052419158523692694,0.18625264288906268,0.6862960680310829,0.4929330033219724,0.5343325026900496,0.3334184742418126,-0.2312437200105862,-0.04549838660744484,0.13909974584811377,0.23693275683314446,0.08598231546437009,0.0022834427705426203,0.38886020779890557,0.3099794624534188,0.6019671605868803,0.4268497037358918,0.07194039248756835,0.14145942865886313,0.09587349827114298,0.3805377988218739,0.3685286517718139,-0.2276734739829987,0.1732449001143688,0.10088421943037534,0.15378431232373535,0.3066939376472019,0.20055950783597393,-0.24776814427257388,-0.19582268566045807,-0.3243354124697087,0.47690725775420284,0.27350903487307565,0.21721644907528098,0.0004455407298969051,-0.2104529436299564,-0.0820161980508279,0.2766957810464056,0.11607615218168235,-0.0039850813816943624,0.22807832822942967,-0.05702590619429514,-0.1990796388795172,-0.011584484308667686,0.17807717246270555,-0.03772210027514775,0.39642852329065237,-0.11925726735206009,0.038984593790486854,0.7760878884163297,0.21777411719168227,0.07937517714535698,0.6478631563782321,0.7396875120820477,0.6395797141813889,0.47742417084644384,-0.3366374152144698,0.04688618613634631,0.2676250688510034,0.48282736873851956,0.4382660467720883,0.1790207368035587,0.1419041644635893,0.045580104320867454,0.2706988881919177,0.5433156343278248,0.5563045911431485,0.5959274893795129,0.23712703035097668,0.3781455013034009,0.4008701865510565,0.4108473140754545,0.2062761821545212,0.2582972409834237,0.29939087396452124,0.11265968229156888,-0.22446651311420363,-0.2805895128954528,0.42107135176576627,0.12067569194348539,0.0038963719129758287,0.2625122841026755,0.26740052679246185,0.12247367472580688,0.07963002327209849,0.16636921088289014,0.24382680979843155,0.4317615993458291,-0.35731857446469406,-0.11869807647987815,-0.10595955973564516,0.07706961121932972,0.24428734295565624,-0.037110491805453526,0.04271195294581422,-0.04601971484563917,0.4751480068337041,-0.02729520178276185
-0.026838693404199546,0.395294014994048,0.052419158523692694,1.0000000000000002,0.665434165634674,0.20327282777229888,0.43500871346558473,0.4912972323242168,0.29925431031567273,-0.12353643932777955,0.06791178064197455,-0.10747665600716015,0.44288228908963945,0.40652372464248776,0.3720770116989448,0.42880776682970323,0.20929104208810306,0.13153740111749537,0.3237058565501698,0.41511550570390143,0.34343608116183394,0.18050254541529945,0.23466587378152667,-0.05822314652361629,-0.4356038278063121,-0.07733946591447212,0.2778122449567938,0.13719599537904184,0.41405149487265974,0.24131662348080377,-0.13777802586556684,-0.2137207216441868,0.3301230281230051,0.13820934480015765,0.02781119380060203,0.2741877289532295,0.3021622432948638,0.27679638785081434,0.39125798958301605,0.27858893604285334,0.36428934500319055,-0.2850347622368011,-0.060731130076412364,-0.045908963900407496,0.45324446978889166,0.24676754411270227,0.1996324511397788,0.3183262273223336,0.263427826281651,0.38469617500722264,-0.027975303390170802,0.16606760067436854,0.20597126596187543,0.6655918202187473,0.26907033798476915,0.2812257271399296,0.21752022523315856,0.4397320464137169,-0.2965105171371046,-0.09482684680750722,-0.09689918685472279,0.3069925517555533,0.23810061910377195,0.3521411652930184,0.24435287981860934,0.3325566136978302,0.386541029623329,0.16643634485172443,0.06996959430763189,0.17830180932368475,0.2904738666472747,0.11235996006501497,0.17881206045853376,0.05645776429510035,-0.04963274552854986,-0.32652488358120474,0.3069360887993782,0.1961420227888483,0.27002780096604484,-0.17483611057788792,0.009554388355771052,0.2478336691020113,0.21941116899543123,0.023272889407696225,0.08694468022473621,0.20235187399476715,0.3134486629321104,0.09889702825425255,0.253220324036297,0.08429431062710488,0.08210995284849061,-0.33363174251615246,0.3022109611308352,-0.18845004650671476,-0.0010702439387523025,-0.0015159045625647827,0.3028045183521666,0.29830678764499624,0.2812661495203255,0.2949912426795524
0.13736381935359054,0.6212797356799625,0.18625264288906268,0.665434165634674,0.9999999999999996,0.40398569053455,0.5722828537967578,0.516472832185689,0.5527138789640739,-0.021568187503240452,0.14117673727180904,0.11239166752071655,0.3827977177170506,0.550033765838582,0.46725342903530737,0.4330634443404813,0.23693324410555552,0.26064016745294644,0.3213653912841273,0.4885908462937781,0.4069776832855148,0.01667689306754206,0.17532294585804062,0.15646022456075626,-0.3685261916527233,0.016047557917760486,0.35456670527278245,0.1336983393235437,0.5180382148221239,0.14524028233135203,-0.1374706229943986,-0.2816666473201624,0.15931302533475106,0.10856659645708408,0.028330290028234135,0.5216882458112485,0.4086963377165429,0.24471418688586546,0.32109622281021516,0.45708243483978306,0.3530137610358138,-0.200115931502699,-0.05902592218203162,-0.00672592582285949,0.3753865757246603,0.2633765935069153,0.29422033792199576,0.3211576313759656,0.4340354234370692,0.43767193702016327,0.22569103683765748,0.4030836467236674,0.5531172856581824,0.692920947990508,0.6354874933759416,0.5063800412794928,0.3634473695802383,0.5775726261455255,-0.08701488414864768,-0.07996750077260026,-0.08223529083422464,0.35220891353019196,0.30893474013342886,0.3498327478759621,0.35597877800418587,0.39051137518001183,0.6575121749459117,0.2654103700372645,0.16514596475013443,0.2552490710085089,0.3990761348526468,0.31860830465555406,0.28275483345460845,0.23713668276910893,0.017677322753519308,-0.2158211038262731,0.5141161814147704,0.18801155995860147,0.26394488851318365,-0.029894696419016067,0.16204472590353086,0.4087128147070126,0.22599560373388825,0.019711052417735922,0.17232662583149705,0.26146806904226033,0.5328162128687856,0.2424156888108434,0.5683626228438802,0.3963210119879331,0.3527546030227964,-0.053539289405203756,0.5300227434383832,0.028438568481354124,0.18580394852251764,0.10682087290256208,0.4319007241271155,0.42043031891984606,0.4994639083894647,0.479244298040993
0.33527579210225383,0.6175959354578393,0.6862960680310829,0.20327282777229888,0.40398569053455,1.0000000000000002,0.5845828777170425,0.602199044025506,0.6270883220767346,-0.08166528714095979,-0.048832019314318735,0.22061067842242135,0.2759262550718908,0.11727072239184691,0.0038898124825935444,0.378286408961244,0.22321318771608512,0.5108728513205494,0.30948754441250137,0.14684976891242082,0.10167706385226478,-0.0642587906513442,0.2720256548545011,0.24003760926269543,-0.12694325401945364,0.1282244963250817,0.21601121693076997,0.1918376878111206,0.3015951792790141,0.09345996392726492,0.057604804507542816,0.013282261817532483,-0.1513045900789874,0.2969213251686271,0.18068044875466163,0.4258054349698533,0.15026704589475567,0.04849548147954336,0.09298131700661909,0.32585542548272467,0.21668372244865716,0.12040906447362966,0.2800388819193989,0.11606751173025234,-0.026978989872132306,0.09804032306560827,0.1527315703997051,0.03477202655580771,0.6520574264534493,0.14187943758905908,0.18288072525911545,0.6902097793203352,0.27549927150207726,0.13284243472346557,0.7930130673104483,0.7716013061452905,0.6084792302498622,0.6429050864600698,-0.13828842447817288,0.20916623568427128,0.11650836621989266,0.39527584909999436,0.293186865915059,0.21386919570671173,0.04357598616563879,-0.04710882396503184,0.3614151119177479,0.3597131248795328,0.30041086722272575,0.43918292420715577,0.18052161522066776,0.3297075988076012,0.2867155378039272,0.31835603608021207,-0.10303485072138042,0.15300915147229954,0.23671477374263122,0.10076424443084404,-0.05755348495134811,0.023245253994219242,0.27080631393615345,0.21115819751088136,0.21060925744832737,0.20746783599608812,0.3631922402920611,0.10544853175512504,0.2355903079482903,0.28711124766349033,0.41675974111438036,0.49501601651069543,-0.04034027415761544,0.12790562928946697,0.13628005527020437,0.32650639346634225,0.3476266453543787,0.19368711084452855,0.1927230683652553,0.10599217798135341,0.6728113565308863,0.23230866567261088
0.3812580728835293,0.7036831111005002,0.4929330033219724,0.43500871346558473,0.5722828537967578,0.5845828777170425,0.9999999999999996,0.7705878742625691,0.553759946325968,-0.2798699191616548,-0.2362784689415537,-0.0688553551752189,0.29871646071023444,0.3482838725242973,0.3002820215224952,0.7262589423104052,0.3563621132491445,0.6443450870261163,0.32677365850485857,0.4489446484928792,0.407393987324988,0.08297412108604808,0.35188980249595153,0.405863318305231,-0.39619248503249005,0.09745273277376727,0.451441367708839,0.31449418700403864,0.5461576654629161,0.18776925384941828,-0.0809113673443568,-0.21355150241998752,0.12811449290275154,0.3553224355409452,0.2055540506300069,0.41949195466084943,0.1833977683106619,0.11609161997160294,0.22867596822608086,0.7507595794850205,0.3225348375089516,-0.23056075507037205,0.21550168752911433,0.12369849764762948,0.14814067665069308,0.22566098854891242,0.17553272156696886,0.1868918795147221,0.4484944045068812,0.17849351164907437,0.4132850370086229,0.635846230095593,0.5544031763760804,0.3870724356568618,0.6563004475736863,0.5382375892834086,0.7087542409911597,0.715340379195907,-0.3225468114654204,-0.13153910514889805,-0.03124038155536098,0.46058023681955557,0.46754327814553326,0.222395549767512,0.25248880248036953,0.2255866090902343,0.6856691841498458,0.40362535897699997,0.3161960036777303,0.609577894536042,0.38218615738154715,0.4388219947544063,0.3740733792174203,0.48255636735362795,0.06275827294721231,-0.04706022601958171,0.5243592231643476,0.2626412506482448,0.047398491170414545,-0.010241092881510773,0.35742512252013436,0.3382351316868662,0.2411177083076527,0.32537261758166314,0.4522101476718005,0.237108608828872,0.3097451955625159,0.36359059251351666,0.47985113153306863,0.57625976549671,0.06844021508364345,-0.11183125626578735,0.2337380931785207,0.07539921027423863,0.27775182398122533,0.17969621934427174,0.3782955201846067,0.25740064742137514,0.6074770941893533,0.1974233360473541
0.2417995542313633,0.6434975830842925,0.5343325026900496,0.4912972323242168,0.516472832185689,0.602199044025506,0.7705878742625691,0.9999999999999998,0.6972666011443142,-0.3810617369625175,-0.1422589004600174,-0.012935477178862767,0.36577126780778935,0.21604194088929615,0.22327832933681382,0.542547831657092,0.2831799775665107,0.6854945377021179,0.3817345631796512,0.364077037680428,0.2551913969238346,0.18591296357785303,0.31344692138895197,0.2318227635836153,-0.5117342125027029,0.19798171548849294,0.31456917671518936,0.2432503397852536,0.44963645395294305,0.22079434019091743,-0.3218514861251454,-0.3247996413444036,-0.14316317119891342,0.42653225986990534,0.24198304920067054,0.47975267637360175,0.23926599546220598,-0.16258068830317843,0.07374126937798436,0.4653033461011007,0.34287538207402934,-0.2777164083822878,0.11344049074222479,-0.07908095468398803,0.21951981510161955,0.06359577687970369,0.19544631064333048,0.11628876527177516,0.47498734642126994,0.12748280132859532,0.13215924985101962,0.588680893275468,0.3174881613249191,0.3378059797239927,0.605650617479853,0.6531204303294895,0.7027437695002363,0.8844016069917779,-0.3887638003778807,-0.09273253277254691,-0.014640273916324728,0.5132944031913331,0.4456545719323733,0.27145386764888463,0.2556270800730795,0.21498682804100958,0.4656342470824447,0.35088271363265583,0.3758679882452096,0.6516547282109195,0.3488293638202691,0.3676266340143534,0.3554552550168374,0.2439773213702853,0.058127615703061214,-0.05328651346288187,0.42462491792556417,0.2264076450887307,-0.056417926329237825,-0.2159290770607995,0.3226142915857092,0.3301943364546642,0.36494108283215976,0.2732606588218571,0.2913945807856202,0.26547596600326173,0.30102059349717003,0.27211830568004913,0.4337115329595543,0.41504946044096247,-0.0327410801833953,-0.21249614819610005,0.10621801955891634,0.048250734236112695,0.26543736208305324,-0.02108095546413784,0.23821956235911385,0.21687567047446457,0.6175540126721814,0.16562246981455087
0.21454678468977725,0.5574992132617655,0.3334184742418126,0.29925431031567273,0.5527138789640739,0.6270883220767346,0.553759946325968,0.6972666011443142,1.0,-0.061153396144117265,-0.04205868253425299,0.09136681228243768,0.2490553746351768,0.17123279418667822,0.15620032148632398,0.349065031625514,0.06427286673748972,0.418837321921052,0.19671839972046087,0.21604552189902648,0.18384993189102875,-0.1468015526562025,-0.028872072324738183,0.08881756584014959,-0.26332301966173777,0.1890720447203533,0.21246852378705447,0.2716267006216611,0.284214085426344,0.1012508633400679,-0.07918441212016676,-0.14047996514270422,-0.16766445665974866,0.05883296859054375,-0.07461869797197117,0.5691345765093939,0.17320702437041915,0.03059939017711427,0.12043401134928801,0.3515427840718419,0.11899455943120688,-0.14995536224426342,0.07346780088574287,0.11068058812939534,0.16295697343190776,0.09971302539505668,0.0340613740115834,-0.08181602590528776,0.4271676086759647,0.14752134324319205,0.2532938366477964,0.5640347832686325,0.3132456340502075,0.3003959374365393,0.6882434604823274,0.560747287481393,0.5545215124337909,0.8455329098668495,-0.08751749259573739,0.13280534404924027,0.04972073035385275,0.3063309519397188,0.2650474045820262,0.13348259738307514,0.17559825030437148,0.055914442875623104,0.3750201682687662,0.1076166142008291,0.06761582446761683,0.3836092125711501,0.27123145794073156,0.21317838032325773,0.06967609196520803,0.202406518728292,-0.025264677125229038,0.026444733753225473,0.3270045877624184,0.1893625626257785,-0.040561316925508274,-0.024507641817967968,0.13969362685451547,0.192925910718843,0.2854566467042158,0.101161335774728,0.40171712277155425,0.05710300059640442,0.23898671324259768,0.385697093030524,0.4652019411272815,0.46297736891085134,0.09848998244773387,0.020677141526842916,0.30190512974326217,0.2049975687914699,0.3712427358656493,0.20721770683456,0.28838100837770336,0.062222964159052235,0.5186686422278454,0.2366032444964533
-0.037386882749053864,-0.1976944113969568,-0.2312437200105862,-0.12353643932777955,-0.021568187503240452,-0.08166528714095979,-0.2798699191616548,-0.3810617369625175,-0.061153396144117265,1.0,0.4424178396410324,0.5475176008067548,0.07594867023111747,-0.0691760167270971,-0.012773733842037106,-0.11031882496811306,-0.008979388438419708,-0.31885005997065613,-0.1827729141597591,-0.25881545367365383,-0.14039728704897148,-0.004927446632068129,-0.2232060490718981,-0.0377178019835421,0.6396537887339423,0.08022163655638367,-0.04666742054851572,0.16635708425109538,-0.15419923944002767,-0.09082132520646777,0.45450804429903663,0.32388167938983314,0.17332696087300825,-0.24511863154644686,-0.09692318382771659,-0.09063712604905058,0.06308712437712405,0.2346737556832821,0.17681843108642029,-0.02945736339748051,-0.33852493336037204,0.5326787920615552,0.13087916738664487,0.2636168875752462,-0.07783034595461073,-0.05790027935505964,-0.2562038610521259,-0.18388416808034402,-0.10779403274135567,-0.03534943155616763,-0.17214572627771288,-0.17083853397046542,-0.1654319653303053,-0.31043871297537157,-0.07532991685349028,-0.28281270488194016,-0.20556264849418607,-0.33813177128779903,0.5550493153658944,0.5612033691856084,0.3438571431347776,-0.09926818022665972,-0.029897340867711276,-0.08022964483857341,-0.13456876467223128,-0.12175035673491622,-0.2586003476139451,-0.09692284426642093,-0.1459314232991894,-0.40064886169681246,-0.20575856540349902,-0.0028341917971730327,-0.19388455017934544,0.13643207264236334,0.13595916099012306,0.4471272718888571,-0.06196895483003763,0.06934034303287286,-0.0818312527668426,0.050697317717068244,-0.008132713156168255,-0.41051516203550253,-0.2099071160099723,-0.05607107840058867,0.0697329780562683,-0.22220867472218161,0.019724920047335198,0.22562444684244118,-0.1121561876347063,-0.09154273668824954,-0.05283609513350918,0.4124066252139043,0.11981013703833589,0.37028682656474726,0.0499430750774011,0.26709085909137303,-0.1659507697970646,-0.2561199662177015,-0.26941755435603304,-0.019966353096042503
-0.5770624469012062,-0.12691978523275738,-0.04549838660744484,0.06791178064197455,0.14117673727180904,-0.048832019314318735,-0.2362784689415537,-0.1422589004600174,-0.04205868253425299,0.4424178396410324,1.0,0.46406721811969165,0.2154427021717355,0.22448986902407797,0.21060546609731215,-0.26454007034142923,0.1587615218022141,-0.12089657968543849,0.15795564911524812,-0.03679907515424087,0.1415577469951222,0.12035870715334133,-0.12299304611535633,0.11551105572250286,0.14721812635084575,0.3387997234980095,0.07357143302189342,0.12803869791021602,0.183491794163272,-0.08581765355869118,0.12050608027144792,-0.22636362809967592,-0.06964056332875641,-0.061986487627754466,0.05512861435901857,0.008259102797329963,0.19231972791683624,-0.1667975264114288,-0.14008410160199747,-0.24225336974807374,-0.15231795668288511,0.20226046039326326,-0.14000354266359694,0.05337461616326389,0.06640851516193454,-0.0899446206919812,-0.12064923380491561,-0.08074638361221728,-0.06416119935610372,0.06392522625668307,-0.2692572468936604,-0.09712948710254164,-0.10652441582457897,-0.06705613346748401,0.00742006142315267,0.06164561740603977,-0.19365122696834075,-0.18443872409437484,0.1702952483935217,0.3303655457186794,0.10417365947355449,0.1134642388513339,0.046406295170792415,0.06348029597705562,0.1017137848073928,0.14156822255954543,-0.11115389357293957,0.07354102967455049,0.09796074478952334,-0.18091984032373779,0.1513997825924585,-0.005625328488967048,-0.10210985858463893,-0.13007662060833566,0.22430109104926776,0.18234995498899717,0.2682374239358974,0.048010992386960716,0.07978045453779602,-0.30736895862941116,0.05449633371127277,-0.2116796390371058,-0.2832123310180973,-0.24689504918574798,-0.09323176619224562,-0.19794630167423552,0.1351922496866037,0.04999131710551032,-0.033413959564697816,-0.14320985543778275,0.03779577023741205,0.09005905470600457,0.06205044758179771,0.05744031430484688,-0.20698618771826868,-0.017364445798568027,-0.1646850902461763,-0.19100450697088528,-0.22014333184630042,0.09221623647670507
-0.07434672209539077,0.051951100223433994,0.13909974584811377,-0.10747665600716015,0.11239166752071655,0.22061067842242135,-0.0688553551752189,-0.012935477178862767,0.09136681228243768,0.5475176008067548,0.46406721811969165,1.0,0.33234014240347215,0.16118371716090102,0.1949491625690816,-0.07049539367646795,0.30280977592716896,0.21412317431936545,0.174260225948708,0.028209668016382587,0.10931444826647232,0.16591075810084674,0.0866237823268868,0.3146935842808105,0.22131062568594234,0.42922827996074264,0.08312890754585998,0.23232387433974042,0.06520752450898948,-0.02638647313994543,0.17032715308770044,-0.13365474457336776,0.044708547726166024,0.17720487280268318,0.1491026614447872,0.2918860950182074,0.21843733714993294,-0.1665063098843848,-0.022674394076212342,-0.06532676544808258,-0.058777605376151044,0.5529771549264886,0.23304033195519144,0.23793698338351926,0.024719359258715202,-0.14409657863842562,-0.04231042571330116,-0.09865815226380331,0.16777960851647658,0.017053760588167422,-0.2547545267322877,0.0491186544584666,-0.05042095743050595,-0.2419961990771294,0.20313564695457823,0.23666231541910748,0.0042199284947655,-0.05800617092721646,0.09357797475137987,0.4656502394320067,0.385370478349583,0.32220933702756394,0.3278524125070906,0.21181892239287822,0.17262505248806495,0.10442196119416768,-0.16050617195452332,0.2239014544437522,0.22922284838842324,0.023031905063694486,0.15705767431068682,0.2643739874715404,0.16008723819510237,0.1742044084622587,0.1754076309213185,0.42278455879219445,0.12120710496838678,0.2393202842556557,-0.09683470822159491,-0.1445433359336894,0.24446269576983856,-0.13952887247188536,-0.09017889445167726,0.11017284306618237,0.027121533679594047,0.08026129080708362,0.1635438818832403,0.3275135319080317,0.15416646105625093,0.08377558421407512,-0.006641529210216834,0.0371252948484966,-0.08567794996881803,0.3217606561648938,0.14405512757261926,0.15266360596342304,-0.1699901656028227,-0.13709292159042966,0.08455268964870039,0.029177915945111044
-0.07012355075477399,0.3390076160485474,0.23693275683314446,0.44288228908963945,0.3827977177170506,0.2759262550718908,0.29871646071023444,0.36577126780778935,0.2490553746351768,0.07594867023111747,0.2154427021717355,0.33234014240347215,0.9999999999999998,0.44079820150432564,0.5402555449805836,0.26367642398618185,0.4620792883711613,0.27325273633667263,0.44457785930015314,0.3545323405526785,0.44684201082887404,0.39494947982994305,0.4649524356198125,0.1762770540373377,-0.4221434278031891,0.21141856017536748,0.42438010491518524,0.4702338780556095,0.5452443524855642,0.41435878403605686,-0.20547111017918032,-0.3688716283853562,0.2965901281226663,0.35311175417368734,0.2722619199498971,0.31234100296731915,0.5080217886387258,0.15241191586954636,0.4025942115793203,0.23159412772193824,0.36184322341080943,-0.0909047663224108,0.2615330746276665,0.2633563790100371,0.47494715244711083,0.3545532812548765,0.268139653827859,0.3621350243139124,0.33129119061800094,0.29714832792407886,-0.37552506964870425,0.0969035477565183,-0.021792996220784393,0.14971504516143572,0.2326058984159402,0.3090036837717839,0.11743955769674858,0.24279908609505468,-0.3484804114648419,0.06867706050028799,0.33771436460809956,0.8268258778153645,0.6824632074210332,0.5993167510948681,0.4857856804848987,0.5724121848394154,0.2502007287336516,0.37720230504777674,0.21658252433764597,0.1697851127864976,0.3980470329919813,0.41056469936484624,0.3996744924463741,0.11807310165890572,0.2574561073395846,-0.04534268011735475,0.3966318991235219,0.45138768190530926,-0.0704660726352512,-0.26598991573927366,0.15754690228804658,0.1455534950932924,0.14865559243050971,0.3498829232931598,0.2918399318668077,0.4465486223714995,0.4614700430593894,0.4245263857124887,0.24274034273931805,0.04602618397938575,-0.12379676522429675,-0.4550202355212855,0.2426105891169378,-0.14502949695527267,0.03331682552440071,0.16899888850351683,0.3267015105595591,0.30826084701957013,0.2421387204994675,0.2624116646436095
-0.16352723561235188,0.2930230264669897,0.08598231546437009,0.40652372464248776,0.550033765838582,0.11727072239184691,0.3482838725242973,0.21604194088929615,0.17123279418667822,-0.0691760167270971,0.22448986902407797,0.16118371716090102,0.44079820150432564,1.0,0.7776951900148693,0.245964201413545,0.5293727818090249,0.32763462344953703,0.5790657605938287,0.5401308407932521,0.7803646588216988,0.20225827798714446,0.41054715198698977,0.442712729782488,-0.4193973525994295,0.21303930334788673,0.45355224730987265,0.37100766189951645,0.46645003510765987,0.45522845068233625,-0.09392354859769869,-0.28549720340843904,0.24920924046904325,0.2729719907388666,-0.003749453777663358,0.3685151763464973,0.27390909132024954,0.26297167021265383,0.22241971414682696,0.34348797417031823,0.2440736058906242,-0.2993961202240573,-0.060013047743770025,0.08166932783422683,0.23186490192695872,0.31100773413381866,0.2059401998989709,0.28333811623009075,0.13565528146200176,0.28000469707816356,0.14766051357637922,0.1473151633175993,0.3234112023236031,0.411817707203897,0.3153982429825543,0.22353556185147685,0.10579620086770888,0.2330106523191306,-0.2982795307598576,-0.2601681832052019,-0.08892392485664638,0.45406131759271484,0.5132345693638325,0.6253107612709793,0.7022269725502127,0.7345061144099044,0.46403637600433356,0.5550846664738017,0.3215983356128886,0.21471495580791258,0.7420125107393841,0.4430734385613401,0.4234645562708441,0.1963952653969789,0.2628734242793855,-0.21068357197900683,0.494126600792719,0.5499064726972611,0.16236220620641525,0.10039855927543564,0.24619838346408876,0.1486833173641614,-0.022440234760501918,0.07821585565797971,0.2593714036149005,0.38990454719718937,0.291612857943222,0.24691639706897744,0.38479914328318043,0.32683841438763306,0.28900202112921014,-0.22361952510370756,0.2839190272699312,-0.25788626345831034,0.1500669848385731,0.08803962338373766,0.4884565620123856,0.42503453438511657,0.18495528036352257,0.2815228799834624
-0.2187723192839871,0.29715191807820174,0.0022834427705426203,0.3720770116989448,0.46725342903530737,0.0038898124825935444,0.3002820215224952,0.22327832933681382,0.15620032148632398,-0.012773733842037106,0.21060546609731215,0.1949491625690816,0.5402555449805836,0.7776951900148693,1.0000000000000002,0.2472895507201988,0.5555012107993904,0.34052995973096534,0.5481363604410451,0.6031406731498158,0.7877622966874152,0.2972706964919576,0.440144937817015,0.3772473770180494,-0.5168413857803316,0.19283499096404852,0.5276430212036259,0.396109696399924,0.5138217441508284,0.46906325021434675,-0.17794395545495914,-0.379942795901956,0.2081373052204106,0.2791669762018802,0.09013207433766116,0.42514266613278145,0.33470830836070614,0.14937384909440232,0.24998880172211538,0.292554490101734,0.3018156234252625,-0.2800960954531148,-0.010529814217274863,0.11360104731233615,0.3546924759578161,0.38621122979324796,0.21956168670969806,0.34001809918464854,0.18120041735221773,0.349130776317557,0.0206832551075471,0.1057166853856767,0.26464490214561887,0.3322848159060244,0.2429181454583562,0.17270907423803195,0.03051611893188697,0.15352054773953366,-0.261845283051031,-0.23098015746689426,-0.11401069063590155,0.501870503036959,0.5367923091631975,0.5904866182869277,0.7396133076302693,0.9202478364901094,0.38858197361371594,0.48668031545613727,0.3203233414726699,0.1825727409717382,0.7225655137513483,0.5202004840040584,0.47666965741247996,0.11346190835044823,0.25693537546194994,-0.2439459675577734,0.5117232692308669,0.5917058071997007,0.11923796477900796,-0.0814408630415691,0.22581163773222698,0.20611288876995687,0.05774397862201024,0.21743417233804524,0.2476502846802019,0.45824642836539287,0.3415345395247794,0.37559486010487275,0.3739802434558194,0.23671253947208704,0.27160448859904057,-0.28698163108542085,0.3410651613843356,-0.1921723655813499,0.12558732396211836,0.1077867639639471,0.4616899219711251,0.4449723018782459,0.21318346259977458,0.28736936874862423
0.39118971883926296,0.6814307886361248,0.38886020779890557,0.42880776682970323,0.4330634443404813,0.378286408961244,0.7262589423104052,0.542547831657092,0.349065031625514,-0.11031882496811306,-0.26454007034142923,-0.07049539367646795,0.26367642398618185,0.245964201413545,0.2472895507201988,1.0000000000000004,0.47939962937642133,0.5403522419727484,0.4111745688956107,0.2744477143725967,0.2631600454106833,0.31989898453769827,0.3488034711417549,0.33074769852038405,-0.3532932924919628,0.10568670975549709,0.19378602132847794,0.3325237665348742,0.37339645515943953,0.33904620375468225,-0.08269089859888322,-0.19334958434412658,0.34320295135020457,0.4490030300231423,0.36093740426487486,0.2733498575812174,0.15263465136591214,0.1591190331257125,0.4127403275185012,0.6857861360010361,0.2632577995616956,-0.20395416207392478,0.27424943639496974,0.024528290087306028,0.20078020802507593,0.18099302669223746,0.17337478148968735,0.10462735294587967,0.2506576013617347,0.004049932906793209,0.2855955389344836,0.4865953520088671,0.5954396661501737,0.41332325957377686,0.5425794873765573,0.2596940187773989,0.5770598408530149,0.5101045791870035,-0.3375528517365885,-0.056181595231126195,-0.03126122451078293,0.30721910956187976,0.42389106211996225,0.3082701953717188,0.3034543440125651,0.2521532392526303,0.5057839988031114,0.4304260888852383,0.39992221756614266,0.597325681614318,0.21849568695724977,0.49878150155101764,0.3887844918962513,0.5441117510855071,0.0409519209258347,-0.03637111603853368,0.36208791044383304,0.2571911936004637,0.019071351214165373,-0.19216766801114998,0.3833997499621208,0.33671862117233287,0.25051165313050555,0.4855180623953444,0.344820222979019,0.22558342513372734,0.2575225447981424,0.28655466276031694,0.20951096175980147,0.4341986274593818,-0.05470519997519869,-0.11960320433350455,0.33651891048628807,-0.07033712870351982,0.35864069430895074,0.059049309538413065,0.2392897573348166,0.14557479070583396,0.3626985361999716,-0.004731832036066295
-0.16866230747922398,0.3335074363883685,0.3099794624534188,0.20929104208810306,0.23693324410555552,0.22321318771608512,0.3563621132491445,0.2831799775665107,0.06427286673748972,-0.008979388438419708,0.1587615218022141,0.30280977592716896,0.4620792883711613,0.5293727818090249,0.5555012107993904,0.47939962937642133,0.9999999999999998,0.5678510276271214,0.7493313878630801,0.36632513020024576,0.6109836148406765,0.6630474795915033,0.7279862153927895,0.6139737448495927,-0.36537095983372425,0.4913057885530112,0.41354354612524696,0.6021190442339804,0.5261071812625673,0.6324140568840675,-0.047286724311681474,-0.4081580036031841,0.25078787133155866,0.7289626013224964,0.590502809593568,0.25353295483327937,0.20769724418019292,-0.09752425152167514,0.13935200675734233,0.3665679219523217,0.16068584846449357,-0.18877722976469555,0.24636139320089218,0.042577080909453176,0.10215326889257892,0.1270431421117085,0.27175544927981016,0.20406638296956908,0.1319544015917215,-0.04564580696976369,-0.1314012629079244,0.25276006353921826,0.2946725656236859,0.17388899893656407,0.31590550570730236,0.2510785647545527,0.16723078401007227,0.12448431864063732,-0.37695491338668236,-0.04839340382385336,0.027778359704183717,0.4148594174059689,0.5988523065683288,0.5405936550186906,0.5651107937460593,0.599580541977505,0.21869920669365764,0.7709083599930125,0.6459507707049604,0.40581476590125726,0.5655149124965224,0.7275512403678425,0.6589593001333264,0.46337685471504825,0.3810675823738774,0.136457980335045,0.5516293549575177,0.648308669649921,-0.16539021821803776,-0.3220809297704901,0.6158996961831888,0.08463027562917945,0.04478754594463469,0.588082856491017,0.2501285624945657,0.4188527749922043,0.25074014841187037,0.4453738308065057,0.09122517622901404,0.19587450169414183,-0.07566859322526474,-0.19799594928890463,0.22106773075762037,-0.21943926308750356,0.25901912155046863,-0.06509168940568927,0.09806387045252726,0.1662770057177815,0.14304770040067583,-0.10318965385591711
0.23345532506114786,0.5992005421221951,0.6019671605868803,0.13153740111749537,0.26064016745294644,0.5108728513205494,0.6443450870261163,0.6854945377021179,0.418837321921052,-0.31885005997065613,-0.12089657968543849,0.21412317431936545,0.27325273633667263,0.32763462344953703,0.34052995973096534,0.5403522419727484,0.5678510276271214,0.9999999999999997,0.5333922173780226,0.4189244873304661,0.43813789396405833,0.343729883934035,0.5451691769613233,0.5512998502968549,-0.46715403092823177,0.38770076031337447,0.3774686203738517,0.3782257092490221,0.4637863272097964,0.4228640164442863,-0.12980199589358507,-0.31393990243055175,-0.05181929893190889,0.7241854113834532,0.40367005799968786,0.5353410567495213,0.17523702128207497,-0.20904813802544636,0.022554397662413603,0.4533204652132211,0.33473795756824304,-0.13645272460707078,0.31386014992928907,0.018002863085300976,0.10955343640041924,0.03566736428138524,0.2468760371130455,0.03480672612365462,0.44466861783104084,-0.029210038685274314,0.2638012633469605,0.6084222945812409,0.4059157367501938,0.16044248270045508,0.6019517966648192,0.5279802222712242,0.6599033538578285,0.5898965699881084,-0.463055753527807,-0.1822683913012363,-0.054467498751233356,0.4697975192063528,0.6041073771599579,0.37600991552649476,0.37962433297426423,0.32019908697262683,0.369408014062794,0.599085685787136,0.6973711588550618,0.8640401446872079,0.5238612781568942,0.6392918593513706,0.6565980593234663,0.435960154049216,0.08270608011326237,0.05142147643723641,0.44149570513092345,0.4565707045399889,-0.019065564763958133,-0.1721658108469882,0.5525733150631321,0.34764873887740433,0.2815568157520294,0.507645544952521,0.355103134435881,0.38044949228749936,0.19798194056956178,0.3594803289356555,0.41541856812695094,0.5612631164179299,-0.00942417989001373,-0.13412189436578026,-0.036776467600296944,0.04598025424192662,0.4211562757283432,-0.0009717206431037504,0.19442089070409516,0.15729704831948213,0.5999738273741284,0.03197737249240848
-0.07594880618459683,0.44617418796993485,0.4268497037358918,0.3237058565501698,0.3213653912841273,0.30948754441250137,0.32677365850485857,0.3817345631796512,0.19671839972046087,-0.1827729141597591,0.15795564911524812,0.174260225948708,0.44457785930015314,0.5790657605938287,0.5481363604410451,0.4111745688956107,0.7493313878630801,0.5333922173780226,1.0000000000000002,0.2243629687076253,0.522804841664341,0.5556690956997439,0.6157511423292167,0.39866964934546606,-0.4923995226986025,0.37665059387656263,0.30964961006427516,0.37726276766788347,0.3723187998125768,0.6186221136296399,-0.31565795470422686,-0.32618745732794246,0.10358090942734088,0.7042025190363065,0.44563070615348177,0.25491099965944974,0.20546232258770364,-0.041235073960732595,0.21193200391637956,0.21546191185499583,0.2912449371519169,-0.2870416170978763,0.2578193057636051,-0.11657074396024887,0.14938261241103393,0.23432118866344864,0.4217624176212803,0.26421013982359165,0.1362302478978483,0.03846098110138718,-0.12657995345116907,0.3555694799832067,0.2770330430982325,0.2706392183309782,0.42833875501383956,0.3744082501756765,0.2572709824837676,0.32752471825895907,-0.38183783847592867,-0.017532721636313905,0.012263021438583058,0.4670398683375768,0.48571172491126574,0.5987678730910169,0.6300430368871537,0.5995097732011847,0.24577524236413692,0.7773050963891376,0.6800808818010291,0.4540686549991543,0.5400862450603486,0.5938725416800551,0.5681247281389816,0.3299015164035647,0.2821110652175466,-0.07457461626222764,0.3689605045927007,0.38069556755213846,-0.03243807286813044,-0.2377289589202258,0.5352674363190146,0.1844452886258124,0.11609710507683975,0.3975868065471835,0.17533765944173701,0.4036967757699618,0.23890466968708288,0.2382995996375102,0.18333120524100557,0.21943146442166866,-0.04810127227440606,-0.19861375651765498,0.2115133877692554,-0.2393697770960414,0.25573759359943943,-0.16503954161086698,0.23257806345338938,0.23374033788864396,0.15261797138407,-0.016687996275731313
-0.11011182544049501,0.24091914041504658,0.07194039248756835,0.41511550570390143,0.4885908462937781,0.14684976891242082,0.4489446484928792,0.364077037680428,0.21604552189902648,-0.25881545367365383,-0.03679907515424087,0.028209668016382587,0.3545323405526785,0.5401308407932521,0.6031406731498158,0.2744477143725967,0.36632513020024576,0.4189244873304661,0.2243629687076253,1.0,0.6348861358356073,0.12184406439432029,0.4009632914890638,0.34555222954544745,-0.57242561236131,0.038499131245476666,0.598482855365903,0.28955511170687603,0.6896609058996307,0.25471689937530045,0.008061699287161399,-0.397439963255237,0.2765898576595292,0.20383424317116575,0.10338981201697363,0.7275033985224537,0.5176012420823433,0.22053316550194899,0.2513027736671999,0.36013927755297337,0.6061585904004433,-0.1317197363673574,0.06842785135481842,0.24659283837474627,0.4653058154174926,0.5010736532024471,0.3141483422698709,0.5202971124291429,0.5846993370094146,0.6559660518227548,0.11189128983488646,0.17991927276944283,0.3133915598691979,0.34466202666645546,0.23053080690637742,0.25636621530877823,0.18574821789387244,0.3173495513073985,-0.40506504471931226,-0.49299385067424956,-0.2986299914987785,0.3097483222691236,0.38769382018071363,0.3844252107913876,0.4783507698090589,0.5529448372574715,0.6247682524031084,0.21283445335116016,0.11971248195576675,0.25005418981383115,0.6623104660871532,0.39201454315156403,0.4203644294229928,0.052641252669873635,-0.031347098469343644,-0.4484978910847722,0.5956932915107719,0.43805034591610575,0.2035428260152072,0.027385373331053283,0.09031821617713827,0.4050078507010193,0.28101016982150073,0.21059904869877463,0.27760585667232757,0.444787972244552,0.5085326431176475,0.39779807636353587,0.6742709511069223,0.46296662080988044,0.39895506352457283,-0.26736364417842484,0.28105043254404954,-0.07389569167510117,0.23260527624143706,0.2714414745069969,0.5804294111982903,0.6091761940833526,0.5294343414097387,0.6098246681641436
