0,1,2,3,4,5,6,7,8,9,10,11,12,13,14,15,16,17,18,19,20,21,22,23,24,25,26,27,28,29,30,31,32,33,34,35,36,37,38,39,40,41,42,43,44,45,46,47,48,49,50,51,52,53,54,55,56,57,58,59,60,61,62,63,64,65,66,67,68,69,70,71,72,73,74,75,76,77,78,79,80,81,82,83,84,85,86,87,88,89,90,91,92,93,94,95,96,97,98,99
0.9999999999999999,0.6192041411479867,0.12939492847133485,0.5569350601088291,0.37458693771079904,-0.053268893532709,0.36509821196481507,0.4510983899503703,-0.4227865932267111,-0.0009329146078372219,-0.015434271494827498,-0.02877105497944994,-0.05553844950800862,0.13438630535446433,0.20610929587432195,0.6716304354108275,-0.08791882206703205,0.5373767984101452,0.20493211854721635,0.18772915212769384,0.16553119239715686,0.21739312918498557,0.25741195949570883,-0.4353171740240129,0.10760996072338261,0.06595900087630611,-0.2896876750583894,-0.08757215501443082,0.02017594981675667,0.014967328316191566,-0.02715340421924697,0.3702871591151819,0.04623114110923233,0.24294886433376564,-0.06255648349681714,-0.039872738154937006,0.13515205072197972,0.08288477402640534,0.05305193871284722,-0.20685921052890516,0.060595476363910446,-0.008159326403902557,0.21772199614975316,-0.03321182731604776,0.1918466064898792,0.06653056535361132,0.018935375683283878,0.31308546380230307,0.4499533895992462,0.09822124372165641,0.7658078060852426,0.6039629370319717,0.37180336547674664,0.4988490951283182,0.10336262387941214,-0.1304691694891854,0.6273935485718695,-0.32910302841312333,0.1988955242708224,0.2135024209416577,-0.07618352733827742,-0.062313838003593504,-0.23020107748299523,-0.10892057551983575,-0.1084274768678697,0.046063450824328736,0.0015848272431489977,-0.006809816113854167,0.07471710620485453,0.5520790470658881,0.0047386625268405,0.17184071664665873,0.01207592655704432,-0.3293917609185407,-0.3547310792943456,-0.14146062193648212,-0.21216923641441068,-0.27393142967798323,-0.2949032723619248,0.04415180713816388,-0.4768805965781829,-0.17779947399199778,-0.3089833501835243,-0.05602915154980065,-0.2620471958073389,-0.1132589670875176,0.06892772169944064,-0.1702533336633864,-0.2887733219275114,-0.45161957541596054,-0.08035173371693385,-0.031871094475872865,-0.15032022197813233,-0.06365859988938756,-0.2741414665682123,-0.4190994951685762,-0.15136670401811142,0.1996883338388139,0.538650537054196,-0.15509585421665337
0.6192041411479867,1.0000000000000002,0.41088476132223517,0.9034300221199666,0.7114405206650833,0.29375577049620527,0.38904820144833424,0.5857999495165188,-0.16672176493559185,0.17494889382207912,0.059780548145098374,0.050916831523516795,0.09314048000636742,0.17672693723552763,0.276800941043482,0.7844172983459609,-0.15444151241901558,0.6649364105218131,0.14638195775620155,0.3241672576451888,-0.043618119938484426,0.1935152585504102,0.22260437691639606,-0.341236611832713,0.06040912185835446,0.16139000467506764,-0.19896956368268204,0.08812528631185959,0.1901678686307611,0.04470114589857321,-0.009383473439271412,0.2653842962134691,0.20520307902252044,0.40033429442923135,-0.02679045447594994,0.284066753908664,0.38901962245430377,0.20542021275897454,0.2270036329069313,-0.025031982534388673,0.14181835241839352,-0.12305976399538156,0.2631637268735238,-0.09011564457669238,0.26432430179210237,-0.026130692645415746,0.010779910587513129,0.20860152398162038,0.47711565589289895,0.18634069574660023,0.7266906804619022,0.8944184978663255,0.5164219258448854,0.8589278227400959,0.4480140826528294,0.04547849296521028,0.7812220649380408,-0.17010989430445564,0.2265766190420649,0.1287714091917616,-0.02968201246665675,-0.016279116156896714,0.030543104788045353,-0.1453614058076044,-0.040670580405403556,0.1425384676103841,0.08739023134563,0.005103697165819514,0.3928826114379652,0.7592726259310328,0.22793425322216393,0.15919363133123396,0.11370279879845839,-0.18097820438344933,-0.18977311239615713,-0.05472385458108917,-0.01579074727251529,-0.11179482337691833,-0.04632417332745646,0.30162463091205727,-0.232064783375664,0.11627404822935586,0.07964372544823992,0.22965884941681444,-0.09381678316563909,0.14164706669361296,0.31310820391280225,0.01743848259424271,0.12745702385909308,-0.2335203206402082,-0.05101638690069444,0.04561640046995975,0.08380814951074676,-0.0832535787009016,-0.11566227880381352,-0.3326182614872142,-0.21836529944653296,0.18729647770813004,0.47889931710411443,0.008822608008164782
0.12939492847133485,0.41088476132223517,0.9999999999999993,0.23854239911969477,0.18953103287502734,0.4757008634227248,0.3409488311568453,0.4574015876741039,0.4044086279263054,0.3768460132369898,0.14862016699780736,0.20770318634854576,0.12144039518105755,0.21513128848199042,0.018611709291077513,0.15731543189849007,0.056289387094155145,0.14405931818914405,0.16745979843169967,0.1505807562463607,-0.09867047656184513,0.0021198777570770877,-0.01940574396075333,0.19402034646026908,0.2975953343106915,0.4152417328075189,0.014571632830164966,0.24519943951661977,0.3521440261552667,0.10181634497627454,-0.10014696875694072,0.23761859378989444,0.0908922443325833,0.17757102154739024,0.008054360757492414,0.5250921468906516,0.5678201420384394,0.26321936795981804,0.1664455324914305,0.41861635789178725,0.08007425167323232,-0.009227142557920679,0.21593423364680778,0.12272179985051121,0.26901171133314483,-0.03533299522463668,0.07894634583679787,-0.10880473422184421,0.2706223445551345,0.17641136837731264,0.19755223464155358,0.37661352676440457,0.08744578781596614,0.1880626737747205,0.47536241606715846,0.5539539613450908,0.28187057977172925,0.395327200128437,0.251572710103788,0.1798828965756099,0.23581451834864572,0.22354491445239433,0.33372291820286265,-0.023404483625041224,0.016963943367411752,0.05961020410877658,0.07576887345603493,0.1956434595735117,0.18049991145140043,0.2483776061055983,0.16796897231823665,0.08476105211851043,0.12644902120522059,0.329975957128205,0.2430362624216422,0.3667105869014242,0.2906567485450011,0.19269394145553995,-0.00486265585298322,0.31515822990800346,0.07697194584693942,0.11410768002061517,0.25622691460647634,0.23470279453481263,0.12125102922044483,0.10545174721814972,0.5260974313059588,0.19952663828408543,0.4381910564492347,0.14947636647385218,-0.05597956827463626,0.4324825118428972,0.3861847007683107,-0.04385060511727587,0.03019089866416898,0.08891097973094056,-0.05101771002699941,-0.13123202574460469,0.3859129101365709,0.20765810519621142
0.5569350601088291,0.9034300221199666,0.23854239911969477,1.0000000000000002,0.7144529847419282,0.26221391486104323,0.37790335845616935,0.53113685505544,-0.2795932871374488,0.14304305361671893,0.05763963218897211,-0.037225463363869477,0.05023245342675041,0.10776332090871911,0.31676033115345575,0.8019887876781919,-0.22593817229552515,0.5995857632266366,0.08118076148156805,0.23931705895656308,-0.06488926773998761,0.1723384889255169,0.1788310249723426,-0.3805977646058405,0.047258195168472295,0.15242392429195625,-0.16583699648601685,0.08152532842782027,0.1260972259506257,0.02180733230676775,-0.06280244537722515,0.31562645774259995,0.15748175889459037,0.2880840113142331,-0.014864729535937924,0.12556920543887332,0.33374140180275974,0.25045978067577956,0.2549805908863574,0.030356757619492646,0.12465597202666354,-0.1041033429720145,0.24960716391474097,-0.08156687849559655,0.27097809837948394,-0.02041561201534887,-0.0063614597068597616,0.15816432562207866,0.3620241726776801,0.16388912209438986,0.6975362744445407,0.8408181300789517,0.4997809369432703,0.9037299303642597,0.41199018284544614,-0.08101337698119149,0.7483355703654092,-0.26827109261367876,0.22016133535438165,0.0722635449282087,-0.13931074135471694,-0.06196546405246511,0.0049689617396720285,-0.17666732993757123,-0.08465412830865725,0.17618938601667178,0.09752882383625634,-0.031012570518115675,0.333615668401467,0.7010435373337308,0.13732475722778112,0.2143693748574008,0.1053309305862982,-0.21110920094256597,-0.26562780343710357,-0.04226760842971086,-0.018600892071742682,-0.0795547402592259,-0.04970681123446534,0.3483626299457855,-0.2122871717819421,0.12107540329267501,0.09429463155858268,0.24871760729077388,-0.07415801667575635,0.14384776581741318,0.2184389294994298,0.10285255630123355,0.011581443720695734,-0.19752967575213515,-0.036162430364734516,0.0028274160362731816,0.09826354892060486,-0.015952026377466486,-0.05028449395232048,-0.2818444808353764,-0.18704398227910127,0.16759258397988872,0.3518743558925108,0.0070038908731275525
0.37458693771079904,0.7114405206650833,0.18953103287502734,0.7144529847419282,1.0,0.48393035360201164,0.16066925904201465,0.4696285249240876,-0.023711827097296526,0.2966077722416215,0.05520202829160624,-0.1562455820592016,0.011923144900138167,0.09738102128111895,0.330603989958422,0.5360845944333621,-0.26627711849077657,0.39623901557469654,-0.019869108652776423,0.32353798517742727,0.013759319118659576,0.11066341406040373,0.25854866939597404,-0.12276945584722081,0.055700834101036045,-0.009031798199161589,0.010874907031392267,0.12613720154687727,0.3364060911642028,-0.06336359571825158,0.047374041725256805,0.28908303167181354,0.24209336790249028,0.23441520760845241,0.1945142686235414,0.3662934227597326,0.42410903068143063,0.17271486842931807,0.056422423907730404,0.13609634635548637,0.24219981777542024,-0.10145134183146384,0.16783717081724794,-0.027226135544027374,0.2862152585588549,0.034782048876308175,0.07931837851572424,0.14463882752997198,0.39152315354680484,0.2823316605749139,0.4255924112086159,0.6624865903822948,0.22425501802717765,0.6803860420207869,0.6413626689624415,-0.007178007932429151,0.4169516813180683,0.025563129361068082,0.2031198980561687,-0.10205972358654228,-0.2065205796170701,-0.008107265585455098,-0.11703558148677719,-0.2727165541239118,-0.15028049110328942,0.12477709556434195,0.2622635513849613,-0.18117309477284144,0.42281385103690566,0.4757399427183469,0.1988734404516353,0.24412070230212563,0.10374812773648258,-0.005569012596174652,-0.046875202594167095,0.0008353520208172228,0.2590927355583088,-0.0016034610701513412,0.11819308200576038,0.43780369079181736,0.171518680355781,0.37338955813635705,0.3326900687138659,0.4657699515072109,0.24398826305517332,0.3568581526480086,0.37461833159900676,0.27680355955203634,0.23170943526294732,0.10261314190831285,0.18552796932464113,0.012368221941396414,0.2783572359062364,0.11203884041082848,0.1434881220311632,-0.017093112166125603,0.025360221957703186,0.3330867640541098,0.2122551424052323,0.1831413875945284
-0.053268893532709,0.29375577049620527,0.4757008634227248,0.26221391486104323,0.48393035360201164,1.0,0.13970986149988038,0.433942567169374,0.5968679649040713,0.5415104644542819,0.3251974297809115,0.17542790467205502,0.05042694954662154,0.16490772250926294,0.05335966268218587,0.14698006709509456,-0.0869495246573552,0.026511524061692205,-0.0019355483653885638,0.19604870102151925,-0.13030292373460378,0.026466901069088184,0.017251241028351082,0.2949769760462244,0.2743618429535561,0.3457842038837036,0.2625142859435601,0.3026102043709335,0.3718487110546649,0.05766860683946329,0.02734675945357306,0.23289640777297518,0.03962951596421299,-0.009867282440622125,0.08625129926027227,0.641936426343411,0.5756891371355298,0.3172575750181548,0.04277950670261657,0.39315079073228726,0.16049337172459593,0.13652655188539575,0.01502552822017049,0.16402761728915485,0.14597834026605036,-0.011115404833443981,-0.05589147209636774,-0.17994072306219921,0.3807640915012666,0.3493612509032698,0.056401308707714065,0.27603655021336654,0.018605173269673182,0.16051903048462318,0.8490080744071012,0.5971060006162827,0.11578262020883008,0.5585589611522765,0.17492277951040988,0.04226000696256162,0.10105744112239443,0.0277343384620577,0.12616460791990966,-0.14714915659652944,-0.020849634748968893,-0.008303626129950415,0.3673272008796172,-0.129222720737929,0.1682473714629688,0.1510236509816994,0.15187808401887837,0.15878256003956,0.0976992520799475,0.32744183447788255,0.22449051484403273,0.44089764754881133,0.3539491100184658,0.2611634821259549,0.1562843621710732,0.3863124268814861,0.3631502993860423,0.32686392683056564,0.3641958006485251,0.3082155256293338,0.4180340448892714,0.3585496022423432,0.5501451846148728,0.37730401851988976,0.6745313948950394,0.4392125498850614,0.13233895454310346,0.3569607158362183,0.5240254917032617,0.1894107101656105,0.3544398971598194,0.2842442711724518,0.1919437270263671,0.06898586144169316,0.1687600095240023,0.5127033940174889
0.36509821196481507,0.38904820144833424,0.3409488311568453,0.37790335845616935,0.16066925904201465,0.13970986149988038,0.9999999999999997,0.4440245687293683,0.13888304756762315,0.15521654592746878,0.0947005327942613,0.0758733580396873,-0.010431301402565292,0.025224841800412998,0.12965670731538606,0.5178166099502851,-0.10697722690377806,0.3264859944445156,-0.003990703240104076,0.2973763363620168,0.18540716845249414,0.3544933241215656,0.2102486450777517,-0.0067722475836478144,0.24821050653450302,0.18666406216834364,0.2012191804824273,0.11572999101057833,0.1998032687393608,0.3078535416693315,0.24534225657697326,0.364319197577309,0.41952944096978523,0.3872052974996978,0.29103438788655306,0.07385572691300551,0.3110655678932507,0.5578894165529622,0.39690326638776213,0.2871259382889718,0.5241671211704534,0.2687782251178159,0.6118036615460696,0.21672237310279185,0.3998535445802437,0.5080265868001498,0.45130360945233566,0.20322708120757735,0.43622631868677536,0.5524574117732924,0.4132970118344649,0.3585298611439249,0.4808716269275937,0.3672973403417952,0.22629196827495204,0.15423421509847993,0.46493708099093295,0.05943292537434292,0.3165204301112503,0.20227698816904402,0.14029508258686296,-0.09406510579450023,-0.06245814425206191,0.020476310368831678,-0.044498700407801725,0.18531943805017181,0.44888890561279493,0.03851501762410327,0.08811930102897876,0.34601244066411957,0.1985792025797104,0.010644127648039053,0.2370008845132161,0.02297619063445305,-0.0535171972903015,0.12643347600168398,-0.010220353418497185,0.06438310840770756,0.02098595036033996,0.39106732903459296,-0.24449410472495398,0.1362738592985832,0.12590740432014727,0.1251823681033121,0.11539297197195579,0.10046859194930707,0.28133905741022663,-0.06987476591114643,0.11960615448050324,-0.1414810924887565,0.1452938325750226,0.323202665505523,0.1670343205670975,0.2181505452401055,0.11114448475766005,-0.0032684334431587417,0.19183132841079295,0.2005878844734488,0.46105197009214005,0.34581404507443103
0.4510983899503703,0.5857999495165188,0.4574015876741039,0.53113685505544,0.4696285249240876,0.433942567169374,0.4440245687293683,0.9999999999999997,0.2561544096824145,0.22307471915419944,0.1773928732622362,0.11189433929454008,0.20446458942264498,0.43146004742737815,0.20819714645043572,0.5455299860009308,-0.041738595656727606,0.5423683304116977,0.2412394621817247,0.13915520710656037,0.0813565776357488,0.2542484951091377,0.22202226219543694,-0.0540655033078784,0.36350888921812935,0.27788994794870603,-0.0031398348686562548,0.0985199052658121,0.17743864811899732,0.09577096593628516,-0.027765118743046303,0.4342666518806481,0.13125832438464552,0.1900717423634848,0.07951517259930273,0.34478061251788283,0.4461810392260547,0.3519064179886043,0.205583984158226,0.18504145430661087,0.09272185729555171,0.2824914190396456,0.427133751092401,0.16375410678029437,0.2838707973853917,0.159124037475387,0.18110552129616017,-0.0935715443058235,0.2800427712221359,0.2897102819454648,0.5294422332034042,0.6471942290325963,0.4952074000050662,0.3441010266961869,0.44522476928482185,0.2865406043774781,0.7232449755428964,0.3936045196522683,0.3790241246695224,0.34645749998531633,0.14796409580219733,0.24981406627618008,0.07123726350998609,-0.16676159068262347,0.055846442764213904,0.0778895593641722,0.045923184164653554,0.07320361008710091,0.15245062044348706,0.5988940268565787,0.01857712458622443,0.13214359450878577,0.15066673780856002,-0.06386114017313449,-0.025368314525498592,0.32310270804065194,0.004434481247696709,-0.07733185148214841,-0.13329579820679327,0.31160983551760746,-0.09653632144293335,-0.038530191024502086,-0.01825125547252589,0.11862680349313257,-0.04499252923589336,-0.03583820791290479,0.32888324306936073,0.04797216401921511,0.07010727714902097,-0.11001581648113505,-0.14195420538533987,0.27318276838371036,0.23243146866721626,0.2651469505339853,0.08229317348541904,-0.01175810375682665,-0.05728886601776797,-0.07950155124004414,0.2372270788738431,0.11372480959175334
-0.4227865932267111,-0.16672176493559185,0.4044086279263054,-0.2795932871374488,-0.023711827097296526,0.5968679649040713,0.13888304756762315,0.2561544096824145,0.9999999999999998,0.3590353717413821,0.25203302249602927,0.3060337914687824,0.3086726520567877,0.3278464682699246,0.000799052432537205,-0.2790453266643412,0.2166540727850139,-0.2193298161352753,0.07150329232296332,0.02523422559935276,0.03112221102493253,0.10054860386758116,0.039859094779899636,0.5572418087256079,0.30968138421854047,0.31208323080628864,0.46795432546838994,0.3098667561247884,0.29661297366548395,0.2643360045857487,0.14679912410679052,-0.02565617506820325,0.1605149902442572,-0.037507785350139544,0.16130488202010987,0.4995576745099908,0.3036161328779098,0.23518839638583727,0.1393483670482873,0.48976877545378017,0.13414472279259046,0.155747049321233,0.021560506221700717,0.18428475343723982,-0.05264574828647771,0.0967294189718651,0.08963078744659041,-0.2785388609232119,0.09073705618902912,0.26036866135877307,-0.327968148902857,-0.11003070020989278,0.05089287319206483,-0.30151582717219455,0.37327665235326074,0.7082778215271766,-0.14576009080866495,0.8426061331114308,0.23520402676203603,0.19826898613717253,0.3714467340923507,0.3023685127388537,0.2680379399179259,0.08437606912721028,0.24714884632726677,0.09029956387944535,0.27608971962726236,0.01932885044861515,0.03943051291834997,-0.17072635572510894,0.17440851076201944,-0.1207170519584171,0.21290070126289878,0.45362885715920553,0.45079769792146657,0.4094909155364291,0.312495094713416,0.32763177211113076,0.2594354085779095,0.1643409474053765,0.3844942662567722,0.20839369160425414,0.2863175525412102,0.12657710352608503,0.33545038426839996,0.1229035114563573,0.3241158115990404,0.1915611049871108,0.6048779238503793,0.40702975714944983,0.16247555270491493,0.368060417196999,0.46080692138012364,0.1936842830629097,0.2768843049861029,0.3357163811045491,0.25241846047411726,-0.09396626982804963,-0.03027562189325254,0.4365252172171999
-0.0009329146078372219,0.17494889382207912,0.3768460132369898,0.14304305361671893,0.2966077722416215,0.5415104644542819,0.15521654592746878,0.22307471915419944,0.3590353717413821,1.0,0.37907078843603,0.4012204587442053,0.03981775524456234,0.1684961214519471,-0.0646314408003029,0.04857539868322526,-0.04532061408768799,-0.02989649217469516,-0.033522628768918365,0.17905435091538738,-0.0948184557362017,-0.06418063524760484,0.03450726079905996,0.3942892289280213,0.5455532242194853,0.25276360108441537,0.05419786217549651,0.23550951835259762,0.38170940227582983,-0.04851483097229948,0.17936746920054636,0.26124759682325055,0.22872521626668654,0.1380450216427003,-0.0001902687591445526,0.4689480402229359,0.3853580627448403,0.3521267952626411,0.07524382193098073,0.481545909405774,0.24817296916260093,0.09611458105892547,0.01897710485282352,0.06435739606785583,0.14058295606311588,-0.06681011407902639,-0.041248153852532596,-0.017856295866480753,0.22125703617679668,0.30391173840082686,-0.06562120816566964,0.12838000552599205,-0.10963861349345216,0.11993498188884676,0.5402512114358639,0.3501074222983313,0.050035487274772285,0.375132553317555,0.5351871811318695,0.029553713243543216,0.19214520119942516,0.07214204458832264,-0.1158862445719679,-0.24449339418023222,-0.2652618585000812,-0.20203228980273039,0.2712184503444477,-0.30059112721292713,0.10395899343643099,0.002226555149800043,-0.011372137057853221,-0.1194144114173712,-0.1597957630543992,0.4770558712328923,0.2726991806230416,0.32616043966879094,0.3575348262578963,0.013787491566190729,0.26218700011812845,0.3791145867128307,0.2928572206166379,0.36460041565494067,0.1708609380009856,0.17416626626471518,0.22396764665268684,0.12002652456083565,0.36042349004138013,0.2442832765674845,0.46051830525529736,0.29498309289682767,0.2570259178603138,0.4619025913049041,0.4205283428572056,0.14802077647133563,0.24985945095193332,0.1534345969254416,0.1048357814093431,0.1004086274952728,0.1025435532298085,0.34112145190009197
-0.015434271494827498,0.059780548145098374,0.14862016699780736,0.05763963218897211,0.05520202829160624,0.3251974297809115,0.0947005327942613,0.1773928732622362,0.25203302249602927,0.37907078843603,1.0000000000000002,0.6118770613705838,0.22138969412846177,0.2989784659188258,0.06092027231210139,0.017489950020934855,0.19986291724910402,0.014691882703174156,0.225393433641683,-0.028658720588601583,-0.032849859323659136,0.239517836432251,-0.11658781004157125,0.3118259460055167,0.4344529028934667,0.43001992488542984,0.1313708453602837,0.17685076419459805,0.09608679202391052,0.04572537338972951,0.27022861418075494,0.13235989364905035,-0.026941537866051562,0.09964842872141726,-0.08054857791969175,0.21737136834562903,0.19561696311954965,0.23778287585921132,0.08766558608470318,0.36668855889856894,-0.051481811112890775,0.31191367732080777,0.14040757338145227,0.1357173923315957,-0.0004496574711387863,0.12406244403082134,-0.030210413792850624,-0.04454987249606756,0.07173945483823099,0.28183012335922325,0.03395154907991516,0.001642058986354473,0.05249616469354599,-0.06139504469187399,0.20435838774752593,0.2428513631419037,-0.02025002625740381,0.2776235125635367,0.4905907686551097,0.4576271053127703,0.5452405090030462,0.1919913291733425,0.12078810812017039,0.10797956957615919,-0.023612085055705122,-0.14333027154564518,0.06768043811044293,0.038495167704144365,0.07230099045299536,0.02443093504376757,-0.030928543343604394,-0.24884484878497518,-0.09179468128850748,0.3541376068507506,0.39208543230528875,0.4353811634245414,0.07278208962185588,-0.011917527945580002,0.3398034961920427,0.23260117034874767,0.0936845588797581,0.07052284661181117,-0.02384613622642963,-0.007024826598758037,-0.0126270563664368,-0.09369160173728107,0.19329899849088064,0.16166571816291364,0.1841357018679876,-0.005533440442923649,0.02107524012198522,0.3443481042150033,0.20114847905344974,0.16204673341684178,0.14486641405581513,0.18231951010291295,-0.003431896579035503,-0.11904419377294218,-0.03061534292657765,0.2484706782330001
-0.02877105497944994,0.050916831523516795,0.20770318634854576,-0.037225463363869477,-0.1562455820592016,0.17542790467205502,0.0758733580396873,0.11189433929454008,0.3060337914687824,0.4012204587442053,0.6118770613705838,1.0000000000000004,0.48018172848891066,0.5095230734941897,0.20919820823723936,0.022667946894331787,0.5191769764632391,0.06462127433573536,0.4472234818906919,-0.07225113416761983,0.02158924437598351,0.25564828828408626,0.11883619809702654,0.33217705999562025,0.3834679474010014,0.4891948834904314,-0.031347240765221024,0.2824731282417051,0.052210944155211346,0.3262430996792583,0.11453121492085963,-0.13662514290117894,-0.08618264215153641,0.25177647413295956,-0.10767209129152666,0.24388232592360476,0.06906998871246996,0.19897992138389034,0.2859328136764917,0.25281655737366615,-0.003222973573400696,0.1195604501590812,0.0597538464047858,-0.011936560642487852,-0.20221105538828327,-0.0744571183115354,-0.007322118190447615,-0.07281185997290571,0.07262443919747727,0.1265174483000708,0.03761596822060101,-0.0030516074144225328,0.24705538206045782,-0.06877391380042655,0.050157261604484624,0.3778429997819647,0.10210375194362187,0.3476676487856575,0.47107768556999424,0.5984236058487078,0.8017727805079096,0.4279352123813379,0.4330142243972542,0.39120430037030346,0.4009180497468776,0.18596009246573475,-0.023155618178334295,0.20649214872837302,0.10584539751073437,0.11202726292422313,0.16461889232090826,-0.23250088208207573,0.16715696012060943,0.29028753956596376,0.4373331566125509,0.28051869885654707,-0.004253155079178066,0.18626491468228118,0.11716866532099324,-0.04101745545050862,-0.0755451610949242,0.005194211036661616,-0.1794278392082375,-0.08196211434026178,-0.229446479565514,-0.29814609658935437,0.06490065192204772,-0.09417189207448527,0.14769900090772015,-0.16297247306059953,-0.09670220513368356,0.17820829441595815,0.172780583983009,-0.09919753747390146,-0.15051241939129806,-0.2095196533571721,-0.253630949292668,-0.2209320861722469,0.07496190094536415,0.05280013958494583
-0.05553844950800862,0.09314048000636742,0.12144039518105755,0.05023245342675041,0.011923144900138167,0.05042694954662154,-0.010431301402565292,0.20446458942264498,0.3086726520567877,0.03981775524456234,0.22138969412846177,0.48018172848891066,1.0,0.525197813287571,0.43779920526587107,0.04268702142205322,0.5317988239582906,0.2160672407653597,0.2712319869971801,0.004077798926855655,0.07567206351907936,0.42722503101899467,0.24111745504609505,0.20349401659334942,0.27298111967027866,0.3417833233755171,-0.004840249947377967,0.28131387483253073,0.19846688264103593,0.361280042427464,0.10108186189217039,-0.05182771482449688,0.08953124344447916,0.2657876240869946,0.11619264192100133,0.18518489426729887,0.058459597539284154,0.030623871646144496,0.1442013359205921,0.3046146750472676,-0.17144808365992106,0.07121333219486557,0.12292397626507832,-0.04123304595717801,-0.18920445334704,-0.14380965816798086,-0.06889818093805601,-0.014767934113216826,-0.0062405972836287555,-0.06454166992632202,0.12410741994873221,0.13432705895138233,0.27440264639884504,-0.02394694878932132,-0.04667209145650931,0.29825369839143234,0.1941702151157584,0.18608235071521886,0.1998728032561593,0.4463993460566,0.5879067714713576,0.7975880605577768,0.5267199447697303,0.2452439635833389,0.4450852961054245,0.2947389970879265,-0.2501575733773306,0.3526006888660976,0.18801915014793616,0.1932873082021054,0.23266876655471389,-0.026604130245509467,0.25243907757252093,0.041662113804421703,0.2757623925232125,0.23094115652532746,0.1509602157194646,0.14345671665865156,0.11604496557844647,0.07793572454549853,0.0015410103614720211,-0.12968991607934846,-0.128231443438943,0.04348408509503568,-0.3112885092390892,-0.35541471789179074,-0.010378757616931389,-0.0917368553773383,-0.046308745279663055,-0.24582103972573974,-0.22539533206526882,-0.016012466561187124,0.028034948794616116,-0.05420427596063804,-0.1428228131267308,-0.19043098577659395,-0.3646235483818344,-0.17165082132888967,-0.014175787927619893,-0.15246575943309054
0.13438630535446433,0.17672693723552763,0.21513128848199042,0.10776332090871911,0.09738102128111895,0.16490772250926294,0.025224841800412998,0.43146004742737815,0.3278464682699246,0.1684961214519471,0.2989784659188258,0.5095230734941897,0.525197813287571,0.9999999999999996,0.5011089430520659,0.17383411110742858,0.4549164969054698,0.2609335847269916,0.7046736951761504,-0.0794998460286563,0.25247404338457696,0.22429043243312125,0.29922422371725027,0.10195382659354331,0.23883960700917192,0.2119618641889581,-0.09947673871986532,0.17626484241467444,0.12989120579982072,0.3013758369055033,-0.11417469869094528,-0.013554765328634494,0.08490112319340974,0.19634947061842167,0.043152505508285,0.21206285284815699,0.10076865529694119,0.06409933204530308,0.32604926455790506,0.23576132110164658,-0.1074639446225051,0.04996049384799097,0.18795896128404982,-0.03668726863662459,-0.09832211030501653,-0.11919397527856777,0.021864420290631622,-0.05655157166537314,0.1401324913044084,0.032171727854276536,0.24308401494754983,0.2877401037801066,0.45518613355004844,0.08481029743509133,0.06192707880466772,0.3509414284233943,0.29065470277200905,0.3908537531506751,0.3738712533326238,0.38642597401672035,0.48360271938860105,0.5888380324998781,0.3019503748108184,0.06784276431414128,0.4327490429788766,0.2211866869874459,-0.1999667960988327,0.23545123073207674,0.09699082098302865,0.24992048260942978,0.12737314380261006,-0.13270121903928037,0.12622985723747498,-0.03274839021158327,0.2554887628464847,0.11919131728011617,-0.06098301300051918,0.06496218740198348,-0.044319641545091416,-0.01415928962793306,-0.20590861422888873,-0.19774813270878266,-0.23107185456536614,-0.030738333578058497,-0.3475772603708673,-0.43492886500899025,0.06144053278312091,-0.1881378877884155,-0.05789614204495702,-0.33413061702251146,-0.35455776226729635,-0.12606974636822418,0.012598171859227817,-0.07010791258319002,-0.24939524763546186,-0.23914058516587747,-0.2981145808388282,-0.2344724474979445,0.1384931992820285,-0.09086652040728814
0.20610929587432195,0.276800941043482,0.018611709291077513,0.31676033115345575,0.330603989958422,0.05335966268218587,0.12965670731538606,0.20819714645043572,0.000799052432537205,-0.0646314408003029,0.06092027231210139,0.20919820823723936,0.43779920526587107,0.5011089430520659,0.9999999999999999,0.3457211019029699,0.3801090894498345,0.38308781413359383,0.4795251092296369,0.3131257531523828,0.5199752157881302,0.37704391761855655,0.6454989090821136,0.1435527141082777,-0.0026221526561945193,0.11244329874345341,0.15760501735809454,0.35365964510488096,0.4205810615220551,0.5503405045726735,-0.056016768819224814,-0.021558049295526266,0.11953448382521253,0.37962638354541084,0.433827016726647,0.09029480103641296,0.059177189950576865,-0.054295557481272405,0.14201506726149224,0.20911342621301873,0.053125802315684395,-0.12017081017357964,0.20116987669114617,-0.08363880394169901,0.05057803998617521,-0.15420527039194648,0.09910972357597603,0.22721467024531622,0.11889144998234145,-0.050324140568676026,0.2834820315097122,0.32109019912151576,0.3961363823357578,0.31659157016112427,0.15788881558614726,0.06660088754483023,0.2791079098600166,-0.047649543603973665,0.10960515613000399,0.22841767947708308,0.2958822123456538,0.41010362250454996,0.24899203239393403,0.19333248517041768,0.45080700343320956,0.7099465007769696,0.025687932208584376,0.41032258323204696,0.39272490973832797,0.38234404568925545,0.5578550659477964,0.17015671775044494,0.5171715850566697,-0.13620380019965925,0.30968535463857033,-0.0174940590902352,0.2863453578513706,0.3922726212042556,-0.011864145463570046,-0.02694558394362272,0.01021321456852006,0.06567480038633687,0.030600153821078536,0.3359700226982755,-0.05476425617667769,-0.0822772430286779,0.03083278171498915,0.0026877620956578282,-0.053906473714606905,-0.2373518302360137,-0.2345689863726976,-0.27123044639556376,0.08957964437711964,-0.04030055124689999,-0.07011010619996792,-0.24012957059905665,-0.2429449370781819,0.05835227411038883,0.06037829471321906,-0.052717219209286056
0.6716304354108275,0.7844172983459609,0.15731543189849007,0.8019887876781919,0.5360845944333621,0.14698006709509456,0.5178166099502851,0.5455299860009308,-0.2790453266643412,0.04857539868322526,0.017489950020934855,0.022667946894331787,0.04268702142205322,0.17383411110742858,0.3457211019029699,1.0,-0.08852214316451053,0.729899039952486,0.21245933643922635,0.2975072162836677,0.12971826880408957,0.32383426278138777,0.3646181971420307,-0.3517917096329154,0.06671914374040992,0.14808607136309876,-0.25298231724509,0.004833035903418306,0.032789581822286286,0.2015898412497822,-0.10312274897819393,0.3774594486029552,0.2595099092459234,0.43883266654934205,0.09502979815882447,-0.03632546020013629,0.15569181969403328,0.21956523497470726,0.24913382459640124,-0.02340811491395885,0.16077285432731148,-0.06138829567122248,0.3352045497113534,-0.1403268807394034,0.26958679901284255,-0.0025102357691587068,0.07188424681583537,0.2885845251082118,0.3328032886417959,0.08659687081177567,0.760809886148186,0.727591499310586,0.6476120413501271,0.775114542025636,0.2691426102964102,-0.09259573751100808,0.7711543430845654,-0.2979552985619901,0.1967230402707833,0.12931463520842956,-0.026796856293000187,-0.07932868530942114,-0.048773908857050775,-0.06444672440135527,0.0722449115207315,0.2959565189709379,0.0197699195129318,0.025020159682739428,0.3049258261244554,0.73920218130499,0.2540155889061738,0.1951132540148819,0.23973021992168952,-0.350983197889695,-0.27155036188951787,-0.09389075690548711,-0.19327599442449767,-0.05232256899005117,-0.27040061219883177,0.29762143072277886,-0.36520007224717815,-0.017546602550632714,-0.14710795707367744,0.15361289854142804,-0.14089122927003703,0.03903931023597576,0.04651536286582081,-0.1378502497069103,-0.17347849592162123,-0.42431912324724075,-0.09334657848322529,-0.06541261826162977,-0.05537076144074695,-0.06655193232756129,-0.11196877216626208,-0.4312312628117097,-0.19754834918859335,0.2227130705280622,0.3199325718008623,-0.1367477595398482
-0.08791882206703205,-0.15444151241901558,0.056289387094155145,-0.22593817229552515,-0.26627711849077657,-0.0869495246573552,-0.10697722690377806,-0.041738595656727606,0.2166540727850139,-0.04532061408768799,0.19986291724910402,0.5191769764632391,0.5317988239582906,0.4549164969054698,0.3801090894498345,-0.08852214316451053,1.0000000000000002,-0.026474424248035908,0.6698004982795199,-0.05552912081830718,0.38876914905634913,0.4271122501963446,0.25671557669537587,0.3698464126895713,0.2647535435492503,0.39236191246458,0.1563866678906203,0.3554694357911207,0.17210354985484688,0.5843771049160449,-0.02051055939335637,-0.16331148490940703,-0.0013607169609741597,0.16340574501276967,0.03859885955442734,-0.06391603880001552,-0.1039785686131405,-0.06355766633259878,0.07799477865399707,0.1487185128709075,-0.10862749438372138,0.09506791933883933,0.1178014285011604,0.12156868225552278,-0.12909878511639117,-0.06607442589034988,-0.06681432819902423,-0.0298028422217871,-0.10851301916360365,-0.10390249410334335,-0.07431755800824776,-0.15162090566081976,0.10602760588046128,-0.258723278921263,-0.15218830938649838,0.12897448041205178,-0.10052140059029432,0.1367173958162486,0.08693427261302528,0.44006036635230794,0.5764789273077545,0.48603388296394623,0.35595030549479906,0.49034978170239196,0.5240640284021006,0.3415878757112926,-0.22140040078543693,0.6123108602070853,0.06302124753192768,-0.052341928728610126,0.3457848320117889,-0.1677272287780203,0.22692707194979472,0.017229999971500414,0.46594266932376494,0.13577265644238087,0.1529644086373272,0.30168900734217646,0.002712711540412022,-0.17716692444418283,-0.04710080497828874,-0.13394864895913178,-0.23402065695427998,-0.17379293191053566,-0.17134359199729057,-0.47138865808791236,-0.12006946180540756,-0.19479733167059124,-0.09795092169763804,-0.14690866072567724,-0.22494035310142563,-0.15289696044830955,-0.14080735852063112,-0.09364537878804068,-0.13223882966297135,-0.060463291583003585,-0.1721631567102687,-0.25398432660374753,-0.0781578106643756,-0.027743118366458035
0.5373767984101452,0.6649364105218131,0.14405931818914405,0.5995857632266366,0.39623901557469654,0.026511524061692205,0.3264859944445156,0.5423683304116977,-0.2193298161352753,-0.02989649217469516,0.014691882703174156,0.06462127433573536,0.2160672407653597,0.2609335847269916,0.38308781413359383,0.729899039952486,-0.026474424248035908,1.0000000000000002,0.16484770805525586,0.5195935411346878,0.08972060708253389,0.44506089072112326,0.544269674713642,-0.3656825127737269,0.05801623225958115,0.05235228957431828,-0.2082918951714055,0.09678584658266245,0.14604013176403366,0.20093917870353672,0.05477598280235111,0.02236074911639261,0.3092131247944881,0.708010541084943,0.22764615922364648,0.18231868105078547,0.1533583169714676,-0.027359618749811503,0.10490222223862077,-0.1644030721306425,0.20706764740041023,-0.07242766060688274,0.33552680791624057,-0.09160711071427995,0.19623806114736106,0.008584377861222325,0.24043056006733093,0.5041554982054787,0.3097009499342499,0.033091653592860176,0.5669070285727358,0.6487196416736092,0.5085981061238981,0.5524621216479795,0.14275058180104488,-0.13332861748542588,0.7811976514375819,-0.30045934239495964,0.1905254448241417,0.24555697786869785,0.10022145331104401,0.1659852627608306,0.05945677339318363,-0.026423909736027158,0.14371724373525085,0.3022251839260443,-0.10229429685307882,0.1920159115713075,0.5415262131949226,0.917838202077372,0.2910875729728493,0.20814058453920958,0.3159591018339924,-0.4091466881749545,-0.232606573933244,-0.13463752208663451,-0.15007028133693973,-0.14250412216536132,-0.10304368375590565,0.020634959051152847,-0.277941132886503,0.008850587060512272,-0.11496110497161276,0.2460449048107539,-0.2600401375058442,0.10700857411234518,0.009261734466678873,-0.14097095294041512,-0.15427319707050954,-0.44695865592019274,-0.18102921889847076,-0.13479920141968413,-0.12611795351221655,-0.0678041904822255,-0.14223484429488936,-0.4184406104029975,-0.3403184775312651,0.2538983136906381,0.29871117420529997,-0.22095864529890877
0.20493211854721635,0.14638195775620155,0.16745979843169967,0.08118076148156805,-0.019869108652776423,-0.0019355483653885638,-0.003990703240104076,0.2412394621817247,0.07150329232296332,-0.033522628768918365,0.225393433641683,0.4472234818906919,0.2712319869971801,0.7046736951761504,0.4795251092296369,0.21245933643922635,0.6698004982795199,0.16484770805525586,1.0,0.00011693244871537273,0.4879306942584137,0.2516927087587545,0.3026345433037475,0.013057294665161737,0.06077404993484774,0.19535137619123785,-0.004163546476063384,0.1564901846813308,0.07431057931442747,0.45326349666938204,-0.22637825043281526,0.06334892739743728,0.03472881879301223,0.15435985473622418,0.0022915303888606567,-0.042569671996797634,-0.020040175139574123,0.03432893525204208,0.3484302601251113,0.05097209536808931,-0.014005397686729483,0.03630161158994481,0.17615757330906306,0.06371507974374613,0.013696426953511727,-0.056037351820935374,0.0002993458981563552,0.044220504517629454,0.11009858011738781,0.018246103013740946,0.2592957836262772,0.17277663066825902,0.36823566966584803,0.060855471180812463,-0.03922284851822116,0.10552005991623938,0.1759695760582888,0.14262678203863338,0.19434420895667998,0.345861206554881,0.3694525010012316,0.321864301013465,0.23811210821775194,0.3037764501806272,0.5182261334485427,0.34554652099908884,-0.14706510835006664,0.5169626350415221,0.06905774439446934,0.18508098422345548,0.3502429220781267,-0.16734358918175815,0.19486811389550132,-0.18853600026919815,0.20828728167567304,-0.057307448486562516,-0.07404960938604054,0.1454496853032609,-0.20821522073313722,-0.0864493157767418,-0.2880782074692132,-0.14647679460894272,-0.1749965285646907,-0.10452950879902413,-0.2271543337172512,-0.3988484841003342,-0.05591942006936974,-0.16719197258884946,-0.1618660761448638,-0.2984596516935023,-0.3506567997163999,-0.23607816178597035,-0.130528482868477,-0.11885857989148434,-0.3468446979225488,-0.14381691202744043,-0.155812688952381,-0.1540781327213892,0.12951561536803782,-0.01657848169371777
