0,1,2,3,4,5,6,7,8,9,10,11,12,13,14,15,16,17,18,19,20,21,22,23,24,25,26,27,28,29,30,31,32,33,34,35,36,37,38,39,40,41,42,43,44,45,46,47,48,49,50,51,52,53,54,55,56,57,58,59,60,61,62,63,64,65,66,67,68,69,70,71,72,73,74,75,76,77,78,79,80,81,82,83,84,85,86,87,88,89,90,91,92,93,94,95,96,97,98,99
1.0000000000000007,0.3459752023860017,0.5029805033033643,0.35196773404420145,0.2198069064900951,0.33564949766265256,0.2355606895243363,0.3525530437192804,0.10673395925225294,0.4192345644079437,0.16336838218888156,0.33098601874790173,-0.017256315108777454,-0.14905282142026166,-0.043509802841393413,0.6293128755976358,-0.004800943071438079,-0.0013644640882266848,-0.09149760573835328,-0.021095363879774284,-0.11846525279104132,0.04285604902856696,-0.23230878584308495,-0.11565004807011264,0.6002316806979174,0.35055173384612637,0.002229323868987197,0.06351236117870587,-0.029949198318984245,-0.011989393392861437,0.2066440160930246,0.5713181965623821,0.4649839863942747,-0.11022164069871346,0.07844793181814178,0.13674717794017888,0.046975517817504205,0.5467810932377446,0.0755491671311204,0.09982390748765768,-0.21145649799845198,0.522703938870669,0.2952244621574006,0.44548552572758526,0.4778780517182638,-0.13235220046084875,-0.3566257232996379,-0.2452328960536957,0.4749818200092594,-0.06957530239918781,0.5887191649165405,0.6126773070928162,0.46722383089263003,0.3701549806783225,0.3505036126697979,0.3009466824860913,0.2896090815526933,0.1743513722814158,0.3939735956270801,0.31950419440380445,0.34246709813560594,0.0762744945074647,-0.25955472057370566,-0.10719893985250249,-0.16251380479327543,-0.03328228535041653,0.1858982722994119,-0.12502094658804416,-0.16066745710772148,0.09784074028513648,0.008689882930997447,0.19698068981814548,-0.06541676774968862,0.33353829057834317,0.15278566726623616,0.5714155615466481,-0.040563899817317374,0.0974749792156584,0.4898287710462424,0.5909720009546008,-0.011274171923838764,0.12215536284867319,0.38067738621405867,0.23533401173889826,-0.034190827879380534,-0.04050569066530063,0.16638515091010397,0.037599775924542826,0.16137719168228087,-0.0351877911788141,0.48637334610864896,0.5675839145788122,0.3856050413859089,0.5700727619523268,0.41471146646005125,0.49516741683886983,-0.23178979516393708,-0.1975907933589151,0.4196847239124049,0.06672973119695824
0.3459752023860017,1.0000000000000002,0.4758896058560832,0.7581946128273075,0.6184592156817545,0.38372963675838895,0.35733711132868273,0.7094317992257443,0.2512870349245672,0.2084942566734569,-0.20165159956620213,-0.08220659210863013,-0.24171593333488653,-0.3995519740496999,-0.2687886213467054,0.5442978222980415,-0.36388209135806676,-0.09443061383984971,-0.38455276001803357,0.1276826944318229,-0.10394410752095756,-0.3561207210480797,-0.42808656321325156,-0.23620244335165166,0.23160288650158578,-0.2856980872159426,-0.14586380515049202,-0.31116956771581306,-0.11469518540579043,-0.24980536653813717,0.09591235557419062,0.28532592038245813,0.2777505731477992,-0.25065069511420124,-0.32368529103426863,0.18043142635879222,-0.036955561781020406,0.24415876315202958,0.09479516495755883,0.15940796128181156,-0.08558863401276658,-0.08044304481646637,-0.11870974520231442,-0.023279257853752955,0.00646669248932583,-0.07443391292859038,-0.25274556087954286,-0.10498594683144419,0.2970001298349652,0.008827253192478202,0.405458619607108,0.6459899713197816,0.47484013345890597,0.7240256191416342,0.47024250176870797,0.25234885459995154,0.35092904647130596,0.22464920465489674,0.17127718389958033,-0.01427019065785167,-0.047416823543161395,-0.15490306526481437,-0.4187854876063881,-0.34978538105131407,-0.3782528645613817,-0.2870715445603241,0.184503485973839,-0.40876033400130346,-0.4250534511928084,-0.06748709719672853,-0.1118378176569858,-0.21875750084125517,-0.31082446153217663,0.24169755814391466,-0.32627691854261726,-0.05447253155147219,-0.09639663811892675,-0.2822860983463851,0.14946562568951652,0.31359273001179644,-0.39987422318976973,-0.010654033263603431,0.13259076436248451,-0.22119863660938763,-0.15260412951785338,-0.06868301362356999,0.14382161769754076,-0.18782241032880148,0.24856831011746955,-0.01045951422064864,0.25628708865435534,0.25182003362777405,0.19564263930139375,-0.007905018841190084,-0.08775036064462909,0.15929491971192403,-0.010545615982433466,-0.2308943350405381,0.30712676316410775,0.22030173106634848
0.5029805033033643,0.4758896058560832,1.0000000000000004,0.13180769885575033,0.23434278479114906,0.8131249758816154,0.4653338729201526,0.6709011148998251,0.6474508738445373,0.27954257988570486,0.21127266791078775,0.24072492750864846,0.23279443212426892,-0.1851373964063021,-0.12580270180719397,0.45803098548535337,0.09185475826409838,0.3150110260987867,0.03987286810127973,0.31517014926401543,0.10353876267450096,0.03790204915528631,-0.07727741481059039,-0.32429677626786857,0.31464833147220556,0.10421085453780884,0.04287395252528859,-0.20576412757555018,-0.019469318735612858,-0.1386738130353535,0.0700329428490999,0.09955695391003888,0.07944989906922913,-0.09642739167984136,0.02864647022733605,0.60684762432044,-0.06201238078438694,0.13885488338561852,-0.21980488161281714,-0.07426296274569444,-0.2840386227501026,0.11187933209215951,0.036755159870592274,0.06767537089654382,0.3834312966020895,-0.2574905016969371,-0.3372903501334552,-0.08532833235383955,0.6631443103278135,-0.022442255554463147,0.25911139058043875,0.6936365601073043,0.4992018665125742,0.26040300867344623,0.7536322640671302,0.7458420258098676,0.6270273762727506,0.7161150758260482,0.18579110427732065,0.35963208841798827,0.27757280964738257,0.24686675714120399,-0.15510680484055145,-0.05223236556360057,-0.0897845594271644,-0.18938417016272896,0.06686813184752305,-0.05097256939215376,-0.08529858502662399,0.2651885555129158,0.10191243813127336,0.02975634675007522,0.08443440895764372,0.004980354045593905,0.09018639131310728,0.2311318452252204,-0.07071160756513493,-0.08562502989996332,0.2991398862515376,0.2846263433272491,-0.2111284213261961,-0.10619205288009252,0.40309052098156756,0.15213661928924346,-0.12077981989175222,-0.1092602347864899,0.046529693764643394,-0.04880470645658405,0.4599025057311101,-0.27704171158797153,0.12376699920354779,0.11555535548831966,0.0819996802992838,0.14971893657303115,0.06978995904911468,0.16907858317111632,-0.26334653034154143,-0.01767680635622056,0.5469467551792816,0.01346318854535176
0.35196773404420145,0.7581946128273075,0.13180769885575033,1.0,0.7170375486462234,0.07498456261212814,0.2826462178282491,0.5738121937734297,-0.05844638236061551,0.21725721304498158,-0.19273325223528304,0.029336077727092937,-0.3296564531986542,-0.37962980949170133,-0.23608664211829275,0.5339191016531691,-0.46440783594359997,-0.3171148046752973,-0.49265372984765543,0.01246797946897953,-0.21242888993104883,-0.4059077997180146,-0.5173299264214222,-0.14726303837453594,0.2637838371569493,-0.1392262781733045,-0.09111155882922961,-0.26748323969061355,-0.1486700961983352,-0.2502744776462598,0.14264527496061616,0.4092749830730172,0.42788918630659734,-0.35949953627614933,-0.31648687203901227,-0.09756156732010746,-0.052853158967916924,0.43521509572914563,0.2737618992464006,0.31356866523138144,-0.07300989610184484,0.016383651554199012,0.030606255785753385,0.13349836098788487,-0.0445386148242636,0.03422748910717077,-0.18653427143184986,-0.1847782201718886,0.0726986219414851,0.01929101366586373,0.38060779619735696,0.4944661815251334,0.3751799990220965,0.8440124951649141,0.2408048085191335,-0.04285066482185259,0.08440688760909208,-0.13266666207944286,0.2249734708353106,-0.038715617879819926,-0.004806605642446085,-0.17255272721017476,-0.4588803616439516,-0.43222799017703273,-0.47443438198461885,-0.2443711152715248,0.2277454049972593,-0.47148394729576604,-0.5507017728687934,-0.2899250005453525,-0.16276296116263114,-0.1984319911117172,-0.5141275715977506,0.38031348932785675,-0.3073883566179264,0.08351817035011137,-0.14182846765705034,-0.28898613693069725,0.12418183212535776,0.35769202498958086,-0.3967312538045518,-0.08103704336915596,0.013893552282976625,-0.2942314516710888,-0.08155165933137581,-0.08928516222263588,0.05182172759215414,-0.24862573733507187,0.06214474610759102,0.08686408178439582,0.3091768233105479,0.27415830823410786,0.2511727950855915,0.10844678748331764,-0.09024975722913145,0.24960807479380895,0.006563974021025554,-0.3079552062688801,0.11478170973150709,0.23619100838125362
0.2198069064900951,0.6184592156817545,0.23434278479114906,0.7170375486462234,0.9999999999999994,0.3243660983890275,0.09949048774483378,0.5684448326657973,0.0648465712223365,-0.05625920802786005,-0.2930564573311045,-0.158422316717441,-0.3725823024664663,-0.41724200550092344,-0.325371221808439,0.23898616667076664,-0.5007900915550305,-0.2666490184060113,-0.46249200154283204,0.05470929454238588,-0.18386085422087234,-0.4461942704519893,-0.49312278456068087,-0.2329398067535833,0.14237472785734426,-0.2855867312034733,-0.1856425905349124,-0.4396821900859109,-0.1850083027532873,-0.41478478184808215,-0.07322678902126067,0.13194223920366852,0.19169493379459712,-0.4567892831111074,-0.45977546910535405,-0.006088928476970964,-0.18288782580389065,0.17011536939021904,-0.03844382832469822,0.051397443201973037,-0.2808741256336258,-0.15503844706135145,-0.15673127358880212,-0.019572229252401045,-0.2295601238069687,-0.08418585644910107,-0.21334585071156448,-0.26214248511876703,0.07207264555526728,-0.10864595502067996,0.14316257487598774,0.41068273345029604,0.09752537046364217,0.7853635287053329,0.5042329371359586,-0.0191750641456018,-0.022228609830147763,-0.06567405695949094,0.06866307763401185,-0.2795658983791555,-0.20080520381378195,-0.2802468635166591,-0.4690922179748698,-0.3938572152706837,-0.3854346779876529,-0.32397493139792305,-0.062478847072190535,-0.5169891512481788,-0.6013784216549941,-0.3411341892376523,-0.14305320694106796,-0.4389750837568961,-0.4707304892217613,0.21436174538272684,-0.43162159335257966,-0.07199231846848707,-0.22754811952237716,-0.4474542112819689,-0.13118837979404938,0.09248617448129438,-0.4693225485834885,-0.23843536518183578,-5.157472555844173e-05,-0.3101743532859742,-0.10244353616402398,-0.10465214408896181,-0.04056276049530233,-0.4120011469851637,0.06843036927676809,-0.056390457877667895,0.1320288950895148,0.18355103694802902,-0.012870310254075612,-0.06963937480117013,-0.17131808844411112,0.037590041420894164,-0.07078658704311105,-0.3605581222257101,0.026237291861383554,0.04656188356492474
0.33564949766265256,0.38372963675838895,0.8131249758816154,0.07498456261212814,0.3243660983890275,0.9999999999999999,0.29424044437478813,0.5633143587898634,0.7662664091082163,0.16800531162573357,0.06132109743078647,0.14652247028558335,0.24474225952601383,-0.12022339822024405,-0.11081794238153393,0.33319515664194194,0.06551279627624607,0.29721315188501923,0.08642201872426088,0.38998135920060856,0.18055567587726495,0.0388149697075825,0.026926698766856147,-0.2703619979631778,0.20027921245134583,0.02520318324565081,0.048722319203366955,-0.15969599371743393,0.05629399048550074,-0.07940433227143702,-0.05021062908138551,0.1112829024300954,0.09569150787583981,-0.06706048004681754,0.03988084818357655,0.6371253829984616,-0.0864820375177536,0.06431467878306488,-0.360093902113408,-0.20303100280471112,-0.32248650127685974,-0.036133505077931345,-0.01803113398688841,-0.0315795267958039,0.20464543350382644,-0.23491872747067927,-0.23171200619391788,0.046341964213997576,0.6655200918233294,-0.08252566874261157,0.13941701152125277,0.5058339055028164,0.3133470851717242,0.23307648591082303,0.8651011869146987,0.6892033684269587,0.4716663392473202,0.6718265545737626,0.0809147607600653,0.12062060425722117,0.14969060644304225,0.20943203694572396,-0.16772928263194734,-0.0375287030592713,0.002630604003280155,-0.12916522442608827,-0.054453504810009525,-0.0909463551811889,-0.08053445825409797,0.21651991570803528,0.1027692545596372,-0.010133475390636975,0.1935325481162245,-0.08027312359417317,-0.04992566118174612,0.0785294165685227,-0.0314792101023416,-0.03999538984537398,0.12280453210310742,0.21280403956060207,-0.2034630421529831,0.001949194652927391,0.4335246037641366,0.1992711291516526,-0.004976429911316784,0.07266517757716447,0.040559715659061676,0.0860946656395568,0.45723257397635864,-0.28909815700167557,0.09351298952478025,0.0901358161070094,-0.08827553035487318,0.08583859482495142,0.0521819707530138,-0.029150227649499975,-0.16037821422953805,0.11586995292617243,0.49306109744706833,-0.02855263744226075
0.2355606895243363,0.35733711132868273,0.4653338729201526,0.2826462178282491,0.09949048774483378,0.29424044437478813,0.9999999999999998,0.5012694946713433,0.33994807369200747,0.6189709048250152,0.41891748179426813,0.5615479693750797,0.4857027183606067,0.09069256445429778,0.17461999100328457,0.5572230643479265,-0.013661712650047063,0.18776949176258254,-0.04393759312564135,0.4441035742646092,0.19791955981212409,-0.048506774365147526,-0.036643584125075485,0.0005274227566071766,0.3070680202063596,0.26994504703330063,0.23969839479775376,0.02866577404754229,0.3777030089268365,0.08126395680210052,0.2095987498236271,0.07866542919312258,0.13716768152628783,0.0387217670151802,0.064536597647465,0.4526497591236834,0.10931702712031968,0.3711562127303996,0.2832095701516456,0.5557519359375733,0.23087837574619544,0.13821809251259262,0.15140615582570843,0.2396211615145131,0.25171491257052275,-0.021687183943093585,-0.16694230720534364,0.06608131266744034,0.5533969350034293,0.4038784553630919,0.25279463579868916,0.30533000643173136,0.47247325088016817,0.14912204890424074,0.2612657658457792,0.5035165415332152,0.5771522665236323,0.42194420640561875,0.37497345962815987,0.49877742894919547,0.45501904037365926,0.5149082940757516,-0.02237587058051767,-0.11780942605543139,-0.1349583297239597,0.06969719501371714,0.6142309907630382,-0.08213784512538574,-0.20041744307264064,0.11935201381558604,0.29936890144402595,0.20923124531517415,-0.2187666685467644,0.35220682037760925,0.056455505470059585,0.23256720260635666,0.3151709379506818,0.1562498479353529,0.1437134254161856,0.26209201592271264,-0.3929212888696366,-0.2130272956935893,0.1601461171144737,-0.13708418186426666,-0.14190776802139984,-0.3248239674690101,0.13794785696461895,-0.015795289531413445,0.48770077756046565,-0.11418077702301015,0.08833716241979152,0.04406724383487441,0.2536090604631609,0.09932855989832011,-0.023336386686577868,0.18421796338298735,-0.21754300831541165,-0.01683052956261759,0.5244291146680151,0.43316868106865064
0.3525530437192804,0.7094317992257443,0.6709011148998251,0.5738121937734297,0.5684448326657973,0.5633143587898634,0.5012694946713433,1.0000000000000009,0.4751538924063656,0.11716098180675494,0.03380908853730918,0.06622094939441207,0.10221956579121944,-0.2643708158758526,-0.23633404727715174,0.5205641736395603,-0.16959089553445317,0.2578269971761473,-0.1398932707615801,0.15860321322189808,0.014626482778830658,-0.11142671409788424,-0.3211433479413686,-0.42830213385543686,0.20635814046805606,-0.1313554935466637,-0.15112333774770548,-0.4236674214431382,-0.15451058890216376,-0.3252674045985425,0.05004134475514058,0.12185906824196914,0.09227275862501802,-0.10900145853562815,-0.18060890144449665,0.3415772858094366,-0.18334277600029183,0.11181238388868096,-0.12296058404271626,0.03433297210030744,-0.20054705032246734,-0.12363677918777607,-0.09816604598199499,-0.10050038781478982,0.0607236277701327,-0.27435945218343205,-0.3817976249087924,-0.20045327656767503,0.4107826849153381,-0.01938226439437163,0.17493813888421858,0.7227549419996133,0.4436987184665059,0.665999176126657,0.6704594741546365,0.40712720404653785,0.5865775038674954,0.5032028055160344,0.032666425979380534,0.09840747118740693,0.0794101912689031,0.1512771997973085,-0.26022903200093456,-0.19089656227312088,-0.2553358194153187,-0.3033340211173491,0.08785291492307215,-0.19259323416554455,-0.25364607505626785,0.16628111227129685,-0.06762121331368301,-0.11583537842332743,-0.20996408050896337,0.030437479516424545,-0.22941924089173113,-0.010012416012363013,-0.17467848332951327,-0.35786097598869526,0.11252822417434223,0.23017713135178416,-0.409219997448581,-0.23748502513694628,0.12960808973555518,-0.021326328515715,-0.24648522903956246,-0.22860258806385844,-0.0918096235306712,-0.31144168978746894,0.33086034358855027,-0.3026357689846694,-0.026002760103950837,0.06919772022939809,-0.005389825437363623,-0.09126453643442752,-0.12436767017022082,0.030288726702796347,-0.26937004560373495,-0.27021067542018307,0.33566970320861284,0.09410168783510665
0.10673395925225294,0.2512870349245672,0.6474508738445373,-0.05844638236061551,0.0648465712223365,0.7662664091082163,0.33994807369200747,0.4751538924063656,0.9999999999999998,0.1268158776397731,0.1690331613387427,0.15676561610604772,0.4308293640059702,0.1198937300086831,0.017175865141779132,0.3021142681184833,0.3140189632023087,0.48856164750839287,0.32714730152628424,0.5517331754547112,0.430240965060005,0.2087898254738433,0.25031761892365356,-0.19754058172278086,0.027538172224714275,-0.03019931790528977,0.14219017319675104,-0.15574466453812646,0.16990608207734245,-0.01389473772273025,0.12516594849435048,0.003379949420056243,0.06372619560865916,0.13517361036103462,0.18837821457336443,0.7109366254557739,-0.05714198598607723,0.01801105019715686,-0.22475859733406506,-0.13839177636366554,-0.1519030691521814,-0.10534626252265934,0.00781990529279898,-0.08426693522036947,0.19930307864177116,-0.12450379929939806,-0.17580713909244156,0.14340244777416827,0.6298133658235663,0.10541210026024214,-0.04344877614961357,0.27453261321791883,0.35271115882344933,-0.047730971607651634,0.5424110966909717,0.7236064550490943,0.6221312129723314,0.8974942490450893,0.007907051194593114,0.2894300560912343,0.2233746184544373,0.418108606570017,0.009104199707983408,0.1863824460561602,0.22520070946570397,-0.03894499640235529,0.06147651190636491,0.23942550042376112,0.2219212935421574,0.3841844643179038,0.2362954750129212,0.1150609289813478,0.38175950554552995,-0.19490107690315572,0.17255482787187973,0.0006375824100967155,0.10232388847115136,0.024047336333595112,0.11495372215756823,0.15511908387170856,-0.004310125670962989,-0.016649547805967717,0.3307395219293969,0.2813438167312127,0.06987105486317156,0.031066762243080373,-0.05044186716699439,0.11200527961331215,0.4381306384729354,-0.16630983857647014,-0.04210617591092458,-0.04484445093185363,-0.09794402106813808,-0.04755540214567902,-0.05677452340067283,-0.09930100927534634,-0.03023404403398798,0.22697083485382363,0.34342133263254193,0.01849627264779014
0.4192345644079437,0.2084942566734569,0.27954257988570486,0.21725721304498158,-0.05625920802786005,0.16800531162573357,0.6189709048250152,0.11716098180675494,0.1268158776397731,1.0000000000000002,0.5621678926380003,0.7903159544766359,0.37904298339591325,0.2415978216708063,0.37378988017827547,0.440993065502321,0.07912778114691012,0.06839081308030286,0.026700470785374287,0.4085173035878709,0.145016922791585,0.06446169382022152,0.10792914791077877,0.37587380674491655,0.5871800247947324,0.5021106701913083,0.45371761448401665,0.4350812707969911,0.5479428047203152,0.4042205312625949,0.3647625654252391,0.3594079560091141,0.2910410690988459,0.06517304047343059,0.21481414814840166,0.3976987769957078,0.48451325603030887,0.6853320987303092,0.5743010625058441,0.6572782267148034,0.35154972523453226,0.5796771435747826,0.47691588294821285,0.605011052117331,0.47857526023825625,0.28018211592055486,0.06351867906411242,0.15560333564093065,0.5933363788880917,0.5009293582218186,0.422915711999507,0.1501310755111198,0.39438860753034666,0.0043747793430172115,0.04014406700180943,0.44904211408306877,0.29374886994739724,0.2043339082265077,0.6796869787275032,0.6064170839343328,0.5775876061131782,0.39945504964739936,-0.04347898384199118,-0.10751975520110485,-0.0593418903588245,0.31502753413167806,0.6268205810783096,-0.038135904118335485,-0.16928359363821147,0.042991286814125076,0.34241583270082127,0.366602768087935,-0.1122192219090707,0.5721829433233667,0.22997996599084033,0.5222089909174076,0.5382357077861563,0.4409737403576592,0.355230098897486,0.47460572224575587,-0.10006052619799294,0.0957541343983063,0.33350294958756094,-0.135880488344129,-0.030967166308897672,-0.08527185944154371,0.48202598938970576,0.3010543130000136,0.4670314449772855,0.2762343371500596,0.3739637453679106,0.3835897088289342,0.5790564217606864,0.5038416709684242,0.24144082833232325,0.4575857547298119,0.004584561694351662,0.10994317419074265,0.5949048227766187,0.5361283848375954
0.16336838218888156,-0.20165159956620213,0.21127266791078775,-0.19273325223528304,-0.2930564573311045,0.06132109743078647,0.41891748179426813,0.03380908853730918,0.1690331613387427,0.5621678926380003,0.9999999999999999,0.7056624103445643,0.5050891285690574,0.5137827457730627,0.567102412239427,0.12578847406858598,0.31039380553315177,0.35233975962902736,0.36821777871462674,0.43644168646983117,0.4287940767937101,0.24945615763354637,0.3243452483009298,0.4038606574383083,0.2741558105521979,0.6018884682999078,0.36962844200082273,0.40393647410267725,0.6115590822719763,0.42833281768495135,0.24076631142631555,0.04064514763860041,-0.17965430850220818,0.2954179147118684,0.41583931218583103,0.465985453620872,0.39406968085325206,0.3111323222874339,0.46147985599747193,0.5051417150753822,0.4089213173299366,0.4308609654489511,0.3780005375303176,0.49350509907000895,0.43341651581226825,0.21482951618406937,0.08149957439283516,0.05079560741376275,0.49316974081793447,0.5746055323763668,0.06365250787051835,0.01988807747265666,0.17621949987547827,-0.263532737011271,-0.05601725136794223,0.4313663377029883,0.37954239101767434,0.3373091482285713,0.5056868206690555,0.7413118303082508,0.6524260403243229,0.5676108693607086,0.35293751226075337,0.31402487104923243,0.3316038217781534,0.4396186020319697,0.5864258889971792,0.38952336188640224,0.19226947603317146,0.3209200855796768,0.5675973163349413,0.6056902881160219,0.18450276565130097,0.35343841904739876,0.4861528725095,0.40996371725066966,0.6085268041081515,0.4544363095501955,0.24703251982912822,0.18206831235362592,0.11484679312375425,0.03539021708942615,0.23151685121400933,0.12681402958819782,0.044398500846433604,-0.06288719989228071,0.2065343801617117,0.2392977827775663,0.4818996794557902,0.22786126139764581,0.07532117126590508,0.014971537370672552,0.4532472391179838,0.30588843716953934,0.23121344855410558,0.33170493661413364,-0.031205906211131257,0.19201237897637963,0.4927122465699182,0.4153484195986841
0.33098601874790173,-0.08220659210863013,0.24072492750864846,0.029336077727092937,-0.158422316717441,0.14652247028558335,0.5615479693750797,0.06622094939441207,0.15676561610604772,0.7903159544766359,0.7056624103445643,0.9999999999999998,0.6551982134787084,0.5442933322772598,0.5695124415904189,0.32722530660776417,0.3940032116822376,0.25170763826343684,0.35586739120128413,0.520893021530984,0.47566518381208767,0.24835665170787355,0.3703831839260223,0.4523378648730211,0.39245435464075534,0.7278691024507602,0.4866175742562597,0.5021142364786711,0.6686095802821123,0.5499894898967638,0.16882944142400386,0.25657323843550467,0.12005620255373448,0.2922022104688688,0.41535091183667794,0.39202588026991486,0.43671615082051407,0.5267244532083154,0.48505770427115996,0.5768495589913053,0.38148482637311504,0.5468146893667261,0.5316802870844496,0.5316452005691363,0.44457052036537487,0.20458094092283574,0.07501664192304389,0.1650573530810129,0.5772839137876777,0.4665977282900982,0.1346448855888616,0.01893961592569641,0.3080889670830211,-0.1494771890924333,0.035389192235751744,0.3608845379278263,0.2767207078047053,0.21403671427823387,0.5370442028736245,0.707829325987649,0.7399500802906172,0.6413232669069929,0.243278742404234,0.1555510873727827,0.22193918656429357,0.451101954558843,0.579171540210995,0.26581399663527455,0.08031323328237903,0.17361539511560176,0.5819091217347473,0.5505732314998482,0.11901901534134762,0.4166186742651722,0.4744832389311908,0.5756782667519269,0.6134308061043524,0.6285746139073269,0.2780262704342753,0.3491428699154372,0.10147209354020416,0.11970179482338297,0.27842764755852606,0.06725171035787192,-0.02626912117795013,-0.0338661570779605,0.3304725515820937,0.32418152735397876,0.4394213756654431,0.2373581257259771,0.054831480453215294,0.12656088046439196,0.41141790552458224,0.41473774528096724,0.2722142336682752,0.2612647283596595,-0.06556367754029738,0.2018485390711025,0.46476906258990536,0.4101068434326057
-0.017256315108777454,-0.24171593333488653,0.23279443212426892,-0.3296564531986542,-0.3725823024664663,0.24474225952601383,0.4857027183606067,0.10221956579121944,0.4308293640059702,0.37904298339591325,0.5050891285690574,0.6551982134787084,0.9999999999999999,0.5842146878545658,0.4704361890150209,0.08164677178371227,0.5203149835576512,0.589629175374996,0.5777667986937284,0.5040972542389187,0.5374786273292501,0.49335221548897873,0.5641293123889591,0.17583580374753102,-0.07267169974823591,0.36319505373201927,0.30922115574135534,0.3758085603972679,0.4926410684508099,0.4334828579838608,0.16919278013437097,-0.10303150344391766,-0.06951655032376096,0.5466822039383783,0.4472496169665364,0.4744752606360162,0.21087686442482428,0.06911102968227478,0.09365382034098767,0.2058935866004849,0.3641350975394182,0.12649522721364406,0.3022905912929752,0.08157457998524534,0.2611995056264993,0.07307442566954243,0.198692942282836,0.39483768312116096,0.4781420073879532,0.3610507286445414,-0.26420781024802936,-0.1366974404799744,0.08591039123047715,-0.40472802568914845,0.08754795294131311,0.41928442635182306,0.4368318237655438,0.4928105937615017,0.05170335407831629,0.45729794578826194,0.498514390478991,0.8682099883820353,0.4375259040530443,0.3267198093383114,0.4021497315510395,0.4096620043260867,0.3083567599238888,0.4430593899959873,0.3904259349856484,0.491793211306513,0.500017350111062,0.5344876922637758,0.3924906969301118,-0.09882208837839386,0.3042991085012558,0.10434926084976326,0.47219131259499564,0.5009566395321483,0.12363257579047562,0.028468248838628286,0.15667957582139974,0.14915874200769702,0.18174090857457706,0.20781602649724337,-0.10976518661159512,0.05528514256782779,0.10287932730806022,0.31713427475192596,0.42524580159363906,-0.03329197720724818,-0.33049234511672415,-0.21211582380248195,-0.06291713930524744,0.018199934687096152,0.08594801811048838,-0.19872721540576496,0.03246132364228036,0.44248447493511384,0.3205044773988121,0.20556845999588383
-0.14905282142026166,-0.3995519740496999,-0.1851373964063021,-0.37962980949170133,-0.41724200550092344,-0.12022339822024405,0.09069256445429778,-0.2643708158758526,0.1198937300086831,0.2415978216708063,0.5137827457730627,0.5442933322772598,0.5842146878545658,0.9999999999999996,0.8276147738253024,-0.10459384434493864,0.6218144610433342,0.5515108482905983,0.7662241509632024,0.44014651222971585,0.7759088238668829,0.43979883030338546,0.8097026927973784,0.5374755059372567,-0.14624916495517679,0.4027259088143837,0.3880669413701256,0.5626459732585438,0.6799908681439243,0.6757835693828929,0.03935585576604009,-0.12969373183847843,-0.2794492150974176,0.6945184650182736,0.47275545020136256,0.2211687362039756,0.40707274190862197,0.007401446420033525,0.351111288147298,0.30634724216204906,0.46255614256185346,0.3003774417276181,0.3203686853843853,0.19747969186642234,0.13433897187766278,0.3684850644280835,0.3654838054581649,0.3450318246743657,0.17953594984840462,0.41568809970891996,-0.23366744754300195,-0.3166993903610829,0.0405890897346201,-0.47610256435155734,-0.28633795374566234,0.0398556627031832,0.0795855526708132,0.14908126127634788,0.16322119202073299,0.35955614048858175,0.41871245605418,0.4530211820750071,0.6793676000938327,0.6578379092735076,0.7820228960657646,0.7389873480126475,0.3121627465793147,0.7034049727432645,0.5780550843287209,0.4012470181150656,0.706125097247888,0.5475168706088165,0.5943744983122473,0.14313836838362032,0.4363858787278689,0.13159627040428554,0.688195699146876,0.6706378308104919,0.03620851347070102,-0.07876415891094807,0.42260747992296616,0.22290874563425478,0.006671730741488996,0.11817386830299528,0.007205944328177328,0.19642891953403602,0.1672698141049704,0.36778266742429405,0.19996434738289648,0.32535859684578766,-0.2104280270962351,-0.10633546151653532,0.2180659949696462,0.06829273406382419,0.17114640506125195,-0.1110161848507224,0.19945057548330408,0.40989164557693225,0.05281329595102222,0.23738254173736717
-0.043509802841393413,-0.2687886213467054,-0.12580270180719397,-0.23608664211829275,-0.325371221808439,-0.11081794238153393,0.17461999100328457,-0.23633404727715174,0.017175865141779132,0.37378988017827547,0.567102412239427,0.5695124415904189,0.4704361890150209,0.8276147738253024,1.0000000000000004,-0.0715094166646495,0.3303858587425688,0.32101562723126076,0.44578870384516756,0.4569207900678671,0.6222918355324771,0.16015609295002178,0.659486626931444,0.4770056758962805,-0.02535308381611065,0.4291721256628269,0.40693562411560397,0.5905308299881479,0.8082010080382702,0.7814034213671139,0.10274881109454032,-0.07927759871664784,-0.3345923466529642,0.42432150256970064,0.26027169263312716,0.2396892776432295,0.4331971033668564,0.020296442420867197,0.4080060041025759,0.44039293407359364,0.4615514977718576,0.37403959471325077,0.2799185015964211,0.3965107646148669,0.20970670642094066,0.48894333981040305,0.37101609607774005,0.39655771730272277,0.278324148505953,0.4584913750233511,-0.0528293096932041,-0.17752250509102444,0.08048742581393563,-0.33445702421206336,-0.2547867516494801,0.15302281313063762,0.07345429711712068,0.07944204528903713,0.44643629274910196,0.43861229764617776,0.4466642024341201,0.4277051606603073,0.5277166249487144,0.500096714492942,0.6841509310538874,0.9384363934894906,0.45401535789089,0.42482463622638067,0.2609646945675096,0.22856838534194468,0.8504308233030097,0.5040175000861983,0.3972008668443486,0.3217325713286429,0.3831523105915269,0.23414917724713888,0.8371105023144105,0.7453470892719719,0.15408489072843046,0.003640310812307946,0.18700523714838127,0.1475543870066355,0.01008090659779404,-0.05268542170132884,0.0032249687776805336,0.11174270245312928,0.2469548776733679,0.3782452349082872,0.29893333906542136,0.31090469375951146,-0.01001382003655931,0.07221257404597159,0.3394964661571402,0.17011437630609136,0.21597523441853875,0.07794847411453373,0.2608979096572602,0.46632606596466847,0.26933247853998715,0.3349753649115686
0.6293128755976358,0.5442978222980415,0.45803098548535337,0.5339191016531691,0.23898616667076664,0.33319515664194194,0.5572230643479265,0.5205641736395603,0.3021142681184833,0.440993065502321,0.12578847406858598,0.32722530660776417,0.08164677178371227,-0.10459384434493864,-0.0715094166646495,1.0000000000000007,0.07067906510812626,0.06944605795375548,-0.048033768382400824,0.18894076104563656,0.06673035553354713,-0.03589716940241077,-0.18446656985702975,-0.0921912785779309,0.507622162650594,0.2353161666561314,0.11515781193247346,-0.08485744520324054,0.0495737450817173,-0.044109696322284564,0.1935915365717705,0.6046602223211887,0.5751340216461842,-0.05308949818651837,0.12282760356234618,0.2694154112108432,0.043658693289536164,0.5391649751896873,0.20149191315741896,0.29265268303393044,-0.038942099680749215,0.2565155851819511,0.1734016443181278,0.28521783556871366,0.3935602290105542,-0.13796725082111833,-0.39331392943738175,-0.1589053163767068,0.43985060512248525,0.06933236892430114,0.6625562686064486,0.6003918187531297,0.8308600711973234,0.4199941876461292,0.28668541398585645,0.38626846671080123,0.4638258902778785,0.3254647088571259,0.3896547527220644,0.3542393097977655,0.34102440486862734,0.20873661686134667,-0.2226283236343741,-0.16444240911673688,-0.20274396421464336,-0.08891848539371666,0.374907842203411,-0.13720014104006262,-0.17522803596317568,0.11117141084770663,0.03356429439363152,0.12225357408523654,-0.13535694060973055,0.34720881200557785,0.10488102136905857,0.37426504940625066,0.005742402811759855,0.011653502646627779,0.36078607079360675,0.6041340021992225,-0.10990662414130865,0.02573200260899921,0.3175394505204897,0.12335055716607146,-0.08815380188053695,-0.22534704780269424,0.10742500773509,-0.03614659185317528,0.2773853937992553,-0.029227011850228062,0.4270548629076233,0.4567147022374724,0.38190517412172353,0.31306132175421286,0.13044138859042437,0.32713607512899223,-0.26784293248844515,-0.22672602773414413,0.37275933289130786,0.2197567149049418
-0.004800943071438079,-0.36388209135806676,0.09185475826409838,-0.46440783594359997,-0.5007900915550305,0.06551279627624607,-0.013661712650047063,-0.16959089553445317,0.3140189632023087,0.07912778114691012,0.31039380553315177,0.3940032116822376,0.5203149835576512,0.6218144610433342,0.3303858587425688,0.07067906510812626,1.0,0.563500646520725,0.8609255425709932,0.24970107807060443,0.5935772292199702,0.6841317771014427,0.7031645415894863,0.3991961669730117,-0.09749327286452521,0.45674462639355695,0.2951142666972284,0.4327777955634056,0.30631197377698494,0.4359477921537408,-0.03614480426611128,0.026396598862093015,-0.09117118321172764,0.655699467936064,0.6694947231433591,0.21399610260936727,0.28654270870671616,-0.060848545398732475,-0.021680223341860577,-0.06563231351442103,0.19963678271147844,0.17940577810647007,0.3057951033807601,0.03323387315752561,0.2520350882122434,0.08114055739840297,0.08073937280093166,0.17978645986031816,0.1558229620890778,0.12461125743411217,-0.2069243562550586,-0.20337616222851054,0.1296019621057594,-0.5197070822980036,-0.11489387036734132,0.10987725826335329,0.13794094924340222,0.33122621878567626,-0.11044924582867648,0.3303032483578677,0.25973974850058656,0.34335864739432836,0.46237162745220484,0.43925381601883867,0.49917095549238594,0.2591969478464607,-0.013048740507782194,0.7044401295994837,0.7068783825176772,0.48654943041807125,0.34176782583682763,0.490235911256558,0.6414478792823285,-0.23927952085481005,0.5685209055985303,0.20179276448946554,0.2646866162775578,0.48004698643780264,0.07243210425197139,0.07625719141748842,0.6364977628533129,0.2790596037842884,0.18268773650225545,0.5264331307304245,0.09472016024816039,0.1567663625298097,0.14468749624973212,0.4074073981175008,0.10324976166817602,0.1271402167003584,-0.3439751143084789,-0.17487638945835723,-0.06438907818759369,0.08972354835137857,0.16979807953640613,-0.17120578601774855,0.004296339735838837,0.26972604245474135,-0.024580957480229808,0.015574281148115921
-0.0013644640882266848,-0.09443061383984971,0.3150110260987867,-0.3171148046752973,-0.2666490184060113,0.29721315188501923,0.18776949176258254,0.2578269971761473,0.48856164750839287,0.06839081308030286,0.35233975962902736,0.25170763826343684,0.589629175374996,0.5515108482905983,0.32101562723126076,0.06944605795375548,0.563500646520725,1.0,0.7897871387042794,0.34866905613608723,0.5527966722985321,0.6727214114569897,0.6155782430523831,0.005584938612222526,-0.20012170235455262,0.0882897136358417,0.15710870440009336,0.19164940444484097,0.17198634486665498,0.25524442578590945,0.10010796196475914,-0.18932830411490217,-0.18924558692751078,0.7748068967909203,0.4817779180488988,0.3806331336527984,0.08141341115951259,-0.17220331331190733,-0.0967242781707758,-0.10072344020521715,0.12983959700166706,0.019556730639287503,0.16344636684877728,-0.1823788393929151,0.13472313569682856,-0.005983108697819892,0.09809980419239799,0.20970667357549044,0.3029159356228247,0.1325514061146242,-0.21866938037698083,0.09118340386473843,0.16628069978933888,-0.24458676525905648,0.17255037434023715,0.3242997303056831,0.5352071230880324,0.5881153889188626,-0.20141001839233885,0.2211300665897649,0.17333666555567415,0.4910026431048115,0.4457067127248812,0.44021513399999673,0.5386420881076172,0.25634965977086666,0.007047636527661327,0.5728434211340967,0.6439110562995887,0.8471954510958443,0.34418480128303663,0.3955600541029364,0.7022004636927427,-0.3032444793654835,0.13945308677614968,-0.12422121636030152,0.22034440055182017,0.22166664970584377,0.11679698639120542,-0.02154208850614972,0.2895261961224701,0.0975120342394385,0.0597057781875007,0.24703684341521603,-0.16950451636960612,0.06541012800096013,-0.026386320000294478,0.10953581511259593,0.30774871257998376,-0.13896768038202437,-0.3302561174014713,-0.21143302265534342,-0.11138522547084312,-0.10141277082183114,-0.04733527456470399,-0.2779891406101373,-0.038354781808710645,0.36026092373993696,0.1558158940309491,-0.007197795209719726
-0.09149760573835328,-0.38455276001803357,0.03987286810127973,-0.49265372984765543,-0.46249200154283204,0.08642201872426088,-0.04393759312564135,-0.1398932707615801,0.32714730152628424,0.026700470785374287,0.36821777871462674,0.35586739120128413,0.5777667986937284,0.7662241509632024,0.44578870384516756,-0.048033768382400824,0.8609255425709932,0.7897871387042794,1.0,0.30518843174215043,0.6779253336378435,0.7234367465390752,0.81609736203649,0.3590774608953586,-0.2510881081770813,0.3279895956749349,0.30054968574321833,0.40971115805982117,0.3033513699371517,0.46220037538874015,0.011861914575116456,-0.09017505619844106,-0.18924244648116798,0.8205206808498522,0.6600146656322146,0.2594587288078245,0.260715003160761,-0.1329961759330557,0.0020501351010846357,-0.07786045028329895,0.23765676404723984,0.1452704787007961,0.3005490097060025,-0.0450405613943202,0.17759376640621796,0.12888032819909354,0.22978027613712454,0.25421058625642384,0.15679835599764136,0.16536550689884713,-0.3226981010134968,-0.20649686863515299,0.06622351873110166,-0.4774542001180669,-0.08572193939756563,0.08410121035567136,0.18619296940239874,0.3423421400102888,-0.18937518671907824,0.261779172186392,0.252937566512708,0.4247242249601274,0.602144811464306,0.5707079944111373,0.6564759113914607,0.3691831912609076,-0.039626485918689655,0.7669852528045675,0.7826729043944933,0.6337597127264805,0.3869264989854553,0.5334675105035317,0.7868402382378448,-0.2665750058258002,0.40801935847379744,-0.0009867304130239474,0.3169141417840535,0.4581878945726542,0.05336096623144415,-0.05816488545318421,0.5944716640323343,0.2743915735530581,0.14636269432482651,0.4372643243092324,0.07462238440283102,0.2626181906382064,0.08082437190606326,0.3472845603808939,0.14526094842918993,0.12767496610007714,-0.3577670319824026,-0.2381495687444267,-0.07235114684405879,0.013726474232561086,0.13383522640143933,-0.2716738044194776,0.09423656809022252,0.40137852500301036,-0.05773097798004702,-0.020367934542043005
