0,1,2,3,4,5,6,7,8,9,10,11,12,13,14,15,16,17,18,19,20,21,22,23,24,25,26,27,28,29,30,31,32,33,34,35,36,37,38,39,40,41,42,43,44,45,46,47,48,49,50,51,52,53,54,55,56,57,58,59,60,61,62,63,64,65,66,67,68,69,70,71,72,73,74,75,76,77,78,79,80,81,82,83,84,85,86,87,88,89,90,91,92,93,94,95,96,97,98,99
0.9999999999999998,0.12252541421994836,0.26579834763230836,-0.01056519555217079,-0.09947026020001694,0.30469943380084236,0.04484940312150811,-0.008442773099354544,0.18389583304076454,-0.024712651622813085,-0.010521372903459673,0.15044471077017812,0.27034797754410617,0.11185026549195867,0.2053380131456428,-0.024848603221553637,0.047192507392390184,0.07113218758797386,0.16141829043869166,0.038119553927621716,-0.014169580307632487,0.18184133648585973,-0.06695424773178993,-0.20655558165762353,-0.04144798028043077,-0.1961324892377559,0.01585737108763015,0.22109318780609266,-0.01179540681134072,0.24346826022444373,0.386603783604661,0.2921602953962575,0.144672985757062,0.003526250705554843,-0.1163483791283735,0.034127545073567266,0.007033374405122855,0.13545267957502927,-0.035254507629591265,-0.2167346383785099,0.017677146521757614,0.2507872782995895,-0.012834745295700214,0.19772661435027422,0.02678611006409199,0.18842249371052805,0.04523233202918422,-0.0736667893072411,0.32166333862627006,0.14258815110296333,0.43785201017739855,0.10015354915030596,-0.05748028594477053,-0.21762867945520228,0.18166775782498654,0.2579294065669561,-0.07637090723547801,-0.04636138755093679,0.01452557582009559,0.1659635958385956,-0.04206597615961415,0.36387557519708186,0.2681433834525861,0.31949897889620765,-0.019659129608585475,0.1247785488690159,0.03674453568194044,0.09006749453983186,-0.05760990243545198,0.09670841590873278,-0.059914727870110346,0.30173412097998276,-0.1945003736365441,-0.1679012903407896,-0.08034665069010594,0.029132751206197308,0.1131245006753534,0.15669389953177046,0.3792091700745238,0.14631196695698875,0.029073801803873117,0.08953724030572019,0.015047663286011214,-0.03804524035376182,-0.12743487243103482,0.1743195565377159,0.0427501860258583,0.12758659622098453,0.08231522836739888,-0.09568018969396881,0.1585487724730864,0.04007533591963785,-0.0892196621884868,0.12723401887899888,0.083168448365103,0.2868693138356946,0.13824041882511307,-0.051342622779348514,0.3883870411112564,0.16197098149130404
0.12252541421994836,1.0000000000000002,0.6127486441324221,0.43061543801132485,0.43777500584288376,0.49479198336808317,0.5292345033271862,0.5697421431394901,0.6079116517608082,0.12873215082871703,-0.12247434104227169,0.013942656458778813,-0.024555347378390983,0.17069887561002448,0.23473178863962205,0.5892705206352007,0.15722352344998267,0.3973085281753265,0.42389910246864904,-0.028966022706113575,0.33627010371973265,0.18513811081243833,0.25416544497650556,0.03781235654214732,0.06205845268752661,0.06897576145142363,0.23577713450897134,-0.09495219960823782,-0.04856036919624329,-0.011407812182588416,-0.06721589539879894,-0.07732052121841505,-0.1343000253567568,-0.3411252050967386,-0.09451379664404438,-0.12774014307710163,-0.35305469619253393,-0.20294547579056274,-0.21422520722292437,-0.002778350874788789,-0.24887817801427395,-0.2540658901615859,-0.24941335893730798,-0.3727082672619016,-0.21919957770151652,-0.39942681011132936,-0.12361117108496766,-0.06558970233583922,0.04548009650877062,-0.2654266977433507,-0.10830714841055279,0.7418679214179883,0.3895256392387315,0.06412860960406558,0.6044029191011245,0.5170226165599723,0.54430883113226,0.5987407936903899,-0.028835879744685617,0.07532423081854163,0.22299034739096243,0.10597055469347104,0.08437102702004726,0.24442161338475327,0.24826503574187528,0.1647492343940122,0.20844181426693606,0.17098124377323984,-0.15974961460900128,0.16650742506904556,0.1971898111581285,-0.037768054416718294,0.19426347163523086,0.2024840834953337,0.196064022664705,0.004763725502909498,0.19297750623861498,0.02993373804258652,-0.22078244659855395,-0.008177046370470342,-0.1435539681247909,-0.5305896721547619,-0.417709606637028,-0.020259961866307706,0.18824430158283223,-0.20599412128523092,-0.2361937173253031,-0.11212892894987651,-0.24430403453983812,-0.3507578111792372,-0.3547086268420065,-0.2586858053192641,-0.43086505316315776,-0.3466647078647989,-0.3272980247373478,-0.353742785195818,-0.4926687650813484,-0.3294410275559958,0.3162574875765449,-0.27947489863159547
0.26579834763230836,0.6127486441324221,1.0000000000000002,0.07756536158942491,0.16574756821268605,0.8304828178351511,0.5679433200073586,0.6575973957864379,0.6731633159177197,0.2914048544766658,-0.08996828535260265,0.08131295368352025,0.0709998415360457,0.1310644638858901,0.20678136204619318,0.5336977123325649,0.07982821215970229,0.4214764599041398,0.4273908534107956,-0.1355606397930672,0.16092212847299667,0.19295438983134539,0.2483184240535053,-0.11229987947543386,0.09294828101271982,-0.01679765347573552,0.24869129294572886,0.1642754293613423,-0.0034804859754676014,-0.06888337181969388,0.20128292002804685,0.16503134079074808,-0.11234439452512016,-0.46982503376329354,-0.3318544633695587,-0.33606141521298516,-0.3704248959529626,-0.22055918608640884,-0.46733415039151743,-0.29354375698012963,-0.45116450324253005,-0.19743888255854802,-0.2664440353294781,-0.24047603670516232,-0.1531705735067523,-0.4453414785377718,-0.33099982545987633,-0.11391895897575186,0.11530165153915671,-0.4378198488313713,0.037189157331869664,0.7158178134436463,0.1250844957104859,-0.3298852157079118,0.7767147041738823,0.8479200013225544,0.537807820285358,0.4908943952588939,-0.19096942252591168,-0.12668470382739466,0.2367009385612954,0.16532498481988842,0.1842183183309208,0.11738083097810387,0.061171987563572686,0.19340179602947294,-0.015242356910319223,-0.05787028848274083,-0.2555554480238727,0.3510600384007146,0.114516027811425,0.35518169054629783,0.06535548546171403,-0.06667290420930537,0.053124101532998125,0.16825399613699446,0.2809916672133985,0.02374308076189089,0.085550207296779,-0.037946822028304496,-0.0940518823647217,-0.5801410909815612,-0.3295897315619559,-0.12844333647938888,0.11841806557654792,-0.1798720644406183,-0.1938096412030707,0.03831843869730596,-0.35864315766485483,-0.5807463031213835,-0.3200140733739531,-0.3869477724362881,-0.6244056989241928,-0.10525260243733331,-0.13359258371294097,-0.07750479596106088,-0.3881367741300502,-0.11975709034031973,0.3670430739518962,-0.37494505322584876
-0.01056519555217079,0.43061543801132485,0.07756536158942491,1.0000000000000002,0.5974573559031136,-0.04020119175482801,0.3967028451873938,0.3461064267550068,0.25270928870979964,0.1977514802959601,-0.1299130691561318,0.04547972672924458,0.22207063466459948,0.1456345861062019,0.11605913509551252,0.2422225710253953,0.14905736331103292,0.1666807474288439,0.1657020422807615,0.2404643163615164,0.3540482238905288,0.012911796013085926,0.07616352013965551,0.23950570293743245,0.07476962277702405,-0.03103307428727247,0.17538875118869507,-0.03164134936355504,0.09854889404389457,0.3624972983144909,-0.15600182823284126,-0.11998451503412569,-0.09438106320327454,0.022527420415398843,0.1967170269731163,-0.136965744333265,-0.1217973582022639,-0.13672292149724144,0.07324224896595252,0.33286723962516335,0.036639861063219245,-0.03166732020593009,0.03140315464468799,-0.16178756891158583,-0.06855440497130717,-0.11779186546408796,0.07405912767104308,0.12853997359469613,-0.2565331785634797,-0.15169500588670287,-0.2112035573565979,0.19183437137812834,0.34256881592056493,0.6500712008937582,0.24030791234863955,-0.011438119256562185,0.3869235527009494,0.39405850699262435,0.16396850191767948,-0.0697985577861597,0.12533765681020598,0.06570680359090782,0.2577038399400867,0.09555409453707624,0.4322281086089777,-0.07859593483002708,0.34311415113965,0.2632466665509949,0.08705451580719244,0.1024243928567104,0.33611548219186127,-0.04100135067226488,0.005954433423295496,0.24568240836181302,0.1854743829124353,0.14549440174613265,0.07496441212461488,0.1596585875273303,-0.3259689494801098,-0.03360154201857533,-0.08039550363405391,-0.16323371694612626,-0.10307584182621667,0.17003756802758507,0.321093592469096,0.15154982512895285,-0.34501761529067726,-0.10695411074508976,-0.08827254311418957,-0.07176214989571927,-0.2026418970679824,0.049172344597237745,0.01935198871301417,-0.2822527991237576,-0.2082526046457436,-0.3386857113129612,-0.17282524629432017,-0.027796614660374436,-0.08507072549722401,-0.18801228931140845
-0.09947026020001694,0.43777500584288376,0.16574756821268605,0.5974573559031136,1.0000000000000002,0.10701939239305976,0.24286333673678498,0.17350510014514373,0.2230925060843917,0.2901640715078862,0.11377945706054159,0.14387864708951262,0.24695682826844814,0.2676304726409478,0.2740951484476574,0.1522297866857154,0.19157711557027096,0.055590587131769224,0.13353510865125176,0.007070796918610163,0.29130723177907736,0.10253027181587589,0.1109011301533976,0.1968891315883487,0.3550018318248388,0.17906499297294215,-0.137261327220201,0.0003341410977140398,0.07953604899849555,0.3560365924185206,-0.17706699223497657,-0.30134406899781674,0.038270661466310855,0.057679720034502675,0.25727423877550093,-0.15160105338982408,-0.01808030741247548,-0.07398717131632984,0.14442792695280043,0.21629261413263556,0.0311417856784686,0.07948731387356178,0.21243327502673479,-0.05012623303774751,0.029029024549171133,-0.12555758639202977,0.1991999218756843,0.029050841258582073,-0.08381906880690645,-0.12637291406779022,-0.18074092609370287,0.32845056466611466,0.2566667346819742,0.5465054639563797,0.271968340604561,0.09414586209568965,0.2561347247323524,0.3145596408376986,0.15458958097537356,-0.11960360574713132,0.1630778384343597,0.05251324720139166,-0.03636849408742595,0.09675901063102278,0.31312823083169056,0.08880200857162618,0.07495064190882256,0.10753474393224582,-0.1623927785295143,-0.07114635179407212,0.07711704490284715,-0.15562735369949862,-0.10680379484614612,0.12037934838343617,0.13505070447230497,0.17633651419079455,0.016685842304403085,0.12712875909250443,-0.3765836924807507,-0.07137493189307997,-0.07083003961916033,-0.05894785782533166,0.055902635961034064,0.11500049455953008,0.06731607153998402,-0.02304580080957726,-0.06137121494021339,-0.00261319966194253,-0.16404535208276239,-0.03324461955815556,-0.16560533630187058,-0.09506036999700646,0.10525906506063787,-0.09252004785721342,-0.2518301306531822,-0.22275795180720895,-0.2426218512530586,-0.15790907862222936,-0.10568011866610662,-0.1610195584783007
0.30469943380084236,0.49479198336808317,0.8304828178351511,-0.04020119175482801,0.10701939239305976,0.9999999999999998,0.4754328274737703,0.51062280982084,0.6464527241400532,0.16057352987186568,0.005352307903917764,0.04594594316110224,0.0835246201856398,0.17421751384590947,0.2489138635353303,0.3183609485039758,0.018630396804713602,0.3419311762406414,0.41820022382285477,-0.13353342513423613,0.13647301656309613,0.2752165523436732,0.16456100487546152,-0.18245798493926646,0.014948391523260595,-0.04139439697664075,0.007159815354804643,0.05682018421566774,-0.18137016680409046,0.032922823132700486,0.2603707307224105,0.06566354744270736,-0.059137944213083625,-0.3246095045184891,-0.31361624314430875,-0.31424680213118633,-0.38181442452236186,-0.14756145636502924,-0.4386108978698467,-0.3975229203330273,-0.26775269146045366,-0.1844434220218803,-0.2134817932309505,-0.0741289003634569,-0.028819877538209072,-0.24417190547887002,-0.27244288635640324,-0.18925661814808986,0.3657440001998957,-0.2385890453855038,0.016424193190622837,0.578219407437898,0.04191838082345062,-0.3896459845555547,0.7900530126489174,0.8840159691254245,0.4264588466350407,0.4207674615731216,-0.14480198862003796,-0.036021305870301494,0.12663198647603588,0.20116775451244473,0.2142582434953915,0.17664071907245388,0.13430407112921153,0.2526936419358103,-0.13018325661319666,-0.0942629656926972,-0.4347331434646872,0.09803173164007203,0.06173645986677923,0.20647043946452628,-0.01679035574130891,-0.23638238270475387,-0.13484469126118998,0.032481862707848745,0.10040710516696962,-0.10555581444040923,0.08065428009699055,-0.06365344796686204,-0.302343798145911,-0.4248641581528924,-0.2174805976444794,-0.10631081019233024,-0.10048297729814565,-0.15971421880986078,-0.20239040274673717,-0.11439476834147382,-0.3528150630130185,-0.6241722285324856,-0.26465113106670407,-0.4179291713778641,-0.5815707136100897,-0.1520484014887371,-0.18310453381507097,0.032605131437846935,-0.35990853506354475,-0.23195638735219637,0.48997456186582156,-0.17800725347829763
0.04484940312150811,0.5292345033271862,0.5679433200073586,0.3967028451873938,0.24286333673678498,0.4754328274737703,0.9999999999999997,0.7956904823407126,0.7367438302608168,0.17002092844689637,-0.1550280850280503,-0.18908600863833677,0.129704961911324,0.16582630069746485,0.26714824657444725,0.577334967604282,0.06009443019893123,0.6597074590350771,0.4663575232097554,-0.028137269134528756,0.40164086064980214,0.2627244915196304,0.4583588075439462,-0.15361594749092133,-0.07204971949022936,-0.1761411118385758,0.21454614282211948,-0.13028278012387118,-0.023771744225147835,0.03335139491369748,0.09124845521192726,0.11065601951431397,0.11828317595222071,-0.22613774430449224,-0.09677658196048579,-0.22021013628764846,-0.12916887612367176,0.05143710080924435,-0.050962016582025794,0.003958502845085694,-0.20922135732393995,-0.13732787433458843,-0.09390327088666518,-0.22385698214288574,-0.24461370817478523,-0.21113699106395542,-0.025870725218772685,-0.033959505991901465,-0.20426896694631172,-0.18509293555003228,-0.08444099019645537,0.575283687528492,0.3627958689419555,-0.07302218504489899,0.6304215215921256,0.5745729661987192,0.7562293194838667,0.6366266198616732,-0.18970130641462887,-0.26366453439132204,0.06261719924858088,0.2630177052366219,0.4130862167908825,0.24692192730774284,0.4050380715135659,0.19712008136678652,0.16663641359288692,0.053948596627932034,-0.03955840228585394,0.4956873799501604,0.39038172916874864,0.20938162308520117,0.1022421262411142,0.07991937173111878,-0.13482113928063905,-0.09110129637012078,0.15935092572371456,0.07901736220741207,0.06870468680493469,-0.03814339855341493,-0.09580039826945566,-0.3362355840691213,-0.3529307658368877,-0.014761869194206858,0.04041971284117848,0.13791864487374864,-0.1292842734570213,-0.1052493836968423,-0.13024348942438196,-0.3250049516356094,-0.11033138301869339,-0.13890535881735164,-0.2898595969916746,-0.11873600063612758,-0.04394492260888417,-0.19136780577611046,-0.22665522188549422,0.04240666827144602,0.12838533257895168,-0.09743193525313026
-0.008442773099354544,0.5697421431394901,0.6575973957864379,0.3461064267550068,0.17350510014514373,0.51062280982084,0.7956904823407126,1.0000000000000002,0.8375145550816392,-0.04719950087658093,-0.3232211896182705,-0.24425957675471252,-0.21791912116426862,-0.009951952737452628,0.045486744120379986,0.5944185681772172,-0.09018469356461009,0.6175669095304772,0.3616993795366404,-0.1705554674983318,0.11635070330952874,-0.054170194059457354,0.17001621982072032,-0.2260120992131949,-0.23399871341708606,-0.22241395246585874,0.21588431629005234,-0.16819955822186075,-0.2066574066206462,-0.1379741702088908,0.11445936730455278,0.22655548512058052,-0.07364753108943578,-0.4831718480839769,-0.34041991364788093,-0.24398392744186967,-0.4028953510755263,-0.04989785879546454,-0.3736249729140335,-0.1772713839342003,-0.2439229724734585,-0.4373589102585463,-0.31346783928013955,-0.3010036199810226,-0.3711170266825663,-0.3357497796349508,-0.3315990719088799,-0.22259778232889563,-0.17434937797180908,-0.30247517975969757,0.10028073545461412,0.7111471513035931,0.4846428287535428,-0.009787877974587635,0.6242912019300049,0.6399601072370114,0.9207568531756374,0.8314636634828986,-0.366135926476491,-0.2508367434678779,0.013116101598460342,0.04139649611948612,0.291406413138505,0.07063445869249195,0.1900517045026309,0.031449387394205074,0.23173224689657135,-0.08036616774796122,-0.1283867894385457,0.43417063532894384,0.2280945586133642,0.2629511470613238,0.03117394135381412,0.0006294239712801868,-0.14945690858300995,-0.07822858855378498,0.008251482193832342,-0.14884229110067437,0.11682174053190032,0.17327682058496482,-0.1460404856616609,-0.43536342113732907,-0.48125562940293615,-0.1642904200501769,0.07042127213968194,-0.05652730889786043,-0.32532604929154846,-0.1452237801275488,-0.3231105795804153,-0.3977122408128982,-0.13382073109349332,-0.07102591401237206,-0.4583191952148336,-0.048450678770688746,-0.14774111369803816,-0.1452177540629941,-0.334391052430731,-0.06859815963835991,0.1574121189323155,-0.2123005220751677
0.18389583304076454,0.6079116517608082,0.6731633159177197,0.25270928870979964,0.2230925060843917,0.6464527241400532,0.7367438302608168,0.8375145550816392,0.9999999999999993,-0.0492105395303655,-0.1847951829522885,-0.14629364224763738,-0.024209056948773875,0.0812836739246341,0.235534689575487,0.5257847681347592,-0.002481431948070887,0.5164075158290982,0.36980075898868486,-0.30766396784897265,0.09108812344969687,0.1690305570369902,0.13821918310386694,-0.25778518921029003,-0.20665901187253038,-0.22640792990491898,0.12427921597345985,-0.06610177311952171,-0.19588894710072705,0.025051541572410248,0.1548669301767544,0.11875185881099004,-0.06541156887784953,-0.4016178109815616,-0.37276782207782666,-0.18425468927157818,-0.3380458600314017,-0.07920526422649919,-0.3066329217531035,-0.22165066134445074,-0.17965649593703897,-0.3358467705308684,-0.2667931703524356,-0.19451669952183584,-0.23944695328637863,-0.23802833834401824,-0.267935206761754,-0.2992801372394392,0.13501002891127437,-0.18254149894412672,0.21323983439091426,0.7639766695331756,0.450341626475823,-0.08599172501164899,0.6432673041879441,0.7454678859592452,0.7998726463096563,0.851946028285432,-0.1793820528913078,-0.13573775727312626,0.017442549449134828,0.20564171109004656,0.321161897399667,0.20375968534853045,0.2517739840924313,0.18417703792915674,0.1287008071995431,-0.16937305602189454,-0.31014148644783424,0.23299114708666296,0.06313106595456064,0.21115054928696983,-0.04454813921694204,-0.11663539206689125,-0.19250456697965665,-0.05615154370843524,-0.020115077942619863,-0.1785769126365082,0.13699522196415903,0.15069753505305747,-0.20785640592631796,-0.3983808858080399,-0.378799830180715,-0.2181618127463976,-0.05716497997744008,-0.13935316697659214,-0.22114453991230887,-0.16543757596603162,-0.32215984440283657,-0.43824348939287616,-0.09448804445953071,-0.08134347330720666,-0.4512490643273126,-0.059809239475357406,-0.1744923245572103,-0.07296675984226499,-0.36050789030227864,-0.20081531656484233,0.36780769350408016,-0.11897999150248563
-0.024712651622813085,0.12873215082871703,0.2914048544766658,0.1977514802959601,0.2901640715078862,0.16057352987186568,0.17002092844689637,-0.04719950087658093,-0.0492105395303655,0.9999999999999997,0.2922485486896779,0.5745727553863047,0.3336331433079062,0.37712990423946424,0.3822194109942633,0.2095837882516804,0.49466701019076437,-0.031036552074138978,0.2860414267294049,0.35967419645588367,0.5147856851953325,0.2610895091219108,0.37019007490685557,0.5070594286069972,0.6470088463967744,0.4031737351049502,0.24947407566260155,0.2714834633877322,0.5701564508266336,0.06721049930103692,0.0002262926305258528,-0.06898489441900173,0.2585138354952449,-0.06829400569838556,0.18374547822212833,-0.12625532409152304,0.081378457249918,-0.14671797771042955,0.18450804558467226,0.4063348018123222,-0.23473604660036645,0.14474352292609668,0.1339837672153946,0.003478132750022168,0.2123815970139896,-0.31702841589282876,0.09037899071980711,0.23314153605991061,-0.052616968736405555,-0.2996244698574359,-0.3045097501221288,0.014966235190337506,-0.1898775074075826,-0.05408051767222491,0.2247829950574237,0.03602503952907459,-0.08735744911415988,-0.14459503879326768,0.5864574386666132,0.13032905398524702,0.6413952435260135,0.1280078587743094,0.05445705615313761,-0.03384928447037661,0.16186778077480696,0.0690906263774349,0.3133422624543923,0.10167748095910051,0.20459881365276794,0.19857563324931976,0.3391516111260229,0.2536161653661793,0.3138482966382362,0.3987643036792351,0.5880975370650532,0.5191823988685242,0.5270865797012172,0.28419623447439674,-0.11360780198592156,-0.29811792696883643,0.14060467652226283,-0.26227310648698204,0.18599878047035132,0.2763132064683014,0.3830107347684519,0.11656744021779648,0.08583846737232652,0.16738010816113286,0.0664582105322012,0.00014291769046818575,-0.41686952236246294,-0.3539552982384713,0.10868626453764071,-0.058950711446356226,-0.012249508687309396,-0.05846370185616784,-0.06780144326913419,0.13015077448234802,-0.03073608891437653,-0.24978990118335972
-0.010521372903459673,-0.12247434104227169,-0.08996828535260265,-0.1299130691561318,0.11377945706054159,0.005352307903917764,-0.1550280850280503,-0.3232211896182705,-0.1847951829522885,0.2922485486896779,1.0000000000000002,0.32838510258156456,0.2209979099406495,0.4310846589348609,0.3668875016268439,-0.13690325496772715,0.28396344864063666,-0.21121511523360245,0.06811216531056437,0.01020369787518169,0.1976706053085571,0.2682708893207015,0.27579000114013996,0.23285845109160253,0.34755739149788156,0.4386516536587937,-0.16581117719538885,0.28021990938353997,0.39825787014163694,0.15430498026822895,-0.06797160134907805,-0.17271780636284095,0.16249853006255024,0.21466213068839393,0.2659168778549515,0.09766938840720449,0.4594485494899284,-0.0950984368199985,0.19810141769746303,0.11329913678167494,0.03686783433145335,0.2238797583651518,0.23961860531498316,0.056591021242935906,0.09452186975990474,0.090327333467597,0.15547087919521224,-0.08245123788143906,0.26045685044117994,0.17913216993989065,0.07946237950392962,-0.22159373564490692,-0.17622344234075565,-0.05623737072955827,-0.06371972128316378,-0.13770321936396418,-0.27176774534023274,-0.13835039088761572,0.29453311431570756,0.29624095357998304,0.2119408216965698,0.1416170110727318,0.08686111500552758,0.16515573304165093,0.06132166705001212,0.23641364789931438,-0.04687642425425642,-0.1403416420033521,0.042626004784964984,-0.1825025521061067,-0.015240067222365835,-0.0164126163932079,0.06939427359723252,-0.06597536311360536,0.1070667049195012,0.3258354159098691,0.1545179589906152,0.16533544878741713,-0.004117373826813547,-0.145917858797659,-0.07365447937809401,0.07559574430856392,0.03259260185876706,0.2476702021716891,-0.051885303845836624,0.07209045461052684,0.4127741043317918,0.16642742520815126,0.1574120061948481,0.07633770025632027,0.01205252506936973,-0.09343573309720946,0.204558890099938,-0.0922442317783163,0.0238643739630663,-0.07169317994305775,0.06707677779280297,-0.2244828391520188,0.08369817529889137,0.15552362849579823
0.15044471077017812,0.013942656458778813,0.08131295368352025,0.04547972672924458,0.14387864708951262,0.04594594316110224,-0.18908600863833677,-0.24425957675471252,-0.14629364224763738,0.5745727553863047,0.32838510258156456,1.0000000000000007,0.24275226254374038,0.2763484329118455,0.33852677337552683,-0.1066572157509119,0.48807683836841564,-0.2478101788172696,0.16997470511549556,0.27665584402384114,0.26109166259107275,0.11090037491809654,0.1722318434896554,0.6405170322555976,0.5893239963746084,0.6436868756612129,0.0849266446545056,0.3969727521009938,0.5695995451934593,0.08515126570107769,0.037572274389158,-0.19754676270859844,-0.03606939911342331,-0.02551693510970712,0.10769453455978163,0.028190279926052334,0.08950096608021131,-0.27843723894138556,0.17288404871608434,0.34370154304591016,-0.14455283371269978,0.2267218124310324,0.07591240614726882,0.06574909571193199,0.11489487384008745,-0.20688485712696955,-0.013537211733470658,-0.0007293757865000648,0.21772560059526969,-0.10765874160302505,0.005345829386797585,-0.09359442713922973,-0.09561489997279597,0.04958490934790906,-0.02459804514179473,-0.08534789463873306,-0.20782257179209784,-0.1914401433667168,0.5417118344609374,0.2483208789641115,0.4921563647284314,-0.04980972768017085,-0.032171146065120886,-0.15058220428750244,-0.030657291312710683,0.07808387438750246,0.4074785169742656,0.034882844440493686,0.21374690204899346,-0.027653977179344445,0.17428766945607738,0.35854852467021897,0.37240391869740624,0.46253996938660685,0.6171725275154398,0.6425098401483086,0.4624224427780873,0.3588774666257409,-0.08941209508435767,-0.16179429517309846,0.23469238207270102,-0.1091248737831353,0.1292830904000021,0.23672855117608005,0.3590019435813798,0.21237679158491027,0.14745923891102317,0.3371358657785246,0.1171488685777908,0.1994797831697269,-0.14404235091709622,-0.17629999358104043,0.1463007326302132,0.10527113252152336,0.09090517961378869,0.049597491869272564,-0.03022346492407852,-0.04863585522423297,0.09002482480545211,-0.18520720559537387
0.27034797754410617,-0.024555347378390983,0.0709998415360457,0.22207063466459948,0.24695682826844814,0.0835246201856398,0.129704961911324,-0.21791912116426862,-0.024209056948773875,0.3336331433079062,0.2209979099406495,0.24275226254374038,1.0,0.4074200269541715,0.37359709784900313,-0.10201141687403537,0.30477991179912245,-0.12501154350273042,0.09379775023946708,0.10108809547314632,0.2672167714169636,0.3527521611783571,0.16901443301741206,-0.011510778036307994,0.2742804939066696,-0.030019505440459553,-0.01002024197849761,0.40101284424925093,0.21473743392014294,0.463786587507684,0.3471385734789059,-0.084692816470439,-0.03272686310590158,0.22766274995565156,0.23970319047166413,-0.023529741130162353,0.44724728441875633,-0.024960756599783602,0.3118505859593106,0.1261385701715379,0.03301691318210419,0.47467836933297963,0.32910465967885577,0.3570387809527995,0.4779419580895482,0.2680121082082733,0.3523724348252597,0.09222175292069318,0.09555629956959634,0.09903843041912173,0.045771520614322915,-0.19088422273860708,-0.20844576764400458,0.12874308805270232,-0.053170862906180096,-0.040956259415783486,-0.13366445392035772,-0.18132321321932846,0.28849429428775086,0.1668898005501233,0.18810066581030765,0.5844343802527433,0.35830598194983015,0.2883743174045703,0.29342087730374206,0.23724886983900914,-0.026248362875307414,0.22646299193105968,-0.029981455293100416,-0.01642131146846993,0.12184441817279325,0.1220893597025844,-0.07315382872425508,-0.11355419415315196,0.010925647625119416,0.17394414901406496,0.24375744790951775,0.33827232261314655,0.04654175336182401,-0.23198175413720953,-0.063898751694455,0.1310705897953124,0.40096963213880094,0.08633040599311302,-0.049184577431366526,0.1551827987840366,0.26787683950100827,0.24067941869144802,0.13063562011140717,-0.06510118524665955,0.0004979773565899644,-0.07120048914231457,0.22171553138879163,-0.09309098877463805,-0.04391313988904191,0.2498421235890362,0.2980675676519843,0.05102150578388571,0.020039161232339297,0.10336229658238319
0.11185026549195867,0.17069887561002448,0.1310644638858901,0.1456345861062019,0.2676304726409478,0.17421751384590947,0.16582630069746485,-0.009951952737452628,0.0812836739246341,0.37712990423946424,0.4310846589348609,0.2763484329118455,0.4074200269541715,1.0000000000000004,0.8080803675739376,0.09846231974759251,0.6449993934055291,0.10512358124142133,0.5802490787387882,0.3496623638197146,0.6781828552036662,0.37807947806748854,0.4240015620262639,0.1153385037967746,0.29934209979105686,0.33474905514145087,0.25992397339887563,0.31805677486594347,0.5716869294704596,0.30572185749446706,0.20915101129324737,-0.15298196022656238,0.08842653812700403,-0.0013725242474850474,0.2060306888653614,-0.07414922768515353,0.23140747222768893,-0.08415256688656973,0.09508514438199325,0.15361615965159087,-0.17995351911576793,-0.055703818348382485,0.014545847870302948,0.14747129399409473,0.2244313459492864,-0.007749741831836797,0.07125571986604223,-0.03600926912001494,0.2203437760193726,-0.06325868888301403,-0.02629354386223302,-0.036164529729484855,0.004397028528262994,0.08147965290308354,0.02160565761170041,0.09445742420310418,0.0734944567105052,0.017978745078198313,0.29802651351902726,0.23506332009309938,0.4267668892015357,0.30808393156877206,0.4500082436614951,0.42286626245223885,0.4382019879814489,0.5237008827706061,0.27305022517549954,0.18756987353614854,0.24443939408481377,0.1880272950773831,0.5625498489182135,0.2391780294330825,0.3152513242593942,0.10436365008130982,0.16779038117498585,0.37901905774984923,0.4695820131992799,0.44300922878617943,0.01581595032314767,-0.21647105941557712,0.039905915740462726,-0.1284863219242947,0.0011222953261401394,0.09950247930683627,0.24767260945593536,0.12633088150292843,0.15199636553593665,0.1183222945554822,0.1177150553739093,-0.021251218400231694,-0.12715977064573325,-0.3032458065857119,0.006882722985379526,-0.18515243203385803,-0.1352112178416267,0.03291740035381041,0.06028084042612655,-0.2974352923380063,0.08007015502326367,-0.0671916822769542
0.2053380131456428,0.23473178863962205,0.20678136204619318,0.11605913509551252,0.2740951484476574,0.2489138635353303,0.26714824657444725,0.045486744120379986,0.235534689575487,0.3822194109942633,0.3668875016268439,0.33852677337552683,0.37359709784900313,0.8080803675739376,0.9999999999999997,0.23613416814145818,0.6162883795827309,0.1815566257184839,0.5390395823621323,0.24095828773163375,0.6147920894132413,0.5801046553487669,0.5009848119970421,0.037653745771477544,0.2921776071479971,0.2622184794972022,0.1623854390076049,0.2902653636740689,0.5262777719977513,0.35202089093772276,0.1898272762812596,-0.3056119816161663,0.19575528932404737,0.081665199564149,0.24446501659436246,-0.09167512220832537,0.16144699765341652,-0.0482022787368107,0.06693661886984165,0.0038534706083874527,-0.09455051905444435,-0.008126612611131977,0.08516768016318949,0.20483710699523733,0.2640685595235938,0.0106486314942699,0.20778435367243606,0.12810830706325843,0.27272596552431366,0.08623103023910562,0.026562080369040078,0.08846334584548472,-0.05896731932440111,-0.02476297570839897,0.1537396740239221,0.23828984536636588,0.11087135041202274,0.09694159849121081,0.23337911544828221,0.226457891413255,0.47186432573527887,0.326883706027518,0.5566820767176404,0.5292357587648178,0.5185209690889419,0.7291561859623331,0.18226859278043206,0.15694971988904866,0.08505920514093154,0.146848200573486,0.44347614430636045,0.14108680239361834,0.29578683777578907,0.011198637759100575,0.11564783429213395,0.21690402098979455,0.41978216431835197,0.3090102228385886,-0.07877977837208609,-0.3980477604714694,-0.022127565912299703,-0.08532729748057623,-0.00133404197276394,0.1594581847339575,0.07985027481739429,0.21782921146297102,0.14835948810555993,0.025140457306124374,0.10526987701290447,-0.08020061919060552,-0.14523039083034292,-0.40769339722906317,-0.07268059110323886,-0.14969812381718556,-0.16612100558304843,0.04742825393805104,-0.029397932675288143,-0.26246204448796184,0.2611428990389174,0.06291595073170675
-0.024848603221553637,0.5892705206352007,0.5336977123325649,0.2422225710253953,0.1522297866857154,0.3183609485039758,0.577334967604282,0.5944185681772172,0.5257847681347592,0.2095837882516804,-0.13690325496772715,-0.1066572157509119,-0.10201141687403537,0.09846231974759251,0.23613416814145818,1.0,0.237735983957603,0.5858729397731697,0.5515405265863536,-0.04866059179038512,0.26872878827009883,0.39353359357516343,0.4215392532809084,-0.012106646901946584,0.1298614997040852,-0.010308456221457492,0.32214587908797065,-0.06784907494283934,-0.008205452129071745,-0.025032316060419835,-0.07995643701889986,-0.002038495276923733,0.27222404823712476,-0.1857088176795857,0.14586324093901545,-0.12410493016509237,-0.2725315935942445,0.08529262622703851,-0.06699236618793261,-0.019621440102989943,-0.22801177549318855,-0.2648923875437688,0.07867420648037309,-0.4344359880155923,-0.33661207525422693,-0.28059523393726976,0.04402855960842055,0.10711185545720019,-0.09126183541521153,-0.2749182775554944,-0.11739625912829887,0.5948919507519098,0.2604631245018189,-0.08808024696944325,0.49491864690362536,0.38860017124757185,0.5401414712882104,0.4883973216756017,-0.08706556634659056,0.04307997451617406,0.3038234670091459,-0.001290756757820853,0.12363329368077626,0.27601514429527174,0.23413894557476286,0.1573299152004918,0.1922108989686215,0.19859737624631701,0.07631723424225938,0.4313672212128246,0.22391326072331044,0.07811498653190309,0.2331329698096463,0.13877810390197134,0.22559773404910388,-0.0651942953814231,0.07722248357452434,0.014918813621964878,-0.15613089266567887,-0.2376081233470286,0.04029599070301819,-0.4869775082710948,-0.43148211453933766,0.19028389991300962,0.18090532009482732,-0.016223770633285284,-0.2260373507595372,-0.13501910301526418,-0.2338915806691595,-0.3895180639104785,-0.34514387495857135,-0.3379749737708009,-0.3223140385287985,-0.3064993752247256,-0.14360037647609483,-0.4357859604444135,-0.4218068415160542,-0.10258863793980438,0.15866880013736676,-0.2739662743983298
0.047192507392390184,0.15722352344998267,0.07982821215970229,0.14905736331103292,0.19157711557027096,0.018630396804713602,0.06009443019893123,-0.09018469356461009,-0.002481431948070887,0.49466701019076437,0.28396344864063666,0.48807683836841564,0.30477991179912245,0.6449993934055291,0.6162883795827309,0.237735983957603,1.0000000000000002,0.1673188401597953,0.5763358602982102,0.40798031359406484,0.5378575840745796,0.5591395394177037,0.5639711374065668,0.41960691824940083,0.5681013952543525,0.592148932074642,0.2920749676485257,0.5603225775858357,0.5370237761434995,0.40574051846435866,-0.036678130445648334,-0.13212208318055715,0.19658389881176422,0.22113692327233161,0.39171748150957847,0.06275810462275873,0.11964999995452623,-0.0588915524650904,0.17304130269273,0.2916838891833849,-0.20922755023903736,0.024174564225806747,0.116620169079042,-0.04952790672798026,0.24159914439863692,-0.09104590570815199,0.22867204267812344,0.35619450042384376,0.09499894286974193,-0.20665521087515692,-0.1517666900273952,-0.06810656481505523,-0.22235851950601024,0.0015750394349510798,-0.06298802906754275,-0.0509952774484891,-0.07559477391201606,-0.0035277591698132608,0.3145680843256726,0.3509729165477569,0.5458245915965249,0.08495238258973675,0.30675748169222217,0.22744733647962262,0.19806647446174952,0.2940027654426944,0.2708009075140031,0.3970106465491905,0.45625994041623036,0.2610196427557074,0.3774967608278411,0.25655892654273316,0.5031050752557762,0.3109578866520047,0.5547338744874809,0.520705625338425,0.47428556680254336,0.552840252277846,-0.21104659234482948,-0.36613422074990787,0.35919769220505593,-0.17817802069002292,0.1439567020390963,0.2766507769414159,0.3270633527062303,0.211593428336964,0.10461271508996818,0.42549966366065906,0.22201200701304813,0.13222171152090872,-0.3882781501521162,-0.4310700695668189,0.0032657747093641823,-0.1419663661736283,-0.11994376377092625,-0.09772753023367386,-0.041438854904642934,-0.017481911173953393,0.07021156065924428,-0.2888750996434148
0.07113218758797386,0.3973085281753265,0.4214764599041398,0.1666807474288439,0.055590587131769224,0.3419311762406414,0.6597074590350771,0.6175669095304772,0.5164075158290982,-0.031036552074138978,-0.21121511523360245,-0.2478101788172696,-0.12501154350273042,0.10512358124142133,0.1815566257184839,0.5858729397731697,0.1673188401597953,1.0000000000000004,0.3645254444817787,0.17376667185387037,0.2222028671835891,0.27334906445557994,0.39953826799896586,-0.15180353916740882,-0.11575704221473411,-0.14029461719621436,0.2734391428154815,-0.052687459261659804,-0.05587094764821529,0.06860487267128101,0.08602070445174634,0.12283279933045665,0.39285270919765536,0.14671687624213947,0.13261153513205762,0.05660875301941645,-0.1670273385435472,0.35046706980781617,0.040163666244535816,-0.09040646277012035,-0.04885237488937688,-0.3136334983190331,0.019432230875324103,-0.21668981392330214,-0.2569784937518834,-0.013548835191566825,0.09281159056225227,0.13537213285332653,-0.18444738621518708,-0.11842755846068015,0.03024325482354258,0.42620258148903906,0.14817208777200852,-0.2594232141621082,0.4105724953196593,0.4012583948627548,0.5026599658589755,0.4431084358303442,-0.3040992627730828,-0.0784986124656166,0.2052464197468477,0.20488714252696916,0.30530153237609386,0.216602244586919,0.20717200193221832,0.09065593795308599,0.18863900110076087,0.15819799334028697,0.1420878591193014,0.6342373610332201,0.24033629314873947,0.1966549510978545,0.25654590566040114,0.08269066123249025,-0.07364547879675623,-0.14842498611447,0.036368017347583506,0.017958586267300132,0.05672436891966822,-0.0790865955772623,0.05760728103430535,-0.13206447660548037,-0.29976377934053877,0.20407603635079832,-0.0004815879547907186,0.2598245340862155,-0.171852143233467,-0.12850366764157684,0.03802481173373305,-0.13226585888369452,0.0072679328883783895,-0.23176523878331462,-0.22478886350056562,-0.10265930171513737,0.1059235284534553,-0.25308779068006143,-0.0924340468725559,0.15710525663615635,0.12767897091199176,-0.11545854323884076
0.16141829043869166,0.42389910246864904,0.4273908534107956,0.1657020422807615,0.13353510865125176,0.41820022382285477,0.4663575232097554,0.3616993795366404,0.36980075898868486,0.2860414267294049,0.06811216531056437,0.16997470511549556,0.09379775023946708,0.5802490787387882,0.5390395823621323,0.5515405265863536,0.5763358602982102,0.3645254444817787,0.9999999999999999,0.22060737573784306,0.5863575163949605,0.4966969991152757,0.497567124975586,0.13321050474466264,0.20058430405587,0.3029788791411099,0.38176421444668274,0.1430869592367797,0.24873976996136316,0.19047950245702266,0.01739721084737012,0.03585431560579227,0.13930902995028277,-0.2219242670715244,0.07965503168885725,-0.24082301789146693,-0.20726052508543655,-0.017176380607016647,-0.1187626986252041,0.04950012982594389,-0.38488280779843165,-0.19089736511665736,-0.09814944810967227,-0.2606969377662634,-0.16676232686013112,-0.25293668105110384,-0.05980249000530407,0.022260177227946532,0.049464457215476564,-0.3084935329694519,-0.17583722931845766,0.36964345016878525,0.10778169993953289,-0.09875633364911278,0.3889909141969192,0.3754853586423379,0.4015219580058294,0.31631118440422845,0.043580387320602286,0.17018269614115236,0.27764378027675846,0.0711013150856349,0.38621020542033946,0.3728524504153859,0.23865042689169236,0.3114707656999067,0.23785600396404366,0.2888146507835516,0.22306323690893048,0.3473733068760739,0.4880625098418995,0.3655890799601263,0.33733463180429957,0.21278261626956685,0.31700722561885275,0.29979794689445216,0.33251084152898097,0.3267642446648529,-0.11787470380107949,-0.17910909342636214,0.13945181519071256,-0.4867694447317947,-0.32500269923008346,0.052380626136721835,0.21226496256277022,0.05800427306728708,-0.19108023817554717,0.012216979928523932,-0.14595649777754827,-0.28250148201053815,-0.42559070994537634,-0.4512869202445905,-0.329590627257982,-0.2929416921513445,-0.23850185324987513,-0.2203703605214314,-0.35554254695134746,-0.2545152242587625,0.10714501789694583,-0.32283978180217315
