0,1,2,3,4,5,6,7,8,9,10,11,12,13,14,15,16,17,18,19,20,21,22,23,24,25,26,27,28,29,30,31,32,33,34,35,36,37,38,39,40,41,42,43,44,45,46,47,48,49,50,51,52,53,54,55,56,57,58,59,60,61,62,63,64,65,66,67,68,69,70,71,72,73,74,75,76,77,78,79,80,81,82,83,84,85,86,87,88,89,90,91,92,93,94,95,96,97,98,99
0.9999999999999997,0.46461631363579237,0.11351905261374186,0.29376234784132527,0.37028063804659195,0.2743042127243571,0.17093711295458644,0.3036777541221801,0.254576520968025,0.14426699838958176,-0.017364241656348783,0.02987200679446104,0.10886565984808663,0.034660858464307186,0.04318686457656981,0.38938127116061744,0.024739515563834132,0.14094590545370933,-0.049478804796607614,0.23946314394049986,0.11790411952858854,-0.09633354580397475,0.157323812549832,-0.11301570166199836,0.2456641736114933,-0.032027098466432195,0.07309172324782942,-0.002162311177017588,0.25106302131785807,0.015157535345896648,-0.0428818795024614,-0.12410336291804053,0.05154312891793683,-0.23487859144155349,-0.024988776101060865,0.11094873720209532,0.2495280287039312,0.016197109825036256,-0.046427886690406504,-0.04057891313313714,0.5219852020274558,0.05449474469248173,0.04245142443768411,0.3637914165437774,0.30215571583196915,0.31107981636953685,0.10085863277477919,0.4562604871013598,0.5891833252854539,0.29907615393545256,0.44283426060326286,0.36148344938606003,0.35992843275812547,0.3489744293025505,0.3015987724087986,0.1911202024030983,0.1599602835303538,0.2576859338568007,0.19820346139956196,-0.13645120564049412,-0.018206150222040085,-0.05117972036644837,0.12163036594708761,-0.08154133892576834,-0.11415966682100195,0.08917841539908337,0.44981878715474494,-0.100940209180379,-0.08782877596927972,0.29561792440694074,0.17345686455118928,0.15508389504263745,0.3213898031001916,0.2500098867945484,0.003813089265062562,0.15371149238149762,0.2017608444187445,0.0663610665988121,-0.055872171191396355,-0.11273657152550239,0.13715196510229646,0.4097020732258488,0.35053025287366735,0.1516485865120692,-0.030567959806762787,0.3054021418636938,0.29666920213751824,0.24109040545083088,0.27052805022448406,0.3553648807038605,0.2337812435435816,0.06678884111274846,0.1882001241049983,0.17532917594108305,-0.04065042976265139,0.42174587153892096,0.4216515309616723,0.6438083022374526,0.5605996662334765,0.46643708384705607
0.46461631363579237,1.0000000000000002,0.3762017849442427,0.5887336312882714,0.5619946917246534,0.4674230292535654,0.37418290459518144,0.7907167442775167,0.6341665855660041,0.4076481315275885,0.33790489026900267,0.09262790500171791,0.2129513135586492,-0.052531953197544376,0.02624958886803108,0.3640756489983633,-0.3718323837201777,0.4578898490540854,-0.3917968963113312,0.26097050508489145,0.16583463833388548,-0.03482758911424011,0.27353150893555384,-0.09964443442301157,0.3122136784608321,0.2127845753356372,0.19559927024534932,0.2999439460083956,0.14094154021453242,0.30020211679904135,0.014671771414421894,0.043658628794491415,0.07646257674507366,-0.4032247872450006,-0.1010535707367785,0.1355749453442222,0.14628662356709188,0.05939499762767135,0.14408753122954243,0.1640279273140802,0.14778033890026687,0.20948605496975692,0.2911871982585891,0.03587212592092779,0.36087477279772645,0.2778932981540593,0.21080904163219,0.23105337202733484,0.22403641628555057,0.024683467541863503,0.29506706171320995,0.784560529185356,0.5189740669874702,0.6153356918845726,0.5131762232878404,0.3829702871676479,0.7348598230397119,0.6731923943853321,0.3882766924748331,0.08248429605640838,0.17121940491050924,-0.06245772383536005,0.35783950808256737,-0.2344655113824561,-0.29077295960284644,0.04646010646324712,0.13976422775388705,-0.48671944459446925,-0.3898730435298542,0.42664648148189704,0.04778052686371267,0.08300134522197176,0.3563046039159385,-0.049439924563052,-0.1053296774886435,0.2802584785085904,0.11115222088595328,0.3299061293366438,-0.027860452706277135,0.0030889273995236,0.05530969170920375,0.009189069682959308,0.22951844223918613,-0.033167637709169306,0.20054975895490548,0.17784752022727013,0.2529980134779883,0.31495034705681924,0.34408481256700757,0.2265550616544334,0.018360222515657873,-0.014237963784883614,0.06131351561701684,0.023784895581359558,0.2603825000164644,0.03257231890459835,0.26276228876097524,0.28477394601391015,0.19526990012062656,0.07737147085929211
0.11351905261374186,0.3762017849442427,1.0,-0.026599236325151647,0.24193255138888958,0.5478940317098219,0.18868656092599448,0.47042072052179856,0.5091094013311006,-0.0257867917855775,0.23046520174020219,0.02886298199447541,0.13621915640034946,-0.13523419021952499,-0.23792112248042105,0.1349417540980471,-0.1917823460660651,0.5303941464343234,-0.3771518439041195,-0.013195115057893196,0.041542929322316124,0.22930701847686571,0.003910750954184154,0.15782575676803914,-0.08842032866703001,0.3201279557372391,0.12600229861902815,0.38203869688160974,-0.054448894502064936,-0.008764301916382371,-0.2809309287961079,-0.04193018438304123,-0.13745886478053645,-0.18428711872238765,0.05947741285004978,0.14581284482263024,-0.10020581086466791,-0.2512841314184832,-0.2456786876797685,0.02641634448629869,-0.1867872220176023,-0.2564062647470074,-0.06059351609659018,0.018828782947811137,0.06872792217560554,-0.22071791000799434,-0.03702656277595138,-0.15571187380638954,0.14470799519790453,-0.22475147897013933,0.04669812696157617,0.45751172669638884,0.07229732440518917,0.04510871992655871,0.44204887275222204,0.7427717207845532,0.5614194130942258,0.5318826507575067,-0.10582417028635253,0.0967377688800167,0.01545075843198979,0.08850525524858673,0.22247695984023028,-0.19354213666850442,-0.20541527258734374,-0.19216286736180668,-0.10787305184687049,-0.21774112558637024,-0.10382085084068042,0.44434423019084907,-0.07885970654189042,0.17374540573444147,0.2188300937115291,-0.3316447677273879,0.05876549229402606,0.028334946351658143,-0.026841231906125106,0.1326969505832941,-0.15171106317696056,-0.11974269562987862,0.06829737084571535,-0.37227257737461317,-0.21119910083241167,-0.16496166805135867,0.19987123934481038,-0.28939057397614437,-0.08321349436971602,0.1358029555839402,0.2101396529919321,-0.19921134919525765,-0.39362322402598215,-0.07572216468706273,-0.3317010125823308,-0.4818548955348941,-0.09750687920023313,-0.05228421105377011,-0.30972671102773536,-0.14627324095928296,0.006913798926860931,-0.25699375315450795
0.29376234784132527,0.5887336312882714,-0.026599236325151647,1.0000000000000002,0.5377251638975145,0.2664829644195923,0.07387095473443343,0.4714093770404029,0.31066504607689444,0.2846153695575429,0.17449776030127784,0.06067041889248375,0.11387917467703802,-0.11762332410280879,0.018919172083262444,0.2741086860099057,-0.280490945510782,0.18250072791994718,-0.21819312450504888,0.15046235067657995,-0.10057217525600827,-0.07091360559829343,0.03161981798730383,-0.24977287543753177,0.2307562335090506,0.10933386037739591,0.028767300298377343,0.09215550613877678,-0.015694173463575246,0.25611468915271246,0.10387070865489872,-0.05592519623721292,-0.0343582041382409,-0.09374538282530356,-0.024568063594658338,0.07813628359932963,0.16399662168396745,0.08164359247778902,0.16017511233437803,-0.03734848090692565,0.07276879758514108,0.23163875346579121,0.24336127907214858,0.041425662837825505,0.25375482300406066,0.20882040799793264,0.23315890400861206,0.20254857724903677,0.10865814726964262,0.16395744576237686,0.09179837421853267,0.43427334722909816,0.33793172330170795,0.6933444618532248,0.37644290002905234,0.07618629310711945,0.3553230996390357,0.3571895900205938,0.35838784630926696,0.03758404758808285,0.10605259199684193,-0.1017371907427865,0.14293787566167754,-0.18578101783290824,-0.24490557350880934,-0.051832885196145935,-0.10499146335089762,-0.3158146355504825,-0.2789539426833946,0.08098341504726729,-0.08374051031235974,-0.017907923950473466,0.12438841032679403,-0.02172509574570154,-0.2381896926556297,0.135910031289826,0.01751601827531652,0.1664771678977254,0.09083088192385852,-0.10755601069018765,0.02053412666040136,0.10055214464293206,0.4176580330550433,0.15715042216799457,0.1288006569816166,0.25112734011125687,0.257162882568297,0.16156201957354768,0.09986152271753182,0.17035359024929225,0.0020284689956117045,0.0851546318964075,0.18154054045182957,0.0938689453053318,0.18158805229756836,0.03636183812973165,0.27254263142614094,0.23179180494819507,0.08946466847613349,0.14686104622718862
0.37028063804659195,0.5619946917246534,0.24193255138888958,0.5377251638975145,0.9999999999999998,0.5669134635763392,0.04293290735716779,0.42771445954309517,0.42591734644573487,0.15554167706720687,0.09785675870675568,-0.20247019481449152,-0.19592453783463415,-0.20535535852200357,-0.23915319828176299,0.1254446488822114,-0.3939612185873985,0.35963419945852965,-0.3400529257309971,0.2770483575472207,0.026711325809637726,0.030782351192524,-0.03051461069491989,-0.0905681806909332,0.23319153840416043,0.13290025298203909,-0.011371368043045322,0.22930235823496142,0.05018881052716804,0.24994541070741563,-0.08046294996625733,0.07956865452654537,-0.027058095508398626,-0.24593956575272558,0.04254446407117544,0.18364645318959344,0.2712088638187576,0.05670981329142129,-0.15711220895200367,-0.0939511648008247,0.03869003532532645,0.07454300453136858,-0.002257570965665684,0.08179880305297887,0.19051016976983015,0.1733484143637305,0.10730282378014057,0.1306017759726052,0.36550115999678545,0.10773893378442377,0.18872976019031998,0.572566708448313,0.3611394556427687,0.4877705074628268,0.7072582220301367,0.3010813931883387,0.3382580693075579,0.38939293386844487,0.1573025194535802,-0.04191732275819463,-0.10538094476075063,-0.36087068645627307,0.00023051847945109314,-0.3513811269030761,-0.4900428658072649,-0.27965204047802567,0.06364848846018131,-0.3332308163619539,-0.3315038895261941,0.24085336550229486,-0.2039522906566234,-0.04398732324016243,0.2555882832774507,-0.036642075719489235,-0.13417181879711262,0.19949662576997354,0.05027141101802818,0.17242614494235967,0.09098826280838204,-0.024971023406615347,-0.01477989590646039,-0.03690474537516041,0.1340855480810912,0.09851334989465423,0.02246044823547183,0.024030347179009804,0.2511384868241357,0.09900534567836863,0.24866049330665155,0.01696625384787045,-0.043477897073046765,-0.0206346614803335,-0.033646433831498374,0.07343219938459256,-0.05648032711629889,0.07195036538734391,0.10948322020435859,0.1815769220952862,0.2281924900159729,0.17017921734791586
0.2743042127243571,0.4674230292535654,0.5478940317098219,0.2664829644195923,0.5669134635763392,0.9999999999999997,0.2923233755565144,0.57397387321312,0.6667339878171472,0.20646607568523453,0.290621633227836,0.07341823987393982,0.08421530511523641,-0.019615720937913864,-0.12788704040121382,0.048853101906689816,-0.20084936838817272,0.4107773787243193,-0.28315563279617706,0.2389740821699231,0.18678012643767727,0.15490065105874148,0.22173440482413187,0.22019605003588072,0.27755173711147135,0.32914379608422195,0.2125340649586801,0.3732048449444511,0.19744116599232794,0.2953872664328079,-0.012057324340105887,0.14390990803374779,-0.13984395726047655,-0.3217112422773358,-0.04564082958510901,0.22400744584745325,0.1625547469067755,-0.07837768142557298,-0.3023688153809372,0.10597267110168777,-0.03359672011581428,0.11824304747931046,-0.081298581355024,0.1406046354735265,0.1143564188501574,-0.06529277207102523,-0.12162092708821265,-0.054390070806479826,0.40626868769434515,-0.04817049441963636,0.014233880626893363,0.4449876117055963,0.10493088262749471,0.20616751398539673,0.8817520806361194,0.7272433820803709,0.5046528807947805,0.6468881754490103,0.22058985994521932,0.10305323710247988,0.10053164381032725,-0.0542976125683149,0.29180600358611497,-0.1305589775766364,-0.23181126067195262,-0.14625841268946246,0.0851190937056508,-0.27025947785413096,-0.315671887551517,0.3914708480775171,-0.006221616737758094,0.15628369625172972,0.34189739904079786,0.020972045672684014,0.13036845750714968,0.3769404407666053,0.19703323160134878,0.35783963341230063,0.10007143969961199,0.09625911744264612,0.11118746138739018,-0.27180688456011576,-0.11738788767400739,0.06263267924660221,0.21143722743956417,-0.18425956907849025,0.28057155892043456,0.16881255246958055,0.3881765742987473,-0.02520724863959836,-0.3036463317408108,0.003571207911834229,-0.18499800637925337,-0.0952634224107383,0.02890714917274676,0.04720243877122536,-0.06913287723285577,0.09491448830137673,0.2738298512798358,0.009503756202340658
0.17093711295458644,0.37418290459518144,0.18868656092599448,0.07387095473443343,0.04293290735716779,0.2923233755565144,0.9999999999999999,0.5935041179640543,0.4526113678765934,0.40698373214401856,0.2554825703159993,0.09211825937198356,0.23949517750081606,0.3510392313029669,0.3598966860878003,0.3002613624674234,0.11430297594652303,0.21074125622553708,0.07192174532759055,0.2778475649432334,0.47823307775610036,-0.08693721830278825,0.3738699521672715,0.10310124308148604,0.2904307469869356,0.12623865928043007,0.2064302911256674,0.1321460916780636,0.4762082051382972,0.005761364528149965,0.052829202525970766,0.3650129916521319,0.11698151148854334,-0.33389476071996066,-0.22095570034731124,0.09287267284873406,0.2297993006925959,0.2653665746051019,0.18657177232796882,0.31537253804031684,0.22349465978589003,0.12644026734826963,0.06240809076603133,-0.031026938891546545,-0.020840696546119974,0.28514837587349284,0.03038984970566165,0.018945685739735194,0.10196505918394838,0.04830111584544773,0.09685679972366713,0.3182828836653788,0.33437803340323524,0.13932305825325744,0.2462858840562086,0.24662010238652485,0.5017836744454028,0.4575811872273927,0.398349279945393,0.19407410563964955,0.10180338418983995,0.1072857627158689,0.27750222333047997,0.14851185062380218,0.16981033287815572,0.3604219817334306,0.49563659213034666,0.030095522892245263,0.03597601196135855,0.44736407383376264,0.45172126262240675,0.23743000822975058,0.20754469402919867,0.15653493378109568,0.3387739162278822,0.2743027065984731,0.4948082849460245,0.24589552818453872,0.0862147746841194,0.321187858163011,0.23871695596460207,0.09801687880075091,-0.07396527151648909,-0.017798831373545137,0.056638896492036836,0.14733308876359205,0.3936019146504086,0.14652271643580406,0.33467572448083865,0.2817149418962735,-0.08804661197242346,0.27163911463784385,0.21951408534244435,0.07355465027982225,0.17815157776063595,-0.13134517741535276,0.22145189041810248,0.1261615607748443,0.15882274064719326,0.1694335863043021
0.3036777541221801,0.7907167442775167,0.47042072052179856,0.4714093770404029,0.42771445954309517,0.57397387321312,0.5935041179640543,0.9999999999999998,0.8288828375488694,0.5021791422552756,0.3947973492146049,0.11651249626905702,0.2597694166493598,0.05446359264936573,0.05720084204626755,0.3132091034024999,-0.2494731098717536,0.5471272822394181,-0.3627212550352255,0.16566943122266692,0.2995388794760003,0.03850072348239746,0.2993270012100702,0.040609972791275886,0.36015637107465925,0.3347892063900248,0.24788911692110088,0.29243141276001827,0.2215034424685145,0.2405788886477464,-0.017037358022502145,0.09000862721941971,-0.061333522743156614,-0.45534109117738847,-0.187857699707077,0.2132214715773355,0.19509150990519433,0.07240677019386561,0.09887028665074313,0.20249602703641256,0.03878139168160808,0.19928547644986855,0.20319212482759863,-0.02244431424336452,0.22541729666409824,0.14643557328351722,0.10457148946414103,0.029394516346013064,0.14219379443572647,-0.03953233245756911,0.15737242963713663,0.6686970484953059,0.43629442782321337,0.44256791333058726,0.5781584394431158,0.5142128551419529,0.8920373094494825,0.8660085093655812,0.425218769918626,0.20098123809932075,0.2115904142180603,0.025788436802012673,0.4597735470401509,-0.13758320283819367,-0.16498612711289545,0.08542539904808422,0.16708623622576008,-0.37847644825271193,-0.29886455240470855,0.49634526756379793,0.09855393014041944,0.21390120915101635,0.29522369284686717,-0.0815179935114262,0.10272163218138657,0.345001308221268,0.3041639790771763,0.33724258334727536,0.05714123283169643,0.05859077923882079,0.17005820146641648,-0.08346177615632715,0.05535337056886213,-0.061141542495373916,0.23427691523739724,0.11810014734617749,0.35150037581968646,0.3101011752116857,0.42383307449551194,0.23696782304487027,-0.17922158353022208,0.08436312578634896,0.039825357893494555,-0.0034214104136994442,0.2782630042580936,-0.04679187771982688,0.18169888401404036,0.13545564211153702,0.1379720182132086,0.04210078238210723
0.254576520968025,0.6341665855660041,0.5091094013311006,0.31066504607689444,0.42591734644573487,0.6667339878171472,0.4526113678765934,0.8288828375488694,1.0,0.4111112574682955,0.2105975584035236,0.05649242442630036,0.33637492431176186,0.0967850957231563,0.10293142075273659,0.15104782808923262,-0.18545622387088267,0.48832973048688777,-0.3211389778300195,0.2208916502516258,0.15433273374680914,-0.006644884144190603,0.26399838502638034,0.06684307994537791,0.23507593952658662,0.22740203699102288,0.24868120117498502,0.353629486752152,0.21291608829928624,0.28079884724581694,-0.018913366419304373,0.13252386346015452,0.06962148014439196,-0.3156460568341917,-0.2326677097936519,0.4339615796546545,0.23376355523550557,0.10558319027577626,0.08903612443040154,0.25659545805530054,0.1571796110197038,0.10648853549318266,0.038946103854161584,0.17582048691081356,0.12485416788452604,0.1149573415032294,-0.0789823896604092,-0.014009783956659716,0.3472818898461414,0.1347693327069894,0.21402288344482323,0.5602514597328057,0.39928220814769744,0.32135718534862184,0.670004041018803,0.7146073273843073,0.7146726789892569,0.9082480777915403,0.36597600355065496,0.1736939611224214,0.17961780311994366,0.17144507197724618,0.49128967732591583,-0.047621952140920264,-0.14538742956989542,0.07044985076574373,0.15461421459636493,-0.2965485528996075,-0.27982421622750747,0.4171356853104753,0.05688846689897591,0.12650722115587487,0.16652491584675147,-0.04512894041378033,0.06947093722205624,0.25863367811881105,0.3178223789586443,0.3176176911303466,0.09224575162066596,0.1503979734882218,0.04349922980327955,-0.14915803427708502,-0.1003008927273081,-0.10033352673680185,0.20495566429576706,-0.05501284013394912,0.3257811293216154,0.2933600956793788,0.5820553712393404,0.19462585521548675,-0.12234576484640836,0.21064733248281844,0.06508476755492408,-0.10450021453622556,0.15810884518994822,0.08604475220072294,0.13454559318595746,0.10182462798951157,0.30082066052896916,0.1851390606839934
0.14426699838958176,0.4076481315275885,-0.0257867917855775,0.2846153695575429,0.15554167706720687,0.20646607568523453,0.40698373214401856,0.5021791422552756,0.4111112574682955,1.0000000000000004,0.5481112219580332,0.5575135043836147,0.3408722631280397,0.3194913669021915,0.4089411620687994,0.045823592702181164,-0.1240034736548072,0.052696674088509324,-0.10106716944167876,0.09474386501142025,0.21209856788203668,0.10403904465255276,0.4093398667322649,0.3031598293251026,0.6100066279390609,0.4528279972435984,0.37239752519311947,0.267097252417924,0.2671481290059118,0.4398811464869515,0.24781835128328605,0.3551388170155243,0.20238363764470016,-0.2197549086660527,-0.12281349315993441,0.07186097794830683,0.22953800497354335,0.17399908384803142,0.3505595111004931,0.2920793388624646,0.007777604383200093,0.2842859555972169,0.38599203542450866,-0.15125995883377719,0.23447419833437388,0.17063338182463503,0.06439664324831025,-0.04413966920522492,-0.07779216294002125,-0.05550373724226374,0.020742631988182342,0.29149860188996873,0.19573849229421794,0.21348921727263542,0.32257868277475815,0.06851556511125735,0.46038737714463007,0.4396504671791594,0.8317372417640663,0.46721715425106847,0.593708757017233,0.12469154243844045,0.3726032884609707,0.21405421922312123,0.15253237468174605,0.35028646688214615,0.0949367461325818,-0.23399562116551617,-0.2227648371926175,0.09240064712377893,0.2883789683397403,0.21069951577496313,-0.06347150389679776,0.025353903327410495,0.2184422916855609,0.6397995785049572,0.3861965642718645,0.45495671359619966,0.015140288174848396,0.26401832222588745,0.13144778053511888,-0.04291507522750317,0.2152453463584525,0.03826701822117835,0.2433261004364228,0.1570262553284183,0.2046772049883511,0.3113021429678099,0.1590193380698594,0.2673275736027871,0.006232043744764671,0.13775285903386084,0.1475482989398749,0.25486674259614295,0.4248098257445215,-0.15215006828254216,0.23064604420144993,-0.01825384782760453,-0.05596459599254421,-0.021132171190819317
-0.017364241656348783,0.33790489026900267,0.23046520174020219,0.17449776030127784,0.09785675870675568,0.290621633227836,0.2554825703159993,0.3947973492146049,0.2105975584035236,0.5481112219580332,0.9999999999999999,0.5474033957195582,0.286200654189218,0.3326519433671063,0.23212839163136542,0.19077560715069053,-0.020809772393939645,0.1815571133787021,0.047272037247940664,-0.06680428725713194,0.19055107378087446,0.4187541685529818,0.28542586921794555,0.3250797676952513,0.43048708983488215,0.5478776093626049,0.30500943372342026,0.32345216020173917,0.14900511108898715,0.31707866980757443,0.140717345955939,0.12365520556257333,-0.03433052445614464,-0.15949922146463216,0.039062756908573484,-0.14763166945560455,0.030647159882909756,-0.05486140388618436,0.08845494992095124,0.10856677014807486,-0.2902304557345933,0.24158052861554652,0.4152353304471059,-0.1791257066867506,0.2741548230057183,0.046959713633828025,0.1236516133010658,-0.1884691055739073,-0.19314983162018778,-0.3348344215796798,-0.05515913951573712,0.3576742800428027,0.0420365734897362,0.2066310116290072,0.3472547940084588,0.11767267099897646,0.35532959001169234,0.28720040362622873,0.4552582036138595,0.49282107224599647,0.47528874106416136,0.06038961727522492,0.332745114542145,0.25682295650028564,0.10935435755239281,0.2626213068676079,-0.13612987877206645,-0.13644741950715394,-0.0913401664812332,0.16223622649053995,0.07323652650022484,0.2461823269027399,0.12674911104824274,-0.19617409797435145,0.13359667359249305,0.46719464441434894,0.1988265573177632,0.38682929833663804,0.05618229570471809,0.14707055748342962,0.08246974846192642,-0.21144358724261494,0.14511574439432895,0.06189443944061943,0.26107316309982426,0.05302707888689194,0.008968411818625685,0.43112259219246485,-0.13278618575613435,-0.08005019990451188,-0.08493046018863398,-0.1688575848836665,-0.03226220508642261,0.13611634141547707,0.42820048482689727,-0.21508974865128389,0.005331212905261162,-0.14844805301618377,-0.22460120285300714,-0.3858365294168733
0.02987200679446104,0.09262790500171791,0.02886298199447541,0.06067041889248375,-0.20247019481449152,0.07341823987393982,0.09211825937198356,0.11651249626905702,0.05649242442630036,0.5575135043836147,0.5474033957195582,1.0000000000000002,0.5258479918570357,0.5316450138220064,0.3738954838118648,-0.12876786711904104,0.19631251340242123,-0.2212940281384963,0.11935572864962693,-0.07823021740473851,0.09794094088055769,0.3041000823516948,0.3860165201567134,0.45515702967293736,0.3174914021576132,0.6021281544838024,0.45131346834272645,0.31392882602480204,0.10876518477482139,0.3709721792156312,0.0031123240439439215,0.09193723401228655,-0.011232283870434666,-0.08526317921649898,-0.05787889877378964,0.009227968615109041,-0.08318912311963489,-0.07280123527028155,0.1938510177563942,0.18573798385909468,-0.19781109174786668,0.18144464319620476,0.3890291716376933,-0.15852307179467973,0.3616415574543124,-0.0326057266415211,-0.05434872085650658,-0.26706961895592035,-0.19311317155523103,-0.18667241797373293,-0.1344252837725335,0.007604782092662183,-0.2723717937951575,-0.07753420277341445,0.055692994501663096,0.09218278257191609,0.08988874490714956,0.11463123931071449,0.510260366245617,0.44895357998606356,0.727530558177155,0.37495022885762463,0.43259052120118296,0.5298326877492565,0.4467722236981735,0.4155508568089512,-0.16600708406096412,0.05828116673448484,-0.01707773164558231,-0.15187697226760233,0.24428090540390474,0.34861419119316056,-0.04213739517743173,-0.15814528363433555,0.3726852650393057,0.5540997636216897,0.22425010284866334,0.4551423669996496,-0.2456277672841624,-0.020711875088788412,0.09987529155596804,-0.19686557144706893,0.1038171363142398,0.030445244368231632,0.3696629938133433,-0.011325757021315747,-0.07998659434578495,0.44850472303717287,-0.05335516818317343,0.053289342070806475,-0.1256575229219594,-0.11123330590478114,-0.11319730622343334,0.05958880603959444,0.39232895870416135,-0.1724182808502834,-0.026743548809961402,-0.23336511469325874,-0.15772334707869728,-0.2593994418789806
0.10886565984808663,0.2129513135586492,0.13621915640034946,0.11387917467703802,-0.19592453783463415,0.08421530511523641,0.23949517750081606,0.2597694166493598,0.33637492431176186,0.3408722631280397,0.286200654189218,0.5258479918570357,0.9999999999999996,0.48993918566958206,0.41448192294027253,0.14086578829085872,0.3442568652367635,-0.015912481181083318,0.1646623813031186,0.025133229566641952,-0.01846735815292043,0.3111665688328723,0.4082113326032788,0.1782865088142349,0.10465207803092075,0.28778620139043376,0.3774194288047993,0.21145460244151662,0.15561909969825832,0.28586370579527937,0.05213778784471774,0.03818818088392167,-0.00961603522522746,-0.053605667995202604,0.033972401629741904,0.032870951253197576,-0.02881989516749807,0.030967774841346024,0.3393712700677919,0.34746563153417914,0.11771456726559719,0.048653281394332525,0.38969502863937805,-0.02077536714894786,0.2248673266206684,0.1313038036618444,0.06211884541827454,-0.030288312409540368,0.005796862176714617,-0.02739716084497026,0.16493651522081088,0.12940361951802576,0.0018832866667295395,0.10731041539111719,0.0022148592266347028,0.22826339382203553,0.19707911656605276,0.355382022691989,0.2923174322447533,0.13764246773749378,0.5104911126338747,0.7821881268747476,0.6683961817983591,0.40749605499475616,0.2979575992962464,0.4141127941494656,-0.01124906955338047,0.0975910562434453,-0.014155939720166991,0.029674460551541014,0.2575128433327537,0.41363719802800863,0.06885910722834883,-0.043510179829532675,0.12062652257339998,0.1366522717383126,0.2040983489773472,0.2740997535157032,-0.10320238098255737,0.06427868165320495,0.14295363270203998,-0.05087787719279552,0.07845335409675003,0.09810252442015606,0.35607063415736756,0.05403940234481253,-0.05256341155209874,0.3249199253751977,0.09847907286050475,0.16136638290266336,0.00633938866965524,0.0658347211730292,0.08867158673675107,-0.15209611730765565,0.37608730638328675,-0.06503939846722842,0.14848177676846092,0.021175519593259768,0.1192068946012072,-0.05094610557910507
0.034660858464307186,-0.052531953197544376,-0.13523419021952499,-0.11762332410280879,-0.20535535852200357,-0.019615720937913864,0.3510392313029669,0.05446359264936573,0.0967850957231563,0.3194913669021915,0.3326519433671063,0.5316450138220064,0.48993918566958206,1.0000000000000002,0.7113900061009139,0.12681126376670754,0.612242890387869,-0.12253756236648852,0.5874293767629059,0.12850680112776716,0.3346147187688074,0.14453055090272937,0.4763043651518298,0.28327995182374144,0.10203698345611949,0.21615674206044008,0.301295428424955,0.2010036599319364,0.34531030605397417,0.1413410288389704,0.045306997410675696,0.21636143799243218,0.09629826335575994,0.0488090595817516,-0.1328798769952436,0.05959803218020795,0.2230029668263365,0.25558343920715015,0.3675783568750878,0.2671478731891786,0.26599502369429556,0.13302536861639547,0.18879069043097646,0.06799878126997341,0.14334691336920294,0.40520755101332123,0.018729691907031214,-0.03662708377084086,0.08312638821316226,0.21846795744905964,0.10736101245243919,-0.03445374152534582,-0.08498549964661728,-0.11642671069414241,0.019489961688024488,0.035580493708074534,-0.05192459441552043,0.10132169827125528,0.3475874999851403,0.06615865591046202,0.3063300842406102,0.42665227073274736,0.4949276586724441,0.8065006118175166,0.6280161769262118,0.7335659713339884,0.14555838774375607,0.5247191519170993,0.2287892303708767,0.024131783454262687,0.4891005311871544,0.3158219004567769,-0.07248692737579021,-0.022043420435046306,0.3382663396354397,0.3189385075380213,0.3935659073890834,0.2440964954262416,-0.09591761013280385,0.16786905784070238,0.05791979671883043,0.21826787214915938,-0.027197904241931012,0.05734589409837548,0.0908779193781367,0.1525099642627623,0.14275895726964205,0.43862528506199944,0.1129945383615365,0.2637449716641698,0.1893245213316628,0.14892072037684492,0.337172192293624,0.12253776190238429,0.19675258834348108,0.07984441043120993,0.32919121501561227,-0.038772540164011625,0.17049995796538323,0.18855498866032572
0.04318686457656981,0.02624958886803108,-0.23792112248042105,0.018919172083262444,-0.23915319828176299,-0.12788704040121382,0.3598966860878003,0.05720084204626755,0.10293142075273659,0.4089411620687994,0.23212839163136542,0.3738954838118648,0.41448192294027253,0.7113900061009139,1.0,0.2599796332645077,0.44358396489789553,-0.20230902214223404,0.3888948152628787,0.11480233576735964,0.19412203750886137,-0.08153588283033858,0.40962021462660536,0.13211963741571264,0.20794838582866426,0.04159223790126099,0.13478161813422998,0.11814916694213706,0.45282189468339484,0.138884768553191,0.25201773931965704,0.29243828298380403,0.2361099810618259,0.017402185904005545,-0.2037485300324962,-0.07033528629082227,0.21275990699589378,0.293117632054623,0.4839854850137234,0.29108558197684825,0.30681401008642223,0.19928721255854268,0.2889844956791266,0.11526337476065207,0.13705977920510118,0.49639175221100584,0.04875259110653618,0.09351398510923535,0.07831761138797615,0.19268031961502352,0.27516184671767047,0.019325307062106847,0.19763406526082597,0.03430193692397976,-0.014426229146670104,-0.08236079632079345,-0.03209967952732646,0.09422028465350381,0.4953109764787854,0.14359387535746437,0.2720327643485649,0.3989188150578322,0.36069254708171233,0.6303972696877779,0.5707929116445704,0.8937515909423339,0.2561196849264169,0.3524485981248393,0.11304900279533864,-0.0011304238139231758,0.6892674614219431,0.21692777354608678,-0.15406356265767115,0.18629891854817143,0.16821003911899418,0.28109498292657337,0.46426684894142395,0.1769008399790729,0.00375443181072679,0.2736484112807764,0.08910368478323412,0.22125916233304646,0.12677321874517364,0.09558359598155278,-0.11118870032778205,0.18675335754129535,0.146539985684535,0.336104830151557,0.022220808216403244,0.28675514232252486,0.36613055266617944,0.3430956814686661,0.4663721314860133,0.2626923655408418,0.20518957643282565,0.12959247270085297,0.46919325921438615,0.08388137773048515,0.2112173436127794,0.21592320962331155
0.38938127116061744,0.3640756489983633,0.1349417540980471,0.2741086860099057,0.1254446488822114,0.048853101906689816,0.3002613624674234,0.3132091034024999,0.15104782808923262,0.045823592702181164,0.19077560715069053,-0.12876786711904104,0.14086578829085872,0.12681126376670754,0.2599796332645077,1.0000000000000009,0.2586425282397573,0.531798580160962,0.20486445871021308,0.1345245145328586,0.258917336145069,0.054237346586686885,0.15453570158491356,-0.23664805049117058,-0.05923421972310625,-0.1605847106552906,-0.20295858522022797,-0.04386090624058404,0.2718995023295154,-0.22063222825313028,0.27103218911701177,-0.0718630592709112,0.14767691979827438,0.09946063472890194,0.11739637762483969,-0.1967861713459028,0.10494696192467716,0.0989278610462041,0.14984174593582167,-0.0406976449048085,0.2605959484557735,0.04119010656351448,0.12524419198793435,0.21372180488282863,0.2499401328509743,0.33018123666872656,0.1278553129979794,0.2823483961214071,0.13052281011051592,0.11773513016545359,0.5366996003152491,0.36641720223554997,0.5403980462566648,0.25568409109593965,0.13748050258711456,0.07691422601821235,0.24126024793477313,0.13453944147288205,0.08013143827606638,-0.15913629898853043,-0.07738897949267584,-0.002615344104239346,0.16644916802716153,0.13166808229571178,0.1592007280654491,0.3085009149992535,0.35272233844822154,0.23610287820843515,0.3139577950916908,0.5661253125081396,0.3251671630644624,0.1766381658547633,0.1454129431784037,0.05034997490163792,-0.0904162984943524,-0.17099133180037948,0.04204498533768441,-0.13525219836358762,0.2391008606330269,0.036740086082372114,0.12448247410683551,0.39103129194064173,0.40389080372708797,0.3355683855088324,-0.20646543463835398,0.29595732083478354,0.04364795955212797,0.20286429437636294,-0.010513016117855042,0.15429969124531534,0.35639728375274177,0.09345870624083376,0.40124251631086166,0.10798475412358624,-0.12264024628147446,0.3474312673878984,0.31085699666190153,0.2955608524158566,0.18698975621246963,0.16519415949962113
0.024739515563834132,-0.3718323837201777,-0.1917823460660651,-0.280490945510782,-0.3939612185873985,-0.20084936838817272,0.11430297594652303,-0.2494731098717536,-0.18545622387088267,-0.1240034736548072,-0.020809772393939645,0.19631251340242123,0.3442568652367635,0.612242890387869,0.44358396489789553,0.2586425282397573,0.9999999999999999,-0.12012446290745828,0.7520789419072514,0.1737761716369489,0.34084875896656913,0.22868555060466672,0.3227509005764386,0.2801774205372054,-0.14852042182455308,0.005313821674786731,0.15777475253094903,-0.08907368009251876,0.4128745696366502,-0.2436952577395524,-0.05278999824006612,-0.0754151067816311,-0.14915531099415724,0.20020389049470186,0.05473627699689259,-0.11810407318431876,-0.0502879264187396,0.026168159230438384,0.038031183201341134,0.08174792182710977,0.266059859696564,-0.13762460987437936,0.003053179718175707,-0.034947565690620214,0.034593451276228156,0.15601495157110754,-0.11985904695222968,-0.03976472858651297,-0.027397363057443454,0.10677872729754391,0.2360983377863451,-0.33366633735868517,-0.1930421550547329,-0.40706584023645576,-0.2305381415913893,-0.07065570438577586,-0.3472412866401837,-0.21564401433775007,-0.037527516713571386,-0.3168732243989619,0.027979603868596575,0.47632399665566516,0.14956487897734333,0.5185774615773083,0.5722265466762909,0.4189355719711298,0.2622240998621004,0.829609573522934,0.5897834020242027,0.08399870679672551,0.424270400332807,0.5197568562699569,-0.08320465640438926,0.19275342428779857,0.4121612049042124,0.02858620913733573,0.34144055125565587,-0.07240651386562358,-0.08569832537215956,0.0016652863680141734,0.34846018587479405,0.3352182723989492,0.10980475547040776,0.3067576697215305,0.019336131396937056,0.20960002780825887,0.02398062202969011,0.1422661405861178,-0.03043190247368767,0.26896091178228576,0.24342845768562246,0.03398503903802344,0.28359216648165153,-0.008781915267527465,-0.06251506222804397,0.16798698765438638,0.25340317959805886,0.14753334413854471,0.11288825458631228,0.1908841969452915
0.14094590545370933,0.4578898490540854,0.5303941464343234,0.18250072791994718,0.35963419945852965,0.4107773787243193,0.21074125622553708,0.5471272822394181,0.48832973048688777,0.052696674088509324,0.1815571133787021,-0.2212940281384963,-0.015912481181083318,-0.12253756236648852,-0.20230902214223404,0.531798580160962,-0.12012446290745828,1.0000000000000002,-0.1656197249845822,0.09792745959953732,0.20528822009952385,0.3101044581470793,0.1071608163682087,-0.22945904108220727,-0.1350562513653575,0.09628207103658525,-0.10353918344173489,0.16066668862534766,0.05261378232508055,-0.07520329814813978,0.05071214095168857,-0.10407349235386218,-0.05884369872120584,0.1462103870521042,0.3226980576137086,0.13011497066756564,0.15879841773957826,-0.05032471125888878,-0.1038027898091457,-0.10462225716986824,-0.03440630294477527,-0.09510679803875116,-0.09508976664685144,0.0943803549165389,0.15996873714564874,-0.11177667676986035,0.07805779493069799,0.07688771120160316,0.09388432000412217,-0.0676903445104967,0.22936293424312681,0.4030905239644453,0.3464556029528792,0.12561113283135403,0.41588631499830686,0.418691408065536,0.5243095069724415,0.4228377780670261,-0.09170843480567915,-0.035303996104440856,-0.10356560384596351,-0.10841294985724965,0.2323472608749485,-0.1454301370939674,-0.22102767614274837,-0.12407385152043816,0.06667428111549246,-0.12109479770423526,0.09213243365706064,0.7447474208292337,-0.06127978888981759,0.16222824096421717,0.29920591471603136,-0.20760435736179622,-0.24140634774158778,-0.1390170076812393,-0.15080494308364098,-0.0275917779287897,0.26013968530763554,0.005007897973632008,-0.06128913459886004,-0.020687284427551918,0.07012684279484167,0.18660765978114258,0.08192224473395852,-0.06338807474002693,0.0374348816409954,0.03186005373991136,0.21326276897961374,-0.21574591522458647,-0.08377882949156658,0.03769762588065278,-0.07351956890508195,-0.24979195138837063,-0.2344907665468797,0.08274662357401595,-0.14711130153305574,0.06769668332182623,-0.00515041048520927,-0.10283818416103423
-0.049478804796607614,-0.3917968963113312,-0.3771518439041195,-0.21819312450504888,-0.3400529257309971,-0.28315563279617706,0.07192174532759055,-0.3627212550352255,-0.3211389778300195,-0.10106716944167876,0.047272037247940664,0.11935572864962693,0.1646623813031186,0.5874293767629059,0.3888948152628787,0.20486445871021308,0.7520789419072514,-0.1656197249845822,1.0000000000000004,0.0811961871942139,0.2865623094606368,0.05558380223762181,0.16653939172315368,0.1175243637866027,-0.13598850301913576,-0.13830651684436493,0.026185867592781423,-0.14049497121369728,0.34143366914899487,-0.12214494297351916,0.07379895082181123,-0.09333648396581937,-0.11206185114934925,0.23941230322062387,-0.0210054781494545,-0.18946474570055075,0.008250251163131573,0.023341314681624373,-0.01260615542529271,-0.06431478550718563,0.15556707784883164,-0.010777714316402093,-0.0554706768452848,-0.027160491968406746,-0.026492001086276754,0.18826766207941473,-0.09074763192949951,-0.04756209374277893,-0.030464900307058226,0.15874304778396064,0.17672054394423187,-0.27717912504837866,-0.031174902482359018,-0.26840326539070325,-0.2654963940994872,-0.251262361185347,-0.4170752254810451,-0.3613550123714439,-0.07773250514548989,-0.2514378125190871,-0.007924341164692008,0.24425000461658566,0.06369967281500208,0.5224569173282884,0.6046355754532377,0.34441703047720296,0.2570678608464513,0.7645966652785956,0.5043569629269936,0.059168289024866164,0.36881551504073634,0.2557201775145725,0.0019381724573130966,0.18366020633995545,0.24689041397769554,-0.07484497816796237,0.16785510840563914,-0.11989486898464231,0.043873985549418175,0.04641177917415488,0.014037391004546557,0.22561782287540133,0.05953790990086381,0.2580939423189751,-0.14116355768663325,0.035321276668834695,-0.012274614212285371,-0.026021496822525504,-0.1697835952118762,0.04561784711010741,0.23843215534251078,-0.000861666461280199,0.20427369325887268,0.08987064384535415,-0.07952897331208156,0.06716512114914217,0.17212851324633233,0.04553136070730312,0.06134374876998498,0.11080526425835278
