0,1,2,3,4,5,6,7,8,9,10,11,12,13,14,15,16,17,18,19,20,21,22,23,24,25,26,27,28,29,30,31,32,33,34,35,36,37,38,39,40,41,42,43,44,45,46,47,48,49,50,51,52,53,54,55,56,57,58,59,60,61,62,63,64,65,66,67,68,69,70,71,72,73,74,75,76,77,78,79,80,81,82,83,84,85,86,87,88,89,90,91,92,93,94,95,96,97,98,99
1.0000000000000002,0.3917322824077123,0.33868680863561756,0.23793642806997842,0.2667942549044273,0.45037388682872787,0.29029908651870284,0.3310805914167009,0.4050310882306664,0.18417661602691485,-0.01784760228861013,0.03946825363824799,0.03789077602715308,-0.09563438972613747,0.21179948334901436,0.2972029149697539,0.024951155343216132,0.32633637171382507,-0.03283040254983569,0.45585879532843593,0.32323676863353024,0.2066927108516236,0.3318656539421778,0.026907106293415063,0.16198128164843406,0.06049520007413548,0.3935815499070959,0.10451966027505805,0.3779279943372079,0.42577267521846196,-0.02366444115436671,0.3672683632201772,0.22291794615222768,0.023799163306853627,0.18080345365406275,0.34104215057972953,0.07509313040672584,0.07345362246272012,0.11340796008620807,0.05321373872986423,0.006111036072871726,0.061065821633826664,0.17350531856946297,-0.17118863886930388,0.09294554914693647,0.054412686066905226,0.05102312619040686,-0.11537396441663669,0.35485478193733666,-0.004076413123997306,0.4197498379141107,0.3976955577737375,0.006485130077896866,0.21088699941211383,0.24790716894936055,0.22327403623913916,0.4389539797377495,0.5491893261627443,0.11866666179296337,-0.09599845471352762,0.18775966065558722,-0.07122715152015771,-0.07253129087911984,0.1018127351990957,0.4029885468871493,0.20025725685719004,0.2889809583481865,0.011834703404012742,0.20779013531221133,0.3570802842337074,0.5016366939834707,0.09912928410730636,0.18922627743443948,-0.15683886866568603,-0.15627820107971047,0.23164964481018652,0.21856016615503734,0.24570501813365225,0.31379713361077166,0.4329255538177928,0.0425273794177595,0.1252559259627868,0.23468578356146141,0.1924964140731351,0.3365606950106388,0.3039628554751375,0.2063543644306677,0.01878012779162503,0.309113874984885,0.1243400599060638,-0.043073150421313246,0.2003692198658405,0.16725989625752688,0.2228701349468956,0.14500843311276504,-0.025302874514630952,0.1605004120650393,0.28923630522297744,0.17366028627754945,0.08421842614810233
0.3917322824077123,0.9999999999999994,0.22510730120009628,0.43830572189005634,0.7439860766934915,0.3165096122734497,0.62395763539492,0.5088961223384698,0.39657404224383025,0.27181149910419583,-0.04850458843969698,0.22280259734480248,0.167287257066357,-0.09573707437695847,0.4328540396496524,0.8060387143877875,0.04813256663666476,0.6950955978493452,-0.09986678423512074,0.581048427481642,0.5599012755076243,0.15013702344709454,0.3816374221966536,-0.04351447633286679,0.13433326956157443,0.02598524622677758,0.4693487173294896,0.10688919357285655,0.41789249115602894,0.506369623291351,-0.11442774189082276,0.06891130518840032,0.1153777388024302,0.3369588363435045,0.2478111931044789,0.24719089417705808,0.24092704679249421,-0.06482803670816373,0.19818834557166196,0.0758024266213584,0.043318501592666085,0.21564804007412797,0.11351414309776761,-0.22440710331551234,0.08790552743618103,0.1263268504758226,0.14367639418750267,-0.027825291012177313,0.2369468351246872,0.10856643169426243,0.044996401803853926,0.8846916637966704,0.5482202635556028,0.5797108109985316,0.5652389989006952,0.09929139980442529,0.6083973925158445,0.534038884258757,0.20800391592195827,-0.12243182965821668,0.28400104254342845,0.062094292322669095,-0.02076265180300163,0.06410515049457825,0.3038486733637643,0.3779624305493248,0.34358643362034313,0.12571469617627115,0.23483358095719128,0.523581930524254,0.4661061107350536,-0.04180356324273502,0.2551974846776473,0.2952383341235774,-0.18710556732350242,0.22070891825849012,0.2987839048852564,0.2401219272579258,0.07717859499562753,-0.009876134591599592,-0.02748119699303339,0.10261446995412661,0.501799769466321,0.5159891913518385,0.4105712674472493,0.3687837163892321,0.22979937341040949,0.009525271816416787,0.27214019286331936,0.01228259175207302,-0.01445264743316463,-0.16104432418824063,0.22502369655074536,0.27848972474375266,0.19028790029365733,-0.071543037772318,0.05770133329900782,0.223858216403072,0.11752888530849467,0.15006674362831074
0.33868680863561756,0.22510730120009628,1.0,0.27604736744322095,0.41538976874082,0.49605877319183433,0.33823371430834,0.5461833812606647,0.3513859998516244,0.10610949331566648,-0.1369029592418355,0.2598383964123536,0.3769938686477861,0.1809594039658887,0.16171677149391908,0.4163529251867805,0.4866327952476932,0.5334284358533115,0.25913710322577077,0.533029763555417,0.42172338234986684,0.5319823310971391,0.5616586049612072,0.32167313272303105,-0.35774259536539915,0.25026964913545574,0.3693624540232564,0.4260131692536624,0.3650857326056227,0.4064263302877609,0.03591313081721999,0.18710131094568785,0.01571395653760399,0.4948348167529555,0.2777767766958188,0.22794714286603693,0.1558134391170233,0.13420005606713242,0.00037443931548394323,0.1719947772468896,0.07610884419471742,0.22032444289103525,0.20026388799424574,0.13752848136882345,0.19674523753902132,0.10300214975198453,0.1813501437814184,0.12336855809605457,0.27080114742075767,0.18354948980712388,0.23511337735938181,0.4047446193680187,0.1276227762339398,0.2674607574834896,0.57517019190545,0.6695713675156435,0.5249514722155614,0.5953283282599239,-0.17118107823714268,-0.043483551509287094,0.1634326965657503,0.3547129163611498,0.27923953692182635,0.20568811165454554,0.2332536583944798,0.19940556953119815,0.014045911436180575,0.2639580467026596,0.4420575380634633,0.5878070793922886,0.5537055783608015,0.32921636983515973,0.534161583825379,-0.02999831028983591,0.019661815582913605,-0.15981902207881366,0.3017605033673,0.4803243444731994,0.3580421493908194,0.19762926230668268,0.054440029152090536,0.15654949256161385,-0.02804342785190116,0.21295247113398233,0.2581159307736937,0.36881512697585433,0.04452475108499971,0.1650766256385479,0.2869053951545912,-0.19582869290968524,0.045872732234119404,-0.18482281129085304,0.12375781666661387,-0.13565589135389206,0.04847468207201545,0.11916692569478582,0.17057858198566753,0.27640757026812207,0.12479384250519285,0.10847300072356905
0.23793642806997842,0.43830572189005634,0.27604736744322095,1.0000000000000004,0.7210797608996703,0.23514505213015566,0.2316032760318703,0.6921723909988131,0.49936030471847287,0.1673791637046823,-0.23519021184634664,0.14717523346233366,0.4594044285388936,0.2008200386572811,0.2962529607161484,0.2199946550815724,0.17581175037425947,0.1461832571043327,0.16455931121912018,0.34435007427650255,0.6336649472213622,0.13258070617763731,0.07137939635117446,0.05750147117564505,-0.1917413307809815,-0.01238513341494678,0.4328457873464677,0.17549402158573724,0.41984120920530926,0.49051478860430003,-0.4313566308435177,0.3420757179171279,0.1843419609894009,0.30994650415101255,0.2423631701980511,0.020431183268659128,0.42427932229362525,0.2899734685781572,0.11058612122885804,0.02964234337120312,0.2071065067564969,-0.22846979016246105,0.13314282979476388,-0.20832629279732043,0.45922843410683184,0.39376704073578295,0.03514812765696731,0.1627450790220817,-0.21890863182513232,0.20884144129971177,-0.16383269776369852,0.34814856336899846,0.06098833991229507,0.9230683352251761,0.2804438507927031,0.3078439607529676,0.2528286106234177,0.4324235827170075,0.02546629234439428,-0.21307913575520473,-0.012212998099531804,0.4100443236251512,0.4095937391289504,0.013965992352694771,0.21941269459715265,0.13441984296456652,-0.13737000735635627,0.2631056787933894,-0.08426104652870045,-0.06693044368299492,0.12729155144342583,-0.38415972127334524,-0.14792415312081467,-0.2002495358626497,-0.28425946532033397,0.0681317189320523,0.3543003226850158,0.21882061347434204,0.05234661653559667,0.47232172948510975,-0.39175160151953853,-0.10812633350121273,-0.012709750066347598,0.450839772485101,0.645312174851306,0.5075090792287523,0.27747679015063065,-0.10517798794342195,-0.2321277416179033,-0.23437635796717285,0.5129726706840922,-0.19625174974932139,0.4668743917987363,-0.18555854151554108,0.2572401148791157,-0.03795041913489812,0.5051973010499549,0.06184083791720322,-0.3583994767067519,0.1636543046928702
0.2667942549044273,0.7439860766934915,0.41538976874082,0.7210797608996703,0.9999999999999991,0.4393447584932125,0.3251054207436163,0.5749257488283399,0.4824599290808822,0.307380242503594,-0.12318424489529092,0.3748426924721511,0.4695242527178963,-0.045824692665321826,0.36900060741599794,0.6405123101193642,0.21368922994881256,0.5867508982471845,-0.09080447708519523,0.6833152729871719,0.6188120545892243,0.37815935949972274,0.3722006661401099,0.21500386419992507,-0.24111786820067166,0.23843709632292798,0.6316049731059449,0.4308866630896815,0.5340012231067224,0.6737380596537372,-0.16446853593770597,0.27094386325735864,-0.051138321495427,0.5070508187917915,0.40197736244213483,0.28311631037227375,0.5494113247384977,0.09404129088034793,0.015391723003620796,0.10652860172316171,0.17219430517427542,0.23976489733680467,0.19224017483023495,-0.02834599249680674,0.3772141422289133,0.3467142497073416,0.27272795546963174,0.07817455599806167,0.19424457297144895,0.307735824060964,-0.005143312385714275,0.6553063931082196,0.3303457607371466,0.8509003472669768,0.7607112339850531,0.38715766930629175,0.4190175819707894,0.5495474647246591,0.11854947128258596,-0.11252686175122044,0.2777615893314662,0.4153456575695815,0.2688173342120576,-0.061711330812155546,0.2403044730468365,0.26110836652276975,0.02578371466926287,0.17693900450798866,0.05354936318247091,0.3342015184019819,0.3531161400300379,-0.011957108372040679,0.2002324405081007,0.12495731609996195,-0.13113079531774577,0.021177155877674162,0.34660693408170573,0.47115714788548474,0.1705287762472658,0.18455208369055742,-0.14083416654419628,0.12411578077669384,0.4022136024832652,0.5468239678145137,0.6203120752356736,0.5844473050075921,0.3671729599269414,0.21028961753726727,0.1439900686786488,-0.09007143760351582,0.2334542789706215,-0.2912972666468307,0.2855565669061616,0.07910222933612002,0.23162953373858944,0.10237664852144816,0.3234553688700826,0.23647440129685862,0.04577255728406489,0.22401260983910898
0.45037388682872787,0.3165096122734497,0.49605877319183433,0.23514505213015566,0.4393447584932125,0.9999999999999998,0.18556336159045322,0.28841499315623376,0.3503946418439259,0.6636773402574769,0.4523213311657842,0.6626881751150168,0.26464244369736795,-0.01798578164245162,0.20088929598574906,0.33051793432928256,0.40827385565694113,0.5350487522926554,0.0008666069704008017,0.45170738419237105,0.4245721272441757,0.25175665870802516,0.4366650652497773,0.4189048169642048,0.23823148871966462,0.599413188627451,0.2604184776587564,0.17027393316544756,0.37738010817552725,0.5611146916710346,-0.24352089236106933,0.02562348004617483,0.04741416598040265,0.19449746646440902,-0.051385407006992054,0.2111705002662307,-0.014396723269430494,-0.23414351478227816,-0.031992166964989716,0.35613893115035977,-0.2985949818687525,0.2475011071264893,0.17076966208809777,-0.15131592025490123,-0.1314974522026228,-0.13476999033374565,-0.07153173064910151,-0.3252877856197235,0.6213544095894896,-0.12873147573564447,0.11404567271569538,0.2244968317230871,0.08428001312087602,0.39150057160054247,0.6327434317658991,0.6581823622497427,0.3285751194153156,0.26538811385591843,0.5598052936676184,0.4524139945781889,0.6971040368090822,0.320424573321317,0.19268922271312508,-0.12800026094805625,0.21972952522517378,0.23546682932350052,0.14721508886679782,0.12021570370140168,0.05279723820860335,0.3888907291204657,0.5530034328816159,0.19089317556003352,0.3094242440998886,0.2787177379392516,0.2806576580559693,0.4497025234440222,0.18110030031456198,0.5744058640400256,0.08355553533748582,-0.026853204277460293,-0.10113188428033851,-0.12659210351216424,0.1147805963032478,0.31125091977673464,0.4140065843932132,0.2693703324665669,0.11382169060984083,-0.07834791765206198,0.0932027996143964,-0.18578905839671556,-0.066775361231448,-0.32708375379138416,0.18408156350574748,0.12430719486933514,0.18028189759591787,0.002560837625143783,0.04039075693957479,0.09003522304313821,0.3299301772398018,-0.2677843855367249
0.29029908651870284,0.62395763539492,0.33823371430834,0.2316032760318703,0.3251054207436163,0.18556336159045322,1.0000000000000002,0.522639127924639,0.3912977584610054,0.24653403752181166,0.0056486497568707435,0.03621241049083227,0.09330099318848438,0.2075130902728763,0.4597113787889012,0.6012945077989648,0.19927277955685216,0.5500338964546527,0.14434829652614198,0.3506383688511473,0.4471089752043544,0.15920869426455048,0.38705223198862976,-0.12443375560135952,0.09831776350642733,-0.11661986893198287,0.252673030569079,-0.029181473684978452,0.29233778498372487,0.18116508420235736,-0.18043718954159474,-0.08255317413868563,0.19735055404968516,0.3794613179881709,0.350932673633147,0.17650829448610308,0.022820474091375668,0.1643653208279949,0.5470245316074128,0.10619827887666666,0.23097982714198267,-0.045612883397051544,-0.03750182439436932,-0.1325396589770078,0.08730272686453149,0.1582782375437323,0.19359667507590347,0.23505747085874756,0.18925026029658493,0.17164366575002707,0.015745889759131205,0.5936000618703439,0.5772157109029988,0.2824191629013466,0.2780060547590148,0.2045484986821424,0.66862935413738,0.5029737318101742,0.08911135003653194,-0.041192202931160875,0.07673667921121624,-0.03367297395841379,0.005762530119935163,0.43922367330270257,0.4209222077944876,0.47278226735980433,0.6010763105066146,0.25738140051013797,0.434895452690635,0.5063569758555846,0.49059491825040574,-0.005954503798821476,0.3256705821896949,0.20103557586832194,-0.19297103516490888,0.053204617296153174,0.3118630711250316,0.00021051449055513332,-0.04560383675380811,-0.04746367446160089,0.01503764805851609,0.10407381932301593,0.006070080964175983,0.44701166287308036,0.16347198120191395,0.30061327791457837,0.1352733032696042,-0.19732059304141378,0.3588999159295795,-0.06082007237594795,-0.09576377748773109,-0.023317079621286044,0.21897045014177224,-0.03893867432002509,-0.05096479663084552,-0.059017291134037565,0.1263827317708846,0.3250201293982614,0.10437258958069234,0.24592204866438275
0.3310805914167009,0.5088961223384698,0.5461833812606647,0.6921723909988131,0.5749257488283399,0.28841499315623376,0.522639127924639,0.9999999999999993,0.43341243804240714,0.13753619108373638,-0.15450039722384695,0.0854384320818734,0.21965430879017595,0.19891981658135818,0.3879713680576321,0.3472569796369645,0.1463820448136209,0.4954817805243388,0.29743788532305115,0.38898684975881753,0.6104417070492131,0.10039415621565351,0.2588356290066916,0.06804491640141937,0.027586101281093452,-0.03441240375547816,0.37588302694492776,-0.012861958650817571,0.428588555761709,0.3650312505476162,-0.2531700413549526,0.4062142458709294,-0.006287760694937581,0.4850705033436655,0.18091118392244732,-0.1452585857772809,0.09087372203211984,0.06508329141962534,0.037394350777015535,0.02536175552526244,-0.02793404543806792,-0.24288285117982544,0.02823228257764415,-0.34112413997555047,0.1987232380829209,0.07287286276314547,-0.09768835578810633,0.029991251910461772,-0.15480274134318714,-0.12283676986378254,-0.042422050703036084,0.4929953571048951,0.21024148128825296,0.658121283686068,0.3788917153807439,0.18988709439574777,0.6943369453007723,0.5678857393593997,0.07317765860939,-0.14434634567283522,0.04909410734295974,0.20704478254417963,0.38209249745828433,0.22524631665076156,0.1741483413930539,0.1923225181711225,0.06121824205741843,0.3433193505918337,0.1488868736543573,0.3322160266460734,0.3308477097417451,-0.16852065530076796,0.2036448621506963,0.05430814009842442,-0.1110872267597202,0.2026340820047434,0.537270842754651,0.21606216763548985,0.012620023014706947,0.41423444859589187,-0.25354239402733414,-0.24686958059607017,-0.025155381383506425,0.4207083131665748,0.5081012876578966,0.2621085999168599,0.021464672171520583,-0.26637823440627545,-0.11677471232480656,-0.24459518924185875,0.1244446354372489,-0.061254655943828895,0.3130983616860314,-0.18717700075192173,0.05645399166675667,-0.2616174218653743,0.25052885613095144,0.07194269957596408,-0.31523665374189297,-0.10004817676242049
0.4050310882306664,0.39657404224383025,0.3513859998516244,0.49936030471847287,0.4824599290808822,0.3503946418439259,0.3912977584610054,0.43341243804240714,1.0,0.1454394061607271,-0.12451810513821511,0.1588522877948278,0.3290805810206743,0.3487088323871912,0.42580410194847496,0.30856428913228084,0.32243331727218055,0.39369618079597,0.1321422969599866,0.4842245688610356,0.5743197130096301,0.24829117607658024,0.3247322519863123,0.19180498944855678,-0.06625978981429917,0.1031256116201695,0.504425109164875,0.16854216845074904,0.51695962721174,0.4478541188282524,-0.28533854672283515,0.05169217259858794,0.2321221536578856,0.3829928135106819,0.30347923244074454,0.32302262255162184,0.2883236306707319,0.14806796838812467,0.1872915960247069,0.01786119383591855,0.15542481438274863,-0.016801814819444053,0.01674966433845191,-0.0737124038418882,0.16311665718313403,0.16392042867593798,-0.003040086368069775,0.18248539107891892,0.07448845519662627,0.23302633191610725,-0.05915901618349451,0.29799904879707095,0.12890572796551963,0.49715392251543433,0.3408765133652612,0.539433937078061,0.2778839381532672,0.7242570793740626,-0.05349713584916949,-0.17389140435648204,0.027654886986745106,0.21706832837796142,0.377596657413456,0.27395746003943827,0.37630772124186745,0.32131880794356465,0.12438101636181231,0.3406744311856331,0.34857430733594347,0.23217532358732823,0.4746638690134635,-0.03964642424382362,0.17819987746989732,0.09712687485412251,0.05888861966790663,-0.07416006097658842,0.3770900892599836,0.3498914370988439,0.03498598069429344,0.20021722467363762,0.03190192624400651,-0.025441645594931773,-0.011410095858544255,0.46611777418951406,0.5759464917372079,0.33986384481206844,0.23713656506706868,-0.022125495153942996,0.17064479212794886,-0.1601847254647008,0.14098203084303865,-0.06381998196590995,0.41771861900998525,-0.08496104250677025,0.03871624868132466,0.07785320742170042,0.3729381908304953,0.3370922559046689,0.07117791665942315,0.13131403801657057
0.18417661602691485,0.27181149910419583,0.10610949331566648,0.1673791637046823,0.307380242503594,0.6636773402574769,0.24653403752181166,0.13753619108373638,0.1454394061607271,0.9999999999999996,0.7564975312493912,0.7445495577132674,0.2221492602584939,0.09152364817494454,0.25850295669033596,0.38068570604217233,0.3213799538639817,0.3674765160606616,-0.08585536334680216,0.15299977210329044,0.3676947947057205,0.1949672621136079,0.2656463877704668,0.5367318410435425,0.44577394157358136,0.6160025267359142,0.356286205957927,0.23734228648530664,0.19986540255763216,0.4504051791731027,-0.4958041367767401,-0.05308887897608477,-0.009499093670107832,0.1436187051208388,0.15593498223010746,0.2872919879614963,0.16548126971218646,-0.041611270906940716,0.2693662312482083,0.60421011851566,-0.017473040396110598,0.21648798017612694,0.08076730950041221,-0.04264921782986313,0.06317347998374373,0.13170630102884184,0.08819906714875528,-0.20171882215496714,0.5687602023461622,-0.013146475721890072,-0.171106535841061,0.08410793608969575,0.2520016386788592,0.4080236639716181,0.5339642325812118,0.44971167223253056,0.1460576872674256,-0.016630012318934365,0.8373111936521548,0.7401663563137771,0.7905408092363155,0.34751673638689473,0.1479338838645254,-0.0400543189130384,0.06622365440054406,0.3803197927834326,0.2686362364060241,0.16480569704178785,-0.10630459080012383,0.13403887711127072,0.3910926277207397,0.2506555746812195,0.21308501982443745,0.313264317091444,0.4117287570861018,0.4743044761175062,0.061929861407641854,0.4314666558408384,-0.08827139898763874,-0.07599459535253661,-0.022066480810542043,0.010818480339529342,0.22093268283631137,0.3575479616526767,0.4552991142639303,0.36200872062111894,0.22407773905500222,0.029498025740769953,0.19894191292951768,0.14382535087321863,-0.0498459191924747,-0.23273914093302886,0.08740839380973373,0.14118906864023062,0.048836782553033954,0.15823802506862386,0.2540253289565726,0.12753714026622606,0.4144064789135662,-0.028871009367776944
-0.01784760228861013,-0.04850458843969698,-0.1369029592418355,-0.23519021184634664,-0.12318424489529092,0.4523213311657842,0.0056486497568707435,-0.15450039722384695,-0.12451810513821511,0.7564975312493912,1.0,0.6021815636530361,-0.08731212116630016,-0.09307477593953212,-0.12596819745804644,0.010618725296464966,0.04187919184474552,0.09925241211070576,-0.17860965311065938,-0.2097703782871004,-0.08295686179312196,-0.018579376894117188,-0.025518778829801487,0.3863920510416269,0.5704060128436332,0.6656542371377584,-0.1309678172398447,-0.057371433836707945,-0.180697343415316,-0.018263796736148755,-0.45291423392942814,-0.24169688922350469,-0.12493718277555192,-0.1922428924948777,-0.13797107316945664,0.04921105669896401,-0.24957342106705996,-0.32608483280188627,0.08640778587826722,0.37056211654183696,-0.24006233858564532,0.09564563920956765,-0.09328348242103428,-0.12400204750734423,-0.2862395324581788,-0.23215387226905387,-0.0844452796099921,-0.35639216004318497,0.5407877050173944,-0.26380320253072714,-0.09002413634728065,-0.205919357277004,0.1865231264842448,-0.021982495332027226,0.22604306712932964,0.1949474699650532,-0.04743431008135894,-0.37943638018789333,0.8028803850046324,0.9514525125914676,0.6836953975692837,0.10413168649552662,-0.0697182047361835,-0.26626827046502766,-0.23376658975477863,0.05622622927265158,0.13435198710108165,-0.07939313155621679,-0.289828609674086,-0.005444774637331985,0.05095058711340621,0.2920558162434155,-0.03751759764226256,0.22186998894047766,0.5526819197864437,0.4949463653323731,-0.22464305862927866,0.09984337234515239,-0.2879102836167359,-0.194722230108924,-0.058490214772135514,-0.17736155119612335,-0.008710483223085723,0.058726392882389684,0.0004318181936280772,-0.1735039085881765,-0.2091330340006719,-0.11694173131474646,-0.002428836948266184,0.0827322665299134,-0.18604963088462728,-0.19546088543204918,-0.03247631455457749,0.014524736788455646,-0.1148033537615054,-0.028147863333571728,-0.18017890688312843,-0.19090360068008072,0.5098197338947744,-0.29709802401479546
0.03946825363824799,0.22280259734480248,0.2598383964123536,0.14717523346233366,0.3748426924721511,0.6626881751150168,0.03621241049083227,0.0854384320818734,0.1588522877948278,0.7445495577132674,0.6021815636530361,0.9999999999999999,0.5633165700402899,0.033087962579195475,0.19461318605627576,0.3142587768773262,0.4680010565651765,0.4534366598945211,-0.09320118172078809,0.3002987481293058,0.32197528310038825,0.37219079380798004,0.2833584653437654,0.5234117258896814,0.19736279842089088,0.7810037342251752,0.29722981360105055,0.39557262857766307,0.25557963519127264,0.5153987135402319,-0.20199021233346004,-0.08966045336053148,-0.1190628517750974,0.14995021936675393,0.0064741491024586754,0.33541740999555664,0.20383584816793307,-0.23925925820643928,-0.136168194830926,0.4485842009001016,-0.08983488954671612,0.5102948735399437,0.48098736852147667,0.2614643582414893,0.09667502261954973,0.06396507248812268,0.12280000204855467,-0.2033890359985706,0.6353863902190406,0.07757696907182796,-0.04413269042011316,0.15051753871443949,0.036929608725474614,0.3706465247574947,0.6293971436724589,0.5613511096702208,0.0096791748185463,0.020456368722976147,0.5762938178230923,0.6762192214897383,0.8502451897113216,0.6408558743976754,0.36174391357108726,-0.13372921220518613,0.07492200599111112,0.35916391441652545,-0.04164288475925698,0.27239586260450227,0.015804994776748623,0.2747275198799999,0.3208560283781532,0.33980222884110456,0.2514452276327913,0.3072704330411107,0.37845511374855323,0.41824181077341743,0.11432497924867979,0.6029875963850752,0.24076378741349946,-0.1945268010029886,-0.002282279958772884,-0.044383951333275155,0.3104288024677421,0.3503335416405882,0.3035857600691941,0.30217740608038457,0.1185724988672379,0.15616955808569757,0.22086335593897113,-0.09130357648943557,-0.1294639224422371,-0.5479917770667233,-0.049115389689561896,0.25881396798057615,0.3673593622716828,0.31175119413695745,0.038868952448318644,0.08037322352434026,0.5536782687939228,-0.06913447168959654
0.03789077602715308,0.167287257066357,0.3769938686477861,0.4594044285388936,0.4695242527178963,0.26464244369736795,0.09330099318848438,0.21965430879017595,0.3290805810206743,0.2221492602584939,-0.08731212116630016,0.5633165700402899,0.9999999999999999,0.32004033990208075,0.3576043960235118,0.20882312411229997,0.6626218898403247,0.2449448962472803,0.11868859003369314,0.45150250427074795,0.4459133524151581,0.5464628590597649,0.26310488930683296,0.26665402792596404,-0.3592868983548236,0.3205388272637459,0.42380506517536976,0.5563813772564128,0.364929915594734,0.4639149452148039,0.011369393942128072,0.1149637104722025,-0.045956787846797346,0.3009473291862095,0.2882551655520645,0.47461228798994665,0.5221177039539899,0.24915989891321794,0.02159311302374688,0.21925307658423826,0.36215332411492085,0.3584466987862358,0.662283343804817,0.5437272169293037,0.6139492375791726,0.45582513969257865,0.3452548970975903,0.33134410162073774,0.1926963373480234,0.5763375054997026,-0.028669142061624735,0.2122712605623711,-0.23600664557789552,0.45990564183959776,0.46463323528050215,0.5565498736980573,-0.1577223678108937,0.27430414266422526,-0.11541531859769606,0.01803164075086969,0.3395321586090959,0.9107291576023852,0.5713920160890898,0.15196348520450045,0.3115676704602771,0.4673691869766585,-0.2934625285064486,0.4921421160064505,0.19899327804368303,0.09416225769890507,0.3211695938340069,0.10196482388832129,0.19439071879458505,-0.01540515827679869,-0.07892714894921331,-0.08701257946269791,0.21272568833932542,0.4896926498879517,0.4945792293270272,0.11431820719884056,0.003069443597273279,0.1032622355458017,0.08759671424031526,0.2513366489302206,0.2763343132304462,0.5453988010202633,0.3553952792779872,0.3226611778079329,0.2950038359735233,-0.23140174047010015,0.019067261199018054,-0.4147002250502445,0.02743067943377138,0.06592515411712353,0.4543322468835068,0.5687925179608099,0.33060827449122715,0.2103988027778212,0.176036237726633,0.4296688251404071
-0.09563438972613747,-0.09573707437695847,0.1809594039658887,0.2008200386572811,-0.045824692665321826,-0.01798578164245162,0.2075130902728763,0.19891981658135818,0.3487088323871912,0.09152364817494454,-0.09307477593953212,0.033087962579195475,0.32004033990208075,1.0000000000000004,0.6006480999696879,-0.07786071237745114,0.6107115751210808,0.005213960200040713,0.6926619770924888,0.06452377886650011,0.5009765269104536,-0.026152341443753942,0.11192476834851893,0.24006588957140315,-0.07235321866305024,-0.13564944013955096,0.28100527842878875,-0.020369759949368623,0.34710770703359384,0.08772967431656929,-0.2755838842718686,-0.09317184696188227,0.07357603059360636,0.38286169494473504,0.17206913260124004,0.08974275365419399,0.10331905964868501,0.31358627759141766,0.22107960250982486,0.3191949157332943,0.18480221077363088,-0.1163887847072565,-0.005469354333849055,0.12450069914011036,0.3209970410172432,0.20958032977478358,-0.15655476932055884,0.2778850089503877,-0.207627441170602,0.17298285241936265,-0.27949434718569593,-0.12713410202871134,-0.1855313365282578,0.12451683124711124,-0.031195094750003104,0.30307169772684406,-0.19014955630208952,0.10309927690363158,-0.12240917154795204,-0.08969887212035975,-0.11496188249334165,0.3178492852340917,0.6418268850826625,0.6236209960148825,0.11445124018030718,0.6055499145979965,-0.13080258701360123,0.6110152750583984,0.20502836401630614,-0.14349929570642553,0.3347221735518409,-0.18785887068783685,0.2980145753399752,0.037709224842125834,0.19019901356173285,-0.20023685008485395,0.37691080259866516,0.190746761834682,-0.042858002409748595,0.09398813833651683,0.02872558318574216,-0.11891290154120907,-0.34507713540902735,0.06732142110908465,0.3338884531017857,0.16395855116087482,0.190915153659231,-0.13593887985888037,0.034035565517404325,-0.13300225611712513,-0.05022083909895027,0.08660080491614826,0.1697133989432085,-0.19983358466156645,-0.11758946323012269,0.19485950526620627,0.46412967413636924,0.17553064066896465,-0.23240868749934754,0.1939877054341972
0.21179948334901436,0.4328540396496524,0.16171677149391908,0.2962529607161484,0.36900060741599794,0.20088929598574906,0.4597113787889012,0.3879713680576321,0.42580410194847496,0.25850295669033596,-0.12596819745804644,0.19461318605627576,0.3576043960235118,0.6006480999696879,0.9999999999999999,0.40291885016876006,0.4678518839214818,0.43756245265687915,0.48666800077950084,0.4158740397205715,0.690576130708971,0.08028631866020959,0.25791557242466245,0.08493747928785095,0.0720685215726904,-0.13749095582460572,0.5621400184944998,0.021233675126767437,0.6987876421446826,0.4051553026359274,-0.15602860928791096,0.11418788995063574,0.012169679299935857,0.5038381071654344,0.2999373363900143,0.1741372506889035,0.3393021786954123,0.24455448588559145,0.16790374079229883,0.3660583156300824,0.20010174700412625,0.10500990688868714,0.2301017892314658,0.042928851702400586,0.3351338454173297,0.27989170025275073,-0.007146633737134154,0.13759180846134286,0.08111683953251361,0.2049338493182309,-0.20603688693029254,0.317961147790363,-0.0833782992042221,0.36503838321165555,0.2912860906568064,0.2095557323284171,0.16550892863149677,0.38647452812440397,0.039926123851525254,-0.17249744909294273,0.10213131279633925,0.25609753186671447,0.564378496860421,0.6986688376337561,0.4268443815821455,0.886705170109222,0.1820772233138747,0.697893475173541,0.37151514829400234,0.15905970246122228,0.59829826841591,-0.15263923966946166,0.4141375636332972,0.3171248709333701,0.03949134431119224,0.07451047358991283,0.7199684597902627,0.3091628819812782,0.12883618831083682,0.014121294099281853,0.11163071009869009,-0.0892870156044573,0.1904773822611688,0.3895541500829018,0.4801671800392503,0.34873464144950145,0.5251687096948873,-0.14446898098868943,0.31264171510989813,-0.09116096014682516,-0.19232248146345715,0.0028252282716458937,0.053748758192519695,0.21458578434184464,0.1840314061234773,0.19082163174647568,0.425406742069277,0.38491283520514885,0.0015357773487679686,0.27578086062078616
0.2972029149697539,0.8060387143877875,0.4163529251867805,0.2199946550815724,0.6405123101193642,0.33051793432928256,0.6012945077989648,0.3472569796369645,0.30856428913228084,0.38068570604217233,0.010618725296464966,0.3142587768773262,0.20882312411229997,-0.07786071237745114,0.40291885016876006,0.9999999999999996,0.22430270677592834,0.7585940483721371,-0.1056146983080247,0.6038460953504082,0.507489439036683,0.4176249153514146,0.5897412115057382,0.2276349447783086,-0.05344444540261567,0.17258710576811628,0.565151435568272,0.3847490950040459,0.3627859316230354,0.5641414252638817,-0.03410103343641529,0.05841047478045022,0.04818152825888286,0.3895149997358091,0.44712496199504626,0.38931646984123935,0.32389790611168995,0.07259240344612354,0.2492108013451129,0.3307860747978457,0.18701608750663068,0.4246314873652453,0.17264894420393165,0.09267733224634468,0.1659973375877538,0.23816550739376494,0.31145045754779943,-0.023450588073836875,0.41627331410299157,0.225243608323345,0.10704641334065274,0.7412321857447605,0.6065186257419037,0.41335948057511146,0.686416906817524,0.3066534592831505,0.5926871294924566,0.4895057698070006,0.1376185126928128,-0.022602862596013046,0.34160385298662155,0.1554612346042801,-0.123066890717961,0.16346549995462184,0.3384138788782657,0.4295265256521517,0.4357235675744612,0.13016879673006768,0.4285943014747133,0.6584026659064038,0.6132030472002524,0.3277393878456784,0.5370313576629195,0.3536282900617982,-0.020845908617664766,0.0014721228475969312,0.2156114663169289,0.41407646102000384,0.21148267039900973,-0.10832377236274282,0.2207445791725878,0.33151862297853535,0.5989223699708606,0.4649338585128006,0.3498443828776831,0.5098222018283848,0.26690688111923544,0.2694953089947693,0.5498072126771772,0.1987377255086174,-0.043208471702832825,-0.06488125271798191,0.010985038054313449,0.39780520733988944,0.1166502308687697,0.21658552185626484,0.14704930143261163,0.3712541821935393,0.3424931464380506,0.29062600674039846
0.024951155343216132,0.04813256663666476,0.4866327952476932,0.17581175037425947,0.21368922994881256,0.40827385565694113,0.19927277955685216,0.1463820448136209,0.32243331727218055,0.3213799538639817,0.04187919184474552,0.4680010565651765,0.6626218898403247,0.6107115751210808,0.4678518839214818,0.22430270677592834,1.0000000000000002,0.3448373919255146,0.4828234758277336,0.45582477009195305,0.5273560263791204,0.5259486589719766,0.5713743137722749,0.40742799206364144,-0.22371503835386547,0.25285321599992594,0.37582726812473044,0.4297047832238373,0.3894436195809913,0.4397661576147463,-0.13502977781357392,-0.12440118904565307,-0.046281591920317895,0.548091339244797,0.32684624778769206,0.38247369158458355,0.25986000874396675,0.22472910967277746,0.2118204823414969,0.4534004933607016,0.25002035728676497,0.35207252985438,0.32692681215633723,0.3715836622949614,0.43736325970550854,0.2903080779880804,0.229303966255597,0.27123374438288655,0.22655223507054384,0.3931880080743824,-0.1615624457864505,0.06012022054487231,-0.15884914215090418,0.19541302835079177,0.37374114905793815,0.6787260015158088,-0.07622769819639023,0.22248171842180925,-0.03464177698295522,0.10245205463802037,0.33434635666580065,0.667339408635721,0.5541333515911929,0.39274275537498404,0.3694482807327546,0.5728057641532919,-0.10780192332244777,0.5824603653277934,0.39188659825556893,0.2565199041739745,0.6445870769334477,0.21797853359611408,0.5278751329921492,0.10750312952249352,0.1352182710826117,-0.11259010712839979,0.25248622771283113,0.5858680832679125,0.3452626781936576,-0.12723033017142557,0.07397752370035594,0.12451654057055232,-0.08820936898323904,0.25878685285147435,0.27429515784580166,0.44891243841780054,0.24913104138870418,0.17509194868481232,0.3528383215427222,-0.22334659585495872,-0.019986748852039844,-0.327089708633863,0.15134500002928813,0.044249601864794284,0.19441886763265234,0.4439770483757255,0.3264128347177615,0.30962070273616615,0.15107884488809753,0.253977002660459
0.32633637171382507,0.6950955978493452,0.5334284358533115,0.1461832571043327,0.5867508982471845,0.5350487522926554,0.5500338964546527,0.4954817805243388,0.39369618079597,0.3674765160606616,0.09925241211070576,0.4534366598945211,0.2449448962472803,0.005213960200040713,0.43756245265687915,0.7585940483721371,0.3448373919255146,0.9999999999999996,-0.06511170928956107,0.7399874190207888,0.552016276116415,0.3923933264024859,0.6752416260820636,0.2572540458193414,0.07773525194449436,0.3255446088546937,0.4614018056821853,0.2531918541020267,0.46526646785846537,0.5531810798967585,0.012607040968362638,0.021645966943521566,-0.07024633132580882,0.5556590671250404,0.2206999488130177,0.27433581174039123,0.09759761423182066,-0.16085838939058075,-0.036878805942778314,0.18299384395695537,-0.09795613027095033,0.40815660904035006,0.22506157031996316,0.03323715199176463,0.0034625664462413245,-0.04793254571628114,0.09802697309809068,-0.09465296093412631,0.4706415992928657,0.011675970325810074,0.11240795287581723,0.6563365967220709,0.45204286841457336,0.3328675040247098,0.7342855307893691,0.3991217176823602,0.6513789594307084,0.5455107082900794,0.19167727774743112,0.08614549779158878,0.48637547329938496,0.1934309451780894,0.12380985205629946,0.18308530707756498,0.36236504220965665,0.40737859313885627,0.29931941465019707,0.21736855553815607,0.46915264515131144,0.8007010376276658,0.6672063545918987,0.3050849078953613,0.6443174513562007,0.5038770330008244,0.14775355503726909,0.18384065146207834,0.3306016149238766,0.510446923335042,0.28186043433627467,-0.19024199371672734,0.13665362365764966,0.05401441545922407,0.4222717768930859,0.4713079542141276,0.3514006275189839,0.27782385976802904,0.07576860929751182,0.04477519291480391,0.43411374639280204,-0.09516378301002351,-0.21530457095902417,-0.1981359998569534,0.0072765515160659626,0.3009217037477268,0.09132833132337849,0.09507111573360184,-0.05818961264646633,0.2717899212759719,0.3740846963932182,-0.00805289271991061
-0.03283040254983569,-0.09986678423512074,0.25913710322577077,0.16455931121912018,-0.09080447708519523,0.0008666069704008017,0.14434829652614198,0.29743788532305115,0.1321422969599866,-0.08585536334680216,-0.17860965311065938,-0.09320118172078809,0.11868859003369314,0.6926619770924888,0.48666800077950084,-0.1056146983080247,0.4828234758277336,-0.06511170928956107,1.0000000000000002,0.006458985830684956,0.3727211695949708,-0.08712320485994468,0.011129155712290053,0.04029018155334745,-0.05173939296941281,-0.2603501505204526,0.09106882549448644,-0.16936981585591376,0.3286963201121933,0.004455558899384207,-0.1672572771509475,0.15213071014143295,-0.15939197371893243,0.3489356153567764,0.09108528531277932,-0.11556731764667695,-8.144217283781799e-05,0.17852329822873297,0.09586343939179197,0.26021110097223293,0.062462713599034055,-0.2294409475264451,-0.052648221363265746,-0.06532765084265933,0.27494845726134026,0.06336459473216094,-0.17718711315267557,0.05595294993745577,-0.18481194123966055,-0.021095734098104876,-0.14179676055458537,-0.07068764126492487,-0.25322343055926894,0.06407440508834897,-0.10584842431867246,0.14825866002015411,0.011021830068604424,0.13162518818078955,-0.1706692377733241,-0.15382727683614403,-0.20284003109620788,0.12579436158442972,0.5677475777815127,0.6045778305966252,0.14042009804903666,0.44870543057824275,0.01789939188014458,0.567243124212464,0.2815043417220437,0.007315178532306062,0.34732113718598806,-0.19892263523629783,0.2324570160301708,-0.0013796311525908055,0.023017582332776385,-0.1063570860953184,0.44710072399445167,0.04331868424205116,-0.031376539021807016,0.198533397125209,0.054839740031958836,-0.08402023786490442,-0.2590812682435613,0.1405628827985662,0.18400235879498195,0.0913139884871573,0.07374261528198206,-0.27810244575336135,-0.0048275212082196685,-0.08479474374896413,0.006169665085779138,0.07275886524543576,0.15783136268520173,-0.22299320614423995,-0.023548381799880027,-0.01725188062704379,0.34034896162799194,0.13776532042776257,-0.30323371604349664,0.0197427971568334
0.45585879532843593,0.581048427481642,0.533029763555417,0.34435007427650255,0.6833152729871719,0.45170738419237105,0.3506383688511473,0.38898684975881753,0.4842245688610356,0.15299977210329044,-0.2097703782871004,0.3002987481293058,0.45150250427074795,0.06452377886650011,0.4158740397205715,0.6038460953504082,0.45582477009195305,0.7399874190207888,0.006458985830684956,1.0000000000000002,0.5492308575854402,0.5248540053046992,0.7176590341203956,0.22530500286170352,-0.290537481479359,0.19846076624591405,0.5660622595485351,0.5195854852553706,0.6737756415093007,0.7219895147613136,0.0696958258737983,0.15847279080105778,-0.05353228172919216,0.4846814450255108,0.30578026561469607,0.4721513837293121,0.37178142356132016,0.028858449363957896,-0.03440567516844834,0.1788658948016561,0.14221832661286368,0.39445493829572575,0.3491632328835442,0.22027459284709475,0.3219799439226,0.1717880820217461,0.32746954185554755,0.05023222999226631,0.35255759898798766,0.3229575653445438,0.2655795220549085,0.5868108840173849,0.16749230130528941,0.42152223244964737,0.6364817812138779,0.48228663759330054,0.3795503114438323,0.5964063427970197,-0.11264880034793465,-0.24475711995236676,0.2590572692410446,0.3011896736627779,0.20648197174580168,0.13456392764225888,0.4897299464961752,0.3768600972387085,0.14652318393913893,0.15538099562499882,0.3639116073827014,0.6020670931593091,0.6689725306413036,0.19699298265924003,0.5829871919241636,0.16914046401854152,-0.145339572570831,-0.1384268104303657,0.38436981413895366,0.6325498582220187,0.506592977703943,0.04645784588505264,0.05749664712838898,0.2618987455672539,0.40829078181525136,0.2969072755490532,0.3977919213020101,0.5234208185663003,0.2349067372560118,0.27736817348589965,0.4966434080090749,-0.04635701924002489,-0.006047362954781096,-0.20179102961052356,0.11775849035311294,0.2573823819329886,0.2701653567501563,0.28273340795917223,0.15593860287211486,0.3249820877933878,0.2590088869464935,0.2908834295249305
