0,1,2,3,4,5,6,7,8,9,10,11,12,13,14,15,16,17,18,19,20,21,22,23,24,25,26,27,28,29,30,31,32,33,34,35,36,37,38,39,40,41,42,43,44,45,46,47,48,49,50,51,52,53,54,55,56,57,58,59,60,61,62,63,64,65,66,67,68,69,70,71,72,73,74,75,76,77,78,79,80,81,82,83,84,85,86,87,88,89,90,91,92,93,94,95,96,97,98,99
1.0000000000000002,0.34138938586462425,0.03214121429768759,0.175484959962209,0.1775643347359311,0.06561059966980066,0.27906243931895386,0.05053066678989969,-0.11492028192470455,-0.14080566814079296,-0.039056321996596324,-0.13438818622473078,-0.11257455966858801,-0.22837125909025746,-0.16602290051086468,0.27649470883733734,0.006569498273402691,0.013137113651352717,-0.08119103566361822,0.23587040497771095,-0.015293648755217042,-0.11273909571082072,-0.23248551036052884,-0.0582903979837545,0.11064351456603282,-0.12877012472134666,0.0857688299207174,0.025825412453191,0.111342446881126,-0.10227226271908069,0.2941801335607558,0.3706718112580109,0.2610153156213513,-0.06895389249582003,0.12308027932880868,0.04341049431752135,0.17303067375175601,0.2776886463567746,0.15586153925094212,0.030896849041803703,0.36978139821485195,0.2891706871425243,0.3134046287897719,0.18190201201932088,0.26665656180032193,0.31880657582312666,0.3490721909117276,0.24533625399154912,0.3146118500591764,0.2585958953616498,0.22221842189778296,0.23399856625489954,0.16429294114925216,0.2982733000450858,-0.0010478257454995862,-0.017767086896864417,0.11146259440890172,0.011661366938203275,-0.11040742978069104,-0.10672112282653218,-0.08997227256508894,-0.018889520645627756,0.06958975897621003,0.0851993435601092,0.19044413972511962,-0.11692577742506122,0.3421995122528902,-0.00830799941873176,-0.013353270111202211,0.14264790215868098,0.029894001549587945,-0.07342117397266573,-0.20917189494162128,0.009911286393354656,-0.050495290678711315,-0.19741030908724796,0.16241820579355581,-0.14500602270414323,0.12244454556435096,0.17831303380647562,-0.01835204065581358,0.24030989172512146,0.22129963588797097,0.17892771734255908,0.16606520745080622,0.1357629052754761,0.031720490441819064,0.12908726667737236,-0.027929488766262868,0.21926899959442617,-0.03469493733516823,0.0231714378875769,-0.19895366951791044,-0.10579103836787662,0.0015177103827107717,0.18545369463303932,0.3967884913244757,0.14494579852844167,0.3178135197184819,0.21499158300467225
0.34138938586462425,0.9999999999999999,0.17307702103297878,0.6766634662855338,0.4361073763678158,-0.04815701950057745,0.377073088223974,0.36051880119377366,0.034319563388152986,0.17996256950130496,-0.1335718057226982,0.03132998178497492,0.14994201001127705,0.003568230722946882,-0.19002961125895776,0.36235628023599903,-0.008504368487968884,0.19016253963340035,0.06260880164103529,0.0600997132254669,0.18999899426173938,-0.15769077798638653,-0.22127198095793427,0.13381302912305554,0.2303408603561933,-0.019824440669384425,0.20588136660384349,-0.1222205024492706,0.011856382563558594,0.006970987319220899,0.37338863169243985,0.3957844545332942,0.19693308155871814,0.06256438814910491,0.12473682726211383,-0.08123758773953867,-0.18406906896958367,0.37167071239376553,0.2609401261022189,0.49781929651189477,0.2281035993926337,0.21024599451341006,0.3582855645981214,0.03387601725016829,0.4110730035777802,0.22200852716013958,0.18017748352303883,-0.09364612079791079,-0.1281402700839731,-0.06178301445159593,0.11338127135077666,0.5202538440979357,0.3863525905736355,0.4355900050683887,0.16565292635873083,-0.1361030661445372,0.546649129191393,0.12842854503376422,0.09711930504849363,-0.13949976330327385,0.1614541916675434,0.1027443707457494,0.05365555198364636,0.1378096367298529,0.18512045425146134,-0.02883763394075366,-0.1872358294001448,0.2416757064405704,0.10474815121905133,0.186288889799759,0.04365971114454859,-0.16079796627586015,-0.10348214698983062,0.09223211344507742,0.19005884169643691,0.02433675754161875,0.1766582328204659,-0.02468380030590875,0.3550644622699988,0.316170724404118,0.08894322656439363,0.012926867450282374,0.2781816639126062,0.17710768298541849,0.3432691053931255,0.0596063459734259,-0.1943801494373548,0.09207054220186048,-0.13151055386474497,0.20212057152403315,0.10800337963010488,0.36691907201971186,0.29658359685024144,0.20430241865419912,0.29686429999283603,0.12444953508088921,0.2661569257346878,-0.11843108607648387,-0.2691546207979716,-0.14862124442509467
0.03214121429768759,0.17307702103297878,1.0,-0.07778810536589507,0.3961214316583776,0.5572933810924922,0.013691957208985294,0.2700104654823274,0.49002721812674804,0.14108089963195874,0.1854588323250813,0.3536768034413291,0.09841074077069867,0.2840295555157032,0.20465141394444283,-0.17774040851045353,-0.08476708972837242,-0.035618386953783374,0.005699080385662195,0.033526767516415104,0.25647951981954836,-0.18712060674993383,-0.2723243993158867,0.18604401570436796,0.194736078951764,0.11637923773152255,-0.06644466751316995,0.08027823375802563,0.11970583578265356,0.21510831644598347,0.12982759780901681,0.031013611779639762,-0.04458282754738761,-0.021318365019688278,-0.1307580329165322,0.027538382902676562,-0.034989038537935134,0.15166557288837335,0.24677940605862023,0.30755755359002473,0.060309377556133664,0.06810321602434832,-0.022325458507839232,0.002044230921184426,0.05331674408975853,0.03828403037241041,-0.09897652292211585,-0.06355009084333003,0.1583796199497773,0.12178119182857489,0.022286164378227686,0.21042823883300332,-0.0541023047284455,-0.10519233238287114,0.5854238820203622,0.4439440907088181,0.047528580350242225,0.4144795116166767,0.3895914298305005,0.0646687618407168,0.3868123384415176,-0.04768739877723502,0.16139451261864238,0.1053745238808297,0.3551307826506887,0.24772876582401507,-0.19056846611736994,0.048877223199524894,-0.10482761330318419,-0.043813375365852496,0.18323180076231652,-0.35402338181837173,-0.22567394955335052,0.13845430332080955,0.345232594907209,0.25417054788970217,0.2802638585187061,0.27536271271139645,0.15082428481335447,0.14360438267385237,0.010499588894705841,-0.21458574487618923,-0.1684750829398802,-0.274360577215721,0.07693304245368457,-0.3371406405726145,0.1031436835791384,-0.15645897930110442,0.14288317836159004,-0.08969468627492042,-0.04444490373867113,0.17061773194011023,0.33821730962819946,0.059058842907242934,-0.24603354747433503,-0.1448193809322663,0.03487677626301041,-0.3463529051991446,-0.06564458456209604,-0.060990291207130225
0.175484959962209,0.6766634662855338,-0.07778810536589507,1.0000000000000007,0.19791078035315554,-0.16258815123065973,0.35890695866823713,0.4261259062714338,-0.015060726169569173,0.292604543505883,-0.23553303921042362,-0.06133534544358124,0.27095146389238123,0.15104164493694355,0.058536722289641206,0.5297642018880955,0.24853212421713766,0.26870369635732966,0.21540462642391567,0.06443258688072548,0.23314097489305535,0.026097067474347722,-0.01710924371522227,0.1494514445532619,0.19478943459856815,-0.1611664076611663,0.10430247801764735,-0.29252641470141283,0.20172344888699265,-0.11300788612630058,0.04731127419093581,0.22949284294736175,0.3757240283396695,0.17110303081297298,0.007577414506631771,-0.2368774895800355,-0.12080609260202431,0.38866282365718424,0.21574457936300723,0.24056864530314748,0.01345638655907396,0.10629321569477837,0.09215788251325886,-0.08021693136738789,0.22191425663659087,0.07754402424248368,-0.028192299379576808,-0.16982015604652384,-0.38080084823338217,-0.2558172499956016,-0.12038727608008633,0.44134095744373697,0.2996680960773477,0.42434988039279103,-0.07947411005296702,-0.27977751997218525,0.5961706867675072,0.01673969452180963,-0.01638903282953974,-0.08593263144451072,0.09627224956142093,0.16896567328170023,0.15020529388225762,0.2811330513091963,0.08746346835048593,0.10977193991653238,-0.1783665908701148,0.31481543798692396,0.26139555749495685,0.4260197148521159,0.1661082445960486,-0.011780526281551426,0.12551906116723976,0.0871427241814993,0.228672099336011,0.18369402464254858,0.1149131712724371,-0.01542037893211757,-0.0070019879199059495,0.03925324805948988,0.24226576964500418,-0.01910231932948269,0.36213536522689704,0.33989936526135084,0.1869851028532373,0.12478971089147552,-0.12226313792584886,0.019005499270531856,-0.08289662928155506,0.10175034154690869,-0.06166013114982932,0.16310939443162278,0.15414914729112786,0.04792969532884699,0.2777636286648523,-0.07024946488280694,0.08428432378595813,-0.23333410106570665,-0.3731150051741483,-0.22089752351959957
0.1775643347359311,0.4361073763678158,0.3961214316583776,0.19791078035315554,0.9999999999999998,0.31130711815086887,0.25229959223503545,0.6031145241665605,0.517584732439549,0.08880286267871179,0.13056006480317014,0.21520798584341078,0.32749258398719755,0.2999647258065619,-0.0005663620963031966,0.22968627483143922,0.2219562868051793,0.45487465695734913,0.24550202561319598,0.44975171933326136,0.32848307904134444,0.19941167438675814,-0.09265185553025625,0.26593703087212317,0.10083238201294943,0.13504462638175113,-0.149747474393538,-0.0043129136351334465,0.04285075440832228,-0.08089422505307925,-0.04228490781086972,-0.07236891845676585,0.07276362140995635,0.43819171826795555,0.17345373733702263,0.16594642756346867,-0.18208868460098343,-0.10051602243781732,0.11314405843195317,0.19728156577453276,0.20554260355116385,0.11080587694434174,0.14658229360887953,-0.3556955063572588,-0.0776565254270973,-0.16356942597969812,0.1134028564097582,-0.0014983417518265106,0.06411374741499024,-0.01802088538649689,0.0033769620450130452,0.6620770348641271,0.32798449232862553,0.17457581656370638,0.6779704901428546,0.34541930091848694,0.3855508204169896,0.5000565991087276,0.35640963207746107,0.21202651168813308,0.266958793875252,0.32525560661914926,0.16307986379828587,0.31273807157236744,0.33335344873459516,0.0666949158608807,-0.0027303913620103717,0.351084725473691,0.2537042785464855,0.3647272110209113,0.3118349115777895,0.08933468460235985,-0.04984111838531929,0.02556533973342931,0.25828138278734514,0.16374975225117092,0.3746565264064703,-0.12412325521233256,-0.14660218752745263,0.03292061297579679,0.19788162606835824,0.04672814562584598,-0.14355207530250882,0.03209835066858479,-0.08878006452470465,-0.26016585326313946,-0.12308660812525789,-0.15270654447323279,0.10330562478419746,-0.0053697480589038555,0.18827377182626834,-0.037593662267992656,0.1497583505235671,-0.03184058570032831,0.00945958579070596,-0.27531202901225915,-0.09461475148649075,-0.3904763351176233,-0.042521261676327034,-0.14137744532998647
0.06561059966980066,-0.04815701950057745,0.5572933810924922,-0.16258815123065973,0.31130711815086887,1.0,0.1256177067375245,0.2595736779935543,0.6995663929428113,0.2383504101260162,0.30317078154053567,0.4782765267936069,0.28702022962716,0.44968898203791935,0.3849673354025213,-0.1739377343445229,0.013153034827817038,-0.09427773734416954,0.0815318521486931,0.0853407857208484,0.30048393225532194,0.024541792187895213,-0.1331585310188768,0.016463674801578197,0.34781425207175165,0.27458213579534063,-0.02862443620768975,0.2677677731229316,0.38055435631705886,0.29671320214785124,-0.10877540673456952,0.131871662771328,-0.05367955373231447,0.014712438244854168,0.05725437534135844,0.2174989028502965,0.2750394726287364,0.08634343504420988,0.15523701739830023,0.12171709715905238,0.14811918985256958,0.14098426957753524,0.15940475951464395,0.10831033869551482,0.20428020529353677,0.22624757530747588,0.11516836738224287,0.2931545992458329,0.6281208402377292,0.28791560595911514,0.12750993007030945,0.07772025773938386,-0.14038011781283588,-0.054091753763174245,0.7571943483808438,0.8282601495430069,0.06331830547326732,0.6188969130264441,0.5405403926488845,0.24920804593915308,0.348117971991075,0.1780056663664417,0.5731710438888062,0.27694441986257146,0.3916915123608656,0.44273344825513,-0.003913421731093128,-0.03150545355662514,-0.3015093938441848,-0.1263280457125852,0.21730827299355684,-0.288711799844275,-0.1772099114506145,-0.2265299901655411,0.13301699853378318,0.0036002973276203294,0.3988671335929608,0.37452153937898813,-0.06671510161221152,0.13461798706151315,-0.27649497416219376,-0.2708828787278934,-0.11689816276411046,-0.17179220345003515,-0.017043718233532158,-0.5386354304222911,0.32546330581233823,-0.1322222433251288,0.10677327609758797,-0.4618543017350853,-0.1031479938855622,-0.15347409521141678,-0.04397691575442136,-0.3444841039843777,-0.3169731655859886,-0.06941043175163848,0.0007068179392603914,-0.21710466077512386,0.41134922533400115,0.04778762649582597
0.27906243931895386,0.377073088223974,0.013691957208985294,0.35890695866823713,0.25229959223503545,0.1256177067375245,1.0,0.4710234778303378,-0.07607758522207647,0.012527797959258378,-0.1900404893885804,-0.17882737018343683,0.23920053876849115,0.03843509322463525,-0.1978172230641418,0.6294139250228471,0.419565613951565,0.3608458244584566,0.26369170650196955,0.22955609190113194,0.001067846569937695,0.24661947779009422,0.1932489962140776,0.02543980994382261,0.13429438975975103,-0.18720073630603212,0.07549436490616457,0.009991023176132426,0.09669084983486403,-0.14557865238716416,-0.021973339560150455,0.24411575035480468,0.3160757408413453,0.3215685153308986,0.2404832196533275,-0.025079095223337917,0.07182173695259049,0.1377481569735255,0.40735407673163077,0.2953358558693487,0.5786505504005002,0.2515040702266045,0.5140664362619755,0.07077176981611502,0.19237499184632792,0.402198387126518,0.5326854622536104,0.5130635823238533,0.13653441455227422,0.17534843641530676,0.1606913264571697,0.37063327963961695,0.1439720494559846,0.19177511124387853,0.13691974140561988,0.09337735003641313,0.3761445329212063,0.013017036844851981,-0.09274962721701291,-0.08863432310925687,0.012695853939504611,0.24749636404632558,0.14056464458484685,0.2785036311704665,-0.07422083076139316,-0.19010612135648453,0.4032086181833962,0.3839647583595877,0.24679756325708466,0.34590950901531153,0.10007727316903474,0.16774477555653414,0.08689925553148939,0.06903803920210216,0.011447798355885483,0.03738536303903614,0.04842870590672493,-0.31153098938589047,-0.029535097972766353,0.12256178166360851,0.11754560743303641,0.1408662336437933,0.04415128187262356,0.23818590064889833,0.13971264834073974,-0.01791576652821145,0.0035355577793866368,0.07038573760464241,-0.13938436561269116,0.04942186513440665,0.004496208653373997,-0.15818891819000316,0.05169408779521805,-0.07130300829806616,0.26222764593649145,0.02736529031838441,0.3061216254937623,-0.06726864233646578,0.07001913048762172,-0.137577174299292
0.05053066678989969,0.36051880119377366,0.2700104654823274,0.4261259062714338,0.6031145241665605,0.2595736779935543,0.4710234778303378,1.0,0.4301344733407693,0.22335355608110824,-0.12742260573840528,0.08252951569173111,0.5448002124944105,0.33057470681121925,0.12858064119136012,0.48507686308635395,0.5464151137488027,0.735261258580473,0.6207572393563008,0.4822266124016546,0.48765761408479974,0.4003194272758572,0.17321782016767076,0.3804636453068031,0.09447592380197985,-0.00909059871718728,-0.04408551220478695,-0.14618990601447734,0.3106420446189997,-0.14223802632341795,-0.08459844739037388,-0.026975759829193428,0.14917573745249832,0.6868313585608623,0.25728493696183247,0.0005957269492522062,-0.19786846885919243,0.09106114076939756,0.202057137502216,0.2028474493865341,0.11645118476130067,0.0077812295652499065,0.1797508230644772,-0.4375992526691567,0.012150270293741952,-0.1250469174870719,0.020709957116343075,0.053545957117686165,-0.01454384983309328,-0.10669670363406938,-0.07554775735208505,0.5712176863950067,0.288107132834141,0.19628166955040427,0.3791942334944018,0.2643842956005752,0.648289894470477,0.5099347319455604,0.1596382313549424,0.02841999338039211,0.18991363300769698,0.4370840807685179,0.22178050322365297,0.3688270717903533,0.24688138693152278,0.0735585887405195,0.07973291455418786,0.646818107736056,0.47411215132608037,0.6592259736791696,0.5029783252016723,0.2483028892778216,0.16716316392472208,0.006742318273597831,0.4124198578160691,0.26605997008133936,0.46229249984250054,-0.12311069643600497,-0.17271254699080169,-0.027056039663534537,0.39796315225942996,-0.003483794228598631,-0.048498767187132516,0.18165681974790304,0.03226126040461971,-0.23820274830943994,-0.23889806261434673,-0.24823173822122893,0.07167084650952767,-0.10663214196735095,0.05540239815918953,-0.16711147085018324,0.23003181847497337,-0.1157031632923696,-0.055014432338512304,-0.43010944076614954,-0.10339985564984278,-0.5307087114457559,-0.08304661577303374,-0.3340709489746725
-0.11492028192470455,0.034319563388152986,0.49002721812674804,-0.015060726169569173,0.517584732439549,0.6995663929428113,-0.07607758522207647,0.4301344733407693,0.9999999999999993,0.35085270240699434,0.3500546536782911,0.5026133966684673,0.3114844910414306,0.5314600385532511,0.447163728180972,-0.2412885778328869,-0.03069315770643538,0.14448777137659896,0.10829751505543979,0.21643585396243445,0.4523059373343322,-0.034398930253524196,-0.1984870874337302,0.09940304308129223,0.10909657411826583,0.23197935029964994,-0.01314520580824143,0.1915644941088649,0.4471733179233914,0.2282915856290753,-0.33302008845558384,0.05765287915731745,-0.1574064924936704,0.17416224511804534,-0.1255670381159739,0.4579735321905288,0.18404084076349614,0.08083653780479826,0.01353472199685239,0.1666864667545401,-0.02818715452633822,-0.040888050814214795,-0.15918911135550914,-0.09285405701813648,0.006420945835271973,-0.05594872065217327,-0.12097893963627561,-0.17264196156498432,0.2832442446788208,0.14361279961078263,-0.039562270528407134,0.33793487008696044,-0.009365685066737267,-0.1330754987996397,0.6155374448168786,0.6337178955590667,0.15864381467071567,0.8295632574015079,0.5502700672434887,0.30101140306419155,0.29384871517103656,0.26946258814624235,0.511445868351832,0.2946286341006551,0.5812965343548261,0.41509198278334125,-0.14101855997645102,0.0012698468046763855,-0.1533571246558931,0.05330099991801555,0.3705982052291718,-0.26002291385397247,-0.08623178372883145,0.025962293530730932,0.2476182926496238,0.0941440679194842,0.4897350443154416,0.3530690540459415,-0.18866741984185667,0.1252556127321349,-0.09427701470675696,-0.16723141931760552,-0.2192372991010764,-0.17864341602066858,0.0018858755209697224,-0.3065459883471127,0.24097423042207414,-0.05165288492550218,0.43821083690962537,-0.19282065409564078,-0.002064238728243425,-0.026621515293649752,0.13804509090278663,-0.2309327503158008,-0.3062324976500598,-0.15007523142165718,-0.12634294007565608,-0.3493445787592906,0.18338924580642005,0.1391948552651604
-0.14080566814079296,0.17996256950130496,0.14108089963195874,0.292604543505883,0.08880286267871179,0.2383504101260162,0.012527797959258378,0.22335355608110824,0.35085270240699434,0.9999999999999998,0.3629450752562177,0.5465095298438785,0.23829319119723666,0.5486985502655052,0.4754194883731632,0.2692468703482243,0.2014465695291457,0.23796182588032758,0.3158406514333172,0.012182397917784525,0.5476085568995166,0.2700041375644555,0.1021994874854891,0.35021862717793056,0.5532355360258203,0.297819568919378,-0.24287740735450367,0.12439804025337492,0.3951739175437789,-0.08042453701894814,-0.2537868939211047,-0.06434652310881513,0.3421417288030402,0.2002425587918097,-0.21914518045115958,-0.35127987353539025,-0.23297071824720217,0.3992016620079653,-0.009886420351760251,0.1596726958854453,-0.2951413977720485,-0.11113625603701,-0.005432439842390896,-0.14155503947475861,-0.10852027357474248,-0.32883682846702017,-0.36503648250798904,-0.2359786386776444,-0.08426346617646367,-0.42971637844371674,-0.5127927551289989,0.14233759536661278,-0.2605019639877682,-0.2021965305197162,0.18443343320079167,0.27481204075444177,0.07257286065616744,0.2466253961962649,0.5464905875427177,0.48239754121773165,0.46783435554195807,-0.013733779118569826,0.2863335648090427,0.3674259617031536,0.25582197040060217,0.3927539201079668,-0.4018178601041226,0.16854977442404273,0.14290449343840894,0.019377933370920756,0.13109693263648373,0.0384822906244375,0.09306611227181188,0.12280987938362702,0.5486336357607039,0.6263778961102813,0.35557900713575746,0.3532267026240086,-0.25098450457002597,-0.33942873226095116,0.3284000336963765,-0.3408238801943048,-0.2270685032911904,-0.11974096674831725,-0.039958937335316566,0.027249892621256364,-0.22825126097032472,-0.008661065650747,-0.1268690275931179,-0.0768913577375015,-0.43644207918246763,-0.1770464003879491,0.11645548674611583,-0.3123854197506888,-0.1063948403254983,-0.339367506354902,-0.3263867038277994,-0.4405821852970116,-0.0871887122146384,-0.44278809264625585
-0.039056321996596324,-0.1335718057226982,0.1854588323250813,-0.23553303921042362,0.13056006480317014,0.30317078154053567,-0.1900404893885804,-0.12742260573840528,0.3500546536782911,0.3629450752562177,0.9999999999999997,0.6260710462717415,0.12851671267522602,0.3819963793943105,0.5465126695243605,-0.24272645519973085,0.01054139258127265,-0.04277124547960694,-0.012277824579852334,-0.0685037829317122,0.17849026906657153,0.06994519595271972,-0.120167907561036,0.07088103729720897,0.41459883412838466,0.5660826539073845,-0.5206724699826476,0.2740339635194189,0.40965126168002786,0.13972882519427393,-0.2902722998289334,-0.029404556556466465,-0.00319771424915782,-0.12114698469625686,-0.4503383164494539,0.054206727393822284,0.05322654588168129,-0.08344788596007777,-0.08835524520389308,-0.09898054286645883,-0.05031550852388,0.013818354402037459,-0.19793759905074554,0.07832248652380029,-0.36367370763883183,-0.18852715349690097,-0.1100325171316301,-0.2215426017205505,0.32608442975179147,0.07336437791433673,-0.10401466620612086,0.04536336047037574,-0.29004052860724594,-0.32699104679377133,0.21280127607339042,0.4264961416709574,-0.2574132347918186,0.2831761049801651,0.3997992857671024,0.6574397100461065,0.3889828525026158,0.04192307487154926,0.27016251689901594,0.20657768236715382,0.21012046746637436,0.4419598234331156,-0.003990770807138188,-0.03499203231634032,-0.11775223167848603,-0.11831869481409006,0.013641481105578666,-0.04039284047807692,-0.16433792861709748,0.05419853235731308,0.06227266438482911,0.34498297293696023,0.25346421695082544,0.16723313041051008,-0.118360206111266,-0.1764263704108776,-0.055352225865310516,-0.14576257743394178,-0.451007997223662,-0.3666502004761536,-0.48406466145693594,-0.020687059795850258,0.07670731113193889,0.10201056501190148,0.11063004089535564,0.02975320505078939,-0.16067690869541795,-0.11006882710949488,-0.16247840671583696,-0.12939503607860742,-0.12237056327165854,-0.03211778719624532,-0.16713751678806266,-0.07850290255507093,0.3914612814545083,0.07896983963270006
-0.13438818622473078,0.03132998178497492,0.3536768034413291,-0.06133534544358124,0.21520798584341078,0.4782765267936069,-0.17882737018343683,0.08252951569173111,0.5026133966684673,0.5465095298438785,0.6260710462717415,0.9999999999999999,0.21999667791387842,0.5871465549148471,0.6331210316909919,-0.23319259113406166,-0.12553718583296447,-0.09499510966934173,0.031170176873950288,-0.11417875112648689,0.609667432275198,-0.07651175088981176,-0.16112391980477797,0.33308704156491264,0.39570690846184825,0.6713682249970819,-0.3361908489038699,0.1396861231008697,0.32715996656828905,0.3388424954609318,-0.05250609440937163,-0.014642239668353442,-0.12634080501669326,-0.1326042264886688,-0.33143296452736526,-0.07321207405001312,-0.007268588450821267,-0.059525524085924146,-0.18215358386610137,0.012053997056762054,-0.1967917874586001,-0.09470614236888122,-0.08388177285471442,0.009662227619376738,-0.09564322908712664,-0.1224812777847437,-0.2678156777098177,-0.22245363157299464,0.1469191609877998,-0.0662767962396437,-0.14443506815420065,0.08825886414476954,-0.07809276516764059,-0.1298368734086882,0.4277009736115997,0.38499364878746467,0.08105809189189316,0.49987849365171527,0.7000162752520444,0.5433234240333006,0.7634661768744059,0.012227240787200994,0.37225447563779446,0.17600565926160203,0.4465380983560235,0.6401100507913609,-0.40347045791605274,0.034759455933833006,-0.1855208013821319,-0.24489198916890279,0.18111317669105453,-0.2609883826963373,-0.07501607337613675,-0.24770940584545087,0.47059709200818506,0.26270427904959476,0.33185728968288203,0.5227183648546421,-0.014911070632402703,-0.05344601536040153,-0.09492957526952366,-0.5484141092953463,-0.26189804512352904,-0.47967654996698694,-0.2437030213670584,-0.40002441579914005,0.006905640044140287,-0.07938007490459041,-0.06314181287460603,-0.2623524398058709,-0.09293714299734988,0.039251928669949844,-0.041675350503006844,-0.16902979196460405,-0.1871855364243409,-0.08810562926183611,-0.22198243215890082,-0.4043093192286653,0.015865133335288103,-0.1356448940106877
-0.11257455966858801,0.14994201001127705,0.09841074077069867,0.27095146389238123,0.32749258398719755,0.28702022962716,0.23920053876849115,0.5448002124944105,0.3114844910414306,0.23829319119723666,0.12851671267522602,0.21999667791387842,1.0000000000000002,0.5218529919314604,0.3690560381840124,0.3340280210379214,0.5106047132865292,0.4059393888842198,0.6056444402934185,0.15684003672430485,0.43723134027389465,0.49799143024775677,0.2522341896753566,0.19857709186100547,0.2178404790621658,-0.04644877114080349,-0.09584739134083176,0.013288612443338232,0.24813901993591725,-0.002729764967193613,-0.2824649036591804,0.07073788427351968,0.24191413122628957,0.5024651025296627,0.21918228588143218,-0.13088637528650138,-0.18606323455365517,-0.05576575565064327,0.07537779829584688,-0.04953585354385974,0.0009698990598321521,-0.10384542089797581,0.2055708032936395,-0.3230280351785373,-0.169445078686439,-0.11350909434025049,-0.018993916975418374,0.11629698438625738,-0.03260194280575391,-0.21117794647869462,-0.0013229616281608058,0.3620407475988803,0.10710660581412068,0.11879003643196563,0.29874407732626423,0.3620972042044501,0.3184246542209054,0.3798081620718195,0.22408392435749314,0.2923035286981215,0.27690468339658836,0.8436471067844479,0.5297981134294033,0.5298518726035827,0.2648225597640765,0.3616390034598881,-0.014306816018086598,0.40358575715518624,0.2445531819685563,0.3304553187525351,0.3711593834762254,0.1652226493633864,0.18705598824785485,-0.24938584205933,0.1513937994994271,0.21231342433312492,0.4593202812624643,0.014309911915950262,-0.21301151351630326,-0.09500492953735859,0.16334018392522823,-0.24048632649839372,-0.17233500128956128,0.07245951677002437,-0.12085991995643795,-0.2752588326258588,-0.07610861719852516,-0.21056767879758181,-0.16271342614867138,-0.32924047214001734,-0.05995165126804118,-0.27119949419043654,0.010415317179894957,-0.20393574810444418,-0.14819770881982036,-0.4019980045976024,-0.25264757536443927,-0.3722515303637769,-0.0272006663250224,-0.36608854700454724
-0.22837125909025746,0.003568230722946882,0.2840295555157032,0.15104164493694355,0.2999647258065619,0.44968898203791935,0.03843509322463525,0.33057470681121925,0.5314600385532511,0.5486985502655052,0.3819963793943105,0.5871465549148471,0.5218529919314604,1.0000000000000002,0.7531890975435304,0.050026840279191034,0.2171714595796798,0.14560571491421823,0.4576630605310082,-0.11957721843562208,0.6594589707882014,0.27488576675136794,0.22697380311714396,0.18278467422965897,0.3749747534485442,0.19275895210887725,-0.27233830677704535,0.05399369809906018,0.2442761150255284,0.15120712679790926,-0.3299319786874713,-0.04967074839366867,0.15444300828776986,0.22322873536732837,-0.14216261335887626,-0.24558946190948594,-0.17468131187336658,0.11014438486476447,0.050360865775766185,0.037663064610978916,-0.21156228914474293,-0.03187104456226197,-0.10052818029014125,-0.16653828586496314,-0.24205604275163836,-0.1585456628653158,-0.1277071262228509,-0.1684574416441055,-0.09817605063156701,-0.2740450559245201,-0.2924298960023838,0.24267572289874728,-0.20685426522062905,-0.20236785209212235,0.4568826423211743,0.4525839896995305,0.19998028694669034,0.528437493110424,0.45407464970381695,0.4336065851431028,0.49076813691560883,0.37734717563181636,0.591397869276613,0.7199535522957626,0.4962662038991075,0.7177854663528167,-0.31286756283020506,0.3183289838620643,-0.006325334303798021,0.03406798338220815,0.3232996796689198,-0.058312336788146193,0.2369408381930711,-0.24373307088243418,0.3414474051569617,0.37880159406299974,0.34752473264595735,0.4153259499451477,-0.2281907687152906,-0.20025868034099484,0.025505840214452836,-0.5510344164934288,-0.256108692640284,-0.2595701874564637,-0.24063345581460902,-0.32577609809872515,-0.08917173687403529,-0.22036665017244308,-0.19461063841068665,-0.3867337934342331,-0.23794974112604,-0.14496654691441654,0.018729322632807233,-0.20774272592716514,-0.172067388078858,-0.3435155413840812,-0.2728800193199015,-0.540334016756911,-0.14817429066484863,-0.4064263960992647
-0.16602290051086468,-0.19002961125895776,0.20465141394444283,0.058536722289641206,-0.0005663620963031966,0.3849673354025213,-0.1978172230641418,0.12858064119136012,0.447163728180972,0.4754194883731632,0.5465126695243605,0.6331210316909919,0.3690560381840124,0.7531890975435304,0.9999999999999999,-0.12065827268845342,0.11615543951743523,0.01647097874523697,0.25909980291935886,-0.18061138474528238,0.5548291430977329,0.12992624142369125,0.169232922635113,0.14406616564957872,0.3177206885153374,0.2561298978281265,-0.44097914233230634,0.008355720942102254,0.4069709283443263,0.3164969814716146,-0.30232962152931103,0.07527401938477846,0.10365072292610912,-0.02728810758657663,-0.4709982684390502,-0.24370754281230808,-0.009755329298920066,0.1534683562471288,-0.08562154569124912,-0.17772318875775459,-0.29331569819762215,-0.12564764206201445,-0.284155851547558,-0.12348312863647895,-0.2397274337111867,-0.19819873656367,-0.27943442725337186,-0.30416748919280706,0.03981541941365839,-0.1260241551708639,-0.2483549565330762,0.0361481197952523,-0.3106628309481389,-0.24515679629821024,0.1806677221144371,0.38157553433154495,-0.016240587882339362,0.4843136275198105,0.3552714226736916,0.5435411728061716,0.4255037459098568,0.2194012495125437,0.5846829311275668,0.4558890720766194,0.4418803479576751,0.8816012524461783,-0.28799760260370966,0.1446857987529533,-0.12410411891235631,-0.06982785992990388,0.26686061628101926,-0.1665266877693099,0.17337971904037802,-0.23577617571964182,0.32763673581278524,0.2551121558365579,0.2953300991179315,0.47347894419457826,-0.16964148117423763,-0.21181210785741908,-0.04019116345707293,-0.5798557068241385,-0.1603520367795473,-0.3779315037886475,-0.3527516378311907,-0.2950883218568523,-0.0885125376567026,-0.2781651449520936,-0.07840567544870414,-0.29745147223206403,-0.35113842998670186,-0.1286058134587401,-0.1629123823894816,-0.2058698260662985,-0.2879774057398233,-0.3441898863559624,-0.28891215734129466,-0.44172213498098384,0.0822932222729308,-0.12697533998542143
0.27649470883733734,0.36235628023599903,-0.17774040851045353,0.5297642018880955,0.22968627483143922,-0.1739377343445229,0.6294139250228471,0.48507686308635395,-0.2412885778328869,0.2692468703482243,-0.24272645519973085,-0.23319259113406166,0.3340280210379214,0.050026840279191034,-0.12065827268845342,0.9999999999999996,0.6364275384215528,0.6433461083663228,0.5427172103765048,0.4044419780973753,0.22596182347701993,0.595603692161834,0.41296886369491653,0.3340900687541562,0.2545303081375112,-0.25672336963836767,-0.09489057173739901,-0.2697377956128478,0.01669615231253199,-0.5449941788626252,-0.09768388882748125,-0.008849197007475659,0.6395872458412561,0.5988461068615324,0.2999237705787046,-0.388152212876495,-0.3363466877694809,0.1922960710250456,0.2006479484230404,0.061899735044922646,0.08330893845970348,-0.0840262300730122,0.3512402578794535,-0.41130337550756707,-0.08062283831037623,-0.21886625934983536,0.06087624083946462,0.16921325773521997,-0.22024197466995038,-0.3169035101508734,-0.21978891878269702,0.4055513734165555,0.13115868387890942,0.19636185338636428,-0.07984036571518463,-0.08627560807865407,0.26812649668508537,-0.18652985656119933,-0.1477040998855126,0.05698307518172883,-0.0008492966884806637,0.22619744620552706,-0.028589520459837335,0.2645238896120386,-0.204230065125357,-0.23305657728862308,0.16761446420204576,0.4398738910819813,0.6157673751293747,0.5244052385899555,0.1776991911470458,0.4802535174619552,0.1983980946449504,0.10929142663980362,0.23318686537805322,0.3526078225441651,0.10793621815507434,-0.47946694675867907,-0.2165417305442389,-0.3738566350264054,0.5934972211987702,0.167937373731417,0.027927991732583132,0.3724580463972401,0.09514185131158408,0.17780424447884285,-0.36978799646549954,-0.14107818540596048,-0.25380054466893354,0.13563066423582706,-0.17447230874313496,-0.3629152234124534,0.08231237359541049,-0.20664438672231503,0.11949823887175416,-0.4205639944002341,-0.03903377297925443,-0.25252026793658405,-0.13675911292534446,-0.4094686485291509
0.006569498273402691,-0.008504368487968884,-0.08476708972837242,0.24853212421713766,0.2219562868051793,0.013153034827817038,0.419565613951565,0.5464151137488027,-0.03069315770643538,0.2014465695291457,0.01054139258127265,-0.12553718583296447,0.5106047132865292,0.2171714595796798,0.11615543951743523,0.6364275384215528,0.9999999999999998,0.720563485501206,0.7430383685451306,0.3643307543252616,0.1657873900355626,0.80786834347972,0.4015597206631079,0.36154729945582376,0.20355620863466647,-0.12526384273039537,-0.25787053920079533,-0.0847036086782252,0.27553708132498894,-0.366265345874062,-0.3281119527797622,-0.18307148891790392,0.37402111955738127,0.7469553583713902,0.20430439719248664,-0.28380260745831065,-0.3289093208107487,-0.07308437901197985,0.04036466334783319,-0.21398801363833672,-0.058240711605311836,-0.03806725574367919,0.06647860954850028,-0.4465369937981719,-0.3223984912791497,-0.30046223648181847,-0.03375280220577573,0.11187344758463297,-0.07354711658755006,-0.28680176176445527,-0.23336378686429676,0.31349557627035385,-0.07131658327697875,-0.08228210608515041,0.11235255793751044,0.17609612541404274,0.20459073821743415,0.0635916222853515,-0.07363355075341098,0.14839329025897163,0.04908357814352798,0.42178569486573503,0.0725570125581701,0.3344270016798271,-0.18917849767050762,-0.0567827213207145,0.15283207458892092,0.6357980181075047,0.5813240682910781,0.6494134924613315,0.3119435449435718,0.6461150686352845,0.31687457006789543,-0.05065071225988785,0.30747072441386797,0.4569848682252506,0.2702487697882401,-0.38308405671158197,-0.40496224303563466,-0.3966290362329605,0.49456860552012377,0.030987990987246493,-0.14956492657495082,0.29090577536337253,-0.2284710501432542,0.05041947489205509,-0.35955784156657317,-0.16659477646129087,-0.1517095807106796,-0.09686051282138872,-0.21552831560022254,-0.49409576042914,-0.08517399955801017,-0.25849502334948943,-0.08566811658764502,-0.5397454170938709,-0.2594003583049222,-0.3203915375530295,0.02715808392509216,-0.45279574684765517
0.013137113651352717,0.19016253963340035,-0.035618386953783374,0.26870369635732966,0.45487465695734913,-0.09427773734416954,0.3608458244584566,0.735261258580473,0.14448777137659896,0.23796182588032758,-0.04277124547960694,-0.09499510966934173,0.4059393888842198,0.14560571491421823,0.01647097874523697,0.6433461083663228,0.720563485501206,0.9999999999999999,0.6793906468773923,0.6512044013738064,0.37290560855914984,0.6520393531023928,0.4854042731880602,0.5466131994583004,-0.01965642951821912,-0.052992754240561636,-0.08106692371362281,-0.2230939349809292,0.24322624888102348,-0.4355688682225197,-0.24410394986337122,-0.227544670699136,0.17237447109389162,0.8420977315630718,0.28586302838517874,-0.07770205891246185,-0.4367712388320989,-0.1169017268205678,-0.1196599966685585,-0.14485278547021335,-0.1353664228825348,-0.2922705666651717,-0.01759416538185054,-0.6198837796649639,-0.16217374138475726,-0.48723101800969854,-0.18794605552889918,0.02077259320146665,-0.13636365364272413,-0.3189826041109898,-0.2313469818019333,0.46578927256991204,0.17658243882877392,0.10397565778709597,0.09275864424728966,0.12512415344047986,0.34096457846500533,0.2018327708430482,-0.024521373352661434,0.04089355885219404,0.047806918716071775,0.3915808543851067,-0.100027262803419,0.2194968484836054,-0.032627838396450524,-0.1322628078374784,0.16384981904099474,0.6420462589055187,0.7210633171495295,0.7921334275183429,0.45837452913554155,0.614260562434476,0.35430755378155443,0.031973098473949906,0.46136502611712354,0.38433163174461854,0.4635530352358632,-0.35005329431517257,-0.3458000842898639,-0.32656906236570404,0.6361662992538075,0.14738917575384852,-0.14080199546069802,0.29152942366492535,-0.07175736534649829,0.0382643549024448,-0.4392763155433236,-0.20564201373447208,0.10616149011421017,-0.01655100243348056,0.0032811823812153155,-0.3246678750886377,0.10820779900783502,-0.303209479048013,-0.10532254323261023,-0.5474457360719124,-0.352841493499211,-0.3238588487362349,-0.04662108233317951,-0.44876149699709605
-0.08119103566361822,0.06260880164103529,0.005699080385662195,0.21540462642391567,0.24550202561319598,0.0815318521486931,0.26369170650196955,0.6207572393563008,0.10829751505543979,0.3158406514333172,-0.012277824579852334,0.031170176873950288,0.6056444402934185,0.4576630605310082,0.25909980291935886,0.5427172103765048,0.7430383685451306,0.6793906468773923,0.9999999999999997,0.3101483774282952,0.47722536522758063,0.6861366078400171,0.38776511308629075,0.36633410111491593,0.22827516395256178,-0.07645752916785194,-0.2248528479788921,-0.19846852035130869,0.24369084377981495,-0.3069766536809631,-0.3164312532139406,-0.138709686275107,0.321002110152136,0.7262915376969465,0.18070070593506174,-0.2740884157722892,-0.40984729526056507,-0.05111064291095173,0.0069771640895371296,-0.15441162908548872,-0.1773317518908614,-0.13148578488119017,0.01329014608248736,-0.5647181695449444,-0.2749103876444857,-0.36799378019349854,-0.17736173155130225,0.039592503013923724,-0.1001660432475518,-0.36031383199338224,-0.3609119908571701,0.2763044689607324,-0.08995827248144841,-0.06417284785264805,0.1363139644732977,0.23766595748134223,0.2794465940066517,0.21291263851519843,0.019595763338712237,0.16779645971305357,0.1665564620698068,0.4715185253357477,0.23949636808411734,0.49121006288815366,0.13134307451351654,0.11898998650283148,0.02371087568615494,0.6346729572120696,0.49985364350558203,0.516970469221395,0.38156219467257607,0.4639757410151853,0.27053891078411574,-0.17349125302172477,0.31552679677108947,0.42179088240272744,0.4332809520289809,-0.17749361349795242,-0.3941269598217509,-0.34968741695441224,0.45920881170333255,-0.1064603950839741,-0.23450510514437256,0.1436210945118652,-0.20380111933214926,-0.1302866752686761,-0.3587049274126647,-0.2679526004168809,-0.2232340239313454,-0.27254564876027726,-0.23994549076203353,-0.42840739316651344,-0.03307432521767174,-0.3581182237568645,-0.23216860052035881,-0.622607461439123,-0.33231998301588356,-0.41899822312027646,-0.06322643294179048,-0.563299333815859
