0,1,2,3,4,5,6,7,8,9,10,11,12,13,14,15,16,17,18,19,20,21,22,23,24,25,26,27,28,29,30,31,32,33,34,35,36,37,38,39,40,41,42,43,44,45,46,47,48,49,50,51,52,53,54,55,56,57,58,59,60,61,62,63,64,65,66,67,68,69,70,71,72,73,74,75,76,77,78,79,80,81,82,83,84,85,86,87,88,89,90,91,92,93,94,95,96,97,98,99
0.9999999999999998,0.17051859505544625,0.18336305557889776,0.07885101153889715,-0.10785217132958186,0.16372987538039138,0.24265342758478545,0.07529180947874073,0.09219730763523709,0.16355582301235988,0.1822250496006492,0.19750196080559818,0.08670115382545515,0.21755265822273587,0.05425123110511203,0.45516250916346673,-0.046856139804320636,0.0008564742960136864,0.017279283326791288,0.20744932294190646,0.07665041643830292,0.09331286662923527,0.2055884444900082,-0.23704504211323488,0.23971011857455712,-0.023795367887788847,-0.04832848551971703,-0.37230409399610015,0.056361602160900526,0.09725204817630763,0.07164275437222785,0.4406408577223772,0.34173522339068574,0.07586427894174579,-0.14116488640089378,0.02051198373181569,-0.07993885372975358,0.5932454255748018,0.23324018804632216,0.3521084370738438,0.2875055806534022,-0.13765626607398024,-0.22894918399004582,-0.06314538987556395,-0.18543616458502046,0.26093843512955067,0.09309903984418152,0.3899055236110719,0.6562795082879143,0.4005571843720484,0.7740753417388349,0.3698855259058137,0.16719881976493217,-0.14548878888844916,0.08512848329257956,0.09503018627264888,-0.04572098484552266,-0.03388467457764565,0.059844027733785665,0.17883399330089705,0.131397942682697,0.18954504142470446,0.12064051900496593,0.2203415674992841,0.09026178407927912,0.22287299850160577,0.10212053333792023,0.11217006681328531,-0.15432788144001444,0.12702956866170453,-0.0206599135578824,0.0005193966973508359,-0.02230368101580357,0.13882499397815348,-0.021623467846883248,-0.14371678771427845,-0.12395404452028182,-0.11383479043385913,-0.11604195763476097,0.4926102549615229,-0.3797333147631455,0.08972101011016312,-0.11271865011940818,-0.41048734222342376,-0.3833081624410216,-0.05568697054309894,-0.06578842182026262,-0.21789337191022337,0.1697903694233111,-0.0019106442656112931,0.2182918457937745,0.22457145299975997,-0.04958098288693469,-0.17651572463167958,-0.4354646105248796,0.04133792411509595,0.19851039259543407,0.24963169033258398,0.5003353070965951,0.21311670295688614
0.17051859505544625,1.0,0.5660844429867378,0.5104085651641767,0.5203632983549502,0.5298830328959834,0.40287082764268245,0.7489068410841038,0.6210356550952633,-0.10279569341506319,0.278484713446253,-0.08051580107283149,0.1201885327975822,0.33653243740438704,0.298126866558328,0.530833958603036,0.17572656169990386,0.44931968329738986,0.25112257550534767,-0.04237702999886576,0.25696752780206,0.20912085560047763,0.5544005131467299,-0.18770354086465915,0.23576719895762388,-0.09730106856874418,0.18786377430446377,0.17525807311213087,0.07634349385399039,0.01917248656111615,0.06713736204431942,0.09376224331548139,-0.004756302650393811,0.14496501108667773,0.2767749945875322,-0.09279966732185023,-0.07988607768675622,0.03143271161414588,-0.1386341869793152,-0.1316664784191152,-0.2822527890092311,-0.0040573756071973464,0.15071648038553692,-0.005780601692207982,0.3355051552918242,-0.033138014286589905,0.2839981587432229,-0.047446836489259854,0.013075484156161814,-0.18775348994472216,0.17737306631154048,0.8004446182666213,0.5349763672031843,0.47095863916305175,0.5228675637523317,0.42592503600757714,0.6977973994124047,0.7680383001357249,-0.059799019702412505,-0.04470041664836037,0.012037822670081988,0.21898994071671696,0.1585749006721666,0.22149724790166528,0.2868728914141043,0.25576756373370474,0.49100084298046837,0.39153973203766274,0.24649253208543004,0.5251407749938556,0.15744536848892696,0.1838806273971147,0.4968894482679817,-0.19888128414315737,0.2023015887031753,-0.069488098255764,0.15494132880451789,0.4298092906487984,0.28069609659121914,0.06552119694237495,-0.07090028786092792,-0.34069230948235957,0.18449977522851466,0.2531214509418814,0.15972609979924343,0.038188394303279784,0.19680258737635062,0.28294081403704247,-0.2748243475897984,-0.2598828942075398,-0.13129742520303644,-0.195933194658549,-0.19729525618530583,-0.13191733563407199,0.027884723236619287,0.06059257958188519,-0.003411834442651745,0.07147999041012988,-0.03784196398487793,-0.3021165771349425
0.18336305557889776,0.5660844429867378,1.0000000000000002,0.09402531279183396,0.3261682484257314,0.6973888497524613,0.13593787026130733,0.46512051504730045,0.6111372872769816,0.08669292547502211,0.12780424272352084,0.11024742524606308,0.008931532845798935,0.014767615214428917,0.015030191786109795,0.17256466421060557,0.18081213798555307,0.4157947759151233,0.17011366519522886,0.2970943964280489,0.2628180100841484,0.10533277621746355,0.2541870347363851,-0.045997169092431754,0.04750798801250695,0.13040004973254896,-0.35294964767854164,-0.04242445854729547,0.21351267709887048,0.018989100756405225,0.3005484732380373,0.22767988961171268,-0.2021298069190979,0.27492155918436983,-0.1190065796402286,-0.14353528267443036,-0.05754851561943732,0.14281511785021694,0.005877593172532182,-0.14336431075148728,-0.22834960725384149,0.1394417802685069,-0.036968031775213704,-0.21916151327555683,-0.2520479158549186,-0.2749285975023573,-0.12758327590535715,-0.3493364822341514,0.1769741264435111,-0.2279007537599272,0.2634172009728695,0.7106744473285342,0.3001571968723114,0.125691660221209,0.802037851402501,0.7429010743505141,0.28970005892264067,0.5215740822641627,0.3002307437109022,0.19425530622234652,0.36260734082670637,0.023352886404830086,0.006747983952777214,0.11728067056557206,0.07292621430237592,0.06753002544813813,0.35135121806263986,0.14374591159945743,0.2971299757076269,0.3837829943480459,0.24924164665103143,-0.04419792018307634,0.3079599714026051,-0.20286953634221586,0.1387977906464712,0.15235055752247478,0.17047846340170195,0.07441432968010701,0.17581729320365796,0.18186199352744517,-0.06164819817089677,-0.04424916488365468,-0.20857654275493206,-0.22047576932154148,-0.21461601406049816,-0.08480777518250275,-0.03162833546427526,-0.16320908976963355,-0.06275051684037526,-0.1265268598572672,0.11649091548724365,0.09395631140702321,-0.22558655514501452,0.1466852610153398,-0.1262734597582081,-0.1706949861583283,-0.38544469833679085,-0.24433351295475575,0.2774368509733793,-0.23403093404644107
0.07885101153889715,0.5104085651641767,0.09402531279183396,1.0,0.561565655925827,0.14976992510333093,0.5839338080761598,0.6921860680337261,0.11570520995214922,-0.34230570398962773,0.045614293377195934,-0.3188468841182549,0.014297128905810402,0.2704473829003151,0.39647043500577867,0.4762159240343225,0.1186102944776508,0.4970706781432803,0.2935574656440966,0.01989980859184594,0.2849232986782039,0.10459127098512964,0.5330269235975917,-0.3993069673296794,-0.20343700826638475,-0.48082477334916485,0.14772416475834826,0.07619627448945744,0.09494405946036266,-0.10859635561762133,-0.04577525664053482,0.09020686236115504,0.0902836116990765,0.24256534084680387,0.193739831226031,0.030801922806414375,-0.10408378264948354,0.012761517578313182,-0.14924816128476812,0.06021932983186944,-0.049971706785057544,-0.06256375090967344,0.12234325075034824,0.06364412005441125,0.3202968415420691,0.04920541068549087,0.29383880385998556,0.12443024236313852,-0.2384694477180858,0.07620900389682088,-0.12313922204853413,0.28037216010452265,0.3395942481765077,0.7797888267448236,0.20977578191580695,-0.1074886050804906,0.6476990034720507,0.5224550307017565,-0.5687108946826397,-0.3959586648054147,-0.4434701038395001,-0.02177695950551798,-0.1222190955035493,0.08431771677138497,0.06776778396527211,0.17119560302969783,0.03731569095334122,0.08355716093101188,0.10073002246359983,0.5304775947755236,0.14225490089773435,-0.0518926648605073,0.11556841905679445,-0.07610738110272115,-0.17170066870677103,-0.5458692891193421,0.08854645361678837,0.22512763695749544,0.31189485064181327,0.019866849950512442,-0.024073749629414685,-0.24334316765281136,0.15772838347501447,0.10162359099868176,0.0173380300449778,-0.20193118295267787,0.11152482394803659,0.31923768201237235,-0.06373472977161122,-0.09188372965586326,-0.5506318197434815,-0.30706708034534824,-0.3536617297101033,-0.035144978502193065,0.06884782287967511,0.1235524136283113,0.011125081774789212,-0.06289698167110382,-0.2627992528835901,-0.19447337950633498
-0.10785217132958186,0.5203632983549502,0.3261682484257314,0.561565655925827,0.9999999999999999,0.42560935686814794,0.30572883192139244,0.6480309133092357,0.4274392885772346,-0.387280322814498,-0.00015212723613468096,-0.426408628535366,-0.1492715714788116,-0.07252804441703256,0.11843515878506673,0.13981851334011333,-0.12565605507300537,0.3570683764742543,-0.029530531556942352,0.01835015090558766,0.039280893521795736,-0.20946369851248517,0.37603209242035945,-0.2591623039948251,-0.20268904797371262,-0.4339312017273118,-0.03518416789244505,0.05767366479508908,0.0495109366885269,-0.12343916393536215,-0.21354686328924316,-0.1944327528640906,-0.191497130090202,-0.0017145806477786906,0.0691880357939833,-0.0036314820813882443,-0.04430747500636201,-0.2852255443612865,-0.30587393484166,-0.13997695646557012,-0.08245886566702319,-0.10011358732152836,-0.021493200075838638,-0.04126754898279199,0.1982129065589542,-0.13573640179527166,0.06166005168877488,0.04970034744235379,-0.17976749342375883,0.0541404184078976,-0.13798171395085024,0.2557562418930417,0.14472590824066336,0.6097901190068508,0.6141578922024152,0.14563555302447412,0.3954831370380523,0.6755034905810168,-0.29349949869704645,-0.387195592967146,-0.27887544880086385,-0.10532572369755064,-0.28116930456253003,-0.2552917812589589,-0.030473502945783656,-0.026715152619367338,0.07586020054607176,-0.01785782383781532,-0.06653459895859813,0.2580091570207521,0.05957024260534787,-0.32396217165983354,-0.001944170498332991,-0.326867143706969,-0.16323078355274187,-0.285965545428825,0.07356236958068448,0.17978955388419113,-0.005420701353060686,-0.10044638902486079,-0.04877238939517837,-0.1427205313105675,0.08320937834966123,0.07528775254535361,0.09754830605669629,-0.19562984246599507,0.20508573075125208,0.23003549208796983,-0.0944031068962388,-0.23225844418117558,-0.34236431155687186,-0.42423807459904544,-0.37960541366043987,-0.20734260156044115,-0.03840751823100333,-0.1194689356340233,-0.2234519679869419,-0.09255295033054942,-0.34371915490379185,-0.06781720959679229
0.16372987538039138,0.5298830328959834,0.6973888497524613,0.14976992510333093,0.42560935686814794,1.0,0.24402824394921424,0.4020675671454141,0.7800796507383938,-0.1080917278460314,0.3505745984671774,-0.011148839792942074,0.16236253672019088,0.08900935502089148,0.17207233940383598,0.29486564149234495,0.08943925676723122,0.35662817802035846,-0.03406019980510958,0.1255886335614653,0.12321139515425054,0.07376489625950446,0.46298399549064745,-0.12638098169852602,0.06815631185236574,-0.034683491223046106,-0.15078858302846312,0.12342526632991786,0.1532110095431077,0.1552091120050639,-0.047299176879082167,-0.10575094690689747,-0.0722847951793206,0.06131560646108776,0.09457333761143594,-0.041582204294236404,0.03557357771559748,0.0671110841011643,0.08848383339506537,0.015462678750222223,-0.1930566604959761,-0.045973820397666926,0.03490048935921492,-0.1430879443370888,-0.1249878372368543,-0.08157604053473372,0.1476392573495649,-0.08195770567336613,0.40106586373816067,-0.07027897481405333,0.22156274926153718,0.5708992118410546,0.39299185642177026,0.11765842216713093,0.6932952421612686,0.8190327631676607,0.09662042306813354,0.471716832842451,0.15547720654811004,0.037299229104832674,0.1636601258732488,0.10977417860341653,0.1482856972578274,0.05627709203330261,0.12155427794849838,0.18233608671740353,0.35905218182959897,0.17430739679900178,0.20205572094881685,0.33246508527776514,0.20244247761391265,-0.13927913982031484,0.3360677725939013,-0.22592039771979489,0.07723604108479704,-0.03790008344121683,0.19539910422902176,0.36277054375936896,-0.01604393529233608,-0.017600176681476534,-0.020306043833628454,0.014035147377778941,-0.12052922846566588,-0.13682044220606016,-0.1332683803577212,-0.1954333066411531,0.1697922850948839,0.1266373894261328,-0.11699036036342417,-0.13033798312610298,0.05466334794092592,-0.05840425566340715,-0.08370293695541987,-0.17255741358227178,-0.12609171205049757,-0.14097618949978719,-0.31612418512362306,-0.13186869637402088,0.358810642939064,-0.17145914833795697
0.24265342758478545,0.40287082764268245,0.13593787026130733,0.5839338080761598,0.30572883192139244,0.24402824394921424,0.9999999999999998,0.6222011538920488,0.09471709454854785,-0.1783851204330925,0.15442695276192192,-0.37830257616772384,-0.13309216152875133,0.15941699808167054,-0.05426811828362319,0.6945248220553049,-0.005379647837338402,0.4928751704602821,0.18564597367335992,0.1617637535443768,0.08852377268444403,-0.1618511596342865,0.5012782054573667,-0.1694501965343732,0.050652135635044414,-0.43773211854413396,0.11667334176911995,-0.06876952945433977,0.0032708924145258026,-0.0912160537567376,-0.09579723926329839,-0.07108304798505091,0.25957287525087197,0.09428922749436612,-0.0545790318857254,0.31162700241879815,-0.011327604516853081,0.1730011437767477,0.07891210894757182,0.4768535131852172,0.30244475067160104,-0.26417757096138994,-0.053497525072804586,-0.08072665392679504,0.04248334729830838,0.13272949791406652,0.2220155521101263,0.2770470875562039,0.03797044348821031,0.3180136629766553,0.044754452350888596,0.2457922939041331,0.4542329970283026,0.21101341528855058,0.04191493438054985,-0.06499790849640487,0.5296183049585867,0.24181384477426168,-0.37135969828176274,-0.2869183257665073,-0.4075548923790761,-0.17201056098151007,-0.2382855000667412,-0.013265693567574276,0.08344876118471464,-0.13688371975631786,0.3094272887330892,0.0077550343878986655,-0.02369228794806331,0.5014795565508162,-0.09457977980202048,-0.12434395261773373,0.14815089683021884,0.1593450430775781,-0.20596117090051724,-0.6178135704914941,-0.11173630671768243,0.13190466195333933,0.26906604137352946,-0.018560911386541777,-0.19463865136821348,0.01722887118318175,-0.0533765112599004,-0.2209431755679233,-0.10977430173773428,-0.1509281243292914,0.24386469011572026,0.05195538464339796,0.3039209803367984,0.16901946663536405,-0.30973838822898986,-0.16276603361492614,-0.15999555647823532,-0.14399274786215532,0.09319081096991691,0.008762655734327445,0.07391971886851222,0.08239186312360364,0.008296796901114482,0.075952573955863
0.07529180947874073,0.7489068410841038,0.46512051504730045,0.6921860680337261,0.6480309133092357,0.4020675671454141,0.6222011538920488,0.9999999999999999,0.46093260665022184,-0.423021522884377,0.016930318324442886,-0.39568787096980246,-0.0794207520584585,0.125989687539483,0.14812865429612226,0.4856687876551379,0.05684553211984537,0.5383592662344179,0.20461625450160226,-0.09525092271447647,0.20333189311116853,-0.1011940583847824,0.5318816243211789,-0.27805211499494265,-0.05665333473122164,-0.39902538118595904,-0.006399210133678567,0.028682018563747545,-0.018779091922841686,-0.168289036610828,-0.030238962260232538,-0.010914568082570785,0.018783125594627553,0.16287399502769187,0.0025571793178737912,-0.11512243335154243,-0.23709780864968297,-0.10185083869528913,-0.27120184166694994,-0.102479630083731,-0.13490851707659585,-0.1696143887692308,0.09186897865250565,-0.18347481889511028,0.13171408675189372,-0.12187069746093833,0.2146498814710353,-0.038421875096223544,-0.18317280073896003,-0.14289181208883786,-0.008890086963820267,0.5467731150454748,0.39130127886016075,0.5166884226540954,0.41470723131195886,0.15176136565137346,0.7394348954015751,0.811425949853456,-0.4757322861913268,-0.3663800498598743,-0.24016317269681606,-0.13292752103924835,-0.22984813142167432,-0.017329747063197034,0.15697550185921924,-0.02571094649291792,0.2935372663194943,0.12754124856559015,0.13968916020110397,0.5374061902234755,0.02820199856985979,-0.17065110418792143,0.27858662812859364,-0.37029282144876907,-0.08953915941103717,-0.36629006340251075,0.035565796599339505,0.31959364424998105,0.3199831698433257,-0.013896394700821022,-0.1411202731117514,-0.32505507438317766,0.010464382127101744,0.03788707345995972,0.028904387591139544,-0.27023234834283877,0.05151847178868289,0.21701665306122692,-0.1800986228892189,-0.3153255867779444,-0.39737443608598066,-0.4631887337718647,-0.5472505918863916,-0.16921790968607275,0.014177131004388078,-0.17594783203315617,-0.1287292161612408,-0.09936287434934471,-0.17747631504922262,-0.3225600559804
0.09219730763523709,0.6210356550952633,0.6111372872769816,0.11570520995214922,0.4274392885772346,0.7800796507383938,0.09471709454854785,0.46093260665022184,1.0000000000000004,-0.15853956692907215,0.3946630207074836,0.029663133128517795,0.31259841733652954,0.20729261041504707,0.22377001514039518,0.23523165749190092,0.15676781337148274,0.43291239824309674,0.0784869337083287,-0.15542755598111474,0.12284921208622317,0.028230183070811946,0.3823507274376257,-0.0024602393803747954,0.18511076188808767,0.06800618197022586,0.04586073735129105,0.20826488828668305,0.11724890211201758,0.3028342826434407,-0.13558448373127008,-0.10569749768294363,-0.008967373088978742,0.12789281012338613,0.20931773445057947,-0.07005037970731327,0.1580485821451606,-0.05756934189188324,0.049843331445347305,-0.08448904117427214,-0.145594796382371,-0.13861951166039566,0.19250396050343554,-0.06894484615287734,0.1608955010474286,-0.012662896618184313,0.2683357369643073,-0.014128610711432114,0.2837868715051309,-0.15036070633700613,0.28048135256574797,0.5946701478003821,0.3787769511628564,0.25251522685271416,0.5655839145588817,0.7273487192716312,0.20907483881555017,0.6885790200189429,0.09536179687368605,0.032389450901082736,0.2626234639231612,0.25993259558943976,0.22019169181074405,0.1500673725595682,0.2827653570189256,0.22868925005509613,0.3901678167109331,0.33704848787368913,0.2556570355490869,0.24489581915128456,0.21485627018728548,-0.13801467129579428,0.3541666175625172,-0.3715208734313501,0.1646231096148615,0.028262337010247638,0.31137221186489805,0.4833384717740803,0.048826981148520666,-0.01888271028615993,0.11280632364545425,-0.019312674838315287,0.09481706565408382,0.07450622192224111,0.023714529119909573,-0.08913766721531048,0.3500335958903007,0.2707975913943963,-0.2749808079991929,-0.22169258429176,0.1566649951156424,-0.25399642270256645,-0.10214909012225389,-0.18769561107763535,-0.1259823189955565,-0.2162437843273872,-0.27221513599839725,0.014607383390463692,0.12442584561585461,-0.21277012154260283
0.16355582301235988,-0.10279569341506319,0.08669292547502211,-0.34230570398962773,-0.387280322814498,-0.1080917278460314,-0.1783851204330925,-0.423021522884377,-0.15853956692907215,1.0000000000000002,0.19423971385303743,0.4042545559566114,-0.09822339460137615,0.03519990152562403,-0.13855104516559388,-0.09374197102580635,0.0893678269546556,-0.13043686743869845,0.15011658026512648,0.13850808961456815,0.11310039090446539,0.20568803215177728,-0.2778169091137771,0.3194276438048214,0.5761687279087667,0.2784036569337705,-0.11497189304350595,-0.13651972475530025,0.0030713205996493118,0.09624242116434363,0.459571183663952,0.4327687260814001,0.01334364441784032,0.05404487566747897,-0.13290511735416402,0.21741556396227307,0.17808040978514572,0.41502838501160644,0.35200754753817726,0.18891823436900262,0.055882781335567025,0.14107972538187397,-0.41096325471686607,-0.00915141844348019,-0.14713703906261957,-0.07749342581894163,-0.39929659927103867,-0.16841971687247628,0.1685893130657114,0.11266730603636477,0.311183328782705,-0.02641002003580678,-0.052131026675625684,-0.39071332791403035,0.08215262277368046,0.11250824359177237,-0.20485027970928676,-0.2654883360454973,0.6937429348712407,0.4404693162108904,0.27129642637489737,0.13708377001528,0.1441597226103953,0.1803692485454011,0.014801773660630369,0.017580377041894444,0.00413257076211008,0.07545835592568506,0.03469654758692213,-0.13278463107434807,-0.03449907783378986,0.30821369140764876,0.013480017759252312,0.46127530147598234,0.29806193009909476,0.2560971295302988,-0.058430700490618756,-0.32291484413358484,0.09710227988927021,0.3191454558890772,0.008602511756346142,0.045984765459746973,-0.17484488059910613,-0.08217260732539088,-0.11502836930642746,0.32256617823650124,0.06180653849460775,-0.311806676237442,0.28881996261894805,0.22595287935071984,0.4004984620754963,0.7082709211313053,0.44031554425787744,0.2815521042583467,-0.1897627266226522,0.15420170885110523,0.07078928562421927,0.002112325239219386,0.16951724348575672,0.3779988890585147
0.1822250496006492,0.278484713446253,0.12780424272352084,0.045614293377195934,-0.00015212723613468096,0.3505745984671774,0.15442695276192192,0.016930318324442886,0.3946630207074836,0.19423971385303743,0.9999999999999999,0.5078737275040758,0.49888225262830055,0.5377932589174907,0.4678404857925137,0.30307166579210043,0.4058344604614478,0.26497808807637585,0.35162239183809657,-0.08507567319353647,0.2641974240169373,0.2848717080392805,0.25635007256233105,0.2387681938003851,0.41958021573711374,0.27506101737184724,0.2885993275771969,0.3201079023516649,0.3152861230310718,0.3592405251783463,0.021001425452969603,-0.10556837244458893,0.07392843938698025,0.07238119611859228,0.3040475934899976,-0.05461867117784444,0.20764440804583176,0.11045378788060023,0.2371877796613439,0.3059720230781611,-0.09353948799079431,0.0846827192300123,0.1544447262597824,0.12632585224327714,0.32705664924756417,0.2223569796404425,0.31161522919944334,0.17544424602969294,0.2676703174629574,0.11295213558682224,0.18459792071300293,0.284208664721382,0.4962618416218602,0.1208735319239912,0.01131224283758251,0.3705793046661224,0.0403827438215814,0.1959794121909127,0.3728453265920794,0.3897420076785406,0.33925073594974964,0.4969985646275806,0.4644848187451766,0.40486865260206567,0.42081819834272816,0.5595599551704274,0.3875490133257341,0.462665815602195,0.27182745727855157,0.08806365160056025,0.2875391450782398,0.14476062163305836,0.39146704423388384,0.1623212027174743,0.4515100184579525,0.0396791221864663,0.3645080974941566,0.36939586408321684,0.12369867981810043,-0.06579469223721801,0.21529262069501465,0.12768851003019233,0.1780114908514472,0.07093090283766018,0.013418748266675547,0.2360974460521674,0.386665542760315,0.38553183061218027,-0.09026253878359103,0.1335139071396074,0.14712835017829928,0.1289599675539326,0.30940583423290874,0.0022700631274911688,0.15860528921867653,0.14026702672646219,0.11040960943631833,0.19308007669374952,0.10496211276080177,0.09271567504993823
0.19750196080559818,-0.08051580107283149,0.11024742524606308,-0.3188468841182549,-0.426408628535366,-0.011148839792942074,-0.37830257616772384,-0.39568787096980246,0.029663133128517795,0.4042545559566114,0.5078737275040758,0.9999999999999999,0.4872503632885502,0.44777719173357505,0.405108676096197,-0.053893408120040065,0.495293601006699,-0.008635355072201395,0.3884715398231338,0.11162627138218319,0.3604273622015377,0.5332674231323362,-0.15626318686531343,0.430542972313828,0.36030916012485126,0.7587339436219357,0.11446639638391484,0.14382837126317913,0.3287235868851706,0.232015312263918,0.3102483345644662,0.28722383683033176,0.04937219058934293,0.27736117568197266,0.15510210335198374,-0.15410753322910337,0.05718359239253892,0.2443252026505216,0.29545344705417376,0.025026782344201463,-0.16253689249026357,0.3513199715080275,0.15622595945172324,0.11114518891218417,0.05088686300874659,0.1847702531038896,0.10862604274009835,-0.013818076576811566,0.2680028560389061,-0.03480756164472533,0.3202361690298293,0.18325103103091525,0.20456820245200877,-0.2132338529600855,0.01703063255037398,0.3207064193160944,-0.19573083524827853,-0.105426215584531,0.6168292339628971,0.7563051067792377,0.7667194424965348,0.5276436950123424,0.5754247323762747,0.527474220310451,0.2656221733406995,0.5836073092880553,0.06115222442368254,0.3875181978869748,0.3565726610699009,-0.0017567129449398379,0.4300932281532281,0.3550058262865825,0.3918910019642321,0.23842794465211756,0.6342203910747696,0.5516843229709284,0.2891293679861436,0.059458090013356855,0.0161477757714112,0.15604288157658966,0.20721192095659394,0.14236080497643352,-0.06304962604346459,0.022830235594367324,-0.08134880682704615,0.27761531249359794,-0.12665159074744237,0.04759081374465543,-0.05225971551681657,0.1878695691425112,0.4300987836362233,0.5455754049663503,0.32102306849198825,0.37841578989828395,0.06100110511112242,0.31725360606969955,0.1762097178738035,0.10883431284189952,0.362598191800432,0.03398378906822126
0.08670115382545515,0.1201885327975822,0.008931532845798935,0.014297128905810402,-0.1492715714788116,0.16236253672019088,-0.13309216152875133,-0.0794207520584585,0.31259841733652954,-0.09822339460137615,0.49888225262830055,0.4872503632885502,0.9999999999999996,0.7988623668676558,0.714281740385326,0.2507777980908305,0.750777404148322,0.34770006255654695,0.5398054106867749,-0.15303169598452318,0.5074850328942522,0.5418207378259335,0.2815622262980693,0.058795004653337965,0.23430484580688296,0.35629108661134984,0.4951701586498135,0.5385041749043458,0.3223438314699164,0.4493313630916689,0.0666801963431576,0.10501420353055298,0.27042280450698136,0.28631352013231975,0.5714488332007438,-0.2588108156429352,0.06958348141486458,0.19667899630843472,0.21442094359731642,-0.11591782652503871,-0.2049844721668152,0.02580082911704506,0.5489746414532289,0.2790051503421076,0.3785352105835063,0.42856909092482026,0.6689304503872973,0.31414400917439445,0.16452272162139941,0.035223975386724254,0.2462972478232388,0.2692969787788081,0.5110145530745349,0.17226810663373773,-0.13182239061599457,0.37133169408916916,-0.038079871799037296,0.07738014096208981,0.10256002833388594,0.2833184702581447,0.4377110282344907,0.8734080057876745,0.7998310383235852,0.7550972625067585,0.5967846257345604,0.7062628448468201,0.14615616697075776,0.7740849432883988,0.47158075380244735,0.21799400343109385,0.6455651569133705,0.21791271778930804,0.4861053853716871,-0.2220045056955517,0.6056811160967548,0.12379738346730014,0.36901410256231776,0.4910336064982364,0.18893715977198883,0.2675854083830203,0.2335783713946939,0.006639382244679975,0.28250196348772016,0.1682549798526465,0.040286805458738646,0.05246319359808239,0.07832100284916853,0.33253893434829707,-0.3951027945094315,-0.13917032939108703,0.4552935018528974,0.1447781510345833,0.19008095858655755,0.01703478276992552,0.10365662193012178,0.19464233439065268,0.1490279873174198,0.14955527500833135,0.19833223832568184,-0.13836948267991725
0.21755265822273587,0.33653243740438704,0.014767615214428917,0.2704473829003151,-0.07252804441703256,0.08900935502089148,0.15941699808167054,0.125989687539483,0.20729261041504707,0.03519990152562403,0.5377932589174907,0.44777719173357505,0.7988623668676558,0.9999999999999996,0.7629772338264161,0.48115183794971067,0.776514042907726,0.41939838650162237,0.7778164996359497,-0.13897165165493458,0.6648391667626262,0.5753035449625801,0.42180136013364505,0.0007688090393478682,0.3595089875831048,0.21232079529216338,0.5249631758988604,0.40927819901742135,0.3120483016906485,0.3535996675968529,0.1982666239606484,0.29156680270165813,0.345033485400062,0.3192136172868585,0.4665981668652082,-0.1906301886250191,0.023847117762015074,0.35012072893885104,0.23177947067083957,0.10365604123116409,-0.1621050964921375,-0.06165136809125195,0.3946992534500234,0.1472695282005002,0.40335389122126064,0.42260230600442455,0.6426186209804078,0.3213345637173145,0.042603139713653336,0.029295413303863396,0.27450230010482785,0.4233435819881957,0.61452723853366,0.25919518658656826,-0.08566734984798631,0.21501799652664266,0.22000453436900938,0.16816963687321793,-0.0028073833506334573,0.2620119545178812,0.314539954178107,0.7431053714419747,0.6805071692033096,0.8702297702356144,0.7322984152673284,0.7662626687717637,0.21035951912467513,0.8504632379430976,0.5427382702221667,0.3591260043652136,0.5999233248575034,0.243480272476976,0.609164146758152,-0.037566001060631786,0.5811608234230152,-0.08278545621230435,0.32289826332778304,0.4467869122746494,0.39280463321891845,0.2609029378154959,0.17593919299844774,-0.2343446086612074,0.20829657598440957,0.2145253873515959,0.0987447104689877,0.136373859186856,0.12102780846813284,0.22890384496199126,-0.3541861297958852,-0.13584995850377166,0.2532244636824273,0.1855500331434391,0.10464066505891317,0.03487599842425508,0.07453279121611014,0.14112148474683375,0.23990900455316233,0.16238038837982602,0.07923557168756495,-0.18592900584001046
0.05425123110511203,0.298126866558328,0.015030191786109795,0.39647043500577867,0.11843515878506673,0.17207233940383598,-0.05426811828362319,0.14812865429612226,0.22377001514039518,-0.13855104516559388,0.4678404857925137,0.405108676096197,0.714281740385326,0.7629772338264161,0.9999999999999998,0.16344541592923795,0.6261740669837803,0.3470063776560567,0.5162213608986745,-0.039730716695310475,0.6664270027930118,0.524328098117905,0.4846392509949402,-0.05759251885219194,0.16399387887413533,0.16239642397481044,0.4054537199595897,0.5685645315445021,0.47234156527167676,0.26788910110876185,0.059259960472795956,0.09316216937480135,-0.01288226836231939,0.260900875982269,0.5117696157051412,-0.2192635985688233,-0.03172992654166055,0.004769759315922745,-0.11945849111373086,-0.23430082131602578,-0.42403625041966064,0.13823666279757066,0.3367424802899881,0.2820427089537381,0.455437681611006,0.21377993274707904,0.4983669220834246,0.16839599470779326,-0.012129432175371267,-0.06350409531551207,-0.002416603516574692,0.3387676035546781,0.45253003087964677,0.4990848657301373,0.05272210648143904,0.2317975184237073,0.21909746139915512,0.2890460925147381,-0.07763807298782315,0.11008995833932377,0.1790775406066916,0.6032188050746703,0.6309252828320606,0.6361548807008509,0.5930323119335499,0.8801579486685484,0.10798059511896851,0.624539687724114,0.4634467575723943,0.3237848535214134,0.7388589148186498,0.18949180271141902,0.5125628627118967,-0.25352714818393207,0.494907817667454,0.031274542572640875,0.5460703004330797,0.5411990581943964,0.2410938105080833,0.049875948313334466,0.1800779926148853,-0.24886325821140695,0.2577151780985419,0.25941024314167893,0.15840779523002183,0.04231210786589457,0.06262143380998181,0.47281953204871324,-0.36287368598335057,-0.2530272724436127,-0.013971059816932394,-0.030525874424628226,-0.10129820941238668,0.01529424128609335,0.13022337567475664,0.19056209703496965,0.0977094916270128,0.08585745992959246,0.01798530346319257,-0.17111362747087414
0.45516250916346673,0.530833958603036,0.17256466421060557,0.4762159240343225,0.13981851334011333,0.29486564149234495,0.6945248220553049,0.4856687876551379,0.23523165749190092,-0.09374197102580635,0.30307166579210043,-0.053893408120040065,0.2507777980908305,0.48115183794971067,0.16344541592923795,1.0000000000000002,0.2769389729716648,0.5222219407963372,0.35372153921887267,0.06586607750240654,0.21995548374462084,0.2423111205572048,0.5549317181570402,-0.276748499649062,0.199616936098741,-0.2044752368874928,0.2931309482915839,-0.09636403050116484,-0.037008526833448796,0.14266309810836525,0.08487992105635714,0.1816027887918087,0.5866828862725757,0.29391013043614495,0.22715896245712863,-0.0006416054652714732,-0.10158862167155497,0.5128224445826773,0.32897611314772446,0.35638410379426866,0.17323803815709737,-0.3140335338930158,0.143441132548896,-0.06894024562724649,0.18227681209506866,0.3357254786955461,0.484960403703825,0.4222356514067159,0.2144411106357073,0.23698554463211358,0.4333211167702271,0.5021348378010473,0.6821317177413743,0.15528537276826695,0.07884943135346165,0.1366762056581886,0.4661807245077902,0.23994116546880068,-0.18025062337580758,0.046545734777218704,-0.03846823405568509,0.28820656619262797,0.1532016472185559,0.3550998333597212,0.22825525091278795,0.18592711798617428,0.38561147640962024,0.3853292533900826,0.13237683235708003,0.5760840828120269,0.09069189850226972,0.13530877424694085,0.35211186990813553,0.1311923519496495,0.10628738590342623,-0.4154059646849422,-0.09278682902525048,0.2492750187843278,0.3496697333893169,0.20853812024098048,-0.22452265511079877,0.024880963022408626,0.06999650574185463,-0.02791598570888726,-0.1596703833320907,-0.030216818508733298,0.0957843617536145,0.09536195017405218,-0.04293365661437,0.01635001465129467,0.06429064865020445,0.07157148185753191,0.004433837033012935,-0.0671125543393261,-0.07032415585772953,0.1322017059803701,0.19599305379825802,0.21756143531696479,0.23267747037330883,-0.06055116267338587
-0.046856139804320636,0.17572656169990386,0.18081213798555307,0.1186102944776508,-0.12565605507300537,0.08943925676723122,-0.005379647837338402,0.05684553211984537,0.15676781337148274,0.0893678269546556,0.4058344604614478,0.495293601006699,0.750777404148322,0.776514042907726,0.6261740669837803,0.2769389729716648,0.9999999999999994,0.5230402802315195,0.7816518505270185,-0.020633670659025907,0.7202530741556923,0.6605917147442287,0.33332547824243597,0.214968972158996,0.24812961879283885,0.408344326879029,0.39481460463583046,0.5237279345869988,0.43650660499180266,0.4034428682362677,0.388551634240307,0.1788942700771044,0.14726780513776902,0.5408972316853932,0.47808135197148327,-0.2510580108064311,0.11469525423390974,0.21286587538783597,0.19185197303024656,-0.14062668870933828,-0.39379894718197994,0.22977641701524587,0.4174293965195731,0.12984958513604813,0.25535837742789935,0.15496536202305228,0.4603324501102405,-0.007446018689376991,-0.21046834689985885,-0.24597105320951188,0.104534321991762,0.36858765756835044,0.5623975691967342,0.19914709274494793,0.02869691474813757,0.2694617930588769,0.13362354880902597,0.10915191343909691,0.1878836981139112,0.3264997245276458,0.4723013787651538,0.6071127805158045,0.6046601642389944,0.7863754542932712,0.5741560390511019,0.6032773540401167,0.15439524661821782,0.7305388932375861,0.7386676043505648,0.3900698487057368,0.674842788895931,0.3039634169017984,0.6483188660613166,-0.16670781286017008,0.6925207996704564,0.24155495497653506,0.4402625298242272,0.4578406538344477,0.5139446611291054,0.16283916376446564,0.3346702701762524,-0.15189696437380626,0.14310510546832872,0.2133131599374875,0.11385367504683334,0.18781842167812568,0.11059750300940137,0.21217005374105224,-0.3223133443209402,-0.1414496504466862,0.3030138092949597,0.20263017093598584,0.06605771620442762,0.34821248218326967,0.2648874527665902,0.10017161705370838,0.01603828086131234,-0.061693524766364395,0.045470981998668135,-0.279552216417885
0.0008564742960136864,0.44931968329738986,0.4157947759151233,0.4970706781432803,0.3570683764742543,0.35662817802035846,0.4928751704602821,0.5383592662344179,0.43291239824309674,-0.13043686743869845,0.26497808807637585,-0.008635355072201395,0.34770006255654695,0.41939838650162237,0.3470063776560567,0.5222219407963372,0.5230402802315195,0.9999999999999997,0.48535589392717726,0.17994507894180492,0.3756182424173977,0.2384950484870216,0.5511836239771544,-0.07659329038732088,0.1489943610106667,-0.11131160851671655,0.09063278708957623,0.2627613493348606,0.18771106250887695,0.16926032101483116,0.19948344027365011,0.04548006289829209,0.08238953495158388,0.6355411037248826,0.3793066615146533,0.06532471292137967,-0.005965038950145259,0.08159775934735672,0.02101291178810572,-0.030445549014740877,-0.15255734898619647,-0.06127984863198954,0.15396361021501068,-0.05614321274739349,0.22865346841151096,-0.06854572954017091,0.30717128887965317,0.033428552736912455,-0.045601563314898085,0.01828244975680856,0.08040648395681393,0.46668154132789724,0.6928341239476513,0.4889098955309018,0.328522840150036,0.3655141577792263,0.5141301537793499,0.43234452784479654,-0.10519876133613489,-0.15590958439018884,-0.03322207845724771,0.2741037618460021,0.10506738481321633,0.31870871569913045,0.31596729452196076,0.1973963065709362,0.44298809518373927,0.38456633088049835,0.456691385050172,0.7678531054365648,0.4373829081558125,0.09506087939238209,0.4396404323731552,-0.16548010448140468,0.2161962351255155,-0.26556370496761217,0.18722571521842368,0.27923320286373665,0.44015557532001603,0.1623552986124313,0.05003678027310675,0.07937557867185871,0.018327945247759603,-0.06064738085136398,-0.15687774609537644,-0.13997647068637942,0.1516047087229678,0.14278491786700884,-0.04025393696612147,0.00235948640794476,0.13983538968346262,-0.11278098147080473,-0.15423082889942608,0.10930489905422959,0.09111603230493032,-0.04274166846835624,-0.2977820672561233,-0.1413219860058952,0.09847229238887548,-0.13798532363684182
0.017279283326791288,0.25112257550534767,0.17011366519522886,0.2935574656440966,-0.029530531556942352,-0.03406019980510958,0.18564597367335992,0.20461625450160226,0.0784869337083287,0.15011658026512648,0.35162239183809657,0.3884715398231338,0.5398054106867749,0.7778164996359497,0.5162213608986745,0.35372153921887267,0.7816518505270185,0.48535589392717726,1.0,-0.04213049559875653,0.7340628422032658,0.5202199245545183,0.28478838672250917,0.1001277161222476,0.19227061225688327,0.25161187498743154,0.291154501979804,0.2509240717141512,0.34773599160961216,0.23971496964584307,0.3063782446637427,0.40677303156934247,0.2579586299878375,0.4600100781723712,0.17496510614359748,-0.2050295318504932,0.0792019972997468,0.35996141228344186,0.31388845789841585,0.14726488024156384,-0.12653666895012874,0.01479498274060033,0.2809079950386051,-0.053641894918908986,0.10137397533402388,0.24239591218423315,0.39951026959909863,0.06502724852188353,-0.2680777171333391,-0.07981754626845014,0.17350646022325436,0.34604743409914446,0.5090615461021719,0.23472517132602125,0.042625608471818115,0.09457329752463982,0.2904355281206333,0.17977608989670926,0.04540845903790134,0.31931564414449415,0.41745358383260994,0.4689478908132071,0.4250832658043943,0.774625384288288,0.6199298268003594,0.5123250808437197,0.047803247127261764,0.6725115272906872,0.6484474713269703,0.38390515757452287,0.5048084461912914,0.19386977470588032,0.5043326649248137,0.04027982469182832,0.5856569955752889,0.004252572264934596,0.26513059476909945,0.23856415257221672,0.547373857250421,0.24499802883078767,0.3303907387511044,-0.21679583675228414,-0.009751277897566043,0.1276298451610213,0.03783439552194209,0.20522800856150608,0.08531797566867477,0.059507568726395274,-0.1806690721376429,-0.02488532078616085,0.13410117235553226,0.2178354876706361,0.04654940006636,0.3250956546890476,0.12888347397562483,0.042232220486390165,0.15706006456487137,-0.049111031485295095,-0.12483600307498127,-0.18330750078228888
