0,1,2,3,4,5,6,7,8,9,10,11,12,13,14,15,16,17,18,19,20,21,22,23,24,25,26,27,28,29,30,31,32,33,34,35,36,37,38,39,40,41,42,43,44,45,46,47,48,49,50,51,52,53,54,55,56,57,58,59,60,61,62,63,64,65,66,67,68,69,70,71,72,73,74,75,76,77,78,79,80,81,82,83,84,85,86,87,88,89,90,91,92,93,94,95,96,97,98,99
1.0000000000000004,0.2629571794589512,0.3260667094489988,0.2895695495315137,0.1481953809879922,0.34069581614427086,0.038512695737440046,0.1776037087654914,0.16804571942166993,0.14819930278871518,0.21929581289528094,0.03873932778910091,0.19206828271758392,0.1753041035580465,0.06199204832116996,0.5823809176651851,0.030178853067293118,0.4169513894259272,0.1534806078765781,0.23781682888107955,0.0811282268951293,0.25148700709725713,0.23874623105833814,-0.08357048948512447,0.03493345966592589,-0.0035988246334236434,-0.08016476644709189,0.1859891759044434,0.08184503461887396,0.2792343182556589,0.4326148707385435,0.47835734762001486,0.43180085131225077,0.22825942567713836,0.06778184849321882,-0.08912852628910861,-0.06316385517373102,0.26139304918534456,0.005922616805596335,-0.0399415750234943,0.2141612710296157,0.1955774135258286,0.26838544929218394,0.2862203002990677,-0.05266916381605412,0.20117242092853302,0.1603915208163278,0.3679851145350302,0.632987265966713,0.2289865513334042,0.6067276485013389,0.324031979550772,0.41136463635615056,0.1997095615055859,0.24671818412612795,0.4070656554063493,0.2906245442009571,0.17293913447346435,0.09201164077021962,0.09773188385608962,-0.10537098076893706,0.07418116337494708,0.09700568508450441,0.1322639225146116,0.16382289300535582,0.03455489299951853,0.3117643566981268,-0.14354134255075254,-0.136450411120542,0.2110270990842673,-0.0037798970859234267,-0.06914777387129842,0.09408715407596058,-0.017300322227675698,-0.12942964978901228,-0.14015650379222902,-0.16703164881712249,-0.08337801430463714,0.19154289280837394,0.43721377908303244,-0.4557952590038963,-0.1960810244239915,-0.35722704802520033,-0.4198711517385645,-0.37152771963362685,-0.016741801888396277,-0.15562562914461037,-0.0880037700961964,0.008631668651913813,-0.15172752044209878,-0.003520604825014031,0.23899463282545635,0.012553905300104062,0.19941182643986413,-0.03067110018894874,-0.09044715199799744,-0.2836943351904276,0.031241416833018818,0.5994720424577468,0.11829039346852056
0.2629571794589512,0.9999999999999999,0.6858900881396328,0.8134553299997108,0.7235966623847437,0.5644952061038203,0.3022357089867244,0.8257573468490226,0.5741226929007042,0.04745127073595727,0.2822551510193435,0.13476986004822766,0.3555749769446463,0.06780384936486052,0.10449777658100814,0.6017839443778323,0.13118745889913408,0.5292066907947924,0.2566057772353853,0.2961843298338517,0.21576602266050757,0.30894392765902046,0.1192064644691294,0.0216997128497449,0.04460306321162646,0.038012596603603,-0.09499435978915423,0.12829556402228046,0.11912387944109558,0.19646095379325362,-0.030348201081423394,0.07173056937078089,0.0260445157462429,0.3704149524674415,0.16920096171354865,0.009564884885991437,0.08059892151701957,-0.03385522431374989,-0.25106000284744046,-0.2015867336708391,-0.11864103406931445,-0.021551188926001608,0.002611555724824569,-0.09770120467860707,-0.2031793714905483,0.04231445782157889,0.010407903210873207,-0.0695296801406451,0.18898038528712416,-0.0474208379864842,0.40320667674811217,0.8067878098987915,0.5903241491250824,0.7742456739243352,0.7956930879639407,0.3943143533038339,0.7634117407626912,0.7643197460879837,0.04783738067279479,0.09842782586531688,0.09296863048365442,0.26119590521941716,0.3407886353787183,0.07371596397369695,0.1805153686223602,0.129561448140024,0.10032762024764875,0.050948467614218854,0.21620052186919353,0.49456942970092616,0.19831379387180942,0.23826492998193777,0.24792271825137135,0.02132730411954124,-0.15948155623413562,0.26531047085916626,0.13179650416109204,0.1820703332162852,-0.03403866753110055,0.008738825502290694,-0.04125122919509652,-0.028380966991160862,-0.17830966585453661,0.030211547156911555,-0.003986880282993407,0.4059962875648309,0.0765095657415398,0.02316656845299235,0.04670788998837123,0.0573875846838281,0.06950821609128116,0.03966214438814568,-0.05188869387823031,0.003165542219061137,-0.21616576986665856,-0.29152777408483893,-0.12707488714674653,-0.09391598968826381,0.2728656035386321,-0.08111253108629449
0.3260667094489988,0.6858900881396328,0.9999999999999997,0.4122269623443741,0.26033485750658436,0.82346327559641,0.39410359705285475,0.5909805717085643,0.8088289278865288,0.25830279492560504,0.24520276091947102,0.27604575082037786,0.3733738401869929,0.35272748638471296,0.2718860227507507,0.5672463402828091,0.3022973753720302,0.5766879695572121,0.3611899873264102,0.6261562029848222,0.48936718579242605,0.36096048921975377,0.5129839361501399,0.25462795374564645,0.18431342133217324,0.2358968851992593,0.21059035928001324,0.24059511151876486,0.45783306442626753,0.3527161849060012,0.04919537538225943,0.2818033551067456,0.20002007822970752,0.45214931774088685,0.23940266046781336,0.2769189427883269,0.012501671678582335,0.1458482979062863,0.04307529665901629,0.1174020002841765,0.1470103791949307,0.07667411932411115,-0.030409030138808375,0.011466254320735945,-0.07860005093118388,0.06586743787416824,0.08656501036965167,0.09543243226039835,0.37697053996212215,0.13287465090765566,0.43843284065370425,0.6419633020510084,0.5780184437383902,0.40865165406475445,0.7634271906255167,0.7772334603864749,0.6233439182123733,0.7698885816127984,0.22592808613359866,0.22557770646500744,0.20245098358800384,0.2829262536523198,0.5799574096482916,0.27543574911903396,0.3715608038979941,0.32183540444279796,0.4173401171538741,0.1989319397419259,0.14727405376349872,0.49903588583363956,0.4620739671357215,0.2704618598389921,0.5406987893523248,0.19518756950128868,0.08516887497969307,0.2741912249818046,0.3181327638678767,0.39235481085136353,-0.1165081040993559,0.24506298266795237,0.06577476852046053,-0.004246414804398684,-0.2914856782663348,-0.06818779932764679,0.0848463235819733,0.3009411092708595,-0.016754452394263642,0.08570781281055101,0.3381583404079108,0.27762239746394163,0.12057150246319155,0.17987250259499504,0.13714100811909669,-0.024212390680603962,-0.17858937153785084,-0.1299708307083204,-0.07181041015306767,0.09139429996540703,0.3937545314691879,0.05881207813078624
0.2895695495315137,0.8134553299997108,0.4122269623443741,1.0000000000000002,0.7982067867251256,0.46012613529204577,0.18673125931050952,0.6367211075900379,0.42820703696082246,-0.06409559418876663,0.07973140535259164,-0.07904744235262627,0.1680143372198829,-0.10341583900527972,-0.018795909318274736,0.6067395917488794,0.0036301280184980133,0.37534704242152306,0.11944614105684524,0.09256120907410116,0.06324722634991026,0.21902055159382555,-0.056877310265262535,-0.11721742110042158,-0.10567249808451878,-0.06860934845339517,-0.16364294970919283,0.07357864776474692,-0.003184545574014151,0.17390116412512466,-0.1415462842611992,0.036874246538930774,0.08638912964958778,0.3064743198761653,0.14170680595649246,-0.12861599801898596,0.11280617757397692,-0.07927114790979391,-0.25852099947502655,-0.2312428885455315,-0.21577819627996614,-0.11015604338890894,-0.06554647514265266,-0.15230751464773368,-0.2688200984125513,0.05484140390336367,-0.01841950083336333,-0.0952135852540917,0.11555159120946036,-0.02541833494728561,0.4445602555531362,0.7147375692909466,0.5759596017015172,0.9069668778946944,0.5971018935499038,0.23442137708688743,0.602631729815548,0.5413756567962436,-0.1034246781598396,-0.06984528737818203,-0.060574628184147536,0.13107918247088005,0.1399827570931934,-0.08800560724825625,-0.018692019900308065,0.07053248289892408,-0.050018284244647715,-0.09362612034284859,0.2029244662670185,0.3551399372571234,-0.0010765900336903356,0.2088883584351208,0.07691527520052577,-0.08599460658176362,-0.2936353309747822,0.1117746007087111,0.02355465474219435,0.11694959771433172,-0.0971600597911753,0.0866730902957384,-0.04812106983883994,-0.10235696473879677,-0.14095958054126023,0.08959434205073095,0.03815579540927647,0.42199706865480896,0.12155602218636968,0.04731111821219439,-0.0767202358361515,-0.13314280166300652,0.0667320765363286,-0.011236947902513497,-0.07443063990105366,-0.0018492329352746157,-0.24946211563827395,-0.2708902423188853,-0.04096334940228879,-0.10828704643175685,0.14311209121381296,-0.06910819556005779
0.1481953809879922,0.7235966623847437,0.26033485750658436,0.7982067867251256,0.9999999999999999,0.22893380528103038,0.012947619348121142,0.49096324258736107,0.23022655448971202,-0.3054511848941054,0.05327865009453554,-0.19173750994167893,0.1293753409259596,-0.29948403972885157,-0.21507168040749036,0.3595787356884483,0.06969732610654181,0.20523775521117968,0.06338452360838277,0.0031628990871061064,-0.16519309989082698,0.2094423473895198,-0.2573445926706214,-0.08554065631694709,-0.18551790069066706,-0.10309867254298619,-0.12763975841113215,0.09759359931136173,-0.029570520368820585,-0.11191147947443277,-0.12496464883023745,-0.2099255726593069,-0.12962825043994716,0.19097986358327632,0.17962511641326087,-0.25360622780953596,0.24110739167643438,-0.23201294880910298,-0.4338654067503594,-0.46285425765477145,-0.22282868714156354,-0.1953121274095908,-0.0420827509131989,-0.12743002172530868,-0.18115565943584935,0.00830714203939484,-0.03118615824774638,-0.10591320568648928,-0.014414145607697543,-0.13116334595827914,0.25445583172775627,0.5654302138076541,0.38176398706242726,0.8027289687819067,0.5779175186189182,-0.021450213350804628,0.45469042901108775,0.42513667946607026,-0.28249231937148994,-0.13406081469057593,0.0372952385666432,0.1625753770488678,0.019591201976440594,-0.24735487044957333,-0.15088790287691287,-0.18892524130902832,-0.12085854009326276,-0.005201735722999383,0.2421370080988576,0.23292443187162892,-0.11510505718341495,0.3063777718736226,-0.028528728048510966,-0.2324537252517142,-0.1404535839200297,0.1343725736527153,0.06910674166859798,0.045235875840213643,0.03800527930697864,-0.20405376623503685,0.10160750789216952,-0.035050820324841456,-0.11661797895177028,0.19120589795871704,0.03834886643822524,0.35479148938870514,0.19125549664710298,-0.05625880081746008,-0.21185200437054563,-0.10303056134449007,-0.12921320592639923,-0.16087174752256897,-0.28952043872230115,-0.13584524864767591,-0.2822163087796447,-0.36334760382647446,-0.11278813993444095,-0.23247732770102847,0.06708963056955372,-0.1885331825537845
0.34069581614427086,0.5644952061038203,0.82346327559641,0.46012613529204577,0.22893380528103038,0.9999999999999998,0.18202490388716208,0.3849115258149352,0.799537568488847,0.1272264351523921,0.007774708763276574,0.07429662805635466,0.22971523079306605,0.24867331779661747,0.18791365601453794,0.5986484701865014,0.09602257351840263,0.47124434032320545,0.115626729680442,0.5019285434159407,0.3378837337585521,0.23842578957832863,0.37540821082132575,0.0998582769015824,-0.0004874919598912962,0.2074537353973246,0.1093452378549435,0.29667092056734035,0.3835121745269108,0.37670749701370126,-0.017445682598527665,0.2027118911515449,0.3012953480906575,0.3681230786436283,0.21733929674517954,0.28470064724133803,0.09338068339771896,0.11381434416154333,0.06628265331531126,0.12038867354242318,0.033453930634857625,0.04444091964635559,-0.06752572907991915,-0.05719909135266517,-0.1322295931522023,-0.027443479994394684,0.1304747701612308,0.013220888675184407,0.35791121259289344,0.17708907068792298,0.5586448498399487,0.5426636152155643,0.5397561586978213,0.3825725543229138,0.6408203208724372,0.8482995024704102,0.43417037684994175,0.6527999834761813,0.05080654931810873,0.026134106069964587,0.050507354305615995,0.16233337750494387,0.5020458162903968,0.1395648437160791,0.2536778641010288,0.27410919508663606,0.29257967731006657,-0.004467335648836358,0.18314812064113134,0.44953786988744315,0.30704147806150794,0.2663893472877983,0.44971408334833823,0.10308224478280052,-0.1264843209700122,0.06993966039966776,0.2587204494726356,0.39313542698775505,-0.1635591083821194,0.32604282666409373,0.0900296107621923,0.029521557281636183,-0.20946517009212673,0.024523657551132644,0.12268400164038089,0.4347076824485324,0.10852636954922999,0.2538951140963715,0.38036064704798295,0.06814968707156727,0.19121290778128266,0.1259094913407831,0.13228964395628204,0.05487118583296925,-0.17976912516055837,-0.08730341396689434,0.0026997993967621645,0.177204645088943,0.3281854995310899,0.11921495463078789
0.038512695737440046,0.3022357089867244,0.39410359705285475,0.18673125931050952,0.012947619348121142,0.18202490388716208,1.0000000000000002,0.40752718506017377,0.2649881914369841,0.35478249404903067,0.26120517675556754,0.39008409268684013,0.26232664183720467,0.2669886308698161,0.23853790753554951,0.36117293622868735,0.32739975275820266,0.20386847224606497,0.32392197428681785,0.18754494207909672,0.41895472780161397,0.2507390936950134,0.34056173851895316,0.2938170057976718,0.45553383595343455,0.20274116484391455,-0.014224189021924329,-0.1407953132061429,0.19920257218254067,0.2514554151094545,0.19490994854678026,0.37640676765228326,-0.0414774556066726,0.22644647849470143,0.12326845590508885,0.14449517359142197,-0.23341672140743758,0.3037388158181848,0.23608685573273272,0.45548337425041735,0.21923970393778716,0.21261142640393083,0.0902862087064526,0.06606530147353996,-0.08791810360068826,0.06104667247008285,0.0011869932383661037,0.10567172082709035,0.18159627327517122,-0.012669238404251073,0.036801819108440506,0.22844292310830513,0.39127986229627987,0.23755844185667074,0.3635044310649675,0.24165354737803152,0.36800976694008186,0.2519637937112749,0.2915486048886688,0.31937670002406215,0.030854945031327144,0.14061468264308116,0.1719153773129013,0.3232120259346519,0.19633693332320104,0.27708013514984114,0.4302364293993826,0.2306266236082828,-0.027401321955995164,0.21443505812797883,0.27571817201854226,-0.03187474147049485,0.2518494163407703,0.2839002127692149,0.14076644660900453,0.21378481403842325,0.09198819899023018,0.1243058286387926,0.03340991863373524,0.13534009390136192,-0.005815173221105615,-0.06888458314157954,-0.1400717575251108,-0.07313684784322452,-0.12268073185167491,-0.014441804389564527,-0.16270016646466726,-0.07047050724288949,0.06768510690462182,0.2089907494632483,0.07411339051599389,0.28822022741934683,0.20919517558930223,0.20269051843504302,-0.020278842172371775,-0.044505542066201526,-0.051887920232939394,0.010770947894975897,0.0959913991712386,0.006330876233347049
0.1776037087654914,0.8257573468490226,0.5909805717085643,0.6367211075900379,0.49096324258736107,0.3849115258149352,0.40752718506017377,1.0000000000000004,0.5113689014365675,0.19445930382622495,0.3777406167957859,0.26323713317479996,0.4234164809077765,0.15771275913325777,0.1590162239789616,0.41943887587262385,0.09833348594893723,0.5138702570095147,0.2703118497160216,0.26369650026156255,0.3080035020877475,0.18853447428443487,0.16383420831011472,0.07171953534424942,0.2049303954148941,0.011276558604180864,-0.2238294521599701,-0.07261190806118246,0.09096940675063209,0.24372330275559176,-0.02681678794464982,0.16518948521653898,0.05291416774486389,0.30071850350835855,-0.021508311619015036,0.08083008443454227,-0.04966396299052229,0.09958362439196947,-0.00842233101170066,-0.027916676222790374,-0.0557865893452575,0.019017145436398986,-0.04503693492529578,-0.06668840279646557,-0.2425053492636517,0.059749024003794164,-0.044104290474283304,-0.09907324681547175,0.20067605358305796,-0.013625140855656448,0.23208397128829833,0.6679235121759127,0.4427050154696265,0.6163120991217261,0.6556854128315578,0.3512750597415739,0.7715909337181208,0.7119138076175783,0.15553685331678993,0.18194743877356542,0.0889870001829976,0.27064029430820236,0.37619329087556846,0.12352946104229791,0.18041611115263603,0.18981035007527072,0.13419771637740127,0.07564813538960251,0.1619995806456077,0.502395104133904,0.221610026139136,0.19055530238887938,0.21872532186699753,0.14827509536186687,-0.10061560486120799,0.26591570459927943,0.1283996589910834,0.11718513139458113,-0.004798275512169919,0.0069603458671691504,-0.05606214441773709,-0.019002253277917616,-0.1178606394279383,-0.03470263238734235,-0.05753053492626775,0.23601288271181775,-0.007660280976044257,-0.015691685166374137,0.1169500535735026,0.16829146127587336,0.1379444452066145,0.1268479939259564,0.08281548431046315,0.056746204468549694,-0.1738979896261204,-0.1772309594906796,-0.06126193741843936,-0.10112762871370233,0.2700332975926072,-0.0459154520226867
0.16804571942166993,0.5741226929007042,0.8088289278865288,0.42820703696082246,0.23022655448971202,0.799537568488847,0.2649881914369841,0.5113689014365675,1.0,0.3177214295564938,0.2626358326795395,0.32579390770782024,0.3754698907970889,0.31338516136325323,0.31484952898421387,0.46658828640130623,0.26088250308409444,0.511077718263609,0.26753893115096633,0.5689678460198756,0.48008549378165877,0.3824154839664045,0.4982427975279342,0.3242274057601894,0.20258262577438937,0.3096280129850988,0.23451808666359575,0.27731286623704116,0.4560238718154702,0.3861868277450725,0.0294543768997064,0.22801701745614034,0.16443880719355988,0.43289769578918463,0.23796575217660498,0.3429929802357251,0.009131765500064263,0.14967627864290756,0.035791985084984906,0.20204038988325151,0.1518873663313487,0.150927748991096,-0.04789890174497594,0.0665868410742848,-0.11682316677147733,0.06490730052754978,0.07724774478542239,0.08884095823806176,0.37567223217470314,0.18867215497811662,0.323808758558683,0.49705745703342935,0.4242152096659491,0.37424972756521346,0.6638789867949627,0.8038791514389841,0.5070631618575924,0.7953392013682753,0.2812678881181715,0.23476638352656376,0.2361721169998391,0.30482478981503336,0.5928038118125304,0.22423557065176086,0.34192804870910076,0.320383175064069,0.4101943551660471,0.13371541325134648,0.06884185135678964,0.45253127073353344,0.4254660819332979,0.28662966818108554,0.4508533131464551,0.31907961365489357,0.11598562403120878,0.3561221132468789,0.32808431318135994,0.38327898387068976,-0.09722214595656344,0.15876740912910667,0.05928082402914099,-0.05698932924974572,-0.2667511888851019,-0.08948511940017763,0.059987788180273595,0.2513141517261763,-0.01075730075769658,0.08895730249168796,0.35992149009480506,0.33367955814220535,0.12880146412572985,0.17476104319265184,0.1739596733239666,0.04327172631985775,-0.10196515175521048,-0.08639082459171046,-0.07166096284269027,0.039079168956277596,0.40728946850555625,0.06981740897581493
0.14819930278871518,0.04745127073595727,0.25830279492560504,-0.06409559418876663,-0.3054511848941054,0.1272264351523921,0.35478249404903067,0.19445930382622495,0.3177214295564938,1.0000000000000002,0.6354339716934547,0.7786860048089105,0.34327627912066017,0.573519558014386,0.5662296670700648,0.05962737310275019,0.2649574907639571,0.11131226955040323,0.29796160706330715,0.18064017918956377,0.5126090765865966,0.20421970156181227,0.5728527239194962,0.4853396967638004,0.771851689273958,0.4719047431812451,0.36979938270683604,0.12230923648615051,0.3098171390452101,0.4071007667990998,0.3834293999303775,0.6259063783928615,0.06585203650237445,0.020576352328072523,0.1641929669911259,0.35950414166467287,-0.33813094140520045,0.5680126596184233,0.484357695748489,0.6778669173777793,0.2660733422391216,0.6312407873664416,0.2303352754186525,0.35442274347569086,0.19757370984143927,0.13147840629201546,-0.09939248627979097,0.24861152907952272,0.39214481852205024,0.1080225130470872,-0.08951051717479812,-0.09864147611434855,-0.11648841916195475,-0.12440367327509423,0.1449063802838577,0.36554501208661844,0.04894526553643555,0.15508165476107066,0.8333353781625654,0.6824206580503831,0.26926857417314204,0.18316000507282743,0.3342631737760335,0.47670112823218386,0.622796048710077,0.49323947687055075,0.25622202956944173,0.1300456558972453,-0.34409262514448385,-0.06212850075588326,0.37692802331464187,-0.23868782309587028,0.08684693360031753,0.6009629477572295,0.32851809068076565,0.4241772841038979,0.09047266289166316,0.19539554314487798,0.05166061763263644,0.1316431233443067,-0.25650243566097963,-0.25092462267707794,-0.04005297672314187,-0.24866390924862072,-0.10614649143799643,-0.3663950098467824,-0.26561808923838215,0.030888088951884156,0.11499845299276111,0.31243109043385886,0.00761765797537482,0.48842721907890363,0.4998558443850491,0.281012101150595,0.18173617376310564,0.24937113127660673,-0.13345777415675913,0.0005147640087226494,0.33078254627149045,-0.0014247311417859235
0.21929581289528094,0.2822551510193435,0.24520276091947102,0.07973140535259164,0.05327865009453554,0.007774708763276574,0.26120517675556754,0.3777406167957859,0.2626358326795395,0.6354339716934547,1.0000000000000002,0.7917131021617213,0.5016731052319866,0.36757462987238526,0.3728481033823863,0.10856095910686939,0.39014289162355265,0.24967381767687086,0.3874038329164402,0.18752039150135638,0.3416847027992693,0.3703515885780249,0.2559713379680478,0.5073166471729348,0.6094926530747217,0.5049718190089957,0.12890151336956282,0.15110132923013675,0.2413881655491412,0.1992382495126745,0.3736515817870007,0.4823138666554887,-0.0786839181530938,0.15023771692229107,0.20498450002372245,0.2397241299140185,-0.12669167355082056,0.39776027739925385,0.10341051745492102,0.28250888435914573,0.39749338933244877,0.5511220513080534,0.36400429106713844,0.43278194088270505,0.14097396118863723,0.03818483798032434,-0.1613169171304216,0.12617709030644425,0.35432390001201414,0.15940517129638235,-0.11053771656806287,0.06553265394557234,-0.03650342069543482,0.03765883128147853,0.3220966720715115,0.18976073718072076,0.2474886469554138,0.2889592805643899,0.7577567013790922,0.8520853016997665,0.5125641618872427,0.44181390852947805,0.18903660154299665,0.33783110748035017,0.4696797433397968,0.17709305113637158,0.28039120569897463,0.2410605659029286,-0.24899798187377292,0.15540093883721673,0.23907948066168339,-0.15075075497364782,-0.13227183641547458,0.5535293992532905,0.5424302544937177,0.6310401911731168,0.10325730098077307,-0.04262404235279695,0.23729073862897557,-0.1034484899178363,-0.31019859341345524,-0.1361168119559402,-0.1041713134928719,-0.2927521440694872,-0.3398467075052569,-0.4151191251847423,-0.14896605867270604,-0.15661795119984115,0.10938166153494189,0.48623037287825344,-0.09076642262590268,0.4206815814360556,0.25414253007047594,0.2062293528150509,0.2457879477564924,0.07145361507825179,-0.4415171542631295,-0.3484986388032974,0.4559723260606722,0.01905725467128831
0.03873932778910091,0.13476986004822766,0.27604575082037786,-0.07904744235262627,-0.19173750994167893,0.07429662805635466,0.39008409268684013,0.26323713317479996,0.32579390770782024,0.7786860048089105,0.7917131021617213,0.9999999999999998,0.4912411943139986,0.582549590783861,0.478649042345304,0.049369186835905514,0.5505836327266528,0.16072040288030146,0.4584405614705463,0.2401194882474041,0.5329728261947789,0.34865353431484586,0.5047025012489241,0.6597558525142238,0.616890730637449,0.6875164245654835,0.327135431738001,0.13895789156740013,0.37105570478278393,0.3258492731167591,0.29551275902073476,0.5000844968124548,-0.01076427382844643,0.1970756828283407,0.2634696920192263,0.34623991387176867,-0.22464200165303674,0.4212785532230341,0.23023402989155356,0.4578400435570217,0.3761189193836616,0.5111137715120537,0.2651650990408923,0.3236157849959828,0.20599576696941305,-0.020309405635752516,-0.11053695103781311,0.11697669289155496,0.2509399301012116,0.09678906437400442,-0.23602910859723458,-0.008196970674146075,-0.09210946558033409,-0.13875019879981806,0.257719501152612,0.26687649637658595,0.11566923434487306,0.27574669313182004,0.8280207409870792,0.8664863987933477,0.6110649008677854,0.40453372722421604,0.3396883343519061,0.5509839436922451,0.5576266315217815,0.35877329270794583,0.2951533383355105,0.42446122592455404,-0.23411755075451882,0.030697087735595777,0.3867941864249423,-0.14583689527894578,0.10565906600721,0.5927385545157143,0.5918963348933698,0.616609293694693,0.21002333310416108,0.2370725608164848,0.11309877206552714,0.002968713945168231,-0.1328334719773523,-0.1765551782805776,-0.07392474938759112,-0.19470355390294464,-0.08287288550833642,-0.4348090523996846,-0.18537773757911627,-0.054710315523709745,0.17130514085611573,0.5135766066643995,-0.07485203457334971,0.36671686848409535,0.24901356445761696,0.15059938735705372,0.14400691937333093,0.1497848818628352,-0.3092548451348542,-0.22263656395082274,0.2947438419288513,0.008848483146365618
0.19206828271758392,0.3555749769446463,0.3733738401869929,0.1680143372198829,0.1293753409259596,0.22971523079306605,0.26232664183720467,0.4234164809077765,0.3754698907970889,0.34327627912066017,0.5016731052319866,0.4912411943139986,1.0000000000000004,0.5570508299071028,0.5157410343510737,0.25482137291854623,0.5593377043238348,0.5490945526735684,0.6581035050047331,0.4878125695281204,0.4854228337453144,0.6774160570128742,0.300332140699276,0.48391998165057465,0.34165332947688776,0.3663258420422814,-0.011423857435374975,0.47709874656328544,0.5435852775147216,0.3994991394111275,0.06508530745790501,0.1248543535436459,0.010679935038655781,0.40666931087369207,0.47917307930867026,-0.012655386660075428,0.13607602444446273,0.19834820087192936,-0.008111400357191698,0.196340117670975,0.2032522132579159,0.31535376422113914,0.2244682478243848,0.190721470919084,-0.128329405407603,-0.014797141992848737,-0.01798628996800989,-0.027029612046690202,0.13436373228877335,0.13741859812426244,0.002510503038865708,0.2360973595718881,0.21774227539782018,0.1424761726124434,0.3320225369455983,0.4144583455385662,0.46616115447133727,0.4969267900207593,0.4219435462407274,0.3871352219111497,0.4818160599854076,0.8873821316647433,0.6645234105456225,0.40797334629630777,0.45098720160125805,0.3546882390426807,0.2994553935672373,0.47901449451796524,0.29180502404548336,0.47269201768588787,0.4815517207490845,0.3790925800196105,0.1710008574343397,0.29006741437346273,0.34677721876104844,0.47038781036325233,0.4451260580751211,0.281599154460362,-0.09912100896165814,-0.18419696447066186,0.03201776485507062,-0.012281585560389642,-0.32669046715313443,-0.03451935849005544,-0.09142078512325132,0.044214136158653834,-0.03862848754104772,0.07985910938416156,0.08202568619117274,0.33949400079361886,-0.18606604088409415,0.2058573229599204,0.12840751550775498,0.06616127329642106,0.029698805419646267,-0.19147413872013885,-0.36010716624644123,-0.3155690120689827,0.3591108053789752,-0.02335487978168133
0.1753041035580465,0.06780384936486052,0.35272748638471296,-0.10341583900527972,-0.29948403972885157,0.24867331779661747,0.2669886308698161,0.15771275913325777,0.31338516136325323,0.573519558014386,0.36757462987238526,0.582549590783861,0.5570508299071028,0.9999999999999998,0.872407842038187,0.15937948090512696,0.4866238930306081,0.3887758111856018,0.7065742798862307,0.48507911432714423,0.816788424187438,0.3720892318161186,0.7334844319078224,0.3498784062101539,0.32152460382555315,0.5187428582280924,0.3096541634671774,0.3203020690524317,0.5016296858598792,0.5406641204078443,0.09817340315830365,0.29295812551269423,0.16362790943435396,0.26992171072301036,0.27007129943978836,0.06763488726933214,-0.24359219491649273,0.2854364757554473,0.17696799878422442,0.3164847906254026,0.1460825976221224,0.2522973892250647,0.07715272591486268,0.018121171273514633,0.00047980540950660406,0.03336215993825229,0.06218488701874236,0.1684766965140372,0.13952933067303397,0.02945118072867578,0.07455537371464706,0.1503673655127882,0.193837774205706,-0.12552029984795854,0.10499341480002888,0.4617103881723011,0.23039450173442003,0.2603127594734352,0.5350069313888912,0.4940416576528333,0.45035477062539253,0.41010575521395604,0.6982381040561377,0.8872211897627975,0.8567393285085683,0.7773214329147115,0.2105552306482959,0.5539673539887785,0.11603369521011807,0.19106276185793328,0.7703496727489204,0.05762608797700459,0.487641453857161,0.14094258248757455,0.31773585053219155,0.24025450571919124,0.3200076887685963,0.5324247586746198,-0.26108126460654885,0.20701940769884233,-0.023572956312490043,-0.1794433085296449,-0.2843995892167488,-0.15408135885532298,0.010075499261037043,-0.07682617073786509,-0.2948870942393165,0.054910889776295366,0.0474011400463207,0.1607171477165169,-0.16174956974061372,0.09037430772571897,0.08960271597130624,0.01980917473152799,-0.0011225390020503589,-0.10919641020732553,-0.1998972246237923,-0.0006632605346141525,0.1993380538222773,-0.04236341397623235
0.06199204832116996,0.10449777658100814,0.2718860227507507,-0.018795909318274736,-0.21507168040749036,0.18791365601453794,0.23853790753554951,0.1590162239789616,0.31484952898421387,0.5662296670700648,0.3728481033823863,0.478649042345304,0.5157410343510737,0.872407842038187,1.0,0.13795520271066516,0.34196941105958995,0.29161594233912796,0.6149279965668849,0.38043199260524263,0.7517999451068097,0.324682635391337,0.6724117631910759,0.26301724686639694,0.3516089061898264,0.42541358940443436,0.33183375054059966,0.3150725779883664,0.46146180280912474,0.5334047455748154,0.05508201379235873,0.24679422685820335,0.1216717411492683,0.17388532750198077,0.2088933607426834,-0.0038158837413135816,-0.22700564098790388,0.2602984154286497,0.15062554135571865,0.3291501270282977,0.11739879189098956,0.30149982154656507,0.034929382990981625,0.060631466232631014,-0.0056772530200286326,0.13951875988173956,0.10129633583183466,0.23502843738969803,0.05577238868639763,0.020777906226573845,0.05898697491543919,0.16787253835831892,0.18038574734959986,-0.02712703535844732,0.12255952461877889,0.3305236154124944,0.21640207717426346,0.2501732777785865,0.4981198844999346,0.39745622191720814,0.3592247839200045,0.3730499103882461,0.6278382968061308,0.7561753119293412,0.8886605081206167,0.8843595095880098,0.1270343290096877,0.3866277456934576,0.065551429475989,0.09083008781369639,0.7548725113859878,0.057402783149411385,0.4439573123747819,0.17704393733827675,0.2076491701417033,0.22289475620032964,0.29025109599711263,0.49905891913621314,-0.3162968671482052,0.12806312649195195,-0.06623032542645704,-0.16971947669352697,-0.26821848466776477,-0.15366576861737674,-0.02208276635795867,-0.01803015450247644,-0.2581956195557001,0.06042044697639232,-0.07791493359065901,0.08561582407422026,-0.09945528285907271,0.07517215483636454,0.12805636943070178,0.07411855308443102,0.0405549139388238,-0.054745312319734334,-0.1174267680043305,0.0622575569687034,0.08642905641242564,-0.03834336886297397
0.5823809176651851,0.6017839443778323,0.5672463402828091,0.6067395917488794,0.3595787356884483,0.5986484701865014,0.36117293622868735,0.41943887587262385,0.46658828640130623,0.05962737310275019,0.10856095910686939,0.049369186835905514,0.25482137291854623,0.15937948090512696,0.13795520271066516,1.0000000000000004,0.2829228945361151,0.6140011366596804,0.3147176228243188,0.27639620777546836,0.2470383239270204,0.49077724174237325,0.2550924112952686,0.04018529923457554,-0.021473087022252237,0.04357115759282092,-0.24242450763635878,0.08735527784793713,0.0695359425755894,0.23010395770816033,0.09464161270251126,0.28774042284294277,0.25107946648327806,0.5144996336817619,0.2170238501392554,-0.15305024324313396,-0.11332480534065875,0.08029694468753124,-0.1593297551727576,-0.03628317011880353,0.04552918600972262,0.05100466444672907,0.09959302560294762,-0.0870603778712698,-0.375398531051634,0.0523389213882034,0.11299991356710817,0.044529057585289696,0.425951776905256,0.016575746715665654,0.7802359295832707,0.661343331151045,0.8653214146987833,0.5395455737051538,0.5145150972909556,0.49175146242602263,0.5961421971349663,0.5174342684057309,0.047550100742418715,0.05322822135317161,-0.05051700834621633,0.16595283018285492,0.2072649664995446,0.2316519789388575,0.17494592990113036,0.22113608617153324,0.44963143436950975,0.07898616616567712,0.18965826951967946,0.48019798004914777,0.16409367315895215,0.16626926914346007,0.3149922159247395,0.09266173674966195,-0.21847803813171682,-0.08161640785238887,-0.08709218985365458,0.078445435070081,-0.10111334079629643,0.3611203038586012,-0.1315415131070103,-0.202959299083129,-0.4707218773184466,-0.1591533189408017,-0.3083660495465243,0.41754077077916946,-0.21411882646752955,-0.15485977484985,-0.10580601181931457,-0.05417156794477606,0.1260709113017205,0.17511494024015267,0.016181542146922388,0.20703178599033611,-0.14267144726234976,-0.38706140732579875,-0.2157284228329194,-0.007714969864121065,0.38483673755771586,-0.05511726539343213
0.030178853067293118,0.13118745889913408,0.3022973753720302,0.0036301280184980133,0.06969732610654181,0.09602257351840263,0.32739975275820266,0.09833348594893723,0.26088250308409444,0.2649574907639571,0.39014289162355265,0.5505836327266528,0.5593377043238348,0.4866238930306081,0.34196941105958995,0.2829228945361151,1.0,0.3687661476170063,0.7262392971619306,0.4437457658703614,0.4964358407004174,0.7424511358404035,0.34667499198291957,0.756013643295656,0.14535990074505276,0.566903337631891,0.19678224176921555,0.2890598986876034,0.5311828149994372,0.08478680715924196,0.01502440029749176,0.06730287750811548,-0.10968976248387112,0.5993000992760836,0.6284617069834736,-0.0022153636169292197,0.06671433620036908,-0.02561025404739348,-0.1876030920826172,0.015117991954151758,0.26001022410549085,0.0655690317028791,0.1891959038859481,0.0006764271993433163,-0.025034991036990667,-0.15014828218349108,-0.0001582518514151653,-0.02903827902259269,0.013730102740989547,-0.007875660148379137,0.008605006601627241,0.13725839134809995,0.2703725326259533,0.0344467688580124,0.23065626658059918,0.22775748967773746,0.23125527160645393,0.32909392846389124,0.37767638199228676,0.4851834111996092,0.6561167617750421,0.5792475425777651,0.39366910822742107,0.5172957046384214,0.3692326491565775,0.2518350414038798,0.36192089279249207,0.8174217412403972,0.33397421871479865,0.3016283931047607,0.5033822383692412,0.2862340641254568,0.25114770711242196,0.17793397015402443,0.6959363483247776,0.435378832910187,0.4159587028001144,0.3418012402160959,-0.1333032091428298,-0.15368868934927646,0.358915065653259,-0.08196000532731622,-0.36254082468307,0.12833311707731643,-0.04355233506839839,-0.07131473977687032,-0.11928621260789454,-0.20769349660758746,-0.0037538591223806013,0.40942554154668404,-0.2531985042322078,-0.0489979642413839,-0.13139687608985243,-0.1397525000049656,-0.03117892902244088,-0.33032953639908474,-0.3967125163352038,-0.37224605412642153,0.16707750210865238,-0.11258444115419775
0.4169513894259272,0.5292066907947924,0.5766879695572121,0.37534704242152306,0.20523775521117968,0.47124434032320545,0.20386847224606497,0.5138702570095147,0.511077718263609,0.11131226955040323,0.24967381767687086,0.16072040288030146,0.5490945526735684,0.3887758111856018,0.29161594233912796,0.6140011366596804,0.3687661476170063,0.9999999999999999,0.5698247600479552,0.7126903414868998,0.5155207677275181,0.5558698376758194,0.34356612498728817,0.09815623767193737,0.01860666687442586,0.059456504120354865,-0.28221583034481623,0.192607490407778,0.24708052774389938,0.19534105576015795,-0.05297672829450754,0.015528714680028597,-0.011675873130974328,0.5640942429295717,0.12677730297525797,0.009925693945410846,-0.07246679002252142,-0.09078609262777639,-0.23225782566288214,-0.08795987515594048,0.035367536037437516,-0.05858647540098452,-0.03234774251006955,-0.1263159419225319,-0.46984401153677735,-0.14492755391516504,-0.12073459766831107,-0.11719100795493259,0.424691577883856,0.10821983510057345,0.5203316524839273,0.5167428070374144,0.5973042142609701,0.3320232331602732,0.3553559552033712,0.5979119279753823,0.7443922508214232,0.6938028437538143,0.2077025124075502,0.21321258848325472,0.22175159850622628,0.4974587627736091,0.5063203285780653,0.355247309038001,0.26240354128115134,0.1891918984623525,0.5713600628635035,0.32743125240095605,0.36971616864447915,0.8278995070681949,0.49248030411429,0.2833296188674624,0.3556017306648114,0.15687736003156003,0.07992668848825213,0.15159707491961516,0.12592122769777614,0.07908299376255779,-0.1915594584882512,-0.027971554034371654,-0.14980864831339805,-0.20705591141808927,-0.5802461363657991,-0.2517745342886317,-0.30953372527853146,0.27575534290526027,-0.2291890113493435,-0.2157644054598997,0.13016951704072255,0.23826098029868495,-0.1447547071040013,0.05960774459148373,0.047782381090456696,0.011508124121878226,-0.09659616133620746,-0.4808688928040372,-0.4850437874150075,-0.24938249190480644,0.5830188496579092,-0.028608007087174227
0.1534806078765781,0.2566057772353853,0.3611899873264102,0.11944614105684524,0.06338452360838277,0.115626729680442,0.32392197428681785,0.2703118497160216,0.26753893115096633,0.29796160706330715,0.3874038329164402,0.4584405614705463,0.6581035050047331,0.7065742798862307,0.6149279965668849,0.3147176228243188,0.7262392971619306,0.5698247600479552,0.9999999999999996,0.5870785185011194,0.769252479679028,0.620097784416078,0.4521991312083307,0.4045990967404265,0.15678190765141228,0.29403874081600184,0.09783615675329461,0.35169504389595824,0.5398322626644416,0.27384981589303614,-0.056853170832138866,0.053441633095903766,0.036924207589884205,0.56607574529511,0.4220589863403803,-0.11628947877336404,0.05738734316854763,0.0695552742009683,-0.1286033749695501,0.04082902274840266,0.2032183398759555,0.0430614357841776,0.12202472817813634,-0.018946752317030167,-0.11760361765045438,-0.024281002329913568,0.06666813983471169,0.0490070428057002,0.07603623644518569,0.08033452282610808,0.08321090737830608,0.3104380455391102,0.4124860640737101,0.15119041846523024,0.2329299085119817,0.30360774887019865,0.4712565122786387,0.43275281655518905,0.39469250421263097,0.41273758243743575,0.5375145926874615,0.618062863644298,0.5709268677405983,0.6994941305936552,0.5633096472206924,0.4717669002953521,0.31773198569043,0.7976839486355961,0.4234835326533451,0.44595456956232365,0.7381955884024635,0.29923448763959504,0.40578038690142826,0.09496045714451946,0.4116511353460928,0.34119939131649074,0.47780912111325063,0.3799033160578369,-0.22900723546521232,-0.08065514577373346,0.13910510364108927,-0.10387660113948538,-0.40336510994722913,-0.01699630004836989,-0.015315266597397464,0.05396636935398201,-0.15085930815221332,-0.106769994242779,-0.03834216272388016,0.31086112254915055,-0.19141179268627773,-0.03189371642784426,-0.03535543432314788,-0.1096963747888024,-0.05237130404023161,-0.330362017340607,-0.3324616551357969,-0.2572777782257679,0.25975725232115937,-0.02598011817236941
