0,1,2,3,4,5,6,7,8,9,10,11,12,13,14,15,16,17,18,19,20,21,22,23,24,25,26,27,28,29,30,31,32,33,34,35,36,37,38,39,40,41,42,43,44,45,46,47,48,49,50,51,52,53,54,55,56,57,58,59,60,61,62,63,64,65,66,67,68,69,70,71,72,73,74,75,76,77,78,79,80,81,82,83,84,85,86,87,88,89,90,91,92,93,94,95,96,97,98,99
1.0000000000000002,0.29378454161636175,0.2941276730158997,0.17665281723603657,0.13985707035680733,0.32140697197638785,0.33382273192381334,0.2536268426687436,0.13654689423566885,0.16647066048214737,0.08355826148305048,-0.04295917382483345,-0.07998678219857147,-0.07609872111541584,0.03219635377328672,0.46504271480048354,-0.12514047126524955,0.3378260114738461,-0.06684241592411541,0.3186539090069653,0.02209478910938618,0.07631628861406872,0.19811276409001466,0.05241748291999709,-0.15315992194685826,-0.10782637664065652,-0.12431881319876842,-0.07371587813072855,0.1691967251238262,0.054921267677916094,0.09877773677482342,0.1660424408786668,0.3308791608556168,0.290570225797371,0.10239348670591755,0.4814251027478369,0.3350349334026863,0.3008037289857929,0.057398751594837524,0.11590266594509879,0.34729528640788604,0.1518809584421987,0.08965150516673577,-0.04924097271951231,-0.11552553609107986,-0.0020998066891595784,0.2631341327494751,0.06251369244703302,0.4760024199305164,0.32392817506503985,0.520252369664793,0.4274014695061352,0.4117050743335666,0.3848333083768442,0.3484211038959451,0.23161742800512308,0.44020698857981483,0.06753226653769648,0.15898565335358017,-0.0449866516425786,-0.17314360653469063,-0.029899280624252858,-0.1101637861769314,-0.15244469049890794,-0.11813645841924521,-0.066230964068935,0.6634087982493635,-0.059894023324059735,0.2973088501563245,0.2676479192871465,0.0749552399876908,0.14077960237196582,0.12269453728047915,0.4574764205455038,-0.007888473627502151,-0.2292066742962152,0.11483844358197806,0.027995599988958352,-0.09757879096303719,0.05744479406137848,0.10620384310400391,0.41692127415515146,0.2632002311920658,-0.015452773214172285,0.13934206900248622,0.4849658549615234,0.4192094446471848,0.12769145635838539,0.4930905447895063,0.3343411586977859,0.30600130238752943,0.4367412077474964,0.35695281083943997,0.35585831992749206,0.1900041485630797,0.18526177711636457,0.2941708979196399,0.37986998043881953,0.489927555931378,0.48030415707796337
0.29378454161636175,0.9999999999999999,0.5059621045902204,0.6284977241735238,0.8422175698656997,0.5118311707645365,0.19674386131129387,0.539869684209886,0.36929458614632776,0.12063947146129896,-0.12498520360729257,0.02101610757755384,-0.12318371766525264,-0.07685726521207785,-0.07793730645561026,0.7080679140456012,0.07373290856859743,0.6064496582084841,0.1418873889330681,0.5288916391911721,0.0760886159378515,0.4062834022272369,0.3729795753545612,0.48335138725406906,-0.25945074464776036,0.23658827025822787,0.254961381914638,0.08693965880708378,0.3181806585025924,0.040285364781322754,0.0037880390455983675,-0.23566873672954308,0.10794209957107817,0.5916581817598005,0.5844983106577296,0.5167841067942593,0.27537070164654137,-0.02759560900222374,0.1784327938781084,0.24134764130081066,0.4726609864239993,0.11092365010699119,0.2861403184431161,0.012896618095685045,0.357301209180189,0.0190657196134824,0.2875562529108965,0.12840660640682003,0.11104102750214284,0.05655598344971819,0.061284328425996126,0.6406036740987886,0.2638717600890244,0.6681810546949386,0.599565829597931,0.23344702127040642,0.4709388623762623,0.33168471346517686,0.0676780918351046,-0.19799901679037393,-0.1200910930909687,-0.09447103481519581,0.04847789004746239,-0.170154084116271,-0.121083116844811,-0.11399058901883555,0.1869979885337333,0.05471926163933717,0.4114998447780506,0.5202383407039439,0.17676778903972448,0.24421158045068564,0.0231622247431987,0.13581109865990657,0.1355208751920641,-0.044099510391553874,0.24117902028689706,0.040896237993378534,-0.148396270701901,-0.24469329021328284,0.21684100313237853,0.060120460244879194,0.07912434890170049,0.27585927600067944,0.2796554622495285,0.056908688680919015,0.21646195452707911,-0.04811450000146834,0.20869576990110303,0.06634019839165477,-0.1440374493620879,-0.10584881871073577,-0.06801441067475013,-0.07322287536879607,0.11137157839683934,-0.0020779854963806303,-0.04673343762578974,-0.10214983199436907,0.05582460755778976,-0.050900261186409335
0.2941276730158997,0.5059621045902204,0.9999999999999999,0.051423407460510176,0.5392758975710591,0.7946605508791992,0.19285104133196884,0.5729066782769608,0.7921711258976253,0.09339415233868496,0.24474119336754388,0.2385787697102808,0.2219044257712081,0.3740784886315028,0.3399289856738071,0.347828200045413,0.36011039527392036,0.6170330217116329,0.5058766720893388,0.592411574688545,0.4115916115893814,0.276773831447208,0.5251051395589481,0.26411137194791495,-0.16072446939146523,0.3548137425273977,0.0054069031329209314,0.14124242532087514,0.4173862174451682,0.3515757496898161,0.050516718657069457,-0.17874874779659872,-0.12722439258288765,0.5207973463791457,0.3767773857122915,0.46998111061759223,0.04881627170020882,-0.09696746892792392,-0.0263274049210845,-0.06427147975371607,0.08346832811192909,0.08044517888356349,0.03153306425560529,-0.24840638386640013,-0.05725375277206148,-0.2054304507294142,0.0372957852244379,-0.11521737659838684,0.15998923975992763,-0.10621563464656217,0.04226498406928789,0.6015621267842266,0.1647576349897625,0.34938496551461007,0.8194773713362061,0.729573387372051,0.47772865897985134,0.7517545510958954,0.13387901140465877,0.024088353580297896,0.22205046216896515,0.22761675016731533,0.3109327833891224,0.31491021078360165,0.28476658398560223,0.2860966660879278,0.22835440841292057,0.2875169005135388,0.4753341124045103,0.513056248002188,0.4665616471321822,0.3409789026979242,0.3868561333026706,0.23629557274321186,0.2162189620948806,0.1082350436589773,0.48054554540277694,0.3522268643350356,0.021420450687812627,-0.1423840737455759,0.17777996777681537,0.1035654465207063,-0.08007055804764202,0.24459879570283294,0.19631495314514405,0.03510221619111524,0.1481286423843413,0.05334134839750806,0.25644800380056154,0.09075851178484289,-0.18971899573118248,-0.0859833401574093,0.06625329149687244,-0.16355484548297103,0.08881117493395922,-0.19046643168748773,-0.20280251485871761,-0.14105273944840815,0.1398104478499042,-0.11907126719170387
0.17665281723603657,0.6284977241735238,0.051423407460510176,1.0000000000000004,0.5086403317220185,0.11900758337652206,0.45949929052685,0.4592978560147999,0.06288846685654896,0.11819341207499277,-0.31729961858964406,-0.1785880974102243,-0.04950450664057865,-0.1297742773638632,-0.1341863249484629,0.6401230712205636,0.024998656118020518,0.37422113049772887,0.02326714342785659,0.3182587829439984,-0.03387701880937279,0.2666961901758119,0.07911705603387265,0.1534035397734609,-0.16073098155138435,0.003045026682972621,0.08538246946508404,-0.006763630593444297,0.31816579378698834,-0.1275892898964723,-0.16011624542308656,-0.049366346060059144,0.14010083766355402,0.2997763004390622,0.2343127950524149,0.16553878239151337,0.16195789484245446,0.04712214426560842,0.27827566988998936,0.22788552168516893,0.20263266201342037,-0.09358558633493655,0.025659230997464394,-0.00018883400723208201,0.16552671583763712,-0.08790904780551934,0.057308591158090436,-0.11411943939293354,-0.08666189027660039,-0.026674214088166538,0.08092595156013042,0.3733674559742777,0.537001325019999,0.7263106557417701,0.1535869398274568,0.0020235326742326647,0.48662968737864126,0.07908812834459167,-0.08339937089832543,-0.3542332368327948,-0.2031141511152867,-0.12088932919605778,0.030831602053166433,-0.23174842034555942,-0.17385465462070132,-0.17444726267559707,0.17003636828252636,-0.004337442106161089,0.3091054900511417,0.3374482872402949,0.05308288860587195,0.26193331971253614,-0.027086313394950063,0.1072689985190029,0.00761017969633091,-0.10692702324509434,0.20161542188580295,0.0017544109898342292,-0.1494983939982955,-0.1292591002050344,0.030368439413604526,-0.11752115942719336,-0.02583438222106401,0.21597510209581047,0.07407834332171781,-0.0054585762276493435,0.09186483719755212,-0.09935410479876498,0.077730964923839,-0.1757944684346811,-0.17914107166794802,0.024074345214060853,0.028141206573443184,-0.19690850194010892,-0.08068352975866311,-0.029385065500762916,-0.06243615531644062,-0.2067267513483556,0.039839904902465466,-0.07257516745141934
0.13985707035680733,0.8422175698656997,0.5392758975710591,0.5086403317220185,0.9999999999999997,0.6161172895582958,0.005331371365370403,0.4656507897746267,0.47544957919251274,0.19931967483011911,-0.07590812848310055,0.0840282367128281,-0.0590335532568649,-0.03909191948930763,-0.09441525167861685,0.47350271003855143,0.04113579213166114,0.47012040187558574,0.13572203611981248,0.3986849143029356,0.05573735380579027,0.26493233312238684,0.26470277765471256,0.3630468936486326,-0.11565183457511778,0.2532108812506309,0.2730473573787183,0.1416043279397939,0.3174675035833775,-0.024158383417736427,0.026015279188668652,-0.1558227574157074,0.0483135655815993,0.4203310124511319,0.528634809912769,0.4695139404629392,0.3084016265672276,-0.03126636992139444,0.07939284769730635,0.13459611863028192,0.3474779768042085,0.08245171935433224,0.27409759656751664,0.05721985763007327,0.30575430086060645,0.009471890549720039,0.2588094896638092,0.19163165277552272,0.09761979172440437,0.010667809137792104,0.01921815460815346,0.5095439574777769,0.027382152013109347,0.5896855937022198,0.6694489922248384,0.3455369915588533,0.32095316050592154,0.39412348382445633,0.1168426104766017,-0.11173028157715904,-0.05432417329212618,-0.057230317803691186,-0.045378429801907295,-0.13312711297860944,-0.1375903586374823,-0.13751169911451908,0.03999403771257043,-0.025135377040240506,0.20476370591023166,0.36077343895817204,0.016059394029363135,0.05596942704926642,-0.030751844707776334,-0.05369821870157779,0.09870058549770266,0.028831432230969536,0.24961637568700756,0.012740363512901094,-0.2200187534080846,-0.2186869010874534,0.16540609705652135,0.016319071222267577,-0.00887339099387079,0.2746793771174367,0.22401725362758826,-0.049063682247050995,0.2348598669177915,0.008195063718797886,0.12350356839836266,0.022049648228047548,-0.23122733716369537,-0.17553129426424738,-0.19978297804113737,-0.10755426665747689,0.03179562240030827,-0.007031084948558822,-0.11535012715684184,-0.16449008324188485,0.04625708824607742,-0.1176265757459882
0.32140697197638785,0.5118311707645365,0.7946605508791992,0.11900758337652206,0.6161172895582958,1.0000000000000002,0.0915093824589114,0.4529661840602665,0.737458450091451,0.14015304424479016,0.1317067016591779,0.1306445871676487,0.11579926025170045,0.1997440933686467,0.11341464818841165,0.3007144854300673,0.21578371175146996,0.5177581541415107,0.2857211525845063,0.5154538882943603,0.2668255969854116,0.2871842469449497,0.39643285690113844,0.17439217508788335,-0.1124472484219958,0.15707224829310212,0.10914174031287852,0.1626058824293046,0.43510671977834026,0.17218933391803945,-0.02801626607877805,-0.13178197390350155,-0.07630607998380447,0.40145962821221626,0.36132877307758327,0.4654018276908123,0.2080857151860702,0.000764226221271551,0.05303007299953902,-0.0015732055919624335,0.13742990981293238,0.06339881177966515,0.08794525076217892,-0.11536860668485653,0.03859882669561423,-0.11450917371316154,0.09526574486180377,-0.004023439331423458,0.3121797293727875,0.005670617263462129,0.05083861781435593,0.48550720432022676,0.0642174430465392,0.3878528907140008,0.9247018269228332,0.6948088867023302,0.4228432777258049,0.5864600456147879,0.16670082417457563,-0.125249803469275,0.0598180913091361,0.05957010866111278,0.1984700454563072,0.09034970686566098,0.0845886342908739,0.06700720180773606,0.25945370045279925,0.07834580892359624,0.33497468858350515,0.4461508998905489,0.25812835152877295,0.2500330920065288,0.28071282071874987,0.1505762904386222,0.10916552283676766,0.009289428787431327,0.397541812705106,0.16308703808743824,-0.1643148949527918,-0.2577360303818572,0.10103809863887592,0.11362720286397622,-0.019354944714682305,0.2307980387077301,0.2549512307139999,0.07817036309291871,0.27201070192732313,0.04743120647485269,0.2887492895280728,0.09926400853190553,-0.22810582705547253,-0.1320182009621946,-0.021224118511442305,-0.1861708998467207,0.06276974075626612,-0.06386688286192573,-0.12484364618756548,-0.07291597807388277,0.27293819667493374,0.024527112995497997
0.33382273192381334,0.19674386131129387,0.19285104133196884,0.45949929052685,0.005331371365370403,0.0915093824589114,1.0000000000000007,0.6551342604514635,0.15565800808069166,0.07438952085882498,-0.08878194370575551,0.03205655864918922,0.2512873928012725,0.21184237536307676,0.22206755614497087,0.5941404367964174,0.09007492641584972,0.30094837056190177,0.20451419200331747,0.28005336311350215,0.22627824167241326,0.16469829200678274,0.10606869966870164,-0.1338941572255855,-0.08594014785985507,0.01600369072360852,-0.3371623483095555,-0.1909970467171537,0.2156289908617312,0.043299190910599264,-0.31722872484924985,0.06425731764992017,-0.07379476632042485,0.13030370725093504,-0.21021055468414795,-0.053828349236951116,-0.2089560590122382,-0.0827403864684072,0.12009238591334295,0.03532202266085609,-0.13022077859009323,-0.32164588402980193,-0.3971840792192213,-0.3665234728639523,-0.40809642670765295,-0.3902179689613669,-0.33833611679766273,-0.4666518236378789,-0.15034696996780367,-0.20074112359710897,0.28522642665051035,0.37486402680886716,0.7632005249631385,0.4375682504668621,0.19824351816340427,0.2664818269096511,0.7026068164334555,0.23483054165953093,-0.14425287755969068,-0.23333850431116582,0.039789095829884276,0.17458350835937897,0.31500807881588117,0.15460914441175022,0.14452855112329097,0.1970037135784382,0.41825023410102,0.18740830146943802,0.4311922559477496,0.3583251589571482,0.39929746806689675,0.39262177410230664,0.24348023060209317,0.46629727258858045,0.02936260882278216,-0.02883127996979834,0.2610743733943291,0.1806521702723935,-0.019702648204384127,0.01251708249194983,-0.12193185624052873,-0.10401867619242705,-0.13135052255899354,0.03636349452903067,-0.2162390812072976,0.07286384507670471,-0.1183867019786108,-0.13438570846561973,0.11395214680370028,-0.13856164219272066,-0.16400858957091552,0.21604967436496278,0.30802193570782943,-0.2135561054115291,-0.07475164043459025,-0.2063671999871993,-0.19176949492878292,-0.17643832230132114,0.13842686491192055,-0.016493705720582216
0.2536268426687436,0.539869684209886,0.5729066782769608,0.4592978560147999,0.4656507897746267,0.4529661840602665,0.6551342604514635,0.9999999999999996,0.6202092265905772,0.10285690690241041,0.03002832573972735,0.01726162649633754,0.3512482432218584,0.42090208568863924,0.37614051288985667,0.5483905867532235,0.27604861556073507,0.5859457845071819,0.4859929029504527,0.49747248555086976,0.4113936268965852,0.24124299503774044,0.3324452723207482,-0.023942054301070485,-0.16806389409951017,0.1593667892559381,-0.18893100978963015,-0.14795150949894836,0.42411190861151865,0.12752411311515674,-0.3358478805264333,-0.08811941945579373,-0.23900475376739613,0.3796881709530418,0.06787628287339886,0.20219551143411676,-0.0982289179622933,-0.176921269063972,0.05799933062608283,-0.11446336192638787,-0.11294640066027077,-0.2998202483507955,-0.26319917824625444,-0.32613422299342487,-0.2000352600167018,-0.4116173059222816,-0.1986556969228472,-0.3815860090390838,-0.14475307254252406,-0.30861830964861964,0.001376595023194646,0.5498809936040464,0.4411685544795199,0.5611891226503879,0.5501518847415554,0.46557607189120986,0.7739881706088046,0.6830360780352389,-0.0547216603193873,-0.2375004513591258,0.03078460603195736,0.29413224912972913,0.4888875349518138,0.3143588458525639,0.2178855428815262,0.3342451596121199,0.2036198830386566,0.252525699359305,0.4847805965263683,0.5638948073471385,0.5160460668972056,0.33358537007543543,0.37144696570588553,0.16592088169081093,0.019036851184218374,-0.023747896181557402,0.5245068773080547,0.1537037388786945,-0.16870630913399687,-0.08138083310967778,-0.0072283436701163425,-0.13240926311007692,-0.2093325800540269,0.07787784650695298,-0.04452492469667659,-0.003365155192936715,-0.037416885658238225,-0.12905980203577733,0.10658944907557799,-0.19511049262887253,-0.3247997842975372,-0.0023938625700346376,0.15295515231790838,-0.23331668320909618,-0.14681552512246215,-0.2797621337112114,-0.27928127669559705,-0.3011467668159498,0.021474091434034018,-0.18840965869451265
0.13654689423566885,0.36929458614632776,0.7921711258976253,0.06288846685654896,0.47544957919251274,0.737458450091451,0.15565800808069166,0.6202092265905772,0.9999999999999998,0.109731095696691,0.27176330802148146,0.23231347015133988,0.48904150758984744,0.5881499910400223,0.4753279280469468,0.20491792427715075,0.5104969850695469,0.5265358706138233,0.6561314957886909,0.44471444738583804,0.5212124851995699,0.2254712200543454,0.3620245626578931,0.0900901828569579,-0.07705294201320852,0.2080494869914096,0.04514874524946089,0.08893243824171275,0.493382437696571,0.21148506028520878,-0.10844083720765178,-0.11602602323341747,-0.29526741029144427,0.39866878752653,0.2304953468536165,0.30797464785493767,-0.0892303838838059,-0.03239049500599421,0.08369122876564221,-0.03734291810417281,-0.02579292934469438,-0.04775164225333181,0.019754586456659225,-0.09844885351917315,-0.10655736455731873,-0.15107743740410987,-0.07533387714128988,-0.10776338948965308,0.1337049438932236,-0.1283885815435052,-0.11891653957549082,0.40250313594834747,0.057277762288984194,0.2680706506570224,0.7666010352561199,0.6964461776801248,0.39170104031532404,0.9059779037944096,0.03891509639215339,-0.0016836808737023872,0.3378981002915641,0.43245973504199375,0.419087620867238,0.5348390972571088,0.4149402650800511,0.4594915415918401,0.013390480476807852,0.36750004967352334,0.29470876133694246,0.41440259855205763,0.5159245215748852,0.2289947343498242,0.4016054193187232,-0.021287922439209628,0.06531247579771651,0.12498228529560414,0.5312690377017752,0.17981003936355933,-0.1329199507530188,-0.10746030458947439,-0.037306132049992835,-0.07344964516659806,-0.2831214854604983,0.04036985646225991,0.06390081752146264,-0.16723465656828082,-0.09997205929929152,-0.037255133927965395,0.016187153591796146,-0.14082990669663578,-0.31146343291600836,-0.16441898472818728,0.0588428459324883,-0.2744885750157088,-0.08068840413732745,-0.17142455623497038,-0.221853860999602,-0.22272600802837542,0.1572374047557137,-0.1878562215491013
0.16647066048214737,0.12063947146129896,0.09339415233868496,0.11819341207499277,0.19931967483011911,0.14015304424479016,0.07438952085882498,0.10285690690241041,0.109731095696691,1.0000000000000009,0.3428398906052884,0.43994739759911533,0.012034990025590988,0.01332271765882978,-0.04854146283127329,0.21216722329089502,-0.12008308943801463,0.05937926952678372,0.049559286439263654,0.05453342646539838,0.04219505968665262,-0.09881183814420451,-0.09729097952593399,0.16796704163393283,0.3105219300629902,0.01575024757513079,-0.16552340379850403,-0.22747611671260648,0.16610344664549864,-0.33490764796417477,0.14056007609416513,-0.01088769573935441,0.06484836369594206,0.027682743356591887,0.00695261079231266,0.31664059694361085,0.281179569942299,0.09573421244898732,0.025072999896860935,0.26702862405764516,0.1391172707492602,-0.23189688094535724,-0.11100387759266242,-0.27135631581698894,0.007544212109681237,-0.24361291270760332,-0.039655113979039695,-0.06312164178089583,0.13685153106879805,0.09455890273746406,0.15033430618826477,0.03339096412903201,0.1233898930926811,0.27176967094490007,0.1469879627545922,0.24795562104121263,0.06058067667201988,0.07737407025986476,0.4586385010399009,0.03508123843612158,0.24326029137909191,0.048888993717514796,-0.029219743531946892,0.03155432661506807,0.10162246899557591,-0.13084273841286467,0.24059151032907575,-0.0986319919209905,0.14347284266553811,-0.07371293337760747,-0.04734075522128957,-0.02724689921544227,-0.18483407724969705,0.41727597764600705,0.08537247641753146,-0.019391486416529227,0.0805810317530408,-0.12803568478313704,0.24828172844913082,-0.08361882382752726,0.3876374637432423,0.25656383660542637,0.3851001631572368,0.27751528930722474,0.15098625988267025,0.3297229678526973,0.38172430017835773,0.02696118338147214,0.31968267574888454,0.3135609371138301,0.055836696244397896,0.12001160966205413,0.16639514163578475,-0.010329053522503984,0.04007753733638284,-0.0541838916324111,-0.04865140326851276,0.07669145503343922,0.12492595902433272,0.21500703745287195
0.08355826148305048,-0.12498520360729257,0.24474119336754388,-0.31729961858964406,-0.07590812848310055,0.1317067016591779,-0.08878194370575551,0.03002832573972735,0.27176330802148146,0.3428398906052884,1.0000000000000004,0.6034185413168989,0.3954020419532035,0.3484650753724329,0.2573640696282804,-0.04556604646043999,0.16698630071409526,-0.03275968731809919,0.3065669178490272,-0.12496481841165077,0.21165989325611076,-0.2277281669324691,0.00941442623554698,-0.010177143057509597,0.01941936911896818,0.15697428679558062,-0.20737917166317255,-0.06835220951576837,-0.056257696049046436,0.1764465143490017,0.12256450014984749,0.020676674146982744,-0.1899698948991567,-0.11618423199174784,-0.24852403798063852,0.08487807059693285,-0.050489579549411044,0.04568764598785068,-0.2283587775690844,-0.16126521747236455,-0.07054687847714092,0.04257165629792708,-0.02173832076398729,-0.004431974128485798,-0.29448983145713864,-0.1155415348588915,-0.09515535681652276,-0.07779823076689689,0.14766931364143612,0.04709365343697173,0.04092593232039015,0.04472222404148465,-0.06300303616891131,-0.12527659905195387,0.14346361284562528,0.3455368335547898,-0.06235537622212111,0.2323445795748315,0.2301608894542304,0.4265499816805117,0.5276890688361477,0.4492219134581608,0.044170491674071305,0.33084397511594443,0.3488468304197363,0.2019414509316711,0.1089812350541835,0.17874373882246442,0.15533245483360686,-0.030421809979259574,0.1786919218145701,0.013382544720025466,0.00823917493023132,0.23807419058134588,0.1024952202290598,0.17426577441946514,0.07523194928453732,0.12003183108637831,0.20131867701665399,0.10508469818910808,0.24250996042857165,0.31908556681897343,0.16451442707247207,0.059900642963243565,0.030849394496496457,0.14492080313998085,0.10400213608979442,0.23821993914043874,0.12663545359357892,0.35023700165256433,0.17000028593899666,0.026149349439520905,0.06696530574013677,0.1614087008767008,0.2635043375317784,0.1262293017577102,0.02955808957618438,0.11492600796922355,0.2052872212040769,0.17203052808893604
-0.04295917382483345,0.02101610757755384,0.2385787697102808,-0.1785880974102243,0.0840282367128281,0.1306445871676487,0.03205655864918922,0.01726162649633754,0.23231347015133988,0.43994739759911533,0.6034185413168989,0.9999999999999994,0.3242260759190523,0.384318484113594,0.3121729507991051,0.14363142573053803,0.20718635494279436,-0.03618748614835081,0.39413085562011835,-0.20785405644717456,0.3104601393299729,-0.16609165704640766,0.008139029224953692,0.21081494265849024,0.07897727045951823,0.42280538598319267,0.012240121558198204,-0.0749839383474065,-0.04070572574790437,0.05159599666944414,0.1135340215192459,0.0031391895044968043,-0.15593680344647923,-0.08230902452601592,-0.1026149694752186,0.03858764466578396,-0.19746705549938054,0.009772787637988917,-0.08392310989636757,0.00239611838172593,-0.023645603228833,0.06791703517769841,0.05597550124050731,-0.004695085537643128,-0.097623292811556,-0.06641264142213857,-0.1590400677683597,-0.06795425296512286,-0.06571212408128997,0.018289967732460263,0.1850953943177642,0.027088957849646635,0.06585266371147624,0.04249783775973459,0.1583680714053421,0.26438968545021563,-0.03703943997352207,0.20853867508113233,0.16733202290779642,0.3781410745989669,0.5724860605802808,0.33498965813096715,0.04876456843526601,0.35296539557446255,0.3900821074040384,0.2746517164396814,-0.06285789460075161,0.21315072378260635,0.15823239050836757,-0.0011758185490015186,0.15433484338224188,0.039988885904408036,0.01919732025442285,0.24603207794499754,0.24597384992353144,0.4042585694287709,0.05463098366232796,0.11545567448747322,0.21857045314905574,0.1325898896071872,0.09977152225108146,0.03497803989811758,-0.021765659961529103,0.11975258255577771,0.011403527193361665,-0.056763599050384556,-0.03623808470198477,0.0613501194075116,-0.10834579659923539,0.18259620743658164,-0.013093253409122988,-0.07333374240314283,-0.00199491067318123,0.001653222197062732,0.32781424253932784,-0.014042399364428197,-0.13969288343205896,-0.09294388655208836,0.012084503659641097,-0.06696404800064608
-0.07998678219857147,-0.12318371766525264,0.2219044257712081,-0.04950450664057865,-0.0590335532568649,0.11579926025170045,0.2512873928012725,0.3512482432218584,0.48904150758984744,0.012034990025590988,0.3954020419532035,0.3242260759190523,1.0000000000000002,0.7003248782125466,0.5913525188600565,-0.0008333452777071324,0.5116144813209109,-0.012033743729884812,0.5957602048414933,-0.08800441930010816,0.440067490091015,-0.0360584197740527,-0.011847296083732493,-0.3157307927753343,-0.019548408912668524,0.15001200254659638,-0.24320283792356195,0.04450491781207625,0.17829406522408586,0.20671809862844853,-0.15146448183185537,-0.010404508107227593,-0.4739451728424246,-0.11271662482469916,-0.294888051164665,-0.324856065248601,-0.4263756805680356,-0.12607387618125798,-0.07715969433364171,-0.32812908655935746,-0.4602473896666054,-0.15752798116714603,-0.18933233782139997,-0.08775247916798806,-0.4520676583797074,-0.2159834781275847,-0.4219059108316941,-0.312962813806995,-0.1825386465157888,-0.28006588050537545,-0.11062225218307117,-0.00785862869020249,0.16302061546060073,-0.028196406700451603,0.12127547865462214,0.34058120776299594,0.16269696620429497,0.4616880251510532,-0.010298980574556664,0.2857506299503859,0.6625079098624531,0.9078798013578526,0.5339933782827885,0.7007062324146796,0.523926859426385,0.5848745197522569,-0.26437210478586814,0.565062277566762,0.10616106191661635,0.12758844544394687,0.4323908333315925,0.22553976091654493,0.2990707643151598,-0.16648763626998553,0.023625901118779373,0.27962595026999804,0.3059603780950347,0.24390224591877985,0.068740545886554,0.08255130433666986,-0.196043979000384,-0.29140562620252136,-0.3818664871842798,-0.0845530942096277,-0.33858718691083806,-0.3239423916495748,-0.4300685518228251,0.004965043182139364,-0.3659974587061756,-0.40889708335643365,-0.28858437886160004,0.02651921778423439,-0.00016273312016666278,-0.18591977948709518,-0.05856111694038778,-0.12733277830879156,-0.261435718428275,-0.3312211437270031,0.0343564732293649,-0.25132034240818524
-0.07609872111541584,-0.07685726521207785,0.3740784886315028,-0.1297742773638632,-0.03909191948930763,0.1997440933686467,0.21184237536307676,0.42090208568863924,0.5881499910400223,0.01332271765882978,0.3484650753724329,0.384318484113594,0.7003248782125466,0.9999999999999992,0.7880579656275031,0.003445962145479822,0.5414226555994571,0.06983335809169228,0.8259464970701222,-0.07244654105007925,0.7090806691177519,-0.09736869840868732,0.11110500079475936,-0.3031116662805032,-0.18220094063912262,0.032493671696126346,-0.20149220934219658,-0.24327369746670963,0.153919001691704,0.16028026512353807,-0.23261684000156327,-0.012222231731677472,-0.3197461654381776,-0.031177202054726717,-0.2773320692860738,-0.2500147242720158,-0.48718000738814976,-0.006474119971337938,0.11543232483511097,-0.24433795531212613,-0.38549444358694923,-0.18505757605969403,-0.19000648820641358,-0.14044770201927329,-0.2700278804811577,-0.19926367065474954,-0.3204174332054058,-0.29792001270505225,-0.20312855814719488,-0.23514361871593936,-0.10034743736908047,0.03397232412538645,0.15385637393018245,0.07069867677763277,0.2399759653013344,0.40630564434189753,0.1878856903999885,0.6599109094978809,-0.028248835726847367,0.3059710624199494,0.5410886496971175,0.6307586932622056,0.6506157856405403,0.8990644163314858,0.735724952086818,0.8251076437745298,-0.23103333623055838,0.5151242912218024,0.13939127717795122,0.18034681922368814,0.5806872193455693,0.19690573880435125,0.505865941797094,-0.08187554084348268,-0.11217134001511289,0.17756588375453344,0.35727595418223723,0.0931928009853459,0.0529876772079602,0.16293684262984737,-0.2490869242003554,-0.24623998315160447,-0.3776069114903539,-0.13148274397643553,-0.21379914327168364,-0.132233935044239,-0.4494138066249659,-0.2115402090957618,-0.3782245354064867,-0.30184891210412507,-0.20194917594552494,0.009359231709690429,0.20977744862479772,-0.2583783132735173,-0.11223346816550472,-0.2040060377007319,-0.24398242522866598,-0.21613423662453618,-0.06923659058078055,-0.28995556361079716
0.03219635377328672,-0.07793730645561026,0.3399289856738071,-0.1341863249484629,-0.09441525167861685,0.11341464818841165,0.22206755614497087,0.37614051288985667,0.4753279280469468,-0.04854146283127329,0.2573640696282804,0.3121729507991051,0.5913525188600565,0.7880579656275031,0.9999999999999998,0.007783070058693158,0.3687148927770671,0.055321808199698175,0.6874424301193506,-0.0469613311532688,0.7737839066294957,-0.056241469250970434,0.15827125328709238,-0.256762856880071,-0.15802098957961977,0.14887085249386872,-0.11952028303881508,-0.12779106315727745,0.09839913588048028,0.3319776037097514,-0.17973082133378665,-0.007189857198273066,-0.2836768302329766,-0.024059533662842955,-0.23727161849614856,-0.16594417661389946,-0.4413834105260974,0.09086342332583466,0.016083104769223148,-0.3063676260441165,-0.31138856652638625,-0.1748077606540616,-0.17652100575244173,-0.06510535789046167,-0.2631427074213023,-0.18451803390071453,-0.28633076364732,-0.32530507941409487,-0.18543445778258372,-0.1736162190493702,-0.07449999582556444,0.028544965823133282,0.11806193754241454,0.036026433079283195,0.14239445439536613,0.22008543792627133,0.14201089556086383,0.5180288461555335,-0.09812793046631504,0.258116306983403,0.3958967944349634,0.5522979634172761,0.48677692305840103,0.7357195600083228,0.6707637134723277,0.9286641661073185,-0.22096405256421287,0.45821661311640666,0.1437604279104697,0.10526067808402005,0.6464890339334721,0.1590147236782834,0.5269342186463588,-0.13983563964663143,-0.05129466049049091,0.16560403347343425,0.35345700458164353,0.1703090794435377,-0.02194802396750135,0.19233677057130155,-0.3041166619991693,-0.23998801983466886,-0.33356412536260727,-0.15398272998231824,-0.22310082758832975,-0.07974988136083912,-0.37231278938658496,-0.10692790791937662,-0.28242778552951,-0.300156239973778,-0.20149415227334488,-0.015909530702012273,0.2083128039857614,-0.14687836249032,-0.09258340405647915,-0.1159994276587252,-0.21017364833878457,-0.19071033842418791,-0.06846702357709292,-0.21528616863999211
0.46504271480048354,0.7080679140456012,0.347828200045413,0.6401230712205636,0.47350271003855143,0.3007144854300673,0.5941404367964174,0.5483905867532235,0.20491792427715075,0.21216722329089502,-0.04556604646043999,0.14363142573053803,-0.0008333452777071324,0.003445962145479822,0.007783070058693158,1.0000000000000002,0.16834324735730158,0.6572794022131622,0.2122512626822839,0.5334696948190484,0.11699415501274532,0.36959226704053144,0.42998687829366117,0.39458872215613255,-0.19171810281619533,0.2586848418967452,0.08763303395928522,0.117682899297087,0.31979855296731075,0.11068409655674091,-0.045198292283073836,-0.06600919122662588,0.2241303582893865,0.5522920175042536,0.3704076126881376,0.35907029458268797,0.11293451014375913,0.016580075866441533,0.17624432197222342,0.3040833569631853,0.38488960880335626,0.06365813222265157,0.06370088538887769,-0.15163242999437854,0.11065874980608767,-0.13556400204551694,0.08904887250425883,-0.06710857918874549,0.039746479977472535,-0.010442374667123168,0.25105465256294607,0.6328375011387513,0.6779588362135698,0.7021477097138873,0.3994351296576206,0.19255225140225354,0.6293287634487685,0.20274942364065587,0.09061453136553889,-0.23014446344778583,0.001028571204696277,0.025730499011403996,0.061225307326114295,-0.09407815343479603,0.03271020006239323,-0.06101775811836508,0.40985320632319544,0.23922571190738537,0.6093322773469619,0.6081358702684226,0.29081943627943385,0.4551870902685023,0.1789116512689365,0.405745835136524,0.2705728024758689,0.032888399361124705,0.2645388162850013,0.19088437143828538,-0.02525256061200525,-0.17369185272063759,0.20445175598559615,0.13694826948144362,0.14670506010604614,0.3400300763915948,0.18989170733804395,0.20701511501283715,0.19333159870972688,0.017742744159067462,0.24965621263364865,0.0468026242405733,-0.07880268444685194,0.06779448971270613,0.10378938465532209,-0.07894617391814075,0.20590266631840207,-0.034152399480143356,-0.097373772954867,-0.07751728538965505,0.08565084204731188,0.0010172808511764314
-0.12514047126524955,0.07373290856859743,0.36011039527392036,0.024998656118020518,0.04113579213166114,0.21578371175146996,0.09007492641584972,0.27604861556073507,0.5104969850695469,-0.12008308943801463,0.16698630071409526,0.20718635494279436,0.5116144813209109,0.5414226555994571,0.3687148927770671,0.16834324735730158,1.0000000000000004,0.38108553252161215,0.7566482129704614,0.28935327707919783,0.443065114572261,0.31872103700044374,0.4215452737204824,0.12201071045124051,-0.09090361440167817,0.24899191022804268,0.06584155167937072,0.26693280871225356,0.37748417512788257,0.36515696445982493,-0.05716271681435975,-0.16562579296770838,-0.2564365925958181,0.42423857530989684,0.20747064015554184,-0.16111259622855467,-0.32825564298277804,-0.24247838435041968,0.02912720273787253,-0.020934694444562526,-0.16960470648580814,0.0063424698261383625,0.04939962707638552,-0.08671428415680045,-0.08817316266549334,-0.09057224630657637,-0.24513027087758624,-0.09203368637066019,-0.060954119973867876,-0.25819115114757124,-0.0948656960822046,0.09939106594481023,0.22440162010874004,-0.0071317828510618015,0.21179214787448927,0.22602572306015947,0.15926450334568645,0.5268298393527159,0.08333965556301565,-0.031027757656455476,0.49733121348122106,0.45036746993244986,0.45658805819759235,0.566423276519533,0.5959931223109499,0.39517661479471683,-0.1222171324124554,0.7540881434424517,0.3853845864284925,0.42962848353216154,0.5042799458985793,0.5195217203603902,0.4372971418159263,-0.06804968366849584,0.37403680357475716,0.2659135281442678,0.3234569374163697,0.3744928072988289,-0.00918941451084447,-0.06075256742679627,-0.031674478659356256,-0.12961448676927095,-0.22209871945773654,0.28246197589449423,0.0217287730670766,-0.24401709781249717,-0.3450606479906744,0.08499944250295381,-0.29535643634267844,-0.29413206129767533,-0.2394792351094691,-0.068859706999153,0.05726653499471133,-0.19369159944311795,0.05590228856543628,-0.0860059800571386,-0.2083795159367224,-0.24640163283692593,-0.09231634522346943,-0.31420627082461
0.3378260114738461,0.6064496582084841,0.6170330217116329,0.37422113049772887,0.47012040187558574,0.5177581541415107,0.30094837056190177,0.5859457845071819,0.5265358706138233,0.05937926952678372,-0.03275968731809919,-0.03618748614835081,-0.012033743729884812,0.06983335809169228,0.055321808199698175,0.6572794022131622,0.38108553252161215,1.0000000000000002,0.3799771537720307,0.8790036257048751,0.22890379118640589,0.5430888525011601,0.6809356349167431,0.4746295426483416,-0.21459389345118857,0.3660944835734805,0.1322196899639658,0.2677354081592452,0.549752972749662,0.24020727888975446,-0.12786369515485416,-0.1536841409227808,0.016239249942897063,0.8687410978458331,0.6305495907618707,0.522877193433794,0.168775044919806,-0.18876909497796224,0.10052208485175132,0.2404642218522499,0.39013255908383626,0.04186717560897301,0.0770038278009589,-0.22916761380379783,0.1767510171178333,-0.1852144330067922,0.1752923737828725,-0.03666949247769874,0.14039461481267715,-0.11306871446576865,0.037817284546711516,0.6282370034347573,0.38838268677926535,0.49778969379669835,0.5617725374559731,0.36680457298905994,0.5940211625989318,0.5635462305400288,0.05886040027957356,-0.3335686203063749,-0.024610608571234406,0.03849950792449523,0.2230183606898691,0.05028111918005478,0.12308897197017828,0.03430086338864679,0.3656425721818316,0.36891942415766965,0.7389212735480587,0.8116652532824563,0.4891525121737814,0.49871382274334025,0.3999664753260556,0.25244923318699636,0.41314658057550085,0.023208583334730217,0.586569143168341,0.318134908840535,-0.16180680288158422,-0.21706195200741804,0.3192999863883284,0.22358078913943957,0.024861099748920187,0.39197711246001227,0.32077054606923294,0.13797051974070942,0.22846447599241257,0.018105208658541844,0.36418125601787943,-0.008980401925589961,-0.18837393343105943,-0.10635323765330004,0.01837857829613955,-0.21226810306050017,0.0335623404696277,-0.21193230711729227,-0.18983321451879293,-0.16121357044485746,0.039730657144288604,-0.10483872849176593
-0.06684241592411541,0.1418873889330681,0.5058766720893388,0.02326714342785659,0.13572203611981248,0.2857211525845063,0.20451419200331747,0.4859929029504527,0.6561314957886909,0.049559286439263654,0.3065669178490272,0.39413085562011835,0.5957602048414933,0.8259464970701222,0.6874424301193506,0.2122512626822839,0.7566482129704614,0.3799771537720307,1.0,0.2240356353577067,0.7257498438139313,0.17153420726963542,0.3525252475149004,0.011070381262140806,-0.1514039601283647,0.2566318597300772,0.007615279935696049,0.019647918760332714,0.39275542568583577,0.2905347879394932,-0.16451129501767298,-0.026023966011908137,-0.2924508152213368,0.3278606061697458,0.046746792400086376,-0.07604823910547978,-0.32525170948398896,-0.06490080729638023,0.11934265169988348,-0.08148795518656053,-0.17690144747512498,-0.11310224416779413,-0.019570066558066385,-0.09036717890557656,-0.11561604671177989,-0.15589593679496924,-0.23463697775137907,-0.17726622136844195,-0.1309037422527432,-0.20753696361186344,-0.04604977651283194,0.2478844909112342,0.2542005442797573,0.16288274090759905,0.34421667636439646,0.4089000545748676,0.28267118915736134,0.733472724670895,0.08681552806866893,0.17896009732600288,0.5390842221684151,0.5775230734109638,0.5642543509128453,0.8041558966900427,0.7461936438356223,0.6790954695192258,-0.12359654089937924,0.7161984678475382,0.3684773318536984,0.40420429344047787,0.6610346755124586,0.38279087675778317,0.5491311542375372,-0.025460995962266586,0.16328238925800437,0.26943492530425567,0.5020824718939324,0.24303694307060592,0.07834872994344112,0.1189375263472094,-0.06350177376472127,-0.13794435245086925,-0.285772777367312,0.1099890272391861,0.014163969049523448,-0.1688848557093127,-0.34101848531237705,-0.033796917282111164,-0.2813904657639307,-0.2508368891252688,-0.21231066685217848,-0.031041787179423526,0.15176458353047376,-0.25349050110119936,-0.005628356773200117,-0.14884903776985636,-0.2430229844324665,-0.2559340022985014,-0.08372228291809092,-0.29702098430028306
