0,1,2,3,4,5,6,7,8,9,10,11,12,13,14,15,16,17,18,19,20,21,22,23,24,25,26,27,28,29,30,31,32,33,34,35,36,37,38,39,40,41,42,43,44,45,46,47,48,49,50,51,52,53,54,55,56,57,58,59,60,61,62,63,64,65,66,67,68,69,70,71,72,73,74,75,76,77,78,79,80,81,82,83,84,85,86,87,88,89,90,91,92,93,94,95,96,97,98,99
0.9999999999999998,0.35398152504888303,0.2965243978485004,0.19943249403386587,0.38259527342049016,0.49155239578944676,0.33140900242246546,0.12520218884462841,0.3336681681567638,0.4032561227381315,0.4657137168564368,0.28870958872353947,-0.030002358871715647,-0.06299461361634678,-0.1573077745429354,0.2592350392383539,-0.050373799470381724,0.17329708488839604,-0.04364270190268611,0.3190915779331745,-0.030903485719400662,0.13996490097807202,0.16703122346114527,0.015085356459997553,0.4625906714343942,0.1540518207739642,0.24080039424888605,-0.04545216904387931,0.055738080916037464,0.04314747838365429,0.27649165406871556,0.46152789206349654,0.011794474892729384,0.12287125510345345,0.21960690058446333,0.32625949218439443,0.22342581930881059,0.15984330400585464,0.3081526610862492,0.25878086801064093,0.3723806937754957,0.3983432277604377,0.25432286350803857,0.13368000743942948,0.28374637882382375,0.09163087465145255,0.3463167782812364,0.2609578661469724,0.39409557165575415,0.25274378469993125,0.477318384577917,0.3938131243534646,0.3483665472720059,0.24436466318389927,0.4160880356119444,0.41298586229227874,0.1947100094455901,0.17092769816478828,0.479611870568625,0.4819095807620152,0.30597763317459065,0.011163826932214557,-0.1034927928018418,0.13563693710038843,-0.004458678007898271,-0.08361551849749299,0.4010505153762529,-0.11305611814050759,0.10201041769260681,0.24806667937228544,0.04092783746815535,0.21137371797342833,0.2666322188107336,0.04730675437324499,0.12720637163623505,0.36272271363351904,-0.051470593836563105,-0.022630838352580222,0.07899260303168085,0.21390011552278293,0.03040509837531235,0.34058008052272515,0.2982739661725609,0.10398235974488197,0.21992044374321998,0.2941099773264398,0.16488907780414017,0.028757758204118616,0.3230424790099268,0.1805153578501061,0.2591022232803807,0.3405098307382345,0.34479920988844487,0.4741945523837065,0.14336515712506742,0.19140118654254518,0.3196902992934041,0.4318883259355047,0.37723498866719185,0.2611256696594058
0.35398152504888303,1.0000000000000002,0.5517338749309758,0.7056797651982623,0.7950845195101363,0.5845213318496411,0.7115902201267472,0.5942521360837091,0.5902008288939926,0.5685987839965022,0.36743651531557137,0.36321644714163526,0.13521258737173406,0.316312740339361,0.4467890875479172,0.6955793143969092,0.29260413869867,0.5045673887637891,0.33060106466022243,0.6204972205690076,0.47133966756816514,0.31420299507764904,0.5358205611640225,0.157011831383277,0.3109031368816104,0.1425780185748305,0.36239158710105873,0.2080945050213392,0.5311559409514591,0.5211837433200488,-0.24662186064732886,0.49573882243603,0.26588217585748825,0.6391768939549535,0.46258166188682265,0.36834898783407616,0.4182791123534912,0.5903128295802552,0.6841894298145028,0.521560608432538,0.5744580672567761,0.07060026497616531,0.3428765162494361,-0.1984165586485396,-0.0664618608945566,0.29965755168444586,0.5625860358834546,0.2999391391667488,0.4054537364774531,0.25814367327446514,0.11039979329356324,0.8263911736273738,0.6861651043455765,0.6117490252297114,0.7559137898560491,0.5795764983872289,0.6224125592864482,0.6988107531752402,0.3954649867790362,0.16275935327602656,0.40962446290732685,0.24372309638233325,0.13373043752262992,0.5217888499392556,0.2834839745489972,0.3928055221356787,0.6312367889253953,0.2749522957363798,0.6079878436938603,0.7106447705330732,0.452711172875449,0.5426758091458374,0.5078636214482364,0.3433696438916795,0.3741137972360381,0.19563103728641087,0.3814941311198128,0.43427313308363397,-0.3401557763460438,0.429777894201353,0.39525314101365444,0.6802577759848277,0.5537367024023124,0.652807654496928,0.6634680438433775,0.6934030687956164,0.40732880686369805,0.21891410940375666,0.40746425998091057,0.6326190712684896,0.5011216050875156,0.25425926758912437,0.594254799483649,0.07969068745727823,0.4743946851143278,-0.24049285774630075,0.46313365637510295,0.5731177078630457,0.3805258123337934,0.276862896014713
0.2965243978485004,0.5517338749309758,0.9999999999999996,0.3513664610045876,0.4009137962138748,0.7288246458267443,0.5312455059977721,0.48873078593527486,0.6372002271767386,0.36413402134978695,0.24014963921231233,0.375345828830617,0.2507300828483593,0.3589206156487123,0.4136453652596689,0.5320997398789217,0.42968917296352266,0.552904611517525,0.3953180461671132,0.3838898070426179,0.45513414162467347,0.29435693273093144,0.43243831586335413,0.2845698862792654,0.10082272399481515,0.268422854060681,0.4889349699699952,0.24793456679332046,0.4191923329312642,0.3296781465367996,-0.1795710398259079,0.2823668152062985,0.2540087722274945,0.4054927210552797,0.4252056438763567,0.33414676394466286,0.08078444537467692,0.43854029854315585,0.34400239595925125,0.40329759342033744,0.3069280973465933,0.08675419790601345,0.25171663102814607,-0.13737854054219004,0.032477068054296725,0.0744923190541289,0.26519751867765556,0.165976994663004,0.26480479929092365,0.03599724662005188,0.04199858021596898,0.6999425541481301,0.509593729162216,0.33193162801566334,0.6056572215773477,0.8464292123788388,0.5672044449811598,0.6565713883537591,0.16072788189656798,0.14578918727590046,0.44962570484095093,0.3352961982301469,0.46690622850455626,0.5331754103304931,0.31631462670656657,0.38546703623067863,0.5102790441101176,0.423160123632952,0.5740230761917517,0.6121948346558711,0.45527054564812175,0.5966244226120413,0.5592841177828912,0.34049979001436614,0.4315141418460462,0.22276549465828357,0.3886777272558907,0.6383183881108367,-0.2508349906952676,0.16685910022198852,0.39801508709419214,0.3393611150408103,0.4107775629419439,0.5728529860714764,0.5412246035263824,0.42972617143677844,0.0741024915653671,0.10747451539005959,0.4366382056968101,0.5249298437836359,0.16695184819129058,0.10285545324074748,0.3444478698993077,0.17444260120935418,0.4198893695233698,-0.2038446683594185,0.1750313275027736,0.3693466834169744,0.2598846940438435,0.06861236221433428
0.19943249403386587,0.7056797651982623,0.3513664610045876,1.0,0.8294999455271901,0.3431146923514112,0.6891463096971928,0.8373942787622107,0.6031529931398758,0.626035385194569,0.23852502829623437,0.2857882703770452,0.19007200323434667,0.15361456606079626,0.3582114738285041,0.4740643588244118,0.2743745397588336,0.27586783164904644,0.2168231411722359,0.3530801318544965,0.43677710365451217,0.23433937423208195,0.3070870655947151,0.19059277617395542,0.4580538239110904,0.12112984675298318,0.11982394138988411,0.1198471223155489,0.39805600032126287,0.42953050184765473,-0.32362203245759097,0.6194122304361196,0.19580593172479163,0.5183759087825703,0.23477431771371532,0.10315224882332094,0.27017378198069325,0.6664818534091043,0.6752636241127914,0.5580008318407567,0.43008313934799636,-0.08212195823684647,0.16423392628824746,-0.3743887938446958,-0.3129598364676152,0.24140613909750153,0.3780234745225135,0.09709293309385475,0.17404103495387588,0.06346993590879069,-0.21295577151203018,0.6295230916790115,0.5584780728017738,0.8515963067169653,0.5460937801674426,0.40255150553293395,0.7504862361529965,0.771777011287589,0.4177438856668398,0.115483782242462,0.39484301631505786,0.33363217365114717,0.12512461927177795,0.32054886588855336,0.161247261313927,0.2821705146777056,0.5754120299498772,0.19822082408810413,0.46742397451278567,0.5151470095753189,0.29193499859749783,0.37262056052338566,0.3208022244806088,0.21358451545856755,0.3432962903287465,0.21157680327309047,0.30486619798179826,0.32025950311704615,-0.3822856758086114,0.5435061582217706,0.24409913325178667,0.5183702303635582,0.3597697248939019,0.545929174275619,0.5747011035768202,0.5543533064442472,0.26442192100112183,0.1422381437582821,0.014153262161945812,0.3571119952205963,0.6047403966352984,0.4335949636782091,0.5298156539465005,0.03367808722156181,0.3170669437041494,-0.4099113017716687,0.3772116368122782,0.3090741327446058,0.1564273586303656,0.04687222062721473
0.38259527342049016,0.7950845195101363,0.4009137962138748,0.8294999455271901,1.0000000000000002,0.6134072488412007,0.7308049942187889,0.7455979255046368,0.7121744437613328,0.6235363483512388,0.37495822953932956,0.3899843123097729,0.20750456536004203,0.29357626209024984,0.40326804777544123,0.5433847132100482,0.20540736200929283,0.46487285676340734,0.26051153183673337,0.5852484403211438,0.4443627327836268,0.1654176594418353,0.42368069408866005,0.07173875779791283,0.3910167590753269,0.054381767419970445,0.2862214655683513,0.1805611715123084,0.4887184998105398,0.5122878165637865,-0.271778514563001,0.6298325217767514,0.2398249973818679,0.5787671143791825,0.38403571321540875,0.38060028658549194,0.39464046536581293,0.5586835980509526,0.6601236144747423,0.5122843473370632,0.5290733207643459,-0.09778518109564631,0.1799194765100857,-0.19393812373704444,-0.07289537727312834,0.24289927532922978,0.502135714768873,0.329061150693125,0.41297718672821965,0.2616396597939354,0.06112992638342826,0.7042065133267479,0.6710270277228413,0.8008907995266392,0.8090754286397404,0.5215278329417918,0.7723670885731927,0.7622065715422472,0.49081849846759035,0.15988661792422237,0.496298038546978,0.3930739355238063,0.12489672316201886,0.44632677672595333,0.33826573690135636,0.33759327883987283,0.7278763152740158,0.24891367102024126,0.5193163102749448,0.6525685795486493,0.40595835638255956,0.42033929650869073,0.4840248702651847,0.2703604558417159,0.38888072925533035,0.1915156191852596,0.34968248280994135,0.34793607091939643,-0.37057945518749136,0.5284811964464982,0.2687347691295494,0.6660305363488906,0.43023408001005303,0.5441949095379685,0.6291226533708147,0.6350850190577023,0.40043150638598696,0.26878110859926674,0.3312294733740897,0.5053330553077545,0.6208112093020799,0.3632833359827448,0.5711670001982941,0.043936738201332516,0.3714305043731995,-0.22553116110377594,0.48140618512283906,0.5143533501077856,0.3942981963612882,0.24608825950468283
0.49155239578944676,0.5845213318496411,0.7288246458267443,0.3431146923514112,0.6134072488412007,1.0000000000000004,0.5957324577208745,0.42847270278620914,0.7177843741166738,0.49284733284623716,0.394334339452272,0.4216216149758309,0.17842566562716924,0.3095642804741065,0.3090149000219469,0.5115411047168941,0.23011045405574718,0.5872919379754202,0.24864934387838894,0.5679795137640641,0.3355511085500818,0.20285385772530048,0.4268384719714184,0.11271297785415303,0.2581703913129126,0.1273568212665887,0.3943486904366174,0.14927957198718145,0.39740503789349413,0.38313863525895114,-0.11282180432914522,0.43022046822886517,0.3029200575075871,0.44208153634861275,0.4441207988860157,0.6015069349032912,0.3007317222405134,0.37345910814364064,0.41244447688799124,0.39652231599965915,0.49639919581170555,0.05347746127607017,0.24062981226745436,-0.033878931045274736,0.19165444331476847,0.11404126745581733,0.45194953682697003,0.38245031344641967,0.6024917850223453,0.2944993110024948,0.22075393359025405,0.6468810347460958,0.4938383547940746,0.33866976628526424,0.8648422899178815,0.8299869096595466,0.5158456977291186,0.6107509923258017,0.3293412206124402,0.21387583183687112,0.5040180124193182,0.3185925504118047,0.39891474521867565,0.5337892022275256,0.3440969612059833,0.3324273082945325,0.5658422424490572,0.22832916329951497,0.49923841833295396,0.6770931529315318,0.4324701604148335,0.5122335472942962,0.5934452874809434,0.2774830301056405,0.3894080417250226,0.20215734793176582,0.2967161466836439,0.471213526247959,-0.27825241777295023,0.22833331445455798,0.28679229823987307,0.5156125221658884,0.4627001385882035,0.48389647874903047,0.5502178602271762,0.5015714890046331,0.30137406433772773,0.18303001163609559,0.6863230471281851,0.5228711715946185,0.2116440703846404,0.1069111188277998,0.39110838231307254,0.17050982661739708,0.39310658838969503,-0.0625623673407813,0.32379627014901813,0.5789801894837981,0.5584837113153405,0.29823193684591703
0.33140900242246546,0.7115902201267472,0.5312455059977721,0.6891463096971928,0.7308049942187889,0.5957324577208745,1.0000000000000004,0.753193269521329,0.5779094069257541,0.6394184435794488,0.4314267774866617,0.3269848340768476,0.16954832863085095,0.391090560655859,0.5547162795222376,0.634994545997236,0.35857508488493167,0.47762387553736035,0.403021524609967,0.5982877422623729,0.45522534576615614,0.35942107518453276,0.4920593635485303,0.23172023240581946,0.3803552044130505,0.16807441153068428,0.3333511222535581,0.3197862513060824,0.5175823100987634,0.5038507265324721,-0.10326796029586127,0.5816991707286584,0.37124147722518513,0.5732604506136987,0.3514488197948787,0.34801388465950195,0.42840682723271767,0.725453743566096,0.7570183512007644,0.7286366278892346,0.7004287753052434,0.06309946200413181,0.3524263951835112,-0.054982570592322796,-0.010473205309149938,0.4715711725480703,0.527519369398846,0.3936504765008418,0.43136567686616667,0.3977716908233066,0.043900089109029865,0.7418820177129053,0.6212739026002653,0.6126786954214702,0.7388208615226359,0.5721396721322484,0.6792922686905639,0.7190334830108411,0.4066519637643178,0.19263473372758835,0.38931010464495147,0.23044137962505173,0.2134521395204491,0.5171643957521569,0.39539003338002926,0.5101425165144744,0.7662981664091119,0.30718827454408876,0.5192113662506056,0.5932898647477568,0.5033858774323385,0.4847165395237916,0.43177508187765357,0.4271543350763232,0.3837552943005606,0.1828206787220677,0.40854511032488505,0.3853925994189857,-0.2246878900067375,0.44972251812758307,0.2406847112025734,0.5730214634985334,0.4447906260443182,0.4622035843743277,0.4406775652136467,0.47051316224749695,0.36577690847095357,0.21473142039090823,0.4167905196774375,0.5570005174948528,0.47237581134365575,0.39424133483817897,0.6252790063473685,0.13722184790859512,0.4555267549970439,-0.16552684802546824,0.538034019382057,0.4717461100964049,0.41172740786434625,0.37870783879978065
0.12520218884462841,0.5942521360837091,0.48873078593527486,0.8373942787622107,0.7455979255046368,0.42847270278620914,0.753193269521329,0.9999999999999998,0.7228372883741715,0.5416749687875285,0.22814662065931096,0.3375420555243228,0.3097919917185647,0.307992561885905,0.4584283475401026,0.554829379798589,0.3698185133746613,0.5033708153667931,0.3269129422323719,0.3827430212461663,0.44965591785369974,0.20846989530786,0.3534556485745739,0.2645214787121981,0.3640994626872301,0.09817385230428512,0.2117791565212243,0.09099882027125142,0.3914068104022324,0.43508936941308995,-0.24494173592045804,0.5145603280703761,0.26803426762750715,0.5231092862537734,0.33294567916849566,0.20264910630129587,0.1954929422138493,0.6021430845051108,0.5601356423143089,0.5652235073552364,0.40081259404571085,-0.1896877884106384,0.14198687230087512,-0.30323127731934973,-0.17747300906803337,0.11493935749263023,0.2806891911768659,0.12963556334158527,0.14800075244020314,0.045274779661182964,-0.16675676014259427,0.6813483657962954,0.6051029651846791,0.7583617787858518,0.5632677355156481,0.5125684911418653,0.8782076479667403,0.8628430925341132,0.3386514626894471,0.12129929332377046,0.4675749610629011,0.43817747946441876,0.30926570347975896,0.40390415423452175,0.37152513581858215,0.3936235804447236,0.6900019783637205,0.3670972281408129,0.5380269357612018,0.6199475559399567,0.3732627298496787,0.45839769806494235,0.4535063906700035,0.3184094238554986,0.4413439718528012,0.2171310310726167,0.3643184171777392,0.46248007334457086,-0.3122814587618646,0.3736430749119484,0.3078445908464728,0.42067679005017816,0.40136790379659043,0.6191896740443804,0.5602738615182614,0.48771608414567563,0.1865241353194671,0.12683595406102555,0.18346813090136535,0.40408116501565966,0.4614405368591826,0.32685582910040095,0.4431999011267009,-0.029788033948456333,0.3729878295445423,-0.3363604089058962,0.20030129019915288,0.26418036156352703,0.20148703594903355,0.03928465595839663
0.3336681681567638,0.5902008288939926,0.6372002271767386,0.6031529931398758,0.7121744437613328,0.7177843741166738,0.5779094069257541,0.7228372883741715,0.9999999999999998,0.6031854171531064,0.2952896776332903,0.49262280932369856,0.25658070434113167,0.26793167080010166,0.28526961245170074,0.4634286582131506,0.4013275337179166,0.6169390839080129,0.3134182200640741,0.5045441770028593,0.5149296976813738,0.08179588864222352,0.4135797947243384,0.2711963233680315,0.4600065086653433,0.10404187013185262,0.2857881179264558,-0.06953849856488482,0.4373614670321658,0.33702972428702577,-0.33131092316912447,0.4698826614585459,0.2008291770128485,0.45750566450514724,0.32944792075235213,0.3801060696509973,-0.011191762772334893,0.41711810613962513,0.3052303875639061,0.32991846746577286,0.2782426802318901,-0.15912278671752214,0.021576544126473064,-0.42945070193663165,-0.19843895848005538,-0.12736623275942457,0.3117356620306601,0.1757848695286985,0.2982339887639947,-0.0860038530658406,-0.07112005423392029,0.7292425724762602,0.7059260165409192,0.5907026021618015,0.708899156346271,0.787357560937788,0.8572056244235127,0.8598012699693071,0.42915897542397413,0.16134135410273895,0.5613929923174252,0.48420082403724835,0.5028597594835674,0.448158373729102,0.40590114410535155,0.3302158866979648,0.7405811681703498,0.3764599303401109,0.6062248091976777,0.7574483499763803,0.49029219138706476,0.5274385467255325,0.6824713987554849,0.33518076850580675,0.538492202271905,0.3364412758126733,0.35832452545987153,0.5503974231655785,-0.47580497100082453,0.35717642587731535,0.3730382506241063,0.38504242606879496,0.3219853761602018,0.6095936057492977,0.7077711465159287,0.5051748803333188,0.05966488370015743,0.015246406078298108,0.433321348493882,0.5188648869829978,0.4375977983626605,0.29267575590709294,0.3713488356024025,0.00115448465037291,0.3165038516103774,-0.44562999042509494,0.16124009673553566,0.3671181021969284,0.27162646668006724,-0.08820419294655052
0.4032561227381315,0.5685987839965022,0.36413402134978695,0.626035385194569,0.6235363483512388,0.49284733284623716,0.6394184435794488,0.5416749687875285,0.6031854171531064,1.0000000000000002,0.6594777981169906,0.700257128905487,0.29120316723175654,0.28416410220600236,0.39598453263499456,0.4908905172716055,0.5214842637411241,0.28545613581635776,0.3412716623232651,0.4005591302117072,0.5747014110088828,0.35732652762296085,0.2853608419419756,0.5849859363841184,0.7338994571189913,0.34654526414470843,0.2728260170959707,0.17311934570579496,0.536545386559577,0.23789098988747684,-0.12473716326623877,0.6121763214286267,0.24334378447582403,0.3729847373535174,0.15757634246173827,0.0938674321119185,0.09108413469379897,0.6746080183438302,0.5583908995915258,0.6820526762729352,0.3270281917790496,0.15435008813210938,0.20253056900576188,-0.4164714922803791,-0.32896301504656944,0.1419690244464919,0.2983669152921224,-0.018191407454464084,0.12704169086859884,-0.07252732416238064,-0.09353362362519914,0.5794877944274542,0.614933903415178,0.48997129962454294,0.6070456839837972,0.4726057766980283,0.5277201325195509,0.6642104339471468,0.7665955512522407,0.4750985637943839,0.687352208892556,0.4160482143625903,0.2996377724333982,0.5113135210560663,0.2831508251149073,0.48120684547142156,0.6072966942129722,0.30265316536662695,0.6042288489479286,0.4717557076667293,0.4737799724738636,0.5666722480220279,0.44008951981260536,0.5545025035366519,0.7049714852699264,0.5311645399908245,0.5187947869535279,0.423818959096239,-0.24877525611433451,0.5885723804484194,0.5044174901656895,0.30545246996667075,0.31656185461342795,0.46751536375907865,0.5461479502695381,0.40984158346654803,0.11168463239156559,0.16999642081974242,0.2070060318151302,0.5628767218239924,0.5771822569529836,0.6420810053484581,0.7399059135720885,0.2392505608310336,0.43847910143125407,-0.39929942809476204,0.2823920877118886,0.17630882427418648,0.07778115682666607,-0.031908499435668744
0.4657137168564368,0.36743651531557137,0.24014963921231233,0.23852502829623437,0.37495822953932956,0.394334339452272,0.4314267774866617,0.22814662065931096,0.2952896776332903,0.6594777981169906,1.0,0.7335181860791241,0.30343990547178923,0.23496237320196145,0.23772262866940677,0.39811916420839194,0.37012139905103664,0.1823145513156701,0.2204597834776775,0.21744778983629431,0.23537549183523532,0.11243844400525078,-0.023629845299682494,0.4990153662241126,0.7097147249460004,0.6360702305023203,0.08980927927161765,0.18748711445215038,0.22758555284396975,-0.0852560717511021,0.2378607063956268,0.45929286086258553,0.06500986622594512,0.0622177508672428,0.032916492491278405,0.11727359524223306,0.10220570232082275,0.34803619994337537,0.31666282598486095,0.44218438190215753,0.225896724951284,0.5714231248797197,0.27676257221712564,0.008251832533346775,0.010862004069756688,0.017076326729682085,0.09296151697403517,-0.11751312985197042,0.30246574076995686,0.09175676212270532,0.30624182023403335,0.319420954772417,0.38978723137588883,0.14065316454010238,0.44200545508145156,0.33030890620744513,0.19744322675850992,0.32840354824241164,0.7386662922948841,0.8050956292790528,0.6919572917331831,0.38063714279824706,0.116178041731287,0.3260877638768956,0.25482721497977817,0.3079293844542803,0.3817123474823792,0.20434332089583515,0.26432466990087666,0.1918514487408483,0.16864687878877818,0.2568211136776135,0.126291082120634,0.3792423711165825,0.555286690215045,0.7555615963541716,0.32100401572944254,0.13145046719579687,0.07600449787607524,0.41514978198884434,0.3079183706975259,0.11543081142444477,0.1507369560311446,0.11672699956904714,0.07921254585653319,0.030051868819655762,0.09601079861384573,0.04915843481379662,0.29786721321048704,0.28115123326122116,0.19574706471738054,0.47780949938215916,0.47335991190643034,0.5991726272293474,0.3837833458729675,0.020226040687535096,-0.013137114334296263,0.0010320835517066103,0.26801513422722223,0.15607154318540964
0.28870958872353947,0.36321644714163526,0.375345828830617,0.2857882703770452,0.3899843123097729,0.4216216149758309,0.3269848340768476,0.3375420555243228,0.49262280932369856,0.700257128905487,0.7335181860791241,0.9999999999999999,0.48055344917236154,0.4656364215962246,0.45320162195119545,0.28881814082565277,0.5998230664871147,0.2886487603918277,0.4359504419584364,0.2968493756833893,0.5778609451305069,0.14924848679130365,0.12902490810556297,0.7172705944324056,0.5953595848690009,0.6186894210023731,0.3489199764815886,0.24568739432167272,0.44912749333829854,0.019288671058903997,-0.04902109258302971,0.3731871984985296,0.07464487344142631,0.10161996096380341,0.12545892387145768,0.003505475878561299,-0.11793948723512626,0.21863264755938008,0.08502527684785481,0.33809194759484684,-0.02280532221857251,0.21334436986687538,-0.03447746791236658,-0.30579399701964105,-0.2999350522233675,-0.20078768843562664,-0.0011984089019570268,-0.2530664327577621,-0.00918557273083371,-0.25793134075276797,0.02380774086779005,0.45181848974489175,0.5585541938031752,0.21217608361922582,0.46999963558848445,0.41467928203358834,0.40245026352078367,0.5021548725261363,0.7673528705359444,0.6007570218798745,0.8324191882257502,0.6355756511897134,0.31734231615689285,0.5214566024795689,0.48718130795628,0.5217328806003796,0.483708416284432,0.5143947416640696,0.5328913583926002,0.32669975435403853,0.4496993938724234,0.4605472459095707,0.4139108483827146,0.6075292581874244,0.8455071966917607,0.7148636672729504,0.521542670486087,0.4785627479926108,-0.15955935327246265,0.44475761848491385,0.6563060031017491,-0.04506320289785823,0.004408843503875663,0.26802353902290427,0.35650722531999474,0.02864526170429018,-0.08724374701104536,0.18001429065070496,0.19832082659944383,0.45280805749576925,0.36251698529532317,0.5189809369064631,0.5242756883813106,0.22459082129019867,0.2503568313743937,-0.2522738223446934,-0.1691444599282955,-0.1142147291688454,-0.0353617874727727,-0.19272229605037172
-0.030002358871715647,0.13521258737173406,0.2507300828483593,0.19007200323434667,0.20750456536004203,0.17842566562716924,0.16954832863085095,0.3097919917185647,0.25658070434113167,0.29120316723175654,0.30343990547178923,0.48055344917236154,0.9999999999999999,0.4232379033228006,0.4467554485919527,0.1611975445439108,0.5302948206553476,0.16289664439246251,0.32975283310785797,0.06359260098089184,0.3215013947756448,0.018905119383249,0.12666892851246245,0.20920840635472243,0.14102397310769516,0.17081959800231944,0.15861223568630586,0.2710236279421028,0.28762941222853067,0.2076944809937518,-0.13716204201186796,0.17992569478176518,0.12433419047226993,0.24276149032986283,0.23638335060520688,-0.05052324950678158,0.072819584345636,0.33933983666926315,0.14100513701647716,0.19792739711191554,0.06185783593492704,-0.10725496915095302,0.06777633493732153,-0.07457219621058671,-0.06763438697196944,0.05518938214622232,0.05401298523847517,0.023585102816643087,-0.0063879897554873135,-0.03512903246280057,-0.11338420669250873,0.14352303915553336,0.08492258278032146,0.09832380161850479,0.2233126793485012,0.19459928784669003,0.26707458819650093,0.3528109421282482,0.2499863548065499,0.32052523345360473,0.5313752340746498,0.8479714727058352,0.41022104391367625,0.31362437574887986,0.28498426926229853,0.35327157734157466,0.23334427997099463,0.48239662959183727,0.27814294448250976,0.1578965185645397,0.2305379263870346,0.21834682596140126,0.13550424123399615,0.3857576851371433,0.31256212328485133,0.20829348895977,0.3593944544083528,0.3387669790532736,-0.03557440349647635,0.16978133606282664,0.24533961993778614,0.04907336148015816,0.1950323711692181,0.28645144972323255,0.1566044095104186,0.11289148422464602,0.07809685598479817,0.21699878440017334,0.12664228574507122,0.19652117977654673,-0.04276248972172859,0.08471404016174428,0.16421988301722665,0.06714685493373919,0.30430153001601495,-0.05682015602484187,-0.022016365210197914,-0.02066340341739095,0.04594754227837949,0.0259401198772517
-0.06299461361634678,0.316312740339361,0.3589206156487123,0.15361456606079626,0.29357626209024984,0.3095642804741065,0.391090560655859,0.307992561885905,0.26793167080010166,0.28416410220600236,0.23496237320196145,0.4656364215962246,0.4232379033228006,0.9999999999999999,0.773538198810455,0.28235586265765966,0.6862287988579913,0.5556407536053943,0.8341274097958439,0.5446319494144087,0.7020157767888209,0.1958782235898245,0.6186170350579121,0.3729030523189894,-0.05862087245518188,0.23136201013386865,0.582883703484041,0.6449790680154697,0.730026047046797,0.35858811262374224,-0.10978237186864424,0.31192019302667556,0.1871934328319682,0.4531535061574011,0.416086085646842,0.21715271419037385,0.23482950190204369,0.28007420144151807,0.18282899078410184,0.2373236050124616,0.17100319326406527,-0.17228994504023473,0.068935155386313,-0.06786445607957135,-0.072213683614688,0.2094297849508061,0.2831799814343706,0.18587255456882432,0.05431424463094407,0.10284902597397408,-0.08791763140320641,0.38499594667854253,0.42531100099678026,0.14300161045228993,0.4165039608068575,0.2786098973314408,0.4207705357426134,0.37432602927513464,0.19725609064659289,-0.03810188170900675,0.34754293551116955,0.4460050432506848,0.4014261228738311,0.8479475547059766,0.8491598193996666,0.8265986309761981,0.47522446830928383,0.8185877490853832,0.6818665392287885,0.485955925691411,0.7599530127244352,0.5046419172453407,0.593405903108729,0.541673884326348,0.5866239628663061,-0.006491607597565555,0.6968183524317787,0.663544362795236,-0.12463042964241466,0.39485022411416393,0.5751494783907971,0.13636565880522655,0.13034224575395614,0.30817472620418385,0.2957149642100804,0.17605272309589612,0.21575188754305372,0.5557199184133595,0.40322166015960437,0.5255678697546995,0.2888412259342028,0.18979350582732413,0.3569784634451364,-0.1728933494607276,0.27521216560011713,-0.1048558499425842,0.14982343123291042,0.18343763862510368,0.03315904872213541,0.17493639094470964
-0.1573077745429354,0.4467890875479172,0.4136453652596689,0.3582114738285041,0.40326804777544123,0.3090149000219469,0.5547162795222376,0.4584283475401026,0.28526961245170074,0.39598453263499456,0.23772262866940677,0.45320162195119545,0.4467554485919527,0.773538198810455,1.0000000000000002,0.353611337595309,0.5313741478320654,0.42139112530032247,0.5478618673994269,0.45228341378908327,0.686195983187903,0.25713279765879954,0.5003856078005086,0.39888242798630424,-0.019006861420697116,0.21325051470841244,0.5309768743401471,0.6350979028451251,0.6911007272116048,0.46312573595453715,-0.22773037776784386,0.2895498345921466,0.32788914125532403,0.3807908473074471,0.3129400501283295,0.1392374362907811,0.24482792800263736,0.4531951795065645,0.3871560673044131,0.4379588507397462,0.2873273562230447,-0.19362568155702853,0.10569355727471696,-0.14562593469425145,-0.20363114432210527,0.39383447028108226,0.2520639313831408,0.1346960938712088,0.030858646747930863,0.11396430983166532,-0.14753577704438794,0.4854977504766139,0.43519934261791937,0.2832498525140444,0.4549151282184386,0.2995006434350983,0.44721460328990836,0.5334105587832687,0.2347175749100082,-0.04084697680088622,0.36186567753431387,0.4576920219288608,0.36299781942932347,0.6705338887605252,0.650924640147805,0.8974938779035698,0.5225254557458949,0.578734855042814,0.5904942699154228,0.429020062771169,0.7121932516526209,0.5229216069080473,0.38999115530300066,0.6326985766243712,0.5520816437791348,0.016082175270418917,0.7123757573872345,0.6395784829966339,-0.15909060388076263,0.3911884649767087,0.5141297927755751,0.24716735434378279,0.19528943838079957,0.38220935510928733,0.3159613330255202,0.22266801667511196,0.24906062075882626,0.4996218493573867,0.2938532084462787,0.5572194482056921,0.36693078738251733,0.2973106332404751,0.4992231047555105,-0.15998547499741803,0.39284633121798734,-0.22129814870129036,0.29093280769401647,0.13413190536982045,0.022439500821443147,0.15042495271328712
0.2592350392383539,0.6955793143969092,0.5320997398789217,0.4740643588244118,0.5433847132100482,0.5115411047168941,0.634994545997236,0.554829379798589,0.4634286582131506,0.4908905172716055,0.39811916420839194,0.28881814082565277,0.1611975445439108,0.28235586265765966,0.353611337595309,0.9999999999999999,0.3057287492054164,0.5727489308517739,0.35570602725598777,0.4287338811864847,0.35315437454550086,0.4110511999452318,0.3760080690734846,0.26494112475894505,0.19849561701411791,0.21386833423415816,0.315616710486809,0.23277452101021276,0.3957447300002944,0.3737754113321243,-0.009938737704765386,0.39526824551742573,0.41564479874788895,0.571459690229154,0.4953201423300023,0.3426056306161477,0.26473229255096525,0.5690198432884981,0.6551980859258985,0.6170982288454683,0.4291392736682862,0.18156413180722242,0.4860489374381399,-0.0783598104368919,0.09178736288581486,0.2144164986422408,0.4398523273052185,0.12370166143842509,0.2658102119739186,0.1327954035809268,0.19791592410559547,0.6668157098330644,0.5032638280810752,0.3910923040995914,0.561766567797484,0.5108258536038539,0.46318528124022945,0.577863131747241,0.26454255427411166,0.11889034078777345,0.3700079004182824,0.19693683537713058,0.14542751730770923,0.470846852449235,0.2835529782923952,0.35993331650644783,0.4886984811962961,0.2715414744475914,0.5831748920664426,0.6058117392589696,0.35411204943440683,0.6147376550337412,0.43986619645921343,0.29163480856057866,0.4130643289316067,0.20321605334744655,0.33750388353455507,0.39151402995938556,-0.12993341209313203,0.24205301068830673,0.34602065971989543,0.4547295765592832,0.6366532117151775,0.6383778395528342,0.513592384368951,0.6357240768821606,0.2141437409077731,0.21640265570560313,0.36329760471110883,0.5579462674314998,0.21061199437988962,0.09860000174307557,0.4829176575520303,0.1304211848377881,0.6846765555247614,-0.06585149720373505,0.16949764414438795,0.3925702876788185,0.3248794019644248,0.18426287932748114
-0.050373799470381724,0.29260413869867,0.42968917296352266,0.2743745397588336,0.20540736200929283,0.23011045405574718,0.35857508488493167,0.3698185133746613,0.4013275337179166,0.5214842637411241,0.37012139905103664,0.5998230664871147,0.5302948206553476,0.6862287988579913,0.5313741478320654,0.3057287492054164,1.0,0.44704514522621097,0.7962373441162467,0.3007826490212258,0.7028793359782336,0.3847782892868193,0.3978418832966946,0.6670714790816991,0.2860234480288554,0.45116947691753717,0.28658647987067365,0.39059797009445707,0.6540888420765344,0.14137344706697622,-0.242181326328346,0.19553777327506425,0.08794350252029744,0.4343579052089099,0.251792850673992,-0.04743177204940668,-0.07432552816198552,0.4611163032711808,0.18770443074986093,0.3334102865308986,0.03244640978964099,0.005186596492269937,0.06644119517448631,-0.3889738467158715,-0.36575145528142966,-0.057023130342513134,0.050563629194665935,-0.11281019620439858,-0.1477246621412524,-0.2685417395203547,-0.38730408360265783,0.3506464562021799,0.34454822035772614,0.09107893586088371,0.2808508604734563,0.32929314488965433,0.4344925708333679,0.4911538179972344,0.2872524164346,0.20799258545436372,0.5220218984879064,0.5508845067822468,0.5724277373869299,0.6971426423434832,0.5450949564273195,0.6206371441217385,0.37021562991956786,0.7899291228537144,0.6902831540021532,0.45629499382615074,0.6033218406977479,0.5557445211024907,0.5248206856923918,0.565781660359472,0.6557408657915189,0.327261453494072,0.6690202938977854,0.6474758032188026,-0.2949506125798658,0.289008433256334,0.6173318293666078,-0.04621143399940246,0.13934749617046663,0.46590259864225286,0.38677589194889717,0.1874587529154723,-0.07479119084241981,0.2911463270885296,0.15412610372926247,0.507811090578831,0.17670332076132275,0.23497716656073214,0.3042927604047212,-0.0055499669255989455,0.31018366732660946,-0.3935873013441287,-0.05863739564734067,-0.07364893820285624,-0.20468384179415802,-0.21090140595704926
0.17329708488839604,0.5045673887637891,0.552904611517525,0.27586783164904644,0.46487285676340734,0.5872919379754202,0.47762387553736035,0.5033708153667931,0.6169390839080129,0.28545613581635776,0.1823145513156701,0.2886487603918277,0.16289664439246251,0.5556407536053943,0.42139112530032247,0.5727489308517739,0.44704514522621097,1.0,0.5275556811848577,0.6629412262971327,0.4106098818197983,0.35341355413915193,0.7032220523180434,0.26316539595683386,0.05537383058822508,0.05436214916693973,0.45272349539532836,0.18826524336978318,0.5042185103945908,0.5159182592311673,-0.15225698439760124,0.2574506442510703,0.20893043227672506,0.7284190814153004,0.7325315678571636,0.7021836459156748,0.26483532831726525,0.2843570137785708,0.28466670811540135,0.2826290542893712,0.4282976269428846,-0.15355962310170962,0.2788907797429268,-0.19041151064367984,0.14054932913771498,0.007328113270961323,0.4666120945001747,0.40994435528671086,0.3493050775127072,0.13425502382410262,-0.0637702787184887,0.5685202760738763,0.51756583264024,0.28036089822136384,0.5976482649122841,0.5412028979340449,0.5828967221627198,0.5716025894619584,0.12750408687060602,0.005918521337276353,0.28861931575279315,0.2288435559421115,0.40599504521074165,0.5828133927050073,0.5834154270717506,0.48540271975036314,0.5244523677589856,0.5264808232134297,0.6836801819219782,0.8085176048937256,0.5521092202430968,0.5426170659146389,0.7395754988096215,0.2766299833248005,0.43178989402069123,-0.00410552552670334,0.3960941825462718,0.5579172755746372,-0.2518706808337197,0.15007931686431286,0.42453934903658563,0.3751024370508361,0.42516796091604264,0.590939888346936,0.49210624277794546,0.5192633236745196,0.23340767784670635,0.2275037740001867,0.6550542216032618,0.5180057111679891,0.2275288572603033,-0.001566638095602065,0.21186555379403962,-0.10601308172475614,0.35913997945535725,-0.22241995650874194,0.11458503394536523,0.4140907401932253,0.3427636378339616,0.11940966074978626
-0.04364270190268611,0.33060106466022243,0.3953180461671132,0.2168231411722359,0.26051153183673337,0.24864934387838894,0.403021524609967,0.3269129422323719,0.3134182200640741,0.3412716623232651,0.2204597834776775,0.4359504419584364,0.32975283310785797,0.8341274097958439,0.5478618673994269,0.35570602725598777,0.7962373441162467,0.5275556811848577,0.9999999999999998,0.4280929398651112,0.672441079597307,0.2866658349648305,0.5403654517216785,0.4385265347508661,0.03423564040330563,0.3164897152754677,0.46155902361300705,0.5717480382231535,0.6816956139516211,0.24956740058213744,-0.16651156270344558,0.25125819774289093,0.08915277532098423,0.5196601012077714,0.40192147719426596,0.10302196118853357,0.129871890359845,0.32111482287911364,0.14836221971138358,0.22086094527908925,0.0713553800637454,-0.08521378314510389,0.11556760918033064,-0.18805061089649866,-0.19144749486195894,0.05089586875640794,0.21387571493602595,0.07321329191095698,-0.0477175271283734,-0.07858103158926334,-0.27980964125680763,0.38766546154493653,0.42079688026791934,0.16074297464738446,0.34748063208720165,0.28253465312321174,0.4532228534650599,0.4011705962208064,0.16035142817808568,-0.0019695778474623153,0.32040845048971234,0.34619631076817187,0.33634753036037446,0.7938494055300965,0.7046400144750181,0.6272962125811161,0.38659713452727695,0.8689381109309848,0.7125527657248258,0.4539856679582868,0.6659101065747791,0.463141683867153,0.5700638434912741,0.37198944944104834,0.6006692000701734,0.06678870772458219,0.6007702198420743,0.6109126637134307,-0.19442598519840718,0.31506748061584605,0.6048613709596345,0.03123413634908658,0.062458344362205015,0.34083328591206713,0.322807593256386,0.18095995446832905,0.05809390310337695,0.4382001462973369,0.23743674307413873,0.477926428922147,0.21834120331481915,0.10223593276329322,0.25626311715785716,-0.1453817557877539,0.2130375179964133,-0.24780887081100628,0.020685692217302883,0.055437675287072906,-0.0846675309577159,-0.018703504604857667
0.3190915779331745,0.6204972205690076,0.3838898070426179,0.3530801318544965,0.5852484403211438,0.5679795137640641,0.5982877422623729,0.3827430212461663,0.5045441770028593,0.4005591302117072,0.21744778983629431,0.2968493756833893,0.06359260098089184,0.5446319494144087,0.45228341378908327,0.4287338811864847,0.3007826490212258,0.6629412262971327,0.4280929398651112,0.9999999999999997,0.5242164222593493,0.27910020181664147,0.7959464644258262,0.16060279411440886,0.1651519825969679,-0.00397780864168168,0.5634177411896222,0.27610542670293614,0.6474684189184557,0.4691528901673928,-0.24350585936960203,0.4769853403487526,0.2839471051272242,0.6025006743809886,0.5369221418956398,0.5606731692235843,0.40447005165132693,0.40207285179394087,0.4247444335722246,0.39555482888958793,0.6067623760715491,-0.16355251331490367,0.09661814109972622,-0.12546857973648626,-0.0027735629482790267,0.323337793910884,0.633096708511111,0.5837723632633541,0.48317822877311367,0.43074491635453516,0.1449854916760568,0.6130229738969585,0.5967135328058899,0.3966018927001186,0.7170057552772339,0.5056706096710334,0.45518100739680273,0.48161530238695177,0.2757023475413889,-0.043499574767465146,0.21498259559010216,0.16351005850504607,0.22150316857126454,0.6282073660657976,0.5316337370865709,0.5625328857368009,0.6842220006921579,0.3645272556172755,0.5749347785408154,0.7213829600648347,0.7372834938357261,0.4724160793212053,0.6962843512311608,0.42001228678650787,0.35824432228132375,-0.06173231783478555,0.4255013198407969,0.4596108319337488,-0.35842381892599273,0.507743443369856,0.3753652301925602,0.5562335168126621,0.2423965856467933,0.3363702867883176,0.5160948208416436,0.4915629023162842,0.3903919027243458,0.24957418822800947,0.6616265452423337,0.6061402122182978,0.48044919519979484,0.28760220971040357,0.5229942366328946,-0.20749279394447537,0.1779877374420296,-0.19881600251906328,0.5334699013436996,0.7072234071785064,0.4597014154200506,0.40744767314051356
