0,1,2,3,4,5,6,7,8,9,10,11,12,13,14,15,16,17,18,19,20,21,22,23,24,25,26,27,28,29,30,31,32,33,34,35,36,37,38,39,40,41,42,43,44,45,46,47,48,49,50,51,52,53,54,55,56,57,58,59,60,61,62,63,64,65,66,67,68,69,70,71,72,73,74,75,76,77,78,79,80,81,82,83,84,85,86,87,88,89,90,91,92,93,94,95,96,97,98,99
0.9999999999999999,0.34798420395918656,0.5063911729845074,0.32237645497167516,0.18899847495640307,0.23604371687877507,0.5813317990604333,0.43921837100068944,0.4065067783642004,0.2630612143497731,0.04286974434718002,0.02476744830976047,0.1950868332515583,0.22736441543465757,0.316227233187491,0.5867332925214762,0.1767173861031548,0.5179442508885929,0.232144105863919,0.36692625152945796,0.4200522506645788,0.18324866482439864,0.346951158390647,0.13171545029393886,0.07160489110378239,-0.08252866807163735,-0.011643377057475828,-0.09979029379220357,0.35373494860569427,-0.12915830450482538,0.17165427271876796,0.10365154932121057,0.43523396850282026,0.2782661710086399,0.19274235300346104,0.276200728427748,0.25675734211888074,0.24310966875955242,0.30342197756121264,0.323789447109379,0.35729862265002765,0.23582708104965552,0.2966442674239967,0.16157553842836828,0.1953107843848168,0.014378798502127263,0.1587817341678224,0.12347018411395487,0.4180468355459537,0.2983698873699429,0.6138817418648316,0.4849018791910067,0.47219067474243626,0.2792551588551498,0.2900333723795854,0.42686848104374775,0.38500916955677233,0.36488254749741844,0.18276704126096435,0.14779192005041383,0.17210282699156332,0.2586165599681114,0.1108311771579095,0.3513879486528997,0.3237050692302394,0.27602084440222363,0.39028352913605274,0.31961310637909623,0.45883675363389986,0.4360036115375416,0.3210415898366843,0.09309495371117071,0.3286963691253064,-0.036007421414099613,0.32493206194294627,-0.0016628747872713615,0.2371143579231458,-0.054732649010715055,0.06155126835102386,0.08603594158350783,0.13208813895274113,0.2727632206987067,0.23152094775009527,0.13398081416138005,0.004809038519458912,0.03551464468598998,0.29051862946106927,-0.029334612540204693,0.3004220886365466,0.22224272847743923,0.34567050221742196,0.15586505637606224,0.20162623173004662,0.27959367619941256,0.11427298462168323,0.1760538576639659,0.023639327743984303,0.1217404877852716,0.4519127065869166,0.32050095721176
0.34798420395918656,1.0,0.7058984837037122,0.8838749509873229,0.7570300328091099,0.3084247922519328,0.5272770929973605,0.7882037147097929,0.455715446825148,-0.14184326290591243,0.006807415688069466,-0.04019584399901258,0.13587345632562162,0.06477637266172843,0.18311115342820258,0.678974263006784,0.2585288140755066,0.5787038909223021,0.14510886217367397,0.17928009202625747,0.26416922291596107,0.35592698287560726,0.4150023861883542,-0.1370177432025062,-0.008513828066891455,0.05094178990381261,0.18050433138591715,-0.02123580623884883,0.09976354628520284,-0.1081177027913329,0.35231430652153234,0.13362845394021006,0.39621870333815207,0.36803913641485353,0.2867661506685564,0.22832425769184173,0.12170745473278297,-0.03018624634212002,-0.0693304535696502,0.2874825287344738,0.2717091246174509,0.20136490284614614,0.29806115288345,0.30402758155693316,0.41783834811877985,0.026019951843311948,0.23152825621913423,0.25038103147388796,0.21736502414082032,0.31676280541972873,0.3874499069659987,0.9002191404508124,0.5834495173445916,0.8769509590565616,0.6150377160589151,0.36949669844120636,0.675724641469193,0.4597332897565588,0.019060548613921844,0.18727135407157536,0.08025451389178444,0.16389276683969772,0.06573845616172938,0.33020933523094304,0.3648585016983839,0.20138930953342238,0.2904178379967793,0.22417318222784144,0.4317533330562294,0.46001730678839425,0.28010814704290105,0.10279537879747672,0.1955091752705608,-0.04536448646633459,0.15848908876210402,-0.11087209393428751,-0.044492790736799945,-0.013777643783113127,0.3263227196053181,0.027771694402696816,-0.06563287553203107,0.19797832594466552,0.3895564773645765,0.20947726547381268,0.011677370476460003,0.07198032032578391,0.0917753847789817,-0.04899419221179099,0.16705225493047124,0.09736287811539297,0.17109628546483235,-0.10095022565597754,-0.12544437582989204,0.26151058997163434,0.09525026250461523,0.2606734988551562,0.21084439380094364,0.007797702217736758,0.17998050678282473,0.2749207771407514
0.5063911729845074,0.7058984837037122,1.0000000000000002,0.5420175795160963,0.5876284650941483,0.7121715622599301,0.6463667179088165,0.8754669608487278,0.7783646092569028,-0.055336693854272506,0.012931223960218324,-0.004328684666071604,0.22235147688108794,0.18144954076014488,0.3768600927052518,0.5683918092520303,0.171025140475665,0.7263859366718902,0.18094089852408762,0.464974991066372,0.4008433696441623,0.278027654413283,0.487197178613738,-0.25589587106608597,-0.06475336925445169,0.13824412938953354,0.1882980172240734,0.2193440704065621,0.3191648301207023,0.014323761061487663,0.29731170464982126,-0.08100871370545144,0.30908837918997184,0.24211811589637833,0.25608127703586747,0.5285098748332584,0.33323313633429974,-0.08823082661103232,-0.11986168741642979,0.02325850822886099,0.2869786649239144,0.247255114183527,0.22384501518408662,0.4000236651118413,0.34524175678580926,-0.01094190673027519,0.15521493787070798,0.3056778368797449,0.5846916113690175,0.3050370311227946,0.42335690660439107,0.8149686718863508,0.4658361338854833,0.5523120022325081,0.804119346806728,0.7283003011954945,0.7594309644688412,0.7639769106745481,0.10237283946273082,0.22175299549310176,0.19288562911876153,0.2628191211926223,0.3244735041018377,0.4242907440191453,0.4947131400851184,0.3969240158563435,0.288598170108954,0.29640933636981426,0.4879095275352432,0.6315800957726313,0.48418365101209665,0.06252514553940454,0.49584739109203674,-0.3446468461640461,0.24937471339620954,0.10082705413987766,0.33616664728436396,0.1684470420267246,0.19551267856217286,-0.16256686203138676,-0.1403776103157253,0.1400243078429773,0.2668549454279118,0.1724583070693801,0.0012775316804950947,0.10335973493241546,0.3680459083423939,0.1505037821293385,0.4071024430516766,-0.0751977643812388,0.05507800831026646,-0.14603053826731133,-0.2382170170710889,0.19654447059853325,-0.14006068465268107,0.2520071030696709,0.08854977718501109,0.04345774118455475,0.4849995050204288,0.24090866737443692
0.32237645497167516,0.8838749509873229,0.5420175795160963,0.9999999999999997,0.7478788519134619,0.2701053137792742,0.5431092639829818,0.6433440537472692,0.4570120213531876,0.105830363905966,0.24125474167061378,0.19268656336887333,0.2802457001971116,0.24790650778978318,0.28392773087669243,0.6438428589280656,0.2654150629619874,0.40506738348996274,0.1918175685180109,0.20168465824794757,0.24218760815739968,0.2130668520974527,0.33324256938312924,-0.056053478280881225,0.22031576429928307,0.10599504140549477,0.10948188626004748,-0.0032409384031056713,0.21734919934032224,-0.02660352934545479,0.3859017231786744,0.35204553016650186,0.5059302733182544,0.25245695320815476,0.14720111087005214,0.10920686754069014,-0.035531718209094204,0.17250136976946107,0.11227482368296847,0.43789536322689127,0.22681918885066538,0.23335979230329706,0.26790942474541046,0.2594095621532089,0.35996038032753375,0.014669193743095289,0.22986787341588133,0.19719059449161289,0.16015032926340836,0.30827244510015245,0.47972752087878606,0.766580240414811,0.664553045030422,0.9373807746439327,0.527257659271677,0.38633687979877707,0.5400078623392647,0.42267083647941817,0.26610900263985104,0.3508748956221076,0.2484108604232471,0.33255906501543425,0.11092174732891051,0.3410790272623114,0.33507981741209636,0.2707250226261834,0.4334633477814675,0.1876295706661469,0.2806439525106708,0.33258008274712353,0.3270995928750326,0.10740213933033477,0.11610977784277404,0.1878266286593029,0.24410666052969116,-0.00556916977632358,0.054901548125099,0.1305414638201571,0.38908371790212426,0.24583496830892526,-0.0603903867946243,0.10758889891700237,0.26120822951558326,0.07004455143667303,-0.03136907154047676,-0.060563659514881796,-0.049466213013075945,-0.011080537373341087,0.12528918951225626,0.12302492685022903,0.3649072120714794,0.13309325438900707,0.11388015071426476,0.35438960112228374,0.2404995863234807,0.24323233156441987,0.21363545056285616,0.06130942378604072,0.19212692079996455,0.30462658839307694
0.18899847495640307,0.7570300328091099,0.5876284650941483,0.7478788519134619,0.9999999999999998,0.5971503986423207,0.3490653405302244,0.6079379493148187,0.6018704284996778,-0.13566661080306813,0.12998025347024197,-0.004755266087080515,0.13507025655369728,0.14167063548175507,0.14545518960272807,0.43663513513988256,0.097683613019355,0.3778490931706149,0.043265207662376806,0.19396253216031614,0.17222427159572526,0.1164790009291997,0.3080700822543846,-0.33361704043395607,0.057746278709698416,0.010001173758139682,0.11160041764941404,0.07037141760198644,0.10528595325244293,-0.025814996822911492,0.39019315783603886,0.1003734113634695,0.3802277221316702,0.15324864872921018,0.12645265505597103,0.29308168521520506,0.0878411506431814,-0.07109551576863601,-0.1890818969288685,0.03825183601316848,-0.010420532193590144,0.16637644347536268,0.15320270574980074,0.2464373462680017,0.3178274047184738,-0.08660546744727425,0.134840067483673,0.16541142417401888,0.28752103331257,0.14888371458057328,0.1879102212652158,0.6581231855302225,0.4028344910270839,0.8361917624254207,0.7682111831639106,0.5115809251004605,0.44277211884977025,0.5629311234440944,0.1050606391173164,0.137301692375847,0.08140319501277032,0.2346158379050269,0.11116888975110156,0.1929491916281085,0.25119310850570353,0.15528238584673035,0.34053306315342785,0.04958343932216981,0.17966945094702494,0.3604900699213166,0.25560082609990686,0.009564486091213537,0.23011621222805978,-0.04173217926598598,0.02067626873301163,-0.09334630183790561,0.03775704500624527,0.1702001288079689,0.4250353717237001,-0.04574322571349141,-0.18371010553285574,0.21010547588027148,0.3341690526215828,0.12919581394926202,0.0659731751528642,0.06692018216057283,0.17464320512026485,0.07437715225652146,0.24275830301386905,0.05888541874372476,0.14093073193673344,-0.15368074286411668,-0.20699734726328378,0.2893159100689427,0.108228528061813,0.19729470043864972,0.1539071517046883,0.06680005543053368,0.3583593427148133,0.20493963520306271
0.23604371687877507,0.3084247922519328,0.7121715622599301,0.2701053137792742,0.5971503986423207,0.9999999999999998,0.42237780717407336,0.5216504234057415,0.8368588835508979,0.10962991563753063,0.2859243947563249,0.16662236128665844,0.16114691025897956,0.31754957675538215,0.38138231785145627,0.20549472800153162,-0.08709410035544753,0.3579330849720799,0.0058026063453543355,0.44426921139416853,0.2710342145484736,-0.013744639452423048,0.3539888484963692,-0.3248719462741748,0.11097617452485635,0.25399720012615545,0.1988827684546075,0.4573616179384903,0.38380766336057054,0.21902549848990607,0.21693519694570987,-0.027674727101806743,0.2555599113717065,-0.03677287800552205,0.17053771442121873,0.5555530865387629,0.34495119239643424,0.0025670561687928008,-0.172872327739229,-0.14813931701098174,0.09700540459615437,0.31230669749541434,0.11717670663457921,0.40153962831488305,0.23031515186058032,-0.028344932361963768,0.13319367941298224,0.2318925722066974,0.6091592871050887,0.19013880298139443,0.25539179493261094,0.4506320385266198,0.26338216852385543,0.36349036508648563,0.8621461986668387,0.8475847861035092,0.38714663309424674,0.8028975549707954,0.3488361776553916,0.26624771146992504,0.26323548247111433,0.28266262889663873,0.4403017065505177,0.23058697156940924,0.36177161764552107,0.3588491760731706,0.3234374434096227,0.02613656799521465,0.11476333548135415,0.41463801669749006,0.40937578025966576,0.05237693963096486,0.48625202603293083,-0.2331169383522935,0.17575142481465866,0.28980502824603505,0.4788670634457853,0.4692071508008448,0.17693013064926993,-0.09567500705354628,-0.24667083830987963,0.10966157392506479,0.17624214289950874,0.14573404103834106,0.06941256701430697,0.12200665091011834,0.4788106075712183,0.4125764864890597,0.49150915816303226,-0.04786873870060867,0.11586941538028663,-0.03389662083084204,-0.20763248074534718,0.280866519676792,0.014047151072634538,0.28591440460688045,0.10126759381091656,0.0978531876745903,0.585441530894209,0.20740154801837615
0.5813317990604333,0.5272770929973605,0.6463667179088165,0.5431092639829818,0.3490653405302244,0.42237780717407336,0.9999999999999998,0.6499677401203974,0.6170324453101214,0.2885797757941612,0.21775767429900916,0.11592845940379527,0.2024806013641107,0.29347889576679953,0.42087630663363274,0.666300901507175,0.2627182190314322,0.5916105979427929,0.28809941545675954,0.5318684710463875,0.40295218563838453,0.20115733679904077,0.45522705262207874,0.1209717798129,0.1633985428470203,0.11295300271485734,0.19672840581540024,0.16876065574235993,0.46427411496063015,-0.06166534776637843,0.35984517719920994,0.30344312843699717,0.43007836438325614,0.21614035664065387,0.27468960599237485,0.33288451881386416,0.15125877030675494,0.2581219518930925,0.17887329205897926,0.535666125483523,0.432121959947453,0.31494240841591625,0.34711666755885195,0.35539952312891315,0.41649243463520286,0.1781098869300861,0.24310708416043736,0.34265711802712867,0.44479560657411843,0.4572904326121639,0.5844443797092417,0.6502999559374559,0.7487602495383311,0.47049250311890445,0.4987401469072864,0.5106629112636136,0.5618107175346119,0.6013773508393108,0.3495364537959456,0.3842700104499015,0.29850482400483724,0.3072566088751951,0.31471891137976726,0.4827738895808367,0.48163014292963086,0.398222025334189,0.6661441074979197,0.38211957677524927,0.4421765068997947,0.48998226242343323,0.5477103133731035,0.26729395677098067,0.4948109463676392,0.20590943727541786,0.4966205796424226,0.16743903553388298,0.34909662594707974,0.1764605267147946,0.24179701294392683,0.2673794379343684,0.06627442813040257,0.15054645958318183,0.17766845260753225,0.14398113505511664,-0.0016140467448217935,-0.02359842682399725,0.20885513894815308,0.061022819572678834,0.4259959762492001,0.1965452680259725,0.37204245853649126,0.18034336393231784,0.20328142797498452,0.31662464042185695,0.15128699674716192,0.2753910394651226,0.21791652383915947,0.1993328220862502,0.37413285443418426,0.44681735550968665
0.43921837100068944,0.7882037147097929,0.8754669608487278,0.6433440537472692,0.6079379493148187,0.5216504234057415,0.6499677401203974,0.9999999999999999,0.7383053133609067,-0.10071329019529057,-0.018646635653355777,-0.04917950602027851,0.2799890573749465,0.18390286416894686,0.3724070033673641,0.5989214901655701,0.28339549891615995,0.7804664876294961,0.266051740714179,0.40247642755424595,0.49568878100868197,0.2614505551276683,0.4714828096657178,-0.2791735849088671,-0.027412527277432187,0.05749137183949147,0.0771392466024229,0.05401299628767916,0.2746501399567335,-0.07799873834682516,0.24216967782632393,0.02330283614293179,0.2481681293294281,0.21005420288152676,0.17921849269375084,0.43287585527916145,0.2587385396465488,-0.008438884450435702,-0.09038775772751821,0.062113846108817365,0.23858968115098905,0.1989651455254816,0.20819716712727962,0.4055281966368975,0.3252871627436778,0.048266164472662354,0.07129798224857074,0.2707892331621621,0.481029574678486,0.36723772009378525,0.316609221839647,0.8435602395836114,0.4802632963238766,0.6446161128948726,0.7386963067562122,0.5623141681257856,0.9050974618992436,0.7343139110915912,0.028646800093823328,0.19240695732083393,0.18376012345222556,0.3422936670995533,0.21355801739777402,0.5043384757986316,0.5881972182839642,0.42361396397372464,0.29691206217149513,0.4094928410088967,0.5151374886835998,0.6383303970801061,0.5296167513396719,-0.009328617385263221,0.4371109713774606,-0.3002889252571671,0.29845653849627984,-0.007975256105213324,0.2560685819334088,0.03741861048283505,0.21594908493624707,-0.07212168456647661,-0.2446171100125695,0.052278151143586894,0.2691777743417509,0.06750848751837046,-0.14115075597143897,-0.06514167995855792,0.25077098778233237,-0.007543029576743142,0.3384589336722171,-0.08683462631859724,0.057124109116974506,-0.08193836421124073,-0.1865643666681596,0.21091090048460212,-0.12203941676566994,0.2751221002804861,0.12148386677656053,-0.029713601017473765,0.3812575828530448,0.32276605629148497
0.4065067783642004,0.455715446825148,0.7783646092569028,0.4570120213531876,0.6018704284996778,0.8368588835508979,0.6170324453101214,0.7383053133609067,1.0000000000000004,0.22427323474228594,0.2502913408310757,0.13941977290487215,0.29663602405113465,0.3760784097863071,0.484384133062743,0.3042939888367445,0.030054910591077,0.5030886607280207,0.1735521155958754,0.5730382722740097,0.47543741176267384,-0.038381437798885615,0.43317905137861273,-0.3190031316231236,0.09097833205909509,0.10700998532002759,0.09325138600155206,0.29594764466777196,0.4934324771086862,0.1020997026774416,0.16195654625294928,0.030093450692546837,0.34824356926107014,0.01571378364800257,0.03313755750644062,0.576920069908957,0.2730983120702171,0.14879202480673123,0.0007579799186454296,0.0027826449077831827,0.2057785718394592,0.2340810071746461,0.10919258754470607,0.39168877087626663,0.21810687154848613,0.011954969226701771,0.1104665792056229,0.2712804764262039,0.719952736753061,0.2768136848836842,0.3813710064390588,0.5755268484841977,0.4206533697406591,0.4785073489333948,0.8298477384259572,0.8424567491569417,0.5425308740680281,0.9461199992575315,0.31461147073088136,0.2600347160824398,0.3004895338658854,0.41182662162399014,0.32358288778189065,0.3536471111184152,0.516492876501927,0.4868194649392583,0.44554840333047363,0.14170288860485078,0.219043831651827,0.5290653435292161,0.6017628690986622,-0.0463288837294058,0.5197724149592715,-0.1750759570038605,0.2387319380541052,0.15159056548905986,0.5266717412238243,0.3544822559836745,0.14430087692942237,-0.07154822901126366,-0.2913812610304508,0.1265451876750954,0.10789329345525812,-0.020546474324505425,-0.028964293115604625,-0.04388333005738144,0.3874733062723991,0.25412998271979226,0.5194291300361386,-0.06146773524018052,0.18934208137269568,0.08102769828375035,-0.04240551796188549,0.22741105838246692,-0.05587864200307751,0.2451415258090047,0.10977449129794178,0.17872686981746727,0.6804442837869512,0.3136503501321649
0.2630612143497731,-0.14184326290591243,-0.055336693854272506,0.105830363905966,-0.13566661080306813,0.10962991563753063,0.2885797757941612,-0.10071329019529057,0.22427323474228594,0.9999999999999994,0.6963448594831069,0.6457696609037425,0.38604825261916575,0.5624536900582002,0.4908601423252212,0.06558219992486868,0.08543157973166958,-0.13576707388709866,0.1475450455932437,0.21039947168993042,0.1958338021082858,-0.16003229314944287,0.20995015998643854,0.3669005352567769,0.582996899961524,0.3265310841260216,0.0638177696227366,0.3837167518377239,0.5531880724088093,0.4199566344431776,0.045651391319524795,0.4625268406147991,0.3439361684508805,-0.05724747007659389,-0.041521469743223204,0.09529840852813197,0.1051933072716825,0.7188569534592673,0.772184349490035,0.5829141818833837,0.3413219251557246,0.50918498359389,0.37601325124624785,0.21042569482820447,0.045253195185666235,0.2305932448959607,0.3067771161199995,0.21174380450084476,0.27253386840372895,0.2618535224527571,0.4898941937381297,-0.0007462202055843869,0.3147233109425493,0.036869405166478686,-0.034999066039624604,0.27207965684969504,-0.14259974518962917,0.1865220956678553,0.7892301948112086,0.48007993619011236,0.5855553281593625,0.416748076025862,0.1982593491348917,0.11237203143801858,0.16017474166522097,0.4050630933546476,0.4175584785779641,-0.03277192905706806,-0.157420810536616,-0.04492203591171573,0.29586655119286814,0.23392254254759842,0.1284944892283396,0.5863908208111479,0.40362801793545683,0.4769079466741943,0.43904239011977486,0.4425355041124039,0.02851978739465284,0.4606230640675095,-0.012234666777927342,0.08893452280944146,-0.0544698936319415,-0.025906158508808314,0.10892381665561195,-0.029003289500246606,0.15761488022222575,0.40562661617156504,0.2677310424627597,0.2252522047879658,0.6651736371408347,0.7458749716685654,0.8197818894559806,0.45680247999748774,0.5496264825915645,0.2530330909859862,0.2295736209067003,0.43280933790500453,0.31150702256779694,0.38449694516491134
0.04286974434718002,0.006807415688069466,0.012931223960218324,0.24125474167061378,0.12998025347024197,0.2859243947563249,0.21775767429900916,-0.018646635653355777,0.2502913408310757,0.6963448594831069,1.0000000000000002,0.8093994780956514,0.236571141052752,0.6289221453433715,0.5996648529325492,0.07780274265747028,0.00823716234654298,-0.26874186507621384,-0.06253906568836712,0.11406835562537118,0.09845633792990469,-0.22656990453793074,0.09012668000840993,0.1433438669935214,0.696813117795168,0.4399319263837301,0.17370943170264497,0.54209723904817,0.5478588463754186,0.5424552892534823,0.22526374922061193,0.3905791101798821,0.17225008985003448,-0.2927116995894624,-0.006758332408767877,0.010444400322614364,0.06090073779518952,0.31402458254809534,0.23418965928687419,0.3097832483369851,-0.042253543560956806,0.461825105955033,0.1355914677164788,0.30686361743160356,0.2110601524771247,0.08299191071040622,0.1431850782767331,0.09478436963891086,0.23059196833543058,0.11049609481658867,0.33892812201889067,0.06459459961722325,0.21760566092770564,0.2128230886289858,0.14473137993024365,0.3728148401800173,-0.06688204405078749,0.22497323085911047,0.8449908812451888,0.755921284338388,0.5918218858982732,0.325654887125543,0.4823849658808088,0.10643297931021578,0.20395207719759814,0.4746947882742682,0.3089252408356735,-0.1889091516173454,-0.37212931302387636,-0.2537160652815588,0.21023120542428128,0.22035899046180707,0.04664779768048303,0.44056588061222257,0.5345876958629668,0.6266882737804542,0.5130179512326448,0.6736634454088509,0.2249870226857996,0.38184109208776046,-0.0803734566231779,-0.10609453691295939,0.02240255642998982,-0.07136438821238927,0.16559124295494834,-0.04737321423587083,0.1815240136562569,0.5002288659202717,0.2031351485158722,0.062176196228587124,0.4034619419910084,0.421283509832807,0.3689076768573882,0.437341467433536,0.5056096528206923,0.33857828543495516,0.2650778501578094,0.2530322091132163,0.283022760796105,0.3129046682661955
0.02476744830976047,-0.04019584399901258,-0.004328684666071604,0.19268656336887333,-0.004755266087080515,0.16662236128665844,0.11592845940379527,-0.04917950602027851,0.13941977290487215,0.6457696609037425,0.8093994780956514,1.0,0.4270601202990391,0.6154399561380586,0.5750972577507858,0.004278699733372662,0.2705920756828072,-0.23634797418682646,0.1816429785956397,0.14631687158558973,0.2815117769612185,-0.18215799959924167,0.054910851081280534,0.20259384725176455,0.7166720643648162,0.6838819115421793,0.13451440267662615,0.5132313745850864,0.5225994343375433,0.607823860858169,0.09688822874546703,0.2479404251884292,0.10977213643953915,-0.2859673659221281,-0.11366647053303794,0.04856268593816665,0.08014188664020938,0.28162821318230025,0.2812732930802738,0.28015631532476226,0.08640299659302869,0.49001298974837204,0.17310803501882968,0.3738818921492798,0.10926969485454106,0.07280895237650592,0.15001128348444143,0.10455397286479906,0.14874207366000716,0.23768961569117875,0.3086608494420569,0.05589325984011806,0.21331404558995815,0.15017523891967072,0.07499283899059145,0.2872472880596093,-0.036269909056430176,0.15128748122868022,0.7573230662674033,0.7047700292509603,0.7121557661564124,0.3983737867638096,0.344348961023568,0.2340925170121476,0.21270101713993833,0.4524245527092663,0.26440524225392664,0.01713606939208686,-0.29867442078276973,-0.28109391099006664,0.24895933815201965,0.1640029036474986,0.03740048257516152,0.35956583682740306,0.5903581832903467,0.7265941148300551,0.4863709207906575,0.6438599108110642,0.12142655193203608,0.3298302152867144,-0.10439380702542758,-0.18947700214559177,0.00525615628801261,-0.1301374592416509,0.1895738322757613,-0.08495096282165635,0.12019210623299188,0.543903447622055,0.23357469005074552,0.1133115469696909,0.4144644917482075,0.5201842610660475,0.42261493388882937,0.417728515821123,0.44326776540019913,0.4126016809466999,0.251670839445605,0.28160571038309024,0.18540319723620188,0.35752575659972663
0.1950868332515583,0.13587345632562162,0.22235147688108794,0.2802457001971116,0.13507025655369728,0.16114691025897956,0.2024806013641107,0.2799890573749465,0.29663602405113465,0.38604825261916575,0.236571141052752,0.4270601202990391,1.0000000000000004,0.5936185377113626,0.4121254469440918,0.21051358530717237,0.5206328064741547,0.25386527566325146,0.46897790646843296,0.16702908561351879,0.3896633224221597,0.11244596188689719,0.27917908884769216,0.07658792752404446,0.25884993922071153,0.21239260268986038,-0.006363828821927948,0.08377671502914441,0.28998206647277835,0.3644874536348481,0.19266545214860997,0.2598324923631043,0.28875740192583393,0.0557909841430535,-0.08748510935440283,0.09368684132186629,0.1052978019886361,0.4120999562657689,0.4164372973559844,0.20794773821397594,0.2461547473929572,0.2557790139140762,0.23801687763765855,0.21495413131419303,0.0761697294074691,0.17986148153177803,0.16674044868976565,0.24293567520161322,0.16710945855322398,0.36498750023165727,0.35080706707423526,0.22565185560915574,0.23300752458714546,0.2623147944250835,0.15920754420485442,0.1915097073097879,0.29807830841421085,0.24477999744133125,0.3649537235854588,0.25499594725860114,0.576447773495837,0.8899594866249586,0.2125761932513729,0.4153491740993776,0.2826511187191637,0.4393104016384974,0.24291207969416195,0.4079595546438498,0.2046311534497687,0.18614516059947245,0.30579678288276946,0.08880866694298056,0.17354273104113288,0.11580272330042453,0.26168373051916066,0.16469574683359625,0.27310336837723487,0.27117239442326896,0.22018678010000894,0.3724617924838732,-0.07938426486524892,-0.016038513164418535,0.0718924210866507,0.00994809520738365,0.04056023107773958,0.016873710995469856,0.09840205263446396,0.1898631040104241,0.10956517727156947,0.12492154600043931,0.4547529651184734,0.5083831096383955,0.37049756477548346,0.31534804483420914,0.16107689854744048,0.22811417250211558,0.2100645726479899,0.2178375276919247,0.22604371020740135,0.3745014838033266
0.22736441543465757,0.06477637266172843,0.18144954076014488,0.24790650778978318,0.14167063548175507,0.31754957675538215,0.29347889576679953,0.18390286416894686,0.3760784097863071,0.5624536900582002,0.6289221453433715,0.6154399561380586,0.5936185377113626,1.0,0.7480521395896146,0.1073887670742908,0.34749619607514287,0.09333960912509452,0.4338629421480366,0.2109480563361427,0.487165459353195,-0.062451031858569275,0.4003512323601647,0.036373423174250255,0.4268085989776372,0.31720124430443036,0.08759921092119849,0.35790516483181595,0.5830356918987899,0.5434125318268002,0.24556662203345803,0.282273789142996,0.17609159393536236,-0.16630717182631843,-0.04269649354221886,0.1869686258391582,0.289426428913921,0.44870306258020864,0.3339672888316664,0.25323868209241845,0.24164687219601366,0.46334384485183727,0.2822999529316392,0.43723901495157447,0.2535118919011072,0.3081074991434416,0.27717018236668184,0.37058017413565275,0.4194644779829814,0.4166715387798642,0.46681127713127224,0.27520330595930925,0.2906475636337232,0.2715240374141131,0.2534349452528703,0.4129706690298499,0.191520040948541,0.31385640691483857,0.6328262848968739,0.5840653891893409,0.642915605519329,0.6492192757426649,0.5052444113638309,0.5557119160883622,0.4867846189664164,0.7027336815012379,0.4234667586912944,0.25880171408891117,-0.05675503636195947,-0.0056456297519781404,0.35191043417049006,0.07239964818746848,0.32446570554167914,0.2412125003308952,0.5033304979272462,0.42659603985293076,0.5201264116968968,0.5769383350995821,0.3036517591861559,0.38975913140970986,-0.18551272891887932,-0.02595437008522535,0.15964295181922214,-0.11687923765995217,0.10118511844253028,-0.006581432018310383,0.35615640603543247,0.3841795906275734,0.3512097491640475,0.1463236715629709,0.4886480575156922,0.575841124223613,0.39420096177943087,0.39985344395740946,0.36385544291216076,0.43296512866535625,0.3998539068592012,0.4284357924934278,0.4602229295190626,0.5773628669997151
0.316227233187491,0.18311115342820258,0.3768600927052518,0.28392773087669243,0.14545518960272807,0.38138231785145627,0.42087630663363274,0.3724070033673641,0.484384133062743,0.4908601423252212,0.5996648529325492,0.5750972577507858,0.4121254469440918,0.7480521395896146,1.0000000000000002,0.20830397342977966,0.1484736113561683,0.2225474517593324,0.19869020432765658,0.40402127903910134,0.48329853469259776,-0.12245533574017357,0.3638926836582302,-0.03706082131112855,0.3643899504210431,0.3507008508703558,0.09509550033697628,0.4941534484893881,0.7730407451476716,0.43475366179206065,0.24571682229065708,0.08519775067374546,0.21075313144551286,-0.257510067689187,0.03663882639304733,0.34259312237917694,0.3183641909700506,0.3095954906233054,0.22819388538488747,0.19253744912889353,0.21356868099201487,0.49047455619012914,0.3033272434203114,0.562041803156835,0.3040939140281678,0.27003249151223946,0.2693253038046751,0.30667577355451087,0.46366856468233414,0.4153746261218351,0.4768982578795442,0.38698627669903146,0.31434052335386353,0.25113797928751685,0.339752459578827,0.5360085265244662,0.31533781216818024,0.4515860843890344,0.6677541807549342,0.6569133038744099,0.6380626767338606,0.5277044092053133,0.6147618891787157,0.5967348517548413,0.6976387930275845,0.9292214327495807,0.36152742267541693,0.15732257660542684,-0.004898064738384894,0.18116940049229827,0.6195534628725958,0.11835539614626832,0.49063835025208824,0.08218314976995231,0.6649744014104502,0.5387111331370685,0.7674380033231832,0.639176390408434,0.22579910451907564,0.18083859408251754,-0.13905439746894313,-0.11702201471828333,0.12053205811723237,-0.13886006922267363,0.021194940364376563,-0.06591569546087069,0.2915087433262443,0.4142943736286853,0.4304581017321152,0.05386971407776642,0.3466555177203941,0.33764462253164157,0.2435106884031523,0.5029561304548764,0.3271931204146552,0.5183243491224446,0.3648632975901841,0.2680021764429853,0.43510167286588214,0.540562382986854
0.5867332925214762,0.678974263006784,0.5683918092520303,0.6438428589280656,0.43663513513988256,0.20549472800153162,0.666300901507175,0.5989214901655701,0.3042939888367445,0.06558219992486868,0.07780274265747028,0.004278699733372662,0.21051358530717237,0.1073887670742908,0.20830397342977966,1.0000000000000002,0.3245901902522807,0.6147081982006875,0.1535129201083379,0.047615662603670734,0.1703049600610699,0.47546359793151727,0.40550309554494773,0.06233571584630713,0.1356978392352313,0.005917182243292915,0.2678122986730369,-0.019390866306709668,0.08683601588671484,-0.08604662413739982,0.44662482122517694,0.31951749597311935,0.521414215647472,0.39797757149505286,0.4591029565239157,0.1331949981579239,0.08099189931150796,0.13487236687358192,0.19982955651982365,0.497643011331358,0.21847953243437793,0.3174117089966476,0.4096159270539851,0.268772687140904,0.46983135955320354,0.15083197344904203,0.23154337007316755,0.23419330693774998,0.11690852213709105,0.2837443238017138,0.5118773584699378,0.6910706856981108,0.7391502065282382,0.5852779127339433,0.3533118406890538,0.28364179323260513,0.6208741553472621,0.2773387363138798,0.15550040434757695,0.2361173566661664,0.14492851503238013,0.2678896473863313,0.2001315047784444,0.4242378701430769,0.30267621095706054,0.23323816513446138,0.404553950571827,0.35113354924611206,0.5652948487267079,0.47906971301078144,0.17653969168784692,0.24980672728543166,0.27472350839551096,0.0779590801385898,0.3583929060593396,-0.07431137306256484,0.0111706694513083,-0.02170000119610769,0.3190871629717495,0.25561651995816165,0.041813742559381056,0.17902206418067215,0.41998107955844116,0.35295238646510363,0.09820299000654346,0.10229812325110592,0.03972392577027884,-0.03414609046214893,0.0809791743062793,0.06737961399969006,0.3947420191785688,0.0648284736357308,0.09333610838349023,0.3790428913351874,0.18671366580243934,0.28303049103630856,0.2035688934799934,0.054925084299886434,0.08037052037313554,0.2537155003670212
0.1767173861031548,0.2585288140755066,0.171025140475665,0.2654150629619874,0.097683613019355,-0.08709410035544753,0.2627182190314322,0.28339549891615995,0.030054910591077,0.08543157973166958,0.00823716234654298,0.2705920756828072,0.5206328064741547,0.34749619607514287,0.1484736113561683,0.3245901902522807,0.9999999999999998,0.45897895933891997,0.8411420935824789,-0.0005826603468721778,0.4810757342432651,0.3848112251178773,0.17437699956234642,0.37429845718877025,0.18935733205831853,0.22608938540744683,-0.001833926209465818,-0.1552222537147428,0.041864927003744355,0.09697668279679118,0.22700638265587675,0.21626847261717058,0.09539816417041101,0.3524035153024253,0.09193441990060469,-0.045214916771765375,0.03548783082371861,0.10894339565542839,0.2284765423790377,0.23545542382470747,0.2796057922296879,0.16720372995917607,0.3185768230804527,0.1761255959299501,0.23268835902585852,0.137010770665495,0.08314241087994839,0.15329493901217256,-0.007960685534360532,0.41358073883331,0.10283339102643459,0.3319980043825414,0.251420054811363,0.2673832008843043,0.050823260854535465,-0.060202371351718326,0.35246290180704154,-0.001159582952682038,0.023874898485799486,0.26838069353766725,0.3846771132111772,0.4307438112978266,0.03907573317301455,0.5318284515728608,0.3457394221179435,0.19456313393828137,0.17656314142315854,0.7491280760965116,0.4809058148824135,0.20269699164524477,0.18712369424903808,0.1605510093664882,0.08248308656983107,0.059672341221759344,0.3877056496647894,0.14476246839909543,-0.09580220544929186,-0.08840899905529093,0.1805020016198828,0.24006706628660654,0.04848849536953063,0.10678342341479771,0.32499833337862183,0.07975354839677007,0.04006930809967828,0.00876263314026768,0.005739266680662974,-0.11246870747583204,0.045334099521405574,0.1544513891161096,0.24461203080446875,0.2694255342255282,0.23736468273001796,0.14303527567639301,0.07288384457101475,0.2232920400852222,0.11616005075327086,0.072903516943202,-0.0383695956358816,0.36693106348065885
0.5179442508885929,0.5787038909223021,0.7263859366718902,0.40506738348996274,0.3778490931706149,0.3579330849720799,0.5916105979427929,0.7804664876294961,0.5030886607280207,-0.13576707388709866,-0.26874186507621384,-0.23634797418682646,0.25386527566325146,0.09333960912509452,0.2225474517593324,0.6147081982006875,0.45897895933891997,1.0000000000000002,0.45486279091894205,0.3165116370158479,0.47002397835774734,0.5342252013171194,0.5089276691310143,-0.037225271358175244,-0.19755450030925903,-0.017780460551007803,0.10644924802775352,-0.08438386599011491,0.10326194998814381,-0.19079550722274147,0.20395651956985297,0.0022323813542673657,0.29927134119372456,0.5432272793761522,0.3638183935842826,0.3544631110013127,0.1925554237061405,0.0014595389164213449,0.06746878423321565,0.09835218863764211,0.342823346714265,0.12840746423557758,0.3672040571240187,0.18750003688788297,0.30351249954081944,0.05218042913599204,0.11928746560193405,0.20682420162809032,0.32137313292740627,0.2930207835381651,0.2864422112144006,0.6839028232805829,0.3965501037325914,0.3823364935367451,0.49466053314985486,0.3632141776601367,0.7310928090118487,0.4665167642554648,-0.15285343146300495,-0.002848391029377633,0.03710924939842699,0.26772277094779107,0.18457068844489788,0.5792235202155942,0.5623377421539297,0.3048395681535514,0.15825293977249857,0.6170617605906709,0.8284652539507966,0.8056635717406974,0.40244251255564834,0.11798846840914667,0.4829928367861507,-0.321590979924086,0.20284314935073938,-0.08935393790013671,0.07624242099149005,-0.12631992558311478,0.1088446607771015,-0.062471467762672185,-0.03173347539337813,0.24926772389883312,0.35848146305790535,0.2768409806466482,-0.13411239884194623,0.09698658743094148,0.1781420607073994,-0.12876060575968648,0.16613698345822744,-0.060839678404157896,0.06442585811479469,-0.05454204136010149,-0.07687066136495199,0.1194981893759124,-0.17589374164483365,0.1014947630722782,-0.014687994766190026,-0.117526308306576,0.19577492512094222,0.16725068739579507
0.232144105863919,0.14510886217367397,0.18094089852408762,0.1918175685180109,0.043265207662376806,0.0058026063453543355,0.28809941545675954,0.266051740714179,0.1735521155958754,0.1475450455932437,-0.06253906568836712,0.1816429785956397,0.46897790646843296,0.4338629421480366,0.19869020432765658,0.1535129201083379,0.8411420935824789,0.45486279091894205,1.0000000000000004,0.1938424268649039,0.6484863199099309,0.1650466030703314,0.1858367414220125,0.2946831994852546,0.08378413182831142,0.1408073362910017,-0.17292736786929702,-0.16319501949544446,0.16903199589542223,0.0773341115965286,0.18347149579848793,0.169673994345331,0.11591712838281447,0.25160863509433207,-0.11736884940817272,0.03565154299631994,0.06473202066535481,0.2542357262713673,0.2991189461161238,0.1742731399503482,0.35337137663829604,0.13913939474098252,0.25908506796845865,0.19319155186905584,0.1421482418332573,0.09713093593293995,0.023899953779938244,0.11801390708441606,0.15967425030785382,0.4452090994804385,0.15926417046680935,0.24567040258998313,0.2351401025898869,0.18696176541471793,0.08474359530494198,0.02908137952090005,0.3241023270992625,0.1042135877129851,0.008366147937226029,0.19858812508363327,0.343319558332931,0.43832833600394666,0.008695761020172109,0.6171775005372837,0.4750344681177069,0.2749443205518315,0.26784846579581,0.8289514791838134,0.47620088280413636,0.25519416531295547,0.3486216277795616,-0.022220359882190142,0.19310427736640043,0.01870686047559601,0.3233774148786568,0.13846332424603436,0.07662606182077533,-0.048743332711049546,0.16015639888011207,0.21774521455417645,-0.06666538597600434,0.054588917528485464,0.2056120452221508,-0.12088599192178472,-0.09860190142179188,-0.1281243513201355,0.04134901285927464,-0.12156572347188088,0.13069136817247823,0.1295648491951898,0.22002502177794908,0.37201108870423893,0.2971131158915757,0.08884974215459758,0.010892410844331497,0.16174408615423835,0.025812105996190382,0.10472519760617306,0.17720329258519604,0.37939541867172905
0.36692625152945796,0.17928009202625747,0.464974991066372,0.20168465824794757,0.19396253216031614,0.44426921139416853,0.5318684710463875,0.40247642755424595,0.5730382722740097,0.21039947168993042,0.11406835562537118,0.14631687158558973,0.16702908561351879,0.2109480563361427,0.40402127903910134,0.047615662603670734,-0.0005826603468721778,0.3165116370158479,0.1938424268649039,0.9999999999999999,0.559287622356403,-0.2777394117360586,0.2801167466356009,0.0018503422766048437,0.08313505727653872,0.06739023116888936,-0.055948877951492546,0.18852768773403814,0.6752927547095344,-0.05667984040187619,0.09512727680642367,-0.013312416472064787,0.18482623901504464,-0.09482023650509228,-0.18520481583000814,0.4980501385041048,0.28156022837566996,0.19340286468957263,0.05598184509648164,0.04230975912873009,0.30625799738813575,0.1760892501167589,0.026367652195409142,0.21946229533264427,0.022675276645352523,-0.05483892184556478,0.06355302897257116,0.2289312371732335,0.5052121259918115,0.41127660073449224,0.33002317101726936,0.3228271126940784,0.2089723006512147,0.17632512942074013,0.46665596248856955,0.5316202918885194,0.2766116835275336,0.5794276002889212,0.24546875872107277,0.22132488584368207,0.24445677475990146,0.22888863263219694,0.1342160273445396,0.23197439777840034,0.4672443719178039,0.34522847101228016,0.3943297590911667,0.1969867425711913,0.16750938949001537,0.4297387132981567,0.8242556800272524,-0.08146541985518027,0.4418610392960838,0.008992956708558326,0.33346604188564066,0.2663981991779408,0.5634245053542816,0.2233199559566131,0.033077926596470006,0.0328373165027841,0.01126614560705341,0.012398296187943556,-0.13876699879556276,-0.1721683558659514,-0.0773877186111444,-0.16724144301088367,0.2877654162662227,0.0952813041654221,0.6015110914866569,0.20931188798926192,0.08627926852197763,0.09687365833805027,0.08409058296127993,0.1827724432475748,0.027639891050231666,0.07872515985049536,0.03642262123162255,0.23820413901356535,0.4741325322528512,0.3755357168849974
0.4200522506645788,0.26416922291596107,0.4008433696441623,0.24218760815739968,0.17222427159572526,0.2710342145484736,0.40295218563838453,0.49568878100868197,0.47543741176267384,0.1958338021082858,0.09845633792990469,0.2815117769612185,0.3896633224221597,0.487165459353195,0.48329853469259776,0.1703049600610699,0.4810757342432651,0.47002397835774734,0.6484863199099309,0.559287622356403,0.9999999999999999,-0.13010145792981612,0.2698049360433573,0.03496009039401981,0.1484088750496908,0.171146290055151,-0.25220863004736577,0.015927310241945526,0.5379354078952095,0.027219507732462716,-0.0015913834313173194,-0.05128456999262259,0.20211311419487368,-0.06781783764694538,-0.24897730536801427,0.2212066265997685,0.30908235378225873,0.27412957497338375,0.15499491320322736,0.03255387479506231,0.3222443266237665,0.29122047328182254,0.19674809880889269,0.39333576197646236,0.08760514112294052,0.08600837444455614,-0.0506185081961823,0.12844446401419085,0.4489150004951244,0.5040498416645817,0.3665552332128463,0.4464197236297144,0.2538606942579459,0.26711750673828777,0.3773609494565953,0.3987672689484536,0.4770604799598414,0.43814682441144825,0.14161159838145512,0.18287006631698027,0.3032110738776186,0.3833375570328821,0.0026203397536726887,0.5355938241668778,0.6491012244423415,0.4591481852857578,0.2868517955065793,0.5592957668363036,0.32005317194733923,0.2882620525510443,0.6408963647913031,-0.18757969706055103,0.34201865814806043,-0.12093909802220008,0.40107614362669686,0.23267177792156493,0.44020846639127814,0.11225004579569829,0.04330064631829782,0.058765104344840134,-0.19251030628844004,-0.10143149253925907,0.15956993077287812,-0.23924599087128964,-0.12466492788843608,-0.29468026866883984,0.2954421244949226,0.07013824388264317,0.37545271960358406,0.17742806842266237,0.22941116953027763,0.2681182789739358,0.1435666626727108,0.2419438191926746,0.08878011332023071,0.3171076752172295,0.1275863580011327,0.17294748188269168,0.460445581667396,0.5028869337226565
0.18324866482439864,0.35592698287560726,0.278027654413283,0.2130668520974527,0.1164790009291997,-0.013744639452423048,0.20115733679904077,0.2614505551276683,-0.038381437798885615,-0.16003229314944287,-0.22656990453793074,-0.18215799959924167,0.11244596188689719,-0.062451031858569275,-0.12245533574017357,0.47546359793151727,0.3848112251178773,0.5342252013171194,0.1650466030703314,-0.2777394117360586,-0.13010145792981612,1.0000000000000004,0.3885349161798207,0.2756022526049105,-0.1459350164690969,0.21463827963126023,0.4688251501593215,-0.0008245967075791121,-0.3404339273059366,-0.005443913926729068,0.1740303337277356,0.11333181793171831,0.11077654506803905,0.8110851656772343,0.7866064276786287,-0.0782536923557784,-0.14877234238201778,-0.20487774399604028,0.057684201644808565,0.21265406704116763,0.13659381123678668,0.015055087037150892,0.3854955138804936,-0.20909181853315015,0.27650221984267215,-0.057303136239402426,0.34101206136644974,0.09349307783790492,-0.22808085771495426,-0.14939265314692593,0.05717899730220197,0.3545711977889027,0.2371086930663131,0.17085939943175793,0.07438217491924673,-0.06842790286669596,0.21047397142156263,-0.06941366798774495,-0.19426767217089877,-0.07562989537519646,-0.09521106957082154,0.0241762750649236,0.15405557660374147,0.226798904534157,-0.045504273108928434,-0.10572818473100375,-0.0816754483088885,0.26525650438565335,0.6050396513669236,0.38523778706964273,-0.32647895354075046,0.5502292699603077,0.09257935245109579,-0.07787754702028388,-0.058885831940056504,-0.06534079220848539,-0.34800916864476106,-0.10709103472757767,0.03656302648835528,0.010765731474540168,0.29264050311693157,0.46057790463954895,0.45926562491495726,0.723257091341231,0.2536057448945269,0.5484610838933754,-0.05138786790734538,-0.009865382498412973,-0.2970306246826386,-0.11781875945831237,0.026518409706856583,-0.11351218847173698,-0.09900676587082767,-0.08681610291007083,-0.028100402836083612,-0.1315073609574472,-0.18186622006283842,-0.10963129092388559,-0.28831873114474393,-0.22594836291970033
0.346951158390647,0.4150023861883542,0.487197178613738,0.33324256938312924,0.3080700822543846,0.3539888484963692,0.45522705262207874,0.4714828096657178,0.43317905137861273,0.20995015998643854,0.09012668000840993,0.054910851081280534,0.27917908884769216,0.4003512323601647,0.3638926836582302,0.40550309554494773,0.17437699956234642,0.5089276691310143,0.1858367414220125,0.2801167466356009,0.2698049360433573,0.3885349161798207,1.0000000000000004,-0.0016663006965313054,0.05481206476587639,0.1621431235132205,0.3669696997968806,0.3750574089054016,0.3503353636437013,0.35663165626611604,0.13131006454598232,0.0816644530681764,0.2724887462371854,0.4016238577082014,0.3934245853775322,0.43174783940698547,0.395204163052489,0.2610354021749544,0.20260079552378862,0.2943437384702067,0.4455968940084501,0.4169258482458282,0.4317492297314732,0.2634490065757634,0.24355644289662423,0.26670082228471187,0.5243593343042786,0.5410790593636741,0.37780316377810563,0.2927382387249384,0.4047982060715974,0.5551850280698835,0.3634835986349705,0.339503738929068,0.45693767474609687,0.3862996421326787,0.3607851245289196,0.4229742886823447,0.16844277746519937,0.15289519947541627,0.20405817166513224,0.26981174869905533,0.22852832431616107,0.35261026676874485,0.34142887762783275,0.36524808091806205,0.20371844897491626,0.23143046406151216,0.3378142057365772,0.4680707494329624,0.22160149553677674,0.24620947830993636,0.6117783934910991,0.010953091703311046,0.17733715755092755,0.11243753964698201,0.2542981767191766,0.38861804276183143,0.12324269337891701,0.061357740681092045,-0.053414746978731185,0.30113088887020933,0.2638251352113512,0.3018817814742011,0.24553561623966752,0.33612013140321056,0.40789007039538056,0.34277706779372025,0.3169152051764489,0.12683559455467763,0.29403552192603377,0.1756576541161975,0.08442031225670146,0.2966950564340904,0.2313537239502634,0.21070622675185732,0.23953181724115397,0.40646146867474586,0.32128999488962057,0.3156505070325423
0.13171545029393886,-0.1370177432025062,-0.25589587106608597,-0.056053478280881225,-0.33361704043395607,-0.3248719462741748,0.1209717798129,-0.2791735849088671,-0.3190031316231236,0.3669005352567769,0.1433438669935214,0.20259384725176455,0.07658792752404446,0.036373423174250255,-0.03706082131112855,0.06233571584630713,0.37429845718877025,-0.037225271358175244,0.2946831994852546,0.0018503422766048437,0.03496009039401981,0.2756022526049105,-0.0016663006965313054,1.0,0.30974118714924664,0.25908702486283147,0.010369132148644203,0.035222912362368845,0.11775748776691594,0.06856064662956562,0.10831579177012388,0.34123157332335785,0.0841845796745484,0.31387479772867977,0.19443247005662684,-0.4151642147682493,-0.21690611157848536,0.248332620626512,0.40932779738112524,0.47559498369819536,0.1982970637725571,0.19760223591721782,0.2939981529984436,-0.23074619386762002,-0.03238942018067963,-0.05367247610939591,0.18743190294420795,-0.19102747768898867,-0.3952730543216673,0.05089681098058926,0.08520378349585986,-0.16451678663684766,0.051698386691129056,-0.16642017462857028,-0.34354311939132304,-0.27552904561239766,-0.27204474288580394,-0.3555828851994745,0.2074978442207817,0.1353703241162847,0.08923582479622645,-0.030870968606703637,-0.06553177977861765,-0.0867396014727037,-0.18793944529592374,-0.14200396674264804,0.008959920188316936,0.2725914192340718,0.19431931995105406,-0.09615079042980332,-0.08301892463355388,0.5581113692910527,-0.12288993138218185,0.4370311758817182,0.27391103120239857,0.32370657186354135,0.009945919887097471,-0.018294827027063115,-0.0535179781605769,0.3874429502435989,0.6426257855469811,0.13902143982982013,0.013002803052935314,0.21821103251492996,0.08227075425277633,0.09241445598842742,-0.2247159096885792,-0.061150537068740414,-0.2628851870721979,0.33841331901500477,0.27104567103568117,0.26368714173038194,0.42697715213094484,0.14798100813155682,0.4173113426193498,-0.14080913032608675,-0.1905450004602731,-0.00015934383259298313,-0.32276392736251536,0.020688789311690554
0.07160489110378239,-0.008513828066891455,-0.06475336925445169,0.22031576429928307,0.057746278709698416,0.11097617452485635,0.1633985428470203,-0.027412527277432187,0.09097833205909509,0.582996899961524,0.696813117795168,0.7166720643648162,0.25884993922071153,0.4268085989776372,0.3643899504210431,0.1356978392352313,0.18935733205831853,-0.19755450030925903,0.08378413182831142,0.08313505727653872,0.1484088750496908,-0.1459350164690969,0.05481206476587639,0.30974118714924664,1.0,0.4986615064003852,0.04406714588575078,0.3788459183431532,0.3815807148423298,0.3172252449955993,0.2398213523908726,0.553270496758629,0.2532523821335504,-0.2273605812547415,-0.03562342532856251,-0.1336412036774997,-0.06517062286490982,0.4514359793214339,0.3209138060663341,0.3662893246966655,-0.008437901201587104,0.6123904392263825,0.22712403470333373,0.26215479819238136,0.1525741600000561,0.06580880438239356,0.080330700291014,0.0009468431702611969,0.004142419810282945,0.11067619220556422,0.26473450458513337,0.05293872270000376,0.244039450566432,0.22139146957347358,0.042941430916256816,0.15635383757579213,-0.013866422164869467,0.04524243212220247,0.6465729291665344,0.4880878917790582,0.5131709510621407,0.31078703948897235,0.15750025989856525,0.0373052542378695,0.0761888559456663,0.21215488813130648,0.26725086184383146,0.023330939669484265,-0.26312381092103776,-0.20736429841890341,0.13627239134662314,0.20260454223361216,0.035631171043107764,0.37705245139841237,0.4633337877835503,0.6188205110872129,0.3166549343152913,0.36278961012213823,0.20735262750935607,0.4663587494943568,-0.02565979303010306,-0.20820429401833537,0.07526102422166286,-0.03410292679352953,0.033068053281903154,-0.15643472800963595,-0.06194436916121737,0.2950889715597634,0.07598284153048802,0.10397958571320202,0.4431879880772546,0.5374302782679965,0.3643052807894831,0.556282001234276,0.5706940560588065,0.3096152069061076,0.15267704449014122,0.19681685004612687,0.13068719683151245,0.23784646779997717
-0.08252866807163735,0.05094178990381261,0.13824412938953354,0.10599504140549477,0.010001173758139682,0.25399720012615545,0.11295300271485734,0.05749137183949147,0.10700998532002759,0.3265310841260216,0.4399319263837301,0.6838819115421793,0.21239260268986038,0.31720124430443036,0.3507008508703558,0.005917182243292915,0.22608938540744683,-0.017780460551007803,0.1408073362910017,0.06739023116888936,0.171146290055151,0.21463827963126023,0.1621431235132205,0.25908702486283147,0.4986615064003852,0.9999999999999999,0.33307034500099253,0.6328334580491476,0.26259460512466687,0.5331017487375471,0.019536082519026377,0.08816776525589758,-0.06257347691264817,-0.018841996590255043,0.2659982103991188,0.026141145331609727,-0.028977621701350296,0.03823303765483844,0.08361906732037055,0.12432562021938799,0.0771361849473932,0.5087266456603804,0.3096729675718207,0.34062696267842385,0.13722904457090246,-0.01980495757645506,0.13561706351904737,-0.03062820315129598,-0.051080676548497364,0.06151395033398872,0.12652275071054264,0.1418191581825814,0.12607934448123645,0.0842903304086407,0.16810266608218377,0.21389121551694992,0.04783396474927134,0.12157333261161156,0.46308943989802126,0.4325403933513439,0.4891632916637921,0.13934506767639035,0.2870943664014555,0.20011257459193543,0.08537500260887763,0.2426573930819757,0.03159776681234498,0.14003578112668832,-0.031238875260204035,-0.05047397979432596,0.07886154959112723,0.4444400011329856,0.1727102075597585,0.08933485390781186,0.41746399832658787,0.792920933889179,0.31623666770504405,0.569603848719637,-0.03708805695350663,0.10767796009577021,-0.002808919940416946,-0.13643497604663754,0.15486384218989185,0.21650450817368985,0.23742627225697993,0.1067474961758689,0.04587657307326646,0.6174784942050264,0.029375597856966883,-0.10498921287013828,0.1570124216926356,0.3192396177194223,0.1440364026365252,0.31492605560547055,0.29233590468226356,0.3336984886456705,0.0046818783235509365,0.06709625271803799,-0.061754289653860914,0.0412387687550632
-0.011643377057475828,0.18050433138591715,0.1882980172240734,0.10948188626004748,0.11160041764941404,0.1988827684546075,0.19672840581540024,0.0771392466024229,0.09325138600155206,0.0638177696227366,0.17370943170264497,0.13451440267662615,-0.006363828821927948,0.08759921092119849,0.09509550033697628,0.2678122986730369,-0.001833926209465818,0.10644924802775352,-0.17292736786929702,-0.055948877951492546,-0.25220863004736577,0.4688251501593215,0.3669696997968806,0.010369132148644203,0.04406714588575078,0.33307034500099253,0.9999999999999999,0.48631951049680705,-0.056054027909770314,0.3093767322947515,0.15490722314708386,0.055690101101975434,0.05097170764079616,0.31536807540719347,0.6515643292760066,0.31028467309035634,0.10353966994412822,-0.18389261247387717,-0.04882988494395985,0.20511187642319212,0.18176201922675106,0.26952233700681183,0.3189089333870216,0.211383929041107,0.5089192509166098,0.35838018448026854,0.5115428872521858,0.4254777880972777,0.08990514541515159,0.08087526730967078,0.1880116904881548,0.17794667310330212,0.2763271855256628,0.06743504277795556,0.15407771157010297,0.14707921723509138,-0.04590570976170003,0.14257885693416686,0.09871490769361389,0.10960543602856432,0.06386531967339838,-0.03811108993634027,0.3268970323645521,0.09685474790215355,0.006678942554091569,0.051413337847913534,0.12298924544200927,-0.16328213817297188,0.10303389991211014,0.10344628155010292,-0.14373927303229092,0.3320834060080218,0.19929792631813723,0.11910505786119974,0.043102937959688316,0.1512489207071445,-0.03699710573886078,0.3185111438762524,0.03497404382233047,0.003828966823507758,0.083265976029624,0.42536952451103455,0.3823896939672777,0.6392179309659183,0.6993505712037141,0.5987103931064366,0.19336572238315375,0.5133340533833036,0.16620451513967457,0.03268793006761949,0.10784130789414498,-0.08142423655850696,-0.0003609801609086553,0.12562629265369696,0.15523187584127826,0.2902885490007015,0.38421291232472593,0.2855564185791756,-0.05015865590379,0.048624347716833584
-0.09979029379220357,-0.02123580623884883,0.2193440704065621,-0.0032409384031056713,0.07037141760198644,0.4573616179384903,0.16876065574235993,0.05401299628767916,0.29594764466777196,0.3837167518377239,0.54209723904817,0.5132313745850864,0.08377671502914441,0.35790516483181595,0.4941534484893881,-0.019390866306709668,-0.1552222537147428,-0.08438386599011491,-0.16319501949544446,0.18852768773403814,0.015927310241945526,-0.0008245967075791121,0.3750574089054016,0.035222912362368845,0.3788459183431532,0.6328334580491476,0.48631951049680705,1.0000000000000004,0.48822129054913777,0.6831523355607968,0.0544778057155263,-0.08375621387048336,0.09607623834335621,-0.14025665765181955,0.30060330747878095,0.2723396200965916,0.3208250025844659,0.03841955229212966,0.017634960442881265,0.07760520520892032,0.12357439865035132,0.5702324527744469,0.28042564779150647,0.4298482186223138,0.10185693653251844,0.18942868340674618,0.36619916177858897,0.29680021284412256,0.22839342669367577,0.0611632361849158,0.17028459108610505,0.10792553287978159,0.12727251859385705,-0.021395718319109736,0.2933178695092971,0.4316792392208226,-0.04610008489722687,0.2973099308592136,0.5730896609953896,0.3884243028552737,0.3253112724030492,0.05769641098444727,0.5348892970989203,0.14334115145054585,0.20138711149195943,0.39207996152516494,0.08956085148813939,-0.1448154498000113,-0.17856437338830874,-0.027861247020877448,0.16271007285018121,0.2995080242706808,0.3921626304876975,0.16027758195743638,0.3199898070804201,0.6551919895354692,0.5722245360070419,0.8035381330565724,-0.04090261441486666,-0.08102448930818436,-0.03787103390835138,-0.01665782370111754,0.03658005321024854,0.1531345590374506,0.3650292078636173,0.23813519492737995,0.36498891879657464,0.8224681877542271,0.2585320901177306,0.004823779072302256,0.12062681211047896,0.12882414206772838,0.05723749120521653,0.40820783387414744,0.3258848108999953,0.3716892392603087,0.21761230218178768,0.3385555748017212,0.18411420022286334,0.11259958435695708
0.35373494860569427,0.09976354628520284,0.3191648301207023,0.21734919934032224,0.10528595325244293,0.38380766336057054,0.46427411496063015,0.2746501399567335,0.4934324771086862,0.5531880724088093,0.5478588463754186,0.5225994343375433,0.28998206647277835,0.5830356918987899,0.7730407451476716,0.08683601588671484,0.041864927003744355,0.10326194998814381,0.16903199589542223,0.6752927547095344,0.5379354078952095,-0.3404339273059366,0.3503353636437013,0.11775748776691594,0.3815807148423298,0.26259460512466687,-0.056054027909770314,0.48822129054913777,1.0000000000000004,0.36764115836786004,0.1016622071912634,0.02977230126752533,0.2593839956998921,-0.28309696761645425,-0.1388197184476631,0.3763232040634985,0.4581782325050773,0.34237264988425364,0.2425925876950672,0.21163776598240025,0.294017090762045,0.4382467435221056,0.12799295083893014,0.4347413432132797,0.023724734377418687,0.10888732700927924,0.1884062957301142,0.30255188175543973,0.5503086255759162,0.42204305875962816,0.4387574449043201,0.29442913297320816,0.25119503783127883,0.1856724486861285,0.3305731524666454,0.5462214952995527,0.18691890399141514,0.4439075607422474,0.6623964077756541,0.5477907855777318,0.5228000739528916,0.3801654215317432,0.42332420408159505,0.3812943782221882,0.5607488892230791,0.6797842090713861,0.4384395243599648,0.09450294998631933,-0.11390796526243559,0.0826382652554178,0.6930742066542137,0.07723615920135221,0.4466248112638112,0.2208694935664428,0.5932098208512552,0.5327382782854847,0.8400986478664663,0.5975383325045002,0.09818717237161213,0.17382102161729435,-0.042562922264824415,-0.141066223568232,-0.12385789449373469,-0.27310514346440645,-0.04669000469883068,-0.21044932149864762,0.4239974620112615,0.39006402402107593,0.5560454475190372,0.2506317949327986,0.3190637098658415,0.34616343819093487,0.31062782468946687,0.44904845635378643,0.3826295449969349,0.3504353228422285,0.23318732437306086,0.38511723665301745,0.5669688696201324,0.5584053980451437
-0.12915830450482538,-0.1081177027913329,0.014323761061487663,-0.02660352934545479,-0.025814996822911492,0.21902549848990607,-0.06166534776637843,-0.07799873834682516,0.1020997026774416,0.4199566344431776,0.5424552892534823,0.607823860858169,0.3644874536348481,0.5434125318268002,0.43475366179206065,-0.08604662413739982,0.09697668279679118,-0.19079550722274147,0.0773341115965286,-0.05667984040187619,0.027219507732462716,-0.005443913926729068,0.35663165626611604,0.06856064662956562,0.3172252449955993,0.5331017487375471,0.3093767322947515,0.6831523355607968,0.36764115836786004,1.0000000000000002,-0.0019319803337798191,-0.007403788574832254,-0.027963865524188627,-0.1019705576026997,0.08507728645681004,0.1848546656970619,0.3093529747881326,0.11301018984979982,0.1854633021481132,0.06917611832229564,0.10247009501675394,0.3877125538171792,0.091490121441174,0.35420485478027613,-0.029115625640227415,0.1569305304437514,0.26335663101151524,0.35433317510516654,0.1337908411985972,0.12157632721214849,0.11018211424964472,-0.024021011338441114,0.026151342674595485,-0.04919054978205917,0.08848945312848992,0.15741467419274435,-0.06999959903954976,0.06350155720393853,0.5349224560559802,0.5105495749056965,0.5408260043423563,0.28902284396390326,0.43188602548650373,0.20421614905601737,0.10545103656597618,0.4138377990125478,0.06559524175534256,-0.06794205782192848,-0.29015224179724664,-0.1605982521990113,-0.017972716760934947,0.15798454859144057,0.2503388569760957,0.16929949132369676,0.2958638845692447,0.5135711040084692,0.42511390897300877,0.7648186600527227,-0.003914152196525035,0.0947270304288352,-0.1913944032119673,-0.04467009707784331,-0.038161452103684865,0.03564134625538515,0.32996066420590325,0.19191367521781913,0.36204593432958265,0.6883572362239107,0.19088968411023807,-0.04494475509305002,0.16989239365077238,0.29090833933496607,0.18247074021616855,0.20782136093308842,0.24693146189863013,0.3603524440035289,0.21882051973661218,0.4261545652369765,0.11391125620073123,0.23434225761323893
0.17165427271876796,0.35231430652153234,0.29731170464982126,0.3859017231786744,0.39019315783603886,0.21693519694570987,0.35984517719920994,0.24216967782632393,0.16195654625294928,0.045651391319524795,0.22526374922061193,0.09688822874546703,0.19266545214860997,0.24556662203345803,0.24571682229065708,0.44662482122517694,0.22700638265587675,0.20395651956985297,0.18347149579848793,0.09512727680642367,-0.0015913834313173194,0.1740303337277356,0.13131006454598232,0.10831579177012388,0.2398213523908726,0.019536082519026377,0.15490722314708386,0.0544778057155263,0.1016622071912634,-0.0019319803337798191,1.0,0.40731365149710375,0.38428692881566245,0.07250864641317815,0.20734508259825568,0.10484418533384453,-0.047244212487278274,0.15500007851051878,0.04431529305243459,0.2905533245862991,-0.030073201615530665,0.4009366209541109,0.251547545929607,0.3091885241554234,0.7031238711109715,0.03816332487027375,0.08751975582353701,0.11551574550441071,0.036101242917731806,0.22878262751010858,0.28289072005813753,0.32560495825572006,0.4013492550142131,0.39179640211208405,0.2628815771345607,0.16759596025319604,0.2613128033771831,0.12373114762964449,0.2414049738471101,0.28018320978582284,0.2091006734186551,0.32110540104254354,0.2748810233696373,0.22845406300739365,0.150849142411675,0.23370983673626877,0.3585605557071173,0.25144479248256346,0.16651388687405666,0.14596801204730442,0.18857787732651468,0.24638072941703026,0.09781632673532226,0.20520558455662952,0.2868427719463504,0.1116608861692959,0.09285186982142471,0.13661988121683266,0.878555612742803,0.4292110540383701,0.0005933969875725144,0.017599877424320322,0.44169454053690405,0.22439593940686664,0.11026801200895088,0.05166286659006663,-0.040147719129931266,-0.02280724649200357,0.14781222176940895,0.037581455805627405,0.3800113481841547,0.09148252427730304,0.06060456837661046,0.4739081071548201,0.25214550741031205,0.25260844004254196,0.16948695591766658,-0.0037033636072764365,0.12264170292604522,0.2552682688060687
0.10365154932121057,0.13362845394021006,-0.08100871370545144,0.35204553016650186,0.1003734113634695,-0.027674727101806743,0.30344312843699717,0.02330283614293179,0.030093450692546837,0.4625268406147991,0.3905791101798821,0.2479404251884292,0.2598324923631043,0.282273789142996,0.08519775067374546,0.31951749597311935,0.21626847261717058,0.0022323813542673657,0.169673994345331,-0.013312416472064787,-0.05128456999262259,0.11333181793171831,0.0816644530681764,0.34123157332335785,0.553270496758629,0.08816776525589758,0.055690101101975434,-0.08375621387048336,0.02977230126752533,-0.007403788574832254,0.40731365149710375,1.0,0.2832216896270957,0.13602838749294668,0.12344461337900774,-0.19593967055157557,-0.2881132733801912,0.6228077786053606,0.4815933993399655,0.5591350919254228,0.051139590064161536,0.2768226217804526,0.2616663981040327,-0.032521011453285405,0.31038245493846467,0.06038795046170581,0.13902280176881684,0.05267033548439039,-0.09212837735418235,0.12164840238201585,0.3509681406786539,0.09705794493324814,0.36607779912843996,0.31897659276440615,-0.04123476791982077,-0.03588297554158423,0.07869683101144985,-0.01827886032896789,0.3615831233309283,0.3003423985776304,0.2929166729701731,0.35778622424924106,0.026104810027142943,0.0040143303374784505,-0.009658569097699873,0.05543624904001493,0.36475965725145737,0.17430119309008021,0.032528482280688824,0.022452771604181167,0.06648818806438982,0.26284129796919364,-0.05257120745684996,0.4935666418949163,0.2316983105564206,0.15465576685220297,-0.013458097774152883,0.024782621943903675,0.38641440843763103,0.8139763930216103,0.011128264055853486,0.03691872684916241,0.19170614335510272,0.17750178727674337,-0.023042274452882063,-0.01776412064566551,-0.20562283573173712,-0.1046190500112428,-0.053784891309306956,0.07959283118051194,0.5463492244551801,0.5923534028086826,0.5032792891255444,0.32237417159443466,0.4040576849080864,0.045611986978873684,0.10751520954821008,0.08869836653458978,0.024555668949080282,0.17464466135680867
0.43523396850282026,0.39621870333815207,0.30908837918997184,0.5059302733182544,0.3802277221316702,0.2555599113717065,0.43007836438325614,0.2481681293294281,0.34824356926107014,0.3439361684508805,0.17225008985003448,0.10977213643953915,0.28875740192583393,0.17609159393536236,0.21075313144551286,0.521414215647472,0.09539816417041101,0.29927134119372456,0.11591712838281447,0.18482623901504464,0.20211311419487368,0.11077654506803905,0.2724887462371854,0.0841845796745484,0.2532523821335504,-0.06257347691264817,0.05097170764079616,0.09607623834335621,0.2593839956998921,-0.027963865524188627,0.38428692881566245,0.2832216896270957,0.9999999999999994,0.32109638656798495,0.1853622243109669,0.17410054043581627,0.1415523893448305,0.4464680498362983,0.38429638705479024,0.4131262731494778,0.35116280893900215,0.3827023926605595,0.33705657083000934,0.18138720329816757,0.2975108127745116,0.08105814320186078,0.27204696527988725,0.20483051335554425,0.17992414965937842,0.16766130693573666,0.6011600003203981,0.40869510144283394,0.5450783283404965,0.47944426108851157,0.26676339577076097,0.2883670823358819,0.15454637790551362,0.2404736420768324,0.33548827564329714,0.07055145496821016,0.10189419268837878,0.3372745988229638,0.014133892268652755,0.15470636665169513,0.17519532433013907,0.15182773160720822,0.2987934313267993,0.05516256543756036,0.22813146214119923,0.3162605422715819,0.21806689159482467,0.0699226847791403,0.15577639558252615,0.1923425541635658,0.04097075371652378,-0.044127581678477516,0.09158078149810396,0.07998607343817418,0.35287648429193164,0.306218136718736,-0.00891775086455953,0.19568037722023152,0.27469827679011166,0.15314140306608015,-0.0042352098401190665,0.010499064454565384,0.07217595311998132,0.07221009029768677,0.10256926493334712,0.1950408753978319,0.6476323423830422,0.28381973962559764,0.2966600338662433,0.47482268000295985,0.3056441574014988,0.1571058980991588,0.09721289393751277,0.11193271141781909,0.2439241452533973,0.17730108451447865
0.2782661710086399,0.36803913641485353,0.24211811589637833,0.25245695320815476,0.15324864872921018,-0.03677287800552205,0.21614035664065387,0.21005420288152676,0.01571378364800257,-0.05724747007659389,-0.2927116995894624,-0.2859673659221281,0.0557909841430535,-0.16630717182631843,-0.257510067689187,0.39797757149505286,0.3524035153024253,0.5432272793761522,0.25160863509433207,-0.09482023650509228,-0.06781783764694538,0.8110851656772343,0.4016238577082014,0.31387479772867977,-0.2273605812547415,-0.018841996590255043,0.31536807540719347,-0.14025665765181955,-0.28309696761645425,-0.1019705576026997,0.07250864641317815,0.13602838749294668,0.32109638656798495,1.0000000000000004,0.5946147445261214,0.06471319229508908,-0.04554727425873197,-0.06742946558488543,0.1967872492212013,0.25861104361831316,0.35107157005784756,-0.056671776525066955,0.2897419908246407,-0.34551671031632075,0.107880040239533,-0.16856383996640215,0.3221396616067582,0.12747143822209708,-0.10581589359995963,-0.07299727229878239,0.18008797038906846,0.32173303586696117,0.2224078293153438,0.19849042426571553,0.038416540575909146,-0.08385469077984861,0.0978312489759971,-0.04821099763987262,-0.24013628678472468,-0.1599048513832292,-0.16797145765749572,-0.02569022493134948,-0.05384801263077268,0.1167681786275254,-0.034675716735148555,-0.21743546089573926,-0.05869410639168091,0.24447254400034674,0.6541778013525064,0.49593219850378645,-0.2239821954919034,0.36378181542046906,0.03548572614712403,-0.016161005820518284,-0.21787836746155706,-0.21701142590856648,-0.412170599963677,-0.2348081883030575,-0.0675407281176136,-0.018614770746674805,0.3123141756265633,0.6524494524909203,0.3101530830505103,0.5937213030261055,0.18137774511067162,0.5081836407684328,0.028198161783371676,-0.12702076223075492,-0.17411311184729827,0.030606503433791534,0.09583348203535882,-0.07446363760569821,0.0315953465505574,-0.1585266523004991,-0.08588852448897821,-0.29059159615715524,-0.27057548403006804,-0.06900157589948135,-0.14426569830692348,-0.17201079741584238
0.19274235300346104,0.2867661506685564,0.25608127703586747,0.14720111087005214,0.12645265505597103,0.17053771442121873,0.27468960599237485,0.17921849269375084,0.03313755750644062,-0.041521469743223204,-0.006758332408767877,-0.11366647053303794,-0.08748510935440283,-0.04269649354221886,0.03663882639304733,0.4591029565239157,0.09193441990060469,0.3638183935842826,-0.11736884940817272,-0.18520481583000814,-0.24897730536801427,0.7866064276786287,0.3934245853775322,0.19443247005662684,-0.03562342532856251,0.2659982103991188,0.6515643292760066,0.30060330747878095,-0.1388197184476631,0.08507728645681004,0.20734508259825568,0.12344461337900774,0.1853622243109669,0.5946147445261214,0.9999999999999999,0.07864688462325571,0.03300541599778691,-0.14953739865236257,-0.0011131662565548078,0.1876898161456215,0.12806360255657548,0.20811055149823252,0.42489473294662217,0.02903250299672475,0.4062590445386568,0.10214248653598348,0.4581973779673127,0.21349416541069524,-0.11123217773850715,-0.13305173957354868,0.12081639640046554,0.3240935718764824,0.2679371892919228,0.13377077066237794,0.16187234875743864,0.06850487232865597,0.09812988075673737,0.03817604492647042,0.04694751345656243,0.056205732938651554,-0.03430178627977428,-0.06450651833363244,0.28677052050529966,0.14210244040104175,-0.008388561974150728,0.004807087977427367,0.020165437338336385,0.049734361588203414,0.39136282706373215,0.34404226356200335,-0.22326236802279262,0.6009369218579573,0.25057804656602356,-0.03509569737200053,0.07811680900371946,0.1293701373784114,-0.14456026352628737,0.12444074889122078,0.04931259027175217,0.024631279757533507,0.2573878629421723,0.48922256255725804,0.5581601190000569,0.8111824798664976,0.4312351459553878,0.6255757901940608,0.13177609070914895,0.27689558980202134,-0.10082804647844089,-0.02244302024561481,0.11128774117138732,-0.11818154508451172,-0.1031278888009643,0.14205257806101793,0.15689734559123308,0.14201515716160812,0.02985893191990922,0.006694770003152147,-0.18534273448733096,-0.15350407003455546
0.276200728427748,0.22832425769184173,0.5285098748332584,0.10920686754069014,0.29308168521520506,0.5555530865387629,0.33288451881386416,0.43287585527916145,0.576920069908957,0.09529840852813197,0.010444400322614364,0.04856268593816665,0.09368684132186629,0.1869686258391582,0.34259312237917694,0.1331949981579239,-0.045214916771765375,0.3544631110013127,0.03565154299631994,0.4980501385041048,0.2212066265997685,-0.0782536923557784,0.43174783940698547,-0.4151642147682493,-0.1336412036774997,0.026141145331609727,0.31028467309035634,0.2723396200965916,0.3763232040634985,0.1848546656970619,0.10484418533384453,-0.19593967055157557,0.17410054043581627,0.06471319229508908,0.07864688462325571,1.0000000000000002,0.6756172201623011,0.013931149506649915,-0.015120634350246114,-0.07225994767005914,0.45680510409388525,0.3050411239430234,0.152538501332705,0.4966547773495981,0.2752917091571649,0.24352314104914852,0.29859581695928916,0.5569085084846847,0.713332250101025,0.49466792277284793,0.2715688960961538,0.4070199680087896,0.2125906459341271,0.152564495121943,0.545850599387021,0.5429142951941275,0.3145962220201566,0.6113871675763123,0.09183191924169692,0.15366184231374855,0.2250959448583705,0.17332605689298494,0.2253547181731788,0.3246503370664855,0.43265458899188847,0.37701648531151805,0.2903856816053686,-0.004957822658058416,0.11711145755352789,0.47368582626486366,0.4863670242304997,-0.2043012938587717,0.4768058775200189,-0.20356530824516844,0.15506469186237362,0.022370746336888882,0.2890814236844357,0.23799010840567306,0.0949052380471702,-0.20270334824705044,-0.3613931448014164,0.3041199028125478,0.11387138175271017,0.06794179893698707,0.16459123501109926,0.2181435373829597,0.6272971834314979,0.3144328989902554,0.8374672874441546,0.12930645544264535,0.1293308792322237,-0.01419915444463504,0.011629536217698827,0.18204193953011139,-0.07157775362407097,0.3863402858201566,0.34920877399392664,0.3107835430786219,0.5415834359054882,0.49174014638744423
0.25675734211888074,0.12170745473278297,0.33323313633429974,-0.035531718209094204,0.0878411506431814,0.34495119239643424,0.15125877030675494,0.2587385396465488,0.2730983120702171,0.1051933072716825,0.06090073779518952,0.08014188664020938,0.1052978019886361,0.289426428913921,0.3183641909700506,0.08099189931150796,0.03548783082371861,0.1925554237061405,0.06473202066535481,0.28156022837566996,0.30908235378225873,-0.14877234238201778,0.395204163052489,-0.21690611157848536,-0.06517062286490982,-0.028977621701350296,0.10353966994412822,0.3208250025844659,0.4581782325050773,0.3093529747881326,-0.047244212487278274,-0.2881132733801912,0.1415523893448305,-0.04554727425873197,0.03300541599778691,0.6756172201623011,1.0000000000000004,0.06359101572420751,0.018572210356443086,-0.056222467205914194,0.5275546997709293,0.358751784698592,0.2133300208385874,0.5199976517091178,0.06673494236495796,0.3850589194500531,0.3117655524077741,0.6024595008826374,0.5905617134168628,0.5492788534126927,0.22157252843419323,0.35978197605617035,0.05988321674744987,0.07517655278781331,0.3529824345442712,0.37417259743369463,0.280752021551567,0.3022559864417039,0.14441319677701925,0.14812994954961756,0.1820486540186019,0.12405660559691586,0.25745794429213337,0.29043143850349185,0.3761351589648708,0.3405901402590672,0.10369333584550669,0.04891015076223868,-0.0074985421602220895,0.1222728573612275,0.2993618159480094,-0.2711015493379277,0.33785737016267475,-0.16154395145185332,0.19241413484252773,0.04045106380733528,0.2833704408727997,0.18096654808112092,-0.01839731064806639,-0.1610607893937572,-0.3213688865300604,0.1170075709958481,0.0944038400935681,-0.06340553389462693,0.09105397263484787,0.12431294151719322,0.8244031896417692,0.30329703961218435,0.6634119299677699,0.3050453736784192,0.10438779131889593,0.02633758164167425,0.025497941342155755,0.22890973387213281,0.11882861309151535,0.45269256383872253,0.4166629887510119,0.3068389073162128,0.46137364121473184,0.5693694166811929
0.24310966875955242,-0.03018624634212002,-0.08823082661103232,0.17250136976946107,-0.07109551576863601,0.0025670561687928008,0.2581219518930925,-0.008438884450435702,0.14879202480673123,0.7188569534592673,0.31402458254809534,0.28162821318230025,0.4120999562657689,0.44870306258020864,0.3095954906233054,0.13487236687358192,0.10894339565542839,0.0014595389164213449,0.2542357262713673,0.19340286468957263,0.27412957497338375,-0.20487774399604028,0.2610354021749544,0.248332620626512,0.4514359793214339,0.03823303765483844,-0.18389261247387717,0.03841955229212966,0.34237264988425364,0.11301018984979982,0.15500007851051878,0.6228077786053606,0.4464680498362983,-0.06742946558488543,-0.14953739865236257,0.013931149506649915,0.06359101572420751,1.0000000000000002,0.8095498584796278,0.5717398282269116,0.40001094106439256,0.47702807460479146,0.4361869786756475,0.240645177300106,0.1079755402771808,0.37001156343636094,0.24633042783755776,0.24547978326687364,0.1735229401287561,0.3828893955333249,0.4679832908283948,0.0727035951371108,0.32148073605414457,0.16314960356901415,-0.027215559959857034,0.08881860808183546,0.052906390793767015,0.10127401335004071,0.4864687024532912,0.15778855501660663,0.41249536828210775,0.47273831162809477,-0.07610944605454112,0.11590750608022861,0.17834463497611996,0.3041063028497931,0.3622860547032283,0.18649965441185148,-0.022356398483950927,0.08615995034856516,0.3423648263384224,0.010606692034625843,0.15659707988587332,0.4253569355351138,0.22699670033678832,0.15886447683209187,0.22017791164334835,0.1316025553300155,0.20541978968425356,0.6309583952978386,-0.18515018115260176,-0.06988584038654096,0.03954798293392887,-0.11247546154786137,-0.1482848681716009,-0.206958029977689,-0.049556754461508486,0.06234279631863543,0.1549706389766886,0.21573830966110188,0.703936075069063,0.8162278285182569,0.7531924105378086,0.5052011497913294,0.473847487178848,0.24638955194744547,0.2913604160378811,0.3024789402511549,0.25355270395898755,0.40053441916508925
0.30342197756121264,-0.0693304535696502,-0.11986168741642979,0.11227482368296847,-0.1890818969288685,-0.172872327739229,0.17887329205897926,-0.09038775772751821,0.0007579799186454296,0.772184349490035,0.23418965928687419,0.2812732930802738,0.4164372973559844,0.3339672888316664,0.22819388538488747,0.19982955651982365,0.2284765423790377,0.06746878423321565,0.2991189461161238,0.05598184509648164,0.15499491320322736,0.057684201644808565,0.20260079552378862,0.40932779738112524,0.3209138060663341,0.08361906732037055,-0.04882988494395985,0.017634960442881265,0.2425925876950672,0.1854633021481132,0.04431529305243459,0.4815933993399655,0.38429638705479024,0.1967872492212013,-0.0011131662565548078,-0.015120634350246114,0.018572210356443086,0.8095498584796278,1.0000000000000002,0.6643677301172378,0.4558118543834147,0.36830445555025326,0.5417948624968613,0.07922443941811365,0.0026766412012996623,0.31076903292919467,0.34066447741260775,0.24307006910761578,0.0677928468646854,0.2910414560795228,0.379737758433941,0.018563098426566237,0.2936626297852975,0.034026671393227625,-0.2006907885720545,-0.02165229227568133,-0.05162471161782204,-0.045059106126733695,0.44547820816021283,0.1378986379741488,0.38796570776715994,0.4041158782401097,-0.0727376606157424,0.154388362725693,0.10820533249692998,0.23848879807834517,0.32664158861286696,0.18560841132254716,0.12857039980904011,0.12392505058656035,0.20798229863446707,0.12333056756749566,0.06027783360202185,0.48644077298126803,0.19859982566260362,0.11944595497032466,0.10552526860454631,0.042520247171459115,-0.012812519674203004,0.46038527140183005,-0.031568405498755135,0.13602859039297685,0.03707974937727476,0.043214419501269336,-0.02921966774597619,-0.0412443622869271,-0.08246033298826481,0.07668827295915673,0.05231289902327002,0.18513933274085392,0.6000423006308528,0.7624656820380264,0.8819888115963761,0.35128270792426386,0.4192152977799211,0.13809142470983277,0.1706506681458744,0.3196389279914654,0.08517228340812838,0.2815257067375706
0.323789447109379,0.2874825287344738,0.02325850822886099,0.43789536322689127,0.03825183601316848,-0.14813931701098174,0.535666125483523,0.062113846108817365,0.0027826449077831827,0.5829141818833837,0.3097832483369851,0.28015631532476226,0.20794773821397594,0.25323868209241845,0.19253744912889353,0.497643011331358,0.23545542382470747,0.09835218863764211,0.1742731399503482,0.04230975912873009,0.03255387479506231,0.21265406704116763,0.2943437384702067,0.47559498369819536,0.3662893246966655,0.12432562021938799,0.20511187642319212,0.07760520520892032,0.21163776598240025,0.06917611832229564,0.2905533245862991,0.5591350919254228,0.4131262731494778,0.25861104361831316,0.1876898161456215,-0.07225994767005914,-0.056222467205914194,0.5717398282269116,0.6643677301172378,1.0,0.49171089325287964,0.4108363283964236,0.5530074203283675,0.1300037102322876,0.2718474454895057,0.34655923147551826,0.46631715433163584,0.31371451304863424,-0.0013390438324456138,0.4267671641676313,0.4902875539633104,0.2962285804410853,0.684342910524941,0.32270362820779036,-0.05603400203890578,0.04832917330046527,0.07383723911526154,0.02346094172668709,0.46665384412206584,0.3142762489574896,0.2570215057000864,0.22794831727605652,0.08627430142673084,0.23275366298897357,0.11620733494714787,0.16038448243416134,0.5675689296615728,0.14295600830254057,0.20749810343378536,0.019773822682201205,0.10649963713624104,0.34818562555305904,-0.0011923976553060978,0.7538996661298889,0.3282989717394526,0.0784778424553928,-0.0017191700026138294,0.0909503580420491,0.2030985787366833,0.5728942652549015,0.19256921217393078,0.14959285613434262,0.08183918166164343,0.15052956414958732,0.0628582782711633,0.016869761522651388,-0.131029821408091,0.005831705900109441,0.10315710212994114,0.3574526689193251,0.614128328222599,0.5432920577308922,0.694914885449394,0.4047306838425316,0.53499926099404,0.18932229597052228,0.32558255728530866,0.2914202765130685,-0.027024282555977774,0.4080741719989814
0.35729862265002765,0.2717091246174509,0.2869786649239144,0.22681918885066538,-0.010420532193590144,0.09700540459615437,0.432121959947453,0.23858968115098905,0.2057785718394592,0.3413219251557246,-0.042253543560956806,0.08640299659302869,0.2461547473929572,0.24164687219601366,0.21356868099201487,0.21847953243437793,0.2796057922296879,0.342823346714265,0.35337137663829604,0.30625799738813575,0.3222443266237665,0.13659381123678668,0.4455968940084501,0.1982970637725571,-0.008437901201587104,0.0771361849473932,0.18176201922675106,0.12357439865035132,0.294017090762045,0.10247009501675394,-0.030073201615530665,0.051139590064161536,0.35116280893900215,0.35107157005784756,0.12806360255657548,0.45680510409388525,0.5275546997709293,0.40001094106439256,0.4558118543834147,0.49171089325287964,0.9999999999999997,0.3638125145927468,0.5811354123914633,0.35542284190557616,0.18514973181198294,0.5192636506196202,0.6178659161917812,0.6418555640972595,0.39325788624949376,0.6850414592182367,0.4902427997348336,0.4108677893224611,0.36039973132718744,0.16896643650662407,0.1791225564378088,0.22696302210097888,0.1948233357995676,0.2221446828517795,0.14758443075842104,0.10627002153440641,0.24045335575406482,0.19784789427936345,0.04574600984500898,0.33323997852324694,0.3155602531673535,0.22126014148944365,0.30716979887500895,0.23244441563691579,0.2961115942014558,0.2894004862872506,0.30158325718766965,-0.05353710283993874,0.24512804118586143,0.15712544057530436,0.12584021970834508,-0.0006354104503882017,0.006322444716647779,-0.03983822190682724,-0.1329772216209223,0.09997145232320284,-0.015883285049328316,0.3650226746066427,0.14027545906638925,0.09350140190863136,0.11454026591550538,0.20971273756019995,0.3483412841279987,0.11527441266775776,0.4839481619887556,0.5220843308271897,0.3856766171576085,0.3240958761924384,0.4375797983104311,0.24019254138638652,0.2160090163022635,0.3592850598514364,0.4349604550292239,0.3869574564802862,0.2474269477412246,0.5469073915294477
0.23582708104965552,0.20136490284614614,0.247255114183527,0.23335979230329706,0.16637644347536268,0.31230669749541434,0.31494240841591625,0.1989651455254816,0.2340810071746461,0.50918498359389,0.461825105955033,0.49001298974837204,0.2557790139140762,0.46334384485183727,0.49047455619012914,0.3174117089966476,0.16720372995917607,0.12840746423557758,0.13913939474098252,0.1760892501167589,0.29122047328182254,0.015055087037150892,0.4169258482458282,0.19760223591721782,0.6123904392263825,0.5087266456603804,0.26952233700681183,0.5702324527744469,0.4382467435221056,0.3877125538171792,0.4009366209541109,0.2768226217804526,0.3827023926605595,-0.056671776525066955,0.20811055149823252,0.3050411239430234,0.358751784698592,0.47702807460479146,0.36830445555025326,0.4108363283964236,0.3638125145927468,1.0000000000000004,0.6208814028202998,0.666113953530056,0.44346915674913945,0.4128960694328312,0.3440197610499602,0.28937174190683873,0.22316680779540068,0.4809652139383342,0.42505198967108204,0.35443054381504513,0.3889236613383615,0.2523203475657366,0.302082599411379,0.3561183102874393,0.18344255710847565,0.23016571421700713,0.5280221911033125,0.33666494070887143,0.40986987370644584,0.28219852052299876,0.18225973799938647,0.264712106174193,0.29402528415914764,0.37827534454686124,0.3063474060952635,0.16582753423710417,0.032091741510224044,0.10970417314726227,0.27561946195515913,0.20704423176052633,0.29353295033599613,0.2626121788233413,0.4263343758506439,0.49947083003362686,0.38420839709706456,0.4544977164739907,0.3359364856272921,0.29772101628765096,-0.11888808273187443,-0.016653679655386326,0.3381414819595544,0.21352213320382227,0.19344435123600698,0.05115924903279895,0.275801002595287,0.524557147161302,0.3661493345859683,0.2559130215299174,0.5800005086524591,0.443130959349056,0.3803417977541648,0.8154219399067902,0.6067103021187774,0.6478276727963325,0.43269160708942017,0.2545532644144151,0.24300962761446557,0.4884496745578765
0.2966442674239967,0.29806115288345,0.22384501518408662,0.26790942474541046,0.15320270574980074,0.11717670663457921,0.34711666755885195,0.20819716712727962,0.10919258754470607,0.37601325124624785,0.1355914677164788,0.17310803501882968,0.23801687763765855,0.2822999529316392,0.3033272434203114,0.4096159270539851,0.3185768230804527,0.3672040571240187,0.25908506796845865,0.026367652195409142,0.19674809880889269,0.3854955138804936,0.4317492297314732,0.2939981529984436,0.22712403470333373,0.3096729675718207,0.3189089333870216,0.28042564779150647,0.12799295083893014,0.091490121441174,0.251547545929607,0.2616663981040327,0.33705657083000934,0.2897419908246407,0.42489473294662217,0.152538501332705,0.2133300208385874,0.4361869786756475,0.5417948624968613,0.5530074203283675,0.5811354123914633,0.6208814028202998,0.9999999999999999,0.400893813666957,0.45813071941220235,0.5630835754142013,0.6501691772925393,0.34798160893570423,0.08425932877691727,0.427473827728305,0.3364624677540591,0.4169172314703041,0.38054700414364173,0.26717939709890737,0.21504197087987645,0.21808698910249025,0.18882226871353186,0.14773780092397223,0.27919681572426686,0.1397968235193582,0.23076716476866324,0.23416529768525837,0.12398482771782335,0.3311546655766469,0.26520088656269036,0.25318729071361573,0.245682553910319,0.3097871422462484,0.3482098650194389,0.2902698774945009,0.19687945934983506,0.31761098969745355,0.2687136970409266,0.24482226261793036,0.2728653477063458,0.20771969491899553,0.02838346022491203,0.08373864675511991,0.13118648459433316,0.19868582226601642,0.029264851921417517,0.2699357584044704,0.5464470551473104,0.39652889639127464,0.222081328276595,0.29181768871854064,0.10009124412571511,0.2280107939518452,0.1402692628163278,0.3240710479234178,0.44603355384116716,0.37963549993358714,0.48176664535241115,0.5809436683485608,0.5786750561483704,0.4515944699856882,0.3980744512442171,0.19670308346818502,0.03886338352796884,0.326351180730909
0.16157553842836828,0.30402758155693316,0.4000236651118413,0.2594095621532089,0.2464373462680017,0.40153962831488305,0.35539952312891315,0.4055281966368975,0.39168877087626663,0.21042569482820447,0.30686361743160356,0.3738818921492798,0.21495413131419303,0.43723901495157447,0.562041803156835,0.268772687140904,0.1761255959299501,0.18750003688788297,0.19319155186905584,0.21946229533264427,0.39333576197646236,-0.20909181853315015,0.2634490065757634,-0.23074619386762002,0.26215479819238136,0.34062696267842385,0.211383929041107,0.4298482186223138,0.4347413432132797,0.35420485478027613,0.3091885241554234,-0.032521011453285405,0.18138720329816757,-0.34551671031632075,0.02903250299672475,0.4966547773495981,0.5199976517091178,0.240645177300106,0.07922443941811365,0.1300037102322876,0.35542284190557616,0.666113953530056,0.400893813666957,0.9999999999999994,0.5318948559759796,0.5984719874921375,0.1631390520235134,0.4803929882822267,0.47012150936519187,0.6635052274151076,0.30427381467038456,0.4541058078439361,0.38362210122830337,0.2940989853878095,0.4522484404228859,0.438995820363555,0.4492030005560422,0.43391809193936104,0.38088195441501715,0.39616009534187424,0.5089470383666622,0.3112816855234769,0.2946715449002374,0.45017328618425834,0.5156029557489032,0.5628051284964957,0.361334169309846,0.2122293275308487,-0.0369472392014295,0.10777007839248803,0.4826242447389686,-0.13748281916473662,0.3858589597763623,-0.03595533015329382,0.5005428075703897,0.3324868115631868,0.4230315846711054,0.37968004612956235,0.2878690287782595,0.06841783141546076,-0.508589155891436,-0.2298896048657859,0.3410031933914583,-0.09073948583058154,0.1381825028920957,-0.17774183744935787,0.37984711357347667,0.43639610882878016,0.5743978668226661,0.10491649657331513,0.3343437614845756,0.24184653069657713,0.153294035629344,0.6031192386365053,0.24724305878897943,0.9206888020539238,0.6671604725576473,0.2691897661507343,0.3564447845184625,0.6427188635640746
0.1953107843848168,0.41783834811877985,0.34524175678580926,0.35996038032753375,0.3178274047184738,0.23031515186058032,0.41649243463520286,0.3252871627436778,0.21810687154848613,0.045253195185666235,0.2110601524771247,0.10926969485454106,0.0761697294074691,0.2535118919011072,0.3040939140281678,0.46983135955320354,0.23268835902585852,0.30351249954081944,0.1421482418332573,0.022675276645352523,0.08760514112294052,0.27650221984267215,0.24355644289662423,-0.03238942018067963,0.1525741600000561,0.13722904457090246,0.5089192509166098,0.10185693653251844,0.023724734377418687,-0.029115625640227415,0.7031238711109715,0.31038245493846467,0.2975108127745116,0.107880040239533,0.4062590445386568,0.2752917091571649,0.06673494236495796,0.1079755402771808,0.0026766412012996623,0.2718474454895057,0.18514973181198294,0.44346915674913945,0.45813071941220235,0.5318948559759796,1.0000000000000004,0.4035846235078695,0.2527662724508125,0.2893792333933097,0.2208653036748913,0.36499920314984036,0.3757734028092835,0.4403691588125655,0.4505406417290216,0.3698555870152783,0.2840023556427229,0.23704478798120993,0.29820645741011037,0.23484603402842708,0.12282101428965443,0.26062662858080704,0.20235056413235775,0.206335086608536,0.23437772743475568,0.28486226850924345,0.26868128501785216,0.262089643789804,0.30675376754221106,0.1799263845944993,0.20624749113266114,0.2018154588537205,0.17094179489881983,0.20992583365534068,0.18341315345848141,0.054064406892212126,0.27718344178396187,0.1028903979840431,-0.0003070513393218476,0.09149322558826842,0.6059786146589269,0.30723212496909963,-0.1451976220013281,0.16547679932098722,0.7161211427042864,0.41366460753387924,0.35879941478305516,0.20219642184102024,0.08818625166117784,0.1312535400390465,0.25502801541078723,0.04627701176077762,0.35817162122977353,0.06870853284693162,0.07585394117014149,0.39909719244161973,0.24740036205298271,0.53052514318077,0.46746122693050285,0.06196730926869113,0.16972149255649419,0.34383285684460396
0.014378798502127263,0.026019951843311948,-0.01094190673027519,0.014669193743095289,-0.08660546744727425,-0.028344932361963768,0.1781098869300861,0.048266164472662354,0.011954969226701771,0.2305932448959607,0.08299191071040622,0.07280895237650592,0.17986148153177803,0.3081074991434416,0.27003249151223946,0.15083197344904203,0.137010770665495,0.05218042913599204,0.09713093593293995,-0.05483892184556478,0.08600837444455614,-0.057303136239402426,0.26670082228471187,-0.05367247610939591,0.06580880438239356,-0.01980495757645506,0.35838018448026854,0.18942868340674618,0.10888732700927924,0.1569305304437514,0.03816332487027375,0.06038795046170581,0.08105814320186078,-0.16856383996640215,0.10214248653598348,0.24352314104914852,0.3850589194500531,0.37001156343636094,0.31076903292919467,0.34655923147551826,0.5192636506196202,0.4128960694328312,0.5630835754142013,0.5984719874921375,0.4035846235078695,1.0000000000000004,0.4967040041192111,0.629559770170219,0.21216750772906182,0.5883320576207824,0.1930359107559911,0.1546093201712513,0.27446667228544824,0.029097741008890687,0.03538917474035633,0.02938812359727038,0.12686271625883552,0.07739161093110111,0.15728369758182748,0.07229450665528676,0.19824771479412578,0.18515905949149375,0.11548925001230972,0.26703528464389503,0.2591786503668981,0.30455332645616956,0.23431802176165048,0.07166118948342513,-0.032191951328222244,-0.027495108289677137,0.16600425388836276,-0.14964021377660308,0.20228423640290166,0.17033138372007928,0.19350282735038332,-0.07722703846885427,0.03927755254367771,0.044598888944311035,0.037820867077160134,0.17743642115443517,-0.2667741015714064,0.01702714252080618,0.24671875744015706,0.022502509736893522,0.23625709323651972,0.08303277063585522,0.1742325132868945,0.19630356568329993,0.31201537093857307,0.31284565272921916,0.32192098015477455,0.280819254583116,0.3602963080433179,0.3747908506540005,0.32563078182191413,0.6355825406653185,0.819107745541248,0.38024542787880855,0.04645663006189646,0.5185362974566182
0.1587817341678224,0.23152825621913423,0.15521493787070798,0.22986787341588133,0.134840067483673,0.13319367941298224,0.24310708416043736,0.07129798224857074,0.1104665792056229,0.3067771161199995,0.1431850782767331,0.15001128348444143,0.16674044868976565,0.27717018236668184,0.2693253038046751,0.23154337007316755,0.08314241087994839,0.11928746560193405,0.023899953779938244,0.06355302897257116,-0.0506185081961823,0.34101206136644974,0.5243593343042786,0.18743190294420795,0.080330700291014,0.13561706351904737,0.5115428872521858,0.36619916177858897,0.1884062957301142,0.26335663101151524,0.08751975582353701,0.13902280176881684,0.27204696527988725,0.3221396616067582,0.4581973779673127,0.29859581695928916,0.3117655524077741,0.24633042783755776,0.34066447741260775,0.46631715433163584,0.6178659161917812,0.3440197610499602,0.6501691772925393,0.1631390520235134,0.2527662724508125,0.4967040041192111,0.9999999999999999,0.630854015888246,0.10560013138464938,0.3415619761765376,0.31583527368025327,0.3078573169371641,0.33718146836498636,0.20607014341590763,0.22051367220399504,0.18836583389263586,-0.03263882396919443,0.15425079279434112,0.2652875485533212,0.162792637105682,0.15665757219845447,0.11148564900355507,0.22281688551379936,0.18976203964852514,0.10923409064163624,0.2031773279502939,0.232921545051797,-0.06004869282898345,0.09342520986834951,0.157753510484278,0.053558096240921775,0.2572713970592928,0.2830967438458098,0.30619236085511387,0.12329802465744952,0.08920609467183867,0.019700901767170636,0.2284632550490007,0.012532299555389283,0.13175575326246203,0.1884413414684531,0.5372119412639449,0.2813561012755911,0.3991140649162776,0.461107811723743,0.6283234657564943,0.23583417956966127,0.3208561610669364,0.28564825026040325,0.5198255674603977,0.332640392445867,0.1868861204886422,0.3152470418961221,0.33825647414016247,0.510958109706533,0.2910462997602282,0.4958260815517912,0.5144135411789531,0.0536420369095877,0.33086059371775184
0.12347018411395487,0.25038103147388796,0.3056778368797449,0.19719059449161289,0.16541142417401888,0.2318925722066974,0.34265711802712867,0.2707892331621621,0.2712804764262039,0.21174380450084476,0.09478436963891086,0.10455397286479906,0.24293567520161322,0.37058017413565275,0.30667577355451087,0.23419330693774998,0.15329493901217256,0.20682420162809032,0.11801390708441606,0.2289312371732335,0.12844446401419085,0.09349307783790492,0.5410790593636741,-0.19102747768898867,0.0009468431702611969,-0.03062820315129598,0.4254777880972777,0.29680021284412256,0.30255188175543973,0.35433317510516654,0.11551574550441071,0.05267033548439039,0.20483051335554425,0.12747143822209708,0.21349416541069524,0.5569085084846847,0.6024595008826374,0.24547978326687364,0.24307006910761578,0.31371451304863424,0.6418555640972595,0.28937174190683873,0.34798160893570423,0.4803929882822267,0.2893792333933097,0.629559770170219,0.630854015888246,0.9999999999999997,0.4730153789129564,0.5951954270568577,0.3115836452745603,0.4080530888432454,0.36119581077492313,0.20747128515396446,0.2940259484434153,0.26408671631634656,0.26252336004670523,0.2901185140652512,0.20400988986309382,0.21151591968890743,0.3282288132549735,0.2688107586560383,0.27112852744979266,0.3442021962591258,0.34814818369326833,0.3697462799549672,0.4055520484728444,0.0010744040790306387,0.0129092990330605,0.1579035010872953,0.2632207737872287,-0.16675700342546587,0.35084350285796007,0.16467359758430233,0.15020870803738895,-0.05436322144270779,0.08533167720421635,0.19601220415573317,0.0800834915044141,0.0996256728977998,-0.3338340587836693,0.2757647933503194,0.18230147890235324,0.10611996576979164,0.32602645753701986,0.27505990153923776,0.5156154857123278,0.2699445384571779,0.6144240019915415,0.2946645381033154,0.2740079658735169,0.20156211717349387,0.21381224364950255,0.19841567336961222,0.1263457191845904,0.48687494545017307,0.6769503114091476,0.6698979416140294,0.30817853367496123,0.5943947210701058
0.4180468355459537,0.21736502414082032,0.5846916113690175,0.16015032926340836,0.28752103331257,0.6091592871050887,0.44479560657411843,0.481029574678486,0.719952736753061,0.27253386840372895,0.23059196833543058,0.14874207366000716,0.16710945855322398,0.4194644779829814,0.46366856468233414,0.11690852213709105,-0.007960685534360532,0.32137313292740627,0.15967425030785382,0.5052121259918115,0.4489150004951244,-0.22808085771495426,0.37780316377810563,-0.3952730543216673,0.004142419810282945,-0.051080676548497364,0.08990514541515159,0.22839342669367577,0.5503086255759162,0.1337908411985972,0.036101242917731806,-0.09212837735418235,0.17992414965937842,-0.10581589359995963,-0.11123217773850715,0.713332250101025,0.5905617134168628,0.1735229401287561,0.0677928468646854,-0.0013390438324456138,0.39325788624949376,0.22316680779540068,0.08425932877691727,0.47012150936519187,0.2208653036748913,0.21216750772906182,0.10560013138464938,0.4730153789129564,1.0000000000000002,0.42248149845423494,0.40891769997442545,0.4363870035863985,0.22470709478274462,0.22328896622714076,0.5268078118864677,0.6959039837805963,0.35551452925493915,0.6899390530765385,0.238415965147736,0.25948773828860117,0.302930071526627,0.2909223189081253,0.2946644441373019,0.3610205229976187,0.5637610315972299,0.5132014890841166,0.4284537323292627,0.038894150307589775,0.04412139419744981,0.27715947289676424,0.5372563134965002,-0.28232752766220776,0.4332719724072908,-0.16370725097008296,0.1999506782959983,0.06412382477045848,0.45454403159823226,0.2544989841870994,0.045634405648330864,-0.15177028292117603,-0.4259747415760461,0.14418019405137378,0.08333737912710788,-0.14377402062930128,0.017194061916014927,-0.01426724616418836,0.6519058841196727,0.2650856627155161,0.7414624290953366,0.03382766845219986,0.1476106841692709,0.14198845773348232,0.08038497614170306,0.11235806087623491,-0.09544046682215798,0.34263407011808555,0.31932561046837643,0.3720981861839031,0.8883864647110236,0.5046016011125964
0.2983698873699429,0.31676280541972873,0.3050370311227946,0.30827244510015245,0.14888371458057328,0.19013880298139443,0.4572904326121639,0.36723772009378525,0.2768136848836842,0.2618535224527571,0.11049609481658867,0.23768961569117875,0.36498750023165727,0.4166715387798642,0.4153746261218351,0.2837443238017138,0.41358073883331,0.2930207835381651,0.4452090994804385,0.41127660073449224,0.5040498416645817,-0.14939265314692593,0.2927382387249384,0.05089681098058926,0.11067619220556422,0.06151395033398872,0.08087526730967078,0.0611632361849158,0.42204305875962816,0.12157632721214849,0.22878262751010858,0.12164840238201585,0.16766130693573666,-0.07299727229878239,-0.13305173957354868,0.49466792277284793,0.5492788534126927,0.3828893955333249,0.2910414560795228,0.4267671641676313,0.6850414592182367,0.4809652139383342,0.427473827728305,0.6635052274151076,0.36499920314984036,0.5883320576207824,0.3415619761765376,0.5951954270568577,0.42248149845423494,1.0000000000000002,0.39458730260925573,0.46230110518668716,0.45017521520825243,0.3076544045467766,0.3055607447990742,0.31567597605968023,0.42045922700115046,0.32124706457359475,0.24768364423721242,0.3156052735164033,0.4248768241971753,0.39075622308041386,0.14205695512508112,0.5132967303621473,0.538263219187697,0.4382877578356334,0.5147303058367984,0.38032845803206944,0.21231997255220245,0.18744879224227665,0.549276489872023,-0.18419309948592735,0.20912116181632584,0.23197335132015803,0.42113149709572206,0.050878432683868324,0.20597756441352766,0.07921865984863499,0.19095409226835916,0.2704893925589918,-0.2118818235776078,0.039145946191031206,0.14857828871847267,-0.12382503480400349,0.019204870728478814,-0.11334283812457101,0.3610942495640946,0.06724871675655168,0.6893084761821346,0.4999405871156601,0.4249697349411183,0.3283375617840716,0.3839313705336536,0.4488764963631285,0.2611677313370093,0.6483902698898485,0.6525506783607898,0.31828456733803623,0.3122574113815865,0.90295411015448
0.6138817418648316,0.3874499069659987,0.42335690660439107,0.47972752087878606,0.1879102212652158,0.25539179493261094,0.5844443797092417,0.316609221839647,0.3813710064390588,0.4898941937381297,0.33892812201889067,0.3086608494420569,0.35080706707423526,0.46681127713127224,0.4768982578795442,0.5118773584699378,0.10283339102643459,0.2864422112144006,0.15926417046680935,0.33002317101726936,0.3665552332128463,0.05717899730220197,0.4047982060715974,0.08520378349585986,0.26473450458513337,0.12652275071054264,0.1880116904881548,0.17028459108610505,0.4387574449043201,0.11018211424964472,0.28289072005813753,0.3509681406786539,0.6011600003203981,0.18008797038906846,0.12081639640046554,0.2715688960961538,0.22157252843419323,0.4679832908283948,0.379737758433941,0.4902875539633104,0.4902427997348336,0.42505198967108204,0.3364624677540591,0.30427381467038456,0.3757734028092835,0.1930359107559911,0.31583527368025327,0.3115836452745603,0.40891769997442545,0.39458730260925573,1.0000000000000002,0.5020083404810755,0.6423849131574404,0.4037050215653268,0.2307794886596169,0.4377670085496676,0.28183100572369324,0.3247128719100562,0.4330723106497751,0.2964959269751563,0.3632539402034892,0.35756001769092927,0.24456706753950733,0.31143544072561796,0.32118514809848314,0.384956630069617,0.4543738510745234,0.15321661476374696,0.24375488514181498,0.30662322298776196,0.32726962813953353,0.16007469688063522,0.326030313440081,0.24696871340330812,0.32774943727799194,0.16881518460605469,0.3234011686404063,0.23407440745553368,0.19599206055261842,0.36786756000501325,0.03508887665462582,0.20938051323749302,0.2076415129725963,0.13343128978496616,0.15568564977010452,0.11872384345875303,0.2596486206374662,0.1928204440867047,0.3158458190233634,0.2630880054063272,0.622301706667195,0.42359947264559966,0.38889063366606036,0.4005798937972694,0.29158313498252,0.28019847941477716,0.28080054129731713,0.3085671933400399,0.4447971005950654,0.41228460171009235
0.4849018791910067,0.9002191404508124,0.8149686718863508,0.766580240414811,0.6581231855302225,0.4506320385266198,0.6502999559374559,0.8435602395836114,0.5755268484841977,-0.0007462202055843869,0.06459459961722325,0.05589325984011806,0.22565185560915574,0.27520330595930925,0.38698627669903146,0.6910706856981108,0.3319980043825414,0.6839028232805829,0.24567040258998313,0.3228271126940784,0.4464197236297144,0.3545711977889027,0.5551850280698835,-0.16451678663684766,0.05293872270000376,0.1418191581825814,0.17794667310330212,0.10792553287978159,0.29442913297320816,-0.024021011338441114,0.32560495825572006,0.09705794493324814,0.40869510144283394,0.32173303586696117,0.3240935718764824,0.4070199680087896,0.35978197605617035,0.0727035951371108,0.018563098426566237,0.2962285804410853,0.4108677893224611,0.35443054381504513,0.4169172314703041,0.4541058078439361,0.4403691588125655,0.1546093201712513,0.3078573169371641,0.4080530888432454,0.4363870035863985,0.46230110518668716,0.5020083404810755,0.9999999999999999,0.6239201311859801,0.8101511727323641,0.7075480547386894,0.5417320084845552,0.7732134962916634,0.5869061472302384,0.14460191611783085,0.2877066066909758,0.2022076674861716,0.2672342429936803,0.20709688965069617,0.5046142476865562,0.5243639046845425,0.39267412614306363,0.37362548286851777,0.3261561600377686,0.47370032385399397,0.5477309337308661,0.42962720209724226,0.10457773164224927,0.36802444867550016,-0.08617697054450388,0.32590405737560796,0.018155346028436166,0.12381160814428126,0.08129620493609041,0.30734409081912173,0.047022452660182124,-0.15173096976172146,0.17847551434978756,0.41510993208855446,0.19988368709227153,0.007652118450858179,0.09255750027927476,0.31932534523128564,0.06809615899938243,0.375407941111033,0.11725894716608247,0.2525660506190041,0.048751044529969485,-0.04866326046712846,0.33939764722746507,0.13303771331703101,0.38077547918720894,0.2866336170611281,0.12299070803303351,0.3510925199967205,0.4388872814138166
0.47219067474243626,0.5834495173445916,0.4658361338854833,0.664553045030422,0.4028344910270839,0.26338216852385543,0.7487602495383311,0.4802632963238766,0.4206533697406591,0.3147233109425493,0.21760566092770564,0.21331404558995815,0.23300752458714546,0.2906475636337232,0.31434052335386353,0.7391502065282382,0.251420054811363,0.3965501037325914,0.2351401025898869,0.2089723006512147,0.2538606942579459,0.2371086930663131,0.3634835986349705,0.051698386691129056,0.244039450566432,0.12607934448123645,0.2763271855256628,0.12727251859385705,0.25119503783127883,0.026151342674595485,0.4013492550142131,0.36607779912843996,0.5450783283404965,0.2224078293153438,0.2679371892919228,0.2125906459341271,0.05988321674744987,0.32148073605414457,0.2936626297852975,0.684342910524941,0.36039973132718744,0.3889236613383615,0.38054700414364173,0.38362210122830337,0.4505406417290216,0.27446667228544824,0.33718146836498636,0.36119581077492313,0.22470709478274462,0.45017521520825243,0.6423849131574404,0.6239201311859801,1.0,0.5881106362075761,0.37877693080984354,0.3777920366130703,0.476517243273102,0.4182560545605007,0.3874009417856116,0.3531455403554626,0.3058906870116712,0.30353791892284104,0.2532366892974407,0.4854181951033582,0.38144027422571547,0.2929747099178751,0.7271011584858672,0.27283835002900325,0.3812512440882712,0.34370208965734683,0.30315174092058567,0.23942622320560294,0.3037911627227139,0.4232879696011976,0.4209420434214641,0.05742426030657714,0.1710219967133837,0.18286568748298876,0.3260784084949662,0.38584523879427357,-0.019720527873417285,0.17296908263826205,0.2631814699071113,0.19075524587832846,0.11261948381507426,0.032432229238024086,0.058260010995249786,0.07709733291490337,0.2837264628791306,0.21032380914463028,0.5388241681985428,0.302298386298964,0.3270311735154533,0.4175274772028459,0.3126672506002711,0.3638377923629704,0.3532100304553437,0.2766650244974815,0.19685149772755536,0.4304028707561683
0.2792551588551498,0.8769509590565616,0.5523120022325081,0.9373807746439327,0.8361917624254207,0.36349036508648563,0.47049250311890445,0.6446161128948726,0.4785073489333948,0.036869405166478686,0.2128230886289858,0.15017523891967072,0.2623147944250835,0.2715240374141131,0.25113797928751685,0.5852779127339433,0.2673832008843043,0.3823364935367451,0.18696176541471793,0.17632512942074013,0.26711750673828777,0.17085939943175793,0.339503738929068,-0.16642017462857028,0.22139146957347358,0.0842903304086407,0.06743504277795556,-0.021395718319109736,0.1856724486861285,-0.04919054978205917,0.39179640211208405,0.31897659276440615,0.47944426108851157,0.19849042426571553,0.13377077066237794,0.152564495121943,0.07517655278781331,0.16314960356901415,0.034026671393227625,0.32270362820779036,0.16896643650662407,0.2523203475657366,0.26717939709890737,0.2940989853878095,0.3698555870152783,0.029097741008890687,0.20607014341590763,0.20747128515396446,0.22328896622714076,0.3076544045467766,0.4037050215653268,0.8101511727323641,0.5881106362075761,0.9999999999999998,0.6223610505800526,0.3972551764772674,0.5590912889538708,0.4513108707440539,0.2223767665756935,0.29241213017883855,0.21710972838149195,0.3355677008543492,0.0857834252677877,0.3085577384897565,0.31285292716533686,0.25042923546746093,0.4065406457977198,0.17371758960621475,0.21310761653087887,0.2996161940652458,0.30610467761498295,0.048227257589289335,0.13592569405378438,0.09521162287272342,0.18156938115292529,-0.04027717785617671,0.009763353917085958,0.10508206399202992,0.4677837978132513,0.21743072773011135,-0.15550487682103062,0.10417837894511224,0.34683949746872583,0.08155405312606238,-0.030156973283350163,-0.03761431014908312,0.06253482348492873,-0.007946908685395113,0.1783894301065957,0.1223230581758803,0.33837545040577516,0.1126739953264827,0.01838972479758623,0.3677310458958921,0.25873094081279124,0.2733174355219971,0.2460441898729176,0.053663208973177015,0.28576119271108946,0.34339888939454394
0.2900333723795854,0.6150377160589151,0.804119346806728,0.527257659271677,0.7682111831639106,0.8621461986668387,0.4987401469072864,0.7386963067562122,0.8298477384259572,-0.034999066039624604,0.14473137993024365,0.07499283899059145,0.15920754420485442,0.2534349452528703,0.339752459578827,0.3533118406890538,0.050823260854535465,0.49466053314985486,0.08474359530494198,0.46665596248856955,0.3773609494565953,0.07438217491924673,0.45693767474609687,-0.34354311939132304,0.042941430916256816,0.16810266608218377,0.15407771157010297,0.2933178695092971,0.3305731524666454,0.08848945312848992,0.2628815771345607,-0.04123476791982077,0.26676339577076097,0.038416540575909146,0.16187234875743864,0.545850599387021,0.3529824345442712,-0.027215559959857034,-0.2006907885720545,-0.05603400203890578,0.1791225564378088,0.302082599411379,0.21504197087987645,0.4522484404228859,0.2840023556427229,0.03538917474035633,0.22051367220399504,0.2940259484434153,0.5268078118864677,0.3055607447990742,0.2307794886596169,0.7075480547386894,0.37877693080984354,0.6223610505800526,1.0000000000000002,0.7951935015557183,0.5941869362446782,0.8581278251833435,0.2039011140222365,0.22473343655039302,0.18485301805667606,0.25376488942001224,0.271901606696582,0.2842552498004726,0.3945861942048667,0.32070108571674616,0.33647886356952,0.13091978981857216,0.20909370731536328,0.493104049992644,0.4744065772902398,0.0013327718263518576,0.46976740723983706,-0.22659443133059576,0.20060136796420075,0.13053094912699936,0.341877917703944,0.3099820714114397,0.27400348943180414,-0.106380271053457,-0.27453748763773284,0.10882978598630372,0.26139977224352023,0.12030916025297689,0.04984230703353718,0.06599813257462848,0.40447223574300684,0.25825251818224326,0.4936109574010763,0.04305787066359034,0.09449893775684398,-0.10792740372445105,-0.2438478930189767,0.31906012096696845,0.06493610768756365,0.3412933398068748,0.1928779031798332,0.1002692394192166,0.4810568506208696,0.30268693269272995
0.42686848104374775,0.36949669844120636,0.7283003011954945,0.38633687979877707,0.5115809251004605,0.8475847861035092,0.5106629112636136,0.5623141681257856,0.8424567491569417,0.27207965684969504,0.3728148401800173,0.2872472880596093,0.1915097073097879,0.4129706690298499,0.5360085265244662,0.28364179323260513,-0.060202371351718326,0.3632141776601367,0.02908137952090005,0.5316202918885194,0.3987672689484536,-0.06842790286669596,0.3862996421326787,-0.27552904561239766,0.15635383757579213,0.21389121551694992,0.14707921723509138,0.4316792392208226,0.5462214952995527,0.15741467419274435,0.16759596025319604,-0.03588297554158423,0.2883670823358819,-0.08385469077984861,0.06850487232865597,0.5429142951941275,0.37417259743369463,0.08881860808183546,-0.02165229227568133,0.04832917330046527,0.22696302210097888,0.3561183102874393,0.21808698910249025,0.438995820363555,0.23704478798120993,0.02938812359727038,0.18836583389263586,0.26408671631634656,0.6959039837805963,0.31567597605968023,0.4377670085496676,0.5417320084845552,0.3777920366130703,0.3972551764772674,0.7951935015557183,1.0000000000000004,0.41426157208799275,0.8504734528908473,0.4421086740623175,0.36105987406560996,0.32351777064905385,0.31001559798396766,0.4639877872067018,0.3253572279754893,0.4697545634019722,0.46892806039016083,0.4220623346788043,0.03509689834820877,0.14658527675739572,0.37636773319979755,0.5241489690832174,0.02384439810569238,0.4358565437683886,-0.07255383443460217,0.31196204831811486,0.28054877692078406,0.568254341852036,0.4644096515812762,0.10889109932066275,-0.0950244457022469,-0.20596621147438157,0.053235578702137167,0.12580402954654474,0.00777063018895022,0.04777899723161921,-0.008481771894068353,0.4582666858672064,0.3699338571258541,0.5487153602729105,0.032633492403122945,0.22773930808170836,0.08039948312767178,0.0019420336532869483,0.3566811798499312,0.07156457324462594,0.3243016154422714,0.16154408763825565,0.17349739906189982,0.6265910573138866,0.3245643258914459
0.38500916955677233,0.675724641469193,0.7594309644688412,0.5400078623392647,0.44277211884977025,0.38714663309424674,0.5618107175346119,0.9050974618992436,0.5425308740680281,-0.14259974518962917,-0.06688204405078749,-0.036269909056430176,0.29807830841421085,0.191520040948541,0.31533781216818024,0.6208741553472621,0.35246290180704154,0.7310928090118487,0.3241023270992625,0.2766116835275336,0.4770604799598414,0.21047397142156263,0.3607851245289196,-0.27204474288580394,-0.013866422164869467,0.04783396474927134,-0.04590570976170003,-0.04610008489722687,0.18691890399141514,-0.06999959903954976,0.2613128033771831,0.07869683101144985,0.15454637790551362,0.0978312489759971,0.09812988075673737,0.3145962220201566,0.280752021551567,0.052906390793767015,-0.05162471161782204,0.07383723911526154,0.1948233357995676,0.18344255710847565,0.18882226871353186,0.4492030005560422,0.29820645741011037,0.12686271625883552,-0.03263882396919443,0.26252336004670523,0.35551452925493915,0.42045922700115046,0.28183100572369324,0.7732134962916634,0.476517243273102,0.5590912889538708,0.5941869362446782,0.41426157208799275,1.0000000000000002,0.5650058123571094,0.007285935826343235,0.21009934196874797,0.21713166973759176,0.35250079896100583,0.22473816987909845,0.5511090943634475,0.5564939882959821,0.4125966857892873,0.25364882611232004,0.5347520329471546,0.5077974634624598,0.5515174864779903,0.47705949827776617,-0.07687679046551564,0.35233060215801876,-0.2933317489976515,0.3875012497440416,-0.010508467305821991,0.1918092324053867,-0.05295296681976993,0.26558098350914966,0.07561231994492397,-0.356127677316258,-0.16017517219993427,0.23422331567228713,-0.04545984790663932,-0.24214190393698132,-0.19482828413368974,0.1857098939668311,-0.1116220094488117,0.2579358125999891,-0.14411427491346812,0.054244878248010615,0.024311889703545513,-0.1419958794941495,0.19959832838305158,-0.13513528001163436,0.3130236292994757,0.15183427052052142,-0.0994506220984751,0.24454200109622726,0.334457214047939
0.36488254749741844,0.4597332897565588,0.7639769106745481,0.42267083647941817,0.5629311234440944,0.8028975549707954,0.6013773508393108,0.7343139110915912,0.9461199992575315,0.1865220956678553,0.22497323085911047,0.15128748122868022,0.24477999744133125,0.31385640691483857,0.4515860843890344,0.2773387363138798,-0.001159582952682038,0.4665167642554648,0.1042135877129851,0.5794276002889212,0.43814682441144825,-0.06941366798774495,0.4229742886823447,-0.3555828851994745,0.04524243212220247,0.12157333261161156,0.14257885693416686,0.2973099308592136,0.4439075607422474,0.06350155720393853,0.12373114762964449,-0.01827886032896789,0.2404736420768324,-0.04821099763987262,0.03817604492647042,0.6113871675763123,0.3022559864417039,0.10127401335004071,-0.045059106126733695,0.02346094172668709,0.2221446828517795,0.23016571421700713,0.14773780092397223,0.43391809193936104,0.23484603402842708,0.07739161093110111,0.15425079279434112,0.2901185140652512,0.6899390530765385,0.32124706457359475,0.3247128719100562,0.5869061472302384,0.4182560545605007,0.4513108707440539,0.8581278251833435,0.8504734528908473,0.5650058123571094,1.0000000000000007,0.2950966312942389,0.2622925324412219,0.28243982826581193,0.36439941291488614,0.2949693649823744,0.32325952464707663,0.4946044265434597,0.45331198184793275,0.4303138727265178,0.13357991626936422,0.21737399587057935,0.5112342757224447,0.6259978778620905,-0.02994696254939406,0.4989051341489806,-0.14755629315987173,0.2975316480113274,0.16498795440949127,0.4900861984251034,0.33315513627775906,0.13686787122898705,-0.08753780649042554,-0.2879067091280499,0.08771191970018223,0.09512851242799313,-0.017566364969527726,0.022224203819107016,-0.03314729957150141,0.3800284209209243,0.2724663802849151,0.5628844634491961,-0.012058274595930023,0.15072230861902278,0.056714029096600616,-0.03356923369948028,0.24871183049687634,-0.03698517460847755,0.29379043832270385,0.19642481193843989,0.16461449921347704,0.5858530121022499,0.33038590158459297
0.18276704126096435,0.019060548613921844,0.10237283946273082,0.26610900263985104,0.1050606391173164,0.3488361776553916,0.3495364537959456,0.028646800093823328,0.31461147073088136,0.7892301948112086,0.8449908812451888,0.7573230662674033,0.3649537235854588,0.6328262848968739,0.6677541807549342,0.15550040434757695,0.023874898485799486,-0.15285343146300495,0.008366147937226029,0.24546875872107277,0.14161159838145512,-0.19426767217089877,0.16844277746519937,0.2074978442207817,0.6465729291665344,0.46308943989802126,0.09871490769361389,0.5730896609953896,0.6623964077756541,0.5349224560559802,0.2414049738471101,0.3615831233309283,0.33548827564329714,-0.24013628678472468,0.04694751345656243,0.09183191924169692,0.14441319677701925,0.4864687024532912,0.44547820816021283,0.46665384412206584,0.14758443075842104,0.5280221911033125,0.27919681572426686,0.38088195441501715,0.12282101428965443,0.15728369758182748,0.2652875485533212,0.20400988986309382,0.238415965147736,0.24768364423721242,0.4330723106497751,0.14460191611783085,0.3874009417856116,0.2223767665756935,0.2039011140222365,0.4421086740623175,0.007285935826343235,0.2950966312942389,1.0000000000000002,0.7470013052304441,0.6997669203526143,0.47910770792036284,0.5147678814612863,0.24238206257740147,0.27056571854200373,0.5556594681351228,0.4790268545976825,-0.06199419977782148,-0.22858463620038152,-0.08201611920340282,0.358248667483754,0.32499385074220644,0.19695679674320082,0.5065339424343439,0.6091524318086716,0.6488037962334037,0.6150954458274875,0.6783891240020259,0.19636085640301237,0.4322821822803457,-0.03332748900933075,-0.11074031456112729,-0.020528742056411118,-0.06039289794356324,0.06138396274010519,-0.07342245309257472,0.17423971205578062,0.5038639171777418,0.2813359203651726,0.13274199691116406,0.5483628996114627,0.5834804855323091,0.5297226003873584,0.5711071580596873,0.5725457059248062,0.3897245543251924,0.24775397124629475,0.30414787784646496,0.2609320337912988,0.3876149796434191
0.14779192005041383,0.18727135407157536,0.22175299549310176,0.3508748956221076,0.137301692375847,0.26624771146992504,0.3842700104499015,0.19240695732083393,0.2600347160824398,0.48007993619011236,0.755921284338388,0.7047700292509603,0.25499594725860114,0.5840653891893409,0.6569133038744099,0.2361173566661664,0.26838069353766725,-0.002848391029377633,0.19858812508363327,0.22132488584368207,0.18287006631698027,-0.07562989537519646,0.15289519947541627,0.1353703241162847,0.4880878917790582,0.4325403933513439,0.10960543602856432,0.3884243028552737,0.5477907855777318,0.5105495749056965,0.28018320978582284,0.3003423985776304,0.07055145496821016,-0.1599048513832292,0.056205732938651554,0.15366184231374855,0.14812994954961756,0.15778855501660663,0.1378986379741488,0.3142762489574896,0.10627002153440641,0.33666494070887143,0.1397968235193582,0.39616009534187424,0.26062662858080704,0.07229450665528676,0.162792637105682,0.21151591968890743,0.25948773828860117,0.3156052735164033,0.2964959269751563,0.2877066066909758,0.3531455403554626,0.29241213017883855,0.22473343655039302,0.36105987406560996,0.21009934196874797,0.2622925324412219,0.7470013052304441,0.9999999999999998,0.7262966379373754,0.40668150684969734,0.5756319146441261,0.43287152759682446,0.439548410872432,0.6034919083715308,0.3960464705916293,0.11386786782164293,-0.09633872914687021,-0.001346939822871354,0.3872863925111783,0.24590547029415413,0.1790387017232398,0.28972504840128793,0.7472214130642743,0.6250429219440665,0.48244752574957683,0.5707322654870487,0.22008926685995117,0.3517343959585277,-0.08986423160798254,-0.10992780177067875,0.0324468018994006,-0.11453676981585315,0.0345260508255943,-0.049169972864949174,0.18097265504243484,0.2921824783582225,0.32102616030341313,-0.0065823627342034095,0.2650477209428366,0.3322347876397854,0.2641808279485562,0.31031778900597523,0.34303285329364863,0.3965734050332974,0.2282360026840225,0.2011315439848909,0.20894258867561488,0.44051483290022697
0.17210282699156332,0.08025451389178444,0.19288562911876153,0.2484108604232471,0.08140319501277032,0.26323548247111433,0.29850482400483724,0.18376012345222556,0.3004895338658854,0.5855553281593625,0.5918218858982732,0.7121557661564124,0.576447773495837,0.642915605519329,0.6380626767338606,0.14492851503238013,0.3846771132111772,0.03710924939842699,0.343319558332931,0.24445677475990146,0.3032110738776186,-0.09521106957082154,0.20405817166513224,0.08923582479622645,0.5131709510621407,0.4891632916637921,0.06386531967339838,0.3253112724030492,0.5228000739528916,0.5408260043423563,0.2091006734186551,0.2929166729701731,0.10189419268837878,-0.16797145765749572,-0.03430178627977428,0.2250959448583705,0.1820486540186019,0.41249536828210775,0.38796570776715994,0.2570215057000864,0.24045335575406482,0.40986987370644584,0.23076716476866324,0.5089470383666622,0.20235056413235775,0.19824771479412578,0.15665757219845447,0.3282288132549735,0.302930071526627,0.4248768241971753,0.3632539402034892,0.2022076674861716,0.3058906870116712,0.21710972838149195,0.18485301805667606,0.32351777064905385,0.21713166973759176,0.28243982826581193,0.6997669203526143,0.7262966379373754,1.0,0.6870162131196021,0.4406322926389264,0.42998798914394826,0.40802206740322705,0.6296280463052092,0.458748213829056,0.23044131178648322,-0.09376629504534646,0.09186404996368813,0.46315699259735665,0.17231032061434964,0.3547973530348217,0.2138306926482557,0.6269221350456214,0.6230262132988116,0.4743515949822873,0.5085013835959261,0.16530142915677606,0.3250991903359576,-0.23702343059492278,-0.09207592068293484,0.06194928049020186,-0.07214089612952476,0.05336972356731175,-0.0756781726419269,0.18376574493638131,0.3483901654270415,0.363297013323839,0.024221621170803703,0.4159403078274974,0.5620510099380315,0.44673606715086117,0.40882483615468534,0.27891215383087853,0.5284247293140164,0.3072040728470312,0.3390047151629637,0.30313696092490977,0.49617020638245746
0.2586165599681114,0.16389276683969772,0.2628191211926223,0.33255906501543425,0.2346158379050269,0.28266262889663873,0.3072566088751951,0.3422936670995533,0.41182662162399014,0.416748076025862,0.325654887125543,0.3983737867638096,0.8899594866249586,0.6492192757426649,0.5277044092053133,0.2678896473863313,0.4307438112978266,0.26772277094779107,0.43832833600394666,0.22888863263219694,0.3833375570328821,0.0241762750649236,0.26981174869905533,-0.030870968606703637,0.31078703948897235,0.13934506767639035,-0.03811108993634027,0.05769641098444727,0.3801654215317432,0.28902284396390326,0.32110540104254354,0.35778622424924106,0.3372745988229638,-0.02569022493134948,-0.06450651833363244,0.17332605689298494,0.12405660559691586,0.47273831162809477,0.4041158782401097,0.22794831727605652,0.19784789427936345,0.28219852052299876,0.23416529768525837,0.3112816855234769,0.206335086608536,0.18515905949149375,0.11148564900355507,0.2688107586560383,0.2909223189081253,0.39075622308041386,0.35756001769092927,0.2672342429936803,0.30353791892284104,0.3355677008543492,0.25376488942001224,0.31001559798396766,0.35250079896100583,0.36439941291488614,0.47910770792036284,0.40668150684969734,0.6870162131196021,1.0000000000000002,0.326674776038985,0.5036281555285547,0.43136212350295156,0.573428252251142,0.41818841680642094,0.386114215360206,0.1728795336904766,0.23220500300152033,0.4369058674488062,0.0774479888312778,0.24105449358471082,0.13375170251189875,0.3595560525080132,0.20895850379953884,0.3459680743182915,0.29622178513765623,0.3665597875500309,0.45708404019696464,-0.19621981350732423,-0.05827406087878905,0.1339181129924944,-0.03509563540801702,-0.04793228083620472,-0.09209817222647598,0.1229638945211809,0.1426436960855554,0.22005613344236988,0.05162697394486033,0.5220238752084961,0.5394350397036191,0.3837694268606459,0.40364100971976263,0.20795039404230278,0.31712142089145806,0.23025842243078282,0.19122501523778673,0.34393498195900013,0.45367015066715116
0.1108311771579095,0.06573845616172938,0.3244735041018377,0.11092174732891051,0.11116888975110156,0.4403017065505177,0.31471891137976726,0.21355801739777402,0.32358288778189065,0.1982593491348917,0.4823849658808088,0.344348961023568,0.2125761932513729,0.5052444113638309,0.6147618891787157,0.2001315047784444,0.03907573317301455,0.18457068844489788,0.008695761020172109,0.1342160273445396,0.0026203397536726887,0.15405557660374147,0.22852832431616107,-0.06553177977861765,0.15750025989856525,0.2870943664014555,0.3268970323645521,0.5348892970989203,0.42332420408159505,0.43188602548650373,0.2748810233696373,0.026104810027142943,0.014133892268652755,-0.05384801263077268,0.28677052050529966,0.2253547181731788,0.25745794429213337,-0.07610944605454112,-0.0727376606157424,0.08627430142673084,0.04574600984500898,0.18225973799938647,0.12398482771782335,0.2946715449002374,0.23437772743475568,0.11548925001230972,0.22281688551379936,0.27112852744979266,0.2946644441373019,0.14205695512508112,0.24456706753950733,0.20709688965069617,0.2532366892974407,0.0857834252677877,0.271901606696582,0.4639877872067018,0.22473816987909845,0.2949693649823744,0.5147678814612863,0.5756319146441261,0.4406322926389264,0.326674776038985,1.0,0.5302954942631669,0.4554392273835638,0.61540948978554,0.23844593133654998,0.09491349212333626,0.08289555802722512,0.10539675365340503,0.218334425413671,0.28557164845122696,0.4206501871564213,0.07323122224943891,0.4701907772980754,0.405677664070879,0.4997279129576872,0.5859649576459574,0.17267830394963993,0.08879769029527214,-0.0038196447002663064,-0.045653048419471445,0.04755643880242813,0.06807872296507117,0.08368515925397225,0.14798806247011653,0.281684660277063,0.31725840105801534,0.21080255156959155,-0.12446868242442183,0.04907017536142724,0.06377174338231821,-0.010679130910915357,0.20013501586001842,0.06996922505539264,0.23708471175240303,0.1685481413514537,0.07880512810243674,0.19826572452790547,0.2003628297702933
0.3513879486528997,0.33020933523094304,0.4242907440191453,0.3410790272623114,0.1929491916281085,0.23058697156940924,0.4827738895808367,0.5043384757986316,0.3536471111184152,0.11237203143801858,0.10643297931021578,0.2340925170121476,0.4153491740993776,0.5557119160883622,0.5967348517548413,0.4242378701430769,0.5318284515728608,0.5792235202155942,0.6171775005372837,0.23197439777840034,0.5355938241668778,0.226798904534157,0.35261026676874485,-0.0867396014727037,0.0373052542378695,0.20011257459193543,0.09685474790215355,0.14334115145054585,0.3812943782221882,0.20421614905601737,0.22845406300739365,0.0040143303374784505,0.15470636665169513,0.1167681786275254,0.14210244040104175,0.3246503370664855,0.29043143850349185,0.11590750608022861,0.154388362725693,0.23275366298897357,0.33323997852324694,0.264712106174193,0.3311546655766469,0.45017328618425834,0.28486226850924345,0.26703528464389503,0.18976203964852514,0.3442021962591258,0.3610205229976187,0.5132967303621473,0.31143544072561796,0.5046142476865562,0.4854181951033582,0.3085577384897565,0.2842552498004726,0.3253572279754893,0.5511090943634475,0.32325952464707663,0.24238206257740147,0.43287152759682446,0.42998798914394826,0.5036281555285547,0.5302954942631669,0.9999999999999997,0.8040778200925471,0.7018597994048906,0.43207143283150784,0.6548538534695035,0.5156121896043344,0.3862987629984252,0.481043086912938,0.051018163124606546,0.4871499616969087,-0.0019412083197239934,0.5534414724136888,0.1931041572032962,0.3332066979567458,0.27485661152551355,0.2137541290769418,0.12283005334719582,-0.15060824787441607,-0.0028684222238905986,0.21735604394287775,-0.042909843836058024,-0.1126143435555704,-0.036885032155234934,0.2155697008670594,0.08972268176816825,0.3209937220753132,0.015157192245801542,0.1988943420184052,0.2713989309409594,0.16801506507307717,0.26868135508055735,0.026216039427689297,0.3857566728467445,0.2563874720200762,0.12930642086914898,0.24683516888056814,0.4999219778348523
0.3237050692302394,0.3648585016983839,0.4947131400851184,0.33507981741209636,0.25119310850570353,0.36177161764552107,0.48163014292963086,0.5881972182839642,0.516492876501927,0.16017474166522097,0.20395207719759814,0.21270101713993833,0.2826511187191637,0.4867846189664164,0.6976387930275845,0.30267621095706054,0.3457394221179435,0.5623377421539297,0.4750344681177069,0.4672443719178039,0.6491012244423415,-0.045504273108928434,0.34142887762783275,-0.18793944529592374,0.0761888559456663,0.08537500260887763,0.006678942554091569,0.20138711149195943,0.5607488892230791,0.10545103656597618,0.150849142411675,-0.009658569097699873,0.17519532433013907,-0.034675716735148555,-0.008388561974150728,0.43265458899188847,0.3761351589648708,0.17834463497611996,0.10820533249692998,0.11620733494714787,0.3155602531673535,0.29402528415914764,0.26520088656269036,0.5156029557489032,0.26868128501785216,0.2591786503668981,0.10923409064163624,0.34814818369326833,0.5637610315972299,0.538263219187697,0.32118514809848314,0.5243639046845425,0.38144027422571547,0.31285292716533686,0.3945861942048667,0.4697545634019722,0.5564939882959821,0.4946044265434597,0.27056571854200373,0.439548410872432,0.40802206740322705,0.43136212350295156,0.4554392273835638,0.8040778200925471,0.9999999999999999,0.7677719939864641,0.3983648071538401,0.4705631615141166,0.39302830249930754,0.44661675102511916,0.7202310528747791,-0.12385700788744389,0.49705088859766505,-0.05855664092344185,0.5333673743764771,0.22656425099947342,0.5141776489692794,0.273240750797917,0.12276490041685571,-0.005659099548898328,-0.25624867510107424,-0.04826281652832216,0.12704284246804162,-0.18373045608237357,-0.20128064141379926,-0.1700951403477884,0.29206703585931754,0.09974404702428237,0.4579248450618593,0.02077188519054102,0.12183230956775835,0.18524084051934894,0.11948432647611205,0.29454501379237824,0.03681902848223934,0.4103765182005054,0.3003728049539652,0.1361182956665571,0.44520646118437823,0.5275890144881408
0.27602084440222363,0.20138930953342238,0.3969240158563435,0.2707250226261834,0.15528238584673035,0.3588491760731706,0.398222025334189,0.42361396397372464,0.4868194649392583,0.4050630933546476,0.4746947882742682,0.4524245527092663,0.4393104016384974,0.7027336815012379,0.9292214327495807,0.23323816513446138,0.19456313393828137,0.3048395681535514,0.2749443205518315,0.34522847101228016,0.4591481852857578,-0.10572818473100375,0.36524808091806205,-0.14200396674264804,0.21215488813130648,0.2426573930819757,0.051413337847913534,0.39207996152516494,0.6797842090713861,0.4138377990125478,0.23370983673626877,0.05543624904001493,0.15182773160720822,-0.21743546089573926,0.004807087977427367,0.37701648531151805,0.3405901402590672,0.3041063028497931,0.23848879807834517,0.16038448243416134,0.22126014148944365,0.37827534454686124,0.25318729071361573,0.5628051284964957,0.262089643789804,0.30455332645616956,0.2031773279502939,0.3697462799549672,0.5132014890841166,0.4382877578356334,0.384956630069617,0.39267412614306363,0.2929747099178751,0.25042923546746093,0.32070108571674616,0.46892806039016083,0.4125966857892873,0.45331198184793275,0.5556594681351228,0.6034919083715308,0.6296280463052092,0.573428252251142,0.61540948978554,0.7018597994048906,0.7677719939864641,0.9999999999999999,0.3531832218871223,0.2508385310865941,0.0833831156866251,0.23040402224606346,0.6471485321291596,0.0010977107080891385,0.5144135151367579,0.00037979901704144817,0.6206674314262057,0.4026526767030634,0.6880232379211342,0.5543561188911007,0.2435919472273937,0.14894680674305769,-0.2534160371039184,-0.14674817846614743,0.08412028487572398,-0.19886425707670283,-0.06980700775178034,-0.11366772558284144,0.2789827426179473,0.308983183084417,0.4185543119072217,-0.07021599823933758,0.2779354298090014,0.3419015294732246,0.23076500858392804,0.4090481806625056,0.1535259756249712,0.48643104873994153,0.37199935636013637,0.2640942634037026,0.4460673846616199,0.536747900623561
0.39028352913605274,0.2904178379967793,0.288598170108954,0.4334633477814675,0.34053306315342785,0.3234374434096227,0.6661441074979197,0.29691206217149513,0.44554840333047363,0.4175584785779641,0.3089252408356735,0.26440524225392664,0.24291207969416195,0.4234667586912944,0.36152742267541693,0.404553950571827,0.17656314142315854,0.15825293977249857,0.26784846579581,0.3943297590911667,0.2868517955065793,-0.0816754483088885,0.20371844897491626,0.008959920188316936,0.26725086184383146,0.03159776681234498,0.12298924544200927,0.08956085148813939,0.4384395243599648,0.06559524175534256,0.3585605557071173,0.36475965725145737,0.2987934313267993,-0.05869410639168091,0.020165437338336385,0.2903856816053686,0.10369333584550669,0.3622860547032283,0.32664158861286696,0.5675689296615728,0.30716979887500895,0.3063474060952635,0.245682553910319,0.361334169309846,0.30675376754221106,0.23431802176165048,0.232921545051797,0.4055520484728444,0.4284537323292627,0.5147303058367984,0.4543738510745234,0.37362548286851777,0.7271011584858672,0.4065406457977198,0.33647886356952,0.4220623346788043,0.25364882611232004,0.4303138727265178,0.4790268545976825,0.3960464705916293,0.458748213829056,0.41818841680642094,0.23844593133654998,0.43207143283150784,0.3983648071538401,0.3531832218871223,1.0,0.17132249223652316,0.08089367407435709,0.18069295784071107,0.45183310919677905,0.09509025869468993,0.3104600764205355,0.5254548408504902,0.39775782756586153,0.09142355786375489,0.3145857168015393,0.22156669252039346,0.2945022239610237,0.3512220034381569,-0.09348322137555469,0.168105856193262,0.11429151837948986,0.023237905411172998,0.04155294460673343,-0.08907395717040435,0.19549156303269113,0.078481122295283,0.5492689895110376,0.32265082309305526,0.47534828661053624,0.3846293836924159,0.41600981178459523,0.3408426029227258,0.2889595819831004,0.36238277566892224,0.3623048052719469,0.445259423922735,0.46101897900543976,0.5992956657215229
0.31961310637909623,0.22417318222784144,0.29640933636981426,0.1876295706661469,0.04958343932216981,0.02613656799521465,0.38211957677524927,0.4094928410088967,0.14170288860485078,-0.03277192905706806,-0.1889091516173454,0.01713606939208686,0.4079595546438498,0.25880171408891117,0.15732257660542684,0.35113354924611206,0.7491280760965116,0.6170617605906709,0.8289514791838134,0.1969867425711913,0.5592957668363036,0.26525650438565335,0.23143046406151216,0.2725914192340718,0.023330939669484265,0.14003578112668832,-0.16328213817297188,-0.1448154498000113,0.09450294998631933,-0.06794205782192848,0.25144479248256346,0.17430119309008021,0.05516256543756036,0.24447254400034674,0.049734361588203414,-0.004957822658058416,0.04891015076223868,0.18649965441185148,0.18560841132254716,0.14295600830254057,0.23244441563691579,0.16582753423710417,0.3097871422462484,0.2122293275308487,0.1799263845944993,0.07166118948342513,-0.06004869282898345,0.0010744040790306387,0.038894150307589775,0.38032845803206944,0.15321661476374696,0.3261561600377686,0.27283835002900325,0.17371758960621475,0.13091978981857216,0.03509689834820877,0.5347520329471546,0.13357991626936422,-0.06199419977782148,0.11386786782164293,0.23044131178648322,0.386114215360206,0.09491349212333626,0.6548538534695035,0.4705631615141166,0.2508385310865941,0.17132249223652316,1.0000000000000002,0.702642027579263,0.4165785198828977,0.377452858232717,0.15698601869235357,0.3389685983373113,-0.09804512264071563,0.45389834196429324,0.1584291011967616,0.11397809595629844,-0.08929055054507136,0.18655891510109493,0.22154996381497422,0.051767691586284886,-0.06622753807135114,0.2549312228308722,0.002184111169172755,-0.16331949634755405,-0.12760341392571964,-0.014107163323392765,-0.16975026489547315,0.013083721809388124,0.054606092353887276,0.11944681666589853,0.26448563743559717,0.16068722104264901,0.19211283563900497,-0.02955814837876781,0.13938689125741208,-0.0374170025984812,-0.10786101849633661,0.030639395990025492,0.2599538462599095
0.45883675363389986,0.4317533330562294,0.4879095275352432,0.2806439525106708,0.17966945094702494,0.11476333548135415,0.4421765068997947,0.5151374886835998,0.219043831651827,-0.157420810536616,-0.37212931302387636,-0.29867442078276973,0.2046311534497687,-0.05675503636195947,-0.004898064738384894,0.5652948487267079,0.4809058148824135,0.8284652539507966,0.47620088280413636,0.16750938949001537,0.32005317194733923,0.6050396513669236,0.3378142057365772,0.19431931995105406,-0.26312381092103776,-0.031238875260204035,0.10303389991211014,-0.17856437338830874,-0.11390796526243559,-0.29015224179724664,0.16651388687405666,0.032528482280688824,0.22813146214119923,0.6541778013525064,0.39136282706373215,0.11711145755352789,-0.0074985421602220895,-0.022356398483950927,0.12857039980904011,0.20749810343378536,0.2961115942014558,0.032091741510224044,0.3482098650194389,-0.0369472392014295,0.20624749113266114,-0.032191951328222244,0.09342520986834951,0.0129092990330605,0.04412139419744981,0.21231997255220245,0.24375488514181498,0.47370032385399397,0.3812512440882712,0.21310761653087887,0.20909370731536328,0.14658527675739572,0.5077974634624598,0.21737399587057935,-0.22858463620038152,-0.09633872914687021,-0.09376629504534646,0.1728795336904766,0.08289555802722512,0.5156121896043344,0.39302830249930754,0.0833831156866251,0.08089367407435709,0.702642027579263,0.9999999999999999,0.723181839674385,0.2193249823861467,0.28970221156370646,0.2691654018863734,-0.16135015203212777,0.16355353229826577,-0.12565667416848159,-0.10929924980070542,-0.22678661133548095,-0.004444707127947622,-0.008270819328697906,0.2615266138539868,0.3109013235540625,0.2695409712967218,0.3299293094975093,-0.07434311634916847,0.1729312963587442,-0.030404742246752197,-0.2200022133463897,-0.06079991825418125,-9.167057338751602e-05,0.04523497427674244,-0.044978915878518294,0.00313096331093662,0.02776294697849211,-0.18169388992675084,-0.09387147031289797,-0.15993232045489458,-0.20795893483880215,-0.04759607833049094,0.03519952977061886
0.4360036115375416,0.46001730678839425,0.6315800957726313,0.33258008274712353,0.3604900699213166,0.41463801669749006,0.48998226242343323,0.6383303970801061,0.5290653435292161,-0.04492203591171573,-0.2537160652815588,-0.28109391099006664,0.18614516059947245,-0.0056456297519781404,0.18116940049229827,0.47906971301078144,0.20269699164524477,0.8056635717406974,0.25519416531295547,0.4297387132981567,0.2882620525510443,0.38523778706964273,0.4680707494329624,-0.09615079042980332,-0.20736429841890341,-0.05047397979432596,0.10344628155010292,-0.027861247020877448,0.0826382652554178,-0.1605982521990113,0.14596801204730442,0.022452771604181167,0.3162605422715819,0.49593219850378645,0.34404226356200335,0.47368582626486366,0.1222728573612275,0.08615995034856516,0.12392505058656035,0.019773822682201205,0.2894004862872506,0.10970417314726227,0.2902698774945009,0.10777007839248803,0.2018154588537205,-0.027495108289677137,0.157753510484278,0.1579035010872953,0.27715947289676424,0.18744879224227665,0.30662322298776196,0.5477309337308661,0.34370208965734683,0.2996161940652458,0.493104049992644,0.37636773319979755,0.5515174864779903,0.5112342757224447,-0.08201611920340282,-0.001346939822871354,0.09186404996368813,0.23220500300152033,0.10539675365340503,0.3862987629984252,0.44661675102511916,0.23040402224606346,0.18069295784071107,0.4165785198828977,0.723181839674385,1.0000000000000007,0.4772878625783948,0.17936881643724026,0.5635472244526794,-0.2837263077451308,0.14907211892339609,-0.050846564360925564,0.09478989653769519,-0.06515278415328304,0.00964230645794539,-0.11964448503709672,0.00043441152549232196,0.3818996448426896,0.21431168862014302,0.3157523395200682,-0.08707722650297313,0.2115234738520435,0.12379287454788487,-0.07059957316482598,0.23158795472900126,-0.06902203745490962,0.06067851317283019,-0.03441637470915386,-0.03828019950248483,0.09837083511928811,-0.16029279974661492,0.014231167378239033,-0.10539866239086748,-0.03790084155090405,0.1773627138888863,0.06733436300463264
0.3210415898366843,0.28010814704290105,0.48418365101209665,0.3270995928750326,0.25560082609990686,0.40937578025966576,0.5477103133731035,0.5296167513396719,0.6017628690986622,0.29586655119286814,0.21023120542428128,0.24895933815201965,0.30579678288276946,0.35191043417049006,0.6195534628725958,0.17653969168784692,0.18712369424903808,0.40244251255564834,0.3486216277795616,0.8242556800272524,0.6408963647913031,-0.32647895354075046,0.22160149553677674,-0.08301892463355388,0.13627239134662314,0.07886154959112723,-0.14373927303229092,0.16271007285018121,0.6930742066542137,-0.017972716760934947,0.18857787732651468,0.06648818806438982,0.21806689159482467,-0.2239821954919034,-0.22326236802279262,0.4863670242304997,0.2993618159480094,0.3423648263384224,0.20798229863446707,0.10649963713624104,0.30158325718766965,0.27561946195515913,0.19687945934983506,0.4826242447389686,0.17094179489881983,0.16600425388836276,0.053558096240921775,0.2632207737872287,0.5372563134965002,0.549276489872023,0.32726962813953353,0.42962720209724226,0.30315174092058567,0.30610467761498295,0.4744065772902398,0.5241489690832174,0.47705949827776617,0.6259978778620905,0.358248667483754,0.3872863925111783,0.46315699259735665,0.4369058674488062,0.218334425413671,0.481043086912938,0.7202310528747791,0.6471485321291596,0.45183310919677905,0.377452858232717,0.2193249823861467,0.4772878625783948,1.0,-0.12172566443495812,0.504808142715143,0.001906139679427398,0.5675618522281918,0.3063687019152669,0.6171153788792003,0.2373164279249584,0.1696985681927954,0.10699213503371931,-0.19681467196115182,-0.13533898166140923,-0.030728775740597875,-0.2998016917986229,-0.20980386083853306,-0.3140191816878739,0.2011008283595309,0.06061193887464403,0.5847443277113183,0.11146882439968317,0.1969743690376999,0.2624706886224945,0.2521514522840876,0.3647536149317811,0.09167380573933433,0.334666259052718,0.23987872627756432,0.1886594553403198,0.47708230731111717,0.5319121633963814
0.09309495371117071,0.10279537879747672,0.06252514553940454,0.10740213933033477,0.009564486091213537,0.05237693963096486,0.26729395677098067,-0.009328617385263221,-0.0463288837294058,0.23392254254759842,0.22035899046180707,0.1640029036474986,0.08880866694298056,0.07239964818746848,0.11835539614626832,0.24980672728543166,0.1605510093664882,0.11798846840914667,-0.022220359882190142,-0.08146541985518027,-0.18757969706055103,0.5502292699603077,0.24620947830993636,0.5581113692910527,0.20260454223361216,0.4444400011329856,0.3320834060080218,0.2995080242706808,0.07723615920135221,0.15798454859144057,0.24638072941703026,0.26284129796919364,0.0699226847791403,0.36378181542046906,0.6009369218579573,-0.2043012938587717,-0.2711015493379277,0.010606692034625843,0.12333056756749566,0.34818562555305904,-0.05353710283993874,0.20704423176052633,0.31761098969745355,-0.13748281916473662,0.20992583365534068,-0.14964021377660308,0.2572713970592928,-0.16675700342546587,-0.28232752766220776,-0.18419309948592735,0.16007469688063522,0.10457773164224927,0.23942622320560294,0.048227257589289335,0.0013327718263518576,0.02384439810569238,-0.07687679046551564,-0.02994696254939406,0.32499385074220644,0.24590547029415413,0.17231032061434964,0.0774479888312778,0.28557164845122696,0.051018163124606546,-0.12385700788744389,0.0010977107080891385,0.09509025869468993,0.15698601869235357,0.28970221156370646,0.17936881643724026,-0.12172566443495812,0.9999999999999997,0.18449981282569128,0.31240390527121054,0.32599217958261956,0.44678059988135377,0.10855743182828687,0.31505677717514863,0.1202734192768121,0.24889759283876522,0.5710769208809545,0.2392165108675794,0.2444316172891362,0.5785337587219166,0.2752259640553289,0.4035823952210348,-0.09513480837987599,0.22204033259856173,-0.22101322111951344,0.04754739606000851,0.20623326506705386,0.09474737003374598,0.14907730013059645,0.21530505412775083,0.4160437595340818,-0.08375748787255774,-0.1930643653683019,-0.018803929507128756,-0.2357904816229916,-0.12909532081370192
0.3286963691253064,0.1955091752705608,0.49584739109203674,0.11610977784277404,0.23011621222805978,0.48625202603293083,0.4948109463676392,0.4371109713774606,0.5197724149592715,0.1284944892283396,0.04664779768048303,0.03740048257516152,0.17354273104113288,0.32446570554167914,0.49063835025208824,0.27472350839551096,0.08248308656983107,0.4829928367861507,0.19310427736640043,0.4418610392960838,0.34201865814806043,0.09257935245109579,0.6117783934910991,-0.12288993138218185,0.035631171043107764,0.1727102075597585,0.19929792631813723,0.3921626304876975,0.4466248112638112,0.2503388569760957,0.09781632673532226,-0.05257120745684996,0.15577639558252615,0.03548572614712403,0.25057804656602356,0.4768058775200189,0.33785737016267475,0.15659707988587332,0.06027783360202185,-0.0011923976553060978,0.24512804118586143,0.29353295033599613,0.2687136970409266,0.3858589597763623,0.18341315345848141,0.20228423640290166,0.2830967438458098,0.35084350285796007,0.4332719724072908,0.20912116181632584,0.326030313440081,0.36802444867550016,0.3037911627227139,0.13592569405378438,0.46976740723983706,0.4358565437683886,0.35233060215801876,0.4989051341489806,0.19695679674320082,0.1790387017232398,0.3547973530348217,0.24105449358471082,0.4206501871564213,0.4871499616969087,0.49705088859766505,0.5144135151367579,0.3104600764205355,0.3389685983373113,0.2691654018863734,0.5635472244526794,0.504808142715143,0.18449981282569128,0.9999999999999999,-0.19142244814345893,0.36655283651691173,0.2852874850801875,0.5279628646199658,0.39387190038094405,0.0359830672533481,-0.10267619001280284,-0.058506199506039136,0.1294766733354258,0.1623390501651631,0.157956711604645,0.0753385737553622,0.18399198942040323,0.34771568352341264,0.269731669147002,0.3868734221490368,0.009250906305668697,0.08550599089103611,0.09491404220208927,-0.00630453542858859,0.2761263940939975,0.03087908434238317,0.2850109193903572,0.17113900570366505,0.3411019476623583,0.36573222643180514,0.2347582291136506
-0.036007421414099613,-0.04536448646633459,-0.3446468461640461,0.1878266286593029,-0.04173217926598598,-0.2331169383522935,0.20590943727541786,-0.3002889252571671,-0.1750759570038605,0.5863908208111479,0.44056588061222257,0.35956583682740306,0.11580272330042453,0.2412125003308952,0.08218314976995231,0.0779590801385898,0.059672341221759344,-0.321590979924086,0.01870686047559601,0.008992956708558326,-0.12093909802220008,-0.07787754702028388,0.010953091703311046,0.4370311758817182,0.37705245139841237,0.08933485390781186,0.11910505786119974,0.16027758195743638,0.2208694935664428,0.16929949132369676,0.20520558455662952,0.4935666418949163,0.1923425541635658,-0.016161005820518284,-0.03509569737200053,-0.20356530824516844,-0.16154395145185332,0.4253569355351138,0.48644077298126803,0.7538996661298889,0.15712544057530436,0.2626121788233413,0.24482226261793036,-0.03595533015329382,0.054064406892212126,0.17033138372007928,0.30619236085511387,0.16467359758430233,-0.16370725097008296,0.23197335132015803,0.24696871340330812,-0.08617697054450388,0.4232879696011976,0.09521162287272342,-0.22659443133059576,-0.07255383443460217,-0.2933317489976515,-0.14755629315987173,0.5065339424343439,0.28972504840128793,0.2138306926482557,0.13375170251189875,0.07323122224943891,-0.0019412083197239934,-0.05855664092344185,0.00037979901704144817,0.5254548408504902,-0.09804512264071563,-0.16135015203212777,-0.2837263077451308,0.001906139679427398,0.31240390527121054,-0.19142244814345893,1.0,0.23257722762693475,0.1375464637841941,0.04090613152563382,0.22664972985419213,0.19466919297004578,0.5563540315321045,0.23650134342530377,0.08292448023998433,-0.12696199937155708,0.00867877950487247,0.12319583202772495,-0.03648649210912616,-0.11550735949860938,0.08750890811031468,0.06881519821806399,0.43176336863557985,0.5055652156082088,0.5007673266102696,0.6892396050059596,0.3325676808530509,0.5706715449939324,0.05286235814186761,0.2509744644857314,0.3645287614943205,-0.09606297020394255,0.3082881972413306
0.32493206194294627,0.15848908876210402,0.24937471339620954,0.24410666052969116,0.02067626873301163,0.17575142481465866,0.4966205796424226,0.29845653849627984,0.2387319380541052,0.40362801793545683,0.5345876958629668,0.5903581832903467,0.26168373051916066,0.5033304979272462,0.6649744014104502,0.3583929060593396,0.3877056496647894,0.20284314935073938,0.3233774148786568,0.33346604188564066,0.40107614362669686,-0.058885831940056504,0.17733715755092755,0.27391103120239857,0.4633337877835503,0.41746399832658787,0.043102937959688316,0.3199898070804201,0.5932098208512552,0.2958638845692447,0.2868427719463504,0.2316983105564206,0.04097075371652378,-0.21787836746155706,0.07811680900371946,0.15506469186237362,0.19241413484252773,0.22699670033678832,0.19859982566260362,0.3282989717394526,0.12584021970834508,0.4263343758506439,0.2728653477063458,0.5005428075703897,0.27718344178396187,0.19350282735038332,0.12329802465744952,0.15020870803738895,0.1999506782959983,0.42113149709572206,0.32774943727799194,0.32590405737560796,0.4209420434214641,0.18156938115292529,0.20060136796420075,0.31196204831811486,0.3875012497440416,0.2975316480113274,0.6091524318086716,0.7472214130642743,0.6269221350456214,0.3595560525080132,0.4701907772980754,0.5534414724136888,0.5333673743764771,0.6206674314262057,0.39775782756586153,0.45389834196429324,0.16355353229826577,0.14907211892339609,0.5675618522281918,0.32599217958261956,0.36655283651691173,0.23257722762693475,1.0000000000000007,0.6309040674285327,0.5687195399577761,0.4204106251996793,0.20483927806548524,0.3520328409359357,0.018039936346004218,-0.2058191853916977,0.08436885124537928,-0.11654460073371865,-0.012591517823088927,-0.14997501382251519,0.1406568122771236,0.2079548461977542,0.31473675624789227,0.10306171325058816,0.27196695143564975,0.384664601760375,0.33036590664367727,0.4611949138472495,0.3667709938836575,0.45190393072948676,0.26725036426061716,0.15948460045418064,0.13532986098175476,0.49731909380520056
-0.0016628747872713615,-0.11087209393428751,0.10082705413987766,-0.00556916977632358,-0.09334630183790561,0.28980502824603505,0.16743903553388298,-0.007975256105213324,0.15159056548905986,0.4769079466741943,0.6266882737804542,0.7265941148300551,0.16469574683359625,0.42659603985293076,0.5387111331370685,-0.07431137306256484,0.14476246839909543,-0.08935393790013671,0.13846332424603436,0.2663981991779408,0.23267177792156493,-0.06534079220848539,0.11243753964698201,0.32370657186354135,0.6188205110872129,0.792920933889179,0.1512489207071445,0.6551919895354692,0.5327382782854847,0.5135711040084692,0.1116608861692959,0.15465576685220297,-0.044127581678477516,-0.21701142590856648,0.1293701373784114,0.022370746336888882,0.04045106380733528,0.15886447683209187,0.11944595497032466,0.0784778424553928,-0.0006354104503882017,0.49947083003362686,0.20771969491899553,0.3324868115631868,0.1028903979840431,-0.07722703846885427,0.08920609467183867,-0.05436322144270779,0.06412382477045848,0.050878432683868324,0.16881518460605469,0.018155346028436166,0.05742426030657714,-0.04027717785617671,0.13053094912699936,0.28054877692078406,-0.010508467305821991,0.16498795440949127,0.6488037962334037,0.6250429219440665,0.6230262132988116,0.20895850379953884,0.405677664070879,0.1931041572032962,0.22656425099947342,0.4026526767030634,0.09142355786375489,0.1584291011967616,-0.12565667416848159,-0.050846564360925564,0.3063687019152669,0.44678059988135377,0.2852874850801875,0.1375464637841941,0.6309040674285327,1.0000000000000002,0.5910514519934634,0.6591297170465763,0.03167651742028674,0.19615990261129768,0.0821388975673117,-0.20260196999172758,0.04183218786031227,0.048348432278699525,0.1376278284130466,0.004143468498072904,0.09976500898425662,0.5616690705175725,0.12484881632373508,-0.04436009935573867,0.14375275306444718,0.34674039511993443,0.20229454308768563,0.4012588191371333,0.40961199348791555,0.3187649644999906,0.0023509977804711877,0.11813639368161845,0.09658762387886556,0.10486685318407048
0.2371143579231458,-0.044492790736799945,0.33616664728436396,0.054901548125099,0.03775704500624527,0.4788670634457853,0.34909662594707974,0.2560685819334088,0.5266717412238243,0.43904239011977486,0.5130179512326448,0.4863709207906575,0.27310336837723487,0.5201264116968968,0.7674380033231832,0.0111706694513083,-0.09580220544929186,0.07624242099149005,0.07662606182077533,0.5634245053542816,0.44020846639127814,-0.34800916864476106,0.2542981767191766,0.009945919887097471,0.3166549343152913,0.31623666770504405,-0.03699710573886078,0.5722245360070419,0.8400986478664663,0.42511390897300877,0.09285186982142471,-0.013458097774152883,0.09158078149810396,-0.412170599963677,-0.14456026352628737,0.2890814236844357,0.2833704408727997,0.22017791164334835,0.10552526860454631,-0.0017191700026138294,0.006322444716647779,0.38420839709706456,0.02838346022491203,0.4230315846711054,-0.0003070513393218476,0.03927755254367771,0.019700901767170636,0.08533167720421635,0.45454403159823226,0.20597756441352766,0.3234011686404063,0.12381160814428126,0.1710219967133837,0.009763353917085958,0.341877917703944,0.568254341852036,0.1918092324053867,0.4900861984251034,0.6150954458274875,0.48244752574957683,0.4743515949822873,0.3459680743182915,0.4997279129576872,0.3332066979567458,0.5141776489692794,0.6880232379211342,0.3145857168015393,0.11397809595629844,-0.10929924980070542,0.09478989653769519,0.6171153788792003,0.10855743182828687,0.5279628646199658,0.04090613152563382,0.5687195399577761,0.5910514519934634,1.0,0.6901303960131434,0.05428657123482014,0.07771605774599508,-0.07397217607566829,-0.2864324054408675,-0.1517070708273593,-0.24057929436653128,-0.0525941157624284,-0.21276677435587185,0.3181560819864044,0.44641806093993014,0.37427082468016215,-0.009820821126400276,0.14833976819905123,0.23452779358865522,0.13946780507940512,0.3842516458196457,0.2207065664263663,0.29358349714012233,0.09194903313214393,0.2039671655043015,0.4835269761704983,0.3040462790670251
-0.054732649010715055,-0.013777643783113127,0.1684470420267246,0.1305414638201571,0.1702001288079689,0.4692071508008448,0.1764605267147946,0.03741861048283505,0.3544822559836745,0.4425355041124039,0.6736634454088509,0.6438599108110642,0.27117239442326896,0.5769383350995821,0.639176390408434,-0.02170000119610769,-0.08840899905529093,-0.12631992558311478,-0.048743332711049546,0.2233199559566131,0.11225004579569829,-0.10709103472757767,0.38861804276183143,-0.018294827027063115,0.36278961012213823,0.569603848719637,0.3185111438762524,0.8035381330565724,0.5975383325045002,0.7648186600527227,0.13661988121683266,0.024782621943903675,0.07998607343817418,-0.2348081883030575,0.12444074889122078,0.23799010840567306,0.18096654808112092,0.1316025553300155,0.042520247171459115,0.0909503580420491,-0.03983822190682724,0.4544977164739907,0.08373864675511991,0.37968004612956235,0.09149322558826842,0.044598888944311035,0.2284632550490007,0.19601220415573317,0.2544989841870994,0.07921865984863499,0.23407440745553368,0.08129620493609041,0.18286568748298876,0.10508206399202992,0.3099820714114397,0.4644096515812762,-0.05295296681976993,0.33315513627775906,0.6783891240020259,0.5707322654870487,0.5085013835959261,0.29622178513765623,0.5859649576459574,0.27485661152551355,0.273240750797917,0.5543561188911007,0.22156669252039346,-0.08929055054507136,-0.22678661133548095,-0.06515278415328304,0.2373164279249584,0.31505677717514863,0.39387190038094405,0.22664972985419213,0.4204106251996793,0.6591297170465763,0.6901303960131434,0.9999999999999999,0.16169415896603057,0.12549544796719864,-0.06408661161762055,-0.10288103008706377,-0.045550433174857796,0.03321082694812507,0.28291825814326593,0.11769292036832596,0.29133686905596134,0.7763303676897352,0.26004725550965685,-0.01898616508098022,0.23162231427679078,0.23329296573790398,0.11911845964150368,0.38975776498855874,0.338528901519882,0.3435960444665062,0.21516907962976548,0.31406565961422134,0.28101191171881346,0.22160839641067637
0.06155126835102386,0.3263227196053181,0.19551267856217286,0.38908371790212426,0.4250353717237001,0.17693013064926993,0.24179701294392683,0.21594908493624707,0.14430087692942237,0.02851978739465284,0.2249870226857996,0.12142655193203608,0.22018678010000894,0.3036517591861559,0.22579910451907564,0.3190871629717495,0.1805020016198828,0.1088446607771015,0.16015639888011207,0.033077926596470006,0.04330064631829782,0.03656302648835528,0.12324269337891701,-0.0535179781605769,0.20735262750935607,-0.03708805695350663,0.03497404382233047,-0.04090261441486666,0.09818717237161213,-0.003914152196525035,0.878555612742803,0.38641440843763103,0.35287648429193164,-0.0675407281176136,0.04931259027175217,0.0949052380471702,-0.01839731064806639,0.20541978968425356,-0.012812519674203004,0.2030985787366833,-0.1329772216209223,0.3359364856272921,0.13118648459433316,0.2878690287782595,0.6059786146589269,0.037820867077160134,0.012532299555389283,0.0800834915044141,0.045634405648330864,0.19095409226835916,0.19599206055261842,0.30734409081912173,0.3260784084949662,0.4677837978132513,0.27400348943180414,0.10889109932066275,0.26558098350914966,0.13686787122898705,0.19636085640301237,0.22008926685995117,0.16530142915677606,0.3665597875500309,0.17267830394963993,0.2137541290769418,0.12276490041685571,0.2435919472273937,0.2945022239610237,0.18655891510109493,-0.004444707127947622,0.00964230645794539,0.1696985681927954,0.1202734192768121,0.0359830672533481,0.19466919297004578,0.20483927806548524,0.03167651742028674,0.05428657123482014,0.16169415896603057,0.9999999999999996,0.49660846329178054,-0.13564015997422899,-0.11233013726954845,0.3795560500577013,0.09145271468631834,0.03429655828254669,-0.061108260447955705,-0.01754987628278503,-0.018075841789353796,0.14569319631231528,0.04529602519830833,0.43485082136878217,0.14737397521307835,0.06467274621772198,0.46527715294703814,0.2886637107944343,0.23939980746399783,0.2261005086403452,-0.02483194670476933,0.14631140331046175,0.2847602415414885
0.08603594158350783,0.027771694402696816,-0.16256686203138676,0.24583496830892526,-0.04574322571349141,-0.09567500705354628,0.2673794379343684,-0.07212168456647661,-0.07154822901126366,0.4606230640675095,0.38184109208776046,0.3298302152867144,0.3724617924838732,0.38975913140970986,0.18083859408251754,0.25561651995816165,0.24006706628660654,-0.062471467762672185,0.21774521455417645,0.0328373165027841,0.058765104344840134,0.010765731474540168,0.061357740681092045,0.3874429502435989,0.4663587494943568,0.10767796009577021,0.003828966823507758,-0.08102448930818436,0.17382102161729435,0.0947270304288352,0.4292110540383701,0.8139763930216103,0.306218136718736,-0.018614770746674805,0.024631279757533507,-0.20270334824705044,-0.1610607893937572,0.6309583952978386,0.46038527140183005,0.5728942652549015,0.09997145232320284,0.29772101628765096,0.19868582226601642,0.06841783141546076,0.30723212496909963,0.17743642115443517,0.13175575326246203,0.0996256728977998,-0.15177028292117603,0.2704893925589918,0.36786756000501325,0.047022452660182124,0.38584523879427357,0.21743072773011135,-0.106380271053457,-0.0950244457022469,0.07561231994492397,-0.08753780649042554,0.4322821822803457,0.3517343959585277,0.3250991903359576,0.45708404019696464,0.08879769029527214,0.12283005334719582,-0.005659099548898328,0.14894680674305769,0.3512220034381569,0.22154996381497422,-0.008270819328697906,-0.11964448503709672,0.10699213503371931,0.24889759283876522,-0.10267619001280284,0.5563540315321045,0.3520328409359357,0.19615990261129768,0.07771605774599508,0.12549544796719864,0.49660846329178054,1.0000000000000002,0.0280580278790677,-0.1538581242040848,0.11191121569860875,0.047629506110479634,-0.06285504294771105,-0.14564475962804105,-0.18399806316828982,-0.07816884015423974,-0.03162903152314846,0.18143809346665266,0.638112515988314,0.6629048168068392,0.5540829988559531,0.395122233221647,0.4696513445950364,0.13530618167283887,0.22328097307592634,0.0730480727293086,-0.0714913492944393,0.3165761003687761
0.13208813895274113,-0.06563287553203107,-0.1403776103157253,-0.0603903867946243,-0.18371010553285574,-0.24667083830987963,0.06627442813040257,-0.2446171100125695,-0.2913812610304508,-0.012234666777927342,-0.0803734566231779,-0.10439380702542758,-0.07938426486524892,-0.18551272891887932,-0.13905439746894313,0.041813742559381056,0.04848849536953063,-0.03173347539337813,-0.06666538597600434,0.01126614560705341,-0.19251030628844004,0.29264050311693157,-0.053414746978731185,0.6426257855469811,-0.02565979303010306,-0.002808919940416946,0.083265976029624,-0.03787103390835138,-0.042562922264824415,-0.1913944032119673,0.0005933969875725144,0.011128264055853486,-0.00891775086455953,0.3123141756265633,0.2573878629421723,-0.3613931448014164,-0.3213688865300604,-0.18515018115260176,-0.031568405498755135,0.19256921217393078,-0.015883285049328316,-0.11888808273187443,0.029264851921417517,-0.508589155891436,-0.1451976220013281,-0.2667741015714064,0.1884413414684531,-0.3338340587836693,-0.4259747415760461,-0.2118818235776078,0.03508887665462582,-0.15173096976172146,-0.019720527873417285,-0.15550487682103062,-0.27453748763773284,-0.20596621147438157,-0.356127677316258,-0.2879067091280499,-0.03332748900933075,-0.08986423160798254,-0.23702343059492278,-0.19621981350732423,-0.0038196447002663064,-0.15060824787441607,-0.25624867510107424,-0.2534160371039184,-0.09348322137555469,0.051767691586284886,0.2615266138539868,0.00043441152549232196,-0.19681467196115182,0.5710769208809545,-0.058506199506039136,0.23650134342530377,0.018039936346004218,0.0821388975673117,-0.07397217607566829,-0.06408661161762055,-0.13564015997422899,0.0280580278790677,1.0000000000000002,0.328880588160986,-0.10257641061914181,0.3289753212372454,0.1415217718698073,0.3453087347962533,-0.24592262743407048,-0.10607312202341936,-0.316802587040281,0.40295886354441107,-0.013547694701881828,-0.2055804935801849,0.007409947030261917,-0.023278949765113483,0.1863775368121234,-0.3960630562413485,-0.27062008389878595,-0.07863657607502732,-0.3395342321955868,-0.2156050515439093
0.2727632206987067,0.19797832594466552,0.1400243078429773,0.10758889891700237,0.21010547588027148,0.10966157392506479,0.15054645958318183,0.052278151143586894,0.1265451876750954,0.08893452280944146,-0.10609453691295939,-0.18947700214559177,-0.016038513164418535,-0.02595437008522535,-0.11702201471828333,0.17902206418067215,0.10678342341479771,0.24926772389883312,0.054588917528485464,0.012398296187943556,-0.10143149253925907,0.46057790463954895,0.30113088887020933,0.13902143982982013,-0.20820429401833537,-0.13643497604663754,0.42536952451103455,-0.01665782370111754,-0.141066223568232,-0.04467009707784331,0.017599877424320322,0.03691872684916241,0.19568037722023152,0.6524494524909203,0.48922256255725804,0.3041199028125478,0.1170075709958481,-0.06988584038654096,0.13602859039297685,0.14959285613434262,0.3650226746066427,-0.016653679655386326,0.2699357584044704,-0.2298896048657859,0.16547679932098722,0.01702714252080618,0.5372119412639449,0.2757647933503194,0.14418019405137378,0.039145946191031206,0.20938051323749302,0.17847551434978756,0.17296908263826205,0.10417837894511224,0.10882978598630372,0.053235578702137167,-0.16017517219993427,0.08771191970018223,-0.11074031456112729,-0.10992780177067875,-0.09207592068293484,-0.05827406087878905,-0.045653048419471445,-0.0028684222238905986,-0.04826281652832216,-0.14674817846614743,0.168105856193262,-0.06622753807135114,0.3109013235540625,0.3818996448426896,-0.13533898166140923,0.2392165108675794,0.1294766733354258,0.08292448023998433,-0.2058191853916977,-0.20260196999172758,-0.2864324054408675,-0.10288103008706377,-0.11233013726954845,-0.1538581242040848,0.328880588160986,1.0,0.3710640099742909,0.6411800817383695,0.49038013405586084,0.7923080860031025,0.3405092166744426,0.12454108333210472,0.223875305404027,0.40222726986871227,0.13628642706594077,-0.14759437484480167,0.07383740127070346,-0.07098869017441423,0.10819331075353861,-0.06490822041119579,0.0826960221450456,0.3219509545002653,0.16736280813778215,0.09064770373157481
0.23152094775009527,0.3895564773645765,0.2668549454279118,0.26120822951558326,0.3341690526215828,0.17624214289950874,0.17766845260753225,0.2691777743417509,0.10789329345525812,-0.0544698936319415,0.02240255642998982,0.00525615628801261,0.0718924210866507,0.15964295181922214,0.12053205811723237,0.41998107955844116,0.32499833337862183,0.35848146305790535,0.2056120452221508,-0.13876699879556276,0.15956993077287812,0.45926562491495726,0.2638251352113512,0.013002803052935314,0.07526102422166286,0.15486384218989185,0.3823896939672777,0.03658005321024854,-0.12385789449373469,-0.038161452103684865,0.44169454053690405,0.19170614335510272,0.27469827679011166,0.3101530830505103,0.5581601190000569,0.11387138175271017,0.0944038400935681,0.03954798293392887,0.03707974937727476,0.08183918166164343,0.14027545906638925,0.3381414819595544,0.5464470551473104,0.3410031933914583,0.7161211427042864,0.24671875744015706,0.2813561012755911,0.18230147890235324,0.08333737912710788,0.14857828871847267,0.2076415129725963,0.41510993208855446,0.2631814699071113,0.34683949746872583,0.26139977224352023,0.12580402954654474,0.23422331567228713,0.09512851242799313,-0.020528742056411118,0.0324468018994006,0.06194928049020186,0.1339181129924944,0.04755643880242813,0.21735604394287775,0.12704284246804162,0.08412028487572398,0.11429151837948986,0.2549312228308722,0.2695409712967218,0.21431168862014302,-0.030728775740597875,0.2444316172891362,0.1623390501651631,-0.12696199937155708,0.08436885124537928,0.04183218786031227,-0.1517070708273593,-0.045550433174857796,0.3795560500577013,0.11191121569860875,-0.10257641061914181,0.3710640099742909,0.9999999999999996,0.6116824681214615,0.47535240000219375,0.4002812963052338,0.21727437056169063,0.15747969757285507,0.09235843182061615,0.08609542453069731,0.30397852346198845,0.0001451011641182959,-0.025336217567532415,0.3672021867756343,0.31451561841165904,0.4485102363353696,0.257987645815584,0.09861342681795636,0.11116628965931137,0.16269314776181223
0.13398081416138005,0.20947726547381268,0.1724583070693801,0.07004455143667303,0.12919581394926202,0.14573404103834106,0.14398113505511664,0.06750848751837046,-0.020546474324505425,-0.025906158508808314,-0.07136438821238927,-0.1301374592416509,0.00994809520738365,-0.11687923765995217,-0.13886006922267363,0.35295238646510363,0.07975354839677007,0.2768409806466482,-0.12088599192178472,-0.1721683558659514,-0.23924599087128964,0.723257091341231,0.3018817814742011,0.21821103251492996,-0.03410292679352953,0.21650450817368985,0.6392179309659183,0.1531345590374506,-0.27310514346440645,0.03564134625538515,0.22439593940686664,0.17750178727674337,0.15314140306608015,0.5937213030261055,0.8111824798664976,0.06794179893698707,-0.06340553389462693,-0.11247546154786137,0.043214419501269336,0.15052956414958732,0.09350140190863136,0.21352213320382227,0.39652889639127464,-0.09073948583058154,0.41366460753387924,0.022502509736893522,0.3991140649162776,0.10611996576979164,-0.14377402062930128,-0.12382503480400349,0.13343128978496616,0.19988368709227153,0.19075524587832846,0.08155405312606238,0.12030916025297689,0.00777063018895022,-0.04545984790663932,-0.017566364969527726,-0.06039289794356324,-0.11453676981585315,-0.07214089612952476,-0.03509563540801702,0.06807872296507117,-0.042909843836058024,-0.18373045608237357,-0.19886425707670283,0.023237905411172998,0.002184111169172755,0.3299293094975093,0.3157523395200682,-0.2998016917986229,0.5785337587219166,0.157956711604645,0.00867877950487247,-0.11654460073371865,0.048348432278699525,-0.24057929436653128,0.03321082694812507,0.09145271468631834,0.047629506110479634,0.3289753212372454,0.6411800817383695,0.6116824681214615,1.0000000000000002,0.5535294933835098,0.7639585259562826,0.15691143048910372,0.28246626885317255,-0.07868032286405723,0.11630379874659076,0.1477821201973821,-0.11639322502106657,-0.0471901814914594,0.1403422956701352,0.22601780275172204,0.07230441307483912,0.029386727861986105,0.046224890029322674,-0.14301369273784706,-0.15142471025669133
0.004809038519458912,0.011677370476460003,0.0012775316804950947,-0.03136907154047676,0.0659731751528642,0.06941256701430697,-0.0016140467448217935,-0.14115075597143897,-0.028964293115604625,0.10892381665561195,0.16559124295494834,0.1895738322757613,0.04056023107773958,0.10118511844253028,0.021194940364376563,0.09820299000654346,0.04006930809967828,-0.13411239884194623,-0.09860190142179188,-0.0773877186111444,-0.12466492788843608,0.2536057448945269,0.24553561623966752,0.08227075425277633,0.033068053281903154,0.23742627225697993,0.6993505712037141,0.3650292078636173,-0.04669000469883068,0.32996066420590325,0.11026801200895088,-0.023042274452882063,-0.0042352098401190665,0.18137774511067162,0.4312351459553878,0.16459123501109926,0.09105397263484787,-0.1482848681716009,-0.02921966774597619,0.0628582782711633,0.11454026591550538,0.19344435123600698,0.222081328276595,0.1381825028920957,0.35879941478305516,0.23625709323651972,0.461107811723743,0.32602645753701986,0.017194061916014927,0.019204870728478814,0.15568564977010452,0.007652118450858179,0.11261948381507426,-0.030156973283350163,0.04984230703353718,0.04777899723161921,-0.24214190393698132,0.022224203819107016,0.06138396274010519,0.0345260508255943,0.05336972356731175,-0.04793228083620472,0.08368515925397225,-0.1126143435555704,-0.20128064141379926,-0.06980700775178034,0.04155294460673343,-0.16331949634755405,-0.07434311634916847,-0.08707722650297313,-0.20980386083853306,0.2752259640553289,0.0753385737553622,0.12319583202772495,-0.012591517823088927,0.1376278284130466,-0.0525941157624284,0.28291825814326593,0.03429655828254669,-0.06285504294771105,0.1415217718698073,0.49038013405586084,0.47535240000219375,0.5535294933835098,1.0000000000000004,0.6618485570025411,0.2818977458655695,0.575580654266058,0.1950255789395038,0.2648151007953405,0.16932046921114716,-0.1328432051242259,0.008949214726908516,0.1306356187693363,0.28586172438911284,0.3051003017009117,0.36295831932790606,0.529564674864733,0.021078062558084115,0.08600942422283828
0.03551464468598998,0.07198032032578391,0.10335973493241546,-0.060563659514881796,0.06692018216057283,0.12200665091011834,-0.02359842682399725,-0.06514167995855792,-0.04388333005738144,-0.029003289500246606,-0.04737321423587083,-0.08495096282165635,0.016873710995469856,-0.006581432018310383,-0.06591569546087069,0.10229812325110592,0.00876263314026768,0.09698658743094148,-0.1281243513201355,-0.16724144301088367,-0.29468026866883984,0.5484610838933754,0.33612013140321056,0.09241445598842742,-0.15643472800963595,0.1067474961758689,0.5987103931064366,0.23813519492737995,-0.21044932149864762,0.19191367521781913,0.05166286659006663,-0.01776412064566551,0.010499064454565384,0.5081836407684328,0.6255757901940608,0.2181435373829597,0.12431294151719322,-0.206958029977689,-0.0412443622869271,0.016869761522651388,0.20971273756019995,0.05115924903279895,0.29181768871854064,-0.17774183744935787,0.20219642184102024,0.08303277063585522,0.6283234657564943,0.27505990153923776,-0.01426724616418836,-0.11334283812457101,0.11872384345875303,0.09255750027927476,0.032432229238024086,-0.03761431014908312,0.06599813257462848,-0.008481771894068353,-0.19482828413368974,-0.03314729957150141,-0.07342245309257472,-0.049169972864949174,-0.0756781726419269,-0.09209817222647598,0.14798806247011653,-0.036885032155234934,-0.1700951403477884,-0.11366772558284144,-0.08907395717040435,-0.12760341392571964,0.1729312963587442,0.2115234738520435,-0.3140191816878739,0.4035823952210348,0.18399198942040323,-0.03648649210912616,-0.14997501382251519,0.004143468498072904,-0.21276677435587185,0.11769292036832596,-0.061108260447955705,-0.14564475962804105,0.3453087347962533,0.7923080860031025,0.4002812963052338,0.7639585259562826,0.6618485570025411,0.9999999999999998,0.32499316913362364,0.35379183850084245,0.07679216711309525,0.26248434005465676,0.008968768196337764,-0.19862477949636556,-0.1063203181141262,-0.021935944992112537,0.17888309851273196,-0.009533013983106551,0.12825028296466143,0.3020366095566923,-0.022218838113238343,-0.0719752830557864
0.29051862946106927,0.0917753847789817,0.3680459083423939,-0.049466213013075945,0.17464320512026485,0.4788106075712183,0.20885513894815308,0.25077098778233237,0.3874733062723991,0.15761488022222575,0.1815240136562569,0.12019210623299188,0.09840205263446396,0.35615640603543247,0.2915087433262443,0.03972392577027884,0.005739266680662974,0.1781420607073994,0.04134901285927464,0.2877654162662227,0.2954421244949226,-0.05138786790734538,0.40789007039538056,-0.2247159096885792,-0.06194436916121737,0.04587657307326646,0.19336572238315375,0.36498891879657464,0.4239974620112615,0.36204593432958265,-0.040147719129931266,-0.20562283573173712,0.07217595311998132,0.028198161783371676,0.13177609070914895,0.6272971834314979,0.8244031896417692,-0.049556754461508486,-0.08246033298826481,-0.131029821408091,0.3483412841279987,0.275801002595287,0.10009124412571511,0.37984711357347667,0.08818625166117784,0.1742325132868945,0.23583417956966127,0.5156154857123278,0.6519058841196727,0.3610942495640946,0.2596486206374662,0.31932534523128564,0.058260010995249786,0.06253482348492873,0.40447223574300684,0.4582666858672064,0.1857098939668311,0.3800284209209243,0.17423971205578062,0.18097265504243484,0.18376574493638131,0.1229638945211809,0.281684660277063,0.2155697008670594,0.29206703585931754,0.2789827426179473,0.19549156303269113,-0.014107163323392765,-0.030404742246752197,0.12379287454788487,0.2011008283595309,-0.09513480837987599,0.34771568352341264,-0.11550735949860938,0.1406568122771236,0.09976500898425662,0.3181560819864044,0.29133686905596134,-0.01754987628278503,-0.18399806316828982,-0.24592262743407048,0.3405092166744426,0.21727437056169063,0.15691143048910372,0.2818977458655695,0.32499316913362364,0.9999999999999999,0.4320041192184495,0.6838559597639517,0.27240611804534426,0.1048617633666907,-0.0409710130308932,-0.05159824123271745,0.14035652691390085,0.10054668023208879,0.35982135943978794,0.2916331495366892,0.41182297450722183,0.6059117168785504,0.49373713868745367
-0.029334612540204693,-0.04899419221179099,0.1505037821293385,-0.011080537373341087,0.07437715225652146,0.4125764864890597,0.061022819572678834,-0.007543029576743142,0.25412998271979226,0.40562661617156504,0.5002288659202717,0.543903447622055,0.1898631040104241,0.3841795906275734,0.4142943736286853,-0.03414609046214893,-0.11246870747583204,-0.12876060575968648,-0.12156572347188088,0.0952813041654221,0.07013824388264317,-0.009865382498412973,0.34277706779372025,-0.061150537068740414,0.2950889715597634,0.6174784942050264,0.5133340533833036,0.8224681877542271,0.39006402402107593,0.6883572362239107,-0.02280724649200357,-0.1046190500112428,0.07221009029768677,-0.12702076223075492,0.27689558980202134,0.3144328989902554,0.30329703961218435,0.06234279631863543,0.07668827295915673,0.005831705900109441,0.11527441266775776,0.524557147161302,0.2280107939518452,0.43639610882878016,0.1312535400390465,0.19630356568329993,0.3208561610669364,0.2699445384571779,0.2650856627155161,0.06724871675655168,0.1928204440867047,0.06809615899938243,0.07709733291490337,-0.007946908685395113,0.25825251818224326,0.3699338571258541,-0.1116220094488117,0.2724663802849151,0.5038639171777418,0.2921824783582225,0.3483901654270415,0.1426436960855554,0.31725840105801534,0.08972268176816825,0.09974404702428237,0.308983183084417,0.078481122295283,-0.16975026489547315,-0.2200022133463897,-0.07059957316482598,0.06061193887464403,0.22204033259856173,0.269731669147002,0.08750890811031468,0.2079548461977542,0.5616690705175725,0.44641806093993014,0.7763303676897352,-0.018075841789353796,-0.07816884015423974,-0.10607312202341936,0.12454108333210472,0.15747969757285507,0.28246626885317255,0.575580654266058,0.35379183850084245,0.4320041192184495,1.0000000000000002,0.3057883857328686,0.12053190770544615,0.23659006338884866,0.16641338574298764,0.11853021416078581,0.39829179556835087,0.3493176482059235,0.4903942620868791,0.3326600021935824,0.40106242495431643,0.24058188065591862,0.15939658753634253
0.3004220886365466,0.16705225493047124,0.4071024430516766,0.12528918951225626,0.24275830301386905,0.49150915816303226,0.4259959762492001,0.3384589336722171,0.5194291300361386,0.2677310424627597,0.2031351485158722,0.23357469005074552,0.10956517727156947,0.3512097491640475,0.4304581017321152,0.0809791743062793,0.045334099521405574,0.16613698345822744,0.13069136817247823,0.6015110914866569,0.37545271960358406,-0.2970306246826386,0.3169152051764489,-0.2628851870721979,0.07598284153048802,0.029375597856966883,0.16620451513967457,0.2585320901177306,0.5560454475190372,0.19088968411023807,0.14781222176940895,-0.053784891309306956,0.10256926493334712,-0.17411311184729827,-0.10082804647844089,0.8374672874441546,0.6634119299677699,0.1549706389766886,0.05231289902327002,0.10315710212994114,0.4839481619887556,0.3661493345859683,0.1402692628163278,0.5743978668226661,0.25502801541078723,0.31201537093857307,0.28564825026040325,0.6144240019915415,0.7414624290953366,0.6893084761821346,0.3158458190233634,0.375407941111033,0.2837264628791306,0.1783894301065957,0.4936109574010763,0.5487153602729105,0.2579358125999891,0.5628844634491961,0.2813359203651726,0.32102616030341313,0.363297013323839,0.22005613344236988,0.21080255156959155,0.3209937220753132,0.4579248450618593,0.4185543119072217,0.5492689895110376,0.013083721809388124,-0.06079991825418125,0.23158795472900126,0.5847443277113183,-0.22101322111951344,0.3868734221490368,0.06881519821806399,0.31473675624789227,0.12484881632373508,0.37427082468016215,0.26004725550965685,0.14569319631231528,-0.03162903152314846,-0.316802587040281,0.223875305404027,0.09235843182061615,-0.07868032286405723,0.1950255789395038,0.07679216711309525,0.6838559597639517,0.3057883857328686,1.0000000000000002,0.3747127239872221,0.2733162233407617,0.10703054228203598,0.1542548519106393,0.2973710718180155,0.1346051367384009,0.5327935985949279,0.5074043430243838,0.5257586038830822,0.6322228059233642,0.768630572883451
0.22224272847743923,0.09736287811539297,-0.0751977643812388,0.12302492685022903,0.05888541874372476,-0.04786873870060867,0.1965452680259725,-0.08683462631859724,-0.06146773524018052,0.2252522047879658,0.062176196228587124,0.1133115469696909,0.12492154600043931,0.1463236715629709,0.05386971407776642,0.06737961399969006,0.1544513891161096,-0.060839678404157896,0.1295648491951898,0.20931188798926192,0.17742806842266237,-0.11781875945831237,0.12683559455467763,0.33841331901500477,0.10397958571320202,-0.10498921287013828,0.03268793006761949,0.004823779072302256,0.2506317949327986,-0.04494475509305002,0.037581455805627405,0.07959283118051194,0.1950408753978319,0.030606503433791534,-0.02244302024561481,0.12930645544264535,0.3050453736784192,0.21573830966110188,0.18513933274085392,0.3574526689193251,0.5220843308271897,0.2559130215299174,0.3240710479234178,0.10491649657331513,0.04627701176077762,0.31284565272921916,0.5198255674603977,0.2946645381033154,0.03382766845219986,0.4999405871156601,0.2630880054063272,0.11725894716608247,0.21032380914463028,0.1223230581758803,0.04305787066359034,0.032633492403122945,-0.14411427491346812,-0.012058274595930023,0.13274199691116406,-0.0065823627342034095,0.024221621170803703,0.05162697394486033,-0.12446868242442183,0.015157192245801542,0.02077188519054102,-0.07021599823933758,0.32265082309305526,0.054606092353887276,-9.167057338751602e-05,-0.06902203745490962,0.11146882439968317,0.04754739606000851,0.009250906305668697,0.43176336863557985,0.10306171325058816,-0.04436009935573867,-0.009820821126400276,-0.01898616508098022,0.04529602519830833,0.18143809346665266,0.40295886354441107,0.40222726986871227,0.08609542453069731,0.11630379874659076,0.2648151007953405,0.26248434005465676,0.27240611804534426,0.12053190770544615,0.3747127239872221,1.0000000000000007,0.3851057718179043,0.1041168842800126,0.3274284568022289,0.380814829029574,0.525187898381108,0.2717565316107235,0.46676742693954554,0.3851966053170449,0.10710672824674945,0.528748580257033
0.34567050221742196,0.17109628546483235,0.05507800831026646,0.3649072120714794,0.14093073193673344,0.11586941538028663,0.37204245853649126,0.057124109116974506,0.18934208137269568,0.6651736371408347,0.4034619419910084,0.4144644917482075,0.4547529651184734,0.4886480575156922,0.3466555177203941,0.3947420191785688,0.24461203080446875,0.06442585811479469,0.22002502177794908,0.08627926852197763,0.22941116953027763,0.026518409706856583,0.29403552192603377,0.27104567103568117,0.4431879880772546,0.1570124216926356,0.10784130789414498,0.12062681211047896,0.3190637098658415,0.16989239365077238,0.3800113481841547,0.5463492244551801,0.6476323423830422,0.09583348203535882,0.11128774117138732,0.1293308792322237,0.10438779131889593,0.703936075069063,0.6000423006308528,0.614128328222599,0.3856766171576085,0.5800005086524591,0.44603355384116716,0.3343437614845756,0.35817162122977353,0.32192098015477455,0.332640392445867,0.2740079658735169,0.1476106841692709,0.4249697349411183,0.622301706667195,0.2525660506190041,0.5388241681985428,0.33837545040577516,0.09449893775684398,0.22773930808170836,0.054244878248010615,0.15072230861902278,0.5483628996114627,0.2650477209428366,0.4159403078274974,0.5220238752084961,0.04907017536142724,0.1988943420184052,0.12183230956775835,0.2779354298090014,0.47534828661053624,0.11944681666589853,0.04523497427674244,0.06067851317283019,0.1969743690376999,0.20623326506705386,0.08550599089103611,0.5055652156082088,0.27196695143564975,0.14375275306444718,0.14833976819905123,0.23162231427679078,0.43485082136878217,0.638112515988314,-0.013547694701881828,0.13628642706594077,0.30397852346198845,0.1477821201973821,0.16932046921114716,0.008968768196337764,0.1048617633666907,0.23659006338884866,0.2733162233407617,0.3851057718179043,0.9999999999999997,0.6394932755531765,0.6690268679883514,0.6755410761477058,0.5605501136096632,0.4220802927502815,0.37538408627429026,0.34386124235334936,0.1946817366322154,0.5036453592289962
0.15586505637606224,-0.10095022565597754,-0.14603053826731133,0.13309325438900707,-0.15368074286411668,-0.03389662083084204,0.18034336393231784,-0.08193836421124073,0.08102769828375035,0.7458749716685654,0.421283509832807,0.5201842610660475,0.5083831096383955,0.575841124223613,0.33764462253164157,0.0648284736357308,0.2694255342255282,-0.05454204136010149,0.37201108870423893,0.09687365833805027,0.2681182789739358,-0.11351218847173698,0.1756576541161975,0.26368714173038194,0.5374302782679965,0.3192396177194223,-0.08142423655850696,0.12882414206772838,0.34616343819093487,0.29090833933496607,0.09148252427730304,0.5923534028086826,0.28381973962559764,-0.07446363760569821,-0.11818154508451172,-0.01419915444463504,0.02633758164167425,0.8162278285182569,0.7624656820380264,0.5432920577308922,0.3240958761924384,0.443130959349056,0.37963549993358714,0.24184653069657713,0.06870853284693162,0.280819254583116,0.1868861204886422,0.20156211717349387,0.14198845773348232,0.3283375617840716,0.42359947264559966,0.048751044529969485,0.302298386298964,0.1126739953264827,-0.10792740372445105,0.08039948312767178,0.024311889703545513,0.056714029096600616,0.5834804855323091,0.3322347876397854,0.5620510099380315,0.5394350397036191,0.06377174338231821,0.2713989309409594,0.18524084051934894,0.3419015294732246,0.3846293836924159,0.26448563743559717,-0.044978915878518294,-0.03441637470915386,0.2624706886224945,0.09474737003374598,0.09491404220208927,0.5007673266102696,0.384664601760375,0.34674039511993443,0.23452779358865522,0.23329296573790398,0.14737397521307835,0.6629048168068392,-0.2055804935801849,-0.14759437484480167,0.0001451011641182959,-0.11639322502106657,-0.1328432051242259,-0.19862477949636556,-0.0409710130308932,0.16641338574298764,0.10703054228203598,0.1041168842800126,0.6394932755531765,1.0000000000000007,0.8222077638373505,0.42472568026913354,0.41739405413406716,0.24961617165687677,0.22791296374166328,0.2868548671197806,0.16867548624926573,0.354865465943328
0.20162623173004662,-0.12544437582989204,-0.2382170170710889,0.11388015071426476,-0.20699734726328378,-0.20763248074534718,0.20328142797498452,-0.1865643666681596,-0.04240551796188549,0.8197818894559806,0.3689076768573882,0.42261493388882937,0.37049756477548346,0.39420096177943087,0.2435106884031523,0.09333610838349023,0.23736468273001796,-0.07687066136495199,0.2971131158915757,0.08409058296127993,0.1435666626727108,-0.09900676587082767,0.08442031225670146,0.42697715213094484,0.3643052807894831,0.1440364026365252,-0.0003609801609086553,0.05723749120521653,0.31062782468946687,0.18247074021616855,0.06060456837661046,0.5032792891255444,0.2966600338662433,0.0315953465505574,-0.1031278888009643,0.011629536217698827,0.025497941342155755,0.7531924105378086,0.8819888115963761,0.694914885449394,0.4375797983104311,0.3803417977541648,0.48176664535241115,0.153294035629344,0.07585394117014149,0.3602963080433179,0.3152470418961221,0.21381224364950255,0.08038497614170306,0.3839313705336536,0.38889063366606036,-0.04866326046712846,0.3270311735154533,0.01838972479758623,-0.2438478930189767,0.0019420336532869483,-0.1419958794941495,-0.03356923369948028,0.5297226003873584,0.2641808279485562,0.44673606715086117,0.3837694268606459,-0.010679130910915357,0.16801506507307717,0.11948432647611205,0.23076500858392804,0.41600981178459523,0.16068722104264901,0.00313096331093662,-0.03828019950248483,0.2521514522840876,0.14907730013059645,-0.00630453542858859,0.6892396050059596,0.33036590664367727,0.20229454308768563,0.13946780507940512,0.11911845964150368,0.06467274621772198,0.5540829988559531,0.007409947030261917,0.07383740127070346,-0.025336217567532415,-0.0471901814914594,0.008949214726908516,-0.1063203181141262,-0.05159824123271745,0.11853021416078581,0.1542548519106393,0.3274284568022289,0.6690268679883514,0.8222077638373505,0.9999999999999992,0.4186269975807354,0.4992174985463772,0.21996400459949683,0.2991386961902467,0.34609312703326,0.06799806719041467,0.39313016368894155
0.27959367619941256,0.26151058997163434,0.19654447059853325,0.35438960112228374,0.2893159100689427,0.280866519676792,0.31662464042185695,0.21091090048460212,0.22741105838246692,0.45680247999748774,0.437341467433536,0.417728515821123,0.31534804483420914,0.39985344395740946,0.5029561304548764,0.3790428913351874,0.14303527567639301,0.1194981893759124,0.08884974215459758,0.1827724432475748,0.2419438191926746,-0.08681610291007083,0.2966950564340904,0.14798100813155682,0.556282001234276,0.31492605560547055,0.12562629265369696,0.40820783387414744,0.44904845635378643,0.20782136093308842,0.4739081071548201,0.32237417159443466,0.47482268000295985,-0.1585266523004991,0.14205257806101793,0.18204193953011139,0.22890973387213281,0.5052011497913294,0.35128270792426386,0.4047306838425316,0.24019254138638652,0.8154219399067902,0.5809436683485608,0.6031192386365053,0.39909719244161973,0.3747908506540005,0.33825647414016247,0.19841567336961222,0.11235806087623491,0.4488764963631285,0.4005798937972694,0.33939764722746507,0.4175274772028459,0.3677310458958921,0.31906012096696845,0.3566811798499312,0.19959832838305158,0.24871183049687634,0.5711071580596873,0.31031778900597523,0.40882483615468534,0.40364100971976263,0.20013501586001842,0.26868135508055735,0.29454501379237824,0.4090481806625056,0.3408426029227258,0.19211283563900497,0.02776294697849211,0.09837083511928811,0.3647536149317811,0.21530505412775083,0.2761263940939975,0.3325676808530509,0.4611949138472495,0.4012588191371333,0.3842516458196457,0.38975776498855874,0.46527715294703814,0.395122233221647,-0.023278949765113483,-0.07098869017441423,0.3672021867756343,0.1403422956701352,0.1306356187693363,-0.021935944992112537,0.14035652691390085,0.39829179556835087,0.2973710718180155,0.380814829029574,0.6755410761477058,0.42472568026913354,0.4186269975807354,1.0000000000000004,0.6857637308921785,0.6571911331045337,0.47659941763016944,0.2171307060998356,0.17173209108035767,0.48216278835541415
0.11427298462168323,0.09525026250461523,-0.14006068465268107,0.2404995863234807,0.108228528061813,0.014047151072634538,0.15128699674716192,-0.12203941676566994,-0.05587864200307751,0.5496264825915645,0.5056096528206923,0.44326776540019913,0.16107689854744048,0.36385544291216076,0.3271931204146552,0.18671366580243934,0.07288384457101475,-0.17589374164483365,0.010892410844331497,0.027639891050231666,0.08878011332023071,-0.028100402836083612,0.2313537239502634,0.4173113426193498,0.5706940560588065,0.29233590468226356,0.15523187584127826,0.3258848108999953,0.3826295449969349,0.24693146189863013,0.25214550741031205,0.4040576849080864,0.3056441574014988,-0.08588852448897821,0.15689734559123308,-0.07157775362407097,0.11882861309151535,0.473847487178848,0.4192152977799211,0.53499926099404,0.2160090163022635,0.6067103021187774,0.5786750561483704,0.24724305878897943,0.24740036205298271,0.32563078182191413,0.510958109706533,0.1263457191845904,-0.09544046682215798,0.2611677313370093,0.29158313498252,0.13303771331703101,0.3126672506002711,0.25873094081279124,0.06493610768756365,0.07156457324462594,-0.13513528001163436,-0.03698517460847755,0.5725457059248062,0.34303285329364863,0.27891215383087853,0.20795039404230278,0.06996922505539264,0.026216039427689297,0.03681902848223934,0.1535259756249712,0.2889595819831004,-0.02955814837876781,-0.18169388992675084,-0.16029279974661492,0.09167380573933433,0.4160437595340818,0.03087908434238317,0.5706715449939324,0.3667709938836575,0.40961199348791555,0.2207065664263663,0.338528901519882,0.2886637107944343,0.4696513445950364,0.1863775368121234,0.10819331075353861,0.31451561841165904,0.22601780275172204,0.28586172438911284,0.17888309851273196,0.10054668023208879,0.3493176482059235,0.1346051367384009,0.525187898381108,0.5605501136096632,0.41739405413406716,0.4992174985463772,0.6857637308921785,1.0000000000000002,0.38432964174600565,0.38175655350892557,0.31902269866049676,0.042985378149982933,0.3834962606457332
0.1760538576639659,0.2606734988551562,0.2520071030696709,0.24323233156441987,0.19729470043864972,0.28591440460688045,0.2753910394651226,0.2751221002804861,0.2451415258090047,0.2530330909859862,0.33857828543495516,0.4126016809466999,0.22811417250211558,0.43296512866535625,0.5183243491224446,0.28303049103630856,0.2232920400852222,0.1014947630722782,0.16174408615423835,0.07872515985049536,0.3171076752172295,-0.1315073609574472,0.21070622675185732,-0.14080913032608675,0.3096152069061076,0.3336984886456705,0.2902885490007015,0.3716892392603087,0.3504353228422285,0.3603524440035289,0.25260844004254196,0.045611986978873684,0.1571058980991588,-0.29059159615715524,0.14201515716160812,0.3863402858201566,0.45269256383872253,0.24638955194744547,0.13809142470983277,0.18932229597052228,0.3592850598514364,0.6478276727963325,0.4515944699856882,0.9206888020539238,0.53052514318077,0.6355825406653185,0.2910462997602282,0.48687494545017307,0.34263407011808555,0.6483902698898485,0.28019847941477716,0.38077547918720894,0.3638377923629704,0.2733174355219971,0.3412933398068748,0.3243016154422714,0.3130236292994757,0.29379043832270385,0.3897245543251924,0.3965734050332974,0.5284247293140164,0.31712142089145806,0.23708471175240303,0.3857566728467445,0.4103765182005054,0.48643104873994153,0.36238277566892224,0.13938689125741208,-0.09387147031289797,0.014231167378239033,0.334666259052718,-0.08375748787255774,0.2850109193903572,0.05286235814186761,0.45190393072948676,0.3187649644999906,0.29358349714012233,0.3435960444665062,0.23939980746399783,0.13530618167283887,-0.3960630562413485,-0.06490822041119579,0.4485102363353696,0.07230441307483912,0.3051003017009117,-0.009533013983106551,0.35982135943978794,0.4903942620868791,0.5327935985949279,0.2717565316107235,0.4220802927502815,0.24961617165687677,0.21996400459949683,0.6571911331045337,0.38432964174600565,0.9999999999999994,0.7638445150875748,0.3446607073970286,0.26098229249244737,0.6619130593805435
0.023639327743984303,0.21084439380094364,0.08854977718501109,0.21363545056285616,0.1539071517046883,0.10126759381091656,0.21791652383915947,0.12148386677656053,0.10977449129794178,0.2295736209067003,0.2650778501578094,0.251670839445605,0.2100645726479899,0.3998539068592012,0.3648632975901841,0.2035688934799934,0.11616005075327086,-0.014687994766190026,0.025812105996190382,0.03642262123162255,0.1275863580011327,-0.18186622006283842,0.23953181724115397,-0.1905450004602731,0.15267704449014122,0.0046818783235509365,0.38421291232472593,0.21761230218178768,0.23318732437306086,0.21882051973661218,0.16948695591766658,0.10751520954821008,0.09721289393751277,-0.27057548403006804,0.02985893191990922,0.34920877399392664,0.4166629887510119,0.2913604160378811,0.1706506681458744,0.32558255728530866,0.4349604550292239,0.43269160708942017,0.3980744512442171,0.6671604725576473,0.46746122693050285,0.819107745541248,0.4958260815517912,0.6769503114091476,0.31932561046837643,0.6525506783607898,0.28080054129731713,0.2866336170611281,0.3532100304553437,0.2460441898729176,0.1928779031798332,0.16154408763825565,0.15183427052052142,0.19642481193843989,0.24775397124629475,0.2282360026840225,0.3072040728470312,0.23025842243078282,0.1685481413514537,0.2563874720200762,0.3003728049539652,0.37199935636013637,0.3623048052719469,-0.0374170025984812,-0.15993232045489458,-0.10539866239086748,0.23987872627756432,-0.1930643653683019,0.17113900570366505,0.2509744644857314,0.26725036426061716,0.0023509977804711877,0.09194903313214393,0.21516907962976548,0.2261005086403452,0.22328097307592634,-0.27062008389878595,0.0826960221450456,0.257987645815584,0.029386727861986105,0.36295831932790606,0.12825028296466143,0.2916331495366892,0.3326600021935824,0.5074043430243838,0.46676742693954554,0.37538408627429026,0.22791296374166328,0.2991386961902467,0.47659941763016944,0.38175655350892557,0.7638445150875748,0.9999999999999999,0.5139425389831335,0.2114023757168519,0.6860278917177934
0.1217404877852716,0.007797702217736758,0.04345774118455475,0.06130942378604072,0.06680005543053368,0.0978531876745903,0.1993328220862502,-0.029713601017473765,0.17872686981746727,0.43280933790500453,0.2530322091132163,0.28160571038309024,0.2178375276919247,0.4284357924934278,0.2680021764429853,0.054925084299886434,0.072903516943202,-0.117526308306576,0.10472519760617306,0.23820413901356535,0.17294748188269168,-0.10963129092388559,0.40646146867474586,-0.00015934383259298313,0.19681685004612687,0.06709625271803799,0.2855564185791756,0.3385555748017212,0.38511723665301745,0.4261545652369765,-0.0037033636072764365,0.08869836653458978,0.11193271141781909,-0.06900157589948135,0.006694770003152147,0.3107835430786219,0.3068389073162128,0.3024789402511549,0.3196389279914654,0.2914202765130685,0.3869574564802862,0.2545532644144151,0.19670308346818502,0.2691897661507343,0.06196730926869113,0.38024542787880855,0.5144135411789531,0.6698979416140294,0.3720981861839031,0.31828456733803623,0.3085671933400399,0.12299070803303351,0.2766650244974815,0.053663208973177015,0.1002692394192166,0.17349739906189982,-0.0994506220984751,0.16461449921347704,0.30414787784646496,0.2011315439848909,0.3390047151629637,0.19122501523778673,0.07880512810243674,0.12930642086914898,0.1361182956665571,0.2640942634037026,0.445259423922735,-0.10786101849633661,-0.20795893483880215,-0.03790084155090405,0.1886594553403198,-0.018803929507128756,0.3411019476623583,0.3645287614943205,0.15948460045418064,0.11813639368161845,0.2039671655043015,0.31406565961422134,-0.02483194670476933,0.0730480727293086,-0.07863657607502732,0.3219509545002653,0.09861342681795636,0.046224890029322674,0.529564674864733,0.3020366095566923,0.41182297450722183,0.40106242495431643,0.5257586038830822,0.3851966053170449,0.34386124235334936,0.2868548671197806,0.34609312703326,0.2171307060998356,0.31902269866049676,0.3446607073970286,0.5139425389831335,0.9999999999999999,0.36777638071658125,0.4703368196327982
0.4519127065869166,0.17998050678282473,0.4849995050204288,0.19212692079996455,0.3583593427148133,0.585441530894209,0.37413285443418426,0.3812575828530448,0.6804442837869512,0.31150702256779694,0.283022760796105,0.18540319723620188,0.22604371020740135,0.4602229295190626,0.43510167286588214,0.08037052037313554,-0.0383695956358816,0.19577492512094222,0.17720329258519604,0.4741325322528512,0.460445581667396,-0.28831873114474393,0.32128999488962057,-0.32276392736251536,0.13068719683151245,-0.061754289653860914,-0.05015865590379,0.18411420022286334,0.5669688696201324,0.11391125620073123,0.12264170292604522,0.024555668949080282,0.2439241452533973,-0.14426569830692348,-0.18534273448733096,0.5415834359054882,0.46137364121473184,0.25355270395898755,0.08517228340812838,-0.027024282555977774,0.2474269477412246,0.24300962761446557,0.03886338352796884,0.3564447845184625,0.16972149255649419,0.04645663006189646,0.0536420369095877,0.30817853367496123,0.8883864647110236,0.3122574113815865,0.4447971005950654,0.3510925199967205,0.19685149772755536,0.28576119271108946,0.4810568506208696,0.6265910573138866,0.24454200109622726,0.5858530121022499,0.2609320337912988,0.20894258867561488,0.30313696092490977,0.34393498195900013,0.19826572452790547,0.24683516888056814,0.44520646118437823,0.4460673846616199,0.46101897900543976,0.030639395990025492,-0.04759607833049094,0.1773627138888863,0.47708230731111717,-0.2357904816229916,0.36573222643180514,-0.09606297020394255,0.13532986098175476,0.09658762387886556,0.4835269761704983,0.28101191171881346,0.14631140331046175,-0.0714913492944393,-0.3395342321955868,0.16736280813778215,0.11116628965931137,-0.14301369273784706,0.021078062558084115,-0.022218838113238343,0.6059117168785504,0.24058188065591862,0.6322228059233642,0.10710672824674945,0.1946817366322154,0.16867548624926573,0.06799806719041467,0.17173209108035767,0.042985378149982933,0.26098229249244737,0.2114023757168519,0.36777638071658125,1.0000000000000007,0.47052118374052826
0.32050095721176,0.2749207771407514,0.24090866737443692,0.30462658839307694,0.20493963520306271,0.20740154801837615,0.44681735550968665,0.32276605629148497,0.3136503501321649,0.38449694516491134,0.3129046682661955,0.35752575659972663,0.3745014838033266,0.5773628669997151,0.540562382986854,0.2537155003670212,0.36693106348065885,0.16725068739579507,0.37939541867172905,0.3755357168849974,0.5028869337226565,-0.22594836291970033,0.3156505070325423,0.020688789311690554,0.23784646779997717,0.0412387687550632,0.048624347716833584,0.11259958435695708,0.5584053980451437,0.23434225761323893,0.2552682688060687,0.17464466135680867,0.17730108451447865,-0.17201079741584238,-0.15350407003455546,0.49174014638744423,0.5693694166811929,0.40053441916508925,0.2815257067375706,0.4080741719989814,0.5469073915294477,0.4884496745578765,0.326351180730909,0.6427188635640746,0.34383285684460396,0.5185362974566182,0.33086059371775184,0.5943947210701058,0.5046016011125964,0.90295411015448,0.41228460171009235,0.4388872814138166,0.4304028707561683,0.34339888939454394,0.30268693269272995,0.3245643258914459,0.334457214047939,0.33038590158459297,0.3876149796434191,0.44051483290022697,0.49617020638245746,0.45367015066715116,0.2003628297702933,0.4999219778348523,0.5275890144881408,0.536747900623561,0.5992956657215229,0.2599538462599095,0.03519952977061886,0.06733436300463264,0.5319121633963814,-0.12909532081370192,0.2347582291136506,0.3082881972413306,0.49731909380520056,0.10486685318407048,0.3040462790670251,0.22160839641067637,0.2847602415414885,0.3165761003687761,-0.2156050515439093,0.09064770373157481,0.16269314776181223,-0.15142471025669133,0.08600942422283828,-0.0719752830557864,0.49373713868745367,0.15939658753634253,0.768630572883451,0.528748580257033,0.5036453592289962,0.354865465943328,0.39313016368894155,0.48216278835541415,0.3834962606457332,0.6619130593805435,0.6860278917177934,0.4703368196327982,0.47052118374052826,1.0
