0,1,2,3,4,5,6,7,8,9,10,11,12,13,14,15,16,17,18,19,20,21,22,23,24,25,26,27,28,29,30,31,32,33,34,35,36,37,38,39,40,41,42,43,44,45,46,47,48,49,50,51,52,53,54,55,56,57,58,59,60,61,62,63,64,65,66,67,68,69,70,71,72,73,74,75,76,77,78,79,80,81,82,83,84,85,86,87,88,89,90,91,92,93,94,95,96,97,98,99
1.0,0.18208380341943592,0.2935035938459491,0.25218601298460647,0.08944933449751513,0.2137649410119528,0.2242323893338107,0.14550418273618884,0.05123941570320988,0.13811528106376897,0.09879053485878429,-0.05812745504074046,0.0032273286678474473,-0.30320596710271364,0.13680880078378355,0.35317359219931077,-0.20281524100974474,-0.04893508966540666,-0.005217047395746243,0.136383826759795,-0.013569833800481861,0.08136317958494471,0.011167180147836757,-0.21486497404556207,-0.020781961328060764,-0.1260329939565564,0.06397774106322199,-0.059985691224991804,0.011600877847883294,0.05955010116682548,0.2978786295827318,0.46136135420142615,0.22820157523419896,-0.16755303136676114,-0.17611636315812348,0.12444022923424466,0.09422944189961631,0.4516557675653203,0.21106496589572102,-0.03138889316090133,0.16563656108864686,-0.18050607352487377,0.023573095577960827,0.3300587630085254,0.02878766596056832,0.1146231479827174,-0.20931191637431812,0.06984770472994102,0.22588404210450672,0.38496265075935976,-0.0481056536661078,0.09754505268581032,-0.08264470003714373,0.07484162785570436,0.23063909455618173,0.15103970204848735,0.05764264779982127,0.23410506139101928,-0.042989082091043074,0.1623970584609943,0.1081511418575491,0.16136901170782014,0.1298776603976958,0.22532962170511198,-0.11703755445727282,0.014124875667248663,-0.09021778542937056,-0.2914490889360269,-0.25035997623950357,0.12633085163652322,0.0537434660423976,-0.07462107746556776,-0.022358671720342886,-0.1719925828952638,0.03960611437662578,0.11712762696306875,0.057925898652060354,-0.0014090519667145313,0.28411630347680294,0.38005075171594627,-0.018760572522664828,0.216061854833111,0.028732297245012896,-0.012656978045400797,-0.02625483199250384,0.2380548013734995,0.184949906940636,0.09824481817735464,0.11313055206177862,0.14368897386611176,-0.020707890467251945,0.11548075584761881,0.0006628687022656237,0.1658350658892567,0.006213890285539203,0.27720318239933567,0.20579122478108697,0.14610274078827742,0.13890542049909133,0.3671850869318072
0.18208380341943592,1.0,0.44859183054516216,0.6989135314513868,0.716223412884485,0.5616569116089652,0.6331863570600716,0.659321911423776,0.6045179857877576,0.1108175632313943,-0.14758370687272507,0.0734659530901832,0.30584135721851013,0.16742398443772596,0.22318746167737125,0.7189255533209381,0.1603109209266743,0.48516543791904726,0.1575559447564057,0.4392796265257425,0.43990036205459726,0.20551232440220787,0.41605441401789534,0.21541921422725482,-0.15108507094794424,0.19786430866090576,0.3330531126861252,0.17222734265122291,0.26111058957004235,0.3430925436793904,0.2076110394786059,-0.0890509314753529,0.10810094012841283,0.2473595538762115,0.34692833258807815,0.6025640483848093,0.015242072476567179,0.2237204415586402,0.09742425581610166,0.2611080381363609,0.1896509404370222,0.23276984603455095,0.2062804765292222,0.03605816777247106,0.3014694232962242,0.3364098414362986,0.3644774263498093,0.29734264112808906,0.41166365737500965,0.41128689670893076,0.2208875564348056,0.7027927380560028,0.6841147840091963,0.6031262986515932,0.8089959479547494,0.6719922649861809,0.6173403284240114,0.6435163921020127,-0.07119814166925459,0.06678309532602451,0.12192963910868819,0.25167288796392706,0.15033709148623645,0.04313626499319837,0.48255870499282627,0.32011599214943703,0.48906968776469056,0.2780978506239318,0.2368353384942978,0.5203354870076112,0.4184488864200975,0.3648942849006085,0.4022402972256789,0.0847573078754301,0.1729019165740568,0.24984466510046452,0.2389168770198373,0.43310866046585117,0.08740798207859247,0.28467821069714344,0.1745624224048308,-0.06276439690380033,0.21340603638686073,0.1350743703210899,0.2730896562138521,0.35732629201817273,0.029370137680191814,0.2831687227585163,0.420153628787515,-0.05615924243702695,0.22676258495323737,0.049244259875858364,0.16070236239861002,0.060194470785785124,-0.104215263233373,0.10141485946416266,0.439876408083302,0.2988835014883798,0.3632021506414492,0.218975921842298
0.2935035938459491,0.44859183054516216,0.9999999999999996,0.3285924773453496,0.5612521897250562,0.6661251859242316,0.5090233462823198,0.46767004230884657,0.547731537170708,0.0729708884535024,-0.0041755036969559995,-0.02091443192071463,0.16659545323143274,-0.05796089143699325,0.2832303072288945,0.44574825363247356,-0.0458660532745566,0.30966755206479396,-0.028164585756792437,0.4377328803553572,0.31685267624435764,0.19706744027039275,0.3283686311711719,0.3238601781777976,0.1463689167023809,0.19239876811827786,0.3316085732313131,-0.06734055718129524,0.15096823403673845,0.26269519865012364,0.17927769838120783,-0.005958628541594313,0.14655263610395125,0.2339852121185571,0.33093641236161775,0.617219553135098,-0.1851372512106585,0.24429226702112375,0.08649555488164308,0.030908928153403195,0.24591175880576877,0.37773994052834314,0.15101485410902896,-0.18887949069842966,0.13324407345087946,0.3131953763109732,0.3585956242727414,0.3649575428891748,0.4041143779048688,0.20892917786794532,0.3158752478869282,0.6749308616901275,0.4019857860927659,0.310762231662026,0.5660484749072848,0.6532568627694949,0.5566933680399287,0.6046565790241978,0.1720422310214928,-0.1653529096841016,0.055053108007139445,0.04720012306673849,-0.04279489166850501,-0.13319790902131548,0.2369625662546585,0.09939067064906297,0.4097623638669162,0.12861086383984632,0.18657081090066568,0.371336540411726,0.36163141057105763,0.17989250430979517,0.19699854899391286,-0.058047490733229096,0.17287000163819916,0.35192389567129856,0.1381175656299793,0.18687680231828918,-0.09375028352249186,0.4313418482720865,0.2274123973201982,-0.05745645057210693,0.13667008585505092,0.19540368291349386,0.33610949583168226,0.3136499458789879,-0.004594676720895625,0.05807309066550134,0.4267338367821255,0.032568835771975294,0.21887065163156993,0.41204229171843215,0.2948107454812874,0.05791331758165083,0.09703630878124622,-0.1318370153710134,0.26548522052692375,0.3343677775840501,0.3433000225490597,0.11034691116651084
0.25218601298460647,0.6989135314513868,0.3285924773453496,0.9999999999999998,0.7012582840960723,0.35833305043678976,0.4328249234361959,0.404500968192012,0.32902437378383365,0.16337662837034356,-0.04592874084875962,-0.01638870726853315,0.23726211755010024,0.1450469636461021,0.01943570253667223,0.578277070190899,0.05832817117810729,0.1566001240053862,-0.05434343342876063,0.3447237288878088,0.1402936792595279,-0.005858364136615512,0.2735614965643871,0.15543143247505994,-0.12076600676459776,0.03683660724163473,0.28133269079930634,0.14646569691358458,0.23782599665256057,0.3863137440414133,0.1872092278641586,-0.11759500660869299,0.10281294242521936,0.24099495705227347,0.3209119344246548,0.44030430962170813,0.09919838983783436,0.10357813815344698,0.06565104291570852,0.32232367265231904,0.097484560180698,0.09888524660135892,0.14373641313323648,-0.03636898291783936,0.35705288320535883,0.37861308555149387,0.25353925703245905,0.19243398076534213,0.15129530867930466,0.3571511913449282,0.09842115492889747,0.531101023009347,0.5894337642237304,0.786421477970481,0.717075564200188,0.42632813609428144,0.4456572986656547,0.4820095463155929,0.05539195174985057,0.05368369176912578,0.11247242106753054,0.1739666465955794,0.07195353795630707,-0.007424421313214052,0.28493749055868745,0.2244299236986733,0.21772991063571723,0.058772154791010396,0.1950155270227023,0.2931874701627563,0.2233820377456982,0.1758724718300926,0.24066639016162497,0.1334236217940141,0.17106029375049356,0.2676372253146191,0.16413502134636573,0.3987996560382104,0.12785173363391927,0.334906543064512,0.2713912462847024,0.0044801150904926,0.32642112718973154,0.3004398273731332,0.49041762800371574,0.4551244527393356,0.1589308883976224,0.43695161458883724,0.36769240827958927,0.052643852303174275,0.20731411191361404,0.11473607891863824,0.30079353826869026,0.05092500288554719,0.03934765731171206,0.06176878181598104,0.635041715819921,0.4036237150586338,0.15240091500055267,0.14631611166046948
0.08944933449751513,0.716223412884485,0.5612521897250562,0.7012582840960723,0.9999999999999998,0.6357737826052413,0.6160069748036033,0.6039948593258246,0.5704399854944114,0.1817362676180004,0.07969686633315246,0.12458347535779311,0.28302531632139794,0.16444956278419873,0.1670993160677226,0.5512821515691215,0.04150321750955603,0.3813845441995361,-0.08044128670122822,0.4549180191079432,0.3087319818634285,0.11504032825835077,0.2880042003414372,0.34622380592071306,-0.00649386456741625,0.25527519118440695,0.621917487871691,0.17431843352379184,0.25436573929069195,0.4071652654804802,0.2691462146118698,-0.0920988211724304,0.11134860825445288,0.3199519679217369,0.6129738452559164,0.6517195200842505,-0.03846197725180478,-0.053655291574248996,0.09664701580152084,0.2526678348532801,0.26827621853133815,0.3542236691358203,0.20471508654517823,-0.11185154136439068,0.24714434784501613,0.604971221189665,0.5664199922067065,0.3648088023235224,0.49020522808201017,0.3790623378957419,0.387480472611682,0.7188220743594108,0.8331907802351951,0.7896841947664452,0.8216616119760412,0.7288942457310466,0.7535002389872557,0.6741293947843103,0.31291379458790103,-0.16227602052384338,0.19390714224864133,0.19067054105669298,-0.17844174766430457,-0.36278409140061096,0.3424630445212349,0.17303933052443535,0.6324422487004034,0.32657180669496894,0.2355359942799077,0.4588438016263645,0.32838362642488866,0.2983468292077443,0.15087229153957918,0.14774165800578143,0.27688388812415254,0.2173524377849825,0.16595147904092794,0.33634200525611535,0.13259636603519867,0.3569090040354083,0.16346473282861027,-0.026124353812260085,0.32337731648443335,0.27917489646116417,0.4629891824826029,0.2587443596671018,0.03112459205661626,0.22048758707087288,0.580436107310128,0.03607206310648779,0.4611875966512517,0.34075534004730546,0.503542433563672,0.12269296202894066,0.1453975776593403,0.013877638705604128,0.5851985423666748,0.3407843940132947,0.5045836460974998,0.24080357615806472
0.2137649410119528,0.5616569116089652,0.6661251859242316,0.35833305043678976,0.6357737826052413,0.9999999999999997,0.6174207248024335,0.5532845291820266,0.7400747954334606,0.25572442872222934,0.05248094847838449,0.11213853451086857,0.2820115114271218,0.10248045137623008,0.3370107293257429,0.5581186304036038,0.16833452326186227,0.44437081005978474,0.11423622590616601,0.4402869193876364,0.3887984935936551,0.3005983656621218,0.40683694246346225,0.2810963887305674,0.15750894889554928,0.08518185697712517,0.38042771406875575,0.12063980503013676,0.2239391195561727,0.3564825117803293,0.24899208998405958,0.12683779782359156,0.2686830339578766,0.2989536232679615,0.36399708331756053,0.6910048527046424,-0.007797965408468217,0.1399453745453279,0.11015700171140522,0.11956909069791516,0.32868221862952335,0.2622577363442413,0.3141251116966108,0.013026943769620885,0.18933566456601916,0.36117459103102406,0.35798361145524804,0.4493654962637849,0.6462435776744888,0.3982475617119828,0.15995934335980574,0.6352637620892585,0.41252226550677656,0.2990091154897053,0.7257227745049193,0.8294759842824113,0.6067841392116771,0.7467082630800227,0.19873843623043844,0.13664709795303362,0.239572101643947,0.1929984200524216,0.061528251539563844,-0.00408925564822824,0.34806408672736655,0.24945786892182617,0.5214347358422388,0.12991714335021595,0.1233688112099924,0.5199740375835596,0.42545653817479917,0.2542664295049028,0.1954164386264706,-0.027236492344327304,0.27640189453323677,0.24920960182568053,0.12503679906784826,0.2846618461301593,-0.06477999221474866,0.20537008437754467,0.10315712068924814,0.044530736853195835,-0.02008541861159956,0.10963569733616961,0.2706584407227382,0.23525258014524564,0.004393805223890878,0.10269322650503762,0.5383951030452552,0.01661315847677259,0.07517847077876669,0.10999281398071294,0.13412145569162157,-0.051049947371893,-0.16895993501445647,-0.010174707974543493,0.2696847891699079,0.2356203777390027,0.58831946133521,0.2006073268031723
0.2242323893338107,0.6331863570600716,0.5090233462823198,0.4328249234361959,0.6160069748036033,0.6174207248024335,1.0000000000000004,0.8479921195885813,0.7610129779944407,0.07194484475183384,-0.13967535341311316,0.1575356315267838,0.13261574736430654,0.09406541242629304,0.2538070035867706,0.6458624302267288,0.23444344230941586,0.7053970113534191,0.2660204375207908,0.5946961073258203,0.5348994652291746,0.5183493320196044,0.3237557868046132,0.3580411227792776,-0.1666363552195146,0.16217799055897783,0.2670684781979784,0.1058378946838566,0.34145907215188404,0.3253030159664953,0.2101962250116916,-0.026911625389522527,0.24371451223697252,0.3568917476656074,0.277895300841513,0.7741006368614163,-0.11877235360405751,0.07090307458469218,-0.0976606715037973,0.16591876207422,0.3858710302338335,0.2393908962218341,0.1485728102805972,-0.05400110387279799,0.0971894000078364,0.28323321101005877,0.38294659313941753,0.32288965297110983,0.5458166748536951,0.3814554484492775,0.24542075560501234,0.6603091486517129,0.6295085546242037,0.36586294112044865,0.6660941722534006,0.6590705086221831,0.7393166538113976,0.6897616755113991,-0.03830292454167951,0.04481114797501605,0.07609435955756445,0.03839982873221598,-0.02913590064032776,-0.10451924554259458,0.44799499570692003,0.18540236947380997,0.7363994608633229,0.3152111315168162,0.36005825860837,0.7186464374217648,0.5814752768277915,0.4428350125302078,0.1911136415722988,0.1454208031338388,0.18097423887968347,0.20501730349718006,0.40570435454207865,0.37898139700087474,0.16532628254360482,0.24562196287261498,0.1585585057802658,0.054932184618094224,0.3063619735994129,0.3032762927828764,0.36220440716574265,0.381131882402003,0.0618906918500235,0.16554434963839837,0.6235884770784358,0.13264168020202102,0.18645838413226,0.11133895112411192,0.1730076112600266,0.16680134904561458,-0.048128797510543456,-0.00484304590710199,0.33873094622769606,0.2890060028167151,0.5285659600751837,0.2975565657889418
0.14550418273618884,0.659321911423776,0.46767004230884657,0.404500968192012,0.6039948593258246,0.5532845291820266,0.8479921195885813,0.9999999999999997,0.8678872845316613,-0.08805634542280628,-0.11658971967463579,0.10411510341051104,0.07115223179410614,-0.0015895267979866576,0.0706573638373087,0.5953788702748173,0.012705391505396176,0.7298327272428123,0.1694316583486971,0.42927565552421193,0.398444248110373,0.38132704234910053,0.13958635857982815,0.1918782972110746,-0.22603426160533577,0.16929341827364694,0.20899737447557953,0.0803906413477836,0.17951598596482707,0.16266291408123512,0.11569496026638547,-0.03603334211986228,0.09548015767111603,0.2241973916206274,0.23747482262485106,0.7309368278141151,-0.1340727911681873,0.021781301127771942,-0.09783362776436925,0.05810208950665125,0.21425794709068374,0.21380982498526907,0.10940548651839974,-0.07653378123302833,0.12096379976374455,0.23538677209074219,0.31339116811987333,0.1661383784769054,0.4383677323374417,0.28429414000903436,0.2688187017865894,0.6870149059648687,0.6478486338690562,0.336913377339659,0.6150156639149561,0.6465866434275266,0.8683403738512278,0.7961206611536887,-0.1309944043082232,0.03276591694594581,-0.004758317783963565,0.014534948831330953,-0.018681263097196,-0.16080359253545276,0.38166628961518534,0.09210114791870631,0.7264785347018863,0.30766785540693165,0.23848742861583888,0.6761964238965802,0.4315728212730106,0.37397275730409163,0.09459927484072864,0.09569933182147643,0.03981573746226111,0.11928604936983273,0.2411531076407907,0.2810961917686594,0.07217979145688765,0.2151355489347007,-0.007079717305188279,-0.059382065456185656,0.26444308246089604,0.16443378730783026,0.19529537726213764,0.20574771436127615,-0.08873596456536635,0.03096154124803592,0.5506724906078213,0.022018586750539994,0.21349662111532983,0.034754127540118585,0.08398828032808672,0.06398796406256207,-0.08631880398931531,-0.07525521276709131,0.20155900784137015,0.14399712799369646,0.44665121572935523,0.20716362922469778
0.05123941570320988,0.6045179857877576,0.547731537170708,0.32902437378383365,0.5704399854944114,0.7400747954334606,0.7610129779944407,0.8678872845316613,0.9999999999999996,-0.07205180052753421,-0.17785812466259318,0.07551878511683151,0.09887807187409521,0.0305498923665032,0.1528181016694507,0.5624229931986064,0.08572758536161522,0.6609532555934814,0.22340050827645946,0.4698088896746121,0.4272827110096003,0.3172465854099721,0.22809355906081383,0.24177898322030214,-0.1495414018716159,0.09130716652093147,0.19482723654302986,0.10313145013342158,0.18992427629774156,0.19500627628722955,0.07525020577608679,-0.04034604089654108,0.13951188376330173,0.2607754399283736,0.2723987495009437,0.8178377404567989,-0.07397372489472849,-0.01575549404789475,-0.11468989712801829,0.04617669488579066,0.23781543643943584,0.24017999052324235,0.15322915265300868,-0.07043550868919495,0.14521689954473707,0.19104186814830723,0.29532139247177464,0.2614110610533126,0.5324095484984902,0.35856647645228357,0.20327283819552644,0.7380208031727821,0.5637641475332185,0.24392782252593956,0.6746651639295138,0.7679408948025102,0.7983147572355559,0.8702584185877483,-0.1310187868532898,0.05234426123926476,-0.05331675061983003,0.008181289881434909,0.04578368493329738,-0.07438094524922977,0.4569609051492056,0.14914627840026287,0.6930755857464999,0.2749479614945573,0.2433617910526238,0.694611761534172,0.5002988162711703,0.3143531391976943,0.15020994120874726,0.03870798697249871,0.11262896003499845,0.10443528495070045,0.21697716224546928,0.2712873547722502,-0.11119063893874746,0.1813864156034362,0.055541163865641396,-0.0052810802262310275,0.12306295573580985,0.13344451771711646,0.20744394720920503,0.17917516070010875,-0.07318044163332,0.005335177467466125,0.6385972415316751,0.010809644890079347,0.06082270919289557,0.02317209882302554,0.008211132342239927,-0.0711359037730575,-0.18957895206793948,-0.13075677662964696,0.11465893574456411,0.14044123584438148,0.5141151094574953,0.23237448918533424
0.13811528106376897,0.1108175632313943,0.0729708884535024,0.16337662837034356,0.1817362676180004,0.25572442872222934,0.07194484475183384,-0.08805634542280628,-0.07205180052753421,1.0,0.46763814862029224,0.497621679489127,0.5671164539316604,0.3780649513994126,0.4081103433587529,0.036560615466084086,0.3465890718381726,-0.1066481190361134,0.260080754992711,0.0012294633327605158,0.06483079866112793,0.27288850662908537,0.42065627894556995,0.22069505283869867,0.33133040736745556,0.26131258231424115,0.16124557789611826,0.331899689791255,0.2897632018273348,0.3895424029203716,0.3125542341475468,0.2613892576988497,-0.11736200014685308,0.07518654757802172,0.09230127073666543,-0.06650255492488942,0.213262628974787,0.20836658946503203,0.3951972606167798,0.639514957168454,0.04102702282142966,0.24327831881120615,0.28214447465115605,0.28635156154512803,0.16371116833459234,0.24687227763089703,0.030678325919615997,0.14799471729817518,0.21544151450104498,0.1107637789309493,-0.022914983578917168,-0.08066993499740754,-0.052527277298247056,0.1526304766289934,0.20002145142304495,0.11520864543410361,-0.05145225535071728,-0.0012284332846213958,0.43573578630737825,0.3089893972969771,0.5467562174220025,0.49407147479913,0.03599475784692597,0.16928473221976323,0.12770862922847379,0.3997412647413037,-0.006207149468267831,0.07529133524496075,0.03634924712567213,-0.0798076702657042,0.035796690636196137,0.2079825517650773,0.16431460719335253,0.28299123932137465,0.49198312110558434,0.33185429202660977,0.09031855551740574,0.40781954807228304,0.3014291286395509,0.15296040018735546,0.21721648707085683,0.1628692841256575,0.013305213745439994,-0.0026568830878318014,0.13232082299500372,0.22844890893497813,0.24385810018739382,0.48172111296535847,0.12425817647493564,0.1402121564210055,0.14750889692531075,0.15508121909010997,0.2981466760152686,0.2794084819976627,0.08094743536818755,0.4205750937779397,0.29643003307713844,0.15206609234517082,0.1832835679255,0.10261294214732457
0.09879053485878429,-0.14758370687272507,-0.0041755036969559995,-0.04592874084875962,0.07969686633315246,0.05248094847838449,-0.13967535341311316,-0.11658971967463579,-0.17785812466259318,0.46763814862029224,1.0000000000000002,0.4286320979189113,0.062047279809880805,-0.06191049398536913,-0.07141746747721618,-0.13377852165493412,-0.09515253365214162,-0.13956474567873833,-0.19903183449478892,-0.22223169640439866,-0.26894224819820317,0.04650141489509028,-0.17805481214345908,0.09315508747889296,0.17719124382917614,0.18278423319890424,0.2153861657479004,0.023824529734726763,-0.18909456782705647,-0.035663657439653364,0.07109797114221111,0.22805523215059814,-0.2711960701274211,-0.15429672840413514,0.08803846549214782,-0.2050503703868464,0.05362883087531217,-0.1411479108633787,0.10208190771809714,0.12625645147518869,-0.04210201099651137,0.09262251620521487,0.14478401600213833,0.14655922617288963,-0.12544020685238313,0.25133083436229725,-0.02380346499030831,-0.14945776608721817,0.10349346966194548,-0.08751485888143513,-0.04698761354026565,-0.19901501808415006,0.010434092154380296,0.034750235877789956,-0.07221788711026048,-0.08438044766873874,-0.07127867475755124,-0.12072003614776626,0.3095524809106478,0.23740894263918563,0.5080903208507876,0.15250837607168297,-0.29742102996166997,-0.3776470778816163,-0.3416943436436691,-0.14857814332422997,-0.018778458359391133,-0.06785982526714858,-0.2655280743320046,-0.2881752021850495,-0.37294146703343933,0.0028873138264618316,-0.3383406687416136,0.08957713130237574,0.23502749164818332,0.12161929864790806,-0.24288088407016986,-0.0923933755705324,0.16325458629819953,-0.02889285064210985,-0.15623985595609285,-0.06771183434686255,-0.007006889551977681,-0.11101520484943195,-0.09251909632773232,-0.24834632184474245,0.018719658764643016,0.04316882663623814,-0.14378473249282236,0.02584408366367343,0.2492497089179974,0.10866611440998422,0.17377024799830199,0.10015369066682976,0.19547145536914992,0.18550426330275036,0.13374475458859567,-0.023687124413422318,0.16591528753770282,-0.00976315800152212
-0.05812745504074046,0.0734659530901832,-0.02091443192071463,-0.01638870726853315,0.12458347535779311,0.11213853451086857,0.1575356315267838,0.10411510341051104,0.07551878511683151,0.497621679489127,0.4286320979189113,0.9999999999999999,0.5677930319727151,0.33548181425129053,0.2214293199763277,-0.05126616607493629,0.3417711051097312,0.0999554331499339,0.28105558516722223,-0.03457599504661753,0.05273850588957564,0.3477045519964044,0.22339054193890096,0.2051939907209718,0.018046621065024266,0.3693471116788231,0.07421196514194459,0.43558695693736516,0.28811323813776546,0.24084441913487428,0.26513003711508054,0.10451511412666165,-0.23968365555747945,0.050713386488732824,0.1712344861987651,-0.09401950593561323,0.384123955686504,-0.10168656284097088,0.012919497370194086,0.5084865141404377,0.09688177090883915,0.2505999478623492,0.28369996607137077,0.31697719957001325,0.1664085018986432,0.08589987026741393,-0.002531264856583729,0.005309767787877299,0.22977908180149387,0.09459176990360797,0.040657864376284755,-0.04065931777582591,0.0633965858065979,-0.029257601410005617,0.1310343327786401,0.1530835450462975,0.02701507910431435,-0.07896205363777811,0.1968047389436169,0.20665097786961223,0.45246824428710536,0.46584173475883534,0.009741664603012536,-0.04286040709445126,0.05822000194973155,0.31329551935130645,0.13367377221598972,0.2736220016763998,0.18088756656179364,0.016138040904569002,-0.014943345991243225,0.32683497481828183,0.11868620238773141,0.3809967460729943,0.3561117940459485,0.27433521509401093,0.2451255892957406,0.3656509930598532,0.40738684777430173,-0.03126592569500965,0.2275989310125181,0.18709746578779474,0.1503830001301526,0.04559500890443851,-0.042918866759070085,-0.027805568910877244,0.2649827072104163,0.3697664966125391,0.13346249585896708,0.06802201865459687,0.1983799022114013,0.09386805759959001,0.23789412240118255,0.3704444702019533,0.07076366495527064,0.36209856900465637,0.028077952627176106,0.030024614380978643,0.2440151930439019,0.14102140038150424
0.0032273286678474473,0.30584135721851013,0.16659545323143274,0.23726211755010024,0.28302531632139794,0.2820115114271218,0.13261574736430654,0.07115223179410614,0.09887807187409521,0.5671164539316604,0.062047279809880805,0.5677930319727151,1.0000000000000004,0.70536029367758,0.5353600252842453,0.11561826590091737,0.5492636848014688,0.1304237805533143,0.37973980568498905,0.2535894977136699,0.3936703472119123,0.32303617314134925,0.6800313915103916,0.3024338960550568,0.10479785605719506,0.3384164085557691,0.2331686613286267,0.606042239379051,0.5251284136958029,0.6323775381415769,0.38740804588423994,0.0034374924462116986,-0.13912434045504352,0.20683360580973262,0.3616005296862843,0.07080243752052247,0.35628619899347824,0.13337880493242843,0.29293046609384826,0.66235358986334,0.034364845126067835,0.36906107937595123,0.2768180512539852,0.20295605591080013,0.5273592955823257,0.24764446553933347,0.28369760280149514,0.4467425103616433,0.23165029241166857,0.1405998373259472,0.13033235470146878,0.1606573660619995,0.174730963684635,0.23264849936282161,0.38296029442921375,0.29888982816128234,0.14647743810572936,0.09662468678195849,0.28555843903903844,-0.02284524447516123,0.49569383994200095,0.7600218346897392,0.29307227834088234,0.29504751616051567,0.4477860499561051,0.724885856836774,0.1113939769212101,0.45281197877638957,0.3721049666218099,0.09246695227233867,0.3051794651757657,0.36373781647676945,0.5974205631631668,0.3433007394843146,0.42271685310698665,0.38801519073532414,0.3877075612497493,0.6869532176201865,0.32916411787547356,0.1952080371582727,0.4509188595182936,0.15371737408367672,0.05358891951222108,-0.019787128244251405,0.07513470965773238,0.3599004809596491,0.32767478543090545,0.5431876951199137,0.30840537940626594,0.0880149262324711,0.25428191202297473,0.24499419059174377,0.3993422480510757,0.24388283921906154,-0.027029337267943113,0.3249955344527229,0.24192956791015868,0.3713508914264208,0.1710345278075038,0.05879182680457319
-0.30320596710271364,0.16742398443772596,-0.05796089143699325,0.1450469636461021,0.16444956278419873,0.10248045137623008,0.09406541242629304,-0.0015895267979866576,0.0305498923665032,0.3780649513994126,-0.06191049398536913,0.33548181425129053,0.70536029367758,0.9999999999999996,0.5619145935311914,-0.06021567404950649,0.6616854811411673,0.1593025836197278,0.47168770729212073,0.1992030676107143,0.4560038240221517,0.1967221850230964,0.6991535599846902,0.2605608694911557,-0.023340819188832036,0.15168421233827864,0.16104099992010984,0.4996957101584934,0.4483061309019581,0.6208155020924692,0.21753315928510042,-0.15911529503454025,-0.08936544741729607,0.19008566152201556,0.2773585863311793,0.03988266091878229,0.22947396371590134,-0.004542234229902243,0.07859747657389389,0.552950156256743,-0.07604267067404098,0.18907236284491089,0.10431061577045722,0.10762085030063334,0.49555646855551966,0.3077396780044424,0.2792633627162787,0.3996300490645022,0.07284877656940547,0.03208425725015532,0.2139897885224714,0.05671415852903498,0.18633578611020135,0.19853111271312246,0.20456635219249794,0.10494381006516987,0.09546156518121596,-0.055750325281110756,0.12094873847917346,-0.20878904161806602,0.21360349316525665,0.3892456606462074,0.25460623785470327,0.28837432404662133,0.48146412780694403,0.6734435804969091,0.04451768057188379,0.3839511349414648,0.34756646440251654,0.10288427858026074,0.3383347982990502,0.23474063103056403,0.595659593928566,0.21363328278770966,0.1071572583845798,0.06793985157110254,0.26653456442900214,0.6323626966246712,0.24589544499816796,0.12859054368577616,0.2515626147239973,0.13849262425437314,0.0656319852657679,-0.025877180979522057,0.10889406646185543,0.2548811938999683,0.21996339616295363,0.41592192557999785,0.32411052806381524,0.10320718002851462,0.2334440074503754,0.10868198946903047,0.3159958350149293,0.05230001342047836,-0.09931401739792219,0.2448556897457469,0.2977149406969711,0.3197652984775012,0.020859954993509896,-0.027808819316867073
0.13680880078378355,0.22318746167737125,0.2832303072288945,0.01943570253667223,0.1670993160677226,0.3370107293257429,0.2538070035867706,0.0706573638373087,0.1528181016694507,0.4081103433587529,-0.07141746747721618,0.2214293199763277,0.5353600252842453,0.5619145935311914,1.0000000000000007,0.29407087253457476,0.45436391620439714,0.19531563029467847,0.4478207005217935,0.42446016288605876,0.6958519066394676,0.42622619759151237,0.7756051956594503,0.32993642485682256,-0.0555629108286443,0.26903384612582787,0.2974233167122841,0.3011391538996201,0.5124786119326349,0.595143208351733,0.422222488633371,-0.006741317778728459,0.07771439387779494,0.163349004425357,0.29857954065147224,0.16367183601807428,0.20465986910812586,0.3086980479348168,0.16391389252244043,0.4042575876577836,0.18083823396602375,0.24904733750734895,0.23120887135126791,0.21490037758170452,0.32606672178297025,0.3971482344986757,0.29528418998545586,0.6493113331146959,0.49968083505387495,0.18889168603418865,0.18790345311651543,0.19227697462646362,0.03565245721199023,-0.030887327073709146,0.33702494143079353,0.3049924543149827,0.10323665383872684,0.07930098318657651,0.07191871517214325,-0.09305468051625838,0.2036211776227618,0.4005217629786079,0.2857416739001773,0.3962877697361983,0.5259485125559167,0.7681177796685353,0.11459401067730754,0.25051451027712357,0.3469676951195133,0.2468317987108047,0.5554441633596785,0.4168544411850688,0.6305826167165244,0.2209283506052029,0.3770599580952278,0.30151590743931467,0.3284812950007177,0.5825083914833924,0.2816670626313039,0.36725635455771555,0.3991635948513822,0.16393594400574144,0.06100338895234065,0.016428022675025182,0.11741687084446895,0.4623583082658476,0.21835242253184536,0.3103022716548547,0.32938566250526496,0.24746604006655074,0.15358911502323477,0.19971604929343995,0.2822196637282991,0.20388243911006665,0.027828323276616128,0.38226214921685897,0.2753220395851299,0.4110214856862902,0.40638883969303424,0.18629870220302164
0.35317359219931077,0.7189255533209381,0.44574825363247356,0.578277070190899,0.5512821515691215,0.5581186304036038,0.6458624302267288,0.5953788702748173,0.5624229931986064,0.036560615466084086,-0.13377852165493412,-0.05126616607493629,0.11561826590091737,-0.06021567404950649,0.29407087253457476,1.0000000000000002,0.15162087869135665,0.5625635969664102,0.1646914618853474,0.5422870624978533,0.553499847434836,0.41963448818101917,0.2758937574525569,0.35202680593562474,-0.17593426866607803,0.16560896826873375,0.24835730645319815,0.07040444247284086,0.20500636245771656,0.25122243948808026,0.2984639433818153,-0.006686095967072274,0.21463914703529205,0.41706565802483464,0.32909381715842,0.5539344213363983,-0.14851473601553475,0.2144533991632799,0.09153886787113599,0.09643119471175875,0.31765245908750844,0.17771108915492934,0.3307481145818982,-0.010056288323374137,0.1768717974108329,0.26221809960018877,0.36080288829772045,0.4279578370747918,0.44280697235041205,0.29324115735496487,0.144778987276615,0.6252153042956601,0.5281681959536342,0.34971203238716836,0.6962749847607592,0.5884341181066981,0.500959025527915,0.5802634957283916,-0.1253124848720273,0.044725921996982825,0.10202254728927487,0.11264307927044019,0.06693403828591402,0.0619305949655727,0.46750145829113293,0.28332080405227705,0.4394785923610393,0.16572489203018262,0.34146220212414213,0.6171515506344838,0.5558353196200648,0.45818513704290253,0.3036294009684356,0.05031850772960422,0.29138154469788596,0.2948266235453481,0.19465381470119472,0.3712970736522979,0.09540655231225023,0.2317771631310568,0.26472780387767536,-0.10384747606126969,0.21992760834352568,0.21719646532177325,0.27036825813244203,0.4143308107977349,-0.06794482353486626,0.15204680484170618,0.2836465035620245,-0.026307994504892022,0.1345475704878896,0.0750805784190622,0.03535461917365966,-0.012831844572246672,-0.05397484662342644,0.0016702006600721156,0.3211863145339631,0.4121399961090792,0.4405384030921094,0.12080472365373582
-0.20281524100974474,0.1603109209266743,-0.0458660532745566,0.05832817117810729,0.04150321750955603,0.16833452326186227,0.23444344230941586,0.012705391505396176,0.08572758536161522,0.3465890718381726,-0.09515253365214162,0.3417711051097312,0.5492636848014688,0.6616854811411673,0.45436391620439714,0.15162087869135665,0.9999999999999999,0.2802878559611217,0.6921038304427092,0.2625621690312172,0.44957251867433684,0.48959502247602826,0.5357919306781257,0.3805294456127613,-0.09732594484695696,0.14697754915041109,0.10132607014494321,0.37177652390847815,0.3851132373931535,0.4456273338301866,0.1268048682518218,-0.10780923717257668,0.10823091573214756,0.4119715843011961,0.22147397039532732,0.03666545976985059,0.17571415320972664,0.09151959076456354,0.11510434990944869,0.4350387402836382,0.2125724741986675,0.07665585868399076,0.24905382441457505,0.09592653775279394,0.2414271695632574,0.1433574602849147,0.24123846185043588,0.4260310931136526,0.14787716057272737,0.04064816700823011,-0.014903220661860712,0.016538315507133406,0.08142978147334552,-0.009629422649397663,0.17111068950425107,0.07432373362551696,-0.031074799012687178,-0.09242815622087118,-0.05501294871016269,0.03542429158363003,0.24293344447149148,0.29859375282673545,0.3042586323474709,0.35756317223418155,0.41451057097396166,0.5086280037068475,0.0876123331777999,0.43703172009762153,0.42973921182255426,0.25147146807146786,0.3581460732452963,0.3024888428452812,0.5073528307212202,0.1645316883794308,0.22188020188929214,0.05558662124236071,0.2676452614256671,0.5022058077490855,0.1281598550111791,0.06342675918631376,0.3142006373183797,0.24349116121017103,0.06048973851548553,0.13063027563188032,0.15292330571514784,0.3397975236006626,0.24420190811060485,0.27786180974763086,0.20275575949607108,0.11859514866546172,0.09080622159939418,-0.05715997508416001,0.031462343774386226,0.04170051341404917,-0.16080888919519012,0.20952288715541298,0.2377651931952598,0.37162116462923844,0.09005296468109839,-0.02595385508885897
-0.04893508966540666,0.48516543791904726,0.30966755206479396,0.1566001240053862,0.3813845441995361,0.44437081005978474,0.7053970113534191,0.7298327272428123,0.6609532555934814,-0.1066481190361134,-0.13956474567873833,0.0999554331499339,0.1304237805533143,0.1593025836197278,0.19531563029467847,0.5625635969664102,0.2802878559611217,0.9999999999999998,0.2696629854672871,0.6655509148969564,0.6892639736815114,0.5906152498796944,0.1597521192075661,0.3695583517289837,-0.107026544441419,0.12168525180001322,0.10246842282260374,0.09877404826322042,0.19490936255089636,0.313907367229807,0.16912857539710952,-0.07992394641669111,0.1706074714866178,0.5969336843867767,0.3202008029982609,0.6300509155102335,-0.28475970567146125,-0.03606477639479491,-0.06257798456865535,0.014898854152391002,0.2384519868080959,0.3078630851550827,0.29957690411560345,-0.1863314007342756,0.09660384721223989,0.0901659575335572,0.4961893475336743,0.3624155701963813,0.31308896865697855,0.06101755171466832,0.2872203924032118,0.48831453777702866,0.53827943565363,0.15159749831485572,0.40628814083182285,0.4728961700270015,0.596773843051316,0.4785892277612485,-0.08945171220127517,-0.09582019489686225,0.10184476599652086,-0.046025920352252135,-0.11068749718550537,-0.1119047841829264,0.4543403864955114,0.1764064275192037,0.6026245085132454,0.36385205840976687,0.5129051507408304,0.8124574361648422,0.6597274932553779,0.4396424714254672,0.16305109175623103,0.04316091995363004,0.02135542058187805,0.09857073837417614,0.20496038340527756,0.3265800271362235,0.040525769591776506,0.010190304260064939,0.09647198219307355,-0.03677137765986439,0.20424012948105677,0.17383121075500563,0.03875440838648457,0.17432441558011905,-0.17105631037685456,-0.033032879934361895,0.4424688305016815,-0.0661546211330459,0.20985336400957666,0.09557510439888509,0.07677952911434285,-0.045872728265165745,-0.12843406195313298,-0.23388196969104447,0.07842216095324912,0.31775685351470523,0.32697575021645403,-0.002504442933892599
-0.005217047395746243,0.1575559447564057,-0.028164585756792437,-0.05434343342876063,-0.08044128670122822,0.11423622590616601,0.2660204375207908,0.1694316583486971,0.22340050827645946,0.260080754992711,-0.19903183449478892,0.28105558516722223,0.37973980568498905,0.47168770729212073,0.4478207005217935,0.1646914618853474,0.6921038304427092,0.2696629854672871,1.0,0.11605603485574363,0.3865410166804905,0.42172797607306606,0.43609530595848256,0.055489238511117846,-0.17350935113136762,0.09587794357258661,-0.18107557703532523,0.31145490170256007,0.3686337265749308,0.28146165130830714,0.1979461562004038,0.010246962334874652,0.1873321932469468,0.1799863707255709,-0.06964282035128612,0.07047059461161348,0.30237444683885756,0.2858292587810444,0.13954290826502116,0.3026595769384457,0.03506764124796676,0.031182626088356823,0.08207583921147833,0.24341916194460902,0.21871731906758168,0.026477739717053184,-0.10290883634504547,0.19611777212895287,0.17497543455840395,0.1356119971533225,-0.06820675260980462,0.07970380398821188,-0.07553087573344296,-0.1913656822630886,0.12065205341736696,0.12017750983637514,0.034263125767573094,0.010358797300779536,-0.20388255919066672,0.15072087362727957,0.15977395743949377,0.3266263454979103,0.43881905724665116,0.4993476943093376,0.3500507781782944,0.486262660171563,0.012413790719537321,0.23376929123088921,0.294189962163055,0.2990870080664725,0.3030565191228786,0.24442374557733962,0.38508511723535244,0.1402430188323175,0.06908954022558703,0.10139260897416374,0.31843869004185515,0.4799399072987607,0.1591472779143666,0.12923197125447677,0.1924085690606169,0.3033578802095481,0.11409990343691323,0.22262642805053262,0.09987109441989266,0.3964530309203628,0.3271122123100371,0.29329260795412115,0.2597419091294817,0.14721048740065287,-0.07774957240884804,-0.11485252207215459,-0.06467287423079629,0.10814870857863898,-0.2813153750285114,0.3095907016741523,0.13177551940377427,0.22354114525087942,0.08894441329571819,0.11759994655994922
0.136383826759795,0.4392796265257425,0.4377328803553572,0.3447237288878088,0.4549180191079432,0.4402869193876364,0.5946961073258203,0.42927565552421193,0.4698088896746121,0.0012294633327605158,-0.22223169640439866,-0.03457599504661753,0.2535894977136699,0.1992030676107143,0.42446016288605876,0.5422870624978533,0.2625621690312172,0.6655509148969564,0.11605603485574363,1.0000000000000002,0.7965545972040838,0.4745573918913989,0.3625648711873526,0.5757427619222192,-0.039902521932637026,0.06528888826392516,0.26300579441974276,0.1544295319833212,0.5053409153120866,0.49952284984173473,0.20754800734194512,-0.03671935176075786,0.21625587757957254,0.5654313372344797,0.45262490014379986,0.6906407611799767,-0.053874485448095207,-0.023875672870773218,-0.053329119810730324,0.220486513907182,0.4054478863124505,0.34580438225672105,0.21487052279504046,-0.18979604478612264,0.24798470879207932,0.2410254294643895,0.5629500971146679,0.6126692685282151,0.48119901838675205,0.33723161363772786,0.3692352471002836,0.5163961085559529,0.5126292700827397,0.2976151938540847,0.5494298082679545,0.5224427207487856,0.44648415139188774,0.42444497318114627,0.1021971705141636,-0.1614047538896553,0.1285662851605611,0.11598502311858779,-0.083917153564395,-0.0492646994589262,0.5330739498703967,0.3529202369744685,0.5404494276437987,0.3905774046993132,0.625296025839285,0.7277447028163136,0.8486731189110873,0.4442633927299077,0.32312168603070934,0.19887539521597403,0.30578170052706144,0.2949718538772431,0.4339504650842631,0.4280770971723547,0.06992387308137125,0.2538603152558071,0.4586106441583866,0.19057133465002332,0.2279148955824738,0.3056197097132881,0.3010141434323143,0.4609772404785866,0.1438700718642653,0.23823670670082994,0.6494090383851905,0.33524599887159523,0.25131848290011827,0.3170750459285327,0.3539405335356369,0.029359997505724364,0.10268188208416616,-0.12985740282120162,0.31593501384741635,0.6759906815430496,0.4929623437571749,0.25913345743230864
