0,1,2,3,4,5,6,7,8,9,10,11,12,13,14,15,16,17,18,19,20,21,22,23,24,25,26,27,28,29,30,31,32,33,34,35,36,37,38,39,40,41,42,43,44,45,46,47,48,49,50,51,52,53,54,55,56,57,58,59,60,61,62,63,64,65,66,67,68,69,70,71,72,73,74,75,76,77,78,79,80,81,82,83,84,85,86,87,88,89,90,91,92,93,94,95,96,97,98,99
1.0000000000000002,-0.09129257630617851,0.3047773054817435,-0.1236731485424799,0.32247265160241634,0.08351832365699977,0.09002800992947221,0.07283787425610908,0.2197797082068566,0.020625830813856532,0.20237608601233056,0.1298225577563487,0.21950087088442138,-0.11092030025820178,0.14086170240347015,-0.22340008782739723,-0.1332794205375809,-0.19498619728204697,-0.1880135723005081,-0.04401750256216306,-0.13053619293371396,-0.05821288161522722,-0.04448303779504482,0.019673680917190496,-0.19965683986128827,0.09272456625435073,0.021354942764113368,0.2074827619154595,0.27827967823116534,-0.038194555147526905,0.24356209640846416,-0.44501992534402884,-0.34266767375552604,-0.18006278610325263,0.06659482777177352,0.24920120642094268,0.1949270901852591,-0.13386478664211604,-0.046768162415310045,-0.14587055808751892,0.14600272181075433,0.12566577488802103,0.21807230207476083,0.5196755628618451,0.28768946338267687,0.27693030842623034,-0.08960037788642064,0.08045938150237754,0.1253190909993732,0.21717182485379946,0.0700777165252686,0.07043477629402323,-0.46074990674678296,-0.06454409063876078,0.34581067236978597,0.16933878313500123,-0.2015251512865085,0.07532162396669972,0.09627929209377227,0.21691663968481525,0.29060911317103055,0.2923331488682778,0.2559484931357799,-0.06689400037456766,-0.12540849411909916,0.14074619182479892,0.20463810881911343,-0.026283462204943844,-0.13632926034262635,-0.12287656407379145,-0.08107639565506888,0.08903170342725254,-0.12966926070116272,0.017773562430010725,0.08612930306072152,0.2519070578289853,0.3229945091291687,0.12849003035313725,0.22372659575130735,-0.5468544049053387,-0.0750758519951651,0.05662600133877498,0.2745619053888702,-0.009798122390522765,-0.1131804263933857,0.12803581819469043,0.2875629511137985,0.17502838415897715,0.2427220681329198,0.19642192838097816,-0.16541759015649452,-0.2877242824784967,-0.005498890963470317,0.4275155006579335,0.47412387714574267,0.4596978112847135,0.19970228283124802,0.031891973984700756,0.2530009930631581,0.3338291750039053
-0.09129257630617851,0.9999999999999999,0.3768777674498274,0.6760557889592337,0.4644506737904408,0.2695640270616935,0.282119136461808,0.293113503320343,0.20518776989570767,-0.3116683592830459,-0.3496372354871216,-0.31947674606778825,-0.11154246065645895,-0.08962672234993307,-0.2518400917112274,0.5442625316109249,0.02392845148006814,0.22283522630128522,0.11448871488539018,0.1439654894897624,-0.13543109665272576,-0.05706861029981568,0.1270549349585373,-0.28089866893575843,0.1480834583821288,-0.36545988357239906,0.1595309104886109,-0.2096777753420354,-0.024335637062379484,-0.04538335068654341,0.008885942530597867,0.12823709079006881,0.2429893436176948,0.12087114663364355,0.17140326298592737,0.37636552385721456,0.23860462047900996,0.23735605537649612,0.1620386057465421,0.2591067838790891,0.32843233020419377,0.16143130039929576,0.11230005379029556,-0.1891931927696862,0.2028081303692272,0.10177313369482754,0.40936189910577486,0.4725702930792545,0.3768044902255634,0.40531849121138674,0.4094903369663647,0.7464067057457837,0.2614372698741345,0.39632526542830526,0.4737270560290497,0.2089268032503408,0.5150133420285776,0.48010591270797026,-0.35498010088614723,-0.39023246856594207,-0.34831081244604783,-0.11336593587848785,-0.09074068243851807,-0.08948639632895485,0.14329451667150322,-0.2788447948651841,0.14518329363001803,0.046313728796419554,0.06895641675935833,0.1728093025900367,-0.040252365282355464,0.12650421078897753,0.15615078680838976,0.2776217587937152,-0.30486786357778495,-0.30605044010534643,-0.0418866750317823,-0.051019807830527064,0.0791296714726305,0.1813535477481422,0.004685946057407759,0.30834095459169264,0.2863794310205232,0.35821249647071396,0.2531071435315285,0.40153395032853506,0.19367000425485184,0.0011750419556006847,0.5039608694105298,0.15236967162040374,0.28614275794820454,0.4037056789199603,0.08100383173134179,0.03407902264315482,0.08101912987399237,0.011559283402208898,0.2914814399363578,0.3453153850587597,0.33964751085986045,0.38044331873675713
0.3047773054817435,0.3768777674498274,0.9999999999999999,-0.09205840746872124,0.1566853853150698,0.6696508128813944,0.18413718743757942,0.7372089591989688,0.7917359537756706,-0.28592018011100656,-0.14552242157508086,-0.11415791116294789,0.04263343071482729,-0.12443510617273783,0.19603981928829609,-0.02803640996757583,-0.19470588040289244,0.15478969541014506,-0.039237059716143455,0.5347713164810876,0.2033089770381671,-0.34904450521562513,0.03978743986939034,-0.31296258547686634,0.07159548546707914,-0.11562016925265309,0.2738241494830914,-0.18014570771934468,0.28472370440131006,-0.3108683408130633,-0.1367326947421886,-0.3445973822459371,-0.310514322962698,-0.1674653564866294,-0.21302302439298715,0.7149820394507933,-0.05974199523441237,-0.17926362999126885,-0.3025379523764293,-0.24332268567926796,-0.06102706970217943,0.2488489585674667,-0.09763893952374929,-0.08355954345073613,0.2042422871809195,-0.11238968730098281,-0.15178685143207582,0.2823308893049485,0.655547125529364,0.08390223108309412,0.027396524640943408,0.6520356458459614,-0.17895060518420547,-0.25688284892860275,0.7541224983568626,0.8310955378906164,0.44210435329585535,0.7466885199147525,-0.23488843955928407,-0.27048132591910884,-0.09237646130157283,0.09045623644396186,0.1112150361908537,-0.09302931150596022,0.11418670622540646,0.18832681084437808,-0.015902501766294118,-0.10804172625722398,-0.29580996034565726,0.015676775033655367,0.34189610090264405,-0.25541262154092503,-0.02340400243620763,-0.06251826933076413,-0.26061652233024546,-0.009604004751646349,0.08444553273801506,-0.12810248780051778,-0.06262205303157684,-0.12981547966029652,-0.24094177950796936,-0.19524206797948424,0.03989243803492927,-0.20622191453345906,0.1795279997445443,-0.19217105088456993,-0.16555656018591913,-0.06963579896988534,0.6574730900169627,-0.2285610439315118,-0.26335714752626205,-0.08211223748926627,-0.34393334451644236,-0.0056823163070476215,-0.11394060873385668,-0.12949243874387684,-0.23180631410682576,0.07109913144715546,0.7617371761773734,0.04143917590864499
-0.1236731485424799,0.6760557889592337,-0.09205840746872124,0.9999999999999996,0.635843434039787,-0.11704518058609052,0.2588367257362316,-0.019022787660201348,-0.09910267824622204,-0.03062860781458613,-0.18318308628098406,-0.051811197816078895,-0.029434407917098,0.13254165397082962,-0.22628030066993193,0.46835638097899696,0.10106000838243497,0.13614390004177773,0.16453145598845742,-0.17324687761384694,-0.23126263363879626,0.20425763146359094,0.11415552468029297,-0.09331569149988618,0.15740525884333514,-0.15888109556237343,-0.1645041176627561,0.019517205389987524,-0.08520906936929566,0.14154791246918308,0.042951312245921885,0.2919878410289939,0.16269608707488722,0.20635378128492168,0.30447949138957187,-0.07998550808982821,0.2252970229012503,0.3312745242610192,0.2021379907075911,0.32848476878228094,0.17234097551922317,0.2180559601950345,0.11239550803984268,0.005164324749204809,0.1584223390789646,0.07273259847717493,0.4158916072075297,0.21089561888811256,-0.04838929361564861,0.2086856707308775,0.2687001050144051,0.29925031251159784,0.4041141757178735,0.7755772984223233,0.16957728579393652,-0.15587639858471206,0.32270894429176344,0.21817613947215578,-0.12428877060324735,-0.15068830582319004,-0.18752650982387936,-0.10746137834614562,-0.016236843570591717,0.07956943189337437,0.07584616069209962,-0.24754012208147488,0.12062748608082184,0.09698325679036768,0.16707626375649903,0.1433730203467691,-0.22366964264793052,0.23824344398391623,0.15911708569785435,0.28660555525625275,-0.1460314552483917,-0.12140374550754875,-0.03209627444870006,0.08247187393640687,0.16313988537646368,0.2032788480651533,-0.01185016413040744,0.25958588340978095,0.2413482096519247,0.4298448496554491,0.02905022475256032,0.39770626773968565,0.2783175452640229,0.0719017329594305,0.047942832928539555,0.12182711442733067,0.39386122959309305,0.3581710421413873,0.1737644054696446,0.0698674348073743,0.04142731962373894,0.1380897189977538,0.3019797346660934,0.14608216679739924,-0.08630109676743723,0.20667174613188538
0.32247265160241634,0.4644506737904408,0.1566853853150698,0.635843434039787,0.9999999999999997,-0.043649897656145305,0.07316369175794027,-0.050816628454294875,0.20850678873810582,0.1333117522698753,-0.03554328883781679,0.1671962798698859,0.2834795755684611,0.12644572529471024,0.037445747448857834,0.02323951834957934,-0.017751682114746047,0.003624275720296526,0.017905919105626007,-0.16888282647388728,-0.14885607462444503,0.18995436196659773,0.10574037584935156,-0.03578933012885837,-0.1321400845302552,-0.14407331636202195,-0.033107903443406965,0.2872760545731075,0.2691700937250682,0.30695796923225865,0.10373468821315399,-0.15455708695825773,-0.1167927618477769,0.0664032240170061,0.4915938818072605,0.15674541489354904,0.4022419374972395,0.14754012524638163,0.275887581000218,0.15199320206290814,0.2774594509887164,0.3339497888867691,0.29196947372222215,0.27743211150726815,0.3830905946272841,0.2390133482775158,0.4147266861003329,0.27109565738562685,0.01571256328515674,0.2854943385742524,0.020336381298800513,0.17069421221704267,-0.15427000178406744,0.6815532005196063,0.5866794646577254,0.03041782700849509,0.0004435408991169652,0.40075093908526616,0.04741297740870272,-0.0266498369141794,0.02419877628973042,0.23980759348680664,0.44578325210103165,0.21577453331756932,0.09685928211822743,0.16360008132795562,0.09097295583444742,0.1165828994348374,0.11944697511364744,0.09003869821488404,-0.0813463332504552,0.38761877028699726,0.14759702055586807,0.21365053322046432,-0.03530146073710411,0.002445671053462775,0.28511602506759054,0.36970719515094425,0.28020289953714356,-0.21543376727918184,0.06326942244713596,0.36939746520812794,0.45696787899458485,0.4301517158793104,-0.05020115286354569,0.5074496832317257,0.5290664151969482,0.37024557745727865,0.31029207917295853,0.2353671354518754,0.1553331135038544,0.09659524586881815,0.17873153892532367,0.3415786975647917,0.3187755923001676,0.31260859418216463,0.3251742347844493,0.2552582395675073,0.1036983921762345,0.4104355620768999
0.08351832365699977,0.2695640270616935,0.6696508128813944,-0.11704518058609052,-0.043649897656145305,0.9999999999999992,0.3320902772023187,0.6895087586161871,0.7086874266745127,-0.21830792908933944,-0.007960748727517588,-0.2590830302089833,-0.09622980541971769,-0.3677892678114539,0.2872070041239031,-0.015206844545792405,-0.5244859201775578,-0.12113994142108529,-0.363202097156939,0.60638227941032,0.245359346141013,-0.6069545038085065,-0.11945737700197318,-0.6167212616440072,0.5031322055345318,-0.16173325631624913,0.09262802282792955,-0.47143379127009644,-0.07304032606855815,-0.4688177266797988,-0.13839708408954374,-0.2208465025591964,-0.28112423464358643,-0.5315096281645239,-0.40738665971944726,0.6892323567878458,-0.2642177132226707,-0.23704699817601105,-0.33236736691848734,0.056286281832042595,-0.12796884018410742,-0.04896773180529772,-0.16106730674794487,-0.2772273310673243,-0.06469070237456825,-0.19427564495053715,-0.11543367224617226,0.3447022051489362,0.8690878008594808,0.12975922101017873,0.08474610062941862,0.5585319614624021,-0.3214120600831388,-0.3273645894449837,0.6708419489147891,0.8741826011857351,0.4088839774281924,0.4925445280892121,-0.1393878744021838,-0.26855060978636924,-0.1980758314157303,-0.0314745180910901,-0.17340864464540853,-0.4083493272994787,-0.17009944667679724,0.23454353557574847,0.09661478142957193,-0.5617252093289624,-0.6739423012622837,-0.3159448247148392,0.29383784768652427,-0.5193965398225,-0.2942842595583261,0.037979451568216145,-0.6391059889828916,0.0004792409638389657,-0.32181663675987365,-0.436251694342227,-0.3104379231245037,-0.05788062730916201,-0.6243157669244188,-0.29160253110788475,-0.29584450031777787,-0.39377363118485764,-0.06417015403898338,-0.22190475946720106,-0.4083400847244036,-0.30861158860697757,0.5365322830127474,-0.29900200832814533,-0.3558830111439712,0.08781541942326708,-0.28341988722699757,-0.029082748473083002,-0.24752745824544484,-0.2470317290057921,-0.311060428538311,0.028665174469197325,0.8466895155926222,0.029631875914599006
0.09002800992947221,0.282119136461808,0.18413718743757942,0.2588367257362316,0.07316369175794027,0.3320902772023187,1.0,0.28813907657420146,0.14421346174216096,0.1205916474665885,0.16349033508465902,0.05377210546942499,0.13559552372198527,-0.2854931877298647,-0.16412539989213248,0.29259028768249884,-0.03222870334147317,-0.17562136582153373,-0.15585309619850896,0.09472859870855536,-0.12958860239175612,-0.3063000233294121,-0.1955676715853853,0.07734110020988309,0.32332597091726456,-0.010483491244279839,0.07432504502284538,-0.3190835232234064,-0.13081221082238076,-0.04227057682448128,-0.09399656269716719,-0.03176606483180769,-0.08246012094676454,-0.2701664134706242,-0.08505342392703033,0.20972009030497776,-0.14675318034430232,0.3978253347295375,0.28990873484940105,0.6703868229861715,0.42191644338244494,0.001838982768398509,0.3683431511736311,-0.10864993303065182,-0.06911642231116574,0.36641324103295075,0.167454384957458,0.187275767265498,0.3163246505693369,0.49793581749024407,0.04544112192314868,0.23945149177707978,0.3131279747946986,0.1854669595516193,0.20863726834551072,0.2882571519980113,0.4159916620099736,0.1896847202123695,0.16624362784588392,0.06750666580269746,0.09607574037746702,0.12037716317164548,-0.12395321473504675,-0.24019157944410074,-0.08534550064936361,-0.18110320180029668,0.7173644939770485,-0.08196718572999656,-0.22952880853807017,-0.23200847754396625,0.04440917644895253,-0.1540833994038106,-0.19333705308800056,0.6492410066328551,-0.1048163255294346,0.2070974548091755,-0.037445136439181424,-0.3125192115610279,-0.16210386416654304,0.06465870010820607,-0.24051689682658095,-0.13896902873627273,-0.23134379174698877,-0.09941035978504784,-0.05041439575061438,0.04373326750690864,-0.20258068841371105,-0.3865025359188655,0.2561260426310722,0.1539875352327531,0.22916880541036974,0.27419669768979027,0.3953618844425252,0.11531412954711324,0.13680497915360013,0.03219526330309633,0.30134119305262796,-0.12089556047124202,0.28089209547262095,0.22488775859808918
0.07283787425610908,0.293113503320343,0.7372089591989688,-0.019022787660201348,-0.050816628454294875,0.6895087586161871,0.28813907657420146,0.9999999999999998,0.8182251638916173,-0.3512985442214258,-0.14434882727751078,-0.25762898989683064,-0.2510431699527501,-0.06525154195668711,0.16935839396328525,0.2906974765607376,-0.16011204821400474,0.4354248390921563,0.058548754808715416,0.6613623303173584,0.18735084747770667,-0.13874351799749438,0.23005839194193395,-0.253664285199964,0.15594535431173664,-0.02369670324621889,0.2075813610688721,-0.2769799227404155,0.1728860433763992,-0.4537492993272594,-0.2609918692910726,-0.18546572077525875,-0.21575315348052032,0.0010375548214897204,-0.11894525219638817,0.6906939763021172,-0.09513692531898224,-0.23764225098634634,-0.4071077627619242,-0.15982630737824446,-0.09241288886326984,-0.04196378071772825,-0.18909767739456707,-0.21923038510963094,0.048417627413966303,-0.25281742127098916,-0.09020937540274325,0.2801688801777673,0.5326936854057068,-0.11331375059663468,-0.03437653077948475,0.5979097134143434,-0.02694043038919661,-0.37783680872496467,0.5890588115890789,0.6941717446763261,0.6993237569499002,0.729589227510906,-0.32986564858027456,-0.3011362431579647,-0.19234119558466914,-0.19151544288997682,-0.21087168817139573,-0.21773184079113378,0.17344053934696943,0.031535607567823386,0.03507560493915969,-0.14886032751736514,-0.21405038856246666,0.23151724012861077,0.3411576600754489,-0.15532863245206266,0.09018122802161194,-0.11715451912727934,-0.32314244703019734,0.010139631161444033,-0.08879555299687535,-0.2381418520810154,-0.27279367211183486,0.006517392511848621,-0.20946451803205166,-0.1420069480692942,-0.15918856583026217,-0.01742063882739068,0.28932030263221703,-0.17278214305532769,-0.26044789767686183,-0.12283573322661014,0.49210361766663974,-0.21528409665690781,-0.2395297631367777,-0.08345629927519696,-0.3497521876406704,-0.2880065365264714,-0.2328003056462242,-0.2567902440170459,-0.2922179535542344,0.1779214239362619,0.5666250412747343,-0.19865792215763747
0.2197797082068566,0.20518776989570767,0.7917359537756706,-0.09910267824622204,0.20850678873810582,0.7086874266745127,0.14421346174216096,0.8182251638916173,0.9999999999999998,-0.21279180117649313,-0.024810518997113305,-0.08099302805365657,0.023265281906761713,-0.02002487110300095,0.3613088070813295,-0.014774841739762595,-0.26199640236398747,0.22533048267228412,-0.026748857510515853,0.5996875038087455,0.2732111528986157,-0.2240278289783042,0.1201646340059172,-0.3153401642993273,0.013018804649428862,-0.08615264142706261,0.23853729488738054,-0.049701318564330146,0.3940279078509205,-0.31374745359035927,-0.1242320413503866,-0.382672841656779,-0.30844609601574163,-0.13722763665967366,-0.07328271598544035,0.777724912410613,0.08037954996948234,-0.3041402107355886,-0.3526267200753248,-0.2714082070725181,-0.10429106436617047,0.07857374288987964,-0.1624819840816334,-0.0313009941311526,0.18984896064601092,-0.16885973459627288,-0.052787603839806234,0.3285246368543509,0.5723553618216533,0.021345684930158936,-0.16107264072720545,0.4543905181954768,-0.2794800605443582,-0.30641121313800784,0.7861356483269238,0.7921455648129931,0.34845371916208423,0.8313307341992893,-0.17588686283564064,-0.2165484543472783,-0.10333956448287147,0.05723529044402391,0.1296786557421382,-0.05286594878101956,0.20251196639731064,0.36126930322445827,-0.10198763056857776,-0.1544889455919215,-0.296255923521996,0.08352641145999457,0.4366480058412551,-0.151526446426382,0.015217072614769728,-0.1910332445962244,-0.267388828314289,-0.040258117525847334,0.12557423150989017,-0.016656708680767598,-0.11278226530932518,-0.1934185017640491,-0.2535048657067208,-0.12313078047695675,-0.026849622962587024,-0.11604085968657209,0.18003368308232437,-0.111842721506713,-0.08565714491336024,0.08905486741710582,0.5527540191757409,-0.22305536589474334,-0.37618432587710654,-0.235407487962255,-0.36642656450533156,-0.08551746318654482,-0.20816765154693986,-0.13280696279914872,-0.3256856380598953,0.15955883893400755,0.6439963951796871,-0.03884521600459285
0.020625830813856532,-0.3116683592830459,-0.28592018011100656,-0.03062860781458613,0.1333117522698753,-0.21830792908933944,0.1205916474665885,-0.3512985442214258,-0.21279180117649313,1.0000000000000002,0.5990415560879002,0.8379974356892863,0.430632619340613,-0.003862592809542247,0.13581155608262968,-0.33824401676370275,0.17549622784148525,-0.29062385338975544,-0.05943404954292957,-0.4328480477929733,0.008613584611683987,-0.12816196446588218,-0.4387374417885293,0.45346727867833647,0.0809048776118373,0.483741452635593,-0.4218429802489691,0.04370197138299376,-0.0917088713566824,0.05252447472311812,-0.1382350345487063,-0.15532908830498188,-0.4082676203293973,-0.2224221848254999,-0.19672926174937555,-0.3830911379165048,-0.02774952862177057,0.30075996402947747,0.42399491640040393,0.29379256424950273,0.07989610690930338,0.06786819659460816,0.20211156760431132,0.0738210687698715,-0.2028990035633888,0.07733501128529209,-0.226358174707617,-0.44591240254317915,-0.16224700476994552,0.10190205247554436,-0.4375647817295131,-0.5048607110348533,0.012929315118508368,0.2772718543082423,-0.12968905581475101,-0.15550083229299674,-0.2406590547530846,-0.2704070020858244,0.8789230514255192,0.6000027266549627,0.6648190047305549,0.39511928388030704,0.1931982682158661,0.1836759160538112,-0.05961693068576923,0.23112115654602738,0.3286300724120101,0.05699921380681062,-0.09782659285624726,-0.20510687003746705,-0.14665812266233688,-0.05645485166449808,-0.2666527868387783,0.3472538306925533,0.3672755181068524,0.5381503543618763,0.05641644669505878,0.0017193090577725643,-0.11607006322322815,-0.158687309514942,0.0065805172296226205,-0.33834779874276116,-0.2570357327272259,-0.18495551948653524,-0.4633660533657852,-0.19905898345136813,-0.027790829743814263,-0.20226678912969917,-0.394212693613734,0.14250390009366812,-0.03875439862557053,0.014364013497997524,0.4472499345339722,0.322568343628669,0.11580640125276355,0.1227287397015214,0.019644154348093384,-0.4794794889381813,-0.10586472836059818,0.05992346315456003
0.20237608601233056,-0.3496372354871216,-0.14552242157508086,-0.18318308628098406,-0.03554328883781679,-0.007960748727517588,0.16349033508465902,-0.14434882727751078,-0.024810518997113305,0.5990415560879002,1.0,0.6569817863786304,0.4609333382777417,-0.3100767126503765,0.16871522488320484,-0.3958211427236038,-0.16496732968639033,-0.47596605771865563,-0.3840530397648801,-0.11636359422953099,-0.03884667270844079,-0.27519934959582315,-0.559300710494906,0.19583385986252938,0.028997474451473212,0.6042642199498379,-0.24580694781672516,0.028159003626912156,-0.14816404273606426,-0.1701567202531849,-0.027402392994853756,-0.3459981039757312,-0.3815116492448097,-0.44885573537749607,-0.2436466776254361,-0.05297414470582321,-0.03164882145240669,-0.15268361333234756,-0.04386820601813561,-0.0010374831261912762,0.018244414379333117,0.039491892887907526,0.16193008073741202,0.31310220339004396,0.01898295301099947,0.047746277733408844,-0.2288471708791396,-0.27907537354897877,-0.02890642695042057,0.14111093045146517,-0.3959639850824888,-0.26363586820509943,-0.17195846294648523,0.10368185892138576,-0.03273292245889081,0.0709790232828442,-0.19501006201622254,-0.20103559210138455,0.7906599154182181,0.9038852665420405,0.8123164689123391,0.48429328729205423,-0.06079589865570831,-0.19436140169683896,-0.21409644354322574,0.1404513441427158,0.29749520416694963,-0.22372672290617113,-0.34789166133757776,-0.373884142165364,-0.10286289666527952,-0.28963154197357266,-0.5396383490179516,0.1275502764743455,0.25499244241911073,0.5674739079931939,-0.03910900139005811,-0.2522918611180083,-0.12106549648399614,-0.3359449840555248,-0.29612332298046273,-0.24222266499467685,-0.11264167485302605,-0.26262245621400815,-0.3257759523007233,-0.26558318553888877,-0.0383810143375109,-0.12340789172175116,-0.15927948838696637,0.2544958476687794,-0.33567699115002547,-0.33947403709592155,0.03221347453905847,0.25042803974022965,0.21029754002565176,0.3696547235928369,-0.10128742746730818,-0.3556739762539345,0.06542311984578837,0.03400818955012692
0.1298225577563487,-0.31947674606778825,-0.11415791116294789,-0.051811197816078895,0.1671962798698859,-0.2590830302089833,0.05377210546942499,-0.25762898989683064,-0.08099302805365657,0.8379974356892863,0.6569817863786304,1.0,0.5688675927728859,0.17005634204413872,0.2333697323794727,-0.39043594815226096,0.28163320912498035,-0.21908342949053927,0.06482055792217588,-0.3754485984542571,0.05599315057466585,-0.06618817763679566,-0.40297930806860854,0.4996126247372779,0.015685935001038872,0.6334543377971729,-0.34723264342009585,0.16980404531937665,0.05777808768445182,0.05148189419673637,-0.17691062744080527,-0.2652275683292725,-0.42894407820300845,-0.13368821680827764,-0.16916641743470656,-0.2912562963683891,0.054374982754712184,0.1762357324567568,0.27460616155942924,0.06789115909796653,0.028929756824655168,0.26179035019810243,0.1680075447421136,0.15477603086942907,-0.08759912447243265,0.022311493827521206,-0.2999767938843875,-0.4289860432908799,-0.1656580097845433,0.054040933489836386,-0.44708519692252846,-0.4409684160524386,0.011269949083851379,0.27947184840538686,-0.08222050379817393,-0.0681646906836117,-0.22202198479187876,-0.130244056387137,0.7765272633989289,0.6748399957563683,0.8145661821073823,0.5199308419567539,0.31803682631755725,0.30808810298034556,0.09380454468294228,0.30649344564891023,0.2131570099298362,0.18548528897636174,-0.06309442790849665,-0.15524402896282422,-0.0786786680178744,-0.04244507854517427,-0.2113233807697949,0.21644730014072264,0.4714467570912867,0.6156518026913064,0.17183507691074,0.11821226473252798,-0.07189157461395307,-0.2355995163043665,0.04880519461691916,-0.37845811526717343,-0.16453444550695406,-0.15354407949854487,-0.32730623276278753,-0.2991281523640253,0.02025574344156688,-0.1003367058785151,-0.35813395366941225,0.10023236636531913,-0.13870048191411022,-0.14555681451883049,0.20911966429127413,0.21428946178314612,0.06464405011395082,0.1466100090637019,-0.06697313822129246,-0.49037065969538984,-0.058265350891491915,-0.02653004588326779
0.21950087088442138,-0.11154246065645895,0.04263343071482729,-0.029434407917098,0.2834795755684611,-0.09622980541971769,0.13559552372198527,-0.2510431699527501,0.023265281906761713,0.430632619340613,0.4609333382777417,0.5688675927728859,1.0000000000000002,-0.03793329615342282,0.11855547703985139,-0.3491870545215027,0.16735106254114623,-0.43239783440551915,-0.16300532212472113,-0.20462099568712455,-0.040621147669777695,-0.20972317416103897,-0.37569131472520434,0.2233681687965272,-0.15982314668378175,0.05885051511268665,0.08787947136384643,0.26396359639676664,0.12022515322298262,0.3931459027307759,0.2423184309243122,-0.17720219164199613,-0.22212706126271764,-0.2817636879416118,-0.004549170005097943,-0.019504956006642506,0.05806717029246379,0.1558147002769577,0.21358617305614866,0.08953430544015499,0.14146461870066038,0.1560122383271404,0.2941971023529649,0.36834569358813646,0.22673632312607564,0.3174282854868581,0.02454605543308639,-0.014988951252644357,0.009389104937356502,0.3101418395713139,-0.12742599594311943,-0.13597404870567745,-0.0949395879409854,0.30877262103076536,0.1585972123314539,0.0749526504655796,-0.20955654422766093,0.038803938017452744,0.5051908525049088,0.41515617256826604,0.5538276127214704,0.9511176205654351,0.6060899001318079,0.1816783226480009,-0.003031518927634388,0.21472730604009418,0.17498194914769755,0.11194571922695702,-0.12283432549304614,-0.3011811846567378,-0.045237415573036205,-0.012200556398597882,-0.26766403919378695,0.24078338802328464,0.2532245789309993,0.23160204365779494,0.30151792087823737,0.3264421507919044,0.24999216709196076,-0.24247605184026017,0.003213746109960018,-0.09259488417834176,0.13240783936062805,-0.09069641133079337,-0.06880178865016544,0.05420196519589157,0.12995855229556197,0.15256699706117835,0.034123221789919604,0.1498559068540325,-0.05789280743172532,-0.2786007238517353,0.12341678405713276,0.3252610746988871,0.1334541304588606,0.3623278869265443,0.18643728878498853,-0.1824770591788883,0.07619100375071472,0.24447485498092966
-0.11092030025820178,-0.08962672234993307,-0.12443510617273783,0.13254165397082962,0.12644572529471024,-0.3677892678114539,-0.2854931877298647,-0.06525154195668711,-0.02002487110300095,-0.003862592809542247,-0.3100767126503765,0.17005634204413872,-0.03793329615342282,1.0,0.29848079421189266,0.1270282136840052,0.6303747836930227,0.5509480489025005,0.8188966600845038,-0.1556527398637579,0.3661260934777029,0.49125796356789925,0.5450697736673104,0.3241599320656531,-0.30075862132227793,-0.07266705894408806,0.0066293521704282495,0.26800573581310727,0.3394901528730848,0.28563557257880173,-0.08315818586974022,0.16661139465453992,0.07252633663236636,0.6527965064125772,0.3096465242860056,-0.3182728979885812,0.054072780377396115,0.13744303450958498,0.08328507833103062,-0.14025415351994436,-0.11066791889279429,-0.0605551076749441,-0.12024964431303593,-0.06039484084362146,-0.041317991128312255,-0.05466058851723331,0.01964159618372565,-0.0784744762297825,-0.39809441010374136,-0.24412469546273802,-0.0044614110363402565,-0.22766927723274447,0.27715070004736836,0.03981421688811236,-0.12994694838349186,-0.22571297305059781,-0.15461654709823858,0.1355588773748183,-0.24705748442420725,-0.19978247819018857,-0.17499588773532923,-0.14036478544385136,0.4246583361580943,0.749431146324053,0.6426131404688777,0.33330829803612266,-0.31723838400266996,0.59207376035757,0.4986874187188994,0.47761354287857943,0.21100972163649387,0.4742952408875121,0.5950063819974505,-0.21490618960431832,0.2898181944184306,-0.2606948778276134,0.30393798757927043,0.5186889440449886,0.09769644517459149,0.15274553096843127,0.32988876662085365,-0.02262568859189244,0.005661952875901823,0.2689902832187392,0.13040936207224,0.07185144561393708,0.09281606660243123,0.16153291720569854,-0.2585154227065028,-0.21617352092876954,0.06699901338734422,-0.06413123573099863,-0.0549434885906609,-0.22176476441935936,-0.2130025235242422,-0.1380694490533392,-0.009686382104735786,0.033668834897527256,-0.3168326154714376,-0.1262323452776329
0.14086170240347015,-0.2518400917112274,0.19603981928829609,-0.22628030066993193,0.037445747448857834,0.2872070041239031,-0.16412539989213248,0.16935839396328525,0.3613088070813295,0.13581155608262968,0.16871522488320484,0.2333697323794727,0.11855547703985139,0.29848079421189266,0.9999999999999996,-0.3113916841575682,-0.05828647283218929,0.020943381634398045,0.02206563827004838,0.3976578089778601,0.8128022106752105,-0.20710840514715903,0.0911798101721852,-0.13224928289733967,0.02456201104967345,0.08507744460617557,0.022196926933933783,0.09738293603866195,0.4146825348820723,-0.28945877082294585,0.11360572499689173,-0.08685077668923166,-0.3204325312043266,-0.16466234746177522,-0.23360347488708677,0.12595225093698514,-0.09345874490162155,-0.265343897226286,-0.3148022743873143,-0.29048629460212055,-0.42035938608536083,-0.021642660436429473,-0.38520297835567724,0.12210370475311047,-0.01949106058006088,-0.11445203360431577,-0.4515324387840146,0.07784214835990406,0.25821589032516673,-0.11862048894989229,-0.11671723987736211,-0.1443104311473797,-0.27426514984932593,-0.14968717832781284,0.2423419726092198,0.3624438264877484,-0.1633895736476042,0.23209260568194623,0.026494548949768965,0.03830884097397418,0.11477144794382806,0.10751831631421026,0.33184148929824064,0.22610240695498526,0.16982383694052242,0.8560288725506329,-0.2613203768214717,-0.1354753901510797,-0.3100825431339129,-0.0865043332946597,0.5548386466145907,-0.14614173912166353,-0.0341121792788915,-0.27578996410870815,-0.13143877559872408,0.013715031898830454,0.20596631871236837,0.07955114135446376,0.014200641316305305,-0.06799601256134878,-0.26144374449581675,-0.4255288308774344,-0.16197870483663027,-0.28642512222148964,0.05157208347082147,-0.3330604987273334,-0.12496111558252813,0.025642347784963066,0.09158695278592037,-0.4122335551936968,-0.5209469662453863,-0.14750532865476632,-0.4202018988833852,-0.0025159712329691744,-0.3155375932951326,0.07953217149676155,-0.270050755874709,-0.09153177000948585,0.35602152360385403,-0.06954123516982637
-0.22340008782739723,0.5442625316109249,-0.02803640996757583,0.46835638097899696,0.02323951834957934,-0.015206844545792405,0.29259028768249884,0.2906974765607376,-0.014774841739762595,-0.33824401676370275,-0.3958211427236038,-0.39043594815226096,-0.3491870545215027,0.1270282136840052,-0.3113916841575682,1.0000000000000002,0.3258015021552486,0.565301644394196,0.3494218490079353,0.07598250554937988,-0.14266630277564077,0.36169989786024936,0.46073886408019565,0.0361284800291324,0.045748553776558135,-0.3031133144450074,0.19049285367586988,-0.18378010833396774,-0.02364299531752156,-0.05713038363557666,-0.012708291896253667,0.42298504418915345,0.5057195868737495,0.5178375041719148,0.34155010760466153,0.13691189613917543,0.11590709922017932,0.34223430345010786,0.15516224876301107,0.34812038379170035,0.28196806689615556,-0.25116307613360334,0.024083134180076845,-0.254916697931058,-0.029184336459213717,0.007507680025501001,0.3472881961523783,0.333520177474406,-0.07237382269665692,0.06384890752432675,0.41713829764144583,0.34912404179771334,0.5363323281508718,0.1035313169503098,-0.02835042293353754,-0.13378080354077204,0.5472488925317044,0.20479414427557643,-0.4361362213442339,-0.34820286703609304,-0.37684716455233,-0.35758760214714413,-0.26972843671907165,-0.02867836633485835,0.20985468549292682,-0.43400378387164174,0.22293990969801278,0.26660292474392805,0.41154669968005414,0.5089962781710593,-0.05607484581886098,0.35836599965365695,0.3996909825820679,0.22702487093256024,-0.1043308591456481,-0.30438841340967066,-0.05866758391592314,-0.04722889257576348,0.01644482894596914,0.4422514093388271,0.2388943910455003,0.38108431499459455,0.03972814858882795,0.4728022663968153,0.33864611538721334,0.32874026548011176,0.11151415539949656,-0.019579622456550864,0.2025106229863522,0.180903647366069,0.4761284258174459,0.365808693531661,0.23062870102229277,-0.15508295750644716,-0.04733326702142719,-0.13294490681139817,0.22679839170946975,0.3438181842588682,-0.16459510470499786,0.06911596584615265
-0.1332794205375809,0.02392845148006814,-0.19470588040289244,0.10106000838243497,-0.017751682114746047,-0.5244859201775578,-0.03222870334147317,-0.16011204821400474,-0.26199640236398747,0.17549622784148525,-0.16496732968639033,0.28163320912498035,0.16735106254114623,0.6303747836930227,-0.05828647283218929,0.3258015021552486,0.9999999999999998,0.5234894455235435,0.7963619039351627,-0.3314522930564675,0.08603326076025912,0.47614030972954763,0.3605294710205059,0.6851342982554296,-0.3866010013029145,0.03623713980493546,0.11428812653565462,0.1633090267336212,0.16473270182306848,0.3394632341016687,-0.06223590536966155,0.07255848494733577,0.14616754946341393,0.719467033758381,0.23213442230355602,-0.36555790364336255,0.11975390247082272,0.3892806789245812,0.31584325943784214,0.05400302849369801,0.21648616533704707,-0.09262433836612513,0.07387665375181475,0.009363150101261113,-0.03775368884232887,0.16162109856434723,0.06779492189117098,-0.13228236641943356,-0.4373381036629559,0.07951192651659879,-0.059458123157377966,-0.162958476510865,0.5061303102437437,0.10142886913915912,-0.27955330990042565,-0.36810957162149316,0.03802188349100542,0.001316786394674243,0.02414331290051473,0.04902299833380867,0.13092644961220914,0.1064166722171972,0.29464761951271323,0.6536643352790763,0.6360188868030466,-0.06408470588765508,0.08847803002817699,0.8666791433984962,0.702052073396298,0.5555685675766309,0.048779457341096955,0.5705300337320698,0.5532966650648729,0.12199713044276864,0.6617721979727563,-0.04691527394134505,0.32290918517396255,0.4459087438386498,0.07570998506916457,0.11211530335912877,0.6422588811138266,0.06998069826043635,0.031232495160734258,0.35369957256016255,0.2352085017110963,0.12406002095056208,0.1653914717824863,0.06011726561807767,-0.20091301224873928,0.1590382343482144,0.24293736548849487,-0.05968716385554989,0.24598869283360117,-0.11686872475458478,-0.03871988059839198,0.023092552090526856,0.20968782774628483,0.004849213905686823,-0.40804326443628414,0.12320582326287459
-0.19498619728204697,0.22283522630128522,0.15478969541014506,0.13614390004177773,0.003624275720296526,-0.12113994142108529,-0.17562136582153373,0.4354248390921563,0.22533048267228412,-0.29062385338975544,-0.47596605771865563,-0.21908342949053927,-0.43239783440551915,0.5509480489025005,0.020943381634398045,0.565301644394196,0.5234894455235435,0.9999999999999997,0.7056766218555665,0.2791223909941377,0.18724045097194755,0.6245800243618583,0.7893764424074661,0.2807330400450412,-0.2938538042992348,-0.06270813667226745,0.2273964158873112,0.042819417409627115,0.3566440663060249,-0.0885219824094566,-0.2686603504058256,0.18277529611230883,0.1825700892894901,0.8296862598166534,0.38193354443171534,0.11653867201717465,0.12596063474477456,-0.009268726291500133,-0.12592480571235104,-0.19753594472385966,-0.021402561529344177,-0.16597349926234636,-0.25307248397637006,-0.2943090174395201,-0.080308228929341,-0.2373141703401813,0.054975310016427234,0.10771437042928267,-0.21859972336945238,-0.33769089554760456,0.04054809157711514,0.20054842200674228,0.3775829635978423,-0.16724867682383002,0.05583216532736161,-0.05771772244891767,0.4605000886505563,0.3882954877326746,-0.4872664744040333,-0.40706754710289833,-0.3570151338961007,-0.4554778611997321,-0.05930329242801561,0.3363210592000244,0.5947137236474791,-0.07071303317377939,-0.19887437472429523,0.5344476541298462,0.6548621680059582,0.9163323030312853,0.3360053273117892,0.5416568361789484,0.768683150850897,-0.20325490802554116,0.17073985701665442,-0.29365735658011616,0.22398293193080632,0.25186583088738623,-0.1158917262970005,0.33037278399377734,0.5372445412080397,0.21474832041778913,-0.0470121578466663,0.47968386553443576,0.5063795255668374,0.06848219592524456,0.08111925654364052,0.1668200175972983,0.17345830200427095,-0.05207357343605995,0.11906734806281243,0.004426351466487332,-0.09757499157238789,-0.4024928584298345,-0.2393840871235967,-0.3333699361485113,-0.1195490338620806,0.3472477021901399,-0.1629601872055285,-0.21255309255978977
-0.1880135723005081,0.11448871488539018,-0.039237059716143455,0.16453145598845742,0.017905919105626007,-0.363202097156939,-0.15585309619850896,0.058548754808715416,-0.026748857510515853,-0.05943404954292957,-0.3840530397648801,0.06482055792217588,-0.16300532212472113,0.8188966600845038,0.02206563827004838,0.3494218490079353,0.7963619039351627,0.7056766218555665,1.0000000000000002,-0.17297200615367583,0.20771275819712925,0.5029887979515529,0.5255829002504041,0.43455059488605885,-0.30556730922142533,-0.0465436620161779,0.03978244031458505,0.07400733931656871,0.21863089713464043,0.1857226367051235,-0.14672829135341195,0.1431310290049498,0.15912131321275874,0.7793048283950459,0.2965171043080977,-0.26269834198101294,0.05829017523001969,0.2717831497016777,0.18154807613708973,-0.06281978463861003,0.06243946716769204,-0.06448998597407955,-0.00758049236292561,-0.1582629792192259,-0.055616218552379165,0.012478022855480001,0.08706559368808335,-0.09088229343297093,-0.3330854572905725,-0.08827552057373848,0.003822273767325387,-0.03433876150159729,0.4680323234176844,-0.007847248782470543,-0.14149142852784388,-0.20811406521459902,0.09367547648305245,0.2003529835538782,-0.2504526904441462,-0.2133265082109492,-0.1826336487452921,-0.21597134482800287,0.21061039575998566,0.708234922668695,0.8080494467501196,0.057111636561722634,-0.11232856638629983,0.7948511089523091,0.6431412250920553,0.6252255573601087,0.19202159242470423,0.5267089331703573,0.7027326492636008,-0.09856882626006265,0.43587948407334043,-0.20365625555833136,0.24175781526480258,0.4042189125473606,0.03596539833012604,0.23256638808802055,0.4769142334355784,0.017633667386426636,0.011026077674447883,0.3482544045448072,0.2596256314619418,0.08760997982794161,0.05537166724162272,0.0046454872072843765,-0.2111130088660503,-0.0952473757476185,0.1952489223555768,0.01963304732092003,0.08129243125102684,-0.20478314443904613,-0.11722377932308589,-0.17415135629492648,0.05967383046485752,0.05157971759831492,-0.3025050225253892,-0.019196089855479496
