0,1,2,3,4,5,6,7,8,9,10,11,12,13,14,15,16,17,18,19,20,21,22,23,24,25,26,27,28,29,30,31,32,33,34,35,36,37,38,39,40,41,42,43,44,45,46,47,48,49,50,51,52,53,54,55,56,57,58,59,60,61,62,63,64,65,66,67,68,69,70,71,72,73,74,75,76,77,78,79,80,81,82,83,84,85,86,87,88,89,90,91,92,93,94,95,96,97,98,99
1.0000000000000002,0.01977047554159417,-0.2532609277902212,-0.04908662635134895,-0.044674268975430455,-0.25414263368453177,-0.2164781680297114,0.011440616953151314,-0.3593048157464469,-0.3182111785003445,-0.36352521527619924,-0.3372191885452495,-0.2626124380027702,-0.40870990237004223,-0.1831464911743029,0.2449416095304512,-0.3076227209761546,0.10458234027921763,-0.5114027021186738,-0.016308858880323445,-0.25263726516285173,-0.05116773333706585,-0.12627812159130414,-0.3657820740844743,0.16272190307396478,-0.07187670491665785,-0.2324295675227688,-0.3153748391278948,-0.444865836255965,0.01162523240868428,0.11409388221853368,0.5275940847076125,0.5187856972604243,-0.2153782209958272,-0.14601743599774006,-0.16742232794336107,-0.30525805038393145,0.4124886125328875,0.09596282456132853,0.0615455644568854,-0.10621845982274505,-0.06415769001879018,0.12448737823671217,0.2130973312419641,-0.007547319283233355,-0.005077694138509281,-0.011333312938747581,-0.12835481282729802,-0.18362593583783296,-0.20684957164874934,0.18274748972959584,0.09653389653190801,-0.20650816422885124,-0.03254039087665608,-0.08401208597497482,-0.4178761131962395,0.19888460334592112,-0.09818979996686342,-0.16066526546546156,-0.18409138056375127,-0.36785070104023193,-0.31633140300805174,-0.26952001291422556,-0.3064935811762892,-0.3664261917677759,-0.2573984149100919,-0.15722140372982246,-0.2790613033291818,-0.24467496190434945,-0.021379150401059338,-0.2595740181948402,-0.0568846916626573,-0.21482479226024093,-0.3094074655784428,-0.2752146155516582,-0.12730795851807253,-0.41954698882194,-0.22639082125973284,0.0795589339218682,0.4803624607996708,-0.05066583341064694,-0.3134154750825268,-0.11586403081762534,-0.27134034617898073,-0.2544180466930297,-0.24199104210994699,-0.3761808630440337,-0.29295554027131737,-0.06569668497751714,-0.0055026631114072425,0.13727108387922485,-0.008295810025942834,-0.1964762590782275,-0.3012576473087553,0.047980015065388376,0.08403400646281517,0.003213090340098285,-0.12562594829257748,-0.2081125776739776,-0.21309907067525363
0.01977047554159417,1.0000000000000002,0.7947538595037672,0.7817960210232692,0.851687387217244,0.5097557327545468,0.5144831649149205,0.250403566574706,0.3841891493881544,-0.11234241063339916,0.12659624200099112,-0.3185293161959276,-0.5525147640821806,0.15241447767680785,0.307349293497926,0.7959304945703016,-0.10111189201805071,0.04600376174791042,0.20023721048318835,-0.19763948851369376,-0.23695040984330054,-0.4202324278185442,0.021443407631130063,0.21640461358833624,-0.6671274253088774,-0.45521899091596235,-0.363040293298972,-0.06500667769530509,0.31984396923162056,0.0560777524730355,0.198071585475496,0.09600372373840642,0.2530640847704438,0.1595581641935812,-0.323041045160617,0.12876924376190163,0.3157305061176702,0.06725170133809939,-0.1621310512252016,0.3988575012451773,0.2835524740581673,-0.457716158279457,-0.11492321518160022,-0.25968987422821155,0.34881735930185936,0.16806399560894864,-0.20786033677765386,0.2526816681462264,0.6076576503860502,0.5159217370755917,0.2828028590099184,0.8400248962664606,0.25994394771521073,0.6997657373661273,0.44495098115413956,0.5814155204002455,-0.30298198871350485,0.3020717621831662,0.1338386402573131,0.1522625393093196,0.06769809158473904,0.04175266941387714,-0.019665125928229298,0.3364362570056294,0.34850706497642986,0.2593551257176523,0.2681495837549521,-0.10361302546469131,-0.24719022486593484,-0.3685257660892821,-0.12678672907029964,0.21995209577282984,0.20307160563447105,0.35368286741298305,0.1026923660609622,0.09686328609625208,-0.07237953977321646,0.03826833603767245,0.27663108904928,0.2544497460928773,0.12290030438710321,0.054364657751370636,0.3512391512684967,0.1361587032249278,-0.04545901366698409,0.2022057119757717,0.23797873131100966,0.08904890739021404,0.032369070977277085,0.33808266581481017,0.2445689362056785,0.2590691757889187,0.27143534519148804,0.08767799313305275,-0.05250062769916433,-0.20961379217980422,-0.02104793009393677,0.12597403506578608,0.6819339763452756,0.2757547577552409
-0.2532609277902212,0.7947538595037672,0.9999999999999998,0.6678121719441218,0.8290361153548534,0.7026972049613601,0.4329646268969245,0.19413912764710595,0.4441169705591945,0.08514395217049756,0.49724077459008503,-0.10332488019595126,-0.364040565879618,0.33286716597214944,0.2958591962476672,0.586091517361319,0.013278906767908986,-0.0501026637939941,0.33418610561565726,-0.20141409485652537,-0.17798712110936607,-0.4017446265103769,0.09132634419736024,0.24662887084130863,-0.6657944733529889,-0.31010078036344507,-0.27782960459719797,0.0413398906179339,0.4023414010433653,0.11073500449347926,-0.0794716551855101,-0.23437110524561675,0.05665728436270812,0.10715272679386423,-0.28410702872784205,0.19239322537947806,0.4469521698486097,-0.1511430768409349,-0.12917440711960182,0.2026852343173912,0.10275462007877725,-0.45853339091363954,-0.3004550979321376,-0.4086031311771526,0.11423091256759693,0.1449696436479508,-0.2198535108927431,0.16723742539876327,0.6602373331749343,0.5405995384655248,0.23222490311336555,0.7503344684196799,0.4126286101881161,0.6107218168116083,0.4643540899885746,0.7385949010140767,-0.36748064346490994,0.2843503908678974,0.1220998251729677,0.10489726442762959,0.04124631579582716,0.00979171176339902,0.09117320346546931,0.35831094556706794,0.34786395037624906,0.24214954933698413,0.16458217887462764,-0.06176539521230982,-0.23231285703179544,-0.3964033345933241,-0.12767690868782083,-0.02138991295181005,0.2511098771012225,0.30448674185398283,0.027648235053752655,0.08192531416420946,0.07851246793038104,0.15946829481551147,-0.044504340215059036,-0.013469384591159367,-0.017285809936723358,0.14972470200781876,0.2040985817597342,0.164002720449604,0.10904232235065904,0.20315711960295454,0.42032217059335575,0.05622391032154113,0.004369076007692061,0.20520557172443674,0.21650791464935057,0.12678097108455938,0.2242560993512313,0.1007903399414105,-0.0671834831832076,-0.25449271492831615,0.04476191494945858,0.12348844970203295,0.6703971752959259,0.19816715611228772
-0.04908662635134895,0.7817960210232692,0.6678121719441218,1.0000000000000004,0.8057784954680798,0.30514944347716766,0.43138175486950175,0.4868708497900379,0.41252946091638026,0.018307474937555007,0.16052064911609232,-0.10318488473209893,-0.5319858251677324,0.2011005790388342,0.4523286797812229,0.766948647497458,-0.059693505245937764,0.16190765345574729,0.3354890341008347,-0.09128242132429117,-0.09895486325852294,-0.18409568259565975,-0.11753075262724678,0.23271882507996738,-0.5680413574533608,-0.1829306819102793,-0.503024190823683,0.10196361756518474,0.3664986889355243,0.0028234135661163156,0.15574534954238942,0.0381879979346415,0.2805577047405779,0.3165895246956991,-0.5505535664128004,0.162061346536176,0.3306009089606801,0.015331742188306114,-0.29112839179279243,0.42974022500196607,0.23480800295775578,-0.5551592712987551,-0.25928878841449016,-0.45180834034812933,0.2362386698064303,-0.1478485299317089,-0.3370879153362528,0.10632382348574611,0.4270728882100835,0.4102310648647982,0.034111422609761854,0.5389014332567182,0.27178010103569644,0.7979176003368655,0.15281989174885263,0.49793122965383757,-0.27254925051075735,0.4746636028400307,0.02639612941647833,0.3262397938409141,0.17226350416532293,0.1507310241886769,0.21670170303158126,0.5695201766217086,0.44867210659289786,0.32768529260955104,0.2757327994594456,0.13132229194758488,-0.13063111073092357,-0.2390631793632043,0.0060816559630873885,0.22843480473882616,0.39174030427064443,0.25527298234615636,0.24254963551759737,0.26422569537124196,-0.05882316117027304,0.023190825109664172,0.23008459923849342,0.032539926625401026,0.0633514845910147,0.006885416451713428,0.24831911302208984,0.2858309471625774,0.06409325266069134,0.29034138965220924,-0.005905036418552904,0.02545663998143297,0.08590363918127887,0.20692137971402702,-0.0693305275751909,0.21401464799591974,0.24341859790331907,0.16675167193104412,-0.03927773779536037,-0.31010823682095334,-0.2512497617461361,0.019476860987010933,0.6038337474744903,0.13406088693258075
-0.044674268975430455,0.851687387217244,0.8290361153548534,0.8057784954680798,0.9999999999999998,0.6490489774287277,0.4795932214383553,0.4241971339526762,0.4580013662969403,0.033377133985607196,0.2730638637842777,-0.12762470084122815,-0.4780821203791402,0.28595911641092203,0.428958194999763,0.6949674095358171,0.022808610206351995,0.2716769206018802,0.28974362149432586,-0.06247875290249408,-0.09942729622525787,-0.33811346933424663,0.1604572140668478,0.3017198250032424,-0.620128393642574,-0.3454983120232525,-0.3183448139706761,0.08953727704111812,0.4376416837942324,0.17062245176260366,0.12577331672019995,-0.02651968489312143,0.22395981002606757,0.33124397866476696,-0.3436724373091107,0.15494972176351776,0.51687823571301,0.010505321038057567,-0.14719132835232784,0.34723463135154825,0.3556002808366832,-0.4235418747138471,-0.18306011445325726,-0.3360629950739372,0.2750104478816235,0.1173656070511927,-0.1946792434754493,0.22203391516958015,0.6752284326900859,0.5681580263681442,0.19508010714375534,0.6520701084848255,0.2621076741792491,0.7613260997266802,0.49540185941739606,0.6302016080270068,-0.17883333065392357,0.45333186405727255,0.10677109381576509,0.09940824401810325,0.01718573629996655,-0.075221802223346,-0.04504712358538002,0.3047499765673714,0.2882234692030368,0.29472322020857866,0.2545645153368539,-0.1397459411417891,-0.1538150369713839,-0.26239995090489293,-0.05452788831523895,0.021889601693760627,0.2106016427865734,0.33299936786209394,0.031630419559220996,0.04811218727263204,0.12312117265005465,0.20471716045948798,0.16594440721218556,0.27564775554685234,0.12593353414022043,0.1154033653609713,0.3483152928314365,0.12160555764796746,-0.02599728783838835,0.17409980062714828,0.3381461337510835,0.14636185662361875,0.1399553763546898,0.28683074379751927,0.21032444423228164,0.20646096598211927,0.26753170441240237,0.1022051361314647,-0.009371794448612622,-0.24771962228354807,-0.00023157357684694676,0.18093454541992862,0.6842368967819393,0.274765046346655
-0.25414263368453177,0.5097557327545468,0.7026972049613601,0.30514944347716766,0.6490489774287277,1.0,0.6067553429672674,0.12368607742898352,0.4896046703419418,0.2606015970707621,0.5523770097612105,0.1957463948615451,-0.12178098056902449,0.37924457506497533,0.2713500504578129,0.3507763270628453,0.14695618506163396,0.1885362807420853,0.35039060316781834,0.07418676381228216,0.06816378591287707,-0.28647615827547673,0.26600292111215296,0.5801193476266704,-0.43355326668117233,-0.13955890787461747,0.10800746938735328,0.033782004339303395,0.46418352626031384,0.14804755864124855,-0.14724571399224498,-0.3105344007080692,-0.11883163302165782,0.31366370643074576,0.11897272338872071,0.2770517859145208,0.5808889630270175,-0.15104811039909682,0.12091247519331717,0.2751982888873284,0.4190132136312554,-0.07510844720080609,-0.04904708702124566,-0.08319126915449533,0.002631512061695159,0.3715213404175163,0.017033032577951284,0.08756296841448376,0.6129857292387262,0.591726233150677,0.2982588611396634,0.4329604480125136,0.34555686587543677,0.28038294161414157,0.6908095381018711,0.7096040221618162,-0.064783007446957,0.19500128384050724,0.09406539107811136,-0.13567273192728652,-0.0486703804489358,-0.15798994724378299,-0.06743708439860958,0.1029640792467193,0.22069069230040428,0.18694070301053262,0.12769760734495778,-0.1744528342761113,-0.05712003859556382,-0.029617962720713854,0.023146290388329303,-0.28896801858189036,0.08323357042467418,0.24895109754515535,-0.15988485084382467,-0.19420957539399195,0.21233430793168062,0.2043895371398183,-0.24765327785625055,0.03855077013635665,0.00874511487798003,0.3279305248875955,0.10227017440575738,0.015043434787887012,0.1340060967195857,-0.03690831954701178,0.6390025268681705,0.026140522741059307,0.21703107514893474,0.20673663369336126,0.378617755197675,-0.07594438458190239,0.11249418742729313,0.01976885610645912,0.0068585705180101465,-0.042611587255488394,0.33593590962923436,0.16580906227294234,0.554049373904304,0.3140210697233387
-0.2164781680297114,0.5144831649149205,0.4329646268969245,0.43138175486950175,0.4795932214383553,0.6067553429672674,1.0000000000000002,0.183967708413159,0.48004237374920555,0.2807588604415836,0.3411035106548357,0.12747727582233676,-0.06605169342974555,0.5685613950405451,0.5723139339748934,0.5370075852413981,0.24089796159673155,0.2262246161903991,0.5846465744640995,0.24697239169808807,0.27399917303867777,-0.0967428101384342,0.41493511353713053,0.6906928497300575,-0.41126475180362054,-0.17007469850776485,0.1971553171233504,0.07787984343413433,0.5838560110418025,0.29808811769119653,0.09979780534619853,-0.13215470285578013,-0.10301568688644484,0.5615099352461242,0.07646624246016662,0.32576672979138904,0.3838377442675609,-0.04518970535926185,0.045737531735766196,0.5477771721410213,0.6925318422762962,-0.013782298064926266,0.06806877603250554,0.08488715795228641,0.2282020583772076,0.18832469351833728,0.037470503202828485,0.14776109797911968,0.5330441727147263,0.6557895754941956,0.2819819282448103,0.36510605338870367,0.29782514318775954,0.3443632323015915,0.32087500824610615,0.6173175949860652,-0.08317500452268024,0.07373179465636111,0.07302496335483111,0.1785181536878701,0.19145809066839767,0.19651365374335333,0.2181808012004033,0.45869013063512026,0.5006203629972367,0.5045546484706297,0.2689481789616757,0.1397793279130999,0.15602745313005478,0.14948288131994242,0.28849455081498193,0.06538018603222627,0.4132488968577226,0.2855300350331352,0.10499443832034464,-0.012720471414686655,0.24649763210607287,0.39971792703790476,-0.03359308854286695,-0.08743703546946421,0.014792148658236205,0.2953112187094095,0.12181197541281671,0.12652850139556107,0.10392810384343396,0.038098078120930225,0.39004326892640656,-0.005215728642432119,0.3372135668743569,0.19616008171459148,0.1174348103515897,0.12438822045895968,0.13723731417988458,0.10173326037467519,0.06985162267147903,-0.036540873794303305,0.12353975069968487,0.13962119172559476,0.6193408018685843,0.44741147321303143
0.011440616953151314,0.250403566574706,0.19413912764710595,0.4868708497900379,0.4241971339526762,0.12368607742898352,0.183967708413159,1.0000000000000002,0.5723495196040981,-0.01626040448021181,-0.2761263044014526,0.07412067951739958,-0.2702036940786455,0.04246216824334102,0.35240725367735787,0.3137403785096104,0.03247841010246278,0.5636198209109127,0.25051417331841275,0.3353027775313245,0.2741880956080953,0.118555297857919,-0.01228943792120116,0.12076555836065436,-0.3074307380008841,0.12763564333447733,-0.19287922031435192,0.20793436402856286,0.46291571885587324,-0.019352521136001145,0.41796427245161116,0.12314062418444412,0.03528197217956108,0.4919187806108496,-0.4112866835930258,0.2593265963873459,0.2204779738324573,0.02779043956091021,-0.2839518870865004,0.13592030436631164,0.3010740793019605,-0.28883275854518864,-0.006832977684750828,-0.24302646585002208,0.46076757472414975,-0.0995998459501704,-0.1693834215700445,0.12967741752765669,0.2032067769443111,0.2572194556259009,0.1281767957167832,-0.022644632525530537,0.2405124784668255,0.46383333353379175,0.09007439502655663,0.2122801592920976,0.41796775474461556,0.8239080017858827,0.1260646299202722,0.07396340050250415,0.15396321672891292,0.10663402079093381,0.14440787312261077,0.38150864867378526,0.2935898876151419,0.45373456471522117,0.4388225245681093,0.1637062595305767,0.38178458674524857,0.3148163685670802,0.4004828460628167,0.28010645342318796,0.21866513189872444,0.33074398451964454,0.3160253166012119,0.05697218792181604,0.3491225230531429,0.08317760972081863,0.30815681483692053,0.38313539781223144,0.31519110154836527,0.2800017617452045,0.4160993747591927,0.12761586711816872,0.07264130195500218,0.12223425763634434,-0.0284245341371286,0.14693889930047938,0.32298359260107207,0.2138438619148948,0.14178692018618647,0.35241585091103483,0.2944159428768267,0.0030651384094063853,-0.1418815873948545,-0.07519973340804167,-0.13725681216437405,0.1227780880571035,0.28892157093828796,0.2263312374525406
-0.3593048157464469,0.3841891493881544,0.4441169705591945,0.41252946091638026,0.4580013662969403,0.4896046703419418,0.48004237374920555,0.5723495196040981,1.0000000000000004,0.2787758002015334,0.07295583367594413,0.2624808988585781,-0.10851925822471088,0.44217696786787597,0.5822368867838476,0.3566505699152651,0.14308670875221927,0.40933104008069765,0.6080560648426111,0.39474245191652496,0.5247525964645886,0.05074411551706834,0.15211627103169265,0.33020847154454935,-0.4332325514256497,0.09280836149145075,0.05875077423749817,0.37106540540285304,0.6977856006209778,0.08589813118418478,0.2271808527401139,-0.09239929345094333,-0.3340600838250714,0.5741714336543089,-0.16782949050187296,0.45251591525988016,0.4720210626842242,-0.24015434833450663,-0.2027779831738355,0.24735411505826937,0.41184678194379964,-0.1327122873076196,0.0959183804030416,-0.0974026398582418,0.4349984374353138,0.1260943814774941,-0.2372582527431361,0.1760018502183919,0.45646298145059205,0.47025861504049926,0.3443821639452716,0.16258147332943465,0.42141396284208044,0.4715862531221019,0.3295413504376988,0.542759954454994,0.1955124064479018,0.6859417286647496,0.4794160553393982,0.27871362899151975,0.5340255298285974,0.49261786898934484,0.38206460245017404,0.6428649025852318,0.6984954052499683,0.6639466650701313,0.5318608133851981,0.48387986252476645,0.5374532970146845,0.2611425717338136,0.6130063683755136,0.2981484962426589,0.39558593216710053,0.580248883475635,0.5310746551263317,0.22382832030129582,0.4529867641318092,0.2585482299579055,0.16541486777737724,0.08958571707436094,0.3271910763062559,0.5265555872334342,0.4369856388972243,0.4428377991839919,0.35726390865422264,0.23568569953403906,0.31598607343020585,0.21274762590072613,0.38729181431892246,0.370284866423636,0.21148186395690918,0.3398906581997056,0.5022974951449136,0.28289918735839414,0.04063703283548431,0.04757371230559662,-0.029515967093149215,0.13568906046156068,0.5357803377654518,0.4340671546520662
-0.3182111785003445,-0.11234241063339916,0.08514395217049756,0.018307474937555007,0.033377133985607196,0.2606015970707621,0.2807588604415836,-0.01626040448021181,0.2787758002015334,1.0,0.4074809095145622,0.5826525722331029,0.25802825370747945,0.4417393058294989,0.1512044167617909,-0.07233667367371718,0.47570488496434177,0.0719684492264556,0.44006994588757387,0.23435458916772592,0.3298844553410064,0.21220402973957642,0.31907651056631414,0.5650195562178622,0.06384513386934404,0.4192493143874086,0.35893494696619027,0.4968261924766519,0.2872513312012588,0.3134685143998346,-0.1462479366600226,-0.060697045638488295,-0.31789133198844743,0.42023515743247686,0.133854708871181,0.21027163066224316,0.246000592671811,-0.2709019541798628,0.14303560123233758,0.28120798643167993,0.16290548375119301,0.09323556365190225,0.13802563827179312,0.21866382108877788,-0.04758448270030574,0.12912575567485393,0.12528221186942354,0.08099100606742735,0.13565295378221243,0.1819674809366385,0.05683824983103798,-0.11203947872706124,0.09963063080787958,-0.07902791106687475,0.01662131753647496,0.26467854118509787,-0.04384738359232472,0.01327377086071414,0.23250916416120593,0.1763578799039233,0.3083611052901973,0.21779213161448502,0.2582523430881094,0.16338178422649768,0.13564697802167613,0.09740274217590957,-0.05504078850735891,0.27995495722514907,0.19515889693869215,0.13305840812739111,0.18660546120276666,-0.0710519060387138,0.4196834578789426,0.11129460671753583,0.1158688860215247,0.17593102196195354,0.3190688158342757,0.48786072684853116,-0.2388160338783106,-0.34643639518791386,0.061842738384869575,0.3497392764232996,0.057163600424090015,0.46767957610197564,0.5596234995530461,0.2596003411490675,0.19207924638958662,0.16996693323163664,0.31530723458676724,0.029572510317352554,-0.11574014428616974,-0.03440355928026902,0.06366294751923242,0.3131434951381899,0.37121328982490637,0.28736456765353974,0.1786660254163651,0.21427478205268075,0.17481315891781818,0.1522367136791031
-0.36352521527619924,0.12659624200099112,0.49724077459008503,0.16052064911609232,0.2730638637842777,0.5523770097612105,0.3411035106548357,-0.2761263044014526,0.07295583367594413,0.4074809095145622,1.0000000000000004,0.3527708349853003,0.03471242927322729,0.4035097296494648,0.14982985665200407,0.0717695497976197,0.12879236537085453,-0.16207538365353508,0.3231026519619765,-0.10479118283034809,-0.037154806312680574,-0.14684362526168981,0.11934703264342605,0.4794034010509459,-0.16899846306841043,0.10913447172782284,-0.013178277567019949,0.01910819145838479,0.16941331905713067,0.13078722237644255,-0.5020935930497954,-0.5981015620349158,-0.1792314027695853,0.039807127756677045,0.01601213250692202,0.12867607736720363,0.3255887258516687,-0.3963700052021942,0.015187769901797911,0.08061022619678443,-0.03203911607755973,-0.1373899872149371,-0.385120587120073,-0.2855862161700929,-0.4902131937361816,-0.04210834847458766,-0.12931405108199207,-0.25581482124249216,0.23940758443352472,0.25530931541636576,0.05002143100050624,0.25598803508274187,0.33325382049831,0.045214866573729424,0.1471581381795013,0.4754592877045601,-0.31283225100780204,-0.20411391535970905,-0.103860523993055,0.0883916410007077,-0.046813814053736615,-0.028884769785777958,0.09833966792670348,0.0748326474654972,0.09846460892100872,-0.021942093136383685,-0.26365764286562865,0.029704373920917633,-0.22774287945926436,-0.23986781211662403,-0.1439867046139578,-0.37512102325730695,0.17658483871407263,-0.13090260370079185,-0.2290300691082905,0.0643965130947113,0.028139449151767932,0.16101666230371212,-0.5903585892306985,-0.5684615786247248,-0.33706808657508786,0.0021022505593092443,-0.35581446045696385,0.008321914096077786,0.17285178789431502,-0.07353676510478517,0.36565922939889683,-0.20733034553173166,-0.06503249858751355,-0.24535508981061283,0.01670429541396927,-0.23784641972761333,-0.09107205768851738,-0.01470041497924983,-0.0018249718856054094,-0.14403882683645633,0.07172909684756254,-0.09711258888185495,0.2066696179665041,-0.06306526831789225
-0.3372191885452495,-0.3185293161959276,-0.10332488019595126,-0.10318488473209893,-0.12762470084122815,0.1957463948615451,0.12747727582233676,0.07412067951739958,0.2624808988585781,0.5826525722331029,0.3527708349853003,0.9999999999999998,0.3407216346524706,0.23561466669451217,0.10007169991989193,-0.19582356040623428,0.3743512361246234,0.23555993065773032,0.2332488351330576,0.40528395635105047,0.4607162950785277,0.3665321069011409,0.10432360041780059,0.45321776584121515,0.2855853218148722,0.6321124518255906,0.3057653488581984,0.273143461794862,0.1902923515665828,0.17364312876858704,0.02867090307314877,-0.1964575626970441,-0.34235681873025015,0.39397305356066853,0.1402386522826084,0.3771918047299589,0.21457844132666248,-0.10826637093555358,0.3291142724330396,0.24371433393197686,0.24398059256640015,0.3135880608589472,0.30119555574513324,0.21559497614885373,0.02254071221457172,0.08563307237116811,0.04051143371107972,-0.09186855334710158,0.09751914704927667,0.12882840205331605,-0.10955470102527257,-0.2893095465109998,0.29689127039777774,-0.031228536974836296,-0.0006027720646370891,0.19787029206381918,0.31718526564930527,0.18299362817902698,0.15569164183289644,0.3528896258460409,0.32942376347709906,0.3151847702320802,0.052950617168285696,0.08125396344689939,0.0656768089733691,0.10027943194386034,0.24257089228812861,0.41437366427503064,0.18581955257385507,0.29791365083490645,0.3757148775198168,-0.012421217272853505,0.21209780261096067,0.22116212092085916,0.19915719973623358,0.2309131856134016,0.3558532390213369,0.18631584960261247,-0.1027442995874825,-0.2665173839446019,-0.02850772393777454,0.40045634778175926,-0.0005923803563266514,0.25074089818263856,0.44190591681099656,-0.08359714337972772,0.14555521355414666,0.050214975706123745,0.40449414058673944,0.15100666210800892,0.13107861018109884,0.14780023311931967,0.28820479051866627,0.25389011280260515,0.170910634932869,0.47357421715167425,0.19751514933714454,0.030624002462669137,0.06358617297151913,0.20847813654782313
-0.2626124380027702,-0.5525147640821806,-0.364040565879618,-0.5319858251677324,-0.4780821203791402,-0.12178098056902449,-0.06605169342974555,-0.2702036940786455,-0.10851925822471088,0.25802825370747945,0.03471242927322729,0.3407216346524706,1.0,0.3725923657160969,0.10947323195543716,-0.44738981802480876,0.6196543241300254,0.09962076052249588,0.1424649914032478,0.31105672844718923,0.45750236289751517,0.7157841168948247,0.523158714620648,0.14067487530471906,0.4018896441501201,0.05891179910421422,0.5759020146608335,0.15025907305830796,-0.2456841446127347,0.4777297910242694,-0.14282250975227334,-0.11193139241385924,-0.254865282817004,0.0958242212064213,0.7138390895428992,-0.02864934423135085,-0.13322603966686566,0.09098060503844263,0.3028499508995549,-0.12367700961042823,-0.10269706596311023,0.38925089972281596,0.2779800190833862,0.23147156907357108,-0.06847604933069247,0.22780978755864326,0.4546203447929087,-0.05932256925764241,-0.18941112908316354,-0.2260782593314894,-0.36819217770254004,-0.37025044374749366,-0.05209563856484161,-0.30831935822811113,-0.05538356458072689,-0.1840029506469383,0.1703786699877516,-0.33026523882740305,-0.0532219175264222,-0.15516960299403434,0.03685797871224574,0.19389640921859974,0.16456433011452717,-0.11614796971838347,-0.19771704260313708,0.056484166971822486,-0.08107882871923494,0.30001183687099126,0.23929241569537,0.36989354371643585,0.2002079747404591,-0.09174446372857412,0.23909833054390386,-0.19914993429198546,0.05080766629747676,-0.1510022381055915,0.29494412875037196,0.4907949709825872,-0.18479786759636385,-0.3261274082330456,0.12968080610359134,0.028239829475879843,-0.19387957991223867,-0.14705449421087854,0.2395189644895934,0.10990122910387981,0.084298833918561,0.05267654079928247,0.02706154824926375,-0.2579362140695834,-0.2131637988789457,-0.236611627899352,-0.18543268237318603,-0.24922975883500628,-0.25533618397181546,0.132776215940285,0.32510765951412424,0.40511535350720174,-0.18882938971646104,-0.068536749722721
-0.40870990237004223,0.15241447767680785,0.33286716597214944,0.2011005790388342,0.28595911641092203,0.37924457506497533,0.5685613950405451,0.04246216824334102,0.44217696786787597,0.4417393058294989,0.4035097296494648,0.23561466669451217,0.3725923657160969,0.9999999999999996,0.7336157693598587,0.19582037731310167,0.6629493454522086,0.1990016812172565,0.8148619000439368,0.33738468430755014,0.5448926457773575,0.2998772002389707,0.690121709375997,0.48928375266900576,-0.24039694673610126,-0.15231006563210284,0.30252751746760853,0.24541633317846956,0.49973280497417416,0.5472195032515466,0.037605804842296885,-0.219279251989262,-0.3381229470920976,0.5073272034659781,0.13811322055834854,0.14770749014895102,0.3935901144929377,-0.25210613517513225,-0.09533820282275664,0.2774611437164455,0.29956844850092923,0.05452107373671579,0.0038744736383445623,-0.05028936263918433,0.16438801580798024,0.08319875563955803,0.08940100927867503,0.12375701792303725,0.48743476938536046,0.489600076751474,0.07061164389722073,0.14126960180188697,0.21816461411898677,0.2595444297408052,0.06732999052400214,0.41934089692111565,-0.06610437984873176,-0.024764025822727992,0.04707474675014813,0.14714118851120941,0.2770879696085424,0.4896412374280472,0.5032966168178803,0.5767841522169437,0.5966495116289091,0.6886039297152907,0.15547137870972969,0.4474259325035549,0.3646353530831692,0.09379092595320673,0.44815451227587877,0.17319179700714926,0.6560472646327286,0.1517355834246029,0.1541461557304122,0.016490637395219113,0.5522165349282293,0.7289784506452667,-0.1058355379565241,-0.331209945675888,0.033076685347636775,0.24375036288954113,0.05768793012537303,0.1938619151322539,0.2993165880930909,0.24653343173009298,0.45684259203243915,0.11876996784520803,0.0974166862134134,-0.09394631991895326,-0.09224975338256983,0.049932133686167515,0.06918895172832397,-0.01705737513920205,-0.13394083385064717,-0.1267396822179535,0.02787860420187483,0.2974319357986398,0.4539401176921412,0.29148961099976417
-0.1831464911743029,0.307349293497926,0.2958591962476672,0.4523286797812229,0.428958194999763,0.2713500504578129,0.5723139339748934,0.35240725367735787,0.5822368867838476,0.1512044167617909,0.14982985665200407,0.10007169991989193,0.10947323195543716,0.7336157693598587,0.9999999999999996,0.4929960912420751,0.3750228312826693,0.6158091069466081,0.667719281355971,0.6124344079927666,0.6968525971126235,0.26303472518847193,0.5264897165274283,0.33311860159361417,-0.2822114099052063,-0.1490146030468536,0.071362120273068,0.20086700838610583,0.5811382724997828,0.46325269575408934,0.29827136778983726,0.0016451470382986442,-0.12188219494664604,0.6971489859312802,-0.09426692887045697,0.34524355268566603,0.35361628795371036,-0.06988672158603779,-0.18141521609486538,0.27709803430729557,0.3824922721919028,-0.06992007347599664,0.042834796400545085,-0.04785771554966003,0.40308753476153436,-0.07696445389511732,-0.177603681070666,0.005633240406118484,0.4070648684875783,0.4165294546248665,0.18716946615953048,0.17391708669590678,0.2952380799726553,0.6013392696968098,0.1864892223349901,0.44385091175455255,0.14801972222079327,0.277090077710462,0.03348522840574364,0.3358163579514017,0.3499922125002232,0.5033123697497247,0.4750581956276464,0.7224384951117414,0.7036090632297419,0.8541565479895067,0.46412935958725376,0.4711326306854004,0.46221308805355216,0.3308586585819372,0.64030845568638,0.24659145076750513,0.6460260935433126,0.31765823169981716,0.3633780798810964,0.05945365247873174,0.45899816509232105,0.49959456381429085,0.17413462700626192,-0.01913286470853888,0.14663707325780717,0.17907424345749437,0.29765521714551574,0.19815167132816178,0.140763379818547,0.15384535100949678,0.1862740362429082,0.014424284302912,0.2935383065682951,0.04842616983000519,-0.06227867768471538,0.2591100999965603,0.317610880629378,0.05787794140363691,-0.12869044450517822,-0.10394634225490952,-0.14734398261947357,0.2096315305056088,0.5739773055978956,0.26576418254274015
0.2449416095304512,0.7959304945703016,0.586091517361319,0.766948647497458,0.6949674095358171,0.3507763270628453,0.5370075852413981,0.3137403785096104,0.3566505699152651,-0.07233667367371718,0.0717695497976197,-0.19582356040623428,-0.44738981802480876,0.19582037731310167,0.4929960912420751,0.9999999999999998,-0.08838835141440718,0.27968413726414065,0.16037137194381065,0.10793006014673759,-0.017156126268428475,-0.18924405609565859,0.0795998414483108,0.16093657429479066,-0.6345661660872451,-0.24221388232228844,-0.41651594630722216,-0.09924209412626832,0.24680213345621443,0.24399915080713824,0.17954377634704352,0.1569184959557294,0.4209382822341716,0.2728952911209289,-0.44249098062011366,0.3402189379862614,0.20328332626880946,0.20505621695374374,-0.09795188110212068,0.4844104432118739,0.25939136598163026,-0.5387579792093797,-0.06978002944742143,-0.19428120932068974,0.2947073076315805,0.06305435702459068,-0.28109051637502536,0.03697359129620166,0.49217741243920937,0.4808960529111977,0.27771799690569465,0.709679346501121,0.32649364079550397,0.7183845346318336,0.3533485505203954,0.5160540417428737,-0.18154206776596418,0.2416113471258849,-0.06215480732203298,0.2439954297585157,0.040835321022753744,0.12133677603814684,0.1904545915209651,0.4740252964665805,0.4135068609507354,0.32954561158067697,0.3219141550882648,0.09252135914191646,-0.20459406144039252,-0.15539127067405575,0.02254032440889562,0.13294004921228836,0.4321138442084996,0.20062793482763303,0.11504904724715792,0.009446206553214681,-0.1424707836708242,0.06775069967848449,0.1753874814653756,0.18360411871930785,-0.030758889992053978,0.0027053488167591727,0.18913128342071667,0.11437169479803541,-0.02383092165150187,0.07701274003333866,0.03425041410367745,-0.21426189485306052,0.0857554942334674,0.2694938239444192,0.1685381689379051,0.15602514527148964,0.2444386192900268,0.04810812817917446,-0.02321653354458047,-0.18216246593456276,-0.08677133821382789,0.009629448123568484,0.6771389930625351,0.16586936020285067
-0.3076227209761546,-0.10111189201805071,0.013278906767908986,-0.059693505245937764,0.022808610206351995,0.14695618506163396,0.24089796159673155,0.03247841010246278,0.14308670875221927,0.47570488496434177,0.12879236537085453,0.3743512361246234,0.6196543241300254,0.6629493454522086,0.3750228312826693,-0.08838835141440718,1.0,0.22772869647450014,0.4689593481144047,0.33994120444103537,0.460629964739525,0.454059406496705,0.6857537721720333,0.4376597804027381,0.08317084412521616,-0.01553308592494008,0.4198209259891369,0.2755707870124425,0.15955264634990818,0.5799948890817265,0.16276431544090617,0.003924111171220219,-0.2627067677234529,0.4297524934570561,0.3933505086844088,0.04373797636024749,0.12137836746695096,-0.04817730685142878,0.09480301774482716,0.21416039569487455,0.20498726431719355,0.1919689910726358,0.23870354857913476,0.14804929394220095,0.223233961405879,0.15244251535543463,0.32344643114617977,0.13052984215076174,0.3100409029365039,0.24701703195655897,-0.1277489254938906,-0.09569758398654692,0.03439423616300718,0.09656099110039121,0.006780334552152185,0.11711010771754454,0.08501262965514789,-0.08642439322970763,0.07649942656636788,0.07370342552288234,0.20666633001830229,0.24657696076382513,0.15259731464449972,0.14968194747415225,0.093453047009979,0.33139368836211575,0.16642792091331216,0.2805003062717388,0.28085555310673693,0.2094262894138531,0.2592382886524946,0.15599578577443993,0.42174336289869463,0.11784253529988327,0.19187707962063047,-0.0004435898879770135,0.4693221459608546,0.5693898289895271,0.07114919920442171,-0.17059082266644407,0.23809611847057546,0.22066027829984006,0.1255026850206418,0.06912943814095263,0.26723713676245314,0.2731305127141364,0.20278656415578075,0.2038992359250753,0.19494905469236348,-0.020986742982372308,-0.15205855590708975,0.06404888957924604,0.015421240652999272,-0.055254325035903336,-0.12438785236763115,0.0961771035549153,0.18327778210675413,0.45977641706171585,0.2620296098238321,0.32797990566063523
0.10458234027921763,0.04600376174791042,-0.0501026637939941,0.16190765345574729,0.2716769206018802,0.1885362807420853,0.2262246161903991,0.5636198209109127,0.40933104008069765,0.0719684492264556,-0.16207538365353508,0.23555993065773032,0.09962076052249588,0.1990016812172565,0.6158091069466081,0.27968413726414065,0.22772869647450014,0.9999999999999998,0.12931017944417109,0.7936800736857933,0.6755663005227129,0.31317941671827526,0.40986718030399316,0.2679903140814426,-0.03409559588445455,0.09116070499036381,0.1598644666626138,0.13298119976814407,0.35558032715821153,0.39080791528578085,0.42696014980929287,0.22005165855238185,0.059933677977848716,0.7513113523905037,0.03382305415918235,0.4388699702683101,0.27558196227285214,0.1856915389242965,0.06156997430618963,0.2086842524588288,0.43487960126734276,0.060305095158512574,0.340633272574129,0.20242434614758362,0.46024146812092437,0.13202658485480992,-0.004488936524717483,-0.02268430039776524,0.22712054087015024,0.25804464577726655,0.1787852197112408,-0.08380634313237612,0.1959866108077348,0.4346746912801283,0.38516720980206187,0.2253280571019033,0.595363076953499,0.4527880729631745,-0.03008639206880644,0.029728948359838168,0.025067937791141883,0.0732066865695971,-0.005415856450945128,0.16039282761876772,0.15599989508677978,0.44632819885813874,0.4761327880399354,0.10401200579570083,0.3763471502207403,0.6318654514002102,0.5222014602509595,-0.02042497956739702,0.29623212875213256,0.28405827926747973,0.13341490012892557,-0.22911930146968837,0.38532138257883247,0.24948002895063706,0.26272271486286086,0.42117187248844323,0.2664102293128351,0.28029600384225684,0.41829077472569054,-0.013966111825529969,0.08639284046002708,-0.09978662956563947,0.10120605859667342,0.014325336806747326,0.5228397163598253,0.2076097670117626,0.24048020102915946,0.22020327878474644,0.33495671770920826,-0.015721818036046373,-0.06713435014942223,0.206542679215528,0.14078432362953539,0.2413263085221259,0.33905010393931895,0.23707474154702057
-0.5114027021186738,0.20023721048318835,0.33418610561565726,0.3354890341008347,0.28974362149432586,0.35039060316781834,0.5846465744640995,0.25051417331841275,0.6080560648426111,0.44006994588757387,0.3231026519619765,0.2332488351330576,0.1424649914032478,0.8148619000439368,0.667719281355971,0.16037137194381065,0.4689593481144047,0.12931017944417109,1.0000000000000007,0.2667205436428496,0.4782875177930898,0.18958859789505067,0.3377926324510266,0.512007765081542,-0.2553786458267984,0.017157277366622776,0.18106071925364497,0.3461542534258618,0.6837933342121802,0.13970038507939894,0.06527647632306278,-0.3023059059100954,-0.4152255388367149,0.552976018702334,-0.03418430850016518,0.15223031064092832,0.4399159606213963,-0.3354101532350313,-0.19574789922135905,0.2804183470467446,0.30207829794725954,-0.02005548225160329,-0.11712419397453408,-0.13747235371619054,0.16615693780728963,-0.04039313051631815,-0.022627517341466948,0.15649863955964008,0.33197104360635443,0.36102406803930037,0.09947576239375422,0.03932789725466559,0.2791113669216313,0.20548481312449274,-0.04118776732326873,0.42247198723557033,-0.02056867349776228,0.21854478827914536,0.17556384035764283,0.19734216574516114,0.3760050585489808,0.507059951652747,0.5781552405933644,0.7231295293434704,0.7169900414770081,0.7085171923832111,0.19748805286692203,0.531318773989419,0.5341034802872859,0.12539889383132716,0.518134547914938,0.3062549478161635,0.4945098646143095,0.24241951238039283,0.3229241844584465,0.18570146751752778,0.4888939115899294,0.4946537099895246,-0.08242710720820248,-0.3539122765533967,0.07939972312498879,0.28658396006357606,0.08763872895047686,0.3285682641811137,0.33367120341506706,0.30201751616879635,0.41712206122867423,0.16710591231996041,0.08992366465269752,-0.06727215865729051,-0.1361263027391105,0.19894970375182375,0.15604811164935375,0.10754496648138905,-0.08654190407024626,-0.13503599233646066,-0.09210581571563252,0.2013161569612015,0.35857381104837605,0.19890418020779274
-0.016308858880323445,-0.19763948851369376,-0.20141409485652537,-0.09128242132429117,-0.06247875290249408,0.07418676381228216,0.24697239169808807,0.3353027775313245,0.39474245191652496,0.23435458916772592,-0.10479118283034809,0.40528395635105047,0.31105672844718923,0.33738468430755014,0.6124344079927666,0.10793006014673759,0.33994120444103537,0.7936800736857933,0.2667205436428496,1.0,0.8964492540327503,0.3839467452307837,0.4601138070384255,0.2497333297890623,0.01601238788029319,0.3063257634170989,0.4002977900821372,0.11802505833808653,0.40610170230832465,0.40182507474755463,0.42185647729077314,0.15885454453547743,-0.2693696561910217,0.6642919664858042,0.1052363123642029,0.5906120368891733,0.16468953570215253,0.021801765645287425,0.13930397367519334,0.11230364207128209,0.31176498202546254,0.24515544535817835,0.38807324225506745,0.4158111959319874,0.4340549620509814,0.10623403039089292,-0.03140738076023316,-0.1220884263870522,0.1422163001972427,0.152888720400541,0.3167845609452538,-0.18695381599906408,0.3585472420134043,0.2327206888357093,0.268988175692027,0.2512280177098345,0.7021768380984411,0.25829452871456093,-0.07041199350203038,0.08690319875541452,0.11709878972480418,0.3295855974872625,0.19541123379921918,0.27937973575576386,0.31370162095033377,0.5533350189902566,0.5946675623804588,0.36944046274079495,0.5462425020565977,0.7731507787424645,0.7851596164563953,-0.005037999494805872,0.3890105773459075,0.2948202862917484,0.17186541651602671,-0.29384276393869196,0.5071005153169468,0.3211278615688818,0.11746110916614037,0.12261797071820693,0.026314638442613152,0.4667629559042683,0.3287974267728321,0.12957614758845193,0.30615544481976065,-0.21127822909087246,0.1035032254523843,-0.1654939907972067,0.5948184903407308,0.16053048118511606,0.274823474861237,0.24999133818036925,0.42572011038536983,0.06710127867243224,-0.04481685026265716,0.44291421551638155,0.1832194676463877,0.15465294134145224,0.28800168149331834,0.28253910997248316
