0,1,2,3,4,5,6,7,8,9,10,11,12,13,14,15,16,17,18,19,20,21,22,23,24,25,26,27,28,29,30,31,32,33,34,35,36,37,38,39,40,41,42,43,44,45,46,47,48,49,50,51,52,53,54,55,56,57,58,59,60,61,62,63,64,65,66,67,68,69,70,71,72,73,74,75,76,77,78,79,80,81,82,83,84,85,86,87,88,89,90,91,92,93,94,95,96,97,98,99
1.0000000000000004,0.4442846522396963,0.37553890755849995,0.27096388744238326,0.3853836330856664,0.4752549927240576,0.5891757694761989,0.6067393648641316,0.42802322390059255,-0.004467891448037837,0.2448435580360721,-0.03429972386445411,0.12753090891850133,0.2896138575053854,0.36597210825136545,0.4043458558774615,0.07714772022455291,0.5708984574961462,0.29923981886460943,0.4953595457456647,0.4184948827795223,0.14003654279392683,0.43711546451309524,0.018526524294168813,0.03644877183968016,-0.09699598188824388,0.20214264844139912,0.08012940213837022,0.2885834524473135,0.11446362835558753,0.27813277536934955,0.3027641999252976,0.31119874498384514,0.4341054424525094,0.2152494770634591,0.46509407027604566,0.20506425365428474,0.29454624480314856,0.22182484088697166,-0.04194813626960997,0.3341438231003461,0.016522237920649788,0.0722379747158848,0.3066047833124746,0.28966749765376837,0.1900720976404754,0.29424849024326627,0.30106439149662617,0.5735386559091895,0.40566527381771295,0.6535512464923355,0.5928876315611157,0.3866749699912198,0.3682899748897621,0.3436099813179234,0.5511987888682879,0.6201527254537091,0.3949159556935758,0.18600363567164582,0.2760412213935538,0.04355473214622154,0.0945698715278811,0.18833759572712416,0.3253660659206907,0.27352596681266544,0.3424127659628022,0.6247989577342877,0.2977214668819818,0.38435591758707865,0.4033389792597554,0.16752119172495475,0.26401736358604055,0.21648111471429032,0.12111196737139747,-0.08339286829484414,-0.12936568286258804,0.20717682181377928,0.05045087830552921,0.390419805456696,0.4204293219092218,-0.10642458514914178,0.052051714427917777,0.292897376106009,-0.09097723458490749,-0.05798154563099382,0.3246183636869211,0.18296971170909304,-0.00070648155715697,0.4603818076606749,-0.0033547125190022432,0.3329857232123699,0.436572108470593,0.22338607173896663,0.18108418578080046,-0.04688605115445654,0.2948979492868658,0.27758010297269575,0.299518608189167,0.6278104582868034,0.4886063134092756
0.4442846522396963,1.0000000000000004,0.7164895403248346,0.8228331295962514,0.8700549464763127,0.7043972807965638,0.26995227006669736,0.679039580644111,0.7032703466716719,0.029898463399453547,0.18922525445604735,0.14134114230230424,0.29804964473676115,0.3281230502547826,0.3024931030512119,0.3454592562901953,0.17538623385074603,0.24820980892955297,0.2757421774020116,0.15415551499018734,0.50250393397569,0.06971498577604728,0.2093630947880896,0.060490241006666834,-0.0376929793272141,0.15451527387205605,0.14352876752285001,0.15948396595175615,0.12126300497769872,0.10759205430666355,0.23164751737482345,0.029701684795204773,0.053966627035979035,0.09707542219572658,0.08267950253808223,0.1556981437122189,-0.054758578382306654,0.12433611999418218,0.11073220036931983,-0.04204068042622025,0.01919438541319456,0.08572395840435912,0.017810717310130494,0.134811132688672,0.018680512104585156,0.17516291237267473,0.08075938813855536,0.02732417071715793,0.21993721666504143,0.17747889139679895,0.42316564014632313,0.7824376972793247,0.34456639315967813,0.8545304046274119,0.681578619800539,0.622235122747727,0.38325757578105013,0.6874503062288737,0.1665654333797631,0.1385723146631981,0.19319180352983345,0.24415755267972206,0.3901588929946424,0.417172639381637,0.4429478331370318,0.42134976326982154,0.1948364834730766,0.337540632973797,0.32698027164544624,0.1907344240524221,0.30158976652252656,0.31631429977303216,0.4373080783255083,0.10052057456328276,0.13797638827664535,0.17447516560492288,0.26603727068996996,0.2673878493350254,0.2261827918784289,0.22309621563952423,0.09502798031268253,-0.05957977908014862,0.21953555818349296,0.06719780054276739,0.12439723796493936,0.11798227447475476,0.1040749291218606,0.07644301886716609,0.21863929478505922,0.12712502484874852,0.15011567963473973,0.08437939196394674,0.16579634346189276,0.17444119732853355,0.14336896531115867,0.10305738765367595,0.3045764854457592,0.17427274557711034,0.2970134337690823,0.25496977331234894
0.37553890755849995,0.7164895403248346,1.0000000000000002,0.4995901944975771,0.6786400258028559,0.8870065648192621,0.17156645086393366,0.7128887747533356,0.8981381163963754,0.28063212219061,0.3383259182673129,0.32591707124586844,0.33841842328029,0.5139061280627412,0.48504827841823145,0.19003971591619173,0.3690224607175306,0.19831950775437304,0.36707182923444737,-0.013656621872458877,0.6282836336950995,0.19137822520844883,0.4392299653701178,0.3073012167278489,0.138469379381584,0.4944434173433645,0.21736659977698647,0.41840924038844857,0.3292461128045598,0.32288243979421316,0.09717470572993434,0.09760817220086117,-0.10881990477783733,0.0006537161313902971,0.05188202135033505,0.15328401479527803,0.04371199622250815,0.06448454916991418,0.10775010354884827,0.13898276750680671,-0.09403381917149069,0.19625237571587542,-0.020096945884456364,0.11413201453884345,-0.0018932022943907681,0.08971514166457029,0.008923149980004621,-0.02648571026708318,0.18925186224409954,0.04122247228685472,0.32640874072645165,0.8048742043286135,0.21023811057404632,0.7644390753028564,0.9309170973733676,0.804845512939409,0.4052795289418185,0.8898256901692869,0.19488593365343637,0.1860669940044,0.2891841920081559,0.2381890592847446,0.6405432692266018,0.4615551797708535,0.5380460552435395,0.5303254694190666,0.13899285250935456,0.4531314833289518,0.397612384002126,0.20786563691182014,0.2872119075178549,0.40845894218298384,0.6682370645607165,0.15691036700374766,0.39634239042384134,0.4446128280201124,0.45322837799266685,0.6120625582640787,0.10144455772532177,0.21120807144799636,0.37403384825826286,-0.04097660060879894,0.05410391656209219,0.12452995308596837,0.3200726559588627,0.11611270739840683,0.2768287322189627,0.2943087251501976,0.3144948367427342,0.19715808435506585,-0.004878345728546705,0.049365718212815386,0.08910387979527735,0.18144885255812265,0.2296881436455986,0.14371079638663012,0.22606192632857094,0.14647381730237574,0.24432723975609313,0.12918333346571972
0.27096388744238326,0.8228331295962514,0.4995901944975771,0.9999999999999997,0.8341935217162348,0.4226173307241068,0.18957696567856744,0.44769274319153807,0.5090433918350047,0.15274164826657782,0.24851821701876115,0.21554107952316967,0.3332626494072183,0.3598492205648117,0.3245958603169947,0.26319597033698977,0.25420076430086175,0.14386654342598756,0.28978708008958237,0.055945532888980194,0.40764412667085176,0.05956219694530091,0.17119022499938047,0.11595016346367709,0.030778110769472733,0.15884837989218814,0.09131123936882957,0.1722267497535474,0.04227177008322029,0.11371043559369613,0.217901068384113,0.17612600046863952,0.019825846354847035,0.03162852206896516,0.04767754936723593,0.023930018135391883,-0.13478345439929915,0.1578164926705031,0.16439076328453112,0.05075618325972862,-0.006659090197350927,0.17531963260941424,0.06874371355035827,0.1222079877179941,-0.007716443107504182,0.23312132686732767,0.04990985782132009,-0.032632938301115175,0.061979078383949504,0.13349883955248937,0.31102294500568717,0.5024809845467034,0.261535098523241,0.7752354960404729,0.46268968538670113,0.36711546109821047,0.18381309316363867,0.49148750571107486,0.20563507801841285,0.18618398745983367,0.19632239115511424,0.30289588584407723,0.2925170362214382,0.43190184973026075,0.4586831780187822,0.4399953452966485,0.0291296834236963,0.30112715077138646,0.23094747011084615,0.0739370856714739,0.20921710626454432,0.2614533509234958,0.37019613581766353,0.09646565417320467,0.16420567207647674,0.15619343300269836,0.19896703927967374,0.20264815517888207,0.1712891040072748,0.26236171714105133,0.032858107654415665,-0.04905919081756681,0.2491372157629254,0.0850522906480336,0.07411592812384822,0.08322908412845498,0.026374146409686498,0.06457932365664934,0.04934569339622986,0.12955737396706526,0.17352858200544546,0.07600406162046962,0.18159430398724039,0.2316187758327184,0.14289970098356042,0.06310727134356875,0.33041384810349184,0.1268145154709989,0.10865052339692295,0.16221429113349436
0.3853836330856664,0.8700549464763127,0.6786400258028559,0.8341935217162348,1.0000000000000007,0.6510558170401287,0.20559801308543096,0.5460571338911343,0.6957757650687487,0.1994073723006586,0.3414647568989794,0.2921745893045442,0.3968970002768794,0.4438133648263767,0.36125968787263707,0.23332350327160467,0.32965487195912957,0.21200407725299686,0.3218847817849994,0.09853524318909987,0.45757699420867304,0.15106310494422667,0.2789562293997261,0.2134922801979594,0.11406345969429822,0.27419932960438886,0.17385117150130955,0.31996822886861426,0.16423663615849476,0.23179348927911572,0.15597766789820125,0.14792715752496322,0.015576093501750515,0.10791950373386652,0.1200220292931176,0.1640108948195376,-0.0069318657176669655,0.16845787326897785,0.16328411261218945,0.09006505544407128,0.017455829886262868,0.17651396370778005,0.03775701684209012,0.1337274807099425,0.03523128533684108,0.19002324767112042,0.09674179753007842,0.015338311527657123,0.17316731268428573,0.15942477971816882,0.36056209254711047,0.6306004965370171,0.26867752878214246,0.7916591901265043,0.6824384570370292,0.5725179493843566,0.24137728982200868,0.6395330082366322,0.2654341633083337,0.272172760810479,0.29231411762400455,0.34544105938465114,0.3953642879129689,0.5042094349199706,0.5149943359149947,0.47926486975101673,0.08394901402110387,0.3988231713420858,0.3112261025922558,0.10275515482278204,0.21758040510531992,0.33296158335398557,0.4624365593103938,0.12423550916074881,0.26672874124643137,0.24418147823733932,0.3205666187400539,0.35183015240446597,0.12371780202276181,0.2462843226847941,0.14638056920092976,-0.05209539316945535,0.12325671935929823,0.1107986506060362,0.1674651956814023,0.13914201275140564,0.161217215313013,0.18243136006969135,0.18779064010590704,0.11157053739204109,0.08722735382455034,0.10026984417773743,0.15511582868111243,0.17229426363757402,0.14710147707748258,0.07150668294280711,0.29753377589787694,0.1571454861891763,0.22890487156215,0.22064953055681824
0.4752549927240576,0.7043972807965638,0.8870065648192621,0.4226173307241068,0.6510558170401287,1.0,0.131044124513719,0.6655729571747416,0.8966932555006871,0.16733721613189625,0.27163372840465366,0.295679593518813,0.27016141230611984,0.372066110491115,0.36478781287902545,0.10982229581761253,0.3104288328386267,0.16700723484508073,0.23990561568777308,0.044020784720873486,0.5196868060266306,0.10849038195876036,0.3202547290976686,0.217168954529237,0.10352647169919037,0.36619622504793486,0.1970579674986618,0.3390006692033246,0.26457683114574604,0.26545186270891946,0.11364501610101255,0.05612718229390383,-0.09920167136754689,0.007314230243364689,0.02197517701627638,0.26849027030550177,0.07661618229118759,0.11462190333993819,0.058647050116604746,0.018082639425562548,-0.04550165896501194,0.1700356444362846,-0.028594557095749394,0.18029423674863312,0.04777189990027761,0.12274687110876115,0.033025195878124206,0.033158003571405144,0.37201052877275886,0.14632002634087699,0.3594427141718223,0.7871719105370228,0.1304730678121872,0.7743702093227773,0.9140339119989166,0.8939550390019707,0.38079314273781784,0.8588878766973312,0.18572132523863685,0.1798725134344004,0.31688431908543413,0.1846043063980028,0.5537662130430101,0.38998675033241265,0.42279149697566487,0.4327475752325686,0.18325558724769012,0.41924199843824905,0.3248064191417169,0.17035404358257433,0.2756774831391175,0.3606920803832443,0.5672648032269705,0.043683522882431616,0.31145170192704336,0.37870221179701635,0.40778124401986554,0.5202455474001529,0.07543590808798167,0.1875807344301289,0.2861493442932846,-0.024682779594011706,0.055406914888854214,0.03651216904725232,0.2616930746142822,0.09165397016639819,0.18846784140420156,0.23087813907791035,0.3301478612106872,0.1140297832891302,-0.003426293255267609,0.04212786961848318,0.06465840994900258,0.15983720917533425,0.1590143463098143,0.19113218284375372,0.21865454828466432,0.2054819438241151,0.3992922961791499,0.19797218866134883
0.5891757694761989,0.26995227006669736,0.17156645086393366,0.18957696567856744,0.20559801308543096,0.131044124513719,1.0000000000000007,0.45236012095536327,0.28296139044123264,0.04746282086168034,0.283250255596936,-0.019576282885202932,0.2574725632324644,0.35108326433545184,0.44196335703392403,0.4807521054566077,0.08169135967298996,0.5888785053824761,0.5327817196124673,0.6379166952966975,0.41194038661680593,0.26609431274168016,0.49816568949442486,0.12568809191609764,-0.04700212314384949,-0.051917586144502766,0.42438126965957734,0.18500253017049686,0.3568489013624773,0.259440128629103,0.25736654777423174,0.3770305394920787,0.5449665338332752,0.5794956709742207,0.35649320983708926,0.5379694269299962,0.38217237299135126,0.628657195783433,0.6315134414915694,0.21948484450652392,0.6685909673414157,0.24935400168193705,0.42032340694760817,0.3863624523092882,0.441730858715189,0.4834252785810731,0.562585143541554,0.4461795368034605,0.4036375997961393,0.5874636034893133,0.4738887780146515,0.3619940858348683,0.5357575273116835,0.16876890563737748,0.13299710081248461,0.2781249344296062,0.483315692900441,0.21556667622292847,0.24949842262398267,0.26860326107335236,0.11147009045788757,0.2574158476248267,0.18293625006443906,0.3700782794117206,0.3079874732461888,0.3743478681955869,0.6268826699062883,0.4215167114681217,0.2935322595897708,0.35653628139003707,0.19315440790560606,0.3167984683265348,0.17547677101349873,0.3718956091201445,-0.01815566729035498,-0.1569184824620999,0.1628335371105278,0.08383863020029506,0.5365291095227835,0.511935420905391,-0.16898465200886303,0.09247569108911252,0.44439885783664324,-0.04768529773958359,-0.0877940885859158,0.3626017394354688,0.2991216732955417,0.11256758987839274,0.419561185330927,0.18006938528187025,0.5557900306902085,0.5731267294500179,0.5576996289973832,0.35518709747175164,0.13308767881722422,0.27951992438795703,0.46042054101129115,0.3191173120817959,0.4704970878393269,0.5583996784106364
0.6067393648641316,0.679039580644111,0.7128887747533356,0.44769274319153807,0.5460571338911343,0.6655729571747416,0.45236012095536327,0.9999999999999998,0.7444395509512587,0.0622152786519887,0.13201233649521324,0.028152884498142364,0.18714096793654472,0.2746510772395317,0.3253456992588012,0.6266597531352002,0.11288012681741269,0.6354342488299624,0.2223394233060779,0.4239676228486819,0.6346037696738902,0.15930543892194965,0.46698771161883706,0.19572585134664577,0.026507070127430424,0.15509469862526587,0.0992499666230641,0.15300226084931637,0.3941483735083632,0.10495305492366037,0.061891151851704386,-0.02577624337624028,0.03874802829609307,0.31044667369032425,0.08592200996720348,0.17285545506299405,0.08693175409720852,-0.0745237124794027,0.05877648577951938,0.08066726143766893,-0.010906963135999826,-0.08573625699300869,-0.12560054939988294,-0.09952139896451753,-0.0752614633901299,-0.14244036390671125,0.056775287042170476,-0.07660102788849502,0.15411524233172766,-0.01999638698163028,0.48092838045186315,0.8367868836864659,0.6329254451960589,0.6651869523248457,0.6405055989599935,0.6367914263803667,0.8571507689549538,0.7694842616179433,0.12780489444568205,0.043058658922682146,0.07626116633197486,0.1818140212302989,0.4471137572577898,0.31909737003971567,0.4150092412662683,0.4086992237014473,0.48941235072848555,0.333788111522407,0.7015803191246027,0.6390307337947453,0.4952042673820672,0.5066528879590135,0.5653340117251918,0.22696550780550107,0.19419569196689043,0.208726408464755,0.43973985745537686,0.3759516461845401,0.20974314887778003,0.12535396060575188,0.350707420592447,-0.003023719871316928,0.16910361984945319,0.16821542805371217,0.2035519098121324,0.32701189850763857,0.233622193714714,0.10641408055649577,0.5068250781909677,0.19803283352064455,0.04151606756368873,0.08551818633004916,0.07066319505485569,0.05848939130380808,0.057734072834829835,-0.01747635893511548,0.04084726935302841,0.0923210612192847,0.32510988557605297,0.1213379724118919
0.42802322390059255,0.7032703466716719,0.8981381163963754,0.5090433918350047,0.6957757650687487,0.8966932555006871,0.28296139044123264,0.7444395509512587,1.0000000000000002,0.26564704790481264,0.34033706353822807,0.3289895098131094,0.4228563593513087,0.5292508974537554,0.5263475635238507,0.23915582008572095,0.3539013110566095,0.34638779561363875,0.4053989412325014,0.20221476010769052,0.7289960398832971,0.19319186255487666,0.5034996155350847,0.3183190976935704,0.06672846732762536,0.4950449494875232,0.36223845457502574,0.5424748113486696,0.4827876123414659,0.4074704443564172,0.135938042028097,0.07037499286867316,-0.02100591406454942,0.13880003741444696,0.12489227399671529,0.3733438430888866,0.271604839669828,0.1444176014007573,0.18572960044664455,0.15010429117394547,0.03773374906460282,0.2696717813231188,0.01959072179124307,0.2214854650543495,0.1515667236613921,0.13876077464508538,0.10929271011106637,0.07565342906308736,0.30295837000318426,0.16198347123498416,0.35950827865881846,0.7464891480548831,0.2877901162307241,0.7650809715490262,0.9189237055248699,0.850993710045517,0.43306547543006807,0.9367345656546049,0.28014645292790963,0.2731830324154704,0.38846664245096746,0.33703221622037605,0.6741377909815465,0.5054263483253324,0.5299049460707655,0.6048905270150537,0.19710380932682198,0.48409845811697544,0.4399541513420782,0.3135981006982917,0.4409184369823783,0.4693120442627143,0.7245338134434071,0.15141040893944926,0.39456560918627037,0.47013465014553346,0.5611738368306831,0.6756125461152205,0.13964474419730694,0.2033902794788536,0.3585811186618277,0.046979468141038164,0.11458663315981096,0.16424782164469987,0.3990089002508695,0.19433613498284896,0.4061051201811563,0.4496495625809994,0.46103233346754324,0.2305100306939966,0.02377432964817957,0.09289604837504598,0.15219763571340086,0.24045609226962975,0.24456957340679256,0.23705662593138183,0.2553616271551317,0.2291028645566623,0.3625294232148984,0.20460400334536552
-0.004467891448037837,0.029898463399453547,0.28063212219061,0.15274164826657782,0.1994073723006586,0.16733721613189625,0.04746282086168034,0.0622152786519887,0.26564704790481264,1.0,0.6621928699503808,0.6968878689556105,0.4572970609567096,0.5191636151256743,0.48078737620947526,0.0140307475084194,0.5769349656846615,-0.07598305530269293,0.3702149890307618,-0.20911126064898225,0.19964484595693724,0.22802729021076437,0.3419732786653227,0.6437498419068066,0.6253990946639337,0.5567925597189772,0.11908683012992581,0.4835538461555443,0.2319799541478872,0.34170919000002187,0.014703399532521637,0.35572135364956675,-0.017047095525415366,-0.10736894318712781,0.09819692823370545,-0.10436359819538144,0.07629088992307499,0.09205793021347901,0.24148624096669627,0.6028199867410471,-0.1110726903624108,0.36676337290523203,0.13379032784891265,0.10511231517336203,-0.026956976372730288,0.08972305658605512,0.02953118400246555,-0.07654117305994558,-0.12816363341439072,-0.09046033218534187,-0.03806683357650629,0.06608866878237352,0.021052841210899936,0.13565559372757993,0.281603223685139,0.15775524158636192,-0.061052624874537734,0.2926264339264514,0.7031419483808046,0.5267130549381389,0.5803960755435421,0.3561086150010902,0.5089157990882454,0.466668027849101,0.4351113554880028,0.529177710236686,-0.10540700642574213,0.40654663321177853,0.10108347841557874,-0.06174823998510825,-0.0025291878180349766,0.2921837683424695,0.38156812477208296,0.4356822244688176,0.5835756424802354,0.5213857205595098,0.2978082234305638,0.5017930516170195,-0.008488896763259987,0.17608264000169624,0.2872453161516734,0.051409039566547576,-0.05519980590334966,0.177854099469203,0.32127311538758174,0.17457879716127003,0.23897696500956653,0.3911544640783732,0.04325298697818999,0.2644337999134669,-0.0015900166554776087,0.06433428889626858,0.26302692487691104,0.32821479007401616,0.2833850652889311,0.09407839245533511,0.17449953126426357,0.12340591244386555,-0.18356336324687825,-0.07433168480032973
0.2448435580360721,0.18922525445604735,0.3383259182673129,0.24851821701876115,0.3414647568989794,0.27163372840465366,0.283250255596936,0.13201233649521324,0.34033706353822807,0.6621928699503808,0.9999999999999999,0.7168769030673516,0.6043198903551201,0.6004785592487717,0.6202157955345705,-0.018463678421584005,0.634977909765975,-0.016945990409341038,0.634574152128714,-0.1694199427378167,0.3716634688105598,0.22508160526950718,0.3730385246045315,0.6396055261376143,0.5820881418887207,0.5629943254635538,0.16003018970214195,0.5348798818080853,0.2855279177894414,0.38785750418340664,0.10498016685878817,0.47155518510668193,-0.06572135643125263,-0.031273273508023315,0.10849723896682473,0.06525059692350954,0.044574652868946005,0.27724382947028353,0.3144161227537591,0.4393927551388217,-0.036007785144072456,0.4235716463164835,0.15206598266969423,0.26488757592348583,0.024527017206026683,0.21925208127782883,0.04242509191687517,-0.08180182804640204,0.04983083311621631,0.08239916337202154,0.12258486343016826,0.1841221928228607,0.16335165999018347,0.20770726106766071,0.33917101369689423,0.26269319668978386,0.014668941514451906,0.336420050111961,0.6394299688660737,0.7390341079747623,0.6314083711456772,0.4883674953988577,0.49867914684339526,0.5853377597676389,0.5728691096134272,0.6346188192870028,-0.027710453398601936,0.6093700142250662,0.11454705393637936,-0.053875668207209834,0.08036720816515436,0.39158988576379483,0.3906394863629097,0.38342760203117626,0.58369667926004,0.5084329932315427,0.41038819535238646,0.4884648492813982,0.09249600875259469,0.3541248723641065,0.23985481393420963,-0.11225982047709165,-0.04110893333180363,0.1521404892660985,0.19260189473493017,0.08021181862663236,0.20098027793801748,0.41012344908780596,0.08965519761232124,0.20101282143916127,0.03527907204103796,0.3445370952608414,0.34792021288359165,0.37134967529221996,0.45401492497269386,0.22395870008284166,0.2886883509692121,0.08383592483456573,0.014584204294244712,0.08188772229089365
-0.03429972386445411,0.14134114230230424,0.32591707124586844,0.21554107952316967,0.2921745893045442,0.295679593518813,-0.019576282885202932,0.028152884498142364,0.3289895098131094,0.6968878689556105,0.7168769030673516,1.0,0.6724772774159118,0.56640058968179,0.48143174501281094,-0.15278513986402806,0.7641893221006951,-0.2622939342292351,0.44920677631057043,-0.3669306615172412,0.18563139861293212,0.19824896047568616,0.22354399121945723,0.7412277089183233,0.6200403027959139,0.6686354900173981,0.17452119554391612,0.5332886925888906,0.22515891825141637,0.41324139837415774,-0.11520647612556086,0.2148112391442908,-0.21287454083455118,-0.24779177008461206,-0.003776548556419719,-0.12420887787280196,-0.03261140255539727,0.09985270395064132,0.1575369458840491,0.5331837853871809,-0.17697535232111197,0.3615985055770511,0.034018646158456164,0.02168300466765155,-0.12326949539122148,0.09000604426216684,-0.028694029407046687,-0.2115137555940808,-0.18526671795624178,-0.11533191987297814,-0.11906328717317885,0.07912236095251135,-0.052594956762717006,0.1944591210254142,0.38937180556152456,0.20325840013658003,-0.15166680010545414,0.36401514615819036,0.6424650420241217,0.6391836160654356,0.8090460416640826,0.5761660903445129,0.5969662815791439,0.5892819823625398,0.5810766532246954,0.5811675022028507,-0.16234547024489243,0.586004916818101,0.08368949552871827,-0.13510541549415128,0.12171218424909687,0.43500564214500687,0.5008848595607387,0.42723036887981697,0.7723069479663933,0.7164739885133613,0.4875260286674617,0.6210820020468787,-0.1515641658440414,0.089116621268237,0.43839025577946555,0.050650020779829025,-0.18791589332260747,0.20611670770359838,0.4638299937542046,0.10125586183625623,0.16730798560045662,0.436222779749508,0.029772798242806476,0.35188248406156497,-0.055815384424737595,0.05029224437820127,0.34346247360111204,0.21841008643564372,0.4500921409178254,0.028169920821298582,0.19079963122835206,0.1410662400392073,-0.16813087524046016,-0.10133182808905981
0.12753090891850133,0.29804964473676115,0.33841842328029,0.3332626494072183,0.3968970002768794,0.27016141230611984,0.2574725632324644,0.18714096793654472,0.4228563593513087,0.4572970609567096,0.6043198903551201,0.6724772774159118,1.0000000000000004,0.6666171116647589,0.5238369777397002,0.03287667808298759,0.5646437283300296,0.08384877917939558,0.5608832602588045,-0.03030259944587586,0.3805136493338631,0.2527220829990223,0.36573291840399436,0.5056795156846625,0.21070210626076033,0.5097564392150762,0.2476238444267099,0.5568852515328857,0.33631149866871957,0.42388361854945983,0.03211969753615857,0.1550054370801722,0.13097782938681846,0.12626478179619163,0.23796712568459405,0.14918431149543507,0.22941702531801902,0.22141947320099942,0.3321720593446008,0.39780353240741423,0.09537478067790467,0.26991635018002846,0.1527684245091085,0.12385641110957743,0.14318618351141957,0.11485700117327996,0.1621912710666803,0.025640220409992878,-0.001069702520539273,0.13354637057018376,0.012475918961390345,0.16334553464398277,0.09564309142132878,0.21438007161007208,0.36191679375419084,0.2613702316368257,-0.004825635277232701,0.38306682046595036,0.5539872817226991,0.6485941759677796,0.7817136076547426,0.9003961842456064,0.6878259976097633,0.6395820513173341,0.6041273074869752,0.6502850221657,-0.003811524938230233,0.4890254237633569,0.1545292585093388,0.04700041695671143,0.1597680223084075,0.4324652837556992,0.495564745605528,0.3812083718586343,0.4928145003814942,0.4481080190847188,0.46826380647155175,0.5687712511222335,0.08724148279782434,0.18305857582582838,0.18250115314880097,0.08235225982527695,0.0953384899247336,0.184799693771214,0.30632136741489846,0.2190180160586907,0.372929949924884,0.4727250206924388,0.17452371746719927,0.23677527424394657,0.1253537952129327,0.16001291604544018,0.39992839637623456,0.2263079581946206,0.29241521461925907,0.11115673188914504,0.22996889667030496,0.15022600547140783,0.03497237499865558,0.12538930248666993
0.2896138575053854,0.3281230502547826,0.5139061280627412,0.3598492205648117,0.4438133648263767,0.372066110491115,0.35108326433545184,0.2746510772395317,0.5292508974537554,0.5191636151256743,0.6004785592487717,0.56640058968179,0.6666171116647589,1.0,0.8270445674935976,0.13839100206612837,0.527121138500904,0.2070128459717898,0.774966939834292,0.08337874240294214,0.6077910744939009,0.350509586414225,0.6312547005336047,0.5119510320573265,0.22270632226700618,0.5777357399462993,0.4182167313472086,0.6600367714251231,0.4865838095462482,0.6313489057741718,0.2362721132049422,0.32418022031128835,0.19900974486971154,0.21383719159519313,0.29376113216699706,0.2632395052293599,0.3438940545359354,0.3618712322856536,0.4247182628915465,0.40959732992904013,0.2078505610783028,0.37071595499491705,0.24904104262115367,0.31347146944364856,0.2793012626935028,0.2754507487890036,0.2519832216577442,0.19575267121643905,0.15560702702491816,0.23156446756517501,0.23240669882529288,0.3503299038696595,0.2026921313965215,0.2848884887817518,0.5173446553442994,0.40737278807074934,0.11896907862293508,0.5110721962230793,0.4911668657098602,0.6434318371723711,0.5743735220272959,0.5393014607950579,0.6563254134447208,0.8021663649945677,0.6879557129744722,0.8348323536923922,0.0681682831538975,0.6272768961708292,0.2885043003884703,0.11918721543018151,0.2306915806809249,0.40803068492197136,0.6847999761234163,0.3749616981629167,0.46452249763473175,0.39768448006884716,0.508030207502535,0.6658406457231415,0.14471213799162957,0.2861341297988234,0.1947354617331702,0.11992391009259573,0.2103226308550729,0.18781036130924414,0.3305682623006745,0.2455041469676218,0.5031497440085994,0.515922842910114,0.2897384137406584,0.216836983240706,0.21650535634257564,0.22158914201193855,0.34229330123147406,0.3612303167608931,0.28431338740059986,0.26118469847192755,0.34113355986802124,0.2268041108961072,0.1663383216381315,0.23414046846968417
0.36597210825136545,0.3024931030512119,0.48504827841823145,0.3245958603169947,0.36125968787263707,0.36478781287902545,0.44196335703392403,0.3253456992588012,0.5263475635238507,0.48078737620947526,0.6202157955345705,0.48143174501281094,0.5238369777397002,0.8270445674935976,1.0000000000000007,0.18768699577600184,0.5289102776268547,0.23982289768270684,0.7392343729858434,0.13158184058842326,0.661485203024895,0.3514153386494232,0.6010610465334826,0.5050775989425877,0.27532340173596725,0.5418191733667597,0.38037990336162303,0.5654971085759344,0.5268927397981342,0.545738933242432,0.1545002054437912,0.43057127917022986,0.19700791782799743,0.2323579338132154,0.2884125563110988,0.30117770983966613,0.3099240968422761,0.36741454299610604,0.3224741354637404,0.33577068954827116,0.20722321377880873,0.4590476742962304,0.2665947512469124,0.35134463462241045,0.22455816489142932,0.31738669047242485,0.209391877606102,0.1735644761479138,0.2475679041898553,0.2916066688987963,0.3257883506986367,0.36652289124434984,0.26464747020077745,0.32765928986486587,0.4760173750408246,0.4451007155229673,0.17693026132450548,0.5153301646006047,0.48187974352661433,0.5948914147102706,0.4762692555945526,0.44108975397196837,0.602454702899906,0.7164355148094488,0.6226959070639048,0.829973871284472,0.18827968222075048,0.6304156762729608,0.2826807470761238,0.16163088479493615,0.3308945439011223,0.4418491550878207,0.6000350140092789,0.35926541932188844,0.4738160470180105,0.39509807884320297,0.5067703058648124,0.6011107740085004,0.30703131391673577,0.42994561768917045,0.22889893167764164,0.09687043459291761,0.17588436138765973,0.22112508112366394,0.3013020981108075,0.20509070759870204,0.4431632392570535,0.4576299111747405,0.3042438239335739,0.25479309953385615,0.27641296330382253,0.3532379219822255,0.36517986371164973,0.4590095527569549,0.37552931512303267,0.33402155025169344,0.42825380364462495,0.28108787450892986,0.22079551880707038,0.30647397936675896
0.4043458558774615,0.3454592562901953,0.19003971591619173,0.26319597033698977,0.23332350327160467,0.10982229581761253,0.4807521054566077,0.6266597531352002,0.23915582008572095,0.0140307475084194,-0.018463678421584005,-0.15278513986402806,0.03287667808298759,0.13839100206612837,0.18768699577600184,0.9999999999999993,0.061002958963016475,0.705926237966471,0.2351086475935043,0.5858928291200058,0.4344701569579097,0.3514412559089422,0.4708347728871865,0.26559905357776514,0.06977515171470029,-0.0012074206156728784,0.1840953995936257,0.06074114421507107,0.2927180763296597,0.1866658985602931,0.11703567994041321,0.06436914557427195,0.4211029781675444,0.5273602579871872,0.37007248194555786,0.023690092502344735,0.08053200142763142,-0.007279893620206393,0.25603305027102435,0.2803530113924424,0.1316808697362135,-0.03458093356862904,0.18478366545137384,-0.16733544576168677,0.053376127421931256,-0.04707371687228457,0.25426476202742465,0.061776121921062487,-0.011285266752084223,-0.06988399640317323,0.4284911479209827,0.4264281973018639,0.8144249629588399,0.30852308986781246,0.1028503891167787,0.11503820205495348,0.6902167056427028,0.22948365090235653,0.14192205201442262,-0.04253549808465581,-0.08395609757081494,0.0024038423663620407,0.04013499276733796,0.23665312340040748,0.2442683342443401,0.20265190461601487,0.4233609854943686,0.28895669257393053,0.66952235357763,0.6575966250387388,0.5070206726395371,0.42617745110638,0.2799353419091174,0.2595238759375805,0.062109238585272016,0.010949842803958386,0.2407382757096625,0.060837898965465105,0.2034115389084187,0.029174575905026905,0.1938324871405291,0.09717766853155846,0.22268557706844236,0.383567246913274,0.13481039854529422,0.44736274517877234,0.09786764129241607,0.05746908833463698,0.3247071510015423,0.24335080639458365,0.14864612667592883,0.06591352894895909,0.13853710536246783,0.0926261668701456,0.0943802781289404,-0.1840067054850249,-0.008960822871738546,0.02189946871431927,0.09695687476519363,-0.0026257109012463695
0.07714772022455291,0.17538623385074603,0.3690224607175306,0.25420076430086175,0.32965487195912957,0.3104288328386267,0.08169135967298996,0.11288012681741269,0.3539013110566095,0.5769349656846615,0.634977909765975,0.7641893221006951,0.5646437283300296,0.527121138500904,0.5289102776268547,0.061002958963016475,1.0000000000000007,-0.027884607345647835,0.5354217583136984,-0.20855258416716882,0.2775238880062184,0.48819160164184633,0.3991257906286661,0.7674934809662601,0.6099954603833645,0.6344168519234167,0.18200443506328318,0.5759193884250862,0.2525517998582661,0.4515262039522967,-0.028873907038582693,0.31093454644327295,-0.0651817066564077,-0.014629713879864576,0.2686448687709701,-0.05830749171896165,-0.012881592248679428,0.13929634833502405,0.23531659541022065,0.5407009628830315,-0.095596105170019,0.43270913571710146,0.2523449517480631,0.06372869684739937,0.005503359514683396,0.2082490960577775,0.13218408631268258,-0.0763657889293782,-0.028593849746670168,-0.011519364820606566,0.07685474361775954,0.13264031550750124,0.049306537775195274,0.23339637634661342,0.4059446904513036,0.24802771759981138,-0.08083400317586704,0.33199343701646594,0.6026548938623875,0.528402078091773,0.6532584642413669,0.44321177840346004,0.497364217906687,0.5687565552699912,0.5876928360931767,0.5604083313572603,-0.09527122622732162,0.6342886386237122,0.24293339519205753,-0.04196152058327406,0.16273866715529905,0.5244369749057034,0.4757728378531419,0.39448381193870186,0.7311367185116718,0.6280398164768125,0.4376991557667553,0.5676406492579245,0.02233168963035258,0.16655405513010343,0.39117624959065717,-0.049387120701542005,-0.07346517080440255,0.3449583752217301,0.4046929841825374,0.18849815984484047,0.09055769190841258,0.42530126520049505,0.01833477042728312,0.27734638906489784,-0.04146895511972706,0.14978633319299695,0.3139206148733053,0.299930008778244,0.43621448074752267,-0.0008726548231489784,0.25939726962595483,0.1205429271619428,-0.07653151646499654,-0.05258422795728995
0.5708984574961462,0.24820980892955297,0.19831950775437304,0.14386654342598756,0.21200407725299686,0.16700723484508073,0.5888785053824761,0.6354342488299624,0.34638779561363875,-0.07598305530269293,-0.016945990409341038,-0.2622939342292351,0.08384877917939558,0.2070128459717898,0.23982289768270684,0.705926237966471,-0.027884607345647835,1.0,0.2496730604923388,0.816455270393033,0.5119758840877073,0.4475449815265442,0.6292650396218882,0.09730554077399378,-0.19170005975852994,-0.04936484504865505,0.2611969571250933,0.1900788805353925,0.4125252768530416,0.20803341766123412,0.1945796968069547,0.05173029013595124,0.4880032169842607,0.8625822654263856,0.5426049608799918,0.4817629605211495,0.43107706198285234,0.062105833976054105,0.2984983615407486,0.11076656576226167,0.3880161004002387,-0.022896061803549,0.15971216846490302,0.032930122685845005,0.341756524057577,-0.010752785050415006,0.4555555423415337,0.30447117605256585,0.3403715197306239,0.23311740940233402,0.3819761020280381,0.41707280474167174,0.6793743517688828,0.18311068455210666,0.15812040717330111,0.292045293329073,0.707811467628143,0.30906687740878713,0.10048533417120704,0.018388810817128624,-0.0546761881584079,0.12090421092849478,0.14518197118621962,0.21074118968888275,0.16015687991523828,0.24636700443878565,0.562837645419949,0.24224775333106416,0.7473791225702117,0.7890445579964337,0.3621224531075599,0.4683131412126698,0.3115887518315663,0.26128117902431935,-0.1081283278853516,-0.11109472711169084,0.2296312743291189,0.1317049697630573,0.32202668260836376,0.07384476746993769,0.09674046643804775,0.21265882221208907,0.43988385211121434,0.262871199366031,0.04794423198483329,0.5982120418682513,0.3251354242533381,0.12647097584961553,0.5610085876206619,0.13415147527080987,0.2255185305933558,0.17419845679749257,0.1181081206352474,0.09147555281195041,-0.06298227649336581,0.01837143590751424,0.06597049107259854,0.1509390592720235,0.4305983710203957,0.25325890224909164
0.29923981886460943,0.2757421774020116,0.36707182923444737,0.28978708008958237,0.3218847817849994,0.23990561568777308,0.5327817196124673,0.2223394233060779,0.4053989412325014,0.3702149890307618,0.634574152128714,0.44920677631057043,0.5608832602588045,0.774966939834292,0.7392343729858434,0.2351086475935043,0.5354217583136984,0.2496730604923388,1.0,0.1838465936633095,0.5612499055131122,0.37946928266817764,0.6469634650410256,0.4668314457076922,0.23206858567803684,0.5192271844484578,0.5161610055633513,0.6061264908987254,0.4979219898016765,0.5997958159490671,0.2181005130585117,0.37287397825286245,0.21109546769140575,0.24312504571947222,0.3508308707215916,0.3346688085872981,0.404385320066528,0.4334574222662619,0.4997476945986562,0.40484710655279643,0.25203826657484135,0.46439355094700474,0.3407205121459044,0.3757908709333296,0.33156073064818214,0.3596761581186249,0.32791977621853563,0.20320959352333542,0.2108246913754011,0.3136944834188509,0.2690687771235495,0.2815347395119331,0.28765310043110526,0.20194014176602906,0.32953765870523066,0.3113477740705762,0.1461155247870487,0.3422242986404424,0.44129688759779645,0.6057854907451639,0.45410716868745504,0.44587700349826936,0.4727659923265084,0.7342944852451687,0.6893139345534421,0.738900352049729,0.14116974399700644,0.6754963149143135,0.2745382983831259,0.1545719193491192,0.26513144431079416,0.42251769574578835,0.5557592405381655,0.3992301101948597,0.4015009047378902,0.3528521191919855,0.4847614490580637,0.5039118445665842,0.23447476984090773,0.3801375922460181,0.08895091427286471,0.05938005750343394,0.2613716441847357,0.29549139517981915,0.289047256464141,0.26870955643733213,0.46422145674904264,0.5131454154413337,0.3251688372808536,0.2887415848145314,0.27342344789268863,0.40677908731988066,0.4717236668018565,0.4419335033175296,0.3994609832096182,0.32849077231955687,0.413197765505605,0.23871428820690999,0.25007800054524265,0.3189566848596957
0.4953595457456647,0.15415551499018734,-0.013656621872458877,0.055945532888980194,0.09853524318909987,0.044020784720873486,0.6379166952966975,0.4239676228486819,0.20221476010769052,-0.20911126064898225,-0.1694199427378167,-0.3669306615172412,-0.03030259944587586,0.08337874240294214,0.13158184058842326,0.5858928291200058,-0.20855258416716882,0.816455270393033,0.1838465936633095,1.0,0.3548653541571094,0.17183157624474393,0.45120493038412324,-0.08808227671714428,-0.3559961470387946,-0.22258909180941008,0.4370611234406289,0.11093267979729003,0.4605661776066797,0.1636218149038877,0.23704009647791027,-0.0775921936089243,0.5350204836077743,0.7446087130611755,0.38928771666311196,0.6402494705828116,0.5573265975310321,0.23863078089102632,0.3582279577046087,0.05354344491017189,0.6028077742953427,-0.00037450308336988477,0.2236474668498889,0.18023149242472586,0.4942265648051738,0.19829969531667685,0.5219565451178401,0.5203408234136562,0.43639881486070514,0.43387287579885636,0.3757453663306082,0.2501035157457975,0.5481328993504629,0.0666727696670361,-0.009582485301972216,0.22075531156268943,0.5647454517309709,0.12300528756646778,-0.035471268056044086,-0.08650579036651837,-0.16361006350231225,0.014667807166947367,-0.052492833835937065,0.09195822335668635,-0.039477642247596506,0.09662610018619705,0.6840989804543457,0.10764351384596955,0.4706332854854454,0.6618146800782401,0.36370412761541127,0.2484902441377822,0.14534051261025413,0.17516567244977965,-0.27878212453830914,-0.24553495915465962,0.20018732839097264,-0.03971437202614427,0.35235157446166904,0.0795081800914316,-0.05959152041084051,0.398330710958976,0.4956854080416914,0.14090519441645577,0.07785004769154606,0.5614316846099502,0.36379014798849135,0.13138642645726095,0.6489172604970113,0.2312758204278124,0.3925102775318014,0.2584819283508491,0.2712269120766535,0.1387534880352217,-0.02382226637540328,0.15532505481006084,0.22410376327704445,0.41387866739211915,0.5712302564017689,0.45291637340026414
