0,1,2,3,4,5,6,7,8,9,10,11,12,13,14,15,16,17,18,19,20,21,22,23,24,25,26,27,28,29,30,31,32,33,34,35,36,37,38,39,40,41,42,43,44,45,46,47,48,49,50,51,52,53,54,55,56,57,58,59,60,61,62,63,64,65,66,67,68,69,70,71,72,73,74,75,76,77,78,79,80,81,82,83,84,85,86,87,88,89,90,91,92,93,94,95,96,97,98,99
1.0000000000000002,-0.0139429074923794,0.3936978173486915,0.022900933265931175,-0.2720640749435907,0.07857498464500143,0.12717873593178844,0.010829775074548981,0.11420693647022481,0.07204987161601002,-0.19814468149328895,-0.27418926807453997,-0.05392272103744708,-0.09577138059775132,-0.20742044552357422,0.3280392598928669,-0.012069066201124318,0.1797492209170274,-0.13779949603556996,0.224468686540672,-0.1153272110599813,0.1390863877575289,0.07210848891826446,-0.029801863166312337,-0.05424009257820857,-0.06853822489111659,0.10454552631899997,0.005764853171282005,0.25818941822425745,-0.2473724030525585,0.12759025327607473,0.46241457430064864,0.25306299937434895,0.3045547508496647,0.040458688774845965,0.4167540823677407,0.4394845274937943,0.6582783654033716,0.3790530669545904,0.2815144881585228,0.15445826593050627,-0.343333333328749,0.006264932000069679,0.22376427409003316,0.04390537092311576,0.1649890456361493,0.11073149607067481,0.16333062429678538,0.26573155169401186,0.4195649578695196,0.5033072959531432,0.12905220011649718,-0.00565159207328002,0.02569327695288166,-0.014372787193559639,0.18152778321295054,0.034875625783308946,-0.015177938932919348,-0.27030154163647035,-0.15070099984221338,-0.2022897878946188,-0.006341837693828252,0.21028344839299537,0.23863677111525586,0.07458245973360993,-0.2696751828303699,0.1186642170608643,0.07196834135416524,0.16054688466272302,0.28260675481885583,0.17696641814836506,-0.34649600805110176,-0.19355773780169036,0.12474055127512959,-0.15214447958585248,-0.36422839014788955,-0.025354673686208088,-0.22478024241350353,0.04811312676622236,0.4312768220014486,0.0876983729004705,0.2994065134483922,-0.05604735740439946,0.09496474642492013,0.21238453748383135,0.011281615639070276,0.475092512321769,0.00516691644270151,0.3270736167006663,0.4069818743705544,0.3019232973080867,-0.17991067004451106,0.19185228754196165,-0.3764080728103418,-0.06114983254381551,0.40985450953509484,0.3494017517840363,-0.12939101464347183,0.22034253285551547,0.44881252827275525
-0.0139429074923794,1.0000000000000002,0.3983825374374284,0.5587031870187864,0.18399337023853918,0.06955497793122159,0.4619551781021835,0.4692847863815788,0.4276585620765967,0.08402394427201212,-0.26683584883439304,-0.3022452689482103,-0.12611424507028726,-0.014331543433524207,-0.07762436790327082,0.7031914486442046,-0.04975808575240483,0.4518718755072187,0.04269253318219013,0.22018783220745805,0.25098292337158656,-0.09029035122088208,0.05662953196944673,-0.2809895767123549,0.15051480786693505,-0.12799138544371716,0.02172534957443863,-0.23992627872337363,0.03902705983122059,-0.01018727789983956,-0.2689404398657088,0.16592959506924276,0.27123689911689,0.20986797064760815,0.12162529908909703,0.16254880049056078,0.0011481397769414032,0.056347075374597044,0.2329193650125794,0.01573889076748092,0.07099912229092029,-0.24889592819347509,0.130429170823887,-0.19233068024747346,-0.0598555186260481,-0.06918768916371992,0.11475039538069637,0.13569285830987463,0.08491114923573259,-0.010307727539684633,-0.035361856702554643,0.587788827822785,0.5961413271176151,0.38137086727512487,0.48845493583698796,-0.11961096933526207,0.42271091387937365,0.6518685472250904,-0.13210092626859476,-0.1953904006347274,-0.12326158131509468,-0.028396039137878876,0.22388759166520944,0.24548024329864163,0.09907122963625553,0.1759069851584147,0.13212789458937985,0.17720905717055963,0.04469698149285219,0.3292497265902206,0.3202619558133921,-0.10246779058811038,0.18259016488728252,-0.04454826945010813,-0.12470965126526601,-0.005197514989763076,-0.01929375330928574,-0.01069234370650366,-0.3983715375478097,0.1524337149272576,0.028023995895684772,0.15560810589398114,0.3168539361767537,0.18179519763378582,0.3093835252315869,0.1674205128982827,-0.05415280774862445,-0.19303285646791987,0.09574761190529542,-0.15261397532537266,0.025213712636074505,0.11016731985196627,0.12611899611127297,-0.09390413786666799,-0.14601224313056355,-0.237572236420053,0.18575858632034564,0.17173928923337875,-0.099966329269439,-0.018836385485760988
0.3936978173486915,0.3983825374374284,0.9999999999999997,0.019631471517018162,-0.05343188836227775,0.5893651363481643,0.455680898781773,0.29831865253089634,0.5043262683065944,-0.0803399133691262,-0.4255461258192741,-0.3832796747799918,-0.05761433953591423,-0.20095395826640258,-0.03652241523899166,0.5324018795224481,0.02504919912912615,0.6523696025922505,0.11239927091046283,0.30099666158885985,0.4420528242221154,-0.008302278647290415,0.10608972374850098,0.22152044102631174,0.028008584334384336,-0.3425600514535801,0.060652631454153734,0.06319554884879378,0.5490458738438643,-0.07542884704028925,0.011018426761779661,0.5921206116882267,0.07111638933037136,0.3635360965300162,0.13632006603726954,0.5177227872216705,0.16731871940517598,0.28778797771064674,0.2974721206872484,0.0876987217083163,0.2209014759296216,-0.20195932753853812,-0.1306631458281135,0.11395411562259547,-0.04147874246917461,0.0688898639795526,0.27812495440950735,0.3631632860891083,0.34470951732502264,0.17555890707389785,0.2797152405321739,0.618918942198083,0.19146425525987942,0.09265699247041483,0.6799241401106403,0.6386672057566681,0.4293621918420395,0.3880303183784778,-0.23837174569723082,-0.20106996537177532,0.0717988915334413,0.29372941305205036,0.413297976804547,0.4455849120520384,0.3556974304302425,0.05862774978728631,0.32578026876752253,0.40366211590614964,0.2333313970502888,0.5842159291068558,0.41924480805287995,-0.13991583460778734,0.09281836515468736,0.08754723642646918,0.10175185018204388,-0.3085767767532921,0.3374674840088629,-0.045300736928956094,-0.08373434945067892,0.5426265163977385,0.2879493039034667,0.24503879336423992,0.019257175679633344,0.24231486753876882,0.1216945068885101,0.18871663938566016,0.31576124231786806,0.10591022793452883,0.45722044239788884,0.2906348916317865,0.13707263021446778,0.05602564871697048,0.2784927271766769,-0.29131754040468555,0.0016108622469152296,0.19415418565258225,0.2283937476368968,0.12588605496000788,0.29978509765668104,0.32190036564878466
0.022900933265931175,0.5587031870187864,0.019631471517018162,1.0000000000000004,0.3790195925773162,-0.21444693947777346,0.4957995882015235,0.4256477917518832,-0.138257689803984,0.018820382444201873,-0.19066768421079927,-0.32136690935026724,-0.044903847184277215,-0.08395912620954732,-0.19442111017816546,0.5883704747493644,0.11923486485587442,0.22791619445351047,-0.04433658944044313,-0.06026549429331291,-0.07583591545175983,0.08586994893841624,0.1914396436585538,-0.3745645525401907,-0.07161095503254115,0.10776819883187341,-0.365737457286363,-0.2543466435478866,-0.270924253660214,-0.09095840358826879,-0.39653950830076445,-0.21992604872600452,0.25969644536790243,0.17316158414325464,-0.20168335341869917,0.026990700347877872,-0.13035216740433836,-0.04111310262285922,0.07035067016932642,0.15717916715142807,-0.10640488929277597,-0.4785672149444254,0.0704377167380811,-0.3676226447219712,-0.3384803182928194,-0.33553206885124975,-0.07281180849515019,-0.25506824958823693,-0.2142717547578688,-0.1052741727740472,0.013286491307182123,0.14579854988996066,0.2536589166957986,0.5053149068418843,0.18539790632714723,-0.12266837902929675,0.21632049906923453,0.16699773134741577,0.0011765214087465184,-0.19247718589804136,-0.1541613356102176,-0.33103100525372,-0.09162154278240259,0.11184939304015083,0.05073094210150294,-0.30515362718203476,0.1785268571420156,0.12982570395615034,0.14363884460716703,0.2634552198117167,0.36933839091399656,-0.030416570217303995,-0.12405117061564658,0.09365146474530948,0.12126529668253655,-0.08232096184797134,-0.16612778187152352,-0.011569967790106614,-0.40620052416531244,-0.2599865059973467,0.056447726548132904,0.2913453056745145,0.15606515776005508,0.44586973059451696,0.4315084747202641,0.18606216072216436,-0.16562227321996525,-0.04098811547257963,-0.012770195768064643,0.05125634645393852,-0.24252903797519768,-0.4238254276443571,0.11237583746086141,0.13317573999524443,0.09987728963548402,-0.2398836983252989,0.20866776182486774,0.13354573670165948,-0.21260883394476726,-0.1405729299266986
-0.2720640749435907,0.18399337023853918,-0.05343188836227775,0.3790195925773162,1.0000000000000002,-0.21894078021331462,0.09717351590680265,0.3599127312421995,-0.1618842933612742,-0.011307732356751279,-0.19347898630244412,-0.10724222729200486,0.14135022057076774,-0.010261731978234101,-0.020990588737796623,0.03774774599385498,0.1253949611617492,-0.07454981196160726,0.058362405737916956,-0.24109328439883296,-0.09319831414010273,0.00503845361174446,0.03070582542664812,-0.07807558888518411,-0.33719273335727684,0.027622819519598444,-0.32143509168875173,-0.019907327689617522,-0.20041518937001138,0.1292119070986574,-0.2272503743330231,-0.5189159802484533,-0.11541310400043665,0.03242556129521151,0.004573597118921346,-0.08493704821952747,-0.14259224475448745,-0.2748987324919858,-0.2666260884542538,-0.054438968165315675,0.01954715106832895,-0.04639773581143712,0.10349737844013608,-0.22123318860763705,-0.039046433101549566,-0.16091896967466357,0.015093384798494421,-0.3635075504123129,-0.08893356365281863,-0.14583679910980726,-0.27449000154152925,-0.09225635172119623,0.026408093461309817,0.18785143983557104,0.4265886577804564,0.11879462536293821,0.06044018760375426,0.09652684439956846,0.08085149093764865,0.1738420210629763,-0.06438521381863693,-0.19214418252213447,-0.1704532402535138,-0.2705115953055275,-0.2754153145567715,-0.22347724014231019,-0.046119307426299196,0.019827811332814464,0.10332662734608913,-0.07003391877813323,-0.04659437708047969,0.3015529934994146,0.008944851869898095,0.06481731395132795,0.2332510643823779,0.1412133382723498,-0.24872422750835013,0.21971686580640096,0.0851831056206949,-0.5363884523186719,0.1396281616819408,0.09737235013085663,0.1131216876329442,0.23420923551723727,0.10471417663154753,0.13467212907024245,-0.18926764028911672,0.10925198877907842,-0.11086048816055614,0.09512847219894634,-0.3008214233954092,-0.3172289580328584,-0.06895937633911835,0.34749787765213963,0.23950660224756898,-0.11435140806788899,0.1190851054835489,0.15356312462692448,-0.0542621100538639,-0.18590140143776923
0.07857498464500143,0.06955497793122159,0.5893651363481643,-0.21444693947777346,-0.21894078021331462,0.9999999999999996,0.30575043779518857,0.22910503206674135,0.6788087091103671,0.03308609824736765,-0.06708779670740565,0.01619006056970895,0.07889308153888977,-0.05949787490647412,0.06190588319853952,0.14352767950951692,0.07087555024106446,0.4853324583571261,0.1655684489627648,0.27894206339606076,0.4700780038839118,0.09148376867672857,0.017348440489356413,0.23570789979833365,0.3128975975687945,-0.0626087704143209,0.04559215674846353,0.12939885528870676,0.339779635964087,-0.07945396839106035,0.09245821983675227,0.3490469055618324,-0.11133800771252143,0.22955717496983344,0.06678374954867608,0.4679346572723395,0.028994361604618973,-0.014498069970585918,0.1436508088073038,0.07528250111541514,0.08294642311022474,0.2872804468094113,-0.17465173932671893,0.06866597772356488,-0.04482034125410722,-0.06351510565935549,0.23311128835400757,0.20331525561400993,0.4841306450108469,0.04136141878371278,0.17106267766576405,0.5026553705183475,0.12024074052960874,0.1093604937715176,0.49612326003115,0.7107224728861286,0.38834352640855757,0.35047714298880184,-0.024291184956202503,-0.04971710741406685,0.22034187886917656,0.5062067939712854,0.3845977483156792,0.3218627376968758,0.3969123664812721,0.21927348508727215,0.3756540325931619,0.3790135175999149,0.13636150958358276,0.4822248213726801,0.39002848132733436,0.045699531501531124,0.19867061151009838,0.09108996189216276,0.07320354222481762,0.008607382834454015,0.3485327682358658,-0.0931395399057276,-0.05765106615756487,0.4054400930274381,0.13502380550686854,0.07474993198148572,-0.17715374698361946,0.14733743684410877,-0.00022728967302911005,0.1635461311178158,0.1672521235500907,0.07707985711940354,0.5297580553020137,0.08370635582702002,0.15974772249088623,0.35300203117670303,0.12655703942466026,-0.03456015769664385,0.0824404806067185,0.0831958228890637,-0.02015384642234808,0.09188721278972738,0.6399423797339301,0.2677118899031474
0.12717873593178844,0.4619551781021835,0.455680898781773,0.4957995882015235,0.09717351590680265,0.30575043779518857,1.0000000000000004,0.5311367292502907,0.39597941644387447,0.1927794016279291,-0.08916899913843682,-0.24286777382294375,0.010455418564741307,-0.1893631280576683,-0.1545986654765799,0.6916907103848485,0.30686372533051515,0.6653376978434686,0.2080115197981755,0.17953984638791187,0.4408623447217162,0.22867423178685423,0.1473731233025592,-0.036768017284564865,0.15397690195753885,-0.1384467818840556,-0.30837944113602395,-0.12717745994578808,0.09926223016437473,-0.08185452835144885,-0.5768377105248399,0.1458464906514783,0.19565318938827922,0.22626289278585565,-0.14716126719933378,0.38821591409499834,-0.27541950441488894,-0.03561899787541137,0.3053612266302257,0.3412871803274129,-0.04965629675236673,-0.08505538774526404,-0.15388733687005518,-0.27023798881049726,-0.3944830267712665,-0.3039972307193048,0.08501078697565141,-0.09010445360659416,0.07732026717383274,0.007194963688908976,-0.03971518298401741,0.5546899780110753,0.46839275621104115,0.3779815450286269,0.514265316701856,0.2384676355938753,0.6641007448897729,0.5105551122216297,0.08498659302536765,-0.1315498036914796,0.2889726246252449,0.2106678249509946,0.47952682035860766,0.5335972319690928,0.49941057874132033,-0.007986743320015187,0.6467357627449358,0.48780227136291215,-0.06083978082102558,0.6431863012099466,0.5435195940429794,0.0005727986238729739,0.17011244992711158,0.1142606524845034,0.14255987646493054,-0.07600196030497833,0.17695790830993224,-0.09035025586611799,-0.5960030717943655,-0.013084605485548028,-0.12652653584800352,-0.05059016827612671,-0.20447402534361145,0.3169111244099956,0.05990444279782888,0.35982402502295835,-0.14235836570582783,-0.030463779576265705,0.31668773528968813,-0.09877689783250254,-0.3107287581489222,-0.2162189090478886,0.2699893028175581,0.014492896838949186,0.14628780140396436,-0.3775354542556464,0.08496670123271369,0.10926243334457536,0.13888208075606115,0.06769784729101117
0.010829775074548981,0.4692847863815788,0.29831865253089634,0.4256477917518832,0.3599127312421995,0.22910503206674135,0.5311367292502907,1.0000000000000004,0.5105355337108489,0.2463830674309896,-0.02005543305802215,0.042113295523203545,0.24621837463038052,0.12381987334327,0.1588635655315075,0.3543805468971572,0.27802747581949405,0.46973454007622834,0.03616720204896288,-0.22774287949913277,0.1920380004169028,0.4227870236887041,0.3291171721171206,-0.033620955471106086,0.17595033568747237,0.1672194987507995,-0.25778130070499317,0.17337067401550374,0.055228735486983455,0.27752042859829623,-0.11485211145965193,0.003287794429446915,-0.07872098652568375,-0.06707896063864449,-0.19280422910712747,0.29030724724964824,-0.24511840216039968,0.09863878561929418,-0.09740984170453311,0.06878615560124703,-0.1303654637970775,-0.16328584531375928,-0.021407231439306378,-0.11631372874027684,-0.025537506157281915,-0.10897816933124006,0.10961819328346901,-0.08186865574487032,-0.08143172359786911,-0.20801596411823145,-0.03641609676237967,0.5352240535568102,0.1208473933047315,0.2443397213318274,0.5872302580114902,0.34748532385664543,0.703628933080787,0.6460789539026319,0.14832472680422545,0.16713455460115004,0.12474522688810981,0.15827688461948183,0.10077723217384663,0.19316154939008776,0.2546284512337409,0.06690054832206097,0.19546495399367153,0.19149153510980654,0.1345816815792167,0.5195863801125103,0.3118168058628427,0.40400067934164263,0.1777501252053375,0.24631701172086515,0.27174957847436226,0.3294635475732375,0.036963903688361985,0.2774495228220246,-0.11640785180722017,-0.10279791433815301,0.007600626036487939,-0.11474999393051935,0.1751995280297473,0.2712499590496062,0.09480224249657863,0.4271486794095792,-0.2706230773457452,0.16441955363667848,0.1365571393314592,0.017140535178862156,-0.3230917473737035,-0.1460853858012526,0.16830134992198084,0.3744036750949904,0.36726990466470893,-0.012581215039020313,0.26859111830048427,0.31974245706440513,0.059507948859808785,-0.13230439363036609
0.11420693647022481,0.4276585620765967,0.5043262683065944,-0.138257689803984,-0.1618842933612742,0.6788087091103671,0.39597941644387447,0.5105355337108489,0.9999999999999996,0.17588712054483857,0.0026324246335545985,0.05333024229064246,0.0023864670168912204,0.0168956228269914,0.06044118924594872,0.3198633409896174,-0.03826797096206527,0.4989950666206102,0.10372112099162749,0.19259075598827907,0.44750461712684797,0.08786239734851896,-0.061892038153393114,0.023381209328467246,0.35249184614497514,-0.16433029033108335,0.11299977352171826,0.012356768568543789,0.2278077008410171,0.011884389186109623,-0.005968320303003448,0.42459856227385456,0.009438750664462007,0.11790748900974084,0.08163138943844467,0.46599308419480734,0.028872008856994903,0.18438986210801786,0.1879341686445447,0.024409901793082757,0.01207887793389165,0.21599785309322594,-0.06824884756906613,-0.005711522870155952,0.07296792942675666,0.10912253810492065,0.19542692428179662,0.18047279374809766,0.395895763253725,0.07067816378084481,0.038012332975511966,0.7097922891741343,0.3403968099244868,0.1117052604706611,0.5751030287998893,0.3850552307327455,0.5664673723245501,0.7996568217707766,-0.004144260812079138,0.11870329088864875,0.1391597838236623,0.427127650299556,0.42125878209569917,0.27073676058695295,0.34990646284496785,0.3529342974674159,0.1425367818485555,0.23079386054444398,-0.040208364765506016,0.4795165370898783,0.255048169074343,0.013411190856375505,0.24441637018619827,0.020108676902396302,-0.0907492354850505,0.16925400514502997,0.060828431069841454,-0.06835160258706931,-0.20735440783642164,0.39966417847952873,-0.14950149595428908,-0.22241606743970435,-0.0818537842214306,-0.03072270989305241,-0.08012195732576752,0.13402104098919707,0.02357946043150917,-0.09429580069841223,0.391611841614004,-0.1759503729033895,0.16191329988384662,0.36934495365069775,0.059116417165516834,-0.058960547857428006,-0.03851414646216411,-0.03340535750734587,0.0787846920047594,0.02801244963932052,0.39656075349233444,0.15026913344383194
0.07204987161601002,0.08402394427201212,-0.0803399133691262,0.018820382444201873,-0.011307732356751279,0.03308609824736765,0.1927794016279291,0.2463830674309896,0.17588712054483857,1.0000000000000004,0.5096748715767017,0.3838548003403042,0.3817582446256077,0.47276932879558403,0.3661339384651089,-0.12724024854925076,0.2441240420854149,-0.024291302657036273,-0.10720030312570313,-0.17434299192117964,0.14244993940265607,0.4904309808640596,0.5969760361381066,0.35252183418813166,0.6686334938591166,0.3675610390938372,-0.2662859621377527,0.49208958146704573,-0.0011021291314059582,0.5089578818746503,-0.24478357451104238,0.0971744337898236,-0.2971221871879002,-0.4698646606488015,-0.30193486750751347,-0.08093057374154108,-0.27655974477917944,0.14025199362339524,-0.1287856264291091,0.4516749739784119,-0.35706101497238785,0.13291182705672547,0.06440045665705606,-0.06955451464903063,-0.13203527415515387,-0.17494693608658357,0.07166159976474391,-0.012834359662499338,-0.03856037093105011,-0.29339673909262426,-0.0304693804264666,-0.035193425374841256,0.08145780797301687,0.12645823546809706,-0.006765070534650128,-0.0499096431814157,0.15324420283009754,0.20501040937852133,0.7035526040288107,0.24677338045274078,0.2760153953865975,0.150755909840596,0.22906389033277838,0.3863110834087301,0.3658450269080703,0.2651730428864151,0.3341302014247798,0.16335564935141947,-0.26140048786411896,0.09343091822763326,0.2617701349174716,0.3091659920893222,0.5348157276969719,0.590440283650969,0.3009913792722662,0.4783454446680138,0.246233704659639,0.5741688929592365,-0.10727154751413955,-0.10990571753066938,0.0017710545453754106,-0.3359248823630718,0.15798510641744645,-0.20352033029543154,-0.026964035553546418,0.5107960173541443,-0.2510734896261177,0.4519044878809758,0.03251315026538416,0.00982393098141531,-0.2669609800919292,0.2708424015465265,0.4654035764054587,0.344869276624473,0.32705149367521397,-0.028451217311071565,0.1504574409087788,0.45410247999650627,0.21060882311900586,-0.1801400170765119
-0.19814468149328895,-0.26683584883439304,-0.4255461258192741,-0.19066768421079927,-0.19347898630244412,-0.06708779670740565,-0.08916899913843682,-0.02005543305802215,0.0026324246335545985,0.5096748715767017,1.0,0.6357530734501706,0.42435639803683617,0.43664001665130264,0.2578677671985757,-0.369214333646308,-0.12136808327223964,-0.3426764932437862,-0.3292777928358351,-0.266319250310952,-0.19736288410599298,0.1651537576323643,0.22750396308093498,0.16839936879654988,0.2562824062477416,0.3843148185072982,-0.2433962999048804,0.13895662720914237,-0.3242744239398298,0.17118065886071437,-0.14454473828174413,-0.12710514549397686,-0.23445870268721325,-0.5829820491064122,-0.5115257732261608,-0.12377982476436743,-0.397667540719517,-0.15658686355857726,-0.3033078008248752,0.10084758069893682,-0.35641300073313975,0.1578961944494798,-0.2143292693564925,-0.1111224866939193,-0.14664985355336793,-0.13386001620890553,-0.4134953711541692,-0.281079294783891,-0.0507033365576923,-0.21944112712119912,-0.15168118415418338,-0.321813517865941,-0.2613442691946698,-0.0989717560348357,-0.27287439269007824,-0.18150912080326376,-0.1535761556773569,-0.12392347980760555,0.6493596645899279,0.5594522932516709,0.384895609708377,0.22272226742179438,-0.05185248925203767,0.10121136546274896,0.1406171479661071,0.2590339097982916,-0.023546184580301856,-0.26904281755183007,-0.5588213682791939,-0.3005337534982292,-0.16346810278631502,0.17903494318039298,0.4380881521270804,0.15694896675617354,-0.05483880614424953,0.47575990812454494,0.013978548237198875,0.22248260654953336,-0.15300046746758844,-0.30419128673927476,-0.4927241275894832,-0.6488837559428948,-0.27724457041852263,-0.5877348802846917,-0.3089819430003283,-0.041963567262056536,-0.4480734562159047,0.010880230564465868,-0.16034121498516776,-0.32852991787936775,-0.21307940282812515,0.007114972556061402,0.04560480603848565,0.21014397095866508,-0.03578589403939765,-0.2682804346897507,-0.2650439626221398,-0.09340546899498316,0.0717879467534018,-0.25901482311498797
-0.27418926807453997,-0.3022452689482103,-0.3832796747799918,-0.32136690935026724,-0.10724222729200486,0.01619006056970895,-0.24286777382294375,0.042113295523203545,0.05333024229064246,0.3838548003403042,0.6357530734501706,1.0000000000000002,0.5008078418647991,0.44920221290103435,0.2452824470724293,-0.4870427678228809,0.13702274920544377,-0.3366892066248969,0.04760177033166277,-0.4286900495473957,-0.22857606308616965,0.2805652134359876,0.069827813624814,0.3105964469724756,0.3317509826318968,0.4574128425614082,-0.15488090157736556,0.1968195500689852,-0.11129957140832848,0.14016315686546765,0.07165641062133925,-0.18471065424385466,-0.4762450050859782,-0.4689916459602907,-0.28422747906095824,-0.21928178604574844,-0.40321796352696593,-0.2082072388653429,-0.5272174686596087,0.07856962314891795,-0.29403742293253005,0.29845442735442496,-0.22151976162420678,-0.10557019452520408,0.09521109612467674,-0.13319039269292937,-0.22420520407157915,-0.22726734644572677,-0.10893188562610678,-0.31626862388256033,-0.10483406225950001,-0.1364419613348888,-0.26591795118374745,-0.07622075706242562,-0.13885936125019246,-0.035397305425397006,0.04047599335546131,-0.03553439050738583,0.4806105189192576,0.6243552134176232,0.42582891734389133,0.2604170446797799,-0.21378384941716483,-0.0918457429172042,0.02247709802866783,0.32456147300141036,-0.028728651700206064,-0.12730259146276005,-0.31013844381749456,-0.24759782248793225,-0.31632281670172774,0.33460227354965916,0.33493553907388673,0.13444453689252936,0.05755658216742011,0.6497779285460498,0.04350838556692064,0.21830401797820642,0.06935870678643957,-0.14986349031109764,-0.36621246951939346,-0.4641121151833171,-0.14598345161263565,-0.36624148985601795,-0.3292270429314202,-0.016138647804770548,-0.46786585673509395,0.043061299541923864,-0.24718193021962095,-0.31336979442602664,-0.16111651882006356,0.2315135236460921,-0.2358939442022639,0.39280323699029573,0.13580462086858733,-0.1072527237863941,-0.34720904660223945,-0.04512184916950779,0.07573884774367474,-0.325018683464854
-0.05392272103744708,-0.12611424507028726,-0.05761433953591423,-0.044903847184277215,0.14135022057076774,0.07889308153888977,0.010455418564741307,0.24621837463038052,0.0023864670168912204,0.3817582446256077,0.42435639803683617,0.5008078418647991,0.9999999999999998,0.4991864090621209,0.41658956388864216,-0.08134617859688832,0.3353354555017658,-0.15476511161334583,0.002923081450415946,-0.2252129607481618,-0.10802436251053574,0.3956846256066144,0.4714322692851022,0.30896499857860105,0.21392370835255195,0.4392160833841794,-0.16175397379498918,0.3388521629641599,0.025399328140423314,0.23934236403599668,-0.03316352427769985,0.02389348946642677,-0.06047356965028944,-0.18201886082683147,-0.24927664892648677,-0.043325356840265034,-0.23434836127840009,0.0232916359850642,-0.16701363472932362,0.16308857049154044,0.045560927076799096,-0.013813754468411878,-0.1367092445451355,0.03945298271483019,-0.038180263103624136,-0.014735640528960486,-0.21569691887870662,-0.029304545561976553,0.0047651851593902604,-0.2208793238109699,-0.05943138640758348,-0.14507039193315413,-0.27604065959149254,0.03665544986861074,0.07886771474176867,0.16447082440015956,0.029876160755361647,0.022162481414253,0.5066852191157195,0.4049797922395546,0.6208478421643446,0.6270914267390045,0.0699396557577636,0.27055950868784917,0.1891273102071559,0.26554634106328756,0.05184450950682083,0.10507015375809103,-0.16020429946781117,-0.02167893225974723,0.06299929315454768,0.46592757836313786,0.5116805577979244,0.2620517002386998,0.12455083312196323,0.4437737312931546,0.15023433990786592,0.43683650402049035,0.01980805798823143,-0.15224181463931655,-0.15668978621741883,-0.1998438931479799,-0.21769265835456977,-0.15682722643702954,-0.09671419066077863,0.31029773395552274,-0.23897031120420012,0.21872220407329418,-0.046564278332260255,0.05552432435242891,-0.2003603731063061,-0.12375109702996039,0.13954174096869662,0.2126930996922682,0.24701637196778833,0.1040568582369584,0.06108369424424458,0.2113116851098143,0.1686670483602164,-0.12984826399572355
-0.09577138059775132,-0.014331543433524207,-0.20095395826640258,-0.08395912620954732,-0.010261731978234101,-0.05949787490647412,-0.1893631280576683,0.12381987334327,0.0168956228269914,0.47276932879558403,0.43664001665130264,0.44920221290103435,0.4991864090621209,0.9999999999999996,0.6046353389031144,-0.2424414840112118,0.1878609294883301,-0.21520604659582765,0.07648183016033712,-0.19881655362395595,-0.07588302083113184,0.18074229894194924,0.6189045807994694,0.10792814588087116,0.29191014475511773,0.3980603960039697,-0.01455247817694219,0.25218864171955563,-0.049110653794706256,0.3185180302605603,0.0009694162291188087,-0.09251462360433475,-0.20663373980971414,-0.23961227945507943,-0.08015230074540773,-0.05807561181145372,-0.15276989783451747,0.13781211360391438,-0.16961958676698857,0.002635289685366964,-0.055162532883276924,0.09614056646576329,0.0679294246201509,-0.1352556614765971,0.04979553656559118,0.09389737000303537,0.12544313238905305,0.1978147021453001,-0.14888459851820146,-0.22212075542077486,0.1577886120563999,-0.1578887678213241,-0.1395647915205041,-0.0618161205137127,-0.17144915751888848,-0.18291620503041828,-0.08662873550983287,0.011007174659717333,0.4418250954333243,0.41458753424032385,0.04132449407390609,0.20055146246172686,0.07086643462569182,0.20161848606003505,0.11787913822862572,0.5118001346249235,-0.22654688986516544,0.011259231627177917,-0.05720473297196279,-0.19255734697064836,-0.0325550574858531,0.33221102317893075,0.5957137114813139,0.0878816223367144,-0.09637429743300832,0.4278069077059775,0.08381312027314655,0.3877615000392852,-0.058953073074432705,-0.11440914238793516,-0.16820409374850218,-0.0975583859840037,0.053505823868972686,-0.15967448563808784,0.039249059265565114,0.2255200615507613,-0.29339566175454757,0.07948782451204196,-0.12114669768088822,-0.006709780934807196,0.14317328040410945,0.12842587873071157,0.057587328062364516,0.18905035976823764,0.021381579630701014,0.05898329187574661,0.03161652181816895,0.29971057106015825,-0.041100845082385686,-0.21735352828101773
-0.20742044552357422,-0.07762436790327082,-0.03652241523899166,-0.19442111017816546,-0.020990588737796623,0.06190588319853952,-0.1545986654765799,0.1588635655315075,0.06044118924594872,0.3661339384651089,0.2578677671985757,0.2452824470724293,0.41658956388864216,0.6046353389031144,1.0000000000000002,-0.18962309793969576,0.29375286740437145,-0.10799354027359208,0.11706944045613037,-0.12395814930230153,0.11329952935240624,0.19309045974329056,0.5654416136774758,0.2816366976086586,0.38892863717141013,0.31341297804149565,0.22693971696402182,0.49073306175622616,0.2884313217954079,0.6848414918377921,0.31232008137059053,0.18114068594341431,-0.2538770750839089,-0.27217532842595643,-0.0038448948551021702,-0.13130210047892973,0.018704579853256863,0.18195452738159104,-0.1168029953454526,-0.0754152034473885,0.07007457931105668,0.19159213850326257,0.23188219358011122,0.3028138619492391,0.3147199872065488,0.26773012354589415,0.08053010968886591,0.4086670220714287,-0.0907493149797033,-0.19876304654607285,0.049857369409963215,-0.07636952768979613,-0.13304710473475234,-0.1165436070605717,-0.060367928959355756,-0.017214679992241327,-0.09033592350228394,-0.005505075631253575,0.4701747803756081,0.234380590737546,0.14045617574185876,0.27959233032873393,0.027050981880831687,0.14576333419602555,0.12709150020523194,0.6725372720242752,-0.09021424444273395,-0.007058784113343858,-0.017101355512040558,-0.15176041901317122,0.0596653499074532,0.5700272912485892,0.54752235652868,0.2768050149902386,0.23264825260072813,0.4338734967721792,0.47215936103879674,0.7088092596092249,0.2565046886165606,0.048348543903124874,0.08587147988643387,-0.169009358897653,0.25205022477333633,-0.19697956117436588,-0.09364488722971533,0.40613027584817274,-0.09252315928294054,0.30823933434581274,-0.1211757969791352,0.0780688927912168,-0.09311700682600095,0.2989082559019384,0.29778030275499684,0.1260336128906094,0.2540731605996199,0.2796524949310585,0.22240223269046758,0.4695357291519802,-0.053928978348556145,-0.07242735086890245
0.3280392598928669,0.7031914486442046,0.5324018795224481,0.5883704747493644,0.03774774599385498,0.14352767950951692,0.6916907103848485,0.3543805468971572,0.3198633409896174,-0.12724024854925076,-0.369214333646308,-0.4870427678228809,-0.08134617859688832,-0.2424414840112118,-0.18962309793969576,1.0000000000000002,0.12241891121725527,0.5683083799077152,0.15214913107827163,0.3378294869082776,0.2263340102046366,-0.025848157574290962,0.017126583989022764,-0.2980144014479547,-0.002352572514471266,-0.15963554574658137,-0.007824513145616187,-0.3392895356295059,0.1389569448582172,-0.25700987187397795,-0.2641023148153583,0.32790983794150413,0.5338277764464353,0.5388428322610995,0.10911751919927627,0.3056972389682955,0.13477670164940506,0.2400476640446496,0.5410687490567071,0.1554625337301497,0.25880264233928324,-0.2685697153675582,0.13536345845916908,-0.10223596565100991,-0.16715029588015765,-0.08962383289018504,0.021809516621169027,0.1455192943431611,0.15685809343819374,0.1566088189624378,0.06833577516571927,0.5319197760456802,0.46228228407417105,0.2900517555607562,0.41141193341525983,0.04587542865425013,0.38678616416455086,0.4149074251726406,-0.3056782308019871,-0.31488609738015455,-0.03590691933375617,0.05894661378677834,0.2381052972358079,0.3337612905441075,0.134671059067726,-0.02013528207047174,0.30798250813564965,0.22529893894337547,0.09370408599279419,0.47302597123173107,0.4335738425104758,-0.23472863439391864,0.004947497233736305,-0.06204514171702939,-0.16904622212764747,-0.28311121404256917,0.02077242019483516,-0.20813495620858002,-0.4394837568280133,0.23983344254758251,-0.007841475564136663,0.26933226616218425,0.011129240618716266,0.3467335238102077,0.31037042569147605,0.15412353663134298,0.17817965705981728,-0.27331017509031597,0.2046126886254073,-0.009985352403835144,0.022812800748316476,-0.23045830086178476,0.19600909320219675,-0.2939472129230174,-0.11865946317906352,-0.1253206286902901,0.2166312548842892,-0.004816794829341458,-0.006967376905587925,0.14612653824394772
-0.012069066201124318,-0.04975808575240483,0.02504919912912615,0.11923486485587442,0.1253949611617492,0.07087555024106446,0.30686372533051515,0.27802747581949405,-0.03826797096206527,0.2441240420854149,-0.12136808327223964,0.13702274920544377,0.3353354555017658,0.1878609294883301,0.29375286740437145,0.12241891121725527,1.0000000000000002,0.30129882319467294,0.6900647588619865,0.02862550446140574,0.3333474529725855,0.6105512885751695,0.4036522645075195,0.37633664010098955,0.3654535079562483,0.282520803863633,-0.04243722282691993,0.31753331657586603,0.24843343349637617,0.274190270804455,-0.0451288419943253,0.0007024174128676387,-0.1645642705404706,0.18020759101463393,0.08469394473549743,-0.12252646940724247,-0.10871032051631122,-0.054182898376951165,-0.0574906882127538,0.3970234539694852,0.10482238416492072,0.07698088657158224,0.34064951583274533,-0.01679418948491399,-0.06643580400849475,-0.2893052271469672,0.4004328389684283,0.21936475811683837,-0.1638606670744128,-0.20279923666265867,0.22233691116757792,-0.08241933677365146,0.17962147264516215,-0.04137299281156665,0.0032996274278200726,0.09790095857657051,0.23515175830166024,0.03001127103786211,0.22639969415773714,-0.08936648144107902,0.16664736861018886,0.12460726705848311,0.16429415135777903,0.14105765164407996,0.33586410380999654,0.09231678252989071,0.5256888666157019,0.49443626544483954,0.3430391238126005,0.3495076614680865,0.38472351583335634,0.5295290112453085,0.16793708297141058,0.4809993318314043,0.4862751901926251,0.36067719027892114,0.34742501379023627,0.37386420065943893,0.09328120385405564,-0.10811495493043581,0.28769035760032263,0.23677211234860976,0.1572103461490328,0.4717488502195801,0.05693708864824743,0.6280601219503008,-0.006541504411676606,0.3395987489937451,-0.0038476076101569626,0.09735302020530669,-0.30472086604594756,0.04535029375854337,0.29919111743184623,0.41497259900251443,0.6071306775060826,0.029083823951822275,-0.017213864439244143,0.5041992545389518,0.03675132397668428,-0.1347953411013679
0.1797492209170274,0.4518718755072187,0.6523696025922505,0.22791619445351047,-0.07454981196160726,0.4853324583571261,0.6653376978434686,0.46973454007622834,0.4989950666206102,-0.024291302657036273,-0.3426764932437862,-0.3366892066248969,-0.15476511161334583,-0.21520604659582765,-0.10799354027359208,0.5683083799077152,0.30129882319467294,1.0000000000000002,0.4399913697789085,0.4571951574245205,0.7734849815921053,0.25651110150462186,0.10929352094497319,0.053215057226241154,0.1701725308343383,-0.29655152811465463,-0.0015641656227671041,-0.018672462892987154,0.3836010850459886,0.009043188867029043,-0.20113500119905933,0.31187450456614046,0.046423950058940205,0.42915050457393694,0.1398293635272734,0.4788735045348559,-0.03160422347283697,0.030206617277581303,0.23614929750796543,0.08974520098295123,0.1276550240475338,-0.15336537531993916,-0.022761396104905206,-0.05334400489592518,-0.17310666363092453,-0.2354873441326601,0.5245104125437786,0.33994207155034106,0.20855216317141498,0.03405073657460876,0.1741163605794557,0.5997488400972125,0.41936228328943137,0.07849613015045454,0.5050322982327988,0.3585882268336167,0.703422354426844,0.5201972830085339,-0.22235664082448223,-0.2803716147926881,0.006955282131023989,0.1576026863367882,0.44605924394236346,0.4266329455782558,0.4395300620501423,0.026441630929444692,0.5626193130318661,0.5808895053258692,0.3288002632042066,0.8305509119789294,0.6798993143628819,0.07472289906910537,-0.009802600205630757,0.15885461234713688,0.19926128171995036,-0.12072174820875356,0.3384629451183909,-0.10923015068230242,-0.18661735442559318,0.28726143883672883,0.15782910530307664,0.2509892857763933,0.07855793112455382,0.4583644970165063,0.15812877193589223,0.3868595358647479,0.15620441522928177,0.04461334343075687,0.5327567819388047,0.00823550769596849,-0.043421096556903876,0.03070567507291512,0.2917133374643791,-0.04181030524417159,0.16526315115687773,-0.07669252115215189,0.059485034579815514,0.27457408732318855,0.21816054717902814,0.18709733127931166
-0.13779949603556996,0.04269253318219013,0.11239927091046283,-0.04433658944044313,0.058362405737916956,0.1655684489627648,0.2080115197981755,0.03616720204896288,0.10372112099162749,-0.10720030312570313,-0.3292777928358351,0.04760177033166277,0.002923081450415946,0.07648183016033712,0.11706944045613037,0.15214913107827163,0.6900647588619865,0.4399913697789085,0.9999999999999999,0.17302986544611826,0.5269104123792491,0.17463716529710782,-0.012119643124706625,0.1378995554719167,0.21291413814145935,-0.13694824621781476,0.13434120220931078,-0.018963390881246902,0.28780332324036784,0.028386567577560046,-0.04183727934080207,-0.015051086808320992,-0.12674444948321287,0.48235713510847594,0.39236204178636086,-0.10240951462358071,-0.008031680180076786,-0.20110798983636013,0.027847547232930134,0.04607729535406343,0.22829483305539666,0.31167339355813395,0.27634911172913257,-0.20571920915386313,-0.004088753575698007,-0.21547891874129754,0.6062965485018779,0.2950617299110536,-0.020932348276912836,-0.12748357005496405,0.17199964055326564,0.12319324823072361,0.35191190022617347,-0.07512127907547249,0.07283111496580463,0.015134655032035434,0.24132666651923115,0.14677655551460755,-0.14622430815940157,-0.2005474273129912,-0.032682037855141725,0.0504559035655116,0.1753449459440683,-0.011240154971753478,0.12108359476756543,0.17287603513823,0.3189311291258041,0.5263163877701729,0.4280781616653878,0.31854732871309044,0.1955177892574727,0.29685564123552116,0.021984470699595356,0.09656322340993459,0.14120428356249975,0.10454402115870169,0.22544469192819366,-0.004084088304128831,-0.01538384026882213,0.09267817039307176,0.14746990662464815,0.3025130064992136,0.038017240670136024,0.45379917428306066,-0.05195527796167156,0.29151189176724585,0.05957363500964783,-0.062530942338963,-0.047601692653311725,-0.19545654707809848,0.02677278639523822,0.209491087877255,-0.08229557210958349,0.15710310614923736,0.24296795016538283,-0.18172555814332714,-0.28726427454387615,0.2356900271732288,-0.022157002759734958,-0.17320193107092632
