0,1,2,3,4,5,6,7,8,9,10,11,12,13,14,15,16,17,18,19,20,21,22,23,24,25,26,27,28,29,30,31,32,33,34,35,36,37,38,39,40,41,42,43,44,45,46,47,48,49,50,51,52,53,54,55,56,57,58,59,60,61,62,63,64,65,66,67,68,69,70,71,72,73,74,75,76,77,78,79,80,81,82,83,84,85,86,87,88,89,90,91,92,93,94,95,96,97,98,99
1.0000000000000004,0.3532017915963429,0.26093795126970265,0.4059957975741889,0.22503059582163923,0.1249426350366291,0.3653723086860684,0.12184402495457408,0.0246662430244367,0.2934513145336158,0.36809777130917076,0.014395405981552017,-0.05795737078150683,-0.26138397184633727,-0.0838214906166294,0.3670528731350463,-0.006767074918176003,0.259193379719132,-0.10362997491511419,0.01572517239776191,-0.2150176002795951,0.2033575676255954,-0.03067016793904184,0.08851892884415617,0.1481317103255972,-0.17293247616336027,0.18494627292919186,0.2104595391668865,-0.12061437881265369,0.07270001384165282,0.06210036829966041,0.5031354406552626,0.45987837735660053,0.3077796494772135,0.17491825491896823,-0.03966116439447288,0.3581590708206189,0.15492000772256953,0.24192202192242634,0.3036314858825477,0.19809222017804515,-0.15455813258716752,-0.013907640976144681,-0.07520995156538289,0.01838546485856006,0.0008031443656141052,0.022342882967999647,0.20556853940010397,0.5003712910905904,-0.027447230966661417,0.5818390177054908,0.3023336756232147,0.416501462347283,0.3513238806997484,0.037621785417073506,0.17897570850078118,0.20935736033671867,-0.030911507588889296,0.16439085494350153,0.1830551806019962,0.2995602274095777,-0.020314029937422283,-0.17396819161183563,-0.114427229474226,-0.2558036276662317,-0.11892947721697081,0.31428096965083197,-0.06401463627958068,-0.044309826807266556,0.22778160545259454,-0.27608399526148564,0.05307011857951974,0.028408897553075255,0.02294178705563765,0.051321988292650174,0.1067623111852841,-0.05874556268242812,0.06973219266102554,0.031695054135139955,0.3433540274285111,-0.03998288552934783,0.12154567432176198,-0.15577055745966573,0.2072571769397525,-0.06830115922067784,0.08045147587802202,0.20897295053749781,0.25919839683521134,-0.06538800952229709,-0.08651509069350735,0.26910502436164285,0.2089989790183717,0.05427002677011361,-0.07755634225071945,-0.08569783196547383,0.0020410379778041643,0.05514056337583841,0.2235407900657825,0.3852898368793536,-0.058087673943622097
0.3532017915963429,1.0,0.22888193962869594,0.8171119161158242,0.6242288915052733,0.013883296308548544,0.14737576893832988,0.3135246432899326,-0.21968963606381878,0.02037029059979756,0.11820959757397752,-0.07345723558646358,0.008092564248876553,-0.22395894122927767,-0.28455738479977305,0.3239933423787826,-0.06367503752156663,0.3387225605037357,-0.24602881503865623,-0.028881342500362,-0.4276032147557718,0.2998645410774711,-0.057258583583920754,0.13917768299933672,0.0817330255661831,-0.043583160406559025,0.2746244078941315,0.24236357076552295,-0.18093433611549056,0.18082473403676377,0.16341359773558856,0.2556392596493783,0.08991485241661466,0.44022422052880433,0.1945300566036355,-0.1593913359829743,0.24196673117156853,-0.04407491749916374,-0.057824833144830445,0.04656178608931726,0.10469648681195953,0.12035548173421715,0.13048824273385354,0.009813137920903214,0.02558109205402313,0.13287616821023934,0.13072349864584662,0.3415941541963585,0.1465954522722142,-0.03277223349525611,0.441618313815357,0.6784837497299123,0.39132094757891506,0.8130765472576513,0.13063656647679767,-0.04987200836684641,0.3728770832035897,-0.08001477291183251,0.10225564028046752,0.04452854144370394,0.1514611467938963,0.0011354996531417723,-0.009442631411188174,-0.3352752511899337,-0.3897450820456045,-0.24986647972694237,0.13446627160899735,-0.22096990931992358,0.041931188152137505,0.342171523678053,-0.32873096409173136,0.22621197058029316,-0.019209968159200577,0.06458413256617718,-0.07451090856009245,0.11293435069898097,-0.23628143634270105,0.11467127791400843,0.2517535460554244,0.15331071958602321,0.19530267156252534,0.20761460261282796,0.007706945267392761,0.30703803112600386,0.10056564009917532,0.235951156457863,0.14131305594071567,0.45285103608356153,-0.08578642049086832,0.05898116292311912,0.1781163047021988,0.08061671097323077,-0.11807019156562358,0.13849948806535498,0.12231899657131493,0.0011043644181207065,0.11373369485169812,0.22485136113883708,0.13792421265499794,0.022869744295931783
0.26093795126970265,0.22888193962869594,0.9999999999999999,0.016775460481938148,0.45070927166723707,0.8186599006474418,0.3820832668882202,0.6389578199851066,0.633803295796391,0.42415688087997105,0.2679696302367416,0.2484135129110339,0.24221719494835553,0.05812088010492528,0.1256726525128372,0.2173914050918682,-0.01358004494564033,0.19104629310054175,-0.11243806861700051,0.10567260961516685,-0.035882340186044574,-0.09695641144724387,0.10096525324910821,0.1291062711940527,0.32556211472724905,0.10464799045939874,-0.1099561922595798,0.23356420547559503,0.16269336798591472,0.13423119717421433,-0.36412790025928665,0.32931665277275857,-0.03966874843892847,-0.1498621738086099,-0.18734568138681182,0.28944586633635905,0.10854047520921624,0.29832084832595185,0.0667353759440312,0.12927176243832492,-0.1751887677701496,0.04464524121745955,-0.16129589587927878,-0.2969645851392746,-0.07733983623596398,-0.10560531179196372,-0.22405137359108912,-0.1885958796342255,0.41376994812454193,-0.11533717681543505,0.29368968144718405,0.5255328377575188,0.35718092015906583,0.07725014913221794,0.7266866285739706,0.7264660029477955,0.45554975503335604,0.6011719341156286,0.49037730860478007,0.30452318275357027,0.2928160434963577,0.2222419781417922,0.34033252117349855,0.020577407118012404,0.04189946580064761,0.18758257823938534,0.11700725937456109,-0.02097510904518613,-0.060562519466973073,0.29329051257496674,0.17668319098182736,0.03959881436262338,0.13370822561210155,0.19039226959927666,0.21927643822192963,0.3266699105664573,0.2297038617358504,0.32828410547144105,0.015382151835518179,0.299756387848458,-0.09928573583594981,-0.14459598114611424,-0.14436970326266102,-0.14017575681991834,-0.08399501482410329,-0.1524025778429854,0.13019512067353142,0.04479058043428678,0.17353170531110879,-0.17407722110620016,-0.0939735646353826,0.20177673826148557,0.14286144472426146,0.14687118085904724,0.09584082017601515,-0.2735208525414534,-0.12116421352827769,-0.04997961324541624,0.35291918237347425,-0.11929800088115122
0.4059957975741889,0.8171119161158242,0.016775460481938148,1.0000000000000002,0.5797809225742571,-0.0856268134523355,0.18539816077320373,0.3060948598911241,-0.2626646317469138,0.06450640235783778,0.17055955538051443,-0.03404966937769109,0.06990632598275344,-0.21502770530883514,-0.20966654379003807,0.2737753827014003,-0.09928082438130292,0.28130762360736866,-0.26487666780361263,-0.07284695098904699,-0.37447292449909647,0.29546558267657913,-0.11147983586522763,0.12709803607251513,0.1433223301835581,0.020314662531314982,0.271265641825938,0.22871894777838422,-0.142024037113197,0.1085710369510487,0.2193212264235726,0.3188543231112387,0.2081620209535672,0.4027438576920622,0.20629696697038005,-0.21656185284850749,0.17815137814899867,0.057998662038773546,0.037272768943450045,0.16200862664362708,0.13625372880911946,0.0634572477923887,0.18443078726608866,0.028495921514606927,0.02324826179488038,0.10830331156921834,0.1264838230188852,0.3648503101324958,0.08532167995336662,-0.07182943387376259,0.39937457527197506,0.5608343129499993,0.29859561441479165,0.9241805005017634,0.0270690409016088,-0.0385127956050793,0.40702273373984665,-0.06748715129917371,0.06234679968526926,0.06488998518062453,0.12085895592529552,-0.0517317063509567,-0.06063062129182867,-0.2428189872952874,-0.35199614280374963,-0.22416096066371868,0.16647932959396583,-0.2673762208846035,0.03121964611315617,0.25411821963583947,-0.30900707816778383,0.10196946739057372,-0.11707375140063894,0.05888023137011328,-0.05343774007734423,0.05226893566218056,-0.17234366813923493,0.07653431535012055,0.33955999289525646,0.2708495042748681,0.11646198912792237,0.172927780803597,0.025350749915551602,0.3029979666871731,0.09053591004457397,0.199767408342952,0.13902304194045728,0.3938857837343538,-0.0878928128996541,0.054184229218435694,0.19907123914471056,0.09488281215216583,-0.1387992600940745,0.053831976263054554,0.0243401384792813,0.041529561410258625,0.09716199801092457,0.22006425901006596,0.15084691934961164,-0.01632324246327573
0.22503059582163923,0.6242288915052733,0.45070927166723707,0.5797809225742571,1.0000000000000004,0.35590825657344866,0.11239818993801143,0.3702562459436669,0.10099162218818795,-0.023563900063662668,-0.05311162897152301,-0.07135273415523866,-0.034809569675676624,-0.14316753112470787,-0.2644865270348472,0.11574416585046474,-0.09103503498749688,0.10150248231222142,-0.20640815113068456,0.016763128759058128,-0.2586964905237899,-0.09611338724424637,-0.03544980208945716,0.17336502107417187,0.1322969029738169,-0.06921722190238112,0.14483117609885213,0.1046624821566488,-0.10551738860085899,-0.05742020450198589,-0.12296213116888438,0.25379404742809725,0.11026878269675304,0.04027625818005227,-0.08152150291519483,-0.005169089273928072,0.22392840296040545,0.005873474338591948,-0.18554209381599454,-0.026350299363291356,-0.06506513367814319,0.07168452119740493,-0.09775615392620235,-0.15489266558587722,0.015093368708535398,0.005379204559375258,-0.11472488375362333,0.03075994420114757,0.04300717829008473,-0.17482499246247368,0.18499865263679358,0.4933837233258151,0.17818652904140425,0.6669369464931504,0.4887774439205093,0.21296249735725575,0.25592712612928376,0.17709332782501808,0.11831608573403737,0.07382334277848647,0.11072166464527161,0.04450357632168244,0.022425393206643125,-0.22317254670075481,-0.24608909310993488,-0.16462655616470126,0.026270595152076328,-0.17610813991121707,-0.011647570125746834,0.10354401938995181,-0.14455001912798743,-0.02455179210329217,-0.0738876502035828,0.008206315332304325,0.08295561698799883,0.14443013940437527,-0.0941033403134129,0.10430134631766343,0.09722049231231777,0.2022252922486741,0.06857969972766316,0.01653811845767614,0.1494315795383275,0.03428434907959337,0.07556493164540982,-0.06021637527711834,0.19077970601395225,0.2945834561657119,-0.05523777727907552,-0.06949411300066305,0.08516614121464482,-0.08162555499690748,-0.2436006346591692,0.10437474089832206,0.02431110179864096,-0.12709932316265216,0.074459422956083,0.02349796019146948,-0.018000482927292952,-0.13569035716199362
0.1249426350366291,0.013883296308548544,0.8186599006474418,-0.0856268134523355,0.35590825657344866,0.9999999999999997,0.29539514591656413,0.5503711873888619,0.8251026660502448,0.5419938144963952,0.337639639326485,0.37803253420175914,0.3373362744975142,0.11193781398474743,0.2897553794950506,0.015098971325448516,-0.11630742360978026,0.10414565030653035,-0.04890457307219779,0.2729248595748748,0.09952157305116355,-0.15597998615437442,0.1789698689803412,0.11800354587226836,0.33648429206596187,0.2293230476359485,-0.09060665248097195,0.3196512473965435,0.34046764603937696,0.2611570643887872,-0.34765155377394424,0.2845272769150175,-0.07380403425411029,-0.19656262314225648,-0.26936059710727167,0.4841585035331125,0.13732311985445778,0.26613107959227633,0.10142250711940126,0.14588500278428904,-0.12834836544969233,0.10767850658545428,-0.10726745278138611,-0.18798318664341798,0.05258596793530913,-0.04450356071051451,-0.26893247112706337,-0.0806027894149181,0.42100267762725535,0.030262607750901713,0.1589734423121428,0.4117445385647767,0.19728691623758066,-0.003103704381203336,0.8577958920675548,0.8632850198429113,0.39016989047093364,0.7382205339519814,0.6831749859350363,0.4513454551655996,0.40168445005036485,0.25326289623271825,0.43911202725194876,0.037913555850909476,0.09624353775541387,0.2778808157765462,0.09648595482577806,-0.05548283289465565,-0.10413672097256346,0.15225318988031636,0.3352769413791595,-0.12059708410361811,0.06440039063420731,0.23345885942598452,0.24543118351574433,0.37802445869732404,0.2969178681350356,0.35687041297385597,0.08865552089726887,0.3214677589786154,-0.20265816485364008,-0.22990108048158683,-0.04780057248042009,-0.25825624183102175,-0.03976683630156938,-0.2640171741359164,0.16943735316362651,0.013517391032733628,0.3050677288717928,-0.17332784731998443,-0.09517803776437628,0.255899572683032,0.16643784050491472,0.14222575151693695,0.050788474744321466,-0.1899169881036298,-0.13914235909721562,-0.13283136657501513,0.36481524347324107,-0.0005668853407521907
0.3653723086860684,0.14737576893832988,0.3820832668882202,0.18539816077320373,0.11239818993801143,0.29539514591656413,1.0000000000000004,0.6424251170248042,0.36461266055995034,0.570781771014871,0.41449404105947696,0.3265177736090368,0.1183561469660147,-0.18789752501911652,0.018258559097187082,0.6014221405172057,0.26096046654864435,0.49882411554433187,-0.04486476739478213,0.2913774941409295,0.18867096810361622,0.32390309297080105,0.2417181194840123,0.4108583141273084,0.47670592006599577,0.37224513049765645,0.16637941665368497,0.34195721083723285,0.26034869578422337,0.09465210104994637,0.0431486910037127,0.42449139370428074,0.21495099085218478,0.36235133293161065,0.19343258289537543,0.18307531430758184,0.2667289043804453,0.5670202562002786,0.36306346343510704,0.594194315424529,0.3059652756883511,0.11792594995401094,0.2348534028959521,-0.07584217611291608,0.07920492834772039,0.1557639863000877,0.17698996317960414,0.2060491136555747,0.19993275766586066,0.03920030815583454,0.4589088337407332,0.4803773350250268,0.6808236874817853,0.16810538228932903,0.2725113255211323,0.3943251618195452,0.5966349666539416,0.36228245348479476,0.20353202131288176,0.02218726947122056,0.09295742359439278,-0.009859420047657701,-0.11475293074547309,-0.23273523925176662,-0.09947955167889913,-0.010975419451024121,0.5493524170946177,0.030189965206871727,0.22327850850332565,0.43999775869859675,0.16718970781127726,0.15236789951822946,0.2531139543359965,0.4628442935417052,0.32607756741660016,0.1239412234610112,0.31459044908795847,0.22222831028797865,0.28135595528145974,0.5051142207612813,0.05682007344174214,0.18435924618484195,-0.16956846902001121,0.11818228184958726,0.016431190461557107,0.21610087421788132,0.21581984951862382,0.12178478166176174,0.21511610415622318,0.18045074627569158,0.2504176103502456,0.34089590536212866,0.3227764084214029,0.14286476280238203,0.1287893765923942,-0.09989401740442518,0.13972554440723592,0.23929796877854637,0.238113951687321,0.027175800686702105
0.12184402495457408,0.3135246432899326,0.6389578199851066,0.3060948598911241,0.3702562459436669,0.5503711873888619,0.6424251170248042,1.0,0.5917959347997397,0.3993502927121297,0.2883390345221612,0.21532432597209436,0.1799472016995761,0.012805442216380082,0.23582154562887497,0.2875463304969347,-0.13463251449791244,0.515230386608091,-0.13012511201609003,0.2516193783894456,0.19634121836645824,0.11483983195474111,0.12922695988838248,0.17970664494649882,0.36357317063488315,0.31978858622824574,0.004179272311591449,0.26784648948694884,0.42898937583484575,0.11313402677529753,-0.10695422208082016,0.29649569951577787,-0.13746162892068844,0.19549988486645453,-0.06065729222352451,0.2601582718728758,0.07412066540308683,0.34426270118540603,0.09417177113141237,0.2677994238384096,0.010769136118050568,0.0795513263284164,0.02604508909413371,-0.1403076226565315,-0.0881791766584728,-0.014118553323210941,-0.034825334706769004,0.08763851244541197,0.22224265128975143,-0.03553283333015343,0.3545876358792795,0.6694228877341104,0.48097567178892564,0.2948912168722387,0.6105755013593785,0.6227926947008283,0.8683675481751244,0.7315991695074672,0.35156030607981065,0.16442283703779245,0.026420697706590723,-0.01060657499226445,0.1825715816798626,-0.1263429420182831,0.008552340595085209,0.22453491729996478,0.3389523413061322,-0.15926781854306227,0.13858067294932735,0.6130254406326449,0.39730035169242234,0.038957917129248565,0.08690121871803651,0.3386703185223562,0.1743308355751293,0.155054188019617,0.3989665836888192,0.29023668041001727,0.3403945270740756,0.3706508631696659,-0.02499321528881791,0.05518753371886311,-0.16820957821625576,0.01333433540163903,0.06548599129412877,0.033761261965146803,0.17868211700144135,0.032611945023008286,0.3628831801971582,-0.04739962915007124,-0.08878226431192841,0.23404521439893622,0.12802034925372846,0.05957379356036543,-0.016181816789445455,-0.15635183236635308,-0.046754584210536416,0.0690468276550407,0.37778019333075963,0.014109798080133342
0.0246662430244367,-0.21968963606381878,0.633803295796391,-0.2626646317469138,0.10099162218818795,0.8251026660502448,0.36461266055995034,0.5917959347997397,0.9999999999999994,0.4995796830973292,0.3186309981173548,0.34962932761213206,0.35153406039571494,0.10546120970678001,0.4396248725318977,-0.109238684110117,-0.20907661647026685,0.10269041167276349,-0.09958100852447344,0.5094417082941526,0.2915597180314805,-0.14639952442594828,0.16639983086780757,0.09818263266904534,0.23679572259262988,0.2813194382495355,-0.04646349658679217,0.26403784113281875,0.49801767007535175,0.2146494424070216,-0.11520532231830673,0.1403717407290534,-0.166173549505046,-0.14178573815633608,-0.16232686910875735,0.7561006563879726,0.22784983239227566,0.27144161789506127,0.19544367114064998,0.23745863860426386,0.0887699234324376,0.161691990489859,-0.019438765541725776,0.061168974330458065,0.12359810879617882,0.09795366614563385,-0.09362925879636118,0.039160037859486754,0.45468254909054395,0.32014208042888004,0.11125448744072759,0.22579074836067559,0.14087440008071955,-0.2079478477360139,0.7442239054544233,0.8427331233173582,0.36586479885082157,0.8830660901519485,0.5866822617217411,0.40364576315981526,0.2536031534223214,0.2091844792176154,0.38065976146056074,-0.024971006548521378,0.07248089572377261,0.3921887361515107,0.3033365442273919,-0.1971985728069213,-0.1606214695516354,0.13923832702823769,0.498039887280742,-0.2012811270919257,-0.04574421524224837,0.3823701754322747,0.18350530128926343,0.2485324694306209,0.46519259551850584,0.24685184431866403,0.2755546323998426,0.3215542650160038,-0.22883441361462264,-0.06615987113921912,-0.030250271480232023,-0.19205636215613534,0.05330422879512008,-0.10249575668737626,0.3378748856992057,-0.09647713079168424,0.6200047588981779,-0.0063222139032492386,-0.046951685382642556,0.3134757843395806,0.3007526193064751,0.10313612645314155,-0.053678669007519886,0.07490443838201248,0.07468256633416037,0.002728064890156479,0.43281117062305774,0.2862053424871889
0.2934513145336158,0.02037029059979756,0.42415688087997105,0.06450640235783778,-0.023563900063662668,0.5419938144963952,0.570781771014871,0.3993502927121297,0.4995796830973292,1.0,0.8008973406593457,0.7899257152893374,0.5937227626669079,-0.007279992539176237,0.3228102084765836,0.19983388423299575,0.27385393441071243,0.24825982337368677,-0.07053634219656249,0.12351534501885715,0.15708206722240106,0.29996856418952544,0.30047837530949584,0.477180329192779,0.7026373732169344,0.595006136988694,-0.08493967854889604,0.5936009219470232,0.40940312055292755,0.4416753923239307,-0.07096471115936608,0.53885586443521,0.14306957321185537,0.21658735479001967,0.06637665958871104,0.264735082056334,0.2781316549629974,0.65112684395341,0.5075826001511092,0.5640456164911481,0.19172564029342468,0.2946385826684314,0.3018159988458301,-0.13783860988581487,0.1630395335255233,0.07454420428006983,-0.02110442350910694,0.0690442564331019,0.23375329725436936,0.0748773204175999,0.31644464514672116,0.3562367738816704,0.328532644763113,0.028420139274742365,0.4198439808638642,0.5574913945305241,0.36902328386695626,0.48543153142672807,0.696657174803205,0.5004572667866439,0.5811126890187018,0.3693762929959669,0.36011319562294547,0.04065723509916919,0.046138801691191,0.2226288897494412,0.28161063585710416,0.050211097333773366,0.07258055905049017,0.20332181295972301,0.2565893701719977,0.12892028519559648,0.15559252294172896,0.4704141410589578,0.4531369443442855,0.4850394193631524,0.4013865858711401,0.4845688816659631,0.23216701033138576,0.5363771573724387,0.025222156965370498,0.02650088277296797,-0.09503153552269644,-0.01387340926680691,-0.15006716089744224,-0.014471177371628627,0.22610359002127262,0.17690363760322117,0.19143572403924444,0.15129886719755445,0.14919391090912856,0.5898464841650534,0.4446591431361923,0.2590746847640063,0.2615912168087398,-0.15142974335621456,-0.0973466116240479,-0.02537633305755509,0.2564266915515375,-0.008119664266864992
0.36809777130917076,0.11820959757397752,0.2679696302367416,0.17055955538051443,-0.05311162897152301,0.337639639326485,0.41449404105947696,0.2883390345221612,0.3186309981173548,0.8008973406593457,1.0,0.8007758801967944,0.4514293581204196,0.21883859585036997,0.49368259856716123,0.1813765105975533,0.27679236785222283,0.2251098192344746,0.1659888041540396,-0.021094435460809195,0.2154330504103379,0.3904119010703664,0.3025974507865971,0.40973347691652695,0.5522190757725063,0.5757195400939759,0.03243502128557804,0.6123507465436618,0.41467431450358244,0.4838186998981699,0.051738284551717605,0.5240241941059215,0.15289323156980764,0.285159896377926,0.11037758301551363,0.2126548892484123,0.29943978875569854,0.507002934470833,0.49599947714035647,0.43838025025194616,0.29343151557521235,0.3099563318149036,0.2980530987253808,-0.0044888267814569525,0.1268608453772263,0.14697919964874642,-0.024537768178696632,0.1526955116089585,0.278971999774912,0.18718067058305768,0.2603727363033698,0.19851385649898393,0.29723473540703416,0.055568758337050106,0.19602028822427864,0.36457739116845034,0.30879694033170535,0.3567649550117309,0.6992558628909311,0.6363597265098153,0.628999266709821,0.3240039306087281,0.364344743731105,0.18843089850682468,0.18569122816044012,0.3895826043045416,0.26791291531625355,0.13683450426120763,0.127464959426274,0.17239179940777463,0.26035051504573015,0.17565864659969263,0.21231830027222867,0.3695079074205588,0.4744074003194248,0.5419660933104271,0.3956125481325955,0.5074626777567512,0.22063640770845805,0.527297775541335,0.14682362041370933,0.11226295216735543,-0.04556971677533053,0.14703636497221328,-0.03815246827782601,0.07780666458480832,0.24586560792694195,0.3065976680001481,0.14256449705067095,0.25451116552523834,0.23980511847942804,0.5870779157550543,0.3981486739766346,0.2717314316170457,0.23766352599236287,0.010835793226964529,-0.05015774144193875,0.07743864940234894,0.29238093789961606,0.10938058417321925
0.014395405981552017,-0.07345723558646358,0.2484135129110339,-0.03404966937769109,-0.07135273415523866,0.37803253420175914,0.3265177736090368,0.21532432597209436,0.34962932761213206,0.7899257152893374,0.8007758801967944,0.9999999999999999,0.5696793888500612,0.21530851145841032,0.41382611749782827,0.07028258917353596,0.4069861690285931,0.06374590325904225,0.11951402161481738,-0.05601440048996454,0.23932056900667625,0.23703221923700007,0.28120056740667393,0.5871326776083994,0.6012958788852816,0.7860920987563269,-0.10613443512609129,0.5882549579330034,0.5107183482643416,0.3661159522277329,-0.07410647692437121,0.27043555433266864,-0.0029109175816968407,0.08897094282985925,0.05669285612743157,0.18328625053823283,0.20515110294623407,0.4348646681429342,0.3574267170076095,0.4292227863736018,0.16138292941091142,0.4049701105185972,0.3778745159906628,-0.04233996402121738,0.21715836858233226,0.0660502413310263,-0.12490958710524483,-0.07589097565160788,0.03300024456910261,0.07330167767158782,0.09349309257657806,0.14277961386972435,0.18676191526581656,-0.07777185555610439,0.29260873150925754,0.32191262009430666,0.15613380792558634,0.3664650511178708,0.6211659725888871,0.5369880827053803,0.5586449124882009,0.37639634626424023,0.38821045710230817,0.14745168183501373,0.24370515640607446,0.3423806243178129,0.14146525596623824,0.17647912920314912,0.17196283052199923,0.022086284020376528,0.3443736933251984,0.08805883942877742,0.14905140928607843,0.3882513628626843,0.547605259410858,0.5551075424812822,0.471779743725645,0.5084713744607325,0.13783175788207036,0.3450780154724325,0.2073098314747058,0.05423791437071499,0.08123971405940782,0.02184084140361913,-0.044119866863069505,-0.04489385991894517,0.17737405398921902,0.24229318556401994,0.09249388376622196,0.3123392547809709,0.13381010118703301,0.4458621866560844,0.29844078481456393,0.3159201529878157,0.31209103752268275,-0.014937652145283002,-0.12454017788695323,-0.1263538508616694,0.04801236938266936,0.019897318232258033
-0.05795737078150683,0.008092564248876553,0.24221719494835553,0.06990632598275344,-0.034809569675676624,0.3373362744975142,0.1183561469660147,0.1799472016995761,0.35153406039571494,0.5937227626669079,0.4514293581204196,0.5696793888500612,1.0,0.001396314778757503,0.2523190937037271,-0.16667553840981003,0.20268941732306,-0.031105034099782963,-0.33404830340939484,0.20359073238581807,-0.11042009885941781,0.17806666452918013,-0.024974516705921275,0.3914199774936229,0.4482473895824703,0.5272820992182412,0.015167980585755388,0.49792654336703157,0.26072839346638654,0.47544037345578327,0.14277038199488892,0.28811563450446886,0.07144004285323023,0.06945494407025228,0.2034865918534495,0.3321600665864146,0.27743788458832597,0.4479753280001923,0.45443671912086897,0.5042428029612633,0.34041183414211673,0.5002552411242972,0.48920984932650136,0.13522881034545448,0.27259293667128903,0.30148447120515826,0.3081590717232575,0.10350963721485516,0.16811828049299196,0.34137115991689404,0.08355127351101382,0.19852112931150362,-0.029834017240687682,0.08763629902765735,0.31738078340202236,0.3695572862077148,0.10462908519952019,0.35483929066680875,0.5262928456028061,0.5240980548560842,0.6145056863215363,0.714413407709918,0.6325550136961935,0.05141994614872127,-0.061980984874175485,0.1655202248002509,0.17325984016225682,-0.12414740445978469,-0.16528636543443423,-0.08862130717143289,0.07622278711229342,0.12201509837233927,-0.1682410974874902,0.4124621667011928,0.23576668587360722,0.3816660037830869,0.16590248409805047,0.30137748552539,0.38678885028745114,0.4327099894067942,0.08977762717028924,0.15856150944387612,0.12803089083819752,0.04885089702054044,-0.08289254238608723,0.13521870886014303,0.3067738414049209,0.20455608652267632,0.27970574369710005,0.25662986815307165,0.1638954344368686,0.4747366128886191,0.38165599661447885,0.3440387458949591,0.36524959988569466,0.11758680123546338,0.09296575369869671,0.030917193969175822,0.22832481795406764,0.2535167187964944
-0.26138397184633727,-0.22395894122927767,0.05812088010492528,-0.21502770530883514,-0.14316753112470787,0.11193781398474743,-0.18789752501911652,0.012805442216380082,0.10546120970678001,-0.007279992539176237,0.21883859585036997,0.21530851145841032,0.001396314778757503,1.0,0.6484059658593687,-0.34087912094036654,0.0472319765634984,-0.24581622529370364,0.6716871771522352,-0.22746539691174295,0.41640712845847727,-0.2320832075434372,0.08345705434628853,-0.21987642823162798,-0.15448305939532814,0.10111535431351412,-0.21354654782021057,0.035547160101924755,0.25795960796987843,0.1939630859516634,-0.3467416148097192,-0.12398785580404258,-0.29965506918093887,-0.325736423683748,-0.34701172799310737,0.05147916163185438,-0.11744270514530428,-0.07815318433901851,0.023459051863006997,-0.24771849744149818,-0.12497916028591927,0.01357524358017347,-0.17641247958594558,0.06348141149205677,-0.11457270115574707,-0.05784299618837287,-0.17752583295945978,-0.19861582085084725,0.04384473826416489,0.061774271126221546,-0.34980724321505346,-0.2860679923038964,-0.30041845242831045,-0.3099694608538173,-0.03155613436124157,0.08193192859056186,-0.07210217561865022,0.12337538960302533,0.24623813195585964,0.29686124372753503,0.032910584412806365,0.05609250759286783,0.42072808998595923,0.7627168238615432,0.7748713472019997,0.6633169311713483,-0.21168187750158787,0.4923798822240831,0.13821905067134835,-0.11741735778152981,0.4142937209660842,-0.08813652708396973,0.19362268415790618,-0.07963472881971774,0.2041508889087457,0.15951937954258344,0.32569822810454024,0.2649014672952824,-0.2248658910679858,-0.15193712690111014,-0.020944402665639603,-0.13775090981808194,-0.029107618672847967,-0.14726409740551705,0.06449645321723638,-0.1497683137013927,-0.07148470018554023,-0.03417972828648191,0.0047212226286578,-0.01661906719574567,-0.1201641599820453,-0.0317585058451693,0.14255734771256034,0.015154671210670427,-0.04255981050717793,0.06974612882080887,-0.13566130783608965,-0.15530370167625052,0.0023857881302357296,0.016461144753124265
-0.0838214906166294,-0.28455738479977305,0.1256726525128372,-0.20966654379003807,-0.2644865270348472,0.2897553794950506,0.018258559097187082,0.23582154562887497,0.4396248725318977,0.3228102084765836,0.49368259856716123,0.41382611749782827,0.2523190937037271,0.6484059658593687,1.0,-0.27250710055631333,0.005136366555434757,-0.025926039391590914,0.36344089232376026,-0.03550962887987975,0.5564337402827902,-0.07814294067020887,0.14245686694496235,-0.06363679419774365,0.10835343133946312,0.25056557997310613,-0.3100536413967536,0.1749638613202033,0.5202520041214607,0.34275622745342926,-0.16371181393891865,0.07647645296434652,-0.29120317262498163,-0.08671166764490572,-0.277699502509446,0.2859948410032172,-0.041389812753390515,0.178613183520718,0.1760827640275078,-0.016827984015238495,-0.02142944906564511,0.01233259701077212,-0.08980739937102426,-0.05955058423332591,-0.09164107409017995,-0.10936877481913479,-0.12347724416997123,-0.13114307043394172,0.22628657313043687,0.1890814731605771,-0.1594957555053677,-0.12475447378172076,-0.13868606855537058,-0.3019600214683645,0.13659383766320618,0.30888196324769807,0.12313294354903143,0.4351445282300478,0.49063387765317684,0.5363596839429418,0.22242595954085312,0.15000997996409735,0.46693913056886494,0.5840613369345926,0.6793748774839218,0.9008947786721048,-0.11378657030841673,0.28429856081080157,0.12995267219345544,0.04339931969542136,0.7052400819840264,-0.1061008599797491,0.09511875554337462,0.026203598489843296,0.32448237176334993,0.25611043835677505,0.5297761319806613,0.389032104536055,0.02983451086985352,0.1377626249969038,-0.04589977285239434,-0.1337191197220794,-0.19289617330706185,-0.21845956727008164,-0.14909778230164314,-0.1866077969476697,0.06863189410508126,-0.16625293362975044,0.1791913174947262,-0.09655848233138913,-0.23606245593174316,0.13727182986997252,0.13510565908986044,-0.1662437662928064,-0.13149789573287465,-0.025617295428963488,-0.2380378771974967,-0.25656528936703543,0.19146556762776812,0.10087819166345278
0.3670528731350463,0.3239933423787826,0.2173914050918682,0.2737753827014003,0.11574416585046474,0.015098971325448516,0.6014221405172057,0.2875463304969347,-0.109238684110117,0.19983388423299575,0.1813765105975533,0.07028258917353596,-0.16667553840981003,-0.34087912094036654,-0.27250710055631333,1.0,0.4144742634014796,0.6160867944328272,0.04478082941829711,-0.08574007847985964,-0.039612234662746666,0.5252960230000877,0.31445489179352787,0.3380250032392823,0.250024417475585,0.12174866069239496,0.22041746209685648,0.2176893239265021,0.007449237330753927,-0.07369036882714793,0.007389438926146111,0.19002722313205508,0.3653827814261223,0.45549479547555355,0.32609708783048286,-0.2286774370653475,0.06253314145952445,0.2208316442210772,0.09504604500599081,0.254870349843565,0.0744440166428691,-0.19426142654036246,0.07126124314193508,-0.25711359569211567,-0.10510068254708148,-0.04449380092546921,0.06155891511875189,0.03702965637787449,0.02694124650269923,-0.2489518390467363,0.44115475507945107,0.3675657238982049,0.7579841711782898,0.19973567430292766,-0.02624083598817988,-0.026380818501262816,0.3400263309048131,-0.14346680879591045,-0.10383471293383999,-0.17235062893801345,-0.023187642774159384,-0.10330851474782723,-0.2846176762318182,-0.2809806258509403,-0.24170491015273513,-0.23738320127818435,0.235927648956976,0.12240777510290936,0.3454143692344356,0.4815511505213742,-0.15098589536471482,0.4200994525066872,0.407077416175042,0.06331510964005439,0.19154016164784532,0.03572718479512984,0.05530821551928276,0.08860800331789613,-0.06667708362246133,0.1458860399839384,0.22948210551251377,0.11634510017360954,-0.19759357195501784,0.23246234084631073,-0.04080571772046525,0.14935275915668636,-0.022893727160382325,0.19032220990736493,-0.24552388016423385,-0.022094366453711614,0.1878939800995864,0.06732454876825764,0.020148783819038944,0.03626850736591004,0.13547316528610215,-0.2917460353029518,-0.13116002554426703,0.17026911269116624,0.0617431473301698,-0.22101553875783006
-0.006767074918176003,-0.06367503752156663,-0.01358004494564033,-0.09928082438130292,-0.09103503498749688,-0.11630742360978026,0.26096046654864435,-0.13463251449791244,-0.20907661647026685,0.27385393441071243,0.27679236785222283,0.4069861690285931,0.20268941732306,0.0472319765634984,0.005136366555434757,0.4144742634014796,0.9999999999999997,0.16498016813802338,0.34494792718021733,-0.3812023836096171,0.044547236946445114,0.4345599589777447,0.4176008006378492,0.5484410774225164,0.41064606187897723,0.3450313217398494,0.013106574363270614,0.27733011996913987,0.01225203836485885,0.06955921331796577,-0.07882357308906948,0.24346709669886732,0.28170600067706947,0.30644523065517537,0.3424267802303763,-0.2745164486171986,0.22369124138130328,0.3521974992005581,0.2222298261727327,0.2896637337409633,0.18618690386012393,0.23532057029022949,0.24601888128041485,-0.2518856709222237,0.13413882809062205,0.056424097426858034,0.22153267024269682,-0.16776128321220657,-0.3107674766172834,-0.1574073068443323,-0.049302427112368416,-0.12956070586758503,0.23164905677997868,-0.18675554126595253,-0.15202221932325186,-0.28827129076119984,-0.14557964818312383,-0.2981941262964376,0.04020124843143348,0.08991015668065763,0.20855354702553788,0.317424695809801,0.015630863297366605,0.2228370869859296,0.2066905097901421,0.04603145904098274,0.011813830592643062,0.6061233274768677,0.5148214073781321,0.05604778099361535,-0.06995233822034885,0.6129127111583201,0.584371202510787,0.09743439271190212,0.5751226699080649,0.388632535405373,0.18594022627206222,0.2244768206784415,-0.15739854589914992,0.2329668371497917,0.5708213133498908,0.2569706117782773,0.20769593399728484,0.3060328104645422,-0.0593796272975122,0.2539690414146652,0.08644818604491991,0.2981049519820551,-0.43307499574616803,0.28687503697044814,0.30736749685665316,0.22406935907367814,0.17385291540491968,0.28141249230695026,0.4286600415687237,-0.2652313870557126,-0.036570599266736135,0.07108870239713277,-0.3409061026925635,-0.18953534076259768
0.259193379719132,0.3387225605037357,0.19104629310054175,0.28130762360736866,0.10150248231222142,0.10414565030653035,0.49882411554433187,0.515230386608091,0.10269041167276349,0.24825982337368677,0.2251098192344746,0.06374590325904225,-0.031105034099782963,-0.24581622529370364,-0.025926039391590914,0.6160867944328272,0.16498016813802338,1.0000000000000002,-0.029864030272372676,0.1472501975012791,0.18821418764787276,0.5859690019543307,0.3574604720062042,0.36094090284812363,0.2544779587515694,0.28436009097752485,0.30443046720435835,0.35559484870816027,0.33812633957512633,0.11668743885821588,0.1433370002641765,0.23451430894916417,0.14707435650187423,0.7508676610073084,0.35355521097386616,-0.04152471813387562,0.16860707276413775,0.1075196991095496,0.03689016915584048,0.16432696705778438,0.22298806136390295,-0.0422079532270423,0.14621258811307053,-0.12370781812368255,-0.04636753134245859,0.02728508550401346,0.20281275787725497,0.24269579756642778,0.062199347904694426,-0.06131741187391323,0.42629520294251383,0.403768784449387,0.5131106632417668,0.2458189240137743,0.2345636182070268,0.1337696616252502,0.5440498157881845,0.15243493064312016,0.06453978565453172,-0.07887227611364932,-0.0642808290839395,-0.09548743719081813,-0.025494159718636184,-0.28472600453195074,-0.18218979569788674,-0.08126905747723606,0.23591222448,-0.023815042606260276,0.4253846933928426,0.8420163741524234,0.2477903128361258,0.36930018046434854,0.2950898454185264,0.07421625291711864,0.1521191512085253,0.008247060399994656,0.19849690681696197,0.18296679740585384,0.20074772546305367,0.1883665964058328,0.3261054884215778,0.3110633708797613,-0.11371517920305549,0.3103601196154179,0.12229547417668864,0.23413840722463997,0.2009535073413093,0.22899267534303663,0.07037641326702337,-0.030630022766301574,0.0460358306747203,0.050516484779611695,-0.0034927423216116063,0.020140018395917534,0.005569438348848129,-0.1897282892804144,-0.07224882392035469,0.16237307529789316,0.2679935714911592,-0.0008289698932041455
-0.10362997491511419,-0.24602881503865623,-0.11243806861700051,-0.26487666780361263,-0.20640815113068456,-0.04890457307219779,-0.04486476739478213,-0.13012511201609003,-0.09958100852447344,-0.07053634219656249,0.1659888041540396,0.11951402161481738,-0.33404830340939484,0.6716871771522352,0.36344089232376026,0.04478082941829711,0.34494792718021733,-0.029864030272372676,1.0000000000000004,-0.3208210428633076,0.47587397029217626,0.056316269204187884,0.3696583147869563,-0.08580969620559993,-0.11386961665237304,0.09726943344195638,-0.04621042957248632,0.06251951516046592,0.23539214966982747,0.10840611965628705,-0.30509195114743715,-0.04763747471830843,-0.037667645827778734,-0.033890885099032826,-0.07909220923541772,-0.10616965136808829,-0.030076912025049293,-0.052925190962989636,0.004141707764152817,-0.21855693655391145,-0.05896668941719884,-0.06143922732407037,-0.07897756670362398,-0.001454261754574153,0.07031583391262106,-0.009151273414451868,-0.13711750565778708,-0.21254918675027262,-0.12426347365543626,-0.049372357544196534,-0.31942630876384126,-0.42904491484953383,-0.08158973533730442,-0.3964028690255747,-0.23252478339417113,-0.1784954992556446,-0.15120476057611562,-0.15298668622614087,0.04607911853070129,0.05484560239272645,-0.07856687175130903,-0.11047608535478645,-0.0016681932088354952,0.5642615107176527,0.6811449331139958,0.3935084348744247,-0.1759088999795237,0.7055813775302977,0.4466624375308242,0.019358649574101414,0.30002144971960737,0.19944254209974877,0.5547330485731239,-0.11053898979920038,0.3431273078379259,0.16255620323549447,0.3590041114047039,0.2227233509377585,-0.36388573890526216,-0.1279998912873949,0.20568170995726848,-0.005718099383228047,0.19605590243904705,0.0966879203231137,0.17537071971787857,0.00809606496873446,-0.07641874991051958,0.16956429372674123,-0.20112584710092085,0.10244507698469346,0.0601625223172238,-0.06403424356847899,0.11738428448093487,0.042648057489782565,0.06648252865154473,0.03416120616128053,-0.06009535278205322,-0.011990720284538481,-0.19513910298836015,-0.052747508598104086
