0,1,2,3,4,5,6,7,8,9,10,11,12,13,14,15,16,17,18,19,20,21,22,23,24,25,26,27,28,29,30,31,32,33,34,35,36,37,38,39,40,41,42,43,44,45,46,47,48,49,50,51,52,53,54,55,56,57,58,59,60,61,62,63,64,65,66,67,68,69,70,71,72,73,74,75,76,77,78,79,80,81,82,83,84,85,86,87,88,89,90,91,92,93,94,95,96,97,98,99
0.9999999999999994,0.30245179607341893,0.20794693642013712,0.2095761298722832,0.2594983186597263,0.26769650610306395,0.48752158620494496,0.3380877359162095,0.3882423799839648,0.06623856933265253,0.11524124984493546,-0.0826784730878721,0.13060271009140517,0.1413810924562227,0.17136268799590715,0.5853218242334172,0.14064252583600823,0.41667561882387144,-0.01739104286151101,0.6046284688326263,0.3253609599558523,-0.011267957199268645,0.012399043728576045,-0.154353703806113,-0.15446091320455016,-0.31281839757239205,0.26738159278238327,-0.09424152850609502,0.2657932339503864,0.021206459540021656,0.24227316395299706,0.5399055084808332,0.324636491901858,0.24660128302599063,0.17400021477855487,0.6518724500810988,0.4606733231463108,0.6478868698424549,0.27418607142178497,-0.03157879085586311,0.5327160362955612,0.15663794672616688,0.11897281948062627,0.380288200193466,0.29580031247017585,0.41619704240025973,0.28865258313724806,0.31802217743354466,0.629533284777519,0.6079095424004559,0.7231946090769182,0.2885733087832641,0.442066312336993,0.1680040419172184,0.21734210159088302,0.3614307304623748,0.1968494488905013,0.21641250167443726,0.04819442754394807,0.0943041255219847,0.13467572796314767,0.1530768918972671,-0.18667963420379066,0.06525882328151726,0.14059347129683258,0.2604656700752629,0.48350448986606676,-0.07016396661191664,-0.010743201455700133,0.2901790169047987,0.35132824061865947,-0.07039746206835763,0.11185060703573298,-0.04830851953451513,0.05781242832357328,-0.24589522669045905,0.19546457962199965,-0.035923448079728866,0.4927530767526385,0.5704155163186582,-0.14892958382761964,0.5171768861287411,0.23188767336095364,0.11189123984004702,-0.27119751613407544,0.19562585163169677,0.46150354351320394,-0.03717257925756964,0.7057288001739683,0.1525461702748008,0.318984289162925,0.22403817428025052,-0.024287206972997098,0.2741952262009494,-0.05101175099554809,0.37553334669553035,0.3783559651845917,0.5735806023612867,0.6874297063045187,0.655348640101449
0.30245179607341893,0.9999999999999997,0.7474705666532157,0.5200110728144656,0.5443500524285512,0.5725614719978492,0.3969807648491095,0.7870410566506882,0.6067185599656806,0.22654591071660307,-0.059870467274517426,0.22339047643657686,0.2521021836106354,0.4073662621379327,0.30896571630740827,0.6056806548078332,0.2226205154177092,0.20338531287672149,0.06403870216109314,0.3599104161445348,0.37076243151090127,-0.1931040120621941,0.3056748725432905,0.10277376186386664,0.10544766751412263,0.22447997054192112,0.18985913238303725,0.004289771978415898,0.5401567215057952,0.24492966191654597,0.234923809869863,0.31515564909724614,-0.0978303882723768,-0.15934286822751653,-0.1483661275746918,0.36397375495737205,0.04641610062196062,0.23942440161271383,-0.14802316761779855,-0.014935527911991493,-0.05330324075958432,0.13254977373309043,-0.0837549263188099,0.08699149272117565,0.08905587835006193,0.0183433565707916,-0.19997188989360132,-0.08995909298503416,0.2923103483098664,-0.014747054409456579,0.2843958173604913,0.9039365250172968,0.6366531453624829,0.5159761656556437,0.6433555578975165,0.6863501107954574,0.8286985073080289,0.6094529640808091,0.3448918205421464,0.22956667396576702,0.34839888617622605,0.33802926554134494,0.456864021842581,0.4652583849219041,0.36075368237995376,0.5268161040055233,0.45817598939333143,0.25008353311201076,0.04925379020633876,0.23215762623868846,0.643645007563409,0.03867162670584022,0.24736678983732655,0.204312384919834,0.3682624584315575,0.2475790880909342,0.5424860690260052,0.21301709115776957,0.2832911307847961,0.2166477302340311,0.0665289187627154,-0.05878544712222418,-0.13220422124447165,-0.2046148793021707,0.1063782877864071,-0.17168094288324873,-0.04397222761943816,-0.1444713830670157,0.13470009461682644,0.13631049636873457,-0.016830977553030032,0.370260692532251,0.3591604543428094,0.06179989134666672,0.17899950095700812,-0.015004730916722775,0.025140489833757444,-0.021395650237170813,0.3147725001890663,0.031007293783027568
0.20794693642013712,0.7474705666532157,1.0,0.2481020096776458,0.3401080722764195,0.7368993814667992,0.30315568112939,0.7483496927241098,0.6418296927176252,0.3065369317458221,-0.07038417880816866,0.3424293192084417,0.1852667669328165,0.39861382428437897,0.3247831812997282,0.4867739559783025,0.24745642109854257,0.294663987866185,0.11559008836260039,0.28304053132611035,0.27522092119089947,0.020093659253691637,0.438930894438617,0.16470726677787345,0.2624109317982092,0.36525157001621544,0.26160443947111883,0.27578674912814005,0.6038639037706972,0.37530246138024337,0.458146781290391,0.15827277482461524,-0.2317691576124418,-0.10723252949160009,-0.022778500608942577,0.2993584152630683,0.00838985690870983,0.15361758205239667,-0.1093700275497793,0.23514655714460164,-0.23468353844988846,0.26345411455996376,-0.14203819558881142,0.1302709324021141,0.23132766859432002,-0.19537483279563794,-0.33724200975568025,-0.2452954196422263,0.2957098833083269,-0.17316360685481996,0.2713646926196955,0.8073980038829164,0.32889846909967785,0.19400674751376537,0.6995949677329741,0.797124727824232,0.6743586636439911,0.6337357454146191,0.39210692196679836,0.2947677462555237,0.4319922239046646,0.28188517199892366,0.5216709865105895,0.46467362785420546,0.2628110969349247,0.4822268036009669,0.3083008588615956,0.26347984111753914,0.1570129168673828,0.17632184388090302,0.5588647482304954,0.17932013596114516,0.3207981916907148,0.35791106790999344,0.5726946119680641,0.5146831787021087,0.5917700844801826,0.37041099512390174,0.3539147640745175,-0.07311366735360518,0.20426038566943955,-0.26621784028537493,-0.07826033918588413,-0.10726664032860438,0.19758408625338128,-0.21628340977984367,-0.03720228650911405,0.05154362529797653,0.04396571942826698,-0.07619084941420327,-0.2448365174902135,0.4021872307631763,0.3169149704522991,0.22679451018117205,0.14582109468866244,0.048939796032915414,-0.25076651102017444,-0.15085027360213488,0.32799252619623825,-0.10642837684743073
0.2095761298722832,0.5200110728144656,0.2481020096776458,0.9999999999999996,0.8026393410848895,0.29531888526521605,0.25809918171666757,0.5225957970351214,0.5204153961206215,0.33360970823682407,0.22754784012866208,0.25967409311407463,0.23441674847845714,0.36712236345966226,0.3302179485016196,0.4244356913308155,0.2850531803192555,-0.012202193425267724,0.1228903849014382,0.25419111685285245,0.4272006484088587,-0.2650335716224733,-0.010937271375730605,-0.008319180740518342,0.15130819000738574,0.011339083768236096,-0.2972023864271206,-0.269389859173851,0.18740600486062944,-0.09598415930741198,-0.15452251615828258,0.37671895027318947,0.10068384846072077,-0.022860571968968436,-0.18740167688822712,0.163712537403548,0.10202018044475468,0.1967874689101118,0.028645436798162588,-0.04673511374438671,0.10793856525002109,0.05928621793952545,0.10107664980621395,0.015197026522054806,-0.2036262052161048,0.16816421710387255,-0.008401975522768203,0.03925884510976,0.1417896510049782,0.15812112504986342,0.11994264995245807,0.4274492989500478,0.5035432132619209,0.8634057352667684,0.3539812217980152,0.4892119689691781,0.471233732460765,0.4714650784997555,0.35458484496923837,0.27702152978746186,0.29654547169725093,0.21038485853530828,0.05898315375159196,0.1904271556800532,0.4564364483854892,0.41587613221141784,0.30276407596754223,0.1677212287517647,-0.11628253009870702,0.01844098215722978,0.4494282404207638,-0.18065768986374167,-0.0902556738045589,-0.06840856782430828,0.1588821851223429,0.13486089919725758,0.21280757283490956,-0.14691052795644136,0.04191508872557239,0.20104860758085735,-0.1963765701358272,0.04760839278558854,-0.14176749146252754,-0.13423998446707944,-0.26755258935579473,-0.08231066033191424,0.06815296710504894,-0.24015672578630112,0.11990566683515469,0.11465484789089349,0.10036359763124401,0.2783749608990519,0.11180506724430428,-0.19927594505938417,-0.030967104629193463,-0.0350040591447223,0.16934209711181097,0.06739292060027692,0.18543177956846285,0.17002727920932623
0.2594983186597263,0.5443500524285512,0.3401080722764195,0.8026393410848895,0.9999999999999998,0.4654541262361888,0.28297952058657627,0.4564703271802034,0.5356005794230648,0.4326486083363605,0.0688137241452353,0.3040044990701885,0.1712910335326261,0.23203993176880977,0.18683231519881524,0.460993443079621,0.32769306100801787,-0.04270609852101515,0.11529009557840038,0.3813019336076776,0.4824675931313949,-0.24938724648145516,0.16139962528899401,0.20232056220908284,0.20640342768249206,0.1321116141832777,-0.033737796189709894,0.04969979428977231,0.35798511347831835,0.0404946326231369,-0.04628999686820405,0.42314280169987095,0.04154810892158423,-0.04119395659246374,-0.18485366469836492,0.20709090578289116,0.27601811775086976,0.3286966830235691,0.017284123477376897,0.19168504126608055,0.18376622336000348,0.29997070685244537,0.10473132314812496,0.16218008628066938,-0.13207074683562495,0.3410518763771321,0.04321355272703152,0.09005825865233383,0.21670605569096046,0.16208991521083663,0.19184195952505131,0.4333523419463049,0.614700496971193,0.8836728091911392,0.5561241871858829,0.5953318561754647,0.41262579484483297,0.4646107497996637,0.3993473556541758,0.1133604979217539,0.2319677630601752,0.05737140577169265,-0.019001621858032832,0.01628743958467023,0.350987960645852,0.3524434644108745,0.32258005660013717,0.09612122343243126,-0.04434180612985269,0.027271073744763362,0.5519031166624565,-0.11965005168940268,0.03439294381534843,0.0611971349104811,0.33519619551265567,0.27168609260372567,0.4483374310069265,-0.0029972665820419205,0.12427467518688722,0.3286200241424771,0.03385089960210466,0.13138622335317318,0.07246862017882562,-0.040332954643437224,-0.010618742222717114,0.01640600135881805,0.2599924783510915,0.007808903494750764,0.14006388792401747,0.2313432372926151,0.23857695104260215,0.25206281733095875,0.06492671352791031,0.03600978779826302,0.10335669618318886,0.07981082222977973,0.3647231789810066,0.15053698448877972,0.21937837041718797,0.18208249273344024
0.26769650610306395,0.5725614719978492,0.7368993814667992,0.29531888526521605,0.4654541262361888,0.9999999999999994,0.24363646583344686,0.4786827685310753,0.6880665578818306,0.46894980031216577,-0.16017262836588783,0.35488033010893677,0.1995608044139709,0.2833434759665963,0.21510334165017,0.3124159988010606,0.30254036997682976,0.2728050092587596,0.06744212308580809,0.2614463064537625,0.35244775311481985,0.06049883083465466,0.3946578764309237,0.04145904687057101,0.3722770031904486,0.3418573013773281,0.1588351326268382,0.31049452577887776,0.38559684907496156,0.45743697836001457,0.3124160117952881,0.3980338634436163,-0.2755018990638871,0.004593060712615504,0.044622957987232925,0.3558855972459753,0.08740040908666802,0.12369452284905601,-0.02673271874886066,0.28524759341447525,-0.2546514432087931,0.32765883631734755,-0.20707223574726014,0.10161096447893003,0.10302574611329804,-0.1006698272528052,-0.20580483150194148,-0.24880203026162184,0.4304332289634127,-0.014050924884503917,0.311927112722711,0.5649534011599125,0.3107574557772469,0.21830688573814902,0.8543318536695403,0.8641845593861294,0.4734750576794747,0.5379915781319202,0.3496899138052652,0.19240871528283565,0.3144589107611044,0.23283830682541576,0.40853011372885495,0.35780931062605736,0.22028311008337562,0.4180021258652142,0.22957559803688843,0.20265831681500995,0.19635754910154463,0.20470324675757132,0.521800438628254,0.1887634825606461,0.29374972381321024,0.41230952658998865,0.6328029775168957,0.5503658888959505,0.5032126494501395,0.44684213973986114,0.2752420664536845,0.061363170516548986,0.0739127172633836,-0.26922814272604817,-0.11520194639536269,0.026873182424750206,0.08982953389984615,-0.1200653741150962,0.08122982974575822,0.23265277987606514,0.12700464462052627,-0.2035972291134803,-0.20280565413791765,0.35934756108283183,0.20319208175038547,0.3107494003581531,0.07170592585850045,0.03310563732948735,-0.1689576931431296,-0.1689407443476937,0.4530381515425317,0.016640240228895944
0.48752158620494496,0.3969807648491095,0.30315568112939,0.25809918171666757,0.28297952058657627,0.24363646583344686,0.9999999999999994,0.5967350232972759,0.35430145429054355,0.21878675215503718,0.04426480481824125,0.2473466823491138,0.41977254572478995,0.13637298368560635,0.06068991336405011,0.642493021346962,0.06583472408730937,0.333865136798276,-0.20657320573972318,0.6683682346001709,0.2981391053646188,-0.12196723851730944,0.18751524906522374,0.2400396486258233,0.07221148844290845,0.06990625561044138,0.08582336421766162,-0.1967117143548216,0.5499640306432498,-0.024117540699676757,0.02576126390383291,0.2714179701144606,0.018081495434150035,-0.10125315909383145,-0.23673506322996396,0.4192210784175412,0.10758642518359171,0.5985611623490528,0.3972153057472181,0.35925299127662,0.3337001534439548,0.30943829663339495,0.029921695646831826,0.201884349810565,-0.005180527787432184,0.17936919880040966,-0.05185429033080656,-0.04826058946739774,0.5131573755911462,0.254015228351898,0.4527525845370436,0.22817876743760981,0.5168683411794749,0.24313649328312995,0.1370579409086534,0.4667381421698066,0.3853937386432745,0.18752451601814651,0.19856838369089017,0.2024934943419634,0.3286408107277464,0.28012055268377783,0.08504431366327339,0.015092515344160506,0.17791984768572972,0.017507973425370593,0.8729646666720865,-0.07696593326883669,-0.23578329064869455,0.12321541653748849,0.46513238287109926,-0.08273867985436499,0.001311966810385234,0.46295271153812145,0.21760631065627867,0.07273697996954621,0.3649117889187391,-0.10566402956955494,0.2289303045268755,0.39549765554885546,-0.09039490922056448,0.10895092279066647,0.06057136596286236,-0.016913224533597695,-0.2590055225475342,-0.17856404315286098,0.05076074264965046,-0.3859739564063631,0.5367893107875659,0.3998529098636496,0.3664432267115084,0.6916555644718142,0.4680934871951102,0.1013169749017362,0.1298422024117707,0.18373999581518638,0.2043628784452252,0.20410765471191533,0.5913906345034213,0.388358576163471
0.3380877359162095,0.7870410566506882,0.7483496927241098,0.5225957970351214,0.4564703271802034,0.4786827685310753,0.5967350232972759,1.0000000000000002,0.6700377381686633,0.23785604319737016,0.03963363803292112,0.3263878300556499,0.2709040587167456,0.3967569974602985,0.30749618744084023,0.7269199971797626,0.2188644634447419,0.3344399416041717,0.010092970342663548,0.3788268783701064,0.35361747962014506,-0.16908700482549885,0.3354401530003277,0.20892232361024804,0.2495913463105324,0.26580066509378325,0.04397956054092941,-0.15251223259029004,0.6253571051507575,0.07840336812750433,0.1262083272147223,0.30227319539852604,-0.07703415775041914,-0.15316406161938895,-0.1809978475493573,0.34415130071484523,-0.048851963398280816,0.29523814656304026,-0.04096510735881136,0.07892604300278798,-0.04349195610411242,0.2102555137477288,-0.07612699257703155,0.01643082004744311,0.01268860601582989,-0.10321646397798485,-0.28867136468831106,-0.19994879170667382,0.2935300044086146,-0.05846297170870052,0.3318451466179703,0.7710621616118992,0.5694355216746119,0.42951047033693274,0.46274584777590533,0.6949003506575937,0.8528996114667308,0.6974664202500644,0.3963362111967855,0.32563583032666255,0.4765481492011744,0.27001037830116364,0.35485601441866654,0.3950867201329736,0.38757078576731224,0.4289764945506784,0.6357444992604387,0.15042137959810725,-0.059762741133298776,0.1639843831811695,0.5987140669678317,-0.1088305666718866,0.16123279501839152,0.25869399325418485,0.3675675008464944,0.27824671554282215,0.5350470306769952,0.014648739334919463,0.27241066436907185,0.17406089915372608,0.0027566826090236357,-0.13632399377739607,-0.16696741353588937,-0.21051003224854445,-0.12506517416872598,-0.31718033115668626,-0.1303148810415983,-0.3559160252914156,0.20885394972956192,0.0515161042345874,-0.06485882092747945,0.5413180813913193,0.31374950846259586,-0.03696070842350163,0.0706456077597729,-0.032622825389238115,-0.13729317137440478,-0.053825389627718816,0.3698073871001372,0.024793643611555654
0.3882423799839648,0.6067185599656806,0.6418296927176252,0.5204153961206215,0.5356005794230648,0.6880665578818306,0.35430145429054355,0.6700377381686633,0.9999999999999999,0.48211003266560465,0.18796722408967842,0.3250738303793251,0.23897418513394392,0.40441051181951987,0.3843803465261901,0.40341177361317304,0.3130210524899511,0.1866336231982289,0.046513131860783326,0.4636084887442585,0.44155191751118844,-0.37054526325071097,0.19325172553206202,0.06980580124709292,0.2511316319273727,0.09712479494900553,0.0957755895202246,-0.036963672912999575,0.5208826951885182,0.05506141123613289,0.10662391513192912,0.33212392968880083,-0.07083172957105044,-0.15501772753202753,-0.17403267239651435,0.5961103925575902,0.38576176866996725,0.3375812850849411,0.012649693972708669,0.09217661892354248,0.015510301438297232,0.1209969993309922,-0.24663270628446032,0.25636243351973065,0.07068863390588798,-0.0015621456196438092,-0.2457394893572503,-0.07454802360778519,0.5475294110408262,0.30804505126467163,0.2935596254339607,0.5846972477045673,0.4008353374104695,0.3944658536117034,0.613671516455472,0.7674948346496866,0.5024991371354549,0.8495418436338913,0.500046075001521,0.3795383570121092,0.4491175685347718,0.37931155612063827,0.2886451619033733,0.4003904085240222,0.4199574123115487,0.540306692980731,0.35995881556752335,0.3056333413782106,-0.129119020043097,0.030177435977598942,0.5085163903757947,-0.2574055666574033,-0.032662986095418615,0.278071390218037,0.4533729599247274,0.3562155285840737,0.5158621109996941,-0.0022291905925834643,0.320747279010819,0.158369994579839,-0.18736634581555725,-0.1299739126376237,-0.207595699308039,-0.2749109900212057,-0.17955946016209715,-0.2949484496144901,0.2975796397115545,-0.0964537097204832,0.33441972497062655,-0.08190968372377791,-0.08710908440815338,0.4774247433901986,0.32538018804529456,0.036375680788825256,-0.18791117444744643,0.21023040614620103,-0.02999717160776971,0.020721754241181667,0.5524384371783928,0.30961155465860907
0.06623856933265253,0.22654591071660307,0.3065369317458221,0.33360970823682407,0.4326486083363605,0.46894980031216577,0.21878675215503718,0.23785604319737016,0.48211003266560465,0.9999999999999997,0.21795928975074083,0.6999691813768188,0.2398925434591899,0.2560699059922009,0.14186716855374654,0.2536342943495027,0.4220312574694264,-0.23179422897398708,-0.026379070211552294,0.0991211057348521,0.3963524575859826,-0.2094601791696238,0.3518437618548286,0.567242552465985,0.687156483895145,0.43889491655066065,-0.017659301499733365,0.1387543442991132,0.25145820588686063,0.2247001239777225,-0.09739779891551485,0.16429258163671753,-0.09756167837826839,-0.309559834057001,-0.28501489926592943,-0.0019017620715557685,0.13599361072205365,0.1313651512853311,0.17698590793763994,0.6809370518364787,-0.10283758853104977,0.45090376784102865,-0.0041397976122655895,0.007724523923852675,-0.20257769625470404,0.012800922198705282,-0.3905193885553327,-0.31922076022420326,0.07876649185429781,-0.025277289671514137,-0.0016583382568419408,0.1438397612051315,0.142564922015118,0.2632245829407977,0.5276839160752133,0.4452329018694716,0.14626825133353918,0.5254882905038886,0.5952354730332052,0.3463333574199917,0.410226279746327,0.0785544942348261,0.26607428486076184,0.08640300708610932,0.2599926452183095,0.23458398695696206,0.20132497077807393,0.012870022864027265,-0.11380452938589342,-0.18028300895062596,0.3060066560776876,-0.12708108867317763,-0.11739754841105282,0.6198781342202976,0.6915517108668069,0.6277537824043214,0.42047314755106663,0.10149023168404195,-0.2173182521558204,0.01220848954829475,0.18668361353664556,-0.2531893103932916,-0.1759345041585564,-0.0965153973397322,0.059718239407763406,-0.3516485476313422,0.09816942753026181,0.18274187302241587,-0.10639404059112986,0.09633085993427755,-0.057691412043466825,0.3949153100580305,0.44903571512298723,0.08302157024573766,0.14744909870512282,-0.01616990244529528,0.02498477021247575,-0.3372857343671984,0.11431487721690857,-0.03125514212132809
0.11524124984493546,-0.059870467274517426,-0.07038417880816866,0.22754784012866208,0.0688137241452353,-0.16017262836588783,0.04426480481824125,0.03963363803292112,0.18796722408967842,0.21795928975074083,0.9999999999999997,0.3202817033837828,0.03514608282774204,0.06832183895073372,0.21604027532509118,-0.17568572638101643,-0.014367174241057316,-0.3976351905187173,-0.05949808732796082,-0.01755843049100663,0.07546755054899022,-0.46217380257481344,-0.3830613667701013,-0.0018908205695831702,0.007685531840355591,-0.16574813473222322,-0.4155411612385139,-0.3507913209317152,-0.09088826904552674,-0.40878485409420945,-0.25590051088703525,-0.01462638039931723,-0.046319286590148084,-0.35410029379612556,-0.47190754920150435,-0.023619001966182947,0.13692042524092077,0.15230060661830955,0.2121345201972501,-0.01785772262357791,0.05730798684923563,-0.22574723976520772,0.00025588595968639374,0.05241309060706894,-0.25085660781123725,0.015390753538596499,-0.22154700843303465,-0.19229575591966674,0.0388144110960059,0.2209076078284213,-0.07005150375330203,-0.13579284971314465,-0.11241199885670988,0.13940614367910964,-0.17008643705950904,-0.025709234097071765,-0.20262544212791214,0.24131513037803912,0.4259013531409636,0.7158885664731603,0.4419372805329235,0.228287352903791,-0.11314000702270222,0.034577549336976154,0.21928141697020279,0.17005016963976474,-0.068325955204603,0.09574772536929396,-0.3697265772220667,-0.36177929278643567,-0.07145745855324458,-0.33554299322499886,-0.4174467250166854,-0.09756888293294971,-0.040062278030899165,0.013166389953097187,-0.17775276255115607,-0.34497112468215374,-0.15951776539155266,-0.03885002029575488,-0.27130635768768613,-0.03126016614561507,-0.21850316780898738,-0.25221323393530326,-0.37602948151825094,-0.23033538654834074,0.11524632810255465,-0.23329191573649335,0.017779706990396202,0.00942060650573586,-0.019538476924644305,0.2513890290540091,0.2587439797159026,-0.3210950890220591,-0.12957691464317506,0.03039493413113495,0.04635790823406709,-0.06707937479866717,-0.006624269327489664,0.1838557404619032
-0.0826784730878721,0.22339047643657686,0.3424293192084417,0.25967409311407463,0.3040044990701885,0.35488033010893677,0.2473466823491138,0.3263878300556499,0.3250738303793251,0.6999691813768188,0.3202817033837828,1.0000000000000002,0.3274974830613297,0.31995609890809956,0.2410090501765639,0.2170198552290574,0.4201031377913329,-0.23820651665948492,0.035271229423572185,-0.009949072081341758,0.41060016908876,-0.14845961335874128,0.42917988568017684,0.5866904333968341,0.5255735215456001,0.6187270366294331,-0.22167350152822918,0.03419358872235188,0.13141115382043553,0.25288052117842025,-0.3000426382036472,0.14365703220340958,-0.42626033154351495,-0.3880670023238275,-0.3873215095697359,-0.1591651875586979,-0.23944089051581943,-0.14232503597730103,-0.03751828656575332,0.5480204581886685,-0.2751712769719803,0.2235521914483726,-0.08249455597185033,-0.2644482206175778,-0.38947467673273073,-0.13178938188445938,-0.49887503554148505,-0.41769998292645477,0.0059046347555157435,-0.18285439244641222,-0.08198334879771726,0.1443168026303776,0.10168518895846941,0.2156039009739267,0.35583782923460117,0.40150511451431314,0.2247084707503153,0.4140761250390299,0.5973556113927296,0.5469987566029494,0.5964757580508163,0.1071684251908488,0.36866914218506175,0.20396947490331455,0.32684799643481643,0.2534142898672116,0.2092401234481964,0.14194392837687864,-0.14477893741488054,-0.18997960618554371,0.3110415308695201,-0.1241281713402563,0.06619543314657612,0.49120371594129325,0.6698082926567792,0.6437450152959383,0.3242996627367158,0.1522735200174697,-0.34810596746693123,-0.02706513674560601,0.07920677522254985,-0.4221145391734668,-0.36226020751444077,-0.136738594184499,-0.012167766799464994,-0.47608124240010663,-0.25836246062609686,-0.013034303757873667,-0.1639395966455144,-0.06630915824144859,-0.12652753879841827,0.3719638276526781,0.3396956674801342,-0.07417059470113149,0.1307384369171689,-0.2866941167953837,-0.1018576547035961,-0.4227107737928235,0.05329638320098966,-0.19332379389377843
0.13060271009140517,0.2521021836106354,0.1852667669328165,0.23441674847845714,0.1712910335326261,0.1995608044139709,0.41977254572478995,0.2709040587167456,0.23897418513394392,0.2398925434591899,0.03514608282774204,0.3274974830613297,1.0,0.6704919296090164,0.5057907141853754,0.2546640136526867,0.6121657674342498,0.23527537791185568,0.32164948067280946,0.4469009782554951,0.5695666885800332,0.11821345200630139,0.33123215512545734,0.10754296605581017,-0.10977252561051158,0.024664861166330695,0.15314200468900177,0.20074392348203773,0.3290694435570479,0.37167867868400195,-0.030165802423699258,0.1487241203311516,-0.1897518869059962,0.07592662194182377,-0.0013996839569568632,0.25108969199430736,0.003092420980248843,0.2732444471556212,0.14672881494049733,0.13099472649347088,0.22299717578608175,0.01649989797510072,0.05096002182197835,0.19358909107659586,0.07939495955961794,0.18015198814065042,0.1326604517612483,0.15700073311893004,0.3865763108664608,0.3253407024505949,0.14112176867986048,0.13887487983114663,0.3412964903913028,0.26332736121983275,0.12918105132263688,0.3201512352247334,0.21169654065336174,0.24140804047618294,0.16815101626642867,0.2571447627886123,0.3386284442209206,0.7640500169937964,0.43236449308293473,0.5065844518078253,0.5402763951449173,0.4278209133758366,0.42523848220735655,0.5748689186952256,0.11102724513758223,0.30608563835164926,0.5234141538081697,0.22221370673737031,0.31642741966462923,0.3842890512060915,0.2971505855781189,0.0022521883602043165,0.3397473942809858,0.314919421047185,0.07200383605408463,0.2852878578716114,-0.047347786691314224,0.067775554417006,-0.021984538583822034,0.0293945599973874,0.028608199058055835,-0.01192234844687824,-0.014657504560889248,0.05831488995467182,0.3790177031300767,0.2438666320443819,0.31767770680759944,0.2320799474560442,0.30476683602706683,0.10000959446434954,0.10684388231544754,0.20076394573083473,0.17106677865813433,0.0856628241019644,0.429607148655595,0.34855438359079816
0.1413810924562227,0.4073662621379327,0.39861382428437897,0.36712236345966226,0.23203993176880977,0.2833434759665963,0.13637298368560635,0.3967569974602985,0.40441051181951987,0.2560699059922009,0.06832183895073372,0.31995609890809956,0.6704919296090164,0.9999999999999996,0.8299252618226507,0.3170970101842941,0.6881354851069131,0.3269762737406241,0.6339992309868663,0.2854268351304597,0.7103137168999109,0.17655619388383192,0.4005158448740136,0.0003149363885424135,-0.02591326075707466,0.1036110843370057,0.11827051983792164,0.215206931276815,0.24584859516918972,0.4408687044128132,0.10825109982368615,0.23311232025231238,-0.0071704747120930855,0.26225318079532756,0.21339389259468916,0.32046523586318953,0.01637064478943611,0.13851970576107217,-0.03451089529510389,0.02132872412633554,0.07062712956411762,-0.04650966472089856,-0.015315269938599841,0.019618875684518595,0.17786544140296978,0.025879214608948063,0.09904993202837431,0.10826897974589479,0.25802119712917587,0.19055234993855108,0.13048890813813468,0.40321823014695557,0.33930075105104135,0.31191409402214704,0.3009347123712766,0.4061910728278467,0.431218745878172,0.4808416839196765,0.25736898587727153,0.2667549067134452,0.32416455324506455,0.5775903204774857,0.5973846594174744,0.7902621848447289,0.8266722894326832,0.7927200660776161,0.22651697949261038,0.7720544013310263,0.3836247630374194,0.44313694361824985,0.5785432235245663,0.2587792657897443,0.42843678075425495,0.2398534110800303,0.2857923989498258,0.027448860463744444,0.3522597298598008,0.36315872872442057,0.14910156822566764,0.20995278694022257,0.042227936593474895,0.08906409759459204,-0.02847055552255683,0.07469065247288333,0.0808098282264143,0.07663442540806224,-0.00858987480908528,0.07139678958702256,0.2905870194083235,0.010960091967630684,0.10237348409806904,0.17695133316290276,0.23214626626981646,0.13801271114188804,-0.06438961231890312,0.005562444375649137,-0.025681620692414652,0.05368450930870254,0.37931580356927025,0.19180542751908175
0.17136268799590715,0.30896571630740827,0.3247831812997282,0.3302179485016196,0.18683231519881524,0.21510334165017,0.06068991336405011,0.30749618744084023,0.3843803465261901,0.14186716855374654,0.21604027532509118,0.2410090501765639,0.5057907141853754,0.8299252618226507,1.0000000000000002,0.17750258587218123,0.48329661235259563,0.24142233547905856,0.43599684340678485,0.26609097178158037,0.5903459693204267,0.1250282095567829,0.2655793624524391,-0.19181715527116303,-0.07320032025723568,-0.09576197115452438,0.14991691583390243,0.15307094977436528,0.16156781625574942,0.3949777711972088,0.15831432673807083,0.2481200927786939,-0.027584936954358274,0.20719718064461962,0.1698679362593769,0.3304268421459569,0.04999538097772825,0.22507464139296732,0.09627981430354617,0.022026142588982712,0.17147333037637155,-0.07455066812765691,0.03901586939500033,0.15703862659545134,0.2661535353743607,0.11881042487137033,0.18077487356116134,0.1833093490631621,0.30532561778537964,0.27861905194609365,0.10378342260719345,0.3311127116662157,0.31104036831130594,0.28819460068061176,0.20382515599854079,0.319514282627517,0.31052387740425774,0.5158860355493672,0.16418031682582582,0.2617222763665094,0.3572559575610093,0.5948043511643861,0.4596249357489829,0.6524803446939154,0.7548670541029607,0.888791569671075,0.1527648607522166,0.678210861089169,0.2774997058618287,0.31212745492027155,0.4519124468089585,0.2689604465462174,0.36340656727149856,0.15082728875783932,0.14740706492579023,-0.09564917578715577,0.17284022707625174,0.3618622016860739,0.22901329845925117,0.29976909444055444,-0.045102968184450705,0.12837163032051044,0.05714022536498103,0.12980382172038024,0.0405278758773441,0.08060989553038761,0.026346188997774033,0.08750805655925444,0.2987640367256981,0.025835597101931285,0.13222136113212138,0.20498004787708646,0.2558965564954355,0.18929260558808927,-0.027378702593807088,0.14833544198001242,0.045481140414628085,0.15448320018306314,0.3590475668728708,0.2677598051396677
0.5853218242334172,0.6056806548078332,0.4867739559783025,0.4244356913308155,0.460993443079621,0.3124159988010606,0.642493021346962,0.7269199971797626,0.40341177361317304,0.2536342943495027,-0.17568572638101643,0.2170198552290574,0.2546640136526867,0.3170970101842941,0.17750258587218123,0.9999999999999997,0.334778892356339,0.425527251830807,0.015213139345839904,0.5200030391322227,0.43804194027470794,0.0185257598735846,0.41066685539210596,0.2982073000620285,0.20178787440939921,0.11481036642105899,0.18370035246840144,-0.11085907260479716,0.552995333246161,0.1165156557710872,0.10896560034352043,0.4247262525608297,0.25666129257110715,0.11841255418190907,0.0538919892960181,0.3977508055223588,0.11593039975770338,0.41205244099975347,0.08654623781056076,0.2235011176744959,0.24996882100833756,0.3510555353540526,0.09203164789890637,0.03441047500430019,0.10768424931663725,0.17848766971314495,-0.001425756823849005,0.018748360302881788,0.282242877307835,0.11108721967606532,0.45447306595719866,0.5559075318948117,0.6240673071761066,0.4086435102256037,0.3793883644819868,0.49844574000214026,0.6650886398353891,0.3731442988329062,0.11435375203889508,0.07864703763850572,0.21880787518137523,0.0566177497542089,0.12031549330828765,0.206007861453223,0.2759197853997124,0.2860266340631666,0.6981786889214046,-0.04838425615530343,0.02517839542834911,0.3282384078546788,0.6119759907721198,-0.11139068325847405,0.2344045164087103,0.19441533831015334,0.35052498203007787,0.06143520252518058,0.5099008100366288,-0.0035621733858609813,0.23922783010362916,0.348854015304657,0.08572120890373638,0.20643705102209708,0.07564112074292448,0.014166043058303022,-0.11197272659556441,-0.07630594827773006,0.05626176578594317,-0.20195853382035248,0.3605464949943977,0.19929731193314773,0.1618386784292121,0.3348922829631698,0.12541999376922225,0.060085876305355265,0.06123474061231967,-0.0019617064320545437,0.1338695021347108,0.17848667338414018,0.43577842617788665,0.1777069876496974
0.14064252583600823,0.2226205154177092,0.24745642109854257,0.2850531803192555,0.32769306100801787,0.30254036997682976,0.06583472408730937,0.2188644634447419,0.3130210524899511,0.4220312574694264,-0.014367174241057316,0.4201031377913329,0.6121657674342498,0.6881354851069131,0.48329661235259563,0.334778892356339,1.0000000000000004,0.26053294963411305,0.572718884559291,0.2579261807503465,0.6779804493411876,0.23424553712181176,0.39760008763208365,0.25038208595412,0.10246158228315275,0.19610383378393725,0.11437439900849962,0.2696371928836357,0.19275981446941517,0.33579668929629003,-0.04857605503130528,0.1914600802259438,-0.10712736899005325,0.2694692686861756,0.25771078582235096,0.2077927910925233,0.10570912720914076,-0.037508289738518524,-0.1583859051962084,0.17805529716703114,-0.03457790358256415,0.040898550636733255,-0.11165260371289018,-0.05550436344631621,0.08251756756379451,-0.011685146736658986,0.012313631692291297,0.04978026098465051,0.21332075036541656,0.14633957559775856,-0.010050457308321967,0.16517243720952002,0.27203252262506983,0.28282244382200555,0.36179432437052633,0.32973334681281447,0.19122071690903755,0.3537026090524415,0.16860892638303163,0.18295373170629198,0.20976862995925266,0.27194303499704536,0.26470741066695674,0.5075341669261306,0.6262110914806426,0.5113215664970843,0.1386957516304539,0.5211815633186704,0.38950491816577065,0.379486745429321,0.5209260441660771,0.13165322992425343,0.3709342150144171,0.22104506348578373,0.5146538238719243,0.07401439332069604,0.36701224364556184,0.25061038059252894,-0.06139999278513209,0.1005718919858287,0.14785925708865985,0.05855291109278224,-0.021903958547265838,0.179442001954913,0.13592290337502244,0.03233577297907786,0.11572182210676324,0.2924458657388527,0.19090452560692583,-0.14217675454669615,0.04643268167171675,-0.12552318772187757,-0.005408923817293267,0.028985981229619272,-0.13213795280286753,-0.0055511845764743125,-0.04727958828558227,-0.04162907295462742,0.2946040530838655,0.09340483598332466
0.41667561882387144,0.20338531287672149,0.294663987866185,-0.012202193425267724,-0.04270609852101515,0.2728050092587596,0.333865136798276,0.3344399416041717,0.1866336231982289,-0.23179422897398708,-0.3976351905187173,-0.23820651665948492,0.23527537791185568,0.3269762737406241,0.24142233547905856,0.425527251830807,0.26053294963411305,1.0000000000000004,0.4190303105862161,0.5349800327314813,0.3149291427380628,0.6050278135925286,0.22368261042372448,-0.34085088691007837,-0.2090408392008878,-0.08157780355686428,0.25303161711370187,0.23063481129247812,0.3249918711941156,0.273625118646643,0.3170649075478453,0.26399409711203237,0.0891307487988109,0.7108383108710141,0.6396019810298971,0.5725789762474189,0.052386810877615035,0.21773620178607164,-0.06111397098885562,-0.11722930869925909,0.08511849123211192,0.002417938275556044,-0.24408431538374248,0.02001978942664866,0.49121443932584935,-0.1644826367520091,0.2926321433552201,0.21232864941425736,0.49908671409312,0.16358697759189067,0.46688414738790934,0.24993029278286127,0.37610633986863196,-0.08916917248419416,0.1244546799455738,0.3726873074301571,0.4022469395940541,0.08760319093934849,-0.28694192968175103,-0.1087400044576205,0.009222269982969088,0.1329964074692753,0.12359816550721062,0.36573555342737574,0.2980151640053534,0.2115163375390925,0.5056686894522613,0.32709837302102335,0.5408701528553087,0.8303610177994736,0.4838211460589868,0.43476387633805375,0.5275049788418678,0.055901712612992684,0.09365163816185006,-0.2111601005288715,0.2457288275784309,0.2845884559544591,0.4825751795769429,0.16936517908002505,0.029166747960832896,0.2176667258666821,0.2026832636491428,0.47620735917762647,-0.010400415364215354,0.36283601197499116,0.1226841213666554,0.07594727795898878,0.6322704143252322,-0.09429015038247533,0.06371651293775119,0.059817981731955634,-0.09783185257690613,0.2953337882001135,-0.2370564659129913,0.15112249276315146,-0.19979262642338486,0.41139206425656066,0.6283764819991002,0.2816287074500532
-0.01739104286151101,0.06403870216109314,0.11559008836260039,0.1228903849014382,0.11529009557840038,0.06744212308580809,-0.20657320573972318,0.010092970342663548,0.046513131860783326,-0.026379070211552294,-0.05949808732796082,0.035271229423572185,0.32164948067280946,0.6339992309868663,0.43599684340678485,0.015213139345839904,0.572718884559291,0.4190303105862161,0.9999999999999998,0.22168344860972133,0.5386896649226801,0.4566320598748956,0.28859142031745044,-0.16269783199067617,-0.29383731664864965,0.07870880744501209,0.08821663384485125,0.4766864454941964,0.10542045092131552,0.3540136382604994,0.034159785112888634,0.08521897543710585,-0.0011635877044830437,0.5271917391108928,0.46160047901788337,0.1030092598955577,0.030587961185159458,-0.12561578289160005,-0.31479728257294465,-0.14142236331802363,-0.06906709600085377,-0.1762361975208909,-0.1461822289987658,-0.14263222217074822,0.26804318189236337,-0.08372168160233097,0.22176937998962873,0.2388661171056144,0.06831752423297138,0.03330439660707995,-0.06553784611555423,0.07877799842606643,0.1131172708335427,0.12295389663942435,0.1301705678630383,0.15672414339961627,0.1144182294196677,0.09398152613813208,-0.04318101821587706,0.05945505624769375,0.05653000986099155,0.17199156668289192,0.29080870532976244,0.5207623522513222,0.5749572105111832,0.45201696376468303,-0.019910974644507435,0.722436469853571,0.6527684775941046,0.5581649238841705,0.4385780908858564,0.37368178031041865,0.5495765642011663,-0.025142465152793243,0.13774880902987138,-0.09359007060874315,0.25274638013675566,0.4131317777307247,0.025754033416396455,-0.054458719263988827,0.2480686085546468,0.16881960487057684,0.08680568711286701,0.2810386672973424,0.2966715330315051,0.424274203573782,0.12481287146415836,0.375307751457641,0.23960222703514417,-0.027165606692318024,-0.10383769753134575,-0.29136209315349204,-0.17087494664898292,0.059639587293516746,-0.12084831688057018,-0.056782401034643055,-0.01988704601766575,0.2042155391771756,0.17483634062384057,0.06716596871233599
0.6046284688326263,0.3599104161445348,0.28304053132611035,0.25419111685285245,0.3813019336076776,0.2614463064537625,0.6683682346001709,0.3788268783701064,0.4636084887442585,0.0991211057348521,-0.01755843049100663,-0.009949072081341758,0.4469009782554951,0.2854268351304597,0.26609097178158037,0.5200030391322227,0.2579261807503465,0.5349800327314813,0.22168344860972133,1.0,0.5522191073880132,-0.021752772673833385,0.19350562521387704,-0.0342314876995913,-0.2203098830823302,-0.21680302540449406,0.3828473111269473,0.12882157342852632,0.6826733157164171,0.10212282484480682,0.14044391486398636,0.2541389020687172,0.053138489667015856,0.1638981001191875,0.031535747673980576,0.7318506376571495,0.517343046391516,0.6564967908168252,0.21086242822314344,0.1201296689090617,0.48098812240609456,0.06892899988512932,-0.13769987342987805,0.43513755425332057,0.3069066940796797,0.32135003532264417,0.16977209892901934,0.35762710150906923,0.7628754917075562,0.5948702248521122,0.4629604565897408,0.21141189446947464,0.6098446800897079,0.30600241284588314,0.17362690751960883,0.47347059325618046,0.2532457199622674,0.2416440007943404,0.00566864546330903,0.08033457749846797,0.2192081544359457,0.3834141055507659,0.015623900827744862,0.1301574141316524,0.3180107771738476,0.2762203880099357,0.7124256043670756,0.24399743189277137,-0.01863927007091163,0.38912574239751707,0.6924731536245355,-0.011664984656306816,0.19662711607008596,0.2132802800889218,0.1654342367588221,-0.1572228002202268,0.5485648813196015,0.07113827268691984,0.410384031031404,0.38704730767208734,-0.12197485996993174,0.3131360977641306,0.1555769927082315,0.025663417788815375,-0.060112626148277955,0.08652706897241384,0.4900314924264262,-0.014683102530806813,0.8133669457830794,0.3850137992277118,0.35954288080113983,0.3302888710345076,0.22394956577465247,0.11968057414659908,-0.08368069064610412,0.45534946769704415,0.3843389019239463,0.570067312619701,0.7892703429888324,0.715716433459779
