0,1,2,3,4,5,6,7,8,9,10,11,12,13,14,15,16,17,18,19,20,21,22,23,24,25,26,27,28,29,30,31,32,33,34,35,36,37,38,39,40,41,42,43,44,45,46,47,48,49,50,51,52,53,54,55,56,57,58,59,60,61,62,63,64,65,66,67,68,69,70,71,72,73,74,75,76,77,78,79,80,81,82,83,84,85,86,87,88,89,90,91,92,93,94,95,96,97,98,99
1.0,0.2217646491231135,0.26959818567859584,-0.1014784224624786,0.13477119409220653,0.2647518442095475,-0.0527105603236011,-0.11706095905650833,-0.0708131320417752,-0.09180057559927356,-0.1278159226442366,-0.17118779379946106,-0.05271665586307519,0.07834648354598411,0.01566383426166001,0.1951924116752215,-0.021141135682975057,0.003474937447116298,0.0884048912522217,-0.002187518244147222,-0.10492386737433465,-0.06825914573372908,0.24328582647744815,-0.15592664253132563,0.12105185302857341,-0.0681856569035799,0.13982692913371703,-0.07081337765226088,-0.09731346037870137,0.21046087476547534,0.3108539072935345,0.24768742083252637,0.39024368525181286,0.06968350675251944,0.03602379722738492,0.041482456157046564,-0.03669585793405763,0.26350584339688404,0.09265928230970069,0.10488867479255976,0.011743685114035231,0.055850506299943994,-0.1399412796373264,0.004925101767050576,-0.09281358630459964,0.12246728882860385,0.22919721161321424,0.333259478630625,0.12433351929842454,0.053817744865493594,0.7169293929822302,0.17501690801586922,0.28362175549958696,0.03774762476936819,0.2042356147604763,0.0703249434902388,-0.07688836406213884,-0.028317591000941823,0.027308198017854383,0.02933755396362201,-0.024890805698706872,0.16167875337702167,0.340963526768292,0.3094034541807952,0.07967435046393816,0.10069548166771378,0.11718057464007058,0.1872360448346376,0.15136769557144383,0.12112981041692383,-0.09045303067775096,-0.02239262715619924,0.225646189576849,0.12151858800179066,-0.058540315441140314,-0.06829397589841671,-0.063969509849242,0.3619769782676532,0.3558955388842492,0.39183794473753203,0.10031735299534171,0.029272234418867584,0.11232965109992847,0.22574941137358878,0.16862924186394113,0.1694526997389485,0.07438807635887128,0.17623026126641225,0.13917963403212796,-0.03298006841241318,0.490513595823049,0.07689421304372758,0.07911518345318833,0.025910230252608545,0.09466487019721762,0.06201330124031511,0.15942661314608364,0.23868562064576468,0.007606004442969975,0.09270078637199809
0.2217646491231135,1.0000000000000004,0.7245539498507976,0.7807856271621999,0.8796460457233312,0.7045948738769918,0.6216488393853862,0.5932917568805436,0.5741306342135193,0.5516876029788128,0.07128581591047149,0.41085557801209094,0.3872388413966407,0.46462952333506546,0.43956587778796824,0.7954733768763338,0.3859871275120608,0.552962535157513,0.5586455035098776,0.43655091383491246,0.4655502320198801,0.3060977096881158,0.22728066174538777,0.5385415382976747,0.17260441759256834,0.2494114922609853,0.09054074360685482,0.22043461991246438,0.5833761539001084,0.04722093967660491,0.2533705298880365,0.1959277126057825,0.46668968428801416,0.43969640012259265,0.3774093275672246,0.54768867419717,0.47872587506648323,0.4542269680468029,0.4958310098455707,0.45679254952138443,0.4626944368276279,0.33781089860394764,0.2713414134598633,0.1398555987177414,0.19305639601363608,-0.18070919737058058,0.10972278417811276,0.021871808471488768,0.464643679273221,0.43018622761116254,0.41062559378526703,0.8718360395902444,0.6468825254903922,0.7244060193180997,0.7832772405256059,0.4315635001916871,0.5887921584393206,0.5165175430500978,0.232667960625134,-0.05546327964578478,0.3065648522912372,0.23206741480628154,0.4005570256913702,0.1878278556267082,0.4946619936510469,0.32676334977474997,0.2723508783963575,0.4271636315771597,0.5694845181542822,0.5213508460337193,0.48706912286852483,0.4460064264497772,0.4488572315187809,0.19233495717902024,0.3180014737711109,0.10335343062911567,0.43751171514635195,0.10683111065535017,0.16745945558635172,0.0838158780298651,0.2044805842826424,0.3059292623054552,0.26469214310179834,0.2392187285521986,0.10296519025796767,0.38838037523129765,0.46480031682178613,-0.0680675790420738,0.454690133447107,0.3156775636752068,0.3302443915133417,0.1549883233945595,0.06004414248268446,0.21218893170268546,0.25177177273631113,0.08842932092888245,0.02190492906313873,0.029289148368957255,0.4435470862895659,0.539747292612165
0.26959818567859584,0.7245539498507976,0.9999999999999993,0.6353181336970196,0.6337071054434611,0.7732497984789711,0.6066610316847335,0.674339524174549,0.7173918044509079,0.48319776181274576,0.07563979521205794,0.33206323706790575,0.3403863888881371,0.40294481022185363,0.4336006550366332,0.6599576045363276,0.3708459704879192,0.5301508197337135,0.4243371564150778,0.39765824061555133,0.4566822334415545,0.23914984027726682,0.22248611953551967,0.46474796697766735,0.12236965708739551,0.21636714618257047,0.0915062344266544,0.04594677347310147,0.49228975312793816,0.07029245192378393,0.1608117927831008,0.03745213262555807,0.24138122009377047,0.37040828089350497,0.24522924755910228,0.5025651992462666,0.4087333702929417,0.33712272248003194,0.4807101009491846,0.5284336742388798,0.4091854944339958,0.1512705428122293,0.2141544068867835,0.11250356611382151,0.16442746557667573,-0.10051553776197368,0.15456684703672516,0.034429420928428996,0.5272027346472828,0.4648140926245753,0.4468076701553577,0.7777327408055301,0.6508015656271315,0.6420406668229303,0.7240327606386792,0.6348836745610651,0.6218534467465604,0.6855031498217465,0.10427541078926506,0.0004537494698037566,0.2851724188276171,0.22560835224127562,0.3885279814650228,0.2470830019087986,0.4466617231123616,0.3905088739760695,0.28078793117944206,0.39996137910812735,0.48456446123427827,0.4532497835046498,0.4733407770309673,0.23566633779403318,0.3737100598106424,0.19582537714484813,0.3489026563215766,0.10349635014568127,0.5298306019266299,0.22756259162757933,0.03748565743569522,0.01866258385422826,0.23921276275094203,0.2097816103484199,0.08374727948896876,0.2529449853430806,-0.009349652881874239,0.20914302682416827,0.3270010976216032,0.018207717106612835,0.4252416375527993,0.1971150983517173,0.25286733811606554,0.14498454817385956,0.20573831939166257,0.14994920867151396,0.26852554321688865,0.08574029173902223,-0.03158965794573176,-0.047800384833084936,0.4250421099033955,0.4548510317227158
-0.1014784224624786,0.7807856271621999,0.6353181336970196,0.9999999999999999,0.8302732522056634,0.5782987550841113,0.5947221633959171,0.7139882994757271,0.60623378905102,0.5507400955626538,0.041342884521065014,0.315229749204089,0.23345189290826027,0.4007057669334531,0.36908015889766305,0.640466237197185,0.2949371595607464,0.45746086225582894,0.3932809023586246,0.35850739493528955,0.4652049827544122,0.22482328814193644,0.18453340949713978,0.4757915445107781,0.1584627705218207,0.15906411002116283,0.009704250559948753,0.07429273165282263,0.46868917767655655,0.10947328856408389,0.15670401772317266,-0.05623875767707466,0.22923828021223577,0.3158106596208104,0.14813867770443373,0.4042357964150615,0.4335651762387844,0.25942172951779957,0.46785986542743985,0.42176612027717114,0.37036864625823235,0.15447126186961277,0.15442597875949138,0.024049990653705285,0.042465321549779604,-0.12601721691250095,-0.009202559903588836,0.0020907489884058688,0.3549209129022991,0.33319317284237726,0.1953500458279009,0.7574327128749475,0.6127417310106105,0.8461363065707692,0.6760362831320118,0.417928803123405,0.5883185153912213,0.6234326644978105,0.27635925361983704,-0.037114623929124214,0.22966328740838055,0.10965592627577914,0.2677540927249262,0.09712319338706811,0.457928906013605,0.25374830234476015,0.18791481570545981,0.29626397733355636,0.464066553148599,0.3834747970672253,0.4524331443709487,0.3228367215999099,0.3321608023553676,0.20332015269068301,0.296373054661823,0.1343550591597111,0.4255940049688505,0.18876532782203256,-0.012722064222568918,-0.14456296706539948,0.10783000829609299,0.24968809194215127,0.0779670764325549,0.1552188700617177,0.05052234896921149,0.25553338162819506,0.3810747784632207,-0.021226959759707602,0.31758293328269527,0.294235394084129,0.18218652148729023,0.13842284182785922,0.19530970746976056,0.17281614771142675,0.19593454367529767,0.022044419483794667,0.020399896236844902,0.06704751933135637,0.3046228827304179,0.43257011772701304
0.13477119409220653,0.8796460457233312,0.6337071054434611,0.8302732522056634,1.0,0.6873757860354888,0.5370431989642949,0.6360689295415588,0.559678877049626,0.575669395983607,0.09878143678037994,0.3630990019342344,0.25239880376919327,0.4140988770283009,0.37740734979268575,0.6946829303311106,0.3238791342598034,0.5401818730889143,0.4863426108300163,0.33952021790050924,0.39659251106480264,0.2539615035649183,0.23198387029036655,0.5289264371368322,0.20525951888941243,0.21678259758057605,0.0851506225226255,0.14591141575581823,0.5168443081987195,0.11534755819819223,0.21104686269282846,0.18732475093583123,0.4143478721069539,0.44235875645019146,0.2864477628566053,0.498254728394584,0.4857452619306096,0.4526165407993482,0.42209714423286304,0.39412575724520565,0.45849512308773926,0.2650302324882566,0.20483639888761368,0.04926103628081697,0.15400509492947773,-0.15533661919433164,0.015516798272771476,0.035030336683513685,0.41220515096049676,0.38658884719119657,0.32487713490270315,0.771810428048876,0.5731442468648325,0.7593022089441163,0.8434415601989246,0.4098660972367287,0.636876266203677,0.544855362724074,0.2973787987023557,-0.008727883159894412,0.3012784629447585,0.14761349433580018,0.4206787831322023,0.21631942651403527,0.5217677095944647,0.2797522194734408,0.22304438156761816,0.4251031754847293,0.6173928734374677,0.5200032785161646,0.44014734864172855,0.4371921817679674,0.5191719650375489,0.15157669631491338,0.332677295409897,0.14171668675609828,0.4348679612838599,0.23353407769493695,0.09355657262885728,0.0951444802115197,0.18196768340442643,0.31490888312426774,0.2393793985545689,0.22925582135590408,0.14287281184238423,0.4071913691002373,0.5150517107897743,-0.03846616916532974,0.4151061557712785,0.3329505510803982,0.302816103864584,0.1880677669636091,0.08154430110202515,0.1754338091184298,0.21890467835797436,0.047356814477164555,0.05334350726073879,0.11954153367440434,0.4049299468042963,0.4956989195617231
0.2647518442095475,0.7045948738769918,0.7732497984789711,0.5782987550841113,0.6873757860354888,1.0000000000000004,0.6642275188215567,0.6991079141867195,0.7764820168080014,0.48842458548642703,-0.0006977970332735251,0.2834607086176441,0.2534277762123531,0.30820038957536444,0.37442388277155997,0.6546197013804942,0.2389700382539993,0.6107035817550531,0.3677409764243754,0.40673634555897764,0.3574527133773606,0.12271424035967506,0.3374946277728504,0.5150229634329613,0.18860666055728725,0.12570974963641032,0.036124535421420065,0.0178711286383263,0.5275718164785413,0.1623167304790361,0.19906492988731733,0.1950971469371233,0.3813463718705085,0.44780542055918804,0.19880062768427778,0.6071697148387558,0.26620973450447905,0.30030322794817016,0.42636540955744745,0.49402988365668954,0.41747330389088455,0.20724615938112678,0.055082706979329245,-0.04483351035186136,0.04558751981587681,-0.05154032144406065,0.10676674787575373,0.19425433591228108,0.6242286386270652,0.3428785871938183,0.30990910639323527,0.7052191508655714,0.5441698280036209,0.48840567421477754,0.8285838807376698,0.7594604857693814,0.7022111633257625,0.6538044810874669,0.17350612763968704,-0.04040244000828406,0.22652911918289115,0.05954056204755203,0.2970140262929817,0.14464188329920238,0.40805683649991936,0.3261697101283686,0.3162220728172062,0.27069153878868574,0.48476177750522886,0.5714634134578647,0.44908717670432896,0.2494587460362221,0.519883173080926,0.267267082445096,0.19497055060658836,0.09171278552355933,0.4186935961364709,0.22897855606058704,0.054528242370048434,0.10173482889232757,0.16904034432115014,0.17206336137100947,0.0745102883526184,0.0893520828307418,0.0519177667304016,0.2905582389642831,0.29168571781652103,-0.033415222858411114,0.5048186051039371,0.18943036984026934,0.12450459627175059,0.011832015192646268,0.11013854385988749,0.13288883875143076,0.059369609081098805,-0.07976312149592127,0.03925856064550882,0.15729158719209535,0.5225228338170338,0.41001060696113084
-0.0527105603236011,0.6216488393853862,0.6066610316847335,0.5947221633959171,0.5370431989642949,0.6642275188215567,1.0,0.7300608412618628,0.8063974546973519,0.5011170299328592,-0.060158980265778525,0.3662823197838305,0.489129056758534,0.2893554154597498,0.3886296529056496,0.780749254623863,0.5208670826082883,0.7537347176502879,0.4138575835198694,0.680919928768523,0.5945311068811094,0.4916802071707768,0.2701122246730797,0.6156574945760882,0.10238794872595892,0.25686262658194087,0.023230098995556784,0.13190372018514593,0.6578810881911649,-0.09062858422570205,-0.022241688513382044,0.04134313159015958,0.28983246526503287,0.5766965215633507,0.5449507525794434,0.6252943972821026,0.44188373118881047,0.28706218390030547,0.6204295236000248,0.7166155485617931,0.6544173198235577,0.20073137525532211,0.4013563999420828,0.26360029274134,0.3201047086660681,-0.18382315099141225,0.34679592854849306,0.024103488271480275,0.6131627799178541,0.5578058245485217,0.287728628751823,0.7926714365484403,0.7279844711326927,0.4899571321977993,0.6087134010188524,0.716732327363006,0.6651615109202199,0.6899313848140393,-0.009277697397704942,-0.1348039504404652,0.17188828241717588,0.18759919536915395,0.19031987726566402,0.02761001823113773,0.3339865568649944,0.2691038747450771,0.5006879088701204,0.30345737484247676,0.46278932235767994,0.5325332711738819,0.6328475868173987,0.5021144641064565,0.3485465978550294,0.31922544006961606,0.14292590105885153,0.12954156343556691,0.4748266989063004,-0.07639393499465871,-0.1351100597663864,-0.05773622367195508,0.23421139093368842,0.3516768824448539,0.113831325506639,0.21463860552976854,-0.11578320574026475,0.27350757423193794,0.3288953058454911,-0.09442983457585544,0.5919175522468395,0.31034927889943115,0.15603110461761774,0.22175641660949438,0.2519641025764062,0.16278090843269474,0.23866837131802862,0.1360688076118834,-0.12139222457553374,-0.08755816118446949,0.5321745422991389,0.5703055426269583
-0.11706095905650833,0.5932917568805436,0.674339524174549,0.7139882994757271,0.6360689295415588,0.6991079141867195,0.7300608412618628,1.0000000000000002,0.7772566105144273,0.5442757695373439,0.12321440266505805,0.3645039719638658,0.34505347810251014,0.327961192409406,0.3702887335182729,0.6631000572250203,0.4006479312031904,0.6436770603970576,0.41541610049009525,0.39545906979948214,0.4645758973680714,0.20125471023535485,0.27431666444713415,0.6353992812134313,0.23231985160371293,0.242769154810131,0.1481860588732881,0.08574367187180783,0.5106689640447267,0.09929916342566626,-0.038831919797034306,0.1543161921766248,0.11496093505986768,0.3945044949178205,0.3036039608885593,0.4955428294820736,0.3541197185606253,0.335929883451099,0.5669936234808332,0.5872649389564855,0.38548867651957713,0.20840804870462631,0.2592909461072712,-0.0018020127237312147,0.14826903120656662,-0.03547667056938703,0.06611042930211118,0.008651776906095447,0.45313822016320204,0.3179322773729927,0.23453192966564712,0.7108267945863851,0.5892009219064975,0.6849496750917813,0.6883282557982562,0.6550698761157326,0.8517066227028217,0.8736975492049358,0.037921579252713146,-0.11521171224842454,0.20314160793669103,0.11636934413096955,0.25179159777300464,0.1115047359431532,0.4284645406696164,0.32144203849750186,0.4175984386096211,0.3046447594086075,0.4854979044512288,0.5390995723173048,0.5197750599914852,0.35200927618392125,0.4988010169634434,0.18616577222061262,0.24724252120404072,0.08078153479583447,0.4450936162399692,0.11406283296487328,-0.14146764274008827,0.030504593072911108,0.23758932591082113,0.23444476878812415,0.11882807078483676,0.16691227464372418,0.10348591480237464,0.2657985616094842,0.37636695785480767,-0.03216731820560989,0.5239531307884342,0.3704314070485123,0.0927017387977021,0.13211655060163335,0.14456655432048154,0.08858903399565421,0.2546664114893705,0.06455472627170078,0.10315213730946003,0.04536051489306292,0.43898025332949553,0.42332774688002683
-0.0708131320417752,0.5741306342135193,0.7173918044509079,0.60623378905102,0.559678877049626,0.7764820168080014,0.8063974546973519,0.7772566105144273,1.0,0.5347737514422208,-0.03231952508857937,0.2882491765926548,0.3272732103782036,0.2501768851604421,0.30148449662281424,0.638543617802787,0.3696984929320045,0.6488374158063922,0.32197924455460636,0.5985709803405141,0.516802425356142,0.3003192383645127,0.22559178656623188,0.5717457053506504,0.06181932939211909,0.1659549837714322,0.0584118974513411,0.05793256475432281,0.6660229490114594,-0.018420907093446598,0.07228606475908979,0.04056050313338789,0.2768725579568507,0.4452621107876726,0.3396783555861871,0.7057674582741964,0.40496854224863643,0.2471240227426845,0.44637178024965013,0.6050581794562453,0.5198046556235827,0.17379079379083112,0.2519183487252553,0.15031249109101225,0.21884510456317646,-0.10363630618425926,0.20714202709032506,0.03015344098616768,0.6744466378467058,0.5467235921793672,0.19906442888610287,0.7113561487048959,0.6061151006255839,0.4880621120986754,0.7350541670042011,0.8724493152718515,0.6805140857443869,0.8354744092844707,0.12420122319968234,-0.04214292156346,0.23568901184336474,0.058835015051899656,0.13239630308219943,0.014529533819440962,0.2769715255516086,0.19038659715617814,0.4520558482629429,0.23088411060578182,0.43049292168247527,0.47099078654713317,0.5679810540548725,0.3827849797262851,0.31617709233097613,0.29653567286722576,0.18607708884123197,0.15427209437741737,0.5586822843785154,0.03215053649508395,-0.13782614746774885,-0.042038515235315654,0.2359980062578417,0.25644458982069857,0.009806300863338946,0.12664446670699112,-0.0785772832020202,0.21635976208716465,0.3476899474533436,-0.04714779447557824,0.5934222443164134,0.2702639122352318,0.048893721639946104,0.1223219460860666,0.2065797772154982,0.2053317763989278,0.21664821822728766,0.07216551228016833,-0.052973579856244506,-0.01490181174789834,0.6683534908896612,0.5517755631459949
-0.09180057559927356,0.5516876029788128,0.48319776181274576,0.5507400955626538,0.575669395983607,0.48842458548642703,0.5011170299328592,0.5442757695373439,0.5347737514422208,1.0000000000000004,0.348886793173067,0.6500490514787977,0.316440026092718,0.23982130105558191,0.3098425650490178,0.48001708541483884,0.2224380978313355,0.3323570496385287,0.23733252471515207,0.27761443368050737,0.2948423194722563,0.08963887185030552,-0.04460542952803941,0.5805931995009683,0.4635053267244896,0.2398571898652706,-0.13031242720910288,-0.009627693719567215,0.43290370471887946,-0.1941421149338636,0.24497278789297658,0.1951027276996422,0.24730710816721152,0.11999913057874068,0.0859061797795961,0.39618728077677573,0.3013318144666294,0.5001261292277822,0.3877036954871938,0.4437994785855093,0.3065213072486463,0.4158385680002739,0.26555227260630543,0.14910722718842206,0.14125667158237984,-0.270009996758019,-0.16764581689737654,-0.2580146998212749,0.4255336831999683,0.21256670540781578,0.15772390887619095,0.5832205446785547,0.3829647283808292,0.4752584756894923,0.5338827245202175,0.46228232834874394,0.41421100442842934,0.5075634186841385,0.5082938159232315,0.30858080017349315,0.5093803756290595,0.1280757841848935,0.15153014514727262,0.03710430065940905,0.2939710705844428,0.21438090566713433,0.28775165785837764,0.13917109177416595,0.23782544224366364,0.1896408551678678,0.31388845136916027,0.29999405354588266,0.10587196449457531,0.30914962748013247,0.3588111723144139,0.4697365566591182,0.35232607388742815,-0.044772275170342594,0.009887764661839818,0.11456179894263777,0.047387210380518026,0.11782737690859961,0.12081655089395821,0.0009954468836219808,-0.057985345274654904,0.08178441939370508,0.3003699204956881,-0.17220361203689052,0.2881693737013256,0.2639677484943854,0.1824748215370984,0.4264181440094794,0.28549635845581495,0.35105205777152415,0.18918814567544556,0.07501194101907012,-0.0896772996064093,-0.217197077143425,0.42467664401728655,0.3576757011886262
-0.1278159226442366,0.07128581591047149,0.07563979521205794,0.041342884521065014,0.09878143678037994,-0.0006977970332735251,-0.060158980265778525,0.12321440266505805,-0.03231952508857937,0.348886793173067,1.0000000000000002,0.6879733180148445,0.30282078151446706,0.05124975454180372,0.01841503375348582,0.035781077796149245,0.11398001303231083,-0.046867950246390705,0.122265938778542,-0.20460108957938036,-0.10275849924718691,-0.09092464677951213,-0.26086554817489055,0.33544193916403126,0.3630208374520775,0.36092612388547274,-0.14327584940028742,-0.047063684134405266,0.060095146334426475,-0.24243671168090822,0.1284070654042332,0.2864969106437635,0.013353358469425456,-0.022665837007457137,-0.0963265628487243,-0.08229277302081513,0.006298638211236468,0.2633179097438721,-0.09053871774907166,-0.10039174874710216,0.03961433172830869,0.4493936202545874,0.1862435875497549,0.19435386892685097,0.025606234188293647,-0.06545340019618749,-0.3508081469458217,-0.26261293560023635,-0.02954921940241187,0.022549329366265695,0.052121759106232166,0.02881069696082824,-0.09906375160163561,0.1113627331827177,0.11831806913335102,0.0027943252327462227,0.17816779526359447,0.0974943983397142,0.46239413389967376,0.603616941913323,0.6899560072801423,0.3268958231882851,0.0008266571941201947,-0.024714393007374793,0.04394344084798699,0.042380946608348555,0.07301694065880336,0.10857944183565396,-0.0009442823561397434,-0.05074855300740858,-0.07971775286771522,0.08511871844185472,-0.03994093933222704,-0.09958424304897243,0.5767934385992586,0.526371745046335,0.10192612974883217,-0.2079897773595185,0.23200156575322628,0.2818489132410452,-0.055861561625776546,-0.060224593780148716,0.22115136124321955,-0.11489655594871788,0.003289742632228002,-0.06252802343775384,0.035483758587416765,-0.18299005536128837,-0.08002295130454647,0.10489094487694141,0.13531100072349128,0.21366775603332552,-0.16531192430773645,0.37348627751521285,0.2843100667767701,0.1880491442960625,0.10870670620556548,-0.15351455294255886,0.12265293127940838,0.01984054836466129
-0.17118779379946106,0.41085557801209094,0.33206323706790575,0.315229749204089,0.3630990019342344,0.2834607086176441,0.3662823197838305,0.3645039719638658,0.2882491765926548,0.6500490514787977,0.6879733180148445,1.0000000000000002,0.6678271076077954,0.355686991025483,0.3710074575478568,0.39740373121041334,0.5204125255682226,0.36361191817570043,0.45857312362644564,0.26311511012091127,0.31293785993967654,0.30794646670267867,-0.06989884666114722,0.6315526439611419,0.38505472693277976,0.6219072775779206,-0.17346302337389843,0.02422856857599751,0.4487049973405056,-0.2660312171788963,0.0644749256440905,0.2599161514148475,0.1622708384209866,0.2811927010183283,0.2670997908417801,0.23599954431054476,0.29725497709503307,0.4031818890874124,0.2881717404527956,0.22628987752090873,0.3637722595154839,0.5522264655194572,0.4953633825781962,0.36088396226454983,0.23584807391306017,-0.3757227478678243,-0.13918799497443102,-0.347526635042004,0.26859627962228333,0.25338875050885534,0.04088958106181781,0.4058526751676397,0.20122485782126834,0.2819993269459866,0.33730176230322945,0.2145781753989558,0.4018928977696754,0.3279033934495669,0.38203665708299495,0.46474270440613985,0.6750616817457434,0.4540412351899767,0.2663039014600828,0.11693054805856862,0.3243604799180898,0.2772401471792865,0.23525947092841112,0.3220677936746745,0.2800284952721548,0.258784090027649,0.339580794272011,0.3476253780838831,0.09803968741892816,0.0531615420851954,0.6137724654513973,0.5443825928459429,0.363585402313675,-0.17966925256020197,0.059709146662685834,0.15675166461226916,0.11086655728619409,0.2039321991362881,0.235377947680311,0.10133779083952554,-0.12269725596778157,0.03139041563167358,0.21075626152121804,-0.22771471782407068,0.25151445999545735,0.24915759106876925,0.12299685451842694,0.3566933134827637,0.03178825696047092,0.34127354254763104,0.2865838405700551,0.3257917408823955,-0.15649401456664916,-0.3302126175516039,0.33834090374926007,0.2988510813343579
-0.05271665586307519,0.3872388413966407,0.3403863888881371,0.23345189290826027,0.25239880376919327,0.2534277762123531,0.489129056758534,0.34505347810251014,0.3272732103782036,0.316440026092718,0.30282078151446706,0.6678271076077954,1.0,0.6250620082249427,0.6220632040628193,0.48744200741624694,0.8555419084926039,0.6103053985393754,0.6822765989204568,0.48245672555712377,0.654791546086681,0.6487363871079898,0.12545063768966244,0.522598173646527,-0.020868490715509516,0.5574170783955051,-0.15007828728708755,0.2942849061940883,0.5700392257453174,-0.16624092457101444,-0.004903595847688483,0.15989034840032226,0.19993386832862367,0.5011525328531182,0.6055659566737082,0.22421274504836208,0.3877755517867716,0.2772205058466963,0.3231428948639045,0.24467922897606592,0.35167932563343174,0.3284564960080092,0.5962203285512079,0.4258868802506353,0.3193574492513105,-0.34637750093079295,0.1589336986516758,-0.29337962783134386,0.16306282879372408,0.2641046107554003,0.10018717234349861,0.4895247579131646,0.35005395424423424,0.20181923587417994,0.2971389882743622,0.17376543190399882,0.4292407565012309,0.34637315769778937,-0.1129802335722532,0.06774705990647452,0.3480595651608004,0.793395105885853,0.5215812686692017,0.3312191109489298,0.4469103526703554,0.49290837962232925,0.07019073139842143,0.6181633767314842,0.49991968923460955,0.45062376017315314,0.6446778921266245,0.45153127439987234,0.2595558669143357,-0.031461283667400815,0.4519906003251382,0.18892893874671204,0.509704095453209,-0.06296708876037513,0.009814797163734451,0.0823427226234843,0.25452938480577786,0.27224913294267356,0.18923628228657893,0.339249978010953,-0.21845805832887266,0.061136278930384265,0.2576428056663456,-0.09119292398822566,0.35748595598415206,0.07158877664192413,0.10443838109548803,0.2166455958497688,-0.02168398140383848,0.172530739494914,0.22463385907161246,0.34368274499293017,-0.26439723437809565,-0.33211717720501105,0.16948503359311792,0.2616818894093453
0.07834648354598411,0.46462952333506546,0.40294481022185363,0.4007057669334531,0.4140988770283009,0.30820038957536444,0.2893554154597498,0.327961192409406,0.2501768851604421,0.23982130105558191,0.05124975454180372,0.355686991025483,0.6250620082249427,0.9999999999999999,0.8544568944735478,0.40979441603773514,0.5500989215020251,0.4840199666552366,0.8163127517152537,0.2983960051388681,0.6765640182536561,0.3502905426398864,0.4111958513378529,0.21752124179837018,-0.15814778255044518,0.23910719138858547,-0.09381225451030722,0.28627977768920815,0.4084372174700875,0.2352251955140146,-0.031966939000292266,-0.05137223482661113,0.19983681626971986,0.39271168454841887,0.27846115627543866,0.19179386281115965,0.3455139192177335,0.22978844611019333,0.4644056983596113,0.25534540362058183,0.3072696653696678,0.0015031710668333444,0.16471360397283902,0.0815704454180541,0.013785311567551754,-0.2206045393013925,0.25931007704048753,0.0021248372618199105,0.07719389379770619,0.23357523043997871,0.0385287434363783,0.451371136848897,0.2690717189606943,0.4010842814046792,0.3181240688070541,-0.01727764883324577,0.42318322250579044,0.3201666981499956,-0.02916945351589358,0.023993067831879947,0.13164736774114055,0.5220975939983322,0.7497363412694313,0.7156471296910074,0.781162133260969,0.7551185586054008,0.06464806639853324,0.6925527795607928,0.5715976559551729,0.5022692458137975,0.6483339762657632,0.22186691951323864,0.46589550231499977,-0.049080987917046154,0.3382052642096146,-0.04744587586960059,0.36006937731091243,0.4021263062108096,-0.006315468982902409,-0.08080806678179972,0.17809112715682004,0.37605682499356174,0.12885779974016684,0.2885586746136066,-0.05669126600752976,0.11706862415255374,0.26461768506828826,0.12318730860565962,0.2100579866214385,0.07807256418522145,0.22959274251026707,0.06017584811998401,0.1390442588689298,-0.05505414044897245,0.07457393412045653,0.19717061502584401,-0.11812467429057001,-0.04340006426663528,-0.01982545607554494,0.2548735391424433
0.01566383426166001,0.43956587778796824,0.4336006550366332,0.36908015889766305,0.37740734979268575,0.37442388277155997,0.3886296529056496,0.3702887335182729,0.30148449662281424,0.3098425650490178,0.01841503375348582,0.3710074575478568,0.6220632040628193,0.8544568944735478,0.9999999999999994,0.447284550539075,0.5325096380944025,0.5681212006021495,0.7271116104449259,0.3890922747537468,0.769948290134493,0.3877565150960298,0.3890035889432042,0.3014904167419046,-0.12052441941755698,0.26347493615572315,-0.1496234217081919,0.35432500242643333,0.5586839596409693,0.14278952441441012,-0.010918656523847122,0.0031889009308076754,0.1569977536390882,0.42183808038387,0.33716607461989395,0.18607124029540315,0.3765943951478053,0.25347756673772315,0.4237350441635769,0.28531539971503755,0.23431276408371945,0.08814790588295633,0.16259255488404392,0.14052772653310605,0.10086218939286781,-0.27832747136119196,0.17554498623224588,-0.08610396343543165,0.11775399655560667,0.18774615691125748,0.03495082285560606,0.5003089920568127,0.3017104341717444,0.34732875527973145,0.31732187260649125,0.07316122237639039,0.43330383877093887,0.32790111416610435,-0.0870539856410568,-0.03242162165764439,0.12473400550057964,0.45743740094823915,0.7162684389058441,0.6460632510266843,0.8118052060293992,0.9125557950977403,0.006348346848440512,0.6483715317785743,0.5555182399211316,0.5538392643551799,0.7912138821497561,0.2741451044244441,0.4930688768488049,0.015297665674077164,0.35124739411954936,-0.0222538188740604,0.5305920760571201,0.3411491481675931,-0.07413778095480178,-0.04918880129811672,0.1790364519262679,0.22896994012662428,0.06264825650829653,0.22480737302036444,-0.12076921607384622,0.07322301646025847,0.2293467853696906,0.06233377517258679,0.25603902451806215,0.014822175455660171,0.1822539355677755,0.1280747411809642,0.09648657315015219,-0.07312583417981958,0.017428649877102496,0.13268087054594016,-0.23988435613511927,-0.12579467813072712,0.023311643919285873,0.23247453991145972
0.1951924116752215,0.7954733768763338,0.6599576045363276,0.640466237197185,0.6946829303311106,0.6546197013804942,0.780749254623863,0.6631000572250203,0.638543617802787,0.48001708541483884,0.035781077796149245,0.39740373121041334,0.48744200741624694,0.40979441603773514,0.447284550539075,0.9999999999999994,0.5393615816370463,0.7451646862588204,0.5785059254096692,0.6316534111739257,0.5248755986775543,0.46237896909523707,0.32752505970283696,0.7028986680066729,0.21076035439776739,0.2984590509491048,0.014175079231325041,0.18669989885897204,0.7091132637441305,-0.10073691539601225,0.11714836916191536,0.33388037019711064,0.46671732980736697,0.6934332470422334,0.6246008874539071,0.6655208294225743,0.5044424134228132,0.44558160108805916,0.519305600848965,0.6304787804946697,0.6130635405760418,0.38546480046703635,0.33091630255673804,0.1110374790790005,0.16445489227605278,-0.33956361124205775,0.18987487655675667,-0.09732805670164062,0.471904426452321,0.38246870822375006,0.43575674636698236,0.8369091041126419,0.7594292760497172,0.5622331248958816,0.6795050979261648,0.5443556738890576,0.6595840881406562,0.5670801775875618,0.04592919353547597,-0.1572232611186426,0.2886817898817833,0.2606950772890428,0.4135128022517812,0.17928264258923868,0.4507602063006664,0.32687322042642986,0.43462797079282306,0.4414260619072337,0.6454400787357681,0.6730700005749071,0.5881977164561016,0.6305976619884289,0.5011528190382832,0.3360896908759764,0.2393404483394483,0.155900303949313,0.5196926419436768,0.008628632543964312,0.07303732780570453,0.23305339483032575,0.39470192815084065,0.45183189240491806,0.2723512273600336,0.3342742201361959,0.0468086600993908,0.513837869787617,0.47307633025715456,-0.1967218145090554,0.6716500183656791,0.46411759787923695,0.26723367820940147,0.25115397871195005,0.08118524630463719,0.1567548533803018,0.23593311642566261,0.0181631190745649,-0.1407556189918118,-0.07380115996408401,0.47803090953379623,0.586689138966036
-0.021141135682975057,0.3859871275120608,0.3708459704879192,0.2949371595607464,0.3238791342598034,0.2389700382539993,0.5208670826082883,0.4006479312031904,0.3696984929320045,0.2224380978313355,0.11398001303231083,0.5204125255682226,0.8555419084926039,0.5500989215020251,0.5325096380944025,0.5393615816370463,1.0000000000000007,0.7010406304494032,0.695816931484604,0.5802768505051832,0.7003184661934052,0.8065200027537227,0.2157406257735394,0.5724340992248401,-0.06590569765132769,0.5817604469302045,-0.014460450483766752,0.21509675152937602,0.5672056257123098,-0.12727293562402311,-0.14690083059651612,0.07292303184246195,0.19529715548595908,0.6566650583388897,0.740494688572405,0.2641704255546438,0.4428743473454457,0.21005069775179927,0.31634128545517554,0.3280330222002637,0.4540732514860198,0.1895826276727791,0.6042862138726112,0.3906649338902063,0.3611098075431704,-0.375715110549902,0.23687057815123727,-0.23661465004117718,0.162549622017728,0.31513962550470226,0.137924724056491,0.48231894005558607,0.42817085477196554,0.23988993688637358,0.3095170206733706,0.18537052992267763,0.4377524594989562,0.4280396085681382,-0.2616003055804155,-0.03830540210460349,0.19712997441603836,0.6692024442343634,0.5356217825383792,0.317934344414536,0.42087384972907754,0.3489113583120671,0.12849609243732762,0.6821095403917632,0.6476939587696315,0.5264880675365218,0.6533144887101057,0.5589188886352726,0.3094579380392177,-0.0001809811654917432,0.40090570742554255,0.12835696347776637,0.5862857196324643,0.05319536119779948,-0.14110469616634497,0.0022915758707404577,0.4915440746222535,0.4203853669281445,0.1926677785835334,0.5734627120517058,-0.11870487270574448,0.20147195416926836,0.3260499954012109,-0.020454688082705258,0.45224991362062666,0.26325696480841376,0.09330624799941932,0.14068645792724394,0.02103332045969582,0.011708979985625267,0.2568319628276862,0.36185404583135183,-0.3094695320442786,-0.2856828016583159,0.18545392405582803,0.3434442772975346
0.003474937447116298,0.552962535157513,0.5301508197337135,0.45746086225582894,0.5401818730889143,0.6107035817550531,0.7537347176502879,0.6436770603970576,0.6488374158063922,0.3323570496385287,-0.046867950246390705,0.36361191817570043,0.6103053985393754,0.4840199666552366,0.5681212006021495,0.7451646862588204,0.7010406304494032,1.0000000000000009,0.6844946433553905,0.7733638466709223,0.7117708355214347,0.616800371093527,0.389953469052841,0.6204625567792593,-0.07645886792149562,0.34823015175720634,-0.09420367455786458,0.13728625400928998,0.7034579747814619,-0.07408512295668546,-0.09957723252215776,0.19250228983565487,0.3899101213656451,0.8845850968360395,0.6197624674050328,0.6270601739539322,0.46654806769981116,0.2540535824510536,0.4323502534332638,0.43602715976174444,0.6418682632689454,0.20912092167224205,0.3262975160212837,0.11046400744331279,0.23325076639311748,-0.3781329483682556,0.25295281361847133,-0.022587055830729716,0.44617952751970397,0.47934580177446107,0.13921729279563105,0.6526831169724622,0.536877117993099,0.32223133585143143,0.583478493717677,0.47400822830047085,0.7001620088672278,0.6013830873752782,-0.16542560426224776,-0.21418005850908045,0.08942967775347302,0.2951846261607289,0.48249914366511076,0.352699643819798,0.5400045769916153,0.45210456697313395,0.2051571978191076,0.5946658930333872,0.7918793259837962,0.8644912452194597,0.7846760454502603,0.4919510963893822,0.5540224576556056,0.044765675779170636,0.23055261833502186,0.003483657489283199,0.5600302295465417,0.0627233669657008,-0.1340788980169279,0.04817875580655679,0.40460898131299605,0.5271162989349562,0.14592455819605873,0.28957436623951677,-0.11280753109766281,0.38984303278162713,0.40105824602355716,-0.15095656426574344,0.7312500951900748,0.27157067354436165,0.04003392547454413,0.0726666942000716,-0.08077628259172964,-0.048855174612665454,0.08635307495494242,0.03604573559299505,-0.30624606135056937,-0.0893225858651803,0.3846792466107806,0.5075650619385543
0.0884048912522217,0.5586455035098776,0.4243371564150778,0.3932809023586246,0.4863426108300163,0.3677409764243754,0.4138575835198694,0.41541610049009525,0.32197924455460636,0.23733252471515207,0.122265938778542,0.45857312362644564,0.6822765989204568,0.8163127517152537,0.7271116104449259,0.5785059254096692,0.695816931484604,0.6844946433553905,1.0000000000000004,0.46817256153910036,0.6867570623469867,0.4749764903364289,0.3619208609973192,0.44188028356649023,0.03336427524851119,0.35194586935457595,-0.0638299936989615,0.25660630524426636,0.6073477699260925,1.7424422322174132e-06,-0.05976232232388419,0.1815039601690889,0.28344432484580945,0.6529543058000044,0.5154880614873064,0.34437575537634624,0.444355686148889,0.3221649723898071,0.4782631918552551,0.2883201514964707,0.3915311993260635,0.2455717081978471,0.3158819081347991,0.12490723325714997,0.14896610240623787,-0.4102668285287938,0.18527974048495308,-0.12313706485174815,0.1449399861962577,0.31490051906225747,0.09642723054171835,0.531661288606774,0.31393790770379043,0.36275623974154536,0.43793860119658334,0.12363249965785439,0.5510578521858291,0.34152875116244835,-0.049297868240026715,-0.03990302452579602,0.17254832671813372,0.4812052360630357,0.6811833400300905,0.611289969038683,0.7626414019252418,0.5954646414622887,0.1269395385660357,0.810600375815104,0.7766063714756448,0.705905090641423,0.7434276933680722,0.4305273317868292,0.5422714534143802,-0.07989629703196138,0.3593642467374832,0.030104462130684087,0.487118365540147,0.16880817394141384,0.07959928565703019,0.09851774272178282,0.36163276250327153,0.473597314342437,0.28852785733530056,0.35044624196412005,-0.01640415260252772,0.32799361007720007,0.4063160800067887,-0.08338974448758933,0.4148783132709499,0.21213450719100924,0.16590625138995976,0.10558092955522498,-0.0661653890666724,0.03216906841307133,0.15429023256458116,0.20761192814189297,-0.20726256019852538,-0.14676755303669353,0.16718223210456126,0.4191295311030889
-0.002187518244147222,0.43655091383491246,0.39765824061555133,0.35850739493528955,0.33952021790050924,0.40673634555897764,0.680919928768523,0.39545906979948214,0.5985709803405141,0.27761443368050737,-0.20460108957938036,0.26311511012091127,0.48245672555712377,0.2983960051388681,0.3890922747537468,0.6316534111739257,0.5802768505051832,0.7733638466709223,0.46817256153910036,1.0000000000000007,0.6395127230189455,0.6101118841030507,0.2800377405791149,0.5069353502934308,-0.18073103551403075,0.2705252865744552,-0.055519610818715516,0.1153668961839922,0.7215131047707137,-0.20910033376893092,-0.14631294807314307,0.07248752517538565,0.3332565831838295,0.7215169946085864,0.6062526822539102,0.6874567550025849,0.5038365621199463,0.13392020039232577,0.29890004347166865,0.4380913162982466,0.6683159595488198,0.14722180268944157,0.32078268962960516,0.22409828101543058,0.2571142292141582,-0.43728549463205113,0.35670906861779156,-0.03520039029298034,0.5153340858130744,0.5768077187755524,0.08249039679208851,0.5514491326105612,0.5064104424069213,0.18587558755699538,0.3735265404109763,0.4487562362254958,0.3440056976391659,0.4723605806038386,-0.224440195339041,-0.24581657993634307,0.005246313901731865,0.15541622488709173,0.22110209420331456,0.11700533189205689,0.32797432350642514,0.21198742863143333,0.33006563841505876,0.3265527719687124,0.49198702601988453,0.5702272124789646,0.6756167977242769,0.450564295578767,0.1689053976669551,0.1392949612283101,0.019427597718560608,-0.062127550714991625,0.5167599161267894,-0.14220232757020013,-0.29482809685694583,-0.07619776051618983,0.3518173824021184,0.5497462745488494,0.023744273634484128,0.18921476773736545,-0.22414685159567393,0.2685601747562305,0.3706601755159041,-0.2035574965783612,0.7568444146795753,0.31593441572774494,-0.027966652247713348,0.042594593014138524,-0.010459166833658357,-0.12234281649775358,0.013129945297981121,0.06256562865092159,-0.4032416227177601,-0.20613537885338698,0.5334819116946163,0.653898080797488
