0,1,2,3,4,5,6,7,8,9,10,11,12,13,14,15,16,17,18,19,20,21,22,23,24,25,26,27,28,29,30,31,32,33,34,35,36,37,38,39,40,41,42,43,44,45,46,47,48,49,50,51,52,53,54,55,56,57,58,59,60,61,62,63,64,65,66,67,68,69,70,71,72,73,74,75,76,77,78,79,80,81,82,83,84,85,86,87,88,89,90,91,92,93,94,95,96,97,98,99
1.0000000000000002,0.35322913081948515,0.2488744992647075,0.04846789456513817,-0.24553115879426288,0.4482714912331576,0.21790399143754324,0.30887273581931884,0.5253854359471355,0.00956522633980339,-0.18518343642544222,0.18952789039751888,0.01789737563751939,0.11996631091130935,0.2036057752241893,0.31233093727206346,-0.2508584893519858,0.4034403449974399,0.04420081948849018,0.47800041221490014,-0.16199461316460892,-0.01882815207818986,0.2308730871245702,0.05561296467757062,0.3399403145400599,0.03086735401012544,0.3025087040869169,-0.12179136394498881,-0.09810429917944047,0.3330356939737928,0.34379470800192563,0.6076781698078173,0.2006529230464759,0.11412332859653772,0.12739171978328756,0.38408037109933174,-0.11787484121970694,0.3721924072912519,0.31953006931363065,0.3267364481530233,0.1006571004715021,-0.06326146903918745,-0.03448711811826777,-0.046277369588013276,0.06119987399639767,0.23701876066650807,0.15957415629271282,0.4067040979579197,0.6590636533792504,0.0789040226941183,0.5147489904435958,0.3493378730625001,0.21179476291898588,0.058063031246444005,0.39050881228872514,0.4656714841042223,0.35404882876253146,0.3176956748882216,0.007487489342418084,-0.22696855726083473,-0.27239171242915305,-0.2954150920681002,0.029641357475084614,0.011086389296310662,-0.05293999776771875,0.24965967134969394,0.1693855110835018,-0.23728313092405254,-0.21706931765292892,0.12404649925137254,0.11258756898132588,-0.1642052102557917,0.23826722681170706,0.02889904154759216,-0.1891539048078315,-0.26089689404447053,0.13313619143926914,0.1307209323645265,0.16505751717912837,0.3018895806883083,-0.2682094375057575,-0.10812415400012743,-0.07472924602845896,-0.17635989991931483,0.11776187853370376,0.04780308296478091,-0.13056816797077528,0.046867164694369974,0.3471921663228813,-0.3027236834288828,0.08271203570705873,0.17435292311645145,0.09076360546907423,-0.056876028912224444,-0.43804942387377477,-0.08924350776275611,0.23909538556442445,0.36377753508305494,0.6504984215090238,0.1786962264662078
0.35322913081948515,1.0000000000000002,0.40996400472687644,0.1352833674044336,0.007215375421066002,0.3244528211096785,0.0819419233629181,0.23992811505455142,0.4429150046732799,0.32005969921623395,-0.005228556155782176,0.33919717618769496,0.1395174690978745,0.05542571322820204,0.17284320554693067,0.5226754157982529,0.0688139857668632,0.37699005703126115,-0.004657001722156253,0.40303990437479564,-0.026993990836083566,0.1849849631390095,0.10359286715118024,0.14353511500696256,0.20456465809721147,0.16301538165516605,0.3611152059166905,-0.08807776393247059,-0.04398699122467153,0.23013307027496363,0.3538427037048421,0.4965654576582239,0.42124332679764676,0.35953141105549924,0.2667061389899486,0.41716456004142277,-0.06712415334112375,0.22237326928489648,0.302234658376412,0.30459384909882786,0.039586387072610585,0.18907528610982088,0.1131163268690827,-0.00686529643601716,0.11972523943263699,-0.014258346929837124,0.16436627512183957,0.12059065211403516,0.3288105498547433,0.023538928188328336,0.28836736048761075,0.5512608196440731,0.27112666883782993,0.3556834601581206,0.5459208921353861,0.3174787201698504,0.35706279228057247,0.4779559296175043,0.22937348017084583,0.013512028998043116,0.07373247301961647,-0.21242265791923107,0.009938232152442902,0.08280871179913825,-0.18375097094345563,0.3031153422285682,0.09457781729778894,-0.06869961601926737,-0.016865834479633354,0.2655198891654297,-0.00286097324451975,-0.0005585971974409339,0.00726943066867669,0.052526065953601576,-0.027327535629239706,0.14966646563258568,-0.001704783471162061,0.1550233704155649,0.24173002604530022,0.32613932276335184,0.026392428033710724,0.015170187764984829,0.046354923148660555,0.017131436183570665,0.15802052873500672,0.2706450672826612,-0.06507016695880011,-0.08475841086092772,0.20842873770165876,-0.1626598516765236,0.004755187911577399,0.20044390187753264,-0.025325251721867094,0.11853334066022898,-0.13188423813877617,-0.08759435970041735,-0.08903619015620014,0.10240504653475618,0.22268923786983627,-0.03202639163143746
0.2488744992647075,0.40996400472687644,1.0000000000000007,0.05636093406682988,0.05022742022090971,0.4839146492811282,0.23517831817105586,0.3817473846591519,0.4794388729276243,-0.04732347858649404,-0.24567130150843386,0.15396458373897445,0.11108901420398702,0.17067014782082157,0.41269260781918965,0.4473735643842453,-0.12922030979816387,0.19257755598299212,0.012904701835222058,0.4635163197441988,0.040226733620583335,0.07922338054744578,0.4254699995001202,0.047000697817856596,0.12440100369656686,0.07367499467528685,0.3211646833633446,0.1889682650938312,0.1682593353854364,0.4412706671061743,-0.03656062178485244,0.11116282248132232,0.18827274481627274,0.1053205386554016,0.22456957253827825,0.2467654303025634,0.04697874480483519,0.06929941979517458,0.2599395557691338,0.29942858214408413,-0.15986476872498231,0.051256098318655754,0.031043187240710233,-0.3185615911443177,0.18587362512397762,0.18927859152070772,0.21330857588149132,0.22884903840671977,0.30236643150808046,-0.10066671209899199,0.059113482607031635,0.5152136614407627,-0.013223073920677536,0.013190399001914918,0.6165875097628023,0.5437576054926538,0.43739027935854485,0.5350198899676438,-0.17389097511325943,-0.3425080674514635,-0.17369335813697345,-0.14930750437188994,0.40389468507998094,0.28631497021661073,0.18562049401261815,0.4447055219810108,-0.10903578423248171,-0.10297059464559911,-0.090327482757234,0.1724140049249521,0.14770795074016807,0.18873089272427399,0.2542186088415384,0.0016449411201902827,-0.2049967098746417,-0.007512376987578258,0.4500743783918391,0.5314036174733817,-0.10650884455360636,-0.16654726179672993,-0.026142676693304136,-0.19142444982342918,0.18432895448634573,0.146271247988758,0.09382875387646823,0.26874546609672034,0.04296574685115258,0.1573326307815417,0.29498944017351364,-0.25170779176501656,-0.2289534198105915,-0.11774417189293536,-0.2615367152222395,0.04511670203264882,-0.034409083544375385,-0.002385351776888938,0.16501730831699415,0.16561233508600184,0.0858037978030787,-0.05355918053340395
0.04846789456513817,0.1352833674044336,0.05636093406682988,0.9999999999999998,0.46621259642703006,0.10650757272486892,0.46048524791056183,0.7651659853060104,0.3062889414237149,0.07080388218690588,-0.28800930347051734,-0.24651499710731903,0.026133762319008328,0.06735832290358654,0.02270860199365824,0.3869044149387519,-0.16644184897751926,0.050045012146916035,-0.11450627910039714,-0.003131777755338934,0.09240011345797879,0.1436049631563066,0.12252897872122472,-0.1555746397610554,0.049780850901605146,-0.22826908679404148,0.04023865568829827,0.060868662770378695,-0.1278937896172111,0.12893349914334876,0.11692383681364144,0.27620979182964145,0.247431061745796,0.17498479411514756,0.06271359491055177,0.06147002913113737,0.0814026790316532,0.18290667387570791,0.14033021383556896,0.18801860615362115,0.23805349618324695,-0.05839104517359309,0.028218110425696722,-0.1416369139846419,-0.021082715855779255,0.040387165271317714,0.12018613312335762,0.2308671899820113,-0.03564981951248748,0.07708347456676184,-0.2645101436667049,0.11844561946338353,-0.125094037139187,0.6607297512862509,0.19903693118845645,-0.05997286259555084,0.1381609541498945,0.4295887454230896,-0.11526387325343664,-0.15741621970065217,-0.10636174188389265,0.07641983079274214,-0.042869141637311814,0.025190394477713887,0.02368497456301622,0.025938386202797828,-0.19911425398449917,-0.15764490711575535,-0.18870960101261952,-0.019575937631542823,-0.3005893692302585,-0.11877966359539127,-0.17536638713189232,-0.16241754458840726,-0.1550436291762821,-0.08417780007919258,-0.17702589186172474,0.022989679393889618,0.11555079974977074,-0.17159837493968336,-0.16821090887963674,0.02596915254741569,-0.049384121353348194,0.20781468697786354,0.2576088034559764,0.22483137328293754,-0.015443106964655097,0.1963035593700473,-0.15616041720521054,-0.14291435225464666,-0.489503092524993,-0.2726061536998686,-0.12733980647953067,0.04607761705772327,0.067943977964921,-0.19121587504651397,-0.0023942615464187787,-0.1721176535734315,-0.19000515435529705,-0.08878127679702322
-0.24553115879426288,0.007215375421066002,0.05022742022090971,0.46621259642703006,0.9999999999999998,-0.025182997772502012,0.042943508854765236,0.34516354475169325,-0.10964088777721534,-0.24421618122581243,-0.2083130043151306,-0.26369337522534203,0.08128936512187084,0.03968690597738497,-0.10592774181245898,0.052640255906038456,-0.18675707016325777,-0.027049446252924606,-0.0008913678703465652,-0.029769871776253846,-0.060186564665096906,0.09612377646708135,-0.0006214476951397792,-0.42558355923471,-0.3416590548458503,-0.25023504391874607,0.05212203014780842,0.34208591778604414,-0.015554250193239959,-0.05433180507096911,0.06397647093141272,0.009504987252614385,0.15103784277536295,-0.04364652490388814,0.1720020807404636,-0.08407851214257324,0.14818966630949365,-0.08187503241162639,-0.09459069912322701,-0.22239604203253846,-0.015209122490596085,0.1026471508754472,0.1047438293562476,-0.01393654444570401,-0.0327486978424562,0.0726122463902137,0.19711259425058755,0.12060406055642213,-0.08902756333166474,0.17790957228924956,-0.028622971951168325,0.0374526309811523,-0.15811534880890749,0.5035618026726041,0.13448306652665346,-0.21908148937413743,0.04239227257933002,0.2889467106446535,-0.28786692482643234,-0.19801423534355475,-0.03913319652897102,0.29284914290625835,0.12359682905372488,0.036220662916774074,-0.09840787299283303,-0.13371789547719443,-0.3220463061573684,0.14034410116351503,-0.032282174533114015,-0.05274048686261571,-0.23083699612994293,0.185721584240186,-0.10427665419104981,-0.31934542106253716,-0.1796546127964146,-0.06408991561058446,-0.17266333203000164,-0.0078037163508167,0.1470026032047935,-0.21197719497332226,-0.0975173595049757,0.06340204570296211,0.21287604949127326,0.15931590982179647,0.10205500882241314,0.18607239699083578,0.11778433230845352,0.11265585427594448,-0.06674612541359874,-0.011350238260433144,-0.24630655716759348,-0.29625023963727565,-0.36678953382655705,0.20817115747666984,0.20794380257073994,-0.028509230200377555,-0.044286259187640814,-0.06735444555956527,-0.2515456641495633,0.0021828675799204513
0.4482714912331576,0.3244528211096785,0.4839146492811282,0.10650757272486892,-0.025182997772502012,0.9999999999999997,0.2634111384413162,0.3842429097468671,0.7271778972222998,0.08470213788582626,-0.1712274088104157,0.1266445887569598,0.07437928541847603,0.04043708084465818,0.11352942232731264,0.24164172358288116,-0.28435560762553214,0.16727052429136696,-0.23182621915441998,0.32883579199854346,-0.16728285415281574,-0.12233020152984724,0.1110405388852925,0.11722843101944479,0.40875203040355107,0.021521182710325215,0.04148883294003326,-0.2805720181466409,-0.09666521426707081,0.18332006697067935,0.0723627514659617,0.2096488254588688,-0.10292688632945635,0.012529251229030735,-0.0019542403118126116,0.30811763408987664,-0.21385782483620466,0.19923246076375414,0.43965958034605046,0.3993853509617163,-0.05642872389357931,-0.33215311820724525,-0.1874994159250965,-0.32618001130917035,-0.05995672970669185,-0.09434882965115428,-0.03071674729646877,0.02149908530732278,0.48717440846877347,-0.12530770796080004,0.24596903928373196,0.5217989211378922,0.24531931986144034,0.10385451240310359,0.7700987647131667,0.7910101790926015,0.5163868311995321,0.5378087983090609,0.05190032460094401,-0.4466383900479892,-0.24020393302373386,-0.18465378901604973,0.19163715008991367,0.13972120434031116,0.1471864768622156,0.23395490564246704,0.26764971125305287,-0.3009768925498011,-0.2060166845506585,0.17659193179796795,0.03322128150003645,-0.03134624091249946,0.25634566997152336,0.16733614212297573,-0.24276371732052088,-0.13791480847866155,0.17260787868542793,0.20265266569673507,-0.057486414164256296,0.0009521656636986306,-0.2105860673161999,-0.2019070549662559,-0.017594566527785137,-0.06642980518297142,0.09160307685902437,0.10859938709725159,-0.08542019280453968,-0.1157922362172774,0.2696197223795896,-0.3492865773421699,0.023915303603668503,0.08080503245411684,0.1797535971021069,-0.21060935304718445,-0.3539928736084795,-0.27106404992086724,0.10611618114997201,0.16032071342582035,0.4291460737915326,0.04889087849052648
0.21790399143754324,0.0819419233629181,0.23517831817105586,0.46048524791056183,0.042943508854765236,0.2634111384413162,0.9999999999999994,0.5084468060525443,0.4014254336056339,0.24165675873186931,-0.16526331359709157,0.11326174175235297,0.12468721439156381,0.3065051280903404,0.4018474324080877,0.6734975432395423,0.06990019969837698,0.36356442071339146,0.14761710183082102,0.3937505448953427,0.4970283530803461,0.2353664656262324,0.49705224197906733,0.32631294548873085,0.33038844759211683,-0.0295555074334037,0.3105084159916809,0.12093754876250591,0.10273839604563989,0.34426905613907327,0.11975099842477363,0.17132656727727655,0.32261936857478696,0.3447317653274557,0.25297276257874046,0.21262645064175312,0.175503603900816,0.46360337446439887,0.520211499449667,0.6307621600211735,0.38728021948723235,-0.010199319043873112,0.09536115298707579,-0.1573041947514361,0.02288709217517059,0.2607224046481576,0.2877872511260541,0.4419316839346637,0.146985900977572,0.07853272137423958,-0.12008274943782092,0.07199339964002878,-0.10289680660575004,0.11819222668305815,0.22201554082572453,0.12621492603317772,0.19582605664055883,0.2339093681077606,-0.15608670882705675,-0.3190110673201906,-0.2710165443493002,-0.09245174763856868,-0.09928691402416727,-0.02419518156411551,0.1292909969637935,0.2729395869494368,0.11949134128169353,-0.07567140318103305,-0.07475068615513326,0.19238375800603008,0.21106060867198165,-0.047649236865479505,0.09088521727823858,0.1718138011429185,-0.1310824104864162,-0.1386619243966569,0.13058891636723638,0.23339299387039578,-0.0073790468112556774,-0.28746368628523555,-0.15152428347107275,-0.12347893360843534,0.058668459698112095,0.2742719592301934,0.2761526620912691,0.2035329783834406,0.05327921128350286,0.18958155749910918,0.13599559820753854,-0.18677655181437344,-0.38207848436389824,-0.1576937776215123,0.08198692502202685,0.005636152699279038,-0.016140060391585272,-0.06523553885969302,0.2042748105432379,0.029457064761488544,-0.0001834202343427773,0.0308882678191692
0.30887273581931884,0.23992811505455142,0.3817473846591519,0.7651659853060104,0.34516354475169325,0.3842429097468671,0.5084468060525443,0.9999999999999998,0.6152470072815768,0.04323460339000119,-0.34137740623070617,-0.14689661054094855,0.09838529052773733,0.07154751383988026,0.17587328078315412,0.4408297335184309,-0.2521256546131199,0.3060276286124177,-0.18859444305844747,0.3307357136592603,-0.035002409054449644,-0.015192478270123265,0.19225162764593268,-0.11260093589159967,0.16036947566550278,-0.21129065858843937,-0.00678440757269913,-0.007653425091756163,-0.06226716773799091,0.19935450524125767,0.1376555456474627,0.33260867009038086,0.12224219017563705,0.1764335580974761,0.08429574560913267,0.2251150439468072,-0.03986158748019146,0.09388757416140896,0.14203334186306754,0.3108848157870003,0.10650136039528153,-0.1467658027551552,-0.06951757690859613,-0.3052637102194138,-0.012794801408924888,-0.027102229661981083,0.016987541991392126,0.2494299679901193,0.26045332994975845,-0.05937968109197311,-0.045093626644836717,0.40561560626720594,0.022285461102030397,0.5469019118361619,0.46602815028073874,0.3547369702835419,0.5724553845149688,0.7453575471589966,-0.18776791791835049,-0.32295225092547497,-0.1910316184369165,0.018999752683630904,0.19257230847099632,0.19124784111110185,0.018677533723043357,0.17228666097371076,-0.06451772276265542,-0.24527996982389438,-0.2499032601059623,0.09966951953146101,-0.14336795105830963,-0.1111939651188165,0.10910805183091106,-0.028173032854151382,-0.2523010024045101,-0.19517562508487266,0.03160381205332758,0.19351568921159315,0.09415774731023015,-0.0836486618402109,-0.27789847738826473,-0.09481685033648886,0.02074222728672314,0.12843402750895225,0.12823118716411114,0.20881075012794514,-0.09781706039442055,0.14857611943891086,0.10002880401289116,-0.2944967773441401,-0.3758242045244125,-0.21782681377981927,-0.13244189377519403,-0.07710112020275045,-0.09636998025478159,-0.26689287001492296,0.03503655516864676,0.016119697495776592,0.10202840850332791,-0.10184582286090228
0.5253854359471355,0.4429150046732799,0.4794388729276243,0.3062889414237149,-0.10964088777721534,0.7271778972222998,0.4014254336056339,0.6152470072815768,1.0000000000000002,0.20501912036346204,-0.19974869339588588,0.14186062279742945,-0.008192192478684596,0.04443327729871871,0.17984022675564704,0.42037499802632694,-0.2785073265678711,0.30691135531888275,-0.18813827317328327,0.4363131010469442,-0.10682380686756943,-0.04751388123671799,0.18832739430083426,0.19309205251312803,0.5008413829843864,0.07813125643605473,0.2300386235773734,-0.22833551891409573,-0.18331139634782082,0.32050829456531915,0.2404249480842731,0.411531905000908,0.007019569806022402,0.2452129782986183,0.08401612812996685,0.5059498827117669,-0.11962080987707063,0.3054572280403253,0.44209510697104853,0.5559514134494431,0.1682808472133815,-0.19888790818457985,-0.14308256390308602,-0.35501962031770434,0.01572232492280356,-0.06463262643745755,0.03816181657649303,0.16781005976333452,0.41257806762778904,-0.07802568273339117,0.1099269831069331,0.49629038061643754,0.2868423631983366,0.26058579681889976,0.6761682257803489,0.7162785245735415,0.5725107300059975,0.6666132545512979,0.09646782612134966,-0.38530045558557857,-0.29649721224539777,-0.3461696860126402,0.09576616633052534,0.1446632832481192,0.06695705606928787,0.32328178018454623,0.22590064473111124,-0.450062261514302,-0.17531420691386468,0.15990815179716322,0.016507698715294596,-0.12529380685665245,0.19716261928210008,0.2385243543190986,-0.26965880849543067,-0.1213133404406965,0.1676760493196891,0.18653632229511696,-0.018751901043267422,0.08781094901824354,-0.19817680804523882,-0.1690164581874529,-0.13621997600405655,-0.06391648105425621,0.12702653540069683,0.10104217431181085,-0.08164945381521246,-0.026758480252119913,0.23216826338344934,-0.43493383058573104,-0.03065182004832475,0.11480569567703008,0.20266211673563608,-0.20950787548402666,-0.34266163001480643,-0.30491086644581805,0.08084027539574586,0.09076297976841771,0.30584771542398453,-0.009224497377076493
0.00956522633980339,0.32005969921623395,-0.04732347858649404,0.07080388218690588,-0.24421618122581243,0.08470213788582626,0.24165675873186931,0.04323460339000119,0.20501912036346204,1.0000000000000002,0.47308783830250356,0.5216948682974705,0.19103430274536487,0.2376365219129621,0.023342635972375906,0.3374213170587723,0.528283599835197,0.19062968093024343,0.11480431457740455,0.037547122654866726,0.25568519886100033,0.2284070609981242,0.036257564361577795,0.5812290513701012,0.5712973620356656,0.41512344176812743,0.029574762099839794,-0.3373729245808899,-0.10036153769248266,0.03888922470900396,0.19291208854002273,0.11592970785115825,0.22079484805595104,0.43038363613910263,0.025068206442845496,0.14720736896671294,-0.1433097750621276,0.1771926275112971,0.2146216776256289,0.38907801054306157,0.2196520516553348,0.2381420916331914,-0.0005307672219716123,-0.2254079421463999,-0.10422030249262546,-0.2888783935539995,-0.12403814745327574,-0.1341273878082838,-0.08589302750299782,-0.1567463428564593,-0.17900290843179753,0.023070152660063188,-0.06259133804500663,-0.06057862227100088,0.15349689685188095,0.0716144254637278,-0.08169410605941117,0.06297651052631188,0.4648628738022574,0.2627955605771298,0.2136315339113115,-0.2301873204254153,-0.2741499500136414,-0.2347310436115268,-0.16903560090339656,-0.04031162782115275,0.24667146011383648,-0.17582656923268666,-0.0187803895160317,0.09751272675183546,0.048255325392096884,-0.18331871489034102,-0.19877800219870992,0.387346932568076,0.29812766642862937,0.4355037963774802,-0.09951381242781566,-0.11127859535593794,0.1125227623058329,0.1994334694524398,-0.005007692936812687,-0.16627207618330736,-0.23133355319162957,-0.11788041022408988,-0.052014764955753454,-0.09439565263185641,-0.15165863220232076,-0.2600336375383571,-0.13097883313096326,-0.01635004602320983,-0.032475355107581,0.3639504516844424,0.4203200472228632,0.00270173586331844,-0.06953468107333834,-0.30278964897472793,-0.3042464082933728,-0.23424758426233094,-0.0815454760260194,-0.15170931078009176
-0.18518343642544222,-0.005228556155782176,-0.24567130150843386,-0.28800930347051734,-0.2083130043151306,-0.1712274088104157,-0.16526331359709157,-0.34137740623070617,-0.19974869339588588,0.47308783830250356,0.9999999999999999,0.4922013820987341,0.02952431981266143,0.15091503988655458,-0.20992338017322665,-0.17144052338737356,0.3621867516483308,0.0081418057049688,0.19813494913261206,-0.11589479269809187,0.12917828806360565,0.09379125801979507,-0.2184281042731626,0.303979389287657,0.05858550674532669,0.3321363536940187,-0.07634794787849804,-0.2792503837350999,-0.08898520031666086,-0.10152157234301736,0.16308906877635793,-0.1510804633401119,-0.034478937717118255,0.16766469191783698,-0.09239081733497753,0.08939048303030549,-0.12700753162414302,-0.014425588489003884,-0.025325810599259816,-0.08472297223037488,0.21209166940517235,0.30964314475347904,0.09570975470282794,0.11806181384375691,-0.058563309588435426,-0.16882474997547262,-0.08890730429187747,-0.18445123675866332,-0.18051745039117034,0.0972334088387271,-0.11985759593695758,-0.02049818172795649,-0.0473120934546081,-0.14060249267056502,-0.18800632900102654,-0.14178279927735465,-0.20810003156350051,-0.19037297314865823,0.45887448346470927,0.42254945592396764,0.2072721487307082,-0.09070318386341258,-0.1844704658355327,-0.11453564364847153,-0.1497452017488517,-0.23660867543728795,0.2937309080391597,0.007166722509896435,0.02392119789595673,-0.02258318350093117,0.05386182895095095,-0.10529713302555364,-0.17232625281451744,0.3257625926831523,0.24898712775201154,0.3358202794809217,-0.09071920714048314,-0.24446272007725867,0.1158295171582465,0.31230488847935106,0.03592738173265897,0.04354004383011441,-0.09195664764041943,-0.2059894406639993,-0.1525359862019636,-0.23371150150787368,-0.028652347158935068,-0.23666772579107745,-0.1202663976458395,0.25818011716769235,0.28968329284798533,0.4743886295283295,0.44363735822077305,0.13208724634077368,0.06666861202267503,0.013521017935415632,-0.2253012800114602,-0.17147799166969302,-0.07047297043151235,0.09339603669568675
0.18952789039751888,0.33919717618769496,0.15396458373897445,-0.24651499710731903,-0.26369337522534203,0.1266445887569598,0.11326174175235297,-0.14689661054094855,0.14186062279742945,0.5216948682974705,0.4922013820987341,0.9999999999999992,0.31972091477788933,0.3514560899868774,0.24007289880850738,0.22518750303165963,0.5518892658721721,0.21096592482512797,0.2618270639672696,0.09189044436041333,0.256434566394595,0.15390013627308102,0.11013624982208037,0.4962059418147184,0.3242677652766989,0.6345230814437179,0.2355689929884607,-0.2290038365599955,-0.13264600480121835,0.2435753128633061,0.1745531660153175,0.1478587998155411,0.16567139072776277,0.26124329647075795,0.18466059572622814,0.1765294123131121,-0.1864361730326202,0.28516256658994044,0.288716738595348,0.36130872864450936,0.1723828263207203,0.3423802783028788,0.1186699878094513,-0.0357261507484372,-0.10490459279476293,0.05448956659866437,0.1302141874548239,-0.003939798367120363,0.13425684108729977,-0.15032341196956073,0.07158187792782998,0.08239680876878064,-0.047288233733302404,-0.22126575326901182,0.1629269421067743,0.051218245587446996,-0.12258780047899435,-0.06827735556932049,0.3369371183260594,0.23972495298685395,0.20360848856863872,-0.1936918290497362,-0.10098762929878279,-0.06503711970575156,-0.16708646829351206,0.14364852446167428,0.24716229634173542,0.018810255614882986,-0.04019644738273741,0.010388887925759527,0.15897782506414856,-0.13509121931976895,-0.128618174286964,0.1765062809962884,0.20126148801177066,0.3646400587497872,0.019838343213816844,0.1073604794506028,0.06458696952358395,0.22239230885523636,-0.05213390450053227,-0.18252659815607247,-0.036941610578220714,-0.21783330026967204,-0.0648789909492914,-0.13182031487759954,-0.18037768645061036,-0.24774538464487544,-0.09696526925210908,-0.11619713815437124,0.02693201934282676,0.39638578080663456,0.1793915549944225,0.1826979993852134,-0.12408246758129277,-0.13534796790107187,-0.09658669855858876,-0.07191889463508509,0.07835603671266851,-0.17712416963581132
0.01789737563751939,0.1395174690978745,0.11108901420398702,0.026133762319008328,0.08128936512187084,0.07437928541847603,0.12468721439156381,0.09838529052773733,-0.008192192478684596,0.19103430274536487,0.02952431981266143,0.31972091477788933,1.0000000000000002,0.21531784377892477,0.31827395152358146,0.12185754958182464,0.47522520702628573,0.3159733375339532,0.06564883872597209,0.12940339680107726,0.08976788945173107,0.44471887030362706,0.2732136786189556,0.35200526402702287,0.059931401489496744,0.4707048982126878,0.23728288627794136,0.12244534247839382,0.3456866127756098,0.3031145407455373,-0.13237034849780213,-0.14608712705202043,0.12014958607988216,0.3064246735963242,0.3839681138249717,0.009087939614336786,0.18793035548055712,0.0867811648377812,0.12590406752302494,0.23495326662453583,0.05799718038195254,0.29164566363957006,0.3666489031073493,0.0852124670423512,0.2565452657458408,0.022406207039666184,0.13006863739794913,-0.0388240564698638,-0.008278898081793969,-0.15049462591522184,-0.09699741840013534,0.0008552245057080457,-0.24089577907421597,-0.18237598003834293,0.2073907180336764,0.011318061205109654,0.02441696273862129,0.02800431989495578,-0.015251402373402653,0.10413543344662829,0.4342625381303509,0.5348988385588762,0.49357469917094243,0.20844061237418549,-0.11325088704616723,0.142546152248993,-0.15971017348426592,0.2510571963752898,0.16855868759153508,0.15832366318728025,0.21393413048817883,-0.05775355198490741,0.006706077830818354,-0.032883377900352215,0.24236767986791685,0.30045150834342677,0.1335889394663802,0.23637076456507652,-0.1603228128444293,-0.16673516869467805,0.14388033001204076,-0.12452278857894955,0.06084364408560551,0.11521701403091715,0.1317061668901494,-0.049239079975866774,0.1169248113578917,0.2211455311760321,0.15922803359703713,-0.04168510192958575,-0.14558608125681155,-0.31791979649307894,-0.21669628479108607,0.15782627766605797,0.07458904144682882,0.14956640355170586,-0.08356576729620882,-0.04523612011544718,0.05434284145144791,-0.14530258308616437
0.11996631091130935,0.05542571322820204,0.17067014782082157,0.06735832290358654,0.03968690597738497,0.04043708084465818,0.3065051280903404,0.07154751383988026,0.04443327729871871,0.2376365219129621,0.15091503988655458,0.3514560899868774,0.21531784377892477,0.9999999999999999,0.4545217064442971,0.28940374298994104,0.307500378989375,0.28418205167081245,0.7556358464797429,0.23547097378836215,0.6083538717182652,0.2051129298847655,0.6115551258186299,0.2139001966530418,0.2502960554094302,0.08176617245999475,0.20706269828706841,0.16861559528906533,0.05150729601352022,0.2931318989886933,-0.002774519426108774,-0.07318375016030124,0.17865812454024754,0.3491519824942388,0.3591588520090457,0.16588669692462465,-0.08678500551357053,-0.008810285548904534,0.11457159490016489,0.209205936505694,0.19239548512478394,0.10263008644561154,0.02372371289267913,-0.295890598929678,0.07840678073107117,0.09323320075125772,0.3265705364257402,0.41258689600878207,0.2750394230760044,0.04963543664550731,-0.13322247547277788,-0.006130072979902256,-0.17840813008907097,-0.11755119812281813,0.10559016108992474,0.02211035757826053,-0.06431941641493896,-0.07540628153760276,-0.1389129943245939,-0.07721642684216097,-0.05429640056465637,-0.04008186653705846,0.025862862070602302,0.06152112328988718,0.23296372092173775,0.1503664456929509,-0.13521477024544337,0.18357360179199333,0.16522693087843662,0.12291962985836706,0.2584853072561488,0.08580777459082323,0.13693297926789508,-0.09602070568233777,0.0672390313595123,-0.03583134577918641,0.15407032733449486,0.1578532734410945,-0.030652793199025065,-0.23535262379570027,-0.17107407850075065,-0.0377600828813461,0.07508251543839034,0.10379039834072795,0.12653763783455935,0.12573326966544918,0.008765607985582874,0.13960730427354712,0.08729910639618488,-0.1597172238641388,-0.19574893527824494,-0.2356010292012636,-0.10948551480625043,-0.054257961354096974,-0.16269807892627478,-0.15101744747206078,0.11957308577328188,0.13593343601527444,0.0681799746556555,0.09653005983025441
0.2036057752241893,0.17284320554693067,0.41269260781918965,0.02270860199365824,-0.10592774181245898,0.11352942232731264,0.4018474324080877,0.17587328078315412,0.17984022675564704,0.023342635972375906,-0.20992338017322665,0.24007289880850738,0.31827395152358146,0.4545217064442971,1.0,0.44617400721870054,0.17344416156962156,0.32876176090401377,0.24434928586378757,0.5109557715448965,0.6001128274402188,0.07389065249366601,0.6963446680033059,0.2151656364615165,0.2126295807096521,0.09942085141739879,0.2670228410564342,0.2951944392101383,0.4365658781314077,0.5496370585245338,-0.14599174082182537,0.07083177413714947,0.0798117447215464,0.18907540890265756,0.21201795499833884,0.11581630879222866,0.1282062086199095,0.09926032408442433,0.13310562231746237,0.3900008242536328,-0.1149559825614786,0.005823981478575719,0.026414483528679485,-0.263765495514031,0.023156495516870032,0.243068569768456,0.1958916616380874,0.25842857863498697,0.20377239567333974,-0.18249001375874999,0.07261244737689182,0.1822313824610938,0.11453757506616613,-0.041554076860489696,0.2019996490592652,0.17653356562178804,0.21516177044144877,0.10045701991379717,-0.17478419374054263,-0.24286351653134003,0.08289332046153698,0.19316060929932108,0.30782850236390413,0.46419069896599763,0.4744319199233979,0.781003041195161,0.06512483855961085,0.35741808272065384,0.28425039244370687,0.40362091695270197,0.6683414015670345,0.28144583491673975,0.4407149626251581,0.012468767346839016,0.08047102097315238,0.05894779920556764,0.5929691487229766,0.6718134982906455,-0.17462699548489433,-0.23600081109094695,0.1612543220247414,-0.11578470179366798,0.09393742903319986,0.21020578764862635,0.25538072978074394,0.13252234356886045,0.08024045740460332,0.22917479255516357,0.3611072400638275,-0.23207496325756452,-0.1032478237350068,-0.23009042816056594,-0.21112878230019694,-0.02905385582493857,-0.0010510122478226966,-0.016779908783703383,0.20705561628835056,0.2499078299482053,0.11939305196393109,-0.07668947302248565
0.31233093727206346,0.5226754157982529,0.4473735643842453,0.3869044149387519,0.052640255906038456,0.24164172358288116,0.6734975432395423,0.4408297335184309,0.42037499802632694,0.3374213170587723,-0.17144052338737356,0.22518750303165963,0.12185754958182464,0.28940374298994104,0.44617400721870054,1.0000000000000002,0.1982517522607446,0.4919528054680595,0.24822123903962914,0.5379638028892508,0.4006965131831429,0.36650613409838123,0.4827537161382888,0.36938579656840154,0.3178869916191917,0.10528590578423501,0.43679595863403164,0.1123663772483927,0.10726575036656479,0.37384802337422635,0.26735589437290025,0.4897179219205369,0.5337760474418173,0.574269779549935,0.32955573188478343,0.40034756295834495,0.12880841971267457,0.4118313944053744,0.4654648227545828,0.5330064035163584,0.20707671436844635,0.18555652032543085,0.23300331309876332,-0.1707278049239068,-0.002598355790317957,0.24440287133089594,0.3392152904871566,0.2996197603842748,0.11561692704003623,0.02468601010735318,0.09326770717911764,0.34151437556512854,0.07254031527748545,0.17371263883736604,0.390560402854093,0.16664125937168833,0.29256337185338294,0.4338165612702563,-0.02582964783661931,-0.14328168046470263,-0.0939314879354914,-0.19026035752754283,-0.07006656036567072,0.0033171277345105023,0.004234691982962799,0.3526451519260995,0.06838973376089535,-0.05155976706956622,0.040720990750195,0.3488454319420884,0.1439686327365868,0.1179115629685082,0.04020937441608347,0.1617046102536326,-0.0021254469982336373,0.1010745791116192,0.17020115302913313,0.34420375278412624,0.23254279583878185,0.0075078314973712505,0.06183038098212686,-0.06407338927794586,0.0577596936632672,0.21405073238931066,0.22692709536867856,0.34647321295086664,0.028881709777662943,0.04803203554986192,0.21403023139435826,-0.1844898400528475,-0.36660598634988995,0.025739232473314316,-0.053226681258928085,0.16676105822643705,0.023222195642338076,-0.20755439285796573,0.12625731914029403,0.003942859193290496,-0.016685182106774034,-0.08710063853561006
-0.2508584893519858,0.0688139857668632,-0.12922030979816387,-0.16644184897751926,-0.18675707016325777,-0.28435560762553214,0.06990019969837698,-0.2521256546131199,-0.2785073265678711,0.528283599835197,0.3621867516483308,0.5518892658721721,0.47522520702628573,0.307500378989375,0.17344416156962156,0.1982517522607446,0.9999999999999999,0.19069326177593743,0.31666506431502894,-0.09812699960754412,0.4338075833564237,0.32333299577722635,0.07766688213762363,0.5078615214159948,0.11368206373322408,0.5381400618469604,0.016916567502834667,-0.15593952468517322,0.14779142796675468,-0.07270320070358377,-0.06325198455781225,-0.21870367652844486,0.1347279273079115,0.45860644688106067,0.16719049929612065,-0.104043211498238,0.007110217490916197,0.08553222030836923,-0.08386214213669749,0.11149493777052151,0.06972400481875556,0.3449834816328448,0.17988249140833723,0.11745100334461545,-0.10629808098345607,-0.13896806769385497,-0.011657317361518545,-0.18483808537077218,-0.3284098042540042,-0.21911868941196413,-0.2685427392033624,-0.23464736173335138,-0.1727516333542017,-0.32269847039546484,-0.1392969522811623,-0.3338275900567686,-0.29808594787208936,-0.3026324892266317,0.2548660002406111,0.5586697803264413,0.5330375686090024,0.11795894757665089,-0.058865068493665074,-0.08078884553444796,-0.15237236344430108,-0.07450055408865619,0.07548720032125705,0.2951774616851237,0.3634498978458957,0.1259920035614661,0.18386911946365614,-0.029477823027264777,-0.20080720970529037,0.10928695230543571,0.5734445939228842,0.524694165172645,-0.07654842279436447,-0.08124669808236724,-0.013006196246570966,-0.006577474242635434,0.29052378273479507,0.04801576813282915,0.03889094785466426,-0.0008041991882624782,-0.13710729022891874,-0.07004213172799327,-0.047338861534947034,-0.2419990354111152,-0.20654461594707726,0.18202034771338915,-0.1142018375882142,0.1247699878516347,0.051404758598979035,0.25263328432199644,0.14618860898217803,-0.07578513107861545,-0.25890596516797676,-0.2309980178540263,-0.29252399376510263,-0.2340992846637983
0.4034403449974399,0.37699005703126115,0.19257755598299212,0.050045012146916035,-0.027049446252924606,0.16727052429136696,0.36356442071339146,0.3060276286124177,0.30691135531888275,0.19062968093024343,0.0081418057049688,0.21096592482512797,0.3159733375339532,0.28418205167081245,0.32876176090401377,0.4919528054680595,0.19069326177593743,0.9999999999999996,0.24372648121873527,0.7430526325612409,0.2655204800833501,0.2998566144865137,0.451907814702269,0.2635549746352842,0.22806063838741772,0.16024142775800831,0.2526681283510656,-0.04893454878590678,0.25328913037394457,0.20057497767937307,0.14566635478634807,0.24473889087257725,0.2092242488245757,0.6510934501885152,0.4749697093823813,0.5601236735364222,-0.0162955253514575,0.13122145018227332,0.1914610489133385,0.2848544344590019,0.11244131616317611,0.0519817814163561,0.13545720190681343,-0.11986712280845538,0.16820541035575537,-0.13128660719352597,0.2007174511357828,0.23409111474724123,0.44606075996120736,0.07324268931139297,0.32974490774930565,0.4301191934641127,0.22421192697199188,0.09182363815190425,0.3399746192464918,0.25771441587580524,0.4995454006909379,0.2739298532853371,0.041047756164629357,-0.061942120492981693,-0.028233590569413658,0.029694090667072383,0.12144615224118614,0.14611205635233163,-0.06465599956112174,0.29807229843203836,0.2422546587606347,0.2300398886804602,0.24152687610529133,0.6629057769018759,0.34575247717525964,0.08528063225218772,0.4156216850351277,0.16387906078520742,-0.012648416339308716,-0.025681715284035265,0.14471888274741448,0.05856419347230103,0.15610584745276776,0.112127105642475,0.09327052186032096,0.04684041225147331,0.2701358488884149,0.25700406327022474,0.07563441630183732,0.2857953113989067,-0.04125022734403767,0.033036426081867534,0.587227379736309,-0.1376133931194181,0.08841946987470489,-0.009050568094692943,0.040062416371618656,-0.024694049201080624,-0.25438583427284517,-0.03466701823870427,-0.10096083358740553,0.33843904339803615,0.4692599726393336,0.129346928277468
0.04420081948849018,-0.004657001722156253,0.012904701835222058,-0.11450627910039714,-0.0008913678703465652,-0.23182621915441998,0.14761710183082102,-0.18859444305844747,-0.18813827317328327,0.11480431457740455,0.19813494913261206,0.2618270639672696,0.06564883872597209,0.7556358464797429,0.24434928586378757,0.24822123903962914,0.31666506431502894,0.24372648121873527,1.0000000000000002,0.15310020574988065,0.5250890651452327,0.25076747549314127,0.4016953332037943,0.16067067914149633,0.00043417739113275287,0.12981526070767324,0.26222579243713356,0.18276635349711814,-0.024435940954169264,0.09295665499945506,0.02883239974051085,-0.08229352220290201,0.2599292806993403,0.3909737207252904,0.29365049702680207,0.13792783509559856,0.062334332067206955,-0.051590213030139845,0.04695189131034683,0.013988263289205966,0.21385071804806002,0.2396475707454701,0.13264669298008527,-0.0634945806250461,0.02411776519631963,0.10419304687874953,0.3475102410483789,0.36755892405010765,0.1326192809840554,0.20948792153654633,-0.04533264291809996,-0.11692808477890632,-0.08297537124441395,-0.17574464029404063,-0.1056835616486377,-0.2131651263765253,-0.18562848230136605,-0.23931949648708647,-0.019808102281637652,0.1666194681311034,-0.022653420313325488,-0.1495921868593782,-0.1633360570514366,-0.07933038460345046,0.09926175021495437,-0.032274220704533736,-0.10843206883487469,0.1644240806495157,0.30118210117683214,0.133088492217114,0.24356737251440364,0.16711461287984308,0.06085917050387212,-0.04125420980192719,0.1670760097673927,0.03906399157100734,0.08074733420563032,0.003642762636092547,0.037991033941208355,-0.1609549569786763,-0.009889394030130812,0.17854265766736932,0.026282633712481983,0.10161769441329321,0.08978622776049013,0.0940721224215118,0.12240285416400078,0.05864825617566257,0.039066846145726634,0.05038458001052538,-0.14747270210155386,-0.08850873913300338,-0.10763203534829818,0.05355432817050039,-0.004679900214775765,-0.0960224116725037,0.15153952639826096,0.1172272131434189,0.013648754590064132,0.18699063300239208
