0,1,2,3,4,5,6,7,8,9,10,11,12,13,14,15,16,17,18,19,20,21,22,23,24,25,26,27,28,29,30,31,32,33,34,35,36,37,38,39,40,41,42,43,44,45,46,47,48,49,50,51,52,53,54,55,56,57,58,59,60,61,62,63,64,65,66,67,68,69,70,71,72,73,74,75,76,77,78,79,80,81,82,83,84,85,86,87,88,89,90,91,92,93,94,95,96,97,98,99
0.9999999999999997,-0.31405221481446705,-0.13694035053502873,-0.27661472576992696,-0.17164864052149725,-0.03902570167599859,-0.13801492869751045,-0.08964924007556256,-0.0022451184178639352,0.2457108135530063,0.10140594668419038,-0.22901059597026602,-0.10578917279232693,-0.1425720747286881,0.21830724781605892,-0.03349913298782614,-0.14309659325270435,-0.07186575792489686,-0.0766431459096266,0.2594496142155291,-0.19169604938114446,-0.06384782672416514,-0.16282920043673008,-0.2602618101240054,0.11102378624549537,-0.2307801025207312,-0.1746147456562379,0.3700484374515293,-0.08323786591937023,-0.11481376733236313,0.28928276135069664,0.5170950714667554,0.3710184609532273,0.0026439125553802934,0.19579717384451015,0.4143052140990628,0.46116193087973384,0.5533591918520407,0.18373766813144204,0.13973643980859946,0.43032438797290845,0.4018751263116169,-0.1852617119329072,0.47095800448572306,-0.06688330206125223,0.3453227934910379,0.3196717774360496,0.41626459231683416,0.5655733366210713,0.5137300124298713,0.2352179551284218,-0.15679052688137027,-0.2507617988516437,-0.27466238146429794,-0.17182732915202104,-0.036386864716394164,-0.2530806094213899,-0.20201727623936214,0.06214444370585245,0.0938756965735042,-0.06612758413699801,-0.035064698794571296,0.14130301765823144,0.10209665447771021,-0.1528788791310818,0.08658723188009589,0.02628661927296368,-0.11598175839420603,-0.03663053925613274,-0.14038055270661284,-0.324626221449168,-0.23418792358996351,-0.23562413009767116,-0.09826931894668078,-0.062045094588595466,0.028619781938727155,-0.045065458357644785,0.09734960353893053,0.23363777870000296,0.07622886844545886,-0.12235762371217306,0.1516357270940609,-0.053487820908842805,0.028739458115690855,0.04720099338577103,0.046002257626700745,0.498575931718356,0.19608241264472479,0.27837110855110053,0.07869530360760933,0.1885343903760541,0.3912159408460779,0.14491071169733477,0.2385660728904868,-0.011319586159988052,0.5019677636918468,0.24995971499269143,0.22686319493314874,0.6111201518041071,0.5138843451431949
-0.31405221481446705,1.0000000000000002,0.6874022100721704,0.6819832467946538,0.5078913351270165,0.40436066452193115,0.4423847388575677,0.5793047215635734,0.5273409941222144,-0.2552545757787373,-0.4303138192081096,-0.1805336237252266,-0.23633840109625653,-0.14580589252627776,-0.17251906044407686,0.6276188979304118,0.02116905230695378,0.5263863399859785,0.20294360523150823,-0.007704255108169836,0.07427366696885368,-0.14247730842968778,0.31104823642695967,-0.14482812257372984,-0.21899150080370128,-0.14853548204712017,0.13284268817430775,-0.3921255833492217,-0.20596659024005898,-0.023881133276215456,-0.07789220772751099,-0.22994966307612943,-0.19992041029097937,-0.012270209539720975,-0.24676364158972214,-0.14901446885995653,-0.2911814317639682,-0.2292866635074778,-0.29417850570616677,-0.18582442363069593,-0.33602915056924115,-0.42193416236860165,0.034088153025991594,-0.2073964981861297,0.03801041484709396,-0.24980630633268774,-0.15581315678130878,-0.1878639908897551,-0.11923810179377577,-0.2484320785506299,-0.02195498118064945,0.6937641373458101,0.44094984742555704,0.5534691847753196,0.5552838228334203,0.4087981260836755,0.7189870461370214,0.6745496218190375,-0.18780406827080273,-0.18218820197979357,0.011263401930954585,-0.17820831554593905,-0.14095652745350562,-0.02175227012325263,0.033984461209842616,-0.1622698590550257,-0.05303970094366766,0.1998317587124307,0.18915517374120253,0.5860657688184436,0.284543727336952,0.24146059132747488,0.24342493228360101,0.0004289655925814745,-0.1411477649781648,-0.11263817646184315,-0.06071119494469867,-0.1491627796988316,-0.005662293363039686,-0.0387172231025531,-0.10633661610938609,-0.035123610030897305,0.30747999842951024,0.14489390860227877,0.18645391272385572,0.3125649167156079,-0.29236897589535754,-0.39150778954262244,0.1550056981950755,-0.3205528205345999,-0.1541489795299648,-0.2630418450961182,-0.24739834771804103,-0.4408377870934619,-0.14024756041248126,-0.29560431229853135,-0.196288992025158,-0.01727934791820282,-0.054261694106024355,-0.23038077005791333
-0.13694035053502873,0.6874022100721704,1.0000000000000004,0.5038320366497894,0.5045169135470053,0.5507710886153501,0.19511742675430913,0.6100037264005432,0.5845586823978455,-0.29507923723256424,-0.24125454768226987,-0.25708390834072087,-0.16408085181378834,-0.08937171470820852,-0.32212944991065845,0.49633903883935543,-0.11071532074773299,0.3520601254464262,0.16975640729371907,-0.10281827669004777,-0.12179531769708266,-0.06515427407609566,0.042022827895291534,-0.3401331597337782,-0.033325930895093586,-0.04964683748606211,-0.09789001078015465,-0.29549873868447835,-0.41426550600720563,-0.15576540231436467,0.11397156148495069,-0.022443126316165622,-0.16276213548650353,0.10790439042993388,-0.24140432900792244,-0.17261248702071735,-0.28939327451475744,-0.13277885635021944,-0.24726596811269444,-0.2745476666549891,-0.2752561199589146,-0.15436066645075297,0.04840146727721272,-0.13130890059580072,0.05420701708998219,-0.29641525865426993,-0.17824622582747413,-0.18331014598467124,-0.05244839071873824,-0.2024116818243364,0.13646353739909198,0.606170656726447,0.2317892773680753,0.41339842750440337,0.5720325510677491,0.7023629637613253,0.595839469044552,0.6797391490967246,-0.26847065826461336,-0.246122171725772,-0.03554398440097071,-0.041415330520584236,-0.14851397825922913,-0.0842178775330187,-0.012517339604595125,-0.3098686253155634,-0.1711284317559461,0.13677453632806613,0.2629833659932812,0.42177928125751113,0.021040431438083023,0.12518455877435852,-0.006991254381990601,-0.12027718634389219,-0.3124476806389004,-0.053011604623728614,-0.16988429691785603,-0.1228631243922421,0.21612300242186133,-0.07034349149385748,0.0027949578866523534,0.13613095514345386,0.1872933839170817,0.09894712336376811,0.03989080500230427,0.0666054983472986,-0.18956852599978036,-0.320361472421171,0.06763803597086794,-0.25870225742629477,-0.10449958095187499,-0.2856871442903357,-0.24434756939487756,-0.3106141044119076,-0.17937768529827347,-0.30572497504356344,-0.3421743153155739,0.053953273113123666,0.046952020467265786,-0.23899623949614923
-0.27661472576992696,0.6819832467946538,0.5038320366497894,0.9999999999999999,0.45515472425301545,0.3831090686715403,0.47933841801076804,0.6524698940616296,0.4515924817525855,0.015464754379990321,-0.1295454634269805,0.08976576931962495,0.1501197668310108,0.2172939848002403,0.1101498398376804,0.5270380411517678,0.21163732452174133,0.48612888559878786,0.26217745887908317,0.04497052781668571,0.3687673581627918,-0.33399013264846744,0.26128038138430315,0.0278003426107535,0.04896376656555125,0.039649867926146554,-0.046272865996690386,-0.3964261137167253,0.11201738646454867,0.03319080755750187,0.03752088656532161,-0.23720295068747518,-0.1769663737000714,-0.10391190775769535,-0.3388253290793145,-0.33612296915668216,-0.274295423711494,-0.19920827433171842,-0.24501396918485227,-0.07265125073836051,-0.38503387605738537,-0.4787479499976093,0.022882496433696865,-0.13764595997608117,-0.10182822087564068,-0.3193767937385583,-0.43552472555161875,-0.3099027357903775,-0.14584691692751842,-0.2737447561503541,-0.014566885574099922,0.5893921793582011,0.3727763865718426,0.5604505375904335,0.4587664447991081,0.43077647921528694,0.7528543567151627,0.5636072567889238,-0.0026999812570983766,-0.028983349158923127,0.17905307103184873,0.12161654133104796,0.08274200681458571,0.2109065364382636,0.27642727289433,0.19446538817343462,0.25108766074060435,0.33550947869112535,0.2513575541989247,0.6675531301965277,0.46665692782465135,0.19192969965294535,0.2702853797460413,0.11186367734178122,0.07953961125899214,0.12360486438933445,0.2742067856089015,-0.012742059032830808,0.08493151327894645,-0.19020152178001345,0.09218174917059796,-0.09051089175993667,0.046926760169103916,0.1475707768308386,0.2047809038024549,0.11083780906889004,-0.24776620957728687,-0.4633828128125152,0.17120154542085694,-0.2350132886672913,-0.2115881303409169,-0.2231723565684001,-0.18954903298945622,-0.45628715812372633,-0.14620843966881578,-0.17775121189574983,-0.22704684496539498,-0.25107742555621826,-0.05923570616043266,-0.26137385384567885
-0.17164864052149725,0.5078913351270165,0.5045169135470053,0.45515472425301545,1.0000000000000002,0.5738490937020527,0.054707508173905815,0.1979414173043028,0.3687444049624776,-0.3525139760414359,-0.2909575550291431,-0.13076510286718324,-0.14404406377838783,-0.05260330061167722,-0.08963453335740935,0.25363086937078777,-0.07561732442656768,0.2268434836479251,0.13867956839241116,0.15313133066881784,-0.11206077443181442,-0.1402200858095085,-0.05242032461519224,-0.23133660448110432,-0.28491836758032574,-0.050927603172945486,0.06522683767522382,-0.21812201426721378,-0.34940421660988175,-0.10080549837321282,0.17549874452901273,-0.14199079298570114,-0.06437855305371291,0.04217517055409308,-0.0629290350728379,0.05888111560311379,-0.03516509784324735,-0.22051430602140143,-0.078503269619161,-0.27364040011531376,0.029224489761224742,-0.284750241453674,-0.1823094275596304,-0.08469416215373704,0.175453558704945,-0.01035754263600229,0.0455595127126173,0.11374811805095822,0.16783191737085829,0.08867624332845761,0.20111672537332692,0.19553747030869045,0.35050468894458653,0.6216564093822164,0.7008827212351146,0.42346845548668705,0.30920605439908705,0.47910089181756255,-0.015835461656090892,-0.19284393718295098,-0.010986535308318324,0.02753944754022155,-0.013470388547137875,0.20232441980113605,0.2966941891465655,-0.14302738261640469,-0.23273038929436043,0.1111504393363604,0.15527839077391076,0.2500685376376994,0.1938777726420822,0.05342992653998012,0.18831635916784797,-0.2215077560046123,-0.27666816039681524,-0.16824460252178292,-0.25813544973376046,-0.13626488827408506,-0.0035404111985370347,0.11424719755494564,-0.3238177758304164,-0.034595116200166615,0.1654979900457604,-0.2436904890539132,-0.10236273601744897,0.003032236283087338,-0.05245268853499067,-0.2425297040864721,0.26990549273444436,-0.40909524649037793,0.17215605861863445,-0.1488381601073686,-0.20075131074482777,-0.40208845668681575,-0.06970786221056846,-0.18852113788481853,-0.15556912163361467,-0.02475098947755202,0.14408599709165978,-0.0071378722621397986
-0.03902570167599859,0.40436066452193115,0.5507710886153501,0.3831090686715403,0.5738490937020527,0.9999999999999998,0.07627547060387029,0.38011840749853737,0.660875189246693,-0.0643379021971824,-0.1484416630318929,-0.07973770059414823,-0.04763843567773551,0.07284133403815014,-0.05525294041120496,0.3377407076281021,-0.028735028389351124,0.2505254427895403,0.21813132800901588,-0.026814742919948075,-0.1268693050774575,-0.053095478318920565,-0.04431323759237501,-0.30191588721156526,-0.1585209808075015,0.04084842660784483,0.05428720212038847,-0.09164347067359918,-0.4064975686016334,-0.08907214995467422,0.31293710664779606,0.021350483751946175,-0.016738040767366638,0.13527447742321652,-0.01886872492073766,0.09869576937203985,0.06397252421712762,0.09940983078792011,-0.00902235829819747,-0.0823343629541117,0.02616440993388515,0.11139968468104677,-0.10723365688364053,0.20322182859081173,-0.0048772951123958845,0.1510771484147533,0.11058186777078695,0.1649989928269118,0.38535865309546535,0.15941980126728153,0.25145060389603135,0.39466141358165396,0.27702222140236066,0.46924361988889707,0.8416340253646027,0.8448539413208901,0.44319631037418605,0.6211263320240688,-0.15863227562762994,-0.18196504854962645,-0.1074869094439721,-0.0026473885524510112,0.08947795143371681,0.13385010196776595,0.1700262521448033,-0.1731411961414735,-0.11743623819106233,0.12405411104942764,0.2355582722267423,0.33286090495062043,0.030148365865532586,0.08830620991652656,-0.01637534524967019,-0.10958227312824767,-0.3488012583262182,0.01348075492650702,-0.17680229615278684,-0.09267463223920362,0.23451570561601728,-0.09963743390319901,-0.22329257482397855,0.03998043238121038,0.06745267260183092,-0.06597733328370978,-0.10166836127202579,0.015194317791775824,0.022513552919908027,-0.17103253011706712,0.26562317762953797,-0.3351084253767167,0.12458325033560079,-0.16151277805137684,-0.0859464713743247,-0.13446931111893193,-0.049552925113150535,0.02457035529156656,-0.034187319836613675,-0.15702424912906932,0.3428233246317883,0.09367343567867774
-0.13801492869751045,0.4423847388575677,0.19511742675430913,0.47933841801076804,0.054707508173905815,0.07627547060387029,1.0,0.35381738035500276,0.025533189786770827,0.17108048828383443,-0.022909385091967504,0.3541124500473399,0.1749733239040578,0.2660776949271344,0.3315004967659699,0.6601332613838948,0.6055503369206955,0.5094534384859037,0.5294842498259226,0.17311219879283649,0.5498644025049328,-0.15212627020653613,0.6462847374208357,0.5040839642462711,0.31868105642328504,0.36480471366237505,0.08987466878521563,-0.02104561348427378,0.3429596552317537,0.33313804183358364,-0.09276627890588629,-0.14041766733567349,-0.18445183186833794,0.022546964805541938,-0.3099605325691987,-0.5166047517985879,-0.5627083984106713,-0.3947610588048419,-0.3770429852507494,0.1666904210000694,-0.4654536874510204,-0.3837586752835189,-0.0846422673337241,-0.1908388231210757,-0.09955539561429197,-0.48829561184575715,-0.5805439829376323,-0.4227593215416917,-0.24827385560227613,-0.4688099125371465,-0.09101124053849033,0.40793665197265117,0.3662750855928716,0.3254667808691048,0.005547250679584267,0.15781079091482608,0.5950458249874631,0.1293197490626419,0.07734528689140684,0.19229002910482068,0.4878567958198848,0.08171268474170779,0.08313664113076238,0.23397867136811593,0.2844380452161106,0.35400053218962096,0.6548256874234593,0.46297574128717484,0.0357649570379098,0.5411232477012478,0.6962396156855828,0.47146590874842537,0.5893499433778838,0.42154007968541013,0.5484945694751735,0.4248313291882242,0.5607140029451523,0.24639441664094022,-0.1577047112271999,-0.21591251168282424,0.190892970261132,-0.39236315409864647,-0.17406609999492972,0.221295227257326,0.39312079094257496,0.172236060359531,-0.35960174767235337,-0.22788417252759577,-0.07210131052608994,-0.08993713077991068,-0.49376982275552983,-0.24007829750460458,-0.23658897503216608,-0.3611248917185639,-0.1887109936776229,-0.1555419797995673,-0.3927767682351124,-0.15855265254955936,-0.19895963727071647,-0.4072298944543598
-0.08964924007556256,0.5793047215635734,0.6100037264005432,0.6524698940616296,0.1979414173043028,0.38011840749853737,0.35381738035500276,0.9999999999999998,0.6585608823445747,0.007871144724227173,-0.11819475798604051,-0.11764083126636445,0.1265963403081589,-0.07366783524684037,-0.0745815552120635,0.44962092808516707,-0.08781494226389779,0.4594534366631641,0.13976472747862048,-0.23101286129102344,0.14105500897581638,-0.08415151402653569,0.016989713812586654,-0.22222065695553414,0.10311007340336263,-0.10228290474522374,-0.20954706284534583,-0.29279490662343644,-0.023662352517679112,-0.04384937440099181,0.16114277831317522,-0.04306413673982736,-0.05738726828323349,-0.14413913252305194,-0.2434344743745136,-0.15453349492945045,-0.032358075188543674,0.14179476938306182,-0.10785844455199815,0.03401410275558234,-0.1753998506805469,-0.05233716735076339,0.24304958648671915,0.03629176831045092,-0.16844940303256856,-0.06607563777009777,-0.24022393572451028,-0.2309079736746292,-0.01764348660315335,-0.09767006691297353,-0.030203482196103085,0.655904365195274,0.23751646955057854,0.2806832887069029,0.3486919773612359,0.5475948235439271,0.7900562089756639,0.6692096259025687,-0.20334511708052677,-0.21951248962295142,-0.010280450251605568,0.035963025855336984,0.13439872319132057,-0.03050573184583466,0.19825094616741804,-0.022011909218477847,0.1452893947555538,0.1145524924560223,0.3360540141742756,0.5921443849765241,-0.019235313064272695,0.13703071251436183,-0.05290260087382764,0.09553787719585348,-0.10992866085826708,0.04588451493326622,0.1393222924762584,0.019005427676140652,0.22395767050269005,-0.1710028834164023,0.2633776977412084,0.233324603657595,-0.008469511304112946,0.2291979461784217,0.1719654906395328,0.12483512441170741,0.050336782911632016,-0.21493544987346425,0.06499997201318292,0.1075322696851634,-0.11871247746621016,-0.17053987130405074,-0.11662566959477348,-0.15377525437631973,-0.04132604514637113,-0.04161127070028789,-0.05632361057726926,-0.12765434731212846,0.11023121458761964,-0.05196344711192227
-0.0022451184178639352,0.5273409941222144,0.5845586823978455,0.4515924817525855,0.3687444049624776,0.660875189246693,0.025533189786770827,0.6585608823445747,1.0,-0.11911913304627582,-0.27067661701858936,-0.4521960963747269,-0.02854517184421813,-0.1571899024016031,-0.221134245865627,0.4076834762116649,-0.21477518483585434,0.44438138217277867,-0.041441108471553724,-0.014723670234525237,-0.19946056739110646,-0.30931925834268786,-0.2076741970435646,-0.5777379623941089,-0.20933601904306975,-0.47058112998153273,-0.2513400451211098,-0.4268479919190705,-0.3645955900621922,-0.47804437886720436,0.32036798290649404,0.07017425680475535,0.24918817922805042,0.13216389093272463,-0.02521858468782742,0.3420372937796593,0.2453223129887723,0.3021688090307316,0.021471818525226713,-0.15054076149614376,0.23565378439596976,-0.017845226517445516,0.11218622154900655,0.23738349395704042,0.10086699867814701,0.2664661074617059,0.2418461910173262,0.2575560443719876,0.3487563416249793,0.32465410472525114,0.1451153627834198,0.5655640493367897,0.21842279284930033,0.29414437923940856,0.6643031611321093,0.7121919972520703,0.6051089852686923,0.8164774184919689,-0.23182637977921094,-0.23913080939486495,-0.29331197897820654,0.0733571931395323,0.13617538989837868,0.10570714315134316,0.025536208621842662,-0.2172949173442499,-0.19381338396306252,0.12669099737353126,0.26228149862896294,0.5272960302198091,-0.11612749588347805,-0.10016240449309226,-0.2609813214029866,-0.2690431803839186,-0.5383937363984374,-0.33817952230978093,-0.19489973534247806,-0.40672033724311185,0.3982447228058155,-0.000765856993532663,-0.17798244663705198,0.40787598205938214,0.2726277941827648,-0.008122517761633623,-0.05916379586455821,0.17603614254048486,0.20685463078886746,-0.3331530686148527,0.4007230055328584,-0.14333378028054597,0.236362187477482,-0.09012222045465978,-0.04881339360576579,-0.13375013058750376,-0.08868077225112658,0.12783985705423456,0.11357224581878364,0.0673431852104045,0.36767695928926203,0.2583773871505005
0.2457108135530063,-0.2552545757787373,-0.29507923723256424,0.015464754379990321,-0.3525139760414359,-0.0643379021971824,0.17108048828383443,0.007871144724227173,-0.11911913304627582,0.9999999999999997,0.6140549309112803,0.5314592286114507,0.6351050221576637,0.5936041488326351,0.7172085737972999,-0.029208038118754234,0.44545154729600034,-0.2782346995539456,0.0678483294341734,-0.29157990387950444,0.435015523280787,0.040746109562896746,0.2203277629894321,0.47123478707513344,0.7221631233329248,0.16834089356420506,-0.04581357343868463,0.5755052259289772,0.5136512013193449,0.5289349246369612,0.22815118579148153,0.09382307877815739,0.10914087740194499,-0.2726192985818894,-0.1444930656610989,-0.22315206506003507,0.2371409972245159,0.20596638367972944,0.2820137956088453,0.6804639440096083,-0.14174602239077994,0.3780807290304454,0.03747078732361647,0.4219381483163716,-0.09075826388850261,0.11076534020286766,-0.17753281605207172,-0.1954703205650694,-0.043032616839404396,-0.09701864912594181,-0.235218957314221,-0.00012972643578507172,-0.25694055931379894,-0.2457660639789615,-0.06314742749778877,0.0072601499104826845,-0.1379772441881386,-0.059604233790309186,0.645122990559339,0.657230461857137,0.5988015155507874,0.35883009903205015,0.4695083401529219,0.3331886395500555,0.15898933258096049,0.6999978682067538,0.3184788771578422,0.04152205609755541,-0.09251633168707665,-0.11124726661127557,-0.04297126574414366,0.18726755071487675,-0.03638722294844285,0.5509731094567123,0.4653651534951229,0.6764484877730272,0.556918692304281,0.5165111605326035,0.31302981511103467,-0.27889895196560166,0.3046105820167706,-0.1333471229989444,-0.2158501845595097,0.30101685066045203,0.2910517449992753,-0.048070369010420104,0.35253868296867086,0.2591016334506617,-0.16462720997678068,0.2788760658891893,-0.2743217120532364,0.2512611536569396,0.31397486544226266,0.23299645530533455,0.16438595850032064,0.5598916271569592,0.2621981316870377,-0.23400090834288909,0.058963291594893275,0.08833796127113983
0.10140594668419038,-0.4303138192081096,-0.24125454768226987,-0.1295454634269805,-0.2909575550291431,-0.1484416630318929,-0.022909385091967504,-0.11819475798604051,-0.27067661701858936,0.6140549309112803,0.9999999999999999,0.5967747097669165,0.6567049536923878,0.5894527117677231,0.4148198008876142,-0.19976735848813434,0.2674698959156541,-0.3901364401858847,0.07496680234623876,-0.28992553644299146,0.1869675966442958,0.07547527580751535,-0.12828573297566914,0.33651096834303035,0.630250267814282,0.4296023567209017,-0.31982711948121145,0.5303865544105396,0.39041642015951367,0.3769214563683286,0.3340299209873158,-0.00552191085136989,0.015912533280840028,-0.11133467314839812,-0.30896580841424504,-0.24938412369863303,0.14985199158583606,0.1264470779126406,0.30203550014450153,0.6104323587380815,-0.07559501699661648,0.4142356049050094,0.22733899314551,0.4025792247552102,0.10465993247839364,-0.008677728682596439,-0.23655065046000714,-0.31343750187810643,-0.20151116494387752,-0.10425965562398404,-0.1833205117159497,-0.12976000643220173,-0.21704223502234218,-0.1536355773252515,-0.1565966164595497,0.0635581638475551,-0.2000253348562374,-0.10434317771432515,0.5475730020065112,0.5747777504265515,0.48014706013379593,0.4930422759599599,0.5441682136061926,0.35054229670025133,0.16740414665830086,0.5552219747256314,0.16688066285598324,0.06949889034713438,-0.07736005293615378,-0.29021156322328123,-0.1493941138731199,0.13299469105097972,-0.0660346141835175,0.48250172994809387,0.2973399944275871,0.5739962651572842,0.4552208171872807,0.5483078187127439,0.3024480512339224,-0.07576583841878556,0.3309397216435051,-0.12257922575209722,-0.47892085691613795,0.04937743787870076,0.06163257614219502,-0.37773964844171876,0.2744336020142544,0.39965386467070824,-0.3748759890458707,0.27376760014987905,-0.15072290368565708,0.11147421962394058,0.1981652968533032,0.3645204960209455,0.10640591214899926,0.4155206210729576,-0.07134707036745529,-0.34589548165688466,-0.19832200207234127,-0.05133751616199275
-0.22901059597026602,-0.1805336237252266,-0.25708390834072087,0.08976576931962495,-0.13076510286718324,-0.07973770059414823,0.3541124500473399,-0.11764083126636445,-0.4521960963747269,0.5314592286114507,0.5967747097669165,1.0000000000000004,0.5684247266080842,0.6305447674097139,0.5645455779374224,-0.09506868962733289,0.5144915240315114,-0.22699408199580165,0.39864532707595984,-0.1687974367739982,0.5082565494507195,0.2384795747214448,0.2654642195940533,0.7400953751739819,0.5767089300481019,0.7538461521652743,-0.028100103185472066,0.44975118088892363,0.4932381726800838,0.7249572297216762,0.01839054943299804,-0.274632311281497,-0.39180977782921156,-0.27441773809062847,-0.4031474456074699,-0.482036931855918,-0.19043940982259802,-0.3044413557008509,0.11086207039428943,0.5603016792048664,-0.41009736981866624,0.13145744419781805,-0.07971897617738113,0.030679290842281406,-0.0050766216106744025,-0.311454288620302,-0.5467809217312585,-0.5839935552431716,-0.42701375001835384,-0.38335653868372677,-0.11752511738472517,-0.06571530037017556,0.13832302657524997,0.19188433052662512,-0.07525903390924622,-0.045642792205389374,-0.05433660619859593,-0.12771060071040308,0.610876858200703,0.5031720901612867,0.6922428921050604,0.3471899425403991,0.341660198974279,0.32969939060088393,0.5431805721308394,0.6280383642863637,0.4460407086588201,0.20419542164416596,-0.16427644337083402,-0.1750574769620365,0.3527920660536512,0.5139812963703851,0.5002567885127361,0.7420665811142789,0.7146439303626733,0.7562834451435734,0.5442517923856506,0.7027157474647681,-0.02159892924502375,-0.026467369105650094,0.2836041439884965,-0.48122486003010334,-0.3631644820232084,0.12840858309750008,0.11290433138423733,-0.14380404617038478,-0.11919276072058305,0.2712889272974751,-0.4430507052463462,0.14735952143470255,-0.22201028274426415,0.1647631270823014,0.23104930500368964,0.16748270225167977,0.26853851163766584,0.13135550400801496,-0.18432399187723875,-0.38741479240164656,-0.43897911157557234,-0.32290515612548326
-0.10578917279232693,-0.23633840109625653,-0.16408085181378834,0.1501197668310108,-0.14404406377838783,-0.04763843567773551,0.1749733239040578,0.1265963403081589,-0.02854517184421813,0.6351050221576637,0.6567049536923878,0.5684247266080842,1.0000000000000002,0.6157462024314122,0.41141040947324925,-0.07023729456982995,0.4707561080128583,-0.12499132182270341,0.14827063243261362,-0.22412370876059834,0.3509596910681214,-0.029720743907752815,0.0023789817467566965,0.37907392757699593,0.6786474337691758,0.313527947820994,-0.17636517429602938,0.3509195015870338,0.36869417236271823,0.34577451096272455,0.3039896552240236,-0.02834392793653829,0.08544127708663395,-0.0644945702394486,-0.23175117320676447,-0.24769618591227968,0.07833355851674652,-0.00047562518775863137,0.232816487570035,0.506481514628761,-0.0929030921793807,0.18600582874618016,0.07993913841442991,0.35242227530080517,0.05786714629533023,-0.04477214621694081,-0.317901704880347,-0.30249900609484215,-0.20681704056651903,-0.14657612815227528,-0.12382369642845716,-0.08652045708908342,-0.1456106853609853,-0.1562473496822046,-0.051481405938081294,0.12263313421391153,0.020962693950405526,0.07709643649684464,0.5631426623578072,0.4518014006357648,0.5139502651378519,0.7910981827896647,0.6267892536668014,0.5016729555767129,0.4329180314591284,0.5151313431003478,0.36073377104071774,0.28595079138768004,-0.0045474615147603585,0.05612450744831523,0.15000774848920792,0.31470670938117756,0.09023958843416655,0.4857008225058713,0.35354399849407697,0.46296898664238423,0.5804931609822132,0.40696370271067234,0.3378154453359256,-0.11728823056006348,0.29110271872742177,-0.044496158922812126,-0.2725982861006417,0.0001936554795019635,0.2545381215007636,-0.10643624055006286,0.15810286534317747,0.22630460499491725,-0.17734412053177695,0.3613071181901096,-0.16116097471352567,0.07772735261430982,0.3405167864628074,0.12611392454861678,0.06050101494481131,0.39914437736496927,0.03070613910492898,-0.28328646533502644,-0.1368503005495452,-0.08106120770720705
-0.1425720747286881,-0.14580589252627776,-0.08937171470820852,0.2172939848002403,-0.05260330061167722,0.07284133403815014,0.2660776949271344,-0.07366783524684037,-0.1571899024016031,0.5936041488326351,0.5894527117677231,0.6305447674097139,0.6157462024314122,1.0000000000000002,0.6300138480261891,0.044642973845596075,0.5832170126369883,-0.09670221522689165,0.3594729372441993,-0.05000115375039588,0.5705080581968195,-0.09564786760027442,0.31044664147426776,0.542012603928841,0.6466514013221447,0.4965526706789664,-0.02379943959148062,0.3944194253973812,0.49318937333274643,0.4507551063373668,0.09323347706231716,-0.09511592821139556,-0.11139121520600735,-0.018825945339599377,-0.39015777838459,-0.4406514354701946,-0.17558002735971948,-0.18503091125776636,-0.05214322500174108,0.328835211237335,-0.3869256640751281,0.027877990713966874,-0.019284712657629707,0.1306013078538016,0.02496978011123832,-0.3341084432421096,-0.4904731699079077,-0.451659404021281,-0.27436348323464355,-0.3954070240373513,-0.241218203391836,-0.0003831179076523861,-0.10061141961003243,0.014730503310502187,0.0877250969945809,0.16275579216062525,0.005704807682428661,-0.028921561529378127,0.49351819939247654,0.5859953754222009,0.5783544939867139,0.451097755086079,0.334806420557719,0.5741434426470924,0.3087221827287251,0.6864239004478975,0.321569918895303,0.30960979640735303,0.05655046616960656,0.039742311267468765,0.3936329808747522,0.3424913181254465,0.2996401203924384,0.3423541509401186,0.4471290530139552,0.6816887119350742,0.6843708493209819,0.4060029020564822,0.13066287761987036,-0.2968914540662246,0.31313132103868974,-0.274489341819093,-0.3081217220285289,0.06470399627335527,0.2781194965455105,-0.17214878903441147,-0.05181535165075904,0.08073622075042779,-0.2106335731246473,0.10764913142197348,-0.4075164102663738,-0.07815343898543868,0.10681136244474468,0.04371947588343974,-0.04511953869179036,0.19459517270048543,-0.17475542025727317,-0.2692237793562386,-0.21828041690080327,-0.3095212120521908
0.21830724781605892,-0.17251906044407686,-0.32212944991065845,0.1101498398376804,-0.08963453335740935,-0.05525294041120496,0.3315004967659699,-0.0745815552120635,-0.221134245865627,0.7172085737972999,0.4148198008876142,0.5645455779374224,0.41141040947324925,0.6300138480261891,1.0,0.04594495638149964,0.4990518811930272,-0.1663840553186742,0.203058662913688,-0.05383578134307152,0.4754567325656927,-0.08721738292940548,0.37955459254002816,0.5020578976280259,0.5345248650683165,0.3140193445276485,-0.01699955623402788,0.5854715852024992,0.5470489545483876,0.5617394002462559,0.07920668486420737,-0.09081213986934396,-0.044465938249738046,-0.28514767610226893,-0.23295436857309063,-0.25393961190740705,0.14493073556927058,0.06999765477635418,0.029114260282774612,0.4144308186850788,-0.141177871413909,0.1351272321752586,-0.231217661080077,0.28839939684724436,-0.13856230079570628,0.05064492671352867,-0.31639973281347505,-0.15897152709108242,0.04522196091183867,-0.08594006129410758,-0.20756577316100477,-0.08644472233413483,-0.17041881201590553,-0.003149267247409214,-0.0017472135960576892,-0.10524573955219342,-0.11430284306471859,-0.13071796994009327,0.5410205736406615,0.6270493676322505,0.5876814543913711,0.21411458751996412,0.31439258001319575,0.350193595626826,0.19907950487777903,0.8370843062198738,0.29847761778424203,0.008689342980643474,-0.23282412178017134,-0.11737548423699594,0.25220763844271915,0.22007244606442228,0.1811507357704672,0.4211556442732609,0.535106395534202,0.6890440227685576,0.5912733568146369,0.5047877830483989,-0.02185393169159246,-0.3595225737583513,0.16791624310380596,-0.3536112064893438,-0.4012862791083926,0.09871642327002515,0.18298650634058472,-0.17756241365344677,0.23368063554340465,0.16014684785341965,-0.2096186956042321,0.048745098610901275,-0.3218005025460642,0.09655794298939029,-0.006952434727588053,0.109967173221482,0.01113484484518246,0.3311507086394167,0.03252755917643483,-0.2724434977076205,0.093692150206769,-0.014136932555183793
-0.03349913298782614,0.6276188979304118,0.49633903883935543,0.5270380411517678,0.25363086937078777,0.3377407076281021,0.6601332613838948,0.44962092808516707,0.4076834762116649,-0.029208038118754234,-0.19976735848813434,-0.09506868962733289,-0.07023729456982995,0.044642973845596075,0.04594495638149964,0.9999999999999998,0.34725394676704663,0.6858811635733433,0.3694313894024274,0.2390599511934437,0.28104711402731414,-0.2217421216856625,0.46308459572298927,0.0014687827643598494,-0.020566717453725535,0.004692486588798958,-0.006141003143636825,-0.16696492123349163,-0.08259093863951025,-0.016521745799606618,0.010664446936544732,-0.09729943578180027,0.1390170695579672,0.26810519101124897,-0.09500311611060956,-0.19348846696650177,-0.3896540841643513,-0.15367491724792876,-0.31653256235165267,-0.09789635489724695,-0.17008204314238098,-0.38870042946365335,0.010737213519340457,-0.04327278197654651,-0.070477918657389,-0.26571366226873344,-0.2499878703487531,-0.032580570185519846,0.005054022547557336,-0.22483735227893895,0.04725693591482215,0.5562136230790473,0.4921483885185249,0.35072631215376104,0.28429921801610103,0.43065158008940263,0.649783265160682,0.44003725486533374,-0.17685195083163618,-0.07352022387688323,0.061395728443200154,-0.053464774351008965,-0.16578833349428732,0.1277392872623637,0.03032578135862258,0.003917770775732595,0.3937701254481147,0.41494122412194523,0.34764537612965063,0.7439529412196298,0.4121072731270848,0.23726644288988635,0.2292798051605469,0.09237304106475888,0.05045757390832873,0.0041437197683123934,0.19947216788541342,-0.045528280891411546,0.06753525165519611,-0.2797207470594017,0.08240733770568862,0.037521448905681674,0.14178669737313573,0.1822958103893308,0.33795074224557903,0.3413914864692403,-0.2349400943653602,-0.3201499556656596,0.1961548399337866,-0.18083617213953232,-0.2755464250789262,-0.30682246802160046,-0.35551943029697036,-0.3863105783989495,-0.30787842358846723,-0.11634215533665987,-0.26554240052626776,0.08184568366884047,0.09994110142656719,-0.2099201229299271
-0.14309659325270435,0.02116905230695378,-0.11071532074773299,0.21163732452174133,-0.07561732442656768,-0.028735028389351124,0.6055503369206955,-0.08781494226389779,-0.21477518483585434,0.44545154729600034,0.2674698959156541,0.5144915240315114,0.4707561080128583,0.5832170126369883,0.4990518811930272,0.34725394676704663,1.0000000000000007,0.30800575708401007,0.529584271881593,0.18376014092806314,0.6462045733451328,-0.0804519105345719,0.5293972175724444,0.6022107119271418,0.4969396017974319,0.42891657015089496,0.06577425012589344,0.3956627727755444,0.38281400056652004,0.41551978052475674,-0.12493564820627022,-0.20015079919760959,-0.14857771517242646,0.2617115655880474,-0.26178947312919776,-0.39740872156391566,-0.41476291511963487,-0.42273248032870037,-0.2834373140574006,0.22487891951122627,-0.3918960817626053,-0.28361393692295483,-0.20015873281883717,-0.053683101353597926,-0.05817289930427357,-0.4062940851543561,-0.5737803523957047,-0.4353784441373189,-0.26551929469504637,-0.4724672320095286,-0.1721549184470494,-0.09175118517336152,0.11496344433758848,0.012913639675310548,-0.05487991354136391,0.009718639063203657,0.12273919742935628,-0.15921712727036347,0.3497753496557347,0.3967454643459609,0.48751095143460693,0.40103730992752806,0.06655630169051069,0.35199761679478864,0.22432842999106495,0.46721644184896705,0.610931776160991,0.568311958620967,0.05667178306906515,0.2576005459763416,0.6702933339948688,0.5102045729934885,0.4850051748018375,0.46978376563624663,0.6665797112977044,0.566143426796768,0.6051929453313017,0.4035984755178149,-0.09655476982819841,-0.3970675009017322,0.13699630296459991,-0.36102866743057593,-0.26779848199267975,0.17227105476475288,0.3121193064442606,0.08258903617380424,-0.32435649163501074,-0.029892242168755103,-0.1815354464497654,-0.05072551565678804,-0.5356871515175575,-0.158684580235913,-0.10419698361462186,-0.19639260299170894,-0.1825746869500237,0.03729911308649499,-0.3416893154206086,-0.15729391178086463,-0.2173493653916628,-0.4319977429971926
-0.07186575792489686,0.5263863399859785,0.3520601254464262,0.48612888559878786,0.2268434836479251,0.2505254427895403,0.5094534384859037,0.4594534366631641,0.44438138217277867,-0.2782346995539456,-0.3901364401858847,-0.22699408199580165,-0.12499132182270341,-0.09670221522689165,-0.1663840553186742,0.6858811635733433,0.30800575708401007,1.0,0.4099491695283075,0.5498202053011533,0.2942462368629471,-0.21940328709945683,0.22088160682763158,-0.1589277158934068,-0.16823219054432215,-0.14364381822199584,-0.08408420388379304,-0.3447175721961627,-0.1004992388555606,-0.31958700379281074,-0.0928539747327289,-0.15013326013129277,0.08025578901975029,0.5566986204673804,0.0840545496804371,0.08174452978408567,-0.2760754923869422,-0.2159827758548352,-0.29889131670565994,-0.1888193992696808,0.015605070897051909,-0.5152377423090551,-0.03192103654279054,-0.19989649708971266,-0.09332462308366399,-0.292261154981724,-0.15362393696935475,0.012347309302014624,0.08839521258458634,-0.06651307243308624,0.23185839591133256,0.38418120220434676,0.5801688763464379,0.2636804541286897,0.1529211828522577,0.30541840875178894,0.6510909604020816,0.3006856380680772,-0.2862192156051696,-0.35045619050332255,-0.2849306193857672,-0.03868316710695085,-0.21717271594569157,0.1545570901424627,0.09802005760725827,-0.18659371190750712,0.43537005750712127,0.5048192493584359,0.47876061125295954,0.7976378937685674,0.47890763535242553,0.27964869181710605,0.36257934900292244,-0.05218604925942655,0.0006464095327243101,-0.23028830258182623,0.12200619181403202,-0.18191444860482905,-0.10196615207379207,-0.1122777616781842,-0.009924501172314103,0.21013263171637656,0.16059400550343458,0.2323058487788087,0.15368216557535738,0.5642914179085649,-0.2449253930215968,-0.34707219074944257,0.38357046498988323,-0.12724874487112794,-0.044964478113758366,-0.13671961529818047,-0.2777592062222574,-0.41173743810338304,-0.1926016942331047,-0.10760526533807989,-0.2766568499681398,0.31251357259287643,0.16705743468506976,-0.13398263036941116
-0.0766431459096266,0.20294360523150823,0.16975640729371907,0.26217745887908317,0.13867956839241116,0.21813132800901588,0.5294842498259226,0.13976472747862048,-0.041441108471553724,0.0678483294341734,0.07496680234623876,0.39864532707595984,0.14827063243261362,0.3594729372441993,0.203058662913688,0.3694313894024274,0.529584271881593,0.4099491695283075,0.9999999999999993,0.23629420937244353,0.3913054582893384,-0.055148398466925236,0.22987271089797645,0.24460840202784298,0.20744010411461203,0.44244043824523127,-0.18824845791412012,0.18623565242063345,0.0782785823328189,0.30953365754515744,0.1354406222856901,0.05826276852446212,-0.18546695777547187,0.2167699761935321,-0.46259590264346323,-0.27709422984685195,-0.4113451279284083,-0.23922221284105932,-0.2732986784246676,0.18229115518459607,-0.31936306546940973,-0.10519039143763863,-0.16109005361441414,0.12210073473431075,0.11753369950584056,-0.36806525721664013,-0.5464428733120631,-0.44204951083560723,-0.13490080032907606,-0.25622153864725056,0.050857488606778724,0.1546128602208448,0.42659301928506493,0.2639068860795152,0.08817429686222518,0.2843804587305308,0.3855043935154971,0.1178683721964603,0.1596387488020687,-0.02713570529346297,0.2630966445287828,0.12310357432667972,0.05159182237911161,0.32667939191495554,0.5200869355314723,0.20834457399438996,0.53371575862412,0.5727492127930941,0.2222537661522576,0.3567458651327147,0.5452546456015622,0.5671641045537098,0.7014892865243505,0.45532405946240717,0.4623333320584343,0.36328851364499987,0.400606120167578,0.49915467214709386,0.11462953769474242,0.09462267222564771,-0.04946269468909675,-0.3924251257311087,-0.181573592974696,0.004267714124789293,0.018962089808248685,0.12541854381695552,-0.3798828831666188,-0.1074809247448387,-0.20718389741301893,-0.18498638457972627,-0.1637211408418416,0.0675267401303306,-0.13075228049461873,-0.016739520706926077,-0.0916203269194176,0.0834494883131507,-0.44076039332324474,-0.19383617086216226,-0.1922139022007924,-0.426479960344677
