0,1,2,3,4,5,6,7,8,9,10,11,12,13,14,15,16,17,18,19,20,21,22,23,24,25,26,27,28,29,30,31,32,33,34,35,36,37,38,39,40,41,42,43,44,45,46,47,48,49,50,51,52,53,54,55,56,57,58,59,60,61,62,63,64,65,66,67,68,69,70,71,72,73,74,75,76,77,78,79,80,81,82,83,84,85,86,87,88,89,90,91,92,93,94,95,96,97,98,99
1.0,0.24454600568214516,0.3121178332754096,-0.027710019555903395,0.21101701979483037,0.31637428070173923,-0.015490052643667374,0.16966042922475552,0.03425733307065947,0.2657660077295933,0.2759673285091916,-0.1162802537172728,-0.052206650253305065,-0.016666864708410157,0.06817232958599648,0.49689368738566486,0.02246197556923096,0.33794911866682464,-0.04565105228382172,0.36281720298447473,-0.129182161510619,0.42822158775659935,0.3938482675078074,-0.04511177724787966,0.06471514611818065,-0.07350339674411602,0.22350973231621155,0.1903869654974387,0.17966125453378903,0.2023276351441686,-0.11434883288909233,0.2854699779912278,0.18389996084307053,0.31978827898457296,0.17242345733688927,0.321157640079625,0.2453135113202425,0.16967827734491983,-0.04581267494821389,-0.0440063260986535,0.09299984992245278,0.28245265720853174,-0.008695813725017973,0.08471597169081822,0.06342975762734551,0.25836687678823234,0.07154660796516338,0.2604416045864215,0.5383641413975482,0.18394829652238917,0.4493628422629012,0.517220735793765,0.12781151254742007,0.18321867955154528,0.34297758702299885,0.21647836038249313,0.284733540924385,0.026908916978052727,0.15889795011904959,-0.042267754613774064,-0.06639648784997633,-0.042002079237283926,-0.005203312078118936,-0.16983763889496006,-0.2722091276180626,0.06254423303394117,0.2008170938883533,-0.3440988830043197,0.2120139159328558,0.40910029295903577,-0.08759811101586182,0.19119723056218474,-0.013235630845785596,0.032053400148762616,-0.19403248873905746,-0.12219268330234864,0.23589808731492773,0.10914765973236176,0.04973065826566829,0.12484632957407779,0.026792436799223544,0.16512695850125925,0.11198308909681859,0.10898492572288344,0.0881615991322398,0.08549914000818908,0.25041377640839063,0.2262477432799745,0.4343386918348721,0.13118601891442894,-0.01206988096304377,0.042773782494247486,-0.06381913715658599,-0.222048822951618,-0.03341986414416739,0.05749648616057869,0.18946508134281412,0.299449165470089,0.488375392552663,0.16167501698498501
0.24454600568214516,1.0000000000000002,0.7263899105726326,0.6760100063519804,0.7933486293977936,0.6705573837574134,-0.2928510813989064,0.8394833403856969,0.3806611841439414,-0.07642063494681701,-0.2505192329936798,-0.18497561461691647,-0.3533496202935875,-0.3424625205387008,-0.42780599469675307,0.5892442820045009,-0.3822130384951829,0.5419702236836313,-0.5045257970426664,0.22816639453051005,-0.4927665563192781,0.1998011768104571,0.2322529677132949,-0.0995029435225247,-0.2113281035819919,0.07962601173819388,0.2671142625712909,-0.1240486475427425,-0.3015325407999385,0.3255380265097689,0.03760330522967649,0.161583742941339,-0.05465704063478753,0.2106847126772341,0.14601024204215438,0.2020143832090879,-0.09716105327792673,-0.28399656314199273,-0.3969715166861209,-0.46024867102288974,-0.463935722083031,0.06907962434108136,-0.0348552030592427,-0.22577169483171883,0.2813128657560763,0.026663795593438764,-0.05536213849446405,-0.0920921413595936,0.14757412009505128,-0.3959257654549685,0.4801632276608517,0.8228324290610212,0.5566169838667757,0.5388231249664029,0.7832310106542876,0.33462535438022906,0.7270573464868942,0.45607979008314425,-0.1343197794655276,-0.4128473196633207,0.08130034435588675,-0.3865455365159885,0.0076820957602198306,-0.4718767326117677,-0.4736977423502074,-0.33112486574591826,0.2361388004974768,-0.41964069165935564,0.28567620006830785,0.5313874803056847,-0.34503312005270126,0.3992719489602604,0.1854865744109538,-0.10595322595979273,-0.058123231312498976,0.055448455790300964,-0.2631184951055812,0.34322530858424516,0.21117867866927267,0.3835467166037402,0.3372393235226225,-0.04588966412128252,0.33421776872508685,0.38626881945314595,0.36037853153918775,0.09535448822687022,-0.12252974313848546,0.15494437909871833,0.28848714510692625,-0.20806332468560781,-0.03249815119931971,0.028729620206782835,-0.18809147042893112,-0.019162990337069485,0.2175610192175842,-0.15918704058803101,0.168034883639554,0.051677017712491696,0.09142934107068987,-0.36929558868106127
0.3121178332754096,0.7263899105726326,1.0000000000000002,0.32076070736931694,0.6071561874831274,0.8523363917221896,-0.346638289879259,0.7453378860490457,0.44589238012059534,-0.0442241492145444,-0.21067276740496876,-0.16534263849403466,-0.2733302804940267,-0.3642388379488079,-0.4308822460094246,0.4517698063304895,-0.23923741343110688,0.554236168409397,-0.46227742964978125,0.32209891426035886,-0.491803372771603,0.27598726623434106,0.4014109775230068,-0.05538760874610696,-0.11105524166418079,0.21388656959963973,0.3466139717082424,0.05822699706526262,-0.08294058944621642,0.4327160094058487,-0.16586904618526044,0.15072444564047205,-0.03270337116797041,0.2172014356742615,0.06933986097104669,0.29861738186333786,-0.1404673432475786,-0.35516382006400277,-0.452170772293591,-0.3193424462805288,-0.48827015954712955,0.003736711626945945,-0.1435037632335122,-0.22402701631395985,0.10901769265403094,0.0368840140976244,-0.1072851844404672,-0.02828854079853509,0.24524399308724895,-0.3326026744822303,0.371663515776407,0.7266232800178496,0.3317049306165119,0.2287345544773752,0.6883809241087491,0.445128062803248,0.557735918124823,0.3564061803953172,-0.09232636705736304,-0.47767303813899786,-0.07343428770677192,-0.34088529671252243,-0.004714872260602428,-0.4267076653309113,-0.563968741663772,-0.3712803376370564,0.24160937629290352,-0.38371073079576595,0.43654752060581214,0.5445671487283928,-0.30701901232842305,0.5159179349477144,0.45114553252469786,-0.1732974468879345,-0.03348692762800545,0.2288330025672108,-0.11630933812812318,0.47038488149149094,0.05047386714792038,0.14686764287584184,0.3855105874379717,-0.04902673392737477,0.2687669848101842,0.4369566712647082,0.48067422572587565,0.10545688936850356,-0.11251489278625043,0.27205018667741715,0.2955901029531245,-0.22912533141471508,-0.16514662140537248,0.0017540133977996782,-0.13599510316448923,0.014984934111219053,0.2436311554874889,-0.16135386722627673,0.2377955349112087,0.1731916972183668,0.1057720373686362,-0.36983435553172606
-0.027710019555903395,0.6760100063519804,0.32076070736931694,0.9999999999999996,0.7964656926858712,0.393469229543696,-0.18079198143477224,0.6210558514532671,0.1716726835653171,0.023890874883018717,-0.16550406505811965,-0.11974658683984146,-0.46593168263202794,-0.48290825758475187,-0.4523870038141609,0.3364239749147486,-0.4279297938261252,0.2750287043138896,-0.523948926487154,0.22049536716495363,-0.3764975937611918,-0.016936387149864684,-0.02517031096488748,0.022051529792686344,-0.06239489898918711,-0.06266990215413516,0.1904625798512805,-0.15048508256528748,-0.19531863632954008,0.10998768072906306,0.014452086619164067,0.05418809752942753,-0.23384056890110055,0.02523068419964215,0.11954400517845887,0.1854865949191171,0.07244423143954577,-0.07892022514940633,-0.16625008172042033,-0.40738928223079296,-0.15357610316706877,-0.09418742189445659,0.10208364144080699,-0.09182082178852076,0.3919537810128432,0.18023567995250497,0.028166482399310574,0.02407412994347458,0.2054233253269908,-0.17818694351833364,0.31803568870004306,0.5293507206125678,0.4725852764522298,0.8090071960743831,0.5255091187126193,0.2117796365730272,0.5451317916607692,0.4418179841662464,-0.03315895898376694,-0.24004207296883118,0.13713646548251313,-0.4351632005654691,-0.27482979947638925,-0.5781795904050666,-0.4562214557529568,-0.3824548514967857,0.25091294049794355,-0.3899303772130005,0.00987710836410993,0.25460894719355853,-0.22118654549857653,0.0017506197408206346,-0.07569254306480758,-0.008624089575465689,0.05190209670324923,0.006272460023628095,-0.13202106717179715,0.0799357472837447,0.1015082013034868,0.2690915132683571,0.2423868274130136,0.036784097827839445,0.3728133067917585,0.1880496821321315,0.19676498346181606,0.01732810620203705,0.026655668216558858,0.026808852218420484,0.22359402265889616,-0.030039694595108364,0.05788818956023713,0.0342047505535632,-0.30007802657919264,-0.10296053779092329,0.0783356906246816,-0.021404380721424227,0.16293827375415162,0.05343321114744809,0.20340473807409296,-0.13548475309296415
0.21101701979483037,0.7933486293977936,0.6071561874831274,0.7964656926858712,0.9999999999999997,0.6973831418364875,-0.4233482048446089,0.6876810983483642,0.29593265773828326,0.073526756901953,-0.2122633331133228,-0.13461050201389108,-0.508360917014698,-0.4586126518593606,-0.5074970621025408,0.3351159298250184,-0.4012117319775317,0.35929373118043734,-0.5412708666899337,0.2974441816871668,-0.4980452085223188,0.11615760922278587,0.2375914514044178,-0.04013674027522208,-0.08115954061352902,0.04167236357991149,0.29327946585717,-0.016025223858358386,-0.20736125761660454,0.3446012965149475,0.08069795442373134,0.18999786143948755,-0.19820803262261621,0.13392696312682018,0.0668409678938236,0.2790705671605705,0.12634406589881156,-0.09784740232959929,-0.26607239907659064,-0.4226982959104435,-0.30095766684660413,-0.0018345560214331241,0.016761723225502286,-0.15206110545382884,0.3636132981900304,0.16798136263738242,0.001568788133094148,0.058763002119943904,0.31685222321945117,-0.17283950895129022,0.3569005986988902,0.7224445959234305,0.3717587214977995,0.6683484752117398,0.7486127349466795,0.27493562355145273,0.5535328056152969,0.48820339538753316,-0.07521869527525984,-0.41985975026270655,0.11275822195215403,-0.5282334909995274,-0.17269521690642542,-0.5649911470093134,-0.596221346394287,-0.4304384156285903,0.1137940658555904,-0.5600600706909278,0.26365471433011317,0.3986352442157148,-0.3653079421704878,0.2804040858501391,0.15130663098293773,-0.039314837040601736,-0.06663129128458095,0.09596619752338321,-0.19736862561356064,0.347745748639838,0.05693468682064533,0.3664892882369664,0.4385347424095645,0.13697000503192044,0.4558525358705002,0.31823576549630883,0.39554208510458205,0.21603507717146966,0.14515994189662978,0.26301323593288506,0.3466951783282998,-0.05500684717876273,0.023610299679565648,0.0020235423790920335,-0.219913485181417,-0.04769840101350135,0.26128666372259357,-0.09371070153732158,0.3111578844208579,0.2178120797583739,0.23652926038678498,-0.14311343276548646
0.31637428070173923,0.6705573837574134,0.8523363917221896,0.393469229543696,0.6973831418364875,1.0000000000000002,-0.4646335727180602,0.6237936211389944,0.3801374807649786,-0.08289915996133708,-0.2612212350838885,-0.17191088498439067,-0.3832558421701769,-0.4726743319543603,-0.5623498179405738,0.284464454656475,-0.41795416941492397,0.3921918903711084,-0.6084645671024806,0.2802360935670657,-0.6196720743957455,0.11926722806284237,0.25380871898514495,-0.1532620956728627,-0.09496926172565792,0.14956143658329424,0.20710562232635346,0.1005470404136571,-0.10794173041908509,0.3886058140151973,-0.09660183511915524,0.1232011117894559,-0.16925887526515027,0.15930827127850716,-0.07458543897652806,0.4223007863523821,0.08241341617521124,-0.2275727949588418,-0.3466023713731794,-0.3901427938588683,-0.4030586124497169,0.09912019026242504,-0.1566651975955093,-0.16409716565669297,0.07473397724283941,0.09366873273986116,-0.1396935816719585,-0.0036488800916764904,0.4714216623086822,-0.1652197790759983,0.37066725015314395,0.701697523393008,0.22205406639165332,0.4065989354905015,0.7714551611576973,0.5973335988010183,0.48335346863731726,0.4704748361572818,-0.07475010623517932,-0.46596235422708115,-0.06762323008509012,-0.43029444181448007,-0.09950076617006957,-0.5573784033034651,-0.6612387514940236,-0.47201231437288377,0.1006027861047061,-0.5095743846008888,0.3992513526192319,0.4450274396641129,-0.4089677518645799,0.4046554357668608,0.2994853537046573,-0.0980432811136809,-0.14474424908572137,0.1926485622013644,-0.16657004109617726,0.44198923880440166,0.09889038621671928,0.2018791822511677,0.3691478852397213,0.12821306635759455,0.3024364605173063,0.24472385849610412,0.37213796881824657,0.169335042151028,0.08765985374112333,0.34349165445323754,0.4503371041081052,-0.08322875002360794,-0.004426108923542438,0.051530458608057605,-0.12748151117116838,0.13378954243338043,0.2877049855860848,-0.1181112337366457,0.2969930676482192,0.17693548487692762,0.3319216314122612,-0.17073548829241927
-0.015490052643667374,-0.2928510813989064,-0.346638289879259,-0.18079198143477224,-0.4233482048446089,-0.4646335727180602,1.0000000000000002,-0.1256024567324808,0.20967157967196898,0.03322913783433615,0.203484551018828,-0.09035866157557106,0.3508428531861609,0.39377780890379543,0.5125253466443835,0.14778951053546102,0.17182744389565138,-0.02628639259075894,0.4817572071715361,0.018211337727263813,0.5236789292310191,-0.14003019717290047,-0.23558649583977345,-0.1864815241582071,0.03969285588539195,-0.35765907395708985,-0.28850534586569626,-0.2462512367951528,0.297242371513252,-0.4954269168329443,-0.12500538848026382,-0.043290947499805194,0.25146100329527504,-0.2559655030997425,-0.2700258053938896,-0.12713241174525935,-0.07324452044763506,0.1133727294144973,0.16767876687640967,0.31763256745492074,0.2884148828717495,-0.1309170395250366,-0.2378069414421309,0.26644352112524317,-0.0896907855376947,-0.1892657949344487,-0.1927310522060093,-0.09791543265139545,0.08075423213259458,0.41780662438610194,0.07788283710379493,-0.3114704141267993,0.2565423690938823,-0.06780517415717571,-0.30144451199486333,0.10584068453684563,0.058951324948404965,0.10802535803454828,-0.0707325915209215,0.37840933620263806,-0.1092077845202422,0.40877076760266046,0.0670623677378524,0.396006292751823,0.5328508780162032,0.42390303536403007,0.4525057771262623,0.4352322507426951,-0.4530253892252355,-0.11808505468777786,0.5080529503307996,-0.4810274301989318,-0.21609160011173492,0.1923104631479042,0.01043766055157721,-0.42803165163638207,0.3565002498851364,-0.5984111072939863,-0.08224732860952545,-0.3356246783634665,-0.7075865555561934,-0.21825621423753494,-0.3077152819520965,-0.4546631698707873,-0.40897864683867,-0.3939433025775377,-0.04984603399442489,-0.3345839876024767,-0.02971351728016123,0.07814777025292112,-0.12698332657654904,-0.016586003231511853,-0.07738689738165246,-0.1621979781038703,-0.5714672036929522,0.3112662549777629,-0.32716206517781427,-0.013039196756254434,0.24521188661759047,0.3758719907953868
0.16966042922475552,0.8394833403856969,0.7453378860490457,0.6210558514532671,0.6876810983483642,0.6237936211389944,-0.1256024567324808,1.0000000000000002,0.6174817425271781,-0.14313309004325833,-0.2967394951559394,-0.32830193119319656,-0.3950656870955021,-0.38789626312555575,-0.39194781848398325,0.6239802890945542,-0.4051196064665783,0.665627244902153,-0.4540421063940779,0.38705902717469964,-0.3985309375904581,0.12116925010080508,0.10220293060429357,-0.12385810010312093,-0.04489318819018758,-0.01334073847974449,0.13002516153652302,-0.22294180495633595,-0.16184001584389698,0.1325414004704143,-0.12349449330785425,0.1513769332848164,-0.06630791508599915,0.18125514955864927,0.022908768403557978,0.22506183385954595,-0.1608293264791387,-0.3743602699885708,-0.5831140181726477,-0.5006941007737064,-0.490606004545276,-0.14100490367510515,-0.14426351457593414,-0.30823246152606526,0.12218175504605121,-0.10802876736814851,-0.23139752619165066,-0.23391405201266427,0.12049821521056661,-0.31954034249131374,0.468508511389401,0.7469411254252551,0.6490259078824842,0.516693282830764,0.7236432072380651,0.4023263123317798,0.8805533155472584,0.630111833305475,-0.193193219403483,-0.42336912908753,-0.14760511978711424,-0.33948786423835386,-0.11695983199585523,-0.47217974685123737,-0.38357278828117125,-0.3330096297503129,0.5219533597292327,-0.39513607047009797,0.17133023257051602,0.6285659197472684,-0.11598875200524104,0.27429511810124596,0.17025016859263278,-0.12037035997806071,-0.05987349221073413,-0.007837280964682737,-0.06589934881395434,0.16443184557044022,0.002968866276143975,0.20504456725018233,0.22729170326697948,-0.22406205389972328,0.24762472934858848,0.3156783523788669,0.2641928146378026,-0.07961004975068439,-0.18069284467610555,0.03397777600266786,0.3229859234302778,-0.24674533580566493,-0.254063938052146,-0.03625025618992266,-0.39185709755475057,-0.22717874619082182,0.016167517708755783,-0.1598314443518207,0.05024967550391614,0.0026343480670984244,0.13058074677951076,-0.33551064164463107
0.03425733307065947,0.3806611841439414,0.44589238012059534,0.1716726835653171,0.29593265773828326,0.3801374807649786,0.20967157967196898,0.6174817425271781,1.0000000000000002,-0.12996081696678682,-0.08999017352123145,-0.11467399342220488,0.11532864945007004,0.13315881153801323,0.05710230298224049,0.25189130389293657,-0.10720601867585179,0.3179783718964246,0.09987964435318455,0.1659602830179557,-0.02990811199407333,-0.16449099281764867,-0.08927667551703282,-0.2303263019517774,0.0244920336963051,-0.011264712359647776,-0.31280661777360325,-0.13794580753450614,-0.04468736066312071,-0.10447601032384601,-0.1032691735814042,0.1928331720264619,-0.10001859975168993,-0.026141458853490306,-0.34760451066071113,0.28834421283680317,-0.05928538558700069,-0.15260936601511357,-0.28448565330781145,-0.17959995868973622,-0.29503801838697,-0.12345621173249778,-0.33313767239997305,-0.07443565978983115,-0.22622329194296106,-0.4276978517001955,-0.3622722847852579,-0.3096942500449839,0.14444562242962578,0.07632767504131283,0.2670819865539189,0.3319575792068745,0.4638088918511411,0.1798920115581725,0.47740757812595097,0.5887324803358278,0.5489053617479767,0.7982285065314391,-0.1349185294047621,-0.0616161548686563,0.04598426156129442,0.14413948658556483,0.18515017528795563,0.07331521777900264,0.1413647213823388,0.054779211696656595,0.5278163003899525,0.11955222192091651,0.1255196505292009,0.3680152535418116,0.24198638316682897,0.12905843576283701,0.15950739056823468,0.14646751079762452,0.003595312250625276,0.029631464245610598,0.12884206670871118,-0.034933813363094715,-0.02759453242732534,0.0792358032491079,-0.13789843425692228,-0.1653698510049488,-0.07383254409086598,-0.10866233126436128,-0.13318752714563606,-0.13589917689814113,-0.033471508466128466,0.05281366551482565,0.4037031527338572,-0.07582060136793711,-0.2326868873547998,0.21074375193597014,-0.14538214396957141,0.026798428391773845,-0.062247270552422074,0.07430961335064375,-0.2744298043054946,-0.12378436431625295,0.20459829058437115,0.08767759284365581
0.2657660077295933,-0.07642063494681701,-0.0442241492145444,0.023890874883018717,0.073526756901953,-0.08289915996133708,0.03322913783433615,-0.14313309004325833,-0.12996081696678682,0.9999999999999998,0.6631973547606466,0.4645243909227338,0.18443138192220912,0.10470397521513539,0.15206579919116592,-0.05019532103708951,0.3422949442230997,-0.20503375762060344,0.24603225033179624,0.007720822994269205,0.169235891118832,0.09472367843125355,0.10863203363861691,0.39638660497994255,0.46691108164620115,0.15473065398887,0.18650197442149613,0.31207922001611016,0.20150762758695479,0.1442913650433674,-0.1308027780806394,0.1742181285744634,-0.04364550229593585,-0.17552486848287308,0.060199196046465425,-0.06217423037169864,0.11870880872925588,0.41695882103118653,0.3441419088387432,0.4147245961560574,0.09605962038922865,0.1478580398764182,0.20215616164368977,0.11967255936931673,0.013487892464569124,0.17160309474681668,-0.00948654073113595,0.01592009631824553,0.15184065835352095,0.0642514035807717,-0.07308090097542617,-0.036434054176677486,-0.3053855060941112,0.040310195573529196,0.05984664571719036,-0.08456390890692392,-0.1813614690209362,-0.06971958335814982,0.7026561031251404,0.5128765464076593,0.5203319710708184,0.01938311791103033,0.007915308237413179,0.07725572551738429,0.08445280309510633,0.06143234595406532,-0.16039825702260474,0.05084739517735768,-0.1742421410219716,-0.2442776390113103,-0.007700227232923418,-0.05348948380881245,-0.12999997526063775,0.38937201406345273,0.3922585697120709,0.3392059834492295,0.3344783859891433,0.10086202724348572,-0.3600882075535601,-0.16264945088118254,0.1210118578993715,0.13061880436440715,0.11533691832214614,0.19649145310052588,0.16874188445314328,0.16430286715273865,0.17383029069078804,0.2770326339570285,-0.07873493924653814,0.15656145128398782,-0.03405707685963867,0.20498555586982867,0.3321029654394556,-0.058442627070437694,0.2477777136472765,0.01860246681949298,0.17412378892856872,0.23402515781806715,0.09290469470924183,0.11215063205769697
0.2759673285091916,-0.2505192329936798,-0.21067276740496876,-0.16550406505811965,-0.2122633331133228,-0.2612212350838885,0.203484551018828,-0.2967394951559394,-0.08999017352123145,0.6631973547606466,1.0000000000000004,0.6186838177460846,0.45118304306293355,0.45749553355151734,0.5297482749118241,-0.007174790598656998,0.5581728186116531,-0.16508132142387194,0.5125387838119958,-0.06226895446046884,0.42763799175200945,0.26158952534841257,0.18164350721130626,0.32681676089138895,0.36668816859960324,0.22726044950402283,0.028663796849574985,0.3556823423435614,0.2418676295099545,0.11225736683117118,-0.17713650840135065,0.004217951457755327,-0.13539398645039993,-0.13545309415835174,0.06304204558735954,-0.1100797586257891,0.006877740898603485,0.27856057974269627,0.27777556956775856,0.38145394332129773,0.15831666451283216,0.170118296740629,0.1354510846021038,0.2822935659293214,-0.14282776147493284,-0.009937869471178681,-0.11461944933930068,0.007662680893845667,0.05345049633219257,0.11209521918093976,0.09343382388217722,-0.09460107247717008,-0.19229517432732338,-0.0466420449127565,-0.15478199961172065,-0.12274394200076356,-0.17490164729613655,-0.19892735749925014,0.5603352713449194,0.6034499054205731,0.41186106449525506,0.3817320283902646,0.05505430679568086,0.3259935842039446,0.3081065075453303,0.4190360167254614,-0.12578186379666415,0.3503595515586466,-0.2541262117939103,-0.26165302484244357,0.18758962486597835,-0.08124461105665752,-0.06769029278468024,0.15879956276242513,0.39410353813939714,0.2153152537576314,0.46440843192715753,0.07158384528514465,-0.08483323015047968,-0.23950345324211939,-0.20028743056093076,-0.14074530366201002,-0.13426617320401113,-0.14418585270242174,-0.17144572360513277,-0.20694596842291135,-0.012158117441587719,0.04282121882781633,-0.1292753312293935,0.0025687823078866766,-0.08271614473464994,0.12689280929334773,0.15894253559101965,-0.04897475696898924,-0.05847391961567447,0.1916157027950201,-0.18329494344161815,-0.03216088209901806,0.05131322422122989,0.14124154159851487
-0.1162802537172728,-0.18497561461691647,-0.16534263849403466,-0.11974658683984146,-0.13461050201389108,-0.17191088498439067,-0.09035866157557106,-0.32830193119319656,-0.11467399342220488,0.4645243909227338,0.6186838177460846,1.0,0.44707846878844204,0.315528574260544,0.278727184816871,-0.2575107086736815,0.5976377333701997,-0.35120607992412334,0.2733955362251315,-0.3718684816314791,0.1398259055613013,0.07959761952018653,0.10270910181551618,0.5019491603569443,0.35110540895583814,0.6266564170492525,-0.01756054256418664,0.4500070416514667,-0.006820827669281805,0.3077919815214965,-0.0673128855916573,-0.05263691261085033,-0.3721187565637812,-0.28152804176486074,-0.016193321731635818,-0.20469745282088941,-0.16581280938330656,0.08757528563667137,0.18986919559937832,0.40240239126272825,-0.16636474728639686,0.1524982646856408,0.07630250421106692,0.021782242233901336,-0.29154707901262505,-0.2204933491989896,-0.1643679208848752,-0.19810475151486762,-0.2675030052371204,-0.2203015352451476,-0.04417533260326943,-0.09703265515292721,-0.3338165767882421,-0.05387487703972782,-0.17084591287932752,-0.12862076943783712,-0.28510782132567225,-0.21035094484004982,0.4790135537245791,0.5759785544153415,0.6155676581336904,0.2776744333425816,0.22639394421571524,0.1756751772320425,0.14890420786961092,0.15025032586841564,-0.37691253725944524,0.40705741502782217,-0.1518053606949465,-0.4604516667736768,-0.04473898602639234,0.10664234733442743,0.19776483822881624,0.051047671799333366,0.6262336983265474,0.6069005180786562,0.17794985075338535,0.3989140365109847,-0.11305777850304323,-0.08271529590945417,0.07052180001357988,-0.29223544518788613,-0.3471108521396488,-0.18332264106191756,-0.06020218561179543,-0.244646465908464,-0.18685780401573984,0.012211461330764693,-0.25015215634445714,-0.23721626930123396,-0.2738747105730744,0.24347343636290716,0.27331521607364856,0.20790316737224102,0.08880796914480504,-0.07763477122508061,-0.27853930925981074,-0.2551234692506544,-0.26906624207723845,-0.15586420862998612
-0.052206650253305065,-0.3533496202935875,-0.2733302804940267,-0.46593168263202794,-0.508360917014698,-0.3832558421701769,0.3508428531861609,-0.3950656870955021,0.11532864945007004,0.18443138192220912,0.45118304306293355,0.44707846878844204,1.0,0.7938442783306,0.734049327861439,-0.1341506136422199,0.5722582516292335,-0.23775454844015806,0.5950807691971732,-0.2695132696205535,0.3903555898335342,0.11512823433205589,0.05346444435461928,0.08333510989139443,0.0328094582246818,0.1552728551463582,-0.2881475568135383,0.03748676883293899,-0.01019165253462171,-0.05916078608244446,-0.17942002210288338,-0.1810231633556056,-0.0055071737248536924,-0.16749172079925367,-0.060823264259602335,-0.14712504939499674,-0.2603395324111736,0.004515678662499348,0.19322795169258,0.4762810675947685,0.06373079562735863,0.006010569447236894,-0.16072180257351232,0.11180788449354828,-0.343376587750978,-0.36832877104130884,-0.1269757583808332,-0.10610098005493107,-0.16719463028103249,0.03101407718958259,-0.12245762799355914,-0.3203846294467247,-0.1063269299891009,-0.36550553946741915,-0.376613699840339,-0.03485265434049484,-0.24958411702231095,-0.16049731876005624,0.23684408351652197,0.5948330414065336,0.45907169040532597,0.894010470133269,0.6194723681974325,0.7083225414802234,0.6293761839478836,0.7055059855876561,0.04114317896539878,0.6903887721243293,-0.05382221375863378,-0.1981966577852699,0.32397388256465515,0.058951265774395134,0.1742900484868736,0.30754184461329614,0.3457113300615501,0.02925346530150685,0.2622116033889586,-0.03532629124364041,0.04265605518129299,-0.17768513741667474,-0.36189925822712193,-0.12753817106042076,-0.3194127289065229,-0.2321895790682613,-0.36713032345150354,-0.18418868479829825,-0.22103264968300976,-0.22870657855064155,-0.15792033958725593,0.04171794494868155,-0.16194108941056323,0.13386965439005694,0.29667695823155077,0.10342924488732992,-0.15083578499673791,0.11509242082531392,-0.4214312112246737,-0.1922460907829892,-0.08520403370321077,0.09236513594505222
-0.016666864708410157,-0.3424625205387008,-0.3642388379488079,-0.48290825758475187,-0.4586126518593606,-0.4726743319543603,0.39377780890379543,-0.38789626312555575,0.13315881153801323,0.10470397521513539,0.45749553355151734,0.315528574260544,0.7938442783306,1.0,0.8504182250151622,-0.035647066677299055,0.6065667150214907,-0.06817657072923905,0.8221714721111876,-0.09853716603583046,0.6849557715856214,0.1645771988463194,0.1577934901141411,-0.01867169363489828,-0.03951647827983638,0.006875962662606173,-0.24171457659694348,-0.028689563144501808,0.05696465344556439,-0.07020794204958772,-0.10648348979866441,-0.13236917953319371,0.07128162476170029,-0.08299720791562158,-0.006480254664413759,-0.1607133820745035,-0.14445219898010783,0.027129554824488977,0.11242248965200716,0.34003047342199955,0.11347894417879205,-0.1281259333276328,-0.16547204571832566,0.023653127573795202,-0.2759900875745898,-0.35062028653008376,-0.067678087380182,-0.12355512554676125,-0.27633156561018,0.11321514262025259,-0.17985130292760917,-0.2902467262293471,-0.015031771243291171,-0.3774429554877373,-0.36732535019039975,-0.1521029003679439,-0.218701820919585,-0.1674169580406062,0.07042159463124822,0.45989230792714114,0.28616035013167557,0.7094308046074812,0.5432759186020916,0.8537045587873677,0.7301428341839179,0.8350355935388766,0.0147667956331034,0.6707833624295781,-0.0733401732581956,-0.07031615839801093,0.5220494879214855,-0.01962723835178411,0.17259259973286506,0.11022118697722744,0.1896020997162631,-0.12677276826504505,0.2761528074344355,-0.0974150426447746,0.0721585927646286,-0.31929183121658905,-0.4084838530203456,-0.21790006842971651,-0.2546518679937804,-0.2631198032638381,-0.37777848882723325,-0.20676258317035,-0.1086927951670583,-0.30190986748035165,-0.14854800897221832,-0.08784919072977966,-0.1911515412239715,-0.1147120252137892,0.14843541756441755,-0.045416953720950136,-0.283237324469514,-0.021048473574782386,-0.4234021607257234,-0.2365438717591615,-0.1745901082069428,0.17027835464022417
0.06817232958599648,-0.42780599469675307,-0.4308822460094246,-0.4523870038141609,-0.5074970621025408,-0.5623498179405738,0.5125253466443835,-0.39194781848398325,0.05710230298224049,0.15206579919116592,0.5297482749118241,0.278727184816871,0.734049327861439,0.8504182250151622,1.0000000000000004,-0.023497591266606305,0.5424661257792547,-0.13040683234513556,0.7767878526695245,0.0003143351672883192,0.7548363661541887,0.08653152373777613,0.024537709942909568,0.0959696519282503,-0.02042560597587148,-0.1282447964222339,-0.1787422737266986,0.02188247605742707,0.3220451867732238,-0.24635119297832747,-0.22134510478638333,-0.19118787418700295,0.11457935291912606,-0.16689047973469764,-0.04385975187692741,-0.2543833443508986,-0.13411364859009783,0.09219582165135902,0.17923833186637153,0.36248508896914,0.22263677149376543,-0.1485736365730916,-0.13219213143930628,0.16575576758849112,-0.15245955903592592,-0.20681961261450074,-0.09297801894878774,-0.02127548295101053,-0.195583006737574,0.2493865662147348,-0.07728489150320524,-0.3209396150466337,0.0554355791004094,-0.3016022697294239,-0.3946663094427109,-0.13346222040628247,-0.18492681634866515,-0.1664836125292749,0.22372040784291475,0.5149924697979773,0.18107125965992876,0.7290083598158922,0.299643418724377,0.7473690892108762,0.7762840631586702,0.9400517309799035,0.18812582767423502,0.5898905352305901,-0.26095608426256495,-0.1706362744499084,0.6543536300742657,-0.26533705931525037,0.03324289926080566,0.19033884301570808,0.1922054114490765,-0.2280360735082667,0.5562860933353302,-0.19547763075848565,0.05200027256393552,-0.32413456537644114,-0.43625535818871897,-0.23241319514491324,-0.22161335218617995,-0.3270347542421585,-0.3788893979233261,-0.38947750198640885,-0.11238279892267368,-0.3164110744149522,-0.20825739405132307,0.03269418059915881,-0.20146981852267484,-0.13907910978198637,0.1393164829076949,-0.1839436403542225,-0.4466363264772327,0.12166647084577324,-0.3672657330336198,-0.06335906730875177,-0.06087700746210956,0.28346864114309595
0.49689368738566486,0.5892442820045009,0.4517698063304895,0.3364239749147486,0.3351159298250184,0.284464454656475,0.14778951053546102,0.6239802890945542,0.25189130389293657,-0.05019532103708951,-0.007174790598656998,-0.2575107086736815,-0.1341506136422199,-0.035647066677299055,-0.023497591266606305,0.9999999999999997,0.05046216933697707,0.8310139386189844,-0.1481538933263566,0.5174091145460423,-0.07232156467748876,0.5873892750993536,0.4040519418643196,0.038472310985191605,0.060735550454842864,-0.08174937319206767,0.36889669150582016,-0.16015572063047182,0.06231254967721796,0.1422033274002828,-0.12303248674268306,0.1272750743968567,0.10177926922084488,0.4875838628434078,0.29132570300445115,0.16164038332440295,-0.10388916654172455,-0.2480239210970787,-0.513140497296924,-0.2462153389266211,-0.22067404330214227,-0.03121047596266054,-0.15149003314312098,-0.22880444725844343,0.2702233152365276,0.02439520709478607,-0.12030743973671337,-0.09876076718749523,0.13165014012221746,-0.2396558606444009,0.5200758923258584,0.6720007137487098,0.5921651237723409,0.39733384103529146,0.4247818961030144,0.15949452243154472,0.7397888851058938,0.22264618366489627,-0.19353654366008058,-0.3217384564145019,-0.18472421104506473,-0.11709600884257143,-0.004937224216914682,-0.2898327573706418,-0.27110062918368166,0.02100702982146661,0.5537492361967987,-0.2711461191331149,0.28117147224892386,0.7591834560794377,0.013850215337470106,0.26860782727221405,0.1248083909859917,-0.17947222625772535,-0.0146260378022494,-0.22965263126654456,0.1881440425548617,-0.008966089313569908,0.10957934620587124,0.08584409124796297,0.11909634068909333,-0.19285009464443753,0.1798494730923667,0.18716490895746724,0.12188123734817007,-0.1827595918792044,-0.14934445135945817,-0.19012640494201652,0.2812800050901866,-0.18659062263120854,-0.2847044317165049,-0.18181850981240788,-0.47041924933637397,-0.39957011645966206,-0.27559880000524334,-0.17667674796757302,-0.045368112695878045,0.035064703346653577,0.16372207797432378,-0.25680885824099636
0.02246197556923096,-0.3822130384951829,-0.23923741343110688,-0.4279297938261252,-0.4012117319775317,-0.41795416941492397,0.17182744389565138,-0.4051196064665783,-0.10720601867585179,0.3422949442230997,0.5581728186116531,0.5976377333701997,0.5722582516292335,0.6065667150214907,0.5424661257792547,0.05046216933697707,1.0000000000000007,-0.038050967077166396,0.6450932082583634,-0.09022375610428146,0.5221647405316353,0.4219857597667387,0.29226156453209856,0.5651291011999352,0.39251317728847485,0.4055761288654421,0.10343871473917624,0.2643083103511607,0.19593919064484497,0.1546692458943287,-0.15637889797248988,-0.03965899249178251,-0.1518562041170863,-0.025045881844884522,0.13023353095818388,-0.3182297017743461,-0.22937699645953052,0.0328450869304545,0.0028205186431246873,0.47344177878628,-0.11088297648673376,0.03338202080403297,-0.10216198330952307,-0.1452652573485432,-0.2402067235415338,-0.29004650355441464,-0.24149681720537916,-0.2205644600456861,-0.3354474543604399,-0.17941934130894316,-0.2413235377956715,-0.18869662435331702,-0.2955673706689287,-0.3709704442175678,-0.3760491984365259,-0.3423202891849662,-0.27575750935084986,-0.3532460065510651,0.14684969919574484,0.30950391001287175,0.2292184742821741,0.41714093466078833,0.28517274319814867,0.43198096607618247,0.3367592713773859,0.438064055480844,-0.0790795750661672,0.5443874956507863,0.051646721694176514,-0.15778121401372938,0.29884700663214886,0.18720485013214885,0.24230943786280257,0.0348116291174822,0.5951387629544005,0.2719833412835293,0.4131734714950343,0.08985320877251265,-0.1814432818536831,-0.3047563409841722,0.08659169576269608,-0.3393270462530596,-0.29391402059147775,-0.1017129375997522,-0.07457133698784628,-0.2985001563682644,-0.23630544042918744,-0.21590729972577433,-0.3586557044777414,-0.24537326915404534,-0.4551652980921971,-0.11925678785000801,0.06819859287096502,-0.13039457878232827,-0.1849817709256271,-0.19645027605459697,-0.37350907228783803,-0.23477330781658037,-0.3462539921485006,-0.14823200382012275
0.33794911866682464,0.5419702236836313,0.554236168409397,0.2750287043138896,0.35929373118043734,0.3921918903711084,-0.02628639259075894,0.665627244902153,0.3179783718964246,-0.20503375762060344,-0.16508132142387194,-0.35120607992412334,-0.23775454844015806,-0.06817657072923905,-0.13040683234513556,0.8310139386189844,-0.038050967077166396,0.9999999999999994,-0.209260037398775,0.6662064218093491,-0.05996654381181285,0.5849210063503439,0.47037567074666925,-0.04778881978215442,-0.1120949327155252,-0.033797803586282815,0.38734754930467685,-0.1657276718689342,0.045575171655732966,0.13761106714219457,-0.18686469185792137,0.0451124470784268,0.04598650957120207,0.6811936723801932,0.39002371030190663,0.3321368593205851,-0.09615526946204889,-0.43083839596939566,-0.6531091607480433,-0.3573994420701609,-0.22581551582219958,-0.2340635956601997,-0.09456031081658055,-0.3984215907197583,0.2236300443717536,0.0009645196479314488,-0.06586374038602252,-0.02125908709945709,0.04973108388518154,-0.2585427952042577,0.3854327086419181,0.65492557671211,0.5432669467920292,0.28284746941757083,0.38772563684690636,0.05508044354339596,0.7438938940474591,0.19835813249031523,-0.2814303023355362,-0.5450012799783988,-0.2985468840482146,-0.2519865964829481,-0.07709914971452954,-0.252916815422685,-0.29368224726090186,-0.06251320975387378,0.45655060760974225,-0.3630580530497925,0.37922261555600945,0.9016068836863087,0.07128782101838747,0.3287528770885997,0.29483297258130586,-0.3500573767479769,-0.22451804887538182,-0.2214914066248464,0.10129656056847444,0.031493968896223135,0.08102382452831786,-0.07924840564623331,0.22130124417837477,-0.1846935574135864,0.2375312935957158,0.27833331545854006,0.1898400530416488,-0.04744408424184728,-0.16480296403883893,-0.15968462494828273,0.3637778177229131,-0.2903414291146588,-0.26529262225977923,-0.3381333025493241,-0.5813621136658996,-0.3950331765069571,-0.22653019652774806,-0.2869555189326592,0.010705370496617787,0.0802229518964318,0.030774217608591364,-0.3242576109374095
-0.04565105228382172,-0.5045257970426664,-0.46227742964978125,-0.523948926487154,-0.5412708666899337,-0.6084645671024806,0.4817572071715361,-0.4540421063940779,0.09987964435318455,0.24603225033179624,0.5125387838119958,0.2733955362251315,0.5950807691971732,0.8221714721111876,0.7767878526695245,-0.1481538933263566,0.6450932082583634,-0.209260037398775,0.9999999999999998,-0.18425426609907733,0.8408062303440105,-0.020746843014293588,-0.06229422471874132,0.028914760299405186,0.10316634853785825,-0.04132409192393966,-0.2765345843528457,-0.005892731184760727,0.1784015569286405,-0.2772404132964942,-0.1365733096255943,0.09447654280518221,0.10140094440330459,-0.2425641975180255,-0.07781073947269788,-0.30453613823386827,-0.1045538775661711,0.25005629295278015,0.2717706446472062,0.4053566390863261,0.1770307602761259,-0.08237448456387883,-0.09227568661730944,0.12619590575471734,-0.3090131476953806,-0.2881353743883227,-0.0951435507638674,-0.17318081234226526,-0.2024152781978598,0.2888175204421589,-0.2792585018716469,-0.4717492626525106,-0.11969126115050445,-0.415056880642073,-0.46891741572859297,-0.21015616661312703,-0.3383212031236473,-0.21453215167053857,0.1569054087115436,0.4847576735563658,0.14821274005386584,0.5341917429211853,0.23575818951188024,0.8151338640777054,0.7723054199899527,0.6895202334486067,0.04858081092114201,0.7379637341087376,-0.15981345912156283,-0.22964104084926856,0.6043252681520722,-0.1943561449368853,-0.024376719917049955,0.2246674255205873,0.19159735607977166,-0.11326656702228578,0.3747729661957061,-0.3221604984573303,-0.12627113642638488,-0.3346519516157835,-0.4185066738172833,-0.19763729411188602,-0.2754757010429075,-0.22358610124099132,-0.2953079725713943,-0.21988852487154073,-0.054262639199922455,-0.20214771354291308,-0.2756238421731285,-0.02129043730210473,-0.1443450709541126,-0.014287815746158094,0.24586883624700248,-0.057585188148010204,-0.2754755800836776,0.039737300535468964,-0.3735964009347077,-0.2064798464166156,-0.12511746043844332,0.31977501765302296
