0,1,2,3,4,5,6,7,8,9,10,11,12,13,14,15,16,17,18,19,20,21,22,23,24,25,26,27,28,29,30,31,32,33,34,35,36,37,38,39,40,41,42,43,44,45,46,47,48,49,50,51,52,53,54,55,56,57,58,59,60,61,62,63,64,65,66,67,68,69,70,71,72,73,74,75,76,77,78,79,80,81,82,83,84,85,86,87,88,89,90,91,92,93,94,95,96,97,98,99
0.9999999999999999,0.1750508421827653,0.24940423505846776,0.20501926025625516,0.048454583781522696,0.2409601610016902,-0.05147041914835124,0.008945677713862713,0.19452697698845844,0.18006818394191926,0.043314030711456716,-0.14851712526562882,-0.03186341640797519,-0.10948279604173654,0.08216110345352186,0.2332075843119513,-0.16661249402924147,-0.07589006370577402,-0.1337003096171867,0.13430450619362447,-0.06106705312421694,-0.15164311338035044,-0.012172217417655192,-0.4184683586940091,0.24239980617030715,-0.18684601345018378,-0.11573867107320555,0.11710017724897158,-0.049385030418214286,-0.12058055987494537,0.025401127604712494,0.4042258645341948,0.2954950362993462,-0.27719927300966973,-0.2525016763237,0.06628875377754194,0.10896991035039187,0.48406109917278506,-0.07030044373249389,-0.2225396345004743,0.017283328770049712,0.07029775140112303,-0.103299812814503,0.4347179853399736,0.14758429176779736,0.06683394709150986,-0.04328663383833756,0.3488164658956927,0.43950928462284233,0.281066095719397,0.2791525924154941,0.08802657265456348,-0.10601144954551407,0.04027669914930742,0.19611942623729872,0.3121084653871622,0.17932146396458318,0.10668860826285509,0.4215520080325365,0.38792561591628755,0.20745141121577101,0.3714169301934919,0.284184745012228,0.39863772498801064,0.05266874339530985,0.11433195460158709,0.019214646243905512,0.27445244239041944,-0.23007306284347917,0.012806258371933287,-0.046334012847240605,-0.128042331867345,-0.15664410928454878,0.05940106495153362,-0.12741350484392475,0.06124836330262521,0.006403099420717634,-0.0477845988167891,0.1254423418546692,-0.10770720698980654,-0.10817643370103507,0.03962942650002115,0.06340797987912618,-0.12193166647338939,0.2504435138688772,0.12967154672993178,0.04062820360451937,0.17701908303678562,0.18168874252273495,0.037935575367909605,-0.39581875266284045,0.005895038556736023,-0.003296686084500661,-0.0229313761456664,-0.3048930834801938,0.30050856713933316,0.0465911477039851,0.1289516602182302,0.39230509020051574,0.2277524053358715
0.1750508421827653,1.0000000000000002,0.7314472561647131,0.8028974473224108,0.8089637623102776,0.3171856714530742,0.3425733932932861,0.29035807504374883,0.36059420692472505,0.045255639226474555,-0.09482140496159891,0.12823854203193982,0.27540440796527976,0.10249589131734611,-0.07558851441628177,0.8106682259885162,-0.07011216951978035,0.31792382913723594,-0.10249934418103862,0.04649907986837152,0.1117905203873778,-0.09369712945231833,-0.10566111641298777,0.024206486109282332,-0.009198977817261833,-0.10410569177348211,-0.17293986075573387,-0.3680024582440166,-0.32259800048514975,-0.16134828460386227,-0.21914421991905528,-0.09128806244095822,-0.062383748415960186,-0.34329308999110775,-0.22331559618394578,0.14372608751041055,-0.15585045414943394,0.03443187852332237,-0.11219526933685793,-0.08104650415003957,-0.2191219965832395,-0.11378506007601905,-0.4288491700641669,-0.1160245842315688,0.027047307634810256,-0.26316609914370037,-0.4205065241088785,-0.1737234651150402,0.13276717134780106,-0.05133092745566254,0.38458826878314484,0.4404533315032788,0.2716852323849067,0.43483423058250825,0.4318121108978758,0.38554665290232676,0.3129895728421224,-0.014450779516266447,-0.10566821568851534,-0.07524607912050292,0.09695412644590745,0.09351584204072602,0.12564312805038455,-0.007775989309854897,-0.21878333509529352,-0.037904040011355965,0.09216997354483317,-0.0502700659878564,0.046385700210800934,0.3944533738592869,0.20764791320221068,-0.03751816750126823,-0.05372923953521688,-0.07406731922040624,0.14399271529360447,0.2018032548481941,-0.12228452816383552,-0.04978297049248785,-0.050082412530379136,0.013514153341673928,0.0061620186419422875,-0.043953523437679456,-0.1188361651011757,-0.1225527306793516,-0.10162052456671887,-0.2555322451787077,-0.17768199288939873,-0.3879191983191723,0.04375204441758193,-0.15927253376003134,-0.030292166642456795,0.03601409886006429,0.12748706424143835,-0.140179559319225,-0.1254949700334828,-0.17365403970732385,-0.24686889857456845,-0.14190725739538396,0.010245093108593594,-0.11628488004975167
0.24940423505846776,0.7314472561647131,0.9999999999999998,0.6372605131179918,0.5489044587103524,0.3574511235868802,0.42276345041706587,0.5313882121528873,0.34322383495325764,0.2510997501816715,0.03475878553527094,0.3195608413564071,0.42188565585169074,0.2829539187788527,0.06201142868827919,0.697418355473169,0.14212105360966482,0.43517538349275675,0.08857906813549858,0.07786450474543284,0.30202647268333,0.1146841711107468,0.13330700694159958,0.22730364463638167,0.03426594431144401,0.03968867760697336,-0.13879618016509598,-0.20837662746871619,-0.13914621105862718,0.13588809048239903,-0.2926774576751927,0.07058703149174586,-0.0007063660202586949,-0.20619951355145902,-0.061240054922843006,0.23266919806173048,-0.20732923039296303,0.22467232695228845,0.21385825967728997,0.3305277602779966,-0.2647425948572755,-0.009595465255403461,-0.3187243236288221,-0.13264213207327866,0.023185256890194884,-0.2846976629039911,-0.3117552261644884,-0.16344025110740906,-0.01468450486677746,-0.1561882447596965,0.2689187425350664,0.5487194167018239,0.42765259783301035,0.5209873037857753,0.34776197240358453,0.6061265363492635,0.5242415424229746,0.22523703611412818,0.17114738737814103,-0.13048861989417357,0.158586067196413,0.05595388618100989,0.14693105435358714,-0.07541040053633176,0.04039608385726262,0.17480324743688894,0.21979601697664508,-0.026971097960772163,0.15490297009331233,0.44270757332844163,0.2905927194287979,0.28044352677979495,0.22700453183381078,0.3109570093645369,0.30064036902108726,0.2859667390641751,0.03855154322036919,0.22285220876095355,-0.04976249979087167,0.13861026936305149,0.011798423408754902,-0.2501150368874151,-0.13931089122361637,0.07652774481600637,-0.05708493638420996,-0.355669329644,-0.15015946012220882,-0.2570232484511527,0.06486828264161687,-0.18270106626080285,0.12635725589814562,0.06214654463140749,0.32793055380280345,-0.09058242701002518,-0.019763452493542607,-0.17695135541070087,-0.3498924897833138,-0.2577705707192796,-0.07161502478108867,-0.18675903196647337
0.20501926025625516,0.8028974473224108,0.6372605131179918,0.9999999999999996,0.8649422743295535,0.33895303411092215,0.2933837529180633,0.1660849751861996,0.18080018343501286,0.13029287053303515,-0.14404342749820923,0.03523905080079297,0.2775516798600826,-0.0034823142180086023,-0.07029323552252431,0.7092406533870489,-0.20170481841040594,0.03657728490645134,-0.10610458629736551,-0.06334296362171983,0.0017166528010162678,-0.20860509680247236,-0.031523205005981506,-0.050651266398612296,-0.1284286710309857,-0.25495138830152625,-0.2863723695742142,-0.422316257943517,-0.325335753594286,-0.11687209043455642,-0.5050811327321799,-0.08155309891962766,0.05156036465487933,-0.4543886264383,-0.3853507536777347,-0.013540317920190274,-0.19219537109616733,0.12084650021844534,-0.17869602527608872,-0.11481652305151496,-0.2867914924519515,-0.3733765568550672,-0.6010195868836379,-0.3105190621781718,-0.1593323112299932,-0.3699111016693464,-0.45578652169438,-0.19477750069201333,0.12987753621314416,-0.04162838052570788,0.34185186371263127,0.3463006427942276,0.11664065589406132,0.6851655461931709,0.4195507750485063,0.3593997348292532,0.23427930127984695,-0.08158639318851924,-0.04569776949037066,0.019765368278429726,0.23294120651487935,0.2039225092217754,0.1753286658833804,0.08521808504698875,-0.008056546559522808,0.03421671005544311,0.09641869050379424,0.07503551029257587,-0.022496655222036248,0.16719421208519555,0.1226669505069928,-0.07234870104422332,-0.037212401520980036,-0.021313843664590906,0.2810547234925613,0.22701571522550004,-0.06073603527800712,0.08286328811059962,-0.3802640008446399,-0.1758666238914459,-0.14746329774704117,-0.14888911592540144,-0.24603420550277932,-0.0997049109167081,0.07515870287251611,-0.22824181904442836,-0.22945750932127398,-0.41530284532431444,-0.024072706131662926,-0.2045537214218238,-0.2248329196463515,-0.0796864027353436,0.07813316783105247,-0.4073994283577797,-0.3748984102365536,-0.4028611394045503,-0.3530097737893813,-0.16870169235451507,0.0818953761077643,-0.12641745256554307
0.048454583781522696,0.8089637623102776,0.5489044587103524,0.8649422743295535,1.0,0.4493247202697933,0.3736919153473172,0.10366333357420991,0.17747611608458902,-0.001712980898580427,-0.05186261368916538,0.05686786422815878,0.27154057955498817,0.02392294352338669,-0.05307885872242546,0.563292639250002,-0.18494734847632022,0.14705670000209772,-0.14211291761722983,-0.017629039734768315,-0.042426736420230066,-0.14071650843472597,-0.14463013841925093,-0.14895976473415776,-0.24859291963385974,-0.19501547649663306,-0.06904386249046016,-0.5040742490014122,-0.40691328644825264,-0.25591997109862896,-0.39068592963302873,-0.2080787560503459,-0.23436830185303292,-0.27734516355581235,-0.15899656757479522,0.1150722074399924,-0.06428824141268365,-0.06430605463846775,-0.2547815542864458,-0.21892855334281425,-0.013260558661907918,-0.320114769741141,-0.43896980536466806,-0.21256122501661098,0.010529230899648257,-0.17002354891883784,-0.19196217049318653,-0.022221662973261624,0.24592509487951586,0.16304936689576702,0.4034974106997903,0.33912273713910085,0.19288665526979923,0.6275635335637991,0.647113951309971,0.38996579244426816,0.22058137703889735,-0.16039954891557504,-0.11431314297969158,-0.08229236423236906,0.12047564711154951,0.1759251868302614,0.11853784253747997,0.05350885468775486,-0.019772384487743835,-0.01219479179827587,0.19339639307488393,0.07836010886893013,-0.11898397527440539,0.19932281670934301,0.07478934308563752,-0.1960086719199538,0.006248421963919188,-0.18841103952804406,0.12075631516396304,-0.003073861139122993,-0.2315540107042809,-0.06620918027763364,-0.31211333818112025,-0.01065949646674255,-0.26538979186313216,0.019827793765299757,-0.20239417099478663,-0.3101305978630712,-0.026060720897724522,-0.13407504034609205,-0.13248118358973981,-0.3971086252351002,0.05267955289128991,-0.0704096980469858,-0.016490016188889605,0.0017753493339336124,-0.032114211955166234,-0.2452178153527398,-0.28291231381991694,-0.23576408802843302,-0.1841666647902996,-0.02284931374177172,0.16229383012765852,0.034788306964684754
0.2409601610016902,0.3171856714530742,0.3574511235868802,0.33895303411092215,0.4493247202697933,1.0,0.2877976132624014,0.08760525143945114,0.15993722641008218,0.06935235857457152,0.1529833268039063,-0.02693357741921657,0.01617992018510137,0.1405831262897972,0.14522960700427448,0.3333882778874678,-0.16444537413034516,0.10668904341227987,0.14117966006968824,0.21825655602570837,0.14180040051083942,-0.14268373269355453,-0.02174864840672918,-0.23121888538043642,-0.061322187508487405,-0.24216229190555486,0.08591912518035104,0.16583155108120387,-0.058974523269970575,0.019762927375996376,-0.05895479424302068,0.15152213655210744,-0.0066953759470442745,-0.052025701343922384,0.0969769178576281,0.3141108060049292,0.1870630164201171,0.019340745799726288,-0.17909985803663553,-0.02260091701988046,0.03213234970914599,0.06493691498129363,-0.1649623199401099,-0.0073738584551309525,0.15446918293078446,0.22079742969987776,0.054239555512952904,0.27350301720958037,0.4326463421309962,0.22245894614644293,0.42495499820256977,0.3532871867596693,0.10814762997289092,0.31145643326905864,0.7864965907557798,0.6491393035785744,0.24939094333010675,-0.033794115899495006,0.2042514093372837,0.20283953738367885,0.1732690053851431,0.11465961555398957,0.06846818767261079,0.07175127701601519,0.28666114102471946,0.08781848292419177,0.19131824656903057,0.1417310651125227,-0.2169635080066336,0.12981600493907036,0.19608424888068135,0.021208546762798448,-0.026895765293254978,-0.03707278190477291,0.11203571882909277,0.027273523789466105,0.03658457563516927,0.24438952434927314,-0.056181234187595776,0.09449587632008274,-0.20140813660303422,-0.15753550715911854,-0.34790318986085844,-0.2309359196289279,0.0195573715936957,-0.03771840375800444,0.1085921486567967,0.1541379801572087,0.2884283872112245,-0.12574160865390133,-0.08461545258628389,0.04693279534140449,-0.07136570176195307,0.039619692649196854,-0.12177996976490812,-0.05597691933457623,0.012488558887374539,0.053532502801957926,0.3309399858782203,0.1457827442003189
-0.05147041914835124,0.3425733932932861,0.42276345041706587,0.2933837529180633,0.3736919153473172,0.2877976132624014,0.9999999999999999,0.32584941836969467,0.017575341636690636,-0.08050151366208498,-0.0903431407743481,-0.003731789467886311,0.01949953153706822,0.2624607814410428,0.28827803458949297,0.3697470039605861,0.06016994095838464,0.5030850014384488,0.18816445922527106,0.4129851493086671,0.418960260655945,-0.011434960480446454,0.3274111462122545,0.0006895128522390337,-0.19840220189325947,-0.15780625782276092,0.2541039339469374,-0.2502518648177073,0.129515517949047,-0.06072006033335913,-0.062259631458801895,0.04375636760017266,-0.1419407753165135,0.34079846790309254,0.26174766119321563,0.5857106512705752,0.14240099334378317,0.03242092214735167,-0.10420162302879336,0.14203321664638138,0.40738724889243033,-0.05660741264539131,-0.07683347994190617,0.0071764603197848895,0.1564329090296685,0.1545583060972021,0.06641445662148211,0.2731408430795068,0.34098529202409655,0.2707792665057508,0.19168610365738573,0.38422278524905606,0.39400895497790045,0.39674233460980146,0.23932224815701852,0.456797025850723,0.5678986558894722,0.19264957860016627,0.021787816211697505,-0.11661088674937381,-0.14935793362104696,-0.17485294805676607,-0.036361808307463384,-0.07107174564973644,0.09923611545740213,0.11574393307778907,0.7693522443943019,-0.04661906304807105,0.09270537709443734,0.5161607961325959,0.4373187775327791,-0.01259556644896875,0.13391052730546582,0.11009807252195512,0.06731307569287291,-0.14880765115481076,-0.02580566497131125,0.004080724877875978,0.05504622178213242,0.1428671837131031,-0.2748633160080888,0.10029459804760665,-0.21838751486430671,-0.11723928327322053,0.026866502212603362,-0.16189285402632841,0.21953647182962446,-0.2332306326732037,0.4923871909420034,0.1504185969074741,0.25315179855001635,0.08500585174465068,0.05036362802884209,-0.07280204562120882,0.029079056251976067,0.13240592018183414,0.040708282753139445,0.16004598562583044,0.3381720326222704,0.27505759212396336
0.008945677713862713,0.29035807504374883,0.5313882121528873,0.1660849751861996,0.10366333357420991,0.08760525143945114,0.32584941836969467,0.9999999999999997,0.5025586140020104,0.2784544164609599,0.27225668268663533,0.42479911119454467,0.3869546027459568,0.5878247737418073,0.3105017678945035,0.3375243195445983,0.5402651257387392,0.7603516321138271,0.3411043654852304,0.2746711612197007,0.3263099561339983,0.25828970552000696,0.48537411982004874,0.4770462564450495,-0.09463569120208017,-0.02140402889958134,0.05997446177897022,-0.009853041480827066,0.12177015046310016,0.37629075862574207,0.12549331220065926,0.21547437313332515,-0.1990634951232125,0.03474239859938378,0.03458499628429016,0.19521764882943562,-0.34428051439914054,-0.06059032387264883,0.07537389318841013,0.5215963074622572,-0.18709350705564265,-0.1664193427298679,-0.14907427889204056,-0.12558163036822476,-0.0854844136316824,-0.31501831025706345,-0.17192758995937715,-0.16034628697317097,0.030565247723705974,-0.2565509800646421,0.3140442192421678,0.6664479531883414,0.6302727050486153,0.40003492556300546,0.08941398215196789,0.49582813390145464,0.808133193326745,0.7462385627355049,0.1798331782085587,-0.08333240955130694,0.02563425196598494,-0.23797267328165767,0.12284392302651019,-0.1895769960031029,0.29486288315946096,0.43603899823064785,0.23132294305800444,-0.10375517791050635,0.3247851430625151,0.5359160686931242,0.30182458715239247,0.5882078466600783,0.5314454590727661,0.2518451136431966,0.3725906695935339,0.22190266283846224,0.10877575449743437,0.32064002437673156,0.2149705722747832,0.511751119911283,-0.1336730932496439,-0.46423335684953254,-0.09052683508942323,0.16941546834086138,-0.2390917366956978,-0.44151384635767826,-0.2946869056310339,-0.11909119162183399,-0.014258272989387965,-0.2969217881060528,0.31126023212439,0.09390762801168041,0.097375672683787,0.12600376553253692,0.2720976690259452,-0.05158843264204435,-0.3482618320075825,-0.17162791470816577,-0.03640508245573418,-0.30020455975573307
0.19452697698845844,0.36059420692472505,0.34322383495325764,0.18080018343501286,0.17747611608458902,0.15993722641008218,0.017575341636690636,0.5025586140020104,0.9999999999999991,-0.11264220490583024,0.05723202330272841,0.012042299877121873,0.30086458888075324,0.3110275418635829,0.2526048724263828,0.2908027887144768,0.38645249643531226,0.5744713485051305,0.1855468827654164,0.34076701417769445,0.40570864454847455,0.06453549753648415,0.03472431433675744,0.2011718450436153,0.1359420991045837,0.00996974763822768,0.017780889424114505,0.12220918798806667,0.02362844811318096,0.1909352780877894,0.11423503157089039,0.061871932941996506,-0.10472673245205362,0.03960769348387578,-0.019463176762508524,0.23509856101222126,-0.23365581879810335,-0.014012808307189387,0.0444692868001336,0.05841542187291965,-0.1286386943169784,0.14618133225278773,-0.21131130670619985,-0.017410554444937814,-0.013002440245607604,-0.1287209591676578,-0.2114754978461108,-0.1418374012039083,0.04269056429521766,-0.09747782855286413,0.3328549087891431,0.492819656483633,0.42230990329724866,0.18855990425867014,0.2235594043354853,0.39407070214400136,0.5156782542211549,0.6287362557370547,-0.018047073628992886,-0.06525801333816157,-0.07157426596007312,0.13898068692346388,0.29450065662954455,0.1524684200981093,0.10934439008804621,0.2852222326908593,0.01022459372571725,0.1088296396003871,0.3100680048329527,0.5160087507896647,0.33891226700928173,0.27329996734070094,0.18946493958125887,-0.05363346886698252,0.08117414584943165,0.0702136443847812,0.051538532303598894,0.1405701998801432,0.0631959335875091,0.2504830206188687,-0.04098912052508712,-0.12890075445312865,-0.22764672854739837,-0.037247314060138814,-0.18690331069591704,-0.25498873416571377,-0.28592558358547926,-0.052019284755537146,0.10003088281712257,-0.2365939474389973,0.07930541166189696,0.02585332625364664,0.07679547890402563,0.02932956316956464,-0.06359500023924657,-0.0454595985106153,-0.24041519233084266,-0.05378964874730779,-0.08757038845919343,-0.16998625951931
0.18006818394191926,0.045255639226474555,0.2510997501816715,0.13029287053303515,-0.001712980898580427,0.06935235857457152,-0.08050151366208498,0.2784544164609599,-0.11264220490583024,1.0000000000000004,0.6231251516878441,0.6908802449141159,0.2238592432853799,0.3936732268801647,0.26949372199000965,0.18387149670529995,0.35028477935221297,-0.00841311914198728,0.3550469894669364,-0.16060885881855952,0.1373010362702413,0.21874702608906557,0.22359677436648687,0.4849916195780457,0.4278655193634757,0.28692968280110676,-0.16750840846736345,0.15439558670549283,0.1865099945560485,0.5713909208034363,0.17705876166235152,0.20348899655873764,0.15154430564963894,-0.16171097602404533,-0.06882615192103364,-0.11695410357697444,-0.21009126434040917,0.3720803892342515,0.4142537363559641,0.517819074679195,-0.32342895229977037,-0.02960451563197772,0.012701599164383418,-0.21033690953736014,-0.19555420963478473,-0.37617399031959564,-0.283834188169162,-0.21760236357252913,0.005395131411118669,-0.26578556902690803,0.07817625331806778,0.09460873037866115,0.0844016561442958,0.23556955144650055,-0.08139808300091825,0.22031977164403077,-0.03685243058655525,0.10409195565979792,0.7250058816895297,0.49001452580012694,0.6517136201332282,-0.05956309937921953,0.2741261119650119,0.0016924815915941346,0.07369918680225176,0.4205001240228954,-0.17464703800632983,-0.11022092935051331,0.14506368281882642,-0.237813256104655,-0.038424404378224544,0.302130350799553,0.07456879969969972,0.3710793229424615,0.5761821961210232,0.7175096453210412,0.24126666290663054,0.5659611546369315,0.13243384677254127,0.13845399796486216,0.1449984776929054,-0.4922633010166296,0.13727140061158824,0.33738084038621563,-0.11861229698855859,-0.34073983936036767,-0.12046791293747651,-0.06633735731126686,-0.227605934636804,-0.36435609009095987,0.06100348209290039,0.3519776361919499,0.4833746227787362,0.19470840163599215,0.3059454803494361,-0.23967962209896476,-0.41260841244342406,-0.3881425182761732,-0.04191748634084192,-0.2874971109809496
0.043314030711456716,-0.09482140496159891,0.03475878553527094,-0.14404342749820923,-0.05186261368916538,0.1529833268039063,-0.0903431407743481,0.27225668268663533,0.05723202330272841,0.6231251516878441,0.9999999999999998,0.7311252195527516,0.41966977343702383,0.554525117956933,0.42147802990244365,-0.18840459267448778,0.4882153242539036,0.12889764275665147,0.49863285662746415,-0.02754028197498474,0.13343917666761673,0.3952545731701541,0.15459610635110663,0.36216029915683123,0.1963628005497367,0.4381815642305434,0.24125486298802268,0.41602537905197967,0.2090363621314581,0.5201808286833663,0.4313481541692834,0.00880013153231055,-0.25664205883852903,0.13709539663750425,0.26243381378432595,0.1247630095045358,0.002086085047229711,0.10688613341609128,0.2327975244875554,0.3579242527647946,-0.009907550231428797,0.10995250617703388,0.24280492708159745,-0.0022635514291416527,0.041794844034618556,-0.012248285528816029,0.1971961875504363,0.056872758058636695,0.15266316609914574,0.0476100764465095,0.05352240188339347,0.02657227374623668,0.12795557189369436,0.12188504535946923,0.12787270405446038,0.20273789013446902,-0.0026245422501849185,0.14162588443311033,0.596179245911559,0.36994693244147603,0.39507512004497664,0.10937330556973877,0.329634525680546,0.13171570222106602,0.2541489858715304,0.47296825244577734,-0.12256280632689598,0.04977875532398065,0.03387798276659232,-0.26002572658936834,-0.11382041964584977,0.34729068329824075,0.2063994177351022,0.0772319392680635,0.35696145508177113,0.36053036480396494,0.1746049279245293,0.5073972366470604,0.31914359811991116,0.41537420060634017,-0.1026874551722071,-0.3565443917662468,0.13352059245761616,0.12529884552955173,-0.08100016923605433,-0.14690942088297876,0.007582236364603923,0.2437018551986493,-0.0691186601957161,-0.2085128382904579,0.276733600149057,0.42913402373976234,0.1958231176141856,0.5038368035986914,0.44979387118081393,0.07148318871282323,0.008389874391998366,-0.026697841359256794,0.10654870865767253,-0.019472403729277124
-0.14851712526562882,0.12823854203193982,0.3195608413564071,0.03523905080079297,0.05686786422815878,-0.02693357741921657,-0.003731789467886311,0.42479911119454467,0.012042299877121873,0.6908802449141159,0.7311252195527516,1.0,0.48088437530540434,0.5519516456100139,0.17597253793700124,0.0418158359187242,0.5359449876491994,0.20374083942243829,0.3029935643177679,-0.293024779126561,0.07367252648384638,0.6069179462267149,0.2322882220194348,0.6301343350039765,0.29515205145824935,0.6382953671911783,0.050992978950934055,0.11810813818614462,0.04072331691765091,0.5265888094021777,0.3548222092459836,-0.06986101263937658,-0.10718575124220384,-0.013614262995510459,0.25000709399198073,-0.010126249368361342,-0.28377768656923624,0.18131567770163814,0.4876667571771714,0.6192494002692791,-0.2642368878918993,0.09812152264144498,0.22637994914787646,-0.24131792889727158,-0.0032835650397573545,-0.30393787452346915,-0.07088625960502455,-0.25576651834405406,-0.2335630708638191,-0.26925644904025453,-0.13188182847421195,0.036766575418847966,0.17736168308762493,0.2393417494678431,0.06729959778534793,0.13295647351252368,0.05388399619811717,0.12384039990577925,0.4381049359088523,0.036344737771334255,0.38364275121164926,-0.13386609588585507,0.16124847068493053,-0.18603434552621637,0.05343033456053153,0.29871514509964064,-0.21836188492880823,-0.28473712671020524,0.18273389124638803,-0.18646589880620879,-0.19591153377879936,0.4662888391615134,0.25218691136471844,0.21748989254943538,0.4657332916844512,0.5088993954133616,0.11378429401667754,0.43391119138581136,0.30686700816037443,0.38569172423596365,0.0672612225271397,-0.5294980565153857,0.15203716741781706,0.33159011477512096,-0.20607695309672805,-0.3560507151894268,-0.16658103705824467,-0.0796260144656611,-0.34037749490840463,-0.3700546957560008,0.3900086284365037,0.4247593562746792,0.4575446796299425,0.39473496333075414,0.5696073426139062,-0.18324559596414058,-0.3040391479903798,-0.36279859951060867,-0.2513015045852908,-0.3426772984591118
-0.03186341640797519,0.27540440796527976,0.42188565585169074,0.2775516798600826,0.27154057955498817,0.01617992018510137,0.01949953153706822,0.3869546027459568,0.30086458888075324,0.2238592432853799,0.41966977343702383,0.48088437530540434,1.0000000000000004,0.4336677922332802,0.21203296030089194,0.22917726758028115,0.5610950981811333,0.35077803673778424,0.20360230567897478,-0.13627803679153175,0.21091754337070728,0.3292045843987021,0.0966811048756567,0.32771152286968586,-0.012962517163389033,0.2391996947028278,0.09108572507291968,0.039567361809580245,-0.13426859181971637,0.3097379425753714,-0.04123963636497505,-0.10655483937063291,-0.2622673097995423,0.017103088816708772,0.19540979475650294,0.016408629694794476,-0.26721287361510926,0.026648544147982074,0.1564908703063902,0.1981968915218928,-0.2042896678480379,-0.06239685540045144,-0.18846217703472773,-0.18045747241772483,-0.07865865420912237,-0.16129647663706353,0.04107226823399483,-0.16072811139299806,-0.14461499796656394,-0.1539543891039529,0.08495520706002978,0.33210767766179483,0.3294509619232458,0.36210940819757986,0.16152381837429555,0.2265990963711917,0.21488307927312703,0.27801665419686405,0.028903638471691473,-0.04880433313802765,0.2992288318501931,0.3783021228917025,0.2936458074595481,0.07885870756411209,0.1808170979730563,0.32528393506005215,-0.2415461661100258,0.15939288123596373,0.007701699005704773,0.04273791203380234,-0.05511377212079801,0.16692274312973354,0.29603689092952273,-0.20057857080347774,0.280061015524016,0.2061412232799294,-0.05459653744153549,0.31958054840100675,-0.11027653265241288,0.15193950645773316,-0.3936597797350881,-0.4633922730700427,-0.31485475967574633,-0.15628668897387354,-0.3191196156523492,-0.48156803216274613,-0.3320822507127246,-0.26733134179173657,-0.19840822418151247,-0.4992235525104031,0.10393364647293074,0.034628850894529946,0.09551956582582816,-0.059299352911337644,-0.09888790890967876,-0.22441175769279972,-0.27526954673112536,-0.269866692759377,-0.17707831825269915,-0.3050926770248603
-0.10948279604173654,0.10249589131734611,0.2829539187788527,-0.0034823142180086023,0.02392294352338669,0.1405831262897972,0.2624607814410428,0.5878247737418073,0.3110275418635829,0.3936732268801647,0.554525117956933,0.5519516456100139,0.4336677922332802,0.9999999999999999,0.6976280207909069,0.0889237777197435,0.74913412450506,0.5296000336958624,0.7540282758175022,0.25473568027552024,0.5633329915024242,0.21072350206760018,0.5101940099785669,0.4703838607412767,0.0628530867996973,0.2830879816142217,0.3825128446181703,0.25498718445089247,0.3592670115049953,0.5916622838089022,0.24886845210333755,0.09965740979242702,-0.3116131618114655,0.24865913292842745,0.12023034506504005,0.4223118002385539,-0.027008606520103295,0.045340252064195355,0.288178519565164,0.4565155629909875,0.03557338482269971,0.027066545630425758,-0.07021144215058359,0.011863297135130539,-0.023341255059356136,-0.09663865853486706,0.0382702757841426,0.019545777231884102,0.17705783108297257,0.009905109655267544,0.23882536174319682,0.45324595051738525,0.5856292156901299,0.35111503358721535,0.020799033416040835,0.48270240008985604,0.38659881387295214,0.45168058746003054,0.26743149309659914,0.09564799480273645,0.11211808048656977,-0.10212465126206641,0.3137021828983235,0.17230459102114967,0.45943629150774,0.7402730599475562,0.24419735141578383,0.1292251004045954,0.2599154195328172,0.2357114653237446,0.3329098222589684,0.3644945339203934,0.539894324935026,0.17770146857660435,0.29809980090064714,0.19037789906355754,0.3272140704814995,0.5078825279383701,0.18186437767975863,0.465561290404923,-0.09229016191471778,-0.2759497174889323,0.040258958453622595,0.12974985955725327,-0.015527900852482906,-0.27050849458341686,0.1519860140470433,0.11247830518207175,0.16329828751496148,-0.14522224584214752,0.5316179706882489,0.3681513163270732,0.2937836744411791,0.22429467468354317,0.39164969919336573,0.08683431603353095,-0.04917742792467267,0.08258733952244132,0.1447065616796757,0.03812582391470901
0.08216110345352186,-0.07558851441628177,0.06201142868827919,-0.07029323552252431,-0.05307885872242546,0.14522960700427448,0.28827803458949297,0.3105017678945035,0.2526048724263828,0.26949372199000965,0.42147802990244365,0.17597253793700124,0.21203296030089194,0.6976280207909069,1.0000000000000004,0.006977756715221635,0.43938603809510995,0.35398622741367514,0.6184660041796243,0.5071525072499744,0.5609760693061185,-0.18203028837533736,0.45049775235076006,0.09095675854828415,-0.027102784198289584,-0.02690496381409083,0.3178051119475547,0.3045565364884174,0.5487345799601653,0.482909470169736,0.24185053744994905,0.09879007853587388,-0.19161330222625567,0.20178393460056346,-0.10189830801973923,0.48588184245041305,0.25733468591189423,0.13243255295697828,-0.01601788083893977,0.12695332432612041,0.24195183119970867,-0.10538938020871658,-0.22123342061279247,0.15811234088751974,0.0006019671368671543,0.15739314287311612,-0.006140950364726647,0.2622473316653995,0.4358021735956661,0.2852626030474279,0.31853786744029267,0.25858401450751317,0.2997367960582385,0.08799914064564031,-0.0570963395554113,0.4553144082706575,0.29050789981587893,0.36989439799884305,0.29754113407197924,0.3436526299696709,0.13575551461175603,0.229980547957403,0.43663619750637706,0.39108212699262446,0.572740068971681,0.8858829626824234,0.32369350834427235,0.31232113624695124,0.14228004066612174,0.2316123491478065,0.4662851820694523,0.10046106301050235,0.3683248606976159,0.14414179372702188,0.15285469497833615,0.09126851317981795,0.48303814568989906,0.4966632974373988,0.25144759150670326,0.25434522857604835,-0.20295056770774939,-0.03406128209125494,0.040759098409471374,-0.04386327908738144,0.1403883461373073,-0.1398392883499565,0.30605638513995753,0.21071023193640012,0.4881797501853534,0.07316463141440797,0.16019565900724161,0.2229387335033653,-0.01390176445298615,0.17045703955720673,0.010001078882821108,0.24068669761398026,0.18225372502494785,0.34584665100090306,0.47393198201435627,0.3324500076703854
0.2332075843119513,0.8106682259885162,0.697418355473169,0.7092406533870489,0.563292639250002,0.3333882778874678,0.3697470039605861,0.3375243195445983,0.2908027887144768,0.18387149670529995,-0.18840459267448778,0.0418158359187242,0.22917726758028115,0.0889237777197435,0.006977756715221635,1.0000000000000002,-0.07531222185312268,0.3398657182997792,-0.040122189677131714,0.12006595344658956,0.3031155372885097,-0.14418829587925905,0.11097589591262716,0.15748201582196547,0.144090698485537,-0.2468006582867577,-0.37479645476316376,-0.24119173799938604,-0.15583530550582458,0.11371563936499927,-0.19018592872129997,0.19139713319368298,0.29720531166990993,-0.3532807261043394,-0.23999262707345353,0.050666267628108524,-0.27846332192906986,0.10571480927996565,-0.09400959556863381,0.024448111535365035,-0.4050936099238296,-0.13889520602601907,-0.5117874202701247,-0.26639272699759936,-0.1738243295079232,-0.3899593426550333,-0.5725130370935835,-0.3070020975185258,0.037734660211664856,-0.31307557655553764,0.42978111904367894,0.5040686675790079,0.27255025920865267,0.34824585285421666,0.2006394019950216,0.41979094847840476,0.35292961510833565,0.02154753388444035,-0.026220938414626926,0.05371229897225531,0.22615153940797447,0.06016273484731131,0.12583602899980817,-0.1288714012149776,-0.13417370583058816,0.06335267414654676,0.08095653042533232,-0.153786651716408,0.14556597320779582,0.4612496927184092,0.4030215710609396,0.06215917826976774,0.0019835735779578875,0.05804060582692384,0.35259333554391714,0.41759170876333895,-0.010676090945130627,0.19686481457856123,-0.11683448204912128,-0.03772501948136439,0.11628220960229743,-0.2515176260519879,-0.2305048775952034,0.07197832978526977,-0.26177271032284677,-0.41534465319733166,-0.2783153412093891,-0.47369557522355005,-0.0037173367956255714,-0.3762689882230626,-0.20466906137026894,-0.08122854003982684,0.20343044086667542,-0.31679111305419017,-0.16396060029188358,-0.3255504354302923,-0.45815486083226337,-0.36445674438188147,-0.07587112444162146,-0.3300817590087035
-0.16661249402924147,-0.07011216951978035,0.14212105360966482,-0.20170481841040594,-0.18494734847632022,-0.16444537413034516,0.06016994095838464,0.5402651257387392,0.38645249643531226,0.35028477935221297,0.4882153242539036,0.5359449876491994,0.5610950981811333,0.74913412450506,0.43938603809510995,-0.07531222185312268,1.0000000000000004,0.5559243627503456,0.589587633305783,0.10765807426598338,0.5215661655461815,0.4747023122062099,0.38068171111937765,0.6057877000062519,0.26936492035053566,0.5033375156238211,0.3358102858740226,0.35365503850601143,0.2883344801106798,0.582037891268741,0.29425472469819536,0.05727334428577811,-0.2224706771972363,0.48972934574635174,0.34698889823340584,0.14630313591180674,-0.15729195041904212,0.14039684159057295,0.4615215067556419,0.5440933834829352,-0.03901414123907379,0.1744534628349748,0.1274779418714057,-0.03968119932393499,-0.151727713221244,-0.15455386463148837,0.07637556519998592,-0.11033152493700779,-0.14143172338748133,-0.16619721173977375,-0.005151977521481066,0.3641867803411636,0.521315188823298,0.2431757967617375,-0.18083516955893425,0.1657521624599558,0.2940972368187405,0.6019930374497516,0.18773227200604362,0.11325645310760356,0.14443775275806875,-0.07573775882793422,0.2988970324052661,0.14285708710438325,0.18308097338426563,0.49869515005161646,-0.07738022959382188,0.13565152476765813,0.3843110871395599,0.14906662392566544,0.0866986936375786,0.40017445966017334,0.441678097610948,0.1402413411102107,0.30114087366094267,0.21973669087248127,0.18053049087728473,0.42162179889198664,0.11831167123303621,0.32524874870222936,-0.09681012267858624,-0.3750909162686185,-0.1321701393857901,0.12772084952989537,-0.24245385544963982,-0.38934799700634704,-0.10750760218837467,0.0028808877179666106,-0.10850354104137384,-0.36619624077388585,0.48663004377460023,0.3462402832227221,0.3482055442887544,0.15514523054713605,0.34104281938940517,-0.02525146944243404,-0.21537622176304402,-0.19221900233572733,-0.21618185969388945,-0.2372419746984221
-0.07589006370577402,0.31792382913723594,0.43517538349275675,0.03657728490645134,0.14705670000209772,0.10668904341227987,0.5030850014384488,0.7603516321138271,0.5744713485051305,-0.00841311914198728,0.12889764275665147,0.20374083942243829,0.35077803673778424,0.5296000336958624,0.35398622741367514,0.3398657182997792,0.5559243627503456,1.0,0.2701333401016832,0.545606450332515,0.5796546758046782,0.24740458289366093,0.4661025112129098,0.308873320669253,-0.05792753914284848,0.011763629099705518,0.18899572907044657,-0.019946245918793865,0.12027247647924143,0.25659429259724603,0.18287116463517183,0.10888374368610701,-0.2770966539815008,0.3634290926197889,0.21454106152556288,0.40037318006834244,-0.18013492195813494,-0.1395813481547257,-0.007872412282561834,0.2649299192641095,0.050936283123459526,-0.0552684346673562,-0.0969530654556575,0.03643315786976046,0.008650795841828877,-0.13499487449972591,-0.012177651073911692,0.032533344638978945,0.11465674945452192,-0.05977495894091356,0.3588536347550498,0.659562766243637,0.6979571436147334,0.2727027299537386,0.15679689872898647,0.47515607300078094,0.8096815074503474,0.6072487437681252,0.04484366954837896,-0.1255715887797106,-0.10775302418820137,-0.14025916462817956,0.22302253459265015,-0.07835607805743668,0.16965965118934354,0.38997075574713436,0.39532753242408386,0.033536740732876213,0.44789313271681225,0.807185437514009,0.5369609391627514,0.3669129185736649,0.5156219038113574,0.11041922219179141,0.14702315500578267,-0.025470284600965655,0.012750093629963979,0.16145375826910965,0.1911382095464365,0.4430197708513724,-0.162132387011508,-0.1710336923917634,-0.17109926356509494,-0.041436155868208153,-0.3436396322759614,-0.3410813979332866,-0.13605727871895193,-0.15181515657963665,0.22615890048625903,-0.18971400676872122,0.38362536217676513,0.10672904299673328,0.1389987230721806,0.03322868106219075,0.12921796971506067,0.1258296513840437,-0.2104650178041482,-0.0084032006146323,0.004692659532408779,-0.11981526766725521
-0.1337003096171867,-0.10249934418103862,0.08857906813549858,-0.10610458629736551,-0.14211291761722983,0.14117966006968824,0.18816445922527106,0.3411043654852304,0.1855468827654164,0.3550469894669364,0.49863285662746415,0.3029935643177679,0.20360230567897478,0.7540282758175022,0.6184660041796243,-0.040122189677131714,0.589587633305783,0.2701333401016832,1.0,0.35725091307402246,0.5930007006790513,-0.05661201430053469,0.34899654349963916,0.4870354681858736,0.07068916806367526,0.1513107397064271,0.37343881295670805,0.4332030795849023,0.5824372630675955,0.5511369780844714,0.09169798912286177,0.035323852919923335,-0.21733637810063489,0.2761983779283861,0.10007929491175724,0.4404216497787676,0.17036527372345137,0.04591175325567024,0.2544180151289544,0.44898123177157956,0.09285703667727566,0.1203587099233168,-0.11536312838029149,0.015019835504312658,-0.03849820851822715,0.07260162338734462,-0.03074401763880561,-0.04879263647256282,0.14841591519071404,0.04096522951100773,0.18285022842052345,0.34727459400228916,0.4295460645667327,0.2417647680811072,-0.17105696304680768,0.3709516827211769,0.1561377379880406,0.39238003723718273,0.3061395913928369,0.3666535045204818,0.15248945348425202,-0.11243033310942901,0.21228391913609634,0.21538793497312067,0.34315521276717104,0.5783139415336526,0.23079518291508402,0.20900435647057755,0.2158560321341131,0.07753151759394294,0.4004130850703323,0.2965101682289105,0.27898120770824797,0.25640199998188784,0.41336095828522657,0.2989283806273585,0.5099230951129575,0.5852346196245548,0.04272089084984567,0.2741978848166272,0.01647187892791446,-0.19737138052491288,-0.0810963740480143,0.16147273900445824,0.03545391855983105,-0.31373863953565806,0.28786742061848225,0.27262450425664225,0.30752952949302464,-0.05460176408603738,0.3652455335892496,0.2786924473710417,0.27153158982763903,0.17245186653094333,0.33778332752907214,0.0600920461672033,0.03729513523033874,0.08132127755621597,0.12820983877417705,0.11403920169035464
