0,1,2,3,4,5,6,7,8,9,10,11,12,13,14,15,16,17,18,19,20,21,22,23,24,25,26,27,28,29,30,31,32,33,34,35,36,37,38,39,40,41,42,43,44,45,46,47,48,49,50,51,52,53,54,55,56,57,58,59,60,61,62,63,64,65,66,67,68,69,70,71,72,73,74,75,76,77,78,79,80,81,82,83,84,85,86,87,88,89,90,91,92,93,94,95,96,97,98,99
1.0000000000000004,-0.08142581463824503,0.3435944960003305,-0.10864003345728489,-0.013312740927920641,0.3092571263904741,0.04023366203749212,-0.02631579570043137,0.41429915927330296,0.02275121811137361,0.12193861470704781,0.0006884460284726485,-0.293622814649163,-0.10718968391625475,0.14391766432504735,0.13095483267635874,-0.28966550821323844,0.0753018778745536,-0.09126595821398995,0.4749365013256103,0.2974329700825267,-0.14413337837221055,0.23405670930701888,-0.14441636562708332,0.046750391160721466,0.02518630307373209,0.4961904992562424,0.3357948657917603,0.34457979967485647,0.16919707267390802,0.1432553508126611,0.17889715172293572,0.03651189618772487,-0.04718373807542909,0.07119822038727107,0.46964216647291335,0.24235461697747843,0.19025262157342945,-0.2042540254647704,-0.23653040014262394,0.24094257800444333,0.05393796163860142,-0.20384428326983114,0.42093917884487586,0.19498222747183147,0.20791744062754797,0.06453533674963571,0.4259675802160294,0.46731760863600047,0.4569009814469945,0.5342806069672833,0.0343282041952735,-0.00024261708601307048,-0.07718614334021767,0.21643193398563407,0.4063364981742369,0.019204861180852306,0.1633740047355028,0.10337193522860978,0.1339727782395552,-0.03217318907052219,-0.23879578632982265,-0.25346334254734304,-0.19085576328866896,0.04499480154061778,0.0468836062178374,0.1066637151459092,-0.3974059333921167,-0.23500465664746475,0.026184143084740638,0.306887369692783,-0.13968812032945188,0.0590613482671584,-0.16542130573651165,-0.0807090114085547,-0.05940284975173261,0.1858161102166899,0.20530257811127603,0.10071911413434084,0.3067814413022418,-0.25681966333259565,0.24717479344281706,0.011957789347704244,-0.1959295336245603,0.25725962669394375,0.12066572550240108,0.3501732754739981,0.2243712868158158,0.5165606703784809,0.218351230184807,0.21220881975937092,0.20205608109823162,-0.13631467560312252,0.026865870006581655,-0.13746317123669916,0.34225916563110187,0.3821041840473319,0.3337253456908753,0.5449573236841179,0.4390438081707437
-0.08142581463824503,1.0,0.3969361613464921,0.43353401533913516,0.7691859434199562,0.3414017978919465,0.3664906225467064,0.7065816142281868,0.29698777833612094,0.19235124770623593,0.14667760205150077,0.1646754467638553,0.20783112159793965,0.20500903892155306,0.21531114838970816,0.4440499283136358,0.12703103282713496,-0.12319459322197357,0.3243368644464986,-0.16385044527583503,0.03406244348239505,-0.013899037878332344,-0.07273207117198127,0.1411812617049227,0.2136309772014114,0.16013411737703764,0.03603601533198081,0.08497474094929651,-0.0015647169196896812,0.10348029550464878,0.006609383546717163,-0.011675548824412409,-0.04857743857183572,-0.20785582475865289,-0.01304122018047004,0.13734883177696322,0.10206131681810612,0.10295443045379254,0.057446820955036296,0.26806683979299656,-0.10460005109440759,0.036166314387019415,0.000990380469931728,0.0013137374452474421,0.022127706003755094,0.0007572840338908631,-0.1557982965661934,-0.13568430837753737,0.1927553066278716,0.0615393365595882,0.08107984960683513,0.44984848861210147,0.23595684025363609,0.35612484284268925,0.40085753853895106,0.12918737133600386,0.5552628246226247,0.418571775219385,0.12257570572203336,0.1292186729367478,0.21462358675691837,0.22211788988025166,0.11991420320883171,0.22775265864556202,0.33582678129953625,0.2366846495513591,0.3973885273910552,0.1339497322810263,-0.004041771280426039,-0.03775014712443126,0.08813826169794911,0.09268915283126085,0.2491319815985045,0.2042328668287695,0.21816275069482435,0.1705875229275029,0.1036303496442092,0.16368365632822524,0.07162851159701088,0.10170621367713087,-0.16301392732281034,-0.0906442487148472,0.06523015824129574,0.23329087057836745,0.14975339470409363,-0.006912000485361012,-0.014553865625630871,0.010918637243940139,0.0147314338818515,-0.029695701935312752,0.08696250083698692,0.1403634555505748,0.15278905886670133,-0.005107892500346862,0.11436648823481066,0.0018184938914014219,-0.03537786296540288,-0.13338268976242146,0.03133762615015349,-0.031476333320842355
0.3435944960003305,0.3969361613464921,0.9999999999999996,-0.12685217309088398,0.3403266942688365,0.6322419899691966,0.31028871695779553,0.4720804621370567,0.557416213171617,0.16143588769053688,0.21032142578076066,0.16133365165118224,0.04622804896759496,0.10860385882389326,0.27217949056844376,0.3663451494060474,-0.1323733353993869,0.028575055883160037,0.15869978762154338,0.13937908275858665,0.2888153529462276,-0.05573231892398441,0.22969754157946584,0.058169111568269434,0.0722678231735007,0.2814515746621293,0.1675994676335659,0.3226959379176215,0.19876549585820502,0.39567941453400957,-0.03823563519974084,0.03370317990706147,-0.2586329574379512,-0.23234883289535227,-0.09024193609751273,0.2951263858901526,0.03287846728718042,-0.010507326759045532,-0.17528142551092915,0.13643133036663133,-0.09792817135621909,0.05895931366739466,-0.1726257955674693,0.08214439853938954,-0.10112569626725694,-0.07487837486426041,-0.2575611571403288,-0.055419988210531894,0.2871042871103864,0.159418738289664,0.3084695360841742,0.4169509247661121,0.1714593121134189,-0.14476769563710065,0.5352883188216089,0.5843931297599353,0.322318562038411,0.45601321404776096,0.14661403847041682,0.19820813253010813,0.1830412812305298,0.032774008907325104,0.09883737642599007,0.021161736456474876,0.33261222033923604,0.27774562573317635,0.3562869304938998,-0.058606693903317304,-0.17107741200265095,-0.00419458333641364,0.303581796606234,0.04807694520851567,0.44947539225565314,0.3274976543409114,0.2257778105541827,0.22084870812105747,0.31919141539182777,0.4570434307966725,0.061641971345008456,0.12900600894052652,-0.34699174439214997,-0.18649173621283194,-0.2239804990345269,-0.15992155212637138,0.06851913043372675,0.016816851965526885,-0.030453452920565168,0.0027499368770054267,0.16560280257530607,-0.005328315705712994,-0.04891946630547664,0.17646679777025837,0.0010557824827662917,-0.13513966699468843,0.046000389531557176,0.04655004003618442,0.070945444787377,-0.15010893581200432,0.2733635477102943,0.04153020893268158
-0.10864003345728489,0.43353401533913516,-0.12685217309088398,0.9999999999999997,0.21970647421322564,-0.10843869958374744,-0.020748639610461354,0.4890254151931775,-0.10624443800887645,0.045047669774776,-0.09904028133879568,-0.12383871505368986,0.08509654942858483,-0.014047334282381422,-0.04413342605714584,0.21020637667676564,-0.0024966718488955665,-0.0018621839531047723,-0.06744652867691324,-0.2651229116920744,-0.07436289618370094,-0.016740048070151312,-0.17845292919599118,0.06928959188591396,0.059785190106196394,0.009954750293952841,-0.04284109132921352,0.009249280262477502,-0.09961393681104487,-0.12374621829977313,0.1252665275806362,-0.014436540197571247,0.21251439840185707,-0.06581489240264392,0.021007105442605718,-0.0554587000719105,0.11282674542265783,0.09482508359200456,0.1318446471446271,0.07207080007296181,-0.09839974539054505,0.007645249642895338,0.15556628488519172,0.040152854912368495,0.06063596212335209,0.05119188570730443,-0.02379090206397544,-0.1005747158523483,-0.11615281181617707,-0.0732667906059024,0.08514138540115437,0.48328278798348157,0.08611876107845295,0.7955126961047378,0.04772153694186413,-0.190713054566842,0.5677015770411368,0.05555506699129684,0.010779269674043784,-0.14685917522045588,-0.063245235679566,0.07739508017939248,0.10160047750555334,0.11483949375303135,0.07087520792847113,0.0018859387693181161,0.1071768116628235,-0.011376165636088151,0.14778007658119918,0.071090629536329,-0.043110011440581866,0.15033033857827927,-0.013992816007500528,0.024961358531342164,-0.0031467268893378042,0.04934738628665829,-0.1667497563738494,-0.09421752504788578,0.11357141345258583,0.0633264389395063,0.07463997265918725,-0.02057560500955114,0.14462814665552187,0.24308339554229716,0.16796363471632594,0.03821909648387451,0.1596233706775029,0.07118342659715403,-0.133147616458034,0.0029186120643169126,-0.033039328723814626,0.0360312179884953,0.1923701857649038,0.20829727963452124,0.22256837792453044,-0.025204725788258858,-0.10114672221915408,-0.04702430326477856,-0.17673201300687846,-0.07770067076080242
-0.013312740927920641,0.7691859434199562,0.3403266942688365,0.21970647421322564,1.0000000000000007,0.4920942370384589,0.11941461559700062,0.3873215115008607,0.44350900382298325,0.2666183598059322,0.18146958948080297,0.18227689361796104,0.16083584040250154,0.19111040107048027,0.33511806113976406,0.12008031965072204,0.04007742921286611,-0.3469629584206196,0.22236751866477616,-0.121087519437043,0.011169012703853122,-0.13043676063739984,-0.18966334495623316,0.20272958841027386,0.17170353184855294,0.05560623771621034,0.08904130361545286,0.01844938501085929,0.011671390161057442,0.04650386325618108,0.07262202442688616,-0.022565857065923053,-0.15930180942000596,-0.2463633046943451,0.061215484269738406,0.20351006409809477,0.19043506665623589,0.14764199688098747,0.1558016656539905,0.2628527205687546,-0.007817483589801827,0.09464299638061244,0.08302935070425131,0.10174921661712873,0.08082128303021364,0.15782943883424813,-0.009704341143275787,-0.030022266157540462,0.2904724493594449,0.17385497711512432,-0.02612767939152932,0.20173240668153172,-0.11306720297677814,0.2133430646991963,0.5509016857296635,0.1856734235203442,0.20782806283817953,0.5845062016481067,0.21794837426473185,0.15262753952182276,0.26052401774903106,0.315527266376104,0.2313308258698777,0.22275849744241094,0.2233080149817585,0.3336028948038362,0.13690536159115943,-0.018173350044250348,-0.13780343066605272,-0.2583419063970212,0.021085247711671782,-0.13464200209335356,0.07043373542315094,0.15528743229419273,0.15551158289248443,0.15234664216850405,0.10567404382005152,0.12952266610192625,0.07549122158101625,0.1673776359484315,-0.11587159599375463,0.055233630299948586,0.1342239098641178,0.21575786220115867,0.12587377742666392,0.060112527278125646,0.09288710777261172,0.08378597556475206,0.0641193874401888,0.02209080133428685,0.031836478036555524,0.1569466586644716,0.23519080552036797,-0.0010784953792163736,0.14665991502352174,0.055961529405808,0.11412273286440586,-0.08170472954554774,0.07673481436889619,0.04941591220814878
0.3092571263904741,0.3414017978919465,0.6322419899691966,-0.10843869958374744,0.4920942370384589,1.0000000000000004,0.10210065121895809,0.2725793901654977,0.8834244282770709,0.298733648118061,0.3157809161660644,0.36808400817256043,0.1485833594161145,0.1583093357587125,0.5548996960191117,0.07795981917893316,-0.16089876671330897,-0.12384869759077329,0.01807284827289613,0.2450321713246167,0.28063340861522507,-0.20517020123396004,0.17476952200445495,0.16297100880712706,0.2419954701595098,0.363189717559897,0.34768191590404207,0.44909057596239005,0.3953685612826335,0.5354583025967529,-0.05833553385634253,-0.047388742121023744,-0.3379334473495419,-0.32088390802631434,-0.097967600644235,0.5484346502768481,0.26211549383197497,0.1847562834644663,-0.00728534157897448,0.042475487179703744,0.018760922724852646,0.12362691081413094,-0.22005640124678966,0.2860355088708255,-0.037259056685718744,0.08459914113310739,-0.23704507217653992,0.04280034030237061,0.5889370000031667,0.3523970179668962,0.4190168574112561,0.3304097604936835,-0.11017325366140038,-0.05144138152909397,0.7612460219513679,0.8114710384979072,0.17589153476206734,0.7298023648912215,0.35497363818783034,0.29900555931818573,0.3575303095322421,0.1748982895508226,0.33112609130183396,0.10602690569808812,0.31108806935395583,0.4022957784694159,0.27803536518909716,-0.2033085886249448,-0.30552828875976495,-0.1697229037011457,0.33177587006690995,-0.2078262813651812,0.3265291122804537,0.252384073562458,0.28125215751773314,0.31227583699437333,0.44956111319668773,0.5999443242720657,-0.047377841686828584,0.18103382301989,-0.27588285383176764,-0.050779473241442545,-0.13388193261902906,-0.07304026133133573,0.149718959276173,0.09172753862222385,0.2133503703420581,0.17272723050193683,0.40069186441801774,0.1869864093114184,0.047013066650117154,0.2641575193543349,0.1383500738596884,-0.13730153424436026,0.1433543770023037,0.20462068727631494,0.20579919283258258,-0.11244711613236111,0.4782193771340862,0.19269062836943204
0.04023366203749212,0.3664906225467064,0.31028871695779553,-0.020748639610461354,0.11941461559700062,0.10210065121895809,1.0000000000000002,0.47158987175720096,0.010441612587329936,0.08724426245240043,0.06037416264002321,0.08834701175102425,0.0070247026903325046,-0.03605122297628724,0.052070700401155676,0.5936135623792888,0.05903559558303138,0.1012272370962223,0.3362350145120413,0.08049061131255966,0.14050174441063412,0.04815014362652558,0.069389889346325,0.15385886913572003,0.06649516806367127,0.10325679628769446,0.004122755840058814,-0.08112559188615057,0.11940217749422948,0.09528830293278448,-0.15200588170120555,-0.020515150617136428,-0.03270728965996002,-0.02046683592894909,-0.06162820498799975,0.026684625224156707,-0.08803699964217658,0.10231883216877175,0.06605121891544012,0.3786952046717246,0.28296815375316486,-0.022882108228045275,0.03276202634134532,-0.0726692186959376,0.003640418316008432,0.016112884322347813,0.06515633673821182,-0.07555351723233654,-0.031162278670927305,0.09551983129980696,0.10322370904326596,0.2119197779392221,0.6760376082420887,0.03789824917015158,-0.03874660212907883,0.10601162775317186,0.4124586308837096,0.04729338039904307,0.004789106933822368,0.13476220765683578,0.10076201464771327,-0.0193807700357533,-0.18680001331616738,-0.012844643801814921,0.2545476855413574,-0.04487290209870053,0.7115250696123869,0.1377056806415946,0.0777069986216178,0.10530179193233019,0.12757994228885905,0.20071989289978187,0.20428083905525726,0.2154485323220738,0.229349942245641,-0.0034702135923490186,0.10334349411918474,0.11337052720143025,0.016688533584622633,0.11347037108539898,-0.20339411307156247,0.013499065389409348,-0.06411738973007106,-0.11956864921188184,-0.10844090930539356,0.038083402739187686,-0.12176669454229348,-0.16406107222279187,0.06739715557324595,0.06334247169171164,-0.08490392693643699,0.10054688841310173,-0.015454181738688079,-0.0871510426916775,0.02359874893355583,0.02195942598350947,0.004722630421415205,-0.1661185885412716,0.011683896503776516,0.010159066439658299
-0.02631579570043137,0.7065816142281868,0.4720804621370567,0.4890254151931775,0.3873215115008607,0.2725793901654977,0.47158987175720096,0.9999999999999997,0.2570642036962464,-0.014001789468213378,0.05953217462426376,-0.08136576393798178,0.09219229347898293,-0.0738520237568229,-0.011895907281334274,0.48556724429685694,-0.08744365172738802,0.2170402881752816,0.18828598452143597,-0.17159064456777304,0.0006504775784280968,0.008140974108708818,-0.022318956696912494,-0.008232063815996173,0.06057315416307864,0.2184385638740267,0.029064889732364454,0.07433146756543654,-0.017273407409373703,0.08775882082874484,-0.10150148902737802,-0.09987300395969373,-0.12671518501523607,-0.15160772392866734,-0.13903350323205527,0.10273131235020112,0.02252242837434731,0.015545562597254403,-0.06306819849894583,0.11392637902372463,-0.17477126972145474,-0.08117587122981403,-0.04188385757105527,-0.10056874608156807,-0.021836078159536122,-0.12017088561401972,-0.22225641498316986,-0.20308742611185063,-0.028676229066330012,-0.044136592405438865,0.2519443491461199,0.6308683749838578,0.3965088782511655,0.36157866500697644,0.26039421651650885,0.16333531727825973,0.7945482188089931,0.40320771511954495,-0.0854654842089561,-0.0018692869241685188,-0.017959949796743105,0.007170563735118784,-0.11320347681060751,-0.024893254341021232,0.2583192978296005,-0.005125763210749073,0.4442685507423817,0.06432270234492694,0.07827317878516951,0.2484866475664992,0.130035058157309,0.26704190792463717,0.28238617532354227,0.12039093678064054,0.15562941307169476,0.13381392326081928,0.0513194462649868,0.1505241467897901,-0.017260667169539994,0.050231084083358864,-0.15801482966047645,-0.186667361898421,-0.04630598726235491,0.027330093484751686,0.11209812888404291,-0.03813520376938094,-0.030167181533173406,-0.013855414414357588,-0.0199527325867422,-0.10798057955038064,-0.11133192939446575,0.07358496312047512,-0.0005257077561624243,0.07322377356852003,0.10291701545426987,-0.07899640572483536,-0.12750534818155396,-0.17685949677428614,-0.09923850991602079,-0.11725813969350043
0.41429915927330296,0.29698777833612094,0.557416213171617,-0.10624443800887645,0.44350900382298325,0.8834244282770709,0.010441612587329936,0.2570642036962464,1.0000000000000004,0.2909647850721172,0.3848997755973498,0.33749638448343666,0.11838037774388104,0.12253523053154779,0.49840205747097505,-0.004651991648666898,-0.24010979275620406,-0.13619106859243674,-0.002277067543665862,0.3453187868693078,0.19784051041138814,-0.2570334107615635,0.1137116553916363,0.07498330681954679,0.18700966250477502,0.3550585505266707,0.4253310626178462,0.4908951434238418,0.4417779564378273,0.4938010707427862,-0.06016350501182158,-0.0005805719993954532,-0.36108211863577994,-0.2967209623290791,-0.09535182436878727,0.7549805497522634,0.39668690870420636,0.18087586474624823,-0.09211985856117128,-0.09955131685318867,0.00503386875961406,0.10618417285078563,-0.31038846358415606,0.3375516029228583,0.012155548832198736,0.09824167860514652,-0.27710902491372535,0.1375989226670556,0.615695486210306,0.45256851887358784,0.4611714948290777,0.2906968916299179,-0.18613980336267902,-0.07774678991303842,0.7195770148525569,0.8130686803935072,0.14429858374125576,0.8257135857979598,0.3488769001030369,0.3445665878249911,0.34854530878914725,0.1596030581827377,0.2133988542745867,0.10573274319918878,0.3432956865872567,0.39386626389186735,0.19121986903524918,-0.20652274665826892,-0.29023321516980166,-0.12524115084487608,0.36156083671283495,-0.25343975633464483,0.24951238109391177,0.14984681704014155,0.24836051962972974,0.3361873874158301,0.44093484089152973,0.6061390722641032,0.004988158284400832,0.2580801496963712,-0.2548670228081766,0.029117397737985,-0.052516671283831896,-0.040151813182448835,0.31385742730578375,0.10601431055466955,0.31284100326203124,0.30851292971251765,0.6013775974374082,0.2099086885780797,0.042740477446001034,0.3051418176863893,0.10195040865717156,-0.10960890565597912,0.09106514716864647,0.265523532356963,0.27195177057828396,0.00825129163181053,0.5821484030188052,0.3044301844217224
0.02275121811137361,0.19235124770623593,0.16143588769053688,0.045047669774776,0.2666183598059322,0.298733648118061,0.08724426245240043,-0.014001789468213378,0.2909647850721172,0.9999999999999999,0.4727862005106312,0.6729714064964297,0.29022541630984594,0.1114239836562313,0.47901178270135947,-0.114004233190521,-0.15318253934824935,-0.3851583959589438,-0.01848705199073305,0.12935311043822892,0.052558992792913775,-0.21947735686405295,0.0046721894397855745,0.5296678788896478,0.47449476431463183,0.3479560984465009,0.3039108754452493,0.37636414332803086,0.3589340901363188,0.333422466378629,0.14833791947142858,0.16875028498178185,0.03803277985269167,-0.29085335318193895,-0.007602054779912501,0.3367419885711266,0.24893703750313548,0.2643574973325708,0.21613350470016257,0.40589674518415103,0.1229397497180951,0.28237632606491214,-0.037234473645797586,0.34997562497217266,0.21302203130654984,0.12840740642430734,-0.052589990828106996,0.06600151304019443,0.28215409272556474,0.26618630648446906,0.0744522464031613,0.0053976232648452385,-0.1737554195031066,0.1260120182764503,0.2714702887739884,0.2915154082932903,0.02717311059054229,0.18790168009441593,0.8437537493031255,0.3666201595439908,0.49510763658739204,0.19658334794573204,0.3829810838694245,0.05228142845987307,0.16224974240895845,0.4617440669970047,0.11261399001237751,-0.25032998486074903,-0.1525382181281384,-0.2362818820341406,0.15627791805551505,-0.17059426765812286,0.15207149382313606,0.3124125244245967,0.3467902157779427,0.4445248665734621,0.32611088640970787,0.48110725269716637,0.2911285868760503,0.3150532025781313,0.04088635265952678,0.07889868956040069,0.250454362299774,0.07958385128900299,0.3030122461169424,0.12987743014228112,0.16466371838681898,0.28686974209681754,0.28126562296059543,0.29778469804816765,0.17924810665439803,0.38354637675809233,0.3852211160587126,0.19746894128433107,0.17629392243520797,0.33313193192455104,0.152085837059156,0.014994172656230006,0.19842523014337163,0.14244978051421067
0.12193861470704781,0.14667760205150077,0.21032142578076066,-0.09904028133879568,0.18146958948080297,0.3157809161660644,0.06037416264002321,0.05953217462426376,0.3848997755973498,0.4727862005106312,1.0000000000000002,0.5686692595043181,0.24239976315554046,0.22801840809476656,0.48178473958232987,-0.14971014472098834,-0.19477913094026514,-0.3769196266845261,0.0841580130708063,0.11618524615344139,0.0060520610702049496,-0.24026979598336076,0.005868550015415205,0.07986774146893759,0.3220134494315423,0.4227130666216595,0.33969061997234595,0.4947130529690844,0.27815853748348607,0.3635318020202655,-0.10196223199588349,0.1713662331561942,-0.1608820225107136,-0.28654427750386136,-0.10964342013209172,0.2813274781823302,0.33431448154073423,0.2559486277406135,0.15956972697030755,0.022611791963801663,0.18765356076850473,0.26297305984935404,-0.028483498436303458,0.29051879490939214,-0.04300442616397944,0.27005610262549445,0.06597005504993637,0.3275158878021274,0.3817285108368974,0.26658128110911933,0.08177270906449031,0.06465959823825486,-0.07526310341044386,-0.03391424120774742,0.2409570610143475,0.3284902077682523,0.1081970656633403,0.2319996711799804,0.5580431634982185,0.6457246431994828,0.42653915742242837,0.20819846797705754,0.08887081112438118,0.053894306838487296,0.2661236000673208,0.554370247043021,0.03891132511832397,-0.19332252635624647,-0.2335768967821739,-0.28788762161948633,0.0686930840597794,-0.09435113515819879,0.006763719185521185,0.11896413552363055,0.14538971261515665,0.3253003556373127,0.26590053562359106,0.4709402159024238,-0.06804662503508604,0.3010485704266316,0.07162632671880005,0.18324444066958448,0.00772765069951897,-0.07504908068948048,0.192182020681309,0.16467214533243354,0.20535310149530875,0.38655461429235166,0.24762976652137114,0.24490358618492158,0.27121199314680783,0.25764334806239936,0.19424574392375896,0.11109395826793672,0.12175583351471922,0.2704598403500334,0.3018878887319202,0.13851888444548888,0.27856173632972553,0.1855833901250558
0.0006884460284726485,0.1646754467638553,0.16133365165118224,-0.12383871505368986,0.18227689361796104,0.36808400817256043,0.08834701175102425,-0.08136576393798178,0.33749638448343666,0.6729714064964297,0.5686692595043181,1.0000000000000007,0.4413258257782546,0.47616749302786987,0.4524185660327253,-0.16135219972767148,0.18023526830487388,-0.32182966998259377,0.252899811617932,0.07347107447693838,0.0843788461109045,-0.21916690616378534,0.07212976410274062,0.34987312385872826,0.3593526910024482,0.4378961155484553,0.2557633123831796,0.3675046547887105,0.2969418531574091,0.4997116682371995,-0.03649895228018261,0.02657669483316297,-0.15598776178243637,-0.2964336600008605,-0.08956605515708092,0.3015523694030372,0.056709859080420484,0.19103348942613096,0.11002336815433918,0.21652980367812552,0.025802996844492568,0.26327918420814317,-0.12909143660850858,0.24390064638095516,0.008219815046395495,0.07691745609694937,-0.15040591574720122,-0.02361713947922165,0.35183271346830486,0.1718210830810161,0.03986864731852636,-0.017443302594680177,-0.19508280761604593,-0.06464146416922005,0.2874230162980737,0.3159678287038364,-0.010726716025049675,0.1766166690898891,0.7458030984649449,0.60015762870061,0.6926125511206587,0.32666253668336315,0.46920233474060247,0.3755627173368726,0.4488520058176923,0.5152477903263379,0.1265504121857087,0.08283185529590076,-0.290871188350323,-0.3084759359247963,0.17852560637305318,-0.31707182840023573,0.2893643077850479,0.24866841486552954,0.37066327875430277,0.48247491110994917,0.31493940014119987,0.6182207479743093,0.08706453248143835,0.16373379193206353,-0.16464315494162746,-0.06678216498101934,-0.039692889322417976,-0.054627391724986714,0.11155641166181919,-0.01724472245178721,-0.06897835031807652,0.15782580706263263,0.2261380418638919,0.22054809238949094,0.05460359097707266,0.1620749861259794,0.2154831505179256,0.043710332564008594,0.10021640752192715,0.18743919490182315,0.08866705146140162,-0.11614505939745638,0.23068959207972076,0.09438955810145205
-0.293622814649163,0.20783112159793965,0.04622804896759496,0.08509654942858483,0.16083584040250154,0.1485833594161145,0.0070247026903325046,0.09219229347898293,0.11838037774388104,0.29022541630984594,0.24239976315554046,0.4413258257782546,0.9999999999999999,0.3258548502174495,0.1954270697626256,-0.0053427272014873696,0.27937173335463567,-0.13935947139524404,0.1364085741621838,0.047572730485944195,-0.04443148253844281,-0.046918612947720026,0.039627096101900246,0.23548325405755016,0.13291926473977758,0.2350908824288064,-0.007042187547373897,0.26242442436995594,0.1046437105009741,0.2094154425903969,-0.03139862660140939,0.02053627150173931,-0.007223260689236443,-0.12085290961132554,0.10677401637526042,0.12801942306801953,0.17773858760448089,0.06839508186372761,0.03836487107018601,0.1822707736401537,-0.0377784791913831,0.05668114960497303,0.028087665973257875,-0.005101113958365991,-0.04074219801010048,-0.006569378328360269,0.05267501670661832,-0.05859174963340487,0.09258895806612312,0.06219528567017745,-0.07996726202528112,0.10512462461333334,0.0019001743182286133,0.0593237423547753,0.15466825044588026,0.09996119512467437,0.07041044146869217,0.09467873729229195,0.3131440134183098,0.4190347754362262,0.44272111633138217,0.8158272163583394,0.4961824892904402,0.3343300018540798,0.04461892520838767,0.24497140619080585,0.05785883593826349,0.21723761589770862,-0.0814730506226693,-0.12919731477997437,0.018241289082781775,-0.03872905242045209,0.11734140774548754,0.16833814092234306,0.16895478648584797,0.2701549249344507,0.22707944809536393,0.22226021036088006,0.021200948076857403,-0.015389870821564,-0.011087114257923924,-0.14156729226557,-0.020167536125712593,0.11620538729684984,0.09648852605943199,0.11241717470588504,0.054802678721551826,0.10254094606307788,0.04630011752454924,-0.062318001404800455,0.036185418743252054,0.09960041167176856,0.055575980667810124,-0.07047099248779722,-0.02157594761182046,0.033996662265491175,-0.08404392873123061,-0.06862675204322308,0.10619271986419879,0.030108615982043948
-0.10718968391625475,0.20500903892155306,0.10860385882389326,-0.014047334282381422,0.19111040107048027,0.1583093357587125,-0.03605122297628724,-0.0738520237568229,0.12253523053154779,0.1114239836562313,0.22801840809476656,0.47616749302786987,0.3258548502174495,1.0,0.39088461629526416,-0.13973259729092422,0.5136312859500907,-0.33337911693607925,0.5895350113413731,-0.0236832612221397,-0.06919999469323128,-0.06146275503904404,0.00491237225115103,-0.06247953326457334,0.02083552163982715,-0.10777522017917915,0.09520771720302931,0.2813871234905775,0.0368643305741082,0.3625912076479075,0.05475976626296956,0.1742755919475344,-0.144117063984046,-0.14000591619168148,-0.09768354670851309,0.0433941253197497,0.047277124046101,0.27785562570548317,0.27133871901641643,-0.007722483128712494,0.1285463587229941,0.25604281728058986,0.12962900629012675,0.2449770599774575,0.033573790472426715,0.2922844406213108,0.14147406395003592,0.1327024039445373,0.18428140389472378,0.2225433920098347,-0.10572849098340857,0.13491434372166494,-0.15002083530395852,-0.02418235775224661,0.2900075640967619,0.1254631724602173,0.07491033510242767,0.10482093388786244,0.2548794867103917,0.5292092010934519,0.31023649970152767,0.16949883421971318,0.43365225224283804,0.7089798989597045,0.49367513513120703,0.33970240140377994,-0.11432783224138186,0.3505753498489765,-0.2628987065644517,-0.3270643434533339,-0.13660866557365126,-0.23995389148200505,0.16893251879273746,0.040743006557865634,-0.13512901356029727,-0.036352452597918375,-0.06970905530266389,0.27751900384241174,0.16874036605237905,0.13304824692955913,-0.2401663395843389,0.08076733870591074,0.0023249199998483286,-0.17513678884540373,-0.15160475197634,0.043936305767332734,-0.08590060423187926,0.15917800408442795,0.07201876131121351,0.08199592847098718,0.1126268509373081,0.10441570278002865,0.2490190402564813,-0.0023691321225110394,-0.0018449502899139522,0.25972498329487714,0.21461481840341368,-0.015595859186296577,0.105279813805269,0.12962454883021066
0.14391766432504735,0.21531114838970816,0.27217949056844376,-0.04413342605714584,0.33511806113976406,0.5548996960191117,0.052070700401155676,-0.011895907281334274,0.49840205747097505,0.47901178270135947,0.48178473958232987,0.4524185660327253,0.1954270697626256,0.39088461629526416,0.9999999999999993,-0.058614744956982025,-0.0036557085230688453,-0.35751502150920156,0.11704513378457324,0.283305147179971,0.33675276576054863,-0.17434129359038447,0.1735216665248349,0.16624471173228103,0.28838777889746514,0.15717615394811937,0.3012385101487328,0.5036081886833458,0.467083939625936,0.5625817367869607,-0.008927576488464931,0.1504020974125529,-0.2949466661615547,-0.29196752433947143,-0.034221619446834765,0.3952046762704012,0.41102029998564044,0.2557462959683271,0.09796778054048674,0.06170872468054148,0.15195086424558885,0.15067612260281354,-0.174906846643765,0.4657209559912552,-0.023207287505076175,0.2621656214430132,-0.053215348207445265,0.26664525122636623,0.5371662867121214,0.385473216216821,0.21444452632866012,0.23016631561858195,-0.10667186527597215,0.01926079762355308,0.547689015008953,0.47540152174052175,0.07048231597306782,0.32855445042384873,0.529657009008424,0.5065062018054001,0.2764397634128276,0.1543807512182208,0.44038015450598184,0.28709071285495563,0.38265684174056264,0.7323295370588975,0.1485968306397942,-0.20687068161696953,-0.2329260684693362,-0.2574545718755359,0.24506048636474428,-0.11584065711917467,0.2540217111082147,0.18888393019180372,0.07728813780860302,0.186664357972816,0.4277514066790711,0.5306092688803822,0.06809308263628124,0.26849903717464774,-0.023330197374883607,0.18188005772217772,0.017963327336742906,-0.044288972461768564,0.12014524210684793,0.25590897230696147,0.4086388097434309,0.3657766398824313,0.3739541577577012,0.3049854970879108,0.25450812164023273,0.3362490102404908,0.21418680385089645,-0.05654209980721485,0.11076257075509945,0.41022271296177876,0.34187351970166535,0.16079398637935802,0.4234231007658917,0.32225198217915735
0.13095483267635874,0.4440499283136358,0.3663451494060474,0.21020637667676564,0.12008031965072204,0.07795981917893316,0.5936135623792888,0.48556724429685694,-0.004651991648666898,-0.114004233190521,-0.14971014472098834,-0.16135219972767148,-0.0053427272014873696,-0.13973259729092422,-0.058614744956982025,0.9999999999999998,0.1855094328943326,0.38578478480366873,0.10461751127394875,-0.0997028265294987,0.2894396303364982,0.2976914686314371,0.17672433152473488,0.09932263323006058,0.10903764663008855,0.1810914886169967,0.0002762701046692785,-0.10123369753825158,-0.02801568831942352,-0.020664066956696148,0.083665682432819,0.009802599258212948,0.28025806308305984,0.20944061377798606,0.2341683010108588,-0.0607805480879434,-0.13243514811292173,-0.16293240602189613,-0.1953680596406541,0.3176191918899543,-0.014511186109030976,-0.15317437304727222,-0.01196307324551357,-0.2129007308188189,0.0318517098938411,-0.20560333917345766,-0.14803234049620076,-0.1271584376023805,-0.03254690776827859,-0.15047281174226593,0.077451504975024,0.30813073687036413,0.656822485184831,0.1455907719770804,-0.001709018820614504,0.019905913460828633,0.46506385202593803,0.00884255527936556,-0.21545892024909058,-0.16984758852973203,-0.05482604732508721,-0.03537843755110094,-0.12071193412378957,-0.06730520173713635,0.15109290813547413,-0.052158205557613684,0.5123148127225331,0.20391019220079293,0.2918076560909635,0.3373861943720258,0.1605838715800054,0.4176379153646574,0.3362157408333347,0.1429903845658138,0.2211041696752572,0.09281617172071469,-0.011662852118872314,-0.04126682189093863,0.03705604952249827,-0.06818063945459736,-0.12801154474366222,-0.12669046968245234,-0.046326391372098964,0.2294977270305652,0.07848798602412607,-0.06224193039365008,-0.09772435844170091,-0.2089901793402756,-0.11194046314800676,-0.16814442844448377,0.03244377473368103,-0.06368448885873937,-0.19521262053219932,0.01033143912544229,-0.06500554412630659,-0.1602856672793804,-0.17891729766837475,-0.08523983276399415,-0.08257111974596595,-0.16562267348120718
-0.28966550821323844,0.12703103282713496,-0.1323733353993869,-0.0024966718488955665,0.04007742921286611,-0.16089876671330897,0.05903559558303138,-0.08744365172738802,-0.24010979275620406,-0.15318253934824935,-0.19477913094026514,0.18023526830487388,0.27937173335463567,0.5136312859500907,-0.0036557085230688453,0.1855094328943326,0.9999999999999992,0.10571380968541909,0.5105280580140447,-0.20440121874730566,-0.009738814923796147,0.23733906480601924,0.07366858277289083,0.12208333454480866,-0.1306061280662907,-0.20984126140205941,-0.12359126939689899,-0.2513948085389238,-0.18270333159847837,0.0048941265046910055,0.1040281922493106,-0.06506223255692903,0.08151944807444249,0.1857399907214159,0.1788183465490504,-0.263359663005382,-0.2591795398924525,0.019873941363637643,0.14935119917764691,0.1617724043167531,0.04579855543266462,-0.07028651919752768,0.15865787253980349,-0.11043017393546088,-0.0010017400206842443,0.004559231168011145,0.07970134082751189,-0.1368593812891999,-0.1611634299725174,-0.17968460141138196,-0.2823379119343801,0.08080493649831479,0.07250871902345218,0.038909604089857094,0.038123412807743055,-0.24260220307835068,0.06422267683380901,-0.16571466064600887,-0.08497349997191418,0.005492863007742476,0.034075216828906615,0.13175341624970033,0.32395907869643714,0.6325148021672459,0.22366866442457917,0.024290450617035303,-0.014820067023689737,0.6697632432199201,0.045521398652167804,-0.0038031915351258946,-0.16549063072024295,-0.011354661441417226,0.18647401606352054,0.015609067305218912,0.001151548077536344,-0.1927171494136234,-0.2031008668811949,-0.14706653405870126,0.11982789418385094,-0.20922209711487963,-0.033996900464384035,-0.07745802349366339,-0.021702338342928118,0.05402462453535322,-0.24307213651076068,-0.020108612716289827,-0.30602979593102253,-0.18360284339069022,-0.2146963232036555,-0.03481677088697045,-0.045233396866311955,-0.10168137071408413,0.056003420462136695,-0.04318035893216323,-0.10537202747089633,-0.0744724957882168,-0.09390951899176626,-0.1161093172151877,-0.15799833883177986,-0.1303255013732572
0.0753018778745536,-0.12319459322197357,0.028575055883160037,-0.0018621839531047723,-0.3469629584206196,-0.12384869759077329,0.1012272370962223,0.2170402881752816,-0.13619106859243674,-0.3851583959589438,-0.3769196266845261,-0.32182966998259377,-0.13935947139524404,-0.33337911693607925,-0.35751502150920156,0.38578478480366873,0.10571380968541909,1.0000000000000002,0.004229150266509226,0.06832692530338731,0.27292474495190433,0.42574985489055467,0.40136086160729056,-0.17880950321641098,-0.3853713592737087,-0.006217230148209983,-0.09638696722679829,-0.2854153379203727,-0.17780737626089915,-0.14082625240494995,-0.046274861527706476,-0.27783956903696017,0.11992001143852261,0.5844377665341851,0.31785515493372807,-0.049298761449811414,-0.2212941881500326,-0.4332815100412377,-0.5146430925075813,-0.22497384560642997,-0.25147960704568856,-0.4840609131340896,-0.17121729564826338,-0.3270163612591185,-0.01425651941148298,-0.4393607689644584,-0.1027386567309095,-0.09417202287588915,-0.21897062322956212,-0.30582859235401155,0.0999125157756591,0.1406069042678046,0.33764500236980244,-0.05908656594283954,-0.0875615819237856,-0.15942153347229637,0.1470252959713768,-0.1792061186278972,-0.47680541187161796,-0.3727375780096543,-0.2976543272213528,-0.2032605744891033,-0.28421330264492817,-0.2438028579235773,0.026091808631332238,-0.2680297253695835,0.09789025731711205,0.3034173265695734,0.4551812613352237,0.8379442469962345,0.2613432609302197,0.45400123706034884,0.3162526461010691,-0.26943169902537006,0.03542392803912488,-0.15478229533690838,-0.05544110976756288,-0.1438471374504694,-0.09482601307668813,-0.4723499397366182,-0.05395833283402008,-0.13180960257108756,-0.09121652680864897,0.14769761708278006,-0.01363623008248117,-0.19005518647966962,-0.09157224296703695,-0.29223385072683067,-0.07668944521594931,-0.4447293053552734,-0.13547094834464427,-0.3658358608614651,-0.611559756246633,-0.14663244992396232,-0.3603731038940782,-0.30904330782827466,-0.37576751800644026,0.08193895731769954,-0.07076901903021342,-0.1715023738369478
-0.09126595821398995,0.3243368644464986,0.15869978762154338,-0.06744652867691324,0.22236751866477616,0.01807284827289613,0.3362350145120413,0.18828598452143597,-0.002277067543665862,-0.01848705199073305,0.0841580130708063,0.252899811617932,0.1364085741621838,0.5895350113413731,0.11704513378457324,0.10461751127394875,0.5105280580140447,0.004229150266509226,1.0,-0.0010735151302374885,0.00941407528538881,-0.09900050340646414,-0.018580206390556755,-0.16122051483318578,-0.11874042071304611,-0.2947529697084845,-0.006743914143032447,-0.10025218671347608,-0.0718582228083149,0.11297955406381753,-0.06579832092561058,0.09342761030147953,-0.05958493025926995,-0.0371458804396137,-0.17819973099141098,-0.013430115993727761,-0.04142624549592222,0.2712406020130514,0.18334464897003097,0.04035138183778219,0.16930759040681798,0.058251798070250216,-0.02005425661310674,0.04309085782040345,-0.09305450164867395,0.14086594897793,0.16214883453893422,0.012331578009627683,0.0244233358943511,0.13582486807567146,-0.08699844176379423,0.16647236680260363,0.28837323866768383,-0.046008783197149725,0.19141370662945298,0.00941188708277076,0.24795396622696153,0.09929871719012923,0.05106453452029197,0.25607082062398456,0.1542041019365069,0.0571967485067175,0.17210496266394115,0.5570262437269357,0.4386295713072143,0.12676367528366156,0.16435405283990784,0.5702141859728364,-0.09078021271423484,0.039597935771047074,-0.0636467673930653,-0.11809677838211534,0.18714865584828413,-0.013050634617473104,0.03705914643955576,-0.2822468196137941,-0.07300032423829253,0.10177583964860878,0.09336667548943327,0.1334675282924444,-0.3219097785643508,0.06743516046136445,-0.09996826635980241,-0.1980754608563941,-0.24313907084957964,0.022367445753623243,-0.23316759375762663,-0.10658091002591567,0.020843386382154386,0.021681895814456825,0.1256542762410953,0.051264496160165214,0.17034194585166454,-0.09798420481561096,-0.046157319953226514,0.12025064276198359,0.1181591869956584,-0.0868792161295174,0.018396119174664573,0.07270291047405997
