0,1,2,3,4,5,6,7,8,9,10,11,12,13,14,15,16,17,18,19,20,21,22,23,24,25,26,27,28,29,30,31,32,33,34,35,36,37,38,39,40,41,42,43,44,45,46,47,48,49,50,51,52,53,54,55,56,57,58,59,60,61,62,63,64,65,66,67,68,69,70,71,72,73,74,75,76,77,78,79,80,81,82,83,84,85,86,87,88,89,90,91,92,93,94,95,96,97,98,99
0.9999999999999999,0.1860470070268297,0.45726462793297823,0.027001129148935578,0.1810758029669936,0.4131968837971623,0.513979890080036,0.4881589308566061,0.33547064240090707,-0.09387608176746247,0.028710046785742658,-0.17989746876490034,0.19534830565838351,-0.10205381193708889,-0.13377312575781372,0.41617387381710785,-0.03800752213743023,0.32907822103819856,0.11086908151423533,0.0745424598868381,-0.06897279523144353,-0.12426343449061597,0.013725681032879243,-0.15786057579333249,-0.06867212871892092,-0.28167253103330203,-0.30718423815778234,-0.3376550895362387,-0.16605199478831087,-0.14951393272853114,0.3087101586102581,0.4088707643503028,0.23157755705276262,0.09091120512543896,-0.26310098168133766,0.008577181296229877,-0.4325514658693044,0.24873039882521297,-0.055468897455993246,-0.0959757763721009,0.008657623973509278,-0.16926738248665035,-0.2391876423510478,-0.07038609396947178,-0.3650312678938098,-0.1689303530605274,-0.06600237180041445,0.12084036396163379,0.5188265891983336,0.0593953162278329,0.4218857910100421,0.2563961485933148,0.2758500803384195,0.0695760986319599,0.2573490073188807,0.5105626892224545,0.30189130945297316,0.17588284702540635,0.24617373966955242,0.24512198520112308,0.028639219789864445,0.18635947995677105,-0.03508690461768895,-0.1034515064431376,-0.0036395228023794984,-0.1039215755580267,0.4707460800164361,-0.03791800603895876,0.18138313851555457,0.15486318702036095,0.08265881983157133,0.1322094205319137,0.01284701746790278,0.037342965938955315,-0.04609254656155896,-0.22518292294185757,-0.10191988318261017,-0.2625921600404355,0.018847819991291908,0.46084927392759845,-0.2871070113940678,0.04076310974747191,-0.1410077019602697,0.01444057871350862,-0.5502897249293864,0.15198329746060982,-0.40204555426860145,-0.385792954510456,0.13822310065453533,0.015362998654608894,-0.017285968522903265,0.4218241061021509,0.18205448488619985,0.25738291343446695,-0.040983390281584715,-0.08525821946685619,0.042359215672862105,-0.24638437663858775,0.45740898544885006,0.05605252263677478
0.1860470070268297,0.9999999999999998,0.8277815949279828,0.37392905212235,0.7325381854762968,0.5972757405202446,0.5938514445184742,0.2757111443280656,0.44963187236846647,-0.2820500230934824,0.06138908683108092,0.061540367071731786,-0.055306360256039855,0.0913043569313888,-0.01623093136711669,0.5458407197378726,-0.2570460401268996,0.5392360643414099,-0.24551362248576608,0.4095197334273033,-0.16100785476354446,-0.22166244578078725,-0.2105210317447932,-0.03239673802353215,-0.15975513495537585,-0.14679612425011782,-0.17914412240389901,-0.24126846892310225,-0.12231488166309254,0.05948884460092762,-0.2407805834105829,-0.1507966861093997,-0.09152960385734052,-0.07972402482698543,-0.20289450459594904,0.20826789628187284,-0.24690476190469848,0.02537817498112979,-0.08378186779381272,-0.05579629647769313,-0.19506554643993138,-0.3332011235163181,-0.13792136348345638,-0.0977762332931005,-0.0667021929271093,-0.16663163087388322,-0.2689734154658886,-0.14903382864535392,0.27862911924663275,0.02443450114706664,0.49067646116164243,0.9186410491384424,0.7464328472686046,0.4791034754340682,0.7339541553502421,0.6998507037660422,0.8352588467659315,0.6944582106622489,0.009725741447379416,0.005484870687564434,-0.21124497310810417,-0.04421082583130591,0.21342978121073364,0.06831306784815727,-0.20919576153657715,-0.03374539240289043,0.5423853147861902,-0.2022660847966503,0.21875072830840087,0.3339834095703725,0.2437052825656461,0.2618846665786985,0.3192992548458065,0.2637888352269555,-0.008219173662929158,-0.10735876161938426,-0.06292138502441515,-0.15949312942262325,-0.13157166077625854,-0.12858248679683712,0.106345352828085,-0.09726903354411041,0.06247016845952799,-0.14689045496831232,0.1281580110040219,0.05462348430635142,-0.3061664223664219,-0.19265349095978682,0.24098875688407934,-0.1266810432782576,0.4423825087317571,0.315257311725112,0.4138946846343803,-0.07241322498146087,-0.036225655358044895,-0.05576348610932742,0.10629656153952462,0.12925264937756425,0.3348092070388174,-0.018895183775751896
0.45726462793297823,0.8277815949279828,1.0,0.1595825123174605,0.5806464079273971,0.7586220835022921,0.6944551212619625,0.46215550431865293,0.5661384343626213,-0.18063971666944664,0.036060770377287,-0.07719464967665779,-0.0027863103159238107,0.08729332892633936,-0.10997943083540396,0.6019903583531461,-0.11237951045134414,0.6181739038780285,-0.1780858671620235,0.3700391075331368,-0.136978032658537,-0.172611500733686,-0.046228280651480505,-0.03973218122945533,-0.04294248121542038,-0.14083416092273224,-0.11125156258492554,-0.2588743236417232,-0.03957763194635338,0.008816270278365824,0.008701930708077739,0.00974964671969853,-0.003934791703154722,0.0630364811697498,-0.20887067765293074,0.13815547574215076,-0.31355147918805065,0.026095469555934923,-0.08929628074560067,-0.12588958665027297,-0.2011237020650734,-0.1951837152873656,-0.18230065052836048,-0.09679748608028424,-0.1208429325110869,-0.20481227358898024,-0.17750890274452508,-0.0643111519354701,0.43938271550472696,-0.02900791243181068,0.48743994186840467,0.8535424152533857,0.5805101040107502,0.24525720540926407,0.7967347216840497,0.8241696336492268,0.7493047871878311,0.6524286353941503,0.08710945103202916,0.10916076071666281,-0.1718106140065381,-0.013822054331168633,0.1438466257615498,0.020347858898818242,-0.10936612951405762,-0.11157002201384045,0.5872005563345367,-0.1006151936878597,0.216851822511094,0.2566645394746247,0.29781497639704085,0.25529542839315966,0.31491350821153186,0.13297125598870746,-0.0022533806827587477,-0.08349820127378267,0.02799027611452374,-0.17746624366564712,-0.10926637422744458,0.024152763251112482,0.007675997997890083,-0.1533365724117266,-0.04461597335505218,-0.04474400680849606,0.008115446303401582,0.06353213603982215,-0.33268781199462305,-0.23043560080571215,0.24136954963405768,-0.08901783569672661,0.2026832244943319,0.2918439180356504,0.24829482511296017,0.0973568132764821,0.025081560399278092,-0.05121420931124084,0.08866211693214347,0.08930626251904458,0.48767493213897023,-0.039371979475742246
0.027001129148935578,0.37392905212235,0.1595825123174605,1.0000000000000002,0.6458420918548914,0.16413029507437257,0.04515091448172566,0.5307208796814802,0.36917427985212775,-0.08237791372616697,0.02081192723743177,-0.08208696755166375,0.22813975942769482,-0.04924276344017794,-0.05028172498037083,0.17785944926033817,-0.20114168348185704,0.07222887040359516,-0.06598321745964647,0.05754741540960956,-0.13933559406487003,-0.2275755921804377,-0.12273135307579217,-0.31782949458127135,-0.45911733844236224,-0.3150398890991455,-0.25339686959957,-0.1023194693931437,-0.4183116465407504,-0.11542759500097766,-0.1653428695885603,0.10740457268084176,-0.022255153059398767,-0.017862657902371168,-0.1741817543654471,0.3306873589985425,0.015195822817759708,0.33479175640893766,0.25249005490038434,0.0517373683404813,0.1653884206450475,-0.007910653927734726,0.03448779748718705,0.01836902495648676,-0.10024370241499145,-0.08452338645238218,0.12117828579853314,-0.05744670731346294,0.16994443704842638,0.17143355083726072,-0.16190311085891265,0.21951966158737474,0.14600520400445516,0.7146720698240476,0.16392622163429568,0.028700096038576817,0.30891648300622165,0.49565275063126857,-0.07975923382322711,0.12443649957666525,0.03575223847778059,0.2016887479918091,0.021849116445943693,0.1942227595415126,-0.15401164181717197,-0.1445046583247521,-0.0974915613254562,0.024836181152630813,0.005048919816936014,0.16249537511439316,-0.19459472460601138,-0.08275989119498894,-0.021256272109980743,-0.10929657571201312,-0.24945711631738662,-0.10894649637804384,-0.37725766551666756,-0.1623199012895464,-0.07777331945571864,0.10852535401487376,-0.09054963622045137,0.16984327334356714,0.29137569629441123,0.12640122835824597,-0.04229413789954572,0.10184785178043439,0.021837890537531417,-0.00035123854702199994,0.10500610600999484,-0.3555733177498265,-0.09432566718770591,-0.057520761294483067,-0.07944082012584965,0.0015843831995222166,-0.3321234974631312,-0.05454810518332025,-0.29502947366299104,-0.13080450052713843,0.027648357742292334,-0.014897920952023998
0.1810758029669936,0.7325381854762968,0.5806464079273971,0.6458420918548914,1.0,0.5438145474805257,0.3251242401971753,0.36541859516012676,0.5549737125736567,-0.4141387549494531,-0.12476802207293435,-0.25567449153137983,0.0646957709937427,-0.15320046951452068,-0.24475867930003412,0.27965915133789115,-0.37728848104351215,0.34590975431420623,-0.19138033665011012,0.35821558398165537,-0.3428763636527166,-0.5626539429291173,-0.32603172113775003,-0.41576110042483433,-0.48144235837383487,-0.4980850812717621,-0.30727989331240374,-0.4465418001520197,-0.4912434571804033,-0.20836322940315352,-0.22123614558878724,0.09122680986106621,-0.15524706847086622,-0.07230977206823698,-0.34312668939831587,0.4193635410376462,-0.28613631390928895,0.2531874984672787,-0.0062722203477876765,-0.190504460551354,-0.005494727038433932,-0.37330528290144893,-0.2378065038715486,-0.2335338578718115,-0.25807807875756034,-0.1995078026694482,-0.0775162630697963,-0.07685900828805421,0.4343066749831359,0.25246979644018885,0.23451712849698803,0.6467581845482799,0.46889691319182303,0.75309556559628,0.609588148586808,0.5064201421892737,0.5900442926960753,0.7517851512735364,-0.09447355631455799,0.06744764734057461,-0.20245145935815465,0.07586160144059344,-0.1289670844425279,-0.06437957852135581,-0.3528118673421144,-0.3181509645947407,0.3156742557233524,-0.25334042032950577,0.0862850372273686,0.32255091446246914,-0.12758000662440977,-0.10627351930175277,0.17907881113457247,-0.1774290898362367,-0.384234260324217,-0.3771147377226875,-0.47022890298089215,-0.38565983578976015,-0.11174094578407776,0.07912961957307287,-0.21052249270312284,0.15598995120320866,0.31205252471295947,-0.05169423107857444,-0.07656732194216431,0.187542953843911,-0.23315570659176826,-0.26024328135516556,0.32235191639078464,-0.21512621675411245,0.23794399336403724,0.2732621765558492,0.115913330780798,-0.00644033497253192,-0.24147302379408234,-0.08229632331753661,0.028628818637845638,0.04086714852946194,0.3943063827950751,0.17059609244515025
0.4131968837971623,0.5972757405202446,0.7586220835022921,0.16413029507437257,0.5438145474805257,0.9999999999999999,0.6418357163081596,0.42981428165946917,0.6844231721049773,-0.18904948016176482,-0.1759435970625536,-0.042932624330702045,0.041114440120652546,-0.03903550372717496,-0.18894077729004494,0.5481464874884494,0.05766251613782342,0.6865304642548746,-0.11218342071175606,0.5798803928734988,-0.1218562927108982,-0.15475864020353133,0.0230171225417305,-0.0009095425110936187,-0.10142934761091775,-0.1211925324880931,-0.0803274790688056,-0.32483469902092893,-0.0027307876535369825,-0.18041713076816865,0.023855200202198126,-0.0397430639836593,-0.035561347646233116,0.2833959666281374,-0.1283963098689535,0.34103412235750075,-0.3237949779914833,0.03303079164955273,-0.191145889252456,-0.18919431703290499,-0.06133404040999305,-0.23898033010889114,-0.3620420208076621,-0.14506321762104252,-0.15681508387656576,-0.38233464824124147,-0.0931367873639517,0.15483948675152556,0.601566492880895,0.08070882450950574,0.33657480541453166,0.6544268179714978,0.3761112563620194,0.3294725442843199,0.9030839889162222,0.8562489926174507,0.5718421918353028,0.6322350257010803,-0.04566945231646264,0.08407652784474268,-0.09390676899903257,0.02850665294313541,-0.002279372961453614,-0.040206896750800435,-0.04573399101994983,-0.13003914620603993,0.5743533079611668,-0.11948945466775707,0.13694421189829234,0.36180488144217726,0.33403458966702765,0.049632332120164484,0.2558946817983172,0.02293046124578973,-0.08597444353429842,-0.18526760957076513,0.037778046859856994,-0.15858422873794537,0.05142273492538645,-0.03885083935690914,-0.1614731906489953,-0.031401179207601305,0.017594954820221793,-0.054914611653224574,0.011644904778142173,0.11763193394520495,-0.20497862535944406,-0.20283276442344794,0.47901143731075696,-0.04556045842388336,0.04465299355040183,0.05746249726215468,0.055636835775158114,0.06693056223107986,-0.1765386806698013,-0.009731954088303362,-0.04062049913638282,0.24924012236995793,0.6809764679040793,0.10694325185394483
0.513979890080036,0.5938514445184742,0.6944551212619625,0.04515091448172566,0.3251242401971753,0.6418357163081596,0.9999999999999996,0.3640024503218327,0.5020231988084077,-0.11834443354913732,0.06515044708475172,-0.041253553708974273,-0.14033566425244345,-0.10002829860457538,-0.19108049762813112,0.5900625056476003,-0.15393808310453988,0.6922719508563913,-0.29089677787430146,0.49229032003202383,-0.12747623406506783,-0.04046337996021093,-0.10596588982610039,0.04797372929526969,-0.05340254030974149,-0.21522538787389325,-0.18625109113216848,-0.3661278058759621,0.1093520474841673,-0.19769764563153305,0.18358836516491905,-0.1298187147191017,0.19629493035970583,0.2635534243026764,-0.04340659170739257,0.3022641227525104,-0.18575815224451556,0.10940245301975364,0.03303922607560285,0.13708938996137862,0.13085409991292873,-0.2711089199376141,-0.19283524275529856,-0.02808089881951106,-0.08653768482478567,-0.11822847105562621,-0.05758536406070762,0.26166272737130686,0.5520326568575503,0.20700885296835583,0.4913501083880383,0.705141840565904,0.5298464923638609,0.1695085177680496,0.5785334532257594,0.7666757030065585,0.7150249301120757,0.47131941622572665,0.14448370634227625,0.14130795563399706,-0.24765704558688725,-0.10067654125766835,0.12981490368482013,-0.09267612519091412,-0.09063495937922371,-0.054943695103044136,0.7515916403019539,-0.20242743191322124,0.28185044756994104,0.4614598043701173,0.2854457892510871,0.20609175747948782,0.20969113993968197,0.26897630651793486,0.0015366044959742977,-0.2864059529267825,0.05881572766952349,-0.2996878057227671,0.17626667092183584,0.028588653221716328,-0.06964087508297444,0.10586839945449457,0.04658601967030734,-0.2034116898660336,-0.11324686422544711,0.2777485739855959,-0.24708552823805408,-0.38939804563989067,0.4541336692882211,0.23069360176103604,0.27482456512165643,0.270142204487393,0.4310750878707056,0.10989670520143847,-0.04225838133373226,0.04168043507421764,0.1698244185816378,0.2110126305519881,0.616697605721961,0.28402168289242796
0.4881589308566061,0.2757111443280656,0.46215550431865293,0.5307208796814802,0.36541859516012676,0.42981428165946917,0.3640024503218327,1.0000000000000002,0.6594993346263552,0.06793560388171031,0.09741135873163151,-0.2181634982231334,0.3501141788704241,-0.12020015579153621,-0.18574683362688277,0.3112601105936863,-0.043728881676781996,0.3166374755405258,0.002300799271987066,0.09008961555797043,-0.0966291986132038,-0.12461952347727746,0.08511100171516203,-0.2578476010854392,-0.15407419732858726,-0.2126324374918012,-0.3620334288219411,-0.17810203486540213,-0.29086391033966486,-0.2162367520059765,0.18026112012896756,0.42692265365773063,0.10778922822944885,0.25188555150426695,-0.20444532736583998,0.1880578361037807,-0.12223090125863878,0.36655838591795237,0.1772135685984804,0.042818483422790106,0.17262752913125046,0.03785301095721025,-0.0939384775831842,-0.0694638953410796,-0.3562628000293352,-0.31660509957055616,0.06985901202220647,-0.09409420259935151,0.4032913168531266,0.02759905531541518,0.014480574801597854,0.2899938379599481,0.06791529910741761,0.30451651653196005,0.30779242948440216,0.37010954846557936,0.3961100661127041,0.5907733221280622,0.1135778018695319,0.32916638467985226,0.021457407526611287,0.2685685894669649,0.050845853414109174,0.11852882835379615,-0.07226784556630604,-0.16380494549786564,0.1866501845992643,0.16906408187078567,0.20533608548367724,0.26587335301045717,0.002143539789078622,0.12672522239270181,0.19431615441177033,-0.01751695105774501,-0.23147892110005272,-0.08043242576369865,-0.14564171694385902,-0.1685096966161639,0.13432199663151256,0.4623754116576925,-0.06616898198755947,0.20411111684832672,0.07536327447902118,0.24417892794927099,-0.28014410060029354,0.14007117099450334,-0.027100292142228623,-0.0435029337709452,0.23978186454612474,-0.047688469674303464,-0.2541531749422342,0.15939563923019157,-0.05524698395556243,0.3609107074586283,-0.15405578372512949,0.004570374125066485,-0.36045819894597053,-0.19512146307203457,0.36658544367076484,0.051950450154512925
0.33547064240090707,0.44963187236846647,0.5661384343626213,0.36917427985212775,0.5549737125736567,0.6844231721049773,0.5020231988084077,0.6594993346263552,1.0000000000000002,-0.03022119593242076,-0.02594740328402358,-0.33677925721095064,-0.010065363365859491,-0.17737398842345353,-0.2165740674063009,0.2651290643852796,-0.2394566786800497,0.5163058962997045,-0.2666190567055137,0.5365335458616282,-0.15902346906629067,-0.24009496048540713,-0.1262545121011263,-0.2924825431313677,-0.32061632552047487,-0.4128616881910643,-0.2827905095614697,-0.39644150949355855,-0.17507884973790752,-0.3689497299907043,0.1322227281522668,0.1833481774409178,-0.0344971513929261,0.32881095046514297,-0.14781117237648964,0.6093343634634394,0.0027275977314259905,0.4062788051564135,0.18218761594859684,0.1975803955774071,0.3986548632053756,-0.15660133495773118,-0.19041138376373043,-0.022048987635173708,-0.18737398309501482,-0.2016382954749327,0.10936666488246666,0.0617242241834727,0.651975025002168,0.43053077019085795,0.1812489221160886,0.4710222665626446,0.16538788914078678,0.4092741824620807,0.592751181338686,0.5744114696904489,0.45261343664077375,0.7699562749008669,0.04662083868194336,0.14275920974511552,-0.2418544412875739,0.024503163012568868,-0.019721665354982675,-0.022080150978347993,-0.22511837250465652,-0.19435650001386623,0.3731816542742992,-0.16715076790433905,0.19559882460835293,0.3545185837265267,0.06215067995316194,-0.029202820932089302,0.13546528224537288,-0.08619714866283015,-0.30144810413390755,-0.38899007540253333,-0.13580592369003866,-0.3450981837921094,0.28935582662169,0.25193425612795284,-0.18179904603154842,0.3482980917601742,0.17652671005039305,0.01902751526718635,-0.1512960903533851,0.2657434752548695,0.06430874273840961,-0.16484032403964213,0.5488520320038122,0.13849583147477976,-0.0043840012325279155,0.1841994569505854,0.0435841286659699,0.23640492292953186,-0.21762280555943747,0.11271952221702088,-0.09651933697917546,0.044371941553681064,0.6295334948655319,0.426484755134424
-0.09387608176746247,-0.2820500230934824,-0.18063971666944664,-0.08237791372616697,-0.4141387549494531,-0.18904948016176482,-0.11834443354913732,0.06793560388171031,-0.03022119593242076,0.9999999999999996,0.4042853727500798,0.28466952529544515,0.09391172871861657,-0.031089743621657374,0.1929071361224704,0.06606046944282623,0.18419124472336804,-0.27228875226809446,-0.06661117991915853,-0.1972759868497108,0.4738591316032162,0.2928689652529797,0.02767619579647695,0.2428905593324394,0.5897310786338172,0.3014378211164618,0.009374814588310191,-0.002207333340688122,0.22746449653731168,0.15767789939154533,0.1244416183143057,-0.08985095832694767,0.27811463203687475,0.0017129688739423658,-0.07457252658055213,-0.22447033416344986,0.0912710537486364,0.1306997909791485,0.25392554670803213,0.6057817565671003,0.04640353334487818,0.3377130019424043,-0.015163794829054975,-0.011281630396840867,-0.07991082021257097,-0.09752540441423554,-0.1469764357188748,-0.20631473285301316,-0.21778026684124407,-0.15075237229569333,-0.15567460547215917,-0.32154790697177954,-0.3478116250834247,-0.3889141291146123,-0.2696306416589367,-0.2676006520409663,-0.34407432687049205,-0.26510575364584316,0.1948282360656278,0.5595364621612555,0.49018302724101825,0.03206008515675878,0.013574420951627513,0.14371299004188468,0.35835145347002856,0.16583660493063992,-0.28801776128660966,0.37303307389765794,0.13141525408968552,-0.17153145772448372,0.22120195802256698,0.09038488492659684,-0.3268634955478388,0.1344307505674667,0.4287600158900721,0.5863795540124379,0.28246682992798877,0.13118810124244176,0.025415917380394004,-0.056548881323241394,0.18609536628520285,-0.07498861154522407,-0.14651806761937172,0.055315873700186716,0.0944871357775117,-0.18226841386666767,0.2584250693152826,0.12310273752741127,-0.09849419921147594,0.004798947706323723,-0.33810786661913333,-0.1507573038063645,-0.029583623766709907,0.1964452968688778,0.039023574801285425,-0.0719100383499696,-0.27145081499235474,-0.15606723556414187,-0.21999229627216474,-0.08755858262501348
0.028710046785742658,0.06138908683108092,0.036060770377287,0.02081192723743177,-0.12476802207293435,-0.1759435970625536,0.06515044708475172,0.09741135873163151,-0.02594740328402358,0.4042853727500798,1.0000000000000002,0.4193679947555285,0.06437129667322686,0.14256653851740939,0.19059714617851384,0.1271464967857299,-0.030366064643470508,-0.008768165130912001,0.030317449637158718,-0.08379359947187086,0.2838745489907626,0.13790904236333446,-0.15347773751671195,0.2848940062515803,0.295770207187858,0.14988100669312762,-0.2580313111759325,0.03252113081057633,0.09398901281969332,0.07479417821801437,-0.08312097321127764,-0.08441470142640506,0.10348551948579389,-0.021371132547699553,0.14117194715871592,0.002145649026053469,0.21864952522435183,0.01935384219367119,0.18663577305569048,0.3667584741516447,0.12305498392820804,-0.06495714862579038,0.22474204356548674,0.07986927222386365,0.11102960013316888,0.07848036138840297,0.06361225262782814,-0.22156068355596806,0.062052349441293495,0.01212807072089513,0.14740181937365243,0.023258416624306895,0.08786845541915353,-0.12484217156997592,-0.20804609057376755,-0.028430535208708568,0.09349634615170509,-0.05377619647626191,0.25701712663542364,0.4333779788545834,0.17952689525638174,0.13360721799724226,0.3095333546652379,0.3601641823338299,0.12787848274137864,0.2142447565635274,0.09291632289682075,0.24441804961868774,0.14631381594556195,-0.07292107341576999,0.046875681412808894,0.26000497793314786,-0.19945179018454678,0.2345479091026071,0.26135009870838044,0.2550562999226888,0.10857809135928945,-0.08844233873530101,-0.013074031041530135,-0.04441176325818476,0.16452508213239972,-0.03243924861592976,-0.004192922845711319,-0.005703669911671869,-0.11101351164711531,0.004166122768997065,0.1909913652627383,0.05983834100274646,0.03679033181225172,0.06312660141683309,0.027476905395469948,0.2754443257322832,0.3694923938187617,-0.00801819107023398,0.019985166885454764,-0.06675906523838017,-0.0947637371787555,-0.25472321336290804,0.027097881762219778,0.0387550540976908
-0.17989746876490034,0.061540367071731786,-0.07719464967665779,-0.08208696755166375,-0.25567449153137983,-0.042932624330702045,-0.041253553708974273,-0.2181634982231334,-0.33677925721095064,0.28466952529544515,0.4193679947555285,0.9999999999999998,0.3099012210723657,0.38826928382091375,0.4607346531018218,0.15735064156422768,0.3513963047423918,-0.04106240357259248,0.25266590965856456,-0.11367264545910315,0.46639729597210144,0.3479987301192752,-0.08245541548848963,0.7453194475911126,0.4404847383425344,0.6832069799365568,-0.02635399656222408,0.2511729739935206,0.3664292471985111,0.47312123133070794,-0.2548626717534438,-0.4091167855920377,-0.14676110513517973,-0.20178066567598246,0.08518859446390123,-0.31872090282653215,-0.004018828892972718,-0.33056946179951735,-0.12582923678886324,0.1538195399235029,-0.4028419833430629,-0.17233597428554942,0.06870734673490005,0.03794958273140214,0.13816734103124498,-0.16111457267735826,-0.3679315578746298,-0.29618926389503014,-0.2967966778428516,-0.3584440619140489,0.010580137520714438,0.022501288126327006,0.16948166936788037,-0.14614520105003265,-0.024183953823213214,0.017223110816846587,0.0017570950746779233,-0.248279190816942,0.23054842156055091,0.2016786632374648,0.5339526675313928,0.35781576921314945,0.5042473292683866,0.4590951533773753,0.46798770075377966,0.5425061788995948,0.08919647717721683,0.3671658940182919,-0.02049940867792784,-0.09196263083707815,0.43720902020605656,0.31387749907076345,-0.08495447720713059,0.5321534050686834,0.6633662021553223,0.6381667264063472,0.4684564349688245,0.4442613133834311,-0.10406117821713191,-0.37548823175382773,0.3070778044986365,-0.3707689286013248,-0.32286305077959687,-0.13525727585522673,0.1684732329613779,-0.3640170100152804,0.005361351900945897,0.11576410271760182,-0.15559261926965662,-0.17766044973371956,0.051891099954436755,0.0644521529590042,0.19063301205864766,-0.2997753536628819,-0.03218720831495992,-0.08603621192088849,-0.16522993565059854,-0.017734598409039796,-0.21167043441499267,-0.29402180461838856
0.19534830565838351,-0.055306360256039855,-0.0027863103159238107,0.22813975942769482,0.0646957709937427,0.041114440120652546,-0.14033566425244345,0.3501141788704241,-0.010065363365859491,0.09391172871861657,0.06437129667322686,0.3099012210723657,0.9999999999999999,0.14465952707830196,0.025781881324011147,0.13966330891564743,0.32632069605650954,0.003798826957477328,0.4555733058140901,-0.1634605274835153,0.1689784620786444,0.1510449282833302,0.16258428081215007,0.16094860475269895,0.08114281982728533,0.20617653005216743,-0.24211200455807028,0.02715002867404049,-0.11913579016947567,0.18433751862121817,0.09637832341790858,0.428704651530218,-0.01592085026923539,0.07299458813148493,-0.022542777049517473,-0.22003367809493413,-0.1252101410911194,0.044085589800728124,-0.06894268207087272,-0.1414017022676857,-0.2488645690769477,0.07312572941220975,0.0984294195323715,-0.1345075099643171,-0.27168580075369253,-0.3379621846007153,-0.11378283291342157,-0.3494116888229576,-0.08411976990326833,-0.38099387564259807,-0.18291511582584374,-0.04569098554727862,-0.07437075703218479,0.08411276833643502,-0.022314434267875414,-0.08352733084921453,-0.04334732720934014,0.08494258394697977,0.16780311564315198,0.2650100238135622,0.6067989828298507,0.8889229970914874,0.14309073412511297,0.40851502551500346,0.3715988331571367,0.0725043257536048,-0.04952315732550142,0.4983660019128097,0.10261801208593004,-0.0658316101119956,0.21571872816898494,0.09670268623855807,-0.03363912943485582,0.1570741178127043,0.21843290253689882,0.2824637746359762,0.0816203178188164,0.19050867480420455,-0.04394829560763288,0.38857800351078947,-0.05141981825425316,-0.1396470022761502,-0.17335209590012082,0.17442234391351757,-0.36451358379254484,-0.10870021117405175,-0.10308595036497503,0.03969980114120317,-0.08845759811256997,-0.30269755768111434,-0.33801087892991194,0.16561737661536563,-0.07674931615648305,0.22634286465321576,0.029997198297782867,-0.08679834848734017,-0.3392068476471623,-0.4301751620914346,-0.07744072597206965,-0.24624210019952522
-0.10205381193708889,0.0913043569313888,0.08729332892633936,-0.04924276344017794,-0.15320046951452068,-0.03903550372717496,-0.10002829860457538,-0.12020015579153621,-0.17737398842345353,-0.031089743621657374,0.14256653851740939,0.38826928382091375,0.14465952707830196,0.9999999999999999,0.7765176919866328,0.19819322519740953,0.4724755550623052,-0.03746946243131003,0.490637947774982,-0.08021287709348884,0.5549629805040766,0.49661567124386996,0.28910757723560976,0.5079951849141745,0.2603506383595304,0.548536774610695,0.27623821795436543,0.5703289927862921,0.46294205551893314,0.6871103929606182,-0.013651072455746068,-0.21564676741741742,-0.16592090738775822,-0.17464103032306602,0.2393828550590199,-0.35125188587337314,0.18010133417960553,-0.18216537672037425,-0.028253917744398154,-0.05112039183902779,-0.32717241526520907,0.18784689567355872,0.35770873263930325,0.3981931968591007,0.3910258588287998,0.2706337585053292,-0.10295746088546685,-0.018027014632850433,-0.26557930565734245,-0.24839244695128274,0.05921363831891753,0.06499021807533292,0.005068732585091661,-0.1015163690884711,0.08662452576344423,6.11604638142407e-05,-0.049256708746705034,-0.14161794583442358,0.07924571775989044,-0.024718216028743065,0.20084726227584399,0.20214866332888548,0.6883256977119009,0.7575422582359035,0.5986916164675754,0.6788947465454087,-0.08794256058051772,0.25567676052485167,-0.16609585097289248,-0.36344339727239405,0.37419983218872616,0.2861477182554943,0.09055324009320982,0.1163612916469002,0.4982183151088864,0.39035354779459486,0.48235620339388297,0.6297604304429182,-0.22725714590428545,-0.3172027011417572,0.27584318862581375,-0.5547358115921076,-0.3607351114694122,0.03281073356071969,0.24742673253551428,-0.2721796824061611,-0.0565906779143518,0.43034473717454547,-0.3717956399337985,-0.3322508338955011,-0.12444744937372826,-0.11567303913720223,-0.07426108411766705,-0.37968364420256656,0.06426679544220848,0.21453543275607476,0.05308120470237783,0.13766192639088978,-0.2869001652139657,-0.38168036688828494
-0.13377312575781372,-0.01623093136711669,-0.10997943083540396,-0.05028172498037083,-0.24475867930003412,-0.18894077729004494,-0.19108049762813112,-0.18574683362688277,-0.2165740674063009,0.1929071361224704,0.19059714617851384,0.4607346531018218,0.025781881324011147,0.7765176919866328,1.0,0.13291540691454337,0.42084426589930324,-0.21001422991092134,0.4716208305291859,-0.13280867507556704,0.7620538333125705,0.4115085429573883,0.10158979002273362,0.5890556017381646,0.3310021911081449,0.577612725467378,0.3032873365578637,0.5545210152410706,0.5419324760699413,0.7491795289074564,-0.08340045296241574,-0.27780809134096573,-0.08655632349123114,-0.3230258033673936,0.11396545917647184,-0.3821854146408485,0.1580969409305894,-0.07311985013820789,0.01090267716486538,0.11328885072078562,-0.2675085318221647,0.16283056803492776,0.2611382353322392,0.4885659620774816,0.3063761984658376,0.2624133693365741,-0.2844846034037316,-0.02938281419425196,-0.35686625188011983,-0.15464040141205163,0.024000781565364195,-0.09941703381691681,-0.05020365131011201,-0.1328918140735856,-0.05257349731231336,-0.12399985967495132,-0.20702190494674702,-0.2795600423015033,0.07913591308909165,0.05419900319763177,0.2380689815675754,0.11114502920278468,0.5920307473550354,0.6348692038220738,0.693895679257736,0.8559604034006043,-0.20887533682876183,0.15916316530820257,-0.23095248086324324,-0.47169407915915496,0.42725504248906004,0.14663342968132542,-0.15627514562437164,0.13280369748099644,0.6247698127173197,0.5524067704072138,0.5384481687758486,0.6852570236075084,-0.22523255914688833,-0.311110424081682,0.24707672115851714,-0.5149783344974124,-0.4159019428559351,-0.14930163648203532,0.24874373706246164,-0.43719629877002786,-0.09429518683744836,0.4198838613849119,-0.4548234393374489,-0.2954098129943803,-0.08548051763333911,-0.11281502705441183,-0.0022680514325991333,-0.4074245305984667,0.03766835949391417,0.2330313199269186,0.01365413673980764,0.035993385126895996,-0.4044135402669079,-0.3488838719064002
0.41617387381710785,0.5458407197378726,0.6019903583531461,0.17785944926033817,0.27965915133789115,0.5481464874884494,0.5900625056476003,0.3112601105936863,0.2651290643852796,0.06606046944282623,0.1271464967857299,0.15735064156422768,0.13966330891564743,0.19819322519740953,0.13291540691454337,1.0000000000000002,0.30384044608300653,0.6418391130792971,0.18564059911396194,0.33884249643457864,0.26467726146582454,0.20314123924257277,0.20131487901508618,0.26317170421015035,0.1998370346500018,0.08048803836601405,-0.0013566370493978003,-0.03168529953630403,0.14702431838555768,0.16909250842794907,0.09996544899810184,-0.06400408488373291,0.3922306338564109,0.29292636555568496,0.04360485388415738,0.00021958599946822602,-0.26206252192689683,-0.13756086353387184,-0.2457581796860387,-0.02773012562275761,-0.18403273966797284,-0.09133304598652986,-0.21220608988322073,-0.03966420512658345,-0.051510153868858724,-0.25774079277042666,-0.2065486015134655,0.04502504525974165,0.1874667711596959,-0.17677079207856605,0.3893768237823821,0.5974296245683167,0.5144644685141879,0.2021538218077438,0.5960140233160794,0.5591984009144834,0.5061525068172976,0.2885137166327225,0.1094156922873261,0.20856588305149174,0.09930776018484862,0.16177370623603668,0.17831808252771758,0.21081360711708275,0.25462587724816943,0.08171828188365199,0.45918891524736954,0.22743092472704635,0.31598557026477747,0.1952699256414191,0.5046504359510017,0.3416950365219632,0.22886471435440317,0.25141371374369537,0.37447580955088045,0.19108550266059898,0.24329924279390086,0.10013605340151639,-0.18693178138048683,-0.07679784748279214,0.10538734620549112,-0.2672978969941092,-0.052811229131965925,0.07019460117601464,0.05630847523694249,0.06616444733478043,-0.22185889605651937,-0.07810475724076943,0.13664015026935733,-0.2835552885764045,0.044028129743089686,0.0662868484018382,0.2002430138803003,0.029667230279582263,-0.0526395517270012,-0.12249491976689167,-0.13078287176375591,0.07126054977105019,0.1818542921371147,-0.22320966049452537
-0.03800752213743023,-0.2570460401268996,-0.11237951045134414,-0.20114168348185704,-0.37728848104351215,0.05766251613782342,-0.15393808310453988,-0.043728881676781996,-0.2394566786800497,0.18419124472336804,-0.030366064643470508,0.3513963047423918,0.32632069605650954,0.4724755550623052,0.42084426589930324,0.30384044608300653,1.0000000000000002,0.14278389185320453,0.7529031463451322,-0.0007386760113041664,0.5106421207849159,0.6284540416370265,0.6317681219427997,0.6277396038029969,0.46005932611644007,0.6428155081568226,0.44265081138820905,0.519410672291477,0.5444843720849971,0.45533021569319587,0.15076059161294852,-0.08258207802811292,0.026904722598259476,0.25523218748584314,0.35709098599277245,-0.3553040474876089,0.046147272669248535,-0.25063023393295564,-0.23356063761322596,-0.23612650171243033,-0.2580353529440304,0.38470831380161924,0.13260970716212872,0.19033626030625606,0.2635744973629171,-0.02951589499445192,-0.0843765572179071,0.09100118530377402,-0.292850587875375,-0.3589455821930439,-0.21496294570227126,-0.22765743285268636,-0.3076636909569712,-0.26607956695296237,0.027960104039292274,-0.07315021250996227,-0.30838396145226826,-0.3021909024835637,-0.05041810177694536,0.10854709340394711,0.5253385129315942,0.3249222577488303,0.25951891901788077,0.4671581823465178,0.6383719372843086,0.4008898842178124,-0.09698305255141136,0.45783098635335673,-0.09107352562116132,-0.31417734256121244,0.47999338248131196,0.12635313826493266,-0.055969092491814275,9.401575572611275e-05,0.6026660129459276,0.496430938070318,0.5497075421390758,0.6664692137828038,-0.15321108227486033,-0.2928689024413848,0.07327536412153174,-0.46825082507556587,-0.37785116797998314,0.09554847418456765,0.0990189036418067,-0.2979047592507372,-0.009358324502609944,0.4125014306186126,-0.3011305729250153,-0.26052803252050416,-0.45307287212999103,-0.4450092399599636,-0.3039175956633708,-0.12154776729548168,0.20840611160770026,0.09245505158608815,-0.1762364428250056,0.07857304323831163,-0.24891382968886708,-0.385062732064289
0.32907822103819856,0.5392360643414099,0.6181739038780285,0.07222887040359516,0.34590975431420623,0.6865304642548746,0.6922719508563913,0.3166374755405258,0.5163058962997045,-0.27228875226809446,-0.008768165130912001,-0.04106240357259248,0.003798826957477328,-0.03746946243131003,-0.21001422991092134,0.6418391130792971,0.14278389185320453,1.0000000000000002,0.011657061976922773,0.7275003530496523,-0.07592187253300042,0.06517883608130753,0.15572914116945052,0.15961969113707306,-0.062411650272531295,-0.10004286863938022,0.041697362896494075,-0.21015078278176588,0.18468423120523186,-0.24262408648956027,0.14839043475807231,0.011626708521587616,0.014331466750431607,0.5913562545715658,0.21124216189827794,0.454124873696091,-0.0951920200581856,-0.124929203274311,-0.24604155703225597,-0.11486052844676359,0.11993429957790566,-0.22740750607910154,-0.23013452942424006,-0.15411564143307657,0.06556431747344461,-0.2743744999530088,0.07652679645102589,0.1850370138996177,0.461175898805179,0.10934275865292578,0.4140556714627583,0.655176576052135,0.555531703462341,0.2877315443490362,0.6716195041321091,0.6728436713283119,0.6645894824993782,0.5295291991724455,0.09407219084443634,-0.06006813356836355,-0.13536290161429237,0.10201389068003046,0.12725243664603272,0.048932276024587384,-0.04430788348916883,-0.11904628560571177,0.7216101531115812,-0.024738511796740047,0.3113923036899632,0.4747189305128491,0.46960297142264673,0.18943958989770765,0.3211156170398412,0.2177342442560248,0.07088266185948425,-0.29537965831751073,0.22950250464245117,-0.13360325721409258,0.11079779568797866,-0.02691528736682319,-0.02697724396221247,0.037238774761366354,0.037576605458380145,-0.08747497009532618,-0.011729274478515723,0.17147171009040962,-0.08303306666094393,-0.21065999289613085,0.48482701840122294,0.07010543968513043,0.21784518581772788,0.14332942656352868,0.1799163035234177,0.06644629697867108,-0.05419591800459108,-0.07852482585301551,-0.0033703645770369554,0.25409911239250876,0.5379358660103573,0.15797229800317758
0.11086908151423533,-0.24551362248576608,-0.1780858671620235,-0.06598321745964647,-0.19138033665011012,-0.11218342071175606,-0.29089677787430146,0.002300799271987066,-0.2666190567055137,-0.06661117991915853,0.030317449637158718,0.25266590965856456,0.4555733058140901,0.490637947774982,0.4716208305291859,0.18564059911396194,0.7529031463451322,0.011657061976922773,0.9999999999999999,-0.09010858593804118,0.4667008368336769,0.348370118455841,0.45801793928423834,0.4082134337453918,0.2363649913887156,0.41294124175801916,0.2396850466005661,0.4211875339145737,0.2655887968551788,0.46521375435624945,0.07721254535474457,0.17210136467796183,-0.02335105981844418,0.0638301400565667,0.1990096106540389,-0.30912252070374163,-0.059759381496612175,-0.03450315345476493,-0.1819031524606553,-0.33938724109197144,-0.21141287143589696,0.13876240407524648,0.17829917286766242,0.1418117407282648,0.15788059454772274,0.012491027970005291,-0.13388693888627906,0.0017723028897595374,-0.2187114759001712,-0.23697145370639794,-0.16449377979593433,-0.23654278878860396,-0.20557370270388844,-0.07294370410712143,-0.10699760113557769,-0.17697288639468622,-0.29707667456901504,-0.2739155918111646,-0.04372563823679219,0.06852806846162818,0.4599936952424939,0.49499928808508864,0.26911096788137273,0.5026292837655342,0.6180273803336607,0.4492960925385992,-0.16190314225923558,0.3179680300778477,-0.17647649456975723,-0.4362263498946107,0.28015390772683507,0.018023620662261916,-0.15960123369156223,-0.10265312191838363,0.42414837178995163,0.30172804800777203,0.28088925949034327,0.5532061688107752,-0.2044742725883271,-0.01919343906389601,-0.16950827437086333,-0.46433824429617926,-0.4032821172490849,0.03010642380877211,-0.2048898416483824,-0.32521645773499497,-0.18508888571257334,0.21862042495881154,-0.421601590668123,-0.37794887289734624,-0.35441093671551394,-0.14046845422772586,-0.18918435163575495,-0.1904837415096892,0.050145862615758666,-0.01973339737975999,-0.18568015090695925,-0.26666018692247645,-0.2763183355593249,-0.36272807266948087
