0,1,2,3,4,5,6,7,8,9,10,11,12,13,14,15,16,17,18,19,20,21,22,23,24,25,26,27,28,29,30,31,32,33,34,35,36,37,38,39,40,41,42,43,44,45,46,47,48,49,50,51,52,53,54,55,56,57,58,59,60,61,62,63,64,65,66,67,68,69,70,71,72,73,74,75,76,77,78,79,80,81,82,83,84,85,86,87,88,89,90,91,92,93,94,95,96,97,98,99
1.0,0.0772672865865938,-0.143238037099327,0.284092791806894,-0.14323906511335094,0.06411195864190729,0.04962938270065357,-0.07241453530173149,-0.3303043906892259,0.3627908346353243,-0.2957747545003343,-0.40235286166511663,-0.11720021360866668,-0.21393672533289643,-0.21822275947291758,0.4482012715711989,-0.06182383259263641,-0.25185450455632546,-0.11888335558725042,-0.33572037949963474,-0.16729660376290395,0.1719133675727506,0.1834392769717017,-0.26231801933432547,0.2324563783750016,-0.3788020843791767,0.05772059768814243,-0.17153134241221413,-0.4183910334173417,-0.00940931351273932,0.09832170063783925,0.4321786639899604,0.6501899619530124,-0.3708317937172387,-0.12646476947972285,-0.051146516552312414,-0.2997206927415923,0.5285103374685622,0.4092589276008566,0.12417109682238588,-0.19560138567947388,-0.08373488271037,-0.30269146248090306,0.027479422705035027,-0.09809577954076046,0.1517156921209962,0.05075606225810871,0.08537645294678124,-0.01209849574795843,-0.03587982423459799,0.06026978892742171,-0.223707623736406,-0.3303279734749241,-0.1821135264185854,-0.23275949091273448,-0.1914066975857509,-0.35502562018538514,-0.2512621663252183,-0.41383184525987576,-0.12234793026232955,-0.09940634390830991,-0.06815274908608075,0.08163614117678274,0.27657529698357125,0.10799241776618596,-0.12074781477918804,-0.3322728631819046,0.06907421419511567,-0.33228719929895006,-0.3304366237378654,-0.2491092001702902,-0.23571308547662498,-0.24417915928619421,-0.21661158993371984,-0.1225522675628128,-0.19491178427936665,-0.34158270977338784,-0.07488945141256789,-0.013028396928097916,-0.06426094789336609,-0.19405832272663337,-0.4250068177123311,-0.2983247155273831,-0.27872346803407505,0.2750571810233051,0.0621626763301904,-0.12765554804134607,0.06130507857992215,0.02512449177225959,-0.22811385519052607,-0.36348632818091214,-0.256936130751034,-0.26320162257686774,-0.38002764906675623,-0.4913378639224092,-0.025272129586441032,0.2826893065877565,0.03736554492053903,-0.003800577276669301,-0.09637297161469743
0.0772672865865938,0.9999999999999996,0.42221361018900133,0.7596520936076566,0.6515239360270617,0.3107969050854088,0.45845886216711235,0.5624445923775016,0.33209538044603604,0.24066097998877872,-0.2136054935308723,-0.042185158342290786,0.10625468838118554,0.17330288093981497,0.011384703081191104,0.6795663806523862,0.1452123108043513,0.31195327367842846,0.19911350714107226,0.19901415401620706,0.1536167157636098,0.06448753322053374,0.04381419217645561,0.28276689192930454,0.312928687739271,0.08566068211913178,0.16942177425014038,-0.14817913371971542,0.09383210813650106,0.049719774673758856,0.16759710636705957,0.4324214505759275,0.09742296997212936,0.0658722216668034,0.3260379376669139,-0.20910614114128628,-0.08180744611061634,0.1199969609739775,0.1114600961805207,-0.09879476556340192,0.0827314260720215,0.009739817906154673,-0.08720860717870273,0.04504825356647343,0.2643561388040196,0.13845894520210375,0.30545683718000693,0.013486820275212578,-0.18308992130399787,-0.08155736929742315,0.11460025951051948,0.7919716535729735,0.6070268559055146,0.6209769325695675,0.6078298970206567,0.21118119948927586,0.43130588085403576,0.324003698027599,-0.13059575433287887,-0.37374859323884263,-0.34506336015882605,0.006289605223484331,0.04474730079123539,0.29941709880972206,-0.10988188667338301,0.26053879887738973,0.16307795103358186,0.04494907412796885,0.21882495024853568,0.2503224688748608,0.2048490127445237,0.14992839417274795,0.2005874751812457,-0.2943698696435318,-0.0842160604537627,-0.15669504667238301,0.17686052858644888,0.17247865653779632,0.2719335553025875,0.41305990690341415,0.330059935164173,0.16807710774858858,0.20035515149835004,0.362444950655912,0.452664908922828,0.24371983113171722,0.024948573152957204,-0.05133773624294542,-0.12418429926186768,0.2572907962364977,0.3020025792497743,0.07462491096682326,0.19435409945779908,-0.26291557546969907,-0.03484000528617579,0.06779200718588765,0.03845248904079654,0.025472925275142715,-0.21764064479931763,-0.06779790781891865
-0.143238037099327,0.42221361018900133,0.9999999999999998,0.31973581827050074,0.3273945550020133,0.40866224404014184,0.3161736211219561,0.4498824658949842,0.24905548300754188,-0.08196398308946423,-0.06728522904695293,0.1964237160964556,-0.08740594635511105,-0.20909747708498316,0.02415223777987997,0.2713038506309047,-0.010776354366414904,0.1520001493045258,-0.12683747344867213,-0.09490035658254906,-0.05949708531037419,-0.16947177815333414,-0.069253572507278,0.22167111061442943,0.11441614808610703,0.3499043270873401,-0.07457149441288032,0.05398004594732998,0.03378592271126367,0.0765736697699048,-0.214876071437506,0.15645164189069075,0.007858821636248433,-0.03088411411902195,0.09420483192927148,0.23869282277482157,0.15712479017327258,-0.05774154485154848,0.16898773636882525,0.17147241737728197,0.20695848661015,0.055105706276048584,0.01737479853788426,-0.3131973227448017,0.05521135058745093,0.011030231094268404,0.020492243602759273,0.0322031626250439,0.11013701448006728,0.22184653682427127,-0.06720096008545667,0.5337861497894587,0.2972299728630405,0.2996595678524045,0.4809392406465213,0.47604911216315543,0.472315670402045,0.2587782484748735,-0.10522518030981393,0.09834573429067804,0.0570092154747218,-0.1237671390911013,-0.14862714545210526,-0.2121620406935042,-0.18493208246855264,-0.026628897025376026,0.31063089812050326,-0.14946302769997039,0.08957722364457349,0.10387169470287182,-0.15373325969047014,-0.0484877338771169,0.04260274378071692,0.11338111357764817,-0.007241649142980801,0.18005156000843964,0.007274680351325084,0.24765374223647446,-0.09706125657978859,0.1509503614407137,0.04794951113674753,0.2096798759701224,0.2233232645285817,0.21338665623842587,0.1830647487076083,-0.0004116712226176526,-0.1150547106144508,0.020592611619078098,0.03551212494466293,0.21815582694549868,0.13722290193831993,0.1037087431940028,0.10105743100219862,0.104629017372409,0.1598528629300136,-0.10223089094995133,-0.052996481967181486,-0.045926718313952446,0.22553509539385153,0.18440614252725984
0.284092791806894,0.7596520936076566,0.31973581827050074,1.0,0.7294197824516191,0.11398472109111908,0.3167321140808553,0.40586131350695187,0.07105388734117958,0.2836057076126745,-0.22558657661170642,-0.17587503746039373,0.01700285546299377,0.1290742029379819,0.15513379529715896,0.6028678469875755,0.1440016274415381,0.32744113735253616,0.10048030379482531,0.15294601844443087,0.3372848367761975,0.0066926213010385215,0.08387594318174828,0.11538988069909582,0.2514011418448424,-0.0429511244055075,0.12497643789907319,-0.19741522727269933,0.008856248223799735,0.01353729520922296,-0.04811307957784965,0.34751645875676684,0.3585185225846869,0.1282676882881734,0.21853767520076817,-0.15233820731835715,-0.08895204137732703,0.3130090971360494,0.15118742911939878,-0.09433385866240548,0.0493954718396593,-0.13704519760528425,-0.1756654149630218,-0.09753533920086463,0.1627115249824899,0.12287528463408101,0.12677175540656782,-0.008120208811196107,-0.2867261613960795,-0.117783707544311,-0.31771876912484176,0.4943690457153707,0.2662041174880309,0.6759572889654877,0.3659166437805654,0.017670809226165735,0.2006101226485368,0.06464674616093723,-0.31536858874022,-0.18932419363031247,-0.24909104712379856,-0.08221998333542503,-0.016528878203971874,0.3069119996894067,0.10094725480821175,0.2274296770167212,-0.16543675132537197,-0.05639803512880427,-0.03906139457518713,0.1972441791273541,0.22827595374232063,-0.2282760587319649,-0.08249988114184613,-0.4112227666789184,-0.05835124636014205,-0.07619158764725796,-0.0026008947682213067,0.05715894697408406,0.10954743501433574,0.13692415360166826,0.056688148951558104,0.005060066349882093,0.16385079864381047,0.4071227218536287,0.5465215334078127,0.26037175563996123,-0.10826386006308546,-0.0864691205120193,-0.09548977941783086,0.021227485814223707,-0.013958373762920076,-0.06945697507751672,-0.16689205196517956,-0.2990644523850923,-0.06124218247106155,-0.09948753746209137,0.10720057141442833,-0.060300423372982644,-0.24617632557357327,-0.18360249872668685
-0.14323906511335094,0.6515239360270617,0.3273945550020133,0.7294197824516191,1.0,0.2250361989416937,0.22903941341853942,0.5773063161316623,0.3763548532822343,-0.026947768008394563,-0.05461306346362914,0.1273502574096496,0.12222648222268549,0.31942292902370917,0.25637709679312254,0.30011333330019,-0.04342544288937059,0.44572426255523273,0.24014107885631927,0.40153912312842405,0.29319473314165895,-0.11218717639111367,-0.04066231084301113,0.3101987249347615,0.17327652303135382,0.23589046813679856,0.3006666882734126,-0.07296698487483119,0.2904131696576859,0.1502646823866384,0.03175692710084353,0.15831060993415896,-0.07627157878826166,0.24629463914996777,0.36655852330513555,5.7480592963770945e-05,0.16400609743696185,-0.14436979144825562,-0.07041133148941349,-0.1056681456708521,0.23632846449961648,0.008109548898348154,0.01162285305141055,0.02904689852652579,0.18904340430839184,0.11748030992084517,0.2775510782330409,-0.008031667157611621,-0.23013347850357482,0.052883295334559675,-0.08216374908945227,0.6490587295105638,0.5622546735871529,0.8647886462367145,0.689516313984381,0.3384325479811846,0.5147732105052311,0.4113560617776934,-0.038407070549044034,-0.26153051123541354,-0.3249002992398157,0.10753900407260945,0.05911290290511198,0.17533906518341638,0.02923093033855792,0.4104738746528311,0.1606886635467684,-0.05529042858776174,0.2206437191811958,0.4461955499129311,0.3782206714487207,0.025898413772787704,0.17494634861199237,-0.2513841878720118,-0.014116042409318116,-0.10189442262445544,0.13391829923023107,0.1212759698240788,0.2224676036461384,0.2957846415489471,0.2133884232468478,0.3228585541954719,0.27846922165945937,0.5758329764843396,0.4166824559987124,0.2763829203862032,0.07246456206238851,-0.09364450820895631,-0.027124044513092922,0.20661658124491178,0.41269962006684985,0.20496129602609012,0.26515354581814393,-0.051936876341974934,0.14652400737564952,0.06834200425113379,-0.0024378312448475343,0.012475024784286753,-0.19272781605813308,0.040749644677037254
0.06411195864190729,0.3107969050854088,0.40866224404014184,0.11398472109111908,0.2250361989416937,1.0000000000000007,0.41128912422249736,0.5062900419973009,0.3515494481093711,-0.04286371557888011,-0.22015561972911324,-0.0219274387916141,-0.12283342901934313,0.10145867160717202,0.038474403747286536,0.28917812791234315,-0.04621464093554665,0.2590288082573596,0.19548092703290137,0.21562213957134305,0.067355923808149,-0.13434021731517473,-0.022484421544838408,0.15224626014399453,-0.011887180722965867,0.08832178997244597,0.03776199778170042,-0.24319776603619345,0.11266482508539907,0.04543640133594335,-0.05277654724021381,0.276195703237987,0.016035130081137498,-0.045553895195280365,0.02271564340958349,0.20342837328540156,-0.13693723681491896,-0.15147955523528556,0.2835244930978834,0.3668591566628322,0.29193112533197646,-0.08196598762387287,0.05346853716892161,-0.2234236933815333,0.12817066271178545,-0.002940101921725844,0.18244028211298394,0.017023957673344817,0.27006152846238973,0.21825453192178448,0.22917371154187322,0.3113052398097902,0.19447773865882242,0.20944066569337466,0.4039937984443203,0.6726316850041664,0.3901720461674903,0.386973535005054,-0.22548624804113493,-0.3452879020958255,-0.35636222077873153,-0.2465175735322727,-0.09400074649274583,-0.03228459282229274,-0.12712805031078564,0.17172392356534225,0.20867988740631913,-0.06158760614035915,0.06220604998254394,0.12311257377936731,0.1066136645838212,-0.12905194587841864,0.11244563462143911,0.00021473917520743594,-0.373757691474383,-0.2257425418658109,0.12705723597853233,0.07711750398972855,-0.028835877859594985,0.3480783078608597,-0.041306325958332966,0.025090082048434922,0.026225585887242872,0.004907576794315082,0.019794216365429884,-0.06639590821933511,-0.02927856565093322,-0.11933637133351643,0.054949855972842535,-0.02369385995174648,0.16438197685184203,-0.03255920216273821,0.28139078099236003,-0.201706544408053,0.03070442163134261,-0.08310867592961817,-0.06473286617198729,-0.039861813195456834,0.1097915800719671,0.19776229275907709
0.04962938270065357,0.45845886216711235,0.3161736211219561,0.3167321140808553,0.22903941341853942,0.41128912422249736,1.0000000000000004,0.657964634125039,0.4745197961237743,0.3523138763036644,-0.1976221825130989,-0.07288833261534045,0.19749755060316532,0.08708043223789054,0.10842931322369888,0.6293384690324137,0.31592160261687474,0.4312354144625319,0.30295439679568686,0.43240314039332967,0.20750654401912663,0.2641129428138612,0.0931939156356623,0.379182493495014,0.03853910438829842,0.018901853919180287,0.07652581252195541,-0.00849438192964344,0.32745886966065224,0.02224246360530717,0.21663127641043925,0.4397281731009371,0.2755415551663262,0.2893849620758423,0.20945535118345382,0.0838232462043748,0.12665399830801197,0.27563025714943296,0.39491337609534716,0.5129407665697743,0.5132166932397807,0.17938200896242115,0.030187585850225147,0.02748854292821585,0.2524642985144899,0.11714803686916225,0.26630947862348864,0.029371117022531923,0.021964920259719092,0.23033818847560525,0.17001688753604483,0.3530035806927669,0.36339999794558997,0.20481115021223167,0.43626916399269766,0.17938556948047643,0.29820350660917827,0.4195185514006741,-0.3042620783558404,-0.27916450359991507,-0.28834913842660104,-0.14750936742053505,0.0758262897898665,0.31365047533339685,-0.08800880778429077,0.24296401260638525,0.25719931892196535,0.17979076176416026,0.3492990857146454,0.35410224307478705,0.2248780029102749,0.09825521910256427,0.1615268534462327,0.11200570295779663,0.03359048869548904,-0.2671839462595973,0.3653337140367469,0.20982876769693096,0.17893073595976003,0.3163188917515586,0.30629408799494373,0.2681975141469449,-0.011031605485709353,0.14339433308339603,0.1893324683202351,0.18376004567124615,0.3080233458091604,0.08421973195600835,0.2692081681760499,0.31662391076948465,0.2018990292473505,-0.0919449565099946,0.33623542913950744,-0.2964053227594187,-0.15159507841782469,0.019776030953564235,0.06274868746755957,-0.08792710436405733,-0.018392725947821167,0.20215325085612143
-0.07241453530173149,0.5624445923775016,0.4498824658949842,0.40586131350695187,0.5773063161316623,0.5062900419973009,0.657964634125039,1.0,0.7119609942687766,0.28294789135959014,-0.04957151891989525,0.2111682512782925,0.19791088382344063,0.20386097961639726,0.149272888849889,0.46509649915889095,0.18806543979229617,0.5438225477735846,0.3743102351051482,0.4432781839124141,0.2060796770529999,0.05286551228785241,-0.0353023432787555,0.515088402913691,0.12129319398445114,0.10152949330224434,0.08503193370763219,-0.02954737550674234,0.38880578159360474,0.07241501525483746,0.23687018329679682,0.3781222319518253,0.11154736198694272,0.28367560087428023,0.1998178552652299,0.2044495619121967,0.20988583190594798,0.005422739254561069,0.2587824706956481,0.23587599183524166,0.4765603661197505,0.213730796269744,0.15328949349362056,0.117843184068749,0.2342943704649541,-0.002979792337994403,0.14099711161258388,-0.1254553358238243,0.036861456283177,0.2944327121748287,0.24534348459496713,0.5586647958328003,0.454568734530971,0.4573079739764567,0.7743149882974615,0.4348698277166752,0.6160399465124005,0.7586349553683289,-0.12894857399668733,-0.2614847693001772,-0.2582977986843368,0.07201803453822524,0.18453477651420627,0.23818821128941284,-0.10430847316063252,0.4010646912462702,0.3085973044655076,0.09813001129086169,0.29233959516015806,0.4637873224211545,0.257010062072814,0.12123087892076828,0.21499169574289978,0.04066551279148644,0.15303361754350778,-0.1696502313313495,0.27427746970123756,0.19077458980559214,0.31816386128076457,0.4055337275662715,0.33909930442207586,0.32303732450393363,0.16510790031576564,0.29452746296864435,0.18483332060820756,0.14107484553173688,0.21467860379936216,-0.08751852030530104,0.23682749866248554,0.2748048538003674,0.31763707400848973,0.042503701102705405,0.36164863106789435,-0.03631082135924745,0.018599687646413333,0.11065090523557683,-0.08663933265606583,-0.10858199959358109,0.04150491078072555,0.2734116488507806
-0.3303043906892259,0.33209538044603604,0.24905548300754188,0.07105388734117958,0.3763548532822343,0.3515494481093711,0.4745197961237743,0.7119609942687766,0.9999999999999998,0.2587710372075396,0.17316078896499043,0.3767686079200011,0.23271984910823035,0.21765268395345563,0.2579433052973675,0.26698100439487155,0.27298595298923406,0.5268449368940836,0.3312238815245345,0.5399450062058407,0.2494558466994658,0.10096555536787177,0.028000448536244442,0.5063366856219991,-0.10429922407188151,0.14363835828393506,0.024043330356885346,0.2008492013820629,0.5592823519322335,0.17470576573993046,0.14179029126376008,0.0980052725696026,-0.01786852188272427,0.43295886794277705,0.14522177029364208,0.3736349975746241,0.4670701564331956,-0.09072233810168115,0.15584882819100457,0.1190936450231039,0.38358031544268123,0.1431268659687179,0.20529847740689175,0.07685820961871434,0.10509496896364194,0.06532432531826293,0.030079156204350522,-0.023497204897572208,0.19854911139072504,0.35176104780098794,0.19171194501276884,0.40152186420803715,0.3395024363983321,0.19852711594415168,0.656665226148564,0.385488951090525,0.5533996005569656,0.8743409556081508,0.04974687927840513,0.0029548152284204366,0.06877105388229272,0.21633932312264295,0.2803912901206234,0.3147507238113372,-0.10411364368567579,0.507897812272584,0.45342843269966343,0.28482850755888134,0.4062244602942919,0.5334006582811119,0.3321504971420223,0.3412205283555579,0.44513560117619644,0.37039210396978384,0.3968976022525572,0.0017479407284163538,0.4264721893684571,0.288253685492025,0.23890895346443985,0.30008171292378916,0.4235434228341434,0.4823896160332163,0.16788195293890915,0.26089634777129117,0.03562482246533084,0.2130941720402011,0.4462923436035138,0.08331919111009128,0.4171884977950532,0.4094183333388515,0.2644621851859039,-0.13634646001683629,0.4634750298164122,0.15222702313935343,0.1503275566575645,0.07553225199312517,-0.023078303562515657,0.08820337790152712,0.289071989226128,0.4338357146271547
0.3627908346353243,0.24066097998877872,-0.08196398308946423,0.2836057076126745,-0.026947768008394563,-0.04286371557888011,0.3523138763036644,0.28294789135959014,0.2587710372075396,0.9999999999999994,0.012202621338318304,0.000498406541174469,0.17918193635115,-0.04077895994524059,0.04543318544825907,0.5425163662148524,0.49910153551781733,0.19398041353941056,0.005108725279215947,0.011752018975798768,0.2022745660487926,0.442024041810158,0.295074597015382,0.34636980220982183,0.3492812163338929,-0.23014333381820082,-0.1206914099416928,0.0383355872822262,-0.002724804395169659,0.038524026266320836,0.13794007431641625,0.3941162991061589,0.6194686878234472,0.15303889402093715,-0.04367552664252606,-0.03634258651207508,-0.03703065423943609,0.5659714220230903,0.5282472861219979,0.10252892410119083,-0.010892048182202144,0.06995422033751648,-0.013349019021234502,0.10096016844145118,0.06042591515660468,0.023026199922046353,-0.16956033644079915,-0.03535711382068776,-0.18181306257169183,-0.07078647720665893,-0.1971100642464478,-0.1940832660749341,-0.28261571359084486,-0.2626747888424075,0.09393721648253381,-0.21895246775563906,-0.2979225517948654,0.11199754413950284,-0.3297893871082332,0.10879213110053225,0.10032825392901436,-0.003945743003875038,0.16651556614166776,0.4927811776357041,-0.033720439194759325,0.1870628696796408,-0.3098029328915779,0.07075354631821686,-0.08408558587747875,-0.07066355103428583,-0.023274458455768678,-0.04575539672709362,0.06765403248173946,0.07253966750779242,0.39654358943907,0.01139960769770258,0.04293007928920304,0.19704469573553343,0.22198728119782007,-0.007947952115136948,0.1221426124051551,-0.21476662001534352,-0.1368588471530429,0.022569847719771448,0.2278901040258186,0.18212646332504914,0.04984699984334583,0.12421415015603014,0.21633057613956086,0.043680890751985404,-0.4286047613607509,-0.5036454233844636,-0.18640469612226396,-0.204479148252691,-0.13334590600957785,-0.09206350174143751,0.20133926012440787,-0.04166360189690928,0.05630886322790668,-0.09016625704975993
-0.2957747545003343,-0.2136054935308723,-0.06728522904695293,-0.22558657661170642,-0.05461306346362914,-0.22015561972911324,-0.1976221825130989,-0.04957151891989525,0.17316078896499043,0.012202621338318304,0.9999999999999998,0.7586961966265022,0.13520420500201263,-0.2270442788042466,-0.25678703194955155,-0.3863367234813471,-0.029268607263954804,-0.07959293262235653,-0.20849094939891416,-0.25979396766328183,-0.2686562843459314,-0.1385366409004171,-0.23538545292233146,0.2073858680312765,0.18613160304035492,0.49933098725127295,-0.35665481361500445,-0.08073133534158648,-0.1280105455331572,-0.20495792641415808,-0.16468734617414765,-0.22225523130685884,-0.27237443176281345,0.010928510984291056,-0.16867453005303462,0.205493982713056,0.022436850265511104,-0.1553041130209869,-0.3095244837044266,-0.0990434044558869,-0.15491454099073063,0.35047517717233095,0.285342679262259,0.15129286776395026,-0.1022905754852495,-0.26509315799102934,-0.38294831251942807,-0.2198541256995871,0.27134750573306454,0.047632922464916176,-0.0649465928798143,-0.16998227461881021,-0.09488402410332784,-0.1645474023463866,-0.07346402054841181,-0.13431722199598264,0.07743355298425567,0.016083183846039385,0.6581756694661317,0.6695760795212035,0.6129069782591736,0.08345371993117703,-0.1926880539263337,-0.2866319603180606,-0.24641089339540567,-0.1417909434408698,0.07830098405012562,-0.30372682435896203,-0.21553485116400836,-0.1519683699079787,-0.2511026917001487,-0.033861256117428955,-0.1897266760446483,0.18232850544018045,0.28063879833911515,0.5758215460241707,-0.16282775613671993,-0.253503777913656,-0.05889908272958729,-0.12779174511594257,-0.18828073797718525,-0.15374377722508392,0.04709119351818126,-0.11889002607216238,-0.3316969525277715,-0.35591464568854037,0.0016134203298288894,-0.2034850554720706,-0.09165525413725148,-0.1809758951734633,-0.02179008010597472,-0.01858617136765211,0.07897294304721947,0.256803844393478,0.3424625248749046,0.10262530013067185,-0.25550488728192566,-0.2317222324112871,0.23716941625949672,0.028820690447590638
-0.40235286166511663,-0.042185158342290786,0.1964237160964556,-0.17587503746039373,0.1273502574096496,-0.0219274387916141,-0.07288833261534045,0.2111682512782925,0.3767686079200011,0.000498406541174469,0.7586961966265022,1.0000000000000002,0.21877490668144006,-0.012004780087992021,-0.04440546805915089,-0.2402811749755246,0.045957932291432205,0.15216896792271803,-0.021704020957809895,-0.054714215685609954,-0.14540889448011052,-0.07147663544404874,-0.17702082501164712,0.5006458894145353,0.10416556278662373,0.6715648422365722,-0.22127989141491586,0.055154585518039756,0.1320077209522599,-0.0036137420094772073,-0.061196364216492806,-0.17391189217886763,-0.3039726920976178,0.07704736484076392,-0.025575160153242123,0.3202722953738164,0.15354927226114223,-0.29306589993056636,-0.09815763825789793,-0.09555409765595606,-0.013520134391413521,0.3340235013157546,0.32488647899017814,0.17137888465474652,-0.08092873992904949,-0.25476244332075815,-0.32503591152297706,-0.18430053791106146,0.21816944336012714,0.14483634031376694,0.08308500523133988,0.08582946273526883,0.16842737241690253,-0.009503107899961455,0.23424427428278122,0.25215787329659917,0.233028779532719,0.2886667395757349,0.47263199129245953,0.44829861980299374,0.4463131158182349,0.2367209245311965,0.06751015276468493,-0.1449214007804928,-0.0742174735333794,0.11349033289075222,0.18189807167729669,-0.10247582631261803,0.09283181661744307,0.1660295664943768,-0.11952816155807686,0.13585182213405925,0.04702808739091927,0.30867145853039724,0.4394833814188803,0.4418861543561165,0.05737802751618364,0.06078082956361486,0.01560918266619487,-0.017288146361003773,0.11514805596499941,0.010665038722593919,0.002198786635021314,-0.02907263969580278,-0.18341505670039723,-0.31123536017012754,0.0054150327397407974,-0.1410282692447117,0.07016573897802077,0.038144954342799325,0.16028746629291912,0.009113453260928496,0.2942403015022628,0.29003120067775445,0.3467037825404299,0.12263310945426935,-0.2696091184226545,-0.17972977591826556,0.2986675054525964,0.06336922311791135
-0.11720021360866668,0.10625468838118554,-0.08740594635511105,0.01700285546299377,0.12222648222268549,-0.12283342901934313,0.19749755060316532,0.19791088382344063,0.23271984910823035,0.17918193635115,0.13520420500201263,0.21877490668144006,1.0,0.29352929299151415,0.15884101617723118,0.15609012709303416,0.39471204548432737,0.2505842849489891,0.28968052576631237,0.21819329699639126,0.1167637678224632,0.3948240960628795,0.20979245861373255,0.285961196486809,0.021235011836252034,0.14170744119895395,0.26859700970570405,0.3079914169255453,0.3058032324275371,0.26153681036660886,0.2075244380601069,0.0003251195151503115,0.046606941077603575,0.4097919387514268,0.3860014312419481,-0.11125038999704749,0.2762463299957532,-0.11844708677507117,2.183942446362333e-05,-0.08400425895842605,0.14823160906510782,0.17538996360818127,0.11750299188786871,0.3660090472128092,0.14896640053107665,0.20504922298405262,0.288322446784118,0.22980692423003066,-0.11071684074069947,0.03695429815844868,0.14890637930528916,0.1918238032100452,0.19484907732136184,0.04791182917170015,0.2599955507594359,-0.06208202430364586,0.03731946735320873,0.2191560291372727,0.11357177508942122,-0.03807106831435937,0.11516540573238891,0.6937456761261662,0.4973571520056982,0.3901027917734769,0.09187291354193322,0.3047279290989223,-0.06865751798877473,0.26886284211984457,0.39899836317814086,0.21858331776015877,0.17591753653768127,0.44089875503272946,0.2637356847734446,0.04505759838100489,0.4102210688204943,-0.08841263077948776,0.23359841593660793,0.34560389432217853,0.30677602076466864,-0.033002972111686305,0.3721337855199689,0.11325143446551424,0.21538897912397428,0.08556097536806077,0.2077561949434073,0.17685921597472232,0.3046950297324988,0.39034293913656154,-0.02006970479074757,0.15300370895507184,0.1792686062994426,-0.019468525112584515,0.27152761017807725,0.062034350182219394,-0.003192650475356802,0.2336428936931526,0.13754968772838613,0.1725495423884052,-0.05765070916141975,0.039868406289759434
-0.21393672533289643,0.17330288093981497,-0.20909747708498316,0.1290742029379819,0.31942292902370917,0.10145867160717202,0.08708043223789054,0.20386097961639726,0.21765268395345563,-0.04077895994524059,-0.2270442788042466,-0.012004780087992021,0.29352929299151415,1.0000000000000002,0.67200177417297,0.07191936307589614,0.37792625459945517,0.5367956019919301,0.7706793886342124,0.6272246695015228,0.6148836055807488,0.434234386355131,0.4835251552517914,0.3005773649701394,-0.29886849297135704,-0.04972108394204191,0.6141318052137995,0.3434540458574482,0.6865993000960047,0.5997931566623541,0.1439461004667043,0.004707024671183192,-0.0822315458621785,0.5369616150667749,0.5305567180446767,-0.15312874696118406,0.22747502812964845,-0.03360396232613902,0.10355819260166874,-0.025945179318534056,0.2547839786019908,-0.14664365036147245,0.14318413576487724,0.07492212854356371,-0.04119758397684929,0.3675958839993579,0.4727284086328356,0.3786790202145403,-0.28957137152918,-0.10281119563600297,0.1301245852203868,0.2260263740843206,0.22490031982805142,0.2775984041436962,0.276050285093177,0.09128965264422,0.1366855265368675,0.30107348864798067,-0.15887560072091925,-0.3991022973541466,-0.37138907095283574,0.24389514803331477,0.48275001608632223,0.5391690436508177,0.5807599233521733,0.7203084309703186,-0.10552164755218052,0.3981366327548063,0.5063758033931539,0.46703730225708995,0.6396351013956427,0.29041966523904233,0.6244997556458436,0.006536802695978509,0.09493889715535242,-0.3252031828820985,0.5700538093669447,0.4679362088061759,0.034859755279801785,0.13149421949763646,0.4133959459393664,0.21002863726397616,-0.14597365098205714,0.2984976261936417,0.3461551953915569,0.47508359809259626,0.27175037786503664,0.2345658592517166,0.17447750993696862,0.159818459385545,0.21733286181151923,-0.01209648722861,0.18437481776548917,-0.11426543316411711,0.007117374261849825,0.014523855676600191,0.2815536824703878,0.3904539380314591,-0.32374478591106465,-0.13784001170566287
-0.21822275947291758,0.011384703081191104,0.02415223777987997,0.15513379529715896,0.25637709679312254,0.038474403747286536,0.10842931322369888,0.149272888849889,0.2579433052973675,0.04543318544825907,-0.25678703194955155,-0.04440546805915089,0.15884101617723118,0.67200177417297,1.0000000000000002,0.09431765042072672,0.33659142590698166,0.5295220975322589,0.4373813538046998,0.6529514218386631,0.8629994544252751,0.2795407525755655,0.5834978238179152,0.285742623557799,-0.4427178493932963,-0.05704348926721643,0.39092913684445674,0.40545690635573606,0.7472438966548528,0.6662465326403192,-0.14531870396284838,-0.2778879292650297,0.12290404985867327,0.5277544828777467,0.251096669750217,0.1333415226079873,0.3852248974234692,-0.060133330248428894,0.28756777378805765,0.04255435261630609,0.30760424006521403,-0.4479929647989974,-0.04825567485882557,-0.2798487684796422,-0.23157781652294693,0.4329716405635709,0.22111700702040946,0.4361600384342172,-0.217075153505481,0.05424220162211991,-0.2788004830031566,0.019427901488435702,-0.07004680596415128,0.11938513681365996,0.18176103161713855,0.08647967012385256,-0.016412319255746162,0.3151165101023682,-0.45822536897461325,-0.1257099496349759,-0.13123553149889686,0.22791746343133248,0.4046819463140935,0.4299782459961102,0.6505143445851334,0.7451704964851332,-0.21194047107692146,0.4280650621338058,0.4059507448723259,0.5596010452026898,0.6977522730984459,0.011543989151859085,0.5227045585903336,0.13224098777974808,0.20552903301931846,-0.171656862546501,0.5456480237962722,0.6083464709750129,-0.1927287256444757,-0.2560129768533351,0.30626885311635105,0.322293595693898,-0.09749087059950123,0.29708803786932,0.30402438978119745,0.4246355136148967,0.27127563466578497,0.2508572434236283,0.4686037835883813,0.22026600330570323,-0.14985244499922457,-0.33478697817485864,-0.14373450543183833,-0.08823390063711513,0.008281232254928406,-0.3436269615634742,0.3814639652642159,0.4009563839829658,-0.0609945908802496,-0.023609419834720955
0.4482012715711989,0.6795663806523862,0.2713038506309047,0.6028678469875755,0.30011333330019,0.28917812791234315,0.6293384690324137,0.46509649915889095,0.26698100439487155,0.5425163662148524,-0.3863367234813471,-0.2402811749755246,0.15609012709303416,0.07191936307589614,0.09431765042072672,0.9999999999999998,0.41362255900605505,0.3641727208890397,0.21766967321536343,0.18320645690995446,0.21752723813779262,0.4333327717066664,0.27743003292552765,0.24959064557896615,0.1654660275390121,-0.1783069443713356,0.08312471203044638,0.031643866451427534,0.046110813946453395,0.13824314257407416,0.24696926038993547,0.5655423534323171,0.6884416877868527,0.18675326825160912,0.1920864925181873,-0.04632186793429083,-0.014963405449701279,0.4794857166638828,0.541414982525498,0.1569704102697261,0.2047273917100906,-0.07003708584320349,-0.17595509254981215,-0.0665765823949989,0.08795751810817956,0.1730182886744956,0.2943808278764811,0.07314550392670009,-0.14921034463788038,-0.04269239129068037,0.022832701473853505,0.3940318315480588,0.2469309972759857,0.2214310014910039,0.3990227854774736,0.06365784954820533,0.006948175733092635,0.24733091222417608,-0.5098501379975586,-0.26046308996851086,-0.2696479275088691,-0.045904083270813745,0.20743818407816766,0.6168602750111664,0.10207313344847281,0.34730367666457723,0.02170808555484737,0.2834936047949127,0.27890790559216855,0.2598796210826489,0.20226854698773777,0.08413627199628787,0.22070077649019756,-0.11471358405216721,0.08898444033283824,-0.261114426095084,0.20856119078399557,0.2879879846763138,0.17385569282959437,0.18340070136425826,0.35128359461065845,0.189746161179234,-0.025622987097288403,0.1704445795221042,0.4919696140920607,0.3865863550963566,0.1318990474497348,0.24669000890629705,0.252751916189601,0.326804883259828,-0.036148123917429824,-0.31762857203807654,0.019232239334445105,-0.4431597193449574,-0.24103751071426932,-0.04531470961406229,0.1995202967751105,0.042394161177061386,-0.05077879463826457,-0.010554032086023636
-0.06182383259263641,0.1452123108043513,-0.010776354366414904,0.1440016274415381,-0.04342544288937059,-0.04621464093554665,0.31592160261687474,0.18806543979229617,0.27298595298923406,0.49910153551781733,-0.029268607263954804,0.045957932291432205,0.39471204548432737,0.37792625459945517,0.33659142590698166,0.41362255900605505,1.0,0.47485790685963375,0.4679628928818323,0.30156826313408974,0.4121861812344003,0.6224776137859596,0.47299560435467725,0.4671396904499506,-0.04391634368407088,-0.06819318689329469,0.19261348034212394,0.5156765070829129,0.4315733962137925,0.2821552206831736,0.09149612279063979,0.19682348616234713,0.34243887506807474,0.6260149560875887,0.42340162712213614,-0.12725923460584856,0.3340671898197349,0.2257969860653835,0.2559904327390092,-0.05094888204553113,0.12329873199923205,-0.05621501106385704,0.17221691110355913,0.006428701380017367,0.11887558053427698,0.12499706722114191,0.0626269969993823,0.2134509047105975,-0.2837644293415197,-0.16382803371992938,-0.22457526562457494,-0.019531535757376952,-0.08238805914901765,-0.1462655877700028,0.16959546078742097,-0.15867243075537582,-0.060445845081635564,0.1782801106418747,-0.33540360484832066,0.02617538931747612,0.019088750223637128,0.04548431875546689,0.2373269779243201,0.542926361543143,0.21282212997601394,0.45208880229950843,-0.12465648230420664,0.29461927590680964,0.3221869104991967,0.27708853431534664,0.2348041124328452,0.19252899570252463,0.39707871871093625,0.08085450342919087,0.4290954913866502,-0.09737623154632018,0.5494304185130037,0.4423316730991735,0.1141777386225176,-0.052651746555546074,0.41133325440508356,0.16913132067435746,-0.013400889225344005,0.23910167427914938,0.33288715484773523,0.36769012584542676,0.3053688676600297,0.5247735112957002,0.2725023301994134,0.25739889493493767,-0.19837693245246735,-0.48277186305038616,-0.041638174310660074,-0.24570044153490503,0.10747602840277445,-0.04122680721606406,0.23688309326107693,0.18121908713253543,-0.177378619074029,-0.13530071792053291
-0.25185450455632546,0.31195327367842846,0.1520001493045258,0.32744113735253616,0.44572426255523273,0.2590288082573596,0.4312354144625319,0.5438225477735846,0.5268449368940836,0.19398041353941056,-0.07959293262235653,0.15216896792271803,0.2505842849489891,0.5367956019919301,0.5295220975322589,0.3641727208890397,0.47485790685963375,0.9999999999999999,0.5565409913839469,0.7425703803152962,0.6622460407253461,0.36742753787026083,0.32835669072963897,0.5621119939278132,-0.20368825035243115,0.053408293859214584,0.22253688754913362,0.1687699573606183,0.6120885445096412,0.31221452544691447,-0.00650988903713947,0.0464828387961514,0.15928258301532155,0.796794627312729,0.3119616565548159,0.257531190384161,0.30730991965351634,0.043432521785331524,0.28217017130326144,0.2733324282167021,0.6702569367258828,-0.13564033449144816,0.06498293015909551,-0.2032684708513977,-0.11572005117591297,0.06205591381210093,0.23946534194991792,0.07509284502380831,0.020752097567967608,0.0989828470799024,-0.1526398874957817,0.3136965008014593,0.24658466298039014,0.3553806188383074,0.37998143319675215,0.2854666702738811,0.2679338480446678,0.4852458607706533,-0.22569373823144137,-0.18795413635262523,-0.18866199131440797,0.09964418540662587,0.22346762815940238,0.41672058133443685,0.3529570943084092,0.5908447045463326,0.07636364947966237,0.2241749427655491,0.5129709828575604,0.7891202852212954,0.6207087778179166,-0.027512957415958793,0.3280216838867293,0.16900387636853142,0.22763452167287074,-0.13601479480393075,0.533749635808126,0.2944631735975936,-0.023503551053744475,0.0134409549833238,0.3968337638030477,0.3905354311792807,-0.07097797071435097,0.25699756829449416,0.24367679557838612,0.20503577432773212,0.25791374901958275,0.07352794345629804,0.4307275797480014,0.33646129410516246,0.09863545362934285,-0.23975208088942704,0.1717018891892737,-0.2550534426850252,0.054019712743273336,-0.28665135045643825,-0.022021782149783856,0.009053689441640192,-0.05344845985563614,-0.011305045591154831
-0.11888335558725042,0.19911350714107226,-0.12683747344867213,0.10048030379482531,0.24014107885631927,0.19548092703290137,0.30295439679568686,0.3743102351051482,0.3312238815245345,0.005108725279215947,-0.20849094939891416,-0.021704020957809895,0.28968052576631237,0.7706793886342124,0.4373813538046998,0.21766967321536343,0.4679628928818323,0.5565409913839469,0.9999999999999999,0.5819988316872741,0.4580797298582789,0.4152841647824698,0.2239363271856677,0.34484160351924165,-0.2573467282786632,-0.09751630761719064,0.39196621010089194,0.29459812540830826,0.6316868250498389,0.2870422655702715,0.41303292095237426,0.235881843928303,0.029927291995878916,0.5725571530785262,0.4373827243959912,-0.15383544567610338,0.21580595640966818,-0.034932006245107956,0.06763478388795503,0.028443583455806474,0.2554197282043718,0.07109455307223504,0.2258523776730362,0.2736099553439466,0.24200428231702784,0.04467017847531856,0.34858127725340443,0.10861396642934734,-0.23272866124100564,-0.1169606405052113,0.25595551348497425,0.24115646795176973,0.344243069075078,0.30435532318167896,0.33502889468175095,0.1863773021767435,0.24888019109508477,0.4114608929778428,-0.09614126086050577,-0.4202179508407235,-0.4128421834632625,0.16070012841074982,0.43339752565515144,0.5642860384460027,0.4207878044985481,0.6892290356331775,0.0033517546539045297,0.5361698825763843,0.579870240738456,0.4933479137842738,0.5665354779870136,0.3980139608284029,0.48970633619588094,-0.0010117892201733755,0.16249058880599868,-0.3853868765829509,0.6844962833339597,0.2762762805279816,0.26793740200660404,0.252026763465379,0.5532902601126105,0.30785523892125516,0.07464759269728082,0.25457094928298984,0.1617534962581967,0.3312164710598463,0.3430383155923319,0.2508773461439074,0.20158711724246892,0.2002536109733814,0.3497828054037191,0.05969191214064973,0.3806131439709854,-0.08941675437230537,-0.023248751578871053,0.21998231208706553,-0.01444602015885554,0.14518976196140737,-0.3600756913628464,-0.09162174468427625
