0,1,2,3,4,5,6,7,8,9,10,11,12,13,14,15,16,17,18,19,20,21,22,23,24,25,26,27,28,29,30,31,32,33,34,35,36,37,38,39,40,41,42,43,44,45,46,47,48,49,50,51,52,53,54,55,56,57,58,59,60,61,62,63,64,65,66,67,68,69,70,71,72,73,74,75,76,77,78,79,80,81,82,83,84,85,86,87,88,89,90,91,92,93,94,95,96,97,98,99
1.0,0.43966963284314864,0.1723956416059749,0.42386812393876533,0.2716220307832896,0.1597274110626423,0.41225030598135415,0.1946594045338194,0.17209607652702075,-0.039515401376805655,-0.11730465609164173,-0.11805949159531717,0.07228873620182023,-0.07715530168127578,-0.020847320040941475,0.640024846642027,-0.0367755997920777,0.045699538406801646,-0.19941690019485112,0.23797292709055395,-0.2686071941697822,0.02115924092761138,0.08453174492431907,0.006666181325134382,0.2921728571335076,0.009691693999614379,0.05163066786317394,0.009351497069847179,0.11178501223619182,-0.22051379052861814,-0.0812951642672863,0.4280142086546562,0.5419861342134634,0.019951298355258038,0.03403405223441846,0.2785670562133167,0.002546750186286182,0.29171433320829704,0.05219643654610348,0.19404977063173956,0.20231212035702145,-0.08301265222268925,0.08129272993356508,0.06097835471234684,-0.10596025723851304,0.01541969143080356,0.02120477720634467,0.3042581665744591,0.48418140913210905,0.20674577192991872,0.702747774982928,0.298265127134489,0.3289696099713262,0.18258644052686948,0.014125760704563521,0.14441739758216976,0.2712112745309935,0.019162366034397988,-0.22803904602228015,0.024690807464005357,-0.11949221398341772,0.006216808338295285,-0.0026686873461829485,-0.18493462763207802,-0.1427777993257505,0.07958427700192872,0.287271253415468,-0.1104705547867636,0.11161229220102432,0.1566203132540987,0.10995212522533339,0.08246328008213179,-0.10362186147420493,-0.028079124123740706,-0.12200186911467951,-0.12772944715284262,0.22102150975846271,0.05332052234570684,-0.2764620549856015,0.19480212242937495,0.15296220400690058,0.05139986398691446,-0.254547855131097,0.04369470680254502,-0.04173613651042765,0.18077563268135513,-0.09755584254506562,-0.015655222904634232,0.26953954593521734,0.059044743536268374,0.2749261053826834,0.047679193844679474,-0.05239794626928316,-0.10856646610383079,-0.09097784588832075,0.02273435219077775,0.09914494156315337,0.2343310237524975,0.31521657674546144,0.29784000691690843
0.43966963284314864,1.0000000000000002,0.42155336529524157,0.6713335244432376,0.6519265321799316,0.38202917297926553,0.48623888614350813,0.42523364896273,0.23749358000081783,0.04248601507408639,-0.1417686175651204,-0.07612291770082162,-0.19963837046659338,-0.33281821494677105,0.03687287320308977,0.6918703470771851,-0.15352703038430252,-0.011934933254204184,-0.3234039522681222,0.07757650345782073,-0.04723621534292715,-0.10934434663782248,0.028425066272675832,0.10868433903436302,0.26513934011940254,0.03768517784783961,0.12462513517908635,0.07412816948620624,-0.05156014197577244,0.0705546232609839,-0.3212456427116658,0.17893619749196257,0.3811093871672006,-0.16241044198502005,0.03417372369231198,0.037335187507554685,-0.24444423048747108,0.17433944777794338,0.14049647877626373,0.34465255643801734,0.08523579530993873,-0.057898203105282924,0.03719755303893196,-0.13121093981907903,-0.16811074354119393,0.10895068667244662,-0.022944816517925744,-0.060468297033288765,0.11922358679742429,-0.16582012180344385,0.4084121913330927,0.7237618104223975,0.5909955218561019,0.6375864737513403,0.36084414312947893,0.2504980399065217,0.4019248448732846,0.16754739407527547,-0.13431387170323741,-0.10221325527748022,-0.38678447787292636,-0.09190312140026005,-0.29689035425763816,-0.3214607069147182,-0.17858039145550814,0.1555281426170591,0.20079784620516736,-0.19111037193928063,-0.08507370408903586,0.08886513100483046,0.09978922011099645,0.03962747276286105,0.09284349729275047,0.05977966671623315,-0.22976788781023627,-0.18058477955605323,-0.041769138394055404,-0.026076924561312043,-0.2328434402773198,-0.03916207843240567,0.05091090385454122,-0.24335801782567443,-0.302240396221771,0.050338402472856765,-0.07541946252308564,-0.05045617506572024,-0.22624518569065383,0.09519032428383883,-0.17886188322969093,-0.02259196177412525,0.25517257690508094,-0.027615974485304624,0.06022609576634891,-0.20215739769318847,-0.011868202458027567,-0.04670353407905713,0.015088591822514548,-0.0689598981953336,-0.06474620263478521,-0.18958030224727596
0.1723956416059749,0.42155336529524157,1.0000000000000007,0.17466890572952268,0.25454185473051055,0.9003557485220792,0.12654586533227816,0.7962245295730423,0.8166567593397355,0.18512861293285526,-0.10080522373027583,0.034224197108535394,0.24732541398987387,-0.2761848732984794,-0.14948797442485387,0.30118006901367167,-0.08364664508033796,0.48528696711296293,-0.22439378400069385,0.014491781606756194,-0.09918771923336285,0.1699102946107523,-0.1158702311510752,0.13946893358846474,0.1707211786593649,0.22208014193923276,0.01171260979865859,0.14840129417368067,0.21105098621879093,0.09545697992794182,-0.2057893396430532,0.016416735230756922,0.20150068036298266,0.0992500671751402,-0.017090310016188513,0.2187519045193685,-0.030733979576449074,0.11822392311078322,0.047755205116002494,0.11078671766014835,-0.030227812955816488,-0.10674060719510964,0.0907524138982155,-0.3133076395286795,-0.17410327744872317,0.05471801570683611,-0.07566946083578455,-0.2088226869632628,0.05665727586723479,-0.18926231575361446,0.24804701828976086,0.6676342913908955,0.0813977591677359,0.17400309640351652,0.783024988483994,0.7977442989574696,0.6465618361485329,0.8077330287046904,-0.0281685573676412,-0.06975902848111766,-0.05580731425564527,0.09031122161611324,-0.1351019394862332,-0.3283555526769008,-0.3027666738292209,-0.1031379044584297,-0.11255831722263729,-0.3411857898648276,-0.025041800855991853,0.5858782771490317,0.12399101400921321,-0.06600365204061778,-0.1157152499785354,-0.1895673715456237,-0.13350910372922054,0.09140025566489911,0.3141004017208717,0.0003329452833545502,-0.1588352842173914,0.025115611854029895,0.14211670422627706,-0.1823730435557343,-0.21629250762243088,-0.055888502966685565,-0.12284069439688095,-0.010455895928864535,-0.010569596465734998,0.14134242055654478,-0.1175836899785084,-0.26392762325584174,0.1093716767852056,-0.08413541410251547,-0.08698133817104896,-0.0027605133466462113,0.05284191661877033,-0.2777469601106611,-0.054193998899593795,-0.2691308691828318,-0.014621568294422871,-0.23577300399122086
0.42386812393876533,0.6713335244432376,0.17466890572952268,0.9999999999999998,0.763725175578178,0.22547101064901384,0.2617699993483613,0.19537096691794853,0.03548976664405641,0.07001257012643652,-0.050138248226265246,0.00037165702029766617,0.022126737392116305,-0.050469864880948075,0.2376956298219719,0.4907996298696006,0.05305822821652209,-0.15880000037876352,-0.1507769982617411,0.01125520939160628,-0.08961646375165123,-0.006747526757849887,0.06222561121658225,0.12465697756250275,0.25504754827387865,0.09095723098080649,0.1988569668825587,0.30011649553714453,-0.04273785701929385,0.07382069635138211,-0.15282683745412823,0.2911466600031812,0.48310929025347155,-0.1583372517340942,0.16608524422284854,-0.05632598560255536,-0.015616866077717872,0.2454448668713742,0.1282315289468414,0.2580650827995097,0.26221294091357467,0.10683811948852827,0.22989530435195318,0.11045980710266085,0.1590499292191133,0.2319943851926101,0.16561011383711374,0.03626926033173219,0.03929628067360057,0.03229527247225848,0.4869875683299171,0.39182809178189604,0.35480406294209726,0.7672610485843236,0.17546848667347356,0.004832429115276559,0.16532847074970883,-0.09204461901095937,-0.08667105669119886,0.02026014075884225,-0.1436072742022125,0.10793206964912798,-0.055393342690664635,-0.1546681904456842,0.043798850066050346,0.18367634467646662,-0.007305902863987078,-0.01394897036322015,-0.16373847275501993,-0.10125927163847535,-0.045218978187703644,-0.031825368244895354,-0.004950338773999739,-0.05761011132668037,-0.1864770092244841,-0.04951869459160308,0.009913346950181815,0.0997375862332446,0.021466220642640272,0.20218848347634466,0.06143265736840685,-0.0691004942453463,-0.03364785205932262,0.10877106076046689,-0.11807629864707964,0.013536620833384293,-0.09505420348679068,0.3084991724574995,-0.16321442205025496,0.012588304595113259,0.2488252388301663,-0.09441318539617849,-0.10698279412732882,0.14090231889253937,0.1315561881935288,0.1211497292508673,0.24995692866124083,-0.006277968598774905,-0.12849061813819262,-0.04120743107311553
0.2716220307832896,0.6519265321799316,0.25454185473051055,0.763725175578178,0.9999999999999999,0.3341323142085305,0.17670849828768645,0.22097729966065244,0.03699727393825135,0.2644704857544646,0.05396702694024086,0.1844274637355915,0.11272774304985612,-0.1741580450991434,0.1743216081049185,0.3608820538064356,-0.036005422953096514,-0.06654198986213083,-0.24888133093901704,-0.15936017652361037,-0.10923026314648922,0.14565203319724315,0.1267895636389061,0.20085086620716794,0.21257597145688062,0.1977349879114918,0.0375462086815406,0.22103174843576603,-0.10407716076654397,0.08336987380745012,-0.25626316311336705,0.18116388838809022,0.24440636387631307,-0.12462321381274119,0.08278029729570079,-0.1676909850582013,-0.1558069413268457,0.17687164970226665,0.08656298041679025,0.2981643269978699,-0.030735414314043155,0.16870170753363853,0.1734153816206464,-0.1303126484904993,-0.08434927147585325,0.20215527595465074,0.08125792725158577,-0.15431539130228447,-0.015246307051934214,-0.1576796941003794,0.3550382179037111,0.5136498204684381,0.35339871400797856,0.7143826027567962,0.25238440222713593,0.004660129515980152,0.26945384252867877,-0.03376107656581851,0.134106850397416,0.016276900120442327,-0.04717088975163554,0.1428286655156867,-0.14903739065745447,-0.2522192198127412,-0.014632052609209769,0.19632486667488827,-0.024728443153642043,-0.17229994473076615,-0.11209417621729167,0.0038717436136708814,0.07942680076771773,0.11400022751332384,0.12970232718667962,0.07871206887240738,-0.012389707243452905,-0.008935881812395213,0.07464604983889186,0.14087686290481924,-0.18653036026419356,0.0545996131223853,0.15574810957307944,-0.18210482370526426,-0.08670300594545041,0.017262690754228333,-0.19567401402512918,0.12344344575000948,-0.18298650540879796,0.28370192675913614,-0.22797109093920045,-0.04512044067178504,0.18973047431371845,-0.05033416452832291,0.05655562727989458,0.15745017729182356,0.21524621958073667,-0.008609990914951219,0.1920656719048084,-0.07590527169230914,-0.18668820376746645,-0.15255427533160956
0.1597274110626423,0.38202917297926553,0.9003557485220792,0.22547101064901384,0.3341323142085305,0.9999999999999997,0.11529365225973219,0.7296324351317807,0.7911328778190148,0.22293405509049333,-0.06773498652189622,0.029568520660486527,0.19920024525375857,-0.2450247786895198,-0.055293533996703496,0.250068158722688,-0.048459244197346006,0.4662185181134463,-0.20719967594912703,-0.031825219041819106,-0.10942582267340072,0.22483893514846634,-0.034370540912562406,0.1634268424680965,0.1740280982609798,0.23571864643606663,-0.00036101112615315786,0.22511541928012027,0.215019531763552,0.10698052420915521,-0.20330422985940105,0.05035805478835312,0.15905219354698735,0.12638804044076096,0.02072588730158141,0.2093739666247981,-0.01318351596443153,0.055997642625567494,-0.008899086344458832,0.1410414871095677,-0.055541387715641474,-0.0395614848923403,0.09345062608112308,-0.26528075700628195,-0.21240417505290582,0.04209179977966721,-0.07902532040261419,-0.1660778869968935,0.15219833361394752,-0.156038473009576,0.34536911864101105,0.6888578715394623,0.06699574216522165,0.3306613310069942,0.8530214655308526,0.7797979695686361,0.6703607600326975,0.7619027868033442,0.020633939528420107,-0.08825154407647981,-0.0593188250836713,0.010688369795431165,-0.10721591702065435,-0.30443387694203033,-0.21048782082950418,-0.059823835889290355,0.008554741564730357,-0.32634140192306094,0.0245547755535791,0.6056196145078522,0.26345851574771173,0.022926637079420283,-0.01907341504626414,-0.14053803677412782,-0.06024896151852055,0.10500424926970171,0.3155172270778778,0.05889073648498221,-0.1670656795071026,0.012667713623438465,0.2290576152217099,-0.12875327284092494,-0.17468892832922428,0.033793778182633946,-0.03384803603428969,0.04249133293226433,-0.004391633564881378,0.24488292284618426,-0.018051009965071797,-0.1903685471219045,0.1431829055916464,-0.06649626091784866,-0.025880872699779855,0.07444391923308276,0.11479529229347152,-0.23014244553453994,-0.033028969413884716,-0.19546303075159113,0.0928904659618793,-0.1468308413542223
0.41225030598135415,0.48623888614350813,0.12654586533227816,0.2617699993483613,0.17670849828768645,0.11529365225973219,0.9999999999999997,0.23752572933626068,0.24171880319949812,-0.0009136102520318065,-0.22210032335830698,-0.2098438581794159,-0.11824117102929564,-0.13410223064758214,-0.15042633491796206,0.7194418865255119,-0.033434812402431145,0.16376354006794752,-0.20341763754378672,0.3749058782984397,-0.08588728415116327,0.08751273923427765,0.08151696741686912,0.024004593120867106,0.13726826829135746,-0.22257133740445814,0.04129399599523955,-0.11458759367849933,0.14599732086035294,-0.09406864336955352,-0.06998303417027554,0.2114795259091875,0.3124429530604113,0.15649223544345403,0.06894554036937782,0.2896099507709825,-0.18345967676064132,0.3016832809313674,0.20901455005557618,0.5508728614208869,0.21740445279758996,-0.05082417475771677,0.028955872288413582,-0.08515614119493861,-0.13929352144077028,-0.022009622431508002,-0.026942915709052644,0.02483689676939221,0.2803136220603256,0.11113498358183281,0.5037569329675634,0.4112180529087727,0.7725177304502575,0.23734781637434071,0.07538049552509792,0.2296367773234593,0.4615756430054738,0.12580319306235954,-0.16736964526295134,-0.046041064585336265,-0.23451580966108432,-0.1340093454099194,-0.15066145725861466,-0.16405191788657697,-0.08666530024770135,-0.02295561192752789,0.7249723890366395,-0.020203879736250378,0.008280685338971772,0.14888214070514263,0.21773908996695682,0.37032845121772456,0.2020004245927022,0.44195795363355633,-0.017778298737803903,-0.13535065445105043,0.08608166249692466,0.025627822983834526,-0.357689487423557,-0.004548590971939169,0.04514288013021347,-0.28975938641432775,-0.3943851132427951,-0.10217344791234509,-0.14550251925447313,0.07981765560190039,-0.1791724295139331,-0.14168294832124148,0.2221660838927364,0.3500798834018841,0.24321973574495453,-0.008177582982008064,0.22395788395630975,-0.2164853047640349,0.0998396721701824,0.009378440200270729,0.07905483322743126,0.22172966122678356,0.19757758396059424,0.17972088270997622
0.1946594045338194,0.42523364896273,0.7962245295730423,0.19537096691794853,0.22097729966065244,0.7296324351317807,0.23752572933626068,1.0000000000000002,0.8277816250212872,-0.041077816549840204,-0.2040088150470656,-0.1824907164560499,0.17177192555423457,-0.2721498254660882,-0.03458384856962585,0.30909896923841196,-0.21464637676339715,0.6545545879559795,-0.20034310976089517,0.18667299253299433,0.008645041160864153,-0.033347111608225476,-0.0963716118368739,-0.09641838347208398,-0.022960300017746006,-0.08495630945336581,-0.11167548742535939,-0.015583849220631586,0.18390468239825872,0.0106847296296461,-0.15200118893753206,-0.06460869392605115,0.125001288330161,0.18267705045310328,-0.2457629631088305,0.43083993145385513,0.0040885519836851856,0.005036136365878751,0.008622362049111907,0.03176704188496984,0.024646564253847113,-0.3184752596180577,-0.08401405137528506,-0.2624289149436959,-0.18614382907806704,-0.030901931418352423,-0.0937329528312512,-0.18190399259602313,0.18571379236185168,-0.04075237944144614,0.21701342167593557,0.6125678391227941,0.1922822738037987,0.248820859742107,0.7408651534542209,0.7459596696107822,0.7931832835504312,0.8220213171586641,-0.22188658046787685,-0.150693302085727,-0.18478360479634715,-0.005655538747539608,-0.17309082347082086,-0.3440656369545831,-0.34195541102232635,-0.13183753963063913,0.02282109547018036,-0.31458273893955013,0.0026343487906336513,0.6524717010407257,0.16524804000904508,-0.07363300768080797,-0.04853126481252814,-0.23458402655028404,-0.28297865381273724,-0.13974746993817383,0.11990532029867859,-0.11732360311053264,-0.1023328595892193,0.02697466113168428,-0.06164347318593017,-0.1585626217859373,-0.1956982472343151,-0.049885458258050894,-0.17942197728058462,-0.09712037483896059,-0.013888250121318333,0.022117505495287827,0.12206748347955805,-0.24263754279662506,0.022062660851653242,-0.11702231675225086,-0.17028846901641867,-0.19355462702418907,-0.12892032938119893,-0.1975670721445273,-0.14510371429596627,-0.16771247670906753,0.180125954111024,-0.045779602759649506
0.17209607652702075,0.23749358000081783,0.8166567593397355,0.03548976664405641,0.03699727393825135,0.7911328778190148,0.24171880319949812,0.8277816250212872,1.0000000000000002,-0.00646927806077561,-0.1381766818714819,-0.13976981318208415,0.23743074088065558,-0.2042366190187937,-0.16649662465278947,0.1930083962709295,-0.03783306589718568,0.6958423600808571,-0.06330708782373326,0.23142598402886752,-0.0935008350247918,0.1874766384064874,-0.12444909918083268,-0.07473497137190518,0.0329423060554919,0.008782416197573372,-0.10032946957291436,-0.0549311951985752,0.32824478667028745,-0.04767319356114951,-0.003077470079597799,-0.04888001802613792,0.05670361764191481,0.2909109491937834,-0.043962920408225324,0.5624281242113863,0.11593106153417022,-0.03605574957799952,-0.07795478541901069,-0.01968164073333451,0.12097850836126972,-0.17930372727285393,0.03898793868006496,-0.18476346218046089,-0.09483967617917138,-0.08822305257844167,-0.04007227231191861,-0.12295613453512982,0.23281658465347907,0.040095247766895915,0.2521244307476724,0.5204882333721118,0.13090557676572281,0.07481451604541359,0.6993891661238002,0.8625951880990682,0.7604184262611158,0.8675870548659117,-0.1537620279273415,-0.07226572638607294,-0.011263702103402514,0.02835758300076433,-0.05240379995076378,-0.2158679141476982,-0.29845006598286405,-0.1913200486167114,0.13857339873149838,-0.19170266042275033,0.11360245667251956,0.6759119701141951,0.19084625898217267,0.05614322223510977,-0.021915847088725307,-0.18072571479497088,-0.14217745730628362,0.027487328910446467,0.2598849044839507,-0.10187604449090223,-0.0808192471018949,0.010535240922698237,0.06996603377658883,-0.03510755013403378,-0.1708998518482255,0.002470075865626688,-0.04427507219843622,0.060550109819538754,0.09849079234417231,-0.016476032595432205,0.2086585030949628,-0.10070732486110527,0.05202874266771042,-0.1481303883034874,-0.1168487181738069,-0.03538439026419679,-0.01478935184728285,-0.1676324424106223,-0.15096410639202376,-0.1703671998356051,0.24877529770957832,0.017279232372294395
-0.039515401376805655,0.04248601507408639,0.18512861293285526,0.07001257012643652,0.2644704857544646,0.22293405509049333,-0.0009136102520318065,-0.041077816549840204,-0.00646927806077561,1.0000000000000004,0.41962037133924623,0.7090686327062331,0.37037601214611177,0.1458127839507122,-0.05021389154631971,0.15778678418058056,0.3267750768855812,-0.06984099548839327,0.08860811597378991,-0.37887331505110156,-0.0505677271521291,0.37512288004867494,0.05888423416134377,0.41243935515537783,0.37346938018198944,0.3111293025150507,-0.17335915950986594,0.16875539779125037,0.08287227969228732,0.023808176379022113,-0.1212531775600327,0.1839224785668084,0.11777381542894495,-0.0800450579084488,0.0662100775885085,-0.42147896806839835,-0.16764364280038,0.26143872593661244,0.3120688117978286,0.5077935448932608,-0.26142694762413027,0.2816792365968892,0.12677385472264208,-0.27920151404931426,-0.3081998928817047,-0.14420847302323125,-0.23631088965942454,-0.31371746842318204,-0.12078788660996068,-0.30269936767375216,-0.003923025810719001,0.12059481501057029,0.030598151378502945,0.10928812928590584,0.10499252308057798,-0.06447718611573235,-0.01654826837725149,-0.019383983775348147,0.7610046173414934,0.3551426825048057,0.4018396617709665,0.29370151935578664,0.26628843285945164,0.13190530420547303,0.2060655501590759,0.0013173356981180642,-0.11770600274998763,-0.01244068824134445,-0.1523807952719236,-0.12170622634108921,0.04147639305144222,0.267446762683356,0.1217084861579141,0.31657829994446096,0.4828872423652537,0.5082839130833428,0.09742780518036472,0.13149460034655489,-0.18192013985127622,0.07174709600868576,0.17779747433745818,-0.2854670709438814,-0.17746798488269228,-0.05844327946960141,-0.22035567986291976,0.018180721933807136,-0.18844562551273633,0.035122474246596286,-0.3284857736000656,-0.14513119017259288,0.05068570683028183,0.3654017747075047,0.6431920233971805,0.19931554555374353,0.2667846097317511,-0.21394710647381007,-0.021363441606983065,-0.22140421139573077,-0.26137367776225656,-0.2104827750483276
-0.11730465609164173,-0.1417686175651204,-0.10080522373027583,-0.050138248226265246,0.05396702694024086,-0.06773498652189622,-0.22210032335830698,-0.2040088150470656,-0.1381766818714819,0.41962037133924623,0.9999999999999999,0.4641090667654079,0.0852337591185435,0.403148321138745,0.1931173128246662,-0.1987485244834934,0.2697954118356537,-0.1319901480335521,0.3986384003602352,-0.3120893566413862,-0.06964590056174541,0.2008256808789466,0.06686537063087282,0.1864329601188664,0.471411620325448,0.2159130148764888,-0.08938911322148464,0.17459359413625242,-0.08686644778018157,0.22653705121744194,0.11829090417644508,0.13933507400003195,0.001974258148704348,0.07639664508381708,0.1900490460350716,-0.2839568820743514,0.08260902767143899,-0.05211651453195389,-0.07609883925420861,-0.03145811592433948,0.06974452485704306,0.5117795905341848,0.2185637162515605,0.12818378630571306,0.16010867934527995,0.17529239994929782,0.16827357878679486,-0.013603430657379567,-0.0973532957582919,-0.016335687072845682,-0.060850578337720965,-0.19407489681364923,-0.17433052384874517,-0.0726435719736786,-0.25284486086250707,-0.24568814929092772,-0.29168034184993763,-0.262754920739605,0.5571118834960689,0.41080176747364594,0.26300681446972773,0.07717479580633828,0.32593631483082475,0.3390943181754938,0.2586299456870853,0.06760173635394782,-0.11223997412636916,0.285272192765208,-0.013772755951981843,-0.2530820522053468,-0.2043386979582547,0.02680715027159408,-0.20559281906116128,0.0871099379032644,0.35156616609581715,0.28143189612311276,0.07232593989457026,0.20121031908361356,0.1726549775846194,0.16069958968178613,0.019926635133384666,0.1526802131935108,0.23260356200654783,0.15771825023360206,-0.18703932524974431,0.13962416518449494,0.12446180992010411,0.23267863391482674,-0.17310508763118065,0.14076374208581047,-0.11289715569661038,0.4014965646476385,0.14335395765905964,0.39502179165351414,0.14076646641045532,0.18281879836687778,0.2126656782353788,-0.18415681955869945,-0.21968702669121373,0.006246018537481608
-0.11805949159531717,-0.07612291770082162,0.034224197108535394,0.00037165702029766617,0.1844274637355915,0.029568520660486527,-0.2098438581794159,-0.1824907164560499,-0.13976981318208415,0.7090686327062331,0.4641090667654079,1.0000000000000002,0.41923607104603267,0.21261984277157384,0.11792398732454822,-0.027989515827057877,0.44616132447465445,-0.24566745354553418,0.18801906340620297,-0.578792208433334,0.11621667793343655,0.3260170144564113,-0.09879597996282283,0.5611489087799407,0.3486680514795399,0.5470247925382916,-0.1272014039778126,0.22008180607388284,-0.0016077725253034057,0.04165472417630624,-0.18620659880233384,0.12226323174714293,-0.022921372512265253,-0.1185094236385417,0.1515031966285702,-0.5562484700069525,-0.25494045204969157,0.14841400867627436,0.0777182629953408,0.07727024602237581,-0.3666650803588529,0.28633471037381414,0.1043173938705069,-0.23725716696246005,-0.1557376833877194,-0.17002004865494724,-0.3245010598315736,-0.4171160376738615,-0.32690232886257786,-0.40187237792547736,-0.16314813204043183,-0.11117870561680233,-0.14518338492324223,-0.021152582050294872,-0.16119307475510178,-0.22331003681093423,-0.20351127677224698,-0.14614248183949036,0.703562873428892,0.5349306529478215,0.5608977160327782,0.38348341914480877,0.37737820436990965,0.23411176456363567,0.25646274326767343,0.2302946463439717,-0.3298431312711544,0.07000660726272662,-0.16968179504356126,-0.29617682117950894,0.005504797970686046,0.14373084806149322,0.05165607541673163,0.06939687835055,0.5435593030985939,0.6167917257098358,0.09675153019105567,0.30296139763145047,-0.05845539343172026,0.16529554598355203,0.23319987804242634,-0.2777645290869995,-0.1590626117053346,0.12592139073691955,-0.08071622378303121,0.0234736024845692,-0.17702608968035993,0.061850488872971496,-0.4953479159149974,-0.1893339870222211,-0.18956568070502924,0.16988356372035415,0.28226539482902563,0.16336320068661933,0.207640529665962,-0.19832040214017008,-0.0977478428033524,-0.4455976427963559,-0.4800131432752275,-0.34671484010423803
0.07228873620182023,-0.19963837046659338,0.24732541398987387,0.022126737392116305,0.11272774304985612,0.19920024525375857,-0.11824117102929564,0.17177192555423457,0.23743074088065558,0.37037601214611177,0.0852337591185435,0.41923607104603267,0.9999999999999993,0.06741357846656465,-0.1488597117231112,-0.08729367775291348,0.23663865115939414,0.23470001529818454,0.018935631202362815,-0.15818381121736938,-0.25960963884803145,0.41480094123403916,-0.2616314440214845,0.11182703673521655,0.005039357331720791,0.25296781417595116,-0.26842886713919945,0.12855604029653783,0.25559529929865,-0.22024127317892378,-0.021472629114209364,0.024228232952663034,0.004655956118184962,0.06578275856007156,-0.15524150678769388,-0.04790978693367009,0.2549980002327905,0.11387837769900051,-0.0335931859194959,-0.028344801076575374,-0.08999314379023327,-0.018891517635526794,0.008029727548939887,0.0037407943846909423,-0.06700834125375103,-0.1348706269050137,-0.1059134300306424,-0.2918321129113378,-0.046088199436737656,-0.044836481270288525,-0.038699395090008644,-0.0939732636143099,-0.21201832574111348,-0.12845633664585368,0.002045371806618423,0.06916006215519259,0.18529314774493177,0.18035475237743243,0.2425065374924126,0.299331245596208,0.7511406487278326,0.8036451619179191,0.3483916408039435,0.010843029609954553,-0.06535602517257538,-0.10012806126481312,-0.31159845578149764,-0.013845815874988709,0.10339408887177173,0.17424338527963343,-0.1520076580457403,0.0836004330746727,-0.19677516269294806,-0.1473515742555853,0.29477853560976675,0.3883699544445589,0.3891037055325507,0.09442741646364139,-0.1513163840278579,0.09897121380645506,0.28907329286846206,0.08482208546302096,-0.07463326855746652,-0.04351675977416823,-0.17678303212996124,0.18313382411691476,0.20767130649390897,0.19574215486157115,-0.06676604466553342,-0.22235407544414137,-0.10980837359584596,-0.19135204611404513,-0.03265697196951124,0.18956511680213314,0.16793951200132307,-0.029542678107334745,0.07586927107560179,-0.22674443566610375,-0.17341894899761498,-0.00034000400442313057
-0.07715530168127578,-0.33281821494677105,-0.2761848732984794,-0.050469864880948075,-0.1741580450991434,-0.2450247786895198,-0.13410223064758214,-0.2721498254660882,-0.2042366190187937,0.1458127839507122,0.403148321138745,0.21261984277157384,0.06741357846656465,1.0,0.1985476112661048,-0.19515051356947172,0.5376646720210894,-0.039871572945450996,0.8358191417278488,-0.24395245095531515,-0.07844370127513087,0.07699048213883752,0.36272929430275164,-0.08417221974023384,0.1199802889349347,-0.048177976120473004,-0.1569834560142833,0.0076090138207481695,-0.18126879180775501,0.13315801844235903,0.159750175137128,0.04538441788119449,0.04166052544354498,0.2544145892077063,0.10113346567420449,-0.14728002296659662,0.06147777429824873,-0.1369826995193866,-0.1433354402322161,-0.11540597427370776,-0.03873763233632831,0.08902621741996251,0.19931117009327765,0.04484818562631298,0.2084748883841054,-0.07175281002677943,0.04570452366289042,0.018490613526412188,0.030878937266154774,0.12016962038511507,-0.04481971225206368,-0.3237118659850869,-0.13705973792244835,-0.10011141088047917,-0.28451627895515974,-0.17790135459857742,-0.2893751931218825,-0.29322873650181946,0.17808293988420895,0.24776392022710422,0.30987612538275594,0.09164255011854129,0.7489278267520856,0.7828858503379567,0.6684743749674127,-0.06684853757032856,-0.10537422458036876,0.602379224032107,0.24176775926234093,-0.2222505834077885,-0.16420114126615978,0.18799249288704162,0.049762978519240074,-0.06366997242625706,0.327602482859193,0.1621538567392897,-0.1176992501024094,0.277249164371426,0.17079790612698187,0.13130773070760327,-0.062000497957262625,0.12652359091383192,0.21291716711177497,0.2259780758505768,-0.12263689515204922,0.07988231322768034,0.1285686394783491,-0.017864790071998784,0.047242416296329366,-0.05564532007423071,-0.17731283081689925,-0.04971736999316922,-0.021870525163658706,0.1831026765998358,0.12445575013941229,0.04981901802103873,-0.009306199101587446,-0.06962808088048553,0.004976271540032314,0.1817976781491584
-0.020847320040941475,0.03687287320308977,-0.14948797442485387,0.2376956298219719,0.1743216081049185,-0.055293533996703496,-0.15042633491796206,-0.03458384856962585,-0.16649662465278947,-0.05021389154631971,0.1931173128246662,0.11792398732454822,-0.1488597117231112,0.1985476112661048,1.0000000000000009,-0.08142850367430066,0.06786109638845965,-0.25554078887845916,0.05216371742617193,-0.22066184355350393,0.4404740606551716,-0.028877456269866302,0.23800851145954396,0.2304161078233226,0.1360485934972761,0.2572969945818257,0.2246810645163534,0.40095773312878824,-0.08115933216401493,0.4954077870799359,-0.11599943567218463,0.13376807641429925,0.08041169232598205,-0.23689954636075175,0.21437154705147557,-0.1867083817813609,-0.11124036531487444,-0.12038924348985441,-0.17421218189801294,-0.18203169168742356,0.08748786363194704,0.14119392599915417,0.28643932905020647,0.1840601057742253,0.25178794987303893,0.29078685508014,0.1277159091496951,0.016644375191637462,-0.23785312255390126,-0.03146451439603081,0.11335753106794597,-0.05090435818842766,-0.11913496709996854,0.2961439005756237,-0.05937947393778359,-0.09698963736273344,-0.15466184603249353,-0.12868470371161492,0.00034550711720408964,0.27052511793852047,-0.16198355916514948,-0.16071043495155204,0.02566394215808231,0.07543441241691635,0.10563168930241473,0.7474506358009007,-0.24328932006504178,0.00545920604097254,-0.25241366582523217,-0.23287289374188694,0.15033097794238162,-0.07478827057148098,0.03149209839919597,-0.2461253167731163,0.06904485773842614,0.08221799291552818,-0.08350547923554959,0.44761885600654466,0.2393637926249551,0.19428904702864608,-0.04158201256095068,-0.020447148699818896,0.27399099373076563,0.31323306175604965,0.14228855698547074,-0.07712381826639814,-0.045073054418614485,0.27777868238790465,-0.16434476342362161,-0.11879415841541756,-0.16466067905217682,-0.14489586721289813,-0.2827509191522219,0.07212044747345447,0.18339855955642176,0.10427094193308098,0.17003983273837173,-0.11393214942207669,-0.21419195499435825,-0.12443865878420975
0.640024846642027,0.6918703470771851,0.30118006901367167,0.4907996298696006,0.3608820538064356,0.250068158722688,0.7194418865255119,0.30909896923841196,0.1930083962709295,0.15778678418058056,-0.1987485244834934,-0.027989515827057877,-0.08729367775291348,-0.19515051356947172,-0.08142850367430066,1.0000000000000007,0.006541806054252592,0.0487578445335375,-0.28190992524085756,0.15708384771539197,-0.07572962510145906,0.03266738416222172,0.05986450814784223,0.2588702479889085,0.3828798840183737,0.012612554374101357,0.10161910793105655,0.07700231274550881,0.06835187444616646,-0.014683741748401402,-0.26882702585818463,0.3286889123380225,0.5980550395667474,0.034435374290453145,0.0924263448395804,0.05054173765775631,-0.304159757841653,0.46873201429387534,0.29160618132309013,0.5675555821436776,0.09044137080335317,-0.056112649989474746,0.11273547672037396,-0.24066731267412422,-0.2564263871604332,-0.007612804296073877,-0.15638087735309636,0.0002538623900672851,0.17608104874218505,-0.1350497962629603,0.5982702084354438,0.5669683379496556,0.6483993930526021,0.3578920782393258,0.21674513527056832,0.239142394607729,0.37951150202046946,0.1428147226039438,-0.1337365269308699,0.004897890503725072,-0.2540583437421103,-0.06789268454089797,-0.20742315654295398,-0.2781686394334759,-0.19948194649097445,0.060494228800007425,0.401715092190489,-0.21240655749504933,-0.06324972785009901,0.11391034631492726,0.21289724689060455,0.15975645728386126,0.06119850886541225,0.19905703716505807,-0.022384226041112093,-0.007461662379215227,0.08171600959206728,0.09603113975552063,-0.38204167814080636,0.1364328814189459,0.1691883484631096,-0.321584216439544,-0.5233393409311963,0.020950913524003138,-0.12850356485113196,-0.04252412194115556,-0.33905193207058215,-0.034626857853901544,-0.07444788267655292,0.06949120891878874,0.27442947891241465,0.11425492786464883,0.2503407083092867,-0.29539992897036277,0.09131759602141015,-0.2177039317509144,0.02327812359680323,0.06393871030817125,0.03274494995700592,-0.053202634790714756
-0.0367755997920777,-0.15352703038430252,-0.08364664508033796,0.05305822821652209,-0.036005422953096514,-0.048459244197346006,-0.033434812402431145,-0.21464637676339715,-0.03783306589718568,0.3267750768855812,0.2697954118356537,0.44616132447465445,0.23663865115939414,0.5376646720210894,0.06786109638845965,0.006541806054252592,0.9999999999999997,-0.08107587164607341,0.6262474583580708,-0.3046149191541109,0.017424134779661378,0.3870333880249854,0.13876625186800176,0.4011625902086069,0.19830566161912772,0.3979037896362123,-0.04581982556016276,0.1557677977066298,-0.02196035788084196,0.16946152569382542,-0.1466569982422792,0.06973282461417663,-0.006933001601887683,0.28981577843282386,0.28735243495373874,-0.18733268199308384,-0.07934378907279406,-0.061583991682313634,-0.015795969277328157,0.037570477074805105,-0.17469500753773734,0.16553243500192055,0.2764898605433936,-0.19414302879416204,0.03140880538715585,-0.1592615405281763,-0.12654540067538203,-0.12861555155358048,-0.06606070658058598,-0.17746579264558163,0.07244978937453957,-0.2015335343905419,-0.04507031244180731,0.045216475940425195,-0.19195916721347117,-0.10538568876395664,-0.2027966412391975,-0.1884961919039744,0.29388869420484237,0.5304743253450164,0.5135845430286505,0.18272040291268093,0.5974429865531496,0.5120684858427114,0.5000199990921895,0.06616745293296507,-0.07939440725510165,0.5761700340105824,0.24560313208726367,-0.25856580934010914,-0.030314383091024195,0.22302949289494425,0.19803122583083188,-0.0619022042912732,0.5956912214419916,0.5824950228867856,0.14115345054753645,0.403720988159807,-0.036136026898517144,0.1887872064571669,0.4102882813131093,0.012888581290716888,-0.022066402844739607,0.34609829009015586,0.03717078010397404,0.22501853155512783,-0.026550812751147512,0.030846702458745663,-0.1820348422576032,-0.05358442557447172,-0.09749106791015971,-0.041894578537732416,0.07108568972821112,0.1319379937262137,0.31132781236028123,-0.2356751163406402,-0.010971002553407029,-0.1649603012561718,-0.20400942678338027,-0.11587906491702421
0.045699538406801646,-0.011934933254204184,0.48528696711296293,-0.15880000037876352,-0.06654198986213083,0.4662185181134463,0.16376354006794752,0.6545545879559795,0.6958423600808571,-0.06984099548839327,-0.1319901480335521,-0.24566745354553418,0.23470001529818454,-0.039871572945450996,-0.25554078887845916,0.0487578445335375,-0.08107587164607341,1.0,0.10298342818023447,0.2091972309573687,-0.27533302166223,0.11583126220178588,0.011778549078801952,-0.2415959750298618,-0.18295755002008726,-0.23125708749934126,-0.31922213457240606,-0.2363135361186556,0.21373798808611658,-0.052963830580009794,0.10088708934258278,-0.21797344550811606,-0.1676801338328105,0.6784106400838437,-0.13989836449522128,0.5843271090870562,0.2185909754142668,-0.26688587189680496,-0.260099811206946,-0.15404016257382463,-0.08561682434679617,-0.34885257688082844,-0.20835768034295313,-0.15193986468799536,-0.07539713285067917,-0.26204302044443595,-0.008697925522678056,0.008783606651612428,0.2621397387572137,0.05453818990190513,0.031899454563048546,0.29995553614262227,0.10434145628578974,-0.09546113461175301,0.4541998351417618,0.4892280206957387,0.6998306474202259,0.5631404963157457,-0.14707173247774033,-0.11308479650385594,0.06772786008692006,-0.010196890081466656,-0.045481091201103455,-0.1241379387497161,-0.16004135611097783,-0.4432059858719231,0.16145457633329516,-0.03321815912882324,0.3734061517326345,0.7326183154035173,0.16433457134508642,0.188593589196942,0.06598338132298291,-0.08112672031823676,-0.1327930887458306,-0.05064328154822891,0.16367702940402323,-0.1404096069197013,-0.03414046975789017,-0.027089260379812862,-0.05300637543541106,-0.012705248100186545,-0.015871189234505537,-0.04436192576155129,-0.24906359154135668,0.02517331815361168,0.18674308035210524,-0.04726761322622493,0.3463030745191558,-0.19380752714879543,-0.3144315583990098,-0.16226249645681187,-0.06814172937358805,-0.09645597765815128,-0.0900746444871039,-0.14092822829889654,-0.2718833036103128,-0.06607167665704948,0.3000461297362401,0.13352993457499937
-0.19941690019485112,-0.3234039522681222,-0.22439378400069385,-0.1507769982617411,-0.24888133093901704,-0.20719967594912703,-0.20341763754378672,-0.20034310976089517,-0.06330708782373326,0.08860811597378991,0.3986384003602352,0.18801906340620297,0.018935631202362815,0.8358191417278488,0.05216371742617193,-0.28190992524085756,0.6262474583580708,0.10298342818023447,1.0000000000000004,-0.19032034917424753,-0.01892043446114977,0.07156775972934368,0.3122782168220587,-0.061079770153505915,0.04903041606876629,-0.02705735643504047,-0.15575256433124224,-0.07133089460024265,-0.17109640062414674,0.10270095813129355,0.1686397195920755,-0.11867728569070726,-0.1871529851317208,0.4021057419869862,0.11216611350943374,-0.03461707104309264,0.06203363969434344,-0.2877065194932918,-0.1930263232645489,-0.19480139152827447,-0.13197922656641592,0.04082992290318897,0.1171933988312479,0.015007720822194981,0.1927570014364496,-0.18317250729526152,-0.020237410778004204,0.00045417212327873577,0.050075431405635175,0.08500353894057339,-0.14276836249702354,-0.30796355734122083,-0.15468961315092988,-0.14992494713303747,-0.2421935233926641,-0.12284251855311767,-0.24759379981732352,-0.209627076012043,0.13762332990723278,0.21670296033667608,0.3031491647965662,0.05618941664764661,0.6691689736995766,0.7700639424985316,0.6495614160125237,-0.14369012045130777,-0.098892595773452,0.6601007218106555,0.30635285901939946,-0.1807595271069805,-0.06926987785104548,0.20407445593969686,0.22995355646738858,-0.09188145277965658,0.32585518904055977,0.22223520435935,-0.11907768179669596,0.18204272721180656,0.21354817126326214,0.07027480725790915,-0.0560909270021218,0.05609034851207475,0.21312049868787197,0.24721736143876935,0.003802673598160687,0.09044495035962206,0.11800576748590795,-0.09333361144737733,0.06468610505273402,-0.10158296998776947,-0.2964293476842571,-0.03785131720228284,-0.0027861454297592823,0.08306079434066405,0.11627017107068542,0.019544531116036698,-0.16357671448077915,-0.12435824415457392,0.05175219356834767,0.1407875151646357
