0,1,2,3,4,5,6,7,8,9,10,11,12,13,14,15,16,17,18,19,20,21,22,23,24,25,26,27,28,29,30,31,32,33,34,35,36,37,38,39,40,41,42,43,44,45,46,47,48,49,50,51,52,53,54,55,56,57,58,59,60,61,62,63,64,65,66,67,68,69,70,71,72,73,74,75,76,77,78,79,80,81,82,83,84,85,86,87,88,89,90,91,92,93,94,95,96,97,98,99
1.0000000000000002,-0.0965523904163133,0.027082125565906993,0.02440772166267245,-0.21452459834163795,0.03980175219303952,0.017792717867042694,0.06104616338383869,-0.02977692833666936,0.007683834503904145,-0.08661791262255862,-0.1833980850043964,-0.10662848790694064,-0.18216780775806357,0.00883757572947512,0.021803949360109737,-0.10157552599923739,0.01714817271557335,-0.05240726583658099,-0.027208899302153547,-0.006837387577724442,0.07173309235883603,-0.04259669296242448,-0.021831364176393486,0.09959466810890259,-0.22977080034900876,0.09888030446527128,0.07804236277401146,-0.05217948821511387,-0.0550422100835489,0.2177500767757361,0.5414482030142265,0.33021672057138923,-0.18668357447475195,0.15718284054980497,0.03965335831607395,0.09611847149108169,0.3160420231700125,0.022747959411907243,-0.015067749340445007,0.19281262491072182,-0.07040596545115697,0.306593495336632,0.03753533373730493,0.22134135422545315,0.2770904056744728,0.11891182937391945,-0.029776930940836163,0.11870056715151647,-0.011947736361255902,0.31347272912321783,-0.13282906685984613,-0.21079588934590912,-0.23178460087572686,-0.11973414758864913,-0.057773275723153696,-0.10035806726654728,-0.11393582292720286,-0.067922476668446,-0.11737094424432361,-0.03716794399047973,-0.026598302192054165,-0.14722350943089585,-0.07670470162737815,-0.2906335159232897,-0.18744296300463806,-0.12051554648868526,-0.11902325265571531,-0.17382725520894146,-0.04672344118182992,-0.24003839792885245,-0.015751024181753892,-0.0833028428519097,-0.09412469095584274,0.034085600233736864,-0.049766381075056064,-0.0821555086496325,0.056318979553636316,0.37663211163133004,0.33547649697034576,-0.11643296888321461,-0.011931029535548135,0.4674849664414611,0.07936915941276905,0.1180353172169518,0.14490922286527683,0.03545663102572953,0.15392316125829533,-0.03834676661111674,0.05775942693217011,0.021430831690098198,0.12056346659018549,0.08927616700262653,0.05623778670790725,0.09548710333815884,0.09414215927428893,0.2600325311270578,0.04144613420295425,0.2905153296591553,-0.0006209056384521819
-0.0965523904163133,1.0,0.601758124296258,0.6637985203302349,0.7308468348095734,0.4638535172399055,0.4788276553234161,0.37293177058668325,0.3775657053494027,0.20960034333421826,0.05841150280556425,0.03248395681004733,0.08736093095617536,-0.10775148467247998,-0.008692267032573345,0.4899061679034445,-0.22281466270980047,0.26048928981751607,-0.11169020492457356,0.30475836742994783,-0.03675947771521211,-0.3493864704185778,-0.05756247008008044,0.08320179806136163,-0.040441075372274496,-0.14868163457614977,-0.011466699313236572,0.2363834446807121,0.17539788505571,0.09202411567257872,0.19232775463081375,-0.1618632736942437,-0.0049887196610244305,0.17090555532838322,0.020434814707056388,0.09994929464314005,0.32577769829537545,-0.14372657400572658,0.14205378333930058,0.2301876158837696,0.054671257078958084,-0.11936456330437802,0.2753067544828344,-0.05623013672959867,0.08829727742814983,-0.0734807878191485,-0.06779559948705548,0.10043176037985783,0.33033925776436834,0.21520747802948337,-0.2012567015835559,0.6063241037697241,0.11728755705633262,0.5789612089201966,0.5516299630191913,0.3995832538649719,0.4075719153403553,0.4371162486792901,-0.05111670933615339,0.054736479748976934,0.04155670097636336,0.03717533551634127,0.3500471805841665,-0.09645163830165368,0.0769026949469171,0.08232982171256319,0.005661693029160044,-0.33050915003380704,-0.22559183139050268,0.3161054330003928,0.0876600225459456,-0.14276366280763997,0.00512300509001786,-0.20232783621524766,-0.27332575461871084,-0.04163504502194655,0.23278696925101755,0.1839860768234056,0.18953793976326275,-0.0474607474115871,-0.2414538632685201,-0.024390738547233566,-0.01853891078725927,0.05598340309819254,0.03694657936258078,0.14463703656481205,0.2646122188131306,0.19432009178532558,0.3735864161859312,0.14994296759799328,-0.03124541071177826,0.1317496355368149,-0.16798155074095814,0.20740570702079786,0.3611854854344143,-0.0940396240878539,-0.01027884152097634,0.17547217606839582,0.025779622852272515,0.19421484693970256
0.027082125565906993,0.601758124296258,1.0000000000000002,0.38012647416114614,0.5975441522004656,0.8258181157501705,0.26720714805863816,0.5062716960074828,0.6922403337165179,0.24347405549269358,0.3992384838545956,0.16535233404642324,-0.014875528582629194,0.06754577333117992,0.13132917050516252,0.20745659081937698,0.06084781209872478,0.3747731955533864,0.07327308791519692,0.4127800424913596,0.24492469523886157,-0.29836979315921014,0.012667464886840426,0.19723489902106967,0.23110083882984817,0.2276754644006716,0.052065830973930353,0.1946579243921352,0.46824612808923566,0.024175276086439327,0.16355703251989465,-0.02844463941831237,-0.02355427629095417,0.035378955472133815,0.13615636636532738,0.27301212004143793,0.29680188185904655,-0.10945266520873459,0.22917979685039605,0.27659591567457037,0.1372781279739049,0.0904008877199277,0.14461421616061307,0.04935419915235746,0.07068877426516719,-0.17814796827072418,-0.20250917702731974,-0.03670764626301133,0.7146462016555103,0.30285867063649685,-0.06167812005632022,0.6172822662541093,0.1709299162385206,0.24939070887741552,0.6553554698521681,0.7411345939844164,0.37280949062800856,0.5675563890822403,-0.04029851343937806,0.05293094283349403,0.035953258438303104,-0.06519554153700935,0.21823170580444642,0.08244710744419706,0.1168020056376017,0.12646398144606433,0.17295243649115982,-0.06162097750017105,-0.09694759911476585,0.4139147477844221,0.25830324114462155,-0.10285316006140582,0.047408044282569894,-0.025493664986206907,-0.06066021957111825,0.048548276216661475,0.4250965518567311,0.11792665879214324,0.05671560782995938,0.012241489437525729,0.08189337539837907,-0.05851960162728433,-0.15275968766677966,-0.028174950471575543,-0.03926086764883301,0.03709450172540154,0.288633857520903,0.19013207342484992,0.449005323761164,0.13007662381714694,0.07058844640652512,0.19418079269169472,0.02020793778525661,-0.012727985796309299,0.2171382163600386,0.09215196816286703,-0.05552363068926926,-0.03847210396620066,0.405037269627855,0.30860635663925307
0.02440772166267245,0.6637985203302349,0.38012647416114614,0.9999999999999997,0.6735019464389815,0.374596776047163,0.25578894175976485,0.6638165873185827,0.30172834170111673,0.2272853090896716,0.012179804000455126,-0.1806319279397913,-0.011320924846805759,-0.1474903045732351,-0.13761847132468177,0.30239717261056154,-0.31310042880042666,0.15802375261207516,-0.15188332700110457,0.29503110425755863,-0.204900738753375,-0.3119812950018597,-0.1380991756672057,0.03769789928339455,0.021359921888516875,-0.15064621410948728,0.06969769385814883,0.23549877066864883,0.12834526148644718,0.08100414375511421,0.12094959263288341,-0.08973253036179382,0.042224084827262906,-0.05284423996318945,0.06185493738612426,-0.003827159848596512,0.23154499549138796,0.025572605375532114,0.008413424150875572,-0.04761845254131255,0.18227517814031977,-0.22677408172750396,0.28481627676153,0.05371686618129564,0.16251769342871755,0.05760882835334196,0.016797364768770386,0.1292145689824764,0.17704141724951653,0.057143553182508924,-0.19598429799033398,0.381292601113653,0.18756013173338862,0.6790524667471577,0.4749214233688141,0.2711414692269807,0.4408426552237449,0.4313704863098195,0.009007824957430887,-0.007978628754264793,0.05016685175517109,-0.01094908360190097,0.19008802344430573,-0.13645925263271622,-0.17795270788886308,-0.05284758560444467,0.08199401576376256,-0.4283952716729288,-0.45645431838291717,0.36699581494431105,-0.08477285357717314,-0.3054821390908342,-0.10915957187531536,-0.28861669943640383,-0.2546916981678199,-0.13113959935918254,0.022345500808515596,0.06743055136000434,0.16343980287040158,-0.11332139842807995,-0.41627316410795084,0.10722478392061592,0.11290863645089742,0.06177047610904896,0.16274449294939816,0.0874612606528998,0.1461391283043807,0.1516254973312805,0.2855488989870146,0.26802817648445426,-0.0553347881728524,0.09388390927048222,-0.24490298843392422,0.0498209878483781,0.33363757442125447,0.019906838249836023,-0.02800068136359472,0.2826084914939076,-0.051432740160589796,0.12736838005148135
-0.21452459834163795,0.7308468348095734,0.5975441522004656,0.6735019464389815,0.9999999999999998,0.681697351442553,0.15304609788893875,0.4574604104080543,0.49968287931726285,0.1663535870434989,0.12749706196503005,-0.1380880967914952,-0.059697940943572766,-0.11522577671485017,-0.14205671491851335,0.2628728063175859,-0.3003595033256912,0.2323235305526274,-0.1711440566921438,0.49286477675831175,-0.15899015930680543,-0.46579258617714997,-0.14955114763071506,0.023428551976573113,0.020099886669424076,-0.004968955461179804,-0.009863825685743878,0.3748571080386447,0.2520705871556258,0.012887040216869155,0.050382441744850986,-0.3533283160353856,-0.009457145201823686,0.04194562595280503,0.039360461229334745,0.26113281665741656,0.4962818991460131,-0.26066585546228016,0.01425693054370111,0.03081327775797719,0.04287783702283134,0.007619034169314089,0.18694056794867978,0.05565531774059298,0.03333697011074632,-0.15096914693304642,-0.09039991855888821,0.25808435169285615,0.40816135595162084,0.3802551490316904,-0.15804465565102857,0.6815149395891612,0.4054414625738356,0.7468195367083311,0.7805649297443323,0.5727321161531067,0.5606208390893153,0.6373640308112033,0.14942856965253962,0.21191457889322537,0.15337093730869597,-0.005714138928811509,0.21986110497220174,-0.06288896327282949,-0.09406329377554512,-0.03427481856181445,0.23161703959526977,-0.3143739860948275,-0.18879164392189307,0.4734749737022344,0.07684312052766387,-0.1371364240760682,-0.01980079496785122,-0.08269692860969156,-0.038654932992014106,0.151461020010762,0.2727610118700972,0.1671878452173814,-0.06568129127475637,-0.21201715070540836,-0.18943658106810574,0.29077761772288385,-0.11955489322665928,0.10365979361212835,-0.012133987194193932,0.13594977097782962,0.4828377044565805,0.3490051922852297,0.5738130755897016,0.33942508984304737,0.02947867254753902,0.10139397024306072,-0.06557011942767274,0.04335547411571965,0.25759092647412213,-0.03367263808545822,-0.09902499109441859,0.2439388028767349,0.10640737540456503,0.4187348275232771
0.03980175219303952,0.4638535172399055,0.8258181157501705,0.374596776047163,0.681697351442553,0.9999999999999997,0.1260312214400103,0.4336414206715275,0.7872922049493042,0.16964671215263136,0.2839175235194106,0.04727487286093607,-0.0975169888114402,-0.04514427926048851,-0.04075054551800587,0.1573926286035402,-0.09663332780060864,0.32953905652285165,-0.09259181263817075,0.4206628030144749,0.08598449445622854,-0.3096753667400877,-0.03971400991511376,0.06605943954089427,0.2628054290783851,0.15594384263157032,0.18137762518138836,0.2860534589183415,0.36973904184486717,-0.04901107501729014,0.19892910139815895,-0.06514849573583777,0.12306980450030663,-0.04980655898332984,0.14805782892718214,0.4181170150692831,0.399525411463679,-0.11831075660473153,0.13394343628490035,0.1403525273901708,0.07204124406078734,0.28276930180762067,0.12699164659226625,0.12987504546171966,0.09686642365962451,-0.12333417592895039,-0.1300839459432828,0.12604688703100925,0.7977410183789354,0.39814596556678056,0.0232064311634334,0.6105657653350949,0.2782148174532779,0.3306406016223864,0.7201153462749593,0.8241629551672656,0.43486412586953516,0.6740653867787881,0.03938010919511816,0.16944053513256876,0.04882358295870434,-0.04634759843580394,0.07740035878789407,0.08257436987174008,-0.08549583576079425,-0.04746247566378938,0.2639255529622989,-0.14498603846225466,-0.1131118947205894,0.47245747358375995,0.08482529213019184,-0.12694296488023038,-0.07155827532048702,0.09729805742223561,0.021862154595709712,0.22900873641372269,0.38938695733994794,0.12103771999487652,-0.058709041037655,-0.0934688613670521,0.04244771224223524,0.14824760976598733,-0.15543295057035983,-0.027600335821124703,0.038440496905224456,0.10289238027340274,0.44484717929991907,0.2713867271847394,0.6033008672894479,0.18372338400193003,0.06251490445007414,0.16313038139511776,0.05683254086689032,-0.051415538525419774,0.21006108893901795,0.17189739886140276,-0.1301231463485789,0.08831482316538619,0.4852476503040277,0.46131580401960015
0.017792717867042694,0.4788276553234161,0.26720714805863816,0.25578894175976485,0.15304609788893875,0.1260312214400103,0.9999999999999999,0.32719807242634363,0.31090066074886263,0.33851024186684187,0.03525749969989892,0.27679558102757323,0.15607114623260948,0.04178595252778393,0.19593433066263108,0.5594663641668117,0.0918331463769871,0.3483322980610408,0.1490056926856129,0.2025450838996554,0.27654639578022766,-0.07544517341293314,0.18297085752647643,0.2814340486643236,0.035830407932607354,0.026373103293032333,-0.11959167671013804,0.07484360642975918,0.17388369514860286,0.04086997855263089,0.08023234938999531,-0.0342697207994382,-0.029946036902660896,0.4223534354836257,-0.06766312147418985,-0.0005019191965475468,0.05034004265623899,-0.012185004650238534,0.2893804504108443,0.5547158745078913,0.23414784287350113,-0.293639023685118,0.11135051510178903,-0.10295576691665904,-0.1441377022619535,-0.10575058356002677,-0.02902957420402024,-0.2863843725154154,0.26748964668142167,0.11481858238015726,-0.35506124678069956,-0.06543785053577489,-0.2720645780539356,-0.019315688741118376,-0.12936657445614103,0.055430907589146,0.10892905863823575,0.036373251580044556,-0.25519207047198944,0.07215638405557673,-0.04615157620559563,0.02624643205005496,0.21881907493312291,-0.040042244483805986,0.21865623445866073,0.19287808661123076,-0.0966933566606892,-0.09771167084060198,0.006823422372980237,0.0007689760881398349,0.13975653269431915,-0.12261823172210365,0.10923982674757053,-0.06141129320452123,-0.13029964695585022,-0.06431004925034638,0.16935014109455232,0.16715580231429614,0.12726546577926448,0.030046908384754732,-0.10440569879017209,-0.4812370279202606,-0.07703704177935641,-0.20355663984889258,0.004866547604224363,0.18268197767784017,-0.07507653813315147,-0.19742424250909316,0.09183985825624764,-0.24863059127716997,-0.3747602001341599,-0.07726464291304314,-0.20604823847295275,0.27585759490297884,0.19970276201954967,-0.06734959901478788,-0.04014886072617264,-0.06933648929012554,-0.017983001658396506,-0.09081185615507478
0.06104616338383869,0.37293177058668325,0.5062716960074828,0.6638165873185827,0.4574604104080543,0.4336414206715275,0.32719807242634363,0.9999999999999998,0.6154985076003219,0.32489191553239355,0.18448654929322397,-0.020629480199205803,0.08542321012859301,0.13055268364369105,-0.05652954435026139,0.1756960114048574,0.07172405279828456,0.3350464670150606,0.18184503287250547,0.16454416912998146,0.06889399944880736,-0.25808517790615565,-0.03199748250479689,0.21814877653066025,0.28127761982524063,0.2589149405910334,-0.024273799865829733,0.04616972576863484,0.20200979819745501,0.10310954881791994,0.04683771847108994,0.02627746680618046,0.009523042041602004,0.06860727099306536,0.13015912962880788,-0.10481344012207826,-0.06582066589534644,0.14348505983337823,0.12978002346394443,0.09790818445091656,0.24691963381280388,-0.027405082602886013,0.14586734356976686,-0.07277306679338777,0.01586484417126474,-0.1441037965368215,-0.17716172757036025,-0.1798201702950085,0.27474725299167996,-0.12165406436644839,0.00622495182796241,0.3047556857183849,0.29004503133614495,0.4505028331526646,0.40810847159693514,0.5078341651681978,0.6262410255957159,0.6703733551139975,0.12876306200171134,-0.16759078720014473,-0.1139229833038272,0.06821537011057728,0.18992934880276824,-0.11523721667577264,-0.16996349845917805,-0.032301846689410545,0.24093310229043297,-0.1877221944316695,-0.3266983234956378,0.43187950436413614,0.04179678708321501,-0.329664710455962,-0.15746985739510957,-0.17021899053514725,-0.051777374207608654,-0.11000491753415824,0.04933970466874915,-0.11440139024835048,0.14739805725485022,0.07410237727384765,-0.11177949742119732,0.03922352483250872,-0.01811473162541147,0.023015996463451222,0.059130094327732974,-0.09738257882177975,-0.05834543238340416,-0.08485341775861313,0.13000298677829936,0.17928058363030444,0.10771345861276393,0.18013950403165402,-0.10536927562037135,-0.047384923938910056,0.2409109456869446,0.01516838841373908,-0.27755088057068006,0.13280538618316431,-0.05861245353957383,-0.05800236753695444
-0.02977692833666936,0.3775657053494027,0.6922403337165179,0.30172834170111673,0.49968287931726285,0.7872922049493042,0.31090066074886263,0.6154985076003219,1.0,0.30864934319802945,0.2071734573345002,0.007060906681266653,-0.053665276935960946,0.03686600821389979,-0.04922795114588111,0.22811855021755922,-0.0421477518733176,0.4196035914426668,-0.0031740314860801235,0.34870019924995976,0.1795214876529498,-0.2909430503070204,-0.06411757821781085,0.09213325093671577,0.4403837466514066,0.1842449063062255,0.017696530407903612,0.1845503865447387,0.29848370305112437,-0.020800284228978515,0.16769899231636834,-0.04253343708256205,0.05573650569118426,0.06985005158908617,0.059575502385076175,0.22830150340353694,0.18006020393826663,0.08923497731747916,0.2173525678072307,0.23547948394454163,-0.011400534869700912,0.2543073974003159,-0.06089651944255746,0.025232615806223557,-0.057620021963875126,-0.23373659932877006,-0.32043037147151726,-0.23325337684738118,0.644237932822256,0.16670747403023256,0.04281081358418612,0.44516468556676,0.3502873689625243,0.2331861531649175,0.4359840983931293,0.8122501546126007,0.5524930459974577,0.742694106646552,0.167704583503195,0.20119166509005432,-0.010525107836426786,-0.01636634157556117,0.09642325480915256,0.03633743310961636,-0.04436684476314871,-0.0551461149365386,0.3721743074491095,-0.10422573597140222,-0.07709080702556473,0.5263378500144723,0.18567308740201294,-0.23523660246720277,-0.11496732805950309,0.1723886752098469,0.1704437277749877,0.20267704079598423,0.3123305719428499,0.009729893174633351,-0.012524143835616227,0.03788831972458539,0.0819251111598583,0.019788760795418237,-0.17431681800423826,-0.07963194316476906,0.05775968961688359,-0.04951982686572051,0.23504246686333705,-0.011644751170934626,0.46074841174260117,0.07306680772600808,0.030692670860417666,0.1171487060823091,0.09526734012992087,-0.0803046657049099,0.17143907983694934,0.152492710362069,-0.3373081445811136,0.03674142975122645,0.20937008009934407,0.21821348741536337
0.007683834503904145,0.20960034333421826,0.24347405549269358,0.2272853090896716,0.1663535870434989,0.16964671215263136,0.33851024186684187,0.32489191553239355,0.30864934319802945,1.0000000000000002,0.5339304311755478,0.23830046992821058,0.26306035458245464,0.35977731210999825,0.3704887249999622,0.361213019334286,0.3102724312109384,0.4166541534021878,0.4494125126392277,0.31726426611904585,0.4353337750658948,0.09676282245411605,0.08157646789188107,0.6252157056942272,0.5694625268250546,0.26661885434969146,-0.05254129504131255,0.06817846001141754,0.45609907417406476,0.13699328688441345,0.15347783841987814,0.08833780164642019,0.2105709887987749,0.2565598002949309,0.1015925577736133,0.18918125965596289,0.07328769338891093,0.4469757775381469,0.7369355641109278,0.6300253033652833,0.4272798401178087,-0.07495298850727015,0.3427908463261647,-0.06359590851623345,-0.12162357242731293,-0.10951676314744628,0.012261911108591653,-0.20325771887148628,0.14969577131538125,0.0910366492679758,0.10360049101171893,-0.09453520300180625,0.025158362587044625,0.04444065843409335,-0.11362104630202063,0.08102781081347847,-0.07001447517199602,0.010389855448556603,0.410697736792743,0.15731638791968858,0.15936380298839367,0.24611250442408733,0.20661079308645786,0.02616257560033066,0.24018844489260385,0.16581131363808402,0.17562200016403837,0.16832865453712334,0.015051643364110797,0.2909465934730111,0.38477954480202814,0.12922266819745132,0.04556912370001106,0.43386649340324807,0.11715637435452074,0.174035184247296,0.2321165070117525,-0.041007333861638906,0.2945571073610772,0.25557810213303445,-0.08264137075673235,-0.209822180335872,0.15467937231533077,0.18539390506156514,-0.049792183934085854,0.08513812165745115,0.04958132805258331,-0.04114211004181153,0.23784639632129592,0.21591293099247788,0.1627661351898747,0.1771065052324879,0.49828798795242507,0.2590864794103328,0.1520048679794898,-0.11888158350256764,0.0830743433641843,-0.013916229260307467,-0.08330494329968421,0.09771317505604651
-0.08661791262255862,0.05841150280556425,0.3992384838545956,0.012179804000455126,0.12749706196503005,0.2839175235194106,0.03525749969989892,0.18448654929322397,0.2071734573345002,0.5339304311755478,1.0,0.5882501972828459,0.4388537682802201,0.5399586749773232,0.5196683882557147,-0.006016048635492838,0.5356006745961223,0.387752770815991,0.5172951788923024,0.30746091668394326,0.5408951964495299,0.09677977624565022,0.38261706043356947,0.5797435409001801,0.2983838812457525,0.4732292139547634,0.12361000016424797,0.04520931699240604,0.5375601565795958,0.3007727630824639,-0.14280068877856572,-0.04653533065536685,-0.18733875497095695,0.22233323700422603,0.08669492089999871,0.024368700856727262,0.06832143078337825,-0.03473203974788148,0.46539475508588074,0.3908627770258226,0.4186658253599873,0.10506065796512164,0.24937345491540402,0.021333721850361857,-0.15831682533007643,0.074981204528728,0.13962126780545006,0.06564456162475467,0.26319959683924593,0.28652688189494124,-0.05489718525104149,0.061678141139438834,0.04984087111288568,-0.12109224764019544,0.006607188034112079,0.1839268650521823,-0.13879476440872174,0.057260090849018334,0.11310292625994894,0.06778501140660416,0.33619550339173015,0.35898558168847416,0.20094347879474597,0.1989759307496098,0.3015641906786378,0.34147403324946884,0.07903096582473199,0.32547044977799416,0.04899501726515308,0.10045058042922503,0.38949891563056466,0.06467730715746928,0.10365477293052437,0.2681463252378181,0.043496836076453306,0.0826711002611327,0.2787658424604357,0.042605039471869235,-0.052822621769630006,0.031868935419346586,0.057936948482068665,-0.14948183916660132,-0.22438298785427968,-0.08813724933182995,-0.3447200734311674,-0.031125682661892386,0.102323474567475,0.018192000117007244,0.14327284490641115,0.0650870235026541,0.05810042539504569,0.1353892869602292,0.3331046232163548,0.01629519535860157,-0.030311205946132586,-0.14264680568170907,0.03534559735331512,-0.23096600935883146,0.21813837274052175,0.15863671035331428
-0.1833980850043964,0.03248395681004733,0.16535233404642324,-0.1806319279397913,-0.1380880967914952,0.04727487286093607,0.27679558102757323,-0.020629480199205803,0.007060906681266653,0.23830046992821058,0.5882501972828459,1.0,0.5037610769089192,0.4193085329521459,0.3796791039975497,0.11847370125594309,0.6355195544041846,0.12806812503455367,0.4727715536796647,-0.07581625420153922,0.3910530141414908,0.26523970340071856,0.5279150648810412,0.4669643755110662,0.024128664858532108,0.5377796733659888,0.021561183668248586,-0.06172254483654926,0.2196903204664836,0.1905735870156732,-0.18207736045735884,-0.06694533723458125,-0.25020921807748414,0.26429806853835214,0.12233220995887192,-0.05702908515615442,-0.17826211139753217,-0.2101960861015681,0.34960755864885423,0.3981057642987822,0.16371790929449295,0.04886181743561815,0.11832820878953812,-0.12603879847181976,-0.26244049874303566,-0.0613505136285674,0.2320249451376376,-0.02564007396472384,0.20544883804072342,0.08668108704083824,-0.27717293578013624,-0.09096386162820265,-0.15906864487414066,-0.179969056043064,-0.14361520985908283,-0.0016825471449901774,-0.17708340618793356,-0.10824282230172866,-0.15949414599873799,-0.04781377272318027,0.15889596933125294,0.24958326782568524,0.21859796258334563,0.1656000511363185,0.36440064728533655,0.3535234835135246,-0.09273140663653934,0.3709389096381161,0.06810789751516709,-0.28885770141845507,0.18995015184653655,0.07802653926514962,0.24676080266733744,0.1646131835537065,-0.04369579646348218,0.015752194310228652,0.1311856397031012,0.1280206471243975,-0.24181666402914187,-0.05789796447262183,0.07220046500884068,-0.3712406076404824,-0.43648836981451883,-0.15850193745973418,-0.25333798170125166,0.07358274098758755,-0.13094018116321754,-0.2124234751860123,-0.19410271162988774,-0.14098989516584629,-0.06761348859189871,0.006678548155149286,0.10980321400758751,-0.0321423444881145,-0.22170879475258787,-0.18751670312406016,-0.09126444588601823,-0.26939899567878856,0.18066382382487203,-0.10593921144088213
-0.10662848790694064,0.08736093095617536,-0.014875528582629194,-0.011320924846805759,-0.059697940943572766,-0.0975169888114402,0.15607114623260948,0.08542321012859301,-0.053665276935960946,0.26306035458245464,0.4388537682802201,0.5037610769089192,1.0,0.39696958101479346,0.33518613645322154,0.19668911808472062,0.5453354517457154,0.39158555875274775,0.48812860946819553,0.008315653085699024,0.35548147343417075,0.24125106636958138,0.36300026793937973,0.3967828580386607,-0.0471292059598651,0.24479176332849006,0.15436069637856195,0.016550455438939803,0.22078406093145106,0.30843795354067227,0.00986418186210585,-0.025549214998211535,-0.11306231566008879,0.3805682062316272,0.0979935296935261,-0.10898488072548503,-0.15859544818614763,0.02756117492999399,0.2984055456018514,0.1510837133548611,0.28736153036282974,0.08274884332600534,0.31252738536945424,0.027809008218313794,-0.14692583166105258,0.16906288161720984,0.1888002374681115,0.06302041715895064,-0.02401294936579581,0.07439560489858989,0.12425156040343119,-0.07351537394759658,0.014908626751432943,-0.047905420485153304,-0.19044819780109545,-0.09639101988294672,-0.1072420997935583,-0.010190281184495362,0.11347395014406879,-0.15677183621288432,0.3142126168465607,0.8650408337574947,0.488231215927923,0.24621713906452028,0.2664250879539412,0.33808581322030196,-0.03223492589533774,0.3006540618540151,0.15637315518984427,-0.04126624189930607,0.1409530705445031,0.020687658138769906,0.13033435365934312,0.09868925016521286,-0.0455999287392578,-0.20001091656066905,0.11514588108549773,0.037516224646544714,0.05530570135837716,-0.0071783209176089855,0.027659604564747902,-0.14187840557638842,-0.009763732764444758,-0.12429746938345371,-0.29823385667199737,-0.06706581428389233,-0.1056633481452227,-0.15756669022894787,-0.03406827780533288,-0.0011394202518130215,0.04258688949931722,0.03248265493351155,0.1058371711929872,0.130376695038526,0.12107612648011058,-0.09535555186810699,0.016776529343399217,-0.24468375024447658,-0.05699320215378616,-0.05176348599355266
-0.18216780775806357,-0.10775148467247998,0.06754577333117992,-0.1474903045732351,-0.11522577671485017,-0.04514427926048851,0.04178595252778393,0.13055268364369105,0.03686600821389979,0.35977731210999825,0.5399586749773232,0.4193085329521459,0.39696958101479346,1.0000000000000002,0.6881471485475651,0.15737192370951145,0.5185807747636311,0.2548967857189692,0.6273339722171696,0.06423922812490854,0.6532447879411019,0.10471336559288928,0.3896096632938598,0.25471445697001,0.0549852228282642,0.2338033792542913,0.09697921323043057,0.04313638504312543,0.5221405249118835,0.25436018817145883,-0.2133901809964814,-0.09379952371482479,0.0676823985064108,0.17896769594103165,-0.0014799534361836367,-0.15622088522345046,-0.19725942209723296,-0.015665824128169067,0.40897115558450803,0.33133350711856824,0.2798593978924786,0.11921824360909636,0.12084330097294632,0.08024067586966442,0.10685954769040698,-0.03270515619242448,0.05958006115695341,-0.08869737268112772,0.0893031086981373,0.028910835665200255,0.188502822701279,-0.16717472110209408,0.2446541838274927,-0.025228423500584,-0.12473641340735735,0.043629146484059175,-0.0833579827251077,0.06885161688334174,0.20519851115144902,0.08496242134966607,0.21047093193556896,0.35050724135364086,0.5736329364800385,0.4342989130838418,0.4842412562984451,0.5845704043444097,0.3566458186531687,0.5539295156851646,0.1352398042494236,0.036366923052388866,0.5492853475081328,0.35887236710171033,0.28956453251471925,0.34609140930002613,0.2386976463436303,0.049174434484395645,0.3544128069929156,0.1211256432408291,-0.16491248965351726,0.004432914199114379,0.09287821148422382,-0.14259234208795885,-0.17192692664319084,0.1351898794048729,0.015877507789717735,0.14105603345135445,-0.13562574365385535,-0.07088600354846872,-0.19319844886670443,0.02321157820109873,0.1339989147983851,-0.13209944617344635,0.3988769055964151,0.10390870481249985,-0.11531069585523399,-0.016080958256384784,0.16191260490177334,0.038903773986036526,-0.03997748499088699,0.12489293684397762
0.00883757572947512,-0.008692267032573345,0.13132917050516252,-0.13761847132468177,-0.14205671491851335,-0.04075054551800587,0.19593433066263108,-0.05652954435026139,-0.04922795114588111,0.3704887249999622,0.5196683882557147,0.3796791039975497,0.33518613645322154,0.6881471485475651,1.0,0.10307055189824708,0.4763507403856969,0.3160174265880231,0.5353147263506651,0.21535536722615473,0.7627377715107271,0.21928653948674692,0.49327528997163567,0.25761617382772367,0.014808774825336294,0.18126290328785985,0.15851516064738014,0.009376141480574782,0.6778681454634675,0.15937439827160932,-0.15133795219564608,0.008930297313546616,-0.006182491594271799,0.29269248247925894,0.07188937098818013,-0.024646587871368777,-0.0409934489873308,0.1003922052178406,0.46064904835467546,0.36190395616456766,0.3238839554252696,-0.00119468585770457,0.17549381177741477,-0.045655738989077335,-0.03279325368057658,0.0195094480740322,0.24665066484138404,0.05605821381105602,0.1177071029017324,0.19177957131836715,0.06628459081585292,-0.23539183409777353,-0.04894465452516883,-0.2792458591842529,-0.2589771728426836,-0.12011699003335072,-0.2802090243991952,-0.20815497882803,-0.044220620195356566,0.1282364092162026,0.291942007866739,0.2413418673850029,0.5026697070627107,0.48917302118128825,0.7081442399665612,0.8524794140185231,-0.02037019727320491,0.5277906633828419,0.3336688459797795,-0.044685801852554885,0.6487222198329523,0.4410852736214946,0.5345111533271133,0.25340091854704055,0.07061013767350946,-0.11503168701582825,0.5718830270751836,0.4437542332905893,-0.045263962852517,0.07611151183415042,0.14374824469278943,-0.41153800218644687,-0.16268466131739467,-0.0372028180451763,-0.12636694525505457,0.16750579369996899,-0.033801303168445755,0.08286551626510102,-0.13201249764495043,-0.10413026280046556,-0.10019350791497185,-0.0706082521031407,0.2814761578917738,0.14700438553845366,-0.01894819656852548,-0.09860264598158341,0.2909377938705045,-0.22062181167091197,0.11964789550043264,0.11081313057402033
0.021803949360109737,0.4899061679034445,0.20745659081937698,0.30239717261056154,0.2628728063175859,0.1573926286035402,0.5594663641668117,0.1756960114048574,0.22811855021755922,0.361213019334286,-0.006016048635492838,0.11847370125594309,0.19668911808472062,0.15737192370951145,0.10307055189824708,1.0,0.04242299184735114,0.31047040843026485,0.15141138775487273,0.17682128779418457,0.25616457969947926,0.02370084613015128,-0.16459824475569754,0.23324437262950073,0.06772821172148787,-0.1556391282259231,-0.10857302169842678,0.15102204572806946,0.1160868467039083,-0.051505115918424424,0.19217649248676347,-0.1462189536454694,0.4702098904892176,0.3568752502148199,-0.15486424302419394,0.3152693593459781,0.24535195731151274,0.04172446116470631,0.23532039053679848,0.3727762114142421,0.22175111381785018,-0.0701968343294619,0.23490453458070876,0.14040689753659097,0.1074209373609646,-0.0459571268661188,-0.051172099811885294,-0.18266663492067367,0.22884394029379188,0.2200890066171748,-0.05167216275726877,0.12022529665089807,0.05160935278465646,0.272253369261904,0.08735472993546808,0.12463311665395481,0.18837110336667803,0.19400587597007257,-0.08976972601240123,0.21834842031081764,0.10820552727929221,0.1787948773249364,0.31512563425533946,-0.006165257234374886,0.10089928030669841,0.029299637244829407,0.11351109091462441,-0.0661470478393792,0.053248770005025696,0.18834716861135858,0.13196478213524598,0.09363386605164398,0.008938430713331348,0.07511323018655529,0.06723312027846065,0.05993268243695708,0.16036323709760816,0.029293648603854958,0.2025564814674707,-0.04371354836048971,-0.2251218400776155,-0.04190884666442361,0.20315200283760612,0.1194287491322327,0.1566173651849471,0.26466901242712665,0.16063700351491786,-0.1598467554650386,0.3215703241959613,-0.02228320755327975,-0.1148699717556363,-0.187050320705665,-0.0694893570060917,0.28287551500193525,0.22387904883282678,0.05782600936549034,0.059060299715911146,0.2104501247534529,-0.03444776520664917,0.2242539871713021
-0.10157552599923739,-0.22281466270980047,0.06084781209872478,-0.31310042880042666,-0.3003595033256912,-0.09663332780060864,0.0918331463769871,0.07172405279828456,-0.0421477518733176,0.3102724312109384,0.5356006745961223,0.6355195544041846,0.5453354517457154,0.5185807747636311,0.4763507403856969,0.04242299184735114,1.0000000000000007,0.42579463308429183,0.8251086839687233,-0.1690945160760937,0.5479943132895104,0.4411717500945575,0.47786154951109766,0.6495303250020392,0.05780519500685045,0.5459715386910121,-0.030560717226426212,-0.21601931308556677,0.26750939328192147,0.18195033754737128,-0.14878928939002375,0.10742798818422064,-0.04415364477908276,0.5698545293536428,0.2652818025090428,-0.13022995082427086,-0.4202195575217974,0.11114760183553865,0.4408484969996449,0.2748821465754837,0.45835325678677086,0.17991713820600752,0.14862328372576353,-0.33012331149947177,-0.2799472087189206,-0.039949390682381986,0.19752858271266174,-0.03245512247677486,0.027814728488188067,-0.06348761071689196,0.06417104352355207,-0.15461632566382158,0.060204004501447174,-0.29627574834326525,-0.20965184878266205,-0.08353190310599415,-0.11531288175076626,-0.06639695838242998,0.08288163851142938,-0.2599194661671713,0.039338598810484036,0.3646677601165567,0.2494369040243736,0.18333439145656344,0.37314558012951965,0.41926291666540383,0.06892119026548135,0.5426729108652136,0.3726376339959535,0.017336762229878278,0.34577533876759886,0.2659849190220716,0.29084621299938634,0.24849784939464462,0.06981623110986583,-0.1333145625672419,0.12557076163138856,-0.033483804892026486,0.011231378123014108,0.19579872060363335,0.3667728071411377,-0.14414094935831626,-0.2003970357617272,-0.04108054982540988,-0.38872239491373956,0.009739565451804865,-0.3103159601388487,-0.22050923303795444,-0.2561114214897051,0.03242067265119441,0.22770083936528368,0.15576670904291326,0.29790116041105774,0.026343472654962227,-0.16087691115476438,-0.24816240873479062,-0.031154475094876347,-0.20072105735456153,-0.008923088178353002,-0.11770693190718681
0.01714817271557335,0.26048928981751607,0.3747731955533864,0.15802375261207516,0.2323235305526274,0.32953905652285165,0.3483322980610408,0.3350464670150606,0.4196035914426668,0.4166541534021878,0.387752770815991,0.12806812503455367,0.39158555875274775,0.2548967857189692,0.3160174265880231,0.31047040843026485,0.42579463308429183,1.0000000000000002,0.5827461863762383,0.5484612626728186,0.5557919891253302,-0.09431674876152395,0.1725306163772221,0.4739228022166139,0.14531765580025913,0.21081947358404654,0.07955754156376048,0.0640663633314428,0.483982438750451,0.10055645310959087,-0.08636282838482764,-0.05123690985672347,0.0734879431337885,0.6677508593652758,0.06607265363019411,0.21431909256002488,0.18271083060542867,0.14121454196156064,0.37221454125604375,0.18061549628770418,0.409005415699724,0.1405946075456211,0.04723032978316845,-0.12306689868971309,-0.0977394997253591,-0.09500763449066933,-0.0794052757033854,-0.13973904769715817,0.31689669050956537,0.35124949812915573,0.09740324483163094,0.13100089501295148,0.2094818622510132,-0.08607774149240832,0.1241744184227789,0.2656148904446064,0.20551735522271372,0.3426377081609019,0.15250296949677608,-0.0647170411206826,0.08391909512639886,0.31736400018588046,0.27594483003956805,0.22344622507217354,0.28896179129004773,0.2865332437595749,0.18537019004823516,0.18762782645064233,0.414604423382529,0.6013380607368798,0.5194649593629631,-0.05737637805032842,0.054593677791559686,0.16634611599053906,0.11273843018133542,-0.2688207687703619,0.4151452339532956,0.12062775072063012,0.005234785776560214,-0.010612046514777734,0.2235751289341253,0.09461964079635204,0.003408110625619053,-0.0945531444471651,-0.21745685933742664,-0.05941412531010507,0.22065407481000118,0.06658014159738916,0.4543016519431276,0.17100548631581514,0.004804868284886266,-0.08851154583900948,0.17294520496703944,-0.03795470957067714,0.1641937686910358,0.008121651585210152,-0.07725797908484248,-0.0718193044205407,0.05627007012655105,0.3106780444068525
-0.05240726583658099,-0.11169020492457356,0.07327308791519692,-0.15188332700110457,-0.1711440566921438,-0.09259181263817075,0.1490056926856129,0.18184503287250547,-0.0031740314860801235,0.4494125126392277,0.5172951788923024,0.4727715536796647,0.48812860946819553,0.6273339722171696,0.5353147263506651,0.15141138775487273,0.8251086839687233,0.5827461863762383,1.0000000000000002,0.041978390278177076,0.6098512500487259,0.3613971745552371,0.47659535334601216,0.603807533924406,0.10747885394832248,0.5172632300685583,-0.0912057666267964,-0.0939414034973138,0.3995905733345298,0.2095373952899753,-0.1348532421000779,0.06114216367811271,0.03699495931785974,0.6341537387128187,0.300205133063303,-0.026792287900709994,-0.21149899369377476,0.13424955089330678,0.47391507413992384,0.31989021726606987,0.444956063129921,0.11949497520196849,0.2016022842917545,-0.2683634825788846,-0.2165874928792886,-0.12198168093541868,0.2019488791839512,-0.024422396017814357,0.019502564085192655,0.010968807985843293,0.13169975465307743,-0.167303618147684,0.10533054098292077,-0.19181971774571907,-0.15871898041357196,-0.041851373814712406,-0.05217659356135956,0.008459570364693664,0.16384693784261734,-0.20354163393060937,0.033553348655542735,0.33206828390498916,0.39609378312596605,0.25526559736072224,0.3562895587896095,0.45995913900736096,0.05357215564004955,0.4588816806450295,0.3150049190946498,0.18372323678635147,0.45172241189560763,0.2970091727298753,0.368769614477696,0.1893852815590266,0.09090472187115675,-0.19914864832099965,0.2368016139489194,0.04011441654881749,0.01794675344533643,0.11253233916644954,0.2989375761319755,-0.08000674031586032,-0.0869335560352763,0.09440235647959917,-0.24899017427798553,0.08883891008097299,-0.18868919666248113,-0.050894278406346756,-0.10472736944980175,0.03686072071103274,0.2272557592727175,0.06160013406772674,0.25493118372170553,0.01955878190471789,-0.0985917284155154,-0.18344435533042266,0.013897575091526036,-0.060443010852688446,-0.06573136324653053,-0.030406572884748653
