0,1,2,3,4,5,6,7,8,9,10,11,12,13,14,15,16,17,18,19,20,21,22,23,24,25,26,27,28,29,30,31,32,33,34,35,36,37,38,39,40,41,42,43,44,45,46,47,48,49,50,51,52,53,54,55,56,57,58,59,60,61,62,63,64,65,66,67,68,69,70,71,72,73,74,75,76,77,78,79,80,81,82,83,84,85,86,87,88,89,90,91,92,93,94,95,96,97,98,99
0.9999999999999998,0.15172675197175986,0.060592055351227754,0.24087358727943436,0.3268178369162458,0.11774546969999497,-0.015975399803168637,0.12571700721161225,-0.03506624118610964,0.22729732050697776,0.21260380236446538,0.04038311224467092,0.2776511024833061,0.19955913149162602,0.11490739665263795,0.14804869641541854,0.24736268821323587,0.2510019399658419,0.276369699669057,0.38448180091324025,0.053068119534930576,0.0010607694877154765,0.31205646939883575,-0.3780501457103803,-0.21941072946720386,-0.26449600269769397,0.11750641060010336,0.048666442826223046,0.047071534477229386,-0.24770941562598103,-0.06394529103484255,-0.04087552792597496,0.4764275853691573,0.10515025816486881,-0.24356188947780963,0.2779313379622301,0.14956153433441907,-0.12135696725322738,-0.18111473352815644,-0.01445288972876956,0.11944731187128907,0.18379234522103374,-0.42714967784672664,-0.15061867125924366,-0.2879539888914607,0.21366362151101406,-0.035180614845081025,0.47824057597628644,0.5631270260541286,0.4492377066099293,0.3389265078034763,-0.03162189306080764,0.0724504163246696,0.3049660995330058,0.15688232212397932,0.07274717218414664,-0.009928947947717882,0.0005239763793009756,-0.3651995213529873,-0.019584628734160645,-0.45522737999503354,0.1576103258932764,-0.03042348718436033,0.1391925312598245,0.036874739666567895,0.04699187182486319,0.08023835075630874,0.1346894732815168,-0.1405997447392862,0.19237768826031593,-0.08428102349009878,-0.3154495610192667,0.16794057409477892,-0.2741005953541154,-0.46030165996271355,-0.5735693078657034,-0.1237109693889255,-0.3331349311522642,0.08983253327420651,-0.2490673042123942,-0.47123662100355435,0.09363124707057187,-0.33122598950529547,-0.16949571267104963,-0.12061843750411282,-0.17123668884900914,0.2356141796880744,0.07994159322267604,0.22769102494665283,-0.12111917336078176,0.2192852454194935,-0.28321252279977366,-0.5316775451926651,0.11138592144119631,-0.17541134430955713,-0.011961655553759134,0.0006824843073127123,0.46006978792274844,0.5263901526148704,0.4965984077697113
0.15172675197175986,0.9999999999999993,0.7865088839380856,0.5653682747309852,0.802171376565753,0.6885828212124933,0.827782062768132,0.9209828639954901,0.7974207796943775,0.5330639948373473,0.42150411411921973,0.6331050870061008,0.6398130789345291,0.8283705993267473,0.5794506001410427,0.820287352340529,0.7176976064557242,0.631829894530772,0.8737110142087063,0.5716676926012428,0.6580500737097653,0.5809042683948342,0.6063439044273693,0.039120891189711744,-0.08505418211018502,0.208280046081304,0.22047606355714783,0.16321591483063408,0.001451298272379133,0.2549350787677173,0.0908129878382013,0.1728523265727982,0.10039231187249802,0.4390464237771051,-0.07890724610795138,-0.0011329596779416891,-0.24792071152904072,0.4870603595443438,0.5396729164369322,0.6530778444713253,0.2259223703423285,0.5466797881142151,0.0683150819786509,-0.4307114066383056,-0.4800503954507974,-0.09696999562250154,0.46190171786545753,0.2537801438597402,0.24394657211613519,0.27777252291230176,0.14634160608044874,0.8316010821212222,0.7218664413184186,0.8817198375331935,0.6891353905821165,0.4648184261449797,0.8622204624612874,0.8602165391120185,0.25457296899253384,0.14692173656079338,0.14873823277375056,0.5318094405271571,0.46064007999497325,0.7216136553855835,0.8296185016717511,0.44535000289579646,0.22897062856211872,0.8241978266143806,0.5092017158981775,0.5582930464167452,0.53592397099858,0.08301291370975794,0.5418789598730016,-0.14210433523562155,0.16822558278619007,-0.3077697827288939,0.15187759620127445,0.1726145857138261,-0.06297197043405026,-0.15119634700997991,-0.31384873765938825,-0.1915444082625856,-0.3979319445825007,-0.29053798382703,-0.2726051120592692,-0.3081306680904546,-0.13557563286747198,-0.09836473628116303,-0.11704056360732416,-0.3866898071356095,0.08952374929195266,0.12392531729157931,0.09751291943953655,0.18754883586090051,-0.24144324515859225,-0.3577319478244701,-0.36310745235543,0.019038353662517216,0.2791784745804047,0.19113241894881539
0.060592055351227754,0.7865088839380856,1.0,0.34267874107191254,0.739547194932543,0.7916218537232822,0.6110087986470165,0.8079345107209839,0.8617374705742187,0.3003102591593841,0.4190707366492226,0.45400416655541076,0.45153676620182365,0.6825858373150518,0.5543255399532295,0.614840360120386,0.4779827854746788,0.5592576001041242,0.6537542804562642,0.5003168927541819,0.6403245010432127,0.4612701956467692,0.5232976912725009,-0.01626887410386893,-0.10758091960192984,0.17839703950253522,0.14769877809407658,0.21882279088919385,0.04667558465749701,0.25922503847599915,0.08171488092750984,0.00817474966516492,0.05485927185616487,0.44396678782913307,-0.022361068719633777,0.060289143040806355,-0.12935177550000276,0.29254024090393094,0.3078786876039639,0.46808891849813594,-0.028102795733554807,0.27329692041842174,-0.00687033662445915,-0.3117294023751541,-0.29804288524244793,-0.0849174015632323,0.3363036438314109,0.1747653533642923,0.21558159931633314,0.13746948157807803,0.0162103195105898,0.7963046163510293,0.47398697042529475,0.6441333951717874,0.7840157393235884,0.6130388010362244,0.7242143821299977,0.8578197155580419,0.23066880225214936,0.13347648804573137,0.014796170451195684,0.3893103394852227,0.4079261957177361,0.5779342442187663,0.7260141004897369,0.48278931716695644,0.14694764030399382,0.6369356985130563,0.44388523544876235,0.6200348014913523,0.500711684945728,0.13165955904034335,0.5026033916360756,-0.14672555002677984,0.10953209845607946,-0.17042495978327563,0.19787727590277623,0.271980803966614,-0.05143553066914235,-0.08007300331538038,-0.21297258615935244,-0.04625854743763053,-0.225624869776735,-0.051533601813197674,-0.10151384566978301,-0.1548608478130287,-0.013914383431375828,0.04432030884427714,-0.056369130100705,-0.36553036569113906,0.07542162281990944,-0.017051943258622946,-0.035155444332939614,0.06895814913349953,-0.24026806078195287,-0.24995394656038694,-0.16236790818454538,-0.08586037204999858,0.14299857594401727,0.09315227491361291
0.24087358727943436,0.5653682747309852,0.34267874107191254,1.0,0.6680208643106934,0.4536821383162409,0.5040789829140574,0.6035346157828021,0.5395997631039907,0.4895434410215887,0.0832139460432373,0.37293998349550034,0.48302312978519546,0.5961420203335681,0.4527656668854256,0.4925805736908194,0.3665080628959755,0.18137651435425203,0.43917657843101365,0.2553589990571042,0.2716181875605468,0.12483827079659818,0.2749689829900892,-0.16782298252197453,-0.2687571280803698,0.006917101524015304,0.17440422639812458,-0.08880604488475465,0.11064769781240054,0.01849819853669567,-0.2372179160815177,0.020589026115939168,0.3288304025996025,0.15034029099905075,-0.14314336209223766,0.10281066088177625,-0.08789974843166871,0.22501051630017263,0.3178476203202951,0.45680693193405836,0.08844287322360901,0.20906043105793806,-0.12664758982099997,-0.26507694254956815,-0.14819557124581526,0.3578588101164775,0.012888372739263774,-0.06963912947992605,0.24413116845653202,0.32551182014276486,-0.2596774156547356,0.23177228247287276,0.13013109952030277,0.7885005867492552,0.3907308705584973,0.4017780485333421,0.43560045030431,0.5423098632991866,0.11990567628799235,0.43165451951296346,0.321603534907162,0.6208961839329376,0.6431070220758746,0.5767693044513112,0.5376009596229382,0.3725881289097225,0.16995085055440667,0.47551604892964494,0.16702661082802422,0.21703491827145766,0.3328455405763885,-0.22944438799784211,0.12190104598739131,-0.012644635402921454,0.1106539648511032,-0.16059415105594999,0.2138385466237988,0.11925102333226907,-0.14155386411717136,-0.3387273367031016,-0.20371928362613986,-0.14213453435519416,-0.14015999882921917,-0.08957509442170238,-0.02799003067533162,0.05221329328739431,-0.07926917903341209,-0.15182078125994997,0.07644516699182,-0.08665734624380578,-0.1246574571267067,-0.14500899013137752,0.0895699046410499,-0.15602179693260304,-0.16646298617697797,0.028750262941307107,0.2460417815255134,0.22412465269357373,0.2868654576352878,0.230438679368136
0.3268178369162458,0.802171376565753,0.739547194932543,0.6680208643106934,0.9999999999999997,0.8439715884334628,0.5887282110498832,0.8131307428267918,0.8063196248063327,0.42011876541538523,0.27507387761082414,0.44402776444063097,0.5975590649478146,0.7485756963100533,0.6160561396269698,0.5777192319503608,0.5171353174821581,0.5643996834331879,0.7027690887985906,0.5674638477295516,0.4866787382631344,0.47565978966873546,0.6314651016858871,-0.23894158191892614,-0.2489834415275078,0.06259983460559758,0.07156495178814204,0.16301775649482136,-0.011847576707395445,0.2255770531510715,0.10142226473049384,0.07297861016971784,0.13562869507566105,0.38941350390318885,-0.02219223592387823,0.16156740320085722,-0.04116427824559466,0.3388653972589841,0.34024541871006375,0.46110423089886815,0.21814151515773192,0.4116172244018477,0.02833278860063094,-0.2691098126227864,-0.3001790551446411,0.19712042821225406,0.3483983379170547,0.41837475648384537,0.522660602829876,0.4920591704732801,-0.07854286649153254,0.5991663508859639,0.29751000954004886,0.8462507928158606,0.883821846913866,0.6558088759854644,0.6091563217980727,0.8182334464301564,0.1563867725153979,0.1889952616204054,0.0883301021794946,0.5507054660215148,0.46006719200829266,0.6263169601592492,0.6924944260923807,0.5666248932968017,0.23823721741825596,0.6569764181044325,0.3062280647821526,0.44900951115404986,0.3864544495228845,-0.07200923063284685,0.465077559394177,-0.2511002551086352,-0.028598502287366694,-0.39214417880757957,0.1605802759563498,0.1410602397769432,0.024290355671795123,-0.25885426103097603,-0.4176168001710523,-0.029836327928678977,-0.2873557635912674,-0.09973200387230532,-0.26820537107845305,-0.15077714808921353,0.03456358644304583,0.14786846158295294,0.02618249153680142,-0.22914195727180126,0.10912334666307846,-0.10206790061219378,-0.08872106657108259,0.1532928380101129,-0.1752626061746173,-0.1416219672178001,-0.09000604008778873,0.20869836158678312,0.48760020060788084,0.4100555239429345
0.11774546969999497,0.6885828212124933,0.7916218537232822,0.4536821383162409,0.8439715884334628,1.0000000000000004,0.5205258555133464,0.7069206676471504,0.8998256489267805,0.3945868551953932,0.2771630745021288,0.46216033511968196,0.5513256443447369,0.7229639622117283,0.763173818266432,0.5180587293646722,0.4385199935226673,0.5877180804973989,0.6026724150461904,0.696550286861893,0.6828680166092143,0.44999152738698955,0.6241779634928739,-0.07905062393594453,-0.1560985707458069,0.210177636514795,0.1254351700769213,0.4702334075446695,0.17640745813979877,0.4394694297036516,0.1165774382432571,0.08479038862071014,-0.061555018312208276,0.4053042652591069,-0.020441361207905132,0.3191023952383291,0.09430654351108576,0.1975585075917788,0.19525681308587098,0.41214839830307737,0.18431419467086466,0.37795546177229666,0.1278062544223108,-0.186321753339302,-0.2608171059526505,0.10145891211611378,0.3121006224035503,0.3769213507220297,0.5328978344605353,0.47373829497736614,-0.07672051439855987,0.6075081935269203,0.26568792177999834,0.6679828923078889,0.9431237410071062,0.8913062357806611,0.507044179040023,0.8201724420971894,0.41768097360203876,0.25046997665536924,0.19643632547151288,0.5605093587210861,0.5175337392356376,0.5920201715596047,0.7172002215853718,0.7136052477576655,0.30577109698762284,0.6461567834792514,0.375233040351971,0.5456238247514542,0.6168836742462713,0.09769241222777794,0.5761730943003712,-0.21724049886357324,0.1502489363286846,-0.1844005740749362,0.39040875733698194,0.45822055870764866,-0.035233512567503594,-0.12195180810820684,-0.24288223723978541,0.07075147138280447,-0.1922762211021932,-0.08178167741041792,-0.13422137288799685,-0.06759013449329832,0.17817090833451188,0.34854650155078043,0.1751793748308399,-0.14659518632015167,0.08246326905249159,-0.11475091180766478,-0.07826473195562164,0.2614884897931344,-0.08524792835958515,-0.13346270904094393,-0.09803775146010855,0.1613127078271528,0.5344523463658356,0.3825440216256316
-0.015975399803168637,0.827782062768132,0.6110087986470165,0.5040789829140574,0.5887282110498832,0.5205258555133464,0.9999999999999998,0.7813698596158445,0.7098182006638164,0.6618011686805546,0.39972985815719847,0.7124714778299455,0.640729127041569,0.7729182620076844,0.5044759611522704,0.8898836641887742,0.7144090614598689,0.5366709893883863,0.7555777110274886,0.4079160940424114,0.6876919484005166,0.5842454021308505,0.5108681784094317,0.3494172316771564,0.14427105463747364,0.4811751349898336,0.20625754449515898,0.17684595963209818,0.19135622111020328,0.25633559847758763,-0.08192207149473246,0.2962457006715978,0.0485438906493698,0.448296396073307,-0.02298766236231137,-0.15271976905938361,-0.24078203697059225,0.510173636492003,0.5340012052047167,0.7936168257653387,0.18133300885153508,0.4845127853112149,0.18853098909790814,-0.4643145661891894,-0.47415726013025966,-0.234796935188431,0.3988357917914385,-0.020158150924238682,-0.08388682530308557,0.031101461699919987,0.04271863924128079,0.6035868244647694,0.6754007189536075,0.7075213772596121,0.4595724651820766,0.3339158325238893,0.725617520357527,0.7067307217364399,0.2971065682796558,0.16710493731536558,0.3101650648042445,0.5069322473056432,0.5927025711680418,0.6655981806646076,0.800863893241865,0.3668154635484284,0.3015235620974997,0.795803607111802,0.5913738199306895,0.5072339489425483,0.5936392435228022,0.22322126873311274,0.5006236925777733,0.035505731599045603,0.46366055164264514,-0.03927335637807238,0.35066481627359564,0.2976103971172902,-0.3128896725008347,-0.15387956491047677,-0.0020025870607003693,-0.2482189114550756,-0.37067587572829147,-0.3212750562813223,-0.16253654187915573,-0.26553962608066245,-0.12016437730927997,-0.20283573928182808,-0.1524487990970844,-0.3845451669313893,-0.14842184682900728,0.1508767536573667,0.26397085741591997,0.06406559147692664,-0.2417225816015554,-0.5064163709023441,-0.43025595357629864,-0.11201677706854195,0.046144413419899485,-0.014938565943174834
0.12571700721161225,0.9209828639954901,0.8079345107209839,0.6035346157828021,0.8131307428267918,0.7069206676471504,0.7813698596158445,0.9999999999999997,0.8592459895341259,0.4103615079070945,0.25879988015404737,0.5337803745397465,0.5213370370102177,0.7712873969753904,0.518100026259813,0.7612642431964817,0.6210450027008018,0.6876163718221596,0.8207403220082244,0.5046826036769823,0.6290538502842938,0.5133634080009415,0.5969871579118456,-0.04730647340662992,-0.17032799364541787,0.16487470471448287,0.07190667185252154,0.06659639047074138,-0.07427369202453964,0.21648142711292143,0.1093225017765813,0.19227299849119028,0.028726679241384695,0.4680011881233771,0.06542915149345534,-0.0035307861552584473,-0.23269420465344398,0.45570719632676704,0.416388881878989,0.5957271783238666,0.09205277320721417,0.46289566553983996,0.1829055448022361,-0.3166071823549916,-0.28916809729108306,-0.012414441509927992,0.35973612344865197,0.20857539140107295,0.21987599450419398,0.21180522422954462,0.03326527235547513,0.807763051780729,0.5540665181251919,0.8207518424287014,0.7268492715106674,0.4894180762847495,0.8792706037570854,0.9392719407329646,0.22274044649423094,0.13507007968857274,0.1259375178954614,0.4326336786080292,0.4424903054575974,0.6448897364927716,0.7796625019568241,0.4450059329754649,0.17735092230980187,0.7381428199910387,0.5434201925635993,0.6113459987690546,0.4782120489628143,0.07437910903415057,0.5489702977615432,-0.1905892869600114,0.1127468133654881,-0.31035303024138694,0.13788376596356108,0.1426704847261233,0.03418241117115383,-0.1337790242731325,-0.2993894533918718,-0.17918114559499157,-0.18813394262435446,-0.05534764069354391,-0.3086392820338842,-0.2884404888413616,-0.1242441828722045,-0.11574563692699844,-0.1307261986413051,-0.43544486235702334,0.09672966036475271,0.05113514883913828,0.10936956870606147,0.11052279621107157,-0.18680959255635998,-0.2192574973178378,-0.2505610120216811,-0.01836593256282072,0.24764623320044094,0.1415559508539754
-0.03506624118610964,0.7974207796943775,0.8617374705742187,0.5395997631039907,0.8063196248063327,0.8998256489267805,0.7098182006638164,0.8592459895341259,1.0,0.4321956435990967,0.27712993143222137,0.5255750777854304,0.548095497869038,0.7840757086127758,0.6899676167596739,0.6654645212360086,0.49698686018502225,0.6184897639774797,0.674122479382403,0.5953663664515887,0.7114217222151756,0.4619579326338594,0.5856562465862026,0.02733707803134584,-0.07473327793302005,0.28269871279298514,0.14353610694824373,0.2845941575371541,0.14853807970678598,0.35534013365343775,0.06937011715954537,0.10253552509446227,-0.05940876202115408,0.4830531588237578,0.028130680539003267,0.18672484208692328,-0.05087561641010308,0.2992981418484461,0.3124120493483346,0.5460877198958201,0.13352924600814045,0.3458445030065769,0.15885009892612534,-0.2410381470683959,-0.23218480492512725,0.03084246745153712,0.3124003361431105,0.15140402057099892,0.27849894327804364,0.26447276246087,-0.10182426400077597,0.7287291665930679,0.3905231316722976,0.7292332781486348,0.8488161013898224,0.7940813413156684,0.7148900771643234,0.948357700317277,0.4197998449581519,0.25324127721320366,0.24941866143310892,0.5569957351451544,0.6106437101229766,0.6784237922631365,0.8320224396107644,0.6341390608969382,0.289162598359535,0.7211732258369674,0.5200261332810384,0.6481134161782232,0.6557665125241715,0.1349208087191909,0.5833140599645718,-0.07049502061517533,0.27514357355957964,-0.10678891387858895,0.3893109970208197,0.40716168694232846,-0.08119211207295311,-0.13828253394182743,-0.10572626886679357,-0.01306361988179586,-0.12198065475330351,-0.022579493907049282,-0.11659887009146072,-0.08044866539963921,0.034524103184348905,0.09331319599823826,0.06816941997733555,-0.230366304019882,0.009293647410591554,-0.03536202646325704,0.10982925828145117,0.10054769627155695,-0.15939838706705678,-0.18080308994087546,-0.09644870348699275,0.007451169461644764,0.3120594849295106,0.16506329472799786
0.22729732050697776,0.5330639948373473,0.3003102591593841,0.4895434410215887,0.42011876541538523,0.3945868551953932,0.6618011686805546,0.4103615079070945,0.4321956435990967,0.9999999999999994,0.523078176070139,0.7784724761736967,0.6757646778099419,0.6663917616067246,0.4496778800593372,0.7448063589764387,0.7346143207039968,0.28335231823990303,0.5392507367900278,0.40505204772692144,0.5862533012939614,0.3982556374178714,0.3655387089081195,0.443559786638426,0.2734424658058356,0.5200029834212321,0.45060816957163946,0.44625119531365426,0.4758209926211488,0.16252699200929158,-0.32304818051880657,0.11397168928486878,0.3391148378173148,0.37590716182584416,-0.08312571257828404,0.0561542329442426,0.0738980017372129,0.2559356134523382,0.42123770984807574,0.6302354726688453,0.2931743927348518,0.21714258581142543,0.07697220122289139,-0.24563704413234833,-0.35922922291871684,0.00566074675422822,0.27161159516020617,-0.058351927264340846,0.07741088199273943,0.10624111752628208,0.03506879741550183,0.26583902907716406,0.4179642045307153,0.5848632566381302,0.2642441578679988,0.2919661960800791,0.26806139589884287,0.3419815414910458,0.3720079906370189,0.29908459709468677,0.3450366504279844,0.45757859273646084,0.4851782168845454,0.4481226866927264,0.5469025176279277,0.24645607178306606,0.141498406443728,0.5533839043638488,0.42689050181482785,0.2992380613450898,0.5500429571482254,-0.023976750010977783,0.2291788355188729,-0.013161572057450402,0.478187393344772,0.1346305661000849,0.49069247859079496,0.41209699385652904,-0.4139902720360043,-0.19950760186832614,0.14863463826467427,-0.09563051048680575,-0.291616516368145,-0.3177788769328975,0.11889681131207663,-0.17580622456803754,0.09637534176994467,0.03693095053890719,0.07323100785071913,-0.19295123942370349,-0.24171964505446675,-0.1323102447586436,0.014631559199016365,0.020108412771461002,-0.3846608104867136,-0.22889876080220112,-0.16702314265640375,-0.0761853622935065,0.16866370551568885,0.08713104976939165
0.21260380236446538,0.42150411411921973,0.4190707366492226,0.0832139460432373,0.27507387761082414,0.2771630745021288,0.39972985815719847,0.25879988015404737,0.27712993143222137,0.523078176070139,1.0,0.6428973184955927,0.5019423519508995,0.42428846501866646,0.37941510441616444,0.45680154411381085,0.490967064426489,0.23061784907181304,0.4403089896965338,0.3974841721567869,0.47282211813384273,0.28892700489967754,0.34251872771885167,0.352663916988798,0.3440565022686621,0.4431143838364145,0.6204074336751431,0.5405593692824404,0.5018089298394359,0.17848172414180763,-0.20970162172203485,-0.02516609650264014,0.3347799924080465,0.36756954276758014,-0.21338451888916388,0.19463965725773907,0.26829694698412276,0.06108579182555885,0.17880697754713124,0.38058898515819845,0.23715786239031186,0.25767700060028353,-0.2920526589526308,-0.2297825077897908,-0.47341024553502786,0.030211307758582155,0.33755138175300925,0.14633735800005082,0.1230213588401224,0.1490921810503215,0.11265909115733179,0.30766933756386483,0.3678925520306663,0.4090625616957081,0.2730789415846363,0.21790346934704996,0.19516396894332355,0.2175813606579802,0.24213684843999375,0.2760146413691427,-0.032120954644174034,0.26004665610375277,0.2691605392715999,0.2600092318876271,0.41244613572157196,0.18593686286264047,0.040603836451836656,0.41323509165687977,0.20188817165027229,0.32725503871217426,0.3395141775667968,0.10197386265449708,0.25859002944782805,0.048483416496781964,0.22174440742967755,0.10932842579982706,0.41110235038790705,0.335887669720584,-0.2931179424741533,-0.118873719073237,0.0886253958743606,0.1902898764162291,-0.48401861693996223,-0.33083245195106126,0.24616564647770983,0.03120342573061711,0.3032384794267646,0.3119153276986204,0.196786155971234,-0.026030459998755237,0.023149375070364738,-0.019739395614096777,-0.24890647603390004,0.06440362494618604,-0.2166414849539434,-0.24285724038890305,-0.1244985684424583,0.10006605808568396,-0.021380283880298778,0.23991470686688635
0.04038311224467092,0.6331050870061008,0.45400416655541076,0.37293998349550034,0.44402776444063097,0.46216033511968196,0.7124714778299455,0.5337803745397465,0.5255750777854304,0.7784724761736967,0.6428973184955927,0.9999999999999998,0.6717427173527459,0.722029254776538,0.5218884575921452,0.7524182146482719,0.7810585495848663,0.4052840743079315,0.6488732290533569,0.4399012289505407,0.6799326804082237,0.4776998004581786,0.4172360998140365,0.5885505246106669,0.15705138294256438,0.642465654737217,0.486631179727163,0.49207508931423743,0.47174364693113935,0.3184272102043367,-0.17966818887762043,0.056750471716436934,0.1800564866554678,0.5016782500204237,-0.006029722718333922,0.06884772088608535,0.11408535212906035,0.24800980234011422,0.34735697981066027,0.6859461309296556,0.233067977193712,0.3467240046053631,0.17017430888830004,-0.3844913192556616,-0.47553299570325486,-0.16703115502388322,0.4035813736271507,-0.08821966989972213,-0.040685052185941456,0.0418630631512575,-0.03422311736772631,0.41761639092428277,0.4976984044196218,0.590319425350681,0.3722794004072771,0.3136740088885424,0.41400188278006655,0.46832251278209147,0.3798430589906923,0.31448477303232625,0.3262965567122088,0.42006423435395496,0.5014868433218248,0.44466951905005275,0.6489411905906352,0.2655401959171142,0.10547135125218524,0.6464437186864365,0.6031847184639522,0.45938180208543977,0.6384242564051142,0.20716682293012462,0.35138248114790394,0.008173708411038903,0.5241141006940824,0.12882296381968522,0.5598024192694219,0.6085786203429051,-0.34922486540334485,-0.08172741220870411,0.219550668399438,-0.04431563328956764,-0.35934332303830274,-0.3389759373342918,0.12928871195546032,-0.09996749928424359,0.10201253403919149,0.058728279802104856,0.08005062165664996,-0.1932598887575418,-0.17362120370779352,-0.1103929905854569,0.07245432736109995,0.027596182816531832,-0.268427144058425,-0.39123190500260735,-0.3018935127480941,-0.09844335385378152,0.027794588204639755,0.07943904391511104
0.2776511024833061,0.6398130789345291,0.45153676620182365,0.48302312978519546,0.5975590649478146,0.5513256443447369,0.640729127041569,0.5213370370102177,0.548095497869038,0.6757646778099419,0.5019423519508995,0.6717427173527459,0.9999999999999999,0.8442392693980966,0.748207785642125,0.5746052158172311,0.7975973401628612,0.3944363024549284,0.6708555927542138,0.5604835796653148,0.6663057617469555,0.6436936116018692,0.6693537498884561,0.27176546942899754,0.05674886906893367,0.4713739530989743,0.41530005540244574,0.46907808537611695,0.43280764330991556,0.3707145985370096,-0.17896733303421514,-0.04681266100906963,0.21336174978813466,0.4724876273430524,-0.0252402549023236,0.15496938023115717,0.06529907468618412,0.15906932511737054,0.3425560092542914,0.5683391474882773,0.30418343999473396,0.4687505136213819,-0.052260342109294367,-0.3962978991454963,-0.5030420646284272,-0.016568877908155404,0.5090715285089754,0.2509364503370045,0.23815197277643835,0.28767325108277897,-0.04254762523534715,0.39190397665001514,0.3624873657992487,0.6696498063429149,0.5140402153340147,0.4013336647087343,0.3469785009226764,0.48254320901540154,0.15333424089550626,0.08460721141448699,0.08897761445564241,0.7791138428168746,0.644119374555332,0.6459105847251394,0.6846239877167704,0.5561979722936543,0.15997796431078348,0.6955757391942351,0.30718586936228487,0.3810495017193783,0.5520438166958371,0.11523901322219954,0.5296080059559621,-0.1773591896132747,0.2654608928707371,-0.20286417427516076,0.49815720528505736,0.3736525330651298,-0.3114240931790484,-0.4681372316451904,-0.04793098270242057,-0.08711169034331097,-0.49504078013468206,-0.39482200595015476,-0.048240371389231824,-0.07421465551407894,0.15640662731980515,0.17028398267352676,0.12169953346617479,-0.21588621719957266,-0.10854491337611706,-0.15867162138979096,-0.14859452119843933,-0.06039477297755052,-0.19890942613369855,-0.38226281234753107,-0.23602162454895959,0.21320356677505964,0.22138921189115865,0.2713737202805744
0.19955913149162602,0.8283705993267473,0.6825858373150518,0.5961420203335681,0.7485756963100533,0.7229639622117283,0.7729182620076844,0.7712873969753904,0.7840757086127758,0.6663917616067246,0.42428846501866646,0.722029254776538,0.8442392693980966,1.0000000000000004,0.7987651446976987,0.7490505713936332,0.8010937685046827,0.5849544716977659,0.8565300625697391,0.6008524632024789,0.7805708811036899,0.6520047707289875,0.7121788485074896,0.14711663920921023,-0.03237361567766865,0.34442067355531736,0.3554538236124825,0.30493618799023303,0.26164302819146334,0.3996173072811227,-0.09256466634640989,0.07143389550919901,0.17118184392915364,0.5261042036311799,0.00047956499097759754,0.12058394142494393,-0.06483561914981635,0.32842011126079157,0.4429393699309979,0.6896334065388767,0.2849018784890673,0.4724738895841432,0.07781573042085502,-0.4229144772525135,-0.47531075494263486,-0.05008231773588812,0.5102419217282211,0.2101218289341489,0.2535966642720942,0.3182476158710181,-0.02386135141597397,0.6290567906136219,0.4916519006525261,0.7911939795268939,0.6840494427279203,0.5414137164704189,0.655239391663984,0.7482076288204328,0.2897145377907062,0.2216293516012058,0.12435431490396937,0.6959095591793802,0.6506288001124412,0.7685078503776469,0.8685720360260505,0.6229112523638124,0.23000834821810778,0.8473486300940771,0.5171454428219868,0.5411935896203982,0.6483240238059946,0.11451525582190573,0.5917032156411791,-0.1606858957676707,0.2857188222285366,-0.2359568962743173,0.3927794860411314,0.3523072896024642,-0.1912558940001039,-0.325356164288778,-0.16385027413976572,-0.11580840996010604,-0.3947461888559925,-0.2974689972654814,-0.17853817958824209,-0.21064437438208794,0.03679710985219999,-0.010494509499182732,0.03817345125501137,-0.3112016685714375,-0.043094957116542,-0.05428683348097245,0.013970681897243774,0.05055021705108827,-0.2853683690250257,-0.35187507281605035,-0.28065290127575915,0.06947337912943743,0.27371595367395596,0.23209105632721944
0.11490739665263795,0.5794506001410427,0.5543255399532295,0.4527656668854256,0.6160561396269698,0.763173818266432,0.5044759611522704,0.518100026259813,0.6899676167596739,0.4496778800593372,0.37941510441616444,0.5218884575921452,0.748207785642125,0.7987651446976987,0.9999999999999999,0.4567087165471462,0.4997347804608995,0.43604484198533033,0.5499436081566667,0.6397015110927182,0.7345089875821997,0.4638491634969479,0.6098329805954928,0.08083181638517793,-0.14297939275047453,0.22076384827384984,0.2577529905383354,0.5020295743223647,0.3922171643076916,0.47131982488288315,0.012115395192903675,0.06754771975633674,-0.013170493774487368,0.3623536104095939,-0.10554912472735604,0.34626719766582686,0.15110392852905827,0.11869745505451568,0.1810073690134645,0.4448010218602607,0.36060191608083025,0.4308610250681829,0.01845739044329737,-0.34842219709562,-0.3897338963280604,0.05834024870323349,0.4049618816451871,0.29254111830778723,0.3802203043891373,0.5017992448100494,-0.06968219582672948,0.47797842851611155,0.2918560577793893,0.6162593001559812,0.6956587403697814,0.6805910129260655,0.39756082675858323,0.5964477934363329,0.43713294545215975,0.3316623335610962,0.2470527550136975,0.7898188074850558,0.7145645744070699,0.6764703809228169,0.7651671592795292,0.902906278720096,0.3334586989521942,0.6983845026459008,0.3251960422347804,0.43147555099821944,0.6795212860245755,0.22231207124576619,0.5934322978895086,-0.10895215916631139,0.33640514015390455,-0.13965623282605294,0.5520380217698538,0.5456452190929367,-0.09308292221824986,-0.18063564532116846,-0.06878570372073675,0.06143038631469141,-0.3578167700559337,-0.27826794615240236,-0.11198370946290567,0.047350528374031996,0.24540512109738083,0.2563200435832966,0.22984690992160592,-0.0032210046039565236,0.04390679648659266,-0.07279844404225899,-0.07207679722756176,0.09217017668792069,-0.03266936907861394,-0.28942579664110485,-0.1265425370166095,0.25525483525031795,0.3983558088554282,0.3844498261738211
0.14804869641541854,0.820287352340529,0.614840360120386,0.4925805736908194,0.5777192319503608,0.5180587293646722,0.8898836641887742,0.7612642431964817,0.6654645212360086,0.7448063589764387,0.45680154411381085,0.7524182146482719,0.5746052158172311,0.7490505713936332,0.4567087165471462,0.9999999999999991,0.7553982130234612,0.5937321886540147,0.7868842651589377,0.5156280913491771,0.7099188786042878,0.5512910657066409,0.4987239868625044,0.32394939634561287,0.06715429574428275,0.38405467459066683,0.3179166873972068,0.2282844977695131,0.21163895179088354,0.15234333648848739,-0.0780222235471435,0.29920230471631903,0.2850907137510521,0.5505121771056021,-0.034632336548972284,-0.0685484197924972,-0.151489780313878,0.4895425262715782,0.5262660569303718,0.762214945195849,0.21846271227227537,0.41839431701267904,0.13877027769927974,-0.49117251669148904,-0.4783052626018618,-0.20058244652674528,0.32558755298335523,-0.006115071114119344,-0.01360147538707551,0.06535245178157226,0.19796008430069756,0.6056692624567936,0.7297867032214389,0.7103504370525321,0.4443381502652925,0.3350696641138528,0.7025161696936851,0.671675564870964,0.30693201647676355,0.22302751982136698,0.2507883978534181,0.39772007765112777,0.4889731607797791,0.6120994333817856,0.7536126554734218,0.28015180903631626,0.2603618075096517,0.7909342300976946,0.6784479837838113,0.5961805881429019,0.6147647387006513,0.208907062715001,0.46886299280362786,0.0007775189578756038,0.38582202768495205,-0.056350409941876005,0.3047569352429221,0.2882723826277907,-0.273312304143734,-0.043770450218106126,-0.013651387872272961,-0.14382633300119196,-0.3395680249713675,-0.2829405873931446,-0.06062346290706186,-0.2963664600462713,-0.06932231677742033,-0.17594287316538781,-0.0834647584218553,-0.37010705908306385,-0.06701482701232878,0.07376243230521598,0.1717843356851708,0.10577260532340438,-0.3360887609645937,-0.4486123929235756,-0.374024814413408,-0.12932126619390533,0.11914042512690073,0.03570298026583923
0.24736268821323587,0.7176976064557242,0.4779827854746788,0.3665080628959755,0.5171353174821581,0.4385199935226673,0.7144090614598689,0.6210450027008018,0.49698686018502225,0.7346143207039968,0.490967064426489,0.7810585495848663,0.7975973401628612,0.8010937685046827,0.4997347804608995,0.7553982130234612,1.0000000000000004,0.5662540870597111,0.8312182038301458,0.4481980298453766,0.6935417522339395,0.7058475335889048,0.648799608000072,0.40542771474793565,0.17425250355485766,0.5087472042925911,0.3494340802230223,0.3822761996369088,0.2517477555174113,0.2626642701783829,-0.17838330719116338,0.0344971589514144,0.24469159781448865,0.5867802497556452,0.16795407626758804,-0.026544931858721393,-0.08118955676013336,0.2822989996927554,0.45973318620824505,0.6667791376006746,0.2285354861810577,0.39801484292654205,0.1769797665359567,-0.402231215471014,-0.4531338962612143,-0.19756212078456048,0.5333308040963404,0.1759478728011195,0.08931010122395787,0.08273209446035766,0.07672820877586953,0.46909644003673806,0.5158642552213099,0.6093144413938623,0.41326800026793253,0.2027436237934888,0.4615904714711847,0.4803171591081034,0.13241882965851287,-0.031125668789550028,0.0023285766554280384,0.4189961336611064,0.35301630075776114,0.4856355821715148,0.6075537897239787,0.23505246524900483,-0.08849529218171114,0.6749897030207628,0.4829374827023696,0.43910784854405216,0.42301185926308366,0.10355230840392173,0.4809183287065253,-0.327860819253397,0.28924528646825015,-0.1630731311626133,0.3034472316595497,0.2973413070368644,-0.33311625023694597,-0.3100108177375372,-0.04967629407206517,-0.2854437353109923,-0.4157044113203111,-0.32050683003830693,-0.130861933953969,-0.4208682847678543,-0.020086774314038543,-0.02920067710481388,-0.13717185611842042,-0.5283466121995528,-0.09614996191558063,-0.07631267123649409,-0.12045236415993316,-0.02497547591814632,-0.2843493172413334,-0.4079084588431748,-0.44758325826739076,-0.07534845665001459,0.0883115169321508,0.06425483672611898
0.2510019399658419,0.631829894530772,0.5592576001041242,0.18137651435425203,0.5643996834331879,0.5877180804973989,0.5366709893883863,0.6876163718221596,0.6184897639774797,0.28335231823990303,0.23061784907181304,0.4052840743079315,0.3944363024549284,0.5849544716977659,0.43604484198533033,0.5937321886540147,0.5662540870597111,0.9999999999999997,0.7638153848400867,0.688444852721756,0.6789749858409428,0.4909585208381398,0.7827397585294998,-0.020623201579492392,-0.028109337948553297,0.1383796957259027,-0.0015483284613610644,0.23793544877714068,-0.03999617061173063,0.19246602471646493,0.09918785562606697,0.31543242337803745,0.01278548379817095,0.6908369164658256,0.30116130365111554,0.24142750335582006,0.0168147780107363,0.22698569269921506,0.13396870033672664,0.38086118629662685,0.1918882039099371,0.41577597045657294,0.2583520326368148,-0.333994298097074,-0.2743647229115772,-0.13718139572811236,0.3769410152476613,0.40707757160864505,0.33404890060502984,0.24000869274064335,0.08090097901223604,0.5465005374126849,0.3887285648848217,0.4724263798424133,0.6408342722993811,0.47759463323439166,0.5463179191331142,0.6521082907256177,0.1414066640281396,-0.09260738152210654,-0.06064617941252665,0.2209416689775122,0.19468539011850558,0.339214270611054,0.6086937871475605,0.3066865627002008,0.11276313057468448,0.5955973587217004,0.5288932376352989,0.7550631979606196,0.32915182540494997,0.20195573945050646,0.7436080198203868,-0.36607737255771466,0.01237098960908572,-0.3430102687600241,0.08535766297991511,0.09504857891889737,-0.07548808834085946,-0.15544782232762136,-0.20074624289797166,0.057427146109198954,-0.23821276012992254,0.03267768258996535,-0.23850766965044784,-0.3458104322809501,0.10195380646221833,0.09863601572307695,0.014483697728573072,-0.4544269128522528,0.22075089534101217,0.004105391247588148,-0.056085152012492805,0.18518195977786397,-0.13514864993909306,-0.34673566373812376,-0.41841254826723434,0.07214103969426902,0.3164832590595351,0.1669791991006748
0.276369699669057,0.8737110142087063,0.6537542804562642,0.43917657843101365,0.7027690887985906,0.6026724150461904,0.7555777110274886,0.8207403220082244,0.674122479382403,0.5392507367900278,0.4403089896965338,0.6488732290533569,0.6708555927542138,0.8565300625697391,0.5499436081566667,0.7868842651589377,0.8312182038301458,0.7638153848400867,1.0000000000000007,0.5827259193744843,0.7271417886903248,0.6654060252532984,0.7698785292842537,0.06588393611783729,0.007872925993652606,0.2577038029271777,0.29881327088998044,0.2100731900206744,0.016238459052816442,0.31744744132389713,0.03443855461395164,0.19351608146503535,0.18994928928606192,0.5964271695856321,0.08061950925145703,0.04641224066718415,-0.1696748061809038,0.3962488045068575,0.4271813053827516,0.6612977735675108,0.23987009722267588,0.5639337089702696,0.12922816271573073,-0.4147214181659742,-0.5040997221331598,-0.10072025747366052,0.5374107050545881,0.3593804881987804,0.28771005632786173,0.292580652110023,0.11881699601555647,0.6564248496345712,0.5965998910942722,0.7293408395132146,0.6398577092271852,0.3859572154346382,0.7232066597443576,0.7228184553315128,0.14766835332736766,0.07077343400155538,-0.07259554173420191,0.4045796970053829,0.34806514600400973,0.59611945344114,0.7616774508980609,0.36788218830000524,0.08987031683378259,0.8026669065600994,0.533354820745661,0.5857022628584543,0.4248519936959366,0.10654537995952258,0.6169605365250578,-0.33396307357706906,0.06557188085188206,-0.3688118138107283,0.09796329504810626,0.10806791467289185,-0.09968699833732103,-0.23045394026259391,-0.3482512098404863,-0.15336597666812082,-0.4410002181449879,-0.2536578814393236,-0.3004544864123563,-0.43452346406224285,-0.06617172764173723,-0.06327138658616525,-0.09733680846692437,-0.503255736167917,0.12936055906466787,0.0721961281513882,-0.05955950308038376,0.21352787597083817,-0.2566531703888647,-0.35555935281938017,-0.44509034291381333,0.06282107413757691,0.27237570386526455,0.24441467034975434
0.38448180091324025,0.5716676926012428,0.5003168927541819,0.2553589990571042,0.5674638477295516,0.696550286861893,0.4079160940424114,0.5046826036769823,0.5953663664515887,0.40505204772692144,0.3974841721567869,0.4399012289505407,0.5604835796653148,0.6008524632024789,0.6397015110927182,0.5156280913491771,0.4481980298453766,0.688444852721756,0.5827259193744843,1.0000000000000002,0.6789681820482545,0.35301703669407614,0.610167416387992,-0.009533317259112937,-0.11820068337488321,0.1263172830850935,0.3256191925795502,0.5760356963442904,0.37436796623896623,0.22854121692275908,0.06284864513487137,0.13550865300091625,0.18882353479071054,0.5785792793484027,-0.0832335924437785,0.6057423045760596,0.39506546938135706,0.10710454898203722,0.02588058026654259,0.28940091372264526,0.34970816162976365,0.4715756626369761,-0.07556565041013581,-0.3440597234854367,-0.4392478544898004,0.004203976544006176,0.25167374017715866,0.4706246336833628,0.5902953388895754,0.5437280455519138,0.22408574954062208,0.4960834897963221,0.43602987974573554,0.5856203596168974,0.6607786774655758,0.696435111186943,0.3561850717933224,0.5497767124639795,0.2929514280545742,0.0687428362141174,0.007087178530462678,0.47896372904358736,0.34167835593053064,0.4614576271336971,0.6184869686306071,0.48102094256076094,0.4392824715794182,0.5926901840470628,0.42012342425378,0.7135230211141104,0.6417085225350833,0.13817965604797505,0.6936471855051687,-0.09294250761352796,0.008245338641491634,-0.35451315383909726,0.38593577075187724,0.2994124676528087,-0.09739629181831325,-0.1019494119178349,-0.1368574995807629,0.3486946301468913,-0.4096695374487424,-0.21443328020003974,0.021254189418798374,-0.008969270137474079,0.494901004060054,0.37773084191503126,0.5250358486398325,-0.02633191257632867,0.28630568391729533,-0.1211907187841657,-0.15281729484135717,0.2959014692407774,-0.13142690553523606,-0.27338588127760494,-0.23238833644389098,0.3956962695352099,0.6188609414965133,0.5409707438078999
