0,1,2,3,4,5,6,7,8,9,10,11,12,13,14,15,16,17,18,19,20,21,22,23,24,25,26,27,28,29,30,31,32,33,34,35,36,37,38,39,40,41,42,43,44,45,46,47,48,49,50,51,52,53,54,55,56,57,58,59,60,61,62,63,64,65,66,67,68,69,70,71,72,73,74,75,76,77,78,79,80,81,82,83,84,85,86,87,88,89,90,91,92,93,94,95,96,97,98,99
1.0000000000000004,0.08348480030715118,0.31574001325396545,0.23554423071801947,0.3448232003559869,0.3627722360134888,0.18333522343444905,0.08065975063917209,0.22493285920929143,0.4069210837544757,-0.332540135745831,0.24084406494984836,0.03940749781303382,0.15188228308925245,0.11747236196613854,0.2814432132195911,0.1727568566355596,0.19504682381028987,0.10605161567471653,0.23287145898336592,0.11775091304579188,0.08336905298008909,0.05832999313546653,0.36666202173361945,0.1331608077324882,-0.07478747816976204,0.061403161331710955,0.32148215480217596,0.24775963268549966,0.11026282507855477,0.2939282756155576,0.29061638932794814,0.5926105332450513,0.14488576487604052,0.06369911611729556,0.25928357738384766,0.14749587374352024,0.482377317280724,0.12984706897395606,0.13028752838107616,0.2558368315798592,-0.09153837533805492,0.09560501787051404,0.017967264286424436,0.11893050171099676,-0.024343729811455397,0.1048744181430416,0.0275814445386396,0.5031188830904421,0.2421728052123066,0.44593047619809645,0.1914325685447833,0.010228113202634117,0.14912538717837845,0.4135320913291402,0.425220235658733,-0.052045540218839795,0.20725674933972416,-0.09017857454194395,-0.15397922555906346,-0.11005605649205745,-0.23354841225140124,0.05207361150435621,-0.046520415906903534,0.048537492969461755,-0.08518124404096293,0.1063668859512026,-0.02089138592296033,0.0709496305633323,0.05899131559972269,-0.052995426233822814,-0.1812307061517088,-0.1837768859113692,0.027161702796831534,-0.03688313234847723,-0.304660078154163,0.007471668970332501,-0.06968701656734305,0.3283701283328996,0.15728056534627147,-0.23023838834185564,0.027053462295889327,0.10533384478880647,-0.1588820280205194,-0.06155827817840666,-0.1207575101791149,0.1155719406287349,0.03939758027066977,0.3129929030536171,-0.04959239631302467,0.055793833217191245,-0.05136219772486857,-0.10874213006956458,-0.1373087449939035,-0.2901056639628011,0.043894154590812993,-0.02023091319634097,0.014760602752002413,0.5556723137653848,0.3494450401444344
0.08348480030715118,1.0000000000000002,0.5023346816708195,0.7913698863157146,0.5344234295236201,0.2569409348762625,0.6924996942909073,0.7642212981239138,0.29763523072783804,0.05879991300465582,-0.11250431479718179,-0.0010033708131411204,0.23580878637989305,0.1231540114645923,0.030753241632850686,0.6745984799773366,0.2675287304214203,0.5163371063677246,0.11271355282075993,0.3876185698859663,0.09288485875283174,0.19926578793005495,0.2342696801493861,0.10128462370780217,-0.33679804443453015,-0.016301182232660128,0.06832537994090555,0.001575392298585006,0.1798976642250565,0.02547101467855985,-0.07298077403272264,-0.11723950109637257,0.15739755745087874,0.2184127695203973,0.249927654407609,0.28718214961535904,0.1320347697307515,0.16261625810302852,0.17871703174180145,0.3150548324699992,0.09264498023191194,-0.09819648748995836,0.12406134792517565,-0.07968449449283169,0.0850469398896481,-0.01976504705332266,0.16614488377029035,0.13518589293933783,0.10283584969410199,0.023248549898913885,0.17022028790393962,0.8303202460240469,0.5976560036938621,0.48265374452265036,0.4602435942710096,0.3886424881203054,0.7372627031687563,0.5243931702093205,-0.11345739290410084,-0.15096128608771783,-0.17922074071451427,-0.07971500159522407,0.09377281614203944,0.18445501410377663,0.2761327449200064,0.03507535343391578,0.45750950907929533,0.19984943543252778,0.2998325494045789,0.4901527169379653,0.30351942904459417,0.12430286720940578,0.10458048464580719,0.2506114656694279,-0.06722568873006032,-0.0059394741203174116,0.059266891872547696,0.09445081019609068,-0.08458232798783001,-0.13600995620304807,-0.03640629522914947,0.030198382812572155,0.08759909857589082,0.09455308420759077,0.1648900692444344,0.15382469580329924,0.2520421354298585,0.06143321859828572,0.3669466349066084,-0.1441622452033971,-0.0444674650456496,0.0520598875299773,0.1332768659738634,-0.2621285317790362,-0.16937673811829174,-0.10260061986365415,0.04337062242034316,0.10169933026769222,0.28814007096632416,0.023434198594621713
0.31574001325396545,0.5023346816708195,1.0000000000000002,0.33767517981981915,0.3521878359613773,0.6602570300250017,0.40641689727517477,0.6221611986188547,0.5458373849300823,0.26066012878114964,-0.016585776825425398,0.2570170364632051,0.129335057124572,0.18245439243228848,0.03674039171161142,0.3345095334768918,0.2622156422617655,0.40833352440798915,0.22854349497762783,0.2651600617916647,0.09582707801973442,0.04599079945893467,0.16432358425823293,0.2680945178524845,0.0646713895880683,-0.07944857454299874,-0.0038691526881476372,0.010457446086019076,0.254891893714959,0.08180464181972393,-0.11371715722157245,-0.09445537509412653,0.1446941616177156,0.014731129375262025,-0.01933208319626,0.2820655477068469,0.06787538120606017,0.08487596980245549,0.10177938716101984,0.2709035660607439,0.04617334944561246,-0.24585483995898438,0.0016450625556676272,-0.05590693360954273,-0.01247831138542947,-0.08767364324914863,-0.00434584881929293,-0.03711623417009288,0.39905140721677385,0.001019009116294385,0.1560497016030711,0.5492487993363342,0.08692692078470797,-0.013237088920666365,0.5435550070738839,0.771909642559145,0.4055804650452344,0.6953197221556608,-0.012782823587276674,0.20785694048681652,0.016987321044562426,-0.21941249754741446,0.06545177981548815,0.08284348232311324,0.22739689632658036,-0.08483573999175749,0.21456932095692258,0.16235219608722998,0.0853082383849379,0.32129086798905837,0.18762389186892556,-0.08040800484153282,-0.019638727607236436,0.12713957011323124,0.15050017745079947,0.039991800853752195,0.10601453329641802,0.15455459715038747,-0.05721197600554759,-0.18355560230021314,-0.1568478061854891,-0.08675233767681068,-0.13690522090118967,-0.18460181406833168,-0.06879429562921704,-0.1283189722616196,0.21137677628617632,0.06024061778186895,0.29593880677872314,-0.06325621224648822,-0.2626568671862937,-0.15380642556084534,-0.15753200157507194,-0.07937915679851405,-0.22658499092360704,-0.0908088958345668,-0.067161172857753,-0.0038172673326861447,0.515053516319349,0.16714134155228877
0.23554423071801947,0.7913698863157146,0.33767517981981915,1.0,0.5203852314982009,0.131023681013449,0.7063394271435924,0.696170007376997,0.19278466670141156,0.2348471080203445,-0.15530773872889486,0.04974644182077638,0.3056117225026445,0.08363182462882396,-0.04292475318952716,0.6542954361217468,0.20616487217726745,0.4623706967596978,0.11119440368076235,0.1358135940349025,0.039567243143170304,0.0611268917270325,0.16313648994169444,0.26367183849726067,-0.239075183338896,-0.000945367796184271,0.07865817854348098,0.03459130205260081,0.03819530160018906,0.038377739571413265,-0.035963074223805604,-0.16042657168620125,0.27874943557051757,0.16434165199131082,0.1985250545744622,0.13976874780873866,0.01984781722234992,0.17075326220119014,0.05350595396698971,0.2130889631448856,0.08482318550191356,-0.0982942756389821,0.029134831358531316,-0.09488628284542396,0.02319617961447083,-0.08571256543871691,0.14813142900431042,0.05656916163216683,-0.016540027077332556,-0.053230932529404966,0.007839021932334933,0.6552688641824247,0.47622339736757907,0.5749903462442589,0.43058956955320743,0.24353177921684632,0.6813535956670165,0.5007912026919125,-0.2111500720172622,-0.1447682742734653,-0.24025421237392272,-0.18553596401311576,0.07375028613761667,0.06104549548685019,0.22176363393830548,-0.07051508253362564,0.192431324145705,0.055020931432604295,0.19253267032193772,0.41632326898551614,0.16120571075956233,-0.19375418333626684,0.0026358180131741244,0.06747205165002987,-0.18257347077454203,-0.1724986716988723,-0.15331953896262013,-0.07043736530725819,-0.0948716101539764,-0.22798316025667828,-0.20992488763198275,-0.10524171160584439,0.03645364533598013,-0.1320079895876346,0.038860808463161846,-0.059806615919671145,0.03953602256864523,-0.09574904481074453,0.15443720759835866,-0.2597963552945124,-0.2380844394423645,-0.16759255853683702,-0.05763276066965704,-0.34343435359525226,-0.4138475075990158,-0.09370738730119553,-0.07267361017703491,-0.0759985615201101,0.14234947013532492,-0.030412149557657996
0.3448232003559869,0.5344234295236201,0.3521878359613773,0.5203852314982009,0.9999999999999998,0.5019620552738154,0.3229182281532071,0.34989368248557956,0.4735471844704938,0.27392198889620756,0.033424868217272405,0.10925088591373042,0.16862569195195162,0.19172404661940318,0.22403078963933917,0.41159501662892367,0.33142785575650446,0.34807618015257835,0.09863352439579696,0.29676164360604274,0.2876519102006675,0.39299731860905557,0.4022370649245011,0.26607167893679434,0.0034673866582231316,0.11114902850092519,0.2139309071515029,0.2968187543857544,0.2082919817629986,0.23519058621934258,0.0960681211596101,0.03371520942500383,0.3060729787353922,0.2930639112696963,0.39061973441404807,0.2887033874374817,0.2873208251088821,0.16682215890658955,0.0878826737812607,0.4039313467499713,0.07588835819055051,0.21479234196189467,0.25284436523317344,0.047794458989905725,0.18246603007986806,0.08498377539208256,0.2345054763103409,0.18940340588224663,0.1833561776539291,0.09160449675571895,0.2853833755187116,0.5959390864024734,0.45362202751416997,0.6210425443806717,0.7137855061548527,0.2169621851728971,0.3580552318096262,0.3965061890781593,0.23563085620346483,-0.014895707045287199,0.0025406649416443317,0.16817306817107816,0.24284200725780752,0.17302144544972275,0.28218198861846616,0.25247376840738395,0.308678399223745,0.09942710504362048,0.25514684106511276,0.32088949899734237,0.25837556332387995,0.3556981519332016,0.3502019119272781,0.3795145908830741,0.2740502729680965,0.1737386446570857,0.11062684486491066,0.3970964191779201,0.20735982882358822,0.07651436684877518,0.1432910661483913,0.11653324442394793,0.36430079736356563,0.2574457157820672,0.3308230829725346,0.37433327733971955,0.2926992589181836,0.34834790187025,0.2621462002258276,0.0797814374755758,0.13772733656489586,0.09527516466045077,0.08613752974844845,0.10124625466379654,0.11098255199185336,0.11375719040185352,0.19445655017680305,0.36521283188791753,0.31915157703379765,0.08815378661903092
0.3627722360134888,0.2569409348762625,0.6602570300250017,0.131023681013449,0.5019620552738154,1.0000000000000004,0.08862739307562047,0.23207448928205926,0.8244636008392435,0.3174135028209213,0.08203365879071242,0.22893928046515155,0.11363742851120144,0.30229928197497763,0.2881356365878608,0.1861385413938694,0.2932872967145068,0.2649055533450431,0.2686785063712882,0.3038957756182294,0.26325973139025266,0.25392289379044386,0.2558359340352392,0.2616721318408288,0.16078481994934368,0.09038973989009355,0.10481045322835904,0.1901320002911665,0.25062820214725756,0.2935876607663655,-0.13196367092383493,-0.04080104371214144,0.13262197740205456,0.12836351099950016,0.11853982550883532,0.41042790673235674,0.2722445106351149,0.0892548247041331,0.20899997018614763,0.3042760919537708,0.09519123435075581,-0.058415582015002986,0.1200244300180657,-0.03833070371945589,0.02351205627058476,0.02980109890490498,0.08409194469792468,0.05455002206354596,0.5317946852630931,0.14408286306534374,0.1608748061641395,0.2834796058632063,0.02680824518978024,0.17344955453690175,0.7589806026890057,0.746364309910782,0.09563980543747203,0.630523241591304,0.2059490143778584,0.17151899596451348,0.09436918535905639,0.07728838604768715,0.27904175176267526,0.21736436137145934,0.3128596390471549,0.24402990535730024,0.20357012255100548,0.23680751277786274,0.06356994296421827,0.1658506874894269,0.21668192583597318,0.146430634702807,0.17548443863383914,0.27158591711319074,0.3358208290515515,0.13969556663533128,0.23695601216010936,0.39315418625306175,-0.027819973280650962,-0.02949643395509132,-0.003010779639566097,0.01905711824761325,0.07154216898025674,0.06297736172106845,0.0440975215413896,0.10856187385358086,0.40050272346966154,0.2499715952826645,0.2348235577899683,0.014970659432310235,-0.04109514517962057,0.0063668137932493445,0.05843164700770573,-0.04504864929918341,0.024129633744623395,0.0851246674270244,0.024815393710594658,0.08017745722958416,0.5698373586464337,0.18683890238721315
0.18333522343444905,0.6924996942909073,0.40641689727517477,0.7063394271435924,0.3229182281532071,0.08862739307562047,1.0,0.7253100163106967,0.11063949105647847,0.15725960652043286,-0.23112168290377288,0.07903386674881463,0.10645306034727647,0.031139624701731695,-0.23428656567230174,0.6713470059514121,0.12278470599103752,0.36900545139348456,0.1977704005650523,0.18486064198200639,-0.07994553193104331,-0.06167087511826537,0.0831330921498957,0.19488588147871852,-0.26488400274192603,-0.08096405962916894,-0.12025138586508506,-0.07408330918197926,0.045494135841026566,-0.11064602541237868,-0.12688294397023495,-0.09644594506417539,0.23676210773957018,0.056362910959275814,-0.039718553759930775,0.11840686609845102,-0.03273172602422193,0.27166655524477146,0.2206180237083552,0.5115949472018361,0.07740759460386422,-0.264524800247839,-0.07249648876892106,-0.14081759537419875,-0.15344979598805988,-0.17430260134789982,-0.015016320989545171,-0.0822282881457726,0.013720615491747593,-0.08726185547811786,0.05425837977413694,0.6730189241256774,0.5283562053996883,0.22356480191812275,0.2599591645606671,0.26690672754558703,0.6158733507782156,0.3945106870834841,-0.28868629258112294,-0.17071969876676021,-0.25543503918596233,-0.31510922591348955,-0.01298762121140701,0.006144536920907078,0.15409464614159524,-0.3324713520495406,0.3225314369546895,0.03578168694487049,0.09484316630312445,0.2966747383638514,0.03895824067985771,-0.2144664112578872,-0.08217556514847361,0.25670447083774234,-0.29810629082746837,-0.22188177337047962,-0.1544431400273478,-0.19033752819865937,-0.17946434380107126,-0.16376406272515048,-0.2620315770374472,-0.1800844218631583,-0.26405890864707526,-0.3472467591529066,-0.15977661596113896,-0.18852923609074293,0.05471860917304022,-0.21654036153366438,0.23782578113847333,-0.21639433553548185,-0.2879248404212298,-0.07692412887189498,0.0337128137820921,-0.34218501260264494,-0.44706518689753183,-0.21349822735205082,-0.14248085740935845,-0.18425606495105318,0.11292917148856761,-0.027353940954106908
0.08065975063917209,0.7642212981239138,0.6221611986188547,0.696170007376997,0.34989368248557956,0.23207448928205926,0.7253100163106967,1.0000000000000002,0.3037879104013973,0.15941183276175927,-0.061706764974291235,0.12828565859332478,0.23452778220891424,0.05171186275677027,-0.18970477301323282,0.5172494170591646,0.0794488672342207,0.5359258300494604,0.10558201394145149,0.11931692915681168,-0.07565838971223508,-0.09176721336592886,0.15115903021430224,0.12023483157861914,-0.1678115985953477,-0.02817560063919708,-0.07956347089235692,-0.13480033205652006,0.028345978754049938,0.010363459329736856,-0.16563610386273694,-0.13070565861278252,0.032457397022269095,-0.02677706529852725,-0.03750181779969841,0.07440293135350445,-0.10677189768584829,0.0442031795684848,0.006702923848729825,0.19507671702260268,-0.05559963017029618,-0.16746411451529897,-0.10462535126512797,-0.06320872517322497,-0.07039323239292951,-0.1487239450250442,-0.07129140647179757,-0.05567919597071772,0.03693709860193969,-0.1620233673752237,0.018665755314594544,0.7279503399612366,0.38005102541656743,0.20772064767716683,0.3671538512475969,0.4279527356280654,0.7873291909960293,0.5982414809702783,-0.1692176515661636,0.03583215490744158,-0.17820879250747906,-0.23727616408000943,0.083149528219345,0.11531869754976863,0.17298172831466477,-0.23960164049180946,0.22812995365653857,0.01619724851367849,0.05348878912688012,0.4581674419428662,0.09696741272291882,-0.22942799830442315,0.09559864383147394,0.10518406320925326,-0.20996855596547542,-0.09492917668541433,-0.12137991481796964,-0.04823558752516286,-0.19007945644039762,-0.17553981021641057,-0.2946575208152818,-0.19959086143407465,-0.21512635367780888,-0.2594238496502977,-0.16580307657666463,-0.18328782849964728,0.05131631485760489,-0.14982660973523187,0.17054400083722832,-0.2968379926922619,-0.29708261186868345,-0.0832338259364977,-0.05908289650276979,-0.2758425780927191,-0.3721612648090327,-0.13932160752603293,-0.15992729131826305,-0.0853012011632661,0.1862231858991137,-0.05937968135497466
0.22493285920929143,0.29763523072783804,0.5458373849300823,0.19278466670141156,0.4735471844704938,0.8244636008392435,0.11063949105647847,0.3037879104013973,1.0000000000000004,0.27811434614129643,0.07443651224887504,0.160830909723049,0.0061930583072743,0.12098822132998711,0.12601945339771348,0.14992026679261392,0.2633448000244885,0.21528859674750733,0.2214385389361292,0.2790915459878539,0.07523273978476484,0.11744570386961324,0.18346242672512048,0.26985757382680503,0.2717453610102304,0.1234030062336244,0.07284792869259793,0.037541687948454534,0.1697291591242765,0.2928705894071966,-0.16820829374636054,-0.05523205252940264,-0.0003490832943791459,0.0769430206338129,0.0862101523608859,0.387061604921117,0.09898962422066385,0.016176753615062225,0.16449439454824163,0.20474037861972622,-0.004074551473993799,-0.051098059049983977,0.02797759281730111,-0.14057565598810046,-0.03940914223491239,-0.007909558247180905,-0.04812361804584212,-0.03232341832214179,0.4119631895800769,0.07492294623587258,0.18875220727543998,0.2535788499872563,0.09003046294392184,0.18702934263245524,0.730621261033643,0.5815513077548942,0.24030210873361735,0.7744207029689156,0.27610612838282667,0.2435821651090575,0.17670316618185988,0.0774016303035767,0.17191904147838055,0.21194937451107135,0.13055451831186063,0.1596493622611219,0.25965186564610043,0.2706034007030169,0.054562534398889466,0.20729713008769063,0.06807530720783125,0.07797203804600855,0.24773433784473037,0.3132353940726522,0.34480268291755795,0.08687156212087725,0.11176540629954353,0.3954207426947348,-0.06852691037453049,-0.03262312052204435,0.0670498560156015,0.03170322773922421,0.024487367235717702,0.11492378259595745,0.06587362378167491,0.11612215646158972,0.25370028389812876,0.24036243345307845,0.14352016607955873,0.08217163791819965,0.010211437861136565,0.19717093401045865,0.12458498156928974,-0.19435206061439414,-0.01616746962837245,-0.07010110850896765,-0.06451744850854753,0.1369817647586777,0.45518170350702264,0.10749735191544138
0.4069210837544757,0.05879991300465582,0.26066012878114964,0.2348471080203445,0.27392198889620756,0.3174135028209213,0.15725960652043286,0.15941183276175927,0.27811434614129643,1.0,-0.016770253253207412,0.5505923421407724,0.4205545996114989,0.3729081634744367,0.31167429407595326,0.06704435969004874,0.2895738003702676,-0.0633431223160816,0.09278653624623984,-0.15973799674466319,0.1574640864825026,0.1887246177018465,0.45423653926183516,0.6378843980637675,0.5247040401565485,-0.13613921928097839,0.2710997053370551,0.3908706002289635,0.304069248988403,0.543929135871799,0.11724179362417775,0.1378275402051043,0.3470578704216404,-0.02574666833361048,0.04159466339584569,-0.021127207520458335,-0.11395682066221641,0.3525788505265253,0.13032203604786557,0.07824719186552374,0.04916079564226053,-0.29471241239319196,0.11097664107681482,-0.12712833446223007,0.11914621594288899,0.11833194279261917,0.13584445549176455,0.005993676417524996,-0.01212099833860594,-0.02552186028712846,-0.06518454226153875,0.14828250622794178,-0.10076305354483286,0.036124190171896005,0.40577605607522305,0.4017504637290374,-0.005685681400577787,0.4327414475342391,0.31882970717640474,0.17363233083931956,0.29393982163070775,-0.0951244664581486,0.1655297638138649,-0.09578596068127616,0.08148315187773487,0.08970631069758542,-0.31957990997155694,-0.1305056342973254,-0.07235523108247476,-0.18934039127478228,-0.11094296568198601,-0.14763633451239347,0.046356875925750385,0.09531502827440226,0.12221751834779652,-0.12363478588429185,-0.03163846023274803,0.2923106960646385,0.10320008807299871,-0.13996862536872487,-0.3563515627561884,-0.24890210019036593,-0.06863615511855406,-0.3886910183760039,-0.13929517478535772,-0.2376055731460613,-0.07287467398827177,0.13442239027022754,-0.047487855783291885,-0.04315618104706373,-0.34817102758028207,-0.11032958591461506,-0.2583413603229953,-0.00030068961508602127,-0.2971194223438549,-0.1493897783275726,0.1681751303505753,0.017378813475119034,0.15588345917419213,0.032294593885633854
-0.332540135745831,-0.11250431479718179,-0.016585776825425398,-0.15530773872889486,0.033424868217272405,0.08203365879071242,-0.23112168290377288,-0.061706764974291235,0.07443651224887504,-0.016770253253207412,1.0000000000000004,0.27429228269258993,0.10438660732476601,-0.06408183096282098,-0.08240620303520584,-0.26719374334591045,-0.06948133884085955,-0.1535571862629432,-0.08198774660609813,-0.1212040503499725,-0.1108040894448088,0.012086191203387596,-0.08930045907643021,-0.045832280069016115,0.14128345396658962,0.066153173205061,-0.05250936286074275,-0.1621680717685997,-0.17682479432029843,-0.03859932499124179,-0.32931355722176603,-0.35723823233565594,-0.3757282799383035,-0.04821758241222489,-0.08672150599021945,-0.02593838849098748,-0.080599267652665,-0.3967115913132675,-0.18687294753312353,-0.10434587910207208,-0.10322639160388873,0.013690430146250402,-0.021979278480883546,-0.018228097572608338,-0.05034277103640154,-0.005953831660801086,-0.1232376629389222,-0.018507558933402737,-0.17819364177135857,-0.11763179904280154,-0.304868287848749,-0.19855610441556226,-0.293687603453679,-0.045423169870132285,-0.15134018540156263,-0.03021650007548295,-0.02474914952935898,0.02091040914781021,0.1352279133880814,0.6048185235761488,0.2549294654974081,0.2831501919799826,0.06781616747692606,0.0729257468597762,-0.04592699132510627,-0.02022733237121417,-0.18728327158935848,0.033537499852587534,-0.17287056972829776,-0.09857424138198927,-0.16082260896857606,0.09765120650977861,0.09976479214838775,-0.07058425923984875,0.20349759080181276,0.29818365544653563,0.034662421135565544,0.13277477306133775,-0.20589541377223777,-0.34154472464282604,0.11228851461474221,-0.04775592636403269,-0.1429585208690943,-0.02729269141196051,-0.07049727779362845,0.048436809633751646,-0.07587610190111953,0.07468937936340476,-0.24758314970344644,0.15160967936429579,-0.24571612131810383,-0.20134043302461224,-0.2775847268957567,0.22271550216079117,0.2725661361061616,-0.06663453501319562,-0.005080898404968414,-0.0546359183022511,-0.18338414931871752,-0.08742089767739719
0.24084406494984836,-0.0010033708131411204,0.2570170364632051,0.04974644182077638,0.10925088591373042,0.22893928046515155,0.07903386674881463,0.12828565859332478,0.160830909723049,0.5505923421407724,0.27429228269258993,0.9999999999999999,0.17098195279294637,0.2274834252511844,0.2679581688538712,-0.005397452348109233,0.1589085190392175,-0.14550971328587772,0.05646886951837292,-0.22707637242748924,0.05741785249179729,-0.17935326677127106,0.01792517283260431,0.5051988822435705,0.4111447500101534,0.2739108483072082,-0.20256469256333917,0.04383205313881283,0.12261690987513554,0.22449316854879317,-0.08973339219962703,-0.1772355087740544,0.032047397865279874,-0.14919602817465716,-0.3365248679009004,0.0020488614074799126,-0.21187777122752213,0.062165872004468825,-0.02527611385107003,-0.003113668291887984,-0.08282509871319044,-0.2322490783367482,-0.07705501494686263,-0.09863847557777454,-0.17060933427003153,-0.2307952401909697,-0.2667000749351202,-0.2403859354751948,0.06922475358355468,-0.07235289970761646,-0.05029431978408874,-0.007603488651789494,-0.18964908102028644,-0.08041965286730483,0.17368034148492337,0.2710825369965486,-0.01999561260999007,0.2869223551354547,0.16359871459846081,0.37508328855575807,0.48093660227622936,-0.022540749927893775,0.1285676985066746,0.06576299360329016,-0.0020536615753120675,0.022761446342919742,-0.2878473830447227,-0.007743904771472666,-0.15618810127508928,-0.16293529753064148,-0.1831719935471788,-0.2410182212193172,-0.11470299299929301,0.0794509582086608,0.2512452678528224,-0.05712845982101672,-0.027381132269286918,0.17506885894504332,-0.06998917174913444,-0.32071348112410386,-0.3737663419915577,-0.26695015693991214,-0.3151544291187667,-0.44572359747223955,-0.47619115360617387,-0.38280936402681004,-0.17115772075080987,-0.19257734257063314,-0.08427822110399819,-0.12893195794147538,-0.34567217352958884,-0.14391935196229752,-0.3927598629531652,7.73802873871857e-07,-0.15133832946285888,-0.08365884177561154,-0.25691795746045565,-0.24942575059768868,0.08664960768296079,0.033787031998373136
0.03940749781303382,0.23580878637989305,0.129335057124572,0.3056117225026445,0.16862569195195162,0.11363742851120144,0.10645306034727647,0.23452778220891424,0.0061930583072743,0.4205545996114989,0.10438660732476601,0.17098195279294637,1.0,0.37321682978509035,0.3890824898681914,-0.022115338840297764,0.21712521683936964,-0.024458495557465255,-0.08262346924699421,0.00272916873960491,0.06787704689826168,0.2896535891486787,0.5119779341148816,0.23291611125410272,0.03931082622428418,0.025506144398350316,0.36280740017525775,0.4710779649879145,0.28141360986435937,0.5472057079013397,-0.023018750538143444,-0.08602638860611994,-0.04631483877113027,-0.04747781116371075,0.10358271474838392,0.0009533461901291948,0.11346690056279453,-0.04081553283147523,0.00383853888909712,-0.014945421362240242,0.09699417229889411,-0.05720338694282579,0.046168537716982726,0.12957260797535866,0.17996860542120668,0.32132977306131144,0.32257948325777464,0.21000228692359268,-0.04998343699168193,0.023087664366775996,-0.4004983779389728,0.15148916114552222,-0.16615920340314994,0.2223127130087206,0.09576198811366274,0.22628848942157206,0.05177697300309766,0.15041305011876507,-0.07278763768443137,0.03936998278308754,0.05820908367501322,0.3360186393293599,0.5743045586535803,0.21686112564038273,0.26099682513202627,0.29533736093375307,-0.12773603548202242,-0.09396922114876569,-0.17940153520216767,-0.2126018997434992,0.08333932642043473,0.007805287425521722,0.17061241025221452,-0.18024790313822878,-0.13176058603105228,-0.00023309958151532421,0.22464474330299783,0.2962643707872623,-0.11509019939543655,-0.1549402877010188,-0.20679841578811084,-0.11910769751459237,-0.02075035990901063,-0.20905613355604294,-0.04365695361070213,0.01941432907044365,0.12471160379876695,0.210342539873954,0.00010400500152332723,-0.02094067828447159,-0.33801111905335834,-0.27212018058307647,-0.26752983904655975,0.07839838947110704,-0.11314812711315073,0.18827555855613864,0.3333586460190578,0.21558739297422705,0.005171585209014796,0.010337190610147698
0.15188228308925245,0.1231540114645923,0.18245439243228848,0.08363182462882396,0.19172404661940318,0.30229928197497763,0.031139624701731695,0.05171186275677027,0.12098822132998711,0.3729081634744367,-0.06408183096282098,0.2274834252511844,0.37321682978509035,1.0000000000000002,0.5900856454757524,0.1417497226998278,0.4815293011921736,0.11111144653773296,0.5358069987604422,0.04358760295072027,0.6431798787152885,0.3088936406306751,0.6210016613888576,0.2814865319399513,0.1723186999630731,0.05942302166291258,0.3160967963137255,0.5035748715651235,0.49184053266132255,0.5606602813730585,-0.17455373358583054,-0.11334470160568158,0.0882003413263442,-0.06935241497741364,0.12555799170599533,-0.08056936253622013,0.2020858567220148,-0.09280677796090248,-0.03567913296316328,0.11153929769786927,-0.10509552007445583,-0.035888088894454266,-0.12178160213383697,-0.07893165078520731,-0.12898639658911168,0.15563720533578193,0.16298090214519892,0.11097474828406546,-0.0074217171917875845,-0.15545629597732694,-0.026013601401724217,0.15289942839467882,0.02286387859720009,0.15034480958240504,0.3128484098244726,0.3395254948675737,-0.09173546520249355,0.0842838179981042,0.03097374010359728,-0.11249294555591065,0.16826823040058406,0.25303446520548617,0.471324518447998,0.36190521099471523,0.6249153183148016,0.5285625854612863,-0.11855217298574583,0.20749701591108613,-0.04744873117864502,-0.2140014021692237,0.4067243265030883,0.17690911374993618,0.2994748626018286,0.08284197468195047,0.24019304881407347,0.19671695025015465,0.49576864118466185,0.5839508035851211,-0.14893376187063323,-0.020508070019770428,-0.09919023342101506,-0.25349428054411977,-0.04786898653856669,-0.09658517155067659,0.11353937744236864,0.014938853324818683,0.19506568573741334,0.1746622138515304,-0.0831164712439176,-0.19903860684948818,-0.24095941830061876,-0.22488869131907446,-0.19106495230486906,0.0427686862635582,-0.012171631019302938,0.05566785769563401,0.2911892737271262,0.08377982637016415,0.12823598555683854,-0.10193433698068172
0.11747236196613854,0.030753241632850686,0.03674039171161142,-0.04292475318952716,0.22403078963933917,0.2881356365878608,-0.23428656567230174,-0.18970477301323282,0.12601945339771348,0.31167429407595326,-0.08240620303520584,0.2679581688538712,0.3890824898681914,0.5900856454757524,1.0000000000000004,-0.1635659985438212,0.24097525426645516,-0.14919024513745371,0.001441345220925015,0.1445687125134802,0.48511365584855937,0.2209792446618741,0.3982847491727639,0.2628623488080244,0.09155934527014226,0.16067181544109108,0.2392617644268346,0.3851010141679746,0.5237270626938504,0.5758277854673133,-0.03494140066208146,-0.13292016561777217,-0.06085172582775922,-0.06761878394838657,0.039961220246213035,0.20641970436767534,0.31847273357060957,-0.04062816501166493,-0.0008872842798101493,0.006555463607469761,0.06823237535039207,0.13916384673107776,0.005154999971460172,0.09592817241828341,0.1564383365534982,0.24738741477932152,0.2408776258770688,0.2766653361329626,0.2421576845304893,0.2008353794720387,-0.034917897672480984,-0.010847996828376245,-0.0745589134160537,0.20112564997038138,0.2566344212763317,0.1915651194656565,-0.18551970194880682,0.06592309686208059,0.2684669142531503,-0.06547680958236467,0.34280208509849025,0.3464911336060299,0.4778067255223722,0.24553568839447681,0.2786976753061602,0.8083262952444753,0.0778166059444819,-0.09007036798196251,-0.12503019579879426,-0.29578428346066854,0.3538423049628497,0.24854945033674725,0.1609908394859566,0.1711951277072834,0.38096021689365206,0.1620137351863879,0.46827234251617994,0.6075123490922845,-0.0403328479109319,-0.06172770211081518,0.06521698156318723,0.039226019816689765,0.1006397500778257,0.0702020356689765,0.06840790560605303,0.22941350587344958,0.3438484272996088,0.2936788933171736,0.13062719715249274,0.1391162020590769,0.13497449682624543,0.08389140896698871,0.008567896299100663,0.13597028936032693,0.14245276385925063,0.2403179949477345,0.3298715573525023,0.3562594182818173,0.23951087689107126,0.16892180745529461
0.2814432132195911,0.6745984799773366,0.3345095334768918,0.6542954361217468,0.41159501662892367,0.1861385413938694,0.6713470059514121,0.5172494170591646,0.14992026679261392,0.06704435969004874,-0.26719374334591045,-0.005397452348109233,-0.022115338840297764,0.1417497226998278,-0.1635659985438212,0.9999999999999996,0.4172653303855602,0.6300202270224665,0.4111567161515953,0.3683193748854181,0.2690162149975766,0.2411295091935436,0.10425483928847744,0.29371478153286906,-0.26509489916280365,-0.19007578696372335,0.0466489757880409,0.03251962580258616,0.10574437681439984,-0.16821026408415227,0.06540128639491603,0.06195714583184691,0.54908608861614,0.4941716170668214,0.3056479822195266,0.24040799386864534,0.13566761005840838,0.37502813885099673,0.24158720443256948,0.44757293791764424,0.2764360545265425,-0.2523055808267324,0.22202317639963176,-0.2128958141193893,0.04225775480915158,-0.10730338545244804,0.19154761777452795,0.1824916100598091,0.08609857400219395,0.15361810151708208,0.26258434874646275,0.6391007299687972,0.6325077386278976,0.29103515779703976,0.4824467463702708,0.2098042149352071,0.49581457495468395,0.3487687733146666,-0.2110556719868736,-0.1992654022577616,-0.3511029594240957,-0.23212105747190293,-0.0748244954724901,0.013405585585089851,0.27631122200620434,-0.20392171112854657,0.33922176437674534,0.3202093487445262,0.5277424093640987,0.6141879405362632,0.19578707888317912,0.015714503782509222,-0.0619160159100926,0.23655142652313413,-0.09995916403388108,-0.20339496992349873,-0.07480667987933082,-0.10006528681150766,0.09434590132600296,-0.0646849749870395,-0.028310667985403368,0.13390833119174145,0.16929554019163714,0.07884292807752577,0.2024275824251365,0.05871902207974412,0.10593175882738788,-0.05034872315724836,0.3729845955700116,-0.142158611666695,-0.06648277099261311,-0.13877561217669804,0.023613218556215485,-0.2609829137490333,-0.21455990271948053,-0.23581655813785007,-0.026190686066227018,-0.051936096068176,0.31687193077980164,0.15017671289257495
0.1727568566355596,0.2675287304214203,0.2622156422617655,0.20616487217726745,0.33142785575650446,0.2932872967145068,0.12278470599103752,0.0794488672342207,0.2633448000244885,0.2895738003702676,-0.06948133884085955,0.1589085190392175,0.21712521683936964,0.4815293011921736,0.24097525426645516,0.4172653303855602,1.0000000000000002,0.4177299973994104,0.6356708925383103,0.33001671527884724,0.5970238844108267,0.4678938560797735,0.5405336504932475,0.45635035587126965,0.0632366949338909,-0.060576853236401024,0.4096114537474693,0.2769701100490806,0.4453711172198274,0.26146697639699074,-0.10867426101995038,-0.005835411797090765,0.37792802561630595,0.4931079831946537,0.44367402135844575,0.14904449186908203,0.16832859974789494,0.11410218336984983,0.10844949493109432,0.2919049147069042,0.20483794458535678,-0.25761135098124016,0.17184404443642304,-0.1635640122231233,0.12208964684463561,0.1194174318674602,0.3569876834527,0.24616109412547574,0.02390681308790195,0.07884080558342216,0.06020486461405599,0.21356967129303464,0.15817732959691505,0.08996141823907416,0.4632898544402046,0.28335184210511016,-0.10303867923092795,0.22545078030398824,0.00851909672431526,0.10238734259339156,0.03161007407146056,0.05106165093546307,0.24784549236152326,0.25067556922948686,0.4137326538052799,0.2704629586417591,0.04745818842578053,0.5639078634605661,0.5556518616685583,0.23176589644524498,0.3676088376234331,0.2680320541660136,0.21256777907160296,0.09086786206080207,0.41419342030638906,0.10888914299539222,0.29083613915111384,0.48501340321124287,0.061470390266743315,-0.16610138901011462,0.18687329928959495,0.22182382824191652,0.292670987018047,0.1626576058359587,0.4400938143209116,0.2978802858484284,0.1841309061649867,0.27438137005460106,0.21410291762932473,0.1967745799010823,-0.22751531949024084,-0.32650172982362735,-0.1972512906974955,-0.060827171658038984,-0.11278536724279069,-0.24752553817322984,0.272453491377004,0.2659807719319598,0.23284573135344394,0.0938226623975385
0.19504682381028987,0.5163371063677246,0.40833352440798915,0.4623706967596978,0.34807618015257835,0.2649055533450431,0.36900545139348456,0.5359258300494604,0.21528859674750733,-0.0633431223160816,-0.1535571862629432,-0.14550971328587772,-0.024458495557465255,0.11111144653773296,-0.14919024513745371,0.6300202270224665,0.4177299973994104,0.9999999999999997,0.41122723455103727,0.46293714943815273,0.3794464291341774,0.32381445824100624,0.26206908831503606,0.11051902862389977,-0.34538586569571317,-0.2434626792287247,0.18304741376535663,-0.002886570362448573,0.09635207157721434,-0.12598331190264217,-0.053054408918972215,-0.007932551191599147,0.43062051100739973,0.6016462957238591,0.5022837306879211,0.34602397359056203,0.25045860604739195,0.11101301562483189,-0.029466882881533794,0.154613679352328,0.28725149966025526,-0.09975516697912831,0.13772464830503447,-0.08609635985747162,0.17589750013549302,-0.05095501396040697,0.32501250852948027,0.2372143059142326,0.1961303753161746,0.16555709427597964,0.190319195953294,0.4794031604128881,0.33294425617107226,0.13288123056589116,0.4743653635497497,0.3037450882755323,0.34640857320652624,0.32824518342367315,-0.20082362868739825,-0.024575190686244804,-0.4300392215150397,-0.3022323711228474,-0.03406112622661389,-0.035448937306122974,0.33678031887196686,-0.1556819852908233,0.18772029470117602,0.357740433270301,0.6236010015492958,0.8304869078455255,0.4044686463367025,0.026618402288291355,0.15137954535044423,-0.12726967754666949,-0.05829559904251346,-0.04851514488337193,-0.056251280919073436,-0.02522248544150652,0.11000985691709328,-0.11462537164314539,-0.004626757358093016,0.28598769383718303,0.32687821520466964,0.25334607748456195,0.35475571819461765,0.1843542317436821,0.31718419460505765,0.04259877084012531,0.4228274803199557,-0.10266692641448517,-0.0708154307609424,-0.33979231909130553,-0.16746454922260956,-0.14627190490241584,-0.24507979197491594,-0.11493004691688295,-0.0023823575945276366,0.17677855844707285,0.4031217041544376,0.24276281187773122
0.10605161567471653,0.11271355282075993,0.22854349497762783,0.11119440368076235,0.09863352439579696,0.2686785063712882,0.1977704005650523,0.10558201394145149,0.2214385389361292,0.09278653624623984,-0.08198774660609813,0.05646886951837292,-0.08262346924699421,0.5358069987604422,0.001441345220925015,0.4111567161515953,0.6356708925383103,0.41122723455103727,0.9999999999999999,0.06978647563216736,0.5347093365666609,0.17226587946307967,0.28968732000246505,0.24939266914577596,0.05084940085949245,-0.07546923595494968,0.029627967682316486,0.018343130780323288,0.10773004958141157,0.03104701846539837,-0.20236596729028378,-0.04704635254573531,0.2009748347004,0.18434693885451275,0.09344208292629823,-0.03347667317303498,0.04246088052618514,-0.02097143461763503,0.08661903266993368,0.24716669730733518,-0.05635539679664227,-0.11413633136147008,-0.1463709965472889,-0.31016696567154245,-0.2979675357173122,-0.17178404050064464,0.01851100632887387,-0.12284237178704378,0.004318288769690402,-0.1792446880003061,0.032405092432320017,0.10567144854682793,0.14338971231865585,-0.02234616003845255,0.36020139671571444,0.20851899098202434,-0.01628804832342125,0.14115110636911993,-0.1206858472821091,0.03261254478878629,-0.07287549910034204,0.002406993733338562,0.20071667026112014,0.298874426034239,0.5098794002733338,0.10132238312284485,-0.06443144160899682,0.6270674755905907,0.3419652533076346,0.23751671525169196,0.24495706755946642,0.07418877980673891,0.20910222069921075,0.030551902736978383,0.17050937712627107,0.16876376651883443,0.14969488580584678,0.18670953507454374,-0.04129903528623445,0.032335814734823984,0.005791935695673552,-0.07986520146725279,-0.047072858433965026,-0.027605038034168188,0.1547195784815987,0.005764589591415748,0.10535912371794395,-0.04739803353423916,-0.03540837928657731,-0.12659989656897672,-0.21818536672823502,-0.23744917219309636,-0.1228659293104672,-0.10432248789190435,-0.12103927260589438,-0.2189756963891802,-0.07213412595029746,-0.1660216112727202,0.08591531300849935,-0.09138042339858356
