0,1,2,3,4,5,6,7,8,9,10,11,12,13,14,15,16,17,18,19,20,21,22,23,24,25,26,27,28,29,30,31,32,33,34,35,36,37,38,39,40,41,42,43,44,45,46,47,48,49,50,51,52,53,54,55,56,57,58,59,60,61,62,63,64,65,66,67,68,69,70,71,72,73,74,75,76,77,78,79,80,81,82,83,84,85,86,87,88,89,90,91,92,93,94,95,96,97,98,99
0.9999999999999998,-0.01291104628127679,0.12447489635612428,0.011376304448308323,-0.2426339907718556,0.2777604556185378,0.38483739543236106,0.08356507882559831,0.1021714224955182,-0.030248282452216557,0.07737449091512408,0.011092169528814864,-0.12672673111038604,-0.24859381467512232,0.007932113443508996,0.079632719413493,-0.1158062242047044,0.14703490031004315,0.16953797841937937,0.38728319563669333,0.15202030795643295,-0.3031274088363953,-0.1850058501362801,-0.4943445864976844,0.20512108519506642,-0.45425759337008,0.05297601982373405,-0.14146327307581733,-0.06823857409846999,-0.268456470576576,0.14192586049650668,0.5006450989810505,0.22484280506252108,-0.19807847865165792,-0.23602593447429843,0.3891297556932362,0.34032031818501274,0.2464941974574311,0.2973041969766445,-0.1371266893907546,0.28146127621875044,0.20609056669823894,-0.2836305841519085,0.28397795778845,-0.17459074105644817,0.03274686168295215,-0.11661038472220539,0.3885937213784133,0.7349840672862863,0.4700633879268544,0.7003406458410083,0.0544263145441066,-0.13333972541025163,-0.1695438254132185,-0.024267013217503932,0.22682361786492825,0.03743061426553298,-0.06390854518074116,-0.250937827841817,0.014636475802860606,-0.42750508487491673,-0.0573414820398585,-0.44483320262521625,-0.18689895700210557,-0.24086153260409868,-0.0832718793859559,0.20209213206209325,-0.15379855723349445,-0.3072970821683972,-0.0005441742731267687,0.07144824271521227,-0.5937600532453672,-0.3239029693503597,-0.4575038711291754,-0.5099364853115391,-0.4247226249812362,-0.2956962749633897,-0.46356507382121637,0.020392038170820553,0.3712180860028286,-0.6018036114199652,-0.2766973385326288,-0.6099610775516427,-0.30631941536553087,-0.47015526594096685,-0.23558563296071552,0.3891352566989542,-0.27871429292544814,0.3266287079830325,-0.20186606194040363,-0.06522419105080499,0.16848697006784666,-0.24704016297556838,-0.4038414526029911,-0.5712338758934538,0.17528764290293233,-0.20829714474640107,0.1648483368317884,0.7267533648331509,0.6190208663036194
-0.01291104628127679,0.9999999999999993,0.7320325001875357,0.42473809099209386,0.6153928175928421,0.4548166679024499,0.4093954573900033,0.8142972005580822,0.31373370598298994,0.09742939766408666,-0.140992625148106,0.09286666345875214,0.47087747652967393,0.2361126453253304,0.013112672208043115,0.6854444654216243,0.35757027537953767,0.5209319312631673,0.20801678801149073,0.3773244361323582,0.05374986315235847,0.15853650992772292,0.3289250568592025,0.25915429936914797,-0.034465190784478,0.1612312037445996,0.07057329446281084,-0.09502491939851007,0.04054950236069188,0.14639971343331235,-0.035714598737491124,0.10807944158201067,0.05579100234142259,0.502112991831173,0.2229774828483533,0.292587207320295,-0.3464995487896918,0.19221882652897387,-0.038975965787366035,0.24640724684517656,-0.04976355512267198,-0.21754042533495865,0.10303922885895335,-0.592150705988375,0.10242315795929703,-0.17588696971522028,-0.06837605558984518,-0.12354220375099606,-0.06902690394316742,-0.17267987911377428,0.27110980306278115,0.9216192089781459,0.3828441614788741,0.4424656202312047,0.7087432271830354,0.48332085140149145,0.625194233742635,0.5532098198835943,0.12244487622190724,-0.028377770813145783,0.2816858322173546,0.2509944289438675,0.4039376637801128,0.25833304812611313,0.23077083064413345,0.0709389811047549,0.3184772272916432,0.1888953139390304,0.4782790925013854,0.6087862045890269,0.2847203233978039,0.30105699758352,0.40017965989677634,0.14481801544443787,0.3103092706274613,0.019102333745180756,0.1359585428570692,0.32227228627472176,-0.3176928623069638,0.05285886612064157,0.11371803506157187,-0.10618811211272675,-0.08536287938195654,0.24610341190452517,0.10995665974329087,0.12192727323080813,-0.31789593957392503,-0.15349021758833248,0.09070125158883513,-0.2125847897963971,-0.022572269128666556,-0.13479030815719556,0.06814960400089487,-0.3225746067430276,-0.08507968918125797,-0.5498076637951551,-0.10439575162335812,-0.1717071780352733,-0.02427028973430763,-0.20273966400112442
0.12447489635612428,0.7320325001875357,0.9999999999999999,0.14984564001006026,0.5821889454092518,0.7660420942752622,0.5149210138023546,0.6657266204455371,0.710459266437714,0.18925573653956096,-0.017273127787209405,-0.004645938042916618,0.36509674314247886,0.03163906900653724,-0.27750875255891433,0.35283323037670633,0.23568613748197725,0.4143149548575257,0.0033396902972920263,0.5304018202235986,-0.1704837826443236,0.1632622178946672,0.15668446726494942,0.13246883473159024,0.15158717762180435,0.20842938584696502,0.1150971020192379,-0.0783883927443628,-0.026755041337156907,-0.05705288053669626,-0.06113378298294159,-0.041076256250943695,-0.01297609247635008,0.31491405107931386,0.24449913144862645,0.36584437138583825,-0.2189512481562243,0.05533671492665073,-0.06324181707440045,0.18073798089228174,-0.1140786662272118,-0.07781273231027985,-0.03041952933943718,-0.318467289214618,0.09795408531049056,-0.2160929572266667,-0.09818277007206207,-0.06746820065071994,0.13045075019119334,-0.12638495795457372,0.25239138242467374,0.7928274891740632,-0.021442419420033602,0.13487002715756063,0.8226738226373531,0.815476646612203,0.45635623358406063,0.8078996323973159,0.2575567458038719,0.039969901095727296,0.24188262727080886,0.11816711271101368,0.32684172140192186,0.1740214497547573,0.011781919031857761,-0.3037182020582275,0.42286707165205206,0.06960365361051009,0.25299526934575395,0.35076366468588405,0.05547313875277675,0.3557719163110263,0.2755053633864261,0.333982083151242,0.2633798209361368,0.10518450748017652,0.08691221609827719,0.21814684570491316,-0.29442272033685185,-0.09415961422381668,0.10635039674214414,-0.12334860319628436,-0.0459903185085365,0.35731153240348146,0.1936463497781495,0.22707844047428427,-0.1431108067527225,0.058981217783657905,0.275625814767331,-0.10590996521304459,-0.11114857699034116,-0.06876236750249382,0.19654048297945728,-0.2370521294332875,0.09700348013873679,-0.36669212055242034,0.06285717650137669,-0.11269257858655014,0.20532533735289868,-0.12063189821717721
0.011376304448308323,0.42473809099209386,0.14984564001006026,1.0,0.6088941740355793,0.05582796712498132,0.4554820010054489,0.5565394290542448,0.12339320880573298,0.1288608219944537,0.17500740242414636,-0.038307659319254804,0.3445006122383764,0.2553915546435793,0.06053794963091605,0.34969046951479027,0.2719864294630676,0.31997077501333715,0.2824912087757884,0.07639374815321473,0.018663546445898016,-0.06761134309846263,0.19500412072206766,-0.03864060127806333,-0.184493292383208,0.04944332000562755,-0.1854053817495767,-0.016723480089464008,0.018767913083836067,-0.014807900469828281,-0.1560364631530923,-0.03256118940217658,0.07727821513162958,0.3302400296777383,0.1745841620985685,0.10089688045495677,-0.12368346234328254,0.17487018264410367,0.04155904212510523,0.0432278739832655,0.20920205591202892,-0.11937133140387944,0.04981017461131546,-0.16049251574543924,-0.2660128957820649,0.11524962550508426,0.09893207094010592,0.17435791785002425,0.09464797979679204,0.14492123641800395,0.10774026468659333,0.4392549538426035,0.41737022455985034,0.7506979509229011,0.24076971458758684,0.10455225692173424,0.6109114584980466,0.3010215368813888,0.10056931818123985,0.010263715760082434,0.08631150663671014,0.40583793685663894,0.32558452505476576,0.0685047294439236,0.14018234730164578,0.053596950489932876,0.10757008633277072,0.17549575324496441,0.20022971967023057,0.4132806945546106,0.18451510177667593,0.11877215137104569,0.1506620972116714,-0.15188932358660964,0.08704133819414585,-0.010883732917140872,-0.01686642942278522,0.11716728563345585,-0.4053492247472567,0.1291456023560507,-0.021861749149697886,-0.22138391977290897,-0.2988200075101426,0.32157185134601923,0.05325260722416267,-0.0436183460794533,-0.005166945080495603,-0.009359716407044447,0.03774873347469744,-0.22801188330629013,0.1879823733902794,-0.2129255131435952,-0.21003351228887712,-0.26080341572224264,-0.23973951378557198,-0.1940229015240925,0.2211504967092185,0.15479211781930774,0.01863993572984047,0.10774564775352367
-0.2426339907718556,0.6153928175928421,0.5821889454092518,0.6088941740355793,1.0,0.3757399331666986,0.34946652503560555,0.6412667765879781,0.47335897652039166,0.14178907601893193,0.1435444900287953,-0.12800122156711297,0.3478011212702307,0.26487859370348565,0.026689147856780532,0.28506253898163536,0.2815458186678429,0.25002219442222945,0.14083255817035717,0.2226446302868525,-0.09872240540488895,0.05465021436094441,0.271932872593576,0.15432505553514966,-0.12133853022262385,0.2389547615045629,-0.12454328424501018,0.035790473460429816,0.07314422197235514,0.009962592473202145,-0.12324457499298333,-0.16816686818479512,0.02629437084319074,0.3493276077357411,0.18896671487840688,0.18348809282854786,-0.17345381101479737,0.09802981695256444,0.0073677224969820685,0.12826550681193175,0.062375399386735704,-0.2340957536729337,0.030130016508952397,-0.31454372717801776,-0.03841147824596894,-0.012036184358508789,0.09134753693306072,-0.045878900897221894,-0.06766592848057619,-0.022816090134457952,-0.1036224681694153,0.6023728268597298,0.2140307139209562,0.5207847856809442,0.7344290606752204,0.4156184631421612,0.507251620943227,0.6537335750738146,0.15693763171461814,0.009634292630136043,0.22744393108335093,0.27357165264442374,0.5131637425715876,0.13221664716646317,0.12079737938590132,-0.017957270976885646,0.31253512760004526,0.19198244305364442,0.2298791826661365,0.31599710772817247,0.21189451017658012,0.4202676658251536,0.2664021145289462,0.3065317667646851,0.3054545751978074,0.0992693268512624,0.1702080222635863,0.31134857490173445,-0.2995824956966845,-0.032339550362490664,0.18877656830739387,-0.005502177729376961,-0.03548417919309662,0.4356329677226296,0.20723062813223916,0.28304388795946744,-0.04343247357034477,0.22434291558118785,0.24562047560721226,0.02653090395940729,0.1568030293014952,-0.15843652056129923,0.12937319319630516,-0.028439597786662264,0.13764440672880332,-0.2609380756413185,0.3857159017505766,0.08300187106958733,-0.020418536264108837,-0.05750789150383487
0.2777604556185378,0.4548166679024499,0.7660420942752622,0.05582796712498132,0.3757399331666986,1.0,0.4779451757805632,0.38315826884901444,0.6100614764063311,0.38624497356922133,0.21402048285375055,0.16378745116967527,0.35547614914864994,-0.060243674879737134,-0.18304787011186394,0.19587896504144758,0.16376190000049226,0.2876459278350756,0.035843191849183824,0.5914627172811131,-0.007031508206028571,0.07438429774154515,0.017242204347413904,0.05016188570137292,0.2875937823019794,0.17968415462112722,0.24957949633511498,0.1502797790290222,0.1599043575663848,-0.1563723668368695,0.08766975619531943,0.07476468367127816,0.09198113817660428,0.09386298964295153,0.19129978508817472,0.5402456071124117,0.0013864283836045523,0.10884195069722696,0.11070037562949481,0.2473586413844816,-0.022646028108958095,0.0448581581885305,-0.04842422777010778,-0.017332695553785298,0.08646628378384391,-0.14043175336010258,-0.14186345275660933,0.029925294459455735,0.5086145521183352,0.1023716870438357,0.24347965941634234,0.557799425793223,-0.027591565753229134,0.0752150888308481,0.7865431949049475,0.9051546714121708,0.23887381114034376,0.6487353101010059,0.38049155504328147,0.25984838513588215,0.34313226991536905,0.19421902216523948,0.19074806163596802,0.12163011247954772,0.028165180054279666,-0.220150562811848,0.34749738358655197,0.11606031001406579,0.040026598299363614,0.17038485335449738,0.1611926273269877,0.23713000601984122,0.058242644971100446,0.21644671174655894,0.25068808327280595,0.09297453789232284,0.06372893574300502,0.11324106882036429,-0.034447184394401656,0.00921055076843775,-0.10811096166126406,-0.3006053977472896,-0.2648660603593846,0.15122911797561575,-0.08683510248643851,0.029375812354283184,0.016565276604133528,0.025884801262982777,0.3427775176486225,-0.1573324057138406,-0.08489522624602601,0.0841923062878791,0.12254115062542605,-0.20517371510625648,-0.04356721500114555,-0.18381986271405368,-0.02884053083052419,-0.05761653371965773,0.4925303029945965,0.10332836681740962
0.38483739543236106,0.4093954573900033,0.5149210138023546,0.4554820010054489,0.34946652503560555,0.4779451757805632,0.9999999999999997,0.5996660732306968,0.6916916547312691,0.14977396876346616,0.11373212824555176,-0.1949725209927879,0.3578535953855528,0.17186609841695147,-0.0850127421807755,0.40808692347153563,0.2994947550212431,0.5621918047186084,0.32522505535716184,0.4351173630374497,0.10808198401395386,0.2196714851828122,0.12522282596448325,-0.1331919575468032,-0.025882634207653805,-0.05113671558869758,-0.011570149925921317,-0.2716285130492173,0.09672553507626608,-0.07900638997452863,-0.1036625284952773,0.1592380580573813,0.3159104189485903,0.4326088342201209,0.3752928528486313,0.38767724787634233,0.03185779312214595,0.2917475632223906,0.33990051427412754,0.251963209074881,0.3989984256171123,0.0443623179816205,0.10038048158675383,-0.1037812577367884,-0.2381928715306228,0.1263599800324674,0.2106455274650758,0.3317738733391404,0.3935085226564141,0.31006357699538445,0.3879017086549776,0.5269243830878698,-0.02447705475463529,0.16639730163324384,0.41622425782255784,0.546863973152601,0.6911114119271557,0.6438045510895167,0.12681791782526378,-0.10754540916478768,-0.06192831561573617,0.30369339474148294,0.2043579992422453,0.17482775027953504,0.04644198724312485,-0.1479155291996812,0.5739764930195849,0.18058288463433178,0.24292364269227984,0.5260023590505524,0.14139685369253496,0.105297231444286,0.08648425969549882,0.03768124801503099,-0.08118595067087175,-0.28067004545134927,-0.10155994294680225,-0.0988511051616311,-0.5674284383524638,0.09206628244649712,-0.1626706003165465,-0.12602698205258422,-0.43385080907200574,0.3649975208055308,0.013220235990350609,0.07558698214618266,0.05257460050073915,-0.17513369192797298,0.24116947050006277,-0.0904391099063203,0.15977317434818922,-0.06425724906743721,0.07095625393516439,-0.5520578765111975,-0.33978584091416775,-0.26238396979944345,0.16247202338482436,-0.0104771233001263,0.38375332350205976,0.22856523414549454
0.08356507882559831,0.8142972005580822,0.6657266204455371,0.5565394290542448,0.6412667765879781,0.38315826884901444,0.5996660732306968,0.9999999999999996,0.4572511399069771,0.042945762436272406,-0.05285092225711357,-0.12404810311864346,0.2664656784724388,0.20117469409678782,-0.051825784421113,0.6075432183655189,0.2990768726443898,0.6809517720136458,0.17424413184497559,0.4370191004443406,0.01183698068563189,0.19911783767439503,0.31399795613724707,0.10100050926348646,-0.08080767770487712,0.09013039552149231,-0.10025733404938036,-0.20999360180943138,0.02428982275226312,0.09725455683725172,0.0007677554804476982,0.015778371512641345,0.034466325125116555,0.5602398276094798,0.2555519686918381,0.2669460960247067,-0.2568288248780723,0.162690683651719,-0.03628498082689027,0.23378057195458024,0.09771513462260402,-0.1849399940423558,0.16404439471180235,-0.4612620112302913,-0.03688839616480615,-0.09705357933000662,0.06038258548179283,-0.0697844722847424,-0.0013171463324726858,-0.06297696225508984,0.3499102202836068,0.847503877540894,0.3117931754994882,0.4780815796784253,0.5943872878904046,0.4716656478266286,0.8220558401397611,0.664622858439553,0.0813635970782945,-0.19138048391362972,0.03517049949211081,0.107030426540102,0.28882011701608434,0.132664401011336,0.13518576930677687,-0.06368366422698554,0.5100713250827438,0.10499782651884056,0.42833466471487036,0.6735361077499413,0.19464065507359693,0.26015071345825197,0.33579816624797304,0.11329337625004693,0.11338332393064095,-0.06663316414861216,-0.039609792624573426,0.16366028796140525,-0.4007756451852472,0.03907388400398065,-0.04735332348159809,-0.14163333580548504,-0.2182136750427127,0.34529167087013923,0.04580221841563448,0.10758328857556404,-0.2429339641958553,-0.19751670804979604,0.13019375827443302,-0.20881466095720047,0.04820950330121599,-0.07215784134621703,0.035300417983662825,-0.36086920124272553,-0.12039963924409448,-0.469586732573871,-0.05882606256060784,-0.18609221391870753,0.07405558227089633,-0.09838518220756257
0.1021714224955182,0.31373370598298994,0.710459266437714,0.12339320880573298,0.47335897652039166,0.6100614764063311,0.6916916547312691,0.4572511399069771,1.0,0.14350346211612075,0.13020773136300076,-0.2381623401148371,0.25727468609742454,0.1501078016868409,-0.22034081775383893,0.07648298953727116,0.2122349980096077,0.4109056319733102,0.08360619702174385,0.39788197901390243,-0.08497511762554666,0.2875004526883339,0.1042388158548159,0.03161937089730809,0.1442884621425423,0.26638272206554126,0.09603660388894371,-0.10328803702092884,0.06639672718511562,-0.033891645221537946,-0.07569626231927497,-0.1413134859214054,0.1339986362227805,0.3399196225700417,0.4430848675030333,0.38205979954188257,0.013232737209612313,0.0811089164378251,0.13206423377569604,0.19423264491153783,0.1391375360245264,0.10206868526849802,0.11727603784337004,-0.037117082364835706,0.0044550961130396345,0.02724749052902499,0.1901796746757837,0.14009802576724473,0.17684676835712904,0.08980059993884616,0.16791375442019954,0.4675617850955099,-0.2914967614046258,-0.025294629827773217,0.5806517582603663,0.70931140565112,0.4851149700718708,0.8930232651330688,0.26792734887627556,-0.015266973869893646,0.07097873268298444,0.11871004682785445,0.31632671722278854,0.17641664623358966,-0.0008542656166679357,-0.3279042840278377,0.522050537302564,0.094465581993103,0.15559402149453186,0.28756403263761426,-0.04406120915872493,0.36835449069354514,0.14803421680236384,0.4119899702793135,0.07715968617314367,0.0026609471325153423,0.016138191067542093,0.0784820062911583,-0.4899477144022757,-0.06538038592354933,0.1190248278641939,-0.005481299894582338,-0.11040952377963724,0.4583244942838028,0.28966093745139243,0.2765825691942792,0.03269845230111684,0.1316903787567673,0.30716896622201234,0.1532384642831065,0.12243448669829328,-0.024792567405346952,0.3010526296492323,-0.33181043960339934,0.1357696116413099,-0.16723359654563547,0.3248027427992916,0.0010610942637026032,0.19782086252611408,0.008897721505115079
-0.030248282452216557,0.09742939766408666,0.18925573653956096,0.1288608219944537,0.14178907601893193,0.38624497356922133,0.14977396876346616,0.042945762436272406,0.14350346211612075,0.9999999999999999,0.03545628096849999,0.47052970839527497,0.3290072904272158,0.015694539193135744,-0.11510311824842757,0.10838344032013154,0.048512806020438184,0.013368824711377176,-0.0637529865722468,0.03844478706773647,-0.03532366379636874,0.16789192304627423,0.136246218308124,0.32991629810242806,0.36601472226211884,0.12514443066830228,0.003181164047551796,0.1441296874117179,0.209145026302058,0.046525069147575586,0.057550831829283444,-0.10765252756520689,0.03230445835470558,-0.07356508880804413,0.03209393319137894,0.052004598830984856,-0.11227405435486772,0.2741123123399664,-0.1408765374857107,0.45552366215364215,-0.3656225613976851,0.06294542180889945,-0.0387515982680986,-0.013746715685713595,-0.03639241166194929,-0.3567242033723821,-0.4800646183705624,-0.2240237969309153,0.10021904001341597,-0.20828680550677636,-0.037607181334472,0.0800118555205481,-0.24394238280784,0.2539040330950308,0.28606490482554237,0.22874138530035204,-0.10569046268543392,0.17824622900902873,0.7680902060644573,0.44440698575896237,0.5090658834785121,0.37141711009503026,0.3033484317714063,0.23719170692054314,0.16504494634211825,-0.05358409237734662,-0.06501034346684122,0.16087413116591268,-0.00154774213157377,-0.09245872455642765,0.015508162909453284,0.24703013385765168,0.11518473487147744,0.2777044509386032,0.46387107843695496,0.23963249014130603,0.1704157200700965,0.220677192330593,0.026192516578725792,-0.1854568512668287,0.021003608923409335,-0.41639240016818674,-0.1330222839688871,0.0244351003058832,-0.04013735319842211,-0.05663141978451152,-0.09646510457889054,-0.02135181560216364,-0.16802305126329403,-0.19217042258818226,-0.12255210860254571,0.20717564852964404,0.2971091973701116,-0.012095852565381489,-0.010397690450383962,-0.09384890493971723,-0.08693590616649692,-0.12270262051444177,-0.0044851052669037965,-0.18377279490356896
0.07737449091512408,-0.140992625148106,-0.017273127787209405,0.17500740242414636,0.1435444900287953,0.21402048285375055,0.11373212824555176,-0.05285092225711357,0.13020773136300076,0.03545628096849999,1.0000000000000002,0.1408494846916423,0.10932462323589402,0.04941423802796224,0.2542497744174595,-0.15425907948785328,0.15054869615515967,-0.009774720634159406,0.19404754678443048,-0.035027777803749514,0.2362152350067042,-0.147886523851815,-0.14801922649996013,-0.17408749078842217,-0.11149981719068609,0.005189139999050871,0.030118697635210214,0.02763914653716234,0.02085484859743745,-0.20750361166209388,0.3131565651474734,0.1414186339649582,0.0764653525818655,-0.17774786590839628,0.10566184569067472,0.0880196483492529,0.24409182697088302,0.11182968047185489,0.2579924875813883,0.002346104302824795,0.32275441531287274,0.1467564416999693,0.25868019113862334,0.3367220428529562,0.12977971227521032,0.3761820025588078,0.20490755145337242,0.01876063766278102,0.28849927524633023,0.3569349443367027,-0.016449368124569666,-0.062461175708127245,-0.011820746826951084,0.07392569807853695,0.13153375341775883,0.17660063151216018,0.0685396538720678,0.05739081890293134,0.06628158798253268,0.5115695321209761,0.048907003577255415,0.1964265864911046,-0.07805972578178656,0.02065127982774005,-0.013466457234260088,0.1861095523554224,0.07025836380935041,0.22241204612654852,-0.24058792129941042,-0.13697439287104324,0.15280162984930745,-0.07195709626441049,-0.26439745274978216,-0.013242487500420688,-0.05246616771562544,-0.1924715182931483,-0.11609213302199964,-0.16019184609801432,0.10317533486669328,0.3512043666529284,-0.24350638533267363,-0.11933470887465082,-0.2765199218107852,-0.010947464332626614,-0.31677523742298336,-0.16096024080125612,0.24591335795865393,0.05469921036374154,0.1319891624751181,0.1795591893678117,0.17070114066218625,-0.00499150081407212,-0.040755846724001364,0.029517723080664363,0.05315750253826631,0.2737163148375445,0.21940401144232588,-0.005400627134775062,0.22293069260756862,0.29033748250967234
0.011092169528814864,0.09286666345875214,-0.004645938042916618,-0.038307659319254804,-0.12800122156711297,0.16378745116967527,-0.1949725209927879,-0.12404810311864346,-0.2381623401148371,0.47052970839527497,0.1408494846916423,0.9999999999999997,0.4423147405899959,0.20828458073466302,0.23472520532966357,0.1621718932154496,0.4400581766273472,0.0836840345140477,0.0363508909454256,0.10582974720546244,0.2773959479069291,0.06129005158058827,0.24043155274378275,0.5856614732662946,0.17443858873027854,0.2254943973460876,0.3944389441269633,0.34648922018841477,0.25297759616884913,0.17177928284427238,0.2585348286103677,0.16743881252517126,-0.34330505731581523,-0.009664927227042066,0.07579935646903711,0.09802436034339346,-0.16791853403770338,-0.004186593804598713,-0.4252207285498648,0.04228003684400941,-0.42416421628543644,-0.16580639570264138,-0.024525325575958143,-0.26386737626002027,0.26351002649069444,-0.29329248724391493,-0.4876787903162765,-0.1736353690345372,-0.04593985531224315,-0.33292592013557976,0.18088943093936205,0.055073014253494194,0.12073531247846195,0.30417998181710665,0.07856610096784061,-0.02753181587617043,-0.22307977733660547,-0.10923614272600833,0.4684405392250523,0.5077594821749676,0.5360502398789934,0.43007868666026944,0.2868588996234625,0.2936093423701268,0.37957921453327437,0.31384944215287075,-0.3322031350738376,0.47429459609131935,0.27599785782296293,0.012050710484699224,0.2992221733672947,0.19788232218065868,0.30648011154633126,0.04203972415227096,0.5918623582501267,0.2704460522920472,0.4563612026990527,0.4151512608354608,0.22176636524250232,0.12004215990167284,0.25384876852426363,-0.3009487473617461,0.07691592845494447,-0.15722208307675864,-0.013474064804757178,-0.24045811411574206,-0.2328450122922303,0.0532829952615437,-0.14906334118158956,-0.4062205219434982,-0.25788287357334155,0.13650233149982058,-0.004029286177697836,-0.013286419141716608,-0.09155499512966796,-0.3087152251715715,-0.41332992492904536,-0.22660104251312643,-0.059193185668388416,-0.303421995009722
-0.12672673111038604,0.47087747652967393,0.36509674314247886,0.3445006122383764,0.3478011212702307,0.35547614914864994,0.3578535953855528,0.2664656784724388,0.25727468609742454,0.3290072904272158,0.10932462323589402,0.4423147405899959,1.0000000000000004,0.4251530203618498,0.20099081176486705,0.45540800001679854,0.5461758295662351,0.30369866442055876,0.3086640938309629,0.20148226747040165,0.23215579083836996,0.3029411020601096,0.3063306796345341,0.39231174614113506,-0.08222201493627912,0.3682582193031895,0.41929411112053827,0.21769496505780023,0.3176679337858027,0.24960897966876927,0.22093277146507348,0.14393994092588544,-0.002416777657337242,0.3585006988630183,0.4375475153268739,0.36396116107494736,-0.11609695156505563,0.17797921989742332,0.042033112363803,0.30639858782063767,0.00758423315885428,-0.19519827020437952,0.2928690355635308,-0.22514364831463296,0.20013134945653202,0.10610649358302392,-0.030424758127009472,0.149695375337167,0.07239381410985368,-0.016517221488739967,0.1946703024111191,0.5110481308127719,0.3754652907542572,0.4049652981344198,0.4314514960755551,0.33848662925918643,0.35605295085833,0.3583261835415477,0.4822678041653412,0.2629678264640251,0.5633862486237731,0.8575293042803467,0.5202184774541342,0.4192032894475488,0.4713870005260237,0.2965881142533335,0.015603075208444847,0.6098702567227196,0.4626279198259167,0.34632994099126607,0.385445150428988,0.3121907655196421,0.2724490769118438,0.12543033721734825,0.45814549725489245,0.03044608848410921,0.3310211498897845,0.33872929393200807,-0.2209380960344806,0.18788086413828217,0.19159442664826967,-0.2583275024031899,-0.019054273323150843,0.17780803965734773,0.12061570218796228,-0.19280637719424942,-0.16580210850342514,0.07921382912440703,-0.040922584868120414,-0.2899467317246556,0.09375722672179775,-0.13081962803025915,0.18612481176080412,-0.2842609342394424,-0.10405470731431266,-0.34076163138586496,-0.02673182232725165,-0.24598041771311344,0.0270182349135757,-0.1862868195665716
-0.24859381467512232,0.2361126453253304,0.03163906900653724,0.2553915546435793,0.26487859370348565,-0.060243674879737134,0.17186609841695147,0.20117469409678782,0.1501078016868409,0.015694539193135744,0.04941423802796224,0.20828458073466302,0.4251530203618498,0.9999999999999998,0.5100456465339035,0.4452544387043584,0.5101421071329465,0.45996136652131475,0.5239665138024237,0.10977746401442581,0.6200721285007597,0.5174068262180185,0.6207527773931432,0.48743449435670266,-0.022606097935304135,0.4375694670955614,0.24235427453529695,0.20437846135013182,0.3476915355337559,0.5766227739694925,0.24772348740158825,0.1094055181721057,-0.10460204183228909,0.622628377429622,0.4406202066037789,0.2874230733701778,-0.091936427612899,0.29789954484197095,-0.06962234063324209,0.2993646197972548,0.050941484701763594,-0.1292415004278213,0.4615931169383781,-0.3284983948939213,0.3455842048487671,0.10573638388466612,0.20394095434827608,0.07540826523992113,-0.23035644700469105,-0.1366454610743083,0.1758963923259592,0.19620862381464974,0.23001121783849268,0.3307693959797096,0.12876720174397902,0.007213065294102379,0.31180713745048383,0.17308340548366946,0.16098673038070532,-0.15106784125131603,0.2302304717723852,0.2953135194586642,0.581310410446175,0.8245980335369356,0.8429721684511595,0.5654354722604777,0.041007179088389356,0.6792632478648034,0.5852988120240185,0.473250190145477,0.5180533964932875,0.3314662561927827,0.6167570673448055,0.1667137436959646,0.28397287740603755,0.06921471530013956,0.44866449940451353,0.5086004312876564,-0.12183585864948394,0.21833877330471746,0.35831922519141896,0.013028133918077587,0.16615793682193594,0.09110358453996752,0.34391509211752425,-0.012423321301923114,-0.1888731672517181,0.06547558702485166,-0.039799997705715864,-0.1277585519783655,0.1944076382120489,0.17294317394387745,0.19979323313429156,-0.29751063101155545,0.001978583127106218,-0.29522840731502076,-0.018594162350640462,-0.0955769143061659,-0.21296632643082863,-0.3023383346651297
0.007932113443508996,0.013112672208043115,-0.27750875255891433,0.06053794963091605,0.026689147856780532,-0.18304787011186394,-0.0850127421807755,-0.051825784421113,-0.22034081775383893,-0.11510311824842757,0.2542497744174595,0.23472520532966357,0.20099081176486705,0.5100456465339035,1.0000000000000002,0.16602889081072036,0.30901147404287627,0.1859055149620312,0.3665042691479257,0.11425150387256082,0.7968068640165782,0.26455207003302256,0.5388729578445454,0.23444381006791373,-0.1615386919164717,0.1852424986971226,0.342215152889545,0.3517915308115563,0.5517798125183903,0.5460480740158541,0.267761635575656,0.1406915244451186,-0.02752429218953126,0.20462594238171072,0.2170650660285198,0.22577231816664628,0.06391637577328056,0.14121934508708378,0.13024384165798578,0.15048780925806374,0.20856485378839007,-0.19515353570150373,0.3070611218697724,-0.08985557119443464,0.30376406208717815,0.2638677581694348,0.17765793233423124,0.24597944771605842,-0.013630095303313888,0.14018017017771556,0.08869290038927247,-0.0854541764225417,0.2286369704851644,0.1279546504833691,-0.07613902302995436,-0.24021046421242132,0.05199932915842651,-0.2794385238956347,-0.1516285794646063,0.09247489790913492,0.0730168035200359,0.19157745220977837,0.06799961418361011,0.28583609689537665,0.5069573496479327,0.9330412809454234,-0.04223525997169103,0.3441206036348885,0.1563029660826144,0.15812343625757835,0.7397879319121783,-0.07637900539809325,0.27880563215274223,-0.15934218469344089,0.030152561324120405,-0.11850195456215083,0.4070808976165621,0.24663594724972207,0.17006423888379535,0.24838444648047653,-0.055717032541060516,-0.0686022596814087,-0.025112662148364162,-0.18748006005089232,-0.0757780581989011,-0.1547764316577062,0.03241703262651284,0.021821438108744453,-0.005726273671697043,-0.030595374475281142,0.10746478352669216,0.051289912156831916,-0.10214199653089645,-0.017013800677445845,-0.1818206021626393,-0.06606142941593601,-0.07640863004896195,0.09254157456146063,0.0006977610996444554,0.08659952293056306
0.079632719413493,0.6854444654216243,0.35283323037670633,0.34969046951479027,0.28506253898163536,0.19587896504144758,0.40808692347153563,0.6075432183655189,0.07648298953727116,0.10838344032013154,-0.15425907948785328,0.1621718932154496,0.45540800001679854,0.4452544387043584,0.16602889081072036,0.9999999999999998,0.525851303723982,0.5795509947842424,0.3913763437806138,0.3059653829654054,0.36445132330156454,0.30214435265511813,0.44317874761995735,0.3404259495849305,-0.0623934952756635,-0.011363145878031245,0.1701029657312227,0.00793384119155048,0.22951429530628373,0.26047048141044826,0.14240036717730226,0.3227372841614975,0.17413775763813719,0.6397668990712764,0.4050275855232825,0.3532691343508489,-0.1402896001160784,0.32212865479796793,-0.039266692772054565,0.3673761703461527,0.09017232980195612,-0.39789848225463653,0.15415475554451594,-0.6110857857580517,0.10838867334152799,-0.10730829166997091,-0.004046610086229025,0.07768540249405174,0.016277845507259425,-0.10935179990978494,0.30270444010785763,0.6247875093715078,0.47733568734116666,0.41045906629454554,0.38212196769759005,0.19846248725790708,0.4997328203767892,0.24671120116278025,0.0015730775661544302,-0.05911460932366808,0.2191102724134941,0.2697454703201452,0.3590105251399446,0.45176267465539227,0.4924539855444505,0.27617003252924127,0.3445928835258687,0.38916157769253235,0.6095185358908977,0.6772001033384116,0.4613106121920991,0.10184159559084113,0.3906935007634599,-0.06031976847751966,0.24109979841904874,-0.13876038348355954,0.17873276371668642,0.24563982008212001,-0.3686348330605051,0.017045223588298686,0.04651784787461053,-0.0994899251971073,-0.22940360785944483,0.09775068023389982,-0.011427858690554923,-0.013817738564675774,-0.19470436303646915,-0.25761745001466635,0.07193316609861769,-0.41183331955516767,-0.05616407491903849,-0.08087029826209245,-0.024958745764857283,-0.5778177897836951,-0.4180330771162025,-0.5634848067605841,-0.30540403449201203,-0.14217051708654493,0.11853327189229997,-0.13855276173645587
-0.1158062242047044,0.35757027537953767,0.23568613748197725,0.2719864294630676,0.2815458186678429,0.16376190000049226,0.2994947550212431,0.2990768726443898,0.2122349980096077,0.048512806020438184,0.15054869615515967,0.4400581766273472,0.5461758295662351,0.5101421071329465,0.30901147404287627,0.525851303723982,1.0000000000000004,0.5992071532119768,0.5160723266838128,0.255484424682101,0.4414436990456879,0.4212705516708628,0.47025055880563427,0.5352868615613562,-0.18516731990347238,0.24849743248852446,0.3378984425348439,0.2316836012234597,0.38161720586528897,0.18285444543911145,0.0650169490987048,0.1686624784042128,0.005026883412616476,0.6640016234264643,0.550785012533016,0.20234155059542613,-0.15820944580729215,0.06722777780280566,-0.23223469753053763,0.11928013882614277,-0.00446116119052608,-0.5158330294500707,0.1224678333767432,-0.5082691330764917,0.18992113753635084,-0.014062123944818114,0.039682108917078615,0.09197332103210028,-0.09651155282171664,-0.16568938521047677,0.10573307628136339,0.3631220336221053,0.2504788556547061,0.37480307399460455,0.28371026438405417,0.1533120736408575,0.39844312817821503,0.31671373673609043,0.06292741738659176,0.21090410335885384,0.31837498453930907,0.4434902925238623,0.6146745792013363,0.4719253466068552,0.553952030704577,0.331475944609381,0.1047106330812905,0.7328580621206359,0.7095973632941478,0.5506610135744442,0.5434604381214521,0.3308727515470898,0.41147509390774284,-0.03162895488040283,0.5144663896952615,0.07863789365734532,0.4957430135793092,0.4648968233331263,-0.34687435333457656,0.004853143633450245,0.380874747885277,-0.1443710915060725,-0.14321316896746836,0.2156672607054528,0.15492829812946715,-0.06951274037441091,-0.21661288900602457,0.1539296440052347,-0.03876637390278116,-0.43695789066847085,-0.1534971347827109,-0.23424870478693924,-0.17094840266530018,-0.4005766513947535,-0.2645330658646636,-0.6203506914939402,-0.17426449930842694,-0.16752571225092017,-0.008156942641847449,-0.2768560708747023
0.14703490031004315,0.5209319312631673,0.4143149548575257,0.31997077501333715,0.25002219442222945,0.2876459278350756,0.5621918047186084,0.6809517720136458,0.4109056319733102,0.013368824711377176,-0.009774720634159406,0.0836840345140477,0.30369866442055876,0.45996136652131475,0.1859055149620312,0.5795509947842424,0.5992071532119768,1.0000000000000004,0.4534675744164884,0.5493189401104309,0.43565262474272887,0.49745601210114315,0.5285941827581047,0.3062534918381044,-0.047310928288557604,0.18851015402586085,0.09987069579892416,-0.04781921275250153,0.2903785953307807,0.25178580318327154,0.12009311517752844,0.10728879134452776,0.024994568133715995,0.8373455181637253,0.5319066159471006,0.3715135337273517,-0.20645483468403705,0.16803315347690606,-0.11236203453103229,0.24805962172574547,0.06295457667781501,-0.19941888233759417,0.2971229758837926,-0.45911738854938017,0.09642773858841835,-0.12925829551215084,0.08538159143639307,0.07746961978603945,0.024171008529822336,-0.10732437775610615,0.4652299698395394,0.6062594064018234,0.22966454890084684,0.34618360999795644,0.2988228249148512,0.35160266662731104,0.7451440656146932,0.5032521897354101,0.08534194076710612,-0.16955156621457879,0.06034064697109329,0.12551326896737494,0.35844733285957453,0.3654361390439538,0.4183455830696731,0.1788049574330703,0.4143055038910501,0.4045255810929125,0.6847809458475177,0.8474984229335499,0.4957984833546069,0.2733382050497852,0.4650792635448062,0.004705458044352428,0.18643893695174915,-0.03498353389101755,0.16522786809966544,0.2810880008373892,-0.38951205397950645,0.00229463061950532,0.09666575894616086,-0.21332849753618807,-0.2700625837153502,0.2656303859126486,0.11698372529184374,-0.0034862837448709897,-0.24625509117216937,-0.12581566310366102,0.059512314192702344,-0.421248115449519,-0.03538554183200405,0.02151441662887642,-0.051537158778717854,-0.526561623540159,-0.2833345154821082,-0.5780547063316102,-0.240783523549569,-0.27774932077101605,0.1315484294831455,-0.1875633660207312
0.16953797841937937,0.20801678801149073,0.0033396902972920263,0.2824912087757884,0.14083255817035717,0.035843191849183824,0.32522505535716184,0.17424413184497559,0.08360619702174385,-0.0637529865722468,0.19404754678443048,0.0363508909454256,0.3086640938309629,0.5239665138024237,0.3665042691479257,0.3913763437806138,0.5160723266838128,0.4534675744164884,1.0,0.07586060558521461,0.5990896306210356,0.2714619377380616,0.23569372675126382,-0.02382353921616913,-0.0711706932040358,-0.02051084037496877,0.1358606038290633,-0.03690319666985615,0.07531035149018087,0.09998446123561028,0.25241197604814974,0.4497602083600256,0.4449280472457719,0.48294682264418437,0.2620778472154861,0.32221716885990337,0.12898587813451484,0.42890284819095603,0.30229791265998274,0.322843898466147,0.3696583910414214,-0.11782452547760244,0.21650459641103756,-0.14092322996522774,0.1535023890224518,0.211976690548363,0.2554728016333984,0.27517272564832795,0.24624659243691863,0.314423402480982,0.31112657758237167,0.1413449878446061,0.20061093642467476,0.1429904883931023,0.08103042631791157,-0.02688020307469049,0.33275936253340377,0.0625762811657848,-0.18258270924129133,-0.07361756559356601,-0.11716107584828224,0.2875878974835143,0.2217945767083432,0.45603433080278827,0.5527942132653342,0.3917477967972955,0.036831906928485196,0.6748022056625953,0.37633591756870466,0.41768018308689037,0.44021416050763734,-0.1601435518851663,-0.02257176913673401,-0.30518610417109815,-0.11376030502282797,-0.38988113463377505,-0.05352068266039387,-0.05210138846711086,-0.08029894137248121,0.4294862640487588,-0.12699198936811093,-0.1418272949019331,-0.4086045372036933,-0.11939583150497032,-0.18228991384608675,-0.18506806126014394,0.09654001826767149,-0.17836387484661134,0.03923935465390899,-0.18011401522242965,0.20138744819795817,0.032536037098482636,-0.09984822389656506,-0.45314070851414495,-0.42727337314507546,-0.19930020067537993,-0.095572575015297,-0.06724657958553987,0.25769159002034636,0.1963832889670499
