0,1,2,3,4,5,6,7,8,9,10,11,12,13,14,15,16,17,18,19,20,21,22,23,24,25,26,27,28,29,30,31,32,33,34,35,36,37,38,39,40,41,42,43,44,45,46,47,48,49,50,51,52,53,54,55,56,57,58,59,60,61,62,63,64,65,66,67,68,69,70,71,72,73,74,75,76,77,78,79,80,81,82,83,84,85,86,87,88,89,90,91,92,93,94,95,96,97,98,99
1.0000000000000007,0.2457259855349873,0.44647576721789717,-0.1774883150745209,-0.05894906604975438,0.25711281017369275,0.22493538743206093,-0.0878403018661635,0.305294251536516,0.45412763527140737,0.388598746247276,0.309455779067229,0.17785330115643147,0.001787658146430026,-0.028083993607313836,0.40397446526594677,0.10294938425761518,-0.21151960156032443,-0.12852699481245922,0.23225034558045424,-0.018880270805967096,0.05278789749879307,0.07886139934693269,0.27994695016640997,0.30299121718316163,0.22241268843591908,0.13903857797919958,0.10164206308253713,0.39124361657987855,0.009050989208129518,0.32672498255779303,0.2927944287768262,0.40809183677870947,-0.2958281879049462,0.022529162813752557,0.40108556105032483,0.11454018760677989,0.3897526722601611,0.2598833343050248,0.25446435971301984,0.13053402621744736,0.28734869775941524,-0.0065745811119635325,0.40721563998457033,0.23433744693884512,0.16864394265349597,0.0910208396001318,0.12975325058858578,0.47637939546538316,0.3284216097120211,0.5282903700578664,0.39463600120357795,0.2613016180183091,-0.23776074795005284,0.10380193406221806,0.4320967116294558,-0.1068236025035633,0.09166520140446754,0.36333711492460746,0.1880409057352195,0.10323884397055952,0.08236943786759894,0.08707639709434292,-0.0439246110081772,-0.1477980511010045,-0.02936422570683252,0.37252006170875124,-0.17293133887822135,-0.42663929417648044,-0.35735570418829016,-0.003677227654654197,-0.15672389916523666,-0.17428323844782173,0.3022096414705165,0.13753997525916573,0.12755707021087295,0.24554805613885444,-0.04394488561339619,0.3153523765152076,0.24042020682734122,-0.23737918139824404,-0.13051995532320398,-0.029108755831399213,-0.21281331945924514,-0.060799888033594665,-0.13503122350357422,0.20349198604667962,0.0028280773126061684,0.1686108148972739,0.013177782291865258,0.33057845009762565,0.26750532295189766,0.2906837443455534,0.10024161677549498,0.13433427724042693,0.42398724104683094,0.21747725570736548,-0.10863204906940194,0.5777197013353963,0.36678835211410593
0.2457259855349873,0.9999999999999999,0.6649514089386748,0.6785939782175904,0.7901510643997964,0.6622690608127386,0.5371260184415667,0.7145863125859784,0.6494560073631901,0.27467433814384734,0.22551451412815637,0.259811486800397,0.323803790973736,0.4211763075609238,0.41170818527204367,0.48556681552100794,0.20908459139989735,0.2704988579693138,0.30417704652931227,0.4085783795615717,0.27082593446875763,0.4486858754712716,0.4091209003592749,0.0943607971064216,-0.0884392790302991,0.056942641686345795,0.005110977067369063,0.1120835929610667,0.15220971572323105,0.4757965949553721,0.21368258319296576,-0.07759224867719519,0.15000766249817402,0.06150120777723116,0.28939270077195595,0.5961968690225392,0.007064809751793445,0.19663245808159893,0.4626277147853839,0.5262603222054996,0.1727785204640602,0.03902314763102027,0.23606488436906875,0.09136818354102136,-0.06099996386653163,0.24881335024150122,0.35337283005531067,0.08414254019352937,0.5304098399606859,0.22701197878990725,0.22353657653433093,0.8331467435563669,0.6000651923106995,0.59879005277963,0.7609129317265645,0.6597197289603354,0.6917858569690475,0.6893956468819417,0.12601511569330343,0.13079192324401823,0.2868533216198697,0.17908318572850593,0.5110949772388209,0.27867935008748324,0.3731207873062492,0.3680833373438103,0.4084339449914661,0.15954137824577577,-0.016419987942667462,0.13597349269815753,0.36794861872672446,0.06666441720475115,0.27669323557362907,0.5144704303146029,0.11359649326122148,-0.07721893061246785,0.0453055319774657,0.3018567728495743,-0.05076509323397748,-0.009053146407660204,-0.14819909967893558,0.011077397436693608,-0.159284289278913,0.035857925748487895,-0.16244286190551752,0.17206825657274305,0.02446940356758171,0.0994558871078385,0.4354474006488911,0.24999775013659406,-0.05987346819351646,-0.06930830198614496,0.46247484997460697,0.01011549513733193,0.22557490682251774,0.15599690047490744,0.24466743233289412,0.0896891143240155,0.5111898425884998,0.1886212602752353
0.44647576721789717,0.6649514089386748,1.0000000000000002,0.21092208150632596,0.47089734294656055,0.8503335193457626,0.5476316654717508,0.5231329466439069,0.876277164868273,0.2568452058702536,0.15906096113839,0.16358676627477667,0.16798870919557277,0.26349615202655047,0.18019963714621948,0.35453163397253984,0.050539836647418915,-0.05473208977396688,0.13656596961698522,0.2891378905955931,0.17113294807515303,0.2753160937980248,0.17310241928000883,0.09535594421015373,0.04424052002387354,-0.05388929177053767,0.07719363710007363,0.20391417825452607,0.1854218429570264,0.25062321008512284,0.3562703772560909,-0.07560377514792148,0.2108569194123879,-0.19218156978424514,0.19146073242550796,0.7553837983447818,0.0874152959841699,0.24853424751180356,0.4916030288375667,0.5601772428012761,0.3669096289419268,0.12799723264473423,0.2963990627480118,0.25291683899900874,0.08551377141044236,0.4389510594173834,0.4661929983782995,0.026422669286662714,0.707543974577143,0.39243846335764987,0.2186911560652185,0.8337691531146655,0.4520763755181029,0.11455408295689855,0.7607725374886086,0.8840487362355616,0.49229976632717626,0.7193097348511762,0.1896820329714082,0.18431625919352482,0.20159328999570708,0.002938894761293368,0.2678557889887348,0.12851817630473406,0.1930553512425172,0.17983235319912666,0.46781869101641055,0.034280073610586,-0.31574681114920544,-0.22804201166437899,0.1981773887235172,-0.09826845747432604,0.033234193449803544,0.5206478420889534,0.12707207660407455,-0.03843195213218697,0.058129498047661696,0.06162398580051164,0.1326286581320136,0.013647361179469575,-0.28803723975383405,0.07303354732081421,-0.07302377131519402,-0.07619712223115195,-0.2817695798689935,0.1261840764133437,0.10101753886413083,0.12648011184086463,0.4309107024114795,0.35037787234960327,0.08067183935807186,-0.025920825877960605,0.4912386970409884,0.10081830667826272,0.36789486484845363,0.22621260923108158,0.4125525567324792,-0.11132228958011672,0.6616915871053741,0.31269449160045676
-0.1774883150745209,0.6785939782175904,0.21092208150632596,0.9999999999999996,0.8663319210863311,0.40332554896123024,0.4247249552259662,0.729249137776518,0.3494776208658013,0.020203155323109755,0.19383168649596583,0.11478449819152733,0.28025178801416106,0.4286504251755705,0.451136120196717,0.28580441088569275,0.2817488274460659,0.389018749940281,0.38393074806170663,0.16880396089448652,0.24493810759546777,0.553233165278793,0.36203973747142026,0.04014181451143174,-0.2208611704260761,0.15605880518234672,-0.13949559026896965,0.03456321061690057,-0.10319183822955341,0.4312073928891894,0.06411124087529065,0.09643243723412082,-0.022473492466394518,0.20977409288048518,0.32194009839365695,0.22621634440721114,-0.14827775810691055,0.12883074242466547,0.39037396665621854,0.39697473327271804,0.04942920740582277,0.03762817316155767,0.31827760997366006,-0.11273549030365834,-0.149181019209371,0.06233152993294256,0.19471802192477766,-0.09829747542962615,0.09423418416263081,-0.06840734473286084,-0.08147159910715566,0.43508518364173404,0.48809135346592364,0.9021558299544349,0.5645572055635767,0.31912917030689064,0.7464903178346208,0.4977818455045263,-0.060579708241941636,0.04767549126600283,0.25334477240136816,0.20337885129075434,0.4924473600048421,0.24995892896578065,0.36663279551488964,0.41407921471178327,0.23085351841457227,0.23907113019489695,0.28310167552200693,0.3731585614518054,0.2803713596988277,0.2724932867754108,0.325387518856843,0.37479080381903457,0.00848993121708343,-0.0715925844924143,-0.10250827177851299,0.32301230807638676,-0.22341336110232865,0.05998176332372749,0.014357111737511705,-0.07720288265177035,-0.20342861806919565,0.13884577855262348,-0.15476822108149377,0.1563910016061679,-0.22875988413610487,0.08141104859226005,0.1892509997873108,0.19276435166097916,-0.22644360254401955,-0.044797816797472516,0.36812744202318,-0.034780421181367684,0.24476762592646584,-0.09367663557036983,0.005436164311212864,0.04054896427907869,0.050137651824813854,-0.17049754169697862
-0.05894906604975438,0.7901510643997964,0.47089734294656055,0.8663319210863311,1.0000000000000002,0.6347555132962465,0.4343311559072137,0.7447394235317483,0.5684590908234329,0.1265069351446399,0.26038892524676466,0.2176334869166853,0.34996797750590086,0.47191827954801246,0.4621093775605631,0.25607770834124666,0.2567221764731558,0.2986271796166904,0.3485684491275809,0.18597240203972015,0.16755222837070513,0.5284796816950303,0.33515757769283466,0.004653592031003635,-0.23400905767293378,0.08904826748458902,-0.13306669620957995,0.11896665196586556,-0.053298826479349505,0.5165304843459019,0.042481621567088755,-0.03444744940420687,0.03233201225324909,0.15799562451825427,0.3176387182407102,0.4418709711542399,-0.10239802676682914,0.1614658617751114,0.4631552643285361,0.47523145959934643,0.11412549371242378,0.007597392436029697,0.3159532748694177,-0.07589176660638489,-0.13881133184662023,0.1747987080659369,0.33493036257538933,-0.04576412527728623,0.2997643415050848,0.024610176454991296,0.018991467805882047,0.5952728378952157,0.48651801859065724,0.7763122027101972,0.7668884094993741,0.5524629465242517,0.685682352382072,0.6301352471366807,-0.0233367190610094,0.10081811096428404,0.26050633982670574,0.16638918164720234,0.4576954821702576,0.3107535416062378,0.41973221317738024,0.39015662015368435,0.27603762306730883,0.22114797703323458,0.1876995152112592,0.2519068401893698,0.2741747654780449,0.12427738218767181,0.2848682710322087,0.46611706458044305,-0.027687670707609444,-0.1552810017084676,-0.09977939723321305,0.3794393759787197,-0.23218554172313155,-0.06864794540903486,-0.0973713934226378,0.02183133913314821,-0.18250398143962876,0.10442132459246133,-0.2041508853199184,0.2017575933600653,-0.1538274766709674,0.10584252085485973,0.326292539851252,0.25648034434459827,-0.2192128106141267,-0.15896267640895742,0.4231998595467291,-0.10853864267325833,0.25098957958284346,-0.052071351001583784,0.14309504400809106,0.07016288892680801,0.28789763821328385,-0.053716169704594675
0.25711281017369275,0.6622690608127386,0.8503335193457626,0.40332554896123024,0.6347555132962465,1.0000000000000002,0.5284596838655633,0.6145100978220214,0.9253507987176137,0.21951209075711595,0.2001082422693504,0.1612409765954703,0.2731984080920509,0.3140831902467427,0.27877691459889753,0.3105615695204718,0.0759948895853363,0.05081311199818222,0.29453256833155156,0.23285982401787925,0.25327229535968704,0.3226702034887097,0.2037854249757812,-0.07515053716432163,-0.06850391334027404,-0.08245817086068019,-0.09253045901193542,0.10505419718025717,0.03966022245656688,0.3472091243333613,0.23440621460105798,-0.04762758732804193,0.11643631712117462,-0.07590057217902889,0.19305333951676054,0.7169513029476993,0.06765741425610217,0.2686981039109431,0.4899282803850179,0.5392538321052216,0.24552524538735832,0.0415743973332987,0.2975991460377988,0.051172558587523245,-0.0769134927108221,0.37339078047275415,0.45109108002247195,-0.013436003318221264,0.635245073643183,0.3051156062750066,0.16625431440294286,0.7727295193889485,0.4625965775249997,0.27030276234068645,0.8770406904520066,0.9201126546839687,0.5839784797944664,0.7406503429889537,0.1302791837743191,0.16150999146813305,0.17022349907282075,0.06320064567264977,0.3730491862346498,0.2199094129174287,0.350924632583621,0.2267098425655488,0.39677885117498085,0.1667958921584187,-0.1269878783837315,-0.07615864734077302,0.2550632511758698,-0.10990911303224712,0.13716075484185944,0.5307038608899244,0.06281750751498492,-0.14081163457542217,-0.05690044672229754,0.14441389080453865,-0.04998876265952624,0.012043948990319147,-0.33348327101028097,0.10036476209664882,-0.18657714346500323,-0.057760398378382594,-0.37567194833121365,0.182423929490293,-0.013055389798318714,0.07389067687961398,0.43486184729225397,0.3031952776983019,0.025679716261038456,-0.07237347685699246,0.5014341061095745,0.013574364542222161,0.28962798672986223,0.04511676254281013,0.34297175214151515,-0.0753361477579382,0.6110953765291738,0.21568777372701298
0.22493538743206093,0.5371260184415667,0.5476316654717508,0.4247249552259662,0.4343311559072137,0.5284596838655633,1.0000000000000004,0.3417781689048076,0.6158319197722149,0.44211767371550187,0.3215367835886665,0.3989907194355026,0.4620178017746549,0.42450812228371576,0.29394525893178586,0.5582367862085464,0.3367218261879471,-0.08983710978438458,0.2288352249885708,0.3075935590593023,0.2327855689874889,0.48719899368264374,0.27033028139444737,0.42297912404820653,0.07683325464656732,0.10845823325121906,0.22281304999329768,0.22957819026753934,0.1610470030291446,0.4055400136129853,0.4371808337823879,0.18414828831964722,0.3183920123506964,-0.20879926012642286,0.4337177674617108,0.5760147654942662,0.015933220661382405,0.462070219622992,0.7730013552384204,0.8562644274784792,0.4977541217926225,0.33994956361785106,0.5026264486296407,0.2257248968764043,0.14395876153867748,0.5309902379266229,0.4310524836864717,-0.1364113005202098,0.5223277024641538,0.43912430761308435,0.24826469171425658,0.5217542568036367,0.8262276572737448,0.2674726679605362,0.4798417030820437,0.6058691779909482,0.5121744692966327,0.5531807555961469,0.31545129857767706,0.320718173031552,0.4464996929578281,0.3930067140518733,0.431813905644463,0.14062454029557145,0.21703790290984873,0.20826179231316777,0.7512320437180114,0.11068520675682847,-0.33150738793971324,-0.2951291237107997,0.30873261495651905,0.11754410208696162,0.047527578482251,0.8059508863581232,0.3095025930728914,0.023001819412610557,0.16141180480582115,0.22434644541268678,0.08357052549288252,0.16737308505054155,-0.15433131487873833,-0.08761762577408715,-0.18985051750741375,0.04898996314231055,-0.1925808276439343,0.04668986027435025,0.022132683332643656,0.06555531198662239,0.3432765421645584,0.5193487158163664,0.1337825579855704,0.13827145947187738,0.7090228227824528,0.09565865851517952,0.5646445626611086,0.19371374985112502,0.4416659953427708,-0.3228152421325655,0.47784407165139914,0.25634449862366604
-0.0878403018661635,0.7145863125859784,0.5231329466439069,0.729249137776518,0.7447394235317483,0.6145100978220214,0.3417781689048076,0.9999999999999998,0.6345432478777794,-0.021679145907278565,0.10663002722286226,-0.0035797966161688565,0.008439368024474196,0.3643501619380179,0.2585727404097809,0.240542567190739,0.16256945321040273,0.5082488201569282,0.5233443634879124,0.30988135923371324,0.4781165605889145,0.3800580800272992,0.2803792804356695,-0.10250694497798786,-0.16354992211210828,-0.03891875333021691,-0.2001916385837936,-0.09553623558738401,-0.01072847299090938,0.20328013501666506,0.07496752779189562,-0.20948762318957245,-0.12461002955227558,0.1883149456475444,0.11436478363552251,0.4804002354711315,0.007139282502377601,-0.108281542915152,0.2094202601473085,0.272835220536682,0.10347932689927286,-0.1409138877985656,0.1870550822778691,-0.04166275134450602,-0.24883174554337825,0.07242915944956906,0.16717996316085934,-0.09061515969653397,0.3884448533937861,0.11053501571407642,-0.19977030365827722,0.6361276477705624,0.29421257059228934,0.5496144317008675,0.7091986111639121,0.5158843332846023,0.8848569995759697,0.7452680836914584,-0.001365362789432776,0.11981735432193298,0.2232836386393351,-0.004363640025572212,0.3357276003390957,0.1570559322129441,0.4963002216478619,0.22443491187525527,0.16230260578755193,0.4427199939486384,0.20545370089313528,0.3821276093627481,0.39298188064601347,0.1586955988689217,0.3422550558097196,0.2507053676182537,0.20947194217441864,-0.037488628660732055,-0.1609031423113209,0.05688238322061311,-0.2542987153397896,-0.1504017602552065,-0.11225856706686639,0.07042505617938111,-0.2511341758873547,0.04046437703617181,-0.33786073904160074,0.15989238793686672,-0.08025085815060828,-0.001084194798395138,0.39733272606146686,0.11945391269213455,-0.2860881941158434,-0.2055009843037617,0.2099303119765513,-0.043888102519114056,0.12276714289722597,-0.04763571145896518,0.016015379020438574,0.0013657939617727148,0.26200606510607294,0.0352669424775628
0.305294251536516,0.6494560073631901,0.876277164868273,0.3494776208658013,0.5684590908234329,0.9253507987176137,0.6158319197722149,0.6345432478777794,1.0,0.28024791954912454,0.23229445501757848,0.1714002921498184,0.21505970837287094,0.3140062142764133,0.2392484530896947,0.33448483247864363,0.024322013551217186,-0.037619751600793776,0.19973948336510938,0.3616799665354644,0.29694551950972486,0.24074327234138432,0.11484167325630588,0.007104089007301384,-0.013873832970576004,-0.10314300577734219,-0.018598789997567058,0.16952656237774252,0.17327844351768582,0.271633129921817,0.30484789115119526,-0.031313908844132134,0.1588109474660863,-0.18834089904531923,0.15827975294651303,0.798626026622561,0.12892253184585753,0.2605671953640989,0.5142637293690306,0.5861409607762018,0.36052646663610344,0.0760751013067879,0.32525159359812517,0.17413768881963965,-0.022904107664384166,0.40950925529998344,0.4254213648498327,-0.052049037611568205,0.6979880930293287,0.4363180473695605,0.13521488141423996,0.7582777653907662,0.5101395151206058,0.20341112236478637,0.8285740066008779,0.9064766305561434,0.5910537944847254,0.8489616547803538,0.2291389843434243,0.22701420358019647,0.23954927160031703,0.07693889095989569,0.3465815685360335,0.19864132564321857,0.337540897503644,0.18964976336590283,0.4648886467952148,0.12579645867138636,-0.28635544579610267,-0.22757277457436395,0.301494866156089,-0.17651219441565813,0.014459961582081668,0.5782361585730722,0.15368743009938668,-0.11571019862563595,-0.011902777788974188,0.06302751851984285,-0.0012013757092379361,0.015988851094414776,-0.37501971969275816,0.08208671838644087,-0.2307117928303605,-0.1413628482972227,-0.44094372722971853,0.0972263148335169,0.0411865438220535,0.0822118854077499,0.488730309976075,0.34986853581222926,0.03806237548335376,-0.0250741610456726,0.5025068134500325,0.02269273242687933,0.3153047422053334,0.13701109467596048,0.35691854508557724,-0.22499883635392892,0.6438558416447172,0.3210804137529237
0.45412763527140737,0.27467433814384734,0.2568452058702536,0.020203155323109755,0.1265069351446399,0.21951209075711595,0.44211767371550187,-0.021679145907278565,0.28024791954912454,0.9999999999999996,0.6436356416296415,0.7944272210185032,0.5670891788068624,0.2558765425648487,0.22735375432171204,0.39451026697523894,0.4254957363991071,-0.2489398123607242,0.03750815341706481,0.16980282112289588,0.09866956899979287,0.17497146811885325,0.052298304306970154,0.38934279835231084,0.4847017002661781,0.26606302790128084,0.02297109544975106,0.1582204082412728,0.20019833077492855,0.21199920738322992,0.3157104038040777,0.4042970794291479,0.37526770946337423,-0.24771526527279872,0.21459676244070186,0.2510575049877589,0.08812651790087418,0.6490100771751139,0.5833954711682925,0.5544402568608199,0.12063598917409211,0.359702645327252,0.20052080163624206,0.27285653946712846,0.05876790788518046,0.23160532672188366,0.08871448481680509,-0.12776058895647896,0.3973270356224048,0.32667346163380867,0.625968214691973,0.29303160728774064,0.5159339382151279,-0.05906161767767768,0.15891799183059663,0.3644315969206348,0.0049109367405786005,0.21879266630324734,0.8411404693701334,0.6351576935770186,0.5321441493485901,0.5328196456113438,0.3188577028278202,0.14240092593476958,0.125335453619107,0.10989906847951457,0.37762968095647226,0.042669308395248476,-0.25804744403849045,-0.2597826270755263,0.22753107451590635,0.06763666814879873,-0.09681201235834873,0.6270762985968373,0.4882743176249187,0.4075562033032241,0.38973297559147646,0.17449633026785485,0.2096690131185171,0.3586126765292518,-0.13077230969248485,-0.09426698596590559,-0.10757763296887518,0.029470679133148162,-0.1477254165294839,-0.18263582847286955,0.21650269605602518,0.10633879231473048,0.14098201253154552,0.2945223597822805,0.4583751270987566,0.45124153566579206,0.5215644288910702,0.2976549636369785,0.38319636626334747,0.2735122060276504,0.2488174645435775,-0.2401502515478417,0.41137381471868273,0.2971789010610968
0.388598746247276,0.22551451412815637,0.15906096113839,0.19383168649596583,0.26038892524676466,0.2001082422693504,0.3215367835886665,0.10663002722286226,0.23229445501757848,0.6436356416296415,1.0,0.7533631330630548,0.5450090077805044,0.2823924767339962,0.32656363561165774,0.304317111692117,0.3405182388428108,-0.11309671755957128,-0.003500321921551127,0.2933868548461493,0.13770342452697037,0.19227603383877104,0.055467456828773076,0.47248094045220657,0.12193939049960127,0.5036445037148208,0.21287883642071687,0.33331845706490987,0.3912722806068976,0.28577127183215617,0.219158643034764,0.34283172802941814,0.22510050859660014,-0.20767722216256565,0.2494146233040339,0.3148322459511046,0.16144954657696978,0.37018949263935236,0.435995199357319,0.3904937554852661,0.19040933660472617,0.406951749098706,0.17803929715527989,0.3948625451699466,0.10343381890644703,0.19404072053377472,0.09606876875555735,-0.07086986507751755,0.3223204699776544,0.38799744462670077,0.41164258514747515,0.1783905613728466,0.4062888379269725,0.16561256554362724,0.11907408794426791,0.2839577480864381,0.10400835651996926,0.2239736367861488,0.5683162151434161,0.6239057553180933,0.640963025040466,0.583229200898538,0.46185448030289666,0.3492623640853009,0.1919318784743643,0.2272354957462024,0.4109502011140008,0.08881731043235419,-0.1340512476320684,-0.12718674219013001,0.1806313819601328,0.07897550932670672,-0.04002953593786096,0.518263526008354,0.4041752983931466,0.3617895737050835,0.5122329603053977,0.35040537162763874,0.0693997479121103,0.28294848874677375,0.002683767339765889,0.006165753181496304,-0.07953933185968676,0.03381573347016524,-0.07507508289441829,-0.09619573393075431,0.27709855151888946,0.34995551021386034,0.309649031076527,0.25645049669779907,0.33838054403183065,0.32145301388163183,0.43056646495898654,0.16024837266600706,0.3378015563332811,0.37273032572168374,0.21254523220815758,-0.1505861513271839,0.36934399450386024,0.34330682469826634
0.309455779067229,0.259811486800397,0.16358676627477667,0.11478449819152733,0.2176334869166853,0.1612409765954703,0.3989907194355026,-0.0035797966161688565,0.1714002921498184,0.7944272210185032,0.7533631330630548,0.9999999999999996,0.659463870053445,0.3911608783824497,0.3331197472376989,0.3218667741553791,0.6073110192983334,-0.1704813644827917,0.10395404293628333,0.17330694582519068,0.061222679303822844,0.2842248702712044,0.11598584722039863,0.555250972895428,0.44392239350666896,0.47159640450986834,0.2484572784898021,0.2773839669915462,0.2362030152706702,0.29820335046207996,0.31782114699534536,0.3799232971920119,0.2267724256473404,-0.18125994240261337,0.34795985647440714,0.28104711758954,0.10818475194081899,0.4581318259276219,0.4577624699031572,0.45448539043948827,0.1810056836353342,0.43631262202374915,0.24714548013266682,0.35678998702318104,0.22257307233888898,0.2173894058189023,0.09817619783550603,-0.08574588738320066,0.3581911945184831,0.3216626585486904,0.5100705287219627,0.23626256456864383,0.41798147781093536,0.0577890961849155,0.12326937436102105,0.22024228752259986,0.022832432461275125,0.17734177327416012,0.6819093256277274,0.711762101211434,0.770894887486465,0.7206517791255781,0.45432399583364963,0.24058642500657718,0.15836575989233453,0.18383396734136517,0.34767393350822173,0.1705261091788347,-0.17705656663814026,-0.2025176209203763,0.14516982628638253,0.2651793810425782,-0.04995562724770827,0.5134314770189505,0.591574220510658,0.4914230287662164,0.5035497097696641,0.34972098487618536,0.15829297880948354,0.2600149414163439,0.032021832833328955,-0.06733406384031289,0.0320847815815497,0.17680613310715,0.0259527588481164,-0.09410930594415723,0.22727129201756793,0.20790558087847824,0.2199708405225191,0.2898533495752875,0.29331545558579025,0.32993968207981816,0.4113536113246599,0.29237705712228884,0.4069972166602491,0.3427929252800949,0.24044534569302572,-0.1787990050807583,0.37033052722648646,0.2831503702792491
0.17785330115643147,0.323803790973736,0.16798870919557277,0.28025178801416106,0.34996797750590086,0.2731984080920509,0.4620178017746549,0.008439368024474196,0.21505970837287094,0.5670891788068624,0.5450090077805044,0.659463870053445,0.9999999999999997,0.36942538509018374,0.3074403625059674,0.2762643056366273,0.4175589426127547,-0.2193551365658583,0.09808741648302545,-0.027165497838673173,-0.0029277440546300274,0.34885967939310664,0.1688959822109459,0.3009061617823907,0.12417143668155382,0.29960388462669046,0.12444733070133475,0.2639151649321168,0.06695205248655277,0.4416443933911348,0.08562867999095151,0.31827285979915376,0.2840092491808609,-0.18819774900434313,0.26387093931346944,0.12921436625536814,-0.13133976018782367,0.5152960100682684,0.5156300435451506,0.4535358080424658,0.07289982052719172,0.2908053360546167,0.20871228975094003,0.14841562932831012,0.12014574922373777,0.3348153665663241,0.22594290135203846,-0.01723474290877359,0.1521899168211397,0.11166849793211074,0.395864794217027,0.280293813839514,0.5252842353868569,0.24044929520806627,0.22639430083233475,0.27561667283026997,0.09448133751166388,0.17237463884020904,0.3064401315487228,0.40853913970203104,0.45601972391538254,0.7863147152292512,0.5244962524239924,0.254933836988492,0.07999364737530523,0.18892572059784837,0.3815954068042673,0.0105119838400821,-0.16327979115826607,-0.23118479039050813,0.06072817980792102,0.075477051000696,0.020196799446135567,0.5126425402714676,0.17198551418367938,0.1074798566683009,0.2297155323697878,0.3740752503234415,-0.025516973918562075,0.18342497952360817,-0.029201215963518965,-0.11943695166773859,-0.02277676155617159,0.02119349654308644,-0.03025307208554589,0.0033230500385900506,-0.05456221943100502,0.2509906129903444,0.02065732131021239,0.2826369745390122,0.2649350144258393,0.14799247345694594,0.47593264572713045,0.003883580664612941,0.35815232968065797,0.1811228096837527,0.3747105522253509,-0.09747825009092391,0.19792438033396198,0.06323557011456718
0.001787658146430026,0.4211763075609238,0.26349615202655047,0.4286504251755705,0.47191827954801246,0.3140831902467427,0.42450812228371576,0.3643501619380179,0.3140062142764133,0.2558765425648487,0.2823924767339962,0.3911608783824497,0.36942538509018374,1.0000000000000004,0.7373950791595344,0.13010720725343977,0.41686876527729966,0.14329010690163643,0.46572832052106544,0.23397606199084814,0.436886995454959,0.4585013815498484,0.5706816264270855,0.24282606473857993,-0.006815394100661748,0.07633024364219966,0.12633941007173813,0.12992085243394555,0.21168962935935762,0.5646270020182518,0.0910332082370989,0.10166322726977617,-0.10901451212138961,0.16712624011686972,0.4090919596541076,0.3468516104993502,-0.056689489324920996,0.21254034629327556,0.36303991888866455,0.39949899170012826,0.13488132859360796,0.1259576514113082,0.27822175413906014,-0.030578631113321195,0.07959706481558765,0.22335822442467207,0.34088727532274965,0.22381643808509494,0.24778534172167688,0.09244394281216045,-0.018116982605635067,0.32659194109008644,0.3932624491566645,0.4005821778717638,0.39783309167177844,0.3040517858928667,0.4699203640466022,0.4127204151944227,0.08286382334218019,0.11095485175988105,0.3281933570889345,0.24690779777957514,0.4452194960130984,0.5487233247544911,0.5746763736367391,0.6042296350508242,0.28551455852076674,0.23485475733044195,0.05512480993385886,0.033933278012587685,0.4388941150734838,0.1946580305318739,0.411944935551704,0.3803784393864976,0.1649166525455756,-0.06954976469897141,0.26795221334342323,0.467678324186767,-0.2224952194536731,-0.07450415360810396,0.02362739229101187,-0.10995740522421923,-0.10269636184357174,0.0791835715510863,-0.09647348665630524,0.13395840990926905,-0.04047359321639185,0.0177302039726729,0.24128556730695597,0.23672857347706855,-0.18332512645558646,-0.13301967087984673,0.34667420756001427,-0.12779831318552995,0.19857744148143622,0.0011715302689268355,0.16664767739491715,0.08283710433148664,0.2399372193469967,0.06946174929219019
-0.028083993607313836,0.41170818527204367,0.18019963714621948,0.451136120196717,0.4621093775605631,0.27877691459889753,0.29394525893178586,0.2585727404097809,0.2392484530896947,0.22735375432171204,0.32656363561165774,0.3331197472376989,0.3074403625059674,0.7373950791595344,0.9999999999999999,0.05935928588562321,0.18611058404048653,0.10353756183986504,0.18153332964253027,0.36583736514805915,0.35005748273731435,0.25299626141005843,0.5835020777805211,0.24398323757417342,-0.024791020788047135,0.1342248005131375,0.23613483888993034,0.24980575948300074,0.3691751039968845,0.705445792458354,0.0748699310728938,0.22615549739193858,-0.15506899420635,0.13808413661715865,0.3456469740233115,0.305491743730773,0.0923194107053161,0.22651200815942052,0.34837292832637934,0.35562538756275885,0.0586962476432026,0.0838686978148307,0.1981646982232629,0.06234256599511118,0.016768917500680814,0.16902295049251811,0.302262178496662,0.36163598963625815,0.15101038971448044,0.09158765580720707,0.07494980282975197,0.26014198975201397,0.36548902138928097,0.5087065441308769,0.360472428669027,0.242783244381229,0.35885178372713733,0.3255291328934714,0.07808102927434085,0.07786052646517044,0.34365650118202373,0.26848809802592566,0.5590714038198925,0.6692813822725477,0.5540745085664055,0.9292145375308184,0.27100057227678503,0.02996938040188924,0.12153239476477706,0.10884614554237818,0.4508468837762935,0.18008001551738936,0.3991310274640868,0.35274104333520206,0.03840419091605321,-0.004561726017980285,0.47925453850295946,0.707626967022391,-0.15208386969055243,0.080488369733168,0.1645019026884824,-0.02625935379475478,-0.04644803975905809,0.02921238927077695,0.11508749692288625,0.1535219768332309,0.16139684767837412,0.24295975570471745,0.26896582577460726,0.317189248029623,-0.052551262290770256,-0.07717296202890375,0.4061500305768594,-0.06979462095027424,0.13667370481337313,0.12167511893196559,0.2315902697214543,0.21402740998335507,0.15310799549606668,0.08963808890240639
0.40397446526594677,0.48556681552100794,0.35453163397253984,0.28580441088569275,0.25607770834124666,0.3105615695204718,0.5582367862085464,0.240542567190739,0.33448483247864363,0.39451026697523894,0.304317111692117,0.3218667741553791,0.2762643056366273,0.13010720725343977,0.05935928588562321,1.0000000000000007,0.42684908481752154,0.22213364873858496,0.25068610331778973,0.10652235371728709,0.05764713525617909,0.5213646179338148,0.1970261211270912,0.39370885952785784,0.10773629801371364,0.18260810240503866,0.07929443285522308,0.022698112346529277,0.21220235483256117,0.19518995209414375,0.4250521362260075,0.27693596271284887,0.4769878973490613,0.15851263765881923,0.46675476191498144,0.3756915876219387,0.14044765478931207,0.2833840274610546,0.43300571723209486,0.4637642285841659,0.2647165870146066,0.32958195010131713,0.3121275019543593,0.21733381868479182,0.17607615908045793,0.17652452100482258,0.17766428628601888,0.040541102554667294,0.3929719550039185,0.2562693731562578,0.44479639292109435,0.4286180454552083,0.6151182056389048,0.16384445837191625,0.336585240739902,0.4482375790841704,0.2803089880790432,0.3119259731721422,0.350145134447697,0.25355861337183755,0.27314514466720485,0.21562276342154338,0.2579233493363059,-0.0007393920621302508,0.08441566882357096,0.051784948700610116,0.3621111395720736,0.1225022993739784,-0.0696078126318917,0.009048250373090457,0.05706167773533996,0.14005790408296415,-0.007027514120481018,0.4243141014844114,0.24119924940277473,0.13601871414248604,-0.014829968743823356,0.059738490156698555,0.27960118159129527,0.2127520165820459,-0.13147416475295667,-0.06633664366000877,-0.10791432089000418,0.15010087924610752,-0.1361656498797215,0.01909585521583165,0.0014582575764252985,0.022855648116568834,0.2103220576495546,0.10600827112293404,0.2589198770806494,0.2990261189245316,0.39663070479759366,0.2132072371723724,0.3233331389226371,0.2484098042603722,0.08500256811597828,-0.14718587497156116,0.41420508182880206,0.17497901274283678
0.10294938425761518,0.20908459139989735,0.050539836647418915,0.2817488274460659,0.2567221764731558,0.0759948895853363,0.3367218261879471,0.16256945321040273,0.024322013551217186,0.4254957363991071,0.3405182388428108,0.6073110192983334,0.4175589426127547,0.41686876527729966,0.18611058404048653,0.42684908481752154,1.0000000000000007,0.2518661993101869,0.6302798638088356,-0.16403918980435933,0.2801721916822487,0.5279110100726343,0.36901849161895706,0.49314017765448215,0.2651696425461956,0.23563375937881453,-0.08822015835262043,-0.21518389321804085,0.0452800506450045,0.12642349506481312,0.18302476312904217,0.25992359592269404,0.06477379010489562,0.16721019854488473,0.2862297921632932,0.05734454202751407,-0.06414793437513826,0.23699914151414359,0.23919588069129125,0.2509307281084737,-0.09305385790908928,0.08990943883544923,0.06868646706449393,-0.016687792870681215,0.0329340526500307,-0.06048025619001122,-0.18352774798845095,-0.14007901380016552,0.11001744414695866,-0.06465425663523071,0.27229195440257625,0.1760209891908914,0.2891674410059187,0.1145359402614716,0.13507828839516353,0.0777433073615688,0.2128891082631106,0.09034308009637505,0.3695406277835166,0.4618322372446762,0.5112476765867547,0.4705130804567699,0.27365817586134045,0.14055376149467258,0.2690754516309324,0.08230217713269233,0.03715203718543793,0.5549494171513571,0.14762288057591533,0.15388608317687183,0.17264224548711538,0.4043175018672064,0.3090926978138339,0.21720104348170569,0.5780115654175267,0.2685438356910443,0.13770037235123186,0.18011171637811316,0.04075235983923305,0.11092719513210574,0.13550240731050617,-0.3157998177790767,-0.15763066648459695,0.14181266670803278,0.0027974550826309692,-0.24215081728231952,-0.11381285315324591,-0.22744028420960571,-0.08231529842089894,-0.09380729758409365,-0.003631395849263198,0.19742170405016543,0.14257993645965789,0.1526608910382914,0.19549778731190273,-0.013821199045550254,-0.11308925984905237,-0.2459453555820399,0.13312798833975537,-0.1457427294738267
-0.21151960156032443,0.2704988579693138,-0.05473208977396688,0.389018749940281,0.2986271796166904,0.05081311199818222,-0.08983710978438458,0.5082488201569282,-0.037619751600793776,-0.2489398123607242,-0.11309671755957128,-0.1704813644827917,-0.2193551365658583,0.14329010690163643,0.10353756183986504,0.22213364873858496,0.2518661993101869,0.9999999999999997,0.5688536861636223,0.18074551269603184,0.3648933038631953,0.462735343450965,0.4917615369498126,-0.05054094219763211,-0.1283055772376113,0.0680321764300597,-0.11463915031022374,-0.34912871612159624,-0.03302210464324019,0.1377278770473339,-0.24317635349415684,-0.248769273626554,-0.37217562629932127,0.7692455992477986,0.18726146986092268,0.01882987732707697,-0.162875575555874,-0.39628722216866846,-0.2441867476170914,-0.15142126577951837,-0.3299636533859809,-0.2691125149295082,-0.17509820302520104,-0.3130039296116834,-0.22703155964513952,-0.36738074403125903,-0.14408880043618744,0.2617290637444005,-0.0893572466238389,-0.39013444439065537,-0.3121219989483791,0.08351842105129,-0.024565772069825017,0.3082956790331022,0.15983667893417872,0.01583463942030314,0.4771473775941832,0.07345860414347465,-0.2035774460646489,-0.1624350156049759,0.011205065732749481,-0.2693719626640606,0.01289444440747916,0.02982856308531322,0.367363414784546,0.0913669402294238,-0.1346724543708478,0.4215051412095754,0.6833472630803489,0.8641088678536151,0.2969401297678025,0.4714281451863008,0.3988861733527764,-0.19924271050710377,0.03510086946947161,0.08181555177295627,-0.23349790187457856,0.15955461199181759,-0.28825437728717884,-0.3852274360567321,0.2794256495005906,-0.05186297196865641,-0.10074309252361749,0.27018274880269155,0.22476796287595135,0.13679354827466095,-0.21727105289579246,-0.1773995346515351,0.15401972645352813,-0.23187738132328603,-0.44084224331038774,-0.21753529739806382,-0.20305280344107904,-0.27027148241011617,-0.17217461758192784,-0.21748776142417592,-0.3185086195063623,0.33499051883803166,-0.025101345535212056,-0.3222929262299864
-0.12852699481245922,0.30417704652931227,0.13656596961698522,0.38393074806170663,0.3485684491275809,0.29453256833155156,0.2288352249885708,0.5233443634879124,0.19973948336510938,0.03750815341706481,-0.003500321921551127,0.10395404293628333,0.09808741648302545,0.46572832052106544,0.18153332964253027,0.25068610331778973,0.6302798638088356,0.5688536861636223,1.0,-0.08046180415058767,0.6089185804419106,0.49958222686193415,0.5024781331321979,0.04879718429434642,-0.10294543491203924,-0.18027407745067206,-0.2890170838916214,-0.45393536330296186,-0.10424694612881386,0.20328945480539407,-0.14565637198172077,-0.10244495503541744,-0.19927700111814012,0.3900006517638126,0.1472447564594899,0.09539145281823866,-0.06741014499879203,-0.0361344538016401,0.07383794145283486,0.13016430679120086,-0.2041364991456458,-0.23518260096610086,-0.010635699208929051,-0.384910181376349,-0.2760314883822034,-0.05043443487762947,-0.05870976237980647,-0.07357208992604963,0.05677141127949061,-0.17647918240834107,-0.14770374237718703,0.24554285518460486,0.16379543727438067,0.1452417928392233,0.3405414480662149,0.21143845966833968,0.5644415019863892,0.250353455609289,-0.032997538331582046,-0.002629152328951114,0.11873982089883453,0.026637080457371058,0.10047091034995947,0.12620966909381762,0.5868202017246749,0.07682500900021079,-0.055182710003803995,0.7546695569209976,0.45265309432433576,0.46215512232906725,0.3864434721735015,0.3241421431726786,0.6273858620078511,0.05225892157671526,0.3007110150920183,-0.09194210098617157,-0.1490070125196042,0.13892690684391448,-0.31663386530876836,-0.15153888784949415,0.0976731652992529,-0.1432572304319521,-0.24772080480202902,0.16001517479636507,-0.11204726810821854,0.043233228652876064,-0.1814929945334882,-0.29574741984731967,0.03132325358845294,-0.13831779711479944,-0.2556765783217891,-0.1020078141926077,0.02604406371563068,-0.1259251557220386,-0.04886989243867299,-0.3444335410319834,-0.1042412379130774,0.011678263192560373,0.035348320600688675,-0.2205832807505942
0.23225034558045424,0.4085783795615717,0.2891378905955931,0.16880396089448652,0.18597240203972015,0.23285982401787925,0.3075935590593023,0.30988135923371324,0.3616799665354644,0.16980282112289588,0.2933868548461493,0.17330694582519068,-0.027165497838673173,0.23397606199084814,0.36583736514805915,0.10652235371728709,-0.16403918980435933,0.18074551269603184,-0.08046180415058767,1.0,0.437620134005782,-0.012870659093847582,0.22487411255157677,0.11381226355593108,0.06512828356776529,0.14997494783131324,0.4518834578884985,0.2038082374540393,0.5353191667859946,0.21569267522644342,0.24772176156797057,-0.05004764398981866,0.00047586126708082914,-0.09732496736496093,0.0026622294645361083,0.5481512102015477,0.21010353099771797,0.12783428357939924,0.18110319044019288,0.27366333512771385,0.19761705622164413,0.06171143091395667,-0.044957266515167654,0.3570145974013326,0.14270927899310293,0.1590371977937853,0.1436335203696016,0.30259226345567075,0.45905060097585604,0.4815803137595775,0.08344427203888076,0.3050710490065295,0.39455936600118835,0.1982076695531483,0.16838965489684576,0.29791163077836846,0.3465056364796514,0.39791693710708265,0.19997955267244974,0.12933405132980405,0.3028976969186912,-0.015661705292373766,0.35160506449176265,0.35862900375342416,0.3689887440934543,0.3475255103652914,0.5112387661584527,-0.05050776005522812,-0.14945345343756586,0.07348480723024046,0.6292514562094034,-0.0184852496272673,-0.019938732849163032,0.326775204092866,0.19277465446730685,0.08183982755880181,0.49583244384532765,0.15673358140076618,0.10982955369632534,0.062332698935629476,-0.038207378375296454,0.13017200740170864,-0.004685646040513514,-0.15229901866834722,0.12655850938916816,0.07261656252733434,0.4303543075744478,0.21250407454174838,0.7280399657022546,0.24576573246002018,0.017190521830740907,-0.038216358067569525,0.31334533223989763,-0.0048112973762372896,0.08490266519869108,0.4149465533383006,0.27673716365441975,0.14529799000438207,0.46279228407905015,0.5180983637789998
