0,1,2,3,4,5,6,7,8,9,10,11,12,13,14,15,16,17,18,19,20,21,22,23,24,25,26,27,28,29,30,31,32,33,34,35,36,37,38,39,40,41,42,43,44,45,46,47,48,49,50,51,52,53,54,55,56,57,58,59,60,61,62,63,64,65,66,67,68,69,70,71,72,73,74,75,76,77,78,79,80,81,82,83,84,85,86,87,88,89,90,91,92,93,94,95,96,97,98,99
0.9999999999999992,0.5783482064313515,0.1806289314977241,0.08141851439525255,0.16721070677209424,-0.031352312077757766,0.397468364196825,0.34139697762028887,-0.20514725609680076,-0.11603142405715604,0.03663679449281609,0.2757045382187979,0.3174627069122605,0.17336849739480953,0.31548633362984785,0.5828863949468233,0.4185549035525626,-0.17090824407209693,0.11479095286685688,-0.2873321038255719,0.028262838021333104,0.2407424159004142,-0.05268992540904641,0.44778281570528633,0.23276261769516576,0.12697521337327627,-0.08237934472614261,0.028127331134982864,-0.5383491067462568,-0.1295825809087953,0.2507775336237995,0.4812148372220125,0.3368682377637122,0.1001816445032795,-0.0298277842785073,-0.15895015079767522,0.3911595006760408,0.5860174399192566,0.1171718351377635,0.4691154706175349,0.29938822394202524,0.01675229705457358,0.41387795132316224,0.3259195106318148,0.0023636983674269843,0.14782708854902282,0.2309836198442376,0.11071332660585799,0.5579956935487677,0.35508937412698455,-0.1480895760339119,0.42077344995419186,0.24038111114144795,-0.10795494638889784,-0.12948746575058792,0.40471263109169064,-0.12536041982504065,-0.12170978659138035,0.38302277140288643,0.09585878850318925,0.3186048745960585,0.3294152986249434,0.19950015790373354,0.09468432939060403,-0.19300773190249662,-0.16975951543416046,0.3763765758085904,0.4210459863437932,0.10619061604429907,0.023732154534022908,-0.043281541087410516,0.13179419360258032,-0.25610199929369404,0.5109492225376031,0.40587671850304413,0.5019609975346232,-0.06113249147420131,-0.40324634063706943,0.31193610645755,0.3873346225906457,0.41407476859772085,0.39624206879310975,0.14016179134516354,0.12937966198911333,-0.08808767959471434,0.1291869807924792,-0.10991928280371172,-0.010654259441122374,-0.6622225309488209,0.3175128093353548,0.4506511872496687,0.49664464436097633,0.2952577881714616,0.2697929442096053,0.24586172594167088,0.38859347205571665,0.015648474124224928,-0.12224900321459381,0.1653794800745879,0.18923840229061034
0.5783482064313515,0.9999999999999996,0.3619049245595697,0.5139354986946536,0.3007854625326194,-0.026657490474290772,0.4116875565762648,0.5084275887616474,-0.03654447653112855,0.2191968964513395,-0.09499008304504515,0.2208264491241341,0.14581539929393464,0.10069677853891353,0.258366478821506,0.737795106184232,0.099267546898969,-0.03597039256022008,-0.006234614990991199,-0.007486776590466097,-0.15689266676244698,0.05345354000225826,0.018649972199313632,0.29793512216691614,0.35473263095559865,0.2001129757543283,-0.014791544551745101,0.04920148323278106,-0.39042563589319457,0.01067478812322101,0.18220356608002442,0.25837612732435666,0.36418638035065515,-0.017360794812788512,0.07069457321819556,-0.06352111358316478,0.5049822615136053,0.4059263402917156,0.23186602009935145,0.31620420483211875,0.08759508999115156,0.0036607039191880993,0.5495556759562383,0.3531466664004907,0.06477407538760885,0.2802481245426765,0.13462601662141183,0.1435809946116348,0.4326402350306373,0.31216678649382146,0.183330053549361,0.5130034130061021,0.18393823989132488,0.297417256430424,-0.06533540926771546,0.40825009836649595,0.03150602380003241,0.02224803872239468,0.2734717180104815,-0.05203957176201769,0.4266396740159646,0.31901624128951367,0.1546352100038945,0.1459797372253303,-0.1350606067179954,-0.08122010936951349,0.19311411260432565,0.3107528151083041,0.09874946579127022,-0.014881028160606966,-0.014790470953046425,0.3160261655659129,-0.11195854127909054,0.25121574753807363,0.5043098308092305,0.5181172880547553,-0.08712959232881941,-0.21435623755193692,0.23325849461349507,0.22412525660766983,0.4010472983590786,0.19138609617333147,0.3761405388424524,0.3650484438487261,0.03813194438229597,0.24187673165165466,-0.06437236525892598,0.15377336233221664,-0.4177313647783208,0.06036222484538114,0.23642238138598598,0.4601620630839335,0.2176798457860051,0.15520004088033026,0.4745847489167024,0.2949513303397675,0.02865237740277848,0.032724229081392955,0.2247095236765352,0.007841047311409013
0.1806289314977241,0.3619049245595697,1.0,0.37183798380025973,0.48886598906334355,0.335663694520295,-0.058591540179329674,0.15961480755125135,0.13369720146461683,0.3113477583737257,-0.04674574916794399,-0.02744979209296253,-0.0933678880152717,-0.05279533880694966,0.21134348635101058,0.1887757956075346,-0.09625688715742808,-0.1811776525409978,-0.12716356713556728,0.1736619557192485,-0.22549771726795345,-0.17106798326361622,-0.17086726255299942,-0.04177490732197335,0.25905356659512985,-0.052892767721775424,-0.04846415402619525,0.3543815459686568,-0.03793779293119628,0.07448483009346052,0.14164447558765852,0.04229832581148078,0.06301909777848828,-0.23791035089690898,-0.077279116478993,0.34576166563633004,0.32760200157260094,0.09897469697875097,0.3684685031868617,0.23839815127248987,-0.2507689823561204,0.009978123739520766,0.19995054133352239,0.047563025175962816,0.16081569695558404,-0.20385052636303266,-0.24039517425774568,-0.14080748763384357,0.17674376927203866,-0.17202824718276058,0.026830841811794504,0.06730569851740897,0.1858001707802517,0.31394666271893046,0.6745181266364345,0.059940100518498816,0.12515736089329463,0.32179707419312215,0.03555630001903331,-0.19139074250705868,0.04183726717444977,-0.14684376234964613,-0.1341337130634239,0.2712922212711187,-0.014318874802150584,0.3117229334227619,-0.08002558777684197,0.029975059892364538,-0.21742714767368845,-0.20882581913694412,-0.06989909470907481,-0.24766961122850462,0.13117469225976616,-0.07917844794766475,0.06444647512917624,-0.020071944547903536,-0.2597454085957798,0.010643758013535296,0.12890990100609154,0.062242000889925264,-0.04449448972714085,-0.1389829705168939,0.18671587744702522,-0.0007172522729747082,0.13625921238247116,-0.07976127057962491,-0.10427499773116293,0.342248646076009,0.11169427786828369,-0.3802003752360974,-0.09153421208731057,0.11336933817939415,0.11008151938395677,-0.07929828482701673,0.05729413984073397,0.0976941290646859,-0.08329369052968749,-0.1425909313361998,0.0908488784129539,-0.14121463085269456
0.08141851439525255,0.5139354986946536,0.37183798380025973,0.9999999999999994,0.3009236651508101,0.05262678421214024,0.14340732363997466,0.4377414485476258,0.2650138349558232,0.41982411079190346,-0.1569613820167907,-0.15379384199763427,-0.38119856805637403,-0.3269273652916688,0.14332342305810458,0.5458052309405929,-0.4549205217555569,-0.06038596189472686,-0.43224053687160513,0.3037027271792955,-0.4986853358034186,-0.36562644597703686,0.12409384917490818,-0.3709496598860911,0.2902150706980179,-0.041824939542273065,0.16741649668050415,0.28374276460928277,0.007133819391177356,0.37193363227930304,0.2933428060584977,0.2640948631943225,0.20370413557392097,-0.4913061718783083,0.0195684523271866,0.27219327814311345,0.3509403538941976,0.24738770413371464,0.28447113915245553,0.14900909538696294,-0.4612900009308,0.401476308479,0.4954593892373752,0.03860635117881174,0.3955932977290376,0.32101488016781937,-0.26495765375739816,0.16252791929010832,0.014842077911261384,-0.08726411758126806,0.132683503779658,0.17028662795159066,0.17536335869100672,0.6683125707771891,0.15441128831979042,0.010320824854809356,0.2998770532453808,0.27554201493139246,0.1123809096817718,-0.020656205259363094,0.35000228320376814,0.32659604204870984,0.13332774975133135,0.25516296370105246,0.04940026822849628,0.20117511659238366,-0.1458228347638284,0.29150708251880914,0.006537302144003102,-0.19668204588963123,-0.14454680565432132,0.33045311593036614,0.3469367011308439,-0.1777551996846987,0.3693376110338957,0.17202010358533026,-0.18803642076000446,0.11509401365264388,0.2622818242447846,0.10297901112575616,0.16470065109112225,-0.17042727547342876,0.46439311384699444,0.6654971154479109,0.6319222272089587,0.4721133976289382,0.11234136693650183,0.4409348767307095,0.048945323730486774,-0.26840375536083416,-0.1962975049016286,0.0713843368948306,-0.052400469757649504,-0.23196008266149423,0.20937436726393896,0.07912176446008992,0.3769142860759114,0.35999377456579423,0.09335975582610667,-0.3080732981490875
0.16721070677209424,0.3007854625326194,0.48886598906334355,0.3009236651508101,0.9999999999999999,0.05116915569723972,0.15980101733279004,0.2666886738263541,-0.1869185793714967,-0.021463645777705195,0.18658270983807415,-0.11359915073121922,-0.09550466354090353,-0.06192651777086587,0.17565766763635152,0.22141926322920072,-0.0641622749471379,-0.17124669337278706,-0.0665509307159662,-0.01262510702635954,-0.01739410581342695,-0.08259401954744805,-0.06628592837250545,-0.14246853750119584,0.01541993327736954,-0.1835364159031988,-0.03644839378584545,-0.07136364677165825,-0.024306798418919338,-0.14525170824711364,0.1460178538286253,0.10929919407321417,0.21193382182983708,-0.07224272329824848,0.07938002604778763,0.2559638035705108,0.30901634228388264,0.11647497052799327,0.10183760284848183,0.19958578062769783,-0.11004484000945321,0.028153858523667804,0.27339989595809633,0.33879685169345647,0.11754520651709748,0.10049124597709679,0.04732559097195485,0.04618401416826328,0.027128338579812318,-0.2800483917979479,0.15313115886073955,0.31330899939915086,0.28465644069638113,0.4022884432112552,0.29857352270770926,0.05133319269425012,0.09041341253721555,0.17885009283293257,-0.04393374982314185,-0.11903863338055017,0.15493835615553525,-0.004805398733468418,-0.028569445796254863,-0.059155638105468956,-0.0761838175414866,0.007769046367642194,0.07508583733294646,-0.07369933457815052,-0.24001748853580895,-0.09578189554048644,0.010641919878064416,0.005023902504534631,0.06675336845399081,-0.07704651063482187,0.03341351762386765,0.21745895406016652,-0.32326210543992795,-0.16908268222951653,0.19449435400111834,0.15918778573769332,-0.12179883473056599,-0.10193949520271305,0.3010494618649335,0.052502039257642026,0.027885212961883937,0.06577823104562833,-0.1892756930074261,-0.019124306191348233,0.0157186202938851,-0.12368482788662986,0.0533724281867135,0.0862138064444721,0.050344634943813873,0.2037917818263092,0.1918471807589492,0.1634389444011844,-0.008442761488471177,0.010663722045461687,0.2029220458599236,-0.3451902968493616
-0.031352312077757766,-0.026657490474290772,0.335663694520295,0.05262678421214024,0.05116915569723972,1.0000000000000004,-0.09921026476589298,-0.11514656164877589,0.28499967113723074,0.0875385143124248,-0.09195720655698529,-0.058732653747725884,-0.1030347593341078,-0.26416892437057543,-0.14055755297981642,0.0013588854201407733,-0.1018652710035953,-0.13097712761002767,-0.2521330656922555,0.20041882955115245,-0.34373832615702765,-0.20835477435789418,-0.03819549363031629,-0.11336086141903386,0.1782120484616599,0.12001324429253137,-0.01828639106815135,0.3399670961070885,0.26991053216032873,0.20144992460541256,0.05432975467791457,-0.1251529235702734,-0.3491063446042523,-0.2739978441539332,-0.1526546128700312,0.16414444544432155,0.043107782157477605,0.1320413799967996,0.2711970787571075,0.1406669235083985,-0.12490097317411777,-0.16575474600046206,-0.20996612794509634,-0.3450105451322052,-0.25147593107450494,-0.06454812569307149,-0.3204464235024251,-0.3352209085759756,0.18799337686941692,-0.08829787581980805,-0.19801128605857826,-0.09471928764816022,0.05346601085535061,0.038157125991637494,0.33225814192176856,0.2420099058271783,0.1281663656586913,0.27405878445615933,0.07422618727872461,-0.10234624709007789,0.0011367476391822631,0.009364373467049682,0.048492685406440826,-0.03957381958933489,-0.19292771785261517,-0.060478269445709255,0.013203287868989359,-0.02298035381467619,-0.2764753236440859,-0.29032870338963723,-0.2698639494653483,-0.18727186206272914,-0.06049155806300979,0.04682701746334003,-0.0286243914608023,-0.08219547657723847,-0.04406824161640265,0.07908158224553351,-0.06841257374627731,-0.16045808695084426,-0.1885980641888069,-0.13141369623828328,-0.22547380996677374,0.08621659810069751,-0.06412015534516176,-0.09731539406472078,0.07031420843502856,0.21653003193913514,0.21143863317518932,-0.09807086564983378,-0.002743730797289696,0.09716662207863687,0.27671667301360364,-0.19671439105969865,-0.5249324051159997,-0.3219272026282781,-0.055608534466295656,-0.0730135202888209,-0.06853170781394621,-0.002338674792966785
0.397468364196825,0.4116875565762648,-0.058591540179329674,0.14340732363997466,0.15980101733279004,-0.09921026476589298,1.0000000000000002,0.5324742420095392,-0.16693865981386835,0.10525122675851702,0.07721253976147274,0.13816194600491613,0.015058278206964372,-0.05754951871781757,0.2409221697455988,0.5863996261017091,0.0639694648036155,0.024165580600551077,-0.03759174982397894,-0.229802074386895,0.01579530750529286,-0.03333110366717808,0.0534239228931061,0.3170784121744915,0.34311444785987394,-0.06813396343268065,-0.25171799525752064,0.06572088639462084,-0.32939087039772375,0.061509960649617244,0.18692837561061235,0.37458472436557694,0.1421945857401915,-0.06442277549053961,-0.25383192982377695,-0.1410675012915877,0.2541054800809954,0.5884520866009674,0.22894816434925472,0.6217313724116081,0.38986770917476216,0.11743044407523451,0.3984402490865516,0.5429509687056435,-0.045011045261657,0.42083957018084406,0.2529821078852054,0.0865883679888162,0.3247226911168811,0.04060996660735574,0.15423677347682282,0.4967331163591651,0.2575814056540533,-0.12022754966613991,-0.3605188962556263,0.29040692442704735,0.07795751480241105,-0.13677415505676158,0.23871851792088053,-0.047407675195537714,0.3142633195045981,0.01834964180883782,-0.007347199397399871,-0.1837172340482571,-0.2690016637230996,-0.11992224984947011,0.4329310196305905,-0.011310032142738864,-0.1850302900625973,-0.037252795844726634,-0.1610309040199912,-0.04527929762074172,-0.29451907444907405,0.3285695992797374,0.19179518767426632,0.5769633848783919,-0.19332138309049443,0.007857542181311255,0.30981344602327776,0.32918171666651885,0.12558701742598546,0.2537024574811442,0.13826949994695303,0.10771388550579525,-0.19444879349322886,-0.02769829091997892,-0.08569361120475061,0.02332545647390289,-0.3972414718141449,0.11638895089453868,0.524854108893932,0.5159014246842327,0.3159476365974448,0.41625157266941404,0.2521210575808638,0.38204384506102357,-0.03237813041969902,-0.026583875424313,0.3102452616693357,-0.11105187532138805
0.34139697762028887,0.5084275887616474,0.15961480755125135,0.4377414485476258,0.2666886738263541,-0.11514656164877589,0.5324742420095392,0.9999999999999998,0.0042843378345894505,0.15032234056782875,-0.10734954357923382,0.18190230618235168,0.0853298085453813,0.05004377654299936,0.3616201067897667,0.5728751917932922,0.14129139047807743,0.005207210189035595,-0.02483181419679464,-0.12926385722561115,-0.11134046197234095,0.05951605887875348,0.0504181824110869,0.1303402753781215,0.41844782469101127,-0.05448033506246824,0.14593098553880193,0.20802067477733738,-0.22783080855791454,0.060270784771221136,0.20293559117344936,0.3929634217859239,0.4884762775056083,-0.13677999382008518,0.08690832168421482,0.054012440067645794,0.27201119820189446,0.3693514659381765,0.07737134306133668,0.36731715984610336,0.17114765694053247,0.017948291382954645,0.4594680636835582,0.2711080183903528,0.22728347754628983,0.2884904097918448,0.20845637354523716,0.19198579050774434,0.2256557070821118,0.038000084290307226,0.20615547771121392,0.30805778015512353,0.3472565824060678,0.18337667730401175,-0.053708263881577775,0.29216173317950506,0.2536990006936898,0.037320062320949546,0.2320126547061048,0.03942881792087579,0.3930232154109066,0.18661216340984516,0.048779626707104014,0.06950958036809375,-0.2122839437148258,0.05573947120778625,0.2846623781260457,0.22576449494897555,-0.06581401227582899,-0.04466804036275914,-0.10193833102823918,0.0962440799889362,-0.020255093000652077,0.05916897095842125,0.3432670507453196,0.3599486639849901,-0.005851419332259417,-0.16871466933101634,0.33247226579913164,0.30487618703657193,0.23256390025894483,0.23472687286946187,0.3807223288389424,0.31489876204919814,0.19865757286399635,0.16908563440848107,0.041596763744127005,0.2668759821932974,-0.33103854075826755,0.10534089145554988,0.22401007081674384,0.34926063162209453,0.058807931182601324,0.14525239867563508,0.36400546755142543,0.229465003748822,0.08739449052805728,0.05135700108379124,0.1291828135842072,-0.257846324823641
-0.20514725609680076,-0.03654447653112855,0.13369720146461683,0.2650138349558232,-0.1869185793714967,0.28499967113723074,-0.16693865981386835,0.0042843378345894505,0.9999999999999996,0.3571530051793958,-0.1829405440299268,0.11808649281229457,0.075189764930672,0.07661678502159845,0.04686723095693793,-0.13811378172352845,-0.030612470535133846,0.08529457612056993,-0.05436446691531706,0.0731122577766961,-0.1541277759643917,0.03188981076189165,0.20517526722722443,-0.08371677942089016,0.11509911107514521,-0.004376062834149741,0.14916123206801837,0.4869246374456824,0.1035058740333229,0.24181813329476892,0.1281621165084261,0.10986737792674711,-0.049436837919421564,-0.18721704440918233,0.13653135008667808,-0.07219688501875172,0.009046190013122117,0.010188779599916006,0.0424189669625831,-0.03659555794508698,-0.13327053024223076,0.17278944847351346,-0.20934460229104607,-0.41754966318261727,0.031302765989337226,-0.10523269381350465,-0.2672356597089321,-0.09468138385488134,-0.26715562136409765,0.1476998698023639,0.09941322029522927,-0.28577326407664355,-0.0972150514093101,0.0990181613116244,0.4211707377584622,-0.22761538838833878,0.17126457468971049,0.6548790207358886,0.017680177391620443,-0.04401977353282186,0.019518017571130267,0.16085324889839323,0.2330674341957953,0.4810780138483184,0.1790853723282337,0.15716815828809322,-0.14349790597306097,0.2847040231431749,0.1282036454665106,0.0009613591874217987,0.013040132169277723,0.17848632731731617,0.2939027374154408,-0.018610930268161848,0.05818876849105945,-0.2622979982704856,0.09606276015573856,0.172813783143976,0.011128451568705093,-0.03590065084181214,0.15397306463159602,0.12412087817300062,0.060572511391320326,0.22417420349805822,0.33469786670837737,0.21191542751824355,0.0892053441161305,0.33224125368574725,0.26172021507095655,-0.09112450367777795,-0.38624803615342823,-0.059108196646907744,-0.03976731463751671,-0.3776623225030728,-0.25839368121553824,-0.19841514606862973,0.06360648649072843,0.15264807523939394,-0.27564305116497706,0.1672201542015431
-0.11603142405715604,0.2191968964513395,0.3113477583737257,0.41982411079190346,-0.021463645777705195,0.0875385143124248,0.10525122675851702,0.15032234056782875,0.3571530051793958,0.9999999999999998,-0.30916438857525386,0.38838357125694106,0.022777778625066542,-0.02462718487833269,0.286567458654978,0.16188329289674933,-0.12404241665508468,0.18670276500065092,-0.37570700438053006,0.3097036098601704,-0.19534743027054427,-0.11065588834378415,0.10974003639510187,-0.018479993398638046,0.5585689283700643,-0.02882152615119658,-0.10048726829529635,0.5317361964539786,-0.030431412096398068,0.34637170550745366,0.028467803295340998,0.0432095927798478,0.053676924103968786,-0.43699282595139155,-0.1313198930054672,0.2538280753224865,0.18854182324361893,0.1601305946974795,0.5383605247290151,0.3444011952166263,-0.1870221332138603,0.08523075976515386,0.38320284887758516,-0.22888523038777925,0.2487070320662234,-0.163408772030784,-0.3549532636363345,-0.22609775103935448,-0.22255571538880017,0.007634919707974825,0.04844598461487942,0.019522463634545968,0.05422358138951244,0.2816493889956026,0.2291783678463296,-0.23303484137144154,0.09242802327567277,0.3522932425757985,0.35617803779577656,-0.110187132397843,0.28319666305118835,-0.043766221926244214,0.04220877117369945,0.4017866985424218,-0.008453766776644873,0.4684323756662589,-0.2794107129700676,0.22402352537179032,-0.10114024588541283,-0.24505391566333076,-0.1628886602471103,-0.027733992095254154,0.05395291898576906,-0.1686065748740216,0.24727749604593463,-0.20793975647045548,-0.04752059642355609,0.280330252236263,0.00044330082865176476,-0.11019019667553626,0.016789924697395216,-0.17384149060659493,0.12940679199635788,0.1990138140791783,0.19209107083321947,0.017378927538809718,0.1983662325880635,0.3152427202382547,0.2775031919174892,-0.4634533441381084,-0.2351306304438078,0.17421127821342106,0.06379906857825635,-0.19929583008645244,0.001585249911270321,0.006309820545157019,0.027247141814782022,-0.04688488835391005,-0.06126974847849887,0.0334513779776039
0.03663679449281609,-0.09499008304504515,-0.04674574916794399,-0.1569613820167907,0.18658270983807415,-0.09195720655698529,0.07721253976147274,-0.10734954357923382,-0.1829405440299268,-0.30916438857525386,1.0000000000000002,-0.20359859183258996,0.11183663790670263,0.2232939680985321,-0.006616349097822189,-0.20786838565320045,0.0849989185350647,-0.098278466632224,0.4533031007554051,-0.29411215645242766,0.5117768973616657,0.25384858847820624,0.08605554896254446,0.13838792268524094,-0.3495750593664533,-0.2673823033180861,-0.11257875253309102,-0.184974301422718,0.06497004865784721,-0.311940426679449,0.37788141889133753,0.19443088048553953,-0.052972613982970894,0.4741346871073743,-0.02639447979997509,-0.11674277015056442,0.3706165323615198,0.014020266433652872,-0.2972346257654573,-0.09801277065336492,0.2463556787646247,0.33522721287197027,0.018402010745870567,0.43358415562828356,0.09699975796067975,-0.15149797794810405,0.17038974971536727,0.2474285790951227,-0.18191956686383884,-0.2891166976457494,0.04836601882111398,-0.0748249192200521,-0.013663920179634172,-0.0502814568690982,-0.0011158235937422686,-0.08200439385377649,-0.15738744882644626,-0.08185970214896338,-0.3825701104387832,0.15996076389336372,-0.3312389526155118,-0.06652250746230635,-0.06650375299712241,0.0514241125263811,0.3473299751950372,-0.13155049743604322,0.13864130412100126,-0.08331438774774272,0.25805306275294293,0.42005167115589553,0.35905393595855917,0.08203509121766456,0.2414972674214298,-0.09040272075916454,-0.09079493639375395,0.3264409169234249,-0.508088699174512,-0.015895494381378144,0.3685223540263492,0.2528238708018618,0.12922597995349347,0.17303003050323182,0.19873123502728593,-0.2696287468841974,-0.0783119080739023,0.017829472542980496,-0.8067377415321312,-0.1452448969440494,-0.07666783686402469,0.26277695727484723,0.10793209240425186,-0.14913847793789717,-0.23135298493358428,0.6421473864658591,0.324051834192396,0.5315390848485259,0.015549126108405933,-0.06066201449656926,0.22638995151083388,-0.2428506603335248
0.2757045382187979,0.2208264491241341,-0.02744979209296253,-0.15379384199763427,-0.11359915073121922,-0.058732653747725884,0.13816194600491613,0.18190230618235168,0.11808649281229457,0.38838357125694106,-0.20359859183258996,1.0,0.795202006615166,0.4601310995487684,0.2528239332327433,0.05382855384486274,0.7268345242917681,0.009014961814940572,0.1905109895646602,-0.20449214928618648,0.17236823252472752,0.44452956166126695,0.030419442783245307,0.5172568221201448,0.4395325190175764,0.07922980547953691,-0.17866026057179643,0.19256677659763433,-0.4705322168583667,-0.04618666283195225,-0.174594362571435,0.07404437006071593,0.1258034679893179,0.07372283874505495,0.06731278423996397,-0.2456702725713492,0.1520615208037317,0.2597240115143981,0.2926538911357868,0.35225092801736335,0.37306777731423346,-0.2826940168013478,0.1646729816035018,-0.1830451629096199,-0.14255325282644724,-0.16692026265889792,0.23504736752185248,-0.2021576946781564,0.0009764640640125546,0.2924623037752052,-0.22165745445272111,0.2886326300155159,0.014465549916520968,-0.04360338751607443,-0.12514209906397808,-0.15909566756985594,-0.16078280920414975,0.11403563441110014,0.5506119293308839,-0.14577450283821403,0.4752797004235865,0.08161214402055038,0.26259732022965554,0.2931173631552987,-0.21831509750480393,-0.04896094750972527,0.045777703659185535,0.3583450386209043,-0.019173837389618736,-0.011222914953804728,-0.05746349979113802,-0.0006129591672737084,-0.43944276208734456,0.20658330876969866,0.3768928907993075,-0.010810042676559417,0.039346591928964184,-0.06563003846681129,-0.1877588348240621,-0.024097783495122125,0.13356614992770796,0.11867017128367523,-0.11127144795343485,-0.211240357590543,-0.374418261808421,-0.1672268141870042,0.009550807454552052,-0.17946880107956004,-0.31068365756338934,-0.03739023765654148,0.16025684051492461,0.4300274169242769,0.26272159248087196,0.09649824044140763,0.06412488173006588,-0.022964690072696956,-0.3041997823424981,-0.32008524797168536,-0.10241604865381386,0.3360487353446124
0.3174627069122605,0.14581539929393464,-0.0933678880152717,-0.38119856805637403,-0.09550466354090353,-0.1030347593341078,0.015058278206964372,0.0853298085453813,0.075189764930672,0.022777778625066542,0.11183663790670263,0.795202006615166,1.0,0.7703096670431544,0.20692835137660578,-0.1533288415069997,0.9285340568028516,0.04309154074682733,0.6199981469217815,-0.39834955286875007,0.5322417609344726,0.782254944142692,0.09261570490236316,0.7244487345531051,0.11980890814219072,0.02554868838938934,0.05095724590350201,-0.016454542829212927,-0.4072572295639573,-0.3738334121531554,-0.05751590172676176,0.06214227157374228,0.04573798860343054,0.5504386725613479,0.34119878160326983,-0.398514644297067,0.1170235928386989,0.08035366777817925,-0.04754348646575283,0.0650715734625417,0.6224708956727721,-0.29005149948450626,-0.05024154609680285,-0.06250846678293111,-0.13340572367167805,-0.24338386670065654,0.5159703780767454,-0.00025651589921575814,-0.006828845376238734,0.317206563737776,-0.11310667937143042,0.14997087735168563,0.0513727908370704,-0.12703186674681802,-0.02133281850036618,-0.12942023080042625,-0.18323754861582445,0.03525820262393516,0.20707068776935825,-0.07147320002484121,0.14239845839699966,-0.01742591801627428,0.20433295113680133,0.23012496080024056,-0.025602579770884166,-0.2011152721438455,0.2800398485675231,0.23921523542247183,0.15469115043296652,0.300703372255641,0.2176304564654091,-0.0329074593679304,-0.4473079131525377,0.1744295136767323,0.12068021800367738,-0.011139095178278127,0.017984092129630216,-0.27627805148154405,-0.10779989478239209,0.10769165993665798,0.20504665289618193,0.3566445459092149,-0.010668654369358883,-0.45479324817411654,-0.5076245018046883,-0.26481916294142893,-0.2248137080853099,-0.2694014050163157,-0.3392997869004136,0.23029284592530413,0.2776013932887575,0.28954224159390674,0.09054308114199253,0.3342545061579315,0.19826908248922995,0.05113608502421339,-0.4103925430572837,-0.38287182325614283,-0.16284861906311973,0.38564395349605757
0.17336849739480953,0.10069677853891353,-0.05279533880694966,-0.3269273652916688,-0.06192651777086587,-0.26416892437057543,-0.05754951871781757,0.05004377654299936,0.07661678502159845,-0.02462718487833269,0.2232939680985321,0.4601310995487684,0.7703096670431544,1.0,0.32612154119894315,-0.24303102910339716,0.7109468167122625,0.22343492757703584,0.823963649956173,-0.3412871678166555,0.819018666813726,0.7436456005307134,0.27990852523861515,0.6740855072490946,-0.07124058045342994,0.07700736096274662,0.18409977220810247,-0.1115576571139189,-0.19580727023471983,-0.4537111238300366,0.14151429816733088,0.11420647420082025,0.15532692014345756,0.7733405205544244,0.3991411076994461,-0.44770390042503866,0.015878949864578197,-0.04918235171727806,-0.22228414892167384,-0.1720986196733178,0.6199364200517088,-0.04827126776916202,-0.08074393797375651,0.07748616658908143,0.06878734100920912,-0.17805418594432593,0.6261609064510949,0.31093376808839507,-0.1894195045489336,0.39696934035201903,0.0989454649310987,-0.060385091827789006,0.01305741110425666,-0.14117535162259806,0.08083634154113237,-0.23561109955890958,-0.1771631164935573,-0.0337033719596366,-0.12663713527699566,-0.030095110165799813,-0.1726189635426842,-0.0886304114659764,0.1932551731567842,0.38795586883415617,0.40229078638253923,0.001265752495878908,0.28654307723691724,0.15423789391806458,0.39441539338680737,0.5994191138914676,0.6029510484568065,0.05232592899616422,-0.14755071549136003,0.014978616628975467,-0.11273887838776227,-0.08281713070258702,0.12817417077783935,-0.29846016483826543,0.09371737705243217,0.23029375580755423,0.3207265141152912,0.5575160217474117,0.13307206620846246,-0.4983994253966168,-0.3909115439485258,-0.13215684455445684,-0.25704390297118257,-0.23284731313526796,-0.22918940445004693,0.3684637821679442,0.19794514078092473,0.10631393045199182,-0.11058310197574542,0.40313373518184065,0.3657234349836828,0.15567435379040329,-0.200292020224864,-0.12981305494528775,-0.2517912015025503,0.44451767193286695
0.31548633362984785,0.258366478821506,0.21134348635101058,0.14332342305810458,0.17565766763635152,-0.14055755297981642,0.2409221697455988,0.3616201067897667,0.04686723095693793,0.286567458654978,-0.006616349097822189,0.2528239332327433,0.20692835137660578,0.32612154119894315,0.9999999999999994,0.3739296973838993,0.1958801820186365,0.18633123584813438,0.1324935156766911,0.06543403028766638,0.2111577963809315,0.06362984226426095,0.19506228932649633,0.26222559790578054,0.38975975430515214,0.1817210405879076,-0.0879733881016933,0.2993839457221882,-0.08253637508698823,0.03738057183817525,0.3720784370871132,0.4094023059436533,0.5033356383716034,0.008694523207726774,-0.05580009400685927,-0.046916163805972445,0.049206923657115334,0.42608500614224953,0.2086752754874305,0.3404696871007637,0.18964938632318334,0.13742864733441676,0.3363185380834974,0.22884018777542328,0.24384348784848564,0.16959562531844435,0.2474277715723957,0.2761385411255755,0.026576428794889563,0.3617251989462298,0.07509594793473837,0.021423917071117432,0.1713457143849507,0.08004889689799055,-0.019289399741234715,0.10159337345019413,0.1523917809634331,0.23066159047459098,0.29145587824693137,0.1080098052847219,0.20858272113910428,0.07169961490916617,0.2356771077673053,0.3290933370391506,0.14280441013367326,0.5770617512236201,0.15696280637229862,0.30326262879588345,0.19366590046601334,0.26509575933004154,0.39452850631439845,0.02150321759017176,0.03343734047097038,0.1534024892797095,0.24909837454285308,0.15894192290043563,0.25161193315358604,-0.22553681010424162,0.3895564394423047,0.2735684969113618,0.4810899384036192,0.5187174807312445,0.15820314621545198,-0.02545530823666967,0.02702872990766568,0.1311642905463623,0.04113034992630782,0.07467318201444191,-0.13683591321752533,0.23192782122456107,0.22399014679775586,0.31986361744687125,0.05248810660177914,0.25735167160122924,0.2879917551200162,0.40240070433903763,0.2855300617158808,0.19968023239377872,-0.10653963269317045,0.23154293335123236
0.5828863949468233,0.737795106184232,0.1887757956075346,0.5458052309405929,0.22141926322920072,0.0013588854201407733,0.5863996261017091,0.5728751917932922,-0.13811378172352845,0.16188329289674933,-0.20786838565320045,0.05382855384486274,-0.1533288415069997,-0.24303102910339716,0.3739296973838993,0.9999999999999998,-0.1500875587299983,-0.11652459155866939,-0.3281065772082461,0.003295286418741667,-0.37834244609591255,-0.18206360303212535,0.054452581940871915,0.04894634614735437,0.46192540646903535,0.09162737991678142,-0.07275387253480033,0.13522827765243134,-0.36737342965873443,0.23286430778941247,0.22525945531155311,0.42980683079646836,0.38434772857309896,-0.3535003336135622,-0.1517369846755536,0.055852279342332334,0.33334956887222056,0.6505318408615389,0.3355304639534524,0.5479266729495622,-0.04226622350085094,0.1118152039274031,0.5898410941992478,0.35832179931761304,0.16639803817735696,0.5206767912706348,0.015307008696118785,0.24039161475018486,0.4843127815974535,0.24822554042849132,0.0666229182474594,0.5284045583970375,0.3250920815883572,0.1523091806265679,-0.25348537615767197,0.5153775655111925,0.07377600094032984,-0.07685879383547627,0.38982568814241375,0.1168518390362389,0.4981461358071473,0.361465755546119,0.19365216627627332,-0.06493616992896688,-0.26927462740203606,-0.015920459573235908,0.1979915012503341,0.32593143391188995,0.003896321291090395,-0.20990069427402536,-0.22310112890476588,0.24329969066354076,-0.046645203080218384,0.4124030086254604,0.49637458020575326,0.5302541740659581,0.03651727961209983,-0.10986335683413226,0.3240269416529754,0.3067423751703395,0.3379853666741767,0.14618053765666575,0.31576543406596497,0.5574264102180032,0.25170828475259877,0.37418546258073004,0.17216742003899066,0.19852273410831286,-0.4691892597419324,0.12900179989048619,0.3756852378783391,0.4969567793916384,0.3292176138201358,0.025753712239080368,0.28796288822223837,0.30191138274111423,0.3281249059227204,0.2566525527194951,0.18618920917269355,-0.12071388038561473
0.4185549035525626,0.099267546898969,-0.09625688715742808,-0.4549205217555569,-0.0641622749471379,-0.1018652710035953,0.0639694648036155,0.14129139047807743,-0.030612470535133846,-0.12404241665508468,0.0849989185350647,0.7268345242917681,0.9285340568028516,0.7109468167122625,0.1958801820186365,-0.1500875587299983,0.9999999999999996,0.020605868718527993,0.6158059687940829,-0.4324612471063275,0.5133525970685671,0.6804582959427695,-0.06044705747830496,0.7095061476978911,0.09286161122636852,0.07499366820002819,0.03036770625164248,-0.05665687670704334,-0.4263225863281237,-0.4319234357386093,-0.05269760976125012,0.08259519197244979,0.15096314982310538,0.5428584103773317,0.2665998408495206,-0.38626715784122745,0.06963691168885681,0.11148365440016492,-0.0602631243901103,0.11030570126209602,0.634869864584482,-0.32302362065865825,-0.10527088058561576,-0.008360829897053232,-0.23049016988440157,-0.2288464626997661,0.5341732670147521,-0.03875376584508745,0.06912675856623914,0.30916930976131596,-0.17701281350439535,0.1858136576763252,0.057108088071470386,-0.19964178575042676,-0.05195808771768705,-0.030921310863978684,-0.1960715059411316,0.018557878077708336,0.2486901787731605,-0.01987061108015515,0.19735352749672835,0.03228348338096731,0.18142368857366212,0.1783286108979267,-0.07082596813887646,-0.21819459444229972,0.3489536383586746,0.25136485368743383,0.10687749663977437,0.28402241405369427,0.1881807384276173,-0.08140028069973952,-0.5096970991255606,0.21319704215905427,0.10445042922677095,0.056197671840230605,0.015269639527277957,-0.3986172771808987,-0.07606522572100052,0.13441682686485862,0.20013551976624355,0.3806945746321179,-0.1383328246812782,-0.45354479100182604,-0.522109467676027,-0.29822469793516393,-0.24712707466716635,-0.32292589901350444,-0.4093107329050858,0.2733441714594692,0.3454876579202954,0.30958537921630186,0.11156753970086376,0.3472956285680546,0.1507606291548219,0.04229965369521335,-0.4312238231493928,-0.4113308362704233,-0.10289335345632208,0.3543024834258703
-0.17090824407209693,-0.03597039256022008,-0.1811776525409978,-0.06038596189472686,-0.17124669337278706,-0.13097712761002767,0.024165580600551077,0.005207210189035595,0.08529457612056993,0.18670276500065092,-0.098278466632224,0.009014961814940572,0.04309154074682733,0.22343492757703584,0.18633123584813438,-0.11652459155866939,0.020605868718527993,1.0000000000000007,0.023698391196344263,0.4278859024674669,0.24726113537892536,0.04843735869198791,0.2074970969469138,0.2544703124039962,-0.018089343057334537,-0.016332663048050672,0.04604332544019693,0.032011666932071574,0.26917449779682956,0.11139727440389008,0.0037826421435906725,-0.09241463269422079,0.05752616893620847,0.23822465743708623,0.2436782988618034,0.04105447930954481,-0.21237071257931422,-0.10963008365165659,-0.12985643267461716,-0.21701603210852358,0.392821300030976,-0.12588457312045437,0.13820561472243628,-0.08621161796297466,0.12786003385479858,-0.05325550904457023,-0.014208828319417426,-0.190908886012235,-0.11130030901804945,0.1075743845799277,0.16418612399060273,-0.0023558223476536186,-0.0010420362448633337,0.1634220492932377,-0.029698000058747825,0.14344623192082714,0.4040239297593933,0.2645383028171943,-0.14768819210381987,-0.08414675525974243,-0.18045060888080444,-0.2521269561949073,-0.36727051058491994,0.013927205645878661,0.13186365259293759,0.23920424976077495,-0.011151093537060095,-0.33808363480491543,0.2632474474300376,0.4382438294350056,0.3885899682616969,-0.1506559984049075,-0.17027510509890628,-0.30105732403990526,-0.24422338469441102,-0.10978165966889535,0.2074982041492484,-0.17087879058526653,0.031577598908461145,-0.031059514090858296,-0.03478677686744333,0.27938677180052657,0.014368349873306763,-0.2055441658943245,-0.24006890977047746,-0.326802332728108,0.13289706110634078,-0.06108880210566885,0.2785181975486725,-0.16802089170537632,-0.0734372680310992,0.0396397031522956,-0.21124229737182926,0.09686779809998892,-0.005072876436014724,-0.17416092149707757,-0.3519820937525315,-0.16871005623475577,0.040532689358426736,0.03362393883346691
0.11479095286685688,-0.006234614990991199,-0.12716356713556728,-0.43224053687160513,-0.0665509307159662,-0.2521330656922555,-0.03759174982397894,-0.02483181419679464,-0.05436446691531706,-0.37570700438053006,0.4533031007554051,0.1905109895646602,0.6199981469217815,0.823963649956173,0.1324935156766911,-0.3281065772082461,0.6158059687940829,0.023698391196344263,0.9999999999999999,-0.41350124443104314,0.7985948116900693,0.6487246267121433,0.05555035404120296,0.5881274059686183,-0.358395933325765,0.09719393016456195,0.25646029291835815,-0.3178068949861083,-0.09441023155939832,-0.6006383976995721,0.18120340329088672,0.047024903625939446,0.11093669125913061,0.8871355978382381,0.4374178893174157,-0.4608630277220438,-0.01871200648281164,-0.1649889626865069,-0.4011747317378537,-0.2867423962969226,0.557941784197135,-0.044284469547104056,-0.26833884572652317,0.2617442419488535,-0.008799492003408836,-0.05752764654148153,0.722951509205242,0.4142340790701423,-0.046932563344668735,0.19712754723237189,0.12047849817523722,-0.044363180849207366,0.00670576389425513,-0.21759662841394672,-0.036494565239314575,-0.12421582971399475,-0.18226492640199798,-0.15286518672568883,-0.37341931576640375,0.05055342842152054,-0.3347821985538692,-0.09127707933238301,0.15531145295083498,0.20314346372634062,0.4906397190854184,-0.18942335477421549,0.3887031023080238,0.008338257632797132,0.4441415668862761,0.669357588078078,0.6478318605884439,0.05144668148802782,-0.09778367989032631,0.012886011304281476,-0.216792874943807,0.04520634970019712,-0.017398382848713458,-0.26518664032127015,0.1265016413710531,0.21963466716945615,0.3393625849887577,0.5461117455270376,0.00721502101207529,-0.505062628271899,-0.3810808371128055,-0.1153548569351147,-0.40913171842199797,-0.23272239833282482,-0.20382416895934138,0.4979862366375075,0.22655528092357638,-0.05346614570719515,-0.22452912448014203,0.4633675599741466,0.30678609140760876,0.23335714976881983,-0.18736628437523714,-0.05483600064155562,-0.12210354944222558,0.2609330783674971
