0,1,2,3,4,5,6,7,8,9,10,11,12,13,14,15,16,17,18,19,20,21,22,23,24,25,26,27,28,29,30,31,32,33,34,35,36,37,38,39,40,41,42,43,44,45,46,47,48,49,50,51,52,53,54,55,56,57,58,59,60,61,62,63,64,65,66,67,68,69,70,71,72,73,74,75,76,77,78,79,80,81,82,83,84,85,86,87,88,89,90,91,92,93,94,95,96,97,98,99
1.0,0.24714545273833102,0.5320630968674084,0.11978098977374285,0.38208880789634164,0.5348397348436125,0.22112155082904394,0.4541975091902959,0.49132359078477844,-0.03938978663247547,-0.0089359220563521,-0.32159501319449857,0.13264468667890283,-0.1364506209562789,-0.19806795704534264,0.16693602766792612,-0.17218788324850726,0.25440263511014705,-0.015237587287833327,0.2997978749861658,-0.04053689852253506,-0.3439480853645678,-0.05584333453933408,-0.24622475299384247,0.03205767035418004,-0.11486741824414269,-0.03366569722000579,-0.24231668332122477,-0.21666913857179784,-0.056380509584837375,-0.11670710027288278,0.24640355486570226,0.2862175860370056,0.031831620483741226,-0.3092363216556696,0.22997983195902671,-0.1795196782163706,0.2104702359391561,0.09558506722949266,0.0836202382470167,-0.006195274606279207,-0.06885510217994202,-0.18813557195178635,-0.15317178456683828,-0.09640441833500085,-0.07558946145675648,-0.0835265516358426,0.08164628018493161,0.4726078439092751,0.08950065740780512,0.5600292446422834,0.392555857793632,0.023022090086190692,0.19415017387253444,0.410243577192118,0.5253906175479053,0.33057990170510104,0.4366872439149457,-0.18983389408048504,-0.07705428423593293,-0.3054741470521404,0.13897458987788064,0.006560349034970777,-0.20941492331975767,-0.28089082255491965,-0.17851077257246456,0.01681917374445791,-0.18532414737360736,-0.21455742116292978,0.11312857037869564,0.01646633707410354,-0.33456480786900256,0.005148917072783364,-0.17371084312126675,-0.38604105433623154,-0.17311220501463165,-0.23415528437485555,-0.2767738373618655,-0.10984024410720966,0.13622829624871402,-0.37811473967970194,-0.2594319846087089,-0.3460041182709105,-0.34586908795472127,-0.2899466946419813,-0.3301863359073064,-0.2120819220526838,-0.17933641950889057,0.26579994842827703,-0.303991080070943,-0.010492091095923525,-0.01002181176197386,-0.07071575114902727,-0.3198618042916788,-0.2505731738290736,-0.14367929915295682,-0.2540657631498027,-0.019841860959211373,0.4593076329724987,-0.08300610286526486
0.24714545273833102,1.0000000000000002,0.3884428086968176,0.8258452020034214,0.6344663715605088,0.24610508548820587,0.42714308890501873,0.5653080807375469,0.19452857219907416,0.061799914255037273,-0.22911483686293374,-0.36016340459566454,-0.0768872265607882,-0.2206798619383248,-0.4663215403359521,0.5233354864507515,-0.08924041645224615,0.2002847973048014,-0.035896650060413635,0.282318239687659,-0.3045687923921713,-0.0034055625230215597,-0.011008354508594673,-0.18008011553678158,-0.18530283763808397,-0.15267377085939307,0.07844120061172609,-0.11254014135408472,-0.17375890112991224,-0.005754624184291058,-0.15253061865429535,-0.056669677841233064,0.1712240394948729,0.1336993693471545,0.04317285502234572,0.3088932831895741,0.015217482388008602,0.16415356337123307,0.22258053545627832,0.1925519406517084,0.07830170113335992,-0.14615616825358793,0.03345269987482726,-0.0516387492086916,0.12103571511775187,0.07706397317223808,0.09349970242079882,0.2383791696625115,0.4538314115375141,0.36401370963346596,0.3361926240408738,0.7237612074290056,0.46788509804670075,0.566501635897204,0.5473285978032373,0.2639149478224238,0.5813610735447139,0.3415687765076037,-0.1095036733064042,-0.2983533710445877,-0.43834681304981077,-0.08973609609064864,-0.12427837629561396,0.010371148493786028,-0.14419092075555803,-0.4141747563680275,0.20192116733629883,0.03240685501800495,-0.005622055217917192,0.3062896789227731,-0.22104253945175242,0.1530774088381248,0.32854959547219903,0.12985336886072904,-0.3535629394959563,-0.23534635113475286,-0.39643372572157903,-0.05150404019648441,-0.15317168725183208,-0.19169504772419588,-0.20510047797842534,-0.028110180387026958,0.06024612443122679,0.1452923753651978,0.06407190235741371,0.13580713038712947,0.20841255300903155,0.0998284543097884,0.47205080116425974,-0.17570457903051914,-0.018072186427078394,0.0714723712905768,0.1331235669914842,-0.1217161124367052,0.010900265190750904,-0.14783669540417604,-0.01491070741896738,0.273495673289427,0.4721281134954993,0.14080104417893152
0.5320630968674084,0.3884428086968176,1.0000000000000002,0.024050373224842703,0.7582903022764174,0.9091700897155444,0.1262094194401307,0.7417057097719091,0.8847208741138408,-0.204634425644656,-0.018595871352595036,-0.1810791984213322,0.1563493664690156,0.11124365800338032,0.03466194729344698,0.027267812006727465,-0.014457035432357754,0.3516099093784857,0.16285518368317026,0.5320067071400203,0.278992256251046,-0.24429163185506084,0.17010960466331904,-0.05944256532401204,-0.030915582356078324,0.1470419287643451,0.3078056246526135,-0.04870029932061077,0.015038794146174652,-0.007311073827702442,-0.19886332509400936,-0.045776001939399166,0.012062833924566203,-0.11425536756599103,-0.02679910593166319,0.40389593884650216,0.03182028149881839,-0.11032117091428147,-0.2374623045540956,-0.26580093893084783,-0.22558396708523268,-0.00465779895723071,-0.13005967322342366,0.02848813635016509,0.07517361472998266,-0.034519955830880425,-0.10688989562309907,0.25570479241206145,0.6163699272937067,0.10422726957307628,0.16068600129071428,0.5835165746953369,-0.05993696470077796,0.011873246194900298,0.7674255842310632,0.888956338167357,0.44699719016390355,0.8902285599622156,-0.2015127859286911,0.046716289046282285,-0.12045065606037211,0.18896374894149306,0.1080537739018813,0.06677816809449597,0.02271722134940954,0.04472024848001539,-0.11917869286474839,-0.018842755637902015,-0.23471683058881385,0.08833903580576122,0.26860635801001925,-0.34086024543751436,0.07742597014350606,-0.32571586380958756,-0.16770646750616666,0.02361858062506824,-0.015794701878773056,-0.04876574231239003,-0.17442651405219856,-0.08020604477495705,-0.2662765576687827,-0.36981921775970406,-0.3578988897178389,-0.3190493547726205,-0.1973864412707969,-0.41429880218206055,-0.05102600928415499,-0.1222442772568574,0.32546587231137936,-0.40345541959691594,-0.22942114000854782,-0.16372135292747939,-0.21573470691913804,-0.28990441120674565,-0.24629947228344917,0.04582076721244892,-0.1768340435076829,0.23193151977137383,0.6707612338572234,-0.17253080458659675
0.11978098977374285,0.8258452020034214,0.024050373224842703,1.0000000000000002,0.4157493579433805,-0.06113938227037239,0.44844922282337907,0.28826223871866646,-0.1170642830982787,0.1102211453423677,-0.23183751026662497,-0.30395183679772836,-0.22075914814423614,-0.3364640825398119,-0.5305874507243066,0.5295854244049284,-0.16978241738030342,-0.032131925263303225,-0.20434171162733344,0.10068013464724472,-0.49925388328267556,0.015418849322767124,-0.216029218128453,-0.1658485994878744,-0.2771917766253167,-0.2646404932662336,-0.06904139552005852,-0.11050782393681673,-0.24458092726089614,-0.007700713318470371,-0.05967434255565966,-0.07139757996842994,0.2706696891035599,0.10491931072664198,-0.015439055589593534,0.17137943720489368,0.024800787898096803,0.2927663541194756,0.41967228818659813,0.3616158444393742,0.26800407007353644,-0.12226006239557743,0.10828661460769365,-0.05407890595265503,0.04127827571431496,0.1522737270467286,0.19887290108007488,0.1284204632758719,0.21061971413986041,0.38601629058459336,0.42035939776768216,0.6139630345909693,0.5304023842895811,0.7577877516721935,0.34043074161064446,-0.04847304691481675,0.41798999559637423,0.007643609062600991,-0.035500177290114954,-0.326801553518156,-0.4057091842754173,-0.17871048773122358,-0.18280423401606954,-0.1348525506775781,-0.2206552080357886,-0.46110846861771365,0.32886744843791255,-0.017357535657937136,0.024553087078156073,0.2691355224317975,-0.33889948229443784,0.2368963304065022,0.2199362291288897,0.3358827695883387,-0.3468234612052751,-0.27503345270716784,-0.40507193651351964,-0.0896631506861664,-0.03617524432385318,-0.11908944632719821,-0.15543667397076044,0.17153427862841863,0.24689790500867687,0.2616311550707328,0.18564441617277633,0.3210527049465459,0.2513958253237843,0.10419853849269524,0.4132904151606103,0.00903423144747608,0.13374757515045438,0.20682018214958453,0.3110786169905935,0.022034716904276972,0.14889921999760725,-0.11135866230071664,0.15214810811560997,0.24574731053361507,0.23969244312199556,0.2942645224800225
0.38208880789634164,0.6344663715605088,0.7582903022764174,0.4157493579433805,1.0,0.6674835718074842,0.29473235937288744,0.7611207221684554,0.6510745104375381,-0.21072326702915734,-0.15418019870866537,-0.27317645289240833,0.0050900063740941135,0.04494624286289102,-0.18065433018648724,0.3196076867115448,0.05820689336746505,0.38645088006304007,0.18142863411992588,0.43827988439821797,0.14194616127652002,-0.18460255381319182,0.18076731852278602,-0.05628612207683116,-0.1892033398972342,-0.041401998326117476,0.1305487376348204,-0.19295349408477774,-0.06386789879760425,-0.1314240342560917,-0.22311359355474975,-0.146210681458043,0.09873868570391961,0.007184316809348778,-0.018633215837023872,0.2938244789107758,0.021015959384020268,-0.07115399301829081,-0.09272842994009847,-0.1014941174868445,-0.1733779740660627,-0.1655909844754528,-0.14114925525107955,-0.14726018801095167,0.03842423314756899,-0.08639849862645144,-0.15894488859792527,0.21050230060250652,0.5447210594790899,0.10147332452772469,0.3257330721524488,0.7896613117797913,0.21134161146058902,0.4017513907767864,0.8958015373434112,0.6208040049425164,0.5936825981330737,0.7456711076323181,-0.23467260363034786,-0.18607994557606772,-0.2971991344447905,0.06607321337164224,-0.00389173675551715,0.010082190719676426,0.028296002429027294,-0.11694406371484137,0.0012099036181494242,0.14733810086901533,-0.02356605133553602,0.26118072327891223,0.17062476209738842,-0.08973738181135818,0.22680333448235965,-0.16127157896710434,-0.11662421152674496,-0.13356892882070856,-0.2193318428320137,-0.06893432095915315,-0.1088506161623109,-0.12512425066225263,-0.07739811414019507,-0.23948708867118831,-0.1761049848325272,-0.10720481216912141,-0.10229447388728446,-0.19289788363801477,0.0772348551497411,-0.10218640232868982,0.3867688237201396,-0.3457931057104491,-0.08461727424095786,-0.053470996353278406,-0.08001476956092157,-0.2797563662701068,-0.15851133677585566,-0.14905539644406232,-0.16825522673181303,0.2443244994913474,0.6204266895646194,-0.0814839349308706
0.5348397348436125,0.24610508548820587,0.9091700897155444,-0.06113938227037239,0.6674835718074842,1.0000000000000002,-0.033050755776990924,0.5747208302633782,0.9449926567169653,-0.1774450746887623,0.043698328290526514,-0.13952107511663692,0.23720562832046874,0.03914875083977915,0.1194613980833516,-0.10656430736924839,-0.09309609487171527,0.22575777373339523,-0.005459146275865716,0.5921611979941543,0.22624259916134673,-0.278574588958563,0.07732360103258884,-0.05703110920670689,-0.0048556606851148775,0.10909210302468896,0.34983142989036087,0.05120843177396444,0.1340442297154397,0.04657447931323356,-0.16576381651279978,0.03847516155351255,0.05787150924826621,-0.1755103410455885,-0.049905728656093176,0.4639345418939729,0.030273209369827345,-0.0633033694445913,-0.18315672230614785,-0.25344533163925825,-0.15322188106215806,0.036479581920523065,-0.1348091354474673,0.05263834775604989,0.12051802280234729,-0.014456000323355717,-0.07607736758352522,0.24830450945042395,0.7077521953171235,0.14700637123307936,0.11760669498224145,0.455471410661048,-0.1765721914305282,-0.005562190051956878,0.6606085029377012,0.9604554633927289,0.2644491490851493,0.834462104158371,-0.15342412906652841,0.08211240206608275,-0.10127324926825636,0.2715033400005023,0.2158791275608828,0.002474004866916395,-0.043626401792706555,0.1377521819973327,-0.12805993349237507,-0.13658831817856293,-0.3427697326019033,-0.03672265424444016,0.27086469703828503,-0.41864125000719904,0.0023494411008424085,-0.2792959870568929,-0.22705672223930587,0.028573737220885333,0.08128883376070234,0.002476701906264972,-0.18887579138995259,-0.07722029113085052,-0.3313002709119075,-0.3371208555871318,-0.35531826961821383,-0.364387411505865,-0.11462085201835473,-0.38760321622444627,-0.07519417804533102,-0.049844487589515346,0.3853596660647182,-0.3278745240823801,-0.22164324853603645,-0.15516807705008537,-0.15141229106845067,-0.3172728633448087,-0.22793067684250473,0.1134988133339166,-0.12798675982971708,0.2626706599284885,0.7617886874248412,-0.1572699072351588
0.22112155082904394,0.42714308890501873,0.1262094194401307,0.44844922282337907,0.29473235937288744,-0.033050755776990924,1.0000000000000002,0.5416329972624022,0.00429759338217825,0.24374058127220308,-0.29175219772174105,-0.2691551814993869,-0.18725212592180365,-0.1725029549756793,-0.4495381151741919,0.5272119091273617,0.07413405362158439,0.24288763116812734,0.24337393049345624,0.06738735563527527,0.03394366396044222,-0.08015877627272572,0.09856361783069814,0.04131910334494887,0.04780842513836961,-0.022322935194569987,-0.15438213094409378,-0.23730675343440388,-0.2918248935001923,-0.17199534226582938,-0.15046362338270347,0.020880278902848985,0.14098284248574236,0.04439162227752995,-0.11636919224263834,-0.10689909991339189,-0.2987025566014316,0.27218885454448755,0.1486769449637057,0.36554554981828513,-0.056280977907220905,-0.05947982940843252,-0.10587081131387516,-0.16253986830648964,-0.09550740495018886,-0.04957984855363764,-0.10516338615576507,-0.1369308675309671,0.030962519837388215,0.09835529067100827,0.37159230702425705,0.4150546758901645,0.6859201330431154,0.28522758336024395,0.3059211058271086,-0.056827786909644136,0.4877743921205164,0.15452234890843422,-0.09508650586307746,-0.3182983157878284,-0.3659141794249437,-0.15796789421249563,-0.38944596186512853,-0.26194290838263545,-0.10551740574477773,-0.4255986742756324,0.4532195176697463,0.12206263120163,0.1829025874910697,0.24397370163241247,-0.07003099013216278,0.1591837426298765,0.2024357047763483,0.357109340495775,0.06072988405931831,-0.003034875280318617,-0.3829768671029177,-0.06811621945329947,-0.0673385318100383,0.07216755718494414,0.05980175986066277,0.054842960061479,0.08440542778780011,0.14249902993070163,0.07539896523034333,0.16296079328848617,-0.030655503127411804,0.03536429699939151,0.2826638174307307,-0.01259746866199903,0.17322738623564318,0.2720551987597199,0.15821312555173064,0.04912920216849416,0.11074618111416393,-0.14278028028814402,-0.013015195999096603,0.06491439072289286,0.07760901967668826,0.23697114185303028
0.4541975091902959,0.5653080807375469,0.7417057097719091,0.28826223871866646,0.7611207221684554,0.5747208302633782,0.5416329972624022,0.9999999999999998,0.6291442298831799,-0.15637097939855787,-0.23868788337263888,-0.38395532330342114,-0.06989499427630293,0.17200843423114498,-0.18149223117997892,0.45349385979430346,0.1787733529284827,0.6305809143838398,0.4437143300908689,0.31465614161632127,0.2876093800032948,-0.1920027079795338,0.32611487282085905,-0.12223277153309611,-0.09475961692582573,-0.00871265627313562,0.09303355365038696,-0.3109527340303635,-0.2778789490346738,-0.1945052744270472,-0.2917863324738368,-0.07286955870746126,0.027794274917519617,0.14160859472680695,-0.09607240143344965,0.2752547364006584,-0.09487682157017627,0.06647791565437129,-0.06180318420824972,-0.04612956235805505,-0.23800145871266085,-0.16384663729031282,-0.24487152250409128,-0.13875739680482088,-0.04375829973556836,-0.11664712652719447,-0.1833856696757679,0.08661826888090908,0.44088136373635195,0.03473469492065636,0.26445216571485436,0.6968485496011576,0.2720941082278303,0.17216563319662004,0.7885013102931067,0.5441220984594646,0.8108201097782368,0.801498783166231,-0.3457143677429192,-0.2404294257951558,-0.33978972584641093,-0.08361821652341905,-0.2398320376292201,0.011245138351999088,0.09339107456505155,-0.1861104149639633,0.013381886802928813,0.20887093252935887,0.13040421154665519,0.4743457057592184,0.17710078043330868,-0.10549027161137564,0.2899403449027094,-0.22338837490226043,-0.076132187315439,-0.1186319664846558,-0.3278205889578542,-0.12161569053099262,-0.19659123025033004,-0.09692778873889842,-0.06795621709991266,-0.21782885178628494,-0.30945773906431656,-0.17253953637516184,-0.18391724683148228,-0.2615851962225399,0.009019608618751748,-0.18479854937075313,0.36176295671188663,-0.41754910463431893,-0.17961668485339471,0.03366219190506114,-0.13996802410354917,-0.2935000391925815,-0.20945378970199297,-0.1439305109752112,-0.24077869725310272,0.14983770599520674,0.5193540281765742,-0.076379651451446
0.49132359078477844,0.19452857219907416,0.8847208741138408,-0.1170642830982787,0.6510745104375381,0.9449926567169653,0.00429759338217825,0.6291442298831799,1.0000000000000009,-0.16549858202965032,0.07513750377012152,-0.08597813065439634,0.24702964944653397,0.12170511889850216,0.19734003035629186,-0.11744881814924982,-0.04916388684688535,0.22448233954291233,0.06130536363518871,0.517824683655715,0.342428161277011,-0.30853945501596763,0.1024897331757583,-0.043592222913289354,0.06003438210335248,0.12061613835240646,0.35489943795618223,0.05401750322233051,0.13554410487422158,0.01982752427171858,-0.09543322986061885,0.007388211043511482,-0.0027306316834506935,-0.21155801061352894,-0.079290892914867,0.467234382169054,0.07090826553121803,-0.024363677946056796,-0.2148141350347575,-0.2908246036108734,-0.17225636275656103,0.06730039250076746,-0.15407735735820002,0.1382569641039,0.13383547079204852,0.015199179164183828,-0.07247230350814228,0.21451797181215346,0.6542552028597525,0.1422760845243981,0.06269806656997645,0.4087214183965783,-0.19663392395091456,-0.08357412160090755,0.6401139375806845,0.9109151574890731,0.2665324793895258,0.8883002982031187,-0.1620621566591478,0.15680687740578542,-0.03719989251112223,0.274874518478671,0.20565937371397663,0.041380379155203505,0.03683112023948388,0.2127147277144836,-0.11949169029320743,-0.09534426920101793,-0.33011660427861067,-0.05457538980808934,0.33271832091084685,-0.4357957392254178,-0.06723258694968788,-0.31566459643250716,-0.14093671298307295,0.08525278057631412,0.1195239666666072,0.03128580274274126,-0.1439030518729703,-0.06573075912485211,-0.3025876239549115,-0.33363474225108936,-0.3441147720231241,-0.3678643307350757,-0.1659265119772836,-0.42989740589879377,-0.045037951120953566,-0.07955179207535652,0.3098045215981301,-0.3178557338018563,-0.21116263663407528,-0.0878974013076528,-0.16702702551383475,-0.21931556222122806,-0.23670119285343913,0.18852499615861448,-0.09572233263990974,0.22669486833729127,0.6887529232403282,-0.1091365550083186
-0.03938978663247547,0.061799914255037273,-0.204634425644656,0.1102211453423677,-0.21072326702915734,-0.1774450746887623,0.24374058127220308,-0.15637097939855787,-0.16549858202965032,1.0,0.39310417907036216,0.23828263658436555,0.09723143778689915,-0.17333531202556718,0.016458368592571396,0.05227680318665864,-0.20519306643950788,-0.3158597489363917,-0.23830981795917244,-0.08884768474223557,-0.21135902505101198,-0.006345026719796554,-0.1263223016507816,0.12588785234548489,0.43623128535417754,0.1508129623424312,-0.05512871331532359,0.22507455120565242,-0.05569763260018666,0.1386731785544289,0.18141116517638595,0.23986317405534216,0.043601128260826065,-0.23105604383133607,-0.04104650618879908,-0.04367002047750098,-0.11319013654305672,0.44617252517561734,0.3782040107520443,0.39309255479606287,0.10834447001482227,0.22118762942472533,0.2074619344190922,0.1748433511417843,-0.021422354682530512,0.1324778173513024,0.03294555686592846,-0.2054272714810781,-0.13701596011662193,0.2726793429223462,0.10024311429440531,-0.051586097319666985,0.26353705892891777,0.11237014235395033,-0.17664655141313465,-0.2175024990733254,-0.15118306196760437,-0.2060466008309188,0.6936283667128615,0.20499096831773836,0.14923496136750825,0.059500477217268394,0.12327479183674174,0.015504200242213679,-0.10726443141103796,0.022800738444068592,0.3498392928719316,-0.14382931126661122,-0.14615539237086866,-0.16108214273251653,-0.24129438488837462,0.23175491175633706,-0.0674865143853349,0.5534758157291201,0.0043832247299851156,0.3255648319110323,0.15064865261502977,0.2541667276937521,0.033773668085468556,0.1803492478297789,-0.1262713287012996,0.1549650590135534,0.2047195036894819,0.23853701666912613,0.14159296159668897,0.1872681578160028,0.11953887809105036,0.4115868114644906,0.07893997592712566,0.25891590190167907,0.23409667008948845,0.4546003347251101,0.4996065937334423,0.350386777731961,0.34240156256915577,0.20127781487384436,0.23268791022662036,-0.05811411019504402,-0.04938116371660153,0.3744289597637573
-0.0089359220563521,-0.22911483686293374,-0.018595871352595036,-0.23183751026662497,-0.15418019870866537,0.043698328290526514,-0.29175219772174105,-0.23868788337263888,0.07513750377012152,0.39310417907036216,1.0000000000000007,0.5214930557505121,0.23316123852114037,0.20972814013963417,0.4950761266502781,-0.18764141182169647,-0.17606225054563404,-0.28514841997068524,-0.20866686803592288,-0.048531501213594924,0.10773393811564512,-0.1110965444016881,-0.1373933546449178,0.049137056708405916,0.3493469620856937,0.27373863417830846,-0.13959999713154006,0.2792361479344706,0.11376979716078434,-0.011076858051163214,0.20847020697834764,0.20619932124809362,-0.11979691347092661,-0.323706624943035,-0.17792109180930282,-0.0880240166899223,-0.038656400556856284,0.038071540572529934,-0.030103253379232635,-0.10579111749883655,-0.11622463356919945,0.1408624300498188,0.03855090547678683,0.07717182303804303,-0.1834704526576302,0.01999087202016254,-0.04959241816107439,-0.2260640284405401,-0.19644960470112077,-0.1138836534843985,-0.06046040453359152,-0.20884209835776937,-0.2591642280011001,-0.18293239395116404,-0.13706420258292892,0.02091085215532562,-0.3135606061279363,-0.04692066135068782,0.3889819182306132,0.4979655405718723,0.3953522170075537,0.2220456833844044,0.29264113116556845,0.032197184769736056,-0.021469560031676344,0.42849331851102757,-0.18797216368896233,-0.22568510790589186,-0.25977972722858167,-0.26365967147788305,0.05748435220801788,-0.087601771561892,-0.25686112420199664,-0.05180537701209508,0.01559361173511591,0.25977345913503164,0.49014186548324884,0.07857387827377253,0.09659732252986204,0.20074724451412054,-0.14780827250821268,-0.12820900921233414,-0.09740907046167845,-0.07886378481980454,-0.24297096120246023,-0.18091267297462407,-0.01679548683625539,0.11105529358711787,-0.24063373691415973,-0.053295883595175016,0.027787397629785975,0.009785524385999911,-0.004428170211716156,0.13916795214870734,0.07426990326514095,0.20431910263225672,0.059436940243452786,-0.20761395581068842,-0.11863034893067945,-0.06287443333533778
-0.32159501319449857,-0.36016340459566454,-0.1810791984213322,-0.30395183679772836,-0.27317645289240833,-0.13952107511663692,-0.2691551814993869,-0.38395532330342114,-0.08597813065439634,0.23828263658436555,0.5214930557505121,0.9999999999999997,0.37622628065660907,0.27149468326414583,0.4509580315167701,-0.2671036594803648,0.27703676371959723,-0.28967793549047716,0.014728207148349198,-0.00420429613650519,0.20311539530045178,0.05138533533621555,-0.027473075566447267,0.5506339110049214,0.3297726445796168,0.543807531501031,0.05003340031169977,0.3435419057820128,0.353156710927531,0.1488063508084284,0.03212072134998817,0.1613088587038624,-0.1195916794504044,-0.20764945191899264,0.10360432846971195,-0.21934902699249423,0.027977032868820938,-0.16042545182820353,-0.20218305887929258,-0.19134038886530044,-0.09749729053772192,0.3454847991557787,0.11215572324681151,0.04613639949331374,-0.14540006895652988,-0.08963714096384312,-0.17036070921366142,-0.2399220482786022,-0.42133657874907754,-0.2421428717667952,-0.19193279440393704,-0.3468907782524522,-0.22721322311211134,-0.2100413369705688,-0.2800787120368969,-0.1806213285218221,-0.4521045667934979,-0.14634097490165027,0.3219468005820422,0.6550320535910771,0.7291140134071797,0.26348598352931374,0.43553503155969303,0.20194249222322355,0.2473069225291108,0.3949398513945767,-0.1981539744815038,0.05261074212168128,-0.036828989515785344,-0.3039127763233594,0.22437341430233254,-0.02159844960926026,-0.3137063197257197,0.026173911553146727,0.4761662936742514,0.5564339193308139,0.5448510147036142,0.3273050274248374,-0.1270912845224574,0.12304957004602371,0.21471674599940369,0.07738263672593423,-0.02560830344071114,0.03850533992233031,-0.01523736543385924,-0.10138830267134434,-0.07706540700654047,0.23133437099869178,-0.2951630911579055,0.2765754773578119,0.04853080326737777,-0.0706808877074227,-0.008854765620267978,0.24138220594237106,0.10873422760452325,0.1268334756454514,0.08006954013961518,-0.21218875121822103,-0.3807610574630503,-0.11033549792569643
0.13264468667890283,-0.0768872265607882,0.1563493664690156,-0.22075914814423614,0.0050900063740941135,0.23720562832046874,-0.18725212592180365,-0.06989499427630293,0.24702964944653397,0.09723143778689915,0.23316123852114037,0.37622628065660907,1.0000000000000004,0.17743880706151197,0.30364100058155175,-0.12333312395306777,0.17359698981441926,-0.13981622999407603,-0.018830204176726862,0.21609375123035637,0.15981790065835477,-0.07742831437049996,0.04074791521550225,0.15924700222873442,0.2438347033705843,0.2953636523106275,0.003841047546509999,0.1730582375801549,0.3340039695907038,0.19440879550284432,-0.026769679846689782,0.0657476563986994,-0.139922194019841,-0.24221914983624587,-0.011265904224667502,-0.04686893190665199,-0.09191068694770285,-0.08650680481483129,-0.14850356014560245,-0.11089652904025914,-0.21338983546369453,0.11900230208199125,0.00014509541638597074,-0.05489319060595828,-0.1319837015114499,-0.08953578633303616,-0.2132539747693712,-0.3059159990870941,0.08366798452597357,-0.025759758489231538,0.0009305076789967895,-0.11007053596566539,-0.2082580845071596,-0.18669172902961276,-0.032216117209730395,0.22332478547822204,-0.1953864099577431,0.14093753660446995,0.27795264709332596,0.3907790765029125,0.43757665555447894,0.8900442163830674,0.7607456011655157,0.09979398025917548,0.0632315916474187,0.3176467382476709,-0.10618718946211102,0.036489704977235436,-0.2770293757733837,-0.22247353486471796,0.17071859048940916,-0.12367678718491323,-0.2235803596939641,0.05908254131830054,0.04607004792354119,0.29614896847810457,0.3477808689058697,0.2959848405576535,-0.1351212518023721,0.026423633149552067,-0.13384974737388403,-0.16474388738315224,-0.14255621774057478,-0.04447878935588853,-0.026091879191637534,-0.19933762421377313,-0.11979555878472797,0.20066999532437635,0.015984018806578692,0.019807221960214637,0.03176588535444031,0.02470307037487811,0.06717498036813081,0.13571805629759942,0.024978413483272344,0.03286211400615359,0.06071335419435638,-0.2542290435082885,0.13323081914061713,0.0026487310005050423
-0.1364506209562789,-0.2206798619383248,0.11124365800338032,-0.3364640825398119,0.04494624286289102,0.03914875083977915,-0.1725029549756793,0.17200843423114498,0.12170511889850216,-0.17333531202556718,0.20972814013963417,0.27149468326414583,0.17743880706151197,1.0000000000000004,0.5468543114211185,-0.09413406073812197,0.45834046686501956,0.3718988261406676,0.6575333870742422,-0.0625937792074742,0.6200032802224777,0.09387850238978308,0.6319783645165161,0.18129536245313307,0.10537717372981235,0.33578105982078627,0.2250949953809217,0.09397183186485487,0.19215640424768837,0.062490769519607574,-0.1901042916206007,-0.014563519895016142,-0.26212505240820544,0.08552389562212791,0.24531718363566282,0.007193955758156795,0.10571886583365267,-0.1035006012320297,-0.17047081326183505,-0.26094497904867786,-0.2270866074200659,0.20441853751589015,0.06644325701521303,0.022705992805806274,0.046213164711369256,-0.06181619975517838,-0.08706706211887412,-0.08928378655436739,-0.13843235164085543,-0.2625593128046309,-0.23464910177734524,-0.10474374326610547,-0.3141231371650865,-0.3184270198839835,0.08401763043002279,-0.003944383012664083,0.0330753635279622,0.18871072589569465,-0.018235171802351312,0.21233836795181968,0.4018751881782525,0.08002935395624813,0.15349371225279929,0.4075254069848146,0.5531864238739975,0.4481313190773318,-0.40772249998505733,0.3397657225510481,0.15043984462441448,0.17526499394436176,0.42311276869050074,-0.015505987664394363,0.057755830131910164,-0.26044999662946133,0.26703450937522105,0.2079126213615886,0.25897696070168114,0.17143044221226011,-0.1442672335870318,0.028766816548558772,0.1326098943844667,-0.27999075453511457,-0.2370434606218154,-0.0794212155825565,-0.10747041145228595,-0.2689892944714641,-0.12608767072104798,-0.1454009680543841,-0.2579853449419864,-0.19502355174071107,-0.23057594655233454,0.07219675373860003,-0.08670543753944979,0.047188971801082814,0.04478016239685807,-0.006175173232868085,-0.13804279966487826,-0.36268507946977147,-0.151399592344608,-0.2865626615587702
-0.19806795704534264,-0.4663215403359521,0.03466194729344698,-0.5305874507243066,-0.18065433018648724,0.1194613980833516,-0.4495381151741919,-0.18149223117997892,0.19734003035629186,0.016458368592571396,0.4950761266502781,0.4509580315167701,0.30364100058155175,0.5468543114211185,1.0000000000000004,-0.38782975526473185,0.037805230063379804,-0.03699661746959614,0.06594529967639695,0.04827718163361893,0.5855503467459845,0.03415989611918028,0.274723111940839,0.305037818298545,0.30946008514980516,0.3845921898719186,0.30456672626859327,0.4881512528858705,0.4765988314116082,0.24487744495620078,0.16221477293234246,0.11023141810724815,-0.2699183629209855,-0.17092638442425934,0.16097493423233192,-0.054396108957467985,0.1203368979542717,-0.11196556178525799,-0.24535885405112298,-0.3652390368557202,-0.2579135449006449,0.30444866453372577,0.06168861229867399,0.228383969192683,0.11055902208438298,-0.003968434090949786,-0.10714940770309578,-0.16694121619818933,-0.19443489036729453,-0.270402849383127,-0.40646824882841814,-0.3652113921846109,-0.560112929022104,-0.4891011446118792,-0.12601406264972567,0.09539426090934142,-0.37867862865283874,0.08552393562517877,0.23374516387410638,0.4683244555092134,0.518755544136904,0.1988353468554338,0.3737621185798468,0.2720358646390722,0.45079106919008427,0.9226598779138753,-0.42880789550020837,-0.10041110679267198,-0.11582528662951039,-0.1616778683389091,0.5934285730005032,-0.17345937602820732,-0.17251192528688147,-0.22377538225153218,0.24755770667646382,0.42219905843174793,0.7834644625313899,0.44531162926925405,0.022089701820861247,0.038620550891053575,0.026926445678166055,-0.14790825634307808,-0.1408873327750636,-0.11059372041524246,-0.010305743130901148,-0.229134405563946,-0.04032662181361785,0.21265689901746213,-0.23618408004107322,-0.07139288241744857,-0.2489922113134975,-0.057541214991905114,-0.0902740867833097,0.16639861008824117,0.01359736398588851,0.3417045167010807,0.05994694114802318,-0.18108127370006422,-0.14296903486952722,-0.20608392273736031
0.16693602766792612,0.5233354864507515,0.027267812006727465,0.5295854244049284,0.3196076867115448,-0.10656430736924839,0.5272119091273617,0.45349385979430346,-0.11744881814924982,0.05227680318665864,-0.18764141182169647,-0.2671036594803648,-0.12333312395306777,-0.09413406073812197,-0.38782975526473185,1.0000000000000004,0.23570465789174408,0.4186865820112316,0.28552680178285655,-0.04432618310133904,-0.09982323590650925,0.12000727927527613,0.1497035753057172,-0.006566625438248924,-0.0760482994818323,-0.1851168997235809,-0.2947745775341465,-0.3426739724849165,-0.3992433548159376,-0.12659599243925937,-0.32367252617926695,0.04021575547922954,0.24520971143831716,0.4042260750397819,-0.06477904533393257,0.017907319005391137,-0.14610441324129253,0.10155041648400753,0.21375620122415806,0.3168344322767779,0.0020287860238192177,-0.29389984984814216,-0.09568902915510477,-0.41160454199804297,-0.12889807401809264,-0.17656930236180188,-0.10725845816439115,-0.07435711723234727,-0.04759535600245779,0.019594678020290416,0.32351084311696604,0.40510754242719926,0.5451696618696787,0.24308911309114747,0.2784827795188972,-0.10032951509008897,0.6208886399309212,0.1208820183393812,-0.11238035249318237,-0.2877873623375429,-0.34311291867569244,-0.1691291866266056,-0.24169315644452527,0.008195161352203542,0.029924009021150416,-0.3544393583821239,0.1968014908953741,0.25969385357762176,0.3693516582962509,0.515598871853868,-0.12555926147992194,0.2426685303341215,0.2963717293019716,0.0970789007508403,-0.007168708247526032,-0.23480300115113967,-0.3902207873431219,-0.09489004126616261,-0.17260398330794594,0.00433544873608478,0.1939567459666903,0.1443290607058212,-0.007882416034719814,0.17592982552747335,-0.05921475945692727,0.1442065700437024,0.1763349725934657,-0.02304152090342458,0.28249955998567566,-0.12249181673733128,0.03881126294487606,0.1167618186875274,0.0749712599002577,-0.2517190785643075,-0.04846890117989233,-0.41113023364204715,-0.15951001877452176,0.04839659311483452,0.0678251662844352,0.08431654596158303
-0.17218788324850726,-0.08924041645224615,-0.014457035432357754,-0.16978241738030342,0.05820689336746505,-0.09309609487171527,0.07413405362158439,0.1787733529284827,-0.04916388684688535,-0.20519306643950788,-0.17606225054563404,0.27703676371959723,0.17359698981441926,0.45834046686501956,0.037805230063379804,0.23570465789174408,1.0000000000000002,0.4644017978794391,0.7497569762204827,-0.1095593286861455,0.4387036476153578,0.3899002315488202,0.5166615899834984,0.5298215689268192,0.015007011780727051,0.19522222061301078,-0.014197914870886596,-0.17013966719470466,0.06707368973449888,0.0019046199186777814,-0.1666300938581021,0.10950946160073943,0.06016921848514959,0.46361809504940427,0.33614006920150274,-0.12361064927702492,0.008666347224783964,-0.13858467553642803,-0.10452488892099966,-0.000913709910091086,-0.054382336549145226,0.14360418528947855,0.1489854289441525,-0.21835984853245408,0.009168640462392056,-0.17618398760072207,-0.12435740274323157,-0.13946283401826823,-0.29437556717848684,-0.1906289256176536,-0.15878402522013588,-0.03048575453559796,0.00990402213754676,-0.2702135943464913,0.0777273120648878,-0.12053705204477021,0.18866286395816362,0.11898935001088655,-0.2290031661560294,-0.050864465826462514,0.12152895857995621,0.020516941652826602,-0.013616829034739538,0.2519067473115492,0.43348752418234476,-0.02498355864041166,-0.15322004304625597,0.6528982627084393,0.5937634603972994,0.33642473168748876,0.24489958078211604,0.27616040486040666,0.1309911533706871,-0.12436659190657305,0.5239687156764699,0.11933991613710015,-0.059620282068800344,0.10902787927752614,-0.15587998288958266,0.09087009706607319,0.627826258204889,0.10603476121465537,0.02437736569483541,0.1921729799317323,0.017164392647052086,0.0015764863122917192,0.01910879812962193,-0.15501545999818053,-0.08367408100981752,0.11067977592000666,-0.01588252475991708,-0.01623107008232251,-0.06582933584242523,0.0003024548108168032,0.0034124545223701633,-0.20844417376452495,-0.11408652569451626,-0.24145740283423103,-0.26682502230960925,-0.11390721895400141
0.25440263511014705,0.2002847973048014,0.3516099093784857,-0.032131925263303225,0.38645088006304007,0.22575777373339523,0.24288763116812734,0.6305809143838398,0.22448233954291233,-0.3158597489363917,-0.28514841997068524,-0.28967793549047716,-0.13981622999407603,0.3718988261406676,-0.03699661746959614,0.4186865820112316,0.4644017978794391,1.0,0.6664280039615341,0.22580467321731382,0.4557798468491093,0.19416209346081276,0.6814376294891414,0.031424571866577135,-0.1231427550622236,0.07661046642005218,-0.028396895105499885,-0.3843835913857507,-0.1940290271969008,-0.25877641741213514,-0.40084128342192765,0.13627134726079937,-0.002955971876674305,0.6478628247676299,0.14680605056798898,0.15766911336717765,-0.20173645691292194,-0.09119518771890342,-0.1414599486243313,-0.07806051410944882,-0.2318331478087728,-0.20486848980015038,-0.21965239104994908,-0.4553731557776651,-0.03501588349985599,-0.38813878934559715,-0.2664528994752184,0.034136680855508014,0.07758989805024054,-0.29665668649944144,0.10975410296794427,0.2411021845025588,0.05948314727186093,-0.17817424634086504,0.39270891843977673,0.21022748845784323,0.6181966460081105,0.42780673365826244,-0.4712587975679563,-0.3378007790925468,-0.3684813196051156,-0.24794819361030046,-0.28974535961319214,0.11100682315610552,0.2479035024033845,-0.11707263440289319,-0.1919480904292934,0.33021015668710335,0.5260414075949533,0.7493267991558927,0.30388669636484095,0.15544444124127227,0.5289961068971075,-0.3228931523928597,0.1247500679738138,-0.21323645809822286,-0.2969499415540982,-0.16117208528279447,-0.2467562818767765,0.03976926760088273,0.31222805585187713,-0.09255707068262733,-0.22840092315469496,-0.03436950804404297,-0.17662937478673718,-0.14591764592920062,-0.12183517092275273,-0.28022702737745325,0.24591162262489438,-0.3633339242163669,-0.2258222570243294,-0.1525187544775642,-0.2777199890514714,-0.41172635043626626,-0.2533664069826244,-0.4947177464380394,-0.5132023844785936,-0.0658172067271128,0.1860260097230202,-0.35838906894224104
-0.015237587287833327,-0.035896650060413635,0.16285518368317026,-0.20434171162733344,0.18142863411992588,-0.005459146275865716,0.24337393049345624,0.4437143300908689,0.06130536363518871,-0.23830981795917244,-0.20866686803592288,0.014728207148349198,-0.018830204176726862,0.6575333870742422,0.06594529967639695,0.28552680178285655,0.7497569762204827,0.6664280039615341,0.9999999999999996,-0.1081814303495014,0.6499921214338328,0.12342351845462923,0.6756774202248105,0.17064053421394024,-0.027963098941050507,0.10811138345161207,-0.005796188199978374,-0.30762133969225847,-0.07157530287932978,-0.12691355415427877,-0.3455076305784439,0.07187876605110555,-0.03684097382792302,0.33848943189531794,0.12851688111708615,-0.1290565795851897,-0.14892020933575292,-0.10844441364198237,-0.15873213897114608,-0.09879482894792053,-0.2318130722174008,-0.04651330406082071,-0.08918968328866037,-0.2478902068981242,-0.046934146349439036,-0.24333919318632558,-0.2125826345806273,-0.07965386479920854,-0.16053228759530544,-0.31483985531548625,-0.002925460819898488,0.07629933575463646,0.06540678342892492,-0.28535207220619035,0.234652414871679,-0.0260664806819464,0.45190807859444215,0.28444336408842813,-0.2612548591859649,-0.05112237544421231,0.06881141265946142,-0.13094505563060607,-0.24364041233193276,0.3541508530941728,0.6042664486246717,-0.011747585246608672,-0.15169778349599297,0.7094224444793419,0.5451851043360801,0.46122155334648324,0.3861817584859044,0.12021715281395781,0.27236875266648775,-0.26728497029378495,0.4608194895037555,-0.016847895368070055,-0.1012465346015701,-0.0017195828593293714,-0.19329469524489348,0.08939222136061521,0.43420137091692734,-0.13829392998826273,-0.21474710893557283,-0.03180335170015516,-0.17269622909527876,-0.18630874480291554,-0.18829547551497358,-0.33788000390882383,-0.11336336348879697,-0.22946432869096237,-0.13330478534521625,-0.04171092262475258,-0.22417496511796045,-0.20859472206765908,-0.16184956880654708,-0.28598847603253635,-0.32106045371532765,-0.2335647969032385,-0.16035718160552426,-0.26496323434368896
