0,1,2,3,4,5,6,7,8,9,10,11,12,13,14,15,16,17,18,19,20,21,22,23,24,25,26,27,28,29,30,31,32,33,34,35,36,37,38,39,40,41,42,43,44,45,46,47,48,49,50,51,52,53,54,55,56,57,58,59,60,61,62,63,64,65,66,67,68,69,70,71,72,73,74,75,76,77,78,79,80,81,82,83,84,85,86,87,88,89,90,91,92,93,94,95,96,97,98,99
1.0000000000000002,0.2708033778860734,0.321273470927613,0.2845924964860158,0.15704203395879016,0.21530672111452373,0.18068523132207276,0.2994504264557367,0.09706659938216976,0.03626245136613037,0.18498301080363516,-0.16485324474270033,-0.035268126228788776,0.10934629981330467,0.21143010514671698,0.1985450858654281,-0.01835244619107935,0.16332534720636685,0.1636923357391358,0.03406713411536152,0.13579636763768674,0.042267784385332276,0.20291643822052008,-0.07075643552476689,-0.008350492564678676,-0.0829961478421617,-0.08345464221360342,-0.05605162211374833,0.15828707177802373,-0.013743312587706242,-0.07337565310601905,0.14565909764365131,0.04499710561637975,-0.11030242165791848,0.11553253886247421,-0.024760047246045986,-0.23069041023172168,0.08505069213757435,-0.07916194257406037,0.020847424726081098,-0.01936922147856579,0.01247193134765989,0.10768607731173793,0.26297905457944676,0.0420778086113227,-0.0030711106762282836,-0.040730791748103394,0.13747739126940162,0.25657178134206216,-0.013605551072275573,0.3707478577493459,0.3467728163599733,0.07722072347643034,0.256786517659717,-0.027874132581607654,0.17361083312533973,0.26284158242097605,0.060650906207414215,-0.13165755093845888,0.15999112230291665,0.10862243001033507,0.03320792587508143,-0.02627223421182648,0.1799440445561236,0.18951953553199166,0.16333246841271767,0.2970002016662833,-0.05345498434569492,-0.1546730718940654,0.06740123640890054,0.09857323598333184,0.008719097499802559,0.0675294948258575,-0.02639067524960595,-0.04340466561350201,-0.06383288578108176,-0.005104519339319351,-0.01603493403785783,0.10405122730116556,0.3230801671665594,-0.06840926473335972,-0.24175750698683898,-0.01789730650638669,0.06463647096710766,-0.13873951397277992,-0.002990462303458662,-0.27036034359659183,-0.11049409477630596,-0.07488458530237552,-0.09328539052718993,-0.036110220016423375,0.22290083541559483,0.003907689276685049,-0.10426703271435299,0.036490928086773455,0.10339637614066413,-0.08998915090580918,0.04333322543414287,0.10031561716335428,-0.09423201978527522
0.2708033778860734,0.9999999999999994,0.6120411930374985,0.5869726566835718,0.7954374203321274,0.5158062841254552,0.33907181668997616,0.6364822502316385,0.4203184757012938,0.07589437454431774,0.1033501425553712,0.041696587774070544,-0.0046393337639103185,0.37912735081710774,0.3825688551169417,0.4141651491342657,-0.12323082445739084,0.29214846162793173,0.27618835290296684,0.19675738337572218,0.24229532459315645,-0.02809795799531907,0.01849003496009996,-0.2684903320792376,-0.0446246837493093,-0.0872925010727184,0.24734287315073436,0.09638211198037423,0.12935289708194403,-0.17830448644805436,-0.025165627656751954,-0.158000175078416,0.011538460406090719,-0.012697060802711643,0.09155704836281044,0.13209139846257287,0.03437395789095486,0.026326961042488762,-0.07563578692710285,0.08785331536978606,-0.16077495620283216,-0.005786417800118363,-0.07286135022461007,0.11550425022561596,-0.015895279524593138,0.09555711586377752,-0.023690935417158332,0.10742836784828037,0.35941008948672326,0.15350277195460924,0.2374812860513279,0.7848597850837967,0.46339461859799747,0.48657544846407946,0.5947728546049658,0.46180639617428326,0.6604941127687601,0.5020433293973522,0.058007358951952415,0.1413368908449114,0.10994066793686971,0.004369883607497322,0.1570646503776721,0.34995919760873573,0.2676838707716108,0.29755859983354,0.33083460495713696,-0.07087214402900456,-0.06244191613754948,0.2233650490365863,0.1951777674973813,-0.04496441791874975,-0.10048350929111277,0.014543305513585254,-0.20491261167513836,-0.05180318054143736,0.038317488124994435,-0.1313224654627983,-0.15869844769383193,0.022052752948882398,-0.21589773919208755,-0.25977904875024144,-0.04210790904266257,0.08237140741997877,0.15791335691005065,-0.052814744040960405,-0.03490914492664094,-0.030460098052377618,0.07557439954702834,-0.23157621280799856,0.039446202314693084,0.18371452816329875,0.07109624119398184,0.14160172127123058,0.013890023807799435,0.1224636294206205,0.022294085737239736,0.11879858266775589,0.280697147666753,0.10938059003999459
0.321273470927613,0.6120411930374985,1.0000000000000002,0.4046928492307053,0.5149695975346742,0.7164538820683855,0.4563065013098236,0.6176460627915514,0.6564101111863642,0.07585541784802792,0.09530311944491751,0.10510698539220377,0.05472694882788086,0.35018378197128996,0.41807660195692015,0.3356367630790742,0.03606869419764794,0.31809440128853017,0.3626594990141549,0.2977118384537612,0.3759296070019955,0.027861901559732206,-0.021112500225429136,-0.1490953427129484,-0.01541983543531753,-0.07850982164362262,0.2789008706098083,0.09941482642467095,0.22280103021043998,-0.22194058840475167,0.08098792883365487,-0.11397235880874514,-0.06382580030306165,-0.010760662768743021,0.11040914868929684,0.16737476165757612,0.08406294375772014,0.018575487878036718,0.03136909966634529,0.16201957012609772,-0.06784762753148282,0.012533162086812034,-0.08140580076557123,0.10154911630395932,-0.027637577255721333,0.03463242035975024,-0.0008703589285481714,0.07617561873546415,0.4078965673119232,0.24251925676170585,0.5079206084603513,0.6522435563748333,0.49741950081992864,0.4053008254814774,0.6214192649010433,0.6231611210451737,0.5601772937012789,0.5892339323770948,0.13204947955318302,0.0725312586878923,0.05597844239438708,0.07066278690532617,0.1757026360903548,0.3882232906848234,0.4141860027343654,0.3385252833106325,0.4256684326539697,0.13272482930593058,-0.045804552257276726,0.20370520438812897,0.34493852548192266,-0.05734244046444944,-0.009728092403926122,0.14550366916960114,-0.08244741128188196,-0.05024370058857781,0.15298412429342464,-0.1252230736744203,-0.07137743653577408,0.1179050537078369,-0.17147343675973295,-0.33103683608586737,-0.23349876540320788,0.0725271820545398,0.009871983833228255,-0.19471347550542087,-0.042516252737738576,-0.1341205785861999,0.09399161533609533,-0.17611756720585964,0.06630469026884982,0.27583018493700634,0.23459995636222014,0.098218446303248,-0.03557838978238529,-0.028011475840833022,-0.11257982589988394,0.019324809981696337,0.1872396547528658,0.16538284040670675
0.2845924964860158,0.5869726566835718,0.4046928492307053,0.9999999999999997,0.6910303040003813,0.28318434247450924,0.3916635875923813,0.6922843810370598,0.22951134915940885,0.1478158588539359,0.05587484844415401,-0.029025957044871886,-0.09672230037287638,0.18473532165030998,0.2670130723002529,0.3494291887607219,-0.0650921721221842,0.28564703232039707,0.235110844348492,0.15863358845205242,0.10390707482562793,-0.08395341296645996,0.06891223091411315,-0.2116359000483166,0.058651479677352104,-0.19735761183451608,-0.07561526103954833,0.1187262259296251,0.18541214231098696,-0.20215947094506184,-0.19352265467512889,-0.0002377933519764287,-0.03924133609628297,-0.1866788644151096,-0.03879962224509266,-0.021690792342860605,-0.010884357356273393,0.06414665436776569,-0.16477060626921586,0.08194983505072787,-0.18946755105591162,0.052835997590081764,-0.07099934597190861,0.3188174154860515,0.06295054872991938,-0.03365846207363721,-0.1846621586749703,-0.061422029576418055,0.17860988508884507,0.06110820767839383,0.24146899116895015,0.5615847914193641,0.3828411419263713,0.7295016453080151,0.3580973096966837,0.18810907685921358,0.6049800554421468,0.3500344698489812,-0.07179595202182264,0.19793702657766502,0.062425431491661215,-0.06914165904355037,0.0029301897057611415,0.21891819845848223,0.27324873021138624,0.20976852050389633,0.32787767690556896,0.0463978236568728,-0.173568557731537,0.15525737548395624,0.07847877829952497,-0.170411862519747,-0.11353517269093245,-0.14298356962869263,-0.1371743288762835,-0.0460011596563389,0.1259504260036982,-0.10592654321533758,-0.1504310254879019,-0.10660649825636757,-0.21775126382499446,-0.4168624647812273,0.03453944968409829,0.022562939678533817,-0.12409871392448234,-0.18132549339450107,-0.08777134275646024,-0.1145335647502437,0.003563141388041334,-0.19703551525663168,-0.27774493044076715,-0.05585393910896584,0.011673797615801715,0.014746827323711173,-0.0761595762359649,0.31936898278293124,-0.06186137507301522,0.023891105956107817,0.08594747753249474,0.12483670198438068
0.15704203395879016,0.7954374203321274,0.5149695975346742,0.6910303040003813,1.0000000000000002,0.5878972122386972,0.294985350218001,0.5646506369279528,0.36267049815565905,0.0035593450257510174,-0.01695691596881451,-0.021357639828967743,-0.07137822267765861,0.23190607865833335,0.33553178675043854,0.23502213366129865,-0.1606393412034262,0.16400188386397954,0.22366165823796186,0.15965481552800714,0.10647756562047864,-0.06558971316240947,-0.07355512439048709,-0.326175323222326,-0.021401215500120533,-0.13587451025783415,0.12498208188393901,0.18904030630055219,0.10963771693852273,-0.16298567811586398,-0.131682485522836,-0.2049746312502765,-0.04963910545676426,-0.09869796621613162,0.047652782911601514,0.08796050118402352,0.11913494348365226,0.035058415521254986,0.030501473632881273,0.15432082551633428,-0.14625926880714785,0.03557315097809366,-0.04602587089110662,0.1484739274002136,-0.002854431711256229,0.12777956111697533,-0.024849833625242977,-0.017769613588300627,0.3327403394781274,0.1719361230166365,0.0689875966781175,0.5745689509022889,0.35958539540755,0.6162425951298799,0.6456633634961046,0.4388876051573542,0.5303180651077659,0.4490415413279503,0.024379176999147316,0.04954780244416041,0.05324427173644166,-0.06448140303205567,0.0839010118652351,0.20983680166903146,0.20999293836970154,0.20845571731021278,0.22087656138452114,-0.01467737982664701,-0.10252229226922661,0.09444962303980993,0.12149394341690496,-0.11179541877831857,-0.14985133789348823,0.03912858613164477,-0.22636555831368116,0.004282808060161194,0.07056531016477847,-0.07082950540002618,-0.20531991361400145,-0.10037100059684377,-0.1917469569598135,-0.27331361629541523,-0.12530828344787304,-0.006368412345114521,-0.001007798266780746,-0.037734385662412655,-0.022243849443846383,0.06514313360361146,0.057963565840409466,-0.21659368120632996,-0.027949219933592048,0.06945642917175096,0.11803372175299148,0.10518376747629579,0.10284060697847103,0.10227110816045651,0.007297130807430018,0.026063737906855157,0.26435957696628937,0.13155730064724377
0.21530672111452373,0.5158062841254552,0.7164538820683855,0.28318434247450924,0.5878972122386972,0.9999999999999997,0.324646218768645,0.39163668911901744,0.4694217904956788,0.07488952896907654,0.058431459114663895,0.12244373287576042,0.11357111126955911,0.26110019413659985,0.33880074990794534,0.17959429947004946,0.039840150439390896,0.19467897538345108,0.2267610422621133,0.2923400117967768,0.19275775584259183,0.12255404206521232,0.07141819947496961,-0.1521162397802523,-0.03294760979731193,0.04784515178434137,0.2355961925036203,0.25309228952349666,0.18869336199111644,-0.08247027879550926,-0.007186021042235053,-0.0510042669002341,-0.039151124462660905,0.07331030615229168,0.07180939045601328,0.2769608054287759,0.1597183227903206,0.011223076295431572,0.12898622061703457,0.1895260561381701,-0.005729118703739034,0.07201310664183036,-0.022567822827917677,0.09987613164594877,-0.08031676587542431,0.09819942699382607,0.01898184947958328,0.06428344673279428,0.5444840126681029,0.3308625220402991,0.2822899534223736,0.48734467020343525,0.30708279767704294,0.35650026949208885,0.7919298140901613,0.7369224446335151,0.38352163390762134,0.4335296248903587,0.21506856178601852,0.03541001756312848,0.12939942272173674,0.10338354904228905,0.2100742494425356,0.2439457255193032,0.23741987156162112,0.24804623801851225,0.3434391757703698,0.1548079406010906,0.05489560044499432,0.17518091574505673,0.27133244039959287,0.0844945202005467,0.09517721982832231,0.2634839917994945,-0.05717563578034723,0.1345008466441571,0.16391828362227942,0.07597910362606752,-0.0652353637001237,0.11607762047889673,-0.05924794494987866,-0.11609336245748511,-0.1738478927744002,-0.0395591813942794,-0.0004511264287588265,0.0012559573545989709,0.004945695016050389,0.13345994542670062,0.22645848976615676,-0.05502895246596727,0.16933060692703952,0.23324130218862194,0.19462199362129418,0.21912419438440456,0.2032190489832755,0.02086588410714963,-0.02328503728275472,0.10131325578063691,0.43497483089689143,0.2425934068868424
0.18068523132207276,0.33907181668997616,0.4563065013098236,0.3916635875923813,0.294985350218001,0.324646218768645,0.9999999999999998,0.3763132456378828,0.31576594565056876,-0.008952318230456556,0.09121356479583387,-0.024461913965027764,-0.1627349294650777,0.3567830700629129,0.34587054808397355,0.5361993348891108,0.2691908361924523,0.313418956868272,0.4070575457170342,0.39116178165931315,0.4395019833545571,0.24655436948168982,0.195180713190374,0.07526908541466971,-0.06596662212348063,-0.11155070448552562,0.29661995215781034,-0.020149570659561713,0.2489483268606019,-0.19830673170493507,-0.11120635911155903,0.11390494174424236,0.10688968320137146,0.04594504827066471,0.2837882973357672,0.054476069437579495,0.01749080435423806,0.20327281574683811,0.056890355040468854,0.3469640204848802,0.17634117065045934,0.005589418588266946,-0.014878856899697196,0.2769540596859893,-0.02934717699506119,0.23912397506585173,0.11183298696450687,0.3169932925752951,0.22814898092037855,0.31587852900359376,0.250271136246917,0.33821891893391953,0.3625037943668377,0.2290304614164396,0.253909101168061,0.28059495110792704,0.21010341439741226,0.2223923515499821,-0.013036473840055868,0.03559430407192565,-0.05602210712387534,-0.08599287595058576,-0.06794062758429788,0.3529787721788749,0.4077625275310626,0.3494315145677291,0.5631406276132523,0.2596719490980412,-0.04516021378441207,0.16382965494846566,0.3244023829366263,-0.047708908100319594,0.14011999562118568,0.18438944249791633,0.06764747844999991,-0.19446464662011234,0.05415100581465932,-0.16107401892203516,-0.1603405989803235,0.24298371300561145,-0.13784588293415043,-0.2290446155694973,-0.157329417178402,0.18267977119914502,0.0005543438788067782,-0.09852608344504477,-0.06978129514468064,-0.28276812457868045,-0.08091120307040323,0.07337053330075911,-0.04858580188040551,0.17659899921296895,0.06316668490520135,0.08878840526133092,-0.0343874760813067,0.16197731347094058,0.08186509870940509,0.16594919661921653,0.07466448803146349,0.3276008431362948
0.2994504264557367,0.6364822502316385,0.6176460627915514,0.6922843810370598,0.5646506369279528,0.39163668911901744,0.3763132456378828,1.0,0.6088739369440033,0.02589524426233145,-0.09291227289404896,-0.20588127849229565,-0.01645857472290981,0.2015817819926912,0.21667274284158888,0.36848299865384326,-0.08988667192585127,0.4548053190782577,0.23115758793548793,0.14893867915474723,0.10771012359523707,-0.0435355685856717,-0.03233180251582066,-0.26857520216047726,-0.08946897479888584,-0.34547171499536705,-0.0932865808617708,-0.11552511963614112,0.10516328717241326,-0.34790528833026113,-0.16038723201810137,-0.017277599122824068,-0.16588518761902418,-0.13377874896083083,-0.09855949388112892,0.01254996332331036,-0.10072330809986307,-0.06920467449640487,-0.3099464428334741,-0.05621241145519195,-0.36749474936555,-0.1997259446264016,-0.29603545643599755,0.09961452074947458,0.06490001901671733,-0.31583900381242713,-0.3295993450518822,-0.2235624911717303,0.11874742863239401,-0.06945549627820884,0.3348204138324994,0.6190958457583651,0.3514758062855852,0.5453860855746023,0.43465011810224,0.2297782701357362,0.8161928328062743,0.6423589919093913,-0.15841597328682705,0.018725923615655067,-0.07232300486565899,0.05794226963831023,0.13756145317693175,0.21348900654619185,0.24484755798396554,0.11322230343121595,0.43002624696553243,-0.00853018051901447,-0.17682756667284213,0.2688456102330692,0.12697508946981162,-0.12749464390025889,-0.1113492303065927,-0.0614104179073844,-0.20639235247961427,-0.2345219569858784,0.0974967782771991,-0.29067358146280203,-0.06375524021542466,-0.035995938507631435,-0.24993762050190163,-0.5599115191737928,-0.050974363243281626,-0.09238411918494348,-0.23097427469483733,-0.3256417885464623,-0.21414232585891005,-0.3437325258121311,0.016174495144325483,-0.3736659143398275,-0.28756755882871154,-0.020873126971771204,-0.043179125484423396,-0.0572492562563897,-0.24350922956179152,0.1365463429414135,-0.3450553373267171,-0.10278900675993989,0.007427138733107833,-0.031332175844308544
0.09706659938216976,0.4203184757012938,0.6564101111863642,0.22951134915940885,0.36267049815565905,0.4694217904956788,0.31576594565056876,0.6088739369440033,0.9999999999999997,0.06284757180367183,0.017693422874698033,-0.028355281153462565,-0.021396609536009248,0.29509695742846953,0.330701810634847,0.24004194787150687,0.01836218150173739,0.2654160334584996,0.41036558580887467,0.23256931304063516,0.25842996600256946,-0.061570597640849885,-0.12141901632915351,-0.10853528617965914,0.023913665092137174,-0.20473297379811192,0.23339820280711682,0.024441059269971293,0.20250520469562766,-0.3754650711213945,0.01450281078245724,-0.12983053651221377,0.006130894318495937,0.0359979239835753,0.035469084716704694,0.30684081715072237,0.22890251447419324,0.05528209052727282,0.008671446011526932,0.23300048224596637,-0.14729999949956257,-0.11619611752662456,-0.24016030443685313,-0.02209165379626515,0.10913573814209253,-0.16265285247907643,-0.13862914026075648,-0.13017730882010795,0.2738691905186117,0.24048658748496046,0.1486978620194578,0.3673073899835233,0.3662806052259094,0.24277269565851411,0.4294713987793471,0.472223809351748,0.4766638473856579,0.7658364322882871,0.031494699945192245,0.05154909645948524,0.0021571313389319776,-0.04104194172310642,0.19472447918147004,0.3492149711875754,0.42689996672563096,0.2668161455213932,0.4395610754554667,0.13698948735872554,0.034472853518816446,0.22157307642082097,0.32587345380801225,-0.06658412657718492,0.01138319696769834,0.361104085592677,-0.03936233020209935,-0.029645354665288164,0.20596605167262297,-0.17414416099268787,-0.1518957029876129,0.038192665634785065,0.012897944161450113,-0.24271632807771085,-0.13612403118278682,0.20147253431695364,0.0994231279697713,-0.1257446370310239,0.142420716904784,-0.19678162160334572,0.26581317843102487,-0.12379682247231327,-0.015402048595590107,0.1862706319864329,0.2687880580384794,0.06854220268253663,-0.09402792523281457,-0.05290208880704868,-0.12377824909998861,-0.02855165678513824,0.14181526535863745,0.2451618390346623
0.03626245136613037,0.07589437454431774,0.07585541784802792,0.1478158588539359,0.0035593450257510174,0.07488952896907654,-0.008952318230456556,0.02589524426233145,0.06284757180367183,0.9999999999999998,0.5860916084702021,0.6400680242078918,0.219263799043203,0.24839488727749634,0.2565555057139513,0.08692194121212753,0.25058956218309225,-0.037826703502822814,0.18387335142542427,0.1140648258544441,0.18509057389001604,-0.06888115867697803,0.1357424915868949,0.3307560284344479,0.5466939794319945,0.2546243760057878,0.028511620621496522,0.2507700128705721,0.22842299336711813,0.16945435930995972,0.095960412964166,0.14306143959573625,0.08096792752558572,-0.06720148562883552,-0.1758054813081932,0.1608998748197158,-0.04609287345503779,0.20678028522786926,-0.04101929566426942,0.2991129717780291,-0.21894264586347065,0.06540586704978238,-0.09296719742370643,0.004944433929256848,-0.03044801624210631,-0.15058009161781397,-0.2362921645011905,-0.13176386458107855,0.023495537543132383,-0.12892738511831536,0.2176468092962416,0.17755936733356797,-0.0022546701698667624,-0.0690885259385703,0.14046299493158626,0.22020087593715554,0.0968792990335961,0.10284285945424158,0.6592710839456577,0.6929367320243378,0.6890829316356738,0.12541906811581183,0.18965417397765996,0.1232094690793197,0.1280459542634185,0.19757422945635553,-0.03687602504115414,0.18392984376218177,0.14854258184932725,0.08361123084101761,0.16520556659732719,0.148526448977893,0.22283142954998525,0.3912327755007704,0.4856728510709753,0.4837533953017815,0.27123215156464237,0.30306493771660276,0.012936546823983885,0.07537174443499381,0.30357811926604916,-0.029349692303275953,0.10138677028647611,0.19879742792735525,0.2752065070364248,0.039095509580989785,0.07156983564118508,0.14704767688342973,0.2504924431960703,0.04100633243145326,-0.17539134972632675,0.298264803486474,0.3798449005224351,-0.012663464647163471,0.01674235282760808,0.1502428211281468,0.00793323757682162,0.0089873597750792,0.10611825818506797,0.009083606600162693
0.18498301080363516,0.1033501425553712,0.09530311944491751,0.05587484844415401,-0.01695691596881451,0.058431459114663895,0.09121356479583387,-0.09291227289404896,0.017693422874698033,0.5860916084702021,0.9999999999999994,0.5607614318698421,0.20365633572728542,0.22986063379479652,0.27000085005552005,-0.011925288165286593,0.011259607142926186,-0.17178189240858893,0.10497091226459707,-0.07183239057694772,0.07227432380883127,-0.10180175179097571,0.04563535048828494,0.22154963702408859,0.17775450169923726,0.37852802821878795,0.042971034821689014,0.09031655081524166,-0.050846522766116085,0.287380337691902,-0.0016344680920647077,0.06071108287879451,0.020657168182269953,-0.22140680566637186,-0.13736924119143468,0.010649976243129829,-0.21487121332769288,0.2855704834420422,0.09918001235730049,0.1720283509366695,-0.028946261000285682,0.10873927814209168,0.0037425371004285585,0.015219841719734603,-0.14687279677668535,0.007744554905133683,-0.11765289666710833,0.01181386148740158,0.06650111256210828,-0.03502998068771673,0.25475929140796794,0.17480811899449286,-0.023412402249512614,-0.19385662321463942,0.10235529624524622,0.19073172823324666,-0.05946370301381326,0.04911542319231953,0.24610211992818012,0.5051099325817269,0.35660222131685254,0.1118584791852357,0.05632679270255523,0.1230188981727297,0.022552433970439194,0.305249938373106,-0.03911489789982583,0.0035408134987832134,-0.00013618298256936763,-0.08607486308173522,-0.03335915773650974,0.1063724247338325,0.10135735159335993,0.17257838220694424,0.2907242868389981,0.27435366537179756,0.004852658962171793,0.30008506270035756,-0.17706722431947983,0.20971638550174518,0.09983745773371513,0.009199794372546054,-0.13714286951178387,0.1603035539653982,0.21695936695697499,0.05245138494941505,-0.11985027768895624,0.04921121894250116,0.07129351037457382,0.2144097843477096,-0.06274363065955964,0.34978549802827885,0.28583666363347776,-0.17342092389111816,0.04033158987529079,0.04238167192636323,0.07566199619100467,0.05153246593351956,-0.01186204238884184,0.0561284319649214
-0.16485324474270033,0.041696587774070544,0.10510698539220377,-0.029025957044871886,-0.021357639828967743,0.12244373287576042,-0.024461913965027764,-0.20588127849229565,-0.028355281153462565,0.6400680242078918,0.5607614318698421,0.9999999999999993,0.40297989721791305,0.33028024316845034,0.3067452155446379,-0.06503412172495053,0.2623694030545065,-0.11878636873372166,0.05349191171068333,0.12979109955414253,0.18212412624783694,-0.06320192411767388,0.02269695278536655,0.38569980011089905,0.38465619658454686,0.5460042783855021,0.1397022562761344,0.38289951680367024,0.09299702208915119,0.3941263834606414,0.19218915016282037,0.0010838840983089827,-0.14660507080587962,-0.06822505133972771,-0.16967433371803894,0.16242278077624292,0.009517623221261418,0.06916760487008386,0.00907175777703703,0.2665103650745383,-0.13673721373167858,0.1685361433074243,-0.1279363133297969,-0.2265064007561983,-0.3116066106741308,-0.06178919092820307,-0.1331212406589656,-0.10058675693727297,0.04667048018306836,-0.05528558578479291,0.28921712676333217,0.13791163468750667,0.1777197721273805,-0.06941277565477479,0.16307150457686265,0.25729643795444246,-0.0614711782961604,0.050871323018223454,0.6231301998487935,0.6276438786809068,0.6436369368334907,0.28982970068638414,0.3423580696915473,0.17561205817109102,0.08452025767499964,0.32999114707267657,-0.06008396097950062,0.21409863094497417,0.1680890159878693,0.026992312767043107,0.17674647534522892,0.26364155211038315,0.23812645197951363,0.33041817276977575,0.4943292217762277,0.579964975233269,0.18275314915342883,0.45804604706737695,-0.16869856507173797,0.13038746914873675,0.2779241632461126,0.11676753528525438,-0.23140606405564285,0.033181687394468855,0.2484203139273266,0.029865860239292122,0.09445820654694514,0.26053525577359693,0.29964246700337316,0.15688246445968704,0.08348125819116957,0.37487212336606396,0.4021103958361898,0.015554864983003729,0.13910831891052755,-0.14538332612656868,0.056716653283500375,0.05301445288318561,0.15747374685578688,0.14394254933990117
-0.035268126228788776,-0.0046393337639103185,0.05472694882788086,-0.09672230037287638,-0.07137822267765861,0.11357111126955911,-0.1627349294650777,-0.01645857472290981,-0.021396609536009248,0.219263799043203,0.20365633572728542,0.40297989721791305,0.9999999999999991,0.45076412313533054,0.17441093356629525,-0.18221649489631228,0.1733628139022529,-0.09063300016125493,0.1437929314151306,-0.11190286984609435,0.06054169374959865,0.017852160575748465,0.047034244285539234,-0.1439027932167769,0.02420988168028817,0.09093961556581122,0.028209204106883257,0.2919490090001,-0.05873716037390806,0.46995474732850473,0.1945585344801687,0.04639224567452126,-0.2849090842214664,-0.0376517756148663,-0.24302330696720714,0.04967078278132091,0.06038846705585029,0.043708784514254126,-0.09674805976944516,0.006538032016099578,-0.27602964424586324,0.1446080388317459,-0.1453250001093467,-0.10597500674478541,-0.15822952527217105,-0.13681909232908365,-0.1667839359936832,-0.15587027267770365,-0.05826227384466958,-0.21252602004489105,0.15135927214147998,0.08966831908828374,0.11485262060663907,-0.007126937120801356,0.1345932670174638,0.09767093003426291,0.08076969571047643,0.08472938488495936,0.2214236490114554,0.22187876909535553,0.28964700231829293,0.9093889991911689,0.6559466292123471,0.34597674288824815,0.016588465435173567,0.28949450066692844,-0.12582413395863187,0.20931140200011245,0.09266514469333291,0.02407271323499102,0.08217464639706162,0.2334461334324362,0.13214991818333646,0.07134231022483724,-0.07664529486372987,0.2039471528144035,0.06768175949500235,0.376817609066523,0.008188332484914476,0.18096131906053933,-0.04901013444037289,0.031304734606016675,-0.23907689581913905,-0.27501088361248094,-0.008812811951560017,0.02622583776128666,0.03780446591632922,0.2760306294465394,0.15575259799472857,-0.010602182613708929,0.11679012255097687,0.2329451494964352,0.1802613666872092,0.0011537251688471528,-0.09109192075482506,-0.11430172470210172,-0.025820606975625025,0.03289591584027887,-0.06934294535063884,-0.061995873194335145
0.10934629981330467,0.37912735081710774,0.35018378197128996,0.18473532165030998,0.23190607865833335,0.26110019413659985,0.3567830700629129,0.2015817819926912,0.29509695742846953,0.24839488727749634,0.22986063379479652,0.33028024316845034,0.45076412313533054,0.9999999999999999,0.7655707965882367,0.29205143668223577,0.28303485558882374,0.15460968578103562,0.7173010483934922,0.21593254220763206,0.5556746355029886,0.14348608827853157,0.26333819716860685,-0.15298688849956865,0.0739911626078028,-0.10262812107078731,0.44344078072560117,0.2793594504272283,0.2557117582474842,0.19876220874957098,0.13090909772215298,-0.1001185726507263,0.07731039635866507,0.04483899399109452,0.14766726355333717,0.02673441650753426,0.04226579296454976,0.23533464986947875,0.09440475862145713,0.3027396582962019,-0.09406793779132537,0.021007434588758648,-0.11387914731405918,0.11307647538086467,-0.07366457332177823,0.1916562960558748,0.03607247343950169,0.18266694407859185,0.17129541507706897,0.08614490350372839,0.26021544624985565,0.43581198185247305,0.5174028750688547,0.23581531634744055,0.25155455342441974,0.44361553462190195,0.3152073284535993,0.34143380685357605,0.27058204127848096,0.3195502732844367,0.28408983313368386,0.3934973888910637,0.619229660702959,0.8118349492278786,0.5777863575047557,0.7995180843669303,0.24581801732637587,0.3703252803112417,0.107808983418597,0.18351183060933654,0.44550845088673907,0.09421390513518499,0.23690072417010513,0.22018217597631684,-0.07515366863838198,0.05214304302484212,0.15282417359239753,0.1487622171430919,-0.17126635318929959,0.21714132183588747,-0.14476083770538178,-0.04320532017922865,-0.2635207273751585,0.08133857694140656,0.14106041370288186,0.024722374659348595,0.0811505438658788,0.04231272583287304,0.0811036985759038,-0.03874105913092144,0.2058222933307643,0.3579535329178718,0.22714057874722507,0.11838183988844808,-0.00738899552527928,0.02755975869654613,0.18169661135354154,0.2136412677412293,0.14537369194371505,0.2008474622226142
0.21143010514671698,0.3825688551169417,0.41807660195692015,0.2670130723002529,0.33553178675043854,0.33880074990794534,0.34587054808397355,0.21667274284158888,0.330701810634847,0.2565555057139513,0.27000085005552005,0.3067452155446379,0.17441093356629525,0.7655707965882367,1.0000000000000004,0.22562601071490943,0.21310068154600353,0.15499542440592554,0.6812851916437513,0.34967439752636675,0.6125518366795152,-0.009059780003295303,0.26655329424047924,-0.05840981517430009,0.14903959695670863,-0.08950332237716317,0.4296926512947721,0.42126261298011963,0.4848215221300878,0.12188706775337949,0.002892452144777748,-0.23468822859881608,0.07655555646095824,-0.0210007911472853,0.07125731651510162,0.07362485839260502,0.06472729050714804,0.17181071976820064,0.06282735512839141,0.29341983350282674,-0.032966848923129954,0.03060830825745883,-0.14630154412117982,0.21914321921779453,0.0023930429363436664,0.2216476334248885,0.011836635119884956,0.1553050914203636,0.29727164383018145,0.19557594017370497,0.2612842850711309,0.42817802445993186,0.48165937786890783,0.3184659087246165,0.2732119050950239,0.4649317000383874,0.28511396531170186,0.3609126983203451,0.24951852763529883,0.379166685561316,0.2727409942037788,0.10425246818707047,0.3914084813904185,0.6877873595712886,0.5988448248650174,0.846653597266641,0.2169920348433268,0.3436605483015273,0.0382243911189352,0.1632473223531817,0.539631157513686,-0.019578162478775307,0.24777905767073172,0.14478383835039213,-0.0002613434960555043,0.17154544431125027,0.31931858931263535,0.1875247314973784,-0.20821839914648313,0.14735284828447662,-0.08976288972330612,-0.10379233460544293,-0.22238346218258456,0.08941195412508988,0.18173072960736494,-0.037498575170541136,0.04876244534295363,0.07698458681918792,0.13671196146560693,-0.08441007728686382,0.11094888663272344,0.2661237721770394,0.1896879066119215,0.16392910159470814,-0.009822109707740235,0.1277223464471653,0.2042355108448264,0.2460550128877388,0.2522426425362106,0.20011801004856591
0.1985450858654281,0.4141651491342657,0.3356367630790742,0.3494291887607219,0.23502213366129865,0.17959429947004946,0.5361993348891108,0.36848299865384326,0.24004194787150687,0.08692194121212753,-0.011925288165286593,-0.06503412172495053,-0.18221649489631228,0.29205143668223577,0.22562601071490943,0.9999999999999999,0.5115298021321211,0.7803257784319264,0.38424849561345636,0.5344410787381426,0.607572588107638,0.5948943665614638,0.3706262584310701,0.17899633621801594,0.25346047481015305,0.03106854052558533,0.3955759089637158,0.06821389199881327,0.42118008820703956,-0.2172223221635865,-0.018277357441758638,-0.09451008048317124,0.28938317873364183,0.5070546263573458,0.3165625631147334,0.16120918269867765,-0.03530883106487273,-0.11703663526668137,-0.22791546368976176,0.034333746089298726,-0.11618201664732843,-0.1547905248230014,-0.09588783581461945,0.05713776979915027,0.05090667187022635,0.06259094741580366,-0.02556196270325909,0.11565953637912725,0.20564975447613118,-0.025610288994596674,0.30412838278133114,0.38283047686387983,0.5261181880062232,0.2640785347318069,0.10777574239177226,0.1440700712032286,0.26834448060266164,-0.0018757762311884011,-0.005340889842083819,0.10746482919967418,-0.029541936909376208,-0.14559741076036098,-0.055498004319483964,0.4386093911828651,0.4323006022091768,0.27084994226496434,0.4560456605929621,0.3495906626731834,0.3957135477390172,0.5991320599419532,0.5153479128421504,0.2184964725876457,0.2894283937018903,-0.04494040989409665,0.197819485268899,0.0975432232654723,0.1871479011525456,-0.09174443411386106,-0.05464491564422973,-0.024750289398381344,0.14120579452240775,-0.1867439900053339,-0.03861332587796119,0.4271004208023341,0.21685780026811105,-0.009244038978415742,-0.08453621306464566,-0.21903282089471185,-0.06391270210067475,-0.3430126904896555,-0.16461376933325145,0.04761409718536443,-0.2078647764464221,0.050341731863251284,-0.20011869867651544,0.017841014337276462,-3.922821207646253e-05,0.10221632522314929,0.17913591703094878,-0.03782503003676027
-0.01835244619107935,-0.12323082445739084,0.03606869419764794,-0.0650921721221842,-0.1606393412034262,0.039840150439390896,0.2691908361924523,-0.08988667192585127,0.01836218150173739,0.25058956218309225,0.011259607142926186,0.2623694030545065,0.1733628139022529,0.28303485558882374,0.21310068154600353,0.5115298021321211,0.9999999999999997,0.5524408609809703,0.3090120503224687,0.5579803690144021,0.5456485854563524,0.6374754456268886,0.4719746269814581,0.5621730598876109,0.35261073238590024,0.19733315240870836,0.3404455412695208,0.37528098673174115,0.5419664451332152,0.09464020748488933,-0.038252549082991576,-0.07782376193095422,0.050552626569282125,0.4866279157805046,0.23091922938116943,0.18444254272620106,0.054478939630716684,-0.180581953245463,-0.26771940119532434,0.06532880978630055,-0.11916424743246913,-0.13287388122150617,-0.11296202943794555,-0.11093875324932284,-0.04368632793783935,-0.06854233415116161,-0.09905693311446818,-0.03129396615095306,0.012275294432945246,-0.13138115139418396,0.08047186858862769,-0.10279677777844622,0.24163456805189373,-0.0012692575964199971,-0.16009575178227692,0.0781608605364218,-0.1707470938477519,-0.20572547191337417,0.1385741046090544,0.20241947337235497,0.10246749082089766,0.15175838973784178,0.13837479147345164,0.4142162447125425,0.39560341216904804,0.27976338500366305,0.1999364017690517,0.7027990633841109,0.4941505697572789,0.4540087410401951,0.6174954655186188,0.427940561497528,0.6045850328047369,0.16120298462078247,0.5981821713004304,0.3644810369007017,0.47150512207792905,0.30364749637849126,-0.09510646474404325,-0.016360167982636217,0.4464509205873052,-0.059143560263104925,-0.19847698452253837,0.2376712123051349,0.17400759921676792,-0.003914539931972283,0.006283643002440838,-0.008917295846489069,0.12846326912774716,-0.1917506373719071,-0.22268394493767854,0.09902836013982202,-0.1399602780334825,-0.14465771967796118,-0.21728835333840954,-0.15056686668373617,-0.10190791277187033,0.03567578368770076,0.04417341141927888,-0.06398485416621431
0.16332534720636685,0.29214846162793173,0.31809440128853017,0.28564703232039707,0.16400188386397954,0.19467897538345108,0.313418956868272,0.4548053190782577,0.2654160334584996,-0.037826703502822814,-0.17178189240858893,-0.11878636873372166,-0.09063300016125493,0.15460968578103562,0.15499542440592554,0.7803257784319264,0.5524408609809703,0.9999999999999999,0.2459128684131922,0.6106703142548517,0.5483530615747196,0.5711657507271268,0.4889110851543245,0.19907568245377402,0.15071394121163414,-0.027087836514199073,0.29192458440436214,0.13532399368808237,0.5051344800501942,-0.19047879916226362,-0.10456018620020376,-0.22491921855335748,-0.005323626267051907,0.6002045509770939,0.1439239169925469,0.2959889564940338,0.007817397801219683,-0.3999389430947512,-0.43095985647133866,-0.17873177755822434,-0.23783772591815452,-0.28847484806758905,-0.3036199014502679,-0.14700679211860987,0.02218329719243064,-0.18097176400725698,-0.1536525305398179,-0.03702663030178902,0.13800071810234973,-0.16726976518664655,0.32748708002789334,0.2909744186922601,0.5653681851406135,0.36341142605997695,0.038278235885518964,0.13418659415388307,0.38903097675342496,0.04178449361756337,-0.12513412776144223,0.0032015511965066052,-0.15869240074684945,-0.030524942557235236,0.06828928861261663,0.3717018111984133,0.4036559562866507,0.14690690680050442,0.48571723431445063,0.4505420303691406,0.4958160712179403,0.8195587335078296,0.6151288295575266,0.36312375415786596,0.45164883206209644,-0.14166548072003024,0.21086035443922913,0.09130298165765564,0.33974066010481485,-0.02152110586447934,-0.09381817339376132,-0.14599646447287354,0.24038519481540752,-0.17706516594873445,-0.06368141679980524,0.22786652616645264,0.11202200911501803,-0.03588628806096904,-0.09212670682573663,-0.17270729958632325,0.2010494542917796,-0.40685368599117927,-0.18264862863533815,-0.13121433379437403,-0.3890030925987428,-0.09806887586764172,-0.3141322863635091,-0.150377007918835,-0.17667314974919954,0.12796961101253332,0.21218654803785666,-0.1353880687969911
0.1636923357391358,0.27618835290296684,0.3626594990141549,0.235110844348492,0.22366165823796186,0.2267610422621133,0.4070575457170342,0.23115758793548793,0.41036558580887467,0.18387335142542427,0.10497091226459707,0.05349191171068333,0.1437929314151306,0.7173010483934922,0.6812851916437513,0.38424849561345636,0.3090120503224687,0.2459128684131922,1.0000000000000002,0.29610658792837363,0.6301130473710147,0.18616441295989605,0.2608533671996016,-0.2194603948998224,0.053424353113717876,-0.28949299225058783,0.46081353185214075,0.24758905476699927,0.3806720506111863,-0.09280892798141463,-0.02961180782604833,-0.09301963403442362,0.2707518279970301,0.18329984119121198,0.2598963623058654,0.06644984147259812,0.1815548595257975,0.25210517283142453,0.12204511801798781,0.24593909035024022,0.03988902957129359,-0.06890916807978445,-0.08127185708203231,0.2931731615492539,0.14283146992688522,0.2697858872631982,0.13838649177284945,0.2413675545989698,0.2596248832581282,0.24273758494517103,0.1594176922423397,0.29801015417834065,0.4638623029811683,0.2112973829799669,0.18808321473299855,0.40611385700966035,0.22412576555794225,0.30256670097426064,0.14582890716914132,0.24636245152561698,0.07471666434075004,0.08871557937392281,0.27131093161688236,0.700150740699315,0.6068492538879656,0.6407331886811511,0.28685837670596237,0.4214755672864584,0.10948902761353291,0.1888551268897035,0.5195820138624972,-0.0532067776054734,0.1678967057064661,0.20662997729925092,-0.16088427804531366,-0.0881502419585748,0.2564407220053663,-0.09309593530852162,-0.11352830571955656,0.12848119273419323,-0.1630624951170993,-0.09087541488695344,-0.1470281285733511,0.23695279904278668,0.17614084524828122,0.007089554188261718,0.14143570372065276,0.016213087974966105,0.08442813533174984,-0.06603702794006312,0.08591967366671624,0.27107487770126776,0.18582043335110174,0.1594720022941053,-0.14118502930385057,0.17284376960146852,0.20101818910722288,0.21297123463361034,0.19557750355841458,0.2846694510349884
