0,1,2,3,4,5,6,7,8,9,10,11,12,13,14,15,16,17,18,19,20,21,22,23,24,25,26,27,28,29,30,31,32,33,34,35,36,37,38,39,40,41,42,43,44,45,46,47,48,49,50,51,52,53,54,55,56,57,58,59,60,61,62,63,64,65,66,67,68,69,70,71,72,73,74,75,76,77,78,79,80,81,82,83,84,85,86,87,88,89,90,91,92,93,94,95,96,97,98,99
1.0000000000000004,0.3344072080585897,0.2549526312763907,0.2709265641529788,0.3029758129924496,0.27246081901594793,0.28439967911399106,0.2204065984336705,0.2601378313088663,0.2877275640260199,0.1479249531014517,0.30790777136320624,0.1432817913300492,0.11624027621900858,0.059382992536207914,0.28314500901287737,0.07242464711007861,0.06839215565635942,0.015097107060170274,0.18596144276013887,0.03655757718393989,-0.02315585850043642,0.16613688308058983,0.068085401788341,0.26092121316985323,0.27656366061346727,0.038333600257568184,0.08776285586455644,0.1994893087257876,0.16263598844503876,0.195497014843699,0.15094722137629588,0.17436762923445134,-0.05801980653912745,-0.060701197044259,0.24673860399181222,0.11200664887926871,0.18628088574846452,0.10005135733377248,0.09871015131850454,0.09619539573092467,0.20599363530394765,0.13387614700282305,0.18479274077101526,0.08333602192811151,0.11162407545593059,0.05983718215390889,0.020400626069244643,0.2946637345644806,0.12817145317350573,0.19344590243464999,0.4077237006967869,0.3395766981066105,0.23863963123618936,0.3401688808941159,0.29624713225460225,0.22068660764960688,0.24632344775396353,0.1816119144599528,0.0651847209239953,0.16319221148692667,0.027028303848657717,-0.05784173099689508,0.06444181982704356,0.19356542842416646,0.08596420018121774,0.14137477484026617,0.029601787393749218,0.06965464504998915,0.12365367577879512,0.07030855800142885,0.06917344889593097,0.22195524427338148,0.07147710797102558,-0.024378801378054243,0.09689052748404797,0.140633763165126,0.1976785384217854,0.22900467953825415,0.1516163253326877,-0.017315182921910022,0.03504100005088721,0.04803025013248567,-0.04325908010346438,0.06119501609767791,0.04394728922545524,0.08551927845373651,0.11652341621656473,0.18461173702635592,0.04100522936835901,0.13190162500261204,0.0885137335004688,0.10347741066985543,0.3648666206401792,0.18704482220348748,0.18595601899416944,0.09449777147768033,0.1685742641632575,0.31341687626641374,0.09201247470241354
0.3344072080585897,0.9999999999999999,0.5445248939924173,0.7387404840814764,0.6095523626766135,0.3908213884485901,0.17569190989998162,0.7012363845284602,0.5059930708607641,0.25620921670811414,0.012090135455302718,0.20399751944517056,0.16171445061969064,0.10131456798088949,-0.1793183268555101,0.46393617217178884,0.1496238178287547,0.39309706627332797,0.14284988522576844,-0.11702289684442105,-0.07959605717811291,0.2818198250067046,0.2307439799540735,0.28951807904895266,0.11189189874087267,0.4167961878432849,0.03589666830594335,0.26251956752253164,-0.12452357337148781,0.48531408541903676,0.029798168090227527,0.015455343293731234,0.1182732221481335,0.1924794831358311,0.12087372574036742,0.2670727013062698,0.06913032846235588,0.011361155590542196,0.2395089553037428,0.15334386818542511,-0.11297654153540673,0.34043120095345464,0.2327861526461945,-0.031836959269662714,0.1011278904809094,-0.059782457626098004,0.07594244321320012,-0.15117334092622667,-0.10371459739634074,-0.11388170712823467,0.1338995458460959,0.8422478956873329,0.6213657844520503,0.5408281963103702,0.4569836073678394,0.30675624936312246,0.6876585702584757,0.5762303578314155,0.10655629141195491,-0.1400396089477286,0.1373921045526469,-0.10619928377452321,0.0916688714420514,0.07390442034525076,0.3008486799629042,-0.17699205229526072,-0.25622562627492285,0.046628234657304125,0.19020567670888536,0.4662975718185735,-0.1528255778288285,0.3310105259550271,0.2692222419956336,-0.1297185952720804,0.21162240076559194,0.04310048415994004,-0.1905454981343918,0.3377481098736453,0.036761091283818347,0.023759691813289897,-0.0193972944628525,-0.0941582857531264,0.3407688296513752,0.041624337551022066,0.28800903758713986,0.18711586084003037,-0.0351518929976679,0.12147895934824618,0.2265828488546156,-0.2291956265330391,-0.008654096363004937,-0.008410393185990819,0.10584301543340262,0.08688184053946807,0.3084002133228097,-0.19360367974623252,-0.2505938431833889,-0.301511827861093,-0.0405505075655539,-0.2829963926817174
0.2549526312763907,0.5445248939924173,1.0000000000000002,0.45632507790625143,0.5730127135416868,0.8148536775355658,0.2986890875284049,0.7315278403866262,0.8140251401646827,0.1699500172010411,0.14345969514288542,0.17206440802086428,0.24696767587763296,0.0484823001903358,-0.09962225446744147,0.25691285327928765,-0.029796750272669748,0.2842565128690122,-0.11095257944448672,0.04663215199276555,0.012675973352004172,-0.011482320739085367,0.02600486166971657,0.1862258581141261,-0.12268404359798109,0.4082769119204125,-0.010890819712987394,0.20987412221063478,-0.02278153240733761,0.3918420212224162,-0.09421065689278839,0.04551740805435675,-0.08331739955756792,-0.07825549085197857,-0.11986979309890863,0.4700516639428871,0.12210434554569004,-0.02832645644471358,0.04262691798430496,0.08700948045824121,-0.12779352199642383,0.06972337268883061,-0.10367512440330338,-0.18974367646069118,-0.14213421481657254,-0.13108466076550535,-0.10460424153345763,-0.29087291130704246,0.25998359638296686,-0.01241387844929335,0.09991737193032944,0.5366102659382268,0.3775164375607364,0.3344558237985248,0.6779369093735934,0.7577359149071736,0.5292695185377236,0.7505209121216768,0.24213429957492577,0.058512426320231764,0.2255259786611403,-0.0897950277330353,0.22254788437016376,-0.07335555463218818,0.2362294821597642,-0.1350867745444162,-0.07818064707891634,-0.16695223506071136,-0.04243464841189105,0.2729186464678407,0.06739803809328025,0.24426561961660376,0.20125710533604538,0.08731630230238242,0.26604310841931245,0.03885574420431695,0.04221929871278845,0.3644346620119606,-0.08927677485220344,0.024217256621599577,0.09066809138086042,-0.15278225370581247,0.05949298187189086,-0.1154855466130186,0.23524498967241828,0.10477039571217849,0.0903344066794799,0.0008625828921829769,0.440346249931443,-0.12213719849875983,-0.12200308863350944,0.05093676905158331,0.09403744002619756,-0.031704095091605086,0.2412657009641692,-0.19127748009983367,-0.15588269293674736,-0.20288294364052423,0.2414086180671175,-0.10209629486524642
0.2709265641529788,0.7387404840814764,0.45632507790625143,0.9999999999999998,0.6629861988614226,0.2906330504120973,0.22709428233302442,0.6240897981384526,0.5234876732999633,0.32217801796786477,0.1311476384080635,0.2974712959984756,0.2318689709744733,0.2797831965985988,0.037975790790985335,0.43195061333171864,0.021634197515010778,0.24499681531602346,0.009084869927906577,-0.14785614191570745,-0.011026584409200053,0.07250533260015778,0.17105669020061312,0.1205512934910032,-0.01853483558293363,0.30889163235111294,-0.05288491761424372,0.11558315598664497,-0.16290471380474994,0.49507507235741327,0.10541035501762026,-0.021540563340532552,0.04525598036850933,0.03827583536772236,-0.0852784794409455,0.26213841113092845,-0.01331607398680878,-0.0420917647185459,0.2781300745803116,0.044019406969812394,-0.11482550013404975,0.199918982685704,0.08443031715522067,-0.008648462421816397,0.002398952114220148,-0.11772183578946449,-0.04075850593268734,-0.16306014484075565,-0.022326549918976965,-0.08325570474630202,0.10178304631690933,0.7085717826628575,0.6907823088018745,0.6870677225797008,0.4586361846870594,0.29100593392433655,0.5992890486891508,0.575055604573362,0.1861895729268829,0.010815129258594264,0.23430030181619207,0.12768094212106462,0.3504898009985167,0.2842498400350218,0.41466834643466444,0.05288731150385097,-0.13645453028663462,0.09075565856107372,0.17795077890341973,0.44307523601523774,0.06151486072982399,0.3091945350212497,0.21056710303107498,0.009533381681075453,0.17363116225469177,0.02177168684452331,-0.23478773809676592,0.34641522853259266,0.1379154842508296,0.11699171613989214,-0.031043551981058536,0.005901395443151401,0.24956807906968137,0.006233493978600355,0.1778480814788935,0.203504906846358,-0.07770158977977447,-0.0282899972472845,0.11987438784561077,-0.15633228238213634,0.15965045868952513,0.10715836738831014,0.23622801980598043,0.1603082147960098,0.2974856574559299,-0.04506988510825312,-0.1527391488921092,-0.22219509846383317,0.013710365863026434,-0.14543274191854802
0.3029758129924496,0.6095523626766135,0.5730127135416868,0.6629861988614226,0.9999999999999999,0.6763693534554076,0.34594563151195107,0.5226811960386794,0.706349554893245,0.5271540875911006,0.38890564837976704,0.4551943513617109,0.37078674794958233,0.3870935419506416,0.29000596136532303,0.3792564909929293,0.11087351270092873,0.10518791839468629,0.02426324607597225,0.0851126113633369,0.24322768410484688,0.08672909305662116,0.22727105793108618,0.31652251065760223,0.027027923787338124,0.4964903607066919,0.305064167548435,0.41108798898123367,0.19313355954197484,0.6070038046446792,0.25161076170914615,0.2740236317066489,0.2968608444334818,0.011808082567579118,0.09510535182543359,0.5505268073919739,0.42811496593539067,0.32974639538575107,0.4177283113009611,0.3315657458286761,0.21015192944354683,0.29239259449618693,0.2275887104177645,0.2272616878913343,0.250190243623613,0.18635858725401155,0.2248557529049688,0.14355106695971095,0.41080528809985134,0.31714100687721997,0.2657153402474435,0.607096836502751,0.624170972590334,0.5673889480644626,0.8198711959432537,0.6487189528741869,0.36833810685305746,0.7225054764898066,0.435010493195106,0.18892717997802874,0.29590269567381683,0.19011690038008783,0.47965521958765817,0.3478197898709664,0.26284508296445525,0.25862159066336265,0.08005778231112534,-0.08206403942091767,-0.07528494569396495,0.1618886774161766,0.23289218147956214,0.1853144194476751,0.17178898875996113,0.30183106628580114,0.18271410484366796,0.10242725699574345,0.05966148965018092,0.42689472709374654,0.27264619021962694,0.3873188266654644,0.11250498283652566,0.056216444622971595,0.4184008936613371,0.12313054171263003,0.27003808226485104,0.3334801448715269,0.3340624089395785,0.20816576874056789,0.47004828102493285,0.15530391694532172,0.28212846038661177,0.2831693737173544,0.45665795762681705,0.3868513719769049,0.30311843263796856,0.21154907130655734,0.19869626018665557,0.046706634842203915,0.3776709187212669,0.23957117303305822
0.27246081901594793,0.3908213884485901,0.8148536775355658,0.2906330504120973,0.6763693534554076,1.0000000000000002,0.286834119216093,0.5069215872829413,0.8479494420828402,0.356660115787447,0.34436552085367894,0.36120788938936643,0.4083002483243994,0.21844269437116282,0.08445979215775508,0.19500078442795918,0.15111674371153988,0.11341306156360492,-0.042404163621147094,0.13061326298482606,0.1665417706996337,0.0543906239201528,0.07902334914768373,0.2441010847993544,0.038149170724838054,0.5382038263140618,0.2019393931999691,0.409734766587978,0.23167222372254795,0.4562393651292274,0.1049996980947173,0.3033851451176706,0.14501999637291785,-0.031837090470099555,0.04945189843881424,0.559088932044667,0.32582792126630583,0.22338813308473912,0.12834212431063471,0.22664106416062785,0.09810722862547945,0.23844220939498795,0.09259835897526715,0.020572143267365096,0.06313867823240106,0.11016284146990979,0.08999803585518312,-0.050413000161999774,0.5153681280006988,0.2654414107543548,0.3337114700853467,0.40754072753508,0.33152972815798726,0.2817041127997654,0.7890764133582181,0.88539211078619,0.2883032658015376,0.753117101103038,0.349739791970484,0.14390251513926614,0.26981924501532606,0.10489433803986722,0.37855217607935726,0.0830660686639751,0.1401953052655121,0.06471916312608003,0.07071460530611137,-0.11493728993398307,-0.19197190455514018,0.039167559276311915,0.14033778469800023,0.15267379259591576,0.17170898972522838,0.23522155997979854,0.2274130947276468,0.05218063901827513,0.2217687961838151,0.43887050220223633,0.13187637289384796,0.2431127085502251,0.17866971509079577,-0.07975336563777831,0.19488375415248546,-0.0155401142130674,0.27007484270624454,0.18717784364969958,0.30031172701412095,0.21416279999619864,0.47949246888593716,0.0645478241751358,0.016699435306887427,0.1944696725645079,0.2297575947185246,0.17374286957286691,0.2789162214233315,0.03693031274238595,0.1321383395274122,0.024494542380593176,0.4319845330354032,0.17676479315996443
0.28439967911399106,0.17569190989998162,0.2986890875284049,0.22709428233302442,0.34594563151195107,0.286834119216093,1.0,0.3731153242538043,0.3337636398150815,0.4409802812988668,0.42218856759085494,0.39826214732508636,-0.06835451041907727,0.050228241582526575,0.22603393690377147,0.6226362428483292,0.04981826629199955,0.2776361513592486,0.19005613612539454,0.5802957785059206,0.4620222684927234,0.1846711263153246,0.22293209336186767,0.1142047172137075,-0.013970765480453293,0.3248485435071844,0.11928571790382764,0.17258282229514268,0.31241786070477034,0.13865095667889082,0.1336281152441581,0.03397056445725095,0.03637888436151174,-0.00484073808169316,0.12430933289250572,0.4266555233227007,0.05148475527062863,0.07024272094914304,0.057950447264118556,0.3406062403754388,0.22468040485097665,0.005908995273148111,-0.012540023143151021,0.1292100759596667,0.0657314916522238,0.041306860464350864,-0.014350152394425051,0.030401784649774746,0.39242918168231156,0.09801518410173633,-0.10219525476055398,0.1705459963156384,0.4372610388030828,0.26665243163146946,0.4380547298861184,0.45195957600569214,0.2123049874219014,0.31444952627470335,0.3630311781533125,0.4110039155920464,0.4800583333575771,-0.06214069482264919,0.1604564875901591,-0.12433260628221351,0.22299955224929666,0.2567294848382801,0.6117358407826896,-0.22659377094537053,-0.24162594570136117,0.27178680024420515,0.48561627429267884,0.2697956872716661,0.331261972685748,0.3198045296402175,0.16073404234916203,0.10308664457853432,0.3584873236407879,0.24929941957128807,-0.025247203833771655,-0.008901074967210616,-0.07968339794496428,-0.12335363636455296,-0.07174286631102818,0.008280924228612208,0.1978880277544093,-0.18011414096385184,0.05095756641193923,-0.02863818178268797,0.4618281606898462,-0.015607536388618344,0.08244286033429249,0.10395920129281594,0.08246350292651689,0.09360685573273873,0.022362181886039844,0.13010601672516198,-0.02468873479974977,0.02297542217646812,0.5162390709815312,0.15735998596655493
0.2204065984336705,0.7012363845284602,0.7315278403866262,0.6240897981384526,0.5226811960386794,0.5069215872829413,0.3731153242538043,0.9999999999999998,0.7447926563631387,0.10760762925974272,0.04405111797728293,0.16506641133551134,-0.007505231939934525,-0.029308772940293614,-0.2605191249218378,0.5022011425394188,-0.029573809794752232,0.6105319417691928,0.0436567941924207,-0.054456238450852706,-0.07985360974671318,0.09034739746291327,-0.00012816480195613193,0.08033662467798865,-0.1639455936901638,0.36060636834471355,-0.2172533539317562,-0.012597823758346555,-0.24355791690924955,0.198046255171188,-0.16545210731356,-0.2639983696507391,-0.20588910415336042,0.03973921204462081,-0.17219422708233662,0.29386354261426567,-0.19152904431796489,-0.27198550849145187,-0.02852373239227015,0.04560419292789317,-0.2562732722428121,-0.02556925970078065,-0.09566099601204466,-0.2860821872644155,-0.19566735854039113,-0.31075087199625706,-0.22347886866698857,-0.3961739789993235,-0.06791284706388671,-0.3146976866958979,0.00494323247948181,0.7570044132251478,0.48081963190078975,0.33627735212948356,0.6045388134231747,0.5511338118198827,0.8817874224095141,0.7875479841830906,0.12373301983418768,0.03253167164578598,0.25111176662725276,-0.23406920799469455,0.13244286697898983,-0.1289189625372911,0.3774247446377643,-0.2533587450422901,-0.10534891912630447,-0.1551638414498054,0.06450222207103483,0.6491096071159126,0.05917634440723326,0.41352539926548487,0.3636875113637205,-0.10559129999616507,0.24138775469690335,-0.009901334885655626,-0.1562389841341473,0.27048522230240013,-0.17536091352632696,-0.2667823339748663,-0.06292624822630319,-0.21309530378772207,-0.015321333389637459,-0.188538815956739,0.15218400928046277,-0.07032174519683809,-0.22656245793320168,-0.18711281496417598,0.3359839727457541,-0.3943840470033847,-0.19168719485500155,-0.1930106057627855,-0.06227282149773715,-0.16178903920086934,0.13686454931774877,-0.4049229109156259,-0.456765572046393,-0.4603549135377421,0.05791711105318928,-0.37959128993870367
0.2601378313088663,0.5059930708607641,0.8140251401646827,0.5234876732999633,0.706349554893245,0.8479494420828402,0.3337636398150815,0.7447926563631387,1.0,0.3452427597738124,0.24576586895498545,0.33775822757915036,0.3242686221115048,0.20794858550569514,-0.021191630010392332,0.33514195897211513,0.013956126533504157,0.24197831747667958,-0.12185440901378077,0.039522508516752784,0.04510257934996765,-0.06545916637726984,0.01568971312754072,0.22683150562841345,-0.0484473214228516,0.5027415970377899,0.0523217305000574,0.2615123797871987,0.04025166199507644,0.40739100852538923,0.09283170465157793,0.1987876231574517,0.09052987070970858,-0.09533818555962205,-0.1363377584874904,0.585191776032421,0.23095854835897225,0.08341222894603531,0.17226610617732271,0.23052049370776992,0.010402708376444013,0.23379840828019452,0.04366855300470582,-0.010751717797962749,-0.02907022297696566,0.026364199677823892,-0.012242457408250845,-0.20537992000180003,0.3426444779607553,0.14416656907309586,0.2692904178579406,0.5657453996876982,0.5142627711152581,0.37939201855045634,0.8236432921721164,0.8580560746820607,0.5702580866918933,0.9320362428682532,0.3489357253038193,0.10347147549326566,0.27313557776934233,0.03235617165176294,0.39304938310612814,0.04264546364595414,0.2129385595155826,-0.018249681558648218,0.02668808430979888,-0.1934914243311965,-0.16156788256492077,0.27627786193812853,0.14496778759877027,0.20961963891014546,0.19807493233513615,0.23144840999544974,0.23602491214975344,0.014919195954555433,0.0791896127459241,0.3758326181839059,0.10710516535685928,0.18575441970466475,0.13343401298194366,-0.13477300129031852,0.1535049032055496,-0.11891263206077221,0.22964291634354736,0.10906326447244515,0.20166451118535678,0.02049327359362067,0.5121118882201591,-0.0306400282826522,0.029140533741537362,0.16186502695308022,0.26810094759724906,0.16943033372550537,0.23929090069491346,-0.04203213106906432,-0.017151088677451288,-0.14483244271669035,0.34631038387899954,0.08018121952412674
0.2877275640260199,0.25620921670811414,0.1699500172010411,0.32217801796786477,0.5271540875911006,0.356660115787447,0.4409802812988668,0.10760762925974272,0.3452427597738124,0.9999999999999999,0.6749671956849836,0.8455091237454109,0.3604868249073557,0.40498290948688465,0.4533101093443704,0.31537117732073894,0.41598253495271537,-0.13573010207589514,0.14206109077788684,0.22664896308323204,0.4277554922246454,0.2527679354305089,0.4272699104749227,0.46052080027748854,0.4975422483477033,0.6921309928865375,0.42843295252273367,0.6150838137385484,0.481163555052287,0.5583505712053086,0.5018375259564695,0.48927837416347403,0.4655912211878166,0.06278754326315004,0.36797575070305966,0.47586274676658613,0.5194807692679058,0.5209720007321179,0.4450400832442905,0.48074762185523784,0.29123851154845093,0.504573078331888,0.44356288784457587,0.5807316753874161,0.49325185618114326,0.46525562236393947,0.2634476637947032,0.31836922158912184,0.3391469469983764,0.4046471610677861,0.27352375861692896,0.23769724082244342,0.5351852314425678,0.45682803384178045,0.5260764280250912,0.39465788691968007,0.0076948571099836015,0.3814318017389251,0.7524226268465202,0.40860807427638035,0.5655916444288832,0.3483113620921702,0.3872901591707991,0.3291077624855953,0.24047179176825098,0.5664946833323465,0.23156828288266604,-0.008684761875347405,-0.18885159083097183,-0.09224010431182764,0.3593526047509835,0.17361119879026618,0.19677063491582014,0.4073913054303977,0.21883950170897107,0.47590660902411575,0.3637201773151496,0.5480805181822955,0.3974999925848644,0.499020217453824,0.09794816675279966,-0.06395131649927728,0.42006631004821093,0.27014878296186673,0.3776631708472694,0.14893629817999257,0.4832509163139034,0.48961569121623905,0.33710688291878477,0.20101530190924088,0.23474353978216683,0.44681497939183756,0.45895788068678967,0.5008853052203146,0.37388380616402056,0.5163857062160259,0.3635615412142758,0.19808423449679882,0.32410278374273177,0.35616153711435505
0.1479249531014517,0.012090135455302718,0.14345969514288542,0.1311476384080635,0.38890564837976704,0.34436552085367894,0.42218856759085494,0.04405111797728293,0.24576586895498545,0.6749671956849836,1.0000000000000004,0.7693124322371471,0.33898437724427655,0.43341593370150105,0.6197640374803554,0.15654428853571414,0.22414753710477064,-0.22630505873449003,0.028853403918063483,0.24935001956683117,0.46306633790649127,0.14281830845562055,0.29757649262551933,0.19074549553888415,0.23130948110271468,0.5251191733459897,0.37965783165061723,0.5238079580518598,0.44936629212943285,0.39302575869027456,0.28784545997599537,0.2585059489370883,0.16804038860724635,-0.14441623906848985,0.18444656195661768,0.24490375240176038,0.3262406293284451,0.3357985955650654,0.16955884684721326,0.2956987258225917,0.24281829696697937,0.14733486254951386,0.15659757875905062,0.4144192358603239,0.2859137333829423,0.38450802998596634,0.11593437478574628,0.3501372136037133,0.38128846311012804,0.27105532162788415,0.06855216707319765,0.03253729546472771,0.18000812312914571,0.17136492207160467,0.4490229300810756,0.41073913777446397,-0.13355314370466143,0.2196301267765716,0.634396964879426,0.5681323819291988,0.6331731662190498,0.4217995784794849,0.4508174014722032,0.3448228054777161,0.3476781737143164,0.689351865101218,0.2893972983011598,-0.11232804178945598,-0.3074489133729013,-0.2262056422618936,0.5358519393765439,0.30295090516353085,0.21655800911035697,0.37253899011850233,0.19774459257195742,0.3853471189580015,0.4470941553166964,0.5271270406807306,0.21492681800152733,0.2572390244489818,-0.004288949491067372,-0.10606749215182856,0.20386965555747483,0.2852819933033593,0.24572792488223139,-0.005609515034481144,0.400289776511237,0.38034349879369084,0.21136907055814616,0.21968838548978104,0.15437583248659148,0.3357918464099484,0.22246953243075276,0.3521841636680593,0.310225302101776,0.4871926731184311,0.440528534271551,0.2843502548864594,0.3695998499851644,0.331355354176635
0.30790777136320624,0.20399751944517056,0.17206440802086428,0.2974712959984756,0.4551943513617109,0.36120788938936643,0.39826214732508636,0.16506641133551134,0.33775822757915036,0.8455091237454109,0.7693124322371471,1.0000000000000004,0.3766623638003648,0.37527470113658756,0.4786307908533936,0.2931452218738909,0.3893536677227728,-0.11952840260696865,0.1288485904693265,0.18485521303349725,0.4362737430736423,0.2042732270610149,0.37677841906564075,0.28039317536779845,0.48003378142450936,0.7243917580707371,0.35243545225630357,0.5656808316952935,0.43453287817557495,0.49527847321164986,0.36278505552995327,0.3675832331549068,0.21823008517121986,-0.07255211416389784,0.20406140532971687,0.33023755084273204,0.3563534953418071,0.34477836580099874,0.21082337674366397,0.3249909960337439,0.12131423923817124,0.31386046800031336,0.2401344230052675,0.49321994743583725,0.3369968519149748,0.35862754214363624,0.06767663423139356,0.20666353384736422,0.28470452020905185,0.24516120816528672,0.1772549643575262,0.17683130045163722,0.41485503143192703,0.3080212101678079,0.48916565116956934,0.39549087763188256,-0.0012823385792362552,0.3233975182649616,0.7157472875676573,0.5032222531977267,0.6864218264167475,0.4055506559490897,0.3897882473709405,0.2781318548144494,0.400907418039964,0.5786418962644321,0.1921210513725791,0.05335450785331718,-0.2076413752072167,-0.07103951102629838,0.4644273404894954,0.2856750938733639,0.3110477619691088,0.2835477440826758,0.261697744303186,0.5561763261473036,0.4496394766286446,0.6011378328083237,0.2988251957268686,0.35864204758132273,0.02164333732329126,-0.16645767143145584,0.32245165610957405,0.20775432650996126,0.38106966104910817,-0.04505025915944817,0.36714663072505754,0.4324498191342963,0.2408255566377484,0.04921640039428124,0.10734329794097738,0.4076633172276962,0.25488488758040384,0.40703720199804116,0.35845992840818997,0.43717184825355543,0.30448285121972174,0.1753409004781658,0.2797802364470848,0.24890898723220162
0.1432817913300492,0.16171445061969064,0.24696767587763296,0.2318689709744733,0.37078674794958233,0.4083002483243994,-0.06835451041907727,-0.007505231939934525,0.3242686221115048,0.3604868249073557,0.33898437724427655,0.3766623638003648,0.9999999999999998,0.6139162942852758,0.36663059312325397,-0.12754700690608228,0.0791214314931991,-0.2986386379022128,-0.20179712038976358,-0.08468805591591641,0.01750150244112154,-0.09891945059932097,0.06667875548456756,0.22849539102988356,0.22122113521401232,0.2690254124315367,0.24457900327252588,0.41469946214286524,0.18190803957708876,0.4305231262711321,0.31503080672443734,0.3937519605795821,0.34913747345285434,-0.03815518023865573,0.027258195245589475,0.2760585612182987,0.4332546423010361,0.444810618672717,0.40771830356716227,0.25630519222057113,0.2851802852281346,0.36665668941782276,0.18330910462078712,0.3612636432881652,0.20101031330834837,0.38120053817772565,0.30953159410749453,0.23934789401337778,0.3624274113122622,0.45906192763688536,0.5154855674027293,0.14718619877301983,0.26140260462169385,0.2995011775507341,0.36128061153897234,0.2926727392851906,-0.035281077093189304,0.3221009739745906,0.3717285901843192,0.16247623051334828,0.14253397873521967,0.63589158265456,0.5431765690834319,0.4543645902862371,0.10736867567366734,0.35259904132733005,-0.04942887669915717,0.005262488909712024,0.002200796618438569,-0.16113617448697307,-0.006098633837992609,0.04096277615489651,-0.1708016098295174,0.335823866643115,-0.11172526100238934,0.1279818753093452,0.1418898453724538,0.2916555603150127,0.424011653207551,0.5387465426908461,0.12396057868968474,0.18047080751481565,0.24554268303775315,0.12054976912041414,-0.0059837648971943986,0.39669018718390986,0.49497090393396725,0.21327085037537002,0.15695114098593724,0.3712984738893679,0.3263963394592313,0.4017973883675597,0.49673125345148844,0.4415988366694032,0.26381636869937003,0.4755963929359643,0.4722836841020276,0.3000018777999953,0.20523373145920365,0.4346260991326494
0.11624027621900858,0.10131456798088949,0.0484823001903358,0.2797831965985988,0.3870935419506416,0.21844269437116282,0.050228241582526575,-0.029308772940293614,0.20794858550569514,0.40498290948688465,0.43341593370150105,0.37527470113658756,0.6139162942852758,0.9999999999999997,0.6881210923227654,-0.10224291224635332,-0.019741529038384106,-0.2729900646452008,-0.1410098396840354,0.14282077043037822,0.3505558317262324,-0.2152915271188336,0.29194958812968724,0.2883799643519987,0.13216415159903785,0.21573824901856822,0.20583915488223933,0.19804043151762177,0.3266474565185561,0.40946168251535214,0.3452666363969585,0.29642654215795067,0.3125693061540102,-0.03507903654098486,0.05957066632641097,0.3806238806216074,0.3061374643600329,0.5726770555490063,0.5665227289897361,0.413968645226582,0.45378475423512904,0.33543842927501843,0.382790030908021,0.40203046465306935,0.23850922996560567,0.4325485823674912,0.4481094841727858,0.3913905789478502,0.2545115874618728,0.4670807517869755,0.2655146783686626,0.2072263820158589,0.21921341259894633,0.26233415983802816,0.4007120266127028,0.22109586650356017,-0.027513724799161636,0.27651415547859953,0.4299644319066522,0.3661848960973438,0.18171107085120702,0.41538480094160496,0.4873078852111007,0.7289915862108524,0.373056759465835,0.6220499469594134,0.13740164384162026,-0.18455727255092233,-0.03493208928251951,-0.2252506521067925,0.3006046582636414,-0.03702987386473733,-0.15035459687902283,0.5757672097688056,-0.12007977071494141,0.13752086742976308,0.0676195002970394,0.3290385167552444,0.39787044609916017,0.5181254158865943,0.16875002174892254,0.28561487119744794,0.23646769407721213,0.15082667587933588,-0.08427066398439677,0.46878504565958445,0.37113317671723983,0.13570206139862195,0.14195444483517797,0.5289219030155352,0.32562174520413834,0.3668062450832145,0.5970693503811072,0.4688171344343716,0.31930219503366114,0.48414055270589684,0.5334059588027008,0.40128667985314337,0.22062474869193763,0.4827394861836701
0.059382992536207914,-0.1793183268555101,-0.09962225446744147,0.037975790790985335,0.29000596136532303,0.08445979215775508,0.22603393690377147,-0.2605191249218378,-0.021191630010392332,0.4533101093443704,0.6197640374803554,0.4786307908533936,0.36663059312325397,0.6881210923227654,1.0,-0.08245757988828667,0.038549460694818766,-0.39049906241226173,-0.0029323765109310848,0.38746732129716344,0.6489906094552407,-0.08075206732691226,0.43222725810166246,0.17906037120176208,0.14236488357862517,0.16095492053163762,0.3712842367675618,0.3295841119548447,0.5616002678148293,0.4214913774254793,0.37049911014009823,0.2797969398965743,0.26269886164634776,-0.10430587641944296,0.08649860985978775,0.34196766418758634,0.4346495169846819,0.5268401407167848,0.39168377346606814,0.2917685910624566,0.4116913769102199,0.12557453866329188,0.1733944471665278,0.42953014097050146,0.3157202316219845,0.4056862597332814,0.32387089760909316,0.5004662098148029,0.40410413889469793,0.48301179557840207,0.07253020306443342,-0.09754721120180335,0.08580104741414558,0.1756490347044706,0.2457734315927154,0.10398398084844004,-0.3616302227305228,-0.00850834754854745,0.4404910987983203,0.3948150642877523,0.25477828556013055,0.3297459233754613,0.42169474111919025,0.5283490413857971,0.3213897279243731,0.8630204085044323,0.28500133841413683,-0.1609476336884096,-0.16867842476082304,-0.3870796251264658,0.6143729370334944,-0.13905718615868518,-0.0492591710738723,0.5035917941895912,-0.07192782868858486,0.21273213114231626,0.38917980151211173,0.44525661641310327,0.3207423116449078,0.4258685873657657,0.1552233891204999,0.17148402974015642,0.2143145898968919,0.19397308450894113,0.10488557355658791,0.22023661850274173,0.48559577483159155,0.26007592005162233,0.23445390429553437,0.4871570586579301,0.2601863914819327,0.42712114571536075,0.42680371630171443,0.3836189774302846,0.11538546076325314,0.5533057246029162,0.5547920345431105,0.4625536506587982,0.38904290660842805,0.5843985172739098
0.28314500901287737,0.46393617217178884,0.25691285327928765,0.43195061333171864,0.3792564909929293,0.19500078442795918,0.6226362428483292,0.5022011425394188,0.33514195897211513,0.31537117732073894,0.15654428853571414,0.2931452218738909,-0.12754700690608228,-0.10224291224635332,-0.08245757988828667,0.9999999999999998,0.33199373688295636,0.6208167088960411,0.38587339734407144,0.36007692450681944,0.25687698032950296,0.5209467542270068,0.4154439633748493,0.1640590710988154,0.008089825371466743,0.3524960711336727,0.09978665288297119,0.19399370284392065,-0.010727354925672148,0.1997787485477654,0.08217805029130104,0.00843825296943086,0.13708179251107908,0.4146203119987925,0.38181561846419676,0.311714972359394,-0.010951230023318168,-0.028245790086625807,0.07462616713427733,0.15577117993454967,0.08598768750689302,0.11314842610977678,0.18777302113151836,0.016220570307467982,0.11678202777994648,0.023233523886360113,0.012137611434155687,0.056183981854656825,0.09875756939292553,-0.09252923431038393,0.05380075450600264,0.43207971960908803,0.6833089876308281,0.4500601923408837,0.3896530802907369,0.28706025102977684,0.4958889328163675,0.3921432882621667,0.16630204699082668,0.11236570585372119,0.34224818277987923,-0.1762975516890107,0.1548147164469538,-0.013011607132139393,0.3675491328021497,-0.010526021637926434,0.39646780316112046,0.09433869218804945,0.09282823619920852,0.6050543877790476,0.2718892982321231,0.45655105560781784,0.5419591504114581,-0.010908407577168228,0.21690665588165295,0.045367055175882104,0.0826705820092879,0.19404802895433837,-0.018913553398303706,-0.04548530264167891,-0.1917071407791563,-0.06630809594034907,-0.020606959401184802,0.15961999131780485,0.20658280457048325,-0.07613737127000259,-0.11219729354507559,0.011005495215646822,0.3265446586784375,-0.23982232059041841,0.1952094117193091,-0.10728418883690924,-0.006327321104236372,-0.017143477398105202,0.04150205923816424,-0.11659031515817082,-0.2016539242225799,-0.08317293761228725,0.27408964762782484,-0.15619642325704708
0.07242464711007861,0.1496238178287547,-0.029796750272669748,0.021634197515010778,0.11087351270092873,0.15111674371153988,0.04981826629199955,-0.029573809794752232,0.013956126533504157,0.41598253495271537,0.22414753710477064,0.3893536677227728,0.0791214314931991,-0.019741529038384106,0.038549460694818766,0.33199373688295636,0.9999999999999996,0.19731412430149214,0.6092981673786022,0.19391705384845206,0.34940241470578104,0.6403124693345554,0.5160053310587923,0.32358598472239175,0.4263903257380487,0.43543068370614463,0.21962589971622887,0.3569188662076209,0.32476378764425295,0.2857112387382314,0.03481020810246586,0.05089916699010006,0.1276128910570528,0.4662881897495257,0.6072572293173372,0.11294180570812155,0.10384386541564405,0.11583244067334711,-0.022979383799284485,0.013876869614674653,-0.02797578393267069,0.14182161300838045,0.21328523466636348,-0.017611074106099373,0.16150366391430632,0.05039276907306101,0.08498863990100558,0.1948850566048183,0.033888278417316946,-0.035085246115907034,0.23620026471410274,0.10644280771322044,0.14208377428053828,0.11704592961895272,0.00659170535763579,0.08944935608482035,-0.06546967799634854,0.04199172513302742,0.29968110635458767,-0.053293631579846824,0.34975695036269244,0.22920906733900542,0.24083321409663944,0.08438134930838394,0.31369569667528036,0.2439911522633333,0.06445264011710891,0.6172487061200752,0.1477768294192504,0.028873197815928047,0.261720097485355,0.403321525868784,0.4551325883826669,-0.13865512607267944,0.4718862631623201,0.3404520490840047,0.4325585321204453,0.4276944108073505,-0.030162478114055466,0.0594740793860184,0.18098081081512415,-0.029596562430471925,0.1736989767815,0.3054895980675391,0.4635789892807984,0.008207693548984952,0.11531180566331688,0.45803077568796896,0.18759527385292085,-0.16025202256991386,0.11143183056728645,0.07962422675896107,-0.11633745520971034,-0.03627193296948536,0.16738153547492765,-0.03864374482027159,-0.034242419987660484,0.09946655076558915,0.08034704878334661,-0.09182351343851937
0.06839215565635942,0.39309706627332797,0.2842565128690122,0.24499681531602346,0.10518791839468629,0.11341306156360492,0.2776361513592486,0.6105319417691928,0.24197831747667958,-0.13573010207589514,-0.22630505873449003,-0.11952840260696865,-0.2986386379022128,-0.2729900646452008,-0.39049906241226173,0.6208167088960411,0.19731412430149214,1.0000000000000004,0.5247790065163468,0.1572166168645516,0.10344220026837214,0.5093962508314724,0.169967949023855,-0.10974619942262709,-0.28480596782433254,0.050884384294021714,-0.3615598161397325,-0.25370629468151173,-0.3716068101204697,-0.16251397107425386,-0.2891657547806289,-0.35744634845887957,-0.2588361078464222,0.48188051811743615,0.19240350289237712,0.015213166298220407,-0.4441940048231458,-0.38308675965545375,-0.22013417144006805,-0.20392453433071167,-0.2701339691035884,-0.257932480985675,-0.08866974637198109,-0.4547520247589516,-0.2713813752424676,-0.43749564418188913,-0.21130797576676089,-0.31229213754614427,-0.2941193910475728,-0.5082926233524132,-0.02082236562275189,0.44913161299567406,0.2826773382588542,0.12262611671941714,0.20863580080220398,0.17046165742591998,0.6765789843210807,0.3397513171668734,-0.13847692763113112,-0.044803881931994104,0.13994717050660857,-0.38663607761914115,-0.06407083872498141,-0.21507376463691363,0.38653774952767395,-0.3604971495411062,0.15580548036113318,0.212258825025609,0.381068217820947,0.8387525305360023,0.13530107147740375,0.4945157881747127,0.5614686317668305,-0.2824424570675097,0.19272511900118192,-0.17481789253208377,-0.21819843012594325,-0.0685094621686677,-0.29285492183808115,-0.3602982461288818,-0.1225102329016681,0.02532719606990035,-0.29637164177686115,0.0927523222104674,0.0006932404493787992,-0.12580211863854615,-0.5021099316178539,-0.2943222607617855,0.15779254834687742,-0.45685373510389543,-0.10420400289272967,-0.4892791090830648,-0.24082519275327016,-0.3811247382571097,-0.004912520485747578,-0.5709719552563679,-0.5703598156283591,-0.3604784754625733,-0.040172353560630085,-0.5415957333151555
0.015097107060170274,0.14284988522576844,-0.11095257944448672,0.009084869927906577,0.02426324607597225,-0.042404163621147094,0.19005613612539454,0.0436567941924207,-0.12185440901378077,0.14206109077788684,0.028853403918063483,0.1288485904693265,-0.20179712038976358,-0.1410098396840354,-0.0029323765109310848,0.38587339734407144,0.6092981673786022,0.5247790065163468,1.0000000000000007,0.3021204892233296,0.38962808708621843,0.6896175257853447,0.388601832402975,-0.017475798807987594,-0.009684352119370243,0.16796628975134875,-0.028421165173875353,0.01135120918231417,0.15187080377624043,0.018915883458117684,-0.08923149362665773,-0.1653597421141938,-0.04840321738240696,0.6010675738135745,0.4885860714535742,-0.07406622553302626,-0.1115387331827502,-0.0724492345672017,-0.12379780419269333,-0.128591233162275,-0.10254019364550562,-0.13236949190353273,0.026154984935413024,-0.22688307603841407,0.025460390827682738,-0.21127975190678125,0.05595509062021265,0.0877469778260641,-0.17676394370279766,-0.2478299866828251,-0.007589105545118403,0.1216708683957134,0.11963654186549788,0.13452227296339866,-0.009003660787803024,-0.033332869696643404,0.05326504962835219,-0.03624587234817931,0.06549471084392601,0.005050033641085876,0.31072211009950756,-0.030185170084231695,0.06327986515965443,-0.017045234707982446,0.3667131527486919,0.12725384531902967,0.20755468609000172,0.5905867568294567,0.35018332414293485,0.30524570777681065,0.2949228367129492,0.38922056715392295,0.5161949015752574,-0.20232293668378154,0.32922614833818326,0.04068271855867633,0.1950969438535274,0.1837339586433813,-0.128948616033711,-0.16898610703116193,0.10395618083483983,0.09321061288268723,0.015327892243988258,0.40263821907160274,0.30705664145861383,-0.011455621258191346,-0.18288772316218418,0.14812119885743485,0.09913202985073732,-0.25954419285124863,0.01598575029435792,-0.1290467665141996,-0.14258126954538689,-0.17069908251572247,0.025367009871961176,-0.1987956959926198,-0.24844204124919977,-0.02951571520419479,-0.03289048238127607,-0.25831402061774195
