0,1,2,3,4,5,6,7,8,9,10,11,12,13,14,15,16,17,18,19,20,21,22,23,24,25,26,27,28,29,30,31,32,33,34,35,36,37,38,39,40,41,42,43,44,45,46,47,48,49,50,51,52,53,54,55,56,57,58,59,60,61,62,63,64,65,66,67,68,69,70,71,72,73,74,75,76,77,78,79,80,81,82,83,84,85,86,87,88,89,90,91,92,93,94,95,96,97,98,99
0.9999999999999997,0.07024856442649503,-0.13731479983074996,-0.14947588472285933,0.06817456560355824,0.05495569814240046,0.24387643208656215,-0.21617508528303828,0.2575247956927324,0.15905302314926398,-0.0367533421224914,-0.051039503732854756,0.05582233475311143,0.06485569533202086,0.02264997811773729,0.39248689702286205,0.14596119282219425,0.18661668484360303,0.10365097407613884,0.23767331493484603,0.12552815607367243,0.093598127477695,0.027481011599405074,-0.2265225380280327,0.18139829006798197,-0.32838979294191784,0.09829797523229804,-0.14298067860494898,-0.17873603163818877,-0.23824121342783536,0.5886759816348573,0.7169390186298976,0.5872490523765163,0.16093260615302557,0.1302559202381546,-0.01790455848588773,-0.24776833032526963,0.6207983133436304,0.028019069956925585,0.04197850087418514,0.34896659543307146,-0.11594566309128687,0.0039537101382148615,0.25322015553778987,0.19374834892731832,0.3230907577564662,0.34875132144840354,0.5603058565484321,0.48760288458295203,0.2955527638620761,0.6557880833761397,0.01253807863795027,0.14327133261295552,-0.14071839709554318,0.01930714523289539,0.06430135782113752,-0.1317592972111316,-0.15155890520292303,-0.13392387293833152,-0.04069867948684896,-0.2942637333562764,0.09900931789960764,-0.08995901462056852,0.05514351781616821,-0.1348615384109265,-0.004344962233776866,0.12203991407369902,0.1249992521923638,-0.1447650918304127,0.08083022663344637,0.06349710597949422,-0.331884009127091,-0.2391093987214117,-0.36766013121299207,-0.20919699365353026,-0.23112846160949532,-0.33366114769702615,-0.3178227691785373,0.6010414861442231,0.5183614336620621,-0.32788483743482416,0.0311422112511631,0.0036956493595433526,-0.3551530978181778,-0.4276066014460434,-0.0876998766194353,-0.4966564162514733,-0.43126127261410013,-0.07962247760820138,-0.28784011066404697,0.2115373197585665,0.5319400224059697,-0.32211308024955887,-0.062452703954590516,-0.39841407818971464,0.29872961592056346,0.1629306632202219,0.10979778361887646,0.3298399378633048,0.2863158508671491
0.07024856442649503,1.0,0.7287826041124921,0.37839606974420065,0.5970391968712518,0.3176027778359881,0.5918469522046798,0.586636758846695,0.3459809832666744,0.2465553415823039,0.07076698936887675,0.30305786489935355,0.2719237904469612,0.01872138393373026,0.14337801678184023,0.7471002412625547,0.13816581015265003,0.5273837684286524,0.2485526288572744,0.22658314720156034,0.16411531429288725,0.33245795360766145,0.2471386616501249,0.3371860169047723,0.20310863990787645,0.43273863547519603,0.2934532299654621,0.3032708120551562,0.3335625742584802,0.04052252613968966,0.21010038814357646,0.18582590511598512,-0.07736082929130832,0.3685171930063206,0.21116774043285,0.19237157293713875,0.18110077979069528,0.12779176636820605,0.1750461894756873,0.4009719443674983,0.039446915115464214,0.45096455527598683,0.3541106785007903,0.11312586262452358,0.21443940601465813,0.05067366239348244,0.14288834745534543,-0.16678440910506237,-0.3023226445351259,-0.10498791264071479,0.18125009517665097,0.9043542859793429,0.8206777971173098,0.6285954832395954,0.6063972538546358,0.4113855473374861,0.7574603509974339,0.7521576018726834,0.44179664545522696,0.06505173335436087,0.3794299537133564,-0.0031762572487068377,0.19687986812421268,-0.18951708177835647,0.23170746861529756,0.011904584112691501,0.40313109276206177,0.26078953153784745,0.3418545649054928,0.5210405824944274,0.2943503562638377,0.4884169188045505,0.17021807542950082,0.590781051078748,0.3114657333859791,0.4003142813900955,0.24007371395656849,0.30642471259534315,0.17508252172490993,0.17519927041230807,0.20235545944314684,-0.08669391980731395,0.2555962794243045,0.4207825627296642,0.4019888387550035,0.4972797094541581,0.15821577767419426,0.4643670160253537,0.2338468404558743,0.4505901400568419,0.17701862462237866,0.11592649897899283,0.508776527245074,0.31818042086363363,0.5343397363696819,0.1013992486939309,0.24932743072238492,0.05701208353675988,-0.07058313451985417,-0.22383610276754026
-0.13731479983074996,0.7287826041124921,0.9999999999999999,0.1915960985629039,0.5567197514274353,0.6336720664551865,0.5368388078731938,0.5625311722632041,0.4035322937745387,0.3399730859732696,0.0726163256020764,0.4808438429765432,0.4618226176676609,0.2987280946238023,0.32830491981688104,0.5103366313767524,0.408190964364296,0.5181913657252778,0.5087484405062748,0.3937021675322291,0.4220157135840967,0.420664429116425,0.5285669801662587,0.4702179081649461,0.16816654884258764,0.4967526367792762,0.46303083706579884,0.4864050029077504,0.5222735715607101,0.2469902314633581,0.09217472485475021,0.0389752465809716,-0.08123094668739889,0.46549717410040625,0.29897300447887704,0.3497392823475155,0.2872810357668207,0.13197006782170148,0.24179086371773437,0.4531618565555425,0.04176704748692936,0.48096656295913665,0.3270054060031486,0.12357401882091903,0.22557395777867825,0.05882731487503173,0.13750481235954523,-0.15653792056249224,-0.19411026677495286,-0.04488398712234083,-0.2369486978315796,0.7246924083038685,0.5282483371436251,0.3269664525453752,0.6965919622845558,0.6644959714754399,0.6109203299142648,0.6530015714319698,0.5419355207830922,0.2582266416944407,0.5817036432067093,0.22373814670589265,0.3532166434774862,0.028859201468722347,0.4869804806114315,0.346940707386097,0.4416127282502144,0.43469137089729654,0.4867697825751992,0.44345944089261957,0.45097004467479956,0.5447835205677029,0.5017321956103663,0.5785012066522969,0.5242080713725482,0.41982546578302843,0.5015529275127254,0.575847094288615,-0.010695356301473146,0.05890134897322436,0.3281096592640799,-0.004880808826287591,0.15393471014372667,0.370379772674874,0.4891781254706281,0.44454771386241165,0.2913858134965833,0.6069013734463402,0.3698599630479155,0.46844367869877895,0.07152967350825881,-0.03514915116569974,0.6725271841727851,0.2739028163407911,0.4499438602456951,0.08787494058682857,0.22978277436423322,0.18811080094646426,0.03733194915426771,-0.12083910510646992
-0.14947588472285933,0.37839606974420065,0.1915960985629039,1.0000000000000002,0.4407368275397966,-0.10071736204936374,0.25453349036987105,0.6257626171982636,0.12582718110280602,0.0429072036538795,-0.2284050990877696,-0.15412324669475053,-0.020281169391689963,0.07959270787971709,-0.02980140662473623,0.3346272590175593,-0.14668671379769113,-0.0017009617548367035,-0.15281540941285815,-0.2856670968732629,-0.1922924819741504,0.13042205072391294,0.033115394456661444,-0.047411306546612804,-0.26572934372848456,0.012688058651092248,-0.2599846885065533,-0.04151221094807048,0.13097261845825706,0.07161235332461191,-0.4204562694820902,-0.13929668936961065,-0.08899298833790058,0.1906509070322191,-0.020354098787531433,-0.2056225827089168,0.01918015664211611,-0.18571446474985645,-0.01033793748308869,0.0940200770008158,-0.2168078714208626,-0.17965660668291092,-0.017313617890665944,-0.2984250853479224,-0.3130104001258501,-0.20882917056405065,-0.11882235999696843,-0.14509892841557717,-0.4060843436627505,-0.26072747086957326,-0.1016651066897276,0.4739827959117473,0.21398890256770878,0.7788086020368563,0.19034788732446536,-0.1292971031026747,0.5154977612142347,0.5607806946889389,-0.045940271908260964,-0.32836854414702,-0.08281566907210253,-0.22062551282047815,-0.0336785664357156,-0.14494171257970903,0.07786740393134552,-0.2537303967714727,0.045623788635182745,-0.1454714886478797,0.09129006462453997,0.2188596690082587,-0.13253409686918277,0.18754220030099075,-0.12825756388821166,0.2855625779686595,-0.016510149756002134,-0.06801010818873361,-0.006850400755959486,0.009426849574566555,-0.40937372160579266,-0.237931142889697,0.07958760155988336,-0.13411556831971969,-0.10664763441621955,0.2659547690797889,0.13781501076575098,0.09824187603485986,0.078075762276957,0.14885603623634922,-0.07687574543384564,0.10709629199433618,-0.22499173257875607,-0.1740051470235003,0.3296913591236806,-0.1920644663205763,0.18754435385253876,-0.1792580304103372,-0.03783271650740974,-0.11307574289652675,-0.3677097079948872,-0.2375240172327585
0.06817456560355824,0.5970391968712518,0.5567197514274353,0.4407368275397966,1.0000000000000004,0.6223873359172083,0.23661914654583371,0.5637663424066903,0.6295951157622292,0.319366262961027,0.017965252591901817,0.35073847189557406,0.38747153399244794,0.33012766019209777,0.4042750345907741,0.46045755782672954,0.34147766385229134,0.4043480132887111,0.5188501540463922,0.22534640291109442,0.400626264828278,0.299483021393622,0.3349740670366555,0.132401212953728,-0.015154167135603698,0.2622478058517077,0.1081080437666014,0.1850398575000675,0.44264053090789507,0.149425016991821,-0.02605766632587196,0.23944722816527061,-0.03903094881022441,0.3541918214527684,-0.04355160270408376,0.07744692868359669,0.005868086073364415,0.10179923556346003,0.04914001440997515,0.05865199983007969,-0.1381037490759555,0.17592999838965573,-0.009684984740842869,0.07479455114594606,-0.1539189523791316,-0.16978257202133196,-0.008637744152237574,-0.22524702464837046,-0.11383087070001326,-0.19375051217634875,0.17005943460354517,0.613839494675995,0.4834648462832764,0.6341258239387357,0.8366621780687726,0.49559551488662346,0.4616064678692803,0.7615930021232279,0.3561742580597472,0.12250649211829928,0.33371858964115675,0.16653049228400923,0.2000599094349224,0.17951340577782993,0.5316601261678455,0.29211362846447597,0.16421359758211732,0.4793352760642851,0.39489392117180144,0.34930221295208225,0.38012776906081136,0.3531605525939128,0.2568895741776951,0.304823328169953,0.32711745840672096,0.2232587451030837,0.39922059753858685,0.3510503487476324,-0.04704154486916061,0.11278149392440172,0.07581025142407799,-0.09424139607487216,-0.15815935449288437,0.14192540752203153,0.2681378026429447,0.1635342080718702,0.08426104213401803,0.3891155508291023,0.2343283861379738,0.1386135606302147,0.028746900083940263,0.018156226407483326,0.46491550397288467,0.09149782416494784,0.24314163688855114,0.07391774640331732,0.160146471182187,-0.008898667516672778,-0.08137437434503532,-0.18013084364109475
0.05495569814240046,0.3176027778359881,0.6336720664551865,-0.10071736204936374,0.6223873359172083,1.0000000000000002,0.2553268576813214,0.304048729289635,0.5962965258648938,0.36432031634959244,-0.04998510840665162,0.4422948675540221,0.6308608204894838,0.49941006712368485,0.5817710453118805,0.29429225053951913,0.5432902087146031,0.5059337987002795,0.7144273612233784,0.5732325834982991,0.6135302991547243,0.4739737425733778,0.6415305956237775,0.2210970893290729,0.06677236580993255,0.23387096605508167,0.5074762335441911,0.3089030619452446,0.5644256991549181,0.3930293272015776,0.14315053364966687,0.24490318827063323,0.11812922639949064,0.515149943792734,0.25599380438779246,0.46579505504772617,0.22606038758356126,0.2431065288223598,0.21711195872230757,0.17478000472842942,0.10320055543182356,0.36075709321756394,0.046866622758127245,0.13951242214645396,0.2106392382320998,0.1055953340579124,0.2105211941076502,0.04542313372517499,0.29576228062052756,0.12394058068918884,-0.013145417464610919,0.35950658683435266,0.19549888942561341,0.02522963615324395,0.8412789055185671,0.827172552160523,0.22378818088238386,0.4127162483234438,0.4258236520995202,0.2958329771472773,0.4607493000933535,0.35355333084097956,0.36077252191536247,0.24221143635686687,0.6148698639063519,0.640073763152433,0.36213169224877517,0.5738117561276475,0.4655780215580212,0.3787725117293759,0.5458760478181872,0.4275118804210195,0.5321932273532844,0.21080859814866237,0.4357612268675808,0.2605321854103333,0.632668521410005,0.5843145417478727,0.024462109272547907,0.12894057622649902,0.12947342987746666,0.17004437604192774,-0.01248239908281746,0.10133325500257215,0.32897138564673556,0.2063720930642674,0.2526796398080223,0.5405046347065124,0.5468647354689179,0.20092981706215216,0.04941807169168227,0.09151729300348235,0.4300658509654831,0.21317793767185478,0.08054822171482773,0.198579569315956,0.18636042573082384,0.37713748396615876,0.3130426790432216,0.14061877645370183
0.24387643208656215,0.5918469522046798,0.5368388078731938,0.25453349036987105,0.23661914654583371,0.2553268576813214,1.0000000000000004,0.45392621563926794,0.4645224437946423,0.3504564017272768,0.0008136506791211832,0.30557727814585606,0.3950173508394715,0.18591529898284004,0.16469479578849394,0.7658886742644488,0.31723591212773194,0.5438430717917907,0.42054108950359076,0.4924849337937133,0.40592561783222436,0.35071166238498913,0.3996743174833359,0.4123611052155367,0.3474999498326034,0.3143975295307292,0.3760092001412832,-0.011949726534584154,0.40485734548187785,-0.046261296778669074,0.2704941466663036,0.1834194711680848,0.06961239641381271,0.49873700143115623,0.30400664519164444,0.43210605491743137,0.1851418601566899,0.20540108816503222,0.08280057611526942,0.4652084107105066,0.19738576764614785,0.2705049280612613,0.11950673265673818,-0.008071511319432055,0.24546782845749637,0.13260545966286055,0.22071108749960927,0.1404397663117313,0.03161885226432916,0.11261813071388889,0.179052900759834,0.6166414536581878,0.6328597711446559,0.3015020264540561,0.28783547150410393,0.5169199681524773,0.5569201861019213,0.47008242096551495,0.4575862170996768,0.16483833629071978,0.3068861381054955,0.08387142202583174,0.35146814435884083,0.04536923453073341,0.24559042793628402,0.13856225881091097,0.7973352403944601,0.3550525885440005,0.44754291058488677,0.5625499567986492,0.41555832823566824,0.32749413875711136,0.2873016322294643,0.4619150377147529,0.4009838588414197,0.2885939265522958,0.28568602561206047,0.28249634514395533,0.15949889206875104,0.11638896749809689,0.30266900592586504,0.07889409799310541,0.22942588263132283,0.33267720245753446,0.233719706393987,0.3247405352272013,0.15803905017499678,0.11834025617520484,0.4603741000581659,0.4581571053014307,0.07477660088298194,0.1222626238083981,0.35940657707684887,0.10241573704644649,0.1488100604227635,0.030697703383724427,0.17048898774600862,0.36623614455816617,0.35275862111855777,0.06430991777575779
-0.21617508528303828,0.586636758846695,0.5625311722632041,0.6257626171982636,0.5637663424066903,0.304048729289635,0.45392621563926794,1.0000000000000007,0.330833911637956,0.025084597802627503,-0.2193318587164635,0.03993387169579808,0.1741877305077671,0.1652107260963685,0.24619502375117489,0.5465100333218408,0.18025988196877937,0.46183230992631596,0.1913061983641281,0.05388989788583001,0.12354115605697041,0.22946961198457877,0.33866456138644363,0.1883145711478133,-0.14428753886109238,0.25619879061475775,-0.022054692271561694,0.010488363575840827,0.3354465990649892,0.152580491829314,-0.32748560600306975,-0.07959161954964032,-0.28213344331170487,0.45199226637581463,-0.0459315729141821,0.21753341840492807,0.10753314720002252,-0.27347779980434306,-0.10180441458005084,0.07449038465170298,-0.2679079778419358,0.07230107486625514,-0.06465904181271682,-0.3877342662967427,-0.25063357528974506,-0.2836950482801801,-0.15792846677533234,-0.4414339462177129,-0.4706785920314173,-0.3415196567663734,-0.14710022811614262,0.7245487461307654,0.42859380594082386,0.5498469694733276,0.49169820299809464,0.31125946383747094,0.8242365736277886,0.8297356964284555,0.15804303279852347,-0.06733608458722012,0.23749732041434152,-0.19888698276987626,0.12128444205387386,-0.0866608390180246,0.3833722912187368,0.07039199611951534,0.41628487707555073,0.15170105453731836,0.4014367295467915,0.5474034820901823,0.21710866003235355,0.4845167761649309,0.3555538308187989,0.4906540096869614,0.3053756583387324,0.2318854387026863,0.38372073616798913,0.3753689533588235,-0.40555187337965465,-0.13586385855197833,0.28266233412428976,-0.15774376392168926,-0.16115907519003897,0.3920736645354039,0.3196023023838881,0.2972983804314345,0.25974134348488015,0.4008863011412897,0.33429637014986147,0.30658705777649886,-0.3362601482090459,-0.2551078226600665,0.37374765647496133,-0.0838548130235941,0.28479232695352785,-0.3400433427451665,0.026271492284052806,-0.009912704135830844,-0.24200158594693147,-0.3362955515515978
0.2575247956927324,0.3459809832666744,0.4035322937745387,0.12582718110280602,0.6295951157622292,0.5962965258648938,0.4645224437946423,0.330833911637956,1.0000000000000004,0.3994389834154231,0.020139968717937308,0.31397991464961533,0.4924614897612928,0.5441137159322198,0.5372815378974182,0.4014666415014237,0.36282999718788217,0.3898786070347229,0.6179036230499115,0.3700248957414452,0.5197983003791891,0.2855842962615876,0.3295117743648497,0.059025994818650215,0.2543846864826297,0.13849954419189064,0.16609703201514853,-0.023105840647252546,0.48926448635067116,0.12770539174674228,0.18144901333223598,0.2479763798621316,0.22851255606272358,0.3911343238660647,0.03774498738524544,0.29355781558049754,0.12567335049355965,0.28525032926751026,0.07588540949092495,0.10746285513372753,0.11240736154751951,0.16285717006107436,-0.12727017760469897,0.1328100158894455,-0.008268264233714986,0.011072414217792223,0.09804929125093144,0.12633139588070416,0.192495923100738,0.12174823729860686,0.2717007673237676,0.39463810657222814,0.3779851344199413,0.2674704933010568,0.5705339755723601,0.6876836759527154,0.3053714214644111,0.5867545911152671,0.3910838860805776,0.255788820074123,0.2656733925297733,0.3248372864817112,0.4217473785206232,0.4137950125553279,0.5369696467890321,0.4440464296274716,0.36124704638998273,0.4244353034090281,0.35721874021474315,0.35795831072196965,0.3613539273206598,0.18493710432279142,0.28473387671921363,0.11510672703509019,0.2509233627321349,0.17004328169220262,0.3769325936280956,0.24844437505142242,0.145602011961513,0.11417428902763796,0.0732420159821883,0.17652532895819925,-0.006342979883075916,0.04968928269155236,0.04752477410651207,0.05907518933357905,0.16078550820204068,0.15450801901364605,0.3824080401440621,0.15382075009298812,0.20894905322986376,0.017831714852769888,0.25405036125183666,0.1204810790296935,-0.08728559145186655,0.2208206301950372,0.19728878842972802,0.29271097668396445,0.3686953922054354,0.17637776031762237
0.15905302314926398,0.2465553415823039,0.3399730859732696,0.0429072036538795,0.319366262961027,0.36432031634959244,0.3504564017272768,0.025084597802627503,0.3994389834154231,1.0000000000000002,0.542137799670574,0.6457455470024174,0.35339722659797457,0.3534408981290448,0.24779677465635666,0.3192948057981525,0.4976872989757845,0.1522094961205289,0.5399796864364022,0.4375982295018068,0.5855888506036788,0.19078300037898194,0.31889872234109967,0.522979431550514,0.4736575428108508,0.4534293240592579,0.33138573095335677,-0.016851822735827027,0.3964986890953804,0.013104000208260884,0.4161590153345673,0.32506989470849,0.3860946463391315,0.20555772260995125,0.258503946648493,0.14289252553846696,0.01589679806892821,0.3286717033631141,0.180209314757281,0.5087931394227125,0.05005762300743783,0.413209397379735,0.20846543184876914,0.27688964664778715,0.24370992026668237,-0.018106337271640516,0.05279036658363896,0.08216028941485179,0.0766740012765103,0.00652168791503113,-0.004419140107550684,0.104582786600496,0.20430022173248563,0.11077340244390342,0.1894275975269004,0.4565777579613935,-0.05731617922601561,0.1919248514627303,0.7600716146163699,0.6169131899507975,0.5126324686281232,0.20934816458430372,0.4027549387491,0.2815294209308804,0.3617790575196971,0.4302471273230477,0.2680666916066758,0.46930642106101134,0.373356844227743,0.06118436368088021,0.5301189099335285,0.22917525766826327,0.22466654415501636,0.3291000360910446,0.5222188554319899,0.4109620953361104,0.347031917693987,0.34268377758826624,0.3336794779968824,0.08367934450009817,0.3395937042898074,0.08854728761228711,0.28883128961298277,0.2443111007276319,0.22683373706291296,0.027884154737824098,0.14233294304776709,0.022948998647619154,0.21391360965680029,0.26874071448027054,0.18780856420506556,-0.05929118177088962,0.42455110125464746,0.29255242049006397,0.12378093167975099,0.24672612137642239,-0.02865948757417672,0.20545961331766746,0.2374349309951476,0.015480866100037207
-0.0367533421224914,0.07076698936887675,0.0726163256020764,-0.2284050990877696,0.017965252591901817,-0.04998510840665162,0.0008136506791211832,-0.2193318587164635,0.020139968717937308,0.542137799670574,0.9999999999999998,0.7096075572369714,0.1270675840952443,-0.10596207392263163,-0.1184768782913398,-0.0015537860236915545,0.35629718679911015,-0.031242074568310633,0.2618238008127288,0.1355622908939684,0.22978636919210502,-0.06426529997203674,-0.1560135668963175,0.4407960045946941,0.5458963311975775,0.6000502877154005,0.1540975764591546,-0.057339132815450534,-0.01918734914888952,-0.3207502964347017,0.3403215675553634,0.19120983351386178,0.03765387511922399,-0.11638541705882302,0.03017198512958707,-0.04681191013865669,-0.17188356382805195,0.13360563010510104,0.028642003885076185,0.29210939367079053,0.03125900308914893,0.431916742600121,0.26261849192640496,0.45163940940478137,0.10771568355785945,-0.0419690848316337,-0.055101847530701756,-0.14315452535045534,-0.1251020550480538,-0.07800826257444232,-0.023849718034835602,-0.09268807659102582,0.20802786785869953,0.009615859801070912,-0.10938977607738756,0.002391153789539111,-0.17479687467735233,-0.08414629507575541,0.6005400025546913,0.7611843016623844,0.5537855410013373,0.37027445101684425,0.12216660303754967,0.09904481434422992,-0.014113552894488122,0.0889655496902209,-0.008677203149951273,0.3103711223085779,0.1728671916225374,-0.11848992500786829,0.23356376417039698,0.08624015599426142,0.053039543776245944,0.22919558007586402,0.4414907991921586,0.5317280914071297,0.07754587419528575,0.12622628320965654,0.3537179025441639,0.15929070264541323,0.3207667840331934,-0.0025175832788542326,0.18149213926174473,0.16382760829926468,0.12289835497933937,-0.039591773850821334,-0.003961776955643013,-0.13153359699908326,-0.09444952215955763,0.24915956693448796,0.19016918972984134,-0.1276786340050893,0.0885504771750277,0.4247884553745072,0.3385440320318541,0.16453673966877616,-0.04173862575309736,-0.16400642215631464,0.021438113277554773,-0.1575399250453
-0.051039503732854756,0.30305786489935355,0.4808438429765432,-0.15412324669475053,0.35073847189557406,0.4422948675540221,0.30557727814585606,0.03993387169579808,0.31397991464961533,0.6457455470024174,0.7096075572369714,1.0000000000000002,0.49822058796759044,0.20906125167588357,0.2548487281003528,0.213346217421568,0.627818044298011,0.2701483796020954,0.6315507405271926,0.5663345215499506,0.6562897222286701,0.13356330468139388,0.29552604081731265,0.7475293378494727,0.4514035093894733,0.7304513790445953,0.49785181070603124,0.18812153692618167,0.4740701178795487,-0.010596447971660915,0.29557508023429996,0.14385507183672547,-0.04483323286141613,0.1588793847304898,0.17037863497319405,0.3272266188230938,0.13439899227633798,0.13405029968192875,0.11504558305127373,0.40488356142660237,0.03540124261440496,0.5069556525307359,0.2136137302384206,0.4241412539754007,0.24236542727079505,-0.013404418058907611,0.06321416820753367,-0.142510294653294,-0.036903372811246865,0.03370960325488675,-0.03287715740262217,0.18670338616556537,0.41566238832365693,0.15281584068516388,0.32653987483230407,0.4353351430768642,0.058153373333240055,0.17535470760449307,0.8263415780971827,0.732939268703676,0.7793562873736026,0.4583209708127828,0.39479704672367755,0.21651831541504887,0.3556655511935223,0.5021786251177893,0.2954746249058826,0.6444697359467144,0.4574480369550147,0.10753887087935064,0.6716786005403238,0.3280784000778492,0.46253545428101284,0.5106375882142699,0.810687501919039,0.5781893449560649,0.5422521866631062,0.6297250029966035,0.23917879397425207,0.16778088991055468,0.39828584839768916,0.005304675240309294,0.12574628869608068,0.21109152223392513,0.36282288266666946,0.13828881029101917,0.2841191956763291,0.25216040031066816,0.2758450551900374,0.3930797692837953,0.1851580598613931,0.052930648392192636,0.4498866100453371,0.3834050348877649,0.38089657080180156,0.1819841420574538,0.038028298487655675,0.0389740274446306,0.07799112172836313,-0.04675193955605815
0.05582233475311143,0.2719237904469612,0.4618226176676609,-0.020281169391689963,0.38747153399244794,0.6308608204894838,0.3950173508394715,0.1741877305077671,0.4924614897612928,0.35339722659797457,0.1270675840952443,0.49822058796759044,0.9999999999999999,0.360859494783192,0.510857203380067,0.3722026634221202,0.6662807477260657,0.5952084962935423,0.539357447143758,0.5098977379736039,0.5432093444696755,0.5042890517725382,0.6447556994130179,0.34101703767665204,0.07536937271387735,0.32825877519485885,0.26986274686562095,0.1505444633874011,0.5610355756012763,0.39966209375891515,0.05876679348586759,0.10396317904116976,0.056579920099463804,0.6232793764187543,0.2871725488071863,0.4082081268396874,0.12598117106680817,0.05687498626290872,-0.011775129439949695,0.1643511520015073,-0.01608759381294755,0.14829426102935145,-0.011503943173216315,-0.0875639858437195,0.03880822864190445,-0.10246100674353331,-0.00987233196658632,-0.022204601433579555,0.07381554894391375,-0.034057440443932344,0.027957771440795563,0.3393752757524005,0.3347247101316276,0.08028652104975872,0.47646696426504426,0.617100654402985,0.2637092505030712,0.3075375630385286,0.4970617016320646,0.3920976110022668,0.5732547918263554,0.7032302769567976,0.5081093504499299,0.09081206050976923,0.5099290317041104,0.45710482736616853,0.46548904740996966,0.5251951331452689,0.6284999238690342,0.5881611741403941,0.5631254600873161,0.5309151269274861,0.4569596221313192,0.29938840186119053,0.4901693773552212,0.3490671342280816,0.633434029153632,0.5101061012420144,-0.06919084181450749,-0.0434167806066412,0.4292123875482598,0.04901281271248269,-0.047388427046947054,0.3263661037587411,0.24701836871683022,0.07621310229548652,0.21377829273253754,0.2807354723499537,0.4449371160418285,0.21225042102262787,-0.09288058368729088,0.02242875376210689,0.1816772130325404,0.04111356205374355,-0.022276719758000822,-0.06354972095788691,-0.12736481538577538,0.32491902788377136,0.24823834039538248,-0.044020809281332174
0.06485569533202086,0.01872138393373026,0.2987280946238023,0.07959270787971709,0.33012766019209777,0.49941006712368485,0.18591529898284004,0.1652107260963685,0.5441137159322198,0.3534408981290448,-0.10596207392263163,0.20906125167588357,0.360859494783192,1.0000000000000002,0.8225772835510717,0.010057797265478523,0.29933094511137287,0.018854307606011162,0.5586076778861642,0.3492135259744154,0.5875284841238163,0.133261742950031,0.40909640563020905,0.06210784733400887,-0.1350351326833028,-0.09332598604230788,0.27097456256987285,0.1780036852876545,0.5321020524492126,0.4053094877985873,0.048533260598353355,0.09186071247520695,0.34267643992177993,0.25461050702417204,0.14276999635462498,0.24887534850205306,0.4082520206371816,0.24442238662292087,0.32193473747492135,0.15891621264593478,0.25006195137233805,-0.043786294442234294,-0.01287119381029057,0.1503713389990665,0.11313030347662546,0.17526952669143722,0.24570200231547645,0.2150071157712189,0.27318533415241997,0.38941969610388616,0.08732727188719254,0.1374022522644194,0.008139061296812529,0.06827254077330099,0.35716044059482027,0.5227638324669251,0.04187293824753228,0.2325114110883855,0.16586783843169897,0.1750035147840878,0.0692562632221063,0.2042742670728343,0.6761646072289137,0.7544724867235288,0.7270657215918551,0.7750240250462368,0.15774907256328266,0.3763813352119891,0.15750819457443047,0.011329265478470043,0.2931227677950223,0.0615945027245488,0.4484642618136968,0.08200414422033202,0.19024109951163967,-0.15654073714256161,0.3582279005692912,0.45892471379017613,0.028627671997832775,0.14876598600099925,0.031510574955462285,0.2663175883097601,0.028227432749329557,-0.08913026883879516,8.904324928626528e-05,0.1492259620172043,0.3245937242196264,0.24599126109007396,0.29339529797515285,0.21157092123087337,0.2626936371922269,0.04583013895299395,0.4348026925641325,0.06570337654964618,-0.10004221477914567,0.29326346819149435,0.38974589405841625,0.3469997351557627,0.22934159875527668,0.4434450807011331
0.02264997811773729,0.14337801678184023,0.32830491981688104,-0.02980140662473623,0.4042750345907741,0.5817710453118805,0.16469479578849394,0.24619502375117489,0.5372815378974182,0.24779677465635666,-0.1184768782913398,0.2548487281003528,0.510857203380067,0.8225772835510717,0.9999999999999999,0.03069341987014945,0.3060130518405415,0.21375897413160205,0.5097599706784961,0.41373445567323114,0.6123256940091701,0.1584159004499792,0.4481433106202151,0.14107520648853517,-0.32014854993961744,-0.08749758163870486,0.2610333147541634,0.17402628516193153,0.5295996001765374,0.5134171197938059,-0.010421134504779973,0.051407925049390166,0.2022131383035207,0.31492181278196796,0.15952755358552603,0.29642146330771335,0.37755888698674805,0.059029978747481074,0.28843060430399337,0.158918017991636,0.22549285740890712,-0.1202201575985172,-0.018973645360478027,-0.0012604613076377367,0.10470673921343594,0.10889529990019048,0.21430700259988325,0.07146190975135483,0.16354779325204036,0.2799428711157834,0.18500274512436127,0.2324645551973415,0.11203956932626215,0.08264358201440307,0.46848299878571614,0.5357241985261951,0.13935100073868043,0.3385246718147879,0.23378566843180726,0.2323550378140654,0.1778317185358538,0.3260828744073888,0.7512251635101402,0.6735164607164885,0.7811645494074133,0.8399452551899833,0.19492837535975763,0.4504200180787584,0.2851315369395471,0.13767016211417404,0.39451902990947874,0.2525620321480358,0.5763921895805042,0.12199567196305454,0.2741891979363461,-0.11363998871611974,0.46707143705719734,0.5386044992869009,-0.06939562264374874,0.15758598288215586,0.16000657789020004,0.2722845852696218,0.043275822289766765,0.045624441948813224,0.045520917638161074,0.23852026233863435,0.3409554151857095,0.30389729516870534,0.3360275677320452,0.25625561887183473,0.2524267571879395,0.16818983265605567,0.37708709585844263,0.01031836147644442,-0.051062033253116874,0.1623697471244689,0.341934832162873,0.417522318428637,0.10196191237720688,0.29733233297961675
0.39248689702286205,0.7471002412625547,0.5103366313767524,0.3346272590175593,0.46045755782672954,0.29429225053951913,0.7658886742644488,0.5465100333218408,0.4014666415014237,0.3192948057981525,-0.0015537860236915545,0.213346217421568,0.3722026634221202,0.010057797265478523,0.03069341987014945,1.0000000000000002,0.40582535446254087,0.7006556732017789,0.3543212225617684,0.37050364908672606,0.2894216613356615,0.38765028445334476,0.39488468935567117,0.2846466095852567,0.36482768566725826,0.3579228206314831,0.17493770092721722,-0.043106038748294453,0.328699675429246,-0.0890130452815665,0.3021639360927584,0.358873538905367,0.12426958403429932,0.5991021725885824,0.14627078836918428,0.29750871217397373,-0.049967072059003116,0.19050056682264777,-0.1410281889689521,0.24523688247620798,-0.07412431779753904,0.2837400959790971,0.04068009389308294,-0.10573482691293526,0.009430478811278339,-0.11244605819541831,-0.019784849384910524,-0.07028819495575432,-0.1419218534961984,-0.205342186361555,0.28560322447080355,0.7271462751373744,0.7345973607839122,0.4063369989053418,0.40583577273182314,0.4310364603145773,0.6543836193968535,0.5739476197798489,0.3980171632971065,0.08930512374331868,0.3434662885921351,0.023275102076703844,0.12448942301626081,-0.20072000102577228,0.17682779428331685,-0.056779070485330076,0.6445572390171754,0.3469349981952005,0.4758234606674503,0.7357526054076312,0.41422860647261417,0.4083857107410408,0.17427078448693736,0.43573139017329515,0.3401300560606768,0.4152087155833209,0.25869522296429653,0.21447468293043723,0.23782858382716263,0.13271692410001149,0.2495734919570243,-0.1971929944697882,-0.014162225111325404,0.35644996416663693,0.19656892889304858,0.17595719671650098,-0.01128797927038935,0.1280070998191193,0.35149307269622265,0.2099901646146405,-0.1104845456562874,0.08247304739156548,0.16495383004232692,0.08519475823082262,0.1408218365506459,-0.1280504397291896,-0.04756880068480887,0.052336746841456463,0.16663794948347194,-0.258203813448597
0.14596119282219425,0.13816581015265003,0.408190964364296,-0.14668671379769113,0.34147766385229134,0.5432902087146031,0.31723591212773194,0.18025988196877937,0.36282999718788217,0.4976872989757845,0.35629718679911015,0.627818044298011,0.6662807477260657,0.29933094511137287,0.3060130518405415,0.40582535446254087,1.0000000000000002,0.5475329448119621,0.7526262779244919,0.6003719153614703,0.7211974291629274,0.3441251264138663,0.6615689418884027,0.5438489606098265,0.3033697832486965,0.5009709811111793,0.28096626981133727,0.017561037354656087,0.5237833779162328,0.07641779057407422,0.15647515503470885,0.22605383823700695,0.08787777697590629,0.5490255087744527,0.13941626998652004,0.3956896836603276,-0.038973435708196696,0.0908222413991221,-0.16504344217305716,0.1597823602601151,-0.13306182334913508,0.2678210527752367,-0.0653714335975414,0.007845775781002748,-0.07720251453769861,-0.24804336067428948,-0.14424865987766186,-0.1763586773558506,0.03126916026861465,-0.14734394979261986,-0.09669439049494853,0.13500755249025848,0.24818255317517443,-0.1392135209848175,0.3116652788219919,0.49620024781829936,0.06609929025506445,0.11937593219357316,0.5845006043566213,0.5521590272564364,0.6733732227553529,0.5294234748853078,0.28421496771227023,0.13962852399749676,0.4444841225360195,0.43087062705373996,0.4861211624320303,0.7492197221967956,0.6989981951611781,0.4381519240272506,0.7251439805312792,0.46381340259306725,0.5790834988078126,0.3344591306206867,0.7221359301821725,0.5739721213474688,0.6575776616711613,0.5365556254183403,0.06873261502817793,0.003561148670392111,0.5624253076419338,-0.07459733578687337,-0.1883665596525504,0.2885300462105015,0.2605878113614809,0.013570764412840651,0.15239677695865378,0.154717382398314,0.4301818540471886,0.2054037708998714,-0.2705380354653771,-0.16238399326023117,0.13953876579992067,0.09419434886756424,0.01678519652672272,-0.11820132277419722,-0.21932818037596147,0.0908127750922464,0.21954081173554374,-0.10900109202115266
0.18661668484360303,0.5273837684286524,0.5181913657252778,-0.0017009617548367035,0.4043480132887111,0.5059337987002795,0.5438430717917907,0.46183230992631596,0.3898786070347229,0.1522094961205289,-0.031242074568310633,0.2701483796020954,0.5952084962935423,0.018854307606011162,0.21375897413160205,0.7006556732017789,0.5475329448119621,1.0000000000000004,0.4262173001951751,0.5387235889629919,0.4331492126083607,0.5820058353064869,0.6242504706661685,0.30514042645910877,0.24469850665424556,0.40413397072300383,0.2278104904969687,0.06627448798727079,0.48967656413195937,0.1514758117826383,0.20365648288036303,0.17481027075956665,-0.06832643647068015,0.7977556670400101,0.26808166405253875,0.6043713848821851,0.03032386374158556,-0.07909505836900961,-0.24014804555283384,0.11419186716942918,-0.15439742364537257,0.22960381093695595,-0.010631562580783606,-0.2481741376521222,-0.004246464428473701,-0.19211651843557553,-0.08303768784771239,-0.13857698707269675,-0.08862992516952498,-0.25594522467241954,0.16617761775095055,0.587299134252634,0.5210552661996389,0.10516252223832595,0.469821501258371,0.6245926588501755,0.5900292426028986,0.4690991299769013,0.36852711240076835,0.20063430287565415,0.4665715417745553,0.2282520852259147,0.19674332089128596,-0.21070420070314294,0.3286575069981531,0.17431861395986284,0.6997570747934294,0.3980740057084617,0.6515389484762234,0.863468515747011,0.6298052058515078,0.6297860166620695,0.4183468250251354,0.3949275625359973,0.3772013968903858,0.46815333112153057,0.5748803386479231,0.4237793863256965,0.06899365392198874,0.0688899520773136,0.37329889991410653,-0.14556291867892115,-0.09201194518562082,0.4396490179720003,0.3010173705703346,0.20618193514260091,0.10444527248943913,0.2552401164654384,0.6198911671375814,0.21208911391751184,-0.24402586449840247,-0.014260500767631567,0.06724974605587214,0.010909753412966067,0.13138077780217963,-0.2856195652099944,-0.1829292005721048,0.2552565593520933,0.32165925251522476,-0.29690432088841573
0.10365097407613884,0.2485526288572744,0.5087484405062748,-0.15281540941285815,0.5188501540463922,0.7144273612233784,0.42054108950359076,0.1913061983641281,0.6179036230499115,0.5399796864364022,0.2618238008127288,0.6315507405271926,0.539357447143758,0.5586076778861642,0.5097599706784961,0.3543212225617684,0.7526262779244919,0.4262173001951751,1.0000000000000002,0.7084306582419965,0.8264456229251138,0.3266447518079075,0.5991646984738315,0.4563165479301481,0.31574389750177434,0.43470019478667943,0.519880037360543,0.1218104496376615,0.6188351837160145,0.1337003814885709,0.23454936361832346,0.287346246212991,0.09825594903587162,0.43543812534200893,0.12931529092867308,0.48142154305475704,0.1794605485697816,0.2143854117263263,0.03691755227140731,0.18283526040788015,0.05247246485471138,0.3410230500811906,-0.07445890332331327,0.21277050057711003,0.11781157157153378,-0.07069185597170116,0.08286217605233445,-0.03718589203002862,0.2213894905196553,0.12073287183868085,0.05970790389188659,0.2530340134936071,0.3414987722896189,0.009652762603290415,0.5624224919418029,0.7113736973337753,0.09843352443548888,0.30848229641429536,0.632941778273144,0.48184357739433503,0.5689223009223842,0.35381845256212907,0.4519840724414426,0.461923000454337,0.6063455147941794,0.6352777846316934,0.49097476359548053,0.8446228547143045,0.635623502439162,0.3358388025187441,0.7082771562326864,0.3782648128717927,0.6158753028845384,0.317084784350213,0.6551463496727948,0.4555132584299611,0.6427055811693103,0.5910496424448003,0.16937741076029966,0.1358304708043984,0.36492769794191426,0.16274194118702218,0.01031273500373308,0.13756788644490092,0.3910731236106045,0.21292077206004886,0.27952861512184146,0.34420610381898925,0.6155744657205523,0.3914569530698337,0.07961340104308433,-0.020254108223747787,0.41434111858472883,0.21708782574227967,0.08329912281150711,0.1515804789508487,0.16682952629068115,0.3033521139834989,0.4011243388141316,0.18295078432268658
0.23767331493484603,0.22658314720156034,0.3937021675322291,-0.2856670968732629,0.22534640291109442,0.5732325834982991,0.4924849337937133,0.05388989788583001,0.3700248957414452,0.4375982295018068,0.1355622908939684,0.5663345215499506,0.5098977379736039,0.3492135259744154,0.41373445567323114,0.37050364908672606,0.6003719153614703,0.5387235889629919,0.7084306582419965,1.0000000000000004,0.801676901486882,0.21244331769245176,0.6044061434263587,0.6064304686765315,0.2747687389829672,0.2916635333253893,0.692154011663216,0.0883559660685778,0.6736275806618465,0.18126518726593088,0.367802241158483,0.23569295552628522,0.05693656021708305,0.37534221133371776,0.24319275559307948,0.7176670757744482,0.35353923379350133,0.15337261242342243,0.017800155228500755,0.2314656895488752,0.09832727536561077,0.22203730683206718,-0.06950873111702903,0.10291944730579893,0.3941644551668443,0.047833437992886835,0.1601888063380136,0.14997892979958016,0.3144248654043027,0.22818950999964052,0.1331071878428115,0.18169542228728963,0.28061089843833076,-0.1029435733818926,0.33407464520009245,0.5730593036921544,0.05497989610778637,0.05994552572768231,0.528454439156785,0.31362640074999487,0.44724325786889846,0.20934068850526516,0.3890504567813158,0.24603570398344388,0.42067451804413236,0.5573096199888757,0.5776211167034193,0.6846296058505998,0.5464414101507605,0.353855132372159,0.842569522273333,0.2723425353242005,0.5433868038932341,0.3530182705143346,0.6516475293333488,0.28701792697159784,0.6616920618441616,0.5704820190309838,0.27715080964471245,0.17216848103076055,0.30627975807529967,0.11192073805227365,0.1507348606441966,0.08468934049065317,0.3819066082839479,0.24479865402897674,0.3649726106471437,0.2246567145246194,0.7358409463652642,0.3607290899688788,0.027004464194130554,0.17316079143380797,0.2693333407658962,0.09940741432140938,-0.03659773480631276,0.047446872249481464,0.10663329091029053,0.37151097984395465,0.4812248695600596,0.20562078975182657
