0,1,2,3,4,5,6,7,8,9,10,11,12,13,14,15,16,17,18,19,20,21,22,23,24,25,26,27,28,29,30,31,32,33,34,35,36,37,38,39,40,41,42,43,44,45,46,47,48,49,50,51,52,53,54,55,56,57,58,59,60,61,62,63,64,65,66,67,68,69,70,71,72,73,74,75,76,77,78,79,80,81,82,83,84,85,86,87,88,89,90,91,92,93,94,95,96,97,98,99
0.9999999999999999,-0.06580416134201288,0.23895759194878027,0.06031944922184411,-0.5432779944980912,-0.030555876764140136,-0.3249017558240925,-0.3206045841135644,-0.12121643860328091,-0.36613168114854444,-0.08596502553063572,-0.33379034312670675,-0.2200747266368456,-0.5463295878524272,-0.4334806094038004,-0.06295348317576704,-0.636888953025852,-0.33862384633311937,-0.6783888137112665,-0.24914758699539066,-0.566883547306168,-0.2996121373122693,-0.5186783563798182,-0.6470543901418808,0.4298945260627762,-0.019477743431015073,-0.3747116797277217,-0.4144666324944613,-0.23834336741323295,-0.5547349321301653,0.10308207899478583,0.1464824893781757,-0.13135539857254233,-0.434233141502025,-0.11274207211524787,-0.2206486085086685,-0.3802677876374362,-0.2880103961367626,-0.4822636974806809,-0.42979275848030224,-0.5682729052752298,-0.241121887052826,-0.2619916186563138,-0.29486328951337165,-0.17644486506572718,-0.5122168865512934,-0.5044228808517577,-0.4118949493610478,0.031818355371169456,-0.31742219717476905,0.692482792220425,0.08205826234693336,-0.035902694799204535,-0.11882371038548128,-0.26377460955685117,-0.022307901864289145,-0.1352298773841223,-0.5117766285059233,-0.2590949062253703,-0.133094127341166,-0.15377116710139402,-0.0965252395322301,-0.49448944775586845,-0.4413218646227425,-0.5844430891118721,-0.4448965399081403,-0.2640826993449712,-0.5862117842535103,-0.5471309297640249,-0.48430537555094244,-0.5047723525527679,-0.2348489571939525,-0.583556343696412,-0.17335753989239705,-0.5396681394974603,0.2846311086375001,-0.2597630550153345,-0.5078663047593102,0.010928940176378672,0.1632339697882371,-0.3993520944375064,-0.39145725290111183,-0.10640181543471718,-0.30535985428901563,-0.3421450175183656,-0.3010771702417456,-0.34025760649731085,-0.38039044269450706,-0.0959125150469411,-0.23277391011930873,-0.1170455108805427,0.4198446629461541,-0.3160532382083751,0.1588908414493142,0.03410500385910885,-0.36234610146225793,-0.432213716686631,-0.29264231412637204,0.06479810080569365,-0.37364325411914207
-0.06580416134201288,0.9999999999999997,0.7590786561004852,0.784380037061028,0.5937468850163042,0.5407704757902494,0.7220775626569448,0.6819056169721093,0.20113373563986964,0.28282968852367935,-0.11577144229032,0.07743924322455241,0.17861611808141037,0.30349392962957356,0.41938811059363795,0.8678744523158007,0.2893677814221841,0.5669212701077422,0.264540671637602,0.7140752458223607,0.4051442901414645,0.14993784905828048,0.20911417973980356,0.25699910389167474,-0.03446860169364039,-0.11987178699779447,-0.06830059666300155,0.004905065124404165,0.2799138988432596,0.04703317144940126,0.3199811611321637,0.6965100223077291,0.661817969796484,0.382299039785193,0.20275401032872048,0.43641050982371266,0.2962591450457767,0.4591167447349174,0.14351565914823106,0.017201642048519646,0.047824459155187495,0.034193798906276544,0.05019114403553363,0.23730311287282052,0.07904212327447789,0.04792912574932068,0.04190455829171209,0.05508211670621835,0.5404576563472603,0.27110884174816186,0.09892555978481364,0.9287580638624439,0.6815074308933287,0.7829542965782402,0.7621123614736734,0.5695722032998092,0.6421289695039228,0.5865291797409586,0.19670392542475948,-0.15678236253797265,0.02119049976628079,0.07467089556357208,0.14475050865069714,0.2127718715887843,0.3686705710697627,0.3794524414193716,0.10747977024992365,0.068908017635539,0.21997982302508695,0.459257284429943,0.5133595672155599,-0.1388852661975523,0.3257730102862569,0.034045284297242816,0.09663467920607147,-0.13015948381555223,0.47073159893867367,0.056897401936109454,0.45539796288019874,0.3625218201899702,0.13536837998431406,0.1849837344047535,-0.15406472496061435,0.12133271561227434,0.19641362480494856,0.12725493459536077,0.33502754943086394,-0.0009499847045270004,0.38455627621870164,0.018225106802719198,0.19162673717851877,-0.18831163566913425,0.07006063393929399,-0.03556964789025549,-0.2955630888000666,0.06208145753898562,0.058501205674308436,-0.06723595082484733,0.5034759398240175,0.25591475482451037
0.23895759194878027,0.7590786561004852,0.9999999999999997,0.5513971870641328,0.30837465001445735,0.8221409991177246,0.591031049640055,0.5262444011951865,0.27056273244604406,0.3076638226867987,0.20061545300713046,0.18131045405168436,0.333160406340131,0.09158510116279328,0.19285775162757177,0.677147541747564,0.010217068798364027,0.23383175232862796,-0.060372936071750746,0.5130247112262429,0.03806509003175778,0.10014564388078277,-0.07960756074132161,0.02150142833214586,0.27166512553469885,0.15058535983523952,-0.034123601878445466,-0.023852724297104135,0.2504322026577905,-0.2531116522062525,0.2656918230662652,0.5551097951078696,0.39791046819731646,0.10051408766039545,0.28134993095333116,0.37947529755098985,0.23400726110507278,0.3145711727270103,0.07295989375436669,0.09583966006922079,0.005705022822369124,0.21908768604530227,0.15787726110826036,0.2814672843761081,0.27018478333963714,-0.11744329048277644,-0.12636958134578657,-0.11275303169969006,0.651723356295092,0.21990270924462726,0.31631235846827743,0.8021038934296185,0.5337252314811429,0.5341275317241533,0.7566364278539403,0.7876950868857729,0.45283266821476953,0.4959541545303682,0.3168959972100644,0.1208054028285533,0.2859272425926168,0.2679857362567091,0.02760057333622141,0.008329255422496408,0.06854795914313071,0.15368639479072232,0.2162406793080649,-0.14365284999708952,-0.15299021367294244,0.01524050675607014,0.13438364189370494,-0.039479055086861545,-0.1469452466208671,0.16522671511047032,0.05334861442585808,0.21152349090491354,0.3346694608293229,-0.15298252655528768,0.3635181866959765,0.2429097251673821,-0.09928193444967667,0.0018716238656738206,-0.06761758402551121,0.11412099217537705,0.11346012779126653,-0.034110095850589585,0.32095433254219113,0.027732350149210567,0.4093538551091794,0.11381837711367541,0.09871900284663297,0.008365701730646928,0.046843984616910236,0.08379676247520156,-0.03578342182061073,0.19101445391706218,-0.05545066896551575,-0.12974481904073315,0.6784479635807943,0.3007535950112882
0.06031944922184411,0.784380037061028,0.5513971870641328,1.0000000000000004,0.3821811648402701,0.31781034015192505,0.4696817084804284,0.4509853790602053,-0.0682342749155436,0.04448187279905953,-0.3380791726929131,-0.1906353972577767,-0.06816409112319946,0.03732298724400429,0.17708439635590245,0.625315034067524,0.13512568643474887,0.29873752608170195,0.14321224574738825,0.3707577731946576,0.1755776882149093,-0.08583397895599812,-0.021801229005922462,0.04107751514885006,-0.009235500564556935,-0.3144552469638398,-0.37161340056729497,-0.3093929305431274,-0.0733560529018099,-0.10005813834883395,0.2791350521738031,0.5318690764942995,0.4518451010843485,0.23136405038922678,-0.06891126668574593,0.25528102582820594,0.026532512884308496,0.3417616837989208,0.11014322917745405,-0.09225517482603147,-0.05167599269247058,-0.002397612965413079,-0.03770870221934634,0.08357930547045078,-0.13963727102587264,-0.09413843198715793,-0.10877709955096242,-0.17919360231372597,0.3416180688950098,0.1072961732892408,0.22333531699974668,0.6812715075471624,0.510371244467065,0.8348259624526466,0.5138694612474187,0.24977301970151092,0.5771839832520314,0.3083387345815927,0.14548247508276482,-0.3173833108143391,-0.05793878515595477,-0.07196609052479214,-0.06698724969483034,0.04557328926744783,0.19271729676172,0.17031712411583066,-0.038679557828321776,0.006725933470819474,0.2343382890088624,0.36126826455299466,0.2752087326871789,-0.2062979033918938,0.17707803767677063,-0.1906735176811075,-0.08082540849470979,-0.04038751411391829,0.08542473936720217,-0.18233884595031385,0.4726655946726244,0.3030138416994801,-0.0288701046612344,-0.021433499756200163,-0.15743116526846498,-0.06951852435189076,-0.08846882614181233,-0.03884874115108217,-0.0014556674066528597,-0.3351680386641576,0.055745793921700586,-0.270136543639477,0.2176732464243466,-0.014282951858677551,0.011840154095058623,0.2577356147361401,-0.13600708243467105,-0.11538549468000003,-0.11516036124588863,-0.31526472188447413,0.21092093702291798,-0.024494582164945888
-0.5432779944980912,0.5937468850163042,0.30837465001445735,0.3821811648402701,1.0000000000000002,0.2609663801553636,0.6439256248435911,0.724385141350871,0.21179829600391098,0.2350326046209704,0.02145541117411756,0.23210834451314322,0.2824791925103145,0.39710727270050217,0.40150081820389205,0.49656699224274925,0.5561925445006987,0.5615463476997444,0.5061794130784805,0.550016558550548,0.46554041758809783,0.2283767096622299,0.25921886622525947,0.5102482226921228,-0.37330990774195183,-0.04367808288660789,0.04797217462086434,0.2077302254677644,0.3070130052855239,0.11331946641264957,-0.0059110010208418,0.2651865888923268,0.3757419928253724,0.4668927966395721,0.16234002043790435,0.4319996204847574,0.5295601747865175,0.3141815356232825,0.1772946407811079,0.04374701484937383,0.4184794624449581,0.13379345124082134,0.07932873717320618,0.21505259527731685,0.12472652244842897,0.19275308430346036,0.18547062012168403,0.17852850818284446,0.38847321186296135,0.4190786801256353,-0.20666164487430413,0.493666809339485,0.5695205866775653,0.6727653067021829,0.6485405705826426,0.2702981626615325,0.6406394819842209,0.7508307553783173,0.2574128473232161,0.0623332598577062,0.22027879510048118,0.24897312870320693,0.34550391754798565,0.3135325552525223,0.4532205680138774,0.32711000781330735,0.312182966338477,0.4777808671220814,0.5105121349895938,0.647692117784494,0.5074769125983556,0.09211970360303828,0.42954131473185825,0.010257369386284998,0.45243134583778893,-0.12124375281244028,0.48870702491749424,0.12068706888765268,0.296118382727581,0.2309456660636905,0.3790939776795717,0.4644750512039539,-0.004148884683076824,0.25403225379561534,0.2697649882474736,0.21933770952340334,0.47655351475686436,0.16415461825385172,0.2967978107212041,0.14046014775329432,0.29830626929302945,-0.50592020299999,0.043534402020291976,-0.1495613840933584,-0.16956991351883616,0.08610682967401141,0.17969703502100712,0.049114107869785824,0.31082905187390136,0.423965799258018
-0.030555876764140136,0.5407704757902494,0.8221409991177246,0.31781034015192505,0.2609663801553636,0.9999999999999999,0.5720364004417101,0.47710782478510566,0.44237844325070524,0.5359411828146416,0.38199719993526793,0.3701453075508288,0.5052589776916209,0.323709210761651,0.3717947354804858,0.5666586571241988,0.17161448462803577,0.24543306744717217,0.07636773953097926,0.5844114791071113,0.1840307236651847,0.2041530825502479,0.1630361152419707,0.1584437053348997,0.17164736966131233,0.24185453135351578,0.2527485652691069,0.24822278318120855,0.4344122474878033,-0.00031416086169109273,0.2739545730945395,0.4092551359423128,0.3778263155025228,0.2673498852410146,0.40975386649040346,0.4907902148408989,0.39838280962553324,0.37020972266824964,0.28927536850604146,0.375534559708605,0.2694322372495916,0.39221294727088196,0.35513810921837075,0.4377044777173493,0.46349607596236436,0.14503157563195007,0.1543126563402543,0.09563097288582553,0.5832167776655564,0.3372372209512482,0.0034530984874319524,0.5415177298604366,0.31146732111722153,0.3381242059131806,0.7852700946855476,0.885021062375394,0.2323310162891184,0.6082086122519036,0.41513024301248014,0.22959645205369844,0.3917664154470555,0.36816042365498375,0.2938029668692677,0.17662252319100794,0.24264532169760505,0.3400508181218801,0.3616385612212544,-0.008034879000023603,-0.12089294540346938,0.01820491332658777,0.21447417652108214,0.10307387501086336,-0.03638131004893283,0.3186734763128683,0.1714402079650021,0.14649873011648068,0.40870099442305324,0.13323538911153973,0.25926727621174783,-0.021319674905483133,-0.08280153696118876,0.16097048224228255,0.15702994869265163,0.26290286177269456,0.338102468500957,0.1783643759818151,0.5159175370840596,0.32226343206219754,0.501153433228209,0.30603267479041596,0.03409934201048808,-0.09822476945957563,0.24390829157231775,0.12453448645022529,0.08692201507431448,0.44290610487223764,0.2016639161184156,0.12556897062379166,0.6352166233284916,0.5340570056032063
-0.3249017558240925,0.7220775626569448,0.591031049640055,0.4696817084804284,0.6439256248435911,0.5720364004417101,1.0000000000000004,0.8940664022170529,0.5676960534851274,0.36560409162015656,0.0978857237705174,0.34725993311804443,0.3221942826002335,0.45919927210582573,0.47107416990319484,0.8012551623183698,0.49355421078151146,0.6730319360121629,0.45813806369484567,0.6576044090746187,0.40650865181344265,0.38443088605739084,0.3179615840084509,0.5861760529528057,-0.012996254065992835,0.22419154084547557,0.13327357650585536,0.25792424672978753,0.3967629330998255,0.10367184766012037,0.1757425967911115,0.4718320379127004,0.5368376388263446,0.5618340862595563,0.42657424885630185,0.44120297009646114,0.4520501801047409,0.481902817048296,0.2197818156016069,0.212571295762097,0.19869570736464162,0.17267792360836917,0.1274015025899875,0.4523781673185857,0.27986828586359674,0.1566804350322116,0.09099697236690703,0.04009243540018698,0.38806630916436513,0.3275638422361307,-0.1397596415036971,0.6646357473951099,0.715671244995401,0.5585337337558448,0.6831374283067498,0.6020861457442548,0.640366884748805,0.8458129619074437,0.2296421020149287,0.1405023966349561,0.29301710063066055,0.22650441001507493,0.38382223307812663,0.3632169034231311,0.48056352560381993,0.34455867980621085,0.41537851372541845,0.3429695615400303,0.4189834647341558,0.5287870870604127,0.4607724583222946,0.18673420547334574,0.3243069419067687,0.2549543828107219,0.4370635410437203,0.07045650522580107,0.5616645163647959,0.2616029145262972,0.21593367590739224,0.2927821048044023,0.45744945722766334,0.3647301845512214,0.17937687046461162,0.4317868655455221,0.32660920132026705,0.3621534392466142,0.48828861460257295,0.2621221721235917,0.36947989347506704,0.35394459705100806,0.07491221721598089,-0.2931733701986256,0.1541601328253127,-0.12159131988264957,-0.2607772680744052,0.31114909266536056,0.17342242090027374,-0.04948540120984914,0.3768931898957282,0.3571171474813965
-0.3206045841135644,0.6819056169721093,0.5262444011951865,0.4509853790602053,0.724385141350871,0.47710782478510566,0.8940664022170529,1.0,0.5427567058948387,0.2874538439793687,0.1897045207996022,0.39472458539471417,0.38698129062481523,0.4314857875700672,0.3632886255971088,0.6478424696096925,0.4960421573309517,0.7507170945654696,0.4230270463616222,0.6151691073290022,0.37786905953279637,0.36364941423535785,0.25339990909829047,0.6196950707743287,-0.04635515392807386,0.30948109087276515,0.09367282392420054,0.26391048036840764,0.42134833993947823,0.005887602792586841,-0.018486558478169136,0.30593591000885406,0.38931888006080473,0.5172631949615049,0.44949672480074615,0.40483699234978154,0.5113848490690152,0.22545000638863164,0.020782543328927563,0.033043334358511,0.1783940181324349,0.02962708432567107,0.02430942654042493,0.35736639605811116,0.24071562715520364,0.034702695628483694,0.028064822456789842,0.015434722283161072,0.44467686208186835,0.25905178898965986,-0.11893546065386551,0.6414594022455585,0.5999608522550965,0.596777099341388,0.6290076591290417,0.4889458273780954,0.8033604890654893,0.8507126130914027,0.19981037155188713,0.20909006934164526,0.3342744515162903,0.3249527454088842,0.36440693909938066,0.2897658768502348,0.4083091082292931,0.23912208402420815,0.34984562786994944,0.3773511216725118,0.4598372954106694,0.5996021857364726,0.4169726322452317,0.2098412826197286,0.27366316086918524,0.0740304146790117,0.5042683984183366,0.11565037688287429,0.6105602233323172,0.1840950110229507,0.15060361178597084,0.2522260285016486,0.5575897427822275,0.4286712544310011,0.13747878434067834,0.43837182766295174,0.28162409788306175,0.3106361870495096,0.5501227301655784,0.2592889480570161,0.411168406992975,0.3241351038791822,0.03133042605645714,-0.44213206493625923,-0.04611648345185637,-0.2445349581148268,-0.347813189954656,0.20809884957100597,0.08604452595638973,-0.08646830198260165,0.4132300548586306,0.32567844062733836
-0.12121643860328091,0.20113373563986964,0.27056273244604406,-0.0682342749155436,0.21179829600391098,0.44237844325070524,0.5676960534851274,0.5427567058948387,1.0,0.0365494921675136,0.20597489820269765,0.27963232268331156,0.2060190083629439,0.29505064497428996,0.1668905313923624,0.29932874572912027,0.25411586350032195,0.3340831369819483,0.255214114733864,0.3233681337674515,0.05742938471021869,0.5711334321038732,0.22313469308285883,0.37590178948139974,0.039562449133965616,0.36435129570251384,0.22920701973991894,0.35483525057483295,0.38406863018914583,-0.0020783140846001415,-0.054458249115664575,0.15768264004807672,0.25147569962230854,0.47731057897003215,0.6757963533379591,0.3508887627080535,0.42537198751877303,0.060412117231715044,-0.009345513052191182,0.13176847591037494,0.1910236831701139,0.051237975646811075,0.07382482559359697,0.22717339913618032,0.32934318608707674,0.07516419779084213,0.1906674048044746,-0.009499339343753431,0.08911499738471075,0.08033607307163702,-0.022171042173280923,0.2694759604030298,0.22819710082037395,0.018277130425075536,0.3917217246804175,0.426851971827882,0.20320152950153442,0.6524685801793197,-0.129480749197497,0.15793504186290852,0.13265762651627727,0.19811073972614585,0.3085716091428827,0.14341318659587066,0.21000276241471005,0.06683665139683434,0.37804069270650914,0.21435405808681168,0.15112774457196698,0.17881210411082976,0.03389757672015891,0.3482662036721953,0.07184361981645887,0.13726408382564992,0.23968358932719333,0.09600560842484356,0.41608906463717105,0.2501097184213882,-0.2258999338098795,0.12334117584686986,0.275873738849971,0.35793980798550223,0.3522024221678645,0.5829882899125999,0.2546083289290573,0.4172926824879206,0.5295871426247404,0.44143614098757467,0.2364809917175279,0.33190381619265585,-0.009874371733598546,-0.1466424779254351,-0.036229920362390124,-0.2405254508370769,-0.09308540593740977,0.26758888473281456,0.13330247601860776,0.022195941945339873,0.0752277593118778,0.3302107921807425
-0.36613168114854444,0.28282968852367935,0.3076638226867987,0.04448187279905953,0.2350326046209704,0.5359411828146416,0.36560409162015656,0.2874538439793687,0.0365494921675136,0.9999999999999998,0.5478674054680772,0.7300435657971514,0.5777896382679583,0.34693341378041154,0.33389268623770024,0.31379412004446844,0.4847684297034659,0.31533998141879493,0.2067824039471089,0.3552283097947148,0.33092004968592686,0.2582612821232786,0.20397032577783908,0.4557120557807006,0.25289096890774976,0.43406231057783323,0.3553309590169067,0.35743588628762507,0.26403193736699476,0.20514537439352884,0.27166563241637903,0.032971983877740974,0.21668900721656006,0.1792084002977855,0.2408811184609424,0.033483632895356594,0.1739600658154674,0.5147918218924519,0.6090892446840301,0.6987614579594695,0.24113931585932058,0.4687564701173122,0.4460524205194736,0.36311546063875844,0.3211429809961503,0.20999922164424262,0.19141595183466628,0.09752795454536083,0.1958339816265741,0.27373977605754163,-0.4256572759538947,0.15953168831773906,0.17337682506741178,0.030835802396229406,0.3926859982977462,0.5473407644064747,0.07571486927909397,0.32749728866264455,0.6608686305567043,0.47607872106465393,0.5129139527026908,0.37355371099279167,0.4052453811792679,0.24324383768620286,0.256064802719134,0.2928626034489464,0.39852570726714837,0.15362046202284754,0.06490646352684876,0.1785002744952914,0.30694963527906777,0.20105581455406593,0.11728681158627263,0.6714005612275769,0.4444698737016599,0.09993442070682856,0.29440780446700077,0.2862132536489374,0.25349355979522814,-0.172018547373185,0.18437548375641077,0.2683052385087563,0.11433263388149063,0.3314441822457295,0.41757745746024033,0.21739916240078053,0.2673697588104835,0.37862686652493155,0.4204925896365893,0.560328364085536,-0.004102382089046916,-0.07241522735596044,0.6741524090354,-0.08892682858853615,0.011014898517435864,0.5001338043119579,0.30559679825789754,0.15906940952931906,0.42263987834546185,0.4026603435516593
-0.08596502553063572,-0.11577144229032,0.20061545300713046,-0.3380791726929131,0.02145541117411756,0.38199719993526793,0.0978857237705174,0.1897045207996022,0.20597489820269765,0.5478674054680772,0.9999999999999996,0.727921503374758,0.6292052652966647,0.08390431468257659,-0.04418610673693977,-0.04688352942981113,0.1308245395597628,0.1604742302487387,-0.1658084148552518,0.10002306334400694,-0.13993838657084207,0.4035015839007852,-0.037931724184279085,0.23575053318433167,0.3419578084827762,0.722084041189295,0.44045862135741287,0.42597780853534606,0.2895511145730605,-0.14937653590482897,-0.08881376092408821,-0.3512446644628024,-0.20481683901854983,-0.039060632191507266,0.5471142513770526,-0.08822270592419859,0.20472670315353989,0.026794780758517718,0.2207316092830176,0.48006375423320824,0.16905982054301022,0.36638770274510507,0.32562456715078203,0.31146702834950174,0.42743891526366257,0.002365356886690545,0.04228271542276967,-0.0439160718812636,0.14197772122294322,0.14776606032249925,-0.09871013772840208,-0.1281884370210971,0.05307708175529891,-0.2019153513116765,0.07627074456931549,0.3743968500207558,0.1002830559826419,0.18842540648051953,0.43878034745295624,0.7401851441108409,0.5452927195632092,0.5326626861565555,0.2694681983164417,0.03191546536249615,-0.0846429124825458,-0.12230009199527797,0.5125747452202764,0.0762025742166203,-0.13531420219800402,-0.06888872775688769,-0.11057986380378265,0.4080986168704153,-0.2953452664735517,0.5344694731569959,0.4872564477679909,0.31500254463334626,0.2391391652710492,0.05505947671748757,-0.10097928920103302,-0.22632642376946885,0.08200881308788956,0.12444186963329695,0.24023949012937676,0.4060208787210759,0.36959597638653374,0.15201225771657004,0.3160195538402026,0.4376237336026468,0.45148510831510646,0.5861581819064298,0.05831934546168286,0.06656998838844555,0.30855442316872417,-0.1914854942166046,0.15000912350322804,0.5358110346295935,0.18420762207540395,0.1442111817351142,0.3697379098248435,0.3435614499151321
-0.33379034312670675,0.07743924322455241,0.18131045405168436,-0.1906353972577767,0.23210834451314322,0.3701453075508288,0.34725993311804443,0.39472458539471417,0.27963232268331156,0.7300435657971514,0.727921503374758,0.9999999999999994,0.7579075871050507,0.3146848434113308,0.17474144243142056,0.14335432207443108,0.576710014405936,0.3914786970659574,0.19955517539796264,0.21736022899383797,0.05673185769263055,0.5097405927262867,0.13677703017471926,0.5798997272442332,0.285673296907184,0.7975971877288087,0.435299241660066,0.5045942454358413,0.43388860692154807,0.0430953986586442,0.049371590043474196,-0.12802803077359506,-0.012667542849379496,0.2714099552062926,0.5615199665156648,0.049277081698141795,0.3659371746511665,0.24645909760499463,0.3259551482327202,0.612248912880501,0.2707118053398034,0.46255142092284945,0.4624149215823609,0.4597040049467317,0.5320672167610764,0.1675698146394607,0.10379014097468969,0.0052531243378831135,0.15409803530665328,0.3116121919545159,-0.3244762120045064,0.026187438485808807,0.18314829684302128,-0.11908423907238312,0.19976766000361604,0.4324004080478826,0.12039027727548302,0.36277727431991025,0.4073876370520263,0.7185646160094025,0.6423028716223558,0.6652608087667844,0.6049153553322394,0.23880733765184675,0.0975349121638637,0.08091965233898205,0.5875315246451532,0.32590004872024797,0.14823558431180997,0.17757977957671334,0.014997380521588841,0.6174537886613924,-0.0010787981696176528,0.6561547872100516,0.6010200600038609,0.3285832238669574,0.414095193835559,0.2822096735084143,0.022816782835272584,-0.11759817964020408,0.3926327497088993,0.42645127986853876,0.373458158071981,0.6464205071706222,0.4850290692921319,0.44251220009965864,0.49278685717082926,0.5774656758918884,0.5341454767554668,0.7422184028195818,-0.09142956368247603,-0.155279642239962,0.41475045720986625,-0.11803346087503602,0.16509562898637847,0.6241947653253256,0.3238214760694071,0.17507193929000908,0.41897079704435675,0.5500975881641614
-0.2200747266368456,0.17861611808141037,0.333160406340131,-0.06816409112319946,0.2824791925103145,0.5052589776916209,0.3221942826002335,0.38698129062481523,0.2060190083629439,0.5777896382679583,0.6292052652966647,0.7579075871050507,0.9999999999999998,0.3849395531099274,0.29038784581547705,0.228111254715069,0.528754630820547,0.4066571594196175,0.1846586200863769,0.42913385687810535,0.13445217692433042,0.3482246964877267,0.1807590039696064,0.41038170415573616,0.04609453907179613,0.5084946720239557,0.5614533428511325,0.5712730450300681,0.6218129654205331,0.09700042683519335,0.1666250452293628,0.043176450445867355,0.0402691991871141,0.24591913667041523,0.44213414227445946,0.28461444564129607,0.5163449896502866,0.3086050625805812,0.20394502669189415,0.4489131154106492,0.3515761760990965,0.3883073372134391,0.42780905002243325,0.5487005622374824,0.6565458462838419,0.3330835348471964,0.19920314932508973,0.2042530938338314,0.4909933038250404,0.47180150804286747,-0.22876224378069684,0.14453886563190266,0.2234099208726025,0.018200245754499918,0.2707189433057797,0.5430810378400669,0.15474182589094876,0.35834338563943774,0.24328676744060312,0.47999022845319184,0.5369859292209898,0.8584126199779257,0.6726059776907851,0.3961974523708205,0.2243872695172598,0.23962082290173053,0.4011634390973614,0.35011212174683887,0.120545017878376,0.1738526249321046,0.17550711531811047,0.4507521138669264,0.08550730708621364,0.45734253149999626,0.4480796958669362,0.11882330315604502,0.5712394519318873,0.30199121633820986,0.11146484223844476,-0.07878078401973664,0.3159023796816214,0.3679599773311927,0.347779119369528,0.4071877318858148,0.6028289046455229,0.4123949272551358,0.5693881700478127,0.6021942400108306,0.6876687227937383,0.5723793078919296,-0.07521982627222039,-0.24419813821842407,0.22329717635373114,-0.03818066903547571,0.055825038095603095,0.603145657389802,0.4251571362770341,0.38158253714480567,0.6973981815045286,0.5574412371503502
-0.5463295878524272,0.30349392962957356,0.09158510116279328,0.03732298724400429,0.39710727270050217,0.323709210761651,0.45919927210582573,0.4314857875700672,0.29505064497428996,0.34693341378041154,0.08390431468257659,0.3146848434113308,0.3849395531099274,1.0000000000000004,0.8541032500450179,0.33761393102716003,0.6818714244179688,0.585534484767357,0.7429879404129428,0.6301643490467997,0.8262604942241355,0.31592514653275794,0.8384793248491053,0.648508640640933,-0.32352555341689065,0.011229780957971459,0.6276695053760427,0.6834983104044806,0.6811153357498012,0.7681389893803882,0.08284708258876848,0.22945886382615377,0.3569672392624424,0.5584942699074389,0.32615450151833053,0.46580111395906476,0.6065143554818672,0.294670646431947,0.18797127297192415,0.17600848955970422,0.41540723004944463,-0.04932192872134931,0.2334152333909825,0.44843939755975865,0.2756050678660593,0.7321720395760836,0.5829219656915908,0.6578882726161605,0.31046612500894016,0.4901623084231707,-0.4646557626327039,0.2813838977559596,0.15818298671752992,0.12545644921680416,0.33768711303171517,0.38855934672991393,0.12490496595438552,0.47255726787362623,-0.01768346931181635,-0.009909408982281525,-0.08208106836207682,0.2396225226139683,0.7578022995451624,0.7889071618414949,0.8435730385598875,0.8196530283384261,-0.028546274937950752,0.5713603480063417,0.4797777341508364,0.41025894030189214,0.7356417348545685,0.26252885244527463,0.7214256660866769,0.05820908587089669,0.42785952795321347,-0.351811183657186,0.6653909613411636,0.844559175573069,-0.0049417497398293025,0.044667720364942994,0.4183279883736168,0.2632017843915438,0.07761814474631563,0.349312257531708,0.6008191496259145,0.5383684066925574,0.6138381364091671,0.6307851254632437,0.35522953653654954,0.16556763884147957,-0.07938152094542726,-0.5809464658229058,0.07956663876400558,-0.20861746604011253,-0.24852393057810232,0.43105672779320614,0.7013633951111117,0.64365343660496,0.23606340004228615,0.45874022842438217
-0.4334806094038004,0.41938811059363795,0.19285775162757177,0.17708439635590245,0.40150081820389205,0.3717947354804858,0.47107416990319484,0.3632886255971088,0.1668905313923624,0.33389268623770024,-0.04418610673693977,0.17474144243142056,0.29038784581547705,0.8541032500450179,0.9999999999999999,0.5224336474641518,0.5172729528413134,0.5401861200648796,0.5327021361542575,0.7908776174003521,0.8514577838724431,0.2172694469869057,0.8514317741278258,0.4024031087693054,-0.4373457948429801,-0.1963031099145561,0.5259645937952011,0.5823304387878768,0.6691490807297742,0.7320645326732205,0.2966578862241162,0.4156189545228976,0.5773915906039133,0.5343518672003679,0.2522604543480202,0.45102636868257684,0.47409823537560564,0.43539700945737375,0.20581750541886973,0.1631642153693652,0.4093006274099965,0.04348417611564757,0.2735981611692722,0.4634594530091427,0.266952123615161,0.7402856302650721,0.5837276419180295,0.7213130585389429,0.2822325763977304,0.4554958882089757,-0.5385421095212309,0.35347173668799803,0.25743092139485185,0.26063752228611614,0.39921342054519526,0.4192399815087325,0.07391347930595346,0.4211398707814066,-0.12543580144779318,-0.20131043735765825,-0.20412656142796193,0.11223880924727149,0.5923465897577588,0.7913380001665018,0.8237789454999507,0.9668021875229319,-0.001541382000366247,0.33656849592473914,0.34005265832322196,0.4630671954598619,0.8420183708272686,0.08591131147200867,0.7611043563581332,3.510647193165368e-05,0.20197019147092843,-0.5016773971586378,0.7055334279494512,0.7537553966140849,0.17819210909817979,0.007943888167561747,0.3144283452057628,0.3144957965557945,0.11964925892764482,0.21731288244044472,0.6481894973236221,0.5745483335449848,0.46998512522548735,0.5302506277328836,0.4316411256843219,0.15598264323556657,-0.13781427477106242,-0.6291540203134361,0.014296469152384998,-0.05182619437950831,-0.2806138669530696,0.3256553085744185,0.6880927204933567,0.6846632721569754,0.2566930854634913,0.4123390714558868
-0.06295348317576704,0.8678744523158007,0.677147541747564,0.625315034067524,0.49656699224274925,0.5666586571241988,0.8012551623183698,0.6478424696096925,0.29932874572912027,0.31379412004446844,-0.04688352942981113,0.14335432207443108,0.228111254715069,0.33761393102716003,0.5224336474641518,1.0,0.2958273234989507,0.6430789718830097,0.2260735426349863,0.7739129904192609,0.38052541331629697,0.2852792811307534,0.33615304392217227,0.22578715879018846,-0.08466075564344576,-0.010874103580857096,0.06575836362185644,0.11759998659168153,0.3871433619122271,0.08824322170070036,0.45992914274996155,0.717469065647719,0.7370361694959318,0.5349836174668904,0.35832203369742016,0.47062955893654806,0.3074951847808759,0.5418380344218151,0.20131960951819858,0.16252411026701563,0.08652329406164148,0.14547756933277567,0.16915242042021914,0.41897262353757464,0.22626618598821424,0.15943549787275912,0.09441114941102861,0.1318176308277202,0.4324726313394973,0.3007031830723765,-0.019422819265976055,0.7914273637038999,0.7538444848563901,0.6739742771007508,0.6697572536849358,0.5754520783931413,0.5057436713770064,0.5756238230508725,0.07774886497160526,-0.1121916974898084,0.03894211507042148,0.08036175715221859,0.26275365542771323,0.37746957263159453,0.4400688872915986,0.45336072764297985,0.3044646731925122,0.08475834890168395,0.23094015624891942,0.5307144801060175,0.5024580689716014,0.02453943595563027,0.35944919819145743,0.19378717292001713,0.11817007352144775,-0.14776848778156154,0.5470551434805748,0.17685015879142593,0.436873564016553,0.24778637355133357,0.17797216837139462,0.3276766355806743,0.0729805362925612,0.26411661061132624,0.3948595232910444,0.39070970205716127,0.40018599181534925,0.17196040412373015,0.5192576738573479,0.2346050771209585,0.12866632084149657,-0.19644807324607952,0.13655398887076967,0.044987145865401416,-0.2583801409158297,0.23257329049865685,0.21386790960584925,0.08773907702786753,0.4744070577960333,0.36842021509052997
-0.636888953025852,0.2893677814221841,0.010217068798364027,0.13512568643474887,0.5561925445006987,0.17161448462803577,0.49355421078151146,0.4960421573309517,0.25411586350032195,0.4847684297034659,0.1308245395597628,0.576710014405936,0.528754630820547,0.6818714244179688,0.5172729528413134,0.2958273234989507,0.9999999999999996,0.6136437648853335,0.8195781918559417,0.3692798831186709,0.5385808397560784,0.4667471756767742,0.49420515640171414,0.8344516170979224,-0.23222141565041848,0.19512204509200853,0.3946917928873282,0.4822999542232014,0.4225688972774337,0.447594040746856,0.021096683023447138,0.11234192923408924,0.2633254613363948,0.6553017151698852,0.3173433434309891,0.36826816717674643,0.5209699368779742,0.516067285308736,0.42826816923189187,0.369459799624701,0.5382830722166844,0.13303382130678576,0.2937628669405343,0.3671060852638032,0.27596224530223845,0.5375995300848804,0.412286401988762,0.3060665870678705,0.24966439551557904,0.5796644338643064,-0.5094466569378753,0.20764771418571087,0.3046288763725914,0.2333217217800977,0.30085942742887345,0.22006035878150748,0.2830288448223499,0.4979696565236175,0.13517064200088816,0.17771065516135826,0.17323432263479482,0.44510854362760743,0.7462230710210125,0.6006079725197909,0.6146645927077148,0.4553839856675148,0.25093833341998173,0.8125734424492802,0.7349137136196882,0.5965726594930878,0.4687832509651118,0.47489649206091034,0.5972114171753353,0.24177496561007367,0.636417630737824,-0.16570011440504748,0.4661279973934921,0.5354862252913292,0.06875423943129458,0.10672798064656006,0.6055350415467465,0.49495795693337624,0.1516650296089159,0.5701105247253028,0.44264885908538265,0.5155397182575197,0.4711096652007981,0.4866919746833033,0.2698463939468121,0.30000493301523146,0.09128012752573589,-0.3848889046218262,0.349763696372434,-0.23563599994698503,-0.16830654394327363,0.385845905271283,0.49205511910837624,0.28016061019916133,0.189091310205953,0.49006751996309017
-0.33862384633311937,0.5669212701077422,0.23383175232862796,0.29873752608170195,0.5615463476997444,0.24543306744717217,0.6730319360121629,0.7507170945654696,0.3340831369819483,0.31533998141879493,0.1604742302487387,0.3914786970659574,0.4066571594196175,0.585534484767357,0.5401861200648796,0.6430789718830097,0.6136437648853335,0.9999999999999994,0.5046898518561883,0.7093046808041086,0.550842350062185,0.4313008151336507,0.541923133563539,0.5776506130449952,-0.24539324840358367,0.23504910423868958,0.3829922521426919,0.4689771436844681,0.5827801400997248,0.30214226009766526,0.11220060902492741,0.2716907995660365,0.4825833397180988,0.7469216146438197,0.4878844000559969,0.46581173679506666,0.48659767282407285,0.3439868867874158,0.11047609390800338,0.09319825772401881,0.27635355384489946,-0.06617145553238452,0.028043842054666823,0.34835998771112026,0.23849966145318546,0.32159265114786845,0.2718166752671974,0.3201245437359576,0.3465464106995313,0.40188918177359,-0.32379583212669005,0.4693418637895028,0.5522030109016453,0.46210756361306826,0.37231587740263794,0.28075099989973074,0.6085171346107223,0.5782193340587125,0.0010114332959669393,0.05867169818147351,0.03196538451271908,0.21112913619172688,0.5540337501153342,0.5476947769992352,0.5532028329754937,0.4336173274955914,0.29314727583870986,0.49439108425747547,0.6053376193638278,0.8113779637054204,0.5777638040535417,0.24805284161103663,0.5155816877000947,0.12242714042364004,0.4147550319519343,-0.179002415368141,0.7078956190114083,0.4317418501167814,0.12368808662979343,0.2157988418259627,0.6060573066438345,0.5804030163275234,0.12062976225785171,0.45082468299330186,0.5642431376298714,0.584446317662434,0.5540207187608246,0.4519523209401378,0.5933128877565861,0.40460808414672456,0.07692007628776494,-0.431559429476456,0.08995381289289187,-0.3557244377057973,-0.48426047853831106,0.24447493310352134,0.36494062713402936,0.2695877526342604,0.3714508226450112,0.3926251583179274
-0.6783888137112665,0.264540671637602,-0.060372936071750746,0.14321224574738825,0.5061794130784805,0.07636773953097926,0.45813806369484567,0.4230270463616222,0.255214114733864,0.2067824039471089,-0.1658084148552518,0.19955517539796264,0.1846586200863769,0.7429879404129428,0.5327021361542575,0.2260735426349863,0.8195781918559417,0.5046898518561883,1.0,0.2999184310283536,0.6613162692868542,0.30668473292996823,0.55970340933854,0.7940629054837979,-0.3949805342739267,-0.07316259685214828,0.2748890336409099,0.36212412464793803,0.27238981550974417,0.5605086936636936,-0.015333872694458652,0.174463303472943,0.2032233491252592,0.6390480261746331,0.09620673924942201,0.39203028378029536,0.45352422547757215,0.37381753622865116,0.25405369774581515,0.08863789379505096,0.4052731666523439,-0.10498765152220722,0.0394541440734209,0.24922569647833467,0.01662230160853957,0.4922922728953806,0.3469165515486927,0.3653669611357021,0.22535289501836633,0.44082789248122045,-0.46484173082149993,0.20281757999158287,0.15722324475175997,0.22581213434308975,0.2923811090379762,0.05458215125940133,0.24478880401189687,0.4876388761115245,0.02109527892066381,-0.06451560501953679,-0.034061153866085374,0.12824434055758388,0.5868504845691346,0.5667057400063472,0.7437890094886389,0.4935179482252616,-0.09301011339860682,0.8050584069091106,0.7900999583924779,0.5313574465756326,0.56284088206045,0.24794025092336788,0.6806711794199563,-0.05759014764354194,0.5470276714766193,-0.30429681021486255,0.3156371109197537,0.5953649984998989,0.01750495337869799,0.14166189388689518,0.5554182354067254,0.23516179929545933,0.006011576777287277,0.271635942246137,0.19297661124111748,0.2919363054932978,0.359512631823422,0.32940619440189434,-0.02848863122951357,-0.05125667344220767,0.05463626899170693,-0.32993824047165426,0.14535851902642785,-0.22944101962990665,-0.2511451119145772,0.20699999740435188,0.32341346783416897,0.19033845870088617,-0.02056891164421128,0.2598095176405107
-0.24914758699539066,0.7140752458223607,0.5130247112262429,0.3707577731946576,0.550016558550548,0.5844114791071113,0.6576044090746187,0.6151691073290022,0.3233681337674515,0.3552283097947148,0.10002306334400694,0.21736022899383797,0.42913385687810535,0.6301643490467997,0.7908776174003521,0.7739129904192609,0.3692798831186709,0.7093046808041086,0.2999184310283536,1.0000000000000007,0.662419897733199,0.2430216618284439,0.6189201993886335,0.27487569270218243,-0.3429116208417692,-0.06982743190532475,0.43627547571865927,0.47185411284225365,0.7221413886343546,0.39171100549480947,0.3181353648560919,0.529588287574116,0.6574755237437151,0.5336171984067429,0.3935782183950303,0.5927412306997875,0.5102728600510316,0.4260099835880637,0.11413920579431958,0.12402347034482829,0.31723658716070613,0.073288262514753,0.15370067566962417,0.42946194380308,0.3293209159985171,0.44680325566472384,0.398078953440034,0.49179688983854686,0.5229087844971774,0.42473067547298043,-0.2555866417160177,0.6185019563641757,0.530594803075608,0.5057421350019378,0.6190826046706264,0.6227769522504886,0.39932575695970235,0.6241774592359425,0.013140027200291149,-0.09569522612650738,-0.02628558482553868,0.2141020992571038,0.4748685167045737,0.5828374533832571,0.6461753619037717,0.7287519203648822,0.22389679492038178,0.18817784734417184,0.22323240591232674,0.5479069242798021,0.7657320877837803,-0.011391767685419744,0.5312149157138971,0.10011254704420337,0.1453108490410041,-0.3586163991790398,0.8191359107767064,0.4642889206651915,0.25269945508998254,0.14552806881574998,0.25493316773894176,0.430052393380697,0.1372399674952036,0.214847628554931,0.6689326234002143,0.4913028007673822,0.5869001653139932,0.43130201922659317,0.7039664884231647,0.2949590043283021,0.041085354433332076,-0.4889204047015115,0.010981589981048553,-0.10464406098819848,-0.36415336088412276,0.2898953849765588,0.4715787947908209,0.4919882637433268,0.5753655075327845,0.4991476023833149
