0,1,2,3,4,5,6,7,8,9,10,11,12,13,14,15,16,17,18,19,20,21,22,23,24,25,26,27,28,29,30,31,32,33,34,35,36,37,38,39,40,41,42,43,44,45,46,47,48,49,50,51,52,53,54,55,56,57,58,59,60,61,62,63,64,65,66,67,68,69,70,71,72,73,74,75,76,77,78,79,80,81,82,83,84,85,86,87,88,89,90,91,92,93,94,95,96,97,98,99
1.0,0.21368153844718793,0.34620005307705437,0.27044552489729085,0.09713325732601827,0.22082217587892006,0.22542689522720383,0.16607879781739346,0.22337750959880895,0.13292448923724362,0.029530643286563636,-0.1282743270141789,-0.016267510320424804,0.03166709017294321,0.08798793678040162,0.2869929667123105,0.07704067708840583,-0.00017715350396783889,0.14834292748204095,0.14409453474203074,0.25406803113255816,-0.12080798774083595,-0.024834186816455432,-0.21368724754296559,0.24897201126160595,-0.14568922085022146,-0.15278279795679095,-0.1204621590835217,0.007806071117243541,-0.14966249839669038,0.0828109680080511,0.42009136386508933,0.2848232065464856,0.002921579924604641,-0.2260186303267268,0.10439996627878009,-0.02749233967532334,0.3843048131716782,0.1224118942026721,0.03912756538794357,-0.015709298628428493,-0.04976617465731572,-0.0824049471287633,0.1320312252655197,-0.020661886862727602,0.04042716274407481,-0.1659782739709004,0.10101404976307207,0.27107486514685564,0.1489283288707913,0.36153349123345063,0.2860228476855576,0.10724315844592362,0.10204742873968285,0.22227211294307603,0.2919994573570951,0.2368025393901606,0.28267320952725455,-0.14246836977900443,0.21989258302199421,0.017485254300386076,0.03714982872742296,-0.06371040158708478,0.0637733009195037,0.07977086379272204,0.11856027133063764,0.10661457371463212,0.04150781243372116,-0.04188605531383981,0.10255789221335139,0.23029122274298827,-0.15084805232231505,-0.12056056060488061,-0.14877957489160043,-0.06242744161777329,-0.013998302344611361,0.07867014276124214,-0.007428800519705186,-0.044344416931879925,0.1554412878648391,-0.1796105451623838,-0.03982163882596896,-0.07670003467529526,-0.07297845677445508,-0.10058129498972239,0.03286353470160595,0.0150649341840901,0.09064835519587292,0.21560784358665483,-0.11193281549939503,-0.1444573365341565,0.08221348650127212,-0.09502364548942174,-0.009404401895050823,0.009489409563620377,0.19316649693403948,0.11282251739594776,-0.02305306143564918,0.3683883259307293,0.16323402275992882
0.21368153844718793,1.0000000000000004,0.6584569511791865,0.6266562850628806,0.6587735565630234,0.46460559830623344,0.46803560399316513,0.7341018739435314,0.60138153610627,0.0036363936964048296,0.26356005471511135,0.12397234351135679,0.020418457569435625,0.13875430306025546,-0.11610637037451763,0.5558075330018113,0.2239992987165551,0.27815436900900986,0.2983848483254393,0.3075859696572664,0.24017551060971018,-0.2111212233247986,-0.1059416720781903,-0.07455154689518545,-0.10550888971561935,0.07115107912601178,-0.29567083730862165,-0.27648070111644163,-0.21405487874657175,-0.34560391992793704,0.0008362945572771792,-0.018412352941024567,0.06753376204951306,-0.21199366093818667,-0.3522392159992158,0.10567446537006135,-0.21461093077704269,0.07623744533754594,0.00653869775265969,0.08810080834603748,0.09990914849104583,-0.22416751823937328,-0.2687131547116593,-0.22468606896322976,-0.30752485114099865,-0.15613798756895833,-0.2099883208413915,-0.1851455282898294,0.36458036252123843,0.06057223977775748,0.3228896862023906,0.7263837816994109,0.5574792466861508,0.5921263449720865,0.6960870908882533,0.47435537065246974,0.7971897077161993,0.758438620552554,0.0031181556094939823,0.17083278768685992,-0.004367163272793128,0.02191456024111299,-0.09604315858765311,0.04904117159323158,0.11279629483646995,-0.09064163725739852,0.31982417583647127,0.06962911314695215,0.11073023724525245,0.35497397767678696,0.4792701338480939,-0.18733596694184565,-0.03225602859451819,0.13005758490089106,-0.06085365392937815,-0.19274665076640438,-0.06016246555388466,-0.30211465996604914,-0.012442514447671565,0.03294453571621123,-0.11598312394610337,-0.0663010952337365,-0.19440104901770258,-0.13032810249974938,-0.22759938336949725,-0.12152589013118602,-0.23761304873666717,-0.3087097203986751,0.05917887402592691,0.03540850941543229,0.06365698146711576,-0.0030977732236464298,0.08979250161808952,-0.18274174803212634,-0.0673312025164358,-0.12501851862573735,-0.08263925402037198,-0.13448945231113774,0.41154134237571643,0.1622976412354668
0.34620005307705437,0.6584569511791865,0.9999999999999996,0.34064121012345283,0.3758787561610397,0.41875379412697894,0.47307020436845326,0.6843817873092368,0.6124732658770868,0.039575348428297435,0.1946288445973196,0.02008845789339905,0.03639624176388197,0.1460277011570374,-0.07793660249733693,0.37867192721459425,0.1783482813652736,0.3098090901465385,0.3739087918636456,0.36497867124263933,0.28657239431016795,-0.22081191522594945,0.028280196900413942,-0.04814419850422723,-0.05070535098986077,-0.04285437972404366,-0.1440262897702218,-0.21635944705790977,0.05161272177634067,-0.1845236032168202,0.08248351799030275,-0.054672265141248795,-0.03924729728988516,-0.13520093549716147,-0.27366366162117894,0.2629549987441277,0.14497207623136932,0.11103832463880678,0.10492566618761988,0.21037942033926196,0.04103091904167371,-0.05354669501320659,-0.11727256844962135,-0.04513454868433628,-0.10040159628769393,0.03091567557751307,-0.024490235733950212,0.04328709071149601,0.35835767417331094,0.20290756802643925,0.3291052362513674,0.7516808030073573,0.43889723295806987,0.36398942911374205,0.6009190447572446,0.6244491738534357,0.6826878009808468,0.6730869564593598,0.0387657466373753,0.10078509177777945,-0.0009956639019108899,0.0714062697445008,0.019167288088148715,0.08652371850971365,0.22080464975994424,-0.06952149154938207,0.3384704204743634,0.08613237540380782,0.14112120633835334,0.38912937911439244,0.505450296102107,0.013244269535984225,0.20538027883891916,0.1614583229480057,-0.022972569320284682,-0.14452827788900047,0.16104963053390556,-0.06327859769864416,-0.030590907399027516,0.037648625514201395,-0.09359596153412948,0.032201470975105465,-0.04936777599003099,-0.03858079895320451,0.024773577151262285,0.09425260456559355,0.12016505080934342,-0.17156382441592685,0.23382380399657085,0.15764392163209964,0.08447262840047845,0.2243222250370761,0.3199195999752405,-0.1300967004781475,0.16610711707970593,0.04412748709629895,0.1147378196427957,0.01633390354322627,0.3850865661700534,0.24652794616079032
0.27044552489729085,0.6266562850628806,0.34064121012345283,1.0000000000000002,0.6307721988825149,0.3810712838705177,0.4059801137021608,0.5671634687187717,0.4515101291214071,0.1883176717436609,0.19885733497200758,0.20999498367086028,0.23496524556423498,0.14321515849355124,-0.005495261245097842,0.38596162660229316,0.22291336329689956,0.09776970735282609,0.19433213907485575,0.15160370913521304,0.19174101327563653,-0.1013237637680212,-0.13656323684870358,-0.09685104403143768,0.060331539787813075,0.14598702473399505,-0.2771889651451403,-0.06875154257577067,-0.09973108780516625,-0.2608278980640431,0.07520077724867491,0.03722067549172819,0.14214705447564646,-0.08346836037400632,-0.25888632688168284,0.14213104007697536,-0.11266924152810674,0.1741950327894946,-0.11153392122610581,-0.025353172144423387,0.08627910751540013,-0.055172921880620784,-0.3136653148155128,-0.11286421109006088,-0.2164016729932561,-0.18815908170680354,-0.3388558921636695,-0.2543660232416937,0.3216617997978235,0.06739298806770534,0.1498688180388759,0.30090297440667463,0.21250827687858428,0.567430556712917,0.574844851652223,0.3528815758603591,0.5104800174327965,0.5700796976452978,0.05167250934362055,0.36398907758491095,0.250836261889081,0.18721492611668913,-0.025743801274001776,-0.018259833422835253,0.011419703084537724,-0.06432667197432328,0.18811394514302918,0.06686093282523987,-0.04145713290628813,0.12775881507936104,0.31845720978215325,-0.26103339715282053,-0.08631517093171176,-0.04889538129409632,0.1447711033573916,0.028223920003681888,0.0017643147653290127,-0.06746869155859059,-0.12482291859525455,-0.12106397697354697,-0.0377464891784871,-0.0688349086196048,-0.20829943118190092,-0.11451611926610063,-0.17321683536192337,-0.06902587004908209,-0.1446021020909958,-0.033916581202652396,0.061305163983564205,-0.01874585583300201,-0.23121561730634088,-0.15246161830512533,-0.21462696752828203,-0.007264991290337124,-0.1757523764848664,0.013228752233288217,-0.11088170858231677,-0.20939622927395227,0.3579461238363656,0.14683863215568013
0.09713325732601827,0.6587735565630234,0.3758787561610397,0.6307721988825149,1.0,0.6977806738746196,0.1572964268407237,0.5311894505210841,0.42359126991380236,0.07167836109185044,0.24105203194158029,0.28752309312371377,0.006575447715051072,0.041353678175349545,-0.31142797749484896,0.22743660034778493,-0.0903208661546575,0.05809396397910726,0.06987395974296522,0.05343645921321979,-0.13341081288687262,-0.3130005528246698,-0.35696818090878996,-0.08996943126070682,0.02449806775863596,0.21220020010570495,-0.32115429048627536,-0.10462391644961098,-0.21551173046014518,-0.11774878673602379,0.1137370929138439,-0.06615016831561782,-0.1527111710227382,-0.34646879636918787,-0.3933680478452263,0.13978410305731404,-0.1146224327600133,-0.10058557611170792,-0.05608053697032776,0.00735650826217239,0.06923406532225246,-0.1712193027810925,-0.24179704580145717,-0.11184423652800929,-0.29433965290352776,-0.13075524738339153,-0.17948268420160404,-0.2504359922943307,0.27006422988438944,-0.01646907369412642,0.2526271580127821,0.3856943301422765,0.4531753337507235,0.7684658598402496,0.710807764452802,0.37933193575816054,0.5471141079282793,0.6166485018419717,0.32034780311461974,0.1146438665231606,0.028512917039520712,-0.029198223689364956,-0.09322011382823533,-0.1674208461698004,0.006934493617519536,-0.280485221695192,0.16751738900474666,-0.23193663683069934,-0.19071134746081533,0.052669083575429036,0.20645166482043287,-0.20908678840318493,-0.06840160656311639,0.13265267985429477,-0.1160628683196444,-0.1272208186468482,-0.07715053729695323,-0.20529486803864277,0.018910804880815597,0.13914973096908614,-0.14033427862101674,-0.16253883008117664,-0.10889899220081152,-0.287449024202686,-0.3343740804789076,-0.19802085245315929,-0.12827099330581046,-0.26315575150594356,-0.09219585277120342,-0.008382275238643403,0.242754060142949,0.034625215016002256,0.07274142004776815,-0.16184838457976947,-0.09210108853586813,-0.08799853544822647,-0.15273679676844001,-0.1443253259672726,0.25338648400014346,0.004774335063028484
0.22082217587892006,0.46460559830623344,0.41875379412697894,0.3810712838705177,0.6977806738746196,0.9999999999999998,0.20090420755272767,0.4258729649001638,0.538465532678641,0.16024458820346688,0.18344771107879573,0.29084995264174907,0.05205590703235605,0.20618776217440754,-0.1253711880283873,0.13390084403338096,0.010819193845890402,0.06323288269782337,0.3144042058176137,0.14495329868660697,0.13338120864666,-0.29413848938767917,-0.33660508865177025,-0.06383508988727092,0.08632611536906898,0.17856167816716417,-0.2818228146659194,0.01684384123923412,0.039311422573220636,-0.0775931251698862,0.04549731389695728,-0.08455212434544483,-0.1777470940754446,-0.31371884648067483,-0.45527472932061847,0.2993938569487704,-0.05151247022130698,-0.1727367054816688,-0.14632938408975896,-0.07636991748437945,-0.13499843811582832,-0.03701043035278191,-0.3307825606871636,0.010510419043211105,-0.31536390532582836,-0.16809352199692093,-0.2118666660590175,-0.23216502436224504,0.461326179399114,0.03320765550820893,0.30727318424951056,0.32383509166370555,0.30912635409047706,0.43728082677951663,0.816358540651032,0.6454157207325943,0.4773258338114958,0.5999903342887655,0.21375880118662852,0.16342792948230608,0.07290194528742262,0.07878835790534243,0.08863772400548704,0.06676951427972178,0.22829721137309864,-0.09395601317816882,0.21021597205913245,-0.03897919622376378,-0.04420666838650733,0.05547250967396624,0.44396144019266776,-0.19258610064276735,0.004011237016967462,0.04450882067282959,0.019793678787158285,0.016876756241772595,0.19651632041430853,-0.009624543294095933,-0.09952580701030432,0.0518621774756103,-0.15429214580904263,-0.2695390415705432,-0.3071085614833207,-0.14746853820741462,-0.2740291309098498,-0.2459140804355281,-0.04237517435383298,-0.13022496653122073,0.08670313185415601,-0.1494493030367426,0.104281392198301,-0.07486531065804755,0.024864684994757167,-0.11449807151350391,-0.079334102573564,-0.08941703530512295,-0.21609187367436725,-0.193041423417542,0.5101664611702077,0.05821309208679438
0.22542689522720383,0.46803560399316513,0.47307020436845326,0.4059801137021608,0.1572964268407237,0.20090420755272767,1.0,0.6925106867091197,0.4031067655644115,0.27291810714895737,0.13384903784899074,0.15207491031574313,0.14541298680667336,0.07099532446536753,-0.12551121415189795,0.7118686711780186,0.3037881980264562,0.44682970071193684,0.2902160040624571,0.254579569479268,0.39900559534731084,0.024238436251824303,-0.04703838050736034,0.17703573116524923,0.15415761634052583,0.27302502974296766,-0.14424905279505104,-0.1533905861262872,-0.13687608021578646,-0.2313311508726147,-0.07053297837545096,-0.02218901781685912,0.18324675682002783,0.17480226213064604,-0.10393496180411146,0.1804136105410604,-0.027396825867985607,0.23642555563472137,0.009421125881623471,0.44746445154281694,0.13117923458599912,0.047733442710267165,-0.2103958740035305,-0.25720422275128707,-0.2872887507080429,-0.3252128534367451,-0.2197449367913115,-0.22052856558948847,0.10320410568512578,-0.040386564228967844,0.1581205737954105,0.3639922645527885,0.49917404966678025,0.11004186258778349,0.43874481399625487,0.44645393516369997,0.6363144525169695,0.5324799246134075,0.08899929279836913,0.3617972837446728,0.28352128920435965,0.1251145385796144,0.05977331855692116,0.09958180163579818,0.16269193619990777,-0.193948583584494,0.645935095350445,0.3280458355278744,0.30721919267906417,0.47655386903674074,0.4079680475589132,-0.051125859678845045,0.19397814690380163,0.29352846676378697,0.39446595215872976,0.15579715221987991,0.07993563525812974,0.044646687113783,-0.15321985027505972,-0.14295032349926295,0.12586769312993593,-0.0005533709722967833,-0.33137050549104513,0.09581940177101834,0.06150398632077377,-0.0169627087002571,-0.08266793559662007,-0.10571971068893458,0.049402125790849793,0.08099364944082332,-0.22422150018761733,-0.08772448630123073,-0.07336823138273135,-0.10198905644333305,-0.011538872324474174,-0.2503032378914224,-0.2102328415929003,-0.2223916957459033,0.18309918224102947,-0.021865304451044922
0.16607879781739346,0.7341018739435314,0.6843817873092368,0.5671634687187717,0.5311894505210841,0.4258729649001638,0.6925106867091197,0.9999999999999997,0.6859132312991377,-0.040629505527290555,0.11602523526065338,0.04550482827459353,0.08197623341094368,0.1388036535090856,-0.15920314146452905,0.5728728433996021,0.2263666860420123,0.4609345059987835,0.3281171494728214,0.3458569858190108,0.2739960159724836,-0.22889941589861862,-0.1369013212460828,-0.11576829477116996,-0.07358572123473281,0.029106045452553964,-0.2873043278281933,-0.2815903941431851,-0.13851925767798606,-0.2587536290404211,0.09496128723264129,-0.10685282110212774,-0.01450846850627044,-0.0875034512354475,-0.3547957041876903,0.22507410185073853,-0.09142230439539256,0.10610345245719609,0.02325322564031548,0.18289000439174943,0.058897397022465554,-0.02997325616486724,-0.21799740735833195,-0.22865975950311174,-0.2658064977784257,-0.1382129787085777,-0.17122836090693488,-0.21696168511304498,0.22886179394729217,0.05106543885157798,0.22220011096449077,0.6060333556381927,0.562461297137693,0.46206391512863326,0.6341523910825166,0.5423927249986549,0.8266644596151834,0.8238650194023156,0.03260831753040188,0.1211678316453152,-0.005432569121673712,0.09336335135962635,0.014946021261603186,0.034315443102923525,0.14117716035908098,-0.16993326750306978,0.3805753538702714,0.14921645250125462,0.15230707723123504,0.4029000979526314,0.4752743226272367,-0.15314743831450212,0.09314467172847675,0.09721609001276739,0.003872634600237925,-0.10854762568045942,0.041022200318111914,-0.11357809975497662,-0.027544335272024826,0.012835679109245698,-0.1407833847663285,-0.05385110336167366,-0.21715520228853097,-0.16010041664395389,-0.14397747431020816,-0.13997631522885093,-0.10984862431476798,-0.2131036318885471,0.06479257478344246,0.015734278118500453,-0.003505948546381733,0.011368302721178999,0.15721538168371677,-0.08021063817690582,0.06786818362806063,-0.0905580152850364,-0.043604739530749684,-0.2690905078819883,0.28077858289421675,0.1147440013165933
0.22337750959880895,0.60138153610627,0.6124732658770868,0.4515101291214071,0.42359126991380236,0.538465532678641,0.4031067655644115,0.6859132312991377,0.9999999999999996,-0.03268375223541256,0.24748101041253273,0.16334324656138355,0.1733024369701589,0.34651887169017703,0.17266728773914272,0.33500343821515854,0.36651237092494227,0.3152227251835155,0.4994741598877382,0.42496818576114415,0.4849285903691113,-0.12717517220088123,-0.03711333601567117,-0.06742091284584559,-0.11987819564762352,-0.09214152903800157,-0.3137337203234537,-0.26680509888045,0.1061528623425799,-0.29139060120707494,-0.1599382734611549,-0.10935020036341198,0.03763244425012869,-0.044297224157993406,-0.259482551058744,0.3179692659546613,-0.20824280403293227,-0.005191413239129932,-8.19855370996555e-05,-0.0026743112621590006,0.0248802479090137,-0.1530144642511105,-0.13070328038010603,-0.2637280698799519,-0.31997404270281665,-0.15217336206043633,-0.22312658950106543,-0.18629121436088014,0.3883042698918408,0.058756188728537995,0.26701567477698795,0.5907851771078789,0.29507863277285856,0.3295670758578912,0.6999003090333916,0.7451734334930299,0.5866409734205523,0.7928080918262194,-0.09624423084232869,0.186289082778395,-0.014901397749286395,0.21109090199706534,0.1969143574037849,0.354261793541116,0.38860085590864485,0.19192158015684394,0.24416705492328072,0.23070910282385154,0.18622537047683418,0.2867046624291319,0.5998226991297916,-0.15514408276294658,0.034402434473329295,0.015348541740111224,-0.044968474431958144,-0.16342650165075728,0.13127726699694428,-0.20624044762670773,-0.18611612774990643,-0.0677558032319826,-0.14966386579975158,-0.001663944785973021,-0.22948226458718007,-0.2012835677414289,-0.27546303020897694,-0.05826987053021749,-0.21549735571689155,-0.2227114645765117,0.17717986325109905,0.02626637227130783,0.006121787304501267,-0.05488352224205848,0.16438015813243775,-0.07078178780828417,0.09952936014871244,-0.11380310570605098,-0.02702245020514911,-0.1703791650139518,0.4730841997273823,0.19876823104046457
0.13292448923724362,0.0036363936964048296,0.039575348428297435,0.1883176717436609,0.07167836109185044,0.16024458820346688,0.27291810714895737,-0.040629505527290555,-0.03268375223541256,0.9999999999999997,0.5099956715078353,0.5743247458999348,0.10589511452140327,0.13188198481569768,0.07720809434241681,-0.0052239317175775445,-0.025647097559681083,-0.2863688074774725,0.0770543718260805,-0.29833972897443545,0.20539447892285656,-0.13555854494576408,-0.19785056136566553,0.2731118275065839,0.6870309703377897,0.3379602927401855,0.06356474764405494,0.20845355137692007,0.2020324550197161,0.1070050137540536,-0.0378200962989994,0.2002239496542163,0.1424918733602514,-0.11384720801190776,-0.09298082561347362,0.00289778875205306,0.20193518548511524,0.3598413816477253,0.17020312346766955,0.4051485363003046,-0.0013156015468400045,0.24058238812846391,0.0072848084191466265,0.1552991342017795,0.1026359594184432,-0.03515343291475826,-0.14842420806707907,0.0023327157668336157,0.07828315281942155,0.1793185064432561,-0.14312709436075977,-0.07753516182412053,-0.1341774094125372,-0.13435613839615185,0.19727087937135934,0.11989002189516587,0.06826738904123554,0.06270684093458546,0.5198174397649971,0.45346082757502765,0.5833826801334794,0.02093909381261229,0.2593592785751503,0.11604052678897203,0.13838775004882872,0.050408747886401546,0.15426160565605662,-0.01782109698070597,-0.17399779783257294,-0.17851451418947992,-0.015996190881393653,-0.18991664787473808,-0.029988556522426366,0.41780370109807885,0.5227514020659518,0.4831074961002372,0.20543410111164317,0.19905920501761304,-0.16653711909353963,-0.02520848346726319,0.08037478529223156,-0.03891079356231849,-0.05708831217025832,-0.06445563504089549,0.09546703286876201,-0.13798036275113018,0.19516409214978964,0.04988844789503606,0.000346391249878247,0.25217529367118274,-0.1967368582641299,0.04397341484729855,-0.21754212299915981,0.09286388010393398,0.06129669665341003,0.06718562836988382,-0.15822929383623363,-0.15675030552704775,0.06754329727185446,0.047474504433314836
0.029530643286563636,0.26356005471511135,0.1946288445973196,0.19885733497200758,0.24105203194158029,0.18344771107879573,0.13384903784899074,0.11602523526065338,0.24748101041253273,0.5099956715078353,0.9999999999999998,0.7041574651488579,0.24235333831887157,0.2831694226997074,0.002575048004852609,0.028805286429706655,0.07051293202447116,-0.07758465712683814,0.3286669059364003,0.03960568506561593,0.15428622355315247,-0.20661885591892024,-0.26231662378382486,0.1372493567494085,0.3779201448484696,0.29995598575129195,-0.3318530919306293,-0.16402284062300893,0.04182181144505866,-0.17005694150212577,0.08772148683316865,0.18103976428394317,0.03709083453755407,-0.16431947876457623,-0.2958662941386238,0.16510434342642447,0.009639996871348427,0.2729309983675966,0.3243456336748318,0.2890375348072231,0.28080098896840283,0.1543997935667667,0.12244894205227311,0.045864875899120555,-0.04879972579769094,0.035895680563496284,-0.12104026487761477,0.089810201710942,0.3903344013647904,0.385966489981651,0.21007062263542156,0.1342945863964518,0.06454460610160494,0.17894039072526266,0.22189622752715696,0.1536640632869059,0.17418019913328725,0.25662986017656103,0.2792307938178589,0.2786872278445199,0.2682905474902107,0.1399798617388607,0.19331594804269187,0.2157598437304566,0.15864889124074896,0.05730873124687106,0.09231807082808599,0.03910650455050636,-0.05618089154043082,0.00881942598030452,0.1892967989653586,-0.1562548033756262,-0.15008962282420554,0.30863630613348436,0.11070880309518212,0.012750217566854814,0.058977651315859324,-0.18517138653871318,0.04306463816083747,0.14749857632447666,-0.0007671475164976894,0.17706958161801517,0.020806042787265614,-0.22291274417980872,-0.20832334127090302,-0.021228368802908272,0.048777068005575686,-0.2327624644106562,0.28308677836615703,0.3838470568913316,0.11168185260619184,0.18657609083780857,0.08454322015478807,-0.030746367480018168,0.06927246881645727,0.11330774430741679,0.038418139263863255,0.013724961976129392,0.3433979239287548,0.3535919314159159
-0.1282743270141789,0.12397234351135679,0.02008845789339905,0.20999498367086028,0.28752309312371377,0.29084995264174907,0.15207491031574313,0.04550482827459353,0.16334324656138355,0.5743247458999348,0.7041574651488579,0.9999999999999993,0.34801847431237803,0.36956188942591695,0.07220394285256786,-0.049859855690165884,0.1651771646645537,-0.10228006046077373,0.31427957009460006,-0.16163222555923493,0.10698125984451338,-0.06224630427596436,-0.25960172188839403,0.4202405463872632,0.4862530157785236,0.6316809640008718,-0.21397920815556623,0.21191737284359635,0.1713848382531267,0.015806598446965824,0.06348824510562309,0.018221073778047017,-0.14980328064712953,-0.1712203595842681,-0.16717443920670774,0.10018978747779622,0.03207924147038289,0.07672572395504915,0.03785636647726991,0.25085339105711707,0.0995284986416411,0.2550248118387805,0.036555285083694135,0.11449155439333053,-0.13507606702902425,-0.1250909128196017,-0.2161808056177661,-0.09557372741758835,0.2413846810580753,0.05358431683053557,0.08587326765361086,-0.03987608290995777,0.05277976544523982,0.12550755471167283,0.2466218444267289,0.20867711322316962,0.06716336485917708,0.15234394100527884,0.41054108727251754,0.40059822101268516,0.43442771977846995,0.2515587013536246,0.35686917392599976,0.21896334503154613,0.2520593884608636,0.08003285152007744,0.18736279409331147,0.16275234134564803,-0.03720485973924498,-0.10973388315012081,0.19352384057194846,-0.00027846440145338656,0.08691363938242117,0.36120156655576763,0.421437722918566,0.41466106936914415,0.2559270382510241,0.14804248542402618,-0.08713490118150663,0.10394388813448795,0.23951330859290912,-0.035144556095895445,-0.12010905008840003,-0.07863245202369097,-0.10490142018238824,-0.23065720819256375,0.024889009679881176,0.00024331097037818812,-0.019190230773954178,0.19528993994181534,0.08519708906644433,-0.005208239045478139,-0.10826784493615978,0.16302986724195817,0.0010960475781988767,-0.03251892654019269,-0.165847590633038,-0.044649009430167516,0.2183701112731238,-0.0073112427080016815
-0.016267510320424804,0.020418457569435625,0.03639624176388197,0.23496524556423498,0.006575447715051072,0.05205590703235605,0.14541298680667336,0.08197623341094368,0.1733024369701589,0.10589511452140327,0.24235333831887157,0.34801847431237803,0.9999999999999998,0.7397166615274348,0.4805922473318114,0.1524438082008855,0.6535110971075175,0.1092705293943411,0.4760311514745243,0.10231162074687616,0.4462159488159019,0.39506040381192503,0.1989759401546378,0.16830397981521453,0.0919315368883252,0.1366470914816683,-0.33510736525213947,0.03895931580472701,0.21472220064713937,-0.21536569610425202,0.021225994595838567,-0.03108766094678373,0.2507927433635406,0.3256531104028061,0.1361561180557057,-0.0179201731837866,-0.029128098958060733,0.17719452033072494,0.23233993032017972,0.1448095735213214,0.1488849031273759,0.09829148794908746,0.11807229720067156,-0.03108182671064443,-0.11526556867879752,-0.14929248252418828,-0.2558301780318232,0.029236771447190186,0.09832819641964523,-0.0670247924904937,-0.010713398270805438,-0.1634584189163895,-0.38385145425040157,-0.22149053979802769,0.1638846248592132,0.1519909259332836,-0.12420969010883069,0.004227915848055286,-0.15174516215917191,0.49582773826703647,0.4732682370015328,0.9048594445926156,0.6961575712998124,0.4827817505098594,0.33720528825421486,0.4165135576846093,-0.12042828923067285,0.49218063316442506,0.12215065232566139,0.038754351306583196,0.2178415669345132,0.016436935407678863,-0.02931708087169767,-0.05893742556050549,0.1810023494985361,0.14563991488709258,0.19798207367206622,0.13216642096190603,-0.18393552105979175,-0.15152429363875242,0.1623961317332679,0.11962909077445806,-0.04210741769944027,-0.009352753393119327,-0.26523500697833907,0.01955797806434974,-0.03337641608560843,0.06191546939078779,0.03452057280694118,0.0672343895223023,-0.23078748006811695,-0.11012424363958966,-0.14711768464544156,0.18189740177512329,0.07412521726744978,-0.004779769220354479,-0.0023141876553200093,-0.028851687902215983,0.17373621912163065,0.06028800613322965
0.03166709017294321,0.13875430306025546,0.1460277011570374,0.14321515849355124,0.041353678175349545,0.20618776217440754,0.07099532446536753,0.1388036535090856,0.34651887169017703,0.13188198481569768,0.2831694226997074,0.36956188942591695,0.7397166615274348,1.0,0.6712413786599306,0.08327765192563685,0.6573673496867253,-0.06047725086054796,0.7638006484984217,0.15625756097201973,0.6806973849887807,0.07116321076097357,0.18279238775435813,0.02920179050624296,0.11463327819365551,-0.01550271915623404,-0.3152839165365732,0.025172446276114476,0.41349947832390693,-0.2710783215794872,-0.010140690565835527,0.06453392965741762,0.22198017192956235,0.06745027704042131,-0.12740348951933478,-0.110137631509535,-0.128260735418211,0.1848495116824563,0.3199232591763463,0.019459670959902992,0.013347216511799221,0.05011934184918355,0.11534669224248727,0.0038323381309660416,-0.15394201624504705,0.051339882944999526,-0.16841950843157605,0.0033016527774675105,0.1066013124997241,0.024292399086551977,0.08018761341730177,0.11760031887226721,-0.2572812874180856,-0.09999618809012288,0.29300179082953454,0.37328851613308783,0.04514938304158632,0.1778128821455943,-0.14906306293529,0.461791603494594,0.3255025594026266,0.7285399457243212,0.7819776274422623,0.7774393261642051,0.6828153726921028,0.6249981718578947,-0.175393949625517,0.5414833772564939,0.17348608020758743,-0.0639672979290801,0.440108720355455,-0.04853192104087767,0.10810529406475837,-0.15703355073310865,0.12067246102554682,0.08246426734342203,0.3787833066433981,0.09641447644293281,-0.17146412809745692,0.06236302710532786,0.08536254961288008,-0.02278522425261797,-0.021585540282619168,-0.17923176751374678,-0.2882826062692192,-0.048983628095202965,-0.08174643507241885,-0.04405904551348977,0.019802862500965083,0.05683049628764005,-0.11731664554916608,0.012792690698794395,0.020007259960363448,0.22098742916759415,0.2310665646283209,0.05188028303545443,0.13453128990776755,0.03371787198687745,0.2441146903122726,0.09060779173450649
0.08798793678040162,-0.11610637037451763,-0.07793660249733693,-0.005495261245097842,-0.31142797749484896,-0.1253711880283873,-0.12551121415189795,-0.15920314146452905,0.17266728773914272,0.07720809434241681,0.002575048004852609,0.07220394285256786,0.4805922473318114,0.6712413786599306,1.0000000000000002,-0.1299224920197229,0.5156240838397843,-0.20133342053714814,0.44188391018289075,0.11291441060204743,0.6271671673330254,0.1948266904551292,0.35867928264550947,0.055040414969758714,-0.055981833596364286,-0.23813188357039547,0.058289472662325065,0.2844485303281044,0.6081219132096054,-0.06873702212244058,-0.11186299079668892,0.07494433050551347,0.2728028956420441,0.15993876415951838,0.1616822748057387,-0.16821527797041275,-0.11643869610713793,0.3069521352631053,0.32911509104889336,-0.06736447846012474,-0.024418416105721135,0.0334226451803078,0.21247714148026844,0.1453750633766716,0.04195139965399524,0.23658799987227566,-0.04852653490034614,0.1601302951911131,-0.008948073867337305,0.07003417012006706,-0.07735608683996117,-0.08875608650588801,-0.5089741613767357,-0.3918109763113367,-0.06302841426516856,0.0603534709856858,-0.2510026296129251,-0.08910358202447606,-0.3457645573531159,0.26041041690469097,0.20076216047115553,0.48817167447767684,0.6217044067222192,0.7147478226305198,0.6092510349753067,0.9239236045592658,-0.2518568726392107,0.5115374152990626,0.11033929616349657,-0.19192407654004257,0.27973569328670345,0.012024156829453056,0.1532618210484797,-0.2667671407740708,0.15672327250599152,0.10440050722336452,0.422419987073902,0.22887751419357014,-0.26667293338799863,-0.029068065442703215,0.13240703992655725,0.08565762515624488,0.12322720528944033,0.03643665679064955,0.014539281777117817,0.13548246087913038,-0.10445569511550057,0.15527088806397074,0.016073393618587513,0.05857490128207454,-0.27677551036296494,-0.04943807654178351,0.012920149907756322,0.25878263948581703,0.3478720939257866,0.19445878785731427,0.3001043494334198,0.14217616503179337,0.09338270000830091,0.15827991779858333
0.2869929667123105,0.5558075330018113,0.37867192721459425,0.38596162660229316,0.22743660034778493,0.13390084403338096,0.7118686711780186,0.5728728433996021,0.33500343821515854,-0.0052239317175775445,0.028805286429706655,-0.049859855690165884,0.1524438082008855,0.08327765192563685,-0.1299224920197229,1.0000000000000002,0.3507494659876027,0.5505124102900254,0.17357173800988393,0.18159190831162178,0.4219486155215945,0.10928146037813789,0.009959555571345287,0.008819430829112133,-0.0654892067539185,0.07291606319761328,-0.3327964328511629,-0.40967077571411575,-0.4282924077468632,-0.3730829488070708,-0.025317723404735645,0.049932588290079516,0.5492860010232664,0.3143594382797056,-0.09012049560360702,-0.0018675733759520993,-0.16926093697581707,0.24717068160367503,0.03236163731645634,0.2209104064710563,0.09965898179384441,-0.31608069375495695,-0.22605843534669098,-0.30176742147320523,-0.24701829777280693,-0.4041409340136694,-0.3486143013923434,-0.28079188659753934,-0.020748395590907364,-0.13509202496427872,0.13636894648813236,0.47998306937906576,0.5304370595360077,0.2605826000545151,0.37932716185614795,0.3342098290973076,0.5901364203725566,0.4494935156584834,-0.15517849670864467,0.21185954641602783,0.06696178291920989,0.12145906675734879,-0.1293796221175935,0.06314028592315334,0.038945280549537456,-0.1679429349351073,0.2968703163698199,0.19022413509417538,0.1764982941624381,0.49141129949185175,0.3416041317577749,-0.2295083342755043,-0.10782746729324195,-0.0018052579054656226,0.039689178267081876,-0.1451505708299411,-0.22148856631203695,-0.2886992708951611,-0.05495951313232473,-0.12533324295239057,-0.05385924616814926,-0.10082898945555259,-0.26545517288180526,-0.024342350854774243,-0.24312786354749424,-0.12216571859225667,-0.15869198708086416,-0.26221691471001807,-0.06084618588591953,-0.18765541600360608,-0.22538690515413298,-0.1835179627257914,-0.06570988571358569,-0.2939134180322164,-0.14039207566708606,-0.27171178638592336,-0.24328530204769433,-0.27037291943964187,0.06289457923887638,-0.004040629026158262
0.07704067708840583,0.2239992987165551,0.1783482813652736,0.22291336329689956,-0.0903208661546575,0.010819193845890402,0.3037881980264562,0.2263666860420123,0.36651237092494227,-0.025647097559681083,0.07051293202447116,0.1651771646645537,0.6535110971075175,0.6573673496867253,0.5156240838397843,0.3507494659876027,1.0000000000000002,0.34484455124890484,0.6588546636801609,0.33248986778543876,0.6962460523839885,0.3190041984684956,0.3850780369357175,0.27456238965020036,-0.0728099226300622,0.043750460336012036,-0.2331517533223726,-0.0808001818565344,0.2300193447785294,-0.4326551515762328,-0.10389308697548094,-0.001980196799359856,0.3422851979760327,0.4178270033151284,0.14359196704334293,-0.04814557718089281,-0.20599958090542267,0.14057428469396552,0.07009666612318195,0.0024598377479105476,0.10199109193983422,-0.08942369967303018,-0.0714833109191042,-0.1771211384170371,-0.2005060704412693,-0.17449735961949778,-0.2634816153728024,-0.00395563016550579,0.05322820023379725,-0.1362829096299466,-0.007950325197326783,0.1479616534400144,-0.12923084389522166,-0.15488897458657308,0.253611432689863,0.31320165673948835,0.13944378837299862,0.23945006315891912,-0.4419231439694941,0.4512036159449489,0.19915724573061988,0.6278570353035876,0.4607596708634023,0.5651389999266824,0.4596815689163967,0.4610645502774461,0.03440592702773068,0.7144411226047079,0.46270588373441224,0.23116843838486795,0.4476058279956008,0.03677327590841412,0.1383006624920096,-0.20341946667065589,0.1897349924561312,0.048420873748432396,0.2423102587828057,-0.03400915887786624,-0.2382874150685257,-0.12591832540888315,0.2903355171372116,0.05531011713356142,-0.15562093663417573,0.13971020200798812,-0.126314610190254,-0.004330546452062133,-0.19763627203019105,0.004927462541636051,0.02714145907762716,-0.0613528091902539,-0.2683864518040739,-0.19867922968561605,-0.13215980605927605,0.11593045417140026,0.03124924543670827,-0.1193344291635826,-0.006427807728376836,-0.046522922809440335,0.18546563114182638,0.012660387209265628
-0.00017715350396783889,0.27815436900900986,0.3098090901465385,0.09776970735282609,0.05809396397910726,0.06323288269782337,0.44682970071193684,0.4609345059987835,0.3152227251835155,-0.2863688074774725,-0.07758465712683814,-0.10228006046077373,0.1092705293943411,-0.06047725086054796,-0.20133342053714814,0.5505124102900254,0.34484455124890484,1.0,0.1284982085285018,0.4301591900327522,0.13367430125410118,0.42347113190819285,0.21068999096185484,0.23027484792972644,-0.2746510260015948,0.11904427196062035,-0.16744803588423618,-0.25440231828669685,-0.1893824036939703,-0.14872090462902107,-0.07702839028109144,-0.21647759402872754,0.11032001077833987,0.6017416672644094,0.23416081113188333,0.4539298600104214,0.09062403139349082,-0.10686385557270282,-0.11273584384365949,0.06022155057260989,0.3184992960904531,-0.12823965217513156,-0.16249973388946673,-0.32015698898276,-0.1870241927587999,-0.34403947596934586,0.006639661440404752,-0.102978128608914,0.14058018370051778,-0.00749277138562795,0.08661654946851398,0.2153841360822049,0.3509430117570048,0.053105421586674195,0.17556491437587463,0.21098396280651494,0.3848097019785949,0.27940010690852035,-0.22934652119513063,-0.19843128402721089,-0.21298054409527306,0.07107175546076874,-0.11210973273519236,-0.17059535095779862,-0.11078916406890864,-0.23101643908099445,0.268372669277947,0.27430004361223725,0.47529648239359296,0.7641323096509417,0.26992456503964013,0.3062251857275908,0.0723686419464068,0.04609008594258488,-0.06318404733454061,-0.18967095109458593,-0.06276475381666666,-0.09961913149947638,-0.03759867885784875,-0.15686905990712474,0.1818328648924489,0.20596619232388208,-0.11061072150966446,0.319929305568426,-0.11330167613681039,0.02957137379522422,0.10784771713031827,-0.07214004190006269,0.24610230869276634,-0.10494183659453264,0.15789165008502948,-0.1803719354691136,0.10037232449928414,-0.15837287376231407,-0.11542381863614237,-0.23625524850471039,-0.22668368613526282,-0.09734500099099791,0.08636819347685712,0.09317813822881293
0.14834292748204095,0.2983848483254393,0.3739087918636456,0.19433213907485575,0.06987395974296522,0.3144042058176137,0.2902160040624571,0.3281171494728214,0.4994741598877382,0.0770543718260805,0.3286669059364003,0.31427957009460006,0.4760311514745243,0.7638006484984217,0.44188391018289075,0.17357173800988393,0.6588546636801609,0.1284982085285018,0.9999999999999998,0.36054375450460213,0.6908120141671924,-0.04849801079148415,0.0977816755434969,0.09478055770628595,0.0652114107109763,0.0743803048192945,-0.21121865264823655,-0.08119661099074703,0.3802285513336109,-0.2735707259165452,0.016871893572367267,0.09466779207281122,0.12993349065298057,0.029577877811855207,-0.1668372927593869,0.03300950754812137,-0.1572951292878714,0.19541916696471456,0.2582655808106026,0.10455364847018103,0.10397681604907953,0.18707579339641772,0.0625535187001073,-0.0665158208060587,-0.1691693464191038,0.01523113217690263,-0.05157879777482028,0.046876953788729775,0.30043155774504887,0.10487905409365683,0.1935187203731838,0.3104729567150507,0.026202756649988123,0.06438482137298496,0.4194490566592023,0.5390957739012663,0.29483142705552523,0.40112507651360274,-0.18696329633452546,0.3704800741972089,0.14282607313201376,0.45994881711863767,0.4492040390677239,0.7037718455384726,0.6506734995912861,0.42856520341333276,0.0313599207010578,0.5661208534799048,0.2685112992070996,0.0661065666837299,0.5468609472083953,-0.021053482185762036,0.1288456749534622,-0.13136578386276862,0.07529867883264735,0.0034920513023539387,0.4142717738213623,0.07029597506148982,-0.1922208051810942,0.06590212833641891,0.052307914180892506,-0.08907581040509772,-0.15316847500660755,-0.133821214827289,-0.15936081919688147,-0.025260069974628933,-0.14764233793612655,-0.03917552775860894,0.11772992873022677,0.039978695035212175,-0.033191500176174844,0.09178458896323827,0.08089352434036119,0.13713465135851274,0.2031822504419554,0.034068810620611185,0.10234225870444921,0.00627974946060986,0.41069821871628054,0.13038496084652335
