0,1,2,3,4,5,6,7,8,9,10,11,12,13,14,15,16,17,18,19,20,21,22,23,24,25,26,27,28,29,30,31,32,33,34,35,36,37,38,39,40,41,42,43,44,45,46,47,48,49,50,51,52,53,54,55,56,57,58,59,60,61,62,63,64,65,66,67,68,69,70,71,72,73,74,75,76,77,78,79,80,81,82,83,84,85,86,87,88,89,90,91,92,93,94,95,96,97,98,99
0.9999999999999999,0.7375537376248794,0.7419268592971346,0.7006077239540605,0.6836236758693549,0.744060415203667,0.3483641989382644,0.6774994167946123,0.4925878915352659,0.1650232188907055,0.18552166928248237,0.24956420504122645,0.13686568668563553,0.06658926177876709,0.10033778168538489,0.7717147655884785,0.1942879649040582,0.5147320003464493,0.03124243237935149,0.4347294380267752,0.23193049648735475,0.17985973168617322,0.32652117057994706,0.03095199268917964,0.1451085510169365,0.37999659737109803,-0.0664594872685093,-0.0011179219390421446,0.2669392470529408,0.07619164997447442,-0.11072937532836162,0.5536555700449008,0.11170874127690789,0.3653739829128357,0.08474939013363764,0.643544604392197,0.21977490522728996,0.3780006388547655,-0.07872931456941436,-0.05666278370008569,0.21088291754947572,0.26880606052174183,0.16025875110048315,0.1389487522666165,0.2574436743322021,0.018903097150587998,0.20133659184929448,0.29909205974447894,0.6593462405000372,0.5436776750501539,0.8066617855951287,0.7886220946570409,0.7345603684928008,0.6928933564808261,0.7412775262235363,0.6206728154687703,0.7321285599251623,0.634207186196268,0.15148819280372627,-0.19995754329267418,0.004844761917339775,0.030327071174871916,0.13019154359120944,-0.13922978951236062,0.09847726458947656,-0.20116671212601747,0.5513541310464984,0.1304499515035669,0.2527346957481366,0.5850067294876631,0.2581603538174842,0.40828353312877025,0.46821841627508703,0.4010514870069589,-0.048012759793531166,0.30396902972908163,0.288960176131975,0.34223405916534594,-0.15731849655249838,0.5722257787415388,-0.08700032405859495,-0.03452429928503563,0.08290395510002616,0.1943086880263866,-0.18998504407900146,0.33933179994566826,0.3037058399759008,-0.01689507453311248,0.7087857885668738,0.21063690138319624,0.3390676612237886,0.27538724435477024,0.04198010601104852,0.3409381826519323,0.22977278724946013,-0.019574910073572344,-0.05403171035797652,0.14400110307659195,0.6593157204754813,0.4497544739207468
0.7375537376248794,1.0000000000000004,0.7879926169900926,0.8744172656722904,0.8334532974411012,0.755294861814245,0.34745765664300576,0.7395555217619668,0.4822590199672129,0.2189446067664565,0.36320456469747175,0.3634599237354704,0.12458860000222222,0.12250059115855205,0.11705801727395836,0.708386538993476,0.36886238977866803,0.5384423651742241,-0.043215957633028955,0.48497022876053153,0.2506643503580489,0.12215723320575425,0.41078172621008174,0.07869727678073316,0.14710288199331992,0.39906699688884556,-0.050735803996935995,-0.011875439900617582,0.3047989040653027,0.04873104550914634,0.0672799393552077,0.4542367942615306,0.023285453304704745,0.17484049268040666,0.02726373862159324,0.59942452550025,0.0802607891855443,0.2286747016815014,-0.19609858164416893,-0.12354842888614632,0.007105562677821642,0.267683757425485,0.1525834709722122,0.1590776687205149,0.20977722636773652,0.006173779481788126,0.02355219587458247,0.1279186441477422,0.5519801724860596,0.3544704221196235,0.7203233653357275,0.8955894956567234,0.7380263279287668,0.8769208534432106,0.7315665938925808,0.6178008549561219,0.8117839666945728,0.6613242574549331,0.27485660098041487,-0.047608574397938884,0.06129661524275417,0.03092776457165196,0.24703941085607062,-0.08033806170333967,0.03951920181735826,-0.11920641538630085,0.41738415711394045,0.16792707840754426,0.1774566097629253,0.6366216988618094,0.3202619852295452,0.48646149537295136,0.4499119533947838,0.5063489810839454,0.14885840972801792,0.3668888435669594,0.4417169950194013,0.5306271707351637,0.06728711002458905,0.48109364333626276,-0.008673817465623688,-0.21662088966982004,0.047154515912734465,0.23480572238708367,-0.06564598964161222,0.14580275585008973,0.11338225737634469,0.009938431553617426,0.663463754390081,0.2408165273943057,0.13268434544322558,0.24082097849725945,-0.05243130206021642,0.33765705690132436,0.34130170205980165,0.0015096512881990665,-0.04446651069310915,-0.058540125745875166,0.42177413509737066,0.20374357427223222
0.7419268592971346,0.7879926169900926,1.0,0.6553962530648031,0.6702384119811564,0.8108923325875323,0.34635399733033323,0.8119714310533804,0.6948632891680178,0.28298227146355187,0.2863220981447448,0.3033126057876895,0.08115445642303956,0.17712026351278326,0.21892259935268057,0.7238430510052092,0.27707040050593734,0.4832181789022931,-0.023674433094423887,0.4552434612962416,0.3044766581255935,0.1299716463558309,0.3481748911923186,0.11255858941687885,0.20873521396813016,0.3288352140441977,-0.003908747233291507,-0.007021395010001184,0.38243880905583827,-0.023955202639299556,0.11066922010092746,0.5587506884200363,0.19397893822711315,0.21298217105686287,0.07298456389799812,0.6073985548827605,0.2341810810281895,0.3790540332264709,-0.09864107703413239,-0.049144181304537383,0.12714095256839977,0.4213019448130805,0.25941965388172383,0.27028052061230634,0.29823078246712575,0.12385266096572166,0.0802507014160688,0.18295071722827355,0.6472305489595581,0.48117139223437316,0.7548291508780497,0.8187700855329091,0.7274414042415419,0.646309205534452,0.8018322623075094,0.7625291924687102,0.7985507465755122,0.8113751195276824,0.3030335162311684,-0.11873581754469845,0.04922979254006672,0.03265271896320332,0.2846150293491451,-0.06739797623618926,0.199355822139927,0.0036589321076762435,0.5189559072386761,0.1742614775355997,0.192291102145977,0.567194306300909,0.32130935073257605,0.4778522951059033,0.453045542960916,0.48068005809915276,0.12095416293469102,0.34418908513939317,0.4852295779842873,0.5169215302286645,0.10127879728062672,0.6164251359974633,0.0029901435624301006,-0.11057432816740825,0.11087441498128897,0.34651560852790764,-0.024643784506058582,0.2625993367767598,0.23929342389494215,0.10580407232747362,0.7049182082460655,0.23333007793075505,0.32176287082899346,0.37740549562590786,0.05508000582998351,0.4535113459481735,0.4014513302271682,0.12898276650279328,0.06534801487238166,0.06612166394013767,0.5823548313238427,0.3659867205915062
0.7006077239540605,0.8744172656722904,0.6553962530648031,0.9999999999999997,0.8017207084453698,0.6463731076624301,0.525410880985453,0.7551790942655942,0.49154424079651915,0.238478108950853,0.3748000504904981,0.4408944896983617,0.17215656448132008,0.13167528549866264,0.09367456894285331,0.7675628322296585,0.3248758723322077,0.5412279610382927,0.07852166334037199,0.43548598875475497,0.2871515144486662,0.17973241827042807,0.4045449686351818,0.05490097027608964,0.23373022693415654,0.40437961158938474,-0.1652711787617327,-0.09338851398428616,0.28086907738765077,0.07035617304910864,-0.02373700370809384,0.5326433633853856,0.037700962239437925,0.24495617809833403,-0.050587891622450545,0.46451118757021187,-0.09744524087824478,0.2307560251921771,-0.29206304343865397,-0.1426044119436161,-0.06685046160327687,0.15892031272984897,0.07621565028869409,0.028774912183313024,0.11773251236817464,-0.13965969410292794,-0.015688195538583565,0.09374305542170384,0.4171685990802367,0.258676598439879,0.7409644502757052,0.8558415311027591,0.8188932015266114,0.9251583103297535,0.6221954126222786,0.5721832744226514,0.8190604577694514,0.6470841505527342,0.28483894753006944,-0.059155438996223234,0.08286685206730633,0.07770463009039542,0.23607949532109163,-0.1379807414646905,-0.05031412801347147,-0.15474141432168959,0.3935676759653215,0.20616990165189406,0.24638892831374637,0.6750040541291287,0.3098552279537709,0.5246300663422502,0.4461923141541607,0.478382434940873,0.12133353267352649,0.3572211879279487,0.3444749133391472,0.4671539646400743,-0.008336633678059615,0.5020646135925817,0.0717087018987949,-0.2606424790589525,-0.059128239665214695,0.24454543287619773,-0.21047029992543154,0.06494347577201807,-0.01680324577673387,-0.08507781851579042,0.5858297318656795,0.09050215576146571,0.05564754242126373,0.22918224614041274,-0.10962405436304828,0.194626180563549,0.2073464888057923,-0.2294063641898319,-0.19329803214962085,-0.14521572152204587,0.4058005215263174,0.03436631419397015
0.6836236758693549,0.8334532974411012,0.6702384119811564,0.8017207084453698,1.0,0.7709350667981074,0.31653207089877405,0.6062421306010516,0.419898684689789,0.08828446948260953,0.1504657867924613,0.21696242780630628,0.02964792989036902,-0.12017301934380985,-0.15776956498179104,0.7149907462984123,0.13051990479662343,0.40734691321206595,-0.15258436837397088,0.2879023614577173,0.05668637327816213,0.11122868657148098,0.21159779409776303,-0.08823652009678652,0.06951887882628703,0.32556269990429487,-0.0957233938906816,-0.03452709607442677,0.13099633371712469,-0.005469149455688929,-0.08783532729867442,0.40923868598192065,0.10963572943160846,0.25106116869398754,-0.020219941263150975,0.4888865900112892,0.08843504233267302,0.2084173385997943,-0.23620343353014733,-0.2279441915948309,0.010342561157925863,0.20564213483989457,0.10165064362253946,0.009240785675830556,0.03576184384103287,-0.036043912742166014,0.029112999043284897,0.10630392951642723,0.45882344808368875,0.28860018204952936,0.6701783125383013,0.7399233208979221,0.6924139684691907,0.8754516638539583,0.7632904719748748,0.5853974615818198,0.6667905371361007,0.537274226388856,0.11921813546516531,-0.31277956094459225,-0.10718464294508191,-0.10257028504236623,0.030390967836730523,-0.3302344604650489,-0.1164630654997397,-0.326335397765116,0.4677259990402602,-0.0486690063088913,0.24162191388960375,0.5391621351046435,0.0684983252550983,0.3723129634551994,0.33468275634542216,0.32023515964044735,-0.10767248065941845,0.1997688917470032,0.3066898221790473,0.3409588265255689,-0.14473591672978192,0.4102156903077043,-0.10099570555403609,0.03368539981720554,0.19671221081849194,0.22613723128692184,-0.03369727726603647,0.23865450307749628,0.21425563544482454,0.16761445005480316,0.5093673105474151,0.14966873966904248,0.2587299978397531,0.15208567784431706,-0.07805188338967071,0.2887254715434185,0.23275232918752903,-0.09727087638728846,-0.019715051516971054,0.08971871252530716,0.3496404299508353,0.22334802888874605
0.744060415203667,0.755294861814245,0.8108923325875323,0.6463731076624301,0.7709350667981074,1.0000000000000002,0.3188058359030962,0.6635695222057308,0.6120006563936522,0.28879140367703915,0.21630048344719802,0.2761496883952052,0.16744240307883948,0.044370533090932925,0.011035907738605346,0.6818258415538536,0.1648200368313685,0.36967275704626124,-0.08927797565912926,0.3214038914626449,0.16245519437159606,0.1398662699418118,0.18651540157220609,-0.00785416588494521,0.1880748678644074,0.28780333204340514,-0.06373175314171327,0.06721725593782958,0.26758135797747945,0.017652266425312348,0.03428642976630936,0.4860621397952234,0.12794484249138807,0.15375090713267106,-0.004223664725711445,0.5974475062072716,0.2334138836587743,0.25458843577080487,-0.14669339147624752,-0.04659918749444404,0.039415202809562205,0.3312232045804725,0.14875892650608438,0.11106487151806228,0.1005632033479137,0.009926619223644252,-0.0060024564243159285,0.09603012463374654,0.6062897650298928,0.36907028323066965,0.7094563361017847,0.7626244931233207,0.6578592849447302,0.6973386646513591,0.9067096581127587,0.8062947376068823,0.6804119772191725,0.7183287985239302,0.3119899774304461,-0.056496829624623074,0.08983076003507219,0.06124569829405095,0.23636241271254482,-0.06638493882041176,0.08813354943633303,-0.18256993711789443,0.482439857402586,0.10061161311387068,0.23527961952109372,0.5155489356688582,0.20520145037836454,0.41627346755419264,0.35590616112215107,0.3989327475261062,0.014852012199426669,0.39324034425289434,0.4593601841847105,0.41696198928014105,0.008756261004568222,0.5194129234999868,-0.020749868349720372,0.02513480476553613,0.19517682225395927,0.2468107144670694,-0.11391293136567336,0.2860573479705308,0.31020984277823055,0.14410923471480924,0.6249412923129866,0.20263734857325513,0.33166978359698074,0.2838548949759053,0.04534266300518245,0.4212806881616621,0.32516360900843255,0.06151918585852713,-0.038714028114536406,0.08330252485278992,0.5760404882437635,0.3793394673533089
0.3483641989382644,0.34745765664300576,0.34635399733033323,0.525410880985453,0.31653207089877405,0.3188058359030962,0.9999999999999998,0.599278922085108,0.49554849298491394,0.274942641494478,0.3463313187952452,0.4101109395823944,0.34709432700228743,0.27029654054766433,0.31241727500612454,0.542420345614806,0.42521354845268466,0.3564857226092356,0.26928498101799236,0.26260245746149335,0.272271739295536,0.3400140880078773,0.28174010463739513,0.2521420149637844,0.20411122008322483,0.33051118797427614,-0.070241652033628,-0.024803454189255635,0.3055927506539378,0.2760605618610689,0.04229265363097903,0.3780826587730527,0.19836270991044108,0.3272887033309064,0.06796146406007862,0.2812422934537374,-0.08520575764055513,0.16485135655510166,0.056538625512677375,0.2597006269188559,0.06358681465849671,0.09132411318111489,0.15286407109542574,0.01648334920872569,0.08447878491998163,-0.14220507716480627,0.012120874264406684,0.07429724952518703,0.16111184146377192,0.19195047027060144,0.3856221841410452,0.384067144157127,0.6127556145112375,0.40617857824475206,0.32303283443837133,0.4521698027941153,0.4793527429706369,0.47635689206910503,0.35869747833388593,0.20620275080952372,0.20609840881757066,0.3406079402279456,0.3467517901038978,0.08825891492663682,0.05944390731974276,0.2005159263030064,0.3772727810400972,0.43418219774901035,0.1840471836556625,0.3658113666662276,0.2398071040548204,0.40930773771740847,0.19500493863636084,0.4816544915733133,0.24000838018054985,0.07102567300018707,0.3644089039542093,0.19163215778711765,0.0991203328850863,0.3479419982538858,0.24738786165479437,-0.07587119255242385,-0.056852514076682514,0.22519137529779662,-0.24144461509529372,0.029181224770624705,-0.05209274374069561,-0.08250188210369479,0.41640322523056317,0.08412607432410385,0.08054597023483659,0.333440261722523,0.11511162184950159,0.017755680255240866,0.10327570148105068,-0.1114817747100758,-0.1897013564244325,-0.10696092313460441,0.26185564882988527,-0.018723854809574635
0.6774994167946123,0.7395555217619668,0.8119714310533804,0.7551790942655942,0.6062421306010516,0.6635695222057308,0.599278922085108,0.9999999999999997,0.7951113221670563,0.19014321919396943,0.3199847223309323,0.38949311635550765,0.10811497323617962,0.23725171514882465,0.31726601851737135,0.7838947453812884,0.42985395090541106,0.643874742087467,0.0914665627019724,0.5848901548247624,0.49370550091247184,0.17607086918301715,0.5030232583818094,0.1386399191543051,0.1578840330367087,0.2967554221662054,-0.00278738816849754,-0.09923151439312665,0.46489156402176085,0.06613334557224806,0.06888393440794892,0.45470213387293595,0.20645985453887114,0.31797938791362956,0.08106564091472569,0.5778125598930993,0.0005590456069539039,0.20820948120592608,-0.24461022888351522,-0.0750396478639298,0.09472097971803176,0.20121453048341686,0.1581143056895423,0.12463212210491335,0.21370710120367384,0.009018467608211504,0.10362482057328426,0.23708431210550396,0.4855339049040415,0.4401484813342469,0.7437536933689961,0.8349458677747672,0.8451697417470382,0.7100714009792213,0.7075035716302687,0.6428009050895488,0.9304342464347936,0.8605549868660393,0.2921311799749162,0.004772775062807844,0.11750433301208008,0.08904319255660116,0.3446376833961578,0.018594462604094617,0.23160055584272218,0.14368661061188487,0.5183116086504113,0.3753388017015313,0.301726118569919,0.7256116451785286,0.5216793382679316,0.5347256587057203,0.5759095813213215,0.5398304601019003,0.33934744590129556,0.26780539326598973,0.5443811510617002,0.5305253796566931,0.04706325493800688,0.4777018242122788,0.1224453379102437,-0.2689591566373957,-0.07457327024483097,0.29288694820412214,-0.2313472205879245,0.12334060253781173,-0.062371282908757195,-0.17747292147274601,0.7357799996215004,0.172555413569529,0.09224696883480064,0.31084011702718395,-0.10757653738121208,0.22358904927347875,0.2216979342834683,-0.13581490879605723,-0.05681001630627489,-0.07569338082819374,0.5039174556144225,0.14721269475405815
0.4925878915352659,0.4822590199672129,0.6948632891680178,0.49154424079651915,0.419898684689789,0.6120006563936522,0.49554849298491394,0.7951113221670563,1.0,0.40463085452218217,0.2846154217335884,0.39087433255884113,0.09105833108775618,0.29324092185022704,0.3933841098632889,0.5642690762212399,0.24288234351236065,0.3634748281838341,0.028968314221058,0.34233451488288213,0.4091274522255083,0.12603676174390469,0.21993020996722004,0.19074235435861442,0.20836238775330918,0.2783256496744821,0.03117619591252852,-0.01172437124313533,0.442748353009911,-0.04488232794347788,0.04470374359277147,0.44133765432294,0.32026454196007154,0.1572520826706179,0.04654631664135734,0.48362376711617466,0.10762177305123029,0.28857282165980236,-0.06939902369537564,0.10574653229533763,0.12006841317591457,0.2545374063337187,0.17081479672203165,0.08754244776229522,0.18859206923461408,0.08666789217380866,0.009607988269977413,0.04911858896667301,0.4352843774633412,0.3674804218584963,0.6237255970638738,0.6020459337105477,0.6449577884471472,0.5163320647469566,0.6514349153288952,0.6742886365780134,0.7316908735671787,0.8914040850180099,0.42146338996431215,0.10583128588340496,0.2655841472340358,0.12353012578539016,0.4094984617818032,0.08784204844284597,0.35149663306063167,0.3131107430572126,0.490490348396148,0.2667607934057051,0.11938928753287496,0.42632522388599997,0.4387785043216511,0.26732711674903636,0.277458799412972,0.5002972802951402,0.2394295567255384,0.36321230612219746,0.5329354578727301,0.4217772164409463,0.09853664786829279,0.48915494971848295,0.10404135927003005,-0.13797579314978362,0.03493388074456348,0.19309674130248758,-0.11911687618595887,0.016015930408056843,0.04580352381969586,0.02197842326586677,0.5443870504442807,0.181965356241829,0.29210899144811747,0.29992030514540624,0.08859979670223468,0.2724897527528134,0.1859569103144751,-0.042653950088261845,0.05018223121779187,-0.06573546247602473,0.463124550196341,0.2052809559432504
0.1650232188907055,0.2189446067664565,0.28298227146355187,0.238478108950853,0.08828446948260953,0.28879140367703915,0.274942641494478,0.19014321919396943,0.40463085452218217,1.0000000000000002,0.5143104357059068,0.5056448408153678,0.3319690644137519,0.2965581205059866,0.3165240322072399,0.1381608693090427,0.12898115451501663,-0.04033578985201611,-0.014081695278105258,-0.03280958258544211,-0.00863297845316943,0.06006310326764301,-0.1851588540263365,0.28642813578414644,0.5396937734271574,0.17559948848847287,-0.11072107481451701,0.004209732673367532,0.18054946999188382,-0.19752441620233643,0.3282394447856998,0.43132464388505815,0.17605941574920875,-0.11299232181340772,-0.07478006959777382,0.25327748618336443,0.3067882725616533,0.4074960224066061,0.23288933963014274,0.4939624346126069,-0.013918265884740908,0.4203407777350671,0.2491211843704124,0.2252187499003936,0.10368049149537621,0.031730059444189405,-0.2070024721196363,-0.2765304167452139,0.30650757182863636,0.11493447401698174,0.26184262172607786,0.1716787337634585,0.21915860313145594,0.17683250549502696,0.2185442518843935,0.3556408997238578,0.18463387253665242,0.3622095395427435,0.7245056199904076,0.37906225566441937,0.4302999346655206,0.28158364501629374,0.40566879548106644,0.2389959868068322,0.22957856334256968,0.25077421684633966,0.2195138894659784,0.1893554229156548,-0.13935783492788564,-0.010838268142081033,0.10867464710031163,-0.0028386382501930127,-0.2433787886308315,0.40484349925222335,0.046162555853231424,0.4991894760038723,0.36471448708415694,0.1322587821480674,0.4447234058326979,0.5334340080059994,0.1808033269539598,0.010994985522488442,0.20734803711667207,0.19568007307632723,-0.041209736356745574,-0.016062617216078674,0.23108997600171927,0.22984402993229577,0.1532187073002292,0.15247799956095603,0.30052538749539504,0.4077529929017345,0.45279044583305933,0.3540375138810814,0.24748196676619744,0.2833446953932213,0.085692224163876,-0.21390286256713645,0.24732695247000458,0.20080481415802598
0.18552166928248237,0.36320456469747175,0.2863220981447448,0.3748000504904981,0.1504657867924613,0.21630048344719802,0.3463313187952452,0.3199847223309323,0.2846154217335884,0.5143104357059068,1.0,0.7142890940128591,0.5292516431506302,0.5766169104831301,0.5082310972621581,0.3104790583019873,0.4831677203895095,0.24438664093514398,0.1998116573433754,0.2070864102786999,0.35607151380575114,0.21697741825429415,0.2280642159588949,0.34712832833965124,0.3503700145413375,0.3464573378022436,-0.08534469046624991,0.08257281796233612,0.32855588586012213,0.0732538560996488,0.1029522777306788,0.46197421575835906,0.02993821052612646,0.13590165139285793,0.055860400829964615,0.2649214597983527,-0.009890404246128068,0.20353847924493204,0.0045188450756811745,0.27255533207447946,-0.015089848641667205,0.1592368668126944,0.31355754986540224,0.263458517518658,0.22881299748418776,-0.01975444720641876,-0.01807082322757901,-0.0046592074366392285,0.19648905802702676,0.1458154077441531,0.3190050985222805,0.3119683245752217,0.3586230635633681,0.3139422549105751,0.12768126939860247,0.21613345361921293,0.33620495510384996,0.2919029403112064,0.5843689969631546,0.4734383417496023,0.5907349140484257,0.5267044777822542,0.5768607961912832,0.3556269521122717,0.29698482603816306,0.3414760870634343,0.08642901152275606,0.2914548122551298,-0.034014570121789406,0.1917415815619072,0.3427862561280534,0.20020540519628632,0.12640219579360606,0.20509977837352414,0.34357229484181645,0.37279713543313586,0.3109159901034957,0.30752390372822114,0.24560287721285073,0.4623892619769828,0.04791856568784627,-0.3399343057415405,-0.27019687865678416,-0.04143904287225953,-0.28099375777088254,-0.18126506674411455,-0.035581168144352346,-0.09327018499367118,0.2364415643122641,-0.08751047994346438,-0.0712385598069329,0.247697958140896,0.08272302931830373,0.13074604461198874,0.32878199723680396,0.0712697212778154,-0.14434059540025657,-0.35826293956781713,0.13830294842973886,-0.03719231595664423
0.24956420504122645,0.3634599237354704,0.3033126057876895,0.4408944896983617,0.21696242780630628,0.2761496883952052,0.4101109395823944,0.38949311635550765,0.39087433255884113,0.5056448408153678,0.7142890940128591,1.0,0.5108744027735046,0.4561619606518893,0.3856088112778946,0.39160215450068303,0.5655821404479593,0.2336091108942974,0.09515376529539606,0.20275588211393153,0.2644827584817622,0.24420130440536447,0.18948167966302903,0.5359008974845453,0.36298558126480884,0.4510768961694664,-0.19048532324080422,0.01244253869843813,0.31115111016072206,0.1421090564549896,-0.044681226866881654,0.44041970386965174,-0.024855391219905446,0.14411339478359053,0.04133212574150519,0.3014298560263356,-0.04237814728002391,0.08627532980462528,-0.14052827840707854,0.11826817442460096,-0.12564909097662277,0.0006190150029132507,0.1362222420135893,0.05071969781905113,0.12620726964535156,-0.20264221053776935,-0.10863933835769639,-0.07109654573104571,0.15562657101068592,0.15531012436607283,0.32169356024247564,0.35950791602093857,0.45041210536157616,0.3718432949667435,0.24557073220914075,0.32183206816362153,0.4148974666224873,0.3961847589612068,0.5509021446995147,0.4568845906975308,0.7203423868829367,0.5741083100285166,0.6258663351631397,0.23498680227996654,0.25262833323480843,0.2623600618950161,0.1121570363306067,0.3490807633306775,0.0470013310153871,0.23593986976167922,0.33625501728793333,0.24934992387178184,0.11025997536931569,0.26756488314237864,0.5209808163342384,0.5319387568586903,0.3484270451633233,0.41761274821878874,0.12977418587535555,0.46308447016819193,0.26034737908722333,-0.3246289078776056,-0.3011882669155734,-0.012516022995947063,-0.39821430295763877,-0.19407416626467844,-0.09517573015377775,-0.15936600922570895,0.3084160230018107,-0.046671548948973816,-0.08185379946276061,0.2702903712411048,-0.0003824040972146366,0.04894398300568193,0.20024741936066104,-0.09259208640169342,-0.2912762584298491,-0.40650398364932744,0.19974184907436063,-0.05906141531186606
0.13686568668563553,0.12458860000222222,0.08115445642303956,0.17215656448132008,0.02964792989036902,0.16744240307883948,0.34709432700228743,0.10811497323617962,0.09105833108775618,0.3319690644137519,0.5292516431506302,0.5108744027735046,1.0,0.5004492400593108,0.3173659178764367,0.19778833807340118,0.4767811532268828,-0.003121364881046063,0.08670158132952743,-0.06089883420461757,0.12992856910630893,0.32752490972181547,0.0925047062903505,0.06862861324145715,0.3384242393573296,0.12210082087660762,-0.26205730402528565,-0.037095848662353936,0.17874494836748675,0.20089259816727642,0.035589410659268655,0.4127986406714189,-0.06268266129898396,0.09083304705786338,-0.021749000163041904,0.06339627334705604,-0.055376904196321096,0.09606112673846288,-0.04713757080625817,0.11110623141558808,-0.12226117008031129,-0.07807973101121038,0.13077487863227316,-0.00044994944786537667,-0.015866114859747486,-0.2129930382733633,-0.005880852451772275,-0.05440440954932853,0.004883513139235757,-0.023143853870398776,0.13413033321477852,0.12064841405859794,0.25937172246185164,0.10384022852065196,0.06238738744583744,0.2207798742704311,0.09453679210640487,0.1297525821272197,0.43031613242825206,0.5696021558241737,0.6648988693112156,0.906243752046633,0.6889856778753216,0.2671547745479504,0.01705981795484871,0.18151348486414715,0.06989697864898196,0.29120791926530654,-0.019114790690890768,0.07216230508558091,0.13522258429324954,0.20806373601656555,-0.048367637431444864,0.05637195174592432,0.22158229816125097,0.22037653073336788,0.1340358634700817,0.03560869181569751,0.12022381230959456,0.28510726848488677,0.030569848156853274,-0.13615117668675547,-0.08747639683329789,0.12005866576681413,-0.5298365123891293,-0.09234996024333225,-0.06632947145282504,-0.23949080460138275,0.052344185757920325,-0.3808068535439884,-0.07162983606734434,0.31011318634744195,0.013137492130573438,-0.07382224584100214,0.052091099022378066,-0.05309821616033616,-0.2088468145572401,-0.14323964423054233,0.115366421361043,-0.0788438560077723
0.06658926177876709,0.12250059115855205,0.17712026351278326,0.13167528549866264,-0.12017301934380985,0.044370533090932925,0.27029654054766433,0.23725171514882465,0.29324092185022704,0.2965581205059866,0.5766169104831301,0.4561619606518893,0.5004492400593108,1.0000000000000004,0.8254057746254345,0.09164235972699096,0.39927605021760065,0.125990698242842,0.3355525876002364,0.16421172255296568,0.44965070937112805,0.13653073245560116,0.2782990183493582,0.1781863977333103,0.2782554599269396,0.17714506591875334,-0.03983835654414288,-0.09997721238574528,0.343637043755874,0.1360633980666055,0.08011721457450813,0.25995445732078204,-0.02452494986094822,0.0357673413539029,-0.02350605462069402,0.09744610522626895,-0.19268954988786635,0.039901334814929454,-0.049927183083179706,0.246026298168173,-0.10991618750923897,0.031028891269709796,0.11730606257191267,0.10438413585503102,0.10227175080208144,-0.04711835143482743,-0.08495852642686678,-0.06489192918568915,0.09838131750975582,0.04775470166220178,0.14456553595183305,0.12549808377675875,0.16925364787971375,0.021224770038198344,-0.02258854590267837,0.14350002192220823,0.2388893352434833,0.32009863704474295,0.3703281108217263,0.5314706025735668,0.5389098394135738,0.5976271740018165,0.6924266917903533,0.5783039251531132,0.5409392337408548,0.6736883171478742,-0.0263022148344649,0.535912517808246,-0.09277564895492003,0.08668634525846551,0.4156922053666364,0.22506554755645736,0.12386771668474693,0.1605636965623153,0.3053841417415834,0.18906480495590747,0.19229723668570126,0.18227532150626152,0.20902066296784,0.2163476905441621,0.040792401792068535,-0.37689579698245246,-0.22211477763052323,0.03960573098346812,-0.37121619306776527,-0.11979048871466766,-0.24724335522824645,-0.2927017058358155,0.16522541375529887,-0.27623633148159954,-0.14474965031238102,0.2069411759551031,0.0402505946707009,0.04831939491477134,0.05843937689841665,-0.04389053549531081,-0.1290390912719139,-0.26784204982690446,0.17853912420918344,-0.11580088361604078
0.10033778168538489,0.11705801727395836,0.21892259935268057,0.09367456894285331,-0.15776956498179104,0.011035907738605346,0.31241727500612454,0.31726601851737135,0.3933841098632889,0.3165240322072399,0.5082310972621581,0.3856088112778946,0.3173659178764367,0.8254057746254345,1.0000000000000004,0.11209750324416098,0.3262735203632942,0.20801346114439523,0.2771677168363268,0.2722076450285701,0.5115542622642815,0.17341384003939428,0.3131064928344354,0.2860025067167895,0.10761737986300504,0.10741394511925093,0.041018052934306305,-0.11351506644611267,0.32608758779224595,0.16034511067917998,0.17470333272653163,0.1622731949312944,0.09112795392530858,0.09301084108381251,0.06783550432786133,0.20582316059618871,-0.06198052186201202,0.1307262753989969,0.08855140989376444,0.3966403117489107,0.05960348682757271,0.11000185387356044,0.1571339033156973,0.22898761839578188,0.23465896347358275,0.09270257656401092,0.047570566437575026,0.051821063555492104,0.23696460712893985,0.21059642609529367,0.15916680654571297,0.14656884887392066,0.18557222618711525,0.018121235777527257,-0.014926344432311436,0.1119808721643247,0.3012268286436449,0.3589696510128444,0.3539882361452199,0.41726578141377557,0.43331353549674173,0.429028610121721,0.5875751308537406,0.5350666175763568,0.6791326370818235,0.8191770496614288,0.07518320136375899,0.43832660587874944,-0.10179961599054231,0.11849307954580744,0.5378720863256315,0.17085191342714037,0.16508990218014394,0.2792078553700943,0.2977338661051742,0.09222429331174967,0.24969033851484818,0.12570687613916695,0.32083437367972373,0.20576680128239197,-0.021531328855305953,-0.3907355881469408,-0.17005365742983103,-0.004642570882836834,-0.2623012600117149,-0.1151619169466398,-0.15799627104419317,-0.3567865847965273,0.24553654780649273,-0.12291321583024022,-0.10598549243942974,0.27709361256443893,0.18798585305648563,0.09978060609204768,0.05902506653093831,-0.0011544218670224392,-0.012102090893303247,-0.18991888310540372,0.26341978420138074,0.02433092071483781
0.7717147655884785,0.708386538993476,0.7238430510052092,0.7675628322296585,0.7149907462984123,0.6818258415538536,0.542420345614806,0.7838947453812884,0.5642690762212399,0.1381608693090427,0.3104790583019873,0.39160215450068303,0.19778833807340118,0.09164235972699096,0.11209750324416098,1.0000000000000002,0.41385173665018005,0.7301254564508014,0.1534366754455158,0.555396155634287,0.3701152228450134,0.3557509928521749,0.5126689513118119,0.19913745859646292,0.14567385335834276,0.34220409766164145,-0.03284324303289825,0.07656911621394862,0.3914934881454385,0.22711698008878697,-0.06863121483702146,0.5525815354617406,0.377393661160972,0.6685643428104929,0.2811072815600628,0.6224529193964051,0.1365847954236773,0.36926608524538657,-0.13874852917490144,-0.07424564752192946,0.311249040945031,0.2385300866225673,0.312936799769356,0.14174275584088944,0.32075883840674685,-0.0008024020042396492,0.3617036676448389,0.44027780912776815,0.5182667527746533,0.586910057595788,0.8168386648925702,0.793136318261084,0.8923261955498979,0.7513134611173305,0.7130570578785084,0.6070996599154855,0.7883059404170687,0.6006262737247444,0.24431124584349026,-0.14170541430306505,0.07167672005319266,0.07739278627227997,0.14259245597384104,-0.06901264732679135,0.11733275880833471,-0.10880761373880664,0.6698701921781834,0.2785618322007268,0.4285788447717747,0.7369960547768252,0.349565239966539,0.4831845460571797,0.6017522101533394,0.4254915346880939,0.0746568585996753,0.20458459673691523,0.36283583824211946,0.4356697340714776,-0.11107142558984831,0.5406063499538419,0.0036995151523767224,-0.024727449357045635,-0.004163179696287889,0.24786907991347398,-0.28309846124379234,0.3041039174377656,0.16238015621159882,-0.054707455704357796,0.7084959711913751,0.20581074073760047,0.29725985030152435,0.21458016903898025,-0.05881902224550429,0.21746881765592885,0.21603977831483023,-0.16770820702800376,-0.07758291363762469,0.1415032123949971,0.5966346969612428,0.34719359077757045
0.1942879649040582,0.36886238977866803,0.27707040050593734,0.3248758723322077,0.13051990479662343,0.1648200368313685,0.42521354845268466,0.42985395090541106,0.24288234351236065,0.12898115451501663,0.4831677203895095,0.5655821404479593,0.4767811532268828,0.39927605021760065,0.3262735203632942,0.41385173665018005,1.0000000000000004,0.5174220341623572,0.4097661451787153,0.525687804535898,0.4282711332029692,0.3537237536519601,0.4854780729774945,0.4313214585980573,0.29450252902253793,0.2722361372561363,0.04390396978171311,0.0593946304998155,0.5451979876186325,0.4189176325563314,-0.019982551702785484,0.29232317728006485,-0.03786813719949096,0.36478175080742803,0.26454598682168506,0.28104375904353573,0.0062858440945077,-0.023054375905238587,-0.1619179950713794,0.0021023158805252274,0.02213814238520078,-0.053532813880180205,0.14804689306451094,0.01821446061149568,0.07831438921224905,-0.11645333707530099,0.08550818509781825,0.1681245697530569,0.1202896001881242,0.2522578148827588,0.23566336492993048,0.3932665637884542,0.4600954972590337,0.2108682576097078,0.22240051061646696,0.2331659296510489,0.3964069283437485,0.27550774085277213,0.4155081064750366,0.4889909221087744,0.45602878126366586,0.4649664216189527,0.4605147594217654,0.3427706685194744,0.20818747342940735,0.2436251701658194,0.1707143997604629,0.6631136337019409,0.2945260416079167,0.44817149009822393,0.5065105628189783,0.44811543664246833,0.36780743258520987,0.3883455160802516,0.6475295346375884,0.22009844418887203,0.44801761876023577,0.48773082592427386,0.015320570159107715,0.19302529011548034,0.3243571909224785,-0.2931796785639366,-0.33190493190837805,0.16011251163547366,-0.3568709194147874,-0.12234989712089121,-0.138895657847479,-0.2651679013406746,0.4542266903080895,0.0672868717082266,-0.21018458790539576,0.17048249699755122,-0.10503627707218094,-0.015037375401034277,0.21753422885348156,-0.1345052327971499,-0.15363963295999977,-0.2286233730958321,0.20886844288443934,-0.06277069620138968
0.5147320003464493,0.5384423651742241,0.4832181789022931,0.5412279610382927,0.40734691321206595,0.36967275704626124,0.3564857226092356,0.643874742087467,0.3634748281838341,-0.04033578985201611,0.24438664093514398,0.2336091108942974,-0.003121364881046063,0.125990698242842,0.20801346114439523,0.7301254564508014,0.5174220341623572,1.0000000000000002,0.2939375556606123,0.8519871377193243,0.4706601358697259,0.1754487248544911,0.6392567989957498,0.22113784207956866,0.05989414365542503,0.08688444727445507,0.12319853853100951,0.035282171861498256,0.4060009355644753,0.19313159826464046,0.030476190151686573,0.21371868438522967,0.30412313328954504,0.7065957526479069,0.3344652096782087,0.6763305901515524,0.08761306019614076,0.1929791905023513,-0.11589963938075,-0.09019694298745343,0.3876097689363141,0.18747885623288382,0.29123647565563504,0.2423876131209459,0.36449291745498824,0.14081950958794018,0.42201736986375965,0.5534958808368288,0.46912546069797156,0.6335294246265313,0.5486489127987285,0.6221839678100934,0.6171419624050084,0.5180110461502129,0.43868881930571174,0.32979658998923755,0.6775664863226327,0.3990302330707358,0.14479570208546294,-0.025228927980192245,0.025105267545753655,-0.04353350405861258,0.06836828006230289,0.1332792563324266,0.20166356522673465,0.013193714538986911,0.5212242690722174,0.4366075235699534,0.43793308615460025,0.8439856136304066,0.548438898087148,0.41672615684161574,0.6978178231881687,0.43966406356640714,0.20704361582581982,0.04904081442267817,0.3707152023989866,0.4169597534835217,-0.05848705427293086,0.19614771543812679,0.020374577733028976,-0.21067238164452406,-0.1621632938040129,0.10014254361880129,-0.28301702757016595,0.2094878264119748,-0.0028983213837721557,-0.22489553891173086,0.8172210722586533,0.31153149227694177,-0.024523783797689245,0.03352688260015921,-0.11686899507597566,0.12661109825715708,0.13104795983522807,-0.07386847899058498,0.03885828146211138,0.06025330227944068,0.5158641157065099,0.3211408032597985
0.03124243237935149,-0.043215957633028955,-0.023674433094423887,0.07852166334037199,-0.15258436837397088,-0.08927797565912926,0.26928498101799236,0.0914665627019724,0.028968314221058,-0.014081695278105258,0.1998116573433754,0.09515376529539606,0.08670158132952743,0.3355525876002364,0.2771677168363268,0.1534366754455158,0.4097661451787153,0.2939375556606123,1.0000000000000007,0.19714941879257075,0.38425373858908646,0.27619034958806543,0.24676408077799045,0.1812455067846881,0.22692246312946854,0.14919435486774954,-0.15037033146018564,-0.060760049997381695,0.41436811896120734,0.2311913352538771,-0.10363392213468267,0.1940244778474524,-0.11002958173942183,0.32010388749848273,0.09952617136935456,-0.05610258939317883,-0.13142323565083947,-0.0015601490456348135,-0.08837286257068146,0.07420252628379079,-0.012929676760210571,-0.0497744620532254,-0.025245607944249914,-0.11391784459952105,0.05884391142204871,-0.3002438851446764,-0.0333552860404588,-0.02767487779964535,-0.006996760558948314,-0.005173635306093973,0.11472678017675968,0.13470747135221492,0.17140307452690565,-0.06407452999139075,0.0408838549143728,0.0033276016354379743,0.10590912342975499,0.04325958624779175,0.1841587882266228,0.14850346668547018,-0.03733771199857141,0.03446163669169034,0.02039336194528936,0.36405534801454814,0.31251309508457065,0.2125319861272198,0.05057924001037159,0.6010675717000633,0.4298289150983207,0.2641478562132914,0.3528488064453722,0.33430092427854985,0.259307351978186,0.24290287484040346,0.18990529538862275,-0.11758920662091975,0.17022572306372308,0.13761198959769752,-0.0629244226368636,0.061381638061588674,0.3739588174944627,-0.003155792898131262,-0.2845204174578956,0.19999711482998123,-0.23498509094975073,0.03449183007052371,-0.03269964998998285,-0.1330799590873544,0.20391636777695765,0.034910847214674204,-0.09732422663716865,-0.07649173093232625,0.05071648967076378,-0.09392148336149918,-0.03168653377931849,-0.18905984038778795,-0.33879280041941967,-0.16440917159963245,0.12424289018269348,-0.08304922668311665
0.4347294380267752,0.48497022876053153,0.4552434612962416,0.43548598875475497,0.2879023614577173,0.3214038914626449,0.26260245746149335,0.5848901548247624,0.34233451488288213,-0.03280958258544211,0.2070864102786999,0.20275588211393153,-0.06089883420461757,0.16421172255296568,0.2722076450285701,0.555396155634287,0.525687804535898,0.8519871377193243,0.19714941879257075,1.0000000000000007,0.5911567613295043,0.09770473953455389,0.6509351513997024,0.2651946354524229,0.024895237592777328,0.017676681672940286,0.3370013373488392,0.05998034715608001,0.49647000107485545,0.2477940568141101,0.16097185407356535,0.11634879770959522,0.22346018065382126,0.5038331784417711,0.36863452316709006,0.6094040221115846,0.12944478769053308,0.09916509458627863,-0.137636731314145,0.006527450929480152,0.34736060393083296,0.21006485397183128,0.23042855624052058,0.3114020896045024,0.33213273449638747,0.2726899009372291,0.33113792928405006,0.5261504663567818,0.4477564435733749,0.6248069599062966,0.4114435803065557,0.5231608266494941,0.4673041528281486,0.3996773050712278,0.32374438492025787,0.22965995084063207,0.6006541138774854,0.39723750699663857,0.11652778135005784,0.07068322498289681,0.05641406016238068,-0.049251864110026466,0.06211886373402468,0.2449896934000095,0.2966675698583458,0.1060169903746669,0.3268510801387932,0.39024843011653615,0.3453073662121373,0.7019039235192145,0.6591979192069791,0.35044732296463016,0.6464346345322066,0.4505435074779034,0.2688448139621084,0.03311863231918779,0.43228873711396637,0.4441415826737833,0.07502490951825311,0.12420564118615378,0.02335773712463907,-0.34880444375780384,-0.24589545983489147,0.021314710873145883,-0.15815267804256286,0.08013370762225008,-0.017731541463362987,-0.2773706548599958,0.75924869463641,0.36974207281939786,-0.1667944611268082,0.036340605860106644,-0.14811329288726222,0.16945027622915904,0.17714295320575665,0.001961292503008189,0.12993631695918498,-0.03098456154392729,0.5041871576065807,0.287907935133518
