0,1,2,3,4,5,6,7,8,9,10,11,12,13,14,15,16,17,18,19,20,21,22,23,24,25,26,27,28,29,30,31,32,33,34,35,36,37,38,39,40,41,42,43,44,45,46,47,48,49,50,51,52,53,54,55,56,57,58,59,60,61,62,63,64,65,66,67,68,69,70,71,72,73,74,75,76,77,78,79,80,81,82,83,84,85,86,87,88,89,90,91,92,93,94,95,96,97,98,99
0.9999999999999998,0.12145990134133688,0.12512415601649968,0.2169602070179392,0.03302846225253402,0.10600946353016738,0.3703089189843466,0.21495693148074468,0.09303872964194622,0.012527124509344713,0.03047784054818061,0.15575150093384107,0.1849768416629996,0.23769071140822254,-0.0025224564593691995,0.489133946681752,0.23747877066005094,0.12928074724443112,0.26578750489956116,0.1427923138643191,0.2735656378141519,-0.06529727982107164,0.02030060094336956,0.16512127927857365,-0.1785574931818393,0.06994351388619978,0.0396942073673428,0.05313482578677729,0.06647734343864069,0.09844973820376017,0.23142494453269652,0.11854479828548742,0.1286227259143018,-0.12729045579818615,-0.09054042233185626,0.0070889728101984455,-0.026363416689786874,0.20217425448514842,0.042321738259933205,0.08190642755578724,-0.09550089979727502,-0.15052947161118646,0.15363858776719708,0.171568467632989,-0.18224425031390531,0.08218018746336458,-0.06545865143411707,-0.17490087777609714,0.29171327513808815,-0.03394703694149925,0.5349913373590329,0.21844134602421858,0.45419426561264015,-0.01239841941268762,0.01670711618800993,0.2901661987674825,0.2777141665402593,0.2473542365782928,-0.1491384451549904,-0.20862091693991605,0.06062529692862001,0.01999939283495247,0.1318148789270183,0.30665008495861223,0.26477803653510673,0.054246489657947886,-0.002969732587665207,0.314992353692425,0.14126511790484456,0.16816786995308536,0.0685954154648439,0.17071792796268492,0.18708110322007107,0.014055020474081675,-0.024483805879334873,-0.2145152298847029,0.10816531304159864,0.056653966160932615,0.21391188484988932,0.40277478001205763,0.10905492244217521,-0.1850837088759359,-0.07862909262013522,0.0014443768832738953,-0.0695326938814274,-0.03575430148157718,-0.09316784126190361,0.0653529424231842,0.03465448171709945,-0.1810121131015007,0.1008283314914006,0.028672939999438596,0.026986930519323313,-0.19696685375468184,0.1755336621275105,0.04259851418489327,-0.07631585976073708,-0.14564512449137887,0.15677469926784568,-0.013878970734957136
0.12145990134133688,1.0000000000000002,0.5042545461722954,0.780158191225013,0.7554715895613232,0.4472317034812679,0.20480031359546952,0.49571049179347737,0.2623033683895067,0.27358471554917174,0.38041135159450945,0.2981057495828079,0.29099298602654394,0.041901064435377965,0.16899308045716574,0.5824337728005682,0.037217899194921474,0.22641024129701084,0.15798451474176708,0.02922635920322169,0.03981781956251072,0.20799191973219872,-0.026822167179617468,0.11898935365788002,0.10870349280346053,0.30388894571548747,-0.15295073142951482,0.09580479315930607,0.14913594124203303,0.0942529850891636,0.4003075509989943,-0.01305029110365504,0.14076955594023155,0.053714112709090045,0.1855129666939926,0.09212502440171533,0.22196907623001844,0.19886517590046987,0.1392430109557125,0.15039140288000036,0.03350413018832145,0.19367298773590594,0.3224321496457491,0.11351254883311541,0.09009225779677099,0.04581248135720724,0.05047644616184535,0.08664591541701787,0.3644573095145891,0.06024117635561156,0.22427774124613614,0.6991667315952337,0.3470988045030537,0.29615853572332107,0.4225057788640112,0.39964458598209907,0.4545374327940215,0.277346644092543,-0.1264999861205868,0.017599725243481905,0.19393630955899624,-0.0049746696148718446,0.06846022968446296,-0.09318931750359256,0.09574130369783135,0.07677196322485533,-0.009627625094411797,0.030740299439180923,0.09734984608041596,0.05254902042176773,0.050544859807068784,0.10950595953964126,-0.011331360735238251,0.021888321205957656,-0.08232304591088783,-0.23443270820909556,0.14289245758653324,0.00662848963257124,0.33002945805204525,0.0533837853007554,-0.05353979169261865,-0.016450318301633217,0.26296847063230744,0.21193930143308107,-0.06698363247139594,0.17535713533398417,0.25469449892228885,0.27232390131287065,0.06387704886368947,0.022575708679963835,0.1857251633151595,-0.285656554621764,0.09076950501330565,-0.01046451051204265,0.1440652625125943,0.22226064819243582,-0.040250383850804164,-0.15092824774674585,0.28905365509888054,0.05283961150375127
0.12512415601649968,0.5042545461722954,1.0000000000000002,0.1975737446786595,0.6370527527267251,0.6536972467958309,0.25229995888867107,0.4369353319202209,0.6036731309856864,0.14448034833132722,0.19289715655906953,0.14928261288915304,0.015255109455535383,-0.05573405554321231,-0.07705794430559676,0.3581178946892382,-0.005150677862533629,0.12883903214683012,-0.004820592431667697,0.13442641638791067,-0.0950987285090683,0.09268669193579555,0.020829444575917278,0.07152669216903845,0.25165892130266626,0.31550720186794934,-0.03304069930285153,0.0835567058852609,0.07490504374935784,0.21331659435844402,0.465909238079084,0.004179267347370669,0.10933720898947343,-0.04002201207288935,0.12142103238142851,0.2851557125162791,0.08524647753179286,0.05662590554194141,0.006569947587060217,0.0575306279016938,0.02895499157045582,0.3920897838224948,0.3833671875924763,0.07350873824273055,0.2769583196887942,-0.058425171470707256,-0.016811445113532383,0.116942123439061,0.4906323867957974,0.04420114857471688,0.18703272466084422,0.41684725473064044,0.30872569190486165,-0.013826618598890106,0.6060290511069362,0.6520569127696079,0.3367536711002445,0.5354337899039696,-0.07726857654674811,0.14311675620434497,0.34488108732843625,-0.13217371853778914,-0.05918094459056769,-0.025099379833543656,0.0896433138784358,-0.03479255860268353,0.05467803764472296,0.12622727696415753,0.07945844203999088,0.11366981291223095,0.11139560557578009,0.15982713581947508,0.020673940784375087,-0.08051966947803789,0.1617359509020311,-0.020181835540946956,0.18775312203087577,0.14740273603115936,0.17614301589127856,-0.022564018256202797,-0.01334107801140749,0.00686555974163597,0.1748034833646087,0.15317140718594469,-0.13091508640466287,0.06961861177420725,0.08847556799889061,0.1311959955657664,0.21702839002225444,0.05610160140078031,-0.025756694830425555,-0.18979162031061445,-0.1879011919740905,0.1996896534433719,0.16602566590596288,0.1388620690412065,-0.056195483890425106,0.016603360750608875,0.5487038696114237,0.07390365785101582
0.2169602070179392,0.780158191225013,0.1975737446786595,0.9999999999999997,0.5901255031569552,0.19296865666628715,0.24835173744158817,0.38602188150088224,0.03083099276311294,0.2062927781308385,0.33108180608348503,0.35093113053349567,0.4291516093789946,0.31410225494747646,0.44318658863594645,0.5641003013324765,0.14783378962369342,0.2100767651482043,0.19257195427357388,0.04426706874887586,0.2892085637234973,0.12149590576391193,0.16682795003023068,0.16876341311830298,-0.04197914751562385,0.2100071363215954,-0.07803199444406721,0.18169616307820288,0.2718974313845027,0.16788333261014252,0.23290311116482484,-0.15973193047721873,0.0540314777053532,-0.07423909263799529,0.0847038890173509,-0.09083342321753096,0.11291822779471244,0.19251892712269722,0.1898523037907717,0.23551340021999168,-0.15556190474140158,-0.04533907099567171,0.1707598529644038,0.2094585896807722,-0.11263011772332954,0.09975277680210964,-0.00044693331277215025,-0.06213666473117925,0.38626989229677033,-0.006671164515520998,0.27886086554447753,0.6251798804906836,0.40028376635307933,0.5813229664175882,0.1736893351465551,0.2913957207968557,0.4171163947634435,0.05182634674193073,-0.041911978293606246,0.1031014665550999,0.16810400650420504,0.23250524634937908,0.2314192366827439,0.17549431005262853,0.25875515931029824,0.40786615165701506,-0.004987460984737522,0.11566220283657874,0.14024952908373134,0.050849300429327886,0.24383920589657035,0.08991279189415499,0.1892964747252189,0.017616720864988642,-0.019454539898351893,-0.20755288932412003,0.2514984640910077,0.1126103696225313,0.17107770096925753,-0.021469950011106905,-0.07721163666421273,-0.167118045422326,0.09792350083272765,0.07074665327272639,-0.08286758104896222,0.08408058258909304,0.25537842684259016,0.2631288064107487,0.02555876833261307,-0.0914706018708044,0.13104661333988774,-0.14443247866740636,0.11967412916231317,-0.14297242941868468,-0.018557928528576913,0.2536580863199647,-0.09346226201511582,-0.19891239643947461,0.23249900855322417,0.12728847840198187
0.03302846225253402,0.7554715895613232,0.6370527527267251,0.5901255031569552,1.0000000000000004,0.6631122101827928,0.14352861337520806,0.4012258006401549,0.46661737797946207,0.1601163691948717,0.24845241763564824,0.23601830593659912,0.1662076083925506,-0.022293670992698623,0.09900258184082475,0.27419291142489954,-0.05388789543065623,0.014312641407872268,-0.0906061562552371,-0.001719215172247542,-0.013926809432456888,0.08696409527449495,-0.08372630212327176,0.12521356468497918,0.10378117133552696,0.2842182895755432,-0.08525041071249959,0.20395326609603665,0.1944084972623801,0.11654340990229649,0.3741268489568519,-0.15279866986496599,0.15088011789622796,-0.06300703005055805,0.11493939392696108,0.18203300761254335,0.2916104938969114,0.12926827234737265,0.10117823824949781,0.1520898494985479,0.08744693113748676,0.2783899861218266,0.31938279321871615,0.2275088770088923,0.1521066843131255,0.004584910597857016,0.05213399882036085,0.05651043583798634,0.431427664639251,0.016318840332264262,0.08456004953550196,0.5147602588115004,0.16699731393549663,0.27723492166815084,0.7253190529265331,0.5418511432200523,0.29836768790959567,0.32919530617656567,-0.12129324835675942,0.06099837828523125,0.24136669603550712,-0.03641265013549036,-0.01375987685188944,-0.03869923949406347,0.06795568423967524,0.046981712481447106,-0.07630344577287612,0.0014659964199079196,-0.02746977159627282,-0.060885724073643815,0.09845091720498339,0.08318962405245868,-0.10638561241557516,-0.15349663924458,0.026219326479831707,-0.03513628780676169,0.2977164835271088,0.08585595643436288,0.21526667836311622,-0.11359483798220323,-0.019232599646161933,0.018799353455856895,0.22424291719277603,0.18452940402527498,-0.05829949409557129,0.040992600959168964,0.29410499239839294,0.3402069759915273,0.08773330007270888,0.09074426212427088,0.09639757880339485,-0.0987249044222983,-0.04503442294338553,0.1553321876816942,0.13890886616233464,0.21198825387733322,-0.008204595452587242,-0.11797088484337477,0.37142232686583593,-0.031809433096785085
0.10600946353016738,0.4472317034812679,0.6536972467958309,0.19296865666628715,0.6631122101827928,0.9999999999999999,0.27026860661607655,0.5181651760549965,0.8210791383324446,-0.03639724868671349,0.0036091367041513633,0.13031698854318466,0.1502908972697522,0.03637214910952032,-0.0030000189175591763,0.24490709042620765,0.1361674947117121,0.1430607822488155,-0.013617574245706296,0.20356510072291428,0.02643536449582994,0.11625820804853894,0.13679305599573954,0.21754916022231102,0.08027730724705617,0.12200432211054899,-0.11554520303339791,0.014462911256285496,0.25218983478568396,0.1030408369703264,0.2773874863449721,-0.028884038594662393,-0.05050455270453667,-0.11507890234496568,0.029300803609392863,0.19983993420351076,0.020915535807619394,-0.014535317815559775,-0.2136980773035241,-0.02381856643824143,-0.11965824078665796,0.09805326978208756,0.09811278530640158,0.029153041956494995,-0.043713112888821605,-0.21480712763511975,-0.184076236470748,0.0033507927713641223,0.4903242471531767,-0.10186815609285173,0.21234277600015236,0.4420070064290537,0.15083163428080465,0.043307110697388136,0.8535218873203521,0.7938967048715942,0.43643143759181185,0.6431876021842178,0.051483093138153316,0.07815249822850147,0.39245956215683847,0.017117865204855927,0.20227331430806722,0.14765269213038026,0.22232719192413736,0.027621854049795346,-0.01977733789514323,0.23958240973803369,0.10109028842179608,0.030225404666299478,0.24949755975407517,0.3608040882639743,0.18982522801914822,-0.0824777283858433,0.2645661399417773,0.10696491037297236,0.4185250810774442,0.2003211337755254,0.23154024606670986,0.01756676965177935,0.1378496062948459,-0.11859546149451587,0.10481223365802905,0.24787817907943707,-0.11528362688048482,-0.001939287950855072,0.08344547419254907,0.06095162759636175,0.05716774747197366,0.031169927597141434,-0.03724043535682062,-0.1184433594330691,-0.17406956838409657,0.11660537273970867,0.030508652724990572,0.003591895129407489,-0.1908980654628367,-0.11085467014133278,0.42390036717012,-0.10753353619960161
0.3703089189843466,0.20480031359546952,0.25229995888867107,0.24835173744158817,0.14352861337520806,0.27026860661607655,0.9999999999999996,0.33860126080720937,0.16765990317926255,0.10200577181563193,0.06599632071944979,0.25510204778316464,0.051855524322818265,0.019073382787331616,-0.11749394054488871,0.3399644730871067,0.2841843285372251,0.10054396334272155,0.18872937230293374,0.44028952007938565,0.23858322568258866,0.04154560291726937,0.23723845609027044,0.5673670137274237,0.05930361894687909,0.2385562547778239,0.38112640221356414,0.26719019922293774,0.4626344180842077,0.3311514143210282,0.3932065910247078,-0.10810063006276292,-0.2204397182098643,-0.219493821017692,-0.11163856655372556,0.12930431041959364,0.018237173986311007,-0.02818470660573059,-0.12073884537143163,0.04522451341880633,-0.027293064528088697,0.12158382565503352,0.18020115067610876,0.12869207836284532,0.08688127005253078,-0.0711286385196958,-0.2296625492291493,-0.15634593439858466,0.26802787543471723,-0.062183358801144666,0.26351455629590625,0.18611862173557236,0.4741090468820285,0.16513737308111778,0.12618015224831802,0.3125859554696974,0.2441366822126231,0.24946538295810966,0.0832491222168732,0.10978013078494923,0.29788637454554157,0.01085874787969648,0.12081647995727568,0.06590281785861307,0.22132740792206215,0.001583654809991314,0.18408870673191455,0.39278757195694625,0.0961020764323767,-0.06292371397491348,0.3080178406451934,0.11475483750979287,0.2632721946587014,-0.023657250638045163,0.5222423568944758,0.10134293831725366,0.30003617237877117,0.3525837859617677,0.3090602042343847,0.1528748248537927,0.4336940245887209,-0.24249847432468732,-0.050891369094474365,-0.10096698340432195,0.20018715350461852,-0.31097347536019626,0.01572203272937178,0.026748112446500848,0.13009672728620802,0.07718605536766356,-0.29899721735365276,-0.13694988248408055,-0.2159572307291908,-0.14751349410491357,0.16048666988037616,0.09766994917217164,-0.1818228965327767,-0.1438237182604626,0.22001180904219103,-0.05897146611659778
0.21495693148074468,0.49571049179347737,0.4369353319202209,0.38602188150088224,0.4012258006401549,0.5181651760549965,0.33860126080720937,0.9999999999999994,0.6185409235597328,-0.22769298599280405,-0.13783140199231386,-0.10659641260316259,0.09498748393620601,-0.1433264538814243,-0.11521481424825901,0.4278201100220932,0.11646705193925568,0.6304772858484015,0.37317132503453054,0.13928110371590896,-0.11373836223672637,0.25518595729103755,0.11228675240805173,0.01749531730090346,-0.0018375951859886397,-0.1276553103195823,-0.27917672428127044,-0.2378451337546249,0.06135095216379118,-0.20726487638702465,0.15567111956207452,0.0317731016847144,-0.15573378894203024,-0.021591368499538403,0.07885380523466815,-0.0031692816512888093,-0.1927276640141993,-0.25868174736812366,-0.44825761223104765,-0.2973424072008101,-0.44190465688440494,-0.09206854538928473,-0.02317878386696575,-0.18843793671677708,-0.1414879941495806,-0.364968174034656,-0.3284457069977247,0.06235057041666268,0.3075090315954554,-0.39679550244474543,0.235328922521252,0.49864551346082847,0.3831717804295306,0.04824421271810306,0.4176339762697367,0.5380187716410305,0.850382677644577,0.7390013439582795,-0.013311725410561146,-0.12361538933815909,0.03246602292189858,-0.15309872189920362,0.03688112840221152,0.049495244177690224,-0.03196399600534798,-0.11359580723979822,-0.27946833950952216,0.15069238225440718,0.1995507021421052,0.271451695088084,-0.06594850333750932,0.42503617578887126,0.3688848891115833,-0.16091255466192758,-0.005462803019415374,-0.14227034640258085,0.04518326352417137,-0.1972578121512102,0.07333555490421162,0.0881922889026923,-0.01154765749889798,-0.37367733292003114,-0.06931223234827023,0.17907759103991402,-0.3539312379501712,0.11600810246897995,-0.09463600553762824,-0.25471192374147683,-0.16461221890633373,-0.40888055084016867,-0.23913135445533518,-0.20797951990699493,-0.2841952191981163,-0.12725832918607374,-0.20652487112833673,-0.2419130519544568,-0.5328913017784185,-0.2507788048371249,0.26165613294378587,-0.26097383520418926
0.09303872964194622,0.2623033683895067,0.6036731309856864,0.03083099276311294,0.46661737797946207,0.8210791383324446,0.16765990317926255,0.6185409235597328,0.9999999999999999,-0.1570993797959293,-0.13536461563349678,-0.03869557811226167,0.022797730690948214,-0.008494249310918148,-0.06471180083036276,0.13243483966566938,0.046663736261175245,0.18910959874821023,-0.004071100821365707,0.13526429031672094,-0.022292425332873237,0.09734750126585545,0.10235298688537617,0.00788766151603829,0.014634721734947542,-0.008725393908255975,-0.16361410749587457,-0.14337083422917485,0.09623667573495694,-0.03311760691226847,0.09694231390482913,-0.046051839058869525,-0.10056461552465701,-0.13819555155283475,-0.03759350462476372,0.11753770673202729,-0.158487189952331,-0.17541255963962435,-0.331736981507457,-0.13620185032397153,-0.2827133425912683,-0.045954417971982256,-0.0742298561037572,-0.03504302484521265,-0.1902367030536317,-0.31166920585378866,-0.255180934508862,0.027782598738322797,0.3679215858576246,-0.28436192218096457,0.13424482599543971,0.41343428137878685,0.14645958585221824,-0.08207905386344089,0.7491712786633321,0.7837021178635897,0.4968826404192897,0.7936417337477796,0.05087677366609495,0.04782910536884355,0.31980370386266427,-0.06326867586900044,0.13041577591151293,0.1619984378368912,0.12301382174575305,-0.025476946842360848,-0.17074192554644022,0.10417801864948852,0.03391592043209182,0.049349278296605174,0.13891635254916826,0.3542353987472648,0.16702125483096103,-0.14774897398163428,0.14529870750315801,-0.012075262155497528,0.234151327625178,0.06001471412376133,0.021441298842840458,-0.07387018889448174,0.017542508154044262,-0.2712424299789929,-0.13856239213979643,0.14055229088024285,-0.2267125357799912,-0.033138755701381896,-0.12645045220789855,-0.16559377490862678,-0.059106812473646436,-0.1511795048926491,-0.1638401636265339,-0.08590741247460053,-0.238025445160608,-0.006631763058279462,-0.15013261093637922,-0.1831784662036691,-0.3383359805996405,-0.15264010046334078,0.3624683638191196,-0.2564228327904272
0.012527124509344713,0.27358471554917174,0.14448034833132722,0.2062927781308385,0.1601163691948717,-0.03639724868671349,0.10200577181563193,-0.22769298599280405,-0.1570993797959293,1.0000000000000002,0.7192153902247443,0.6262073837614472,0.30248451220631184,0.22835521365619718,0.2484536477763263,0.2667798182762118,0.045920129099922345,-0.1654224372902186,0.05997016998138674,0.09816696898650557,0.3875145458888079,0.04696899130570079,0.10158093792725918,0.27767959934338166,0.5802025456754341,0.5728006090978924,0.21167305182066762,0.2807244154534516,0.3384131229837837,0.3579644186355338,0.3289885187512803,0.023370211781766893,-0.00024333634623388553,-0.01663261013094088,0.07790706425249815,-0.037071911850031204,0.13971355145548262,0.37627321415754306,0.4227193820628757,0.428754356567811,0.14975638144419956,0.46798022274539847,0.28427569369694755,0.1451253547920731,0.19581936464561678,0.09915061755337566,0.08481626548232327,-0.16630678414325736,-0.11757889098681201,0.16534422192476209,0.09144786813815187,0.16823373450442358,0.20578826259375652,0.21216428346125282,-0.012901289107748341,-0.032705846157603094,-0.20841952518501158,-0.1967089104537085,0.09695347786709033,0.39004034195739967,0.5120094345513275,0.18681971437497827,0.15542220082081454,0.012278795106989275,0.14989173549791934,0.21202128129730463,0.32644728031044096,0.08505676993875068,0.11024764155280219,-0.07276884530854112,0.27412445782386935,-0.12648117477956924,-0.11885590865342163,0.38514538303795465,0.2787860663811625,0.11544187896011973,0.07141881333717323,0.37069783262746775,0.26626825303468205,0.06813770051356438,0.09844239574664507,0.11450867818056232,0.22661252517319505,-0.04214491584349598,0.2641480218364358,-0.004100414374927973,0.15553286058381227,0.20060212719918574,0.09361809092705656,0.416366788456292,0.05044626361790726,-0.09463337748544108,0.38535068789234983,0.03233798264186949,0.32312273010845693,0.1701224446920743,0.16694763133682544,-0.030715025221715816,-0.0009834251629825537,0.10385641762537054
0.03047784054818061,0.38041135159450945,0.19289715655906953,0.33108180608348503,0.24845241763564824,0.0036091367041513633,0.06599632071944979,-0.13783140199231386,-0.13536461563349678,0.7192153902247443,1.0000000000000004,0.7376174272316335,0.40796163950074027,0.30244262516384424,0.3508624010994796,0.3856540054050106,-0.017818639398956233,-0.001928994690672261,-0.04874534598643776,0.03175226759401313,0.3709305304293686,0.12397701118631614,0.14532160100564204,0.22997254527216235,0.5302739582450202,0.6916155133651494,0.0380496148328667,0.28620422031042686,0.35639656113827006,0.3770999937833178,0.19186483499282844,-0.21969529568052276,0.04042107922438432,-0.039710115327453464,0.034475107812671414,-0.025019006127169098,0.24416109576050676,0.21435863555085224,0.33293584709374896,0.19954118290947725,0.1903102619214144,0.5601566035007285,0.37064238696661056,0.2172598280873866,0.08810318001109774,0.1399260347478446,0.15449913690023373,-0.06996337786565877,-0.057501356024082344,0.08447535704732276,0.231529210529103,0.24065012732048122,0.10093821351809541,0.2694354247646631,-0.03850779036654967,0.060127540634151946,-0.13424618861249216,-0.23227230167492746,-0.19045899949206846,0.22755956331854063,0.3657357494124211,0.2866064520920684,0.20108310221385806,-0.027788021488059034,0.1475061088314303,0.2534913902542893,0.13473176455648084,0.05074792890354389,-0.021321018769005922,-0.15173247975162474,0.22872580248942181,-0.16897668174709848,-0.16696769195709676,0.1697200579950187,0.12348975334999478,-0.08709040687606534,0.15032267347491785,0.3438618883782167,0.06282470554056951,-0.025495980699718365,-0.061708791188128845,0.009771145824509664,0.1299860603512934,-0.1102200766937215,0.0818694064352914,-0.04877406851775829,0.1267057237723822,0.319133606326991,0.009379918276689396,0.2655559027846417,0.11187505465317858,-0.2034086033642149,0.24659802369723172,0.002701018441359824,0.36676532360831143,0.23643551344393868,0.17308543873414373,-0.15523040694152346,0.0014867960348734805,-0.04998253768775117
0.15575150093384107,0.2981057495828079,0.14928261288915304,0.35093113053349567,0.23601830593659912,0.13031698854318466,0.25510204778316464,-0.10659641260316259,-0.03869557811226167,0.6262073837614472,0.7376174272316335,0.9999999999999996,0.533542445254594,0.40461205409615286,0.35765548405085323,0.3848918803506436,0.42235469815973786,0.04229777886823901,0.07906764134114046,0.2560593779807654,0.6181576328869679,0.2009469378176782,0.2940163231135254,0.5783693937602101,0.3791761762120823,0.7533557153552144,0.21843334062604583,0.37245285826403957,0.45370150047298197,0.5131964663612361,0.2588424885999741,-0.24393791072040172,-0.17209105684121756,-0.0652181724690158,0.060917574532023705,-0.0718752869728796,0.1746852583389316,0.04963295778095149,0.14155263558816605,0.1913048171693511,-0.04545860278052162,0.37405494211223556,0.2596125063813675,0.1267205192199955,0.0019170284180353469,0.00864520322957756,-0.09723007325600003,-0.31805559152428736,-0.0009684198082461674,-0.041457149299140544,0.27922250357034123,0.18509474396759926,0.22441421020447344,0.2710121279809053,0.06057554432419319,0.17797301071989316,-0.13489427719120478,-0.17047615876333846,-0.038153229661073186,0.3634678087353932,0.6303084116611608,0.4456273669056249,0.44944834383078247,0.25343708748222926,0.43272870122887913,0.3672129643564943,0.016963944861598655,0.3670996101145272,0.21926691039298823,-0.07544916796354799,0.49068469387434005,0.07010823383257031,0.13625064700778722,0.08669190033337004,0.44081083374674407,0.0700829260153491,0.3624553132660472,0.5728529836175364,0.1520130371725567,0.11949446455115564,0.2897145530593993,-0.12492162871057907,0.1156282962977818,0.03294376361035983,0.19164487580199577,-0.1828684359641298,0.0604806369527915,0.2844421343458904,-0.0038505045020251214,0.15654171548099094,-0.1330663866461109,-0.166532432017411,0.016965005707707714,-0.10952689717375416,0.2591065527448027,0.06090640565435036,-0.030496458997788994,-0.22934496645105643,-0.01164545344674226,-0.09327401220994583
0.1849768416629996,0.29099298602654394,0.015255109455535383,0.4291516093789946,0.1662076083925506,0.1502908972697522,0.051855524322818265,0.09498748393620601,0.022797730690948214,0.30248451220631184,0.40796163950074027,0.533542445254594,1.0000000000000004,0.6423104705531386,0.6764702693340641,0.47208362061372455,0.3339917348952021,0.18950941428211074,0.20349688388786125,0.12096736328226296,0.5686018092232109,0.19696469561673818,0.42612907295531993,0.30608231806122543,0.011728563172224224,0.2335811331926729,-0.13252720651899658,0.1961208004301872,0.41222798822533846,0.4511810355095263,0.02675953575184204,0.04200533528795193,0.12251229182984927,-0.09892928371274426,0.06635215396784082,-0.22675605166197277,0.006793514807086059,0.22878310317698053,0.32067808874328824,0.3853223562184415,-0.1331261597619565,-0.0892978558874237,0.24568143766070355,0.08463131959470324,-0.15274329955307428,0.17413167903180435,0.13431040317929838,-0.21732523517053326,-0.030263805959262726,-0.08474122477981633,0.35564400531266677,0.26006907532465257,0.22995324875677772,0.1844970618474539,0.06034667849943426,0.2170250345394546,0.11472780465596868,-0.09201369155936111,0.044849982265078484,0.20004405681979365,0.4597153374965115,0.7978725427538903,0.7160239241424783,0.4932538955871693,0.5899350001961037,0.6401904263247515,0.09705734022041305,0.40746370109008356,0.2821153751530313,0.08218331765389228,0.47983714696299434,0.314923098319972,0.26938220220413756,0.16965635468256846,0.21581314783774724,-0.005144721561051898,0.39780586947026153,0.4265350817119575,0.08813236661647586,0.2126936129542792,0.057868349767712914,-0.170996129641663,0.0038586118377943786,0.19447404592872827,-0.044506989923824916,0.09191463827742623,0.06178040374956837,0.16910528878118025,-0.1793476295767319,0.059104180319321506,0.12506230929323775,-0.028596318483396416,0.17048799985405477,-0.06014967155722946,0.25247667127765533,0.08500766044052971,0.06478212431540435,-0.2676510109175953,-0.03833960884846115,-0.11188830712961419
0.23769071140822254,0.041901064435377965,-0.05573405554321231,0.31410225494747646,-0.022293670992698623,0.03637214910952032,0.019073382787331616,-0.1433264538814243,-0.008494249310918148,0.22835521365619718,0.30244262516384424,0.40461205409615286,0.6423104705531386,1.0000000000000007,0.8369099689547207,0.31863383508223303,0.28749722438205993,-0.03865393529074539,0.06466785863016238,0.07924392781715042,0.7059864999326384,0.07708644427447477,0.5907307651290293,0.18825022404924627,-0.11764514895293728,0.09867215698965084,0.0626677565737494,0.2147114388374386,0.41941748638652065,0.596848870514823,-0.02550529766160357,0.030000654531307656,0.05972742495812316,-0.22890527295768928,-0.07071138755115111,-0.2667586641792367,-0.1612528455495859,0.30594300848644124,0.37155040913590753,0.40704390561756415,-0.24564010329094235,-0.30289967488094277,-0.03200167019706351,0.23974926228392918,-0.25385516297527094,0.20002822551219657,0.13514983025905666,-0.19750476756129412,0.17274928683275662,-0.09922763996662486,0.3888542255856221,0.26918505123667724,0.1331769269598572,0.2454769857179189,-0.026964725826469606,0.23766213234766054,-0.05151044797674795,-0.14073202067581045,0.25391139389817385,0.2969966163509212,0.42142065196276096,0.6800864579355589,0.6757807029007276,0.6083598027798488,0.616649401046057,0.8541432008829414,0.12254062730661688,0.3311501776903167,0.08251953934065033,0.02366564852461726,0.6245972969120799,0.10576331508435287,0.30255351074432363,0.28811252319009667,0.22405347546832105,-0.008923239333033838,0.4942910769220258,0.4976947543453882,0.08359465688315691,0.19959184121073503,-0.06583398574725371,-0.2888724957804273,-0.1850578200547841,-0.1488783681002871,-0.00834797786522786,-0.07260470800337535,-0.06733338479111554,0.06124574613790224,-0.06615541172374274,0.017394648697130605,0.20373151219684163,0.23955037106091798,0.2884776091385243,-0.12770945675060819,0.0453325145961768,0.11820598874982748,0.054689425591034214,-0.10143816166733587,0.07097482709827303,0.04152705628639816
-0.0025224564593691995,0.16899308045716574,-0.07705794430559676,0.44318658863594645,0.09900258184082475,-0.0030000189175591763,-0.11749394054488871,-0.11521481424825901,-0.06471180083036276,0.2484536477763263,0.3508624010994796,0.35765548405085323,0.6764702693340641,0.8369099689547207,0.9999999999999998,0.2958628480933686,0.1588810077999975,-0.002711476046422326,-0.03174835589862093,0.012608184685834984,0.5864766115937236,0.1655550950036402,0.45320731728415575,0.12105433950133983,-0.008523499680426566,0.03485642297789057,-0.007719236093598227,0.2409386878439803,0.4486977810543314,0.45186296998960046,-0.09639850950676661,0.049409792576154916,0.14369050575520756,-0.11152403112270055,0.07894360632098503,-0.24841363310096834,0.01774628136959378,0.2680968262645882,0.42962773533246307,0.4156813761673902,-0.14978474569678774,-0.18991906622796864,0.03542003256820539,0.21221168541857077,-0.16539810060937526,0.2460244018771018,0.17642451050950891,-0.04906264669226765,0.07001942764122558,-0.01418409614252524,0.27069311996214385,0.28126657048047543,0.08059939472593412,0.4000229859852479,-0.024525947075139626,0.15418693869147337,-0.005853197274202635,-0.185941405513013,0.23635141594200118,0.30456786990814494,0.2906446149885456,0.656804077692072,0.5788400842212584,0.47306072806988253,0.5733622999044796,0.9295919158703719,0.07507717896095155,0.1773418359988854,0.08442378065019737,0.011613315604550563,0.5701571227448526,0.09454517739576063,0.19030222168594196,0.1893536666807152,0.1328222354455614,0.032363850187719576,0.49231109576411514,0.4100932148852263,-0.02469032444709896,0.11832661045671912,-0.12239703725329316,-0.16723445804193343,-0.03736945462907897,-0.041730586730973435,-0.027934797430452615,0.00010404240804210198,0.11420966401615404,0.18874391079343417,-0.09367437541842877,0.04239672522478616,0.2192349183916838,0.22267073755783245,0.27372853877199066,-0.022531994570316276,0.020520316014302802,0.15347984697475667,0.09776026925550203,-0.08334651557109567,0.006421255549876076,0.04482920483976853
0.489133946681752,0.5824337728005682,0.3581178946892382,0.5641003013324765,0.27419291142489954,0.24490709042620765,0.3399644730871067,0.4278201100220932,0.13243483966566938,0.2667798182762118,0.3856540054050106,0.3848918803506436,0.47208362061372455,0.31863383508223303,0.2958628480933686,1.0,0.3013355899423843,0.49717764809757903,0.42455683158553575,0.2592658721435693,0.36237269898660124,0.37714966452639886,0.29743939097254934,0.29400347689513096,0.08529946304361771,0.3225813526585169,-0.0741801573740067,0.20384982823313577,0.2831554200650251,0.2578645564462723,0.422044670407431,0.13707023524155848,0.16898179490365475,0.154221534738557,0.28628050861172094,0.1062781565504567,0.0677990811474005,0.2541680512797202,0.2043740934756134,0.23655328178643323,-0.11542873468390202,0.12670343681383262,0.43920686437005624,0.031106794751005872,-0.003246614239080707,0.0751373143809303,0.04689689947722194,-0.07610945758240668,0.2868552365862209,0.0563666817040749,0.5599317903842694,0.47997125973782556,0.5802816937368256,0.24982937578777048,0.011652725659243145,0.34507664552026723,0.44797745618334867,0.1908367719092594,-0.14115857594847778,-0.07223447639744388,0.29878183055346885,0.25512904596513647,0.27792512981779266,0.21632507446981658,0.3915199606957668,0.26604435421868067,0.1348780002567349,0.38460423973746644,0.42233271417403306,0.3132687649019152,0.20808191197365208,0.34661890915112964,0.3213932846282664,0.11315749588894917,0.043293391152758806,-0.23151032701570762,0.21957302034084783,0.2071973226699176,0.38175153531569156,0.37235286091558717,0.11923116139188261,-0.1096355115237377,0.2841751803290339,0.33282644910786635,-0.10785159212108039,0.235381601726883,0.04881758246917545,0.1910982947916292,0.13106037798909945,-0.00820391831574529,0.19048786685957442,-0.22269387647719815,0.10474940631282398,0.02937773394182272,0.3797548726375862,0.11593135384214427,-0.08894290961075574,-0.16474504706265694,0.23188681791964466,0.09426354468743749
0.23747877066005094,0.037217899194921474,-0.005150677862533629,0.14783378962369342,-0.05388789543065623,0.1361674947117121,0.2841843285372251,0.11646705193925568,0.046663736261175245,0.045920129099922345,-0.017818639398956233,0.42235469815973786,0.3339917348952021,0.28749722438205993,0.1588810077999975,0.3013355899423843,1.0,0.41886472438671124,0.5921344074368284,0.4213458060716437,0.4616796373697851,0.4230480572492164,0.49580964296000024,0.6155459986703211,-0.13657517493384197,0.24703205960563412,0.2741842998551631,0.10676495287777045,0.20986622657187778,0.30722619114495314,0.10996218112096957,-0.206911323156468,-0.09441366970946659,0.25925226373540317,0.29243799881356064,-0.044076868044039444,-0.15972766774554142,-0.15781583729305537,-0.21613940123160635,0.07208433665772819,-0.2387956313195422,-0.09502538224082843,0.09793490107971031,-0.12553847304897536,-0.03340423301532343,-0.051242215656585405,-0.1931242869760421,-0.21124530434969208,0.01505234604786651,-0.12492103368824678,0.06036154577376095,0.15450222959880247,0.36279733833570005,0.0706931808229443,0.02821334952581624,0.1958107277512844,0.17131699355869773,0.07017658032524424,0.07653062557695796,0.0662108129234025,0.3578030597335833,0.24963433379417643,0.42932548662772557,0.4054803083160648,0.32839259825141454,0.2159583176900846,0.03036503757427255,0.5514939935514402,0.649931646607315,0.4181145071489209,0.37691131788575644,0.5234372794387705,0.5415655995451406,0.13738855247145534,0.2874008259731508,-0.053594631877076526,0.2550219511834392,0.31914172782582484,0.12308631671132715,0.08209789109798463,0.6117042847867603,-0.011496616391861834,0.08044347434589015,0.4038068114341967,0.2148080613504862,0.10886108771601342,-0.2181865050861637,0.04206612293523257,0.07174555912172192,-0.005996669282353249,-0.15062607077230786,-0.2722160768295081,-0.12593125732298704,-0.25000558822308283,0.05254209643092642,-0.15311194572926456,-0.10705991572679502,-0.08553903736322901,-0.05184543609412378,0.016111916015603335
0.12928074724443112,0.22641024129701084,0.12883903214683012,0.2100767651482043,0.014312641407872268,0.1430607822488155,0.10054396334272155,0.6304772858484015,0.18910959874821023,-0.1654224372902186,-0.001928994690672261,0.04229777886823901,0.18950941428211074,-0.03865393529074539,-0.002711476046422326,0.49717764809757903,0.41886472438671124,1.0000000000000002,0.6030949873527532,0.4633052191342045,0.12248693258248146,0.5349014652202594,0.4306148202121306,0.12034900683667407,-0.04508098818534906,-0.013175758239463202,-0.20884768956276223,-0.2645184387584419,0.06501816236771711,-0.0958973780522864,-0.042587886863439804,-0.004530312645605849,-0.025856253958069984,0.49237259150990037,0.37967349654008953,0.20462490638769115,-0.12012394721144422,-0.2765128869177287,-0.32746293417616057,-0.2384770630863535,-0.1881583931735593,-0.026448666786987974,0.051996958103950934,-0.3248153758369402,-0.04745039670323339,-0.2281629644446207,-0.09722592705005678,0.2092114787424951,0.1076303317132406,-0.1322275772395594,0.20374519505976532,0.21186401902009203,0.26168797263221305,-0.06992454856823498,-0.0679131879419173,0.2590347785048845,0.5976157556328536,0.32093124709186466,-0.1053353061633002,-0.18410513455473965,-0.04011893706364659,0.0330295919927383,0.04101439486225725,0.10775786939408978,0.060906406540849646,-0.027731882234952005,-0.0772939545619823,0.2537558958969705,0.5516438131356889,0.6262321578576576,0.03420393252854499,0.4917224096568173,0.519991523604003,0.11027036926542691,-0.13498918371331403,-0.2790391889196296,0.012819720193786277,-0.07331732485361746,-0.027487232447800554,0.14358203640651618,0.1602877412758668,-0.054233362419544434,0.13376289960018628,0.40857177713971,-0.17698936547042057,0.4168397431726601,-0.13611734684468021,-0.20008361551671636,0.15538733267504629,-0.19883901170442758,-0.060574765734119164,-0.19058764391514482,-0.058663609462885305,-0.09446343950506267,-0.17345842416201493,-0.31782103482648855,-0.3816651085253591,0.04739537953329389,0.12458202894801149,-0.09490817311473504
0.26578750489956116,0.15798451474176708,-0.004820592431667697,0.19257195427357388,-0.0906061562552371,-0.013617574245706296,0.18872937230293374,0.37317132503453054,-0.004071100821365707,0.05997016998138674,-0.04874534598643776,0.07906764134114046,0.20349688388786125,0.06466785863016238,-0.03174835589862093,0.42455683158553575,0.5921344074368284,0.6030949873527532,1.0000000000000002,0.27067405816844775,0.28290067167928895,0.45042873640967634,0.36351953157541805,0.21642636370054383,-0.07506914807534461,-0.012704571066571545,0.08254586881283257,-0.13699686932460847,-0.05180672521281405,0.006986897838611333,0.13300859102038567,-0.026365705299018796,-0.031312269906587885,0.41033265842444694,0.3591494960675566,0.016247617497271997,-0.26761714051767205,-0.1210144954083261,-0.1889533899634767,-0.06130594887380617,-0.2588861855420642,-0.1081420280935326,0.09610367091874121,-0.23059172031361472,0.031244015109549095,-0.10592342820623549,-0.16255924720816486,-0.11727286928776069,0.00032568846805045395,-0.1293006799523774,0.06433518954957328,0.2508359746919324,0.46533226208506456,0.06335235036744613,-0.0887120793334172,0.07864437692176517,0.4004376691526335,0.17292483366469755,0.013063369742273328,-0.22010786343668315,0.07076290809584093,0.01876672655151431,0.131122581139185,0.16285039329765266,0.10095884058798531,-0.022986668509600548,0.07309999319560069,0.39379405194648726,0.6214682829010115,0.5285846664110937,0.05120645982231341,0.4443833837839364,0.47260265301290594,0.23774006527647587,-0.030755958519934585,-0.2743232541955312,-0.1068440048265053,-0.0826737905706675,0.1977108593698791,0.06359975049560483,0.361322174185613,-0.015379456788229905,0.1504497918665617,0.32140008861057384,0.04015492461970588,0.2755921994172933,-0.25144422369220754,-0.22279684730028104,0.059654268750854764,-0.11323208626591105,-0.029352970500097966,-0.2675195160206616,0.014969702647569744,-0.15575911114552896,-0.01897563159994925,-0.20265552880282942,-0.14854692777392114,0.026171815285895298,0.014761511393479738,0.09039787397313752
