0,1,2,3,4,5,6,7,8,9,10,11,12,13,14,15,16,17,18,19,20,21,22,23,24,25,26,27,28,29,30,31,32,33,34,35,36,37,38,39,40,41,42,43,44,45,46,47,48,49,50,51,52,53,54,55,56,57,58,59,60,61,62,63,64,65,66,67,68,69,70,71,72,73,74,75,76,77,78,79,80,81,82,83,84,85,86,87,88,89,90,91,92,93,94,95,96,97,98,99
1.0000000000000002,0.15222984409080226,0.02401844311904997,-0.024755192844579953,-0.12120136885909039,-0.014247803795215732,0.2630652170331116,-0.12764082599843088,-0.156902556623145,0.1310705384664999,0.08202920111305818,0.1145111340237516,0.11658391717077037,-0.1768680366902434,-0.31879212300706805,0.4237278607164329,0.1787883585108421,0.03244424656126371,0.032608419390944283,0.24162051831984266,-0.24563298316631474,-0.23354806239633952,-0.26327073761778197,-0.027049960471132218,0.3227324592709945,-0.021955031877750872,0.07177470916634925,-0.1272495563304806,0.20714149476550084,-0.49048249926734405,0.23186930255029792,0.36853142947759887,0.24126074602604627,-0.13001650053923874,-0.10729676114909519,0.12514879736583548,-0.12612759506690946,-0.095821285400763,-0.13509774202016,0.01341827280481599,-0.1603085649873769,0.4536362910278475,-0.08635930565885608,0.42425090394413434,0.0017016172408011723,-0.0631369079152531,-0.3469356609255936,-0.06250742400154538,0.24389734789831033,0.23623386578619504,0.392936029353409,0.10893377698076866,0.2702492622856662,-0.06294326645537193,-0.09359850658276625,0.024967995527597462,0.0904584778670023,-0.11348201114827401,0.11638739206542828,0.18225519088858996,0.14034822976840533,0.0161842315054509,0.08587724103696283,0.05806167964540576,-0.10761753269562495,-0.2656700560803834,0.3436647228727656,-0.016848063029900988,-0.047053364177253254,-0.05419494741774524,0.036201185346841865,-0.17452674932874618,-0.18321704296940816,0.1921120876624646,0.11068320385857867,0.13458310233974322,0.12926631044256529,-0.4163448227114101,0.014778214555987441,0.1771201249723252,-0.20426286351706396,-0.17586313486027894,0.020320030108405187,-0.1018576043852814,-0.27065580271578027,-0.20108265979608142,-0.07567866849179744,-0.0011814849638462357,0.268020977457717,0.18520321069232515,0.1516054652165063,0.0757728469777608,-0.23639228503342197,0.017831855413929964,0.1428386778783217,0.42939682594179324,-0.04036095633688516,0.07053126282848582,0.33595899655860806,0.31010140523571744
0.15222984409080226,1.0000000000000004,0.5986367169061562,0.33802732813166353,0.7362795258880191,0.4414813401142382,0.41009297787339344,0.5265710271251025,0.1412645076158502,-0.05203114695980359,-0.10572579252001373,0.059420838505190275,-0.30918363875120025,0.09754243914859352,-0.007324353514274376,0.3580962893631427,0.2454725649495373,0.15192490236994952,0.08106074751581446,0.09140417386249662,0.019140014963854788,-0.26335969260933817,0.12886209977433963,0.20999919396279734,-0.18011688409855786,-0.13983715844467834,0.0017541137856935676,-0.19280350577727,0.1935973768796203,0.01649017370886021,0.0820844418111643,-0.17644473560071214,-0.4130632677778358,-0.2812478338481087,-0.19773756607507523,0.25562002351327723,0.08244564173840252,-0.0860205349654955,-0.2536163038530847,0.07048726018970605,-0.23697593130850253,-0.1347024215099939,-0.46418167955268536,0.07053704944662155,0.08081007437708622,-0.14312640449079633,0.009776899644857331,0.249084415829624,0.4686059438337603,0.1372519728808739,0.3651137658905134,0.6431853977030548,0.014900332187804427,0.544910316607869,0.5281603061123407,0.3965787993089419,0.4030673614212701,0.3775176186918313,-0.12981090014826643,-0.01612015282040731,0.03729131374790324,-0.3641946587723325,-0.18740999064982417,-0.028331879527263775,0.047865431886461245,-0.09160799493335252,0.18351394172997076,-0.2479320899215251,-0.2116125815365657,-0.3257438052802955,-0.014806379466439945,-0.16208345557388154,-0.03646444904841105,0.03866200137621494,-0.07260070044342012,-0.09789613037243573,0.22738940387472414,-0.1078589611329794,0.16299231420378038,-0.18984176588963084,-0.0946338631429484,-0.32886849799701046,-0.20176451507159482,-0.0708922387474206,0.30905617160150334,0.023457251383844184,0.10499801596163602,-0.07514007152877335,0.11592789776804238,0.07576831039427746,-0.03014455192731334,-0.09762161638724856,-0.22871096807118818,0.22803724728514246,0.0639956482289094,0.01920132305945825,0.109635431201365,0.1604433430831188,0.46062598481244854,0.07818750657930608
0.02401844311904997,0.5986367169061562,0.9999999999999999,0.24156788578370292,0.6705575540479735,0.5193931667436501,0.586962893702547,0.6897349661026748,0.6084162792445061,0.23263081727950607,0.1380192083700649,0.3014024680435634,-0.19103832911726956,0.4532225966384744,0.3643001548195469,0.2852703376980137,0.5669150480696812,0.5183294813608589,0.4526102648823419,0.25719190862932917,0.40182508383475285,-0.3017771284348004,0.3323152591052302,0.4868046875584639,0.15272212240172317,0.22799443280692386,0.5044056946173717,0.1391764404792374,0.46115994831877016,0.26418719195895846,-0.10632498938006586,-0.03205301643519856,-0.47927304588698566,0.062158242781564156,0.007522726055911626,0.24738745262747366,0.05658303239659207,-0.14431185024416798,-0.24864233427847282,0.11056626053188136,-0.12568871012781607,-0.038175354026815544,-0.2515605723238664,0.23238068189640135,0.2161056794364378,0.25126265914879076,-0.10653880842815347,0.3317893254590065,0.5011130985130916,0.11121455968853122,0.33495284772086287,0.7820508514285681,0.21520510095171924,0.27755846971641535,0.6089423260490033,0.7166717931428698,0.5126301675728099,0.6310384053562273,0.2105404944234371,0.08915582492591506,0.2904792043385226,-0.22463680978317263,0.06096708172643879,0.1714274806107743,0.3184214813686281,0.36776057716215993,0.23938332130364537,0.1679611383059109,0.18514963845238944,0.16757110765007488,0.4522935047203526,-0.19180719762023632,0.3614969502496783,0.32554743296954813,0.1987680867012871,0.28478315940584026,0.5321238361589464,0.20655194182364262,-0.15741768280571553,-0.10643681575794028,0.03843959719336372,-0.1685548602463555,0.22038638023233695,0.11212903049530301,0.25139338500107217,-0.06398224618144499,0.06016871663505408,0.05889950474054083,0.16709930515166624,0.10263598997606797,0.03835073728455552,0.06370177116107774,0.14152552502198953,0.1423443091812324,0.15907318438934395,0.1942597789568623,0.3332670907871512,0.33778826085124897,0.47414211526659034,0.07037389769987053
-0.024755192844579953,0.33802732813166353,0.24156788578370292,0.9999999999999996,0.33240196608778544,0.0029630174768259273,0.3791872732938588,0.6835746384128876,0.10287948236320135,0.3223777440756898,0.3541747855377338,0.39009649752723197,0.45700311048311154,0.39998539363497315,0.5090725570211335,0.10105544289752437,0.1835210229434955,0.18546501248378747,0.09637735329304921,0.05333618190975119,0.4530676139563917,0.1932323248078867,0.30103263938271485,0.18974121982246617,-0.10150932331984372,-0.11980600224006069,-0.227381449419531,0.0053091325347887075,0.1064108247485485,0.22665933126605947,-0.35300116089997746,-0.1526115555199639,-0.10652813078170874,0.28065166777287803,0.13718567776350823,-0.19133864690008612,-0.09860763568986958,0.4368151311483431,0.08225544043150929,0.013795218974073636,0.23149638971982925,-0.11892154433667776,-0.1305343858814547,-0.3798260331557436,0.18583727029194752,-0.04349371208588988,0.29653170213520613,0.16174062160461805,0.042800842857360105,0.0060468698111445455,-0.035644671030324024,0.40310112066751075,0.04842133903657901,0.8688409357803516,0.054657406271001636,0.26988625303035574,0.6162379554168812,0.44581579079822253,0.07970917988517771,0.34472992209011943,0.48075578323652157,0.34803102622066723,0.28780617829477334,0.22609430904966937,0.40177738000324825,0.3344862857600859,0.2667886267565269,-0.03666962211649523,-0.010285083882702441,-0.055506309197245016,0.2822537365484183,0.24230158702569218,0.20303871435817186,0.1594843002751888,0.10994781048568719,-0.043114443765309686,0.03556532245436225,0.1909853777156745,-0.06303723492607557,-0.26564570310896046,-0.043422240294917314,0.0848815817955923,0.18713785539017788,0.3154225865986005,0.5344686652376663,0.3554692922875782,-0.03540441422798365,-0.1489226980655846,0.056626808311115,0.15545282354051454,-0.060660308432478195,0.09211740689416907,0.03422811755452348,0.43616747183377674,0.030517803002537713,-0.04727214015577445,0.25327350408693555,-0.12431703550524169,0.1422281783028729,0.056882633361947446
-0.12120136885909039,0.7362795258880191,0.6705575540479735,0.33240196608778544,1.0000000000000002,0.5432067142080442,0.46711048703560415,0.6196643841951417,0.37725137326346736,0.0450390160870768,-0.06554847048307721,0.05781466137147356,-0.323181773882855,0.26369701165143417,0.21284443080454324,0.13608774564292958,0.11920227358799639,0.1967149625643029,0.08937432853579798,0.20846523289983648,0.26644908398448036,-0.21122864065580155,0.2711808884460241,0.17146990347565172,-0.1489006085793896,-0.05865868052790662,0.16571613397295906,0.043190868819942094,0.2816550654063413,0.272520532269889,0.09226424206286855,-0.0673789164155538,-0.4764619133872633,-0.19692761443753756,-0.1666557419258044,0.24690915557517906,0.08924834559382004,-0.08142398403467418,-0.23720545368618148,0.08113523228695235,-0.07055210675983158,-0.127705332468594,-0.42854063739804654,0.04272778439316475,0.10896106179386239,0.09855748895446162,0.1744410423747259,0.4072615024640205,0.432188669865702,0.12288114882010648,0.23367005429104876,0.6030006056583802,0.050253510454115594,0.4962409721276313,0.6747073196485764,0.5636894690117488,0.46321226008754524,0.52784046074441,-0.016856904344586338,-0.14765408551653017,0.052535076087418836,-0.27851789999452625,-0.1653716913869954,-0.047311943426590224,0.11043915798023377,0.12392301209652279,0.2713200153155876,-0.25883047302812534,-0.23096958809045667,-0.17938277914675385,0.22998480127766813,-0.15450409953356187,0.09965274500873056,0.15113535151115104,-0.1425170117426583,-0.057964236326650945,0.3164095548598045,0.10167037538716868,0.12629356060258784,-0.12907374887631434,-0.020529967995480312,-0.19400868640530008,-0.10359094535184402,-0.05271197696194237,0.3741225030905502,0.1519899291845592,0.053084126647204355,-0.03657312212576765,0.15572862806831053,0.13735089964556402,0.012168248590547307,0.026402127385942723,0.03863794110431018,0.25371088086404847,-0.032118895107691316,-0.004085341451381729,0.2821722861063161,0.2684678806096539,0.3303211624946448,0.024104547957330157
-0.014247803795215732,0.4414813401142382,0.5193931667436501,0.0029630174768259273,0.5432067142080442,1.0000000000000002,-0.00700543230507649,0.3281570627902569,0.6192532581792873,-0.03633333645186873,-0.04879585955792238,-0.015140216360606086,-0.1351121952380111,0.28104363307135083,0.16075510486400404,-0.1718249461617149,0.22465495613723138,0.4344172672848092,0.2029937046494938,0.10157386141448595,0.2283809845991411,-0.004378378076926806,0.2722930486911546,0.057157958534633124,-0.13600736967089094,0.021008658329379374,0.1690377754512256,0.1456424123708669,0.3450836335324939,0.12751775637314441,0.11890502772434404,0.02983570309068342,-0.2822455996225051,0.07631793768230406,-0.02643859606188499,0.2382196920272026,0.20145004877985198,-0.18214363670305156,-0.2843328161689014,-0.27695232429365774,-0.2088654001393111,0.08361202377697448,-0.38561805681647143,0.05610349395527472,-0.08720758465778272,-0.1767891835877065,-0.05825799775209613,0.167580399520297,0.5306646465877557,0.0377332376082082,0.028770744358527344,0.23603881408639157,-0.29246476736647975,0.17955118859444547,0.870821191909715,0.6725303660785191,0.1676191023836617,0.5618119823928126,-0.17794570228964,-0.18465868804291177,-0.0029383639668702807,-0.13622971593530087,-0.15169607019093928,-0.07015609505419078,0.10541237870771986,0.11034287946260529,-0.14402936479418738,-0.004439459464571744,0.10908554238387211,0.10075710901497618,0.19207765144156433,0.02457603452437086,0.2915682721238576,-0.2261259182107855,-0.022398978067249352,0.0184616802589065,0.3691491067568551,0.17883187421254026,-0.0015447227210491031,-0.20112298690150554,0.016861511432213896,-0.12320037630608416,-0.10963943321707616,-0.0038202020162383596,0.07201300952685037,-0.06966927706637883,-0.008527635257375403,0.014705010444543573,0.07151974944244299,-0.19984440641069498,-0.20284769096031266,-0.24096026207381302,-0.2977470783391659,0.14051360165493212,-0.133526397774395,-0.08856656572453615,-0.0867906379872588,0.10444157987553014,0.33214349941990867,-0.09344729167119183
0.2630652170331116,0.41009297787339344,0.586962893702547,0.3791872732938588,0.46711048703560415,-0.00700543230507649,0.9999999999999999,0.6513478278265736,0.2534007745278624,0.29997579838003446,0.296718611271376,0.34261398529360554,-0.034809463436400845,0.12599068473505032,0.1532611535673609,0.42439353292852605,0.3243795945188232,0.23416119636288357,0.16929029564584874,0.4814201879211868,0.24870021674530965,-0.3831434478822718,0.06444716883631815,0.31948863780460385,0.21249410754617876,0.1716482774128319,0.30571650077787177,-0.019926554406160882,0.3136784761528638,0.014833404045018435,-0.13588121321330907,-0.05086962096861781,-0.41264237533552744,-0.06249444710774572,0.017165656050751824,0.27214495008862677,-0.14555805456702195,-0.0233224418992443,-0.14740835195931856,0.40479713964645425,0.05611892080795487,-0.0029878761244226514,-0.08313042414457453,0.4566535528831893,0.30638602304847906,0.3720446614043432,-0.13983036618706562,0.29850064084795397,0.529760512404616,0.38359057465108803,0.5778785402018931,0.7426679306660912,0.5283978370078153,0.30423280414823317,0.07371843810676468,0.42933246694908994,0.6894459080632842,0.386540937026739,0.29621561406856317,0.20509586102128533,0.33084898365168114,-0.10159201367233255,0.149470308841348,0.19335333434584906,0.2303198485798753,0.15504223698703085,0.7964512517542043,0.032353389127140676,-0.01316455647637144,0.060560694114297216,0.42289391245038854,-0.2111048875258248,-0.005741716828098602,0.6105476690847795,0.1464815905170604,0.1879149078326704,0.28829506166846064,-0.05119741207629742,-0.11327703862249881,0.027882586660584154,-0.15690664702196402,-0.055220846415465465,0.2510117506210843,0.09406549548017958,0.21261413816342897,0.07775250916211955,0.04141970710332294,-0.07737987705731092,0.5067997245489382,0.4725568182203919,0.3881397649741829,0.32212066446649884,0.2934076182889707,0.11207160111414143,0.2226964566413526,0.48426379772517186,0.47773064326102155,0.4220502597851265,0.6023305854881926,0.475033084017701
-0.12764082599843088,0.5265710271251025,0.6897349661026748,0.6835746384128876,0.6196643841951417,0.3281570627902569,0.6513478278265736,0.9999999999999997,0.5019840611494693,0.38698830605236095,0.4395322275768828,0.538013336574618,0.08936393007206204,0.4505227514992592,0.5002229485986603,0.08194070359521384,0.3762579325280716,0.4421556224872557,0.2330321623040968,0.21446644383102026,0.5575719362449829,-0.1660652489004107,0.26885895336179366,0.41726713364993195,-0.05936981550095267,0.12236205407766064,0.2198167449842948,0.12779621279370962,0.3034832643876932,0.210101311842958,-0.40793952630540115,-0.31291347136675,-0.5869482391949852,0.16188936213416621,0.15441720451212465,0.06724374540556553,-0.003750155249923177,0.002802723822657019,-0.285417804547175,0.025889889904767552,0.07689751630284329,-0.2273984832671054,-0.23268001816766318,-0.01645447362648576,0.3777657269116245,0.19165961528211292,0.016297971680044723,0.3084495861264014,0.3886449474704549,0.07554041562138182,0.20709041055064498,0.7557269638470218,0.21083472857731622,0.6657945301709945,0.362196031653184,0.6025584625618712,0.8525676380091597,0.7717648612553354,0.2513244490615172,0.26839689326313665,0.5473019241080697,0.030794690135324303,0.23805945858639546,0.22265393319754243,0.43517940553898005,0.409549284545506,0.4198921186667671,0.0323216971870867,0.07078514010675642,0.07879130642149187,0.47092970546949076,0.014985877953255613,0.21784364911598764,0.29956285937315363,0.25526128489010763,0.20019228875297346,0.31420069337337486,0.28568792099844664,-0.20721928934993072,-0.2747055904394808,0.01335832001628664,0.0069246645234292935,0.3037578929997882,0.3054848739968807,0.4730791978233201,0.1842996148820534,0.04047485900235927,-0.13237268736340616,0.19636201159990524,0.1997597469640921,0.07775933948157063,0.11501218159077811,0.13912850276781763,0.2743399853579855,0.12587707570945256,0.15064023143113126,0.2963032245288089,0.19019017788153877,0.38150313271320163,0.08966217889468446
-0.156902556623145,0.1412645076158502,0.6084162792445061,0.10287948236320135,0.37725137326346736,0.6192532581792873,0.2534007745278624,0.5019840611494693,0.9999999999999997,0.16134588294218868,0.24058424132365774,0.24552671226755005,-0.019081204013531246,0.6421134270363993,0.5121069356074447,-0.12835372562540642,0.3828777624199033,0.6775852801148451,0.5895411577281601,0.216690138510283,0.5142148737141728,-0.21438700162881424,0.18508471533749352,0.13100879038203217,0.004604727086399174,0.016114325787928062,0.4489675074317151,0.2434758508403798,0.34712760622795813,0.18419478835313255,-0.2611700747223492,0.05351737589047537,-0.3150710176120439,0.4161227927584071,0.11044195802146513,0.3847633919026623,0.23402203026593785,-0.039605584406879224,-0.06819423352883154,-0.11793049603425808,0.01940663123160732,-0.016954480753447777,-0.24152970711427943,0.21678012671477223,0.1431859797592338,0.30775237684312134,-0.2876162589941307,0.030473460357097307,0.5050106517972659,0.22838870799979916,0.08531075684204673,0.40217676269977964,0.06310991266946517,0.11003208900746339,0.6509766540102133,0.7174080981160451,0.37600079220824245,0.8059392573057604,0.1355884378645932,0.11992725882070594,0.2376222894089061,0.04584002202362546,0.14870193383726418,0.2439433057424414,0.43825799846118185,0.4727870954927127,0.042376189445426024,0.3524070174549066,0.4111434480374802,0.5144708525449232,0.5519799789473804,-0.07024332513326342,0.3838539443086947,0.04256804646214792,0.16495693179382404,0.18293344689586127,0.3546201322121467,0.2696003738604184,-0.32490555493893936,-0.08766536681060312,-0.11668768359001108,0.08108656484526823,0.325971533527711,0.1891670104868364,-0.009342403436701965,-0.16601539674322732,0.09367102668216577,-0.026885428586263298,0.32398867768177353,-0.09553796851497857,0.012661853511031985,0.12082936067465921,0.10608876060947299,0.01182461653675075,-0.0412391515087982,0.1661698592646555,0.1274682457246828,0.12688525085509403,0.4042676346570744,0.1381783161219686
0.1310705384664999,-0.05203114695980359,0.23263081727950607,0.3223777440756898,0.0450390160870768,-0.03633333645186873,0.29997579838003446,0.38698830605236095,0.16134588294218868,0.9999999999999998,0.7605139450850071,0.8146727584868638,0.2555412390233851,0.3241784107162992,0.2566500096112467,0.27530510959601645,0.43427094414551354,0.29052816697013667,0.28716943462866046,-0.10243519054517362,0.2518840505540446,-0.022388354452683317,-0.11568736372218663,0.6215844782111131,0.547412678011775,0.3940890961588717,0.3133006249395607,0.10325364437901584,0.33270392399442383,-0.2171240938216489,-0.08078242311061765,0.09338955346758608,0.012562069545729495,0.34537986187463016,0.3225574096109564,-0.24925653667035697,-0.1271955835489889,0.07196021484889449,0.016289834684086332,0.35311564594272826,0.14293936175374417,0.01450130723595755,0.36938616519865985,-0.07983392303689602,0.17873251711296476,0.05815238652592827,-0.18415835835607264,-0.1608611547891289,-0.125520937131209,-0.3238859326001684,0.22539775793810304,0.3338663374840267,0.3620278929613181,0.11758720514137204,-0.04329586754295255,0.12634499243263678,0.49794696629958285,0.31223364549378396,0.8176559273987598,0.48298061793761266,0.7642337628603554,0.21341718400238102,0.5929796994841189,0.32278719849342896,0.35310081717242164,0.23544756186331564,0.1861975421345559,0.34583247589803073,0.32965821081739033,0.30923901296181194,0.3512582923197091,0.2956058012663419,0.006287335967450875,0.6043310854887161,0.7414699069939575,0.69920643435847,0.24907078108066125,0.07399464221509698,-0.11849849476399939,0.07728919091430042,0.45738248496963874,0.3525236112717736,0.39335924175373976,0.5427177802107399,0.17568142199322687,0.1638611367437031,-0.03956588027008348,-0.029818030191771296,-0.15677483217361016,0.4645309065871804,0.15368396037956072,0.35433969196966053,0.3681797854934526,0.2624892826645976,0.5363880795720162,0.02658806750439892,0.03548412835973929,-0.09259965740479287,-0.13756871102883736,-0.20902499472786737
0.08202920111305818,-0.10572579252001373,0.1380192083700649,0.3541747855377338,-0.06554847048307721,-0.04879585955792238,0.296718611271376,0.4395322275768828,0.24058424132365774,0.7605139450850071,0.9999999999999998,0.7722132771015239,0.37550523212708625,0.2994004677622387,0.3438700998970084,0.1291940650533072,0.2504581045479643,0.2489901916657878,0.2587878198421775,0.12471915477385566,0.3535753393352688,-0.08272815368892214,-0.16706965706145563,0.38523604659382904,0.2743916492116821,0.2858853147679615,0.1712212141116085,0.1595577250467753,0.2006057413886413,-0.1293594153065156,-0.28018147631763024,-0.026232809929430514,-0.14147165326492323,0.2796507271045371,0.19775586962988545,-0.14989612012862788,-0.13314239944598905,0.06437582857725668,0.04740917434573546,0.25637185323584977,0.16964323184920746,0.012649738918220564,0.30246855890423663,0.03733323980681173,0.19982101051946,0.19577505148965582,-0.22374706895674265,-0.19224159093262116,0.013439840961238684,-0.10146806079008348,0.23483246502299102,0.28856450658042637,0.41301736223274516,0.2603728373261626,-0.08367281899897946,0.2498271634282073,0.5491275712842216,0.4332011955355077,0.6880010160450596,0.7696336783640942,0.748659742898103,0.313489080618432,0.5130711012545695,0.330846126144718,0.40911460729181554,0.2944620391664043,0.39337593219451555,0.4127098977453531,0.3137123376220125,0.3153305521175313,0.5400871391887515,0.1909415437098005,-0.003960494212339244,0.5179951210344953,0.5993290398668419,0.4518102618335229,0.14424590000387885,0.0876189630507405,-0.24718062109331923,-0.02244151962667232,0.11960430911608913,0.27510235821260565,0.3574673827406302,0.37377983017251487,0.059067933891782665,0.06629709544089328,-0.03986077810187373,-0.08605527151054296,0.049383597306469317,0.37386907437723166,0.19435499643047233,0.4327435331410466,0.27989999512796454,0.06267839006325002,0.3029704926547474,0.20927956294443345,0.08391173351665326,-0.0701789400761178,0.03471900911805814,-0.005300258775983058
0.1145111340237516,0.059420838505190275,0.3014024680435634,0.39009649752723197,0.05781466137147356,-0.015140216360606086,0.34261398529360554,0.538013336574618,0.24552671226755005,0.8146727584868638,0.7722132771015239,0.9999999999999998,0.2707549905828709,0.47287772374034237,0.4444427099415505,0.2574584840626542,0.5567366084517745,0.3478143447438439,0.3890590631897659,-0.09163514641909638,0.4343420157915402,-0.10898413699753745,-0.071067011341313,0.6617342631785885,0.36735926208061526,0.3844957576654015,0.33730596158627507,0.13778292630384067,0.2428339619115702,-0.14536784402673864,-0.3779030290251727,-0.15289574676114284,-0.23714495086444004,0.32530029609565636,0.3272077373445523,-0.23191474973320078,-0.18250353290346125,0.042831451887400285,-0.13490624350668237,0.17231388442418055,0.04436150042075764,-0.09234965450571263,0.26299155244463807,-0.058236350540454715,0.2828501253643503,0.12451266712927689,-0.29036504650813216,-0.09810078556136034,-0.054197260939006724,-0.3188779387755804,0.1601707820818063,0.41665614372179655,0.3425578600584609,0.2353979603713099,0.03220298593460126,0.2189203455909747,0.561418158276562,0.43861255279268324,0.6587420614840495,0.6042979781459522,0.9011455772868129,0.19695502899644232,0.5712851709654245,0.48145212259748366,0.5392003560918338,0.46006423093279614,0.18057818819719593,0.43651668985213427,0.3721450199307437,0.2705250629432101,0.4831065254165847,0.1822517021032455,0.12905750930556326,0.5172773496513093,0.7929314934501517,0.5829964093517693,0.21362929419312682,0.21536225886063873,-0.2849407377547611,-0.10992030131254454,0.2692457315939255,0.12111019772795303,0.4450245996833231,0.43058867268381595,0.1216441030801953,0.03548037871480727,-0.06260349170400967,-0.10796100882572998,-0.13517619433651754,0.29444654976461127,0.04545675900752541,0.23111314867928565,0.16457839784163333,0.18794260944419422,0.49211716409872514,0.08353618782308976,0.006575465750220666,-0.03390885850026267,0.01908147599942499,-0.19093005968364699
0.11658391717077037,-0.30918363875120025,-0.19103832911726956,0.45700311048311154,-0.323181773882855,-0.1351121952380111,-0.034809463436400845,0.08936393007206204,-0.019081204013531246,0.2555412390233851,0.37550523212708625,0.2707549905828709,1.0000000000000004,0.30398391675740305,0.3324263818872485,0.023426902065713618,0.05205853099439753,-0.078940511165076,-0.01830543661624256,-0.1755696135342026,0.18266553130278243,0.30023727843913894,-0.07786773214973923,0.05008619031349137,0.13702445681835876,-0.07979600635065255,-0.22444160773930502,0.04524628427428288,-0.07185209020198262,0.07403702822567355,-0.22632039105300303,0.017897701322457285,0.24422512799668172,0.2750261206236349,0.2861280750189325,-0.4400693220181585,-0.2051771849973726,0.34793459591256237,0.21826340054570914,-0.05458750955538327,0.13345719308696416,0.009621017910250064,0.2616171597399979,-0.30269956649589297,-0.05383291318246874,-0.13045210324164863,0.05778394186029319,-0.22776290944026595,-0.3119525567795791,-0.2228445308858275,-0.014517906874591162,-0.008755731871364096,0.028979878237803777,0.25169546194367465,-0.15637134471199052,0.10960145375575757,0.2161625995323834,0.10234627455187748,0.003768853167781563,0.30457424433191016,0.4138088488633768,0.9224165090368549,0.5524361730822556,0.28468059819478625,0.16549593666720328,0.23623387373136906,0.036902882513355176,0.20903851669458004,0.08768047370383938,0.06448932045367127,0.10700083589703582,0.33308721657566753,-0.005939918319684991,0.1404298725047003,0.269945810111583,0.08625967887990153,-0.15299478586605503,0.09245292676430253,-0.2723998002338068,-0.09655708381963628,-0.005245198887673701,0.05207675087495868,0.31042917158682554,0.3175570500047426,-0.08783451833855357,0.1896424743508271,-0.17728269380124914,-0.11403471435594037,-0.12808450601371127,-0.010587192553907863,-0.0733011007072969,0.061060645165778166,0.02962777857733181,0.16904228737957772,0.19834065647595608,-0.0413095501962734,-0.1696791376970147,-0.39243412407076617,-0.15098940199453653,-0.10952667181689074
-0.1768680366902434,0.09754243914859352,0.4532225966384744,0.39998539363497315,0.26369701165143417,0.28104363307135083,0.12599068473505032,0.4505227514992592,0.6421134270363993,0.3241784107162992,0.2994004677622387,0.47287772374034237,0.30398391675740305,0.9999999999999998,0.8181620381929104,0.03078959290407376,0.45024446163066134,0.42561684835661834,0.6950518598677814,-0.0868715830753288,0.6656910304166472,-0.04321066040044485,0.2290514829645117,0.367916670122588,0.19424793192029105,0.07475278332838765,0.2634610142113999,0.26345753749056877,0.29507144268430235,0.30944115431448876,-0.28054847274986,0.07069979554908978,-0.04191496587092855,0.4518666007784072,0.19199832008366305,0.005388170132207918,0.11257773766777553,0.23490635466292464,0.1405620691188659,-0.014497386523364337,0.06363006947550603,-0.1201534930796239,-0.0441964754735659,-0.23618292360691573,0.12527768860651983,0.14638493941357492,-0.07820804055156524,0.025603261452196505,0.04467937597068579,-0.16301166503357806,-0.03474476671398632,0.3735065074181609,0.0036532281534498025,0.2729771985418284,0.4608439458504031,0.5177184317668135,0.306681510521518,0.6273027400676907,0.1572856316730192,0.2814520380808508,0.450568091167074,0.309367809798443,0.4000554039417486,0.47554133012918093,0.5731056367512908,0.786960417144463,-0.18035149049989013,0.3073760830137923,0.27345811812582094,0.26878720012203516,0.5390310673442517,0.008958954731104845,0.3872751016239982,0.18966126012983983,0.3341989459830449,0.1983168647187581,0.2935623890282935,0.4128002434146088,-0.23220812404883945,-0.08425954019788691,0.021844951169400537,-0.11107054130697772,0.3470802836138834,0.18998524382424212,0.11745456539452573,-0.08641908578039485,0.1141550023598976,0.005062015749380497,-0.048717192695964195,-0.07184885375415322,-0.22677083317578411,0.11396278236714248,0.20950524932435755,0.23891759406883176,0.1605642578409336,-0.13711161632693442,0.03387299617446439,-0.18741025730291003,0.07150844362978082,-0.2204014341882206
-0.31879212300706805,-0.007324353514274376,0.3643001548195469,0.5090725570211335,0.21284443080454324,0.16075510486400404,0.1532611535673609,0.5002229485986603,0.5121069356074447,0.2566500096112467,0.3438700998970084,0.4444427099415505,0.3324263818872485,0.8181620381929104,0.9999999999999999,-0.10810488904638971,0.374047884260775,0.3506543832307405,0.4988422701633488,0.031439506117189896,0.7005935987920102,0.14764485801161958,0.3721897572822253,0.32737482450678873,-0.02246541751164464,0.24511581011047415,0.2620730422565412,0.36730185722171854,0.3000542047614047,0.4508373668622626,-0.49768863536847596,-0.11490257866802038,-0.13458054620241394,0.43742946033855623,0.24391346513617768,-0.07688831252599698,0.08977190400871395,0.2042637725082335,0.15899653260494861,0.03318542588788156,0.19146593067508047,-0.04948677316777081,0.1695394671036938,-0.20885327099509376,0.23194025345729657,0.29850613221422484,0.10011839097899164,0.18625331485040905,0.03700821807716355,-0.1064445063609019,-0.10653095837802821,0.2515122017363041,-0.08408385971438564,0.35366575417624113,0.32478396582180535,0.44515757030444,0.26656448447712633,0.5439331933607877,0.14465940049854495,0.30028752497847766,0.5138865628010695,0.3402878619160473,0.3871091363762668,0.40305208720534735,0.5626960663972679,0.9061160253201491,-0.05871494057637864,0.33477151016080386,0.3219159687169142,0.272683550911631,0.5796488236375812,0.18305093289778882,0.46564009251674804,0.20470061728433592,0.26694469772379653,0.12173239946614899,0.25081615527941536,0.5263613964779842,-0.34066248697193263,-0.22599862693871658,0.12010173012945141,0.05579235780568908,0.3638896948585434,0.29589355235705994,0.2514042173320118,0.09298283999201587,0.11712096191684367,0.08674869596719514,0.030555608246931217,0.037284248809433526,-0.14157227779207127,0.11425578453825778,0.2814080661240526,0.22497554822555405,0.16301927280322392,-0.08655450220619629,0.23953233885630906,-0.029431271280073695,0.0685288268787187,-0.10750202962444094
0.4237278607164329,0.3580962893631427,0.2852703376980137,0.10105544289752437,0.13608774564292958,-0.1718249461617149,0.42439353292852605,0.08194070359521384,-0.12835372562540642,0.27530510959601645,0.1291940650533072,0.2574584840626542,0.023426902065713618,0.03078959290407376,-0.10810488904638971,1.0,0.33886809426277864,-0.017107798769785763,0.2786815176902329,-0.06655631442984074,-0.06684222008380415,-0.31908665386187124,-0.23906539669486837,0.33287484069341683,0.2931233379555655,0.11405146480285365,0.06103437187984506,-0.36333349170014795,0.08378925169203626,-0.2996813220913186,0.15640919369387726,0.12317735874697287,0.13483084282168217,-0.12922429858848555,-0.19976605384704713,-0.08555159506115484,-0.29706043065375304,0.03293396007023025,0.07146247991737348,0.4050148435527657,-0.26894067906280855,-0.022032085467438876,0.10014800290836601,0.12372925293380224,-0.18462899808216665,-0.08028850384523883,-0.29042321115858283,-0.1941737036224327,-0.001486235700583618,-0.08297015556240238,0.5705834318690786,0.4866346135296317,0.5314161478775916,-0.013591014427340082,-0.0053976607992659645,0.06219379975972066,0.2957270245456716,0.005236719072552297,0.2563089806152445,0.25995000146082425,0.21511367028295414,-0.056904531825588744,0.11776954162591505,0.23617922115356077,0.18445178849119356,-0.0627152305164554,0.26771056854816677,0.14515124529728962,0.08752915908372474,-0.04707382024267988,0.059771539217662546,-0.294776918815416,-0.12004786420340398,0.5300798567792574,0.3215762348381937,0.21883538794017937,-0.05469691744025061,-0.36484664087420215,0.009720933880910805,0.03554479770530743,-0.07912217911939658,-0.3170654670111112,-0.092119076871223,-0.15984258283745426,-0.21504914470254774,-0.2090958982825216,-0.2438553362344614,-0.19128618430843938,-0.09462469664914526,0.21613568050799148,-0.03257440066874812,0.07957508300075192,0.12796301781551442,-0.05984413261789767,0.34987015377416725,-0.026978211201401304,-0.06029513981303992,-0.10997211414822913,0.17783616949509812,-0.06021224950573326
0.1787883585108421,0.2454725649495373,0.5669150480696812,0.1835210229434955,0.11920227358799639,0.22465495613723138,0.3243795945188232,0.3762579325280716,0.3828777624199033,0.43427094414551354,0.2504581045479643,0.5567366084517745,0.05205853099439753,0.45024446163066134,0.374047884260775,0.33886809426277864,1.0000000000000002,0.49249135397327176,0.6528647428324933,-0.17004331176976095,0.3389349363348617,-0.11374078361067107,0.11691231935478494,0.7369745225187783,0.21089976430905968,0.3605770620520334,0.46159543885781085,0.07143366361307688,0.5371442784829721,-0.04677762097811674,-0.24802361014468483,-0.08789062920394647,-0.18197237641139355,0.3835637553851213,0.2275158076519973,-0.10257451091882781,-0.0876244957732693,0.0376806629365749,-0.18465064436971562,0.015089430361788258,-0.2628241727327851,-0.056539038772104463,0.12238541326131935,0.1129008711112064,0.06663944820908933,0.08583501084505836,-0.38611472403184044,-0.02325813853688611,0.2015312677475061,-0.14107458912391008,0.11848734329974299,0.47457815404528136,0.08751208044011001,0.10078900742171426,0.23846977956006807,0.3361329642740991,0.3239339201975112,0.3980936648094579,0.28466878207043866,0.2116506802466727,0.535451628816565,-0.07928803487295313,0.4325830850826477,0.5338492846925694,0.5340345695992987,0.43873137611127494,-0.045805830233137036,0.6041940050578255,0.5319105534815272,0.17098066423439698,0.37031839714834636,-0.08015563343005513,0.18877683225800754,0.3307360629946882,0.6836359347072953,0.33532775373384527,0.5069133440454282,0.1155283028559562,-0.23525626779498393,-0.1982476982812509,0.18939607363509697,-0.1771168811160674,0.3643821588803054,0.2632364179871287,0.02371519808587212,-0.32137021560696893,-0.1041146023182947,-0.11478507319871409,-0.10383785422405206,0.05795964799724286,-0.1688984811317518,-0.19334352132046312,-0.08224133690214915,0.05792863614592613,0.3600352414357205,0.07465422441743423,-0.06073601774002884,-0.09435861326064843,0.15361103246882754,-0.06307693763096167
0.03244424656126371,0.15192490236994952,0.5183294813608589,0.18546501248378747,0.1967149625643029,0.4344172672848092,0.23416119636288357,0.4421556224872557,0.6775852801148451,0.29052816697013667,0.2489901916657878,0.3478143447438439,-0.078940511165076,0.42561684835661834,0.3506543832307405,-0.017107798769785763,0.49249135397327176,1.0000000000000002,0.4423205624232009,0.3277160762689444,0.5592605603814668,0.03415015876804793,0.41467022247732566,0.31890334491886574,0.0789518261957127,0.1241968077500905,0.497519339786846,0.2608293885812247,0.39669806515977074,0.08891646236962573,-0.22669877441619576,-0.003292885619082754,-0.16833997058579536,0.7327978137690884,0.4648748966931066,0.417677155470284,0.3240795628531327,0.04909798015181748,-0.008479563577476434,-0.013822903742360606,0.2292673892052946,-0.06531605107911855,-0.19380163058716618,0.1581698628015011,0.1860999296564797,0.17228224043495427,-0.17202083648258684,0.2382416814213726,0.4662786719069318,0.2293455387072952,0.15372526928245533,0.3179851843350964,0.018174369074777284,0.08425132349788246,0.45675910925823354,0.40599708841792487,0.3195118919584161,0.4720773473441881,0.2793712651738615,0.12255438282227778,0.3029882912395343,-0.10626443231342772,0.05165750345336023,0.06558486549092064,0.4285597643068932,0.3543826373047605,0.019094850565039984,0.30748338288320315,0.6433909159137392,0.7313404589582657,0.48295598174837523,0.16995104038808898,0.4868970098082588,0.1264928745092389,0.3248300237173342,0.2380551410539083,0.4269395563575198,0.326513647207437,-0.26838892445403717,-0.10437224547882061,0.14068237235774664,0.3447423920074699,0.22168089198640928,0.28213980402610306,0.04642384290352622,-0.01600531208805485,0.24969966879904557,0.0833553977366388,0.3160713717990039,0.05452989348073945,-0.021283771812251617,0.039240853307783284,-0.02117802847265258,0.06674561356739282,0.036546965806291846,0.10313592834787572,0.10591454553141526,0.3103619258518755,0.43843095312478586,0.19669992774778483
0.032608419390944283,0.08106074751581446,0.4526102648823419,0.09637735329304921,0.08937432853579798,0.2029937046494938,0.16929029564584874,0.2330321623040968,0.5895411577281601,0.28716943462866046,0.2587878198421775,0.3890590631897659,-0.01830543661624256,0.6950518598677814,0.4988422701633488,0.2786815176902329,0.6528647428324933,0.4423205624232009,0.9999999999999999,-0.059251984611813795,0.4834368994499505,-0.30268226066244086,0.017055601737938585,0.3416946772465426,0.19209555486202945,0.14769162410118541,0.339497224330564,0.03168942130176243,0.42253481920672215,-0.011024097132558225,-0.2512630323040798,0.09449482117611284,-0.08067305141569722,0.39320238984550554,-0.06467925456165684,0.11258642479016627,-0.002066129928662683,0.13552259616829937,0.0986208128895145,0.04561814285098078,-0.2196725186282197,0.036140007234588246,-0.04088029249519885,0.11693393596208186,-0.027558873841922734,0.13190352061705468,-0.44176743758769166,-0.27538924483036964,0.19990697875757932,0.025191860017117592,-0.007406386333014233,0.31921034996664593,0.1896743850129473,0.009549415720459885,0.3032013485656313,0.36637796328052646,0.22277816436922074,0.480063968652789,0.24573413354814955,0.3330454579547747,0.32354122399002594,-0.05822123908723554,0.3428135631431737,0.603504219876011,0.6957300562003722,0.5363248631468099,-0.10614203465230494,0.642119295010866,0.5004836972232083,0.33609475582362824,0.5165460973085181,-0.3139042083545624,0.30994565083128783,0.2002200486660513,0.40007028141418205,0.16338732344793833,0.29247149698689817,-0.010637949814304033,-0.2574826968944412,-0.1286353142252916,-0.1780719359433797,-0.21184680507894788,0.2710695384569879,0.0019425255425351612,-0.04650261313503475,-0.49396795701488516,-0.05998285287394463,-0.15351377665761187,-0.009521767937360837,-0.12109491454166327,-0.2165752286058142,0.01887912458587671,0.060898922306041804,-0.10376298112328257,0.05058981709984627,0.030116449264757466,0.02310865860554376,-0.2565452258765395,0.13523731730755614,-0.02420809448758652
