0,1,2,3,4,5,6,7,8,9,10,11,12,13,14,15,16,17,18,19,20,21,22,23,24,25,26,27,28,29,30,31,32,33,34,35,36,37,38,39,40,41,42,43,44,45,46,47,48,49,50,51,52,53,54,55,56,57,58,59,60,61,62,63,64,65,66,67,68,69,70,71,72,73,74,75,76,77,78,79,80,81,82,83,84,85,86,87,88,89,90,91,92,93,94,95,96,97,98,99
0.9999999999999999,0.08251867522359796,0.12418625662912636,0.17270149178631747,0.05482144589745859,-0.064742853126119,0.2355371670131589,0.02366612960445035,-0.15199540524349114,-0.22059602416271828,-0.019171595136734828,-0.0049497472504385605,0.20582527814649484,0.0916193952830152,0.18566431787834836,0.3345353960834879,0.3246018844029692,0.13808856216422766,0.12636078328384953,0.1299583622883717,0.10586035593043647,0.04094103904608959,0.09461112729410294,0.05363585704822172,0.19256150109950326,0.05072661004514574,0.0521813869403087,0.21855211467365657,0.1187335479296729,-0.03633355598363193,0.40333045556804453,0.43552131491109053,0.24387575150498259,0.24808242114025644,0.21537565287323562,-0.0524049677155252,0.14212485854639642,0.19652232141922127,-0.2596713288570773,-0.22192374157034506,-0.033479734702049416,0.2257938393973388,0.1938850602849877,0.29495813978975693,0.17964081907003976,0.19918258891429177,0.14260404908444835,0.20196739238358125,0.08856861046706845,0.02615378529146619,0.3832465389651752,0.1242819186307191,0.29197638740622683,0.14076690678822126,0.008714218236593898,-0.09152912026845869,0.2300770580288362,-0.029281646257787355,0.13917632215072054,0.1327640743225674,0.12310878586299816,0.19662006342420066,0.020668188573833728,0.2310342880012849,0.057500895284722596,0.19145258841245735,0.30825977143163674,0.19569925622662035,0.29560411533527325,0.29246354872925284,0.127101976635613,0.16946504419557323,0.13590582694935543,-0.094770425879407,0.12717234606114794,0.176553617802614,0.07261229168898058,0.07824290381206855,0.3546343302744804,0.4031851670135572,0.3754862411503781,0.2758173371012367,0.2299657682398527,0.04720625340663731,0.16027660875351304,0.18386900375269583,0.10691479684285986,0.2390884916893032,0.09309252755753403,0.21736976712237938,0.27902315279741197,-0.03451892829626621,-0.1992083555998871,0.3010510326708219,0.06761480873578436,0.36930782338705537,0.2104229489563891,0.22974079551389082,-0.019587981143662926,0.1558056090244747
0.08251867522359796,0.9999999999999998,0.5539709016961588,0.5987510902895,0.4984398896708654,0.3444876621797366,0.4354827443002689,0.582271685128953,0.28190915645883197,0.23967380682593126,0.15819117161824855,0.21726445662080054,0.21558255802313425,0.0433463005788036,-0.048624913309116065,0.6322073323615028,0.2615048996645604,0.4410163194041423,0.24752452730215646,0.1680917096221107,0.20486830676139856,0.34946806965915644,0.13722026448002037,0.11834030637607885,0.05189404933840144,0.19852978745074923,0.058034920351759625,0.06266367605592851,0.06617836673487629,0.0029892063149918107,-0.0467084158745187,0.11057428470635586,0.17972462529834324,0.11154906011548593,0.3611875361080973,0.19718965523546483,-0.01406818403942428,0.14445378421656213,0.26297684023397017,0.21585660288825873,-0.06363981242575806,0.08650547706587453,0.3008378847239312,-0.0841981712477498,0.35776780786052503,-0.0046906466993326046,-0.0645400711471214,0.05720253285642049,0.3081524507776414,-0.0031787301881822795,0.06181960186831795,0.6460315753439864,0.5179781395973523,0.388527675580221,0.3415515483352255,0.28653439155487265,0.4606209633741324,0.3930313717230171,0.17321868170253737,-0.02763679479071523,0.07754002892592604,0.06688636359363762,-0.0911005870553693,-0.1144761580655759,-0.07079696718090121,-0.042518044943547904,0.21414162343052434,0.0929597201983781,0.3198845762996028,0.426232338788378,0.282103976965808,0.42076223213464464,0.3482117368517145,0.04194760341631376,0.1169454711733021,0.20573754862545907,-0.03514374603577911,0.1482247241901261,0.2641574838516192,0.17079117219749954,0.3160597492201265,0.034552095939885646,0.24264995289391034,0.34467328375368506,0.23682010231328973,0.19438538379174788,0.1325000869922481,0.1539541449714615,0.22644387791864062,-0.09756621707971393,0.13733340315101655,-0.04136669042668609,0.07777652209322283,0.16621357207983276,0.20681953738353387,-0.0571958385912556,0.11277263300439364,0.06037057127119324,0.3327765284530705,0.03717424584016063
0.12418625662912636,0.5539709016961588,1.0,0.13714636239686329,0.4176729528896665,0.5991770688400166,0.34357794295169747,0.5692764626393303,0.4349384914387884,0.2009537295786681,0.028675313678612126,0.1431533848122965,0.024590087119428346,-0.06694866386093722,-0.16247198666667087,0.2604204349216203,0.2788541859554112,0.29538047514950677,0.050627603656194065,0.056200085422645506,0.11461891365455171,0.03855217925612122,0.12939159838865302,0.14202051056235013,-0.12164688829125672,0.12206995630618866,-0.16024679616264262,-0.03090523714464684,0.17317761463058537,0.13477929603264818,-0.14302982949812976,0.038426793846829774,-0.12028963769024331,0.0007627114248728352,0.16581769384575354,0.265661751016051,-0.01180461903039358,0.0035922854888551414,0.04668916078518853,0.21585402147598454,-0.17619645997845618,-0.22653439282635446,0.12074330698873185,-0.20209487559936629,0.030035658751683538,-0.20583553904661744,-0.20114204391850252,-0.17425580149298828,0.1601818337161479,-0.08653403354334319,0.13213128752687342,0.6534624577240337,0.265589455029733,0.08482249057858628,0.5300050529807384,0.5595213801539017,0.530343929809858,0.5689773705208169,0.2083574170557883,-0.13038690982894444,0.11888058035203725,-0.06064057023197008,0.07372113926184233,-0.20697914645200247,-0.20574971887079666,-0.18798442241031385,0.22739637421192826,0.009223163749812385,0.1519404144149401,0.32230105167595,0.06034876748917408,0.2102436339875859,0.3135740603694093,0.07818204749145614,0.0405024031533558,0.09634138528544034,-0.0438143905193387,0.14007632212379792,0.017035520370977626,0.07016962906394546,0.009880669311609483,-0.16673514870603948,0.026070495028652694,0.16093205504731958,-0.07527225659746804,-0.09734057127839398,-0.03839978847853493,-0.048966485932016496,0.2403638411075597,-0.12819337492789126,-0.05457628533420426,-0.2502058015475108,0.13763279392936265,-0.08915300970742407,-0.0519350161877386,-0.239472812863517,-0.08654842638721168,-0.20522923279009941,0.24408362417582216,0.023527495814557434
0.17270149178631747,0.5987510902895,0.13714636239686329,1.0000000000000004,0.4894997283915617,0.0007896640288604399,0.3573561767166533,0.25467566961119253,-0.08001376102723273,0.06816858834565959,-0.10559189529042765,0.00572521103219456,0.13091399682474125,-0.05087049208907768,-0.0225066648916259,0.6240350775208392,0.11810706413144254,0.26985778241251135,0.14031555083050246,0.16895642782760523,0.05229216476573137,0.2886367376507652,0.00011820358039503491,-0.06725925290100614,0.07106402389108378,0.00838631339359225,0.16260454251636045,0.14620714424303025,0.06788742207615354,-0.06717081081156698,0.12241388760176279,0.25875199804592613,0.46135126939608206,0.10786958942703266,0.2393780712338826,-0.010467652272872299,0.0949854231535318,0.21068208032323776,-0.01844555885637765,0.007762865444160612,-0.018539648115299918,0.2829750854409697,0.18326853529804685,-0.012199311923240702,0.3661778883834741,0.12922590576261672,0.09617738512254832,0.10763460451263591,0.06677546833989492,-0.009055453562461062,0.004412296528608061,0.20708973359174987,0.3515591243654683,0.6885577457187592,0.09861069815877266,-0.13680466855337262,0.21727854846228856,0.05717849243317366,0.08297503466085017,-0.07456634972310722,-0.004121689785165841,0.0868395830752106,-0.12437892530606606,-0.011354927511762274,-0.10790587559733868,0.05605961338551615,0.06051157115818056,0.1444719678418783,0.3018716310730556,0.3252486611816551,0.18773626819816036,0.36964624198165713,0.16140096588545752,-0.038285451979014194,-0.06156209856611286,0.10682025296735832,0.014846165460204248,0.12862617303406093,0.2746972204807521,0.2762895309429388,0.26270367074767553,0.21405751926146607,0.3464639151637882,0.34471658589018167,0.29322792347132565,0.2926734105985361,0.18915338859614586,0.33244302526612923,0.04938382718506333,0.03934139129822593,0.2746182412872702,-0.033506866544671596,-0.03352781679855056,0.2767104353087307,0.1857075489921734,0.20695526638797443,0.3437997721690969,0.19870036858158097,0.03202591754878192,0.05940562330174746
0.05482144589745859,0.4984398896708654,0.4176729528896665,0.4894997283915617,1.0000000000000002,0.37201435448236697,0.23385073904576298,0.2829329654475502,0.286384933934713,0.13086034972717459,-0.027726155471986095,0.10544323270080055,-0.0594486742986941,-0.04529666997241182,-0.08047955671015232,0.3087938530558819,0.07896659140688497,0.3965765170364275,0.046957245790278546,0.34979517097130414,0.08221071637928724,0.18519357266928105,0.10504862211869002,0.02421449040091323,-0.18149838131448628,-0.11444493274156511,0.14147127503870832,0.027947299250921348,0.10057490756221847,-0.028634733173547033,0.060003293942984905,0.12256383613935908,0.1673615028119399,0.21596877524785188,0.32065969145449513,0.3428538455396355,0.19399129072199553,0.1199656011164571,0.02907562906481015,-0.13849495287976568,0.06052584391968697,-0.01601619179874151,0.06839680068060625,-0.002151805002209429,0.21051059346824155,0.0723898783342841,0.027565506982774504,0.12030028502816585,0.17249430251324785,0.13449161668463505,-0.13182026745497363,0.4253110867985397,0.2658752072809457,0.5306721070797346,0.4058470384824212,0.30642235402297036,0.3190931072328399,0.3341191444540599,0.11309078243642079,-0.17944314088601163,-0.045023213418291304,0.12434392747739152,-0.025853893963718563,-0.09156751479517322,-0.2043520234245599,-0.10048994892591649,0.3127530413130489,-0.04381588199766767,0.169296687585015,0.3519615278723601,0.24632300414917405,0.2539193106217353,0.1536064486641713,0.03322964502704448,-0.06143884831123122,0.0024363856478154056,0.1250246842453983,0.2099443166986646,0.14685295355846434,0.08038463214679419,0.26522544259632624,0.35572047849307326,0.4064778387198698,0.32730386428305985,0.1823420441794993,0.3715735230050841,0.33283555362664186,0.17014866392646147,0.3901128224264848,0.08339462669318849,0.3752519288035023,-0.18265387223633228,0.0871485999047837,0.1661401339317725,0.2007056465397795,0.07776346230291754,0.2730775534446879,0.18721933907593688,0.2565011884960245,0.25326165859332433
-0.064742853126119,0.3444876621797366,0.5991770688400166,0.0007896640288604399,0.37201435448236697,1.0,0.07952782982583095,0.640475315114616,0.8298598356173218,0.29807740076621586,0.1492090145583985,0.2047022092195263,-0.14066667302038022,-0.2575401448122951,-0.24160978987508117,0.1631445698765461,0.030836588303636198,0.36574825783309545,-0.12639983214757952,0.06328090893312964,0.15284217869808966,-0.0267812204364513,0.15536813281464892,0.2230869955771527,0.10984031618690422,0.3469631481258354,-0.1908697044216781,-0.024963008364901066,0.18671358514142442,0.2807956617566047,-0.22275575216269375,0.1224171006669272,-0.19261428871021039,-0.014318787291674559,0.1664245463078818,0.5913555658325396,0.03551191255311149,-0.005092106803331121,-0.033866911961965264,0.1173946678303639,-0.2766177613989618,-0.18405372828970748,0.07872881440569954,-0.3705740675529453,-0.022305186568496404,-0.4312057860066892,-0.36817673355885555,-0.32953265079694966,0.2094138918305436,-0.11382457328749782,-0.10099383496510596,0.5048695264025757,0.26056022488113617,-0.012345926394141385,0.9091778290518943,0.859009710327389,0.5911445257568122,0.839936613786301,0.274397003109805,-0.1453120655646853,0.14121873460783177,-0.24797162981259374,0.24156314891006744,-0.404910151576353,-0.2545921278465854,-0.3741215020307316,0.19541876706235214,-0.2353634672558885,0.1335506498953362,0.44689718429086833,0.1999656555422442,0.36543414996107376,0.3327194646641413,0.2388918606469997,0.1230610357929505,0.38745952087690394,-0.006280095947345487,0.2123608448824212,0.027758401462940892,0.013928199639009603,0.10887559966873409,-0.25060851512494625,-0.08098115541327729,0.21310025850149944,-0.06363929478311872,-0.005105254454603093,0.08640964941307694,-0.05848402422195582,0.42967400862277955,-0.047215698741224874,-0.17609925839704532,0.07465433974354398,0.12788614609847834,-0.23196201291341867,0.048594772380744694,-0.37988067119796337,-0.33277221302734966,-0.2787205649109874,0.2833650053281812,-0.12655102036927426
0.2355371670131589,0.4354827443002689,0.34357794295169747,0.3573561767166533,0.23385073904576298,0.07952782982583095,1.0000000000000002,0.3164478268050358,0.11301120840742736,0.04032158461346711,0.27984228327262034,0.1605977778321111,0.3166647906861724,0.2529347195375059,0.22385365388175474,0.6249714047192473,0.5609047673595654,0.45982457473353283,0.4243840864471788,0.40129641927149245,0.2990062946952523,0.37336941382637573,0.39373919109361577,0.41537348896538945,0.13292286267860734,0.25362453054414863,0.2070540448691641,0.29083235160158694,0.3785386924983471,-0.015718016190842687,-0.09737150138195573,0.1752397389019425,0.20268092129880055,0.3253334457277019,0.45709328715741093,0.06136560136109431,0.19091331502648848,-0.06917174495716685,-0.015089499008351551,0.17364491761707157,0.16512575179727854,0.11891667380840709,0.25019085766161725,0.11386681403347836,0.2695647818844759,0.045040346014218684,0.0713081676582764,0.19474537889366217,0.264767892826543,0.07640948025743591,0.22265996450133752,0.3038273036075596,0.38520897668699455,0.17983416498060653,0.02988761697633185,0.032544911025258666,0.22449068299333305,0.1031771278790383,0.19155897290243024,0.17519486889988856,0.2108679842577496,0.14513843501254248,-0.05653643511099938,0.12892051960763948,0.018963578548338408,0.2895548785301095,0.35857236321340147,0.3137780284399905,0.39028728858694045,0.31326483787279863,0.34002167048905496,0.20540405838068979,0.32711049869469916,-0.019158254160647984,0.3345667370025744,0.1775890487024452,0.21612147811553276,0.2007974975141524,0.11313033194374175,0.24138706160561535,0.2449257025448703,0.10063655624193298,0.05679255396899747,0.19955922803476792,0.19816214114190914,-0.03512702326673783,0.09672244283205134,0.15809565156185804,0.15595931210413502,0.060616872701920246,0.1595276942904887,-0.044643788795656225,-0.030069718186618914,0.09423399009754876,0.027653580827749283,0.1193007129491506,0.15214030223405473,0.16948992087534967,0.13938737321803638,0.1760868979945907
0.02366612960445035,0.582271685128953,0.5692764626393303,0.25467566961119253,0.2829329654475502,0.640475315114616,0.3164478268050358,0.9999999999999997,0.6315786970564065,0.3266936366411622,0.14841062800886612,0.1225611263223745,0.1540722805425497,-0.08786762586552233,-0.07007459225896989,0.3220144768952402,0.2302874260021707,0.5436213860249809,0.08918656948964292,-0.0727958335739664,0.26926138165026514,0.055956658138541636,0.05839652974076385,0.12345311970775937,0.004178201138131918,0.21616520172899095,-0.2570372769251523,-0.23136230012190526,0.024625356619456598,0.061523422934858456,-0.18192967087770504,0.002819777371193896,-0.1642874311404529,-0.017303634702807578,0.16404630839758474,0.1963485300877395,-0.17480360169526046,-0.11418352177193908,0.04247359494161061,0.23885777212455866,-0.2627325462398332,-0.27511486143994623,0.16080680195557365,-0.45026692391026635,0.029900525195471546,-0.44113743252116827,-0.37711588289543235,-0.3758230984704437,0.17364014136539208,-0.29679763257771724,-0.056035857974269444,0.591494637620594,0.4459372671186573,0.0629059192832503,0.6687301941775726,0.5479275669434412,0.6682149531945807,0.7595773120250258,0.04660952801549632,-0.11708738761380452,-0.00965221766000863,-0.1110466132615942,0.13503900889203638,-0.20099360410714454,-0.10695912297901439,-0.1862895317102925,0.04147246327694155,0.04078119553872025,0.33111902753560557,0.6220163753885154,0.2549905946632789,0.36246188745387037,0.3891333182523863,0.0273422208275548,0.09357136575654333,0.21433267888486776,-0.1969978930514681,0.01344851689739712,-0.01158830038665569,-0.06789277659164963,0.07349149955395817,-0.25090056533730376,-0.13298774104133154,0.29251719971353685,-0.08250954612515483,-0.033055963449414735,-0.11426649998127913,-0.2158798543131113,0.1762566330292536,-0.29834174161333865,-0.3144073036300458,-0.11318413461645539,-0.08708413543093187,-0.2023190137060578,-0.14726277519483838,-0.3879978097389512,-0.37775424932148344,-0.37770031878596394,0.22150397424879523,-0.1786727860214624
-0.15199540524349114,0.28190915645883197,0.4349384914387884,-0.08001376102723273,0.286384933934713,0.8298598356173218,0.11301120840742736,0.6315786970564065,1.0000000000000002,0.3696096586271862,0.2806676870457448,0.23183443772092266,-0.07011888118541554,-0.1136326892045623,-0.08298599646787518,0.11673602014334065,0.06789172316669974,0.476189247147161,-0.07774234944660187,0.22450734331093505,0.17396787280089995,0.05529895934867502,0.24365381798812955,0.3130939793939576,0.11417616554542397,0.3066111295347883,-0.02254348818944049,0.08911268850518032,0.23274272935762602,0.3148664551301318,-0.24219597435969326,0.07270434725249568,-0.06740855291227625,0.12264257081342655,0.2256387341930551,0.7586023972651045,0.2392931998290687,0.06002291722540066,0.06728670514778232,0.09222695558523894,0.030459723274823824,-0.28929011831589,0.10072624068469725,-0.2843311011500278,0.04993826444157833,-0.29579065483790906,-0.20807141270537027,-0.23919161046813062,0.3359401429471896,0.11959897565264109,-0.07802845608725754,0.38749863725007944,0.25982740502876706,-0.10541911476897872,0.7677012582152057,0.8638904309234924,0.49169580992099793,0.8407554210022677,0.22893199922476506,-0.125471873660931,0.15878428409867432,-0.22117098634493473,0.2745495879816435,-0.29284903116206196,-0.13390597350571035,-0.20528392370379206,0.2831176553787712,-0.17705692429331965,0.10027638098878429,0.3901254722793834,0.25816392919592024,0.22916860812308595,0.3227708511246124,0.410148294295515,0.18040861634672406,0.34143632068690943,0.06202480357959984,0.18156148450478748,-0.029713215377263614,-0.10386587200047771,0.1011703033971623,-0.15288836367612266,-0.1414166393858672,0.16016875438537304,-0.017575949451663336,-0.0485709481628013,0.22121985861938437,-0.14062069779734462,0.6350425040658086,0.028766087614849334,-0.14173490619874526,0.0878906119486607,0.1587922891036701,-0.26096279576299547,-0.007635945899767,-0.31890348102100424,-0.27925227377284484,-0.22636635937038024,0.48974539763660413,0.1136943007707024
-0.22059602416271828,0.23967380682593126,0.2009537295786681,0.06816858834565959,0.13086034972717459,0.29807740076621586,0.04032158461346711,0.3266936366411622,0.3696096586271862,1.0,0.3016522061746664,0.5828693155461524,0.17829590858678113,0.12269584797838136,0.15225504745193916,0.04238482950459993,0.1729024729905045,0.22241130101866163,0.17987097349132522,-0.07660763041786142,0.24156418988858858,0.07049100384850349,0.29225897151375196,0.3043136623058692,0.058923285950844416,0.31052637764407076,-0.0733275942623078,0.02504206097509562,0.19921562536403536,0.3735735663078184,0.009276883473534872,0.03419507322737205,0.037267449515822525,0.0031966352895540333,0.14008271458159027,0.1344013963181857,0.038314804824703175,0.10663419733191719,0.19060829676605467,0.5839975112409018,-0.007781217753650709,-0.2922740196264067,0.23997978386393426,-0.20827240537730315,-0.09795733710425551,-0.21688033919582347,-0.22789973319636644,-0.09820733894049988,0.27172939669783974,-0.07948607940066928,-0.02960111955571889,0.27889205210539175,0.1987668084093474,-0.01752105531998971,0.2514376561885885,0.38452505018973987,0.15907884812407616,0.29821393297256504,0.5473239562761609,0.12836893065699032,0.3475910632198446,0.030104404591676258,0.407408113601685,0.03879103577489469,0.1866355582004409,0.06849913218046375,0.05996975046730791,0.007047327220177213,0.16448707452144784,0.10179177021675297,0.18913329116336303,0.380071338554754,0.27377860053698216,0.4621825453840343,0.3457342753081249,0.30431213484248537,0.1409397660056426,0.3447118916280456,0.013496133171183006,-0.10218366704002278,-0.017986441465533968,-0.2758320748508543,-0.03945948400120888,0.13019944336656963,0.05599632047510193,-0.04738966267333517,0.07184415458729243,-0.07371676019117032,0.0727993747612001,-0.11321272458815998,-0.08494236621677419,0.09130588018055176,0.40330473191806343,0.04197677993072763,0.23603509037831513,-0.1654899115050039,-0.051730474180801664,-0.1027633566638731,0.5499215738970549,0.06155911982483237
-0.019171595136734828,0.15819117161824855,0.028675313678612126,-0.10559189529042765,-0.027726155471986095,0.1492090145583985,0.27984228327262034,0.14841062800886612,0.2806676870457448,0.3016522061746664,1.0000000000000004,0.39576365194938684,0.31427893652741334,0.23409288984018553,0.2815020141465289,0.2700104386412175,0.33157012873189334,0.3713694694356057,0.19340131222161552,0.006016490574303666,0.28756795118042794,0.33637830861259005,0.09357455904050052,0.3982868284270782,0.34277793611476987,0.37452768926024504,-0.07635135737394311,0.08486427602030781,0.06649228430902239,-0.025102945497215697,-0.12442036669471856,0.3089558984537065,0.05990926384736788,0.20506231451808632,0.21498920701843494,0.06721218344663493,-0.0443318066039044,0.08761591071702367,-0.0066270812519784944,0.20433363281054465,0.21748233882785245,-0.1877722408377298,0.39394926091129645,0.013670936312113679,0.0775632210116204,-0.07504404026860853,-0.03170295672633147,-0.020223682751861944,0.26981312831838333,0.0008884740824725344,0.19250729101897587,0.2287788129064623,0.4268454721030162,-0.12266719194623318,0.10225531247684362,0.23442225069080203,0.19590465586567524,0.1293976988544338,0.3588116597365445,0.2862989640357415,0.38261956191653235,0.19604961150598268,0.17495135301161568,0.17216597131903028,0.2805141355444364,0.3163771592572612,0.23664550367683418,0.19152676938124527,0.19300404882986832,0.21244005903722862,0.1267632643335452,0.05249946244665886,0.09784200537392904,0.15089461677686528,0.34271676853593847,0.29947797681347066,-0.17234628401247343,-0.0024290118497370043,0.10130017320643836,0.17479978001144644,0.053005050692537276,-0.12983930139134287,0.007981781079096941,-0.007506497491399004,-0.1139572835159585,-0.13660555924362974,-0.13972978782846668,-0.18604923111379312,-0.04159336726027805,-0.11604131731918188,-0.018036995077965405,0.16256284191204182,0.052563317312162884,-0.09597090965428495,0.14126613717975944,-0.17361679893129123,-0.17247119098083108,0.002593886606197675,0.3574143960571247,-0.050737662503191804
-0.0049497472504385605,0.21726445662080054,0.1431533848122965,0.00572521103219456,0.10544323270080055,0.2047022092195263,0.1605977778321111,0.1225611263223745,0.23183443772092266,0.5828693155461524,0.39576365194938684,0.9999999999999997,0.40062772274323305,0.37869657055807765,0.33559278065728537,0.04968361359393055,0.47462014935843994,0.21884890611651464,0.3822464641414296,0.13349091341667058,0.48611509338265213,-0.01061350887528038,0.43567376409609776,0.5883251740829514,0.21616049851512223,0.5762050765509026,-0.007373843912027283,0.23111747697070045,0.21534166381950792,0.5101880307272664,-0.028057960946991835,0.19920387642783124,0.19637242336750857,0.18325289092719765,0.2751187014603545,0.18845384532573228,0.0242793814094676,0.06161426045724065,0.07789208886673128,0.464139820013566,-0.0048234412810539366,-0.09351903702764389,0.24570878001761473,-0.1244086209360957,-0.016771005769218045,-0.11964450586659238,-0.19859436652374032,0.022117034194949016,0.17927087049698018,0.008251609385018734,0.20045473541208977,0.2509409559402435,0.10779519306766398,-0.0898518068793849,0.2106520211541657,0.30090752980821284,0.14967943377197604,0.2610943981365657,0.6693344658970436,0.2796822353925473,0.7401216509529593,0.2445713467459727,0.45499931596175075,0.14011695635574972,0.3340189910033637,0.21437687810196845,0.1923156247679545,0.12122417263141375,0.20316078577039132,0.11370735808548083,0.39947495342133643,0.40628663870933485,0.32820092554640534,0.24779852556328041,0.5761540443999911,0.6155332717269328,0.3210930493981403,0.46315088040813557,0.09022204302954417,0.24966816782170517,0.19223276833089714,-0.062242558178257336,-0.006186458994631262,0.15569312413806732,0.07244852973371968,-0.12493902554574572,0.023852245716457297,0.15534667554931786,0.13267932344834185,0.00832255642639139,0.006088877451317857,0.0482164921641071,0.20849462693566378,0.10821309665064133,0.2512299731718543,-0.012690154813869047,-0.004868555636502548,-0.07049829857767943,0.3086502566375859,0.07849946208450781
0.20582527814649484,0.21558255802313425,0.024590087119428346,0.13091399682474125,-0.0594486742986941,-0.14066667302038022,0.3166647906861724,0.1540722805425497,-0.07011888118541554,0.17829590858678113,0.31427893652741334,0.40062772274323305,1.0000000000000007,0.7190300777190779,0.6611052236852984,0.26250419832037036,0.6738918352657788,0.3985696704794319,0.6616707992764252,0.12783822727559854,0.4679849807023575,0.4548497467378963,0.28489749475796283,0.09677144778458414,-0.07519480268784351,0.05355412749950918,0.01195799251657641,0.20275801941861724,0.12012309194094138,0.14417673991117544,0.3155136927452109,0.07475840243036873,0.26831250722477323,0.46409613850968046,0.18594480816151324,-0.11781230621752527,0.10064278188455747,0.17801198438472537,0.04475478854831835,0.3241209188203432,0.24306462912848167,0.15599055851101212,0.33855473366582817,0.3364750246180915,0.14919676660904999,0.19924874256364247,0.23818168712877033,0.23012199616767384,0.40573422661948666,0.15013393378220743,0.2136266386139886,0.22580889919294186,0.27930074661298065,-0.1460407947501233,-0.13354705775945344,-0.04888801425922996,0.18231738722818022,0.05830238933111004,0.27048418375457933,0.4265563108261488,0.3796179042589017,0.6912470490665894,0.4090836077428216,0.6367599157762217,0.6414036769424543,0.6350577254948595,0.2275601918112496,0.6358269699312453,0.4956939300944927,0.2962881080776408,0.3714175686673939,0.33712643081141913,0.4141962569219067,0.09201225077208085,0.36897454595104734,0.03995450037072568,0.08973598717370533,0.13046913462134538,0.198367183162864,0.052428948013181674,0.06955470620721034,0.08346242678043043,0.0007658193577304868,-0.033661508810581324,-0.019005412236164802,-0.10223555475807755,-0.04307573926096595,-0.013021878990361493,-0.01596078454657881,-0.12305623461068114,0.10200832322637664,-0.0696169551507205,0.0035470694204493623,0.3063714589825986,0.033315674124845665,0.2380208516733245,0.10516521362401961,0.02452226952363138,0.2208793102811087,0.19065230500241914
0.0916193952830152,0.0433463005788036,-0.06694866386093722,-0.05087049208907768,-0.04529666997241182,-0.2575401448122951,0.2529347195375059,-0.08786762586552233,-0.1136326892045623,0.12269584797838136,0.23409288984018553,0.37869657055807765,0.7190300777190779,1.0,0.8172499495217405,0.10316037321794726,0.6221627181552069,0.3020432325928758,0.7021896609178967,0.3035218533227434,0.44592764143940977,0.3910848021038095,0.4087550859311841,0.09010528230162063,-0.0879786373168012,-0.10893386591248667,0.2142960010011319,0.288634321051397,0.3202009366717734,0.19953930545561782,0.3415534350099284,-0.1376500172251139,0.21989411033798845,0.49058437636965363,0.2039452866674631,-0.05497138215189238,0.2679908492373051,0.05889956707916495,0.20380372503248823,0.16509718615466085,0.37607301367122925,0.15874367882559876,0.18162619083787104,0.4761631026178886,0.08584946562022311,0.3844746666146945,0.35966054386340046,0.4288794102238064,0.3913982349540398,0.31974319530904755,0.18966372905014936,0.08743920638340218,0.20893083043027527,-0.2207701960606125,-0.27334852213945376,-0.11360085030468385,0.012894112297181678,-0.0982229970182882,0.18937450324059923,0.503002985907756,0.38986611013159367,0.71714016307979,0.45806146090089095,0.7905067672731987,0.6741807512694606,0.7694921179928271,0.22712341171264783,0.6852441200682367,0.48558737428237175,0.1546979485306131,0.36872306439404434,0.25518349882126606,0.39365617382324614,0.010432071137107821,0.4611105924026806,-0.07617795755430148,0.26700502150813427,0.28235786931071066,0.18646392110871046,-0.08703425762704528,0.07687650913891625,0.22934443915560035,0.04188574846020159,-0.06146795719754999,0.06188716672367332,-0.011158771373089266,0.03096620208778864,0.13499679227053202,0.06539178555457058,-0.08385205180902436,0.22096095672778168,-0.18045220811114587,0.10429925642392629,0.36096375601791064,0.18779884009096756,0.3580163367368668,0.31860073648298515,0.22245107212209628,0.24335094592566497,0.3184986991318586
0.18566431787834836,-0.048624913309116065,-0.16247198666667087,-0.0225066648916259,-0.08047955671015232,-0.24160978987508117,0.22385365388175474,-0.07007459225896989,-0.08298599646787518,0.15225504745193916,0.2815020141465289,0.33559278065728537,0.6611052236852984,0.8172499495217405,1.0000000000000004,0.08083639067217721,0.5337147030754134,0.3252279237839686,0.6242545013024061,0.29880051487225245,0.5408532651367784,0.3612583077168724,0.4301300347235698,0.2009055248062161,0.16830856522187895,0.04076465436427636,0.24909675383228624,0.39469699079120685,0.4145185111451822,0.22437807216291702,0.3891554291504579,0.05909847899131425,0.28440945549850327,0.5383764566266154,0.2997405854353676,-0.0625451289785334,0.34156991979861817,0.022917101053620086,-0.040535274303848304,0.08088807663663758,0.27104286315320986,0.2152592160234553,0.3194763243884001,0.47615391092288867,0.14595706504278894,0.3507867868503037,0.37148184249306043,0.39824428177873666,0.3188142109746072,0.2123417657331254,0.15873367476102,0.013034412851647297,0.1543974341124193,-0.22752342576360246,-0.20143141185008379,-0.13616530242281388,0.010623077698759052,-0.061781093648389684,0.3334504807275339,0.4893317761151828,0.3770408902754449,0.6845683770890366,0.4997496348366414,0.7772664596402684,0.745498286816394,0.8666242907163378,0.25142033549937937,0.6182915682731487,0.52700991431992,0.19428252867299187,0.4872050653794226,0.31034066441904856,0.4075044442384168,0.06939119667687893,0.49539462597188266,0.10096836738114118,0.27575910577929375,0.2938079296704127,0.1991725543053299,0.01835808578421431,0.25246794560422137,0.2071129649758538,0.07708033907150777,0.06026606448095972,0.1628221859644851,0.03768585531922535,0.13730240907599478,0.16982072999363168,0.01203589760627519,0.003356740092599449,0.1797913308498411,0.06480502663322255,0.056426863022881905,0.38071171950880817,0.2582134344356293,0.3961911130229657,0.2712900510535649,0.22706877753320598,0.1709229155481675,0.18071970509808566
0.3345353960834879,0.6322073323615028,0.2604204349216203,0.6240350775208392,0.3087938530558819,0.1631445698765461,0.6249714047192473,0.3220144768952402,0.11673602014334065,0.04238482950459993,0.2700104386412175,0.04968361359393055,0.26250419832037036,0.10316037321794726,0.08083639067217721,1.0000000000000004,0.36684578235973864,0.5885326287696396,0.34566942335188156,0.32702947597499576,0.17209975157030755,0.546798141273136,0.26174901720118365,0.07514411847658715,0.23839516514137993,0.148569902716515,0.16907728621458945,0.24070978424304637,0.23159616513384026,0.003666873793866296,-0.008015913230609193,0.4326037768892358,0.31520100828556924,0.3251371323690985,0.32052870791736604,0.09944105424796378,0.1031153628331938,0.18713266179300486,0.13749080904135713,0.06863234196782672,0.06709986737116112,0.34270522754149535,0.2736008482708111,0.09128716694297795,0.29132881630434404,0.12526155236320896,0.14614576036405105,0.20584569246200213,0.30170069701685304,0.04891916971236691,0.23471941381843583,0.3631855556205054,0.6659967973181935,0.40447150402369864,0.12662771391394997,0.03960989232804771,0.3451642403515513,0.10229318336443809,0.1850199021358233,0.13332350301662116,0.12933103437287305,0.2544525109343247,-0.11333774602671197,0.07992481571591419,0.020870092375123404,0.18857990148280737,0.2638472083194315,0.2704982737350596,0.44740181521390765,0.4732802588017497,0.3061474379620581,0.36871086932192565,0.3150877013189462,-0.02662381237320444,0.19706749110837896,0.17728066637922202,-0.08110214709520142,0.14462611125545424,0.24951847388201895,0.43712903235376266,0.3842664779421909,0.13002836679992436,0.20419261072335215,0.209724047589717,0.21042503446290328,0.1881325434108088,0.1760261205858981,0.21408796172582356,0.17242240723927021,-0.022744557306482727,0.26030893281472767,0.19967549367485438,0.07961867268191479,0.28970224088536134,0.17950949179653664,0.08012114431914322,0.18812081035956482,0.22056670450103827,0.21367159396863392,0.01923076441252747
0.3246018844029692,0.2615048996645604,0.2788541859554112,0.11810706413144254,0.07896659140688497,0.030836588303636198,0.5609047673595654,0.2302874260021707,0.06789172316669974,0.1729024729905045,0.33157012873189334,0.47462014935843994,0.6738918352657788,0.6221627181552069,0.5337147030754134,0.36684578235973864,1.0000000000000004,0.4889684023084273,0.7780525404285232,0.2952908265173575,0.5896299705562207,0.29400503236379816,0.4455844659420984,0.427346375821265,0.05576999456364561,0.22084406933630946,-0.001379167483189107,0.3004295872346997,0.42080473194839835,0.14263593816096767,0.18390358579618982,0.2344195261348952,0.07689261097217322,0.5117889731413322,0.28417249109950327,0.028350858742023744,0.11545928529780926,-0.005994148757892883,-0.1387097974558119,0.11829779444772247,0.06953387475073812,0.006216987737051725,0.12101248496165504,0.16906423117869612,0.004933717962709668,0.03543292464731503,0.04141269836231762,0.1523379202830061,0.3298700860466902,0.0851436492665111,0.35088854989240514,0.42047201032204795,0.3789524470286698,-0.0036241318767991112,0.007255438686105371,0.07026814882211273,0.42420141021267405,0.2104240150986913,0.3733057393700315,0.35422101280853796,0.5074359401278297,0.4905388834481805,0.41713339792238474,0.5016674929607958,0.49503108765489023,0.5262887616851438,0.39326769465344746,0.6504783753183154,0.6284602161416429,0.44424709641576626,0.46857709482563026,0.37687425051536494,0.5403192454265536,0.0681709082200386,0.633119218817578,0.2799320597746671,0.2931012354091729,0.3229427311293396,0.09995874512104269,0.2998128294206305,0.24459819065250651,0.038314420087428275,-0.05441524470665179,0.09683803810700974,0.04767403989573474,-0.14729879248118663,-0.051577704035231695,0.04883427692499531,0.1310014569114599,-0.07219463666717903,0.046275931476611624,-0.14874198037028435,-0.0555039277699326,0.201310392666957,0.031929785313641844,0.14527626940342475,0.06239926917628232,0.03989197347239616,0.20084760920768635,0.1621900469706854
0.13808856216422766,0.4410163194041423,0.29538047514950677,0.26985778241251135,0.3965765170364275,0.36574825783309545,0.45982457473353283,0.5436213860249809,0.476189247147161,0.22241130101866163,0.3713694694356057,0.21884890611651464,0.3985696704794319,0.3020432325928758,0.3252279237839686,0.5885326287696396,0.4889684023084273,1.0,0.5171886959134295,0.5403819057585111,0.5928004439245843,0.4574324605234414,0.42797461132407394,0.2112210427712406,0.06970352237779535,0.12016381218767137,0.06942015179144702,0.14568237304764198,0.3050265530904268,0.12927273395535718,0.1367655329370092,0.18259087676210814,0.11330350966066559,0.5738502895261549,0.38586555339895623,0.34337289281385247,0.18752772630406706,0.09215851117801747,0.002531441809485114,-0.08545924496607984,0.11530248640332288,-0.06926369987758071,0.08720282108468808,0.036835838587954875,0.16521382215870525,-0.04439082788004076,0.008038771491162895,0.11545518164058854,0.4700703033313892,0.09428621908000927,0.09611739235019748,0.46125740753787087,0.6848246524129384,0.22902109922273572,0.33451731351971126,0.3577786685812842,0.6449056433629635,0.45584069932949534,0.18808961705212915,0.14900140333236392,0.16934292918602223,0.38148612846592417,0.2819842973544412,0.17431273215900395,0.2928303461993538,0.30760767759268015,0.5210072486167069,0.428064458770949,0.6757985490981938,0.7886207620318486,0.6304890499956533,0.4066561891086654,0.586820313367119,0.15091939503576973,0.3526983691191977,0.16724258695314262,0.05297643656393798,0.2442875820082651,0.14733778525372476,0.13866874098294793,0.351856472063539,0.15838721746056947,0.09047008279939484,0.1916221861815518,0.10850800154258809,0.11848843930456558,0.20099697793363375,0.03943382932258031,0.4484235995541599,-0.04801046344843981,0.19858307002225162,0.000421124274603707,0.10867322699814123,0.19477554505154374,-0.008775828058724863,0.023853859060202185,0.012218315256700717,0.0994912659323717,0.42219312795581426,0.17974887836322895
0.12636078328384953,0.24752452730215646,0.050627603656194065,0.14031555083050246,0.046957245790278546,-0.12639983214757952,0.4243840864471788,0.08918656948964292,-0.07774234944660187,0.17987097349132522,0.19340131222161552,0.3822464641414296,0.6616707992764252,0.7021896609178967,0.6242545013024061,0.34566942335188156,0.7780525404285232,0.5171886959134295,1.0,0.4034800327848343,0.7030490557333493,0.33489383664201877,0.4775446923810981,0.19518165891589095,-0.0640809383591399,0.042783268385329046,0.05039907627525669,0.2170360274065567,0.38943703912319183,0.1880419896320333,0.3365067347396806,0.08076011356487488,0.17195365625270523,0.5477528191389468,0.22305410201811895,-0.04742586827969779,0.11859674741894308,0.014756871558911958,0.019754966563181774,0.051369892086624826,0.10417901367888799,0.1512645520843864,0.035700340738639695,0.2837051495360189,0.003641409665688202,0.10431960125596756,0.07571126268869613,0.2645908325909901,0.35789789317973,0.11135985126415475,0.14024914191371823,0.2518108411294523,0.44389851906993744,0.08741771064738009,-0.15119546728550717,-0.06618698739835657,0.2747748330956754,0.017608088475621057,0.2577661955149349,0.33606043826987797,0.34800861433911895,0.5663151132649441,0.3692104158877557,0.5908557073654271,0.6231692129176427,0.6172288516723778,0.3550473294440621,0.7407240644131398,0.7257756379528031,0.46367918427335125,0.644497170387869,0.40484511010055135,0.564255259409035,0.02606705740322555,0.6148022578954203,0.10021796892560263,0.25724220044189955,0.3355431763952309,0.1852323654470303,0.16364796337239484,0.3062233463744494,0.16872500876992158,-0.015716403150217693,-0.010625413707193651,0.1128880720571306,-0.009652859709837291,0.07571121683253228,0.13934280238719135,0.08134113290604103,-0.13053697634189892,0.2007866111586129,0.009821064002929264,0.05232824449069257,0.36604756991600657,0.024341652614777956,0.24546980524049605,0.14006235275114823,0.15650157107194057,0.23991222460927228,0.14456534074845426
