0,1,2,3,4,5,6,7,8,9,10,11,12,13,14,15,16,17,18,19,20,21,22,23,24,25,26,27,28,29,30,31,32,33,34,35,36,37,38,39,40,41,42,43,44,45,46,47,48,49,50,51,52,53,54,55,56,57,58,59,60,61,62,63,64,65,66,67,68,69,70,71,72,73,74,75,76,77,78,79,80,81,82,83,84,85,86,87,88,89,90,91,92,93,94,95,96,97,98,99
1.0,0.16167691108829474,0.1840416416259088,-0.008497250558410064,0.10708180307231793,0.11725153307139474,0.23540048982416825,-0.08344511491365794,0.02707047043086716,0.06662291118264012,-0.12921966661935438,-0.12545142799547898,0.2619695997433568,0.2947171666481179,0.06973525237116465,0.5259829964112833,0.14134162001430706,0.11967122238048152,0.12220151491512501,0.09762534354362438,0.17994754648621666,0.1528784819962734,0.1814429504364736,-0.12163770434954964,0.2149780350643186,-0.29289699014126835,0.09790182231991107,0.17457549217649082,-0.02593087037259943,0.1701876418833361,0.5180443523164701,0.27030018695808206,0.5454432994997302,0.21310432208387153,0.282896809654149,0.026980191352726307,0.04978242372425119,0.24818001122440295,0.2799725159013892,0.21211797274650265,0.2534636603472936,0.20768007338870537,0.32660985096480427,0.3254219523324957,0.27291925375679155,0.3361629947153227,0.3139382492543059,0.31173304091463044,0.2466276765330815,0.3309715291399233,0.7137847315924138,0.21476701311492322,0.19952916458199937,0.054999859331446965,-0.043723029288289424,-0.031826910857002295,-0.10311040748810625,-0.0764434727950634,0.09202437023639733,0.11178399918142708,0.10019657627648679,0.1810472481954399,0.17650495632280838,0.19143279674271213,0.08692622585435386,0.1006798740156677,-0.00795620890376978,-0.018642751422799635,0.05310439541339743,0.13730249103269082,0.08647361697496846,0.01997150546456878,0.058995298474448704,-0.10960959600302068,-0.01921677948395923,-0.21261260322286277,-0.14034683549386032,0.01941607623290359,0.4816868873886107,0.31762248724790937,-0.03792428405843434,0.3565909854895491,0.30359933566000374,0.12056011440875672,0.0787667626494275,0.10278456892784246,-0.09711494238934892,0.06677177168872331,0.08152828352059777,0.056974327279928884,0.3682096020201839,0.3159444448142168,0.0936835661063312,0.45724927695847856,0.011671710919791235,0.3383164209997923,0.16692044355738,0.2755542511526649,0.18833210673246673,0.2514653515358906
0.16167691108829474,1.0,0.708875858438522,0.6639478263674166,0.7333639012652536,0.5605497690054421,0.4305560258850345,0.4216590227385567,0.6002164202444324,0.41358382409089145,0.09861345293540175,0.36723473004790896,0.26738591423936364,0.5470092831827956,0.48385919314772485,0.5743498821319242,0.25798621352297807,0.3371818498181157,0.322688442221149,0.5111263414237781,0.4906087059056335,0.24021051400320562,0.3973392554255947,0.1704413022262214,0.1459753119284903,0.1262483331757098,0.3785552446939261,0.32607444807469615,0.3482240029667903,0.43438749650064157,0.21544429500190745,0.24167050074184573,0.47029636524388213,0.3741738439920708,0.2822527293553637,0.37307812340170243,0.33138749397293066,0.2966569612754564,0.38043855607792965,0.40867995184867556,0.1850213743994496,0.21529984798387508,0.21351405043481358,0.18952843719489892,0.426280296974539,0.38214086149105864,0.30657453001013374,0.26316121226389866,0.10590875941801438,0.31800873883991304,0.3246536571813554,0.7775259428249391,0.5766008169831853,0.5437392435586477,0.7304556837414137,0.6663313052192985,0.568516633078617,0.5725697099667165,0.1986923616024783,0.04568799739766088,0.04610683558250096,0.08638129202891995,0.4468150080038701,0.27365085700561703,0.41713539256000687,0.4241365916311125,0.4217640255570428,0.29721450705237673,0.4871821689029133,0.47353428243969353,0.45765363180997226,0.32644625117882525,0.44187487544436976,0.3486613936080828,0.289762475728816,-0.12354184555338352,0.32769814576646444,0.46238207028986966,0.1796767785695467,0.307515556025684,0.27223793251656353,0.3970347403795447,0.4136072869240544,0.4150167648445114,0.33873980371064344,0.42971836976056216,0.35275675260319994,0.4391352559403243,0.464527924161433,0.39781788627156617,0.2812110194847353,0.12461937708089403,0.24566028744752855,0.03409827338051721,0.04459756053715795,0.158515750242372,0.49725147952284077,0.4115253122398848,0.3015951009432273,0.24264727095985655
0.1840416416259088,0.708875858438522,1.0000000000000009,0.49548368080654187,0.6951937461163449,0.7456793963789692,0.45389164359228973,0.6071431061374978,0.7565526161091564,0.36213274433006554,0.14642374266408983,0.31107196644556157,0.2514484799862721,0.48605243540953713,0.4154815858836509,0.42664285104760924,0.24205815143459006,0.3964053477589685,0.28446270466171497,0.4914944996221752,0.4550117728183961,0.24123886483296825,0.3378432177576752,0.08940243584763322,-0.12122346456391707,0.03335730325065708,0.37452121187578524,0.3283946081958397,0.3355747840725345,0.38977800607962854,0.1592997934347534,-0.015810039058668398,0.319701448467297,0.33562859695008534,0.28858389848318056,0.46391468516957773,0.3528551611512702,0.032941202847475835,0.3693906679093155,0.421999825917088,0.16408656739470157,0.010158674193756231,0.20893636679031619,0.33808595794868784,0.3356745792572283,0.2803701840877113,0.24815425846809908,0.22784464870616794,0.255111406300428,0.3535192190724746,0.1566705182785997,0.5694010498888933,0.43908628966557095,0.42164086148550234,0.8023288203165322,0.7884230615844596,0.5231065453604914,0.5701494853215835,0.43856718724321936,0.07181614440549154,0.24943281657404356,0.15887271350883397,0.48610964528071543,0.2780710206484177,0.41484018025284003,0.3696345613963444,0.3124918339776931,0.3891203681607353,0.4911897661867978,0.5329574598940557,0.4273823202676913,0.42155081152300294,0.5452392753267989,0.25286978431270196,0.27038749359214076,0.20397082111211148,0.4199748156196368,0.3989843770093854,0.22186132128057137,0.05282914625932494,0.20890273202918458,0.3878456933825698,0.4720625011784968,0.4397584402767834,0.36189849178427425,0.37816725769896875,0.35142064074899393,0.4228784030205917,0.5041460885689678,0.27189516613266784,0.27096027577129883,0.1411835200282538,0.4645578918386166,0.16959701722855017,0.3052900998252396,0.44373049875014653,0.4008265501102744,0.4432341671966009,0.45309645684280175,0.2377959994419257
-0.008497250558410064,0.6639478263674166,0.49548368080654187,1.0000000000000007,0.6863668014561951,0.43705404970039,0.5369895531518215,0.537568704317275,0.48290537616348267,0.3488770273582967,-0.008185385360700678,0.3074098054137079,0.15865432845621716,0.48437090496226415,0.5166305683181824,0.39576912022028504,0.18663017339590468,0.40566147010419934,0.4151131019313542,0.6599053601675379,0.45762383368923176,0.12610587035807072,0.3390548808878678,0.22916612632553712,0.037801309720490305,0.09938873713737113,0.4035668978217097,0.2612062950482655,0.4366323246734177,0.32409089596964813,0.1436078480206028,0.1958412523850802,0.23371384904965103,0.36811286458074743,0.09663237187781616,0.4665466287465983,0.33306934665191823,0.21811189344743093,0.3279660449792171,0.3630797625683788,0.14068742243581434,0.15077793448928312,-0.02172683871561965,0.043578387393638104,0.32976275055744453,0.34625630635037197,0.20919429156186886,0.32282494734915573,0.16760445665618243,0.3963489404931819,0.20426349717918862,0.6801346203294253,0.5071481970161746,0.7262495852003675,0.6128322227651097,0.5791572475380434,0.5352745098713861,0.528245824846858,0.03651013822930552,-0.06736873345451648,-0.12253473405234339,0.013737112726682722,0.42076436006932455,0.31199528577672225,0.5070952486004126,0.44491039992638326,0.5429444071869809,0.16227574167092823,0.46296813325383185,0.43553951068251334,0.4986820665780227,0.28537345636399314,0.46729001578102686,0.4397333733265267,0.3029758192827767,-0.11979279423693771,0.42809006245144116,0.4424601512145522,0.1188060327920289,0.36113984051491976,0.41327183239721,0.43588813025503165,0.3368497254215638,0.4719613048098063,0.4219101632199661,0.5006946044142947,0.40467671570672853,0.42073593723622094,0.5634711129504466,0.5657984843410161,0.23579156431565482,0.2234697270899535,0.17617330798395583,0.05515947959323124,0.009065126099962508,0.049994405505451325,0.5310359023575009,0.4496377063119248,0.3810785628844794,0.3148810783826729
0.10708180307231793,0.7333639012652536,0.6951937461163449,0.6863668014561951,1.0000000000000002,0.6124066040903956,0.4111823163661765,0.4278820772379182,0.567484116579412,0.4050116203740409,0.18177757137260833,0.41095041534686216,0.4121097304571468,0.49326168027729816,0.4962384368530607,0.36571668937890633,0.29849308477197184,0.3786669986044557,0.16823308610818152,0.5977566794968167,0.4801210359726804,0.27149056938891947,0.4715651135138737,0.20206502454338826,0.03617393861238275,0.08988722001092321,0.4682263970419153,0.42345056654655355,0.44091535199061427,0.46530165198066653,0.30360697916695034,0.08446928807659429,0.38867009933629587,0.36153357465691793,0.2529480087983531,0.43152268865751414,0.4844043532395151,0.15137964133325102,0.41463884623757846,0.41108827392713915,0.2465534993352339,0.10192467242816856,0.2562008439000338,0.3336922652187803,0.46836134570999394,0.38768997110778697,0.3078848486384635,0.30411321750141723,0.16513549196094715,0.3500528759674364,0.2730727900917233,0.6449042906480216,0.4240611089722258,0.7790437137935673,0.7639428461573416,0.6228090773724815,0.34769157723403443,0.4255325667097896,0.3911637019369611,0.10429026303076128,0.25974909401579743,0.2798186436806005,0.47591263352816193,0.24070877795747356,0.5219404154595846,0.4117206172415903,0.24169196453025943,0.3480145389139978,0.4043613629579045,0.4178458765777151,0.4472512158092043,0.363985686568286,0.49505392397937675,0.4027807820529318,0.2978905834857674,0.031606808243052516,0.39637378905297455,0.4253543122285887,0.2569983496968451,0.2530606068838677,0.2633640777963578,0.4342625075822699,0.5412183599003135,0.42849993478943205,0.4377674659860177,0.4600297718938512,0.5567855079508637,0.5369623897536707,0.4853441067039583,0.4042625101126103,0.33586365535453827,0.1836821304386504,0.4201301066145753,0.19751767311979826,0.2511373994551299,0.3347221165229341,0.51138039766331,0.4599043552629675,0.30367766841896027,0.23437423051782957
0.11725153307139474,0.5605497690054421,0.7456793963789692,0.43705404970039,0.6124066040903956,0.9999999999999996,0.6171958611533406,0.5294866147787524,0.7303414819870281,0.48122173386793843,0.1411037374978989,0.3213751305220572,0.07694919657855231,0.37283935896811937,0.331300068997063,0.458464987818584,-0.026703518788711054,0.4180718731811113,0.027640214279919525,0.4323950178291517,0.4155545829907464,0.15753657666434745,0.33870327070632467,0.025297991037394763,0.12327709072476353,0.1200933226404574,0.3147307165250908,0.17947402687127226,0.16969434808535308,0.3022832582761347,0.2696034133533802,0.08998208280569592,0.3340554541637731,0.3318468462738653,0.19272620054773174,0.4534560408562804,0.2991583381935237,0.12399182000527226,0.49720411052339286,0.6029606501737655,0.17338543213205643,0.24469383340273532,0.22906727628716414,0.3112700490041806,0.3809360457401016,0.24827080061257586,0.1873001939819553,0.22564828705337067,0.5308620540219164,0.3724156306350564,0.22625850215408946,0.5835330506280874,0.5140537773446433,0.43730594400098044,0.8045748770459723,0.8434834796898012,0.4713802261266162,0.45753753870428454,0.5566724294709683,0.016274288278132074,0.25021837684748294,-0.03390994153219621,0.15412010316783764,0.12298935251652755,0.4347369196075193,0.22463977373699032,0.2869073542077898,0.2212155098164859,0.3849746728199747,0.5254098845285857,0.39336083487133905,0.26467231361041155,0.4872562391543715,0.2887556575451381,0.07274875672475618,0.32118415398485944,0.22452127688312917,0.19696841185138303,0.2779409991041034,0.1601123129999172,-0.025760126197435212,0.2838338735161811,0.3722271427393479,0.3757264977424733,0.3655854867248397,0.33686606124587465,0.3794290483850155,0.3301132740208792,0.45907992304608347,0.20843810850876376,0.35966432403653553,0.3085346142088077,0.6438315477603977,0.34411866766673427,0.30240068878975573,0.33894988699503703,0.2955620948916974,0.40488652024570826,0.5011920157803139,0.33906953688034386
0.23540048982416825,0.4305560258850345,0.45389164359228973,0.5369895531518215,0.4111823163661765,0.6171958611533406,1.0000000000000002,0.46326698022289464,0.4849877355219353,0.505198617328079,0.0805768921278535,0.22670893726391866,0.03635153454578244,0.3602661239072966,0.325501549187243,0.5198387549874973,0.05466518917339663,0.3154513164233992,0.15208585565690774,0.3918098280114176,0.45488398958606235,0.10093685259726431,0.228812479720484,0.23132937760023276,0.17032506658623633,0.03238069093927238,0.23823141015767985,0.05617225996808688,0.16969112427340693,0.11896809115813727,0.305821043853501,0.29759843917529266,0.40781385825080013,0.3276456320229262,0.20899617896363978,0.318815269229545,0.2698906338955202,0.2780971343002932,0.4781850937335571,0.7558521666309299,0.32603043141405963,0.30380051444965356,0.19088489685475654,0.23141916098308743,0.3573445234528483,0.31353518256972635,0.1772306804503574,0.29759926420058475,0.4966155188273872,0.5299613192255181,0.2889760650799014,0.582855676022601,0.532820039844455,0.4916560086033693,0.5529090937512332,0.5277681898153896,0.467583379109381,0.2704564345581383,0.3328524639558168,0.009742535997644781,0.007109366805957008,-0.1425707641112078,0.10790169780042742,0.19188839182202136,0.3855212260371813,0.1944198244913277,0.6640503475414428,0.058478456346616116,0.2133530237965652,0.32730403380988915,0.33014111417068936,0.23690255861083195,0.2564305821389088,0.5176245567922422,0.10283452260966748,0.0664740535177368,0.12899319520238892,0.105563552649269,0.2529504736189683,0.23471364948732548,-0.032203837646249095,0.3877355566362031,0.3310588114879698,0.35596944943461345,0.27746887437760503,0.2797917699593019,0.26899915108661254,0.13061718885639628,0.451592477158552,0.47335865737416516,0.3997292053619976,0.2833262949569189,0.5570455185639475,0.28517248575760895,0.16677975619469765,0.25510013371456836,0.3854505941398845,0.3680984475802056,0.4934382166153789,0.5674806073829455
-0.08344511491365794,0.4216590227385567,0.6071431061374978,0.537568704317275,0.4278820772379182,0.5294866147787524,0.46326698022289464,1.0000000000000004,0.7759045982119551,0.32444472146375064,0.17612258820969096,0.27879736743354466,-0.008477669068878167,0.5142095167673691,0.41040738113803926,0.23353672127542321,0.16256613117890098,0.5905867072325858,0.2969575609121562,0.43862851965057686,0.25155668026807154,0.20090235470363363,0.3922744646004208,0.2607442315966876,-0.08315265056113463,0.2895150212110191,0.38587754485311565,0.3177839243685307,0.3639322987165478,0.3910766311068724,-0.006435127716365851,0.08091301960435017,0.024184578078584516,0.34422505265430153,0.21532673227396934,0.6424878215642358,0.297379505670905,0.060774350743018894,0.37680933047114634,0.40509227654924607,0.2795081090750801,0.20127836691683293,0.08670965894048309,0.25197564224427793,0.27265553830181466,0.2347715745248352,0.21187730394857054,0.24301047836575254,0.2734847634348563,0.33817886097062544,0.041625058603263036,0.43003558702288275,0.3499969054957559,0.30805189968749724,0.6474506390265188,0.6485454671016507,0.7220594748154858,0.7478945848576617,0.23385718742785935,0.027115628358595975,0.04268829852466525,-0.10297058867765742,0.4117884089655204,0.4314675710510759,0.36379691805032727,0.3163491553570372,0.4027787551935881,0.29980878544572687,0.3423009249938595,0.5186234992761178,0.28416815478032686,0.27305227789290115,0.478819602442453,0.17499661370903635,0.033253956453079596,0.19892336548195722,0.39101958369244744,0.40446541264812447,0.06922741011357735,0.0768083015321409,0.058020812033612756,0.27634980700279443,0.17559444822144007,0.4003455799326491,0.42287632806536474,0.3659430946298233,0.36289304983142473,0.3734965176899619,0.5210022718285484,0.35224004701520545,0.20711614969653525,0.18061801272799177,0.3611256957000297,0.15060150608238504,0.15530492206511556,0.25318052227228893,0.33437659366632655,0.3796654742406731,0.4679255235110828,0.3055972274024933
0.02707047043086716,0.6002164202444324,0.7565526161091564,0.48290537616348267,0.567484116579412,0.7303414819870281,0.4849877355219353,0.7759045982119551,0.9999999999999999,0.4367057234862251,0.2495124721516316,0.37301250258626795,0.04567988733661486,0.5490255222459929,0.46492767295652526,0.4047105984285763,0.12566449642091546,0.6665965487136074,0.2758218852991522,0.5361529829532686,0.46131927362937336,0.323196179836411,0.4897157052127963,0.20975556557020608,-0.002681575752034618,0.2925241192094694,0.5559338902536248,0.4767007852111886,0.3831571987055947,0.5496199177092587,0.09581598328759589,0.14185873371084234,0.242766801124055,0.5320887007688034,0.2998174486952454,0.7220575737247951,0.37911360964135765,0.14952210308732555,0.46593601566326753,0.5284396618754704,0.3548803526811857,0.23435761425799959,0.17209913775976185,0.22344354036923128,0.3504362071760492,0.39737733789674706,0.34491761418307176,0.35789317529170855,0.31837531712549966,0.45701551936914936,0.12723823356281957,0.5578757872671914,0.4737759570668105,0.32779112094232093,0.7494137673525448,0.843814633435923,0.6844121612357961,0.8170903053168744,0.39915682484882464,0.05034475522852719,0.14100420256457863,-0.05092053412906192,0.39773168523843844,0.3354437392290078,0.46038871664489883,0.3549967396215868,0.43934545438817574,0.31706389411488684,0.5336269234563846,0.6982201583399059,0.47283470689787876,0.3219363227072208,0.5307085098063422,0.3395332634422057,0.1946060646146114,0.19833579902315918,0.4469543620812671,0.476203786115476,0.09737731543234139,0.12594949991962234,0.18468927942893576,0.46161401608124913,0.2848813090578739,0.42468141729995135,0.5855671727868542,0.4312398503694255,0.43409561704052047,0.568855182152818,0.6497778333930068,0.4568159637959889,0.2127617286476099,0.0636907900801944,0.39090748775144835,0.12998189845057956,0.14651618594541865,0.2518642564477693,0.48012189529179605,0.5195178315130882,0.5211116346461732,0.34086141713482876
0.06662291118264012,0.41358382409089145,0.36213274433006554,0.3488770273582967,0.4050116203740409,0.48122173386793843,0.505198617328079,0.32444472146375064,0.4367057234862251,0.9999999999999998,0.6282820918861028,0.7728010714739559,0.19574185933287214,0.2739100253443659,0.4213533220787325,0.3769957592560653,0.09377026946636928,0.28387823250828187,-0.039955272806363476,0.3918714533282676,0.4253474167009439,0.088345728677287,0.1758264547578024,0.4703996935262302,0.5391695167506644,0.4958325435734471,0.2028568349355831,0.09439877164336181,0.18038762335959505,0.23844013676304085,0.31727578303209925,0.4537646296660906,0.3648808756663671,0.22669404123397563,0.18487746685657017,0.26821451791734635,0.2972389266698093,0.6038386618430919,0.645477018787934,0.5857083339924308,0.2919626795314257,0.607323136567932,0.3671776407855799,0.2581235255296418,0.520489002346477,0.20471160962946464,0.030880124978594256,0.19689554547063226,0.44489240968627974,0.39110946186413975,0.25995115276336106,0.5133716318574599,0.48564765361473566,0.43903229015728007,0.4364346566468898,0.48198368334955527,0.4291934912883533,0.21509833117800148,0.3890745613399173,0.16243329588926275,0.19666653071766216,0.024697202651478452,0.08195665679869753,0.10468005842546235,0.3511000739088416,0.3480915422841365,0.43245475312898884,0.054864616792243165,0.11792226407636401,0.2818411436408282,0.35605111241599013,-0.05662618207122792,0.28328555213137563,0.5504957249371562,0.14841145135490896,-0.005671316065011659,0.13185878242757135,0.28680932915423935,0.195619941255308,0.3725945992182539,-0.11741250964224864,0.17870947876666105,0.2928501156579991,0.17437000661396052,0.2802001196607208,0.28609777901064604,0.399087553717476,0.1662998444528513,0.3441719707577163,0.3156919956539315,0.3745252165777626,0.21531152300861078,0.41767733735752044,0.11010760879453527,-0.06145721276791621,0.08055627303116084,0.3666786646352067,0.33641632424424334,0.4289767558244056,0.4135774299723206
-0.12921966661935438,0.09861345293540175,0.14642374266408983,-0.008185385360700678,0.18177757137260833,0.1411037374978989,0.0805768921278535,0.17612258820969096,0.2495124721516316,0.6282820918861028,1.0,0.7354461311816759,0.20865022156498658,0.07296634552770888,0.3323152667629446,0.07028348136359877,0.12080838755042596,0.15204561059585178,-0.2172344878057528,0.19699377753424352,0.239102000397535,0.026817552181287223,0.06383468792532279,0.5885193866935888,0.25658954485015584,0.6122765924985969,0.10426223833091441,0.1449008963067411,0.07058537652524864,0.16848227037942007,0.05618181563154908,0.16249827817236095,0.029137465435750146,0.01939229188871434,0.05740772879040804,0.22144663790785327,0.22334665700866027,0.24451900888950506,0.2725320364951177,0.22374639535106072,0.17146835780509573,0.2818672242700983,0.17877241877506045,0.23955005221599784,0.195166959062311,-0.07740899931901998,-0.10394233683122285,-0.014150654856221707,0.1963241315008367,0.17327331681170347,-0.010735247797952714,0.09070310640624524,0.1605379761751882,0.1132975866880575,0.1966274750197126,0.2123666049984121,0.11575247151907708,0.03509736365144306,0.5448062786515651,0.5645755528344669,0.5415222083728244,0.14319891369510454,0.02839487915348327,0.07818003499035282,0.2254118677436443,0.33042053386917997,0.1453064056062049,0.12310885019428498,-0.004641014285252571,0.07870238404680399,0.22344201245377757,0.026812897047319467,0.18318552893367093,0.4425718694571447,0.291996672010134,0.31406935989051066,0.14924277556747467,0.3277355175000544,0.049271988161183354,0.0893632696941807,-0.11485738609088864,-0.08118636703051521,0.1794399114428107,0.0670019136979926,0.22930171856502718,0.016084075592499546,0.38601620309864065,0.13190102478883858,0.2257982089409083,0.11397554547765598,0.06411523818357714,-0.0598601506573351,0.18672713298794313,0.05444118706928445,0.145825553034671,0.10271824632973935,0.07160815405966568,0.12243136061204687,0.3029713570929408,0.18532321036638863
-0.12545142799547898,0.36723473004790896,0.31107196644556157,0.3074098054137079,0.41095041534686216,0.3213751305220572,0.22670893726391866,0.27879736743354466,0.37301250258626795,0.7728010714739559,0.7354461311816759,1.0000000000000007,0.4902713560180815,0.36201499526981795,0.4931583035686091,0.19680574534146392,0.33740119208594077,0.2503744314731052,0.03076004355054225,0.43291025526834326,0.364715175512987,0.16177708679797653,0.1980544931447122,0.45545338839048344,0.3490159679942767,0.5905236984718234,0.23078258621843428,0.24192037936793373,0.30470843678459325,0.2815724307725038,0.1251001270125901,0.24943918806978496,0.14330832553917786,0.17050482502040532,0.1659339557418316,0.29768690624705674,0.3827101974426002,0.37259709874891417,0.48315340442452565,0.3800379661222761,0.22170020486039205,0.4055598557814912,0.32408332111118116,0.29044124688796336,0.4123432220646664,0.1341479414796983,0.05674538171655483,0.1692250966605689,0.23690080476689324,0.27982016445869995,0.06523722500547695,0.36525790199706687,0.3772419995661653,0.3864509339376685,0.35270258118489795,0.4276541090758259,0.2731351264791331,0.20560775238760454,0.4213502342461909,0.40267519404188695,0.4900580007129805,0.361017854912157,0.29299352542385276,0.14786774035629624,0.3192076080472942,0.44986758361707274,0.27002500091198584,0.2863915253728389,0.18301466597964036,0.26342125323356064,0.34141263686750545,0.07603369579328735,0.32727897514379006,0.4988353745185174,0.39200971241086735,0.10381537271956416,0.28562183451396483,0.48144467366551114,0.09959348374164685,0.2688532927029479,0.10787250308599802,0.14828741146268337,0.3304175348510137,0.23946230223608211,0.2593020897471161,0.22729182978155357,0.5262136423749981,0.31694164804248015,0.33296519776304384,0.27716506197737517,0.2183495442954273,0.10911561194578433,0.27730579636112,0.010653354023965767,0.045996089753254164,0.10809041313065232,0.3276201145758712,0.24179487738319494,0.2880876229304639,0.24114669583090922
0.2619695997433568,0.26738591423936364,0.2514484799862721,0.15865432845621716,0.4121097304571468,0.07694919657855231,0.03635153454578244,-0.008477669068878167,0.04567988733661486,0.19574185933287214,0.20865022156498658,0.4902713560180815,1.0000000000000002,0.40807718052824016,0.2935310355079853,0.13543268531750177,0.7059495293877527,0.07003456391555928,0.17553010256899013,0.32463091300873487,0.2747823229908087,0.21609898848742504,0.20105304649248362,0.08188440744720889,-0.12745846791421858,-0.09774171005651697,0.2132124018610497,0.2620792296455081,0.2883282591124146,0.24684146563328407,0.352956030259634,-0.036481759325694446,0.3059434074316822,0.09142446881190398,0.2859656444830214,0.11036697777123194,0.39716968813108294,0.05955118326909829,0.1803075347726921,0.1179123602807719,0.17899648340586274,-0.01088233440057406,0.408338077763451,0.4519307053146172,0.36553773378550275,0.20521340740639551,0.18688336201123681,0.16649131444017856,-0.010842689780120115,0.22235409018566388,0.23721480305438772,0.1029439262087163,0.07360417736640144,0.2947938165494596,0.14256310715939965,0.0056196806330555535,-0.2070458912709987,-0.07838724083124604,0.2868190452839094,0.3664722859985629,0.6224301923415309,0.9055934451540169,0.512503418135306,0.063014377023536,0.14841456202546524,0.24956081952942513,-0.11945301122577204,0.4244511620649015,0.06763493689757608,0.052042552582085164,0.1699229229044634,0.3173039289295076,0.21455742118779753,0.12013870936962001,0.4345448735276848,-0.12348877378319258,0.23427206851616783,0.2840823439006774,0.3460721795685088,0.06341631409767433,0.17244817820763325,0.2821900181472965,0.5601849732858539,0.2722305398475774,0.09583144502393269,0.09764531025414144,0.3426310970501455,0.22797224280358172,0.19669781600048053,0.1357363252361169,0.15155698974899526,-0.010053409312581143,0.2119308843424152,0.1367171534673774,0.27274232679237015,0.4019239236055254,0.25492292129574484,0.1699769291412478,-0.010035655044720766,0.1482080828815888
0.2947171666481179,0.5470092831827956,0.48605243540953713,0.48437090496226415,0.49326168027729816,0.37283935896811937,0.3602661239072966,0.5142095167673691,0.5490255222459929,0.2739100253443659,0.07296634552770888,0.36201499526981795,0.40807718052824016,0.9999999999999993,0.7729761301905771,0.5154078640855981,0.4598809219242818,0.5825196405355925,0.5982850627078345,0.6302933133431685,0.6157848268940335,0.30389286625095246,0.5909031414561905,0.1398393498519712,0.05966762443494286,0.08288944445909645,0.47502471149502024,0.44101873616279574,0.6239623657947693,0.5140060507332088,0.3058475818706085,0.26666757051353407,0.4139792866760299,0.5622694925161205,0.3402303011149513,0.5034800906642967,0.44222614125167425,0.22001080540786724,0.39619984280918524,0.3597001917473418,0.2889224968645166,0.2701161675808848,0.2196224098645191,0.24169111242880412,0.46250075888864856,0.4305401336359202,0.41613472937263846,0.4872476639316819,0.1875813550340824,0.39321627658120695,0.41961932000768243,0.5367049446175902,0.5320264539300947,0.41432484324211394,0.44413694867396,0.43420537742615867,0.49655480061315693,0.49548635980017913,0.21768632989381917,0.07748136079707303,0.18299498559237065,0.2371876886852882,0.671649337714624,0.6632438638679393,0.6472487470611792,0.6545556749061077,0.33401674341873344,0.5782289197972563,0.5526025646055132,0.6016922299884936,0.5664548851174329,0.20479355818012385,0.5425718920225843,0.1766683364325094,0.2583184456209124,-0.13598935169491236,0.45078311620420564,0.60749612961482,0.33979110517947914,0.33812776097605257,0.28582602536275575,0.5191485170451892,0.4361943001309044,0.419853088542584,0.3898287812220623,0.4027879562405316,0.39065947475976703,0.4614974376591882,0.5134937352832193,0.35564952094069024,0.401241876028018,0.24764688504265236,0.2037146720964908,0.18155178477183434,0.05926550614355462,0.2828021205884427,0.5071248613222077,0.46972869459086186,0.26284876342433566,0.2720456311534978
0.06973525237116465,0.48385919314772485,0.4154815858836509,0.5166305683181824,0.4962384368530607,0.331300068997063,0.325501549187243,0.41040738113803926,0.46492767295652526,0.4213533220787325,0.3323152667629446,0.4931583035686091,0.2935310355079853,0.7729761301905771,1.0000000000000004,0.3600973082602941,0.35679035894619304,0.49010861950335755,0.44929014824911356,0.818452172621038,0.8177018102971745,0.16269634735328162,0.41917216688209685,0.2984956657220961,0.1470009065912073,0.24205368095428895,0.40381716959411845,0.3314543106326843,0.641135630650833,0.43998451337551986,0.2604048984733692,0.28521550548930485,0.2698221222152695,0.39583707064847207,0.16063405465639002,0.4464002565406527,0.3840349610882097,0.27313965664468837,0.30421247705300175,0.264155887674731,0.12913948007766304,0.22436379564289993,0.06957461138865846,0.09927417017061364,0.3178867873084492,0.3131694710082832,0.1761543377523105,0.3237915222528716,0.058527362550636605,0.2901296139706728,0.30284600358411967,0.4953704986864235,0.5397100614058746,0.5138008768590295,0.4211858012617002,0.443271558848054,0.48451853951321516,0.3921252450406406,0.31174538517994893,0.19008703111259445,0.20730821839233457,0.12243834311725943,0.5259176553363675,0.5687259383032908,0.819566685867204,0.9101688158634446,0.367287693805687,0.5242720674929469,0.5888540889899552,0.5782574325025094,0.8154347744825355,0.22367809617276285,0.6164815154555304,0.3480508453504616,0.45696427792107147,-0.026049581478544796,0.6238101182853449,0.6872294720359449,0.267251158324539,0.30632022705531264,0.44088609398567985,0.35589337794406556,0.3756795711707521,0.39489009394267993,0.42348958951448745,0.375811097271878,0.4595293028653969,0.43478200175308496,0.5696195018959109,0.44420653167206314,0.28334070009003504,0.15217363621438115,0.09976386634511555,0.11621699804196066,0.03802940512441919,0.15086438318122009,0.48264716696298104,0.4140636452591148,0.21973981442865104,0.17859054783865644
0.5259829964112833,0.5743498821319242,0.42664285104760924,0.39576912022028504,0.36571668937890633,0.458464987818584,0.5198387549874973,0.23353672127542321,0.4047105984285763,0.3769957592560653,0.07028348136359877,0.19680574534146392,0.13543268531750177,0.5154078640855981,0.3600973082602941,1.0000000000000002,0.10863724832734997,0.5108610390608131,0.2688118331871618,0.37007865367161435,0.499487540801456,0.4542502328983861,0.5747774230882893,0.13651207646237631,0.33950920269969687,0.15303499964154815,0.4735374392759931,0.39359772336549753,0.21653760524665633,0.48025759449450317,0.4368377550560701,0.44428951351380613,0.8229559309235511,0.623890963322654,0.5200729948424397,0.3326860364979787,0.31079406118890934,0.4248919025006991,0.5014084606693905,0.5701256861760997,0.49444017076287244,0.4554882270696776,0.4465950108093369,0.1988105546041817,0.5738192270530761,0.50288870855893,0.5358226015912112,0.5514299461843941,0.3015421890406432,0.43792079268777573,0.6172988330083435,0.6046523805469984,0.6051291280677801,0.30576009765668755,0.34582379397724117,0.40987541652264964,0.3606664263444868,0.29903530021785346,0.23663960154695862,0.03853664601907298,0.03738420137132798,-0.022549594359172868,0.26062346066661557,0.2848485096708092,0.33707494869894383,0.2862650142073712,0.34523033197559655,0.1310332600883464,0.42860645441232614,0.5371474511584756,0.33363150775890943,0.16587293868344724,0.33306284653024926,0.23885860181903054,0.03335118830712543,-0.09513795698994847,0.006437420931383643,0.30345013874982957,0.3527631955768812,0.48813296111173665,0.09157235719204253,0.5519358715822842,0.4315322512663936,0.39602732187691947,0.30340770292532904,0.4033912452605253,0.13995295061370047,0.3415806721515486,0.3753426105248246,0.24733720531314154,0.43926585103293464,0.2920525939709018,0.2176692962442479,0.2963055305527945,0.020203128534672796,0.08012400304450024,0.4417361400833171,0.5271391366117212,0.3274356678490462,0.3099231739744853
0.14134162001430706,0.25798621352297807,0.24205815143459006,0.18663017339590468,0.29849308477197184,-0.026703518788711054,0.05466518917339663,0.16256613117890098,0.12566449642091546,0.09377026946636928,0.12080838755042596,0.33740119208594077,0.7059495293877527,0.4598809219242818,0.35679035894619304,0.10863724832734997,1.0000000000000002,0.2554414077931687,0.5014164064155663,0.34151859118626676,0.352608031396126,0.26237808145093183,0.17960569657974937,0.3874325110691773,-0.18076111318151894,-0.07465714085287523,0.2735180471240068,0.3242005389448404,0.3307446212146688,0.23085908796907134,0.28409794745136097,-0.0003715861275378473,0.15306645752311643,0.2580105481282653,0.22550349033321537,0.2694727386850263,0.32228571240275233,0.0045855311269540015,0.03362180079012099,0.06731584338781152,0.15040308148531245,-0.08038814861056665,0.23355871865986427,0.3781955226032586,0.22685616762706898,0.26790050640509483,0.12151826911629636,0.11139066195423913,-0.12463391706251709,0.1304015685085058,0.16747462848086206,0.11429686738042151,0.06391092717620847,0.22421780301375238,0.14900163778315362,0.02056531776885573,0.008225739637932838,0.07127426541483466,0.16018128138874782,0.21504597717921545,0.40392979672741247,0.5697425288408763,0.5232480579546136,0.13015839573010152,0.21254431727208845,0.2959673943918049,0.07469155399965664,0.5854165055072322,0.24766790923676762,0.21216010144889494,0.2845354627955422,0.38842343779079713,0.26339219383172735,0.15328471415306816,0.441771836621976,-0.020609425496048463,0.38790920543011365,0.3573841688098631,0.3288167658862798,0.0407816885630311,0.28719379947240126,0.2390467302851147,0.4372374593242901,0.2549539107329004,0.24314475624146098,0.10161422484399583,0.2848984755975379,0.3044952147552915,0.28875458253717706,0.3099384897925301,0.04164442665182321,-0.04062911208971734,0.09326122236511043,0.07584410198741663,0.17901425249380903,0.41703017670628745,0.3204951771651625,0.16519432189960642,-0.020575792165724905,0.0828398208329179
0.11967122238048152,0.3371818498181157,0.3964053477589685,0.40566147010419934,0.3786669986044557,0.4180718731811113,0.3154513164233992,0.5905867072325858,0.6665965487136074,0.28387823250828187,0.15204561059585178,0.2503744314731052,0.07003456391555928,0.5825196405355925,0.49010861950335755,0.5108610390608131,0.2554414077931687,0.9999999999999997,0.4386744749240571,0.6298027003980612,0.5456703374153896,0.5331128038864578,0.6824212484858129,0.3584646832695176,0.1339926989399209,0.3941321554795891,0.736867136981644,0.5968720479702856,0.3919967120388486,0.7171890975953129,0.306409556511624,0.2774626678668312,0.3456595778466031,0.8364421207356872,0.48383333842589005,0.8234846182536268,0.30467920536009024,0.2270253274326127,0.42849660484216473,0.49430961794418465,0.5244495630029996,0.37378177367796706,0.3447375510273298,0.18192234078411723,0.5041614858873663,0.5314576068365574,0.49706907301009917,0.5335083708854789,0.2964894799438181,0.40958441773710863,0.3402343064381207,0.44020732335445784,0.4309727394009221,0.3274850847695376,0.3951531420377678,0.5005966883074774,0.5151750847199419,0.5475450422570755,0.23688603792089144,0.012395430821659741,0.10049174787578803,-0.0031027117816062547,0.37097652327656916,0.4332527761296673,0.5266569740316246,0.4020606186871002,0.28508067249452357,0.3780536423004908,0.5619518431956884,0.841084384334075,0.5458150438047852,0.21382040199912344,0.6110967733454437,0.22285978347716487,0.09290822690687645,0.09709844787012807,0.30583210904774677,0.45893090210862986,0.23763135304959204,0.35316093479347754,0.27581902774685946,0.5116668206582284,0.278969579468366,0.46482745823675004,0.6466021667574977,0.49244307028934486,0.2472129204235699,0.5872717332606455,0.6547706019002022,0.3459103359050847,0.2722849623547952,0.24500881941757766,0.06651456261086953,0.19928796648412683,0.04644393121438118,0.10235251695534786,0.4850593378254312,0.6027376234915093,0.43158753572095376,0.18552507397075635
0.12220151491512501,0.322688442221149,0.28446270466171497,0.4151131019313542,0.16823308610818152,0.027640214279919525,0.15208585565690774,0.2969575609121562,0.2758218852991522,-0.039955272806363476,-0.2172344878057528,0.03076004355054225,0.17553010256899013,0.5982850627078345,0.44929014824911356,0.2688118331871618,0.5014164064155663,0.4386744749240571,1.0000000000000002,0.4292782989234296,0.41304261555013483,0.18773009237852273,0.1757602201064092,0.1629457479655271,-0.12196511152512601,-0.08119534517487717,0.25113550892321246,0.20624881392519773,0.4021027996992159,0.2691688996329916,0.10828859936580197,0.11946510268145773,0.11989120158986552,0.528499139544721,0.13585369712120407,0.3636207000459702,0.1928973412714799,0.07477277442978125,0.09752899956638597,0.14163250859146484,0.09936624074307615,-0.00757941911774755,-0.08828160062736588,-0.03985595644674152,0.13779978551636982,0.2342285752186799,0.13957117223467894,0.17639821357969288,-0.038551563892265835,0.19745822711033817,0.25050168921464194,0.30842976502558894,0.29833493481682,0.15559253187595246,0.235122201776525,0.1676167557273952,0.35004510405345246,0.3986002850900703,-0.1678118386859921,-0.1293438665365767,-0.1474758160639356,0.1755496252094681,0.5312135759048766,0.4013972393062803,0.3086831655598501,0.363852330215595,0.3621807085837374,0.4750234232832391,0.47355776551451756,0.39829668445329713,0.3728319340125312,0.14119203841319297,0.2724778811389986,0.09378147736618718,0.3577507207057982,-0.2534809292111978,0.3552139323716889,0.3237263989090554,0.16787220284443335,0.11566875458285421,0.4205752961822159,0.38979010429705313,0.19469776643042683,0.3228772557882132,0.22612622527011766,0.2466652376652839,0.0920010006321699,0.23451144037899868,0.32058909657316065,0.3192117204831881,0.11484909514865949,0.02229539338979711,-0.12940867260979103,-0.1223921902206837,-0.10849579360819335,0.11043392874902935,0.34992929419563334,0.22077046982730353,0.11963875147251231,0.10687153428352242
0.09762534354362438,0.5111263414237781,0.4914944996221752,0.6599053601675379,0.5977566794968167,0.4323950178291517,0.3918098280114176,0.43862851965057686,0.5361529829532686,0.3918714533282676,0.19699377753424352,0.43291025526834326,0.32463091300873487,0.6302933133431685,0.818452172621038,0.37007865367161435,0.34151859118626676,0.6298027003980612,0.4292782989234296,1.0000000000000002,0.7886111304019668,0.18238041379583786,0.4182190619430545,0.30241197125942615,0.06835652988783167,0.19675379557821351,0.5101701799911517,0.37345364600993575,0.5928366428429088,0.5112586540054529,0.3177298519381461,0.2600208299431394,0.25719493143878563,0.45381574884859993,0.17725986721412787,0.6447500193375872,0.38102152299997266,0.26957457171661553,0.3444435721471969,0.3639607363041371,0.2132963349631359,0.22461842941981625,0.1359479987522139,0.13139959162958165,0.3817667120963593,0.4220225194212723,0.2345440521392701,0.36727957778474607,0.19382730394535794,0.46704029811708025,0.3436262405447557,0.585753735747121,0.552099658917367,0.6524186788926284,0.477033577208359,0.5269263920363212,0.4744615152066147,0.4256129308223787,0.25082043150312,0.17566093637109387,0.17547713497396084,0.17372274556604492,0.48763982503249936,0.41382007944207144,0.7867433727353635,0.76127167810336,0.41945388845195314,0.4156196056743106,0.6245664238060592,0.6925235460170837,0.8862141054167005,0.32922937908158634,0.6773189581114436,0.4435373910236503,0.5027043551548259,-0.032355754701588704,0.634177103744729,0.6108001776964264,0.3017370457473521,0.41552553200551656,0.5363997348768295,0.4299404333774773,0.39094060746454595,0.510796563865699,0.5326801473875863,0.45969552819445775,0.43068965284079636,0.5196450116971547,0.7791510943546396,0.600235606206093,0.21914945933449984,0.2257868550767564,0.10140494655843853,0.16251722553797565,0.0613278999646667,0.12839198112657324,0.541081781824205,0.4644462999853095,0.38752821114256597,0.28845098811806336
