0,1,2,3,4,5,6,7,8,9,10,11,12,13,14,15,16,17,18,19,20,21,22,23,24,25,26,27,28,29,30,31,32,33,34,35,36,37,38,39,40,41,42,43,44,45,46,47,48,49,50,51,52,53,54,55,56,57,58,59,60,61,62,63,64,65,66,67,68,69,70,71,72,73,74,75,76,77,78,79,80,81,82,83,84,85,86,87,88,89,90,91,92,93,94,95,96,97,98,99
1.0,0.43577904928130506,0.30635089542592037,0.30033349110386975,0.2811123859523774,0.4369701500188654,0.09476758675288158,-0.020448018250044525,0.15860886930989396,0.12076538762383678,0.26444402083933355,0.11569276914296452,0.21294149978091173,0.0956227726500656,0.3054705819376955,0.2523866116602293,-0.01736880587662829,0.3677548349909943,0.006805245789969184,0.41868719586939956,0.21529856587863525,-0.09762066797254537,-0.06467949327603378,-0.2709121874705008,-0.0895742312728696,0.024885926156818478,-0.14817749062641464,-0.1919402904307593,-0.1578724735964395,0.36707161536245075,0.2767041851112916,0.31683114737960644,0.37921658676150616,0.16995480943409638,0.10934317697742384,0.33728696023296084,0.026313316725593405,-0.24193181867975114,0.17404830194110812,-0.09801338473511548,0.16944076400541724,-0.09269827202329316,-0.15708127046753023,-0.050050621166422546,-0.005685857645311478,0.014487911615966777,0.16569915483067052,-0.09142249481460905,0.28488642593499586,0.2402284485022184,0.5146366511864483,0.4689066667487372,0.6216142313087086,0.47825313775642864,0.004741413406715261,0.24917754770992173,0.03671182732012064,0.23978161559945166,0.2624134786866936,0.003701196138218829,0.14977923073071422,0.24044009260798505,0.14470783954823158,0.05246233484663805,-0.18699009469953798,0.014121051847300002,0.11366748991830544,-0.1031639643018148,-0.20345230057318398,0.17800575959246862,0.11362301083577683,-0.07847025184186275,-0.43519033294025783,-0.1167207617718543,-0.2945190499871696,-0.04012153783377991,-0.19341872320691222,0.005117994445871439,0.06661874346530391,0.17638261479583037,-0.16064941017192605,0.148932402330468,-0.06694442634571791,0.03136707409992711,0.0969043070599456,-0.1653208339165586,-0.03166667366981477,-0.1372532036426197,0.096781908923834,-0.013173582025812652,0.06627271158662279,-0.016525289917699835,0.051131226988585514,-0.14497957737126277,-0.2901691301435093,0.000581543417163541,-0.24343585698423315,0.09493251392903453,0.12866626737452327,0.14627580761928324
0.43577904928130506,0.9999999999999998,0.5927349816740356,0.6836302470239798,0.7919251028146456,0.5187459521429685,0.3337630680377219,0.4277952153435416,0.5023384116932785,0.1189896828949554,0.16740405554814955,0.1926062528298951,0.5210655427915635,0.4723328173319326,0.4608563616365855,0.6507871409152721,0.31092113847579717,0.636143484931364,0.2515461964979018,0.5964797175875176,0.47020571577527664,0.23400783074612827,0.10497232049772731,0.012717192661969592,0.06262545443351865,0.43862124149697734,0.03283929292829552,0.2224162392571655,0.3330477165799807,0.519631099292178,0.19735122297566499,0.37117970345076196,0.36874178677328856,0.603493413095278,0.41695356231223657,0.6205912501843346,0.4550815586416557,0.09572409889196717,0.1788372099241259,0.0633472993545245,0.4115377884850675,0.24299980160117188,0.3259573887855609,0.1765671312164975,0.23000528293017125,0.22508369245737894,0.3039649794607248,0.0671389318539689,0.34674705020972924,0.41727188735030424,0.429845287111214,0.712382983689065,0.7286159868020589,0.642364562278027,0.4742765378101328,0.3997522202681127,0.5152151861958948,0.5710911783833108,0.41391637323211905,0.05834061390329476,0.2706058112175723,0.2983907071714678,0.277568219820679,0.4046021096390047,0.024036240790503947,0.10888149293065265,0.3519065505544978,0.40434504710700353,0.33095894648495133,0.6255832725446129,0.5032829363435982,0.29007694768443404,-0.08655844622622083,0.3034025537107613,0.17916662307789394,0.11030357661731625,0.0754128681563728,0.06386871796992016,0.4317927612606585,0.1786914087350819,0.1383961038381371,0.2630193553356645,0.11936173021785977,0.4191515401895536,0.5042944862767893,0.22693937600282452,0.3004091243506002,0.08899780437293801,0.5005132448505769,0.20860060423049898,0.21460787730416203,0.2544337026777838,0.27592835136252414,0.27254925392033325,0.025850935139625573,0.15511747224844794,0.047768396459304766,0.3673922236564913,0.15883132210902634,0.31426647194207946
0.30635089542592037,0.5927349816740356,1.0000000000000004,0.6013275391382839,0.5770617245333415,0.8419672685922153,0.20937725186622366,0.39407245954612924,0.6369760782783075,0.08513513740253206,0.04914378257699547,0.2287290864933238,0.42586504243334383,0.22347136966368858,0.46800114278596194,0.5028539099521865,0.19216421303732256,0.503348123813181,0.019558991858531993,0.6797921247987166,0.3326702542151674,0.11682349493312039,0.10175333873698579,0.004552820503444355,0.11393436143128192,0.38968898692301274,0.1115245494761223,0.24225987144690478,0.35444454182181456,0.4554092001644523,0.1260812195629922,0.13544838591028258,0.4003988338090175,0.39044358004387714,0.48031312666718107,0.7002671629842984,0.5586935846372256,0.18420353661073027,0.2705856978094333,0.05153910791344738,0.42024191357753365,0.29648994136968077,0.3387161172047902,0.3631676039643067,0.29365308653589034,0.256767940520353,0.31336178996031094,0.136942377334552,0.4890241246699371,0.4774975477686652,0.2651881710268441,0.6592232220299805,0.4274372615116137,0.4295544088224303,0.699282742094677,0.7243904709559728,0.6114845898917413,0.573280871006556,0.32796252704194684,0.0027411977462016204,0.4382620987459583,0.4003159441077143,0.47264547069603646,0.40473197043071757,0.09626812449854225,0.15393018919679613,0.40884294031509577,0.2767044744048439,0.33772936393923614,0.5354980714859059,0.5364686880158345,0.4026206326839588,0.07055813430751975,0.4398175573839905,0.27357029646422326,0.046568128389164576,0.25457761804218326,0.15633907658912963,0.40343899475972334,0.10368308750063256,0.2680668372132968,0.40752317550057926,0.3074875185794428,0.4273277767383594,0.5161624505158514,0.3878307749560449,0.4426918713087959,0.2350117961516261,0.7005847931194724,0.3291696127898455,0.04739295375827233,0.2509070630897573,0.38261973150404616,0.264206657288341,0.09727855965484984,0.22148717031231566,0.0592366152054405,0.5495995340667639,0.3539329534059092,0.4344531406932867
0.30033349110386975,0.6836302470239798,0.6013275391382839,0.9999999999999999,0.8439426829965192,0.5474851476747855,0.4936552141895805,0.7577850486021642,0.6887983146174358,0.1623751209323788,0.15911912837305361,0.2660384323856843,0.5211226254716417,0.38736198425107876,0.4143061782545077,0.5752560592238108,0.25928776356885,0.5504071327392448,0.059136906278082955,0.6640437307365552,0.3638665445016483,0.10413373592968735,0.06512479513002113,0.07013275706726622,0.2200289860018592,0.43084464435280895,0.109357568490882,0.19619915821607195,0.2960631759045084,0.5079544977791127,0.21084009579991625,0.4217598628858603,0.3508748201639309,0.49881498532208995,0.5265171700844798,0.5354589530708278,0.46283985790589194,0.25270087369155037,0.3354376581556149,0.2498127717416401,0.4833739626567876,0.2748366741936877,0.3922396406908876,0.25923324151093874,0.3225649257556157,0.31571902355961945,0.29322903437273706,0.12737107928328972,0.32687392528270487,0.39554410264039797,0.4164144796877873,0.6659063432105967,0.6649487005524546,0.697493640759588,0.5434795727491847,0.5560221292556872,0.6553588093749625,0.7355801364036703,0.6038703355473064,0.18946660945435037,0.3948182452610331,0.45944774275560063,0.4890512493514535,0.4565216703938568,0.039219666899877485,0.06368371863589208,0.4003629358801364,0.36947925297244527,0.24739972833661103,0.6152392805000944,0.5021161552275035,0.2703620316778567,0.03328332737359472,0.42621509215444886,0.2989188412413584,0.2883962072210653,0.29270156496974004,0.0900044207631151,0.43271514680553413,0.3357603980658263,0.23487183485979457,0.3014968417655877,0.28964600706623606,0.4333887617174553,0.6179641473040679,0.32160402978203856,0.28499309792215594,0.10576656609522506,0.45093039656431755,0.3512124347117219,0.24214670633332613,0.536571830939473,0.5896652716513575,0.4115157721875719,0.23372799803549002,0.18832088087421592,0.13009286248537305,0.5176829308338083,0.17645314202355672,0.3362030372130329
0.2811123859523774,0.7919251028146456,0.5770617245333415,0.8439426829965192,1.0,0.4929734632874432,0.42688400832114975,0.5886757706286284,0.5419430719080918,0.11697345491926982,0.22598531069717426,0.2470283549850939,0.4899954436108198,0.32047893722313475,0.4176213995840904,0.5873720329978711,0.1546758757504513,0.5568926301856187,0.08039939317447674,0.602270814724229,0.31618837297625285,0.23847620115625565,0.006712265878127682,0.06198579863103326,0.14913344512379867,0.4417306254263884,0.126076858631988,0.1690098480803556,0.22665306215337686,0.3822276111180833,0.05174251539563237,0.42905056739111497,0.365332953841638,0.5612729242474112,0.46752279211576475,0.5477092615623284,0.33245143712000685,0.21439261931286313,0.17630225280218687,0.13980990195643042,0.4995029682477693,0.2975476901243362,0.45787013409085775,0.11983703585889731,0.2841703129911563,0.2507182011506464,0.3319441179460404,0.13921230578037538,0.35357736783120425,0.4115530493568727,0.4394538153088831,0.6280221588449486,0.684526888129547,0.7095426676608558,0.6103873871269296,0.4060899526446462,0.5684060732209548,0.6444352545144608,0.5019303254259051,0.1767054443202291,0.36419211241580574,0.43922903666988955,0.40025453087643154,0.4337031507896658,-0.0029702559209424145,0.05643063711694042,0.39897228863279005,0.38786218453591004,0.3312382446614427,0.6377850921420584,0.4819627229150489,0.3022781366071459,-0.028166007933017562,0.326114826954683,0.2734337846320888,0.2560848750272996,0.1911812660898294,-0.11567718367902191,0.40999060864174636,0.2519392243716044,0.3012679705406661,0.3373424936119888,0.2222037183141186,0.4882384198090184,0.5988619274777844,0.36762645662010096,0.16910420237633061,0.01951817504022799,0.46202413757961863,0.3855617034418092,0.23837970716216758,0.44866741808049354,0.4899144205297058,0.4323064855040875,0.22854050301396714,0.10411483827413635,0.12439536637898245,0.4901229906694513,0.21948006788352786,0.33513658847949385
0.4369701500188654,0.5187459521429685,0.8419672685922153,0.5474851476747855,0.4929734632874432,1.0,0.21751128412294968,0.30555431781907894,0.5672479101805911,0.04471167579697746,0.14582655072053177,0.11413869589756338,0.38219642024217104,0.13625239689987545,0.44436473251013064,0.32158866153656673,0.06570500697600729,0.47588733529858646,-0.07371734545068552,0.6550107665511895,0.2211176333236042,0.022616913114649893,-0.07639786750855133,-0.24162900025259093,-0.09418911112037229,0.21732749988409858,0.16559917177408515,0.1989871168039685,0.27686014978352164,0.5099012075173575,0.28940273015519447,0.08648891276387986,0.4599574338519382,0.26857851369335634,0.2955117377975198,0.7098127341437515,0.4494316405611107,0.054742642960527804,0.16279233217673172,-0.11156885199789712,0.41250602848965173,0.18048291058693686,0.24053633877040906,0.31814212136622005,0.26016695800704376,0.21677399307256964,0.44605725960600306,0.1527424170069379,0.5748355192500283,0.551847804541235,0.282129649475938,0.6410671293296777,0.33980974136359793,0.40778932888024255,0.6183515388792497,0.8022981793138013,0.40410125775720496,0.4944034886380908,0.2647663971062807,0.06483866671817917,0.4057892583267379,0.4035085842948601,0.46413202264516085,0.377615407594913,0.03817485951624647,0.1928406740296795,0.28916935517998615,0.09201281157136608,0.09914440429820984,0.4194061458629745,0.43013644330653916,0.3072809634750024,0.017241539790913737,0.23524510651473324,0.033148347030773344,-0.003331516176832088,0.31216881894612925,-0.0008954749703560926,0.44438034386311814,0.03786608337151178,0.08047853965305586,0.4443297586581166,0.36083875136122456,0.32996559362091143,0.3734228901422306,0.3301284840109941,0.41808321587253666,0.2730438734644614,0.6759858847861263,0.2342344538848927,0.011576195968413527,0.1462562909767153,0.2591013071335119,0.14519775639574609,0.02088889521692557,0.19306626147388595,-0.1363065257640317,0.5258386147331126,0.4741358270265897,0.5170995279682655
0.09476758675288158,0.3337630680377219,0.20937725186622366,0.4936552141895805,0.42688400832114975,0.21751128412294968,0.9999999999999996,0.4774476097386543,0.35488384707670423,0.05845176288775581,-0.08284093424254568,0.0639864603588531,0.2660910422956601,0.2506916103481041,0.1715720640816754,0.44763592876954594,0.10288493621012565,0.2759477403779781,0.15422549392719845,0.3438650808726467,0.10294259882012462,0.194768269153686,0.3185753491200804,-0.13066590583696094,0.14154465053984783,0.3154188432851403,0.5495221679438027,0.22529402494803913,0.20556384155824703,0.22008182518895025,-0.056819565936291935,0.4344790944330341,0.53741567126928,0.11204810648727369,0.42227787162348784,0.17313517184788488,0.21139805228259165,0.4451898916038147,0.040783148463003634,0.31391041262509894,0.3265307610329713,0.2359971826078798,0.2964176312551485,0.2823144391491066,0.5600447404796671,0.19133090180123272,0.2301868185693486,0.40274310040128664,0.27342988708831034,0.3570987343648593,0.1886371185408078,0.2942014892394187,0.3082235206290208,0.232872467061912,0.31218720807859146,0.11113171019496838,0.31503440203609123,0.3288276075838668,0.13106072405605831,0.12282810741361139,0.19081468288193462,0.1267921127799035,0.11926631606895356,0.08698540560017204,-0.10963035957819371,-0.0021112494773584396,0.45172974757999385,0.07784068472346634,-0.1396210420779994,0.15047464317311043,0.228812061568682,0.032462192658598704,0.27344771062618506,0.32411457483899414,0.15058292148633165,0.1363622413104659,0.15960936652107785,0.12738104504252196,0.19858845549583332,0.32756873943330156,-0.09235391332082812,0.030795419552802985,0.17461853619804618,0.039418077069906354,0.26193053715628867,0.03181662558864945,0.11644132242716694,0.1652863252342105,0.17961597953627806,0.302016135193482,0.32698419552212143,0.16115008737713177,0.3648442897336973,0.16376669824861456,0.26683415346181855,0.25126870429564246,0.2280274033085147,0.17024923252264385,0.25412327516716615,0.3817380759500727
-0.020448018250044525,0.4277952153435416,0.39407245954612924,0.7577850486021642,0.5886757706286284,0.30555431781907894,0.4774476097386543,0.9999999999999996,0.7413291537998637,0.20015631769163067,0.08599469031745738,0.14193442540184134,0.26600125557021964,0.3654495198075438,0.3003042148443428,0.521463785750785,0.317383627518093,0.516239947078182,0.11131443994102685,0.5571499246786884,0.336878290433872,0.09826321203787639,0.1267404084612208,0.23306943282680748,0.3308098190689226,0.32102556889249684,0.043571504444440474,0.26532901811230697,0.3288680316590857,0.19675575490649722,-0.0012140743018778663,0.3879062584271755,0.01344892619765559,0.4730810987225705,0.357221903834497,0.4313023150514852,0.42794773733849256,0.32058976432127473,0.25398730206410886,0.3223562875200881,0.3860967737392046,0.25933683279078434,0.41364342517381,0.14011774638544902,0.1057944565180205,0.05936276004116708,0.13325050315853407,0.034746864672960974,0.140435788783825,0.18438958302454525,0.2157908710193275,0.32900426324609267,0.41001607314038563,0.33708534578582766,0.4247400677069313,0.3505222624424996,0.6484732930039045,0.7295481762443663,0.4659422054266049,0.2733530099713624,0.3479751025257899,0.299106913506344,0.31305791185366,0.38129085922256456,0.171622803585618,0.07936845402173336,0.4755458996312461,0.3771156910600419,0.31199336088268714,0.5495074195543898,0.49098548349534565,0.24081517934433608,0.2193161157849548,0.5457134896189544,0.48896751451168935,0.40008580739303135,0.23065621416160656,0.2567384559912638,0.3863569365963775,0.31597821864082626,0.32552615358964904,0.1757936672396733,0.21643723773572188,0.44205786762504923,0.43309141088579417,0.2598079019634593,0.18270680183423477,0.2927376656119578,0.43372521669505687,0.28178378169091467,0.29131220808228997,0.5178337492930247,0.5560531853044877,0.44685849069091615,0.36107831341618823,0.1860444781482503,0.04971299108249127,0.3919766960222456,0.0807011681842464,0.1786719271437797
0.15860886930989396,0.5023384116932785,0.6369760782783075,0.6887983146174358,0.5419430719080918,0.5672479101805911,0.35488384707670423,0.7413291537998637,0.9999999999999997,0.16670447093540403,0.17619074546923721,0.13042276871930256,0.3596309155344775,0.2462476010038909,0.2820166951992511,0.530452671873768,0.28579544676977564,0.36993687362832944,0.032417627823663996,0.5075876753650173,0.24370109898327266,-0.12639190038345044,0.07768528171138019,0.2684892324871581,0.22466793780289346,0.277096510729996,0.01790111035238712,0.1051011548674189,0.32209797752691693,0.2918370404577124,-0.04190407812755992,0.38391053682071047,0.14377156150577014,0.3709335337193709,0.30840185035256323,0.5405796780818288,0.5441005688772347,0.3151351841030457,0.1889321854052809,0.39784079224729413,0.28886247375355856,0.3012299368298986,0.13344660556373247,0.14421183984754377,-0.011745290267809985,0.08121553321899772,0.03772763031777817,-0.09946112673469723,-0.018018898609222695,0.12850654206650575,0.15169014260545083,0.5421944861287813,0.46614802145214457,0.2762085346477639,0.6452871300728605,0.6038402265005188,0.7897762683970422,0.888373138818906,0.3827343789505117,0.03596854214604698,0.3434679140812606,0.187648442616149,0.29636435797902083,0.3000430317254141,0.024644467683957373,0.06147943978549881,0.4869889276827534,0.34228468437564147,0.25228357560765835,0.4577269953105804,0.44041364631075,0.23304081360227336,0.08315390111777916,0.6890879119993093,0.4596256385611275,0.2653129604025196,0.3070758995746497,0.20711589341500536,0.26925182324337993,0.28885892615241493,0.4070809797508936,0.19720723549092575,0.05931553267881944,0.3906030116202132,0.3611437360323429,0.13515462372660725,0.3433251362895714,0.2507307138915722,0.4729321714119434,0.2697515670773467,0.26761726390898427,0.44628395348997013,0.5187063270979818,0.49333601255328935,0.23805830072601009,0.28492896272656904,0.03227212529452597,0.3230573174168727,-0.13606276780972584,0.10054814127017586
0.12076538762383678,0.1189896828949554,0.08513513740253206,0.1623751209323788,0.11697345491926982,0.04471167579697746,0.05845176288775581,0.20015631769163067,0.16670447093540403,0.9999999999999997,0.5135889810453397,0.568384803407836,0.4784757500626833,0.35771942902407944,0.34393369075905833,0.38652199910814744,0.6004490831564574,0.2851764395640311,0.263966755514878,0.11015718544724142,0.47798401208996216,0.25508572963997383,0.3303909251082962,0.4443429766881942,0.6423248691473586,0.2711660943622036,0.05907542247226665,0.33451026722780103,0.4510016672648066,0.24381972265225385,-0.07509927742419834,0.1999924087988455,-0.09855964890375814,0.45538622361413134,0.29296212865845844,0.203494522413602,0.42425901110532666,0.2603510762408723,0.5100421608002258,0.324654690498453,0.1876226015729454,0.16391801905635997,0.2521900596523592,-0.103897098298628,0.059496780693211196,-0.04310341209790803,0.0377611939650135,0.017658000577901154,0.09306303493933533,0.06386942269195921,-0.03970210499515012,0.1612556569024291,0.25615343017219194,0.039507072915906494,0.05902805355475062,0.05878021033556751,0.3162825927922033,0.16549322086981813,0.47355384106608733,0.3407418983888889,0.19570960123239647,0.4347289408469252,0.40111153243381503,0.43569015709867975,0.6077407922290814,0.4686577631217613,0.3206061247925099,0.5898033214126283,0.398766193781214,0.2852807744501702,0.4704853616194088,0.10404002351025399,0.33115309924525677,0.32470550209260307,0.4556936613612182,0.4509945742913373,0.351113591122243,0.3429367907076852,0.05646620311484806,0.004107871696374945,0.2740464996554351,-0.06743083737135352,-0.06128283013102929,0.1287856189930737,-0.05641401232647781,-0.03977800983905449,0.27780461903621156,0.28882655875917485,0.17809012060296028,-0.003021087522559137,0.14314342619179202,0.37690895351867987,0.4636665988963379,0.24194233364503423,-0.02162965979710186,-0.07532114075215476,-0.3983197696101651,0.045265082105409256,0.010898877554129544,-0.05721996430204417
0.26444402083933355,0.16740405554814955,0.04914378257699547,0.15911912837305361,0.22598531069717426,0.14582655072053177,-0.08284093424254568,0.08599469031745738,0.17619074546923721,0.5135889810453397,1.0000000000000002,0.47928065031982936,0.33676966066845276,0.10808089693795066,0.247334279790753,0.2601760231207817,0.2661705081820832,0.22909490337061536,0.01823005717653062,0.10867145059883193,0.2995821253048505,0.078185348743064,-0.005654784204662325,0.33315605117936115,0.21807336399153782,0.146726999588568,-0.16558539806465228,0.018329306359185435,0.13711138378064291,0.1277751073475231,0.1469243887179545,0.04954195689123256,0.01820224791638884,0.4094628844514744,0.22486032332933106,0.290799455172789,0.33479457841002086,-0.009042607580721746,0.27116501548374683,0.1244977824539855,0.28024279056087203,0.015549811918965074,0.12357904589553428,-0.15277383977879477,-0.077320771699445,-0.1294550977659583,0.10563552463490032,-0.22891779503282078,0.03875497868907266,0.20291544690944677,0.031070263290707723,0.1665664702443231,0.27286763850525125,0.15168835532705488,0.1219080889715588,-0.00420746335448871,0.15445740797729962,0.19677322736868005,0.4891716627452029,0.3494064712094118,0.17026634032127322,0.3318587263314753,0.2778081785335786,0.3010135406601489,0.1963109796514971,0.1843414506651441,0.20919763204789005,0.4472294252555709,0.3292043782544465,0.27970804267515204,0.24047598933656555,0.20594599550521248,-0.11853125025865416,0.215656585845187,0.2837575367188607,0.33236719687334665,0.16356583740900388,-0.03687911359912499,0.2178340589794323,-0.16279855169896215,0.33068677432837595,0.23748467918178592,-0.05632861614216227,0.18074433756593614,0.08101996772945703,0.08261740108710117,0.2656702270528124,0.004913513605292346,0.14304688207082564,0.21408297901893664,0.11378847990105344,0.3008233109028116,0.35465317771252003,0.31226954222797143,0.07165545608227823,0.023004440277297655,-0.2686366347104621,0.17329088604661622,-0.057570626404037914,0.07021229451076705
0.11569276914296452,0.1926062528298951,0.2287290864933238,0.2660384323856843,0.2470283549850939,0.11413869589756338,0.0639864603588531,0.14193442540184134,0.13042276871930256,0.568384803407836,0.47928065031982936,0.9999999999999998,0.7195205224366948,0.20342705886528317,0.3715375442897829,0.44789456999015326,0.4897510789246189,0.2411406728105959,-0.03484305144958615,0.25957320688638513,0.3452565278812979,0.4290369208623856,0.3894536907957648,0.258677061914312,0.41765271987244734,0.592488862796034,0.13489222280694535,0.3228806199741403,0.31188550233453255,0.3705115893875677,0.047152001820632596,0.04302262173994693,0.12302833920299824,0.40206737675961995,0.5268251651022475,0.23431250513243368,0.4277567311335999,0.248883229705973,0.3878200441350331,0.29548587517982594,0.1499967702411229,0.20480077991830395,0.37976821412472866,0.1478402850713134,0.3045429590218212,0.1514032227451095,0.2044917854187056,0.27476479051703445,0.19154474448557515,0.22677014060489334,0.1976764758891599,0.33719637290180904,0.3329457665660673,0.20802040480908673,0.27402421742862776,0.16140846440565784,0.4255188853932403,0.09943846321319678,0.5656406833965931,0.2535825728019644,0.4146486752676399,0.6138314319749505,0.5935827287122012,0.40093518568383985,0.4545077284579922,0.33485765246864435,0.3199731642081608,0.5680542814769962,0.2987133452367589,0.2845900525587241,0.44447952854233985,0.16761719807442305,0.19234331607806757,0.3954300974571178,0.46100996937366095,0.3378722144767823,0.19024188939531125,0.39234296115360984,0.10820072639488061,0.05731112210789353,0.10209680485553682,0.06645081391816494,0.008899678766892797,0.024040926400993142,0.0921168345871815,0.03554814001814836,0.3526869291419623,0.1305676079224662,0.20316372264701651,0.14558094840982286,-0.0007951027078613764,0.3189866177514385,0.4813556448537059,0.14507491689313812,0.01317036149431984,0.1136605376948299,-0.12153003772891378,0.2172366024502946,0.141522161620888,0.15212033488434917
0.21294149978091173,0.5210655427915635,0.42586504243334383,0.5211226254716417,0.4899954436108198,0.38219642024217104,0.2660910422956601,0.26600125557021964,0.3596309155344775,0.4784757500626833,0.33676966066845276,0.7195205224366948,0.9999999999999993,0.41826883750251687,0.5618223854794303,0.5285981986507743,0.5013143965796092,0.4579468246155553,0.10373053679948596,0.5288465108900322,0.41185171738796145,0.5272580977112545,0.33748963520493347,0.1305324996389161,0.3620633737174575,0.613793598049973,0.3171626981024801,0.5408839264237277,0.46578911066754597,0.7191219790020761,0.03633739040850015,0.227022915594498,0.365058263507837,0.5542906268076804,0.726620658322357,0.5091492728621118,0.6644049445839776,0.2559317706797579,0.4277881909608748,0.29869390689247516,0.44669740744606334,0.3838252165225324,0.5069278877984794,0.32057307719424866,0.4647422919668488,0.37979220829758387,0.4359315534820991,0.39892492014374553,0.37677318906024704,0.47341629058115453,0.20085734454277596,0.7358267014561144,0.5295541231109561,0.4723796665116026,0.4848493103059272,0.477432310960434,0.61348377645961,0.39760639669342074,0.6594561553578624,0.22871118949584293,0.5827653751672618,0.5163358305225982,0.6335313742010458,0.5245879170620841,0.2698120521660713,0.32744583320689336,0.40177614230725306,0.5328553995790697,0.30438482358939933,0.5536042990109743,0.5446151302746207,0.41161293977263697,0.1966324241262565,0.4705130821088277,0.3797120569110238,0.34018307185870095,0.4136494310055359,0.3222810604160415,0.21732994515429344,0.089181804132083,0.14112458590925814,0.28527096048671974,0.18913215170884332,0.20910635081026524,0.2819266930569926,0.22941627612915386,0.557153572823541,0.306600166715333,0.4822267631514778,0.2987831478476963,0.1266735683708326,0.4339768131429464,0.6087338491576573,0.3212925918764254,0.1809893403109668,0.24894964618391013,-0.13026129143000637,0.442416948386543,0.23330131984634217,0.359035122461204
0.0956227726500656,0.4723328173319326,0.22347136966368858,0.38736198425107876,0.32047893722313475,0.13625239689987545,0.2506916103481041,0.3654495198075438,0.2462476010038909,0.35771942902407944,0.10808089693795066,0.20342705886528317,0.41826883750251687,1.0000000000000009,0.53465345236976,0.49096352544922417,0.7251830806405581,0.5648649650475228,0.7908739108744134,0.40503429437970323,0.746935568450977,0.22886466476893766,0.6209034678565859,0.2439165386434812,0.19370914536268627,0.38204040653492677,0.02246345846374507,0.4014606687684337,0.6239799431050828,0.4552878245008268,0.19574591986531667,0.23770868124751077,0.005626443722799571,0.5236705151022105,0.45286872908702613,0.31307071779070605,0.5380718371397081,0.05550821846982208,0.4063274799217195,0.06020172306691883,0.3296976792235048,0.25033206142241465,0.3603979050952238,0.25009888029679633,0.2706495629631475,0.1137837968347061,0.29403381137755336,0.14426601632846464,0.23500735132543193,0.2800023438569154,0.24738452934186483,0.45322749050366656,0.44422335012172476,0.366499858166041,0.09231753434515484,0.1328396636099057,0.3198342379059166,0.3289052585638302,0.4782723720369041,0.325971243235265,0.2678496878539299,0.20465951083895192,0.19476672968427902,0.5373419104463334,0.2943305444900516,0.27059676850580694,0.36677337842332425,0.46750430512028074,0.35480552881903776,0.47239287020111365,0.548558316634226,0.30178070955814434,0.28633901242631443,0.33617175600392685,0.3246451784046744,0.22277254025158122,0.17437441177317056,0.45363820016036027,0.3662268256626283,0.20465981849891174,0.12957235638411035,0.12174842999699227,0.1245584369993973,0.35493310120021715,0.30773620647812167,0.1369294780488206,0.41072532171192494,0.379527906091941,0.2955592815319012,0.13766774582963914,0.19642243512249521,0.2626404197780228,0.2735763009466433,0.26148122515064043,0.20932324701485183,0.2245714240355812,-0.01626057574670705,0.25138533527719104,0.10231860322587347,0.17396195783755886
0.3054705819376955,0.4608563616365855,0.46800114278596194,0.4143061782545077,0.4176213995840904,0.44436473251013064,0.1715720640816754,0.3003042148443428,0.2820166951992511,0.34393369075905833,0.247334279790753,0.3715375442897829,0.5618223854794303,0.53465345236976,1.0,0.3929718324426369,0.4896352600684237,0.6423191580750284,0.21353699773368065,0.6755564119056494,0.6493633130437707,0.3533583288715065,0.52473743658728,0.08248708437069524,0.15864228512976294,0.398977048545161,0.09044877234078966,0.45228177659697527,0.5206560830286774,0.6839422947192753,0.20762180063863786,0.09469454053363811,0.1733555755462691,0.4933256130124789,0.4906313105258,0.6512802485550906,0.5914448206435439,0.0674579548070547,0.46825109846576113,-0.05651324566182268,0.5217290907899778,0.11780100585280216,0.43325031700011357,0.42224084712354476,0.2885589848469658,0.1569421486182434,0.47419158313093185,0.24053879536943756,0.5738120931575612,0.5944785352219895,0.2876646928928129,0.6336889870551824,0.5078004703173996,0.4469630252303606,0.33540591814575205,0.45391524827806407,0.42717416605140146,0.3654714799351279,0.5601406232333109,0.3021804114964672,0.49989552510408714,0.5289829592865076,0.530656274826956,0.651487233200199,0.3198912401262967,0.6381403749262042,0.421320001509623,0.4596955901818635,0.33348251044076954,0.6266225176290682,0.6275002455026052,0.5314571102554672,0.33272002526157385,0.3264536912271378,0.21382033063683256,0.1272029255338678,0.2624813200674996,0.4330192416726906,0.3870765188240912,0.14364452808160869,0.1193208687758058,0.5474495742613326,0.34564375212506065,0.4106398884571768,0.2947032669874362,0.2810154090993913,0.5667808723389219,0.48440794810045057,0.6664920702366081,0.2288730601949559,0.14571256082087367,0.22982040695527406,0.41423733532928003,0.1517491189391868,0.23410568455770833,0.3198084906474565,-0.15252935341166587,0.5516408219004005,0.4641371692323772,0.5385518136896206
0.2523866116602293,0.6507871409152721,0.5028539099521865,0.5752560592238108,0.5873720329978711,0.32158866153656673,0.44763592876954594,0.521463785750785,0.530452671873768,0.38652199910814744,0.2601760231207817,0.44789456999015326,0.5285981986507743,0.49096352544922417,0.3929718324426369,1.0,0.48901419138181107,0.5531315978455043,0.33181774609628045,0.4958297038951839,0.5145678545966843,0.2536227407788125,0.42712139863453596,0.3714474332833608,0.356623293120885,0.5919760891181327,-0.025462089039728335,0.2838378680550386,0.49684144625586063,0.3342597422827768,-0.08389766110711543,0.42891856661212163,0.33837057278976235,0.6243041130998198,0.6004432505257055,0.407508254980921,0.5583322417054238,0.4425849097452609,0.40468225357824994,0.4968482140278547,0.29607716814218227,0.40822267282642155,0.450020485538999,-0.044913122194509575,0.22199174539297223,-0.0025079047721009605,0.05506445474250456,0.0647046127779243,0.2325508550007921,0.17468657956104527,0.3042490063288579,0.5134426443949828,0.6459727021640923,0.39194182755418144,0.35386778335006364,0.20519108070193218,0.5536486888707474,0.469900608347282,0.41426765187985576,0.1043055107065943,0.2961610411068061,0.2594956525096858,0.1872152325460107,0.34990468629627247,0.1528591046081687,0.11082724652644362,0.6572082618048652,0.5280578053680377,0.4976817061216347,0.5517827815813745,0.6501127154571041,0.2995190338569388,0.15362728234737888,0.663388713327328,0.5987531906796033,0.3366680195982562,0.08172074126086208,0.3989682805480058,0.35233718926156976,0.15730315824758065,0.28102731996716873,0.03505592826520649,0.02372470111751243,0.36660245744917763,0.45590249788503473,0.13800849072455337,0.27048620802178286,0.11997978020176159,0.3961835777331835,0.23814260688570965,0.1960415191538234,0.33844782142473584,0.5146260065421167,0.48636742798175747,0.25238207209779656,0.055148799570758224,0.025104019264273317,0.2968883626477745,0.11269395162326978,0.08756263575483812
-0.01736880587662829,0.31092113847579717,0.19216421303732256,0.25928776356885,0.1546758757504513,0.06570500697600729,0.10288493621012565,0.317383627518093,0.28579544676977564,0.6004490831564574,0.2661705081820832,0.4897510789246189,0.5013143965796092,0.7251830806405581,0.4896352600684237,0.48901419138181107,0.9999999999999999,0.4468046250806137,0.5708769046861872,0.25780579685807875,0.7145325970882231,0.1645665496860692,0.5660644349048868,0.4999705505649773,0.4025730842947704,0.4204446824582975,-0.014687303753730847,0.3550343916528027,0.6557083599144526,0.3742214618753078,0.1062033861529359,0.1889132245648806,-0.16857653295524427,0.5230736243425543,0.35422376304714287,0.2594071286059754,0.6292625331055812,0.2193571785614322,0.5130400714359276,0.20033687855378307,0.15649882308889948,0.24774382874246909,0.2612847037007449,0.24813008021199057,0.15100075822896922,-0.004754977443839987,0.09141525025344893,-0.025378929209014467,0.1073145375663097,0.14636720821844487,0.22977693305051036,0.33342030729102995,0.40672055401705526,0.18095846032124704,0.09841812763832163,0.15169285965149676,0.4834398816423949,0.2583823182084026,0.4648039200618841,0.2811389299356363,0.297595893244328,0.38340625839268244,0.3881657804021229,0.4962807768662765,0.48435162669545007,0.4111703307775183,0.4590581068678133,0.6646676172290966,0.4270748189424142,0.4444590048178731,0.6165528852583566,0.30507350363327485,0.37033284452533866,0.4595657342384821,0.5642514067784197,0.369006313925304,0.13695320822168927,0.5467397233030117,0.3071766945246107,0.20080988066478617,0.17533627750373684,0.01610594788227135,0.040273735739125946,0.2043996419496887,0.04602894290679515,-0.013072176594145687,0.5244601446144254,0.43918501353209377,0.346202788989192,0.031613118776697834,0.23703891589727086,0.30658545988682584,0.31034362156737977,0.260988429414785,0.15391227042241884,0.2896551743839425,-0.19592479127289736,0.13698771082215852,0.04889991029495165,0.08836004531353694
0.3677548349909943,0.636143484931364,0.503348123813181,0.5504071327392448,0.5568926301856187,0.47588733529858646,0.2759477403779781,0.516239947078182,0.36993687362832944,0.2851764395640311,0.22909490337061536,0.2411406728105959,0.4579468246155553,0.5648649650475228,0.6423191580750284,0.5531315978455043,0.4468046250806137,0.9999999999999998,0.34482448546011396,0.8234841567345417,0.6998854939800496,0.45793345535418456,0.2509360239971073,0.038249701629143734,0.21711031886611937,0.4458382502458334,0.06503865381908121,0.3473190501496568,0.45874346488786666,0.4319979242156079,0.2935712017938813,0.19074862345489943,0.17634706558784824,0.8520386617075754,0.5547083134333811,0.8132833103445074,0.5419741343274032,-0.048368046605759114,0.24809346131700852,-0.22524576622622686,0.6386669304736852,0.23493894135754054,0.5306700004524233,0.24675343499509664,0.24125298743368012,0.06687935311265769,0.4948673497048624,0.17387355863070458,0.6755462323516829,0.6652226600335787,0.40394610283366006,0.6215464064648403,0.6001905286381907,0.5473487889630373,0.2701125221893069,0.31619162075934953,0.46054272329594276,0.47495027483123387,0.4900212480681259,0.3610155946014008,0.4145698898999471,0.3441912913480562,0.32777267812770067,0.4830184693241952,0.22676679890519866,0.23618437569026238,0.5072426472805119,0.38395132607419036,0.395908846571255,0.8139406667717265,0.6976663072751625,0.40424058003183666,0.09314178166956386,0.3191506755955015,0.1702403041863333,0.2877590684253968,0.05433571158510023,0.25860078610994897,0.5334408265812454,0.05770543838549309,0.04935318168279353,0.3604806550870487,0.3362352100503286,0.5091365006766428,0.34592464756774394,0.2674320613106844,0.3845204836266312,0.36052406811429205,0.7347059785671133,0.2077912388186221,0.22990938589475535,0.2619906614224633,0.3145600392794752,0.15122183926442304,0.13550061974505068,0.1921438914061685,-0.3302278693257147,0.48299786475686973,0.4943140341897557,0.5537446221959531
0.006805245789969184,0.2515461964979018,0.019558991858531993,0.059136906278082955,0.08039939317447674,-0.07371734545068552,0.15422549392719845,0.11131443994102685,0.032417627823663996,0.263966755514878,0.01823005717653062,-0.03484305144958615,0.10373053679948596,0.7908739108744134,0.21353699773368065,0.33181774609628045,0.5708769046861872,0.34482448546011396,0.9999999999999996,0.10318730276284609,0.6358581473038524,0.1970198308104578,0.5069722924060391,0.21522611192795243,0.10136130343493557,0.2970382056406365,-0.06495985184898251,0.3674377001914356,0.5405167668521569,0.18410784864699672,0.06640539957596947,0.28293712422313283,-0.07763983316715271,0.3308612305714747,0.2225635066163806,0.08955692265256296,0.39437972576012786,0.061814059739670746,0.3163970796509051,-0.03427174606194199,0.11025544751607205,0.27415760058502797,0.2070639051884614,0.08738381326612119,0.13059936328161983,-0.12990947591840643,0.12060285704367028,-0.021217669735107168,0.09046128335283735,0.09812381232469365,0.1227895464900838,0.20955315051246964,0.19822667814652917,0.11373690708126462,-0.10739619754989745,-0.13794312397467723,0.11306601737475934,0.08993491277356291,0.12637098983000034,0.21803689568664886,0.05440935445068902,0.0008447373491195937,-0.16231240897391477,0.27989804637806054,0.23344140700764604,0.13127617199813318,0.29129463154587065,0.36566307258226305,0.35458709679852746,0.28698545579819257,0.4386865398512869,0.2977618904155025,0.24614549900565785,0.22330364287100857,0.26070952096144845,0.18443591985314783,-0.04010071465880759,0.31680678893996295,0.29847097993325883,0.12445875566026036,0.12257702442975342,-0.0031584569425464636,0.08949121374171819,0.3381554423926875,0.1694668040929608,0.09778948453494528,0.2934615423366606,0.3991170580525328,0.11782397440100746,0.06734044032823573,0.19586090597657316,0.011570836226742175,0.06295497418078858,0.19359899794839242,0.16289204384487327,0.24767367882777153,-0.03923294835496961,0.10086416333401044,-0.027599842854386873,-0.007908734712078728
0.41868719586939956,0.5964797175875176,0.6797921247987166,0.6640437307365552,0.602270814724229,0.6550107665511895,0.3438650808726467,0.5571499246786884,0.5075876753650173,0.11015718544724142,0.10867145059883193,0.25957320688638513,0.5288465108900322,0.40503429437970323,0.6755564119056494,0.4958297038951839,0.25780579685807875,0.8234841567345417,0.10318730276284609,1.0000000000000002,0.5128832380686128,0.3610188688534278,0.20959038654216727,-0.13523687208080187,0.13250494367061363,0.4702525522198118,0.1294153904716693,0.37237224652460327,0.3868739477733181,0.5916105348830362,0.19336434734776028,0.16256045123082108,0.33513201277424975,0.5721082784005379,0.6049596616250802,0.805573948483686,0.5609150530560962,0.044398096740979366,0.2740273555542916,-0.08865692950704052,0.5402523015967167,0.204878589565703,0.46665797481686117,0.3778276666710537,0.305235536388082,0.21442781438173653,0.5061918959344924,0.31628863508820015,0.6683857757471234,0.6525431231845218,0.4331487153091783,0.7615109278133947,0.6008342008151858,0.6078309272255593,0.41741514626309667,0.5781792790860308,0.5607301775401986,0.5779248044114272,0.4808981809197894,0.15360465959815434,0.4558994949405779,0.3906672361975934,0.4001982178369525,0.44708841338708927,0.14211999715280252,0.19100224902327062,0.5312588929057023,0.22722187951146827,0.2307369049849902,0.739570760063966,0.682364675670877,0.4013848454446723,0.06635075577204547,0.3693004417579166,0.12791612108558414,0.11510238454821012,0.2142231524597132,0.2777882798212581,0.4730219224470659,0.1341768883304351,0.052469519727612234,0.47860522169209696,0.378615987393219,0.4076702127512988,0.4115638706245127,0.30010980468928194,0.41122671327165866,0.3655764819421627,0.780986454576497,0.3818965690727272,0.26589433363945614,0.25417231434253507,0.4292173225596603,0.16028189451329955,0.1307251327285948,0.25357823246312683,-0.1927501112877181,0.632546616559521,0.5263000013112161,0.6197983904640187
