0,1,2,3,4,5,6,7,8,9,10,11,12,13,14,15,16,17,18,19,20,21,22,23,24,25,26,27,28,29,30,31,32,33,34,35,36,37,38,39,40,41,42,43,44,45,46,47,48,49,50,51,52,53,54,55,56,57,58,59,60,61,62,63,64,65,66,67,68,69,70,71,72,73,74,75,76,77,78,79,80,81,82,83,84,85,86,87,88,89,90,91,92,93,94,95,96,97,98,99
1.0,0.24143335,0.033377882,-0.25761575,-0.39173368,-0.30318648,-0.5405019,-0.22314532,0.084077135,-0.3421802,0.5483113,0.49402902,0.59812534,0.18640223,0.4917504,-0.10343189,-0.17035656,-0.5432191,-0.13026325,-0.35720953,-0.48849785,-0.5069856,-0.35877287,0.2283035,0.34371868,0.056971587,0.5317767,-0.15135339,-0.28799498,-0.3661542,-0.23389266,0.20296083,-0.08999007,0.30900142,0.38319802,0.15733941,0.27789608,0.47445396,0.34138912,-0.123054825,0.1245321,-0.12568645,0.636273,0.37323335,0.58953106,0.6466367,-0.3897364,0.21114703,-0.31562224,0.04917398,-0.25456542,0.060722847,-0.09931993,0.22379209,-0.19979835,-0.044660423,0.40846518,0.32366255,0.038265277,-0.023826495,-0.29167426,-0.504018,-0.11348155,-0.12031198,-0.25811186,0.5033011,-0.025097817,0.30404025,0.16243227,-0.058041524,0.14716998,0.018908702,-0.22684488,0.10078985,-0.24670374,0.10703976,-0.25622186,0.06770987,-0.039239675,-0.32198468,0.18350816,0.08155363,-0.1640173,-0.08214988,-0.07888816,0.22103554,-0.38406,0.13870113,-0.036115084,0.41352838,0.52366066,-0.019324899,0.098517336,0.13807869,-0.024030367,0.62179255,0.43566087,0.15062004,0.54419446,-0.061917905
0.24143335,1.0,0.31116945,0.21834242,0.1648855,0.28182518,-0.026229706,0.19502506,0.3367033,0.24133435,0.54353666,-0.3130616,0.16305855,0.08440524,0.14456652,0.28860918,-0.12900634,-0.059785485,0.26079163,-0.04629434,0.13415818,0.017046006,0.09165926,0.195585,-0.3667576,0.17575882,-0.12951353,0.19940251,-0.11762154,0.23621403,0.16099688,-0.11663904,0.06973083,-0.09616813,0.74927694,-0.32294384,0.22581021,0.49042487,0.52362734,-0.03425042,0.64953357,0.23415263,0.45374915,0.3136173,0.47885823,-0.3304857,-0.5093995,0.31219363,0.029322246,-0.051785644,-0.067601286,0.08752033,0.25970867,0.2583866,0.1381408,0.25397116,-0.040910263,0.08820346,0.24520445,0.32883763,-0.033629235,0.22321597,0.16294245,0.22801302,0.32934523,0.2751856,-0.10723578,0.13189742,-0.092379965,-0.089469604,0.3354863,0.39347365,0.34323996,-0.09758085,-0.14277668,-0.118620455,0.15539534,0.49148113,0.3181972,0.5814845,0.45118445,0.45308918,0.0968955,0.02146076,0.34323525,0.271419,0.283663,0.49127308,0.27918956,0.5373745,-0.1473766,0.38847739,-0.23547572,0.39307943,0.4517289,-0.07583274,0.27641425,-0.5006644,0.18809506,-0.20956853
0.033377886,0.31116945,1.0,0.6243348,0.50293046,0.44583452,0.02097981,0.70862585,0.045426313,0.28795344,-0.115680926,-0.4243734,0.5563792,-0.032292612,0.3080469,0.70476073,-0.059876833,0.20147862,0.48700303,-0.29542688,0.18518928,-0.07302276,0.3550168,0.61197615,0.029693708,0.42444414,0.18829677,0.4707444,0.16934265,0.45652512,0.22459123,-0.5178376,-0.23655215,0.00756754,0.18528865,-0.2717118,0.13884163,0.39452025,0.25609222,0.37241277,0.27158868,0.07747418,0.21831213,0.34939757,0.06251987,-0.015296725,-0.37613928,0.2974253,-0.18709688,-0.36990985,-0.29248664,-0.30941328,0.31841785,0.3827202,0.38279188,0.6616157,-0.06640281,-0.12525825,0.0755266,-0.008814677,-0.49919996,0.2658509,-0.12364022,0.7583695,0.54238695,-0.02930691,-0.5932465,-0.31609145,-0.38921246,-0.33940902,-0.17546651,0.6134322,0.64547145,0.07772984,-0.30841774,-0.3259027,0.42021754,0.4373144,0.7458084,0.42589277,0.20413023,-0.13433382,0.049354583,-0.07484787,0.03385747,0.45026952,-0.10550812,0.24686977,0.7605284,0.3225008,-0.02607544,0.6734049,0.25738055,0.49915725,0.33873695,-0.39345977,0.45819122,-0.5190717,0.23946904,0.34035254
-0.25761575,0.21834242,0.6243348,1.0,0.7008641,0.5811685,0.33949816,0.52382547,0.10657675,0.728001,-0.15919729,-0.44870636,0.22829816,0.02951762,-0.061235555,0.26808432,0.45836276,0.45762706,0.6997913,0.07854783,0.4209389,0.39056674,0.7822814,0.37375265,-0.07588131,0.2177394,-0.08025949,0.21736363,0.65737593,0.5713291,0.42640465,-0.37046435,-0.038485195,0.07582756,0.063570395,-0.07508247,-0.008872231,0.07498412,0.27471995,0.15180236,0.19737196,0.19883901,-0.091889605,0.42135853,0.23772785,-0.17617597,0.059443273,0.26431102,0.33224007,0.0076473653,0.029308258,0.020675935,0.3373363,0.29841638,0.77857786,0.5160454,-0.0033472525,-0.1944488,-0.10538089,0.34398612,-0.23545253,0.5232882,0.27574086,0.78416103,0.8663739,-0.52234113,-0.105380364,-0.27128276,-0.3133086,-0.25975668,-0.096718356,0.3860997,0.5824718,-0.3407942,-0.16163044,-0.34766853,0.12685814,0.34961167,0.50818354,0.567911,-0.19589308,-0.044627003,0.20911446,-0.07372426,0.21508205,0.14898793,0.18313941,0.3650282,0.7320209,0.15798384,-0.18151055,0.3499434,0.33713663,0.45855898,0.59455466,-0.5009505,0.41574013,-0.36072275,0.01841195,0.36445954
-0.39173368,0.1648855,0.5029304,0.7008641,1.0,0.61824733,0.382966,0.52020955,-0.25159204,0.60563004,-0.13681953,-0.5070298,-0.019796992,-0.14803448,-0.16209318,0.3381281,0.302484,0.7536536,0.4960552,0.22746675,0.48072132,0.37920293,0.58744675,0.05304225,-0.4075453,0.289861,-0.1789313,0.2636961,0.43215585,0.6956413,0.4120471,-0.3160057,-0.020062212,0.002045851,-0.016127951,-0.2642416,-0.05337231,-0.19052975,0.09406929,0.26804456,0.21115026,0.22378722,-0.22601467,0.10599763,-0.040814456,-0.34871072,-0.028202387,0.020171717,0.40138164,0.15642951,0.21376783,-0.065494195,0.29589888,0.049733732,0.600757,0.33631924,-0.46723068,-0.20545761,0.20719802,0.0814032,-0.14349642,0.5910895,0.02089427,0.6123945,0.65471065,-0.43136802,-0.18683375,-0.12865514,-0.26302359,0.16901083,-0.03230386,0.5886786,0.80047464,-0.27530506,0.10896098,-0.31151316,0.41064027,0.20805976,0.54383826,0.65422815,-0.04794706,0.03485322,0.29248908,0.09304639,0.35751823,0.03857851,0.29384997,0.11361388,0.5823144,-0.06324855,-0.4541977,0.52791184,0.066810645,0.26748073,0.24028479,-0.64129263,0.23668052,-0.40007758,-0.2546035,0.026018582
-0.30318648,0.28182518,0.44583455,0.5811684,0.6182473,1.0,0.38437018,0.34147844,-0.09140746,0.44776544,-0.3024411,-0.587682,0.1029337,0.09846609,0.070578024,0.24038531,0.05988776,0.40530592,0.3680603,0.40110597,0.15802844,0.50533056,0.40481248,0.16610879,-0.19333173,0.26244897,-0.24102986,0.09661603,0.34308368,0.61549944,0.43396962,-0.27265894,-0.08107349,0.0090398695,0.062072087,-0.36089334,-0.04561441,-0.06954672,0.45652214,0.42490283,0.55055183,-0.061565544,-0.225826,0.11143163,0.06289193,-0.19478782,-0.3008722,0.066902325,0.29717723,0.082535006,0.5305485,0.27308193,0.39704558,0.34156993,0.6023976,0.028191822,-0.22573519,0.33643833,0.2903628,0.388583,0.015284543,0.49220294,0.03164069,0.5840039,0.4112906,-0.3270454,-0.10663551,-0.23104542,-0.5550177,-0.24348977,-0.36952034,0.41936707,0.6197072,-0.18911764,-0.1110657,0.005982614,0.5675637,0.46897772,0.78005797,0.72674614,0.17782561,0.4751683,0.082658775,0.22541894,0.16016495,-0.27918208,0.38568914,0.253069,0.4741407,-0.21442617,-0.43955103,0.504631,-0.110414,0.31562594,0.29025325,-0.66128296,0.19309446,-0.40923154,-0.1894523,-0.075801075
-0.5405019,-0.026229706,0.02097981,0.33949816,0.382966,0.38437018,1.0,0.35487708,-0.011673593,0.4674259,-0.34183028,-0.083695166,-0.2041753,-0.2379104,-0.49274424,0.033358436,0.51066893,0.3065624,0.2178415,0.61559486,0.49105003,0.54029095,0.5035629,-0.33582583,-0.3370547,-0.053976867,-0.3945465,-0.013146701,0.2594011,0.095916055,0.23412558,-0.17317487,0.1834177,-0.30046737,-0.30634668,0.16179493,-0.19975571,-0.353475,-0.23692828,-0.08917437,-0.059114747,0.27522627,-0.2753262,-0.118794635,-0.14171016,-0.29404756,0.44889477,-0.23890786,0.49113056,0.12928513,0.3213381,0.32997856,0.28718743,0.092068955,0.5384978,0.0044327453,-0.20732433,-0.04065935,-0.003464623,0.30542183,0.4835625,0.5345399,0.4352405,0.17768478,0.14405623,-0.57042634,0.37217274,0.027751688,-0.029446157,0.11788271,0.037201434,-0.017306585,0.0550581,-0.3106644,0.37105963,-0.15588573,-0.06933244,-0.1304658,0.017103205,0.34758165,-0.28684312,0.19431405,0.3059076,0.28551203,0.1603641,-0.28842232,0.6282366,0.038368907,0.33506837,0.011299169,-0.3419803,0.09572216,-0.0036630323,0.033290796,0.049532425,-0.35019347,0.029248,0.1833357,-0.3018998,-0.15718235
-0.22314532,0.19502507,0.70862585,0.52382547,0.52020955,0.34147844,0.35487708,1.0,0.26053536,0.48445725,-0.35978776,-0.35111028,0.24626286,-0.06961671,-0.016411647,0.7606552,0.06625158,0.17773362,0.23132855,-0.12702307,0.46506175,0.19364406,0.55914974,0.46721306,-0.22050689,0.27013022,-0.14396293,0.57635176,0.11660503,0.32175678,0.20776261,-0.41662982,0.029824572,0.14001621,-0.022144414,-0.23533052,0.008888893,0.16539857,0.10090662,0.40660676,0.20740376,0.11302406,0.2125208,0.02846718,-0.13265386,-0.07149187,-0.06536598,0.2078914,-0.1961097,-0.5659609,-0.21024607,-0.34321105,0.45095173,0.4390138,0.38533732,0.6750671,-0.24447191,-0.37319002,-0.265608,0.033289608,-0.22392456,0.45155504,0.29781556,0.47661334,0.44139197,-0.08015717,-0.2552551,-0.46628243,-0.3209576,-0.27761602,-0.093016244,0.24968408,0.38955328,0.17419049,-0.17340541,-0.36922833,0.3328297,0.28239408,0.48679623,0.47800952,0.16180678,-0.22200593,0.36743164,-0.028798545,-0.14647865,0.368139,-0.04653705,0.2534449,0.72330004,0.44163385,-0.12756674,0.6356046,0.009593142,0.24181347,0.2846637,-0.5526871,0.075681366,-0.32305875,0.2049031,0.31982273
0.084077135,0.3367033,0.04542631,0.106576756,-0.25159204,-0.09140747,-0.011673593,0.26053533,1.0,0.17517745,-0.02170699,-0.101003066,0.15278788,0.4061552,-0.023643967,0.1971521,-0.15655456,-0.41195914,0.11516361,-0.0991404,0.12953176,0.24756117,0.2512158,0.45528245,0.13641465,0.013242427,-0.2029562,0.30115485,0.05366444,0.05674587,0.031169597,-0.060596313,0.14014976,0.014077539,0.26664293,-0.05245232,0.23639941,0.43003705,0.37764174,0.09618322,0.34671283,0.052095313,0.5469798,0.23600204,0.28732994,-0.07585391,-0.06880757,0.5239118,-0.42917234,-0.5483294,-0.32149404,-0.0049867826,0.08764732,0.58092606,-0.0026845525,0.40518802,0.3385189,-0.15757234,-0.43918395,0.20289256,-0.09108151,-0.07131387,0.4834863,-0.034984358,0.23367128,0.1793119,-0.032099333,-0.3324087,-0.08711753,-0.33233225,0.10409481,-0.24247481,-0.19993037,0.1113496,-0.51683944,-0.11435239,-0.09991973,0.39951816,-0.04694858,0.10506062,0.20197289,-0.12162134,0.08680576,-0.3429669,-0.24500342,0.30427107,-0.0569398,0.58873266,0.07203118,0.5054432,0.3440144,0.092400655,-0.01543143,0.3743901,0.45115858,-0.020074917,-0.22510247,-0.19082439,0.5071957,0.43129557
-0.3421802,0.24133436,0.28795347,0.728001,0.60563004,0.44776544,0.4674259,0.48445728,0.17517744,1.0,-0.096953325,-0.21878396,-0.13108547,-0.02542564,-0.27219203,0.15487696,0.6093061,0.48035502,0.48710173,0.29839683,0.52858686,0.6017329,0.77231705,-0.03332682,-0.2371676,0.34769025,-0.30334097,0.15620655,0.62135273,0.46271053,0.36356395,-0.40118238,0.12998605,-0.01912192,-0.04271097,-0.029251503,0.10245143,0.04763204,0.2746766,-0.019595552,0.21092463,0.37834704,-0.017033663,0.2708577,0.29363495,-0.25223807,0.17487822,0.1765897,0.30528077,0.10703885,0.23986411,0.3142511,0.6253617,0.34114814,0.6848808,0.20804557,0.029228043,-0.10561517,-0.031803038,0.34546366,-0.0734514,0.4803294,0.27736697,0.358656,0.6058955,-0.4287334,0.1318723,-0.049090177,-0.26039207,-0.17829442,-0.16526662,0.12620255,0.40758044,-0.45005435,-0.15871526,-0.35439593,0.072412945,0.0012806951,0.21026511,0.45755455,-0.17988668,-0.02063841,0.46572843,0.07271542,0.3567568,0.12983038,0.23786788,0.43379295,0.66201615,0.0893431,-0.25523555,0.33326963,0.20842686,0.2682432,0.4018012,-0.3553894,0.11083233,-0.09610392,-0.23213838,0.124718
0.54831123,0.5435366,-0.11568092,-0.15919727,-0.13681954,-0.30244106,-0.34183028,-0.35978776,-0.02170699,-0.096953325,1.0,0.19130199,0.14674927,0.035070013,0.10556912,-0.17565787,0.02256716,-0.19890365,0.04858135,-0.05830715,-0.103491366,-0.26585886,-0.26636982,-0.17595918,-0.20132965,0.10027983,0.22698937,-0.07340446,-0.14675818,-0.18391624,-0.10542194,0.24316955,0.12692183,-0.1824457,0.58155584,0.043767735,0.32837424,0.24716118,0.17618114,-0.4270349,0.1233144,0.2092853,0.3519354,0.2765564,0.49840942,-0.046971068,-0.25729945,0.10139709,0.10805317,0.36767656,-0.19104837,0.136607,-0.072484784,-0.14460197,-0.20691791,-0.10627533,0.016712042,0.115048245,0.33728147,0.091607854,-0.09196002,-0.18817563,-0.10588005,-0.12281547,0.026346803,0.3076006,0.048468526,0.59899044,0.31320792,0.29775965,0.42118698,0.24547175,0.07199477,-0.18524201,0.047168273,-0.073088266,-0.26719734,0.007791101,-0.19287556,-0.0050801304,0.118242584,0.21883194,0.00094899646,-0.054364663,0.4835629,0.17831892,0.034697335,0.13223322,-0.10604103,0.38300723,0.058749773,-0.06830807,-0.06791264,0.16431834,0.07936016,0.47273615,0.37418532,-0.053258017,0.18736556,-0.38255402
0.49402905,-0.31306162,-0.42437336,-0.4487063,-0.5070298,-0.58768195,-0.083695166,-0.35111028,-0.101003066,-0.21878396,0.19130197,1.0,0.06490922,-0.20569246,-0.17145674,-0.5215788,0.33083746,-0.3449785,-0.33933002,0.010684288,-0.42946652,-0.30446938,-0.33174658,-0.38693297,0.36079264,-0.20817076,0.19451411,-0.5314922,-0.22183663,-0.6342317,-0.5273583,0.042278875,-0.17201559,0.047807377,-0.3734296,0.7473982,-0.046190456,-0.030429466,-0.18729877,-0.46464646,-0.48808768,0.1593351,0.30358794,0.1618262,0.3456816,0.4810654,0.4484452,-0.27425256,-0.037879955,0.27637196,-0.017367033,0.32848582,0.01289106,0.066307686,-0.102389775,-0.40649885,0.53087723,0.18567201,-0.05144008,-0.010979337,-0.034837134,-0.3949487,0.061039947,-0.42477414,-0.584272,0.029771732,0.44390723,0.4911931,0.2610545,0.12082413,0.10251557,-0.41428536,-0.6283059,-0.26208407,0.119404614,-0.06481799,-0.5741386,-0.5837434,-0.57993317,-0.7890398,-0.41880816,-0.14076093,-0.15813118,0.11112518,-0.0016846516,0.06939125,-0.15362492,-0.2151262,-0.19733435,0.0691684,0.5937159,-0.45109597,0.3868403,-0.19266374,-0.55556065,0.8362016,0.14977561,0.87517524,-0.00735021,-0.096587524
0.59812534,0.16305855,0.55637914,0.22829816,-0.019796994,0.1029337,-0.20417531,0.24626286,0.15278788,-0.13108547,0.14674927,0.06490922,1.0,0.27179232,0.5482262,0.29303885,-0.07507687,-0.36337656,0.23275226,-0.2576524,-0.19922808,-0.25255278,0.04171601,0.53765726,0.4216964,0.39572296,0.58770686,0.20713468,0.012515164,-0.040199548,0.017847639,0.009655844,-0.06332605,0.18160543,0.3030581,0.07663472,0.42014968,0.39921597,0.27701387,0.06253747,0.16489291,-0.23817295,0.42165807,0.44520524,0.35608485,0.48880526,-0.3387977,0.34982353,-0.35202956,-0.16812009,-0.34645203,-0.051448226,0.06833028,0.3896035,0.06630099,0.27269012,0.26561382,0.26752236,0.023791216,0.05019952,-0.3684456,-0.22765933,-0.06617893,0.45028338,0.06241107,0.21819533,-0.22943018,0.011452606,0.014556803,-0.1837164,0.017072195,0.3933288,0.11348196,0.09070115,-0.38856196,-0.021605197,-0.04921377,0.32114312,0.4406876,-0.050750397,0.18106341,0.006089158,-0.00676193,-0.08111709,-0.15967542,0.18880682,-0.37450472,0.19675057,0.40443823,0.4273635,0.32968786,0.31784436,0.23828849,0.4503135,0.20656337,0.1606069,0.6883969,-0.08191555,0.71395856,0.14255737
0.18640223,0.08440524,-0.032292612,0.029517623,-0.14803447,0.09846609,-0.2379104,-0.06961671,0.4061552,-0.025425643,0.035070013,-0.20569246,0.27179232,1.0,0.37936765,-0.056636944,-0.3290972,-0.45757857,-0.15543193,0.08108108,-0.057723135,0.28148243,0.12842919,0.28661793,0.40960014,0.38959712,-0.16031717,0.49291775,0.4606146,0.30723405,0.5535759,0.5221039,0.5925037,0.17253238,0.48777315,-0.42596573,0.6840639,0.36481303,0.5963389,0.3848203,0.5715734,-0.3324381,0.36964092,-0.07330764,0.23758979,0.1387704,-0.22003393,0.79310477,-0.44480756,-0.321937,-0.3169373,0.09095596,-0.30279928,0.15851618,-0.15666941,0.116609156,0.24337292,0.10109095,-0.3736802,-0.16947205,0.07784364,-0.44511047,0.106068805,-0.1014501,0.13974401,0.4270957,0.07141976,-0.33747974,0.119069666,-0.19562258,-0.1450154,-0.25891188,0.050159343,0.35690862,-0.62623876,0.40607917,-0.15749893,0.26871833,0.037502553,0.07702102,0.52325463,-0.07656359,0.2444257,-0.66368425,-0.16303095,-0.13577262,-0.25765407,0.3441935,-0.07204699,0.075356,0.27617696,0.09078621,-0.31662112,0.06902642,0.5217171,-0.03704162,-0.17123328,-0.1660438,0.6133301,0.31545565
0.49175036,0.14456652,0.3080469,-0.06123556,-0.16209318,0.07057802,-0.49274424,-0.016411647,-0.023643969,-0.27219203,0.105569124,-0.17145672,0.5482261,0.37936765,1.0,0.31689817,-0.39723226,-0.31753206,-0.08980079,-0.44928205,-0.2846892,-0.35749272,-0.23280804,0.54383814,0.5251065,0.37978905,0.53377396,0.2879808,-0.008315765,0.04511126,0.25791273,0.22412409,0.11800132,0.31101498,0.45945498,-0.42386425,0.35580292,0.49950606,0.3340768,0.32266316,0.36252287,-0.5332756,0.24512757,0.032346327,0.033322673,0.4691666,-0.64832455,0.40321088,-0.4738431,-0.20242327,-0.24566004,-0.16469514,-0.077748194,-0.029897746,-0.29762638,0.058975864,0.1726087,0.362672,0.016642606,-0.33582985,-0.09736261,-0.39159524,-0.38207832,0.1084649,-0.06316045,0.550474,-0.2887569,-0.16488604,0.11118035,-0.22392492,-0.21432038,0.17326747,0.14983661,0.503643,-0.3110513,0.48686296,0.115710214,0.27183455,0.36623135,0.003225075,0.56297433,0.100532435,0.11797055,-0.1702678,-0.3360068,-0.0554925,-0.59564215,-0.037973434,-0.032156337,0.113162056,0.17008063,0.31797954,-0.17511767,-0.084408365,0.3081314,0.0558744,0.20055133,-0.32784078,0.5137365,0.09563137
-0.10343189,0.28860918,0.70476073,0.26808432,0.3381281,0.24038531,0.03335844,0.7606552,0.1971521,0.15487696,-0.17565787,-0.5215788,0.29303887,-0.056636944,0.31689817,1.0,-0.26209113,0.08946225,0.22086233,-0.36397752,0.40721682,-0.042278446,0.25411522,0.5938162,-0.17693038,0.40342268,0.07244529,0.69789505,-0.09775556,0.29969648,0.22219682,-0.33512875,0.01706269,0.036743134,0.19401738,-0.50857735,0.112254225,0.32624236,0.09066039,0.5026762,0.32612738,-0.11091118,0.17145067,-0.12487513,-0.31086016,-0.086638324,-0.4260434,0.23579822,-0.4135074,-0.6470015,-0.29582712,-0.4878904,0.336291,0.26569977,-0.046030164,0.6049557,-0.3395628,-0.21725945,-0.052677236,-0.19904818,-0.19922735,0.25911337,-0.06074469,0.38082567,0.32674745,0.22287929,-0.5407436,-0.4826498,-0.22271582,-0.26609704,-0.13806517,0.39201313,0.46212876,0.46296313,-0.18709335,-0.09199706,0.50804234,0.44053602,0.5548366,0.48928526,0.46929199,-0.097211935,0.24859068,0.014174881,-0.2731199,0.31863073,-0.20972711,0.11695247,0.41643,0.37699625,-0.2197131,0.73572206,-0.21762395,0.16428964,0.30410925,-0.5456499,-0.015547798,-0.6032305,0.27418655,0.21218048
-0.17035656,-0.12900633,-0.05987683,0.45836276,0.302484,0.059887763,0.51066893,0.06625158,-0.15655456,0.60930604,0.022567162,0.33083746,-0.07507687,-0.32909718,-0.3972323,-0.26209113,1.0,0.41950923,0.3859205,0.3460829,0.23978414,0.2881436,0.50562984,-0.344202,-0.054267704,0.020466715,-0.030467702,-0.28061455,0.4946971,-0.026447225,0.050963357,-0.20847364,0.024652129,0.014200615,-0.3559168,0.5280499,-0.1120839,-0.25024682,-0.17061175,-0.4141145,-0.35921377,0.34396082,-0.1901528,0.2561756,0.25353628,0.02132201,0.5955904,-0.24272645,0.5624988,0.4931983,0.2727487,0.46145898,0.40316087,0.053899743,0.59794474,-0.12030706,0.18713588,-0.0021373935,-0.0027360078,0.3226226,0.09784923,0.30238736,0.2849836,0.17492792,0.20822594,-0.63258934,0.50802106,0.3261002,0.1021458,0.110019624,0.04950269,-0.034562167,-0.02530678,-0.6280635,0.27971688,-0.2695684,-0.3910262,-0.3639484,-0.19458759,-0.06980156,-0.6447952,-0.014607101,0.24830213,0.26780894,0.3324958,-0.104670085,0.22817394,-0.017842961,0.3428701,0.035449445,-0.028835118,-0.21087226,0.43392193,0.0037511454,0.011659092,0.11328982,0.3380532,0.46994606,-0.30506575,-0.062463425
-0.5432191,-0.05978548,0.2014786,0.45762706,0.7536535,0.40530592,0.30656236,0.1777336,-0.41195914,0.480355,-0.19890364,-0.3449785,-0.3633766,-0.45757854,-0.3175321,0.08946225,0.41950926,1.0,0.4322276,0.15622719,0.32523152,0.22104475,0.36731404,-0.21462366,-0.41323692,0.06802048,-0.16789888,-0.059836213,0.31643397,0.5700107,0.18946801,-0.395481,-0.22613946,0.0026552726,-0.2784125,-0.07855941,-0.27197832,-0.3543425,-0.1741894,0.06948694,-0.11163715,0.345677,-0.5181612,0.055233072,-0.1772536,-0.42080423,0.13829161,-0.27310118,0.5365754,0.3702579,0.39637637,-0.010262501,0.27009326,-0.18847428,0.4692362,0.030279396,-0.41314334,-0.17561752,0.31649387,0.06439302,-0.11596879,0.571825,-0.16488446,0.3730236,0.41454205,-0.5550952,-0.14713481,-0.010870248,-0.2850028,0.17822345,-0.1354326,0.3747722,0.58281577,-0.39444983,0.30126902,-0.32155538,0.37638763,-0.1208005,0.24660082,0.38306051,-0.30378488,-0.046239015,0.06470724,0.2571957,0.33861822,0.012230429,0.31994727,-0.13210905,0.29929096,-0.3714741,-0.5307526,0.14476109,0.1855524,0.020345414,-0.013816033,-0.4651503,0.058236644,-0.21508804,-0.64344335,-0.042027347
-0.13026327,0.2607916,0.48700303,0.69979125,0.4960552,0.3680603,0.2178415,0.23132853,0.11516361,0.48710176,0.048581347,-0.33933005,0.23275225,-0.15543191,-0.08980078,0.22086231,0.38592052,0.43222764,1.0,0.0022093898,0.42004648,0.1957415,0.5811097,0.2181572,-0.11358848,0.18738033,0.21935654,0.096885785,0.40120247,0.4092803,0.29312164,-0.4115358,-0.107394606,-0.12137294,0.13757066,0.037385445,0.02397396,0.068353906,0.0029432827,-0.11682996,0.018958429,0.30363998,-0.09765455,0.5119374,0.23408273,-0.23486333,-0.0006958319,0.13497669,0.2943493,0.1515842,0.029474614,0.06304635,0.17962638,0.20692249,0.55275327,0.4077809,0.011137631,-0.13838683,0.14161743,0.2985867,-0.29060465,0.24796885,-0.07516583,0.55120385,0.63946825,-0.4637789,-0.34470284,-0.022101168,-0.1228436,-0.105228625,0.054735184,0.4753727,0.43391407,-0.38902625,-0.09179301,-0.31984872,0.085204795,0.3548493,0.35191172,0.38175425,-0.29755786,0.02191984,0.09465585,0.14142811,0.36791283,0.23223458,0.22420566,0.38357645,0.5031936,0.16535881,-0.13143061,0.2505593,0.43617013,0.5872855,0.43744022,-0.27687716,0.43898776,-0.36977026,-0.024796057,0.20990083
-0.35720953,-0.04629434,-0.29542688,0.07854783,0.22746673,0.40110597,0.61559486,-0.12702307,-0.0991404,0.29839683,-0.05830715,0.010684287,-0.2576524,0.08108108,-0.44928202,-0.36397752,0.3460829,0.15622717,0.0022093898,1.0,0.17268646,0.7778115,0.24383627,-0.5963156,-0.18955255,0.13660458,-0.4326581,-0.21836469,0.30057928,0.15545033,0.13317463,0.029562661,0.16686854,-0.46162167,-0.23482537,0.1846161,0.060515177,-0.49219888,0.07006994,-0.1343859,0.11572124,0.15893643,-0.25328112,-0.0473012,0.096731305,-0.2964526,0.31567073,-0.22168805,0.5178458,0.42659137,0.56090075,0.6629859,0.1995105,0.12986591,0.36608464,-0.47907057,-0.16834177,0.33556956,0.28432712,0.40597263,0.36045358,0.27576464,0.21510333,-0.0034299982,-0.040198,-0.4751147,0.4419013,0.30120316,-0.1502264,0.215726,-0.1535292,-0.03169223,0.08200883,-0.5036806,0.13126978,-0.054128792,-0.025683504,-0.12384491,0.015271272,0.15698405,-0.19225489,0.40811345,0.17330582,0.25969356,0.35911274,-0.49908987,0.63624775,0.07194516,0.0328482,-0.37459835,-0.2730888,0.007731015,-0.05513463,0.16137666,-0.16934143,-0.16929002,-0.02715862,0.29817557,-0.3779118,-0.36819345
-0.48849788,0.13415818,0.18518928,0.42093894,0.48072132,0.15802844,0.49105003,0.46506178,0.12953174,0.5285869,-0.10349136,-0.42946652,-0.19922806,-0.05772314,-0.2846892,0.40721682,0.23978414,0.32523155,0.42004648,0.17268646,1.0,0.48476273,0.71892047,-0.07057022,-0.45150393,0.19531727,-0.20846382,0.47947907,0.32352796,0.35025874,0.48004904,-0.033432838,0.43798035,-0.24839938,0.12394553,-0.26285374,0.081483215,-0.1298894,-0.17639779,0.0031753196,0.011526405,0.35785523,-0.2231221,-0.19806099,-0.23402634,-0.47259113,0.23846349,0.19949414,0.22043526,-0.18833393,-0.13129026,-0.23096691,0.06466777,-0.088325426,0.2458687,0.43457177,-0.44433972,-0.5066518,-0.22574426,-0.050448347,0.23249833,0.45575276,0.30003098,0.14565384,0.5365976,-0.18478335,-0.03092829,-0.2316881,0.10963527,0.12378525,0.15463299,0.048125174,0.26585978,0.042307172,0.11731034,-0.17376918,0.09432503,0.032767206,-0.014777758,0.50813484,-0.0018431304,-0.19212033,0.45926243,-0.07179288,0.04754209,0.14110547,0.31188506,0.3390317,0.35954332,0.11163352,-0.5195177,0.3231245,-0.18779863,0.08255047,0.40498415,-0.511067,-0.12005098,-0.32375136,-0.07769335,0.1756358
-0.5069856,0.017046006,-0.07302276,0.3905667,0.37920293,0.50533056,0.540291,0.19364406,0.24756119,0.6017329,-0.26585886,-0.30446938,-0.25255278,0.28148243,-0.35749272,-0.042278446,0.2881436,0.22104476,0.1957415,0.7778115,0.48476273,1.0,0.64131117,-0.21675064,-0.1535458,0.2899854,-0.5024875,0.14527784,0.5461354,0.44660828,0.3919312,-0.060827583,0.3018981,-0.275671,-0.11760936,-0.08050638,0.1667665,-0.30753773,0.24921411,0.12703799,0.2893459,0.15730539,-0.18887766,-0.016584653,0.057859752,-0.38071483,0.24816303,0.14362872,0.31320328,0.067321785,0.39803112,0.43646035,0.29446822,0.32217762,0.47349158,-0.08801587,-0.1625295,0.06971637,-0.057491153,0.33043706,0.21399294,0.36370575,0.34508684,0.12031111,0.34209996,-0.4263101,0.24323708,-0.13043644,-0.28110856,-0.05149485,-0.2786579,-0.097217895,0.23696476,-0.3159681,-0.17415923,-0.10119892,0.12510224,0.1060599,0.14667693,0.3978666,-0.05328061,0.15676294,0.35659635,0.027107706,0.18136892,-0.27910864,0.45421425,0.39165428,0.2385012,-0.25640202,-0.31427297,0.22127092,-0.096479855,0.26070508,0.24050437,-0.4793899,-0.19967978,-0.029312203,-0.21270053,0.040119056
-0.35877287,0.09165927,0.3550168,0.7822814,0.5874467,0.40481248,0.5035629,0.55914974,0.2512158,0.77231705,-0.26636982,-0.33174658,0.041716006,0.12842919,-0.23280804,0.25411522,0.5056298,0.36731404,0.5811097,0.24383627,0.71892047,0.64131117,1.0,0.16581726,-0.1441436,0.24469405,-0.19707786,0.3681273,0.66716427,0.50268507,0.5400262,-0.17771561,0.32579488,0.08150871,0.02726259,-0.06627609,0.12939118,-0.07405153,0.12572262,0.11363492,0.10287431,0.332418,-0.06380614,0.18565637,0.12723912,-0.24069583,0.30822468,0.33233404,0.27355358,-0.10104155,0.0021896143,0.021456983,0.247688,0.27998796,0.70986843,0.48803222,-0.10487687,-0.38035852,-0.38046953,0.19620022,-0.025684208,0.4191287,0.42483395,0.38528737,0.7023366,-0.43316388,0.04579108,-0.3262405,-0.15640496,-0.1765687,-0.05312864,0.020038653,0.32934994,-0.2103059,-0.15077804,-0.30114332,-0.01136265,0.14730695,0.18413137,0.49075705,-0.19018312,-0.20899764,0.42942968,-0.09896513,0.102951065,0.14172393,0.2392088,0.4948168,0.6467935,0.17704657,-0.22074206,0.27159345,0.13858193,0.30166188,0.56893975,-0.505986,0.1382281,-0.19524331,0.03471138,0.40558973
0.22830349,0.195585,0.61197615,0.37375265,0.05304225,0.16610879,-0.33582583,0.46721306,0.45528245,-0.03332682,-0.17595918,-0.38693297,0.53765726,0.2866179,0.54383814,0.5938162,-0.34420204,-0.21462364,0.2181572,-0.5963156,-0.07057022,-0.21675064,0.16581725,1.0,0.34182253,0.07721378,0.23747186,0.42747754,0.03654844,0.23434936,0.13101918,-0.13260749,-0.12719867,0.404322,0.27993125,-0.32032427,0.027763473,0.46297148,0.34271446,0.5526059,0.34250677,-0.3593923,0.34470648,0.21194272,0.024338,0.25603977,-0.40695238,0.47915822,-0.4867887,-0.61531174,-0.40487668,-0.4422272,0.023935853,0.37939784,0.039885577,0.6437991,0.15000275,-0.13257742,-0.36509547,-0.09411073,-0.36199293,-0.043926813,0.06190235,0.45667583,0.4041205,0.20725137,-0.46390963,-0.62735426,-0.21800934,-0.49695146,-0.1261823,0.1887122,0.25119928,0.43984196,-0.41471204,0.07406609,0.24419716,0.6810818,0.51599485,0.23680171,0.34311885,-0.12678316,-0.061278466,-0.31268823,-0.43095198,0.25707778,-0.47264016,0.18476763,0.2361313,0.43535182,0.28362516,0.38344932,0.033772416,0.24483621,0.5148756,-0.30494052,0.11872128,-0.5291332,0.6380647,0.5769923
0.3437187,-0.36675757,0.02969371,-0.07588132,-0.40754527,-0.19333173,-0.3370547,-0.22050689,0.13641466,-0.2371676,-0.20132966,0.3607926,0.4216964,0.40960014,0.52510643,-0.17693038,-0.054267704,-0.41323692,-0.113588475,-0.18955255,-0.45150396,-0.15354581,-0.1441436,0.34182253,1.0,0.1896306,0.3449749,-0.05893471,0.23897898,-0.07794348,-0.010374252,0.06731984,-0.06792959,0.14914729,-0.12915415,0.24441127,0.24753685,0.28748056,0.18123238,0.15176286,-0.046521794,-0.36101675,0.263569,0.19628215,0.17876294,0.5472159,0.0794756,0.3296567,-0.43241856,-0.14431131,-0.24901938,0.13333572,-0.14470717,0.1596847,-0.12382132,-0.096141584,0.6975116,0.30194053,-0.251072,-0.24202523,-0.16008867,-0.5735069,-0.18099253,-0.0020095622,-0.18817188,0.11865549,-0.00031694688,-0.16017017,0.08366544,-0.31815094,-0.34753996,-0.27048293,-0.21854411,0.12883972,-0.41156405,0.3209227,-0.3051595,-0.04125226,-0.033663403,-0.57541835,-0.0022773056,-0.21101607,-0.114088535,-0.31542453,-0.3514043,-0.07577401,-0.5358993,-0.12915504,-0.13702407,-0.111389495,0.69544876,-0.09599877,0.37305728,-0.021696847,0.015797963,0.37759066,0.07592464,0.32474852,0.4054982,0.4752097
0.056971584,0.17575882,0.42444414,0.21773939,0.289861,0.26244897,-0.053976867,0.27013022,0.013242426,0.34769025,0.10027984,-0.20817076,0.39572296,0.3895971,0.37978905,0.4034227,0.020466713,0.06802047,0.18738031,0.13660458,0.19531727,0.2899854,0.24469405,0.07721378,0.18963061,1.0,0.12980057,0.5263885,0.41231614,0.42152557,0.4019257,-0.14048496,0.24563338,-0.18032056,0.24388517,-0.30133674,0.77776754,0.3430828,0.3985151,0.18368095,0.41695634,-0.04326988,0.22631569,0.11370135,0.17614195,0.0041089836,-0.3291358,0.4463893,-0.34179655,-0.11428454,-0.124072514,0.15717608,0.38965827,0.24839388,-0.003070861,0.04668559,0.017910296,0.24762608,0.26079658,-0.1312441,-0.2581605,-0.102169566,-0.3213263,0.25936654,0.18794593,0.21312037,-0.2571777,0.026063744,-0.10002378,-0.09978847,-0.34386984,0.36017418,0.49742556,0.007935044,-0.53887206,-0.02317372,0.19974838,0.027946793,0.40857306,0.16902335,0.39849564,-0.076652154,0.4386248,-0.10403403,0.1560182,0.11824666,-0.2623054,0.21984214,0.4359419,-0.026721802,-0.08009953,0.6069157,-0.0018143383,0.2997139,0.21084638,-0.12302948,0.1986547,-0.19062254,0.19317451,-0.007888815
0.53177667,-0.12951353,0.18829675,-0.08025949,-0.1789313,-0.24102986,-0.3945465,-0.14396293,-0.2029562,-0.30334097,0.22698937,0.19451411,0.58770686,-0.16031718,0.53377396,0.07244529,-0.030467702,-0.16789886,0.21935654,-0.43265814,-0.2084638,-0.5024875,-0.19707786,0.23747188,0.34497494,0.12980059,1.0,-0.12420814,-0.21483053,-0.3167157,-0.23980492,0.049356237,-0.1769429,0.15933272,0.11276087,0.26247543,0.13757439,0.07824197,-0.26978338,-0.28835326,-0.36459506,-0.20655724,-0.0051592593,0.31872985,0.052998107,0.535433,-0.24522558,-0.09966955,-0.14388703,0.18299122,-0.15283027,-0.17084937,-0.09230986,-0.0838594,-0.16481374,-0.008805609,0.1149131,0.18266349,0.16961935,-0.12542808,-0.3425673,-0.34861094,-0.45409572,0.064416796,-0.17318402,0.11353299,-0.36422217,0.26474917,0.2093746,0.058747046,0.06626303,0.3031366,-0.095673,0.039322104,-0.041177154,-0.00062181003,-0.09463317,-0.019893661,0.095895536,-0.32334247,-0.17039946,-0.10073554,-0.08498112,0.21983516,-0.08648501,0.12733561,-0.46852353,-0.07292325,0.045565467,0.13831297,0.13880466,-0.00066777633,0.31791398,0.1626806,-0.11361707,0.31138948,0.5104231,0.021047808,0.30589744,-0.06984144
-0.15135339,0.19940251,0.4707444,0.21736363,0.26369613,0.09661602,-0.013146701,0.57635176,0.30115488,0.15620655,-0.07340446,-0.53149223,0.20713466,0.49291775,0.2879808,0.69789505,-0.28061453,-0.059836205,0.09688579,-0.21836469,0.4794791,0.14527784,0.36812732,0.42747754,-0.05893471,0.5263885,-0.124208145,1.0,0.30769992,0.42931136,0.63456213,0.13423592,0.5660241,0.070365176,0.42992344,-0.6636696,0.55073124,0.39527306,0.21471976,0.49872115,0.42156646,-0.09145918,0.27358228,-0.271584,-0.24307527,-0.16371976,-0.27368906,0.65631276,-0.52064264,-0.6774331,-0.5759831,-0.45136127,-0.07404224,0.046900738,-0.1514668,0.662016,-0.26115215,-0.41782185,-0.3673272,-0.41316918,-0.053460974,-0.04399377,0.04821529,0.13706811,0.4052067,0.4049763,-0.32642227,-0.53230494,0.100138776,-0.107310005,-0.020444853,0.09888684,0.37116814,0.58427703,-0.38901648,0.059998687,0.17083651,0.2863612,0.24477033,0.42635855,0.5762949,-0.3532478,0.49170607,-0.50342524,-0.17648101,0.27130905,-0.24232906,0.24989992,0.28461295,0.35386997,-0.08443448,0.5063774,-0.3666675,0.06122132,0.5461371,-0.4446605,-0.2048736,-0.5380591,0.47937837,0.36991933
-0.28799498,-0.11762155,0.16934265,0.65737593,0.43215585,0.34308368,0.25940114,0.11660503,0.05366444,0.62135273,-0.14675817,-0.22183664,0.012515165,0.4606146,-0.008315765,-0.09775556,0.49469712,0.31643394,0.4012025,0.30057928,0.32352796,0.5461354,0.66716427,0.036548443,0.23897895,0.4123161,-0.21483053,0.30769992,1.0,0.58621633,0.7018918,0.023551742,0.3918315,0.06311547,0.019598927,-0.12804861,0.37100413,0.056414872,0.31226102,0.15657145,0.18215986,0.06716111,-0.09474875,0.13979319,0.20380051,-0.0794514,0.25387558,0.46733442,0.15187307,0.0896496,-0.02002661,0.28043905,0.085660666,0.062634155,0.49937657,0.17556067,0.20026344,-0.0899547,-0.24659617,0.011410046,0.005392724,0.04514401,0.13044818,0.312236,0.60728365,-0.34684142,0.16425824,-0.22905825,-0.012118402,-0.14589943,-0.28273687,-0.06697347,0.3639258,-0.22597994,-0.31547874,0.015576142,-0.19710279,-0.027973188,0.093128234,0.22285883,-0.12947449,-0.22229779,0.42350796,-0.37801668,0.20626886,-0.1278339,0.021447865,0.2383099,0.35813683,-0.15273313,0.024162302,0.08290555,0.20567934,0.12490097,0.53417474,-0.24343902,0.071698524,-0.038815714,0.017420748,0.39886856
-0.3661542,0.23621403,0.45652512,0.5713291,0.6956413,0.6154994,0.095916055,0.32175675,0.05674587,0.46271053,-0.18391624,-0.6342317,-0.040199548,0.30723408,0.04511126,0.29969648,-0.026447225,0.5700107,0.40928027,0.15545033,0.35025877,0.4466083,0.502685,0.23434937,-0.07794348,0.4215256,-0.3167157,0.42931136,0.58621633,1.0,0.61801964,-0.20929839,0.07748663,0.0035364954,0.20794228,-0.49723092,0.2438262,0.110025756,0.44999808,0.51387787,0.51419383,0.15554164,-0.0563386,0.114294566,0.06364173,-0.40081444,-0.1883309,0.44561428,0.062891856,-0.12302924,0.057676964,-0.039219506,0.12668234,0.15290934,0.4095777,0.33100104,-0.19872135,-0.11915852,0.05672978,-0.046033878,-0.18890433,0.28756824,-0.07762163,0.4780485,0.66803247,-0.17326605,-0.3305618,-0.45246986,-0.4055974,-0.1807355,-0.29579026,0.30448884,0.79580444,-0.08504321,-0.3441691,-0.0988211,0.43987772,0.3420379,0.50902367,0.5990225,0.2414227,-0.05709557,0.15930068,-0.2845544,0.18703142,0.09133265,0.19734292,0.29502577,0.3848347,-0.1947828,-0.25428537,0.4961804,-0.019553471,0.31240764,0.4449558,-0.61252743,-0.03046544,-0.54921275,-0.09230837,0.35084745
-0.23389265,0.16099688,0.22459123,0.42640465,0.4120471,0.43396965,0.23412558,0.20776261,0.031169597,0.36356398,-0.105421945,-0.5273583,0.017847639,0.5535759,0.25791273,0.22219683,0.05096336,0.18946801,0.29312167,0.13317463,0.48004907,0.3919312,0.5400262,0.13101916,-0.010374252,0.4019257,-0.23980494,0.6345622,0.7018918,0.6180197,1.0,0.28793055,0.68780905,0.13646078,0.43247226,-0.64146805,0.44705963,0.22542556,0.3325183,0.38908562,0.48297885,-0.05258488,-0.029603068,-0.17986436,-0.0160677,-0.16047055,-0.1306783,0.61283565,-0.01934107,-0.1539672,-0.14488111,0.004546112,-0.14590742,-0.12883483,0.2272043,0.3222187,-0.124814026,-0.13049829,-0.26583374,-0.24682519,0.25575846,0.0019356431,0.04500863,0.14687201,0.4935647,0.10382765,0.0043437453,-0.40127093,0.14085956,-0.074506104,-0.11669127,-0.028636746,0.40781343,0.2681492,-0.22034787,0.3225564,0.012197331,0.18892856,0.1895985,0.548614,0.36501727,-0.04956973,0.528634,-0.4142774,0.030390766,-0.1547461,0.06367768,0.28876936,0.24329457,0.01169736,-0.22862184,0.2828725,-0.3256414,-0.04804429,0.7168762,-0.4338834,-0.07355552,-0.41421497,0.19278139,0.24936487
0.20296082,-0.11663903,-0.5178376,-0.37046435,-0.31600574,-0.2726589,-0.17317487,-0.41662982,-0.06059631,-0.40118238,0.24316953,0.04227888,0.009655844,0.52210397,0.22412409,-0.33512875,-0.20847365,-0.395481,-0.4115358,0.029562663,-0.033432838,-0.060827583,-0.17771561,-0.13260749,0.06731984,-0.14048496,0.049356237,0.13423592,0.023551742,-0.2092984,0.28793055,1.0,0.6651027,0.24606921,0.4119137,-0.20660883,0.2788433,-0.12406971,-0.029585315,0.0074477764,0.04987816,-0.30793363,-0.04805425,-0.4287765,-0.105001755,0.17043099,0.03353226,0.25904006,-0.008465691,0.089204274,-0.17196098,-0.053708106,-0.6508623,-0.4815777,-0.4017889,-0.18247862,-0.15140276,0.00947027,-0.3456181,-0.30783975,0.5247228,-0.3485007,0.15731825,-0.4631226,-0.24639551,0.42462313,0.42800337,0.01643498,0.6148943,0.35840714,0.32469836,-0.3855866,-0.31750455,0.4409679,0.15640113,0.5821131,-0.35424107,-0.061211556,-0.4264087,-0.113221325,0.2657519,0.0557399,0.16163553,-0.40514508,-0.18854232,-0.394076,-0.1328935,-0.102288,-0.52093726,0.024290543,-0.029575529,-0.37590182,-0.57856816,-0.46758026,0.1850468,0.15858753,-0.16729443,0.09639272,0.40917188,-0.15193367
-0.089990065,0.06973083,-0.23655216,-0.038485195,-0.020062212,-0.081073485,0.1834177,0.029824572,0.14014974,0.12998605,0.12692183,-0.1720156,-0.06332605,0.5925037,0.11800132,0.01706269,0.024652129,-0.22613944,-0.107394606,0.16686854,0.43798035,0.3018981,0.32579485,-0.12719867,-0.06792959,0.24563336,-0.1769429,0.5660242,0.3918315,0.07748663,0.68780905,0.6651028,1.0,0.12614915,0.4580647,-0.3986009,0.5327584,0.0802298,0.057287134,0.0576778,0.23015925,-0.115774356,0.06531525,-0.39910302,-0.07796811,-0.045225892,0.08771837,0.47893858,-0.1151401,-0.1334523,-0.26719594,0.015947392,-0.29316267,-0.26621127,-0.1442728,0.108685404,-0.13351014,-0.18586771,-0.4237782,-0.2527356,0.48535603,-0.26491895,0.19532132,-0.38778967,0.056897275,0.31255692,0.31432873,-0.1439605,0.51150006,0.11105096,0.17183702,-0.35156414,-0.09494091,0.3697838,-0.08210497,0.37824076,-0.39271554,-0.08026088,-0.31494403,0.20080934,0.3195691,-0.08771764,0.63274056,-0.36206868,-0.010254461,-0.23384903,-0.032229684,0.22909527,-0.07299539,0.22408777,-0.1328177,-0.029139517,-0.5423085,-0.28995252,0.5033504,-0.10769274,-0.22912341,-0.049883697,0.35419595,-0.009934659
0.30900142,-0.09616814,0.0075675393,0.07582757,0.002045851,0.0090398695,-0.30046737,0.14001621,0.01407754,-0.01912192,-0.1824457,0.047807377,0.18160543,0.17253236,0.311015,0.036743134,0.014200614,0.0026552726,-0.12137293,-0.46162164,-0.24839938,-0.275671,0.08150871,0.40432197,0.14914729,-0.18032058,0.15933271,0.07036518,0.06311546,0.0035364954,0.13646078,0.24606921,0.12614915,1.0,0.09560771,-0.14748676,-0.077250004,0.12343852,0.1829037,0.3245424,0.06172467,-0.33095336,0.12062844,-0.0057454538,0.08230733,0.5181887,-0.13734254,0.16922025,-0.19169152,-0.13509968,-0.016998814,-0.19245896,-0.052989073,0.054063745,0.08273385,0.16331083,0.107892096,-0.077952854,-0.44131303,-0.10744241,-0.1226781,-0.19439478,0.07122863,-0.09588036,-0.017445788,0.19520131,0.07459457,-0.37683934,-0.007470445,-0.28122905,-0.06523649,-0.2571184,-0.1116528,0.30792028,-0.13471751,0.20706892,-0.08507168,0.10486234,0.02806016,-0.00044446718,0.06031367,-0.14892814,0.086965516,-0.106774144,-0.32096013,-0.021113403,-0.46366,0.0030193347,0.013057974,0.20518792,0.18079063,-0.12085355,-0.115841754,-0.2966148,0.22424956,-0.038194966,0.0049814573,-0.021810018,0.31720454,0.21446969
0.38319802,0.74927694,0.18528865,0.0635704,-0.016127951,0.06207209,-0.30634668,-0.022144414,0.26664293,-0.042710967,0.58155584,-0.37342963,0.30305812,0.48777312,0.45945498,0.19401737,-0.3559168,-0.27841252,0.13757066,-0.23482539,0.12394553,-0.11760935,0.02726259,0.27993125,-0.12915415,0.24388516,0.11276087,0.42992347,0.019598927,0.20794228,0.43247226,0.4119137,0.45806473,0.09560771,1.0,-0.53713757,0.518781,0.52339053,0.45019084,0.05106826,0.588803,-0.02029229,0.39988095,0.111284316,0.3351724,-0.1223211,-0.57206714,0.6110789,-0.16843408,-0.122038975,-0.3726699,-0.124129,-0.24021506,-0.05559957,-0.1609356,0.29855785,-0.06725295,-0.002885123,-0.016830975,-0.041492138,0.06557745,-0.1692818,0.011057254,0.01531123,0.26115346,0.5772308,-0.15076153,-0.0025704843,0.24808815,-0.004219133,0.36759588,0.20838355,0.23142764,0.28834432,-0.25308198,0.21543589,-0.037009843,0.43348718,0.12974441,0.41790944,0.60829854,0.21120732,0.19335727,-0.3503338,0.15811369,0.17808785,-0.033117488,0.46798766,0.057474915,0.48194504,-0.08383129,0.22906199,-0.42992872,0.18491611,0.6488375,-0.0038480088,0.20381244,-0.5604104,0.5167772,-0.06471855
0.15733941,-0.32294387,-0.27171183,-0.07508248,-0.2642416,-0.36089334,0.16179492,-0.23533052,-0.052452315,-0.029251505,0.043767735,0.7473982,0.07663472,-0.42596573,-0.42386425,-0.50857735,0.5280499,-0.07855941,0.03738545,0.1846161,-0.26285374,-0.08050638,-0.06627609,-0.32032427,0.24441127,-0.30133677,0.26247543,-0.6636696,-0.12804863,-0.49723092,-0.64146805,-0.20660883,-0.3986009,-0.14748675,-0.53713757,1.0,-0.24884929,-0.3294531,-0.38147092,-0.6070626,-0.65661174,0.27318302,-0.0048505804,0.40655166,0.28576133,0.23511887,0.62910753,-0.47324526,0.29628,0.4127173,0.15368687,0.33720022,0.13189404,0.15154713,0.22083887,-0.30862615,0.38747442,0.09299885,0.0485037,0.35101777,-0.14959526,-0.038857467,0.16583994,-0.061851352,-0.2920028,-0.5047364,0.32240584,0.485802,0.050392006,0.10801581,0.14381167,-0.1510727,-0.4623574,-0.62580156,0.21020447,-0.39239207,-0.48210692,-0.40576613,-0.38112658,-0.61023945,-0.78836864,-0.08255707,-0.27955207,0.3146262,0.15612218,0.036166236,0.09781981,-0.17181207,-0.012247715,0.008037863,0.37738007,-0.45561734,0.6660649,0.155428,-0.5141758,0.549508,0.33394587,0.768012,-0.16054028,-0.07170644
0.27789608,0.2258102,0.13884163,-0.00887223,-0.053372312,-0.045614414,-0.19975571,0.008888893,0.23639943,0.10245143,0.32837424,-0.04619045,0.42014968,0.6840639,0.35580292,0.112254225,-0.1120839,-0.27197832,0.023973959,0.060515177,0.08148321,0.1667665,0.1293912,0.027763475,0.24753685,0.77776754,0.1375744,0.5507313,0.37100413,0.24382621,0.44705963,0.27884334,0.5327584,-0.077250004,0.518781,-0.24884929,1.0,0.44447765,0.42516494,0.0091218455,0.38846517,0.032239646,0.44342852,0.15386914,0.3574836,0.036869835,-0.2788195,0.6787768,-0.43965384,-0.13073854,-0.37943652,0.11996111,-0.011593075,0.13613717,-0.18603724,0.08151021,0.15772589,0.11528844,-0.007256515,-0.20569284,-0.16869059,-0.40033558,-0.15833661,-0.07217594,0.07148707,0.46936747,-0.115202405,0.088278286,0.16475314,1.730416e-05,-0.06843513,0.05276326,0.16680104,0.11845707,-0.63781905,0.0339069,-0.15118614,-0.055449214,0.016177492,0.022807837,0.42452285,-0.2191784,0.3644006,-0.41920036,0.111908995,0.20230441,-0.26086488,0.36916628,0.21083972,0.19713973,0.12836772,0.2278239,-0.09662168,0.2656958,0.3333187,0.1888017,0.14260155,-0.10809712,0.48196596,0.061034054
0.47445393,0.49042484,0.39452025,0.07498412,-0.19052975,-0.069546714,-0.353475,0.16539857,0.43003705,0.04763204,0.24716116,-0.030429468,0.39921597,0.36481303,0.49950603,0.32624233,-0.25024682,-0.3543425,0.068353906,-0.49219888,-0.1298894,-0.30753773,-0.07405153,0.46297148,0.28748053,0.3430828,0.07824197,0.3952731,0.056414872,0.11002576,0.22542556,-0.12406971,0.08022979,0.12343852,0.52339053,-0.3294531,0.44447762,1.0,0.5779881,0.12345084,0.49657577,-0.021454593,0.70365024,0.24812035,0.42303458,0.2158729,-0.52177066,0.6145412,-0.622874,-0.48090833,-0.5518569,-0.092646495,0.07761918,0.28609776,-0.17381549,0.41044718,0.5532178,0.073353246,-0.10445344,-0.12445011,-0.22558896,-0.34135234,-0.03513355,0.10153439,0.1665922,0.58878475,-0.21447319,-0.18285231,0.036170635,-0.4019312,0.042291913,0.05763451,0.04979715,0.27103582,-0.56282294,0.09031317,-0.0890837,0.23005985,0.14316565,0.058999088,0.49758005,-0.104822576,0.037115764,-0.40121663,-0.08804406,0.45327798,-0.30390605,0.36511484,0.22742255,0.48544738,0.41955414,0.2841954,0.0066616572,0.20263723,0.43724513,0.24428925,0.11617121,-0.29033664,0.48481485,0.2815697
0.34138912,0.52362734,0.25609222,0.27471995,0.09406929,0.45652217,-0.23692828,0.10090662,0.37764177,0.27467656,0.17618114,-0.18729877,0.27701387,0.5963389,0.3340768,0.09066039,-0.17061177,-0.1741894,0.002943283,0.07006994,-0.17639777,0.24921413,0.12572263,0.34271446,0.1812324,0.3985151,-0.26978338,0.21471976,0.31226102,0.44999808,0.33251834,-0.029585313,0.057287134,0.1829037,0.45019087,-0.38147092,0.4251649,0.5779881,1.0,0.38394737,0.82549644,-0.059556752,0.52146554,0.28345063,0.6020677,0.0729247,-0.49316818,0.60546505,-0.26201257,-0.19332466,0.02426206,0.26955926,0.25234833,0.5195018,0.17864062,0.0854613,0.3272499,0.34888065,0.015346872,0.21259552,-0.19694585,-0.037907954,0.15363789,0.25864738,0.31837794,0.32810298,0.022679072,-0.19061822,-0.37426817,-0.4008721,-0.25289696,0.06687128,0.3247878,-0.0017000875,-0.6334907,0.10047603,0.209302,0.42068136,0.42678759,0.3577948,0.52219486,0.24169385,0.022396605,-0.3245882,0.0049479706,0.09098757,-0.028733239,0.4803554,0.2512649,0.121077426,0.17933439,0.36110485,-0.14165452,0.3185878,0.43684298,-0.058257714,0.089474805,-0.2923589,0.30283883,0.17502095
-0.123054825,-0.03425042,0.37241277,0.15180236,0.26804456,0.42490283,-0.08917437,0.40660676,0.09618322,-0.019595552,-0.42703488,-0.46464646,0.06253747,0.3848203,0.32266313,0.5026762,-0.41411448,0.069486946,-0.11682997,-0.13438588,0.0031753196,0.12703799,0.11363492,0.55260587,0.15176286,0.18368095,-0.2883533,0.49872118,0.15657145,0.51387787,0.38908565,0.007447776,0.0576778,0.3245424,0.051068258,-0.6070626,0.0091218455,0.12345083,0.38394737,1.0,0.54158944,-0.3620701,0.106745034,-0.31819627,-0.27533612,0.07411299,-0.29643595,0.39275497,-0.33149442,-0.5305919,-0.05093789,-0.26718372,-0.006180418,0.20927551,0.007120039,0.2994812,-0.20927753,-0.023535263,-0.2501748,-0.30389026,-0.034996677,0.06979464,-0.04431956,0.21578524,0.21427725,0.17850496,-0.2836073,-0.7193364,-0.34209967,-0.32087696,-0.47338796,-0.017467588,0.46684954,0.5862463,-0.22082107,0.32593802,0.5188261,0.46612972,0.48768422,0.36080632,0.5502532,-0.010952306,0.05328881,-0.34176219,-0.40013838,-0.114017345,-0.21895057,-0.0700754,0.052932575,-0.08323361,0.0042015966,0.48294154,-0.3637151,-0.1514393,0.2809905,-0.5876392,-0.35090378,-0.41223165,0.24331036,0.4029655
0.12453211,0.6495335,0.2715887,0.19737196,0.21115026,0.5505518,-0.059114743,0.20740378,0.34671283,0.21092463,0.1233144,-0.48808768,0.16489291,0.5715734,0.36252287,0.3261274,-0.35921377,-0.111637145,0.018958429,0.11572123,0.011526404,0.2893459,0.10287431,0.34250674,-0.04652179,0.4169563,-0.3645951,0.42156643,0.18215986,0.51419383,0.48297885,0.049878158,0.23015924,0.061724674,0.588803,-0.65661174,0.38846517,0.49657574,0.8254965,0.54158944,1.0,-0.16598813,0.42704186,0.023405287,0.3173875,-0.14075254,-0.60731494,0.5824986,-0.25155413,-0.2837776,0.020746378,0.16526887,0.18775025,0.34934056,0.04708622,0.13641523,0.0012595543,0.29687387,0.09080145,0.11284428,0.04906265,0.05517027,0.07830253,0.22743732,0.28823265,0.3658725,-0.08392239,-0.26073653,-0.2378427,-0.25399268,-0.1577601,0.19903322,0.46347043,0.21353777,-0.4255297,0.26912704,0.3397693,0.56988025,0.515464,0.6059662,0.7805139,0.44226852,0.20493686,-0.2530483,0.03268819,-0.05964852,0.08403131,0.37582782,0.15372632,0.160868,-0.058067273,0.5617408,-0.44295868,0.21899423,0.51728904,-0.33670485,-0.06103829,-0.5267992,0.30252942,0.006635585
-0.12568645,0.23415262,0.07747418,0.19883902,0.22378722,-0.06156555,0.27522624,0.11302406,0.05209531,0.37834707,0.20928532,0.1593351,-0.23817295,-0.3324381,-0.5332756,-0.11091118,0.34396085,0.345677,0.30364,0.15893643,0.35785523,0.15730537,0.332418,-0.3593923,-0.36101672,-0.043269876,-0.20655724,-0.09145917,0.067161106,0.15554163,-0.05258488,-0.30793363,-0.11577435,-0.33095336,-0.02029229,0.27318302,0.03223965,-0.021454595,-0.059556752,-0.3620701,-0.16598815,1.0,0.1456964,0.40358523,0.34665602,-0.5105182,0.3119615,0.031918388,0.3730816,0.19828254,-0.02783419,-0.0081381975,0.09392761,0.0324792,0.38117367,0.1896367,-0.0580623,-0.3707333,0.0699801,0.16948427,-0.20033339,0.37236056,0.20119868,0.06465152,0.2733932,-0.20797549,-0.0036787603,0.26216695,-0.17809641,0.13454999,0.19266617,0.019898022,0.11297846,-0.45211694,0.07326509,-0.67683816,-0.041120674,-0.3511807,-0.2529974,0.12930317,-0.31888255,-0.27313277,-0.13546439,-0.05089199,0.39364952,0.6190568,0.50800115,0.27403772,0.3728136,0.13966204,-0.09425821,-0.073675245,0.35562903,0.2769531,-0.027813353,0.16315512,0.1617781,0.043511286,-0.35490203,0.12246019
0.636273,0.45374918,0.21831213,-0.091889605,-0.22601467,-0.225826,-0.2753262,0.2125208,0.5469798,-0.017033663,0.3519354,0.30358794,0.42165807,0.3696409,0.24512759,0.17145067,-0.1901528,-0.51816124,-0.09765456,-0.25328112,-0.22312212,-0.18887766,-0.06380613,0.3447065,0.263569,0.22631568,-0.0051592593,0.27358228,-0.09474875,-0.056338597,-0.029603064,-0.04805425,0.06531525,0.12062844,0.39988095,-0.0048505804,0.44342852,0.7036503,0.5214656,0.106745034,0.42704186,0.14569639,1.0,0.37372053,0.6065233,0.2333377,-0.26948926,0.5434267,-0.55255693,-0.39024642,-0.49824506,0.025317911,0.08612141,0.5038811,-0.079881236,0.32503736,0.45694423,0.0058920044,-0.19226354,-0.03546467,-0.31264883,-0.362495,0.17716406,-0.057745583,-0.007924026,0.5047769,-0.058232937,0.008222772,0.01991567,-0.20997582,0.12987673,-0.06820598,-0.07280654,0.13564028,-0.4943428,-0.11179749,-0.22816218,0.15741217,-0.021386513,-0.10055797,0.37982392,-0.110690065,0.05731376,-0.38996986,-0.0013050578,0.4991221,-0.22988103,0.35128433,0.1837722,0.6641252,0.6734869,0.25438583,0.089005776,0.28682044,0.19039194,0.41535679,0.14733818,0.014519239,0.5906917,0.24347432
0.37323338,0.3136173,0.34939757,0.42135853,0.10599762,0.11143163,-0.118794635,0.02846718,0.23600204,0.2708577,0.2765564,0.1618262,0.44520524,-0.07330764,0.032346327,-0.124875136,0.25617564,0.055233076,0.5119373,-0.0473012,-0.19806099,-0.016584653,0.18565635,0.21194272,0.19628215,0.11370135,0.31872985,-0.271584,0.13979319,0.11429456,-0.17986436,-0.4287765,-0.39910302,-0.0057454538,0.11128432,0.40655163,0.15386914,0.24812034,0.2834506,-0.3181963,0.02340529,0.40358523,0.37372053,1.0,0.7573468,0.05128124,-0.10982411,0.14957018,0.118394434,0.26717964,-0.0027771355,0.22688763,0.2837241,0.46073928,0.48368996,0.14093265,0.40072674,0.13734065,0.2303657,0.44549468,-0.6388325,0.012346058,-0.05747418,0.42228743,0.29842088,-0.26079628,-0.24494423,0.26897675,-0.34877458,-0.25600022,-0.031210551,0.32948622,0.17304292,-0.610305,-0.38855433,-0.570309,-0.13411967,0.10362991,0.2139749,-0.0027958031,-0.3344104,-0.03902921,-0.21367097,0.06965292,0.3681053,0.45463762,0.045402337,0.3966784,0.46461415,0.29337442,0.32364172,0.05666736,0.74182785,0.7230254,0.13858114,0.30745667,0.6561172,-0.03330104,0.105101034,0.17294392
0.58953106,0.47885823,0.06251987,0.23772785,-0.040814456,0.06289194,-0.14171016,-0.13265385,0.28732994,0.29363495,0.4984094,0.34568158,0.35608485,0.23758979,0.033322673,-0.31086016,0.25353628,-0.17725362,0.23408271,0.096731305,-0.23402633,0.057859756,0.12723912,0.024338,0.17876294,0.17614196,0.052998107,-0.24307527,0.2038005,0.06364173,-0.016067699,-0.105001755,-0.07796812,0.08230733,0.3351724,0.2857613,0.3574836,0.4230346,0.6020677,-0.2753361,0.3173875,0.34665602,0.6065233,0.7573468,1.0,0.1664221,-0.10229346,0.35337913,0.056050688,0.27152577,-0.008754377,0.4567197,0.2258173,0.4613204,0.364032,-0.03869614,0.5431987,0.28347144,0.11844929,0.43531844,-0.3425472,-0.13969712,0.15200719,0.14450604,0.17216903,0.029120434,0.14524163,0.348279,-0.14873631,-0.19767843,0.07083042,0.041798826,0.028394442,-0.5063033,-0.4201279,-0.26474562,-0.3166611,0.047915682,0.004128188,-0.013823748,-0.06737622,0.13332015,-0.078841075,-0.115889795,0.37628374,0.28259102,0.07201789,0.46692836,0.32132307,0.3417704,0.40750137,-0.0036795472,0.37956917,0.49160525,0.2236628,0.4881043,0.53029054,0.150096,0.23419589,0.037619144
0.6466367,-0.33048573,-0.015296725,-0.17617597,-0.3487107,-0.19478782,-0.29404756,-0.071491875,-0.0758539,-0.25223807,-0.046971068,0.4810654,0.48880526,0.1387704,0.4691666,-0.08663833,0.021322012,-0.42080423,-0.23486334,-0.29645258,-0.47259113,-0.38071483,-0.24069583,0.25603977,0.5472159,0.004108984,0.53543293,-0.16371976,-0.0794514,-0.40081447,-0.16047055,0.170431,-0.045225896,0.5181887,-0.1223211,0.23511885,0.036869835,0.2158729,0.0729247,0.07411299,-0.14075254,-0.5105182,0.2333377,0.05128124,0.1664221,1.0,-0.0908289,-0.0044737984,-0.34619275,-0.053092685,-0.0892326,0.10160741,0.004171915,0.19411144,-0.118006065,-0.14987037,0.45097658,0.36520505,-0.18470256,-0.08597831,-0.12698048,-0.506116,-0.13828166,-0.13318512,-0.3782367,0.18764536,0.10787637,0.0023233814,0.13398482,-0.22632772,-0.19956604,-0.21748771,-0.35473374,0.20878732,-0.1641893,0.31692258,-0.27980104,-0.07727387,-0.0070227813,-0.48092294,-0.06394721,-0.048364185,0.01545916,0.028900892,-0.36040506,-0.17547667,-0.58907145,-0.13969956,-0.035883274,0.11520389,0.47867492,-0.08270412,0.133912,-0.17547269,-0.1279213,0.36115685,0.20897768,0.4276225,0.44051173,0.048888147
-0.38973644,-0.5093995,-0.3761393,0.059443273,-0.028202387,-0.3008722,0.44889477,-0.065365985,-0.06880758,0.17487821,-0.25729948,0.44844517,-0.3387977,-0.22003394,-0.64832455,-0.4260434,0.5955904,0.1382916,-0.0006958319,0.31567073,0.23846348,0.24816301,0.30822468,-0.40695238,0.0794756,-0.3291358,-0.24522558,-0.27368906,0.25387558,-0.18833089,-0.1306783,0.03353226,0.08771837,-0.13734254,-0.57206714,0.6291075,-0.2788195,-0.52177066,-0.49316823,-0.29643595,-0.607315,0.3119615,-0.26948926,-0.10982412,-0.10229346,-0.09082891,1.0,-0.24309076,0.370342,0.20093633,0.03386349,0.14977853,-0.097681455,-0.16048743,0.25138405,-0.110582255,0.121101856,-0.33836725,-0.36753905,0.054137025,0.24058585,0.11577504,0.38628522,-0.16082363,-0.044274703,-0.5570772,0.512352,0.07780836,0.23230559,0.18774742,0.120610915,-0.45645702,-0.35639673,-0.3324253,0.37050277,-0.16282845,-0.4896298,-0.47841975,-0.55709404,-0.38504118,-0.66345495,-0.3000465,0.05782459,-0.030710325,0.03560207,-0.12436085,0.2007108,-0.23190753,-0.068422966,-0.14833663,0.1465043,-0.47227418,0.31454116,-0.24165042,-0.22406913,0.15202294,-0.1130764,0.66970414,-0.25034368,0.21099721
0.21114703,0.31219363,0.2974253,0.26431102,0.020171717,0.066902325,-0.23890787,0.2078914,0.5239118,0.17658968,0.10139709,-0.27425256,0.34982353,0.79310477,0.40321088,0.23579821,-0.24272646,-0.27310118,0.13497669,-0.22168803,0.19949412,0.1436287,0.33233404,0.4791582,0.3296567,0.4463893,-0.09966955,0.65631276,0.46733442,0.44561428,0.61283565,0.25904006,0.47893858,0.16922025,0.6110789,-0.47324526,0.67877686,0.6145412,0.60546505,0.39275497,0.58249867,0.03191839,0.5434267,0.14957017,0.35337913,-0.0044737984,-0.24309076,1.0,-0.47271597,-0.4701965,-0.5650309,-0.166266,-0.20326881,0.20176423,-0.02204994,0.49622914,0.24749269,-0.17505741,-0.44285548,-0.24408434,-0.12971021,-0.24946345,0.1437331,0.113982975,0.43459052,0.46268022,-0.15264623,-0.41527638,0.07089601,-0.25349247,-0.054924183,-0.12188504,0.231165,0.37338594,-0.6501798,0.15251723,-0.07059682,0.28445628,0.09035861,0.23074116,0.53908956,-0.30221364,0.245109,-0.78479314,-0.1554993,0.3194649,-0.28832552,0.48135632,0.22739263,0.3304608,0.27327904,0.264116,-0.13545598,0.18413445,0.72373945,-0.04749372,-0.034477398,-0.38260558,0.65563875,0.5919964
-0.3156222,0.029322246,-0.18709688,0.3322401,0.4013816,0.29717723,0.49113056,-0.1961097,-0.4291723,0.30528077,0.10805318,-0.037879955,-0.35202956,-0.44480756,-0.47384313,-0.4135074,0.56249887,0.5365754,0.2943493,0.5178458,0.22043526,0.3132033,0.27355358,-0.4867887,-0.43241856,-0.34179658,-0.14388703,-0.52064264,0.15187307,0.062891856,-0.01934107,-0.008465691,-0.1151401,-0.19169152,-0.16843408,0.29628,-0.43965384,-0.62287396,-0.26201257,-0.33149445,-0.25155413,0.3730816,-0.55255693,0.11839444,0.056050688,-0.34619278,0.370342,-0.47271594,1.0,0.742729,0.5775633,0.31494907,0.048639562,-0.2623212,0.5618467,-0.27839643,-0.33946934,0.03895973,0.27440703,0.40739295,0.2982431,0.58999616,0.19799392,0.18759659,0.20636389,-0.6697475,0.3572246,0.38253295,-0.04442023,0.35302198,0.17917548,0.14881895,0.17043492,-0.5865788,0.6329752,-0.18917854,-0.020662922,-0.12591805,-0.06447189,0.2499201,-0.5239245,0.3640693,-0.104988754,0.37876672,0.4442099,-0.31100398,0.65810114,-0.0965146,0.07778809,-0.25638255,-0.49178544,-0.24946822,0.10654882,-0.00547187,-0.06484821,-0.16210566,0.26694354,0.119959176,-0.570185,-0.35863212
0.049173985,-0.051785648,-0.36990982,0.0076473653,0.1564295,0.082535006,0.12928513,-0.5659609,-0.5483294,0.10703885,0.36767653,0.27637196,-0.16812009,-0.32193702,-0.20242327,-0.6470015,0.49319834,0.3702579,0.1515842,0.42659137,-0.18833391,0.06732179,-0.10104155,-0.6153117,-0.14431131,-0.11428453,0.1829912,-0.6774331,0.0896496,-0.12302924,-0.1539672,0.089204274,-0.1334523,-0.1350997,-0.122038975,0.4127173,-0.13073854,-0.48090833,-0.19332464,-0.5305919,-0.2837776,0.19828252,-0.39024642,0.2671796,0.27152577,-0.053092685,0.20093633,-0.47019646,0.74272895,1.0,0.58607924,0.5498957,0.06420182,-0.3044928,0.2755015,-0.6406943,-0.06208721,0.38810846,0.55127263,0.2788401,0.11105908,0.09793578,-0.22491021,-0.048363123,-0.14748545,-0.42187133,0.31151348,0.75164336,0.12950514,0.4550407,0.10330924,0.20639353,0.04614159,-0.6631196,0.4442086,-0.046843484,-0.17410684,-0.34303564,-0.158079,-0.11937469,-0.47576484,0.3746031,-0.07070802,0.4366206,0.55924493,-0.35718083,0.32519263,-0.18280289,-0.10085484,-0.3423078,-0.23792066,-0.34368524,0.23258704,-0.021907268,-0.27876592,0.2892989,0.39716753,0.34011737,-0.4885814,-0.56830096
-0.2545654,-0.067601286,-0.29248664,0.029308258,0.21376783,0.5305486,0.32133806,-0.21024609,-0.321494,0.23986411,-0.19104838,-0.017367033,-0.34645203,-0.3169373,-0.24566005,-0.29582712,0.2727487,0.39637637,0.029474614,0.5609007,-0.13129026,0.39803115,0.0021896143,-0.4048767,-0.2490194,-0.124072514,-0.15283027,-0.5759831,-0.02002661,0.057676967,-0.14488111,-0.17196096,-0.26719594,-0.016998814,-0.37266988,0.15368687,-0.37943652,-0.5518569,0.024262058,-0.05093789,0.020746378,-0.027834188,-0.49824506,-0.0027771355,-0.008754377,-0.0892326,0.03386349,-0.56503093,0.57756335,0.5860792,1.0,0.5607554,0.42599502,0.100694485,0.36074862,-0.64547896,-0.19734117,0.5259084,0.46324712,0.46335712,0.19207539,0.36567834,-0.070996165,-0.011903754,-0.1804684,-0.47603503,0.2486575,0.23946732,-0.39563307,0.037285622,-0.31928086,0.06391406,0.08397469,-0.46064642,0.28419292,0.02937602,0.3396696,-0.040350437,0.20143405,0.19020493,-0.27103865,0.5762772,-0.08164412,0.68195367,0.19442165,-0.5300326,0.41424945,-0.104297966,-0.07306824,-0.51938164,-0.4298029,-0.045835167,-0.046376154,-0.053033,-0.32871136,-0.22620708,-0.03724069,0.16443226,-0.63467616,-0.5101459
0.060722847,0.08752033,-0.3094133,0.020675933,-0.065494195,0.27308193,0.32997853,-0.34321105,-0.004986783,0.3142511,0.13660699,0.32848582,-0.051448226,0.09095595,-0.16469514,-0.48789036,0.46145898,-0.010262502,0.06304635,0.6629859,-0.23096691,0.43646038,0.021456983,-0.4422272,0.13333572,0.15717608,-0.17084937,-0.45136127,0.28043905,-0.039219506,0.004546112,-0.05370811,0.015947392,-0.19245897,-0.124129005,0.33720022,0.11996111,-0.09264649,0.26955923,-0.26718372,0.16526887,-0.0081381975,0.025317911,0.22688763,0.4567197,0.10160742,0.14977854,-0.16626598,0.31494907,0.54989564,0.5607554,1.0,0.41593748,0.32699716,0.32344413,-0.6421395,0.37921023,0.6991037,0.3710803,0.4761553,0.24581663,-0.080841176,0.030113978,-0.09947363,-0.22400825,-0.31950963,0.49039772,0.47646478,-0.030305874,-0.018746518,-0.20447285,-0.07865549,-0.096340075,-0.5861217,-0.025165888,0.15367202,-0.24662025,-0.113982014,-0.0378084,-0.12150747,-0.20453365,0.53247803,0.17841373,0.32266107,0.40997857,-0.47303832,0.34028047,0.14974399,-0.0047319927,-0.19812049,0.098900974,-0.06415859,0.14341384,0.13808075,-0.110314526,0.24899383,0.16369946,0.4781212,-0.23125926,-0.4160454
-0.09931992,0.25970867,0.31841785,0.3373363,0.2958989,0.39704558,0.28718743,0.4509517,0.08764733,0.6253617,-0.072484784,0.012891059,0.06833028,-0.30279928,-0.077748194,0.33629096,0.40316087,0.2700933,0.17962638,0.19951048,0.06466776,0.29446825,0.247688,0.023935853,-0.14470717,0.38965824,-0.09230987,-0.07404224,0.08566067,0.12668234,-0.14590743,-0.6508623,-0.2931627,-0.052989073,-0.24021508,0.13189404,-0.0115930755,0.07761918,0.25234833,-0.0061804187,0.18775025,0.09392761,0.08612141,0.28372407,0.22581728,0.004171915,-0.097681455,-0.20326881,0.048639562,0.06420182,0.42599502,0.41593748,1.0,0.584152,0.40822524,-0.12996514,0.087692074,0.340342,0.3591186,0.44553155,-0.23059101,0.3883116,0.01952403,0.30568737,0.10243199,-0.28952274,0.0030920152,0.12651046,-0.48444706,-0.32916993,-0.3840359,0.27775902,0.28533933,-0.418986,-0.15784734,-0.3355554,0.27804086,0.019755978,0.41002658,0.2340844,-0.06929414,0.24127732,0.25617337,0.5113389,0.19351658,0.056791127,0.04893389,0.16231194,0.5330692,0.09833483,-0.15406182,0.458674,0.21333875,0.25563052,-0.07359722,-0.16313027,0.19843262,0.061892707,-0.26362744,-0.21133697
0.2237921,0.2583866,0.3827202,0.29841638,0.049733732,0.3415699,0.09206895,0.4390138,0.58092606,0.3411481,-0.14460197,0.066307686,0.3896035,0.15851618,-0.029897744,0.26569977,0.053899743,-0.18847428,0.20692249,0.12986591,-0.088325426,0.3221776,0.279988,0.37939784,0.1596847,0.24839388,-0.08385939,0.046900738,0.062634155,0.15290934,-0.12883483,-0.48157772,-0.26621127,0.054063745,-0.055599574,0.15154713,0.13613719,0.28609776,0.5195018,0.20927551,0.34934053,0.0324792,0.5038811,0.46073925,0.4613204,0.19411145,-0.16048741,0.20176423,-0.2623212,-0.30449283,0.100694485,0.32699716,0.584152,1.0,0.41155082,0.17437144,0.33592594,0.2681091,-0.022803579,0.47353762,-0.39688158,0.07897027,0.261878,0.28096336,0.14248039,-0.11211744,-0.12984985,-0.16561814,-0.5592817,-0.51604813,-0.31129333,0.06874013,0.08763635,-0.22500221,-0.56033367,-0.31022042,0.17242664,0.39231303,0.416152,0.11893513,0.031167485,0.08578778,0.0058899415,0.09863879,-0.054610882,0.22320335,0.00815846,0.56204563,0.48788324,0.30886889,0.3071996,0.42213017,0.2563522,0.59933114,0.11250119,-0.07455005,0.17191215,0.010242376,0.25292945,0.2174121
-0.19979835,0.1381408,0.3827919,0.77857786,0.600757,0.6023976,0.5384978,0.3853373,-0.0026845525,0.68488085,-0.20691791,-0.10238977,0.06630099,-0.15666941,-0.29762638,-0.046030164,0.59794474,0.4692362,0.55275327,0.3660846,0.2458687,0.47349158,0.70986843,0.039885577,-0.123821326,-0.003070861,-0.16481374,-0.15146682,0.49937654,0.40957773,0.2272043,-0.4017889,-0.14427282,0.08273385,-0.16093558,0.22083887,-0.18603724,-0.17381549,0.17864062,0.0071200393,0.04708622,0.38117367,-0.079881236,0.48368996,0.364032,-0.118006065,0.25138408,-0.022049941,0.5618467,0.2755015,0.36074862,0.32344416,0.40822524,0.41155082,1.0,0.20331314,0.03762592,-0.02006153,-0.016942408,0.48684633,-0.1491061,0.50376624,0.31595853,0.5418702,0.5384995,-0.6769668,0.10105963,-0.049054146,-0.42495912,-0.21004939,-0.14399506,0.17943828,0.36701396,-0.5772057,0.0008652644,-0.42752537,0.033936847,0.12397202,0.34251735,0.4062944,-0.43040314,0.08639502,0.09517449,0.17641877,0.35750645,0.038977694,0.43153456,0.35294783,0.6877633,0.07397444,-0.10325821,0.16980013,0.41975555,0.39722472,0.25454408,-0.3088271,0.43543717,0.0033949618,-0.23152979,0.1636584
-0.044660423,0.25397116,0.6616157,0.5160454,0.3363192,0.02819182,0.0044327453,0.6750671,0.405188,0.20804557,-0.10627532,-0.40649882,0.2726901,0.116609156,0.058975864,0.60495573,-0.120307066,0.030279398,0.40778086,-0.4790706,0.43457174,-0.08801586,0.48803222,0.6437991,-0.09614158,0.04668559,-0.008805609,0.66201603,0.17556067,0.331001,0.3222187,-0.18247862,0.10868541,0.16331081,0.29855785,-0.30862617,0.08151021,0.41044718,0.0854613,0.29948118,0.13641524,0.1896367,0.32503736,0.14093265,-0.03869614,-0.14987038,-0.110582255,0.49622917,-0.27839643,-0.6406943,-0.64547896,-0.6421395,-0.12996516,0.17437145,0.20331314,1.0,-0.083657466,-0.6965836,-0.5009143,-0.1846944,-0.30204397,0.17060672,0.28307495,0.4191806,0.6661617,0.100098245,-0.424859,-0.56143147,-0.036207523,-0.20059119,0.252796,0.18527348,0.29256997,0.3175206,-0.25086126,-0.3154301,0.0870616,0.41242626,0.23800282,0.396197,0.144774,-0.4717342,0.104919665,-0.45013714,-0.13736552,0.5990105,-0.108030826,0.34817806,0.47464636,0.5838201,0.11011383,0.3309346,0.08103648,0.3157968,0.557611,-0.35428482,0.0720411,-0.5491275,0.43770432,0.62162244
0.40846518,-0.040910263,-0.0664028,-0.0033472523,-0.46723068,-0.22573519,-0.20732433,-0.24447192,0.3385189,0.029228043,0.016712042,0.53087723,0.2656138,0.24337292,0.17260872,-0.33956283,0.18713588,-0.41314337,0.011137632,-0.16834177,-0.4443397,-0.16252951,-0.10487687,0.15000275,0.6975116,0.017910298,0.11491309,-0.26115215,0.20026343,-0.19872133,-0.124814026,-0.15140276,-0.13351014,0.107892096,-0.06725294,0.3874744,0.15772589,0.5532178,0.32724988,-0.20927753,0.0012595543,-0.058062296,0.45694423,0.40072677,0.54319876,0.45097658,0.121101856,0.24749272,-0.33946934,-0.06208721,-0.19734117,0.37921023,0.08769207,0.33592597,0.037625916,-0.083657466,1.0,0.2979822,-0.17131463,0.12200549,-0.14624044,-0.51081395,0.047121882,-0.07568493,-0.13906093,0.07649242,0.2075097,0.046813995,0.06157118,-0.42620337,-0.1082158,-0.31988254,-0.39813057,-0.19996129,-0.4269025,0.10249899,-0.5081617,-0.10793928,-0.2095463,-0.5118809,-0.15069793,-0.092134655,-0.15473033,-0.19005473,-0.05413254,0.11360237,-0.2559813,0.15582937,0.002512299,0.1425478,0.76183903,-0.24389349,0.46814883,0.11452,0.05720117,0.5980384,0.14365038,0.42859775,0.24181733,0.31598
0.32366258,0.08820346,-0.12525825,-0.1944488,-0.2054576,0.33643833,-0.040659353,-0.37319002,-0.15757236,-0.105615176,0.115048245,0.185672,0.26752236,0.10109095,0.362672,-0.21725945,-0.0021373935,-0.17561752,-0.13838683,0.33556956,-0.5066518,0.06971637,-0.38035855,-0.13257742,0.30194053,0.24762607,0.1826635,-0.41782185,-0.089954704,-0.11915852,-0.13049829,0.009470269,-0.18586771,-0.07795285,-0.0028851232,0.09299885,0.11528843,0.073353246,0.34888065,-0.023535265,0.29687387,-0.37073332,0.005892004,0.13734065,0.28347144,0.36520505,-0.33836728,-0.17505741,0.038959727,0.3881085,0.5259084,0.6991037,0.340342,0.2681091,-0.02006153,-0.6965836,0.29798216,1.0,0.5763413,0.31333128,0.14177361,-0.1753257,-0.28731918,0.0077486695,-0.43704942,0.034636892,0.19315335,0.36362064,-0.15358238,-0.12925182,-0.35650042,0.14463252,-0.013817391,-0.21637338,-0.08954401,0.37798008,0.089122884,0.075450316,0.28557476,-0.12682994,0.15079492,0.6664602,-0.10642099,0.39193994,0.059851646,-0.5068486,0.019726258,-0.058097254,-0.12593697,-0.26661056,0.03553348,0.121985026,-0.03922305,0.058346435,-0.20630613,0.2157576,0.24343993,0.23315293,-0.042464603,-0.4911802
0.038265277,0.24520443,0.07552661,-0.10538089,0.20719804,0.2903628,-0.003464623,-0.265608,-0.43918395,-0.031803038,0.33728147,-0.051440075,0.023791214,-0.3736802,0.016642606,-0.052677236,-0.0027360078,0.31649387,0.14161743,0.28432712,-0.22574426,-0.057491153,-0.38046953,-0.36509547,-0.25107202,0.26079655,0.16961937,-0.3673272,-0.24659617,0.056729775,-0.26583374,-0.3456181,-0.4237782,-0.44131306,-0.016830975,0.0485037,-0.007256515,-0.104453444,0.015346871,-0.2501748,0.09080145,0.06998011,-0.19226354,0.23036568,0.118449286,-0.18470256,-0.36753905,-0.44285548,0.274407,0.5512727,0.46324715,0.3710803,0.3591186,-0.02280358,-0.016942408,-0.5009143,-0.17131463,0.5763412,1.0,0.29152888,-0.13630614,0.14605775,-0.548351,0.20599003,-0.19020778,-0.13951051,-0.21419036,0.5996749,-0.23622179,0.19283319,-0.12730893,0.6559542,0.37400207,-0.46619302,0.15199287,-0.14242133,0.33569932,-0.04486182,0.35721555,0.10132098,-0.00015880159,0.51011056,-0.1893821,0.57014453,0.5084709,-0.13192035,0.2858263,-0.14398402,0.04266177,-0.2988947,-0.3258542,0.24545772,0.1231743,0.2766118,-0.38919505,0.06932689,0.34473127,-0.07557073,-0.46443176,-0.6563735
-0.023826493,0.32883763,-0.008814677,0.34398612,0.0814032,0.38858303,0.30542186,0.033289608,0.20289256,0.34546366,0.091607854,-0.010979337,0.050199516,-0.16947205,-0.33582985,-0.19904818,0.3226226,0.06439302,0.2985867,0.4059726,-0.050448347,0.33043706,0.19620022,-0.09411073,-0.24202521,-0.13124408,-0.12542808,-0.4131692,0.011410046,-0.04603388,-0.24682517,-0.30783975,-0.2527356,-0.10744241,-0.041492134,0.35101774,-0.20569284,-0.12445012,0.21259551,-0.30389026,0.11284428,0.16948429,-0.035464674,0.44549465,0.4353184,-0.08597831,0.05413703,-0.24408436,0.40739295,0.27884012,0.46335712,0.4761553,0.44553155,0.47353762,0.48684633,-0.1846944,0.12200549,0.31333128,0.29152888,1.0,-0.068001315,0.37445414,0.3332927,0.29052535,0.14142276,-0.50188106,0.22985396,0.23325704,-0.42698365,-0.29461706,-0.019857086,0.16049226,-0.015102873,-0.63366336,-0.034789614,-0.3787584,-0.062443364,0.18983315,0.21774851,0.24375062,-0.33278725,0.45531192,-0.10729359,0.45048028,0.3339129,-0.09077554,0.45936233,0.32278547,0.2749377,0.09602386,-0.11841642,-0.014572716,0.23334755,0.46364376,0.058885254,-0.064339265,0.32410583,0.09029572,-0.18782543,-0.25377032
-0.29167426,-0.033629235,-0.49919996,-0.23545253,-0.14349642,0.015284544,0.48356253,-0.22392456,-0.09108151,-0.0734514,-0.09196002,-0.034837134,-0.3684456,0.07784364,-0.09736261,-0.19922733,0.09784923,-0.11596879,-0.29060465,0.36045355,0.23249835,0.21399294,-0.025684208,-0.36199293,-0.16008866,-0.2581605,-0.3425673,-0.05346097,0.0053927246,-0.18890435,0.25575846,0.5247228,0.485356,-0.12267809,0.06557745,-0.14959526,-0.1686906,-0.22558896,-0.19694585,-0.034996677,0.049062647,-0.20033339,-0.31264883,-0.6388325,-0.34254724,-0.12698048,0.24058583,-0.12971021,0.2982431,0.11105908,0.19207539,0.24581662,-0.23059103,-0.39688158,-0.1491061,-0.30204394,-0.14624044,0.14177361,-0.13630614,-0.068001315,1.0,0.112648904,0.35473615,-0.35065198,-0.25359765,0.035784245,0.6373649,0.023735035,0.5019161,0.29535314,0.26229665,-0.35549265,-0.29920158,0.22283798,0.5402406,0.62040645,-0.21474312,-0.08863214,-0.3500074,0.07988504,0.14200494,0.40819076,0.21347588,0.035542887,-0.12927845,-0.6446505,0.3595378,-0.2007725,-0.42163047,-0.115677014,-0.28854468,-0.2127114,-0.6070747,-0.55710053,0.08652787,-0.10798114,-0.34338275,0.17958452,-0.09575205,-0.33695418
-0.50401795,0.22321598,0.26585087,0.5232882,0.5910894,0.49220297,0.5345399,0.451555,-0.07131387,0.48032942,-0.18817563,-0.3949487,-0.22765933,-0.44511047,-0.39159524,0.25911337,0.30238736,0.571825,0.24796885,0.27576464,0.45575276,0.36370575,0.41912866,-0.043926813,-0.57350683,-0.102169566,-0.34861094,-0.043993767,0.04514401,0.28756824,0.0019356433,-0.34850073,-0.26491898,-0.1943948,-0.1692818,-0.038857467,-0.40033558,-0.34135234,-0.037907954,0.06979465,0.055170268,0.37236056,-0.36249503,0.012346058,-0.13969712,-0.506116,0.11577504,-0.24946345,0.58999616,0.09793578,0.36567834,-0.080841176,0.3883116,0.07897026,0.5037663,0.17060672,-0.510814,-0.1753257,0.14605777,0.3744541,0.112648904,1.0,0.4364721,0.54063076,0.46904594,-0.4744042,0.090680994,-0.056662474,-0.38207388,0.13303967,0.057826802,0.33048242,0.4121795,-0.28028333,0.3777101,-0.3960166,0.48456886,0.14295192,0.33855018,0.5992248,-0.13640282,0.18995997,-0.021493478,0.25611645,0.06152581,0.04418064,0.5188756,0.017421268,0.4052863,-0.062005267,-0.6342782,0.25071967,-0.040319532,0.13418286,0.08841409,-0.55888504,0.088457756,-0.26919112,-0.41075203,-0.08273045
-0.11348155,0.16294245,-0.12364021,0.27574086,0.020894272,0.03164069,0.43524048,0.29781556,0.48348632,0.277367,-0.105880044,0.061039947,-0.06617893,0.106068805,-0.38207832,-0.06074469,0.2849836,-0.16488446,-0.07516583,0.21510333,0.300031,0.34508684,0.42483395,0.06190235,-0.18099253,-0.3213263,-0.45409572,0.048215292,0.13044818,-0.07762163,0.04500863,0.15731825,0.19532132,0.07122862,0.011057254,0.16583994,-0.15833661,-0.03513355,0.15363789,-0.044319555,0.07830253,0.20119868,0.17716406,-0.057474185,0.1520072,-0.13828166,0.3862852,0.14373311,0.19799392,-0.22491023,-0.07099617,0.030113978,0.01952403,0.261878,0.31595856,0.28307495,0.047121882,-0.28731918,-0.548351,0.3332927,0.35473615,0.4364721,1.0,0.089867726,0.27587256,-0.14685737,0.59560174,-0.18290362,0.058940087,0.021263927,0.38914883,-0.33414182,-0.2664149,-0.06072738,0.12155155,-0.12909031,-0.23078455,0.1296783,-0.19906521,0.20592694,-0.09302109,0.011854993,0.0875112,-0.215905,-0.19659771,0.010969234,0.33306232,0.2629711,0.12674534,0.361292,0.038880367,-0.13941023,-0.15376855,0.017063437,0.28396204,-0.101793356,-0.0709655,0.14191975,0.19500615,0.19484492
-0.12031198,0.22801302,0.75836945,0.7841611,0.61239445,0.5840039,0.17768477,0.4766133,-0.034984358,0.358656,-0.12281547,-0.4247741,0.45028335,-0.10145011,0.1084649,0.38082564,0.17492792,0.37302363,0.55120385,-0.0034299982,0.14565384,0.12031111,0.38528737,0.45667583,-0.0020095622,0.25936654,0.0644168,0.1370681,0.312236,0.47804853,0.146872,-0.4631226,-0.38778967,-0.09588035,0.01531123,-0.061851352,-0.07217594,0.10153438,0.25864738,0.21578522,0.2274373,0.06465152,-0.057745583,0.42228743,0.14450604,-0.13318512,-0.16082363,0.113982975,0.18759659,-0.048363127,-0.011903754,-0.099473625,0.30568737,0.28096333,0.5418702,0.4191806,-0.075684935,0.007748669,0.20599003,0.29052535,-0.35065198,0.54063076,0.089867726,1.0,0.660986,-0.38604668,-0.26456702,-0.17139766,-0.4038081,-0.1766561,-0.10632006,0.6792575,0.6489356,-0.2672415,-0.10720786,-0.3344208,0.3617503,0.4357631,0.7568351,0.4618959,-0.028729761,0.099557325,-0.08475569,0.016748965,0.12950425,0.16732194,0.106971934,0.07543412,0.6195295,0.06688253,-0.13478996,0.47418904,0.36706743,0.5327095,0.30276585,-0.42343646,0.565431,-0.39890102,0.05575387,0.23746413
-0.2581119,0.32934523,0.54238695,0.8663739,0.65471065,0.41129056,0.14405623,0.44139197,0.23367126,0.6058955,0.026346803,-0.584272,0.06241107,0.139744,-0.06316045,0.32674745,0.20822595,0.41454205,0.63946825,-0.040198,0.5365976,0.34209996,0.7023366,0.4041205,-0.1881719,0.18794593,-0.17318402,0.40520674,0.60728365,0.66803247,0.4935647,-0.24639553,0.05689727,-0.01744579,0.2611535,-0.2920028,0.07148706,0.1665922,0.3183779,0.21427725,0.28823265,0.2733932,-0.007924026,0.29842088,0.17216903,-0.3782367,-0.044274703,0.43459055,0.20636387,-0.14748545,-0.1804684,-0.22400826,0.10243198,0.14248039,0.53849953,0.66616166,-0.13906093,-0.43704945,-0.19020778,0.14142276,-0.25359765,0.46904597,0.27587256,0.66098595,1.0,-0.3050804,-0.24328819,-0.36038738,-0.2308572,-0.13949871,0.03735635,0.3404592,0.6352696,-0.15687671,-0.21132597,-0.3388438,0.19072857,0.41547185,0.38710368,0.64624983,-0.015279042,-0.17734149,0.16779593,-0.32765287,0.19734785,0.2976401,0.16423163,0.39544126,0.53557664,0.185309,-0.20039083,0.33583164,0.16543937,0.43148947,0.6765371,-0.5185766,0.18743606,-0.5890447,0.07439829,0.47101104
0.503301,0.2751856,-0.029306911,-0.52234113,-0.431368,-0.32704538,-0.57042634,-0.08015717,0.1793119,-0.4287334,0.3076006,0.029771734,0.21819533,0.4270957,0.55047405,0.22287929,-0.63258934,-0.55509514,-0.4637789,-0.47511467,-0.18478335,-0.4263101,-0.43316385,0.20725138,0.11865549,0.21312039,0.11353299,0.4049763,-0.34684142,-0.17326607,0.10382765,0.42462316,0.31255692,0.19520131,0.5772308,-0.5047364,0.46936744,0.58878475,0.32810298,0.17850496,0.3658725,-0.20797549,0.5047769,-0.26079625,0.029120434,0.18764536,-0.55707717,0.46268022,-0.6697475,-0.42187136,-0.47603503,-0.31950963,-0.28952274,-0.11211744,-0.6769667,0.10009824,0.07649243,0.034636892,-0.13951053,-0.50188106,0.035784245,-0.4744042,-0.14685737,-0.38604668,-0.3050804,1.0,-0.1241164,-0.07529026,0.29088572,0.010693584,0.15439959,-0.13573824,-0.17574881,0.6878979,-0.30523422,0.3934175,0.058133144,0.061891682,-0.10668496,-0.0975525,0.7539268,-0.088715464,0.039695255,-0.3959461,-0.32320347,0.25097424,-0.43192425,0.10567419,-0.24758181,0.2772885,0.1770678,0.10776386,-0.5175681,-0.23976447,0.117921665,0.29559916,-0.19239086,-0.22902396,0.49852628,-0.013316122
-0.025097817,-0.107235774,-0.5932466,-0.105380364,-0.18683375,-0.10663551,0.37217277,-0.2552551,-0.032099333,0.1318723,0.048468526,0.4439072,-0.22943018,0.07141975,-0.2887569,-0.5407436,0.508021,-0.1471348,-0.34470284,0.44190127,-0.03092829,0.24323708,0.045791082,-0.4639096,-0.00031694688,-0.2571777,-0.36422217,-0.32642227,0.16425823,-0.33056182,0.0043437453,0.42800337,0.31432873,0.07459457,-0.15076153,0.32240582,-0.1152024,-0.21447317,0.022679072,-0.28360733,-0.0839224,-0.0036787603,-0.058232937,-0.2449442,0.14524165,0.10787637,0.51235205,-0.15264624,0.3572246,0.31151348,0.24865748,0.49039775,0.003092015,-0.12984987,0.10105964,-0.42485896,0.20750968,0.19315335,-0.21419035,0.22985396,0.6373649,0.090680994,0.5956018,-0.26456702,-0.24328819,-0.124116406,1.0,0.2599941,0.37420487,0.22793564,0.24920921,-0.47307962,-0.46545947,-0.20264861,0.36832944,0.27461326,-0.51076543,-0.33320567,-0.47080624,-0.1972094,-0.18996401,0.27803975,0.17521828,0.016652988,0.005167372,-0.45878506,0.2508255,-0.15017062,-0.24979044,-0.032312226,0.064685136,-0.4380123,-0.18816355,-0.43109947,-0.06531114,0.2675189,-0.07081573,0.6246298,-0.07936959,-0.2618165
0.30404022,0.13189742,-0.31609145,-0.27128276,-0.12865512,-0.23104542,0.027751688,-0.4662824,-0.33240867,-0.049090177,0.59899044,0.49119312,0.011452606,-0.33747974,-0.16488604,-0.4826498,0.32610023,-0.010870248,-0.02210117,0.30120316,-0.2316881,-0.13043645,-0.3262405,-0.62735426,-0.16017017,0.026063744,0.26474917,-0.53230494,-0.22905825,-0.45246986,-0.4012709,0.01643498,-0.1439605,-0.37683934,-0.0025704843,0.48580202,0.088278286,-0.18285233,-0.19061823,-0.7193364,-0.26073653,0.26216695,0.008222772,0.26897675,0.34827897,0.0023233814,0.07780836,-0.41527638,0.38253295,0.75164336,0.23946732,0.47646478,0.12651046,-0.16561814,-0.049054146,-0.56143147,0.04681399,0.36362064,0.59967494,0.23325704,0.023735033,-0.05666247,-0.18290362,-0.17139764,-0.36038738,-0.07529026,0.2599941,1.0,0.29560345,0.554186,0.30859804,0.2635263,-0.17194651,-0.5476185,0.33826944,-0.15575278,-0.25888336,-0.42083728,-0.2509988,-0.30693284,-0.26600453,0.30905107,-0.027544115,0.39776367,0.53298354,-0.0664555,0.20310915,-0.110132605,-0.072270975,-0.034281358,-0.04007836,-0.24385811,0.21395333,0.091126576,-0.42101738,0.5882032,0.42239374,0.42786872,-0.26441163,-0.6673785
0.16243227,-0.09237997,-0.38921243,-0.3133086,-0.26302359,-0.5550177,-0.029446157,-0.3209576,-0.08711753,-0.26039207,0.31320792,0.2610545,0.014556804,0.11906967,0.11118035,-0.22271582,0.10214579,-0.28500277,-0.1228436,-0.1502264,0.10963527,-0.2811086,-0.15640496,-0.21800934,0.08366544,-0.100023784,0.2093746,0.10013877,-0.012118402,-0.40559736,0.14085956,0.6148943,0.51150006,-0.007470445,0.24808817,0.050392006,0.16475314,0.036170635,-0.37426817,-0.34209967,-0.2378427,-0.1780964,0.019915668,-0.34877458,-0.14873631,0.13398482,0.23230557,0.07089601,-0.04442023,0.12950516,-0.39563307,-0.030305874,-0.48444703,-0.5592817,-0.42495912,-0.03620752,0.06157118,-0.15358238,-0.2362218,-0.42698365,0.5019161,-0.3820739,0.058940087,-0.40380806,-0.23085716,0.2908857,0.37420484,0.29560345,1.0,0.57200706,0.6258567,-0.16663937,-0.40257898,0.2590134,0.38094586,0.48266488,-0.56452364,-0.21659124,-0.5519654,-0.32861948,0.04629816,-0.0376731,0.35168967,-0.22316624,-0.003057239,-0.19991523,-0.17421207,-0.20106734,-0.40480903,0.20310356,0.13863346,-0.3128639,-0.24090827,-0.41132137,0.0726645,0.36823422,-0.036141638,0.250186,0.30511472,-0.18345577
-0.058041524,-0.0894696,-0.33940905,-0.25975668,0.16901083,-0.24348979,0.11788271,-0.27761602,-0.33233225,-0.17829442,0.29775965,0.12082413,-0.1837164,-0.19562258,-0.22392493,-0.26609704,0.11001963,0.17822345,-0.105228625,0.215726,0.12378524,-0.05149485,-0.1765687,-0.49695143,-0.31815094,-0.09978848,0.05874705,-0.107310005,-0.14589943,-0.18073548,-0.074506104,0.35840714,0.111050956,-0.28122905,-0.004219133,0.10801581,1.730416e-05,-0.4019312,-0.4008721,-0.320877,-0.25399268,0.13455,-0.20997581,-0.2560002,-0.19767845,-0.2263277,0.1877474,-0.25349247,0.35302195,0.4550407,0.037285622,-0.018746518,-0.32916993,-0.5160481,-0.21004939,-0.20059119,-0.42620337,-0.12925181,0.19283319,-0.29461706,0.2953531,0.13303967,0.021263925,-0.1766561,-0.13949871,0.010693584,0.22793566,0.554186,0.57200706,1.0,0.5663817,0.21301144,-0.03326696,-0.07515539,0.5730864,0.072470635,-0.01693963,-0.25822666,-0.28710946,-0.09436409,-0.06785956,0.064614296,0.10488697,0.014076018,0.19671153,-0.16419561,0.18378307,-0.3011079,-0.2804626,-0.13824068,-0.25410584,-0.19672157,-0.18402258,-0.19620024,-0.2979239,0.14217402,0.0067580235,0.1426342,-0.14019234,-0.4200919
0.14716999,0.3354863,-0.1754665,-0.09671836,-0.03230386,-0.36952034,0.037201434,-0.093016244,0.10409482,-0.16526662,0.421187,0.10251557,0.017072195,-0.1450154,-0.21432038,-0.13806519,0.049502686,-0.1354326,0.054735184,-0.15352921,0.15463299,-0.2786579,-0.05312864,-0.1261823,-0.34753996,-0.3438698,0.06626303,-0.020444853,-0.28273687,-0.29579026,-0.11669128,0.32469836,0.17183702,-0.06523649,0.36759588,0.14381167,-0.06843513,0.042291913,-0.25289696,-0.473388,-0.1577601,0.19266617,0.12987672,-0.031210553,0.07083042,-0.19956604,0.12061091,-0.054924186,0.1791755,0.10330923,-0.31928086,-0.20447287,-0.38403586,-0.3112933,-0.14399505,0.25279596,-0.1082158,-0.35650045,-0.12730893,-0.019857084,0.26229665,0.057826806,0.38914883,-0.10632006,0.03735635,0.15439959,0.24920921,0.30859807,0.6258567,0.5663817,1.0,0.13635728,-0.25771573,-0.034433454,0.40858945,-0.04458886,-0.3325235,0.08143666,-0.33752203,0.0120268,-0.06567216,0.06907918,0.0012789057,-0.07627068,0.17803073,0.14400777,0.21465985,0.072427295,-0.14780472,0.4624103,-0.015078662,-0.25868672,-0.1555971,0.022047525,0.08004971,0.22802512,0.17250796,-0.005595752,0.20231126,-0.23626955
0.018908702,0.39347368,0.6134323,0.3860997,0.58867854,0.41936705,-0.017306585,0.2496841,-0.24247482,0.12620255,0.24547173,-0.41428536,0.39332882,-0.25891188,0.17326748,0.39201313,-0.034562167,0.3747722,0.4753727,-0.03169223,0.048125178,-0.097217895,0.020038655,0.18871218,-0.27048293,0.36017415,0.3031366,0.09888684,-0.06697347,0.30448887,-0.028636744,-0.3855866,-0.35156417,-0.2571184,0.20838353,-0.15107271,0.052763265,0.05763451,0.06687128,-0.017467588,0.19903322,0.019898022,-0.06820598,0.32948622,0.041798826,-0.21748771,-0.45645702,-0.12188504,0.14881895,0.20639354,0.06391406,-0.07865549,0.27775902,0.06874014,0.17943828,0.18527348,-0.31988254,0.14463252,0.6559541,0.16049226,-0.35549265,0.3304824,-0.33414182,0.6792575,0.3404592,-0.13573825,-0.47307962,0.2635263,-0.16663936,0.21301144,0.13635728,1.0,0.6761401,-0.26035452,0.052661896,-0.28256673,0.46371368,0.3772826,0.71079427,0.41733906,0.11756045,0.2910631,-0.0124111185,0.31046897,0.39049122,0.14749995,0.111972965,0.037439816,0.4215541,0.08326287,-0.3187213,0.53238934,0.16602659,0.5236366,0.035015974,-0.28683499,0.5599252,-0.48325467,-0.051960465,-0.28366408
-0.22684488,0.34323996,0.64547145,0.58247185,0.80047464,0.6197072,0.055058096,0.38955328,-0.19993037,0.4075804,0.07199477,-0.6283059,0.113481954,0.050159343,0.14983661,0.46212876,-0.02530678,0.58281577,0.43391404,0.08200883,0.2658598,0.23696475,0.32934994,0.25119928,-0.21854413,0.4974256,-0.09567301,0.3711681,0.3639258,0.79580444,0.40781343,-0.31750455,-0.09494091,-0.11165279,0.23142764,-0.4623574,0.16680102,0.049797148,0.3247878,0.46684954,0.4634704,0.112978466,-0.07280654,0.17304291,0.028394442,-0.35473374,-0.35639676,0.23116502,0.17043492,0.046141595,0.08397469,-0.096340075,0.28533933,0.087636344,0.36701393,0.29256997,-0.39813057,-0.013817392,0.3740021,-0.015102873,-0.29920158,0.4121795,-0.26641488,0.6489356,0.63526964,-0.17574881,-0.46545947,-0.1719465,-0.40257898,-0.03326696,-0.25771573,0.6761401,1.0,-0.10205698,-0.124837026,-0.19503126,0.56245404,0.38278514,0.69740885,0.65262413,0.27119696,0.11224551,0.1312577,-0.062807426,0.35232523,0.10725586,0.12677121,0.08959568,0.48763174,-0.07224973,-0.37349635,0.6602997,0.0033043544,0.33894184,0.3183339,-0.5851087,0.24185419,-0.6084263,-0.1070446,0.06991522
0.10078986,-0.09758084,0.077729836,-0.3407942,-0.27530506,-0.18911763,-0.3106644,0.17419049,0.1113496,-0.45005435,-0.18524201,-0.26208407,0.09070115,0.35690862,0.503643,0.4629631,-0.6280635,-0.39444983,-0.38902625,-0.5036806,0.042307172,-0.3159681,-0.21030588,0.43984196,0.12883972,0.007935044,0.039322104,0.58427703,-0.22597994,-0.0850432,0.2681492,0.4409679,0.3697838,0.30792028,0.28834432,-0.6258016,0.11845708,0.27103582,-0.0017000873,0.5862463,0.21353777,-0.45211697,0.13564028,-0.6103051,-0.5063033,0.20878732,-0.33242527,0.37338594,-0.58657885,-0.66311955,-0.46064642,-0.5861216,-0.418986,-0.22500221,-0.5772057,0.3175206,-0.19996129,-0.2163734,-0.46619302,-0.63366336,0.22283798,-0.28028333,-0.060727376,-0.2672415,-0.15687671,0.687898,-0.20264861,-0.5476185,0.2590134,-0.07515539,-0.034433454,-0.26035452,-0.10205698,1.0,-0.05422123,0.54988724,0.18670765,0.20883687,-0.009355603,0.034281615,0.6574574,-0.19699615,0.11062311,-0.42182833,-0.6335881,-0.005904767,-0.47158703,-0.1526102,-0.28936335,0.15121728,0.032857575,0.13810702,-0.623367,-0.485557,0.2244683,-0.1922391,-0.4496589,-0.33169928,0.49033868,0.24961226
-0.24670374,-0.1427767,-0.30841777,-0.16163044,0.10896098,-0.11106571,0.37105966,-0.17340541,-0.51683944,-0.15871526,0.047168273,0.11940463,-0.38856196,-0.62623876,-0.3110513,-0.18709336,0.27971688,0.30126902,-0.091793016,0.13126978,0.11731034,-0.17415923,-0.15077804,-0.41471204,-0.41156405,-0.53887206,-0.041177154,-0.38901648,-0.3154787,-0.34416914,-0.22034787,0.15640113,-0.08210497,-0.1347175,-0.25308198,0.21020448,-0.63781905,-0.56282294,-0.6334907,-0.22082105,-0.4255297,0.07326508,-0.4943428,-0.38855436,-0.42012787,-0.1641893,0.37050277,-0.65017986,0.6329752,0.44420862,0.28419292,-0.025165888,-0.15784734,-0.56033367,0.00086526433,-0.25086126,-0.4269025,-0.08954401,0.15199289,-0.034789614,0.5402406,0.3777101,0.12155156,-0.10720786,-0.21132597,-0.30523422,0.3683294,0.33826944,0.38094586,0.5730864,0.40858945,0.052661896,-0.124837026,-0.054221235,1.0,0.15364565,-0.044336636,-0.2183822,-0.25887468,-0.016488682,-0.28181192,0.32131213,-0.063686304,0.37985483,0.09478748,-0.3679576,0.36268112,-0.5441002,-0.29833016,-0.12563533,-0.36277303,-0.28409845,-0.19560888,-0.4967825,-0.3141892,-0.041818164,0.00065123313,0.22899969,-0.421676,-0.4500426
0.10703976,-0.11862045,-0.3259027,-0.34766853,-0.31151313,0.005982614,-0.15588571,-0.3692283,-0.11435239,-0.3543959,-0.07308826,-0.06481799,-0.021605195,0.40607917,0.48686296,-0.09199706,-0.2695684,-0.32155538,-0.31984872,-0.054128792,-0.17376918,-0.10119892,-0.30114332,0.07406609,0.3209227,-0.023173718,-0.00062181,0.05999869,0.015576143,-0.0988211,0.3225564,0.5821131,0.37824076,0.2070689,0.21543589,-0.39239207,0.033906903,0.09031317,0.10047603,0.32593802,0.26912704,-0.6768382,-0.11179749,-0.570309,-0.2647456,0.3169226,-0.16282845,0.15251723,-0.18917856,-0.046843484,0.029376023,0.15367202,-0.3355554,-0.31022042,-0.42752537,-0.31543007,0.10249899,0.37798008,-0.14242133,-0.3787584,0.6204064,-0.39601657,-0.12909031,-0.3344208,-0.33884376,0.3934175,0.27461326,-0.1557528,0.4826649,0.072470635,-0.044588856,-0.28256673,-0.19503126,0.54988724,0.15364565,1.0,-0.054600235,0.18009454,-0.079465285,-0.12358478,0.4639382,0.3714767,0.17099299,-0.1617835,-0.34373295,-0.6557318,-0.24576236,-0.255787,-0.5541765,-0.21779868,0.043384973,-0.056494404,-0.5864203,-0.572258,0.15016364,-0.0028804538,-0.3031421,0.029098123,0.25158837,-0.13165967
-0.25622186,0.15539534,0.42021754,0.12685814,0.41064027,0.5675637,-0.06933244,0.3328297,-0.09991973,0.072412945,-0.2671973,-0.5741386,-0.04921377,-0.15749893,0.115710214,0.5080423,-0.3910262,0.37638763,0.085204795,-0.025683504,0.09432502,0.12510224,-0.01136265,0.24419715,-0.3051595,0.19974838,-0.09463317,0.17083651,-0.19710279,0.43987775,0.012197331,-0.35424107,-0.3927155,-0.08507168,-0.037009843,-0.48210692,-0.15118614,-0.0890837,0.20930201,0.5188261,0.3397693,-0.04112068,-0.22816218,-0.13411967,-0.3166611,-0.27980104,-0.4896298,-0.070596814,-0.02066292,-0.17410684,0.3396696,-0.24662024,0.27804086,0.17242664,0.033936847,0.0870616,-0.5081618,0.089122884,0.3356993,-0.062443364,-0.21474312,0.48456886,-0.23078455,0.3617503,0.19072857,0.058133148,-0.5107655,-0.25888336,-0.5645236,-0.01693963,-0.3325235,0.46371365,0.56245404,0.18670765,-0.044336632,-0.05460024,1.0,0.40330005,0.67635316,0.49245813,0.36806673,0.17898452,-0.16802557,0.18875833,-0.16781993,0.07069185,0.07812368,0.008793857,0.18887657,-0.3112554,-0.5139226,0.52555424,-0.24841218,0.14636184,-0.07207722,-0.60467243,-0.15191439,-0.57636935,-0.24451576,-0.037749235
0.06770986,0.4914811,0.4373144,0.34961167,0.20805976,0.46897772,-0.1304658,0.28239405,0.39951816,0.001280695,0.007791101,-0.5837434,0.32114312,0.26871833,0.27183455,0.44053602,-0.36394843,-0.1208005,0.3548493,-0.12384491,0.032767206,0.106059894,0.14730695,0.6810817,-0.04125226,0.027946794,-0.01989366,0.2863612,-0.027973188,0.3420379,0.18892854,-0.06121156,-0.08026088,0.10486234,0.4334872,-0.40576613,-0.05544921,0.23005986,0.42068136,0.46612972,0.5698802,-0.3511807,0.15741217,0.10362991,0.047915682,-0.077273875,-0.47841975,0.28445628,-0.12591805,-0.34303567,-0.040350437,-0.113982014,0.019755976,0.39231306,0.12397202,0.41242623,-0.10793928,0.075450316,-0.04486182,0.18983315,-0.08863213,0.14295192,0.12967831,0.4357631,0.41547188,0.061891682,-0.33320567,-0.42083728,-0.21659124,-0.25822666,0.08143666,0.3772826,0.38278517,0.20883685,-0.2183822,0.18009454,0.40330008,1.0,0.63467896,0.5205952,0.38261592,0.41242293,-0.050125115,-0.07067503,-0.09242445,-0.06613552,0.033396088,0.33286023,0.10168591,0.2850856,-0.04044065,0.45337778,-0.24147403,0.42440438,0.47990286,-0.49484956,0.08783166,-0.6316171,0.41351345,0.14156839
-0.03923967,0.3181972,0.74580836,0.50818354,0.54383826,0.78005797,0.017103205,0.48679623,-0.04694858,0.21026511,-0.19287556,-0.57993317,0.44068757,0.037502553,0.36623135,0.5548366,-0.19458757,0.24660084,0.35191172,0.015271272,-0.014777758,0.14667693,0.18413137,0.51599485,-0.033663403,0.40857306,0.095895536,0.24477033,0.093128234,0.5090236,0.1895985,-0.4264087,-0.314944,0.02806016,0.12974441,-0.38112658,0.016177492,0.14316565,0.42678759,0.4876842,0.515464,-0.2529974,-0.021386515,0.21397491,0.004128188,-0.0070227813,-0.55709404,0.09035861,-0.06447189,-0.158079,0.20143405,-0.0378084,0.41002658,0.416152,0.34251735,0.23800279,-0.2095463,0.28557476,0.35721555,0.2177485,-0.35000739,0.33855015,-0.19906522,0.7568351,0.38710368,-0.10668496,-0.47080627,-0.2509988,-0.55196536,-0.28710946,-0.33752203,0.7107942,0.69740885,-0.009355603,-0.25887468,-0.079465285,0.67635316,0.634679,1.0,0.5692937,0.32960954,0.34494323,0.019854914,0.20866047,0.020189669,-0.015035578,-0.008006275,0.15711898,0.5114338,-0.029754885,-0.24654126,0.7115971,0.01820629,0.4674712,0.21182835,-0.58585423,0.3484661,-0.5557441,0.07683312,0.016772633
-0.3219847,0.5814845,0.4258928,0.567911,0.6542281,0.7267461,0.34758165,0.4780095,0.10506062,0.45755452,-0.0050801304,-0.7890398,-0.050750397,0.07702102,0.003225075,0.48928526,-0.06980156,0.38306051,0.38175422,0.15698405,0.50813484,0.3978666,0.49075708,0.23680171,-0.57541835,0.16902335,-0.3233425,0.42635858,0.22285885,0.5990225,0.548614,-0.113221325,0.20080934,-0.0004444672,0.41790947,-0.61023945,0.022807837,0.058999084,0.35779476,0.36080632,0.6059662,0.12930317,-0.10055797,-0.0027958031,-0.013823748,-0.48092294,-0.38504118,0.23074114,0.2499201,-0.11937469,0.19020493,-0.12150747,0.2340844,0.11893514,0.40629444,0.39619702,-0.5118809,-0.12682994,0.10132098,0.2437506,0.07988504,0.59922475,0.20592694,0.4618959,0.64624983,-0.0975525,-0.1972094,-0.30693284,-0.32861948,-0.0943641,0.012026801,0.41733906,0.65262413,0.03428161,-0.016488682,-0.12358478,0.4924581,0.5205952,0.5692936,1.0,0.3551539,0.31529367,0.23721191,0.045367464,0.1636737,0.0051000095,0.41835564,0.36842358,0.42744747,0.17840575,-0.60934615,0.51364106,-0.37341553,0.26146066,0.56950676,-0.7388677,0.05495381,-0.7434402,-0.05097539,-0.047163777
0.18350814,0.45118445,0.20413023,-0.19589308,-0.047947064,0.17782561,-0.28684312,0.16180678,0.20197289,-0.17988667,0.11824257,-0.41880816,0.18106341,0.52325463,0.56297433,0.46929199,-0.64479524,-0.30378488,-0.29755786,-0.19225489,-0.0018431304,-0.05328061,-0.19018313,0.34311885,-0.0022773056,0.3984956,-0.17039946,0.57629484,-0.12947449,0.2414227,0.36501727,0.2657519,0.3195691,0.060313668,0.60829854,-0.78836864,0.42452288,0.49758002,0.52219486,0.5502532,0.7805138,-0.31888255,0.37982395,-0.33441043,-0.06737622,-0.06394721,-0.66345495,0.5390896,-0.5239245,-0.4757648,-0.27103865,-0.20453365,-0.06929414,0.031167485,-0.43040317,0.14477402,-0.15069793,0.15079492,-0.00015880159,-0.33278725,0.14200494,-0.1364028,-0.09302109,-0.028729761,-0.015279042,0.7539268,-0.18996403,-0.26600453,0.046298157,-0.06785955,-0.06567216,0.11756046,0.27119693,0.6574574,-0.28181195,0.4639382,0.3680667,0.38261592,0.32960954,0.3551539,1.0,0.2314983,0.19966115,-0.33710343,-0.2523877,0.01857025,-0.21253686,0.12633505,-0.07873718,0.15340105,-0.07629876,0.49261773,-0.6685911,-0.123487346,0.3377493,-0.2123107,-0.22375652,-0.5226073,0.41545784,-0.014471129
0.08155362,0.45308915,-0.1343338,-0.044627003,0.034853224,0.47516832,0.19431406,-0.22200593,-0.12162133,-0.02063841,0.21883193,-0.14076094,0.0060891574,-0.0765636,0.100532435,-0.09721194,-0.014607101,-0.046239015,0.021919841,0.40811345,-0.19212031,0.15676294,-0.20899764,-0.12678315,-0.21101606,-0.07665215,-0.10073554,-0.3532478,-0.2222978,-0.057095565,-0.049569733,0.0557399,-0.08771764,-0.14892814,0.21120732,-0.08255707,-0.2191784,-0.104822576,0.24169385,-0.010952306,0.44226852,-0.2731328,-0.11069007,-0.03902921,0.13332017,-0.04836418,-0.3000465,-0.30221364,0.3640693,0.37460312,0.5762772,0.53247803,0.24127732,0.08578779,0.08639501,-0.4717342,-0.092134655,0.6664602,0.51011056,0.45531192,0.40819076,0.18995999,0.011854993,0.099557325,-0.17734149,-0.088715464,0.27803972,0.3090511,-0.0376731,0.064614296,0.06907919,0.2910631,0.1122455,-0.19699615,0.32131216,0.37147668,0.17898452,0.41242296,0.3449432,0.31529367,0.2314983,1.0,-0.020974977,0.50276273,0.22022475,-0.5687105,0.4102097,-0.030213242,-0.17328604,-0.06823618,-0.2645911,0.17358169,-0.3384305,0.039461292,-0.016131839,-0.13429293,0.18046266,-0.06308304,-0.13521554,-0.6387299
-0.1640173,0.0968955,0.049354583,0.20911445,0.29248908,0.08265877,0.3059076,0.36743164,0.08680577,0.4657284,0.0009489964,-0.15813118,-0.00676193,0.2444257,0.11797055,0.2485907,0.24830215,0.06470725,0.09465585,0.17330584,0.45926246,0.35659635,0.42942968,-0.061278466,-0.11408853,0.4386248,-0.08498113,0.4917061,0.423508,0.15930068,0.52863395,0.16163552,0.63274056,0.086965516,0.19335729,-0.27955207,0.3644006,0.037115768,0.022396605,0.053288806,0.20493688,-0.13546439,0.05731376,-0.21367097,-0.078841075,0.01545916,0.057824593,0.245109,-0.10498876,-0.07070802,-0.08164412,0.17841373,0.25617337,0.005889941,0.09517449,0.10491966,-0.15473033,-0.10642099,-0.18938209,-0.10729359,0.21347588,-0.021493476,0.08751119,-0.08475569,0.16779593,0.039695255,0.17521828,-0.027544115,0.35168964,0.104886964,0.0012789057,-0.012411118,0.1312577,0.11062311,-0.063686304,0.170993,-0.16802557,-0.050125115,0.019854914,0.23721193,0.19966115,-0.020974977,1.0,-0.042659152,0.105365545,-0.14274175,-0.1212292,0.23521587,0.2535891,0.18315485,-0.1543061,0.38004395,-0.23918468,-0.10456931,0.35798335,-0.23492359,-0.074091025,-0.026161876,0.15602648,-0.085962154
-0.08214987,0.02146076,-0.07484787,-0.07372426,0.09304639,0.22541894,0.28551203,-0.028798545,-0.3429669,0.07271542,-0.054364663,0.11112517,-0.08111709,-0.66368425,-0.17026779,0.014174882,0.2678089,0.2571957,0.14142813,0.25969356,-0.07179288,0.027107704,-0.09896513,-0.31268826,-0.31542453,-0.10403403,0.21983515,-0.5034252,-0.37801668,-0.2845544,-0.4142774,-0.4051451,-0.36206868,-0.106774144,-0.35033378,0.3146262,-0.41920036,-0.40121663,-0.3245882,-0.34176219,-0.2530483,-0.05089199,-0.38996986,0.06965292,-0.115889795,0.028900892,-0.030710325,-0.7847932,0.37876672,0.43662053,0.68195367,0.32266104,0.5113389,0.09863879,0.17641877,-0.4501371,-0.19005471,0.3919399,0.5701446,0.45048028,0.035542887,0.25611645,-0.21590501,0.016748965,-0.32765287,-0.3959461,0.016652988,0.39776367,-0.22316623,0.014076018,-0.07627068,0.31046897,-0.062807426,-0.42182833,0.37985483,-0.16178352,0.18875831,-0.07067503,0.20866047,0.045367464,-0.33710343,0.50276273,-0.042659152,1.0,0.19102438,-0.27578762,0.27717903,-0.1436974,0.054182306,-0.15961492,-0.36786285,0.045556974,0.10684876,0.08242036,-0.45010808,-0.08118782,0.2173924,0.17169565,-0.50963014,-0.6254983
-0.07888816,0.34323522,0.033857465,0.21508206,0.35751823,0.16016495,0.1603641,-0.14647865,-0.2450034,0.35675684,0.48356286,-0.0016846516,-0.15967542,-0.16303097,-0.3360068,-0.2731199,0.3324958,0.33861825,0.36791283,0.3591127,0.047542088,0.18136892,0.102951065,-0.43095198,-0.3514043,0.1560182,-0.08648502,-0.17648102,0.20626886,0.18703142,0.030390766,-0.1885423,-0.01025446,-0.32096013,0.15811369,0.15612218,0.111908995,-0.08804406,0.004947971,-0.4001384,0.03268819,0.39364952,-0.0013050579,0.3681053,0.37628376,-0.36040506,0.03560207,-0.1554993,0.4442099,0.55924493,0.19442166,0.40997857,0.19351658,-0.054610886,0.35750645,-0.13736552,-0.05413254,0.059851646,0.5084709,0.33391288,-0.12927844,0.06152581,-0.19659771,0.12950425,0.19734785,-0.32320347,0.005167372,0.53298354,-0.0030572393,0.19671153,0.17803073,0.39049122,0.3523252,-0.633588,0.09478748,-0.34373295,-0.16781993,-0.09242445,0.020189667,0.1636737,-0.25238767,0.22022475,0.105365545,0.19102438,1.0,0.044768635,0.41400164,0.13307807,0.21922673,0.036234125,-0.09832769,0.043666847,0.2597861,0.34290692,-0.035363413,0.10923833,0.36652502,0.02426423,-0.3585886,-0.4065649
0.22103554,0.271419,0.45026958,0.14898793,0.038578507,-0.2791821,-0.28842232,0.36813897,0.30427107,0.12983038,0.17831892,0.06939125,0.18880682,-0.1357726,-0.055492505,0.31863073,-0.104670085,0.01223043,0.23223457,-0.4990899,0.14110547,-0.2791086,0.14172393,0.25707775,-0.07577401,0.11824666,0.12733561,0.27130905,-0.12783389,0.09133265,-0.15474612,-0.39407596,-0.23384905,-0.021113403,0.17808785,0.03616624,0.20230441,0.453278,0.09098757,-0.11401735,-0.059648518,0.6190568,0.4991221,0.45463765,0.28259102,-0.17547667,-0.12436086,0.3194649,-0.31100398,-0.35718086,-0.5300326,-0.4730383,0.05679113,0.22320335,0.038977694,0.5990105,0.11360236,-0.5068486,-0.13192035,-0.09077554,-0.6446505,0.04418064,0.010969234,0.16732194,0.2976401,0.2509742,-0.4587851,-0.0664555,-0.19991522,-0.16419561,0.14400779,0.14749996,0.10725586,-0.005904767,-0.3679576,-0.6557318,0.07069185,-0.06613552,-0.015035576,0.0051000095,0.018570252,-0.5687105,-0.14274175,-0.27578762,0.044768635,1.0,-0.117477044,0.36356065,0.4388145,0.44348764,0.23419216,0.16530974,0.39544475,0.39641434,0.09719332,0.19465153,0.16584636,-0.25025898,0.14115712,0.4436182
-0.38406003,0.283663,-0.10550812,0.18313941,0.29384997,0.38568914,0.6282366,-0.046537045,-0.0569398,0.23786788,0.034697335,-0.15362494,-0.37450472,-0.25765407,-0.59564215,-0.20972711,0.22817393,0.31994727,0.22420564,0.63624775,0.31188506,0.45421425,0.23920877,-0.47264016,-0.5358993,-0.2623054,-0.46852353,-0.24232906,0.021447865,0.19734292,0.06367768,-0.13289352,-0.032229688,-0.46366003,-0.033117484,0.09781981,-0.26086488,-0.30390605,-0.028733239,-0.21895057,0.08403131,0.50800115,-0.22988105,0.045402337,0.07201789,-0.58907145,0.2007108,-0.28832552,0.65810114,0.32519263,0.41424945,0.3402805,0.04893389,0.00815846,0.43153456,-0.108030826,-0.25598127,0.019726256,0.2858263,0.45936233,0.35953778,0.51887554,0.3330623,0.106971934,0.16423163,-0.43192428,0.25082552,0.20310913,-0.17421207,0.18378307,0.21465984,0.111972965,0.12677121,-0.471587,0.36268112,-0.24576236,0.078123674,0.033396088,-0.008006275,0.41835567,-0.21253686,0.4102097,-0.1212292,0.27717903,0.41400164,-0.117477044,1.0,0.20268412,0.10126284,-0.108180344,-0.39599776,-0.010578876,-0.053706665,0.25813082,-0.037917063,-0.2336488,0.037861403,-0.034710217,-0.49859154,-0.2970937
0.13870113,0.4912731,0.24686977,0.36502823,0.11361388,0.253069,0.038368907,0.2534449,0.5887327,0.43379292,0.13223322,-0.2151262,0.19675057,0.3441935,-0.037973434,0.11695247,-0.017842961,-0.13210905,0.38357645,0.07194516,0.3390317,0.3916543,0.4948168,0.18476763,-0.12915502,0.21984215,-0.07292325,0.24989994,0.2383099,0.2950258,0.2887694,-0.102288,0.22909525,0.0030193347,0.4679877,-0.17181207,0.36916628,0.36511484,0.4803554,-0.0700754,0.37582782,0.2740377,0.35128435,0.3966784,0.46692836,-0.13969956,-0.23190753,0.48135632,-0.096514605,-0.18280289,-0.104297966,0.14974399,0.16231194,0.56204563,0.35294786,0.34817803,0.15582936,-0.058097254,-0.14398402,0.3227855,-0.2007725,0.017421268,0.2629711,0.07543412,0.39544123,0.105674185,-0.15017062,-0.110132605,-0.20106734,-0.3011079,0.072427295,0.037439816,0.08959569,-0.15261021,-0.5441002,-0.255787,0.008793857,0.33286023,0.15711898,0.36842358,0.12633505,-0.03021324,0.23521587,-0.1436974,0.13307807,0.36356065,0.20268412,1.0,0.48136482,0.35080284,-0.03103766,0.28504446,0.018506534,0.5849138,0.51832956,-0.116092555,0.12273219,-0.32233,0.2429535,0.19803545
-0.036115088,0.27918956,0.7605284,0.7320209,0.5823144,0.47414067,0.33506837,0.72330004,0.07203118,0.6620161,-0.10604103,-0.19733433,0.40443823,-0.07204699,-0.032156337,0.41643,0.34287012,0.29929096,0.5031936,0.032848205,0.35954332,0.2385012,0.6467935,0.23613131,-0.13702407,0.43594187,0.045565467,0.28461292,0.35813683,0.3848347,0.24329458,-0.52093726,-0.072995394,0.013057973,0.05747491,-0.012247715,0.2108397,0.22742254,0.2512649,0.05293257,0.15372632,0.37281364,0.1837722,0.46461415,0.32132307,-0.03588327,-0.068422966,0.22739261,0.07778809,-0.10085484,-0.07306824,-0.0047319927,0.5330692,0.48788324,0.68776333,0.4746464,0.0025122988,-0.12593697,0.04266177,0.2749377,-0.4216305,0.40528634,0.12674534,0.6195295,0.53557664,-0.24758181,-0.24979044,-0.07227098,-0.40480903,-0.2804626,-0.14780472,0.4215541,0.48763174,-0.28936335,-0.2983302,-0.5541765,0.18887658,0.10168591,0.5114338,0.4274475,-0.07873718,-0.17328605,0.25358906,0.054182302,0.21922673,0.4388145,0.10126284,0.48136482,1.0,0.3184972,-0.13871625,0.51910794,0.35493314,0.52397877,0.31416318,-0.28112292,0.53245395,-0.20363076,0.05366628,0.2108172
0.41352835,0.53737444,0.32250082,0.15798382,-0.06324855,-0.21442619,0.011299168,0.44163385,0.5054432,0.08934309,0.3830072,0.0691684,0.4273635,0.075356,0.113162056,0.37699622,0.035449445,-0.3714741,0.16535881,-0.37459835,0.11163352,-0.25640202,0.17704657,0.43535185,-0.111389495,-0.026721802,0.13831298,0.35386997,-0.15273313,-0.1947828,0.01169736,0.024290545,0.22408777,0.20518792,0.481945,0.008037863,0.19713971,0.4854474,0.121077426,-0.08323361,0.16086799,0.13966204,0.6641252,0.2933744,0.3417704,0.11520388,-0.14833663,0.3304608,-0.25638258,-0.34230784,-0.5193817,-0.19812049,0.09833483,0.30886889,0.07397443,0.58382016,0.1425478,-0.26661053,-0.2988947,0.096023865,-0.11567702,-0.062005263,0.361292,0.06688253,0.18530898,0.2772885,-0.03231222,-0.034281358,0.20310356,-0.13824068,0.46241027,0.08326287,-0.07224973,0.15121727,-0.12563533,-0.21779868,-0.3112554,0.2850856,-0.029754885,0.17840575,0.15340105,-0.06823618,0.18315484,-0.15961492,0.036234125,0.4434876,-0.108180344,0.35080284,0.31849718,1.0,0.30902347,0.14969745,-0.010327849,0.23768392,0.4121341,0.1580989,0.3079541,-0.15711418,0.6169283,0.1184971
0.5236606,-0.14737661,-0.02607544,-0.18151054,-0.45419773,-0.43955103,-0.3419803,-0.12756675,0.3440144,-0.25523555,0.058749776,0.5937159,0.32968786,0.27617696,0.17008065,-0.2197131,-0.028835118,-0.5307526,-0.13143061,-0.2730888,-0.5195177,-0.31427294,-0.22074206,0.28362516,0.69544876,-0.08009952,0.13880466,-0.08443449,0.024162302,-0.25428537,-0.22862183,-0.029575527,-0.1328177,0.18079063,-0.08383129,0.37738007,0.12836772,0.4195541,0.17933439,0.0042015966,-0.05806727,-0.09425821,0.6734869,0.32364175,0.40750134,0.47867492,0.1465043,0.27327904,-0.49178547,-0.23792064,-0.42980286,0.098900974,-0.15406182,0.30719963,-0.10325821,0.11011384,0.76183903,0.03553348,-0.3258542,-0.11841643,-0.28854468,-0.6342782,0.038880367,-0.13478996,-0.20039082,0.1770678,0.064685136,-0.040078357,0.13863344,-0.25410584,-0.015078662,-0.3187213,-0.37349635,0.03285758,-0.36277303,0.043384973,-0.5139226,-0.04044065,-0.24654126,-0.60934615,-0.07629876,-0.2645911,-0.1543061,-0.36786288,-0.09832769,0.23419218,-0.3959978,-0.03103766,-0.13871625,0.30902344,1.0,-0.17376491,0.4422165,0.08332728,-0.08270023,0.6061541,0.07445509,0.4132381,0.44982094,0.4332247
-0.019324899,0.38847739,0.6734049,0.3499434,0.52791184,0.504631,0.09572217,0.6356046,0.092400655,0.33326963,-0.06830806,-0.451096,0.31784433,0.09078621,0.31797954,0.735722,-0.21087226,0.14476109,0.2505593,0.0077310144,0.3231245,0.2212709,0.27159348,0.38344932,-0.09599877,0.6069158,-0.00066777633,0.5063774,0.08290555,0.49618042,0.2828725,-0.37590182,-0.029139519,-0.12085355,0.22906198,-0.45561734,0.2278239,0.28419536,0.36110485,0.48294157,0.5617408,-0.07367525,0.25438583,0.056667358,-0.003679547,-0.08270412,-0.47227418,0.264116,-0.24946822,-0.34368524,-0.045835167,-0.06415859,0.458674,0.42213017,0.16980013,0.3309346,-0.24389349,0.121985026,0.24545772,-0.014572717,-0.21271138,0.2507197,-0.13941023,0.47418904,0.33583164,0.10776386,-0.4380123,-0.24385811,-0.3128639,-0.19672155,-0.25868672,0.53238934,0.6602997,0.13810702,-0.28409845,-0.056494404,0.52555424,0.4533778,0.7115971,0.51364106,0.4926177,0.17358169,0.38004392,0.045556974,0.043666847,0.16530974,-0.010578876,0.28504443,0.51910794,0.14969745,-0.17376491,1.0,-0.12072986,0.3806457,0.23418003,-0.4948071,0.14692295,-0.48966578,0.14992633,0.039849617
0.098517336,-0.23547572,0.25738057,0.33713663,0.06681064,-0.110414,-0.0036630323,0.009593142,-0.01543143,0.20842688,-0.06791264,0.38684028,0.23828849,-0.31662112,-0.17511767,-0.21762393,0.43392193,0.1855524,0.43617016,-0.05513463,-0.18779863,-0.096479855,0.13858193,0.033772416,0.37305728,-0.0018143383,0.31791395,-0.36666748,0.20567934,-0.019553471,-0.3256414,-0.57856816,-0.5423085,-0.11584175,-0.4299287,0.6660649,-0.096621685,0.0066616572,-0.14165454,-0.3637151,-0.44295865,0.35562903,0.089005776,0.74182785,0.37956917,0.133912,0.3145412,-0.13545597,0.10654882,0.23258705,-0.04637615,0.14341384,0.21333873,0.2563522,0.41975552,0.081036486,0.46814886,-0.039223045,0.12317431,0.23334754,-0.6070747,-0.040319532,-0.15376855,0.36706743,0.16543937,-0.5175681,-0.18816355,0.21395335,-0.24090827,-0.18402258,-0.1555971,0.16602659,0.0033043541,-0.623367,-0.19560887,-0.5864203,-0.24841219,-0.24147405,0.018206293,-0.37341553,-0.6685911,-0.33843046,-0.23918469,0.10684876,0.2597861,0.39544472,-0.05370666,0.018506534,0.35493314,-0.010327849,0.44221652,-0.12072985,1.0,0.48062545,-0.2038616,0.34363523,0.45763043,0.30670863,-0.14860223,0.33340228
0.13807869,0.39307943,0.49915728,0.45855895,0.26748073,0.31562597,0.033290796,0.24181348,0.37439013,0.26824322,0.16431834,-0.19266373,0.45031354,0.06902642,-0.084408365,0.16428965,0.0037511454,0.020345412,0.5872855,0.16137667,0.08255047,0.26070508,0.30166188,0.24483621,-0.021696849,0.2997139,0.1626806,0.061221324,0.12490096,0.31240767,-0.04804429,-0.46758023,-0.28995255,-0.2966148,0.18491611,0.155428,0.2656958,0.20263724,0.3185878,-0.1514393,0.21899423,0.2769531,0.28682044,0.72302544,0.49160525,-0.1754727,-0.24165042,0.18413447,-0.00547187,-0.021907268,-0.053032998,0.13808075,0.25563052,0.59933114,0.3972247,0.31579676,0.114520006,0.058346435,0.2766118,0.46364373,-0.55710053,0.13418286,0.017063439,0.53270954,0.43148947,-0.23976447,-0.43109947,0.091126576,-0.41132137,-0.19620022,0.022047525,0.5236366,0.33894184,-0.485557,-0.49678248,-0.572258,0.14636184,0.42440438,0.46747124,0.26146066,-0.123487346,0.03946129,-0.1045693,0.08242036,0.34290692,0.39641434,0.25813082,0.5849138,0.52397877,0.23768392,0.08332728,0.3806457,0.48062545,1.0,0.18075599,-0.08734363,0.486648,-0.2961741,0.15677622,0.1229006
-0.024030367,0.45172894,0.33873698,0.59455466,0.24028479,0.29025325,0.04953243,0.2846637,0.45115858,0.40180123,0.07936016,-0.5555606,0.20656337,0.5217171,0.3081314,0.30410925,0.011659093,-0.013816033,0.43744022,-0.16934143,0.40498415,0.24050435,0.5689397,0.51487565,0.015797963,0.21084636,-0.11361708,0.5461371,0.5341748,0.4449558,0.7168762,0.18504682,0.5033503,0.22424954,0.6488375,-0.5141758,0.3333187,0.43724516,0.43684295,0.28099048,0.51728904,-0.027813353,0.19039196,0.13858114,0.2236628,-0.1279213,-0.22406915,0.7237395,-0.06484821,-0.27876592,-0.32871136,-0.11031453,-0.07359722,0.11250118,0.25454408,0.5576109,0.057201173,-0.2063061,-0.38919505,0.058885258,0.08652787,0.088414095,0.28396204,0.30276585,0.67653716,0.117921665,-0.06531114,-0.42101735,0.0726645,-0.2979239,0.08004971,0.035015974,0.31833386,0.2244683,-0.31418923,0.15016365,-0.072077215,0.47990286,0.21182834,0.56950676,0.3377493,-0.016131839,0.35798335,-0.4501081,-0.035363413,0.09719332,-0.037917063,0.51832956,0.31416315,0.4121341,-0.08270022,0.23418005,-0.2038616,0.18075599,1.0,-0.35790884,0.08742078,-0.568747,0.46310714,0.40207845
0.62179255,-0.07583274,-0.39345977,-0.50095046,-0.6412926,-0.66128296,-0.3501935,-0.5526871,-0.020074915,-0.3553894,0.47273615,0.8362016,0.1606069,-0.03704162,0.055874404,-0.5456499,0.113289826,-0.46515027,-0.2768772,-0.16929002,-0.511067,-0.47938988,-0.505986,-0.3049405,0.37759063,-0.12302947,0.31138948,-0.44466054,-0.243439,-0.61252743,-0.4338834,0.15858753,-0.10769275,-0.038194966,-0.0038480088,0.549508,0.1888017,0.24428923,-0.058257714,-0.5876392,-0.33670485,0.16315512,0.4153568,0.30745667,0.48810434,0.36115682,0.15202294,-0.047493722,-0.16210566,0.2892989,-0.22620706,0.24899383,-0.16313027,-0.07455005,-0.3088271,-0.35428482,0.5980384,0.21575761,0.06932689,-0.064339265,-0.10798114,-0.558885,-0.101793356,-0.42343646,-0.5185766,0.2955992,0.26751894,0.5882032,0.36823422,0.14217404,0.22802512,-0.28683499,-0.5851087,-0.1922391,-0.041818164,-0.0028804538,-0.60467243,-0.49484953,-0.5858542,-0.7388677,-0.2123107,-0.13429293,-0.23492359,-0.08118782,0.10923832,0.19465153,-0.23364879,-0.11609256,-0.28112295,0.15809892,0.6061541,-0.4948071,0.34363526,-0.08734363,-0.35790884,1.0,0.24958088,0.6079662,0.12976027,-0.124607705
0.43566087,0.27641425,0.45819125,0.4157401,0.23668051,0.19309446,0.029248,0.07568137,-0.22510247,0.11083233,0.37418532,0.14977562,0.6883969,-0.17123328,0.20055135,-0.015547799,0.3380532,0.058236644,0.43898776,-0.02715862,-0.12005098,-0.19967979,0.1382281,0.118721284,0.07592464,0.1986547,0.5104231,-0.20487359,0.07169853,-0.03046544,-0.07355552,-0.16729441,-0.22912343,0.004981457,0.20381244,0.33394587,0.14260155,0.11617121,0.089474805,-0.3509038,-0.06103829,0.1617781,0.14733817,0.6561172,0.53029054,0.20897768,-0.1130764,-0.034477398,0.26694354,0.39716753,-0.037240695,0.16369946,0.19843264,0.17191216,0.43543717,0.0720411,0.14365038,0.24343993,0.3447313,0.32410583,-0.34338275,0.088457756,-0.0709655,0.56543094,0.18743604,-0.19239086,-0.07081573,0.42239377,-0.036141634,0.006758024,0.17250797,0.5599252,0.24185419,-0.4496589,0.0006512331,-0.3031421,-0.15191439,0.08783166,0.3484661,0.05495381,-0.22375654,0.18046267,-0.07409103,0.2173924,0.36652505,0.16584636,0.0378614,0.1227322,0.532454,0.30795407,0.07445509,0.14692295,0.4576304,0.486648,0.08742078,0.24958088,1.0,0.035850663,0.18880229,-0.15879032
0.15062006,-0.5006644,-0.5190717,-0.36072275,-0.40007758,-0.4092315,0.1833357,-0.32305875,-0.19082439,-0.09610392,-0.053258017,0.87517524,-0.08191554,-0.16604382,-0.32784078,-0.6032304,0.46994606,-0.21508804,-0.36977026,0.29817554,-0.32375136,-0.029312205,-0.19524333,-0.52913314,0.3247485,-0.19062255,0.021047805,-0.5380591,-0.038815714,-0.54921275,-0.41421494,0.09639271,-0.049883697,-0.021810018,-0.5604104,0.768012,-0.10809712,-0.29033664,-0.29235893,-0.41223168,-0.5267992,0.04351129,0.014519239,-0.03330104,0.150096,0.42762247,0.66970414,-0.38260558,0.119959176,0.34011737,0.16443226,0.47812116,0.061892703,0.0102423765,0.0033949616,-0.5491275,0.42859772,0.23315293,-0.07557073,0.09029571,0.17958452,-0.2691911,0.14191976,-0.39890105,-0.5890447,-0.22902398,0.6246298,0.4278687,0.250186,0.14263421,-0.005595752,-0.48325467,-0.6084263,-0.33169928,0.22899969,0.029098125,-0.57636935,-0.6316172,-0.5557442,-0.74344015,-0.5226073,-0.06308304,-0.026161876,0.17169565,0.02426423,-0.25025898,-0.034710217,-0.32233,-0.20363076,-0.15711418,0.4132381,-0.48966578,0.30670863,-0.29617408,-0.568747,0.6079662,0.035850663,1.0,-0.14218135,-0.17143746
0.54419446,0.18809508,0.23946902,0.01841195,-0.2546035,-0.1894523,-0.3018998,0.20490311,0.50719565,-0.23213838,0.18736556,-0.0073502096,0.71395856,0.6133301,0.5137365,0.27418655,-0.30506575,-0.64344335,-0.024796057,-0.37791184,-0.07769335,-0.21270053,0.034711383,0.63806474,0.40549818,0.19317451,0.30589744,0.47937834,0.017420748,-0.092308365,0.1927814,0.40917188,0.35419595,0.31720454,0.5167772,-0.16054028,0.48196596,0.48481485,0.3028388,0.24331036,0.30252942,-0.35490203,0.5906916,0.105101034,0.2341959,0.4405117,-0.25034368,0.6556387,-0.57018495,-0.4885814,-0.63467616,-0.23125926,-0.2636274,0.25292942,-0.23152979,0.43770432,0.24181731,-0.042464603,-0.46443176,-0.18782543,-0.095752046,-0.41075203,0.19500615,0.05575387,0.07439829,0.49852625,-0.07936959,-0.26441163,0.30511475,-0.14019234,0.20231126,-0.051960465,-0.1070446,0.4903387,-0.421676,0.2515884,-0.24451575,0.41351345,0.07683313,-0.05097539,0.41545784,-0.13521554,0.15602647,-0.5096301,-0.35858858,0.14115712,-0.49859154,0.24295352,0.053666282,0.6169283,0.44982097,0.14992633,-0.14860223,0.1567762,0.46310717,0.12976027,0.18880227,-0.14218135,1.0,0.33929923
-0.061917897,-0.20956853,0.34035254,0.36445954,0.026018584,-0.07580108,-0.15718235,0.31982273,0.43129557,0.12471801,-0.382554,-0.09658753,0.14255737,0.31545565,0.09563137,0.21218048,-0.062463425,-0.042027347,0.20990083,-0.36819345,0.17563578,0.040119056,0.40558973,0.5769923,0.4752097,-0.007888815,-0.06984144,0.3699193,0.39886853,0.35084745,0.24936488,-0.15193367,-0.009934659,0.21446969,-0.06471856,-0.07170644,0.061034054,0.2815697,0.17502093,0.4029655,0.0066355844,0.12246018,0.24347433,0.17294393,0.037619144,0.04888815,0.21099722,0.5919964,-0.35863212,-0.56830096,-0.51014596,-0.4160454,-0.21133696,0.2174121,0.1636584,0.62162244,0.31598,-0.49118018,-0.6563735,-0.25377035,-0.33695418,-0.08273045,0.1948449,0.23746412,0.471011,-0.013316122,-0.26181647,-0.6673785,-0.18345577,-0.4200919,-0.23626953,-0.28366408,0.06991522,0.24961224,-0.4500426,-0.13165967,-0.037749235,0.1415684,0.016772633,-0.04716378,-0.014471129,-0.6387299,-0.085962154,-0.6254983,-0.40656486,0.4436182,-0.2970937,0.19803543,0.2108172,0.11849711,0.4332247,0.039849617,0.33340228,0.12290059,0.40207845,-0.1246077,-0.1587903,-0.17143746,0.33929923,1.0
