0,1,2,3,4,5,6,7,8,9,10,11,12,13,14,15,16,17,18,19,20,21,22,23,24,25,26,27,28,29,30,31,32,33,34,35,36,37,38,39,40,41,42,43,44,45,46,47,48,49,50,51,52,53,54,55,56,57,58,59,60,61,62,63,64,65,66,67,68,69,70,71,72,73,74,75,76,77,78,79,80,81,82,83,84,85,86,87,88,89,90,91,92,93,94,95,96,97,98,99
1.0,-0.23405053,0.4465687,-0.15963559,-0.36779577,0.050293107,-0.047764074,0.13227428,0.5673691,0.32910264,-0.32281566,0.05229153,0.90313315,0.27748948,-0.11494206,-0.06744782,-0.09314185,0.033831727,0.01401668,0.3469672,0.090224795,-0.31166396,0.2799395,0.40251788,-0.1561519,-0.15327945,0.08446316,0.17561309,0.3034475,0.4774694,0.17492105,0.36372015,0.004516239,-0.020780243,0.06492083,0.28280833,0.4773277,0.4443005,0.4775789,0.008617365,-0.18220274,-0.13505849,0.3352643,-0.1092983,0.43727002,0.88405,-0.023284055,-0.1743276,-0.14642872,-0.25643134,0.2813631,-0.27630898,-0.016733797,0.6562881,0.116495386,0.13601321,0.15217347,0.41757506,0.11770088,0.4760122,-0.114513405,0.06107065,0.49913648,0.17794529,-0.27685106,0.23440643,0.5413456,0.08065176,-0.19614394,-0.08894142,0.34293643,0.077161945,-0.33857903,-0.39604783,0.35130456,-0.0015938007,0.39579615,0.41737938,0.5275005,0.11978713,-0.38411543,0.12982684,-0.48012373,0.16036615,0.23112631,-0.33440965,0.19053854,0.54198223,0.41982588,-0.09710842,-0.1844841,0.72328335,0.092548974,0.19105427,-0.15359214,0.4173273,0.6090501,0.0290638,0.8650958,0.08104755
-0.23405054,1.0,-0.20470236,-0.16767736,0.2616199,0.1478543,0.3381132,-0.079121664,0.1572433,0.08986213,0.1431906,0.079424456,-0.037915,0.26809722,0.63080823,0.6222419,-0.138463,-0.1621787,-0.2074677,-0.08758101,0.50506514,0.6813516,0.43159685,0.30119312,0.16989282,0.50237346,0.49237177,0.16443326,-0.4019973,-0.2749561,-0.5845269,-0.029069318,0.41540265,-0.14239743,0.48560613,-0.24942936,0.2596827,0.06624196,-0.55226904,-0.11237757,-0.37278315,0.5640908,0.5054523,0.4783279,0.2237262,0.07636092,-0.03825491,-0.086448915,-0.21066718,0.35186893,-0.2714504,0.6811324,0.5766749,0.096506014,0.41186973,0.20150664,-0.25686523,0.19637509,-0.22126213,0.07894474,0.087095074,-0.30931497,-0.6525424,-0.5083975,-0.17443477,-0.6210388,-0.5185309,0.5329532,0.32773685,-0.14376146,-0.35721397,-0.010773613,0.36187708,0.036600795,-0.26583275,0.3909292,-0.37079674,-0.7385048,-0.24276766,0.1339427,-0.10674964,-0.5698219,0.20363516,0.122957945,-0.06536951,0.4222499,0.41774142,-0.1205076,-0.21531463,0.19846457,0.24301682,0.27882618,0.021386776,0.37952483,0.6129579,0.08386501,0.18192106,0.11915736,0.02319807,-0.3149382
0.44656873,-0.20470236,1.0,0.048765507,-0.015911276,-0.053044956,0.10361272,0.57833236,0.40232837,0.7426604,-0.25561732,-0.384553,0.456999,-0.23665178,0.2188629,0.15351406,0.38307983,0.53891295,0.38239664,0.22401921,0.27344054,-0.11424046,-0.27101162,0.07709576,0.30740425,0.34730384,-0.25502026,-0.01595016,-0.08834155,0.11268966,-0.2589346,0.62674415,-0.11180774,0.3559196,0.109855875,-0.21922353,0.32141954,-0.11840392,0.29350796,-0.13109311,0.14562593,-0.40695503,-0.042201485,-0.22957554,-0.34476164,0.3463079,0.37596285,0.12266605,0.05761759,-0.102860376,-0.13672413,-0.21361327,0.35547245,0.2418364,0.21764079,0.74345255,-0.15295263,-0.08715932,0.3339017,-0.14437263,0.44128558,0.3169113,0.12076507,0.224765,0.391656,-0.24253894,0.31809664,-0.3123042,0.31635785,0.13233225,0.014491794,0.01842059,0.2563166,-0.55684346,0.04339097,0.10800249,0.010195084,-0.025440207,-0.07179876,-0.12707564,-0.27301055,0.16582696,-0.47294775,0.28890163,-0.055154145,-0.07289398,-0.028730111,0.0192587,0.23776652,0.41755772,-0.1260468,0.3693408,0.12463969,-0.08818286,-0.43866158,-0.27838397,-0.19745582,-0.37470272,0.5076453,0.3542009
-0.15963559,-0.16767734,0.048765503,1.0,0.61483335,-0.20590477,0.075763926,0.24801604,-0.37222862,0.1481347,0.44609815,-0.12676534,-0.20207731,-0.27500197,-0.07201844,-0.19475189,0.55836606,0.5816462,0.4331826,0.41066974,-0.2736725,-0.46087945,-0.43434125,0.15216015,0.53427625,-0.13584763,-0.30618802,-0.7082911,0.022857802,0.1575861,-0.034626342,-0.32173622,-0.68074113,0.79387116,-0.0030402592,0.120017886,-0.20831488,-0.39323637,0.43394786,0.6741403,0.25766703,-0.1594716,-0.59407926,-0.55751675,-0.54900336,-0.18568987,0.6111674,0.52596086,0.8465947,0.52058107,0.12886639,-0.31621033,-0.06590446,-0.38499537,-0.5841204,0.052933514,0.4936687,-0.31949955,0.037142143,0.26899472,0.28931534,0.63755274,0.3550715,0.7444356,0.7186148,0.07929429,0.43576267,0.05876419,0.34881118,0.5276172,0.20592791,0.66166645,0.51992404,0.10837298,0.48186925,-0.0043720766,-0.17745838,0.14516817,-0.08371638,-0.09724832,0.2907465,0.36354014,-0.28037414,0.2356218,-0.5387585,0.2483995,-0.077893,-0.53832185,-0.19796047,0.37654185,0.09908731,-0.2860602,0.503429,-0.3699925,0.032114986,0.17388256,-0.41937923,-0.21808745,-0.12500612,0.65755045
-0.36779577,0.2616199,-0.015911277,0.6148334,1.0,0.25287935,0.60177076,0.3497464,-0.10201986,0.27208737,0.7467281,0.04177427,-0.36160645,-0.6064148,0.36141667,0.3496213,0.19790095,0.31226304,0.5111509,0.34922093,-0.18235418,0.10683598,-0.5613967,-0.2267918,0.7816026,0.19843696,-0.45939496,-0.71282786,-0.14727026,0.070496164,-0.4859572,-0.46731672,-0.5218724,0.42610785,0.0011192717,-0.13079996,-0.5142427,-0.081061184,-0.038274482,0.5793906,0.5675362,0.3099068,-0.26901463,0.009118686,-0.50862056,-0.4108725,0.6598513,0.19371137,0.62685955,0.8935522,0.18750365,0.30858052,0.3656014,-0.22871488,-0.15954994,0.06664189,0.4504736,-0.11913184,0.3824964,0.21797907,0.65257937,0.5489352,0.065045685,0.4376658,0.43487075,-0.0762351,0.1966245,0.3379015,0.7360792,0.80564976,0.29205695,0.7647295,0.89394015,0.29129502,0.4102025,0.58682024,-0.1522878,-0.15003052,-0.08956563,0.12331735,0.58563405,0.36748087,0.02277854,0.105931036,-0.5585015,0.79387695,0.31892362,-0.49458313,-0.09552049,0.6495373,0.5206445,-0.103728436,0.6137428,0.1038591,0.106781706,0.10487572,-0.48103252,-0.20283218,-0.32541797,0.5099605
0.050293103,0.1478543,-0.053044956,-0.20590478,0.25287935,1.0,0.07126684,-0.3567973,0.44542444,-0.026730772,0.14948097,0.77285194,0.185829,-0.1714815,-0.08038992,0.01183185,-0.5672963,-0.20248187,0.39161834,-0.08545267,-0.35715547,0.56168413,-0.071742706,-0.5599217,0.38599676,0.14525685,-0.1947136,-0.26477966,0.44446772,0.46301016,-0.10781859,-0.0634585,0.23994873,-0.36494252,-0.3011141,0.33516657,-0.28045523,0.15342028,-0.5589205,0.18331173,0.49663597,0.66896695,0.45683837,0.63492846,0.38822955,0.069065,0.097186826,-0.39482692,-0.31469107,0.2762588,0.64291614,0.6315022,0.49822292,0.23406644,0.2071593,0.0035029345,0.21828657,-0.122801326,0.04432555,0.2634863,0.31583032,-0.23517825,-0.061803512,-0.3122192,-0.11004834,0.23192649,-0.19791959,0.32409325,0.38012826,0.28176236,0.24184744,0.08036838,0.30425996,0.5309973,0.20142016,0.8015935,0.6947246,-0.012445421,0.5712582,0.910994,0.6167712,0.21324407,0.5100986,-0.6048351,0.17419998,0.65580374,0.77365905,0.5027514,-0.17687443,-0.12413528,0.81826806,0.31788206,0.23776944,0.4507468,0.39540106,0.44507948,0.24552657,0.63183564,0.18323277,-0.011886372
-0.047764074,0.33811316,0.10361271,0.075763926,0.60177076,0.071266845,1.0,0.62572724,0.2978131,0.46064574,0.48639986,-0.3294525,-0.121466815,-0.49481854,0.5342247,0.67530006,0.014176634,-0.037138686,0.011294229,0.25855255,0.14130853,0.16044895,-0.26439744,-0.054145947,0.31170827,0.19624722,-0.3097673,-0.16897878,-0.14701763,0.016983254,-0.58109474,-0.25692898,-0.22419803,-0.056785654,0.13787065,-0.41086426,-0.18856898,0.39434382,0.040662706,0.09952501,0.24401464,0.17782559,-0.002171403,0.17181046,-0.24269915,-0.15801537,0.32708642,-0.22993268,0.27354425,0.592116,0.012819462,0.34222603,0.30320787,0.28764132,0.31380615,0.011864038,0.15120359,0.4085186,0.542611,0.23104951,0.6346227,0.41133803,0.07456075,0.22810023,-0.002359621,-0.22663024,0.21850042,0.36831066,0.54103005,0.510358,0.26724008,0.4911089,0.5132658,-0.16022843,0.19588839,0.38804266,-0.27750626,-0.17399885,-0.11851633,-0.19074243,0.09230186,0.17609966,0.018212847,0.41357332,-0.34017763,0.4168761,0.21035957,-0.2587649,0.39312285,0.7385269,0.07357953,0.18482652,0.354117,0.4231327,-0.09035662,-0.13029602,-0.17125928,-0.53840023,-0.16360463,0.1221816
0.1322743,-0.079121664,0.57833236,0.24801604,0.3497464,-0.3567973,0.62572724,1.0,0.06632489,0.6016653,0.21657334,-0.7525705,-0.0132690985,-0.41121474,0.45395172,0.46156842,0.32988837,0.33355525,0.15647174,0.4547723,0.21332912,-0.2342375,-0.53858924,0.051451486,0.30661944,0.27615294,-0.4454483,-0.16523197,-0.26190805,-0.065360844,-0.40019047,0.08492827,-0.4835623,0.37715888,0.088449776,-0.44778082,-0.04200243,0.1727964,0.45704463,0.08837201,0.19094788,-0.384423,-0.35950792,-0.33048517,-0.60558647,-0.07087804,0.4452532,0.12558438,0.4372672,0.29849964,-0.19782574,-0.24867101,0.17855784,0.13799329,0.18993211,0.2789566,-0.004697872,0.2246387,0.566942,-0.04267306,0.6044665,0.72773266,0.2951612,0.5485138,0.2282967,-0.33601385,0.5222398,-0.16109517,0.40567285,0.43223873,0.26806,0.40399918,0.35497501,-0.4975994,0.29422864,-0.074120395,-0.46034026,0.023200415,-0.30860326,-0.55858135,-0.21921027,0.34285364,-0.49041,0.53754425,-0.33381608,0.054032374,-0.15108216,-0.49460626,0.5787195,0.88754344,-0.27170596,0.12328913,0.35314974,0.0681472,-0.5923746,-0.4380373,-0.41862026,-0.8445496,-0.025143601,0.38578328
0.5673691,0.1572433,0.4023284,-0.37222862,-0.10201987,0.44542447,0.2978131,0.06632489,1.0,0.47762355,-0.2660793,0.19225807,0.68971604,-0.08905552,-0.020710435,0.2188196,-0.26193938,-0.09856658,-0.011756082,-0.08341317,0.07768172,0.27219102,0.21085992,0.03191881,0.062820606,-0.04676814,-0.0045545,0.15555574,0.36103058,0.52298206,-0.17274375,0.15572213,0.30831614,-0.38819176,0.1349668,0.116846845,0.34225267,0.4278402,-0.049314592,-0.049454667,0.042252567,0.08051293,0.48183343,0.5024535,0.41512105,0.49856287,0.15145294,-0.33729234,-0.33236495,0.054548826,0.25414217,0.2873338,0.34373248,0.840881,0.47123995,0.13561551,0.100177154,0.45948884,0.19727574,0.33632004,0.2583684,-0.1616113,0.11141183,-0.19429585,-0.19615087,-0.020130562,0.13394222,0.44001958,0.26236218,0.09696433,0.26137677,0.05827131,0.057999074,-0.2786021,0.13542812,0.5015989,0.38467687,-0.02709156,0.44552708,0.32581216,-0.06013508,0.04151671,0.004650523,0.13142812,0.019478953,0.106284544,0.36714655,0.69685614,0.29581636,0.029497713,0.14169596,0.69098043,0.1359678,0.55777246,0.19644304,0.30922663,0.4997451,0.05434366,0.63849354,0.018878672
0.32910264,0.08986213,0.7426604,0.1481347,0.27208737,-0.026730772,0.46064577,0.60166526,0.47762355,1.0,-0.0035484093,-0.4235858,0.3481171,-0.31603685,0.3024531,0.21891244,0.4690979,0.64281183,0.446337,0.39872295,0.26248068,0.02925594,-0.26016477,0.2542873,0.5210135,0.22328182,-0.22002572,-0.19832377,-0.16017006,0.27265295,-0.3130104,0.33178324,-0.21636878,0.40116554,0.04686261,-0.14023127,0.3024326,-0.027640931,0.23352024,0.12572841,0.2466002,-0.29078096,-0.04037216,-0.03536701,-0.3696765,0.31493735,0.61882454,0.08791947,0.15475209,0.2557797,0.028611962,-0.13040267,0.31424218,0.25814626,0.08480605,0.56235206,0.1455338,0.034538087,0.39564106,0.011946284,0.5413716,0.25603124,0.06365989,0.272834,0.35088438,-0.3572467,0.2936706,0.06538939,0.56588423,0.35631087,0.16997781,0.28823024,0.49120203,-0.38325366,0.1751941,0.30463675,0.001220219,-0.0020728104,0.022986699,-0.13906817,-0.14088053,0.2475691,-0.29702157,0.32073823,-0.095635295,0.16162105,0.0854846,-0.009473018,0.19271103,0.5727029,0.04029736,0.32906377,0.45159483,0.12028136,-0.17020273,-0.076456,-0.23282366,-0.4878542,0.39855558,0.5000158
-0.3228157,0.1431906,-0.25561732,0.44609815,0.7467281,0.14948097,0.48639986,0.21657336,-0.2660793,-0.0035484096,1.0,0.079278365,-0.4839968,-0.36713925,0.28205597,0.2606228,0.088007,0.05958208,0.23939617,0.26534212,-0.07446303,0.008518113,-0.3828186,-0.20401621,0.44460592,0.16806526,-0.33390975,-0.50371474,-0.17014249,-0.12340571,-0.412403,-0.40251306,-0.44509366,0.22522125,-0.010919438,-0.16876115,-0.58985764,0.039369002,-0.07610107,0.3655731,0.43899107,0.3344745,-0.16886365,-0.082410365,-0.3119959,-0.36287275,0.32336754,0.22827037,0.42426187,0.5820968,0.07089093,0.2009709,0.18695082,-0.28044084,-0.1376745,-0.059125476,0.33270073,-0.10600872,0.21578467,0.08052348,0.40326482,0.43367293,0.00863611,0.27926326,0.25239542,0.058196153,0.102349035,0.075478174,0.4060867,0.5643287,0.13662267,0.4949413,0.5522357,0.3299079,0.24315217,0.35709172,-0.1811188,-0.12117856,-0.2102576,0.08529765,0.58992654,0.20926914,0.06727787,-0.07508939,-0.27379963,0.60104716,0.18148549,-0.48688838,-0.11365998,0.46051407,0.41982427,-0.20849471,0.31471553,-0.06788973,0.041579083,0.014376499,-0.4321482,-0.09869252,-0.40580773,0.30270797
0.052291527,0.079424456,-0.384553,-0.12676536,0.04177427,0.772852,-0.3294525,-0.75257045,0.19225807,-0.42358583,0.079278365,1.0,0.16839221,0.15551968,-0.335236,-0.29361233,-0.53525704,-0.30586013,0.17929882,-0.2259064,-0.40924934,0.33599952,0.2210989,-0.32658115,0.099974975,-0.12632138,0.12657551,-0.14259818,0.46649674,0.35780087,0.21469963,-0.18509966,0.29883942,-0.32129198,-0.14405088,0.55142653,-0.18706122,0.01320534,-0.46411964,0.20615046,0.21869147,0.62166077,0.4087178,0.45688862,0.56278235,0.11590601,-0.12636179,-0.16919468,-0.28693202,0.056567166,0.51160485,0.45547682,0.17077892,0.04751974,-0.07991055,-0.2238946,0.25904867,-0.16897678,-0.31680202,0.2793472,-0.16272485,-0.38180238,-0.057733443,-0.34918645,-0.1911468,0.44026974,-0.2717662,0.31080338,-0.016798737,0.02058561,0.085310124,-0.030969132,0.0015060402,0.638776,0.09287147,0.5206846,0.67507195,0.05409715,0.5462372,0.8644734,0.5736541,0.008851199,0.45081377,-0.59898365,0.1396133,0.39661,0.5373455,0.5194485,-0.4152343,-0.5543642,0.6927783,0.143913,0.019550579,0.18357736,0.57655036,0.64992285,0.40466186,0.9032917,0.16288804,-0.12995446
0.90313315,-0.037914995,0.456999,-0.20207733,-0.36160648,0.185829,-0.12146682,-0.0132690985,0.68971604,0.34811714,-0.48399678,0.16839221,1.0,0.31456736,-0.118511036,-0.0336045,-0.15927096,0.024949072,0.02351473,0.24230538,0.10770843,-0.08979343,0.36903274,0.39643887,-0.07421058,-0.09642667,0.18365484,0.17733775,0.34644184,0.500626,0.11769421,0.3575992,0.20417717,-0.068275645,0.13066107,0.29657763,0.57619977,0.32638308,0.24879043,0.0086206505,-0.24732694,-0.010182952,0.43646482,0.08230485,0.4918059,0.87345654,0.024062172,-0.16136487,-0.23920631,-0.17775337,0.28308007,-0.062217914,0.1650418,0.66461384,0.17079173,0.1949853,0.09370564,0.4121283,-0.0137000615,0.4673713,-0.107746184,-0.10328476,0.31797707,0.0022037372,-0.2539975,0.070340395,0.36444816,0.24638546,-0.08327853,-0.14250715,0.2438634,0.027986359,-0.24174392,-0.35961002,0.29263252,0.15983613,0.41082647,0.22764885,0.5433579,0.2540519,-0.39558354,0.024009136,-0.35810274,0.1289662,0.14921093,-0.21524686,0.35895023,0.6343551,0.29089388,-0.17140284,-0.071532905,0.8297963,0.111869976,0.3135577,0.111974984,0.4804711,0.70126045,0.15957075,0.959877,0.035725567
0.27748948,0.2680972,-0.2366518,-0.27500197,-0.6064148,-0.1714815,-0.49481854,-0.41121477,-0.08905553,-0.31603685,-0.36713925,0.15551968,0.31456736,1.0,0.010867346,-0.117231704,-0.21123797,-0.25618246,-0.4630058,-0.15974765,0.37266693,0.16275522,0.7576257,0.5138526,-0.4786643,0.14220935,0.82122415,0.5699372,-0.021758577,-0.13406622,0.1927489,0.36505997,0.5525747,-0.16462912,0.21716976,0.19253823,0.62317365,0.04191961,-0.16441971,-0.31378052,-0.75571305,0.14402336,0.47618824,0.046613876,0.60599077,0.5299424,-0.54793644,0.05743668,-0.4651977,-0.5281218,-0.21472771,-0.026557738,-0.007755621,0.08050213,0.13916335,0.017901877,-0.3758044,0.097578004,-0.6778946,0.051853694,-0.57505465,-0.4870012,-0.30399048,-0.4728171,-0.3548398,-0.17851889,-0.35027936,-0.0020767674,-0.46535662,-0.7494412,-0.44387856,-0.5184661,-0.53501225,-0.039588325,-0.3022308,-0.37341782,-0.052857142,-0.19171487,-0.0029849212,0.06708276,-0.47070554,-0.61035806,-0.009743373,-0.097046405,0.37791905,-0.39201567,0.055431444,0.18614301,-0.17008418,-0.46153745,-0.19214904,0.2463011,-0.37207946,-0.023512544,0.34971684,0.19369586,0.55406624,0.40742847,0.3685028,-0.49675786
-0.11494206,0.6308082,0.2188629,-0.07201843,0.36141667,-0.080389924,0.5342247,0.45395172,-0.020710433,0.30245313,0.282056,-0.335236,-0.11851103,0.010867345,1.0,0.8423028,0.061077263,-0.0017901623,-0.036442574,0.14265472,0.62416476,0.36098793,0.059713405,0.17882806,0.22368033,0.8177328,0.20003887,0.1744608,-0.6235609,-0.52675676,-0.72893393,0.24653822,0.105327606,0.08517262,0.40561217,-0.60103846,0.123572744,0.116468854,-0.17880401,-0.27375308,-0.19538714,0.35041094,0.30308923,0.058086976,-0.16246228,0.03974687,-0.029767286,-0.068910345,0.05650669,0.25317523,-0.45471123,0.43335968,0.62223107,0.024069393,0.4674164,0.5188848,-0.3947498,0.14246206,0.18631628,-0.07984427,0.28915873,0.16844703,-0.39880988,-0.1374781,-0.025688332,-0.5185098,-0.16184095,0.06768071,0.28241688,-0.018502722,-0.31733316,0.04644873,0.41108608,-0.19039588,-0.23275854,0.21855362,-0.5444304,-0.5958955,-0.4821115,-0.17108506,-0.18586105,-0.38538253,-0.2298019,0.30621967,-0.039364368,0.3156776,0.24855492,-0.42154703,0.09825974,0.5917151,0.02903159,0.28777552,-0.053924993,0.12941188,-0.043412358,-0.32838652,-0.15186502,-0.27614126,-0.036543034,-0.2285808
-0.06744782,0.62224185,0.15351404,-0.19475189,0.3496213,0.01183185,0.6753,0.46156842,0.2188196,0.21891244,0.26062277,-0.29361233,-0.0336045,-0.117231704,0.84230286,1.0,-0.0837882,-0.2476396,-0.21192504,0.053796325,0.58629024,0.39675158,0.09023347,0.079748236,0.098185875,0.5928695,0.07358588,0.23672473,-0.4477283,-0.4050564,-0.80267787,0.036264483,0.18063663,-0.19203596,0.37792405,-0.6828392,0.020149155,0.44396657,-0.19536676,-0.2883823,-0.17578797,0.35481724,0.38394126,0.27457774,-0.023403827,-0.030612778,-0.038564276,-0.22528774,-0.034348976,0.351016,-0.35156962,0.563997,0.5802905,0.31875148,0.66201806,0.29126078,-0.28751987,0.49493653,0.34441915,0.063578285,0.3661858,0.13606049,-0.30485064,-0.17079172,-0.16318974,-0.4313459,-0.07197467,0.2751705,0.3201962,0.05989802,-0.14201783,0.13062373,0.35595003,-0.2679982,-0.13895696,0.32804444,-0.51525706,-0.574609,-0.36347747,-0.18853705,-0.19254692,-0.31700292,-0.15242659,0.39936182,-0.16823263,0.32963872,0.2776909,-0.2548147,0.3406632,0.58580124,-0.015907763,0.42349458,-0.025735274,0.4116178,-0.05742857,-0.27698737,0.018547388,-0.361506,-0.042376075,-0.26220804
-0.09314185,-0.138463,0.38307986,0.55836606,0.19790095,-0.5672963,0.014176634,0.32988837,-0.26193938,0.4690979,0.088007,-0.53525704,-0.15927094,-0.21123797,0.06107726,-0.08378821,1.0,0.80455625,0.30411008,0.24539867,0.29846713,-0.42114925,-0.18401246,0.4497619,0.26068306,-0.017374711,-0.08179724,-0.22885686,-0.3726785,-0.1292822,-0.07953014,0.17596518,-0.4033266,0.7395184,0.116362385,-0.21442774,0.1631432,-0.46573186,0.48366618,0.16185282,-0.0064551937,-0.58245546,-0.4795531,-0.5872436,-0.62231946,-0.04690577,0.44432846,0.53219706,0.49997973,0.06909012,-0.32804862,-0.5224644,-0.21572915,-0.33700258,-0.39853197,0.42689547,0.12494332,-0.2983029,0.09542556,-0.18896021,0.12045888,0.2914844,0.0143323755,0.4312447,0.6950952,-0.15474351,0.2256485,-0.238102,0.17239411,0.12617056,-0.17881382,0.16848482,0.31889525,-0.30167145,-0.049972657,-0.25550914,-0.36905554,-0.031963468,-0.39842874,-0.47512695,-0.16275196,0.025653675,-0.38058522,0.39464283,-0.24938293,-0.17549913,-0.5194583,-0.4555371,-0.21928596,0.29106554,-0.3060396,-0.33261588,0.12084319,-0.5788402,-0.26034606,-0.2768987,-0.5480432,-0.48061386,-0.060163036,0.49651358
0.033831727,-0.16217868,0.5389129,0.5816462,0.31226304,-0.20248188,-0.037138686,0.33355528,-0.09856658,0.64281183,0.05958208,-0.30586013,0.024949072,-0.25618243,-0.0017901622,-0.2476396,0.80455625,1.0,0.7069223,0.44774935,0.08534747,-0.25927222,-0.39415896,0.26356807,0.6251903,0.07395843,-0.2559322,-0.5108615,-0.15664402,0.23009656,-0.014270771,0.23259048,-0.47916818,0.8325775,-0.089497365,0.09654779,0.12175148,-0.5417159,0.36327538,0.45269907,0.3055098,-0.47062513,-0.45027497,-0.4491925,-0.62563944,0.06785898,0.71886957,0.54904824,0.47560927,0.22467834,0.005084822,-0.4751222,0.005111217,-0.30272493,-0.46806526,0.47587013,0.28419068,-0.4708695,0.09368164,-0.10510351,0.34373206,0.33673775,0.10866948,0.47290492,0.7037642,-0.19058536,0.2846124,-0.16480625,0.46193948,0.36821336,0.06534182,0.30778348,0.5110427,-0.12801808,0.24735649,0.022019371,-0.04279321,0.09780808,-0.104290724,-0.12123659,0.07878431,0.32919,-0.28069353,0.120374195,-0.21002044,0.097912125,-0.19567266,-0.30009404,-0.28758362,0.3373479,0.06451679,-0.18308829,0.43896765,-0.43315232,-0.16961269,-0.058008883,-0.54181033,-0.28866908,0.14795908,0.75066584
0.01401668,-0.2074677,0.3823966,0.43318263,0.5111509,0.39161834,0.011294228,0.15647174,-0.011756082,0.446337,0.23939618,0.1792988,0.02351473,-0.46300578,-0.036442574,-0.21192504,0.30411008,0.7069223,1.0,0.5053185,-0.2951011,-0.054949816,-0.5932447,-0.20627448,0.8267063,0.113759525,-0.535799,-0.73336303,0.07109392,0.4117822,0.01037478,0.042643856,-0.4964071,0.5744501,-0.37394264,0.26653275,-0.30443376,-0.33170122,0.075034276,0.5705523,0.7496013,-0.008535503,-0.28401265,-0.14057383,-0.45390573,-0.024697628,0.71123326,0.22693625,0.35637978,0.42920095,0.48404345,-0.12412118,0.18940794,-0.24960665,-0.42669806,0.30549508,0.4966138,-0.494799,0.27855855,0.04107868,0.43844783,0.30843133,0.22642751,0.41380945,0.45030206,0.11036989,0.288585,-0.0771883,0.5358761,0.6241497,0.3697484,0.4651552,0.6041035,0.28297922,0.47895193,0.46768457,0.39599946,0.2883026,0.297084,0.3899958,0.5334469,0.6382028,-0.06818189,-0.28696352,-0.045390394,0.50779575,0.27279675,-0.07032194,-0.22486068,0.26625913,0.5638578,-0.056274693,0.59165686,-0.16005345,-0.11725292,0.21312645,-0.4359158,0.07171305,0.10414075,0.7299051
0.3469672,-0.08758101,0.22401923,0.41066974,0.34922093,-0.08545267,0.25855255,0.45477226,-0.08341317,0.39872295,0.26534212,-0.2259064,0.24230537,-0.15974765,0.1426547,0.05379632,0.24539867,0.44774935,0.5053185,1.0,0.018032085,-0.33431986,-0.3238923,0.2815731,0.4261498,-0.024949078,-0.33704114,-0.48368886,-0.026264457,0.28858876,-0.0020585223,-0.045362912,-0.5760203,0.5450366,-0.15349708,0.10885342,-0.07978916,0.106652714,0.44598728,0.48788458,0.2469139,-0.04895325,-0.23125069,-0.3693361,-0.30839112,0.24432592,0.47789973,0.2148007,0.46130633,0.40098327,0.33361444,-0.28993413,-0.009132948,-0.0066431547,-0.35636112,0.039099816,0.43108478,0.10629779,0.31857342,0.35110557,0.24529347,0.5025517,0.4954453,0.6196933,0.056735743,-0.013561638,0.61407286,0.04699275,0.25198013,0.4616246,0.5163829,0.58691585,0.25393638,-0.09873339,0.64419514,0.07879545,0.0392739,0.40721542,0.20417292,-0.08573247,-0.031747047,0.50004226,-0.3765928,0.117179915,-0.11032598,0.14671946,0.22518383,-0.2040751,0.23156673,0.42995596,0.06595608,0.24420363,0.59056765,0.020213336,-0.24319275,0.20097673,-0.11545672,-0.3152434,0.24031715,0.53344834
0.09022479,0.50506514,0.2734405,-0.2736725,-0.18235417,-0.35715547,0.14130852,0.21332912,0.07768172,0.2624807,-0.074463025,-0.40924934,0.10770843,0.3726669,0.62416476,0.58629024,0.29846713,0.08534747,-0.2951011,0.018032083,1.0,0.25222,0.5004461,0.5264858,-0.21117458,0.54018587,0.49243537,0.55200756,-0.51852435,-0.47934514,-0.4675933,0.5380949,0.4259824,-0.021125328,0.46362185,-0.5335334,0.50996286,0.068872936,-0.10327367,-0.52110046,-0.5811525,-0.03625871,0.4262142,-0.019285386,0.061235383,0.26947564,-0.25006202,0.14245829,-0.27717364,-0.241803,-0.6695035,0.1335124,0.32847977,0.15464692,0.46256915,0.5251465,-0.5460453,0.21651855,-0.1286585,-0.2695845,-0.041113254,-0.21818931,-0.5327718,-0.38238394,-0.005414953,-0.57243913,-0.29791573,-0.10991924,-0.018555207,-0.4712691,-0.5793225,-0.37207016,0.021763386,-0.47797748,-0.5138537,-0.14148977,-0.53277165,-0.5977664,-0.5381153,-0.32660806,-0.52809596,-0.66817003,-0.19115655,0.32007802,0.13238506,-0.20867214,-0.12934378,-0.14380814,-0.00016876888,0.19309855,-0.31756365,0.2922435,-0.39206603,-0.08700526,-0.06011861,-0.40776882,0.035633188,-0.22667862,0.19286005,-0.3383529
-0.311664,0.6813516,-0.11424045,-0.4608794,0.10683598,0.5616842,0.16044895,-0.2342375,0.27219102,0.02925594,0.008518113,0.33599952,-0.089793436,0.16275522,0.36098793,0.39675158,-0.42114925,-0.25927222,-0.05494982,-0.33431986,0.25222,1.0,0.21660928,-0.27990493,0.19179355,0.5258878,0.29697466,0.22319852,-0.102422625,-0.08465802,-0.4247237,0.09644749,0.62820184,-0.4458449,-0.004066485,-0.091718726,0.08201098,0.09361524,-0.8634774,-0.24058054,-0.0063861473,0.60805833,0.6232437,0.82961047,0.30941635,-0.09996194,-0.11061737,-0.27304047,-0.5800222,0.15131348,-0.0044540735,0.7918026,0.6414382,0.10298388,0.579147,0.16916603,-0.30714586,0.0019668469,-0.16720462,-0.15429386,0.26253843,-0.52415764,-0.7220414,-0.7525483,-0.17662473,-0.4258259,-0.7194549,0.33074856,0.41882855,-0.12973082,-0.30365735,-0.30972773,0.29588762,0.3158044,-0.35158047,0.55319345,0.06771245,-0.60940224,-0.03751399,0.42012328,0.15902996,-0.36337933,0.61750054,-0.34028098,0.1424199,0.5402463,0.54039824,0.15702324,-0.2671996,0.027527304,0.55366045,0.22655946,0.0047422512,0.5410365,0.47425517,-0.0171925,0.11494704,0.34258157,-0.06776201,-0.36616987
0.2799395,0.43159688,-0.27101162,-0.43434125,-0.5613967,-0.0717427,-0.26439744,-0.53858924,0.21085992,-0.26016477,-0.38281858,0.2210989,0.36903274,0.7576257,0.059713405,0.09023347,-0.18401246,-0.39415896,-0.59324473,-0.3238923,0.500446,0.21660927,1.0,0.5720366,-0.61539143,0.01003225,0.84310067,0.6703994,-0.04311782,-0.15189593,0.07941714,0.27632564,0.698513,-0.43863693,0.40981975,0.07033467,0.65309465,0.16644765,-0.21191977,-0.46575287,-0.8148772,0.2467477,0.6702381,0.22552124,0.771842,0.5411394,-0.6542453,-0.20798895,-0.5306206,-0.46613353,-0.24887305,0.22570674,-0.00034464416,0.3261526,0.29681796,0.03134199,-0.36206275,0.2907905,-0.52409714,0.15196826,-0.6243075,-0.67838615,-0.38956562,-0.6169241,-0.39825177,-0.10644691,-0.4272917,0.22189225,-0.5118765,-0.7725115,-0.49015656,-0.5020846,-0.48179778,-0.16602737,-0.47954723,-0.17907399,-0.011308919,-0.2960969,0.055077694,0.13701293,-0.47278443,-0.7820919,0.09426904,0.07403487,0.37749726,-0.41657612,0.04825264,0.43259853,-0.14393109,-0.54275477,-0.26169565,0.33341932,-0.5459405,0.07653373,0.4634154,0.24729113,0.71940595,0.42505303,0.39164627,-0.67137325
0.40251788,0.30119312,0.07709576,0.15216014,-0.2267918,-0.5599217,-0.054145947,0.051451486,0.03191881,0.2542873,-0.20401621,-0.32658115,0.39643884,0.5138526,0.17882808,0.079748236,0.4497619,0.26356807,-0.20627448,0.2815731,0.5264858,-0.27990493,0.5720366,1.0,-0.1789664,-0.0652442,0.5525009,0.2259331,-0.34335026,-0.08493523,0.0107463775,0.19728716,0.0035285554,0.31834054,0.44822273,0.006590598,0.69061595,0.01813331,0.38882226,-0.019539315,-0.66082627,-0.2320696,0.12519468,-0.3102175,0.1532299,0.59769064,-0.014980137,0.23180847,0.09692505,-0.10757294,-0.27686813,-0.32711053,-0.17602889,0.15824638,-0.12064672,0.18642695,0.013343383,0.29163608,-0.20120522,0.25252044,-0.40458906,-0.097204246,-0.029145477,0.084687464,-0.046654504,-0.2807482,0.15084262,0.18459846,-0.24216706,-0.33328354,-0.18068288,0.05110831,-0.17222741,-0.46596992,-0.03336189,-0.33518597,-0.31944802,-0.060155135,-0.07743818,-0.33850536,-0.6254437,-0.37437916,-0.49147844,0.5216129,0.056946386,-0.42321977,-0.19921964,-0.03908808,0.0003744968,-0.032931928,-0.45657447,0.26270628,-0.021505719,-0.13913102,0.1520922,0.2226796,0.3222439,-0.18277578,0.45858586,0.009919324
-0.1561519,0.1698928,0.30740425,0.53427625,0.7816026,0.38599676,0.31170827,0.30661944,0.062820606,0.5210135,0.44460592,0.099974975,-0.07421058,-0.47866434,0.22368032,0.09818587,0.26068306,0.6251903,0.8267063,0.4261498,-0.21117456,0.19179355,-0.61539143,-0.1789664,1.0,0.28824043,-0.45987913,-0.77919143,-0.060628936,0.3088871,-0.3710104,-0.1521762,-0.47296652,0.5823658,-0.15574011,0.08767193,-0.29620475,-0.2526148,-0.077757336,0.6376515,0.66449946,0.16538623,-0.23029234,0.051256116,-0.50492597,-0.1418808,0.8635813,0.28269854,0.4482209,0.7481646,0.34317353,0.14256664,0.45831203,-0.2006224,-0.23075451,0.3001184,0.46590254,-0.3252628,0.28315443,0.13888708,0.6828914,0.41620147,0.047799997,0.36532292,0.47989812,-0.173329,0.20239335,0.23334259,0.84500617,0.75236976,0.31326762,0.62093633,0.8624566,0.2749693,0.49461862,0.64789975,0.09939462,-0.06689553,0.09765043,0.30126372,0.5386809,0.50414467,-0.030960642,-0.09465832,-0.3547827,0.7968878,0.42230886,-0.29591325,-0.23774534,0.54929316,0.6558373,0.031405184,0.75980705,0.09031611,0.12489385,0.19632101,-0.46510825,-0.08115546,0.009055752,0.7377151
-0.15327945,0.50237346,0.34730384,-0.13584761,0.19843696,0.14525685,0.19624722,0.27615294,-0.046768136,0.22328182,0.16806525,-0.12632138,-0.096426666,0.14220935,0.8177329,0.5928695,-0.017374711,0.07395843,0.113759525,-0.02494908,0.54018587,0.5258878,0.010032249,-0.0652442,0.28824043,1.0,0.17919712,0.15682702,-0.43124142,-0.4631101,-0.66552,0.5245552,0.29422677,0.0893912,0.25812536,-0.5083102,0.10961246,-0.15087557,-0.43887463,-0.33576682,-0.0934358,0.39318737,0.34798774,0.087988265,-0.13238351,0.04957384,-0.06415455,0.035051867,-0.17460288,0.025582114,-0.42033044,0.46284407,0.78702956,-0.12860356,0.4730096,0.6978139,-0.5800607,-0.22507657,-0.088329926,-0.32632372,0.33595034,0.031369906,-0.55681276,-0.35063022,0.1254297,-0.5359343,-0.38736257,-0.2003284,0.33166397,-0.14857844,-0.5070243,-0.25048104,0.38478002,-0.007787896,-0.34575674,0.25860423,-0.35177284,-0.68265945,-0.48122367,0.097751975,-0.04754564,-0.40131378,-0.04259447,-0.07331403,0.112435564,0.37814254,0.36374503,-0.33688146,-0.13227534,0.42179722,0.2301824,0.23550819,-0.16714786,-0.018777665,0.029895417,-0.4128658,-0.22866651,0.014423677,0.044729386,-0.23480313
0.08446316,0.4923718,-0.25502026,-0.30618802,-0.45939496,-0.1947136,-0.30976734,-0.44544828,-0.0045545003,-0.22002573,-0.33390972,0.12657551,0.18365483,0.82122403,0.20003887,0.07358588,-0.081797235,-0.2559322,-0.535799,-0.33704114,0.49243537,0.2969747,0.84310067,0.5525009,-0.45987913,0.17919712,1.0,0.660171,-0.22049227,-0.293441,0.088494614,0.27997428,0.6673767,-0.21210779,0.3744063,0.113775074,0.74093854,-0.019236697,-0.25105208,-0.40882352,-0.8066191,0.22283165,0.551524,0.19806047,0.568346,0.40023482,-0.53796375,0.006862132,-0.41814953,-0.40873235,-0.37615475,0.18994598,0.065976575,0.06073365,0.23563625,0.12783143,-0.41279462,0.12601183,-0.6182833,0.01199688,-0.57147145,-0.60150534,-0.51305175,-0.5923123,-0.2634348,-0.24506383,-0.52850896,0.16670813,-0.40456706,-0.7611626,-0.5905782,-0.5148502,-0.35252118,-0.06595597,-0.53506345,-0.24053922,-0.17193301,-0.41130522,-0.1358425,0.008506331,-0.4581869,-0.8086404,0.087913945,0.11335329,0.25629306,-0.3190712,-0.010663165,0.160468,-0.32045215,-0.4030417,-0.18768916,0.19043608,-0.42845067,0.032631017,0.4876867,0.15918659,0.50708723,0.3562714,0.24072196,-0.5837972
0.17561308,0.16443326,-0.01595016,-0.7082911,-0.71282786,-0.26477966,-0.16897878,-0.16523197,0.15555573,-0.19832377,-0.5037148,-0.14259818,0.17733777,0.5699372,0.17446081,0.23672473,-0.22885685,-0.5108615,-0.7333631,-0.48368883,0.55200756,0.2231985,0.6703994,0.2259331,-0.77919143,0.15682702,0.66017103,1.0,-0.15877615,-0.3963374,0.039303616,0.43779793,0.74506706,-0.5861975,0.26705498,-0.24714464,0.5604497,0.29524207,-0.1642696,-0.81644195,-0.6997088,-0.0451195,0.53913414,0.22564787,0.50833297,0.2631489,-0.7721624,-0.31144577,-0.6792579,-0.71397,-0.49702024,0.1140343,-0.045988925,0.3427837,0.6098984,0.098524496,-0.64810807,0.3555243,-0.25271228,-0.2620722,-0.45398915,-0.54707927,-0.38665822,-0.6220927,-0.4336199,-0.14832014,-0.42315245,-0.15075687,-0.5515578,-0.8145253,-0.506476,-0.742757,-0.61292076,-0.34139326,-0.68827146,-0.3859887,-0.1716062,-0.2775434,-0.20718542,-0.2581632,-0.62837005,-0.6945251,0.018307684,0.15688545,0.39999792,-0.57583565,-0.24070378,0.29551202,0.17982174,-0.33904678,-0.46930188,0.22422376,-0.703156,0.107006125,-0.07776802,-0.28419548,0.4392996,0.054579712,0.1364667,-0.78480697
0.3034475,-0.4019973,-0.08834155,0.022857804,-0.14727026,0.44446772,-0.14701763,-0.26190805,0.36103058,-0.16017006,-0.17014247,0.46649674,0.34644186,-0.021758577,-0.6235609,-0.44772828,-0.3726785,-0.15664402,0.07109392,-0.026264457,-0.5185243,-0.102422625,-0.04311782,-0.34335026,-0.06062894,-0.4312414,-0.22049226,-0.15877616,1.0,0.7489515,0.4365778,-0.111571945,0.11682038,-0.2367971,-0.28745827,0.49324226,-0.10603886,0.09518928,0.053096533,0.28885758,0.24177045,0.065587126,-0.02009764,0.091033466,0.3124559,0.12137362,0.030759864,-0.11523503,-0.04321182,-0.08022079,0.5464937,0.0067047575,-0.06501577,0.3204386,-0.15032804,-0.3961288,0.2627532,0.0050679953,-0.2452208,0.3242897,0.09366449,0.027384073,0.49240372,0.116517365,-0.031571638,0.48760062,0.23646753,0.11346756,0.0038573008,0.10835219,0.35878667,0.060100753,-0.18593402,0.26521355,0.3857966,0.11594245,0.59401333,0.40465066,0.5581458,0.45082977,0.32078385,0.3642164,0.32484797,-0.31218666,-0.080577336,-0.0039974055,0.23625465,0.5295031,0.08434234,-0.31153104,0.19198747,0.14647636,0.09922616,0.13986339,0.1944396,0.37003466,0.33569005,0.3676412,0.26750353,0.08841831
0.4774694,-0.2749561,0.11268966,0.1575861,0.070496164,0.46301016,0.016983254,-0.065360844,0.52298206,0.27265295,-0.12340572,0.35780087,0.500626,-0.13406622,-0.52675676,-0.4050564,-0.1292822,0.23009658,0.41178223,0.28858876,-0.47934514,-0.08465803,-0.15189593,-0.08493523,0.30888706,-0.46311012,-0.293441,-0.3963374,0.7489515,1.0,0.37318558,-0.14964284,-0.17254104,0.03873756,-0.36691737,0.67266166,0.037022606,0.19277196,0.22719388,0.5781232,0.39269602,-0.046832077,-0.0019627928,0.1756955,0.21793282,0.33052185,0.43232414,-0.11764126,0.07014141,0.22414063,0.7605684,-0.13610163,-0.07321798,0.4438071,-0.20574057,-0.27019268,0.61096454,0.09451963,0.06550859,0.5339769,0.25544,0.07487081,0.56071275,0.29899848,0.0370156,0.36705157,0.4449972,0.3628089,0.29908624,0.41277912,0.6542213,0.4046963,0.10296655,0.15512311,0.661092,0.32587564,0.6852848,0.55129766,0.78253853,0.4542592,0.29026634,0.59117556,0.14295498,-0.1859708,-0.06975537,0.15273593,0.31517506,0.5463051,0.11138374,-0.089075804,0.33107734,0.29354548,0.5575629,0.32374957,0.14103699,0.61681557,0.30774245,0.19213447,0.44754082,0.46325043
0.17492105,-0.5845269,-0.2589346,-0.03462634,-0.4859572,-0.10781859,-0.58109474,-0.40019047,-0.17274374,-0.3130104,-0.412403,0.21469963,0.11769421,0.19274889,-0.72893393,-0.80267787,-0.07953014,-0.01427077,0.01037478,-0.0020585223,-0.4675933,-0.4247237,0.07941713,0.0107463775,-0.3710104,-0.6655201,0.088494614,0.039303616,0.4365778,0.37318558,1.0,-0.10128547,-0.060460474,-0.02730176,-0.38195232,0.7084169,0.10278767,-0.14336774,0.29934695,0.157065,-0.0040363497,-0.32019028,-0.24243012,-0.19699118,0.20729022,0.09775684,-0.21516836,-0.015515696,-0.03245286,-0.425313,0.33646095,-0.51632017,-0.67092276,-0.11582468,-0.4838452,-0.4489533,0.22637458,-0.1590545,-0.2720356,-0.0025342659,-0.5545136,-0.19978465,0.40448228,0.14371586,-0.14666565,0.49262777,0.1382824,-0.2178301,-0.56997985,-0.20318645,0.23675102,-0.14464344,-0.5560369,0.17506175,0.13344795,-0.4641611,0.4712868,0.7119938,0.46761706,0.06363112,-0.00041814704,0.2683715,0.104811445,-0.25872138,0.26997045,-0.52327955,-0.3156883,0.3760973,-0.04612416,-0.59772366,-0.16674627,-0.2726951,-0.076278776,-0.21934415,-0.06467369,0.30739757,0.23432203,0.30937928,0.0548312,-0.0005768642
0.36372015,-0.029069318,0.6267442,-0.32173625,-0.46731672,-0.063458495,-0.25692898,0.084928274,0.15572214,0.33178324,-0.40251306,-0.18509966,0.35759917,0.36505997,0.24653822,0.036264483,0.17596519,0.23259048,0.042643856,-0.045362912,0.5380949,0.0964475,0.27632564,0.19728714,-0.1521762,0.5245552,0.27997428,0.43779793,-0.11157195,-0.14964283,-0.10128547,1.0,0.40274474,0.0625036,0.18623082,-0.19957748,0.5272146,-0.23441003,-0.060162783,-0.5740887,-0.28717628,-0.16987118,0.29802465,-0.1812601,0.07302822,0.4949085,-0.25916997,0.021424726,-0.42127228,-0.6318916,-0.35372052,-0.088068455,0.30879906,0.070111044,0.26169354,0.72989726,-0.6215681,-0.2872275,-0.21553285,-0.3715791,-0.017870303,-0.18919928,-0.27558544,-0.31373692,0.117740266,-0.27697146,-0.21246724,-0.5509857,-0.13393016,-0.5045522,-0.5029189,-0.5869495,-0.16022998,-0.37721196,-0.46325725,-0.1730061,0.018198054,-0.23576048,-0.2016014,0.030471617,-0.40392995,-0.37577567,-0.16566466,-0.08767532,0.4412228,-0.3474835,-0.04228243,0.15422012,-0.0659422,-0.07130254,-0.20225449,0.25902197,-0.44205683,-0.30055243,-0.19704051,-0.36225185,0.02315756,0.077743225,0.48250124,-0.23015042
0.004516239,0.41540265,-0.111807734,-0.68074113,-0.5218724,0.23994873,-0.22419804,-0.4835623,0.3083161,-0.21636876,-0.4450937,0.29883942,0.20417717,0.5525747,0.105327606,0.18063663,-0.40332657,-0.47916818,-0.4964071,-0.57602024,0.42598236,0.62820184,0.698513,0.0035285554,-0.47296652,0.29422677,0.6673767,0.74506706,0.11682037,-0.17254102,-0.060460474,0.40274477,1.0,-0.6415899,0.16556033,-0.108385116,0.4603508,0.0810625,-0.6323019,-0.63615215,-0.5170462,0.37146965,0.72416264,0.53304815,0.62214124,0.21000537,-0.6205869,-0.2821263,-0.7863984,-0.5005951,-0.2650969,0.53969586,0.33922112,0.2535444,0.55483687,0.15148357,-0.60347366,0.11161649,-0.54099834,-0.22513804,-0.28056523,-0.7601941,-0.62541956,-0.8849392,-0.31435034,-0.21321535,-0.72443694,0.06789417,-0.22289284,-0.74406016,-0.6066894,-0.76327515,-0.3230817,0.060453817,-0.6654902,0.06524866,0.07753685,-0.51662856,-0.07475671,0.25368026,-0.2558096,-0.7210402,0.4487737,-0.21261567,0.34026456,-0.13492791,0.21069871,0.46012375,-0.167705,-0.4399952,0.027805146,0.30123496,-0.59783274,0.22146468,0.42544237,-0.09255626,0.4699277,0.46439457,0.19795574,-0.75127834
-0.020780243,-0.14239742,0.3559196,0.79387116,0.42610785,-0.36494255,-0.05678565,0.37715888,-0.38819176,0.40116554,0.22522125,-0.32129198,-0.068275645,-0.1646291,0.08517263,-0.19203597,0.7395184,0.83257747,0.5744501,0.5450366,-0.021125328,-0.4458449,-0.43863693,0.3183405,0.5823658,0.08939121,-0.2121078,-0.58619744,-0.23679711,0.038737558,-0.02730176,0.0625036,-0.6415899,1.0,0.06654105,0.04751401,0.007360943,-0.53496003,0.48001322,0.5168768,0.1875933,-0.35421833,-0.59066206,-0.66492087,-0.6829665,0.005118959,0.65053385,0.66612864,0.7100396,0.31499898,-0.07051497,-0.48945287,-0.021399405,-0.47871122,-0.59516263,0.35745886,0.27556202,-0.4296359,0.036781415,0.014309866,0.22703838,0.5786999,0.23605356,0.65756965,0.64490044,-0.12588292,0.4092104,-0.18429461,0.32146466,0.3823415,0.07980866,0.46704245,0.46436793,-0.07297213,0.35137653,-0.105589174,-0.24275413,0.10128376,-0.21195334,-0.23631908,0.041228745,0.29615948,-0.47880623,0.21897663,-0.37643614,0.10980087,-0.17205748,-0.5775502,-0.24257945,0.3995244,-0.0049149296,-0.2164004,0.45461744,-0.4973843,-0.14564338,-0.012560615,-0.5316703,-0.30994725,0.045487978,0.70619345
0.06492083,0.48560613,0.10985587,-0.0030402592,0.0011192717,-0.30111414,0.13787065,0.088449776,0.1349668,0.04686261,-0.010919438,-0.14405087,0.13066107,0.21716976,0.40561214,0.37792405,0.11636239,-0.08949736,-0.37394264,-0.15349708,0.46362185,-0.004066485,0.40981975,0.44822273,-0.15574013,0.25812536,0.37440634,0.26705498,-0.28745827,-0.36691737,-0.38195235,0.18623082,0.16556032,0.06654105,1.0,-0.32159597,0.35197225,-0.1476359,0.04226085,-0.289619,-0.5305106,-3.6653466e-05,0.07351882,-0.1675455,0.030067967,0.18716648,-0.1277638,0.23452808,0.092136174,-0.048260834,-0.62378395,0.18685663,0.24485977,0.1297827,0.22927673,0.2881515,-0.40157208,0.13651076,-0.2077334,0.021530477,-0.09751248,0.097171836,-0.24938941,-0.12794445,-0.027298074,-0.37874842,-0.116100565,0.07713061,-0.09026369,-0.24221194,-0.43033394,-0.026184002,0.05288743,-0.49815172,-0.33163658,-0.07489712,-0.5090419,-0.54199165,-0.4218334,-0.18903834,-0.34303537,-0.5673449,-0.3082785,0.55533993,-0.30277917,-0.15212198,-0.14332196,-0.20105277,-0.05066668,0.08179389,-0.33269703,0.14448574,-0.3061288,-0.1423271,0.24226172,-0.101274066,0.1278295,-0.067041814,0.19470003,-0.22822133
0.28280833,-0.24942936,-0.21922351,0.120017886,-0.13079996,0.33516654,-0.41086426,-0.44778082,0.116846845,-0.14023127,-0.16876115,0.55142653,0.2965776,0.19253823,-0.60103846,-0.6828392,-0.21442774,0.0965478,0.26653275,0.10885342,-0.5335334,-0.09171872,0.07033467,0.0065905973,0.08767193,-0.5083102,0.113775074,-0.24714465,0.4932422,0.6726616,0.7084168,-0.19957748,-0.10838511,0.04751401,-0.32159597,1.0,0.15626235,-0.049711473,0.10457668,0.49144158,0.1576771,0.029421015,0.018335342,0.13984853,0.37589988,0.2778763,0.11346959,-0.0040068016,-0.0143345455,-0.0026408036,0.63850945,-0.21235009,-0.29292658,0.06489465,-0.37573066,-0.35037288,0.5005591,-0.14750062,-0.21497114,0.39752036,-0.23897147,-0.1766084,0.34942067,0.10234109,-0.0738206,0.39515206,0.13657805,0.23126794,-0.112703234,0.11485973,0.43414372,0.17203219,-0.1415879,0.3049345,0.41502544,0.046137232,0.66490895,0.54691976,0.7218473,0.50782937,0.27708197,0.3359029,0.20845321,-0.33091143,0.13779302,-0.02450884,0.1518973,0.4603507,-0.27988017,-0.43993834,0.32543367,0.012439076,0.35862413,0.12885474,0.30048302,0.74365586,0.38473773,0.53488207,0.29138404,0.23501763
0.4773277,0.2596827,0.32141954,-0.20831488,-0.5142427,-0.28045523,-0.18856898,-0.042002425,0.34225264,0.3024326,-0.58985764,-0.18706122,0.57619977,0.62317365,0.12357274,0.020149155,0.1631432,0.12175148,-0.30443376,-0.07978916,0.50996286,0.08201097,0.6530947,0.69061595,-0.29620472,0.10961246,0.74093854,0.5604497,-0.10603887,0.037022606,0.10278767,0.5272146,0.4603508,0.007360943,0.35197225,0.15626235,1.0,0.0013105642,0.10792444,-0.3211279,-0.69930273,-0.1804354,0.41484424,0.03622555,0.38608137,0.6764576,-0.2043476,0.011145159,-0.31742844,-0.41376027,-0.26646587,-0.112143695,0.07272491,0.35031626,0.26809356,0.3718167,-0.3085412,0.20975113,-0.34096685,0.10115863,-0.30316117,-0.37012523,-0.21573687,-0.2881391,-0.057167374,-0.34518614,-0.14280294,0.10670633,-0.21128707,-0.57822543,-0.33875984,-0.34984878,-0.26527324,-0.49015427,-0.29710698,-0.25521705,-0.071977995,-0.18772377,0.030601867,-0.12508743,-0.6938238,-0.51287955,-0.20102026,0.37556565,0.20063171,-0.47697738,-0.07486204,0.28170967,-0.04485832,-0.15926413,-0.36908016,0.43103883,-0.18263158,0.08820585,0.20671758,0.13667192,0.49839908,0.019190822,0.62805164,-0.24074025
0.4443005,0.066241965,-0.11840392,-0.39323637,-0.081061184,0.15342027,0.39434382,0.17279641,0.4278402,-0.027640933,0.039369002,0.01320534,0.32638308,0.04191961,0.116468854,0.44396657,-0.46573186,-0.5417159,-0.33170122,0.106652714,0.06887294,0.09361524,0.16644765,0.01813331,-0.2526148,-0.15087555,-0.019236695,0.2952421,0.09518927,0.19277196,-0.14336772,-0.23441003,0.08106251,-0.53496003,-0.1476359,-0.049711473,0.0013105642,1.0,0.116671175,-0.09210646,-0.06458967,0.20473789,0.48845568,0.439314,0.49914664,0.2662233,-0.20192195,-0.5507913,-0.28134608,0.10736394,0.30547357,0.16521655,-0.023579301,0.72510767,0.504918,-0.36609766,0.21713738,0.85432416,0.46334592,0.4796404,0.014605804,-0.05670604,0.2766143,-0.0350644,-0.61198103,0.23750359,0.31369317,0.41689858,-0.08016365,0.06735038,0.47160703,0.17423701,-0.2519618,-0.10634333,0.28401542,0.17053743,0.15035816,0.23332195,0.39843833,-0.03639494,-0.17863053,0.10467786,-0.1232681,0.14362666,0.16298589,0.008559835,0.2615558,0.36703312,0.64820886,0.10340587,-0.031963386,0.57806647,0.14116883,0.7142472,-0.19561645,0.26611364,0.54485995,-0.16696197,0.17590082,-0.21295519
0.47757894,-0.55226904,0.29350796,0.43394786,-0.038274482,-0.55892056,0.040662706,0.45704466,-0.049314592,0.23352022,-0.07610107,-0.46411967,0.24879044,-0.16441971,-0.17880401,-0.19536674,0.48366615,0.36327538,0.075034276,0.44598725,-0.10327367,-0.86347735,-0.21191977,0.3888223,-0.077757336,-0.43887463,-0.25105208,-0.16426961,0.053096533,0.22719388,0.29934695,-0.060162783,-0.6323019,0.48001325,0.04226085,0.10457668,0.10792443,0.116671175,1.0,0.3005395,-0.03420157,-0.64815253,-0.49683815,-0.68329114,-0.28023103,0.24541901,0.23802829,0.19377568,0.6069377,-0.023282034,0.03964726,-0.7688271,-0.5175131,0.16778922,-0.36614895,-0.081052154,0.35417405,0.21340229,0.3495327,0.34584454,-0.070147544,0.5939333,0.78267795,0.8048446,0.1548589,0.34653535,0.85576004,-0.11773939,-0.22657362,0.22002698,0.44188717,0.42573047,-0.1769538,-0.4550482,0.46660748,-0.46320862,-0.09346211,0.59719884,0.1163864,-0.48700747,-0.2967442,0.38445356,-0.7049882,0.52902967,-0.22619396,-0.48395768,-0.47527546,-0.119703926,0.41157067,0.19868,-0.55650556,0.0010186975,0.2047982,-0.28355366,-0.548124,0.066284366,-0.029587874,-0.51551723,0.20031013,0.4243653
0.008617364,-0.11237756,-0.13109311,0.6741403,0.57939065,0.18331173,0.09952501,0.08837201,-0.04945467,0.12572841,0.36557314,0.20615046,0.0086206505,-0.31378052,-0.27375308,-0.2883823,0.1618528,0.45269904,0.57055235,0.48788458,-0.52110046,-0.24058054,-0.46575287,-0.019539315,0.6376515,-0.33576682,-0.4088235,-0.81644195,0.2888576,0.5781232,0.157065,-0.5740887,-0.63615215,0.51687676,-0.289619,0.49144155,-0.3211279,-0.09210646,0.3005395,1.0,0.49422124,0.021566639,-0.40436652,-0.13128716,-0.26387352,-0.07280575,0.72013426,0.30780885,0.63496196,0.7030652,0.55546844,-0.19374147,-0.08868921,-0.124241285,-0.5574173,-0.29894602,0.7793527,-0.09131025,0.1048238,0.46723804,0.28643265,0.44918865,0.4977018,0.61166734,0.27683166,0.21525723,0.5037554,0.4329208,0.46881434,0.7308195,0.64554137,0.77854586,0.45414242,0.36962125,0.83696634,0.281688,0.19465318,0.38243398,0.37361532,0.21715146,0.50925606,0.65819573,-0.056853134,-0.066828966,-0.42930773,0.4609105,0.22751345,-0.13658941,-0.10778902,0.2352922,0.40881047,-0.07709586,0.78302306,0.058962643,0.19085062,0.5362065,-0.14468676,0.0017598496,0.012400362,0.7399465
-0.18220274,-0.37278312,0.14562593,0.25766703,0.5675362,0.496636,0.24401464,0.19094788,0.042252567,0.2466002,0.43899104,0.21869145,-0.24732693,-0.75571305,-0.19538714,-0.17578797,-0.0064551933,0.3055098,0.7496013,0.2469139,-0.58115256,-0.0063861473,-0.8148773,-0.66082627,0.66449946,-0.0934358,-0.80661905,-0.6997088,0.24177046,0.39269602,-0.00403635,-0.28717628,-0.5170462,0.1875933,-0.5305106,0.1576771,-0.69930273,-0.06458967,-0.03420157,0.49422127,1.0,0.028523304,-0.3663289,0.084063664,-0.45041984,-0.40180442,0.61298805,0.0068641594,0.28040856,0.47603682,0.5499641,0.010698632,0.0683736,-0.17307363,-0.27722198,-0.080018185,0.53653896,-0.32627136,0.4822757,-0.047670603,0.5741429,0.36785877,0.31154108,0.38691738,0.2790917,0.30924228,0.27314582,-0.06540799,0.533184,0.79131883,0.5443735,0.4709916,0.5084582,0.42538044,0.46520257,0.51864445,0.43452018,0.3703258,0.29096016,0.31017035,0.76588756,0.80972177,0.18621157,-0.3556217,-0.13561621,0.58941627,0.20165294,-0.041357312,-0.004406874,0.2834988,0.5978449,-0.22486596,0.54823995,0.052606322,-0.22866373,0.07344508,-0.5146654,-0.03833109,-0.26205596,0.6248421
-0.13505849,0.5640908,-0.40695503,-0.1594716,0.3099068,0.66896695,0.17782559,-0.384423,0.08051293,-0.29078093,0.33447453,0.62166077,-0.0101829525,0.14402336,0.35041094,0.35481724,-0.58245546,-0.4706251,-0.008535503,-0.048953246,-0.036258705,0.60805833,0.24674772,-0.2320696,0.16538623,0.39318734,0.22283165,-0.0451195,0.06558712,-0.04683208,-0.3201903,-0.16987118,0.37146965,-0.35421833,-3.6653466e-05,0.029421015,-0.1804354,0.20473789,-0.64815253,0.021566639,0.028523305,1.0,0.61305046,0.52585405,0.46580523,0.0484095,-0.22573774,-0.35056835,-0.24483655,0.32325298,0.26800913,0.8398373,0.57032514,0.03302397,0.2715243,-0.021872317,-0.035407655,0.04743045,-0.19280787,0.27064803,0.039093804,-0.27870965,-0.32743394,-0.43626252,-0.28639022,0.027219934,-0.39721954,0.42171803,0.17014138,-0.0043011345,-0.091774516,0.024435537,0.22436383,0.57490766,-0.01662408,0.623858,0.21235956,-0.34117532,0.19480978,0.64609057,0.35761198,-0.24722002,0.42209077,-0.39865008,0.13525116,0.6318771,0.827823,0.14783826,-0.20902865,-0.06488826,0.642413,0.34072712,0.019115876,0.41162276,0.5908708,0.35595492,0.33316168,0.5774835,0.0072229947,-0.38907716
0.3352643,0.50545233,-0.042201485,-0.59407926,-0.2690146,0.45683837,-0.0021714033,-0.35950792,0.48183343,-0.04037216,-0.16886365,0.4087178,0.43646485,0.4761882,0.30308923,0.3839413,-0.4795531,-0.45027494,-0.28401265,-0.2312507,0.42621416,0.6232437,0.67023814,0.12519468,-0.23029235,0.34798774,0.55152404,0.53913414,-0.02009764,-0.0019627928,-0.24243012,0.29802465,0.72416264,-0.59066206,0.07351881,0.018335342,0.41484424,0.48845568,-0.49683815,-0.40436652,-0.36632887,0.6130505,1.0,0.6571502,0.7982619,0.521571,-0.47156185,-0.4874745,-0.7258747,-0.18876906,0.069494285,0.5938007,0.46459284,0.51874965,0.6502861,0.19992694,-0.25422955,0.36442888,-0.15871723,0.1877423,-0.17539278,-0.6480843,-0.4340891,-0.7140248,-0.4315134,-0.07508055,-0.42266455,0.34075898,-0.078359105,-0.4409455,-0.23274542,-0.3829349,-0.15095188,0.08262125,-0.29327872,0.3859564,0.2711202,-0.32956687,0.25965118,0.45352387,-0.17224008,-0.52598894,0.20711888,-0.21658282,0.4761411,0.11913126,0.56132936,0.5682688,-0.0060092113,-0.25761566,0.27651983,0.6844781,-0.25081804,0.51293844,0.36695287,0.28669122,0.6762608,0.4701276,0.44279522,-0.58190346
-0.1092983,0.4783279,-0.22957554,-0.55751675,0.009118687,0.63492846,0.17181046,-0.33048517,0.5024535,-0.03536701,-0.082410365,0.45688865,0.08230485,0.046613876,0.058086976,0.27457774,-0.58724356,-0.4491925,-0.14057383,-0.36933607,-0.019285386,0.82961047,0.22552124,-0.3102175,0.05125612,0.087988265,0.19806047,0.22564785,0.091033466,0.17569548,-0.19699119,-0.1812601,0.53304815,-0.66492087,-0.16754548,0.13984853,0.03622555,0.439314,-0.68329114,-0.13128716,0.084063664,0.52585405,0.65715015,1.0,0.52972925,-0.026340812,-0.114120856,-0.50674593,-0.61715907,0.18502349,0.2944953,0.68167543,0.35073164,0.3988001,0.5575181,-0.17075303,0.023161583,0.3215482,0.065087676,0.11804362,0.12459353,-0.58378917,-0.41781092,-0.6467408,-0.4028953,-0.08919707,-0.47137353,0.56064564,0.26912034,-0.015354741,0.07298089,-0.15295543,0.094013296,0.311954,-0.1245973,0.58379453,0.32799032,-0.25473738,0.33543953,0.45013228,0.19000417,-0.13607751,0.56928873,-0.29241768,0.1830949,0.43813735,0.5092391,0.48187926,-0.04684129,-0.14379038,0.5187096,0.3359337,0.13014187,0.80133307,0.42474285,0.28201455,0.38870576,0.34278992,0.012928406,-0.3094464
0.43727002,0.2237262,-0.34476164,-0.54900336,-0.50862056,0.38822955,-0.24269915,-0.6055864,0.41512108,-0.3696765,-0.31199586,0.5627824,0.4918059,0.60599077,-0.1624623,-0.023403825,-0.62231946,-0.62563944,-0.45390573,-0.30839112,0.06123538,0.30941635,0.77184194,0.1532299,-0.50492597,-0.13238351,0.568346,0.50833297,0.3124559,0.2179328,0.20729022,0.073028214,0.62214124,-0.6829665,0.030067965,0.37589985,0.38608137,0.49914664,-0.28023103,-0.2638735,-0.4504198,0.4658052,0.79826194,0.52972925,1.0,0.5603943,-0.6135577,-0.5216404,-0.6504464,-0.3422736,0.2651012,0.33640346,0.032930627,0.5496993,0.39063275,-0.22736837,-0.08462413,0.39753854,-0.31764293,0.3972518,-0.48218393,-0.6521514,-0.10568765,-0.5764089,-0.6052615,0.24820647,-0.25609565,0.3676406,-0.42387366,-0.5105485,-0.047840744,-0.35470793,-0.5187274,0.12929256,-0.12657039,0.10033358,0.440827,0.025502373,0.52510923,0.49411955,-0.16154508,-0.4022164,0.24473593,-0.25377175,0.48868164,-0.17184743,0.38491827,0.73504645,0.025026834,-0.59429514,0.090305954,0.51017576,-0.2930305,0.44289532,0.43373373,0.5437125,0.91321886,0.63052505,0.44824085,-0.6017695
0.88404995,0.07636092,0.3463079,-0.18568987,-0.41087252,0.069065005,-0.15801537,-0.07087804,0.49856287,0.31493738,-0.36287278,0.115906015,0.87345654,0.5299424,0.039746866,-0.030612778,-0.04690577,0.06785898,-0.024697628,0.24432594,0.26947567,-0.099961944,0.5411394,0.59769064,-0.1418808,0.04957384,0.40023482,0.26314887,0.12137362,0.33052185,0.09775684,0.4949085,0.21000536,0.005118959,0.18716647,0.27787632,0.6764576,0.26622328,0.24541901,-0.07280575,-0.4018044,0.0484095,0.521571,-0.02634081,0.5603943,1.0,-0.12951969,-0.17598023,-0.27752984,-0.2932984,0.16583544,-0.12176698,0.1261049,0.5375665,0.14509179,0.31984916,-0.009850579,0.273438,-0.14994377,0.41737136,-0.2591211,-0.19260223,0.17115144,-0.0810099,-0.25029114,0.028118717,0.23391487,0.14920422,-0.21250333,-0.3099034,0.051624343,-0.08767656,-0.29587322,-0.3044584,0.14097345,0.025862155,0.31658533,0.16355833,0.44006154,0.24123599,-0.44813123,-0.17328365,-0.38548478,0.068667725,0.39937884,-0.28673387,0.30488637,0.5246297,0.153226,-0.19912602,-0.11381768,0.72134864,-0.011206429,0.13901415,0.14688608,0.4662436,0.6776884,0.22436339,0.91945624,-0.080755286
-0.023284055,-0.038254905,0.37596285,0.6111674,0.6598513,0.09718682,0.3270864,0.4452532,0.15145294,0.61882454,0.3233675,-0.12636179,0.024062172,-0.54793644,-0.029767288,-0.03856428,0.4443285,0.7188695,0.71123326,0.47789973,-0.250062,-0.11061737,-0.6542453,-0.014980136,0.86358124,-0.06415455,-0.5379637,-0.7721623,0.030759862,0.43232414,-0.21516837,-0.25916997,-0.6205869,0.65053385,-0.1277638,0.11346959,-0.20434761,-0.20192195,0.23802829,0.72013426,0.61298805,-0.22573775,-0.47156185,-0.11412086,-0.61355776,-0.12951969,1.0,0.4346836,0.5784357,0.70529413,0.30242467,-0.17527357,0.15188825,-0.094577946,-0.3682539,0.12954742,0.6107239,-0.14088254,0.35365522,0.17582175,0.6351143,0.53086704,0.27883798,0.5799907,0.510249,-0.13993515,0.45022103,0.24631509,0.77495426,0.80172235,0.4704415,0.7156828,0.7184727,0.015657075,0.6075574,0.4256747,0.023444787,0.11675497,0.092726424,-0.0018896476,0.36479536,0.6389413,-0.18145207,0.17952898,-0.5324363,0.52597934,0.111579806,-0.28216207,-0.07312175,0.55244744,0.3514174,-0.028074108,0.8234543,0.049617775,-0.008569456,0.17370652,-0.47223514,-0.36500597,0.05373182,0.9311975
-0.1743276,-0.086448915,0.122666046,0.52596086,0.19371137,-0.3948269,-0.22993267,0.12558438,-0.33729234,0.08791947,0.22827037,-0.16919467,-0.16136487,0.05743668,-0.06891035,-0.22528775,0.53219706,0.54904824,0.22693624,0.21480069,0.1424583,-0.27304044,-0.20798896,0.23180845,0.2826985,0.035051867,0.0068621323,-0.31144577,-0.11523502,-0.11764126,-0.015515696,0.021424726,-0.2821263,0.66612864,0.23452806,-0.0040068016,0.01114516,-0.5507913,0.19377567,0.30780885,0.006864159,-0.35056835,-0.48747453,-0.50674593,-0.5216404,-0.17598023,0.4346836,1.0,0.44173923,0.08899066,-0.3526571,-0.3751035,-0.054541457,-0.47949317,-0.48912674,0.14061336,0.0772381,-0.33133483,-0.2927905,-0.23684533,0.048517816,0.32609448,-0.03281656,0.29010046,0.48160937,-0.20881175,0.087320745,-0.24320759,0.18235599,0.1288407,-0.19906671,0.1388258,0.24624398,-0.08228033,0.057377733,-0.18769279,-0.3562782,-0.18571544,-0.46857145,-0.2595741,0.0934174,0.0022610242,-0.23163137,0.15783055,-0.49838558,0.010606914,-0.32471234,-0.4905577,-0.40596378,0.12601982,-0.04539803,-0.29326552,0.120340064,-0.5435233,0.04127543,-0.16043444,-0.47800848,-0.15845798,-0.064074434,0.5098639
-0.14642872,-0.21066718,0.05761759,0.8465947,0.6268596,-0.31469107,0.27354425,0.4372672,-0.33236498,0.15475209,0.42426187,-0.28693202,-0.23920631,-0.4651977,0.05650669,-0.034348976,0.4999797,0.47560924,0.35637978,0.46130633,-0.27717364,-0.5800222,-0.5306206,0.09692505,0.44822094,-0.17460287,-0.4181495,-0.6792579,-0.043211818,0.07014141,-0.03245286,-0.4212723,-0.7863984,0.71003956,0.092136174,-0.0143345455,-0.31742844,-0.28134608,0.6069377,0.63496196,0.2804086,-0.24483657,-0.7258747,-0.61715907,-0.6504464,-0.27752984,0.5784358,0.4417392,1.0,0.5656112,0.030109137,-0.33615533,-0.14005375,-0.31259945,-0.5528064,-0.057287347,0.4438589,-0.14162092,0.24854553,0.28364578,0.2939848,0.8162798,0.51941854,0.8573373,0.48385563,0.11500976,0.6128191,0.062252373,0.26050898,0.6029213,0.32481447,0.7380668,0.44674546,-0.047857262,0.53018343,-0.07857879,-0.3126808,0.21368422,-0.15151687,-0.27732763,0.23300175,0.4401462,-0.3919583,0.42482394,-0.6506924,0.16399735,-0.20167089,-0.588692,0.039555416,0.49779138,-0.10104243,-0.29949623,0.45288593,-0.33258995,-0.16313472,0.031901956,-0.45415354,-0.42259824,-0.22441551,0.6135209
-0.2564313,0.35186893,-0.102860376,0.52058107,0.8935521,0.27625883,0.592116,0.2984996,0.054548826,0.25577974,0.5820968,0.056567166,-0.17775337,-0.5281218,0.25317523,0.351016,0.06909012,0.22467835,0.42920095,0.40098327,-0.24180302,0.15131348,-0.46613356,-0.10757295,0.7481646,0.025582116,-0.40873232,-0.71397007,-0.08022079,0.22414061,-0.42531297,-0.6318916,-0.50059503,0.31499898,-0.048260834,-0.0026408036,-0.41376024,0.10736395,-0.023282034,0.7030652,0.47603682,0.32325298,-0.18876907,0.18502349,-0.3422736,-0.2932984,0.70529413,0.08899066,0.5656111,1.0,0.34847647,0.32003164,0.30048996,-0.039949838,-0.13100353,-0.1303349,0.5860943,0.14027068,0.40342128,0.42785755,0.56589234,0.44354746,0.1434038,0.406893,0.20444778,-0.113427065,0.2820053,0.6200502,0.7319848,0.81434757,0.488117,0.84526396,0.7745409,0.2450836,0.60121226,0.606674,-0.104511864,-0.06781906,0.10578656,0.13043945,0.4592536,0.4344269,0.026166022,0.16136126,-0.55788386,0.7771116,0.42215165,-0.33877322,0.0058588246,0.5841512,0.4902627,0.06436301,0.7723104,0.38195938,0.23086603,0.3092042,-0.23525855,-0.21921119,-0.1911462,0.536532
0.2813631,-0.2714504,-0.13672413,0.12886639,0.18750367,0.6429161,0.0128194615,-0.19782573,0.25414217,0.028611962,0.07089093,0.51160485,0.28308007,-0.21472771,-0.45471123,-0.35156962,-0.32804862,0.005084822,0.48404342,0.33361444,-0.6695035,-0.0044540735,-0.24887305,-0.27686813,0.34317353,-0.42033044,-0.37615472,-0.49702024,0.54649377,0.7605683,0.33646095,-0.35372052,-0.2650969,-0.07051497,-0.623784,0.63850945,-0.26646587,0.30547357,0.039647255,0.55546844,0.549964,0.26800913,0.069494285,0.2944953,0.2651012,0.16583546,0.30242467,-0.3526571,0.030109137,0.34847644,1.0,0.01978628,-0.09834058,0.2280896,-0.25201526,-0.3665834,0.72419184,0.052486088,0.26126072,0.5852718,0.12841201,-0.0062507247,0.5050454,0.2527859,-0.1248308,0.5278055,0.35721573,0.36407527,0.18753688,0.46771383,0.7315559,0.43713528,0.075784646,0.45198888,0.6791512,0.4432852,0.8016757,0.64823383,0.8876428,0.59785897,0.438384,0.6655826,0.2162844,-0.41541758,0.16421232,0.34951708,0.52064306,0.46378115,0.07828874,-0.11717941,0.542763,0.20974258,0.604954,0.42150268,0.12321189,0.69957435,0.28868836,0.31904313,0.20431001,0.3523064
-0.276309,0.68113244,-0.21361326,-0.31621033,0.30858052,0.6315022,0.342226,-0.24867103,0.2873338,-0.13040267,0.2009709,0.45547682,-0.062217914,-0.026557738,0.4333597,0.563997,-0.5224644,-0.4751222,-0.12412118,-0.28993413,0.1335124,0.7918026,0.22570676,-0.32711053,0.14256665,0.46284407,0.18994597,0.1140343,0.0067047575,-0.13610163,-0.51632017,-0.08806845,0.5396958,-0.48945287,0.18685661,-0.21235009,-0.1121437,0.16521655,-0.7688271,-0.19374147,0.010698632,0.8398373,0.5938007,0.68167543,0.33640346,-0.12176698,-0.17527355,-0.3751035,-0.33615533,0.32003164,0.019786278,1.0,0.7089254,0.14671895,0.537416,0.10079776,-0.24731778,0.11137559,-0.1090297,0.06556161,0.2570793,-0.30753177,-0.52468616,-0.5817478,-0.20089537,-0.22672877,-0.5491502,0.4307154,0.33946922,-0.013377318,-0.23621714,-0.07559154,0.34811696,0.32346773,-0.2488633,0.6786683,0.040812705,-0.60351676,-0.011984571,0.49649662,0.26704472,-0.35322464,0.5290337,-0.19263177,-0.047753975,0.6142606,0.67234176,0.13079253,-0.15067987,0.05379842,0.52795327,0.31028065,-0.08074601,0.50148493,0.54756606,0.08402661,0.21496916,0.38616285,-0.06592664,-0.4415328
-0.0167338,0.5766748,0.35547248,-0.06590446,0.3656014,0.49822292,0.30320784,0.17855784,0.34373245,0.31424218,0.18695082,0.17077892,0.16504182,-0.007755621,0.62223107,0.5802905,-0.21572915,0.0051112175,0.18940794,-0.009132948,0.32847977,0.6414382,-0.00034464413,-0.17602889,0.45831203,0.78702956,0.065976575,-0.045988925,-0.06501578,-0.07321799,-0.6709227,0.3087991,0.33922112,-0.021399405,0.24485977,-0.29292658,0.072724916,-0.023579301,-0.5175131,-0.08868921,0.06837359,0.57032514,0.46459284,0.3507316,0.032930627,0.1261049,0.15188824,-0.05454146,-0.14005375,0.30048996,-0.09834058,0.7089254,1.0,0.15313183,0.513289,0.5763701,-0.33317757,-0.07766288,-0.07008932,-0.024302106,0.5268222,0.04500253,-0.41307378,-0.31308058,0.13930929,-0.46399608,-0.28505868,0.16230904,0.57074803,0.08331786,-0.25620228,0.00053618196,0.5556977,0.077828184,-0.08103897,0.62955123,-0.0764265,-0.63386744,-0.14778371,0.40339366,0.15813299,-0.23349343,0.09666173,-0.09801138,-0.09180127,0.6183113,0.6614553,-0.04729006,-0.06922342,0.4212376,0.48694777,0.49619862,0.08125507,0.29151535,0.32552966,-0.070243016,-0.00017648104,0.16092171,0.25242653,-0.09496298
0.6562881,0.09650601,0.2418364,-0.38499537,-0.22871487,0.23406643,0.28764132,0.13799329,0.840881,0.25814623,-0.28044084,0.04751974,0.6646138,0.08050213,0.024069395,0.3187515,-0.33700258,-0.30272493,-0.24960664,-0.006643155,0.15464692,0.10298388,0.3261526,0.15824638,-0.20062241,-0.12860356,0.060733646,0.3427837,0.32043856,0.4438071,-0.11582468,0.070111044,0.25354442,-0.47871122,0.1297827,0.06489465,0.35031623,0.72510767,0.16778922,-0.124241285,-0.17307363,0.03302397,0.51874965,0.3988001,0.54969925,0.5375665,-0.094577946,-0.47949317,-0.31259945,-0.039949838,0.2280896,0.14671895,0.15313184,1.0,0.5865101,-0.05735913,0.08699715,0.7146353,0.2656864,0.4991166,0.09021392,-0.10547178,0.28412676,-0.08576782,-0.3885503,0.095502004,0.29779416,0.43288335,0.0067531792,-0.03344629,0.34471846,0.07983947,-0.1894287,-0.3801072,0.20221758,0.22987722,0.26240367,0.12132519,0.47277853,0.13320556,-0.26952645,-0.0064611253,-0.17418595,0.2623762,0.107647575,-0.11681801,0.24536978,0.6528863,0.56313485,0.026364567,-0.10664871,0.7304844,0.04945132,0.6000459,-0.02753543,0.31186175,0.66363513,-0.060735043,0.5700818,-0.15651697
0.11649538,0.41186973,0.2176408,-0.5841204,-0.15954992,0.20715931,0.31380615,0.18993211,0.47123998,0.08480605,-0.1376745,-0.079910554,0.17079173,0.13916335,0.4674164,0.66201806,-0.39853197,-0.46806526,-0.4266981,-0.35636112,0.46256912,0.579147,0.29681796,-0.12064673,-0.23075451,0.4730096,0.23563623,0.6098984,-0.15032804,-0.20574057,-0.4838452,0.26169354,0.55483687,-0.59516263,0.22927673,-0.3757307,0.26809353,0.504918,-0.36614895,-0.55741733,-0.277222,0.2715243,0.6502861,0.55751806,0.39063275,0.14509177,-0.3682539,-0.48912674,-0.5528063,-0.13100353,-0.25201526,0.5374159,0.513289,0.5865101,1.0,0.27218196,-0.49944,0.44478863,0.1441446,-0.06739721,0.20321642,-0.25607705,-0.38482168,-0.53325224,-0.2896325,-0.32497683,-0.31119496,0.13435125,0.09457829,-0.27243054,-0.22005296,-0.32465357,-0.023281533,-0.27048877,-0.3548986,0.2151724,-0.14319243,-0.4596496,-0.088944376,0.024486307,-0.29999483,-0.4146787,0.09305938,0.14411256,0.17841215,0.06296255,0.24259886,0.21064478,0.36632147,0.20245765,-0.026028857,0.49132666,-0.2585592,0.5441334,-0.05707414,-0.2236496,0.3305813,-0.05839144,0.14082661,-0.53798604
0.13601322,0.20150663,0.74345255,0.052933518,0.06664189,0.0035029345,0.011864037,0.27895656,0.13561551,0.56235206,-0.059125476,-0.2238946,0.1949853,0.017901877,0.5188848,0.2912608,0.4268955,0.47587013,0.30549508,0.03909982,0.5251465,0.16916603,0.03134199,0.18642695,0.30011836,0.6978139,0.12783143,0.098524496,-0.3961288,-0.27019268,-0.44895327,0.72989726,0.15148357,0.35745886,0.2881515,-0.35037288,0.3718167,-0.36609766,-0.081052154,-0.298946,-0.08001819,-0.021872317,0.19992694,-0.17075303,-0.22736837,0.3198492,0.12954742,0.14061336,-0.057287347,-0.1303349,-0.3665834,0.10079776,0.5763701,-0.05735913,0.27218196,1.0,-0.4059941,-0.36567003,-0.0038632832,-0.29469985,0.2572748,0.034217168,-0.37700823,-0.13243647,0.47646368,-0.4090626,-0.1671299,-0.322183,0.2538476,-0.1465284,-0.4734882,-0.21243545,0.37507585,-0.30536136,-0.34113017,0.17828757,-0.15660876,-0.43712905,-0.32367104,0.057444494,-0.2012459,-0.30839473,-0.2910962,0.109810494,0.13329507,0.08181922,0.10682128,-0.14732182,-0.16555856,0.3236682,0.03340431,0.23337844,-0.13112523,-0.2760839,-0.088188395,-0.31065208,-0.2356233,-0.06461374,0.35873616,0.049096175
0.15217347,-0.25686523,-0.15295263,0.49366874,0.45047358,0.21828657,0.15120359,-0.0046978723,0.100177154,0.1455338,0.33270073,0.25904867,0.09370564,-0.3758044,-0.3947498,-0.28751987,0.12494332,0.28419068,0.4966138,0.43108475,-0.54604536,-0.30714586,-0.36206272,0.013343384,0.46590254,-0.5800607,-0.41279465,-0.64810807,0.2627532,0.61096454,0.22637458,-0.6215681,-0.60347366,0.27556205,-0.40157205,0.50055903,-0.3085412,0.21713738,0.35417408,0.77935266,0.53653896,-0.03540766,-0.25422952,0.023161585,-0.08462413,-0.009850579,0.6107239,0.0772381,0.4438589,0.5860943,0.72419184,-0.24731779,-0.33317754,0.08699715,-0.49944007,-0.4059941,1.0,0.15136859,0.38130426,0.57678,0.140906,0.25378472,0.561402,0.5675077,0.116182685,0.4817582,0.56360066,0.46250618,0.28309202,0.6867005,0.75364,0.7471549,0.2763087,0.27901933,0.75168395,0.33711588,0.4255584,0.5970384,0.585481,0.19897348,0.4535202,0.69403994,-0.085708134,0.01133228,-0.24620798,0.33568567,0.1462571,0.117729016,0.018923491,0.07431459,0.37846085,0.0011985154,0.7482175,0.1988646,0.042677496,0.6612574,0.008474866,-0.026909728,0.033549685,0.6860926
0.4175751,0.19637509,-0.08715932,-0.31949952,-0.11913185,-0.12280132,0.4085186,0.22463869,0.45948884,0.03453809,-0.10600873,-0.16897678,0.41212827,0.09757801,0.14246206,0.49493653,-0.2983029,-0.47086954,-0.494799,0.10629778,0.21651854,0.0019668469,0.2907905,0.29163608,-0.3252628,-0.22507659,0.12601183,0.3555243,0.0050679953,0.09451964,-0.1590545,-0.2872275,0.1116165,-0.4296359,0.13651074,-0.14750062,0.20975111,0.8543241,0.21340229,-0.09131025,-0.32627138,0.047430452,0.36442888,0.3215482,0.39753857,0.273438,-0.14088254,-0.33133486,-0.14162092,0.14027068,0.052486088,0.1113756,-0.07766288,0.71463525,0.44478863,-0.36567003,0.15136859,1.0,0.3422503,0.4707842,-0.07512811,-0.020987099,0.23054048,0.0023676485,-0.580065,0.012912798,0.33016938,0.5305573,-0.09999563,-0.010759493,0.35208187,0.2032101,-0.25836447,-0.35982522,0.22543739,0.043678533,-0.12054434,0.08020856,0.20610586,-0.27863753,-0.4215497,-0.04639433,-0.24692489,0.46500382,-0.10688873,-0.13747196,0.11238072,0.2717975,0.6350359,0.11305299,-0.27875537,0.6015378,0.098350726,0.65934336,-0.07415299,0.20660876,0.57601875,-0.32652977,0.25311524,-0.20516618
0.11770089,-0.22126213,0.3339017,0.037142143,0.3824964,0.044325545,0.542611,0.5669419,0.19727574,0.39564106,0.21578467,-0.31680202,-0.013700061,-0.6778946,0.18631628,0.34441915,0.09542556,0.09368163,0.27855855,0.31857342,-0.1286585,-0.16720462,-0.5240971,-0.20120521,0.28315443,-0.088329926,-0.6182833,-0.25271228,-0.24522078,0.06550859,-0.2720356,-0.21553285,-0.5409983,0.036781415,-0.2077334,-0.21497114,-0.34096685,0.46334592,0.34953272,0.1048238,0.4822757,-0.19280788,-0.15871723,0.065087676,-0.31764293,-0.14994377,0.35365525,-0.29279047,0.24854553,0.40342125,0.26126072,-0.10902971,-0.070089325,0.2656864,0.14414461,-0.0038632834,0.38130426,0.3422503,1.0,0.21585742,0.40652984,0.41784847,0.38454148,0.44925168,-0.022680981,0.169637,0.53572327,0.095609315,0.259403,0.6056919,0.59376764,0.5080786,0.27661762,-0.25585216,0.36341995,0.23925298,0.04537645,0.3269208,0.17360948,-0.2106478,0.055901,0.52450085,-0.33817956,0.2841079,-0.110005654,0.18116418,-0.02126807,-0.078739345,0.5112156,0.5121979,0.0021397748,0.13396363,0.42368796,0.3267972,-0.6060329,-0.06271879,-0.20586744,-0.5517552,-0.112216935,0.34872347
0.4760122,0.07894474,-0.14437263,0.26899472,0.21797907,0.2634863,0.2310495,-0.042673063,0.33632007,0.011946284,0.08052348,0.27934718,0.4673713,0.051853694,-0.07984427,0.063578285,-0.18896022,-0.10510351,0.04107868,0.35110557,-0.2695845,-0.15429386,0.15196827,0.25252044,0.13888708,-0.32632372,0.01199688,-0.26207218,0.32428968,0.5339769,-0.0025342659,-0.37157914,-0.22513804,0.014309866,0.02153048,0.39752036,0.101158634,0.4796404,0.34584454,0.467238,-0.047670603,0.27064803,0.1877423,0.118043624,0.39725184,0.41737133,0.17582174,-0.23684534,0.28364578,0.4278576,0.58527184,0.06556161,-0.024302106,0.49911666,-0.06739721,-0.29469985,0.5767801,0.47078425,0.2158574,1.0,0.029746281,0.18944064,0.5404011,0.34280753,-0.20203389,0.37160385,0.53033364,0.6987358,0.084383585,0.29988426,0.56720275,0.58066237,0.04735617,0.0040670773,0.63714796,0.27404645,0.31272608,0.32052466,0.6204808,0.3060741,0.016311506,0.2144834,-0.17749113,0.22115114,-0.19467038,0.15944234,0.424091,0.27531657,0.18055275,0.043337457,0.12929657,0.4788096,0.48110703,0.45640263,0.24429661,0.7474693,0.57220197,0.103308104,0.3970876,0.16925126
-0.114513405,0.08709508,0.44128558,0.2893153,0.65257937,0.31583032,0.6346227,0.6044665,0.25836837,0.5413716,0.4032648,-0.16272485,-0.10774619,-0.57505465,0.28915873,0.36618584,0.120458886,0.34373206,0.4384478,0.24529347,-0.041113254,0.26253843,-0.6243075,-0.40458906,0.68289137,0.33595034,-0.57147145,-0.45398915,0.09366449,0.25544,-0.5545136,-0.017870303,-0.28056526,0.22703837,-0.09751248,-0.23897147,-0.30316114,0.014605804,-0.070147544,0.28643262,0.5741429,0.0390938,-0.17539279,0.124593526,-0.48218393,-0.2591211,0.6351143,0.048517812,0.29398477,0.56589234,0.12841201,0.25707927,0.52682215,0.09021392,0.20321642,0.2572748,0.140906,-0.07512811,0.40652984,0.02974628,1.0,0.53830934,0.07179581,0.28712732,0.4260403,-0.27361497,0.19106036,0.117519595,0.8822287,0.66960716,0.25515068,0.43220937,0.7467408,-0.020888455,0.30875582,0.5182839,-0.07560808,-0.19297343,-0.10343686,0.062282864,0.37207943,0.4203957,0.12581703,0.075945355,-0.46258005,0.61655724,0.2815715,-0.28806728,0.13578813,0.7423257,0.37401065,0.084974244,0.5196611,0.24379481,-0.13840717,-0.212213,-0.4655366,-0.3751161,-0.09181362,0.46760744
0.061070647,-0.30931497,0.31691128,0.63755274,0.54893523,-0.23517826,0.41133803,0.7277326,-0.1616113,0.25603124,0.43367296,-0.38180238,-0.10328476,-0.4870012,0.16844703,0.13606049,0.2914844,0.33673778,0.30843136,0.5025517,-0.21818931,-0.5241577,-0.67838615,-0.09720425,0.4162015,0.031369906,-0.6015053,-0.54707927,0.027384073,0.07487081,-0.19978464,-0.1891993,-0.7601941,0.5786999,0.097171836,-0.17660841,-0.37012523,-0.05670604,0.5939333,0.44918862,0.36785874,-0.27870968,-0.6480843,-0.58378917,-0.6521514,-0.19260223,0.53086704,0.32609448,0.8162799,0.44354746,-0.0062507247,-0.30753177,0.045002528,-0.105471775,-0.25607705,0.034217164,0.2537847,-0.020987097,0.41784847,0.18944064,0.53830934,1.0,0.6084317,0.8448332,0.35823458,0.04192673,0.71375734,-0.13208733,0.33297256,0.6547161,0.41656983,0.66774803,0.39190963,-0.21555318,0.56210357,-0.051933948,-0.30536786,0.2083048,-0.17891826,-0.31430364,0.16433485,0.5365999,-0.49573427,0.3899125,-0.58720696,0.16990083,-0.117517434,-0.5662351,0.33881125,0.68502194,-0.112021625,-0.08966987,0.42486587,-0.19436589,-0.4258688,-0.16072416,-0.4540465,-0.54555947,-0.10343513,0.56075686
0.49913645,-0.6525424,0.12076507,0.35507149,0.065045685,-0.06180351,0.07456075,0.29516116,0.11141183,0.06365989,0.0086361095,-0.05773344,0.31797707,-0.30399048,-0.3988099,-0.30485064,0.014332376,0.10866948,0.22642751,0.4954453,-0.53277177,-0.7220414,-0.38956562,-0.029145475,0.047799997,-0.55681276,-0.51305175,-0.38665825,0.49240372,0.56071275,0.40448228,-0.2755854,-0.6254195,0.23605356,-0.24938942,0.34942067,-0.21573687,0.27661428,0.78267795,0.49770176,0.31154108,-0.3274339,-0.4340891,-0.41781095,-0.10568765,0.17115144,0.27883798,-0.03281656,0.51941854,0.1434038,0.5050454,-0.52468616,-0.4130738,0.28412676,-0.38482168,-0.37700823,0.561402,0.23054048,0.3845415,0.5404011,0.07179581,0.6084317,1.0,0.80084574,-0.04110271,0.5918265,0.90764797,0.034325574,-0.10879732,0.46008414,0.78626525,0.56510043,-0.1643904,-0.11383352,0.7601504,-0.15022516,0.31130216,0.80102426,0.5002094,-0.06998173,0.07634604,0.70307314,-0.4201516,0.16974941,-0.20350441,-0.18690628,-0.079175554,0.1466866,0.47815362,0.09882135,-0.17433424,0.11246087,0.38913232,0.0021103015,-0.40084666,0.32722577,0.120857485,-0.22966409,0.21305141,0.4481203
0.17794529,-0.5083975,0.224765,0.74443567,0.4376658,-0.3122192,0.22810024,0.5485138,-0.19429585,0.272834,0.2792633,-0.34918642,0.0022037372,-0.4728171,-0.1374781,-0.1707917,0.4312447,0.47290492,0.41380945,0.6196933,-0.38238394,-0.7525483,-0.61692405,0.08468746,0.36532295,-0.3506302,-0.5923123,-0.6220927,0.116517365,0.29899848,0.14371586,-0.31373692,-0.88493913,0.65756965,-0.12794445,0.10234109,-0.2881391,-0.0350644,0.8048447,0.61166734,0.38691735,-0.43626252,-0.7140247,-0.64674073,-0.5764089,-0.081009895,0.57999074,0.29010046,0.8573373,0.40689296,0.2527859,-0.5817478,-0.31308055,-0.08576782,-0.53325224,-0.13243647,0.5675077,0.0023676483,0.44925168,0.3428075,0.28712732,0.84483314,0.8008458,1.0,0.3680026,0.2802925,0.8681695,-0.051828977,0.16508044,0.64456916,0.6048005,0.75875944,0.24344233,-0.15915081,0.7052497,-0.15279964,-0.066055745,0.57462984,0.11890434,-0.31798735,0.11856501,0.69437057,-0.54225874,0.37002,-0.44990975,-0.013868105,-0.22432382,-0.36472276,0.32687536,0.45035067,-0.17518403,-0.13992585,0.5408243,-0.23292021,-0.44429523,0.10292961,-0.3344998,-0.5142278,-0.030161856,0.70202684
-0.27685106,-0.17443477,0.39165598,0.7186148,0.43487075,-0.11004833,-0.002359621,0.22829671,-0.19615088,0.35088435,0.25239545,-0.1911468,-0.2539975,-0.35483983,-0.025688332,-0.16318974,0.6950951,0.70376426,0.45030206,0.056735747,-0.005414953,-0.17662473,-0.3982518,-0.046654504,0.47989812,0.1254297,-0.26343477,-0.4336199,-0.031571634,0.0370156,-0.14666565,0.117740266,-0.31435034,0.64490044,-0.027298074,-0.073820606,-0.057167374,-0.6119811,0.15485889,0.27683166,0.27909172,-0.28639022,-0.4315134,-0.4028953,-0.6052615,-0.25029114,0.510249,0.48160934,0.48385563,0.20444778,-0.1248308,-0.20089537,0.13930929,-0.3885503,-0.28963253,0.47646368,0.116182685,-0.580065,-0.022680981,-0.20203389,0.4260403,0.35823458,-0.04110271,0.3680026,1.0,-0.10059388,0.051775012,-0.23820587,0.43969926,0.30246896,-0.17591411,0.20364821,0.6046137,0.0048915087,0.003573858,0.04833201,-0.14335303,-0.14825054,-0.30531213,-0.055629034,0.25518993,0.13195641,-0.067103885,0.09340308,-0.35603246,0.18585639,-0.20283154,-0.40980405,-0.3650091,0.33875144,0.114846304,-0.34843656,0.19156009,-0.4933037,-0.06054334,-0.2195076,-0.60748667,-0.17825012,-0.12189287,0.50226855
0.23440643,-0.6210388,-0.24253894,0.07929429,-0.07623511,0.23192647,-0.22663024,-0.33601382,-0.02013056,-0.35724673,0.058196153,0.44026974,0.070340395,-0.17851889,-0.5185098,-0.4313459,-0.15474351,-0.19058536,0.11036988,-0.013561638,-0.57243913,-0.4258259,-0.1064469,-0.2807482,-0.17332901,-0.5359343,-0.24506384,-0.14832014,0.4876006,0.36705154,0.4926278,-0.2769715,-0.21321534,-0.12588292,-0.37874842,0.39515206,-0.34518617,0.2375036,0.34653535,0.21525724,0.30924228,0.027219936,-0.07508055,-0.08919707,0.24820647,0.028118717,-0.13993514,-0.20881175,0.11500977,-0.11342707,0.52780545,-0.22672878,-0.46399608,0.095502004,-0.32497686,-0.4090626,0.48175824,0.012912798,0.169637,0.37160382,-0.27361497,0.04192673,0.5918265,0.2802925,-0.10059388,1.0,0.39758307,-0.014147368,-0.36467424,0.14461938,0.43179178,0.14110215,-0.31155014,0.388633,0.3126441,-0.0048533925,0.59648794,0.6623414,0.5407251,0.27073318,0.34157014,0.36663345,-0.012357199,-0.2655797,0.10874779,-0.10586632,-0.020547947,0.3805665,0.04800592,-0.41742453,0.12900952,-0.06925208,0.007591592,-0.07276983,-0.1801755,0.4080187,0.2129866,0.31548518,-0.017914494,0.058436498
0.5413456,-0.5185309,0.31809664,0.43576267,0.1966245,-0.19791959,0.21850044,0.52223974,0.13394222,0.2936706,0.10234903,-0.27176616,0.36444816,-0.35027933,-0.16184093,-0.07197467,0.2256485,0.28461236,0.28858504,0.6140729,-0.29791573,-0.7194549,-0.4272917,0.15084262,0.20239335,-0.38736257,-0.528509,-0.42315245,0.23646753,0.4449972,0.13828239,-0.21246725,-0.72443694,0.40921038,-0.11610057,0.13657805,-0.14280294,0.3136932,0.85576004,0.5037554,0.27314582,-0.39721954,-0.42266455,-0.47137356,-0.25609565,0.23391488,0.45022103,0.087320745,0.61281914,0.2820053,0.35721573,-0.5491502,-0.28505868,0.29779413,-0.31119496,-0.1671299,0.56360066,0.33016938,0.53572327,0.5303337,0.19106036,0.71375734,0.90764797,0.8681695,0.05177501,0.39758304,1.0,0.06692818,0.048270337,0.5346134,0.73349947,0.6757302,0.015021732,-0.2966256,0.7893883,-0.08872417,0.09393677,0.65473694,0.3398837,-0.2304653,-0.050111342,0.66862124,-0.64859027,0.3712752,-0.29557267,-0.11594431,-0.086643055,-0.034013722,0.5361142,0.33728012,-0.23149799,0.23311304,0.49441373,0.016296178,-0.4862694,0.2420225,0.020942856,-0.457652,0.28858292,0.58904636
0.08065177,0.5329532,-0.31230417,0.058764193,0.3379015,0.32409325,0.36831063,-0.16109517,0.44001955,0.06538939,0.075478174,0.31080338,0.24638547,-0.0020767674,0.06768072,0.2751705,-0.23810197,-0.16480625,-0.0771883,0.04699275,-0.109919235,0.3307486,0.22189225,0.18459846,0.23334257,-0.20032838,0.16670813,-0.15075687,0.11346757,0.3628089,-0.2178301,-0.55098575,0.06789416,-0.18429461,0.07713061,0.23126794,0.106706336,0.4168986,-0.11773939,0.4329208,-0.065408,0.42171806,0.34075898,0.5606457,0.3676406,0.14920421,0.24631508,-0.24320759,0.062252373,0.62005013,0.36407527,0.43071538,0.16230905,0.43288335,0.13435125,-0.322183,0.46250615,0.53055733,0.095609315,0.6987358,0.117519595,-0.13208733,0.034325574,-0.051828977,-0.23820585,-0.014147367,0.066928186,1.0,0.36233726,0.28532246,0.36489603,0.4620668,0.26353887,0.16663629,0.3754906,0.5128615,0.10801621,-0.10185457,0.39164004,0.25876194,0.100186974,0.0056999587,0.15280485,0.18371396,-0.29963788,0.42979357,0.47754547,0.25067964,0.007139788,0.0598201,0.31490123,0.40155208,0.47732922,0.6836782,0.5741125,0.6326039,0.46753672,0.102771506,0.1703266,0.058467455
-0.19614393,0.32773688,0.31635785,0.3488112,0.7360792,0.38012823,0.54103005,0.40567285,0.26236218,0.5658842,0.40608674,-0.016798737,-0.08327852,-0.46535665,0.28241685,0.3201962,0.17239411,0.46193948,0.5358761,0.25198016,-0.018555207,0.41882852,-0.5118765,-0.24216706,0.84500617,0.33166394,-0.40456706,-0.5515577,0.0038573006,0.29908624,-0.56997985,-0.13393016,-0.22289284,0.32146466,-0.09026369,-0.112703234,-0.21128708,-0.08016365,-0.22657363,0.46881434,0.533184,0.17014137,-0.07835911,0.26912034,-0.4238737,-0.21250333,0.77495426,0.18235597,0.26050898,0.73198485,0.18753687,0.33946922,0.57074803,0.006753179,0.094578296,0.25384757,0.28309202,-0.09999562,0.259403,0.08438359,0.8822286,0.3329726,-0.10879732,0.16508044,0.43969926,-0.3646742,0.048270337,0.36233723,1.0,0.6860622,0.22531018,0.49324125,0.8701283,0.1423965,0.3394847,0.67683053,-0.04019293,-0.30213577,-0.047239117,0.17641382,0.41660306,0.34259015,0.19132587,0.010409877,-0.48239943,0.7845378,0.41565573,-0.25691247,-0.115235895,0.6404558,0.56967324,0.119315,0.6653519,0.30867553,0.1603908,0.0060441047,-0.41101488,-0.22904891,-0.039011665,0.55797833
-0.08894142,-0.14376146,0.13233225,0.5276172,0.80564976,0.28176236,0.510358,0.4322387,0.09696433,0.35631084,0.5643287,0.02058561,-0.14250715,-0.74944127,-0.018502722,0.05989802,0.12617056,0.3682134,0.62414974,0.46162462,-0.4712691,-0.12973084,-0.7725115,-0.33328354,0.75236976,-0.14857844,-0.7611626,-0.8145253,0.10835219,0.41277912,-0.20318645,-0.5045522,-0.74406016,0.3823415,-0.24221194,0.11485973,-0.57822543,0.06735038,0.22002698,0.7308195,0.7913189,-0.0043011345,-0.44094554,-0.015354741,-0.5105485,-0.30990344,0.80172235,0.12884071,0.6029213,0.81434757,0.46771383,-0.013377318,0.08331787,-0.03344629,-0.27243057,-0.1465284,0.6867005,-0.010759493,0.6056919,0.29988426,0.6696072,0.6547161,0.46008414,0.64456916,0.30246893,0.14461938,0.5346134,0.28532246,0.6860622,1.0,0.71421784,0.860419,0.6810708,0.16675663,0.7153775,0.5054345,0.13635077,0.28662542,0.22397357,0.10250312,0.5850464,0.7818594,-0.070686795,0.05259739,-0.50373757,0.6288474,0.21545735,-0.2439454,0.12429391,0.5513084,0.45309514,-0.061084058,0.79303426,0.19766931,-0.14517827,0.21195096,-0.41253844,-0.29637283,-0.1644558,0.7551468
0.3429364,-0.35721397,0.014491794,0.20592791,0.29205695,0.24184746,0.26724008,0.26806,0.26137677,0.16997781,0.13662267,0.085310124,0.2438634,-0.44387856,-0.31733316,-0.14201783,-0.17881383,0.065341815,0.3697484,0.5163829,-0.5793225,-0.30365735,-0.4901566,-0.1806829,0.3132676,-0.5070243,-0.5905782,-0.506476,0.35878667,0.6542213,0.23675102,-0.5029189,-0.6066894,0.07980866,-0.43033394,0.43414372,-0.33875984,0.47160703,0.44188717,0.6455414,0.5443736,-0.091774516,-0.23274542,0.07298089,-0.047840744,0.051624343,0.4704415,-0.19906673,0.32481444,0.48811704,0.7315559,-0.23621714,-0.25620228,0.34471846,-0.22005296,-0.47348818,0.75364,0.35208187,0.59376764,0.5672027,0.25515068,0.41656986,0.78626525,0.6048005,-0.1759141,0.4317918,0.7334994,0.36489603,0.22531019,0.7142179,1.0,0.7151785,0.093191594,0.078827225,0.8655949,0.23464146,0.42772612,0.7220275,0.65802413,0.10350308,0.2625131,0.83156186,-0.16778564,0.006726022,-0.16048703,0.2063732,0.20229287,0.21929657,0.43447602,0.2018023,0.21019204,0.20091636,0.7163114,0.43942705,-0.24885102,0.48732027,0.12405212,-0.18978599,0.11945936,0.53496164
0.077161945,-0.010773613,0.01842059,0.6616664,0.7647295,0.08036838,0.4911089,0.40399918,0.05827131,0.28823027,0.4949413,-0.030969132,0.027986359,-0.51846606,0.04644873,0.13062371,0.16848482,0.30778348,0.46515524,0.58691585,-0.37207016,-0.30972773,-0.5020846,0.051108308,0.6209363,-0.25048104,-0.5148502,-0.742757,0.06010075,0.4046963,-0.14464344,-0.5869495,-0.7632751,0.46704242,-0.026184002,0.17203219,-0.34984875,0.17423701,0.4257305,0.77854586,0.4709916,0.024435539,-0.3829349,-0.15295543,-0.3547079,-0.08767656,0.7156828,0.13882582,0.73806685,0.84526396,0.43713528,-0.07559154,0.00053618196,0.07983947,-0.32465354,-0.21243545,0.7471549,0.2032101,0.50807863,0.5806623,0.4322094,0.6677481,0.56510043,0.75875944,0.20364821,0.14110215,0.6757302,0.4620668,0.49324125,0.860419,0.7151785,1.0,0.57275957,0.031137139,0.80500346,0.3645721,0.009807698,0.3279237,0.29023987,0.011907169,0.34507313,0.6380571,-0.30337694,0.3171209,-0.5471954,0.46157354,0.20869318,-0.2571134,0.22287175,0.51634055,0.24536546,0.088832736,0.7926351,0.21244834,-0.033367146,0.43420172,-0.14394797,-0.31270292,-0.0045976993,0.6860664
-0.33857903,0.36187708,0.25631657,0.51992404,0.8939402,0.30425996,0.5132658,0.35497501,0.05799908,0.491202,0.5522358,0.0015060402,-0.24174392,-0.53501225,0.4110861,0.35595003,0.31889525,0.5110427,0.6041035,0.25393638,0.021763386,0.29588762,-0.48179778,-0.17222741,0.86245656,0.38478,-0.35252118,-0.61292076,-0.18593402,0.10296654,-0.5560369,-0.16022998,-0.3230817,0.46436793,0.052887432,-0.1415879,-0.2652732,-0.25196183,-0.1769538,0.45414242,0.5084582,0.22436383,-0.15095188,0.094013296,-0.5187274,-0.29587322,0.7184727,0.24624397,0.44674546,0.7745409,0.075784646,0.34811696,0.55569774,-0.1894287,-0.023281533,0.37507588,0.2763087,-0.25836447,0.27661762,0.047356166,0.7467409,0.39190963,-0.1643904,0.24344233,0.6046137,-0.31155017,0.015021732,0.26353887,0.8701283,0.6810708,0.093191594,0.57275957,1.0,0.16193748,0.2361891,0.6421946,-0.13976988,-0.34179503,-0.15330519,0.19250633,0.4915372,0.23754892,0.07491376,0.08175613,-0.4853162,0.7796597,0.3249475,-0.41286463,-0.23337875,0.65650773,0.5519646,-0.026432227,0.5627009,0.07790851,0.15888678,0.0051444797,-0.5102242,-0.16001213,-0.14889565,0.5192419
-0.39604783,0.036600795,-0.5568435,0.10837297,0.29129502,0.5309973,-0.16022843,-0.49759936,-0.2786021,-0.38325363,0.3299079,0.638776,-0.35961005,-0.03958833,-0.19039586,-0.2679982,-0.30167145,-0.12801808,0.28297922,-0.098733395,-0.4779775,0.3158044,-0.16602737,-0.46596992,0.2749693,-0.007787896,-0.06595597,-0.34139326,0.26521355,0.15512311,0.17506175,-0.37721196,0.060453817,-0.07297213,-0.49815175,0.3049345,-0.4901543,-0.10634333,-0.4550482,0.36962128,0.42538044,0.57490766,0.082621254,0.31195396,0.12929258,-0.3044584,0.015657077,-0.08228033,-0.047857266,0.24508359,0.45198888,0.32346773,0.077828184,-0.3801072,-0.27048877,-0.30536136,0.2790193,-0.35982522,-0.25585216,0.0040670773,-0.020888457,-0.21555318,-0.11383352,-0.15915081,0.0048915087,0.388633,-0.2966256,0.16663629,0.1423965,0.16675663,0.078827225,0.03113714,0.16193748,1.0,0.13609596,0.3608314,0.39190406,0.08262603,0.25664777,0.5313961,0.6950695,0.18066423,0.5385063,-0.7131152,0.13449223,0.5542454,0.4261737,0.05500892,-0.40422818,-0.23938105,0.7176084,-0.24250363,0.17348593,0.06339828,0.40666255,0.32086164,-0.08158384,0.5697959,-0.35299256,-0.00882911
0.35130453,-0.26583275,0.043390967,0.48186928,0.41020253,0.20142017,0.19588837,0.2942286,0.1354281,0.1751941,0.24315217,0.09287147,0.29263255,-0.30223078,-0.23275855,-0.13895695,-0.049972657,0.24735649,0.47895193,0.6441952,-0.5138537,-0.35158047,-0.47954723,-0.03336189,0.49461862,-0.34575674,-0.53506345,-0.68827146,0.38579664,0.661092,0.13344795,-0.46325722,-0.6654902,0.35137653,-0.33163658,0.41502544,-0.29710695,0.28401542,0.46660748,0.83696634,0.4652026,-0.01662408,-0.2932787,-0.12459731,-0.12657039,0.14097343,0.6075575,0.05737773,0.5301834,0.60121226,0.6791512,-0.24886328,-0.081038974,0.20221758,-0.3548986,-0.3411302,0.75168395,0.2254374,0.36341992,0.63714796,0.30875582,0.56210357,0.7601504,0.70524967,0.003573858,0.31264406,0.7893883,0.3754906,0.3394847,0.71537757,0.8655949,0.80500346,0.2361891,0.13609594,1.0,0.23811658,0.28069875,0.5848952,0.55178416,0.1614471,0.291921,0.7900888,-0.27794886,0.0144617725,-0.2972006,0.31974918,0.3240146,0.019794088,0.30759248,0.30262622,0.2538799,0.24686585,0.79082155,0.28398752,-0.08458538,0.5391337,0.08331801,-0.13830648,0.23391055,0.6684176
-0.0015938006,0.3909292,0.10800249,-0.0043720766,0.58682024,0.8015934,0.38804266,-0.074120395,0.5015989,0.30463672,0.35709175,0.5206846,0.15983613,-0.37341782,0.21855362,0.32804444,-0.25550914,0.022019373,0.4676846,0.07879545,-0.14148977,0.5531935,-0.17907402,-0.33518595,0.64789975,0.25860423,-0.24053922,-0.38598874,0.115942456,0.32587564,-0.4641611,-0.1730061,0.06524866,-0.105589174,-0.07489712,0.046137232,-0.25521705,0.17053743,-0.46320862,0.281688,0.51864445,0.623858,0.3859564,0.58379453,0.10033357,0.025862155,0.4256747,-0.18769279,-0.078578785,0.606674,0.4432852,0.67866826,0.62955123,0.22987723,0.2151724,0.17828757,0.33711585,0.043678533,0.239253,0.27404642,0.5182839,-0.051933948,-0.15022516,-0.15279964,0.04833201,-0.0048533925,-0.08872417,0.5128615,0.67683053,0.5054345,0.23464148,0.3645721,0.6421946,0.3608314,0.23811658,1.0,0.40005633,-0.21555461,0.336575,0.64271814,0.54007363,0.19440313,0.2705902,-0.24483024,-0.13694221,0.8454793,0.7582025,0.24853589,-0.1346609,0.20706521,0.8026837,0.40873873,0.4418289,0.4870085,0.39561483,0.37636822,0.044767927,0.27643052,0.167493,0.22467883
0.39579615,-0.37079674,0.010195084,-0.17745838,-0.1522878,0.6947247,-0.27750626,-0.4603403,0.38467687,0.001220219,-0.1811188,0.67507195,0.41082647,-0.05285714,-0.54443043,-0.51525706,-0.36905554,-0.042793207,0.3959995,0.039273903,-0.53277165,0.06771245,-0.01130892,-0.31944802,0.09939462,-0.35177287,-0.171933,-0.17160621,0.59401333,0.68528485,0.47128683,0.018198054,0.07753686,-0.24275415,-0.5090419,0.66490895,-0.071977995,0.15035817,-0.09346211,0.19465318,0.43452018,0.21235955,0.27112022,0.32799032,0.440827,0.31658536,0.023444787,-0.3562782,-0.3126808,-0.104511864,0.8016757,0.040812705,-0.0764265,0.26240367,-0.14319243,-0.15660878,0.42555836,-0.12054434,0.045376454,0.31272605,-0.07560808,-0.3053679,0.31130216,-0.06605575,-0.14335303,0.59648794,0.09393678,0.108016215,-0.040192924,0.13635077,0.42772612,0.009807698,-0.13976988,0.3919041,0.28069878,0.40005633,1.0,0.566968,0.8548463,0.7122226,0.36148438,0.40068537,0.29123053,-0.5600855,0.38676542,0.1199367,0.40649378,0.74890083,-0.093231715,-0.47502896,0.50762296,0.23545402,0.20396066,0.22711504,0.12154653,0.5933943,0.37147292,0.5815887,0.36207864,0.10685684
0.4173794,-0.7385048,-0.025440209,0.14516817,-0.15003052,-0.012445421,-0.17399885,0.023200413,-0.02709156,-0.0020728104,-0.121178545,0.05409715,0.22764885,-0.19171487,-0.5958955,-0.574609,-0.031963468,0.09780808,0.2883026,0.40721542,-0.5977664,-0.60940224,-0.2960969,-0.06015513,-0.06689553,-0.6826594,-0.41130522,-0.2775434,0.40465063,0.55129766,0.7119939,-0.23576047,-0.5166286,0.10128375,-0.54199165,0.54691976,-0.18772379,0.23332195,0.59719884,0.38243398,0.3703258,-0.3411753,-0.32956687,-0.25473738,0.02550237,0.16355833,0.11675497,-0.18571542,0.2136842,-0.06781905,0.64823383,-0.60351676,-0.6338675,0.12132519,-0.4596496,-0.43712905,0.5970384,0.08020856,0.32692084,0.32052466,-0.19297345,0.2083048,0.80102426,0.57462984,-0.14825054,0.66234136,0.65473694,-0.10185457,-0.30213577,0.2866254,0.7220275,0.3279237,-0.34179506,0.08262603,0.5848952,-0.21555461,0.56696796,1.0,0.6726607,0.013947665,0.08442307,0.7163633,-0.20214443,-0.122345276,0.2041355,-0.2961713,-0.14010312,0.31292766,0.3602333,-0.19395691,-0.08221874,-0.051934738,0.33308762,-0.0051057665,-0.41666374,0.39147967,0.13987976,-0.041022718,0.122368835,0.3486441
0.52750045,-0.24276768,-0.07179876,-0.083716385,-0.08956563,0.5712582,-0.11851633,-0.30860323,0.44552708,0.022986699,-0.21025759,0.5462371,0.5433579,-0.0029849214,-0.4821115,-0.3634775,-0.39842877,-0.104290724,0.29708403,0.20417294,-0.53811526,-0.037513994,0.055077698,-0.07743818,0.09765043,-0.48122367,-0.1358425,-0.20718542,0.5581458,0.78253853,0.46761706,-0.2016014,-0.07475671,-0.21195334,-0.4218334,0.7218473,0.030601865,0.39843836,0.11638639,0.37361532,0.29096016,0.1948098,0.25965118,0.33543953,0.5251092,0.44006154,0.09272643,-0.46857148,-0.15151685,0.105786555,0.8876428,-0.01198457,-0.14778373,0.4727785,-0.088944376,-0.32367104,0.5854809,0.20610584,0.17360948,0.6204808,-0.103436865,-0.17891827,0.50020933,0.11890434,-0.30531213,0.5407251,0.3398837,0.39164004,-0.047239114,0.22397357,0.65802413,0.29023987,-0.15330519,0.25664777,0.55178416,0.336575,0.8548463,0.6726607,1.0,0.59317416,0.1984854,0.47988936,0.0956235,-0.29559612,0.292124,0.08569565,0.4412357,0.7114864,0.16672483,-0.32547534,0.35736418,0.391751,0.41543368,0.45796612,0.1378589,0.80433077,0.58909804,0.41786572,0.4545463,0.15708217
0.119787134,0.13394268,-0.12707566,-0.09724833,0.12331735,0.910994,-0.19074243,-0.55858135,0.32581216,-0.13906817,0.08529765,0.8644734,0.2540519,0.06708276,-0.17108507,-0.18853703,-0.47512692,-0.12123659,0.3899958,-0.085732475,-0.32660806,0.42012328,0.13701293,-0.33850536,0.30126372,0.09775198,0.008506331,-0.2581632,0.45082974,0.45425922,0.06363111,0.030471617,0.25368023,-0.23631908,-0.18903834,0.50782937,-0.12508743,-0.03639494,-0.48700747,0.21715146,0.31017035,0.64609057,0.4535239,0.4501323,0.49411952,0.24123599,-0.0018896476,-0.2595741,-0.27732763,0.13043945,0.59785897,0.49649665,0.40339366,0.13320556,0.024486309,0.057444494,0.19897349,-0.27863756,-0.2106478,0.30607414,0.062282864,-0.31430367,-0.06998173,-0.31798735,-0.055629034,0.27073315,-0.23046528,0.2587619,0.17641382,0.10250312,0.10350308,0.011907169,0.19250633,0.5313961,0.1614471,0.6427182,0.7122226,0.013947666,0.5931741,1.0,0.57259643,0.072804935,0.4298017,-0.64216584,0.27149382,0.49419835,0.7089199,0.5296114,-0.36617213,-0.32688248,0.74529874,0.26365796,0.12159847,0.21415752,0.5317791,0.5845475,0.34961393,0.83346945,0.31359237,-0.04040421
-0.38411543,-0.10674964,-0.27301055,0.29074654,0.585634,0.61677116,0.09230186,-0.21921025,-0.06013508,-0.14088054,0.58992654,0.5736541,-0.39558354,-0.47070554,-0.18586105,-0.19254692,-0.16275197,0.07878431,0.5334469,-0.031747043,-0.52809596,0.15902996,-0.47278446,-0.6254437,0.5386809,-0.04754564,-0.45818692,-0.62837005,0.32078385,0.29026634,-0.00041814704,-0.40392992,-0.2558096,0.04122874,-0.34303537,0.27708197,-0.6938238,-0.17863053,-0.29674417,0.50925606,0.76588756,0.35761198,-0.17224008,0.19000417,-0.16154508,-0.4481312,0.36479536,0.0934174,0.23300175,0.4592536,0.438384,0.26704472,0.15813299,-0.26952645,-0.29999486,-0.2012459,0.4535202,-0.42154968,0.055901002,0.016311506,0.37207943,0.16433483,0.07634603,0.11856501,0.25518993,0.34157014,-0.05011134,0.100186974,0.4166031,0.5850464,0.2625131,0.34507313,0.49153724,0.6950695,0.291921,0.54007363,0.3614844,0.084423065,0.19848542,0.5725964,1.0,0.44846302,0.4249821,-0.5141644,-0.1645067,0.6861816,0.2936625,-0.011000207,-0.34229216,0.036527425,0.7486351,-0.3143266,0.3115809,-0.044486728,0.22923751,0.24144208,-0.34425116,0.37965605,-0.3509716,0.35676786
0.12982684,-0.56982195,0.16582695,0.36354014,0.36748087,0.21324407,0.17609966,0.34285364,0.04151671,0.2475691,0.20926914,0.0088511985,0.024009135,-0.61035806,-0.38538256,-0.31700292,0.025653673,0.32919002,0.63820285,0.50004226,-0.66817003,-0.36337936,-0.78209186,-0.37437916,0.50414467,-0.40131375,-0.8086405,-0.6945251,0.3642164,0.59117556,0.2683715,-0.37577567,-0.7210401,0.29615948,-0.5673449,0.3359029,-0.51287955,0.10467786,0.38445356,0.65819573,0.8097217,-0.24722002,-0.52598894,-0.13607751,-0.4022164,-0.17328367,0.63894135,0.0022610242,0.44014618,0.43442696,0.66558254,-0.35322464,-0.23349345,-0.0064611253,-0.4146787,-0.30839473,0.69404,-0.046394333,0.52450085,0.21448338,0.42039573,0.5365999,0.7030732,0.69437057,0.13195641,0.36663345,0.6686213,0.005699959,0.34259015,0.7818594,0.83156186,0.6380571,0.23754892,0.18066423,0.79008883,0.19440314,0.4006854,0.71636325,0.47988933,0.072804935,0.44846302,1.0,-0.09410692,-0.124967396,-0.17853604,0.2688219,0.07315784,-0.005260164,0.2915098,0.2726081,0.26900238,-0.09833458,0.69993204,0.121221446,-0.376304,0.23174034,-0.28318235,-0.23669389,-0.04831487,0.73303723
-0.48012376,0.20363516,-0.47294775,-0.28037414,0.02277854,0.5100986,0.018212847,-0.49041,0.004650523,-0.29702154,0.06727786,0.45081377,-0.35810277,-0.009743373,-0.2298019,-0.15242659,-0.3805852,-0.28069353,-0.06818189,-0.37659281,-0.19115657,0.61750054,0.09426904,-0.4914784,-0.030960644,-0.042594466,0.087913945,0.018307684,0.324848,0.14295496,0.104811445,-0.16566466,0.4487737,-0.47880623,-0.30827847,0.20845322,-0.20102026,-0.1232681,-0.7049882,-0.056853134,0.18621157,0.42209077,0.2071189,0.5692887,0.24473594,-0.38548478,-0.18145208,-0.23163135,-0.39195827,0.026166022,0.21628438,0.5290337,0.09666173,-0.17418595,0.09305938,-0.2910962,-0.08570814,-0.24692489,-0.3381796,-0.17749113,0.12581703,-0.49573424,-0.42015162,-0.5422587,-0.067103885,-0.012357199,-0.64859027,0.15280484,0.19132586,-0.070686795,-0.16778564,-0.30337694,0.07491376,0.5385063,-0.27794883,0.2705902,0.29123053,-0.20214441,0.0956235,0.42980173,0.4249821,-0.09410692,1.0,-0.52879125,0.09606672,0.3040712,0.24202949,0.19994664,-0.41134688,-0.29300746,0.44609368,-0.29097852,-0.08336532,0.23044863,0.45054007,0.013492718,-0.008193555,0.44436914,-0.3732835,-0.2883666
0.16036615,0.122957945,0.28890163,0.2356218,0.105931036,-0.6048351,0.41357332,0.53754425,0.13142812,0.32073823,-0.07508938,-0.59898365,0.12896618,-0.097046405,0.30621967,0.3993618,0.3946428,0.120374195,-0.28696352,0.117179915,0.32007802,-0.34028098,0.07403487,0.5216129,-0.09465832,-0.07331403,0.11335329,0.15688545,-0.31218663,-0.1859708,-0.25872138,-0.087675326,-0.21261568,0.21897663,0.55533993,-0.33091143,0.37556565,0.14362665,0.5290296,-0.066828966,-0.3556217,-0.39865008,-0.2165828,-0.2924177,-0.25377175,0.068667725,0.17952898,0.15783055,0.4248239,0.16136126,-0.41541755,-0.19263177,-0.09801139,0.26237616,0.14411254,0.109810494,0.01133228,0.46500382,0.28410792,0.22115116,0.075945355,0.3899125,0.1697494,0.37002,0.09340308,-0.2655797,0.3712752,0.18371394,0.010409877,0.052597392,0.006726022,0.3171209,0.08175613,-0.7131153,0.0144617725,-0.24483025,-0.56008554,-0.122345276,-0.29559615,-0.6421659,-0.5141644,-0.12496739,-0.52879125,1.0,-0.5001093,-0.29185018,-0.39464456,-0.325617,0.36341864,0.43113428,-0.5948471,0.12197766,0.08191991,0.03691073,-0.21571639,-0.13117681,0.0022691214,-0.66956335,0.08319217,0.12158281
0.23112631,-0.06536951,-0.05515415,-0.5387585,-0.55850154,0.17419998,-0.34017766,-0.33381605,0.019478953,-0.0956353,-0.27379963,0.1396133,0.14921094,0.37791908,-0.039364364,-0.16823262,-0.24938293,-0.21002045,-0.045390394,-0.110325985,0.13238506,0.14241989,0.37749726,0.056946386,-0.35478273,0.11243556,0.2562931,0.39999795,-0.080577336,-0.06975537,0.26997045,0.4412228,0.34026456,-0.3764361,-0.30277917,0.137793,0.20063171,0.16298589,-0.22619398,-0.42930773,-0.13561621,0.13525115,0.47614112,0.1830949,0.48868164,0.3993788,-0.5324363,-0.49838558,-0.65069234,-0.55788386,0.16421232,-0.047753975,-0.09180126,0.107647575,0.17841214,0.13329507,-0.24620798,-0.10688873,-0.110005654,-0.19467038,-0.46258005,-0.587207,-0.2035044,-0.44990975,-0.35603246,0.10874778,-0.29557267,-0.2996379,-0.48239946,-0.50373757,-0.16048703,-0.5471954,-0.48531616,0.13449222,-0.29720056,-0.13694221,0.3867654,0.2041355,0.29212403,0.27149382,-0.1645067,-0.17853603,0.09606672,-0.5001093,1.0,-0.28608638,0.105796866,0.4599246,0.012804691,-0.42318755,0.006524376,0.11599928,-0.36267218,-0.0025959378,-0.0802695,0.053200256,0.31622985,0.36940533,0.20757073,-0.42744762
-0.33440965,0.42224988,-0.072893985,0.24839951,0.79387695,0.65580374,0.4168761,0.054032374,0.106284544,0.16162105,0.6010471,0.39661,-0.21524687,-0.39201567,0.3156776,0.32963872,-0.17549914,0.09791213,0.5077957,0.14671947,-0.20867212,0.5402463,-0.41657615,-0.4232198,0.7968878,0.37814254,-0.31907117,-0.57583565,-0.003997405,0.15273593,-0.5232796,-0.3474835,-0.13492791,0.10980086,-0.15212196,-0.02450884,-0.47697738,0.008559836,-0.4839577,0.46091053,0.58941627,0.6318771,0.11913127,0.43813738,-0.17184745,-0.28673387,0.52597934,0.010606914,0.16399735,0.7771116,0.34951708,0.6142606,0.61831135,-0.11681802,0.062962554,0.08181922,0.33568567,-0.13747196,0.18116418,0.15944234,0.61655724,0.16990082,-0.1869063,-0.013868106,0.18585639,-0.10586631,-0.11594431,0.42979357,0.7845378,0.62884736,0.2063732,0.4615735,0.7796596,0.5542454,0.31974918,0.84547937,0.11993669,-0.2961713,0.08569565,0.49419832,0.6861816,0.2688219,0.30407122,-0.29185018,-0.28608638,1.0,0.6849691,-0.18041115,-0.24254112,0.4140287,0.85817945,0.112945825,0.55990404,0.36452168,0.37183827,0.22604282,-0.25712267,0.17226654,-0.1759027,0.3214783
0.19053854,0.4177414,-0.028730111,-0.077893,0.31892362,0.7736591,0.21035957,-0.15108216,0.36714655,0.085484594,0.18148549,0.5373455,0.35895023,0.055431444,0.24855492,0.2776909,-0.5194583,-0.19567266,0.27279678,0.22518381,-0.1293438,0.5403983,0.04825264,-0.19921964,0.42230886,0.36374503,-0.010663166,-0.24070378,0.23625465,0.31517506,-0.3156883,-0.042282432,0.21069872,-0.1720575,-0.14332196,0.1518973,-0.07486205,0.2615558,-0.47527543,0.22751345,0.20165293,0.827823,0.56132936,0.50923914,0.38491827,0.3048864,0.111579806,-0.32471234,-0.20167089,0.42215165,0.52064306,0.6723418,0.6614553,0.24536976,0.24259886,0.10682129,0.14625709,0.11238073,-0.02126807,0.424091,0.2815715,-0.117517434,-0.07917556,-0.22432382,-0.20283154,-0.020547947,-0.08664306,0.47754547,0.41565576,0.21545735,0.20229287,0.20869316,0.32494748,0.4261737,0.3240146,0.7582025,0.40649375,-0.14010312,0.44123566,0.7089199,0.2936625,0.07315784,0.24202949,-0.39464456,0.105796866,0.6849691,1.0,0.2947646,-0.035293434,0.091862455,0.7026345,0.62223816,0.3505514,0.5636527,0.49705294,0.47611365,0.37889236,0.44417116,0.3688042,-0.053134274
0.54198223,-0.1205076,0.0192587,-0.53832185,-0.4945831,0.5027514,-0.2587649,-0.49460623,0.69685614,-0.009473018,-0.48688835,0.5194485,0.6343551,0.186143,-0.42154703,-0.2548147,-0.45553708,-0.300094,-0.07032194,-0.2040751,-0.14380813,0.15702324,0.4325985,-0.03908808,-0.29591325,-0.33688146,0.160468,0.29551202,0.5295031,0.5463051,0.37609726,0.15422012,0.46012378,-0.5775502,-0.20105278,0.46035072,0.28170967,0.36703312,-0.11970393,-0.13658941,-0.041357312,0.14783826,0.5682688,0.48187923,0.7350464,0.5246297,-0.28216207,-0.49055767,-0.58869207,-0.3387732,0.46378115,0.13079254,-0.04729006,0.6528863,0.21064478,-0.14732182,0.117729016,0.2717975,-0.078739345,0.27531657,-0.2880673,-0.5662351,0.1466866,-0.36472276,-0.40980402,0.3805665,-0.034013722,0.25067967,-0.25691247,-0.24394542,0.21929659,-0.2571134,-0.41286463,0.05500892,0.019794088,0.2485359,0.74890083,0.3129277,0.7114864,0.5296114,-0.011000206,-0.005260164,0.19994663,-0.325617,0.4599246,-0.18041113,0.2947646,1.0,0.1160359,-0.5944074,0.15363164,0.49797118,-0.15262917,0.3657774,0.2187523,0.486803,0.71111965,0.50720125,0.5648053,-0.2522066
0.41982588,-0.21531463,0.23776652,-0.19796047,-0.09552049,-0.17687443,0.39312285,0.57871944,0.29581633,0.19271101,-0.11365998,-0.4152343,0.29089388,-0.1700842,0.09825974,0.3406632,-0.21928596,-0.28758362,-0.22486068,0.23156674,-0.0001687689,-0.2671996,-0.14393109,0.00037449677,-0.23774536,-0.13227534,-0.32045218,0.17982176,0.08434234,0.11138374,-0.04612416,-0.0659422,-0.16770498,-0.24257945,-0.05066668,-0.27988017,-0.04485832,0.64820886,0.4115707,-0.10778901,-0.0044068736,-0.20902865,-0.0060092118,-0.046841294,0.025026834,0.153226,-0.07312175,-0.40596378,0.039555416,0.005858825,0.078288734,-0.15067987,-0.06922342,0.5631349,0.36632147,-0.16555856,0.018923491,0.63503593,0.5112157,0.18055275,0.13578813,0.33881125,0.47815362,0.32687536,-0.3650091,0.048005916,0.53611416,0.0071397875,-0.1152359,0.12429391,0.43447602,0.22287175,-0.23337877,-0.4042282,0.30759248,-0.1346609,-0.09323171,0.3602333,0.16672483,-0.36617213,-0.34229216,0.2915098,-0.41134685,0.36341864,0.012804691,-0.24254112,-0.03529343,0.1160359,1.0,0.36581156,-0.40268624,0.38373914,0.070480555,0.36210757,-0.5277926,-0.12778497,0.21084048,-0.5292835,0.14113401,-0.058339667
-0.097108416,0.19846457,0.41755775,0.37654185,0.6495374,-0.12413528,0.7385269,0.88754344,0.029497713,0.57270294,0.46051404,-0.5543642,-0.17140284,-0.46153742,0.59171516,0.5858012,0.29106554,0.3373479,0.26625913,0.42995596,0.19309855,0.027527306,-0.54275477,-0.032931928,0.54929316,0.42179725,-0.4030417,-0.3390468,-0.31153104,-0.089075804,-0.59772366,-0.07130254,-0.4399952,0.39952436,0.0817939,-0.43993834,-0.15926413,0.10340587,0.19868001,0.2352922,0.28349882,-0.06488827,-0.25761566,-0.14379038,-0.59429514,-0.19912602,0.55244744,0.12601982,0.49779138,0.5841512,-0.11717941,0.05379842,0.42123756,0.026364565,0.20245765,0.3236682,0.07431459,0.113052994,0.5121979,0.043337457,0.7423257,0.68502194,0.09882135,0.45035064,0.33875144,-0.41742453,0.33728012,0.059820097,0.6404557,0.55130845,0.2018023,0.51634055,0.65650773,-0.23938105,0.3026262,0.20706521,-0.47502896,-0.1939569,-0.32547536,-0.32688245,0.036527425,0.2726081,-0.2930075,0.43113428,-0.42318755,0.4140287,0.09186246,-0.5944074,0.36581156,1.0,0.03342108,0.09070133,0.48717564,0.15912242,-0.3020839,-0.32024956,-0.47630057,-0.69001603,-0.15179317,0.40305057
-0.18448411,0.24301684,-0.12604682,0.09908732,0.5206445,0.818268,0.07357953,-0.27170596,0.14169595,0.04029736,0.41982427,0.69277835,-0.071532905,-0.19214906,0.02903159,-0.015907763,-0.30603963,0.06451679,0.5638578,0.06595608,-0.31756365,0.55366045,-0.26169565,-0.45657447,0.6558373,0.2301824,-0.18768916,-0.46930188,0.19198747,0.33107734,-0.16674627,-0.20225447,0.027805148,-0.0049149296,-0.33269703,0.3254337,-0.3690802,-0.031963386,-0.5565056,0.40881047,0.59784484,0.642413,0.27651983,0.51870954,0.09030596,-0.11381768,0.3514174,-0.045398027,-0.10104243,0.4902627,0.542763,0.5279533,0.48694775,-0.10664872,-0.026028858,0.03340431,0.37846085,-0.27875537,0.002139775,0.12929657,0.37401065,-0.112021625,-0.17433424,-0.17518403,0.1148463,0.12900952,-0.23149799,0.31490126,0.56967324,0.45309514,0.21019204,0.24536547,0.55196464,0.7176084,0.2538799,0.8026837,0.50762296,-0.08221874,0.35736418,0.7452988,0.7486351,0.26900238,0.44609368,-0.5948471,0.0065243766,0.8581795,0.7026345,0.15363164,-0.40268624,0.03342108,1.0,0.12889238,0.4572445,0.31304768,0.4325382,0.42992586,-0.067902595,0.53288907,-0.022639664,0.23027952
0.72328335,0.27882618,0.36934078,-0.2860602,-0.103728436,0.31788206,0.18482654,0.12328913,0.69098043,0.32906374,-0.20849471,0.14391299,0.8297963,0.2463011,0.28777552,0.42349458,-0.33261585,-0.1830883,-0.056274697,0.24420364,0.29224354,0.22655948,0.3334193,0.26270628,0.031405184,0.23550819,0.1904361,0.22422376,0.14647636,0.2935455,-0.2726951,0.25902197,0.30123496,-0.2164004,0.14448574,0.012439077,0.43103883,0.57806647,0.0010186974,-0.07709586,-0.22486596,0.34072712,0.6844781,0.3359337,0.51017576,0.7213487,-0.028074108,-0.29326555,-0.29949626,0.06436301,0.20974259,0.31028065,0.49619862,0.73048437,0.49132663,0.23337843,0.0011985154,0.6015378,0.13396361,0.4788096,0.084974244,-0.08966986,0.11246086,-0.13992585,-0.34843656,-0.06925208,0.23311305,0.40155208,0.119315006,-0.06108406,0.20091636,0.088832736,-0.026432227,-0.24250363,0.24686587,0.40873873,0.23545402,-0.05193474,0.391751,0.26365793,-0.3143266,-0.09833458,-0.29097852,0.12197766,0.11599928,0.11294583,0.62223816,0.49797115,0.3837391,0.09070133,0.12889238,1.0,0.14262289,0.58354616,0.13850302,0.37439367,0.67121977,0.087321945,0.79027027,-0.12947129
0.09254898,0.021386776,0.12463969,0.503429,0.6137429,0.23776944,0.354117,0.35314974,0.1359678,0.45159483,0.31471556,0.019550579,0.111869976,-0.37207946,-0.053924993,-0.025735272,0.12084319,0.43896765,0.5916569,0.59056765,-0.39206603,0.0047422512,-0.5459406,-0.02150572,0.7598071,-0.16714785,-0.42845067,-0.703156,0.099226154,0.55756295,-0.07627878,-0.44205683,-0.59783274,0.45461744,-0.30612883,0.35862413,-0.18263157,0.14116883,0.2047982,0.78302306,0.54824,0.019115876,-0.25081804,0.13014187,-0.29303053,-0.011206429,0.8234544,0.12034006,0.45288593,0.7723104,0.604954,-0.08074601,0.08125507,0.04945132,-0.2585592,-0.13112523,0.7482176,0.098350726,0.42368796,0.48110703,0.5196611,0.42486587,0.38913232,0.5408243,0.19156009,0.007591592,0.49441373,0.4773292,0.66535187,0.79303426,0.7163114,0.7926351,0.5627009,0.17348593,0.7908216,0.44182894,0.20396064,0.33308762,0.4154337,0.12159847,0.3115809,0.69993204,-0.08336532,0.08191991,-0.36267218,0.55990404,0.35055137,-0.15262917,0.07048055,0.48717564,0.4572445,0.14262289,1.0,0.42470264,0.045766808,0.47001782,-0.14397354,-0.23618068,0.08304031,0.76315165
0.19105427,0.37952486,-0.08818287,-0.3699925,0.1038591,0.45074677,0.42313272,0.068147205,0.55777246,0.12028135,-0.06788973,0.18357737,0.3135577,-0.023512544,0.12941188,0.4116178,-0.5788402,-0.43315232,-0.16005345,0.020213336,-0.08700526,0.5410365,0.07653372,-0.13913102,0.09031611,-0.018777665,0.032631017,0.10700613,0.13986339,0.32374957,-0.21934417,-0.3005524,0.22146466,-0.4973843,-0.1423271,0.12885474,0.08820585,0.7142472,-0.28355366,0.058962643,0.052606322,0.4116228,0.5129385,0.80133307,0.4428953,0.13901415,0.04961778,-0.5435234,-0.33258992,0.38195938,0.42150265,0.50148493,0.29151532,0.6000459,0.54413337,-0.2760839,0.1988646,0.65934336,0.32679722,0.45640263,0.24379481,-0.19436589,0.0021103015,-0.23292023,-0.49330366,-0.07276983,0.016296178,0.6836782,0.30867556,0.19766933,0.43942708,0.21244834,0.0779085,0.06339829,0.28398755,0.48700854,0.22711502,-0.0051057665,0.45796612,0.21415752,-0.044486724,0.12122145,0.23044862,0.03691073,-0.0025959378,0.36452168,0.5636527,0.36577737,0.36210757,0.1591224,0.31304768,0.5835461,0.42470264,1.0,0.21558616,0.3808322,0.5085047,-0.0062281247,0.18427052,-0.13180314
-0.15359214,0.61295784,-0.43866155,0.032114983,0.1067817,0.39540106,-0.09035662,-0.5923747,0.19644304,-0.17020273,0.041579086,0.57655036,0.11197499,0.34971684,-0.04341236,-0.05742857,-0.26034606,-0.16961269,-0.11725292,-0.24319275,-0.06011861,0.47425514,0.4634154,0.15209222,0.12489386,0.029895417,0.4876867,-0.07776803,0.1944396,0.14103699,-0.064673685,-0.19704053,0.4254424,-0.14564338,0.24226171,0.30048302,0.2067176,-0.19561647,-0.5481241,0.1908506,-0.22866373,0.5908708,0.36695284,0.42474285,0.43373376,0.14688608,-0.008569457,0.041275427,-0.16313472,0.23086603,0.1232119,0.54756606,0.3255297,-0.02753543,-0.057074137,-0.08818839,0.042677496,-0.074153,-0.6060329,0.24429661,-0.13840717,-0.42586878,-0.40084666,-0.44429523,-0.060543336,-0.1801755,-0.4862694,0.5741125,0.16039081,-0.14517827,-0.24885102,-0.033367146,0.15888676,0.40666255,-0.08458538,0.39561486,0.12154653,-0.41666374,0.1378589,0.5317791,0.22923751,-0.376304,0.45054004,-0.2157164,-0.08026949,0.37183827,0.49705294,0.2187523,-0.52779263,-0.3020839,0.4325382,0.13850302,0.045766804,0.21558617,1.0,0.5026828,0.3721375,0.5942604,0.17091918,-0.17294373
0.4173273,0.08386501,-0.27838397,0.17388256,0.10487573,0.44507948,-0.13029602,-0.4380373,0.30922663,-0.076456,0.014376499,0.64992285,0.4804711,0.19369586,-0.32838652,-0.27698737,-0.2768987,-0.058008883,0.21312647,0.20097673,-0.40776882,-0.0171925,0.24729115,0.22267962,0.19632101,-0.41286576,0.15918659,-0.28419548,0.37003466,0.61681557,0.30739754,-0.36225182,-0.09255626,-0.012560615,-0.10127407,0.7436559,0.13667192,0.26611364,0.066284366,0.5362065,0.07344508,0.35595492,0.28669122,0.28201455,0.5437125,0.46624357,0.17370652,-0.16043444,0.031901952,0.30920422,0.69957435,0.08402661,-0.070243016,0.31186175,-0.22364962,-0.31065208,0.6612573,0.20660877,-0.06271879,0.7474693,-0.212213,-0.16072416,0.32722574,0.102929614,-0.2195076,0.40801874,0.24202251,0.63260394,0.0060441047,0.21195096,0.48732024,0.43420175,0.0051444797,0.32086164,0.5391338,0.37636822,0.5933943,0.39147967,0.80433077,0.5845475,0.24144208,0.23174034,0.013492718,-0.13117681,0.05320026,0.22604284,0.47611368,0.48680297,-0.12778497,-0.32024956,0.4299259,0.3743937,0.47001782,0.38083217,0.5026828,1.0,0.619867,0.51897264,0.45632103,0.20346828
0.6090501,0.18192105,-0.19745582,-0.41937923,-0.4810325,0.24552657,-0.17125928,-0.41862023,0.49974507,-0.23282366,-0.43214816,0.40466183,0.70126045,0.55406624,-0.15186502,0.01854739,-0.5480432,-0.5418104,-0.43591577,-0.11545672,0.035633188,0.114947036,0.71940595,0.32224393,-0.46510825,-0.22866653,0.50708723,0.43929958,0.33569005,0.30774245,0.23432201,0.02315756,0.4699277,-0.5316703,0.1278295,0.38473773,0.49839905,0.5448599,-0.029587876,-0.14468674,-0.5146655,0.33316168,0.6762609,0.38870576,0.91321886,0.6776884,-0.4722351,-0.47800842,-0.45415354,-0.23525855,0.28868833,0.21496917,-0.00017648104,0.66363513,0.3305813,-0.23562329,0.008474866,0.5760188,-0.20586744,0.57220197,-0.4655366,-0.4540465,0.12085748,-0.33449984,-0.60748667,0.2129866,0.020942856,0.46753672,-0.41101485,-0.41253844,0.124052115,-0.14394799,-0.51022416,-0.081583835,0.08331801,0.044767927,0.37147292,0.13987978,0.58909804,0.34961396,-0.34425116,-0.28318238,-0.008193555,0.0022691216,0.31622988,-0.25712267,0.37889236,0.71111965,0.21084048,-0.47630057,-0.067902595,0.67121977,-0.14397353,0.5085047,0.3721375,0.6198671,1.0,0.44592136,0.6248201,-0.47155997
0.029063798,0.11915737,-0.3747027,-0.21808745,-0.20283218,0.6318356,-0.53840023,-0.8445496,0.05434366,-0.4878542,-0.09869252,0.9032917,0.15957075,0.40742847,-0.27614126,-0.361506,-0.48061383,-0.28866908,0.07171306,-0.3152434,-0.22667862,0.3425816,0.42505306,-0.18277578,-0.08115546,0.014423677,0.3562714,0.054579712,0.3676412,0.19213447,0.30937928,0.077743225,0.46439457,-0.30994725,-0.06704182,0.5348821,0.019190822,-0.16696197,-0.51551723,0.0017598496,-0.038331095,0.5774835,0.4701276,0.34278995,0.63052505,0.22436337,-0.36500597,-0.15845798,-0.42259824,-0.21921118,0.31904313,0.38616285,0.16092171,-0.06073504,-0.05839144,-0.06461374,-0.026909728,-0.32652977,-0.55175525,0.103308104,-0.3751161,-0.54555947,-0.22966409,-0.51422775,-0.17825013,0.31548518,-0.45765203,0.10277151,-0.22904891,-0.29637283,-0.18978599,-0.3127029,-0.16001213,0.5697959,-0.13830648,0.27643055,0.58158875,-0.041022718,0.41786572,0.8334694,0.37965602,-0.23669387,0.4443691,-0.6695633,0.36940533,0.17226653,0.44417116,0.5072013,-0.5292836,-0.690016,0.53288907,0.087321945,-0.23618068,-0.0062281247,0.5942604,0.51897264,0.44592136,1.0,0.21884927,-0.34172374
0.86509573,0.023198072,0.5076453,-0.12500612,-0.32541794,0.18323277,-0.16360462,-0.025143601,0.63849354,0.39855558,-0.40580773,0.16288805,0.9598771,0.3685028,-0.03654303,-0.04237607,-0.060163036,0.1479591,0.10414075,0.24031717,0.19286005,-0.06776202,0.39164627,0.45858586,0.009055751,0.044729386,0.24072196,0.13646671,0.26750353,0.44754082,0.0548312,0.48250124,0.19795574,0.045487978,0.19470003,0.29138407,0.62805164,0.17590082,0.20031013,0.012400361,-0.26205593,0.007222995,0.4427952,0.012928407,0.44824085,0.9194563,0.05373182,-0.064074434,-0.2244155,-0.19114621,0.20431,-0.06592664,0.2524265,0.5700818,0.1408266,0.35873616,0.03354968,0.25311527,-0.11221694,0.3970876,-0.091813624,-0.10343514,0.21305141,-0.030161856,-0.12189288,-0.017914494,0.2885829,0.1703266,-0.039011665,-0.16445579,0.11945936,-0.0045976993,-0.14889565,-0.35299256,0.23391053,0.167493,0.36207864,0.122368835,0.45454627,0.31359237,-0.3509716,-0.04831487,-0.37328354,0.08319218,0.20757073,-0.1759027,0.36880416,0.5648053,0.14113401,-0.15179317,-0.022639664,0.79027027,0.08304031,0.18427052,0.17091918,0.456321,0.6248202,0.21884926,1.0,0.06890935
0.08104755,-0.3149382,0.3542009,0.65755045,0.5099605,-0.011886372,0.122181594,0.38578328,0.018878672,0.5000158,0.30270797,-0.12995446,0.035725567,-0.4967579,-0.2285808,-0.26220804,0.4965136,0.75066584,0.7299052,0.53344834,-0.3383529,-0.36616987,-0.67137325,0.009919324,0.7377151,-0.23480314,-0.58379716,-0.784807,0.08841831,0.46325043,-0.0005768642,-0.23015042,-0.75127834,0.70619345,-0.22822131,0.23501766,-0.24074024,-0.21295519,0.42436528,0.7399464,0.6248421,-0.38907716,-0.58190346,-0.3094464,-0.6017695,-0.080755286,0.9311975,0.5098639,0.6135209,0.536532,0.3523064,-0.44153276,-0.09496298,-0.15651697,-0.5379861,0.04909617,0.68609256,-0.20516618,0.34872347,0.16925125,0.46760744,0.5607569,0.4481203,0.7020268,0.50226855,0.058436494,0.58904636,0.058467455,0.55797833,0.7551468,0.53496164,0.6860663,0.5192419,-0.008829109,0.6684176,0.22467883,0.10685683,0.3486441,0.15708217,-0.04040421,0.35676786,0.73303723,-0.28836656,0.121582806,-0.42744762,0.3214783,-0.053134274,-0.2522066,-0.058339667,0.40305054,0.23027954,-0.12947129,0.76315165,-0.13180314,-0.17294373,0.20346828,-0.47155994,-0.34172377,0.06890935,1.0
